{"type": "result", "data": {"idx": 0, "options": ["0", "4", "2", "6"], "probs": [[0.3046464526725642, 0.26865522913952655, 0.258543320650711, 0.16815499743721135], [0.305645654264307, 0.2664945862603904, 0.2556266278316209, 0.17223313154367836], [0.3050979187659334, 0.2610482880161308, 0.2656023512452028, 0.16825144187273758], [0.30795630081177233, 0.2572283074212238, 0.26181340913094997, 0.17300198253603666], [0.3076314888138918, 0.2650515826464456, 0.25910648526608754, 0.16821044317356887], [0.3060086145697614, 0.26192639479073276, 0.2603829972272232, 0.17168199331225978], [0.3136897877698813, 0.27381817051850327, 0.24959188877993796, 0.16290015283166331], [0.31436338395613933, 0.2723317592718949, 0.24821103213821477, 0.1650938245337513], [0.31973990646712, 0.27387925753498815, 0.2484354524970289, 0.15794538340086006], [0.3153834965840008, 0.26844167019634574, 0.24982964445771483, 0.16634518866193543], [0.31966785572482564, 0.26945573616478435, 0.2531884683751148, 0.1576879396352871], [0.31160941763860794, 0.2688771987770285, 0.25602334963189965, 0.16349003385248068], [0.313010591570754, 0.2794263350794013, 0.25018475939676044, 0.15737831385309237], [0.31576798979792464, 0.27238887460879535, 0.24706086559292814, 0.1647822699003468], [0.32017659072700855, 0.27919742739180503, 0.2464032266661226, 0.1542227551150806], [0.3170781019457563, 0.2728257189314846, 0.24670764327831926, 0.1633885357444388], [0.31958988050882337, 0.2717384772851104, 0.25117909342012157, 0.157492548685935], [0.3153576822422578, 0.27134060289901507, 0.25334588155582516, 0.15995583320291873], [0.31430998934583604, 0.27523090622349317, 0.24917373416256053, 0.1612853701681215], [0.31411357136139545, 0.27086040448486903, 0.24992573056899509, 0.16510029348473768], [0.3222700910712212, 0.2733146243926668, 0.24737436323332448, 0.15704092120279914], [0.3170834415987289, 0.27212372812756797, 0.24934103690894668, 0.16145179326474224], [0.3179906740068693, 0.2716832415694015, 0.25101695704857735, 0.15930912727514182], [0.31507369925746337, 0.2701326544015001, 0.25212972369365005, 0.16266392254738413]], "ideal": "B", "sampled": "B", "correct": true}}
{"type": "result", "data": {"idx": 1, "options": ["8", "2", "24", "120"], "probs": [[0.33087875539004596, 0.27616242747713415, 0.22741357553206476, 0.16554524150074945], [0.3334315657828959, 0.273734827584155, 0.22764090398311748, 0.1651927025498275], [0.3354424283470254, 0.2745069056297254, 0.22972574768857312, 0.16032491823468145], [0.3303446605037076, 0.2725499844285961, 0.22937920667230055, 0.1677261482954005], [0.3357992003082546, 0.2701402453642658, 0.23467449027075504, 0.15938606395671237], [0.33633728134570434, 0.27015696817881785, 0.232115542308616, 0.161390208066866], [0.32944308917310733, 0.2774340409752652, 0.22949706560513242, 0.1636258041464979], [0.3332033130976068, 0.2752588085232887, 0.22997172296721272, 0.16156615531188975], [0.33986188845637155, 0.2788990370443978, 0.22497909060829263, 0.15625998379093772], [0.3341745253892748, 0.28122138799604757, 0.22539370076486082, 0.15921038574981075], [0.3355243019825686, 0.2744886759415407, 0.2311559369998079, 0.15883108497609452], [0.3365640547490544, 0.2780992180568552, 0.22853976665185538, 0.1567969604422353], [0.34126213681402473, 0.28021314696063143, 0.22303383534568033, 0.15549088077967207], [0.33866088319875104, 0.27607027861488653, 0.22395261091577098, 0.16131622717058533], [0.3391412231418282, 0.27789660993319903, 0.22116073239949002, 0.16180143442548797], [0.3336626543835748, 0.279456276876412, 0.22154885170897512, 0.1653322169310425], [0.3402702418868494, 0.27651832283230027, 0.2285556265207394, 0.15465580866012182], [0.3382282826018253, 0.27803757029736403, 0.23025555447301987, 0.1534785925278026], [0.33896209809031896, 0.2751570302052698, 0.22469273580903526, 0.16118813579535582], [0.3379451879402899, 0.2746361345593488, 0.22325248280719498, 0.16416619459316875], [0.33585136008239236, 0.27086814693410916, 0.22320781349108673, 0.17007267939239878], [0.33526612430724206, 0.2746330716797187, 0.2218812286988318, 0.16821957521420686], [0.3435950747875244, 0.27514807005421954, 0.2247002832420323, 0.15655657181621557], [0.3400242769254898, 0.2778567620971103, 0.2263907522293717, 0.15572820864804293]], "ideal": "C", "sampled": "C", "correct": true}}
{"type": "result", "data": {"idx": 2, "options": ["0", "1", "0,1", "0,4"], "probs": [[0.3657022191844671, 0.23619567827516613, 0.22488736029858467, 0.17321474214177254], [0.3658123097789263, 0.2359649151852951, 0.22053651516146822, 0.177686259774302], [0.3797893873162038, 0.23631196608380248, 0.2202368378796704, 0.1636618086203263], [0.3758587921009846, 0.2315597796339913, 0.22224150646452165, 0.17033992170050838], [0.37115775435862003, 0.2407338353884348, 0.22283236358044153, 0.16527604657250333], [0.3717077920560427, 0.23845435220716882, 0.22241159696177032, 0.167426258675009], [0.3583669700611399, 0.24182750632801236, 0.2257347947613729, 0.17407072874946336], [0.3573824230774795, 0.24266850804961151, 0.22365562885141876, 0.17629343992148042], [0.36989926555452873, 0.24181217030976013, 0.2257297593992847, 0.1625588046364287], [0.35530718794873606, 0.2405454761948046, 0.22605030394687986, 0.17809703180958414], [0.367823020088611, 0.24532248124917844, 0.22545268307734817, 0.1614018154848576], [0.356952492433838, 0.24493177041601108, 0.2244476461507248, 0.17366809089944168], [0.3792437137910765, 0.2537062752728652, 0.20494481596283995, 0.16210519487321032], [0.3807909819659834, 0.2498240460568241, 0.20537398550260352, 0.16401098637458844], [0.37430997711122266, 0.25088887529965437, 0.2107292592367722, 0.16407188825234503], [0.36879527306074655, 0.2512063289584366, 0.21006908019367318, 0.16992931768714942], [0.3823869313768697, 0.24529723171172252, 0.219696131731827, 0.1526197050795968], [0.3726705586472053, 0.24805891808070737, 0.22047848548587712, 0.1587920376862165], [0.37497591964008353, 0.25844337163891173, 0.20465031555096813, 0.16193039307003643], [0.3818760166444728, 0.2542817476484825, 0.20358635102097578, 0.16025588458608592], [0.37200017545527225, 0.25624762748777796, 0.21215418919400694, 0.15959800776293345], [0.36590849470039416, 0.2559466974194448, 0.21184808578943784, 0.1662967219907021], [0.38613310846195026, 0.2513221482595778, 0.21396913443285556, 0.14857560874560743], [0.3753306770709339, 0.253660574108294, 0.21457248955041305, 0.15643625917036186]], "ideal": "D", "sampled": "A", "correct": false}}
{"type": "result", "data": {"idx": 3, "options": ["True, True", "False, False", "True, False", "False, True"], "probs": [[0.3853292544852874, 0.2554068383376486, 0.2292137102697175, 0.13005019680735563], [0.38022436495904693, 0.2559546576799477, 0.22613916121742725, 0.13768181604355956], [0.39264302055570977, 0.2514540426903443, 0.22268497328055853, 0.13321796337340874], [0.3963402362827444, 0.2529015730092728, 0.22231357110862907, 0.12844461949934488], [0.3869267283821548, 0.2537242269507922, 0.22241039634498289, 0.13693864822207943], [0.39704427761200267, 0.2558805883336996, 0.2229420444318121, 0.12413308952246951], [0.35360968363755774, 0.27717072581864904, 0.2280438602871268, 0.14117573015667756], [0.3542856379560492, 0.2762003944135818, 0.22479333796480233, 0.14472062956556625], [0.35339246310706496, 0.26764502279053226, 0.23668196716444095, 0.1422805468379799], [0.35358792484420515, 0.2649453553992869, 0.23170081532976483, 0.14976590432673623], [0.3546327218829704, 0.2637349013569876, 0.23665704752326872, 0.1449753291367761], [0.3539514442751033, 0.26269493992764564, 0.2358248897266186, 0.14752872597062786], [0.4027765855377258, 0.2507672997473539, 0.2120532350367146, 0.13440287957819672], [0.409631454088912, 0.25212145829084043, 0.20964652053947067, 0.12860056698078767], [0.38554543153397186, 0.24869619942872348, 0.23027182176944425, 0.13548654716786887], [0.38713542104950455, 0.2415728461260887, 0.22303449076193083, 0.148257241962456], [0.39924888105421363, 0.2522514016469584, 0.2192015975839597, 0.1292981196148676], [0.39442272107753806, 0.24564060500719354, 0.21554542504568105, 0.14439124876958387], [0.37898973709536077, 0.26352867114223705, 0.21940978976097175, 0.13807180190141746], [0.38614423185849156, 0.2616271362685081, 0.21978766032230843, 0.13244097145069444], [0.37664557127265064, 0.25785544528459836, 0.22894565177784007, 0.1365533315649105], [0.3769204805758791, 0.25725811523839465, 0.2267335096347967, 0.13908789445095332], [0.38433487686974044, 0.26160923395893404, 0.22087297165191733, 0.13318291741941504], [0.37786661373416763, 0.25980332318615407, 0.2188620515809772, 0.14346801139870563]], "ideal": "B", "sampled": "A", "correct": false}}
{"type": "result", "data": {"idx": 4, "options": ["2x^2 + 5", "6x^2 + 4x + 6", "0", "x^2 + 1"], "probs": [[0.31644181787877257, 0.2741067608867202, 0.23334069341280253, 0.1761107277216922], [0.30679363356899775, 0.2761139841503153, 0.24162017762974383, 0.17547220455095727], [0.3001744434723169, 0.27976770112330956, 0.24219129267938583, 0.17786656262497827], [0.297795411153072, 0.28387430188996565, 0.23930672873470168, 0.17902355812227885], [0.3053023690319008, 0.27527675625999604, 0.24114737597809213, 0.17827349862998523], [0.3095252625889169, 0.2785067476053306, 0.23552539228513936, 0.17644259742062152], [0.3164275167648003, 0.2731344593006724, 0.23333994633485738, 0.17709807749965656], [0.3067891919932595, 0.2758656034813157, 0.24162572553334402, 0.17571947889209852], [0.3035323188010347, 0.27951892138859924, 0.2399556343909949, 0.17699312531936967], [0.3029918658254635, 0.28491964561312605, 0.23667317408554825, 0.17541531437585905], [0.31024508662678285, 0.274388642086546, 0.23695699121779873, 0.17840927996888914], [0.31706104026015997, 0.2792129979698114, 0.22874862368684523, 0.174977337983182], [0.2985126157920225, 0.2775208991744277, 0.23956184396999491, 0.18440464096354622], [0.29706361994797736, 0.28271026251977044, 0.23752539170021425, 0.18270072573203738], [0.3022565963120145, 0.282430019259517, 0.23518382972922197, 0.1801295545992481], [0.30323834366777386, 0.2875920384629298, 0.2317024331684738, 0.17746718460083874], [0.30001640222969744, 0.27755865712305877, 0.23887030387565622, 0.1835546366715933], [0.30004458077927065, 0.27902866281006117, 0.23977132664846068, 0.18115542966221523], [0.302265890311954, 0.27347891242539446, 0.24815363860284403, 0.17610155855981136], [0.30822648703557526, 0.2761292168039535, 0.24050828463443163, 0.17513601142604426], [0.30723130313763714, 0.2762377554797994, 0.23964222876818145, 0.17688871251436325], [0.31109593623709175, 0.2834521834800112, 0.23141020808944318, 0.1740416720934484], [0.301623018889949, 0.2777227179446644, 0.24272026171912084, 0.1779340013462446], [0.301069956305599, 0.28159079937743864, 0.2435576572500664, 0.17378158696688425]], "ideal": "B", "sampled": "B", "correct": true}}
{"type": "result", "data": {"idx": 5, "options": ["True, True", "False, False", "True, False", "False, True"], "probs": [[0.39484837729856176, 0.24622040122513353, 0.22675112822999133, 0.13218009314630844], [0.3889506724699756, 0.24686445476718696, 0.22449073020906857, 0.139694142453758], [0.40081702863793395, 0.2442465656516003, 0.22199950792971881, 0.13293689768075667], [0.4019904216751587, 0.24578923575342415, 0.2216165596151538, 0.13060378285626775], [0.3941586070893445, 0.24415488805115748, 0.22358566312297035, 0.1381008416365351], [0.40362328235288, 0.2469348205659872, 0.22348724715280277, 0.12595464982832774], [0.36744589731844546, 0.2620313408800672, 0.22632407219688516, 0.14419868950459208], [0.36828145933267165, 0.2617385208624936, 0.22263634497337226, 0.14734367473145854], [0.36924860955896294, 0.25249662409645074, 0.234413741517791, 0.1438410247267991], [0.36773382519542136, 0.2510153044136215, 0.23039255892565777, 0.1508583113652877], [0.3693931700024858, 0.2503676687735666, 0.23348828512359296, 0.14675087600034722], [0.36763575535082554, 0.24951602779844284, 0.23391829593680027, 0.14892992081393494], [0.4107793042135402, 0.24041914851849436, 0.21474687248115315, 0.13405467468681478], [0.4140122649822965, 0.24123947313302135, 0.2127705028828427, 0.1319777589018332], [0.3947234925095738, 0.2373779945677882, 0.23261792423517363, 0.1352805885874785], [0.3958803476776776, 0.23148340672097653, 0.22524174054773072, 0.14739450495360198], [0.4065444446581015, 0.24154097332657432, 0.22014068493980127, 0.13177389697552366], [0.4024759415519436, 0.2358992455581495, 0.21679176718639923, 0.14483304560349947], [0.3921374140054758, 0.25247637120630795, 0.21739229952714306, 0.13799391516106693], [0.396239012290978, 0.2507592174086898, 0.21800222803337962, 0.13499954216694035], [0.38587550467333004, 0.24853283080582197, 0.22626542742569206, 0.1393262369951599], [0.3879183237096924, 0.24663862738704478, 0.22440941124857558, 0.1410336375546828], [0.39375077491412297, 0.251886117576983, 0.21797129093151227, 0.13639181647736973], [0.39075245511196655, 0.24958603899801318, 0.21641574651977777, 0.14324575927022648]], "ideal": "A", "sampled": "A", "correct": true}}
{"type": "result", "data": {"idx": 6, "options": ["True, True", "False, False", "True, False", "False, True"], "probs": [[0.42887493702133445, 0.23719352178639258, 0.21383671785848374, 0.1200948232337999], [0.42224377437684546, 0.23731734272390728, 0.21207170966879488, 0.12836717313045634], [0.43453448179435616, 0.23426687467615848, 0.20783518602625992, 0.12336345740322312], [0.43964223813261466, 0.23394826625105397, 0.2069253638885493, 0.11948413162776592], [0.42939702538295704, 0.23458369218356603, 0.2084491028664518, 0.12757017946701013], [0.4427625209969843, 0.23627823580064036, 0.2070450676212904, 0.11391417548108097], [0.3912695218614509, 0.2605669527742865, 0.2168830945702542, 0.13128043069401965], [0.3924999785043284, 0.25837730308286583, 0.21280958041503903, 0.13631313789777258], [0.39090685396357405, 0.2503495382792119, 0.2253372829823692, 0.13340632467484004], [0.39100173758533197, 0.24673313252498016, 0.22042652860107556, 0.14183860118861058], [0.3917828571363766, 0.2453995042843882, 0.22440367827615235, 0.13841396020308863], [0.38942585562667337, 0.24402135656540838, 0.22470772028173844, 0.14184506742617084], [0.4447542577702631, 0.22965975623740623, 0.19890908395394397, 0.12667690193839468], [0.4515008000891274, 0.23108526434545293, 0.19582022821419065, 0.12159370725122878], [0.4256840908275118, 0.22799913789014928, 0.21913795107181236, 0.12717882011053055], [0.42609365815152195, 0.2211276525711489, 0.21218075403635916, 0.14059793514095395], [0.4400359377629849, 0.23295672391368508, 0.20602435146793427, 0.12098298675538639], [0.43321155035736136, 0.22570945470078557, 0.20359207197748191, 0.1374869228643722], [0.4208681222369849, 0.2427213816472187, 0.2068826084469135, 0.1295278875688838], [0.42866625715306994, 0.24114455967404555, 0.20721062688913428, 0.12297855618374372], [0.4156680453820677, 0.23808592797627426, 0.21685427868686624, 0.12939174785478733], [0.416699409817909, 0.2365511308562909, 0.21454675153591307, 0.13220270768988593], [0.42469260140953896, 0.24164787746659092, 0.20930378947925646, 0.12435573154460412], [0.41761008204301286, 0.2395458255535399, 0.20798877053853904, 0.13485532176491732]], "ideal": "A", "sampled": "A", "correct": true}}
{"type": "result", "data": {"idx": 7, "options": ["True, True", "False, False", "True, False", "False, True"], "probs": [[0.3861860068605558, 0.24732697457115324, 0.23566303712078035, 0.13082398134750628], [0.3798022180942514, 0.24725689706957957, 0.23405967784200057, 0.13888120689417358], [0.39272484497741517, 0.24497281828737505, 0.2300181211024138, 0.13228421553278874], [0.3948096928314306, 0.2458253349070024, 0.22943087614415758, 0.12993409601741618], [0.3851097409983915, 0.24459162408566879, 0.2324936462973391, 0.13780498851860337], [0.394280226149717, 0.2484179825655735, 0.2321404897989403, 0.12516130138576226], [0.36152215231832824, 0.2650538059743184, 0.23273110159057117, 0.14069294001677393], [0.3614677761256025, 0.2643036646453692, 0.22998021027241586, 0.1442483488566076], [0.3611607593827, 0.25678263703385107, 0.2404552850250613, 0.14160131845837906], [0.36004981088464544, 0.25547643609080706, 0.2366552691212195, 0.14781848380334614], [0.3627529529899988, 0.251351562713316, 0.24248199185683347, 0.14341349233983647], [0.36132139345417436, 0.2504010146708852, 0.2427087803379301, 0.1455688114370116], [0.4043999557082269, 0.2404068070515943, 0.22020950714783888, 0.13498372999233796], [0.41044095823555865, 0.24076775788178464, 0.21678509718290598, 0.13200618659976404], [0.38962188388437846, 0.23821236528555806, 0.23634019190513234, 0.13582555882492522], [0.38971501148987714, 0.23197580942759674, 0.2311051861453291, 0.14720399283720637], [0.3978779334443706, 0.243618920781577, 0.22576811403944871, 0.13273503163458805], [0.39300601265363394, 0.23709845841909416, 0.22392393774313726, 0.14597159108413837], [0.38277044586776265, 0.25284575721370695, 0.22569170523777157, 0.13869209158073392], [0.38983278736214433, 0.2513700752610623, 0.22540086679384266, 0.13339627048295918], [0.37950033615500783, 0.24853195738116607, 0.23379001528412868, 0.13817769107969063], [0.3810480986881547, 0.24662111261000563, 0.23185069768583041, 0.1404800909160228], [0.3874537583691417, 0.2521636630241393, 0.2247024277624441, 0.13568015074427425], [0.38269552966249043, 0.24974229431351372, 0.2233156634279036, 0.1442465124961019]], "ideal": "D", "sampled": "C", "correct": false}}
{"type": "result", "data": {"idx": 8, "options": ["0", "4", "2", "6"], "probs": [[0.2990869474101931, 0.2711688846524247, 0.2588555987994375, 0.17088856903793373], [0.30022524925093563, 0.2671988601852176, 0.25682041850693715, 0.1757554719569134], [0.30011841921607824, 0.2631915416740423, 0.26627835575742426, 0.17041168325247807], [0.30248439175606145, 0.25865121570532573, 0.2634596851724466, 0.17540470726616528], [0.30122748265051386, 0.2657638520079521, 0.2607882152246898, 0.17222045001684744], [0.30008040828781246, 0.2636186222729682, 0.2613375250954997, 0.17496344424370278], [0.30876720477883945, 0.2745211454848002, 0.24991893518421174, 0.16679271445214555], [0.30870535147153316, 0.27327786492141476, 0.24927875363852028, 0.16873802986854416], [0.31190351404078415, 0.27559730255535636, 0.25039378262029083, 0.16210540068355994], [0.30873838160690553, 0.27012820308386964, 0.2513795650083667, 0.16975385020086126], [0.31252473257058805, 0.2706530932287929, 0.2543841665323685, 0.16243800756826401], [0.3050344124211115, 0.2698952796927907, 0.25678354913449064, 0.16828675865160966], [0.30736423274604474, 0.2804186960458351, 0.2514169688868981, 0.1608001022212187], [0.30980490692827956, 0.27380683893325036, 0.24883433848636163, 0.16755391555211582], [0.31236778904930773, 0.27997766359880955, 0.24888461191162212, 0.15876993534025466], [0.31108437338684514, 0.2729748977916073, 0.24821117520803107, 0.1677295535135448], [0.3117352369666568, 0.27370741457289616, 0.25326890276034164, 0.16128844560008515], [0.3090693193647869, 0.2721472989198299, 0.2546286051935185, 0.16415477642185555], [0.309249226104451, 0.2748114755347989, 0.2503339384749615, 0.16560535978577864], [0.30799418067904544, 0.27232361048849785, 0.2510343735548235, 0.16864783517763376], [0.3152195731473818, 0.2740732334673565, 0.24985517222110779, 0.16085202106416185], [0.3094432546542975, 0.2728306207027558, 0.25139349649833076, 0.16633262804461169], [0.3101107735721578, 0.2733733256127213, 0.2534345538998941, 0.16308134681522285], [0.3077332437810855, 0.27111034599754325, 0.2540918879176115, 0.1670645222037561]], "ideal": "B", "sampled": "B", "correct": true}}
{"type": "result", "data": {"idx": 9, "options": ["1", "2", "2,3", "6"], "probs": [[0.3441605294301114, 0.2449846464387964, 0.22436717626687389, 0.18648764776420682], [0.3532646480361542, 0.24634996292423386, 0.22490846890272065, 0.17547692003688892], [0.3482421609209996, 0.24985086083332061, 0.2370423001763388, 0.16486467796933546], [0.3464680675432089, 0.2500643625565951, 0.22918132700956056, 0.17428624279065166], [0.35263716959147406, 0.25224841664319386, 0.22425715476742994, 0.1708572588979176], [0.3515903258103786, 0.251229387619459, 0.21852994078161686, 0.1786503456885664], [0.3485224727967306, 0.2463977288518919, 0.22155469346772433, 0.18352510478365966], [0.3540997428245629, 0.24759503496001528, 0.22143800023728277, 0.1768672218781276], [0.35383881004579104, 0.24713533554957923, 0.22960519631068718, 0.1694206579939361], [0.3597214440490076, 0.24186444595136827, 0.225917334385168, 0.17249677551446055], [0.35503739505750787, 0.246707009922245, 0.2252173473336953, 0.17303824758656047], [0.3538624568399045, 0.2438070683732794, 0.22104075395557113, 0.1812897207312294], [0.3587834152345589, 0.2729859301844208, 0.20840659359531621, 0.15982406088572276], [0.35716404228068005, 0.27207062521061526, 0.20527343245033558, 0.16549189995836922], [0.360238520018182, 0.2693244442734105, 0.20385778435222232, 0.16657925125619058], [0.3656933933807383, 0.26616052068418966, 0.2001852869721779, 0.16796079886290052], [0.3579308167405321, 0.2686674632962581, 0.21032684211986816, 0.16307487774333898], [0.3685270307411319, 0.2667394138684868, 0.20996319077164247, 0.15477036451872], [0.3535491044572742, 0.2585939954662064, 0.21762157092718853, 0.1702353290493327], [0.35354057837378255, 0.2558661619962905, 0.21315315115616443, 0.177440108373783], [0.36088637852463695, 0.25248827215459946, 0.21785966862824754, 0.16876568059250577], [0.3566469710541802, 0.25071378980316256, 0.21421800674551664, 0.17842123229714557], [0.3549124440662188, 0.2551441683114807, 0.2244105434064167, 0.1655328441158713], [0.36841086191864914, 0.25147077055562256, 0.22549431051796992, 0.15462405690774442]], "ideal": "C", "sampled": "D", "correct": false}}
{"type": "result", "data": {"idx": 10, "options": ["True, True", "False, False", "True, False", "False, True"], "probs": [[0.38325317735092757, 0.24892306838851602, 0.2257069315354111, 0.14211682262514577], [0.37934954693392686, 0.2493028135182248, 0.222472102982043, 0.14887553646579807], [0.38871084655224974, 0.24639464344565606, 0.2227480828436946, 0.14214642705838662], [0.39126288400259124, 0.24688723075510594, 0.22229787978520593, 0.13955200535709766], [0.382710279444154, 0.246313086681494, 0.22265312777355756, 0.1483235060007813], [0.3909129924360865, 0.24862807928617156, 0.22302843025627667, 0.13743049792146086], [0.3565992291595786, 0.266484485668082, 0.22362301122696732, 0.15329327384539093], [0.3597804695364101, 0.26453492804262985, 0.2194236372570441, 0.1562609650639358], [0.35674628222809784, 0.2572538054446931, 0.23215419853451183, 0.15384571369270156], [0.3572984250499999, 0.2537294076558175, 0.22841978386032166, 0.16055238333387198], [0.3587067238554, 0.2535870290638145, 0.23152503574222494, 0.15618121123855339], [0.35762620055776595, 0.25084108296940194, 0.23250127781259342, 0.1590314385602455], [0.4067633034115466, 0.23887087542909838, 0.2104768262234693, 0.143888994835888], [0.41203799057557566, 0.24103253611657122, 0.20742647898143357, 0.13950299422642945], [0.38977913668871866, 0.2379272919166708, 0.22655700116568253, 0.14573657012892283], [0.391080695973298, 0.23185155089890025, 0.2208750316867978, 0.15619272134100642], [0.40294458768689645, 0.2430505745480053, 0.21374776807421647, 0.14025706959086806], [0.39750870328419874, 0.2377109065526007, 0.21217988457031936, 0.15260050549286916], [0.3831038895998091, 0.2533481865842054, 0.2159072483899142, 0.14764067532606193], [0.38622870402003007, 0.2524025578716872, 0.21678233652905357, 0.14458640147923857], [0.38106735933266406, 0.24964239529699603, 0.22130866144925648, 0.14798158382108992], [0.3816278412827848, 0.2471386495704976, 0.22155817695427174, 0.1496753320924344], [0.38701249161763973, 0.25266520451368946, 0.2151959568775008, 0.14512634689118184], [0.3832228872762144, 0.25060564092427684, 0.21348318891192042, 0.1526882827875788]], "ideal": "C", "sampled": "C", "correct": true}}
{"type": "result", "data": {"idx": 11, "options": ["symmetric only", "anti-symmetric only", "both symmetric and anti-symmetric", "an equivalence relation"], "probs": [[0.37526299822854176, 0.2554063668691987, 0.2524172950077847, 0.11691333979446626], [0.35283221332144477, 0.25734534543418247, 0.2663544403745482, 0.12346800076980637], [0.3719490040471722, 0.272018904584804, 0.2332980174909019, 0.12273407377712736], [0.37224074043858957, 0.27298035790749386, 0.2378583043400035, 0.11692059721390727], [0.3694780111982541, 0.26695915075204085, 0.23440185407149441, 0.12916098387820246], [0.37789451192937096, 0.27162252890841926, 0.23567526529874763, 0.11480769376345833], [0.3939529501818436, 0.2564702268674851, 0.22894582968181668, 0.12063099316883581], [0.3727300989314623, 0.2564127505193648, 0.24185257871308213, 0.1290045717360944], [0.3868979937189799, 0.2742557672515112, 0.20817434999176912, 0.1306718889377161], [0.39159538503404945, 0.27363547569619473, 0.2122757586412952, 0.12249338052844616], [0.376128843322941, 0.271782659298409, 0.2176086688848683, 0.13447982839377715], [0.3925890886364698, 0.2746113248155139, 0.2158947205576416, 0.11690486589037333], [0.3932067489634268, 0.2639122129679103, 0.2209151186709841, 0.12196591929768387], [0.39668379507509877, 0.26402606268126483, 0.2239477830070892, 0.11534235913654452], [0.3938660440378095, 0.26860424746771155, 0.21513861387764235, 0.12239109451683162], [0.3974736271533789, 0.2673576077961331, 0.22049402163312048, 0.11467474331737151], [0.39515942149419436, 0.26262140780391857, 0.22353631146829975, 0.1186828591335929], [0.39960092363477917, 0.2635658766586735, 0.22146065366563447, 0.11537254594089809], [0.40570262431097326, 0.2454512511197957, 0.21888350623383468, 0.12996261823540245], [0.41900218223132135, 0.2512179907574414, 0.21893312780132462, 0.11084669910990043], [0.40722157312157525, 0.2458739657845242, 0.21702296080421876, 0.12988150018967687], [0.42142590087422105, 0.25064473792138586, 0.2186424641741953, 0.10928689693018942], [0.4090750409257272, 0.2576272350168787, 0.2196746704803307, 0.11362305347704796], [0.41727847016485564, 0.25780353544673884, 0.21639579434369155, 0.10852219994469743]], "ideal": "C", "sampled": "D", "correct": false}}
{"type": "result", "data": {"idx": 12, "options": ["1", "2", "5", "11"], "probs": [[0.3229859267956024, 0.2715715057803308, 0.24738803868483158, 0.1580545286392502], [0.3218043363099102, 0.27393446090491047, 0.2471522372783572, 0.15710896540683572], [0.32693404655115627, 0.2737245145889791, 0.24409307611647776, 0.15524836264336492], [0.33108372929347113, 0.2706276480734584, 0.24415689435863236, 0.15413172817444312], [0.33242266204478876, 0.2740700901910328, 0.24021028398144723, 0.15329696368274087], [0.3358474585634615, 0.2731516982471301, 0.23806076626936384, 0.15294007682003505], [0.33013517698451095, 0.2799866491554572, 0.23581261172990656, 0.15406556203012997], [0.3297509564330427, 0.28384440211837364, 0.2353440416604578, 0.1510605996881331], [0.33040862894146505, 0.27901412571245515, 0.23831810901700615, 0.152259136229081], [0.3301061416118787, 0.27717644722615287, 0.23713422324277428, 0.15558318781920535], [0.33435305718270086, 0.28152678131690306, 0.2374211001524383, 0.14669906124793358], [0.3344319954498337, 0.278005394098171, 0.23549231887839836, 0.15207029147359422], [0.3385344981009521, 0.2734441096272838, 0.23218961119137782, 0.15583178098037126], [0.34029173799681656, 0.2721292527373949, 0.2351556152088114, 0.1524233939569805], [0.333846833261628, 0.27517429584956504, 0.2400652065222069, 0.1509136642665795], [0.3306915113935836, 0.2760142850736501, 0.23818165344327666, 0.15511254998949622], [0.34324099571626654, 0.27385334571595743, 0.23772763335203015, 0.1451780251157497], [0.33838773969284225, 0.27337853686506086, 0.2378660868166375, 0.15036763652546067], [0.33642319683071886, 0.2792483239118423, 0.23099972341504107, 0.15332875574239913], [0.3364497034311108, 0.2773744279329855, 0.23244395014280855, 0.15373191839308234], [0.33350149289965625, 0.2782529584208603, 0.24255512310576435, 0.14569042547372205], [0.32977013606926064, 0.2763164546181441, 0.2414405528930031, 0.15247285631957563], [0.339093449264673, 0.27606690886910257, 0.2406145395004432, 0.14422510226578253], [0.33377525887459786, 0.276365311548966, 0.24017732976627756, 0.14968209971014582]], "ideal": "A", "sampled": "D", "correct": false}}
{"type": "result", "data": {"idx": 13, "options": ["(x \u2212 2)(x + 2)(x \u2212 1)", "(x + 1)(x + 4)(x \u2212 2)", "(x + 1)(x \u2212 4)(x \u2212 2)", "(x - 1)(x \u2212 4)(x \u2212 2)"], "probs": [[0.3124145654692202, 0.24179125539273416, 0.2679807587054628, 0.17781342033259312], [0.31033512811517855, 0.24162179632067884, 0.2674484130084261, 0.1805946624557343], [0.31347819469941135, 0.2425758414360096, 0.2678061781129664, 0.17613978565160723], [0.310131775460056, 0.2414024585072759, 0.2701781369414963, 0.1782876289911851], [0.30770316373798734, 0.2399526645486248, 0.26997499725531865, 0.18236917435807973], [0.31023237996924535, 0.23917335084884292, 0.2705215898354283, 0.1800726792464575], [0.3138414971384649, 0.24468240830611246, 0.26885754921528493, 0.1726185452401418], [0.3152086274295588, 0.2453698869207464, 0.26316273802345713, 0.17625874752624482], [0.31257330179778925, 0.2439189279143122, 0.2656362932227117, 0.17787147696520303], [0.3186298819387014, 0.24160556650949674, 0.26608790023966256, 0.17367665121213702], [0.31706062075420954, 0.2460868855879373, 0.2603840653019754, 0.17646842825586992], [0.32279866540797303, 0.2433149227931214, 0.268053487266315, 0.16583292443259148], [0.3146152712406414, 0.24421379797576973, 0.26742250370579074, 0.1737484269777957], [0.31257824110093296, 0.24395877116121317, 0.2671593979940572, 0.17630358964378387], [0.31304045967326044, 0.24344534282529187, 0.2641641867144965, 0.1793500106869522], [0.319110332453761, 0.2418471224657932, 0.2658473933080614, 0.17319515167238397], [0.3139037103874128, 0.24353846730996725, 0.26213705661743536, 0.18042076558517675], [0.31880843513339835, 0.24194029777166193, 0.26434793385392563, 0.17490333314102638], [0.3099548018032527, 0.24303681700251692, 0.2680543522099061, 0.17895402888432704], [0.31246435414753865, 0.24331098413413987, 0.269547262278601, 0.1746773993397142], [0.3138656794024051, 0.24582051016758374, 0.26187194417259163, 0.17844186615743346], [0.3193496322289769, 0.24343064211843887, 0.26806308182941346, 0.16915664372317663], [0.3124292182042849, 0.24463322228332576, 0.2641114101728383, 0.17882614923954931], [0.31828782048222276, 0.24300861312023764, 0.2638259370368417, 0.1748776292607252]], "ideal": "C", "sampled": "C", "correct": true}}
{"type": "result", "data": {"idx": 14, "options": ["6", "12", "30", "105"], "probs": [[0.31656306119099076, 0.26575261219888796, 0.2662136282171223, 0.15147069829301754], [0.3204542549847678, 0.26450636766910535, 0.2605347834036329, 0.15450459384249374], [0.319666932109745, 0.2658643597095882, 0.2648910041845457, 0.14957770389610767], [0.32023779379512274, 0.2642976923645222, 0.26181256759119503, 0.15365194614916605], [0.3248717362818857, 0.26474454295622657, 0.2639774162201963, 0.146406304441705], [0.3246614523152633, 0.26502947476804006, 0.263031902945781, 0.14727716987091066], [0.32569857619098735, 0.2679600005643263, 0.25668496101081084, 0.14965646213390313], [0.32787213546086735, 0.267216124175795, 0.2524646913280697, 0.15244704893527122], [0.32953454736699916, 0.2646533625451714, 0.26122696920833754, 0.14458512077949653], [0.32705287814763623, 0.26281733080650427, 0.25832693173507404, 0.15180285921078487], [0.33320794886323096, 0.26450013799178484, 0.25906617673564236, 0.14322573630936078], [0.33143401029463265, 0.2632805976476558, 0.2590232148226729, 0.14626217713503437], [0.32372698837610464, 0.2691096000547307, 0.25541304737158577, 0.15175036409756582], [0.3218174431655681, 0.2682393733317628, 0.25427077787886554, 0.1556724055238095], [0.3261836386148342, 0.27058330938282, 0.2563951918849567, 0.14683786001738028], [0.3244619369182374, 0.2682347297400222, 0.25521183011363896, 0.1520915031281014], [0.325718484703635, 0.2675301501291529, 0.2616381675844304, 0.1451131974827785], [0.3261358526335285, 0.26772949626084164, 0.26253773536846187, 0.14359691563716875], [0.3268821223912212, 0.26868675113212614, 0.25002265058246226, 0.15440847579418665], [0.32699852877474517, 0.26762165463105086, 0.2498033483444614, 0.15557646814976475], [0.331333552036207, 0.26995377927345304, 0.2515174810516368, 0.14719518753869096], [0.3313497918785783, 0.26811135736489183, 0.25233393102457524, 0.14820491963196772], [0.33119647725337387, 0.2664314313045717, 0.25584679473802535, 0.1465252966040444], [0.33095465760404125, 0.26671038352941556, 0.2560681029395866, 0.14626685582694102]], "ideal": "C", "sampled": "B", "correct": false}}
{"type": "result", "data": {"idx": 15, "options": ["True, True", "False, False", "True, False", "False, True"], "probs": [[0.39003651569785847, 0.2487847955432615, 0.22838500115493496, 0.13279368750394632], [0.3855374343915818, 0.24670386263627203, 0.2257644253469975, 0.14199427752514146], [0.39814834237569413, 0.24682187425410018, 0.2218861043443129, 0.13314367892589257], [0.40065075752413515, 0.24704374492105424, 0.2217687178404708, 0.13053677961434434], [0.3917828417455201, 0.2445080491777801, 0.22477679782661567, 0.13893231115007587], [0.4012885973227862, 0.24999952314057045, 0.22423234422914712, 0.12447953520749677], [0.36020697359448806, 0.2668266204593598, 0.22676791563156487, 0.14619849021459302], [0.36082555843301917, 0.26301250430189443, 0.22389033504476374, 0.15227160212030175], [0.3598460753146132, 0.25686247392681044, 0.23742924852069613, 0.14586220213787915], [0.35862405693812105, 0.25269711875667217, 0.23273658018364707, 0.15594224402156387], [0.3618120260951421, 0.2507338705581123, 0.23765199558922356, 0.14980210765751953], [0.35942819538466275, 0.24968386718972616, 0.2378119605716745, 0.1530759767539398], [0.40868015183222123, 0.23995547952931057, 0.2153671839839096, 0.135997184554552], [0.415316366812807, 0.23966200543826538, 0.2122717077647405, 0.13274991988419477], [0.3892375637739914, 0.23959228396580584, 0.23296232115033683, 0.13820783100986564], [0.3892696164374979, 0.2313203772356898, 0.22561343650930007, 0.15379656971752623], [0.3990878666993657, 0.24372383837430053, 0.22308353303489167, 0.13410476179143782], [0.39271514901369253, 0.23496953517005423, 0.22124058373487487, 0.15107473198137938], [0.38129315956167203, 0.25582144976503934, 0.21882376051499663, 0.14406163005829226], [0.38857753170479215, 0.25608338456483687, 0.21803201302372865, 0.13730707060664799], [0.37768466310418636, 0.2507399306699084, 0.2293322548508767, 0.14224315127501264], [0.3780489665370518, 0.2489766840117542, 0.22705979291078654, 0.14591455644040519], [0.38371336619531976, 0.25641108791828576, 0.22091379581124657, 0.13896174997513283], [0.377416715422564, 0.2531788974737156, 0.2187588805789832, 0.15064550642474273]], "ideal": "B", "sampled": "A", "correct": false}}
{"type": "result", "data": {"idx": 16, "options": ["1", "-1", "i", "-i"], "probs": [[0.34555980501842215, 0.2664746444620913, 0.24766282937751496, 0.1403027210419634], [0.35046103754507285, 0.2626040302499244, 0.2433299987454714, 0.14360493335953486], [0.34130348955546375, 0.26568999350805156, 0.24404336189774226, 0.1489631549387506], [0.3444004498105967, 0.26883201489926745, 0.24065851359862217, 0.14610902159149317], [0.3555347878802253, 0.2635995193511211, 0.23441314462105203, 0.1464525480476077], [0.35699819205987254, 0.2707508524341962, 0.2357150757634806, 0.13653587964246514], [0.3529108785124499, 0.2610557681261053, 0.24465381927557694, 0.1413795339858522], [0.3559043791358419, 0.2584311140401732, 0.24244407155878234, 0.1432204351651809], [0.35837254424308157, 0.2622805724702661, 0.2364063555591903, 0.14294052762745438], [0.3609328422606945, 0.26081516896004214, 0.2327042165719106, 0.14554777210736136], [0.3568200849232953, 0.26408241819532646, 0.23561333933739448, 0.14348415744397705], [0.3605078009521965, 0.2654920597414464, 0.2328413069224029, 0.14115883228394893], [0.35459004901850943, 0.2554591002228291, 0.24575032533332494, 0.14420052532536215], [0.35424031213409785, 0.25809293944652945, 0.24543966064749598, 0.14222708767188483], [0.35757934082478743, 0.2535712923151998, 0.24890524867819308, 0.13994411808182577], [0.35975552184508397, 0.25263470087622397, 0.24389829875655794, 0.1437114784221365], [0.35821131773228776, 0.258360549413714, 0.24092380600334443, 0.14250432675066615], [0.3591682130870623, 0.25380638046581216, 0.2376882687144195, 0.14933713763271156], [0.3708554594399071, 0.2558913538560676, 0.2318778541301788, 0.14137533247387832], [0.371755451414763, 0.2610154425753347, 0.23322505452934456, 0.13400405138055316], [0.37089855013478823, 0.2603597633101462, 0.23338561802490382, 0.13535606843017786], [0.3770006628361162, 0.25941256977848437, 0.23097003712644776, 0.13261673015894104], [0.37313880499266233, 0.2619580211906514, 0.22799695006129186, 0.13690622365539226], [0.37473585434486745, 0.2561306576492973, 0.22605143303889214, 0.14308205486695144]], "ideal": "C", "sampled": "D", "correct": false}}
{"type": "result", "data": {"idx": 17, "options": ["(1,1)", "(3,1)", "(1,6)", "(3,6)"], "probs": [[0.3219369170122559, 0.2630488091920553, 0.2561546847455958, 0.15885958895007898], [0.32259910277832426, 0.2664293997109147, 0.2548654978536073, 0.15610599955715682], [0.3161629732864505, 0.2688523839542292, 0.2587731134007246, 0.15621152925860626], [0.31828338456154837, 0.2674544023765161, 0.25787378105806447, 0.15638843190387094], [0.32427782267743227, 0.2694669316542403, 0.25327707494682095, 0.15297817062149888], [0.32395858260828525, 0.2686664651279568, 0.25161265097761837, 0.1557623011861551], [0.32560991539034045, 0.26751119792791295, 0.24905090358352203, 0.15782798299822962], [0.3303026141291453, 0.2692209392099246, 0.24684053722703203, 0.1536359093338999], [0.32459296621053574, 0.27424745970799175, 0.24745210411178764, 0.1537074698696601], [0.32757293790240816, 0.2714093211896855, 0.24727516860535678, 0.15374257220255153], [0.33203310523567553, 0.27269215873915975, 0.24682270672588466, 0.14845202919927603], [0.33026990936134354, 0.2729136861911139, 0.24690510250272782, 0.1499113018448075], [0.3236538822557134, 0.27170627624397514, 0.2503736499943692, 0.1542661914059294], [0.32380065701638716, 0.26971241712649774, 0.25349605653731005, 0.15299086921978106], [0.32532260783478456, 0.27753192225076373, 0.2468897769317727, 0.15025569288269264], [0.3261192535122905, 0.2740104320354613, 0.24917945243482023, 0.15069086191743883], [0.32446526955255683, 0.2699464673236194, 0.25372740024109697, 0.15186086278272137], [0.32727948921291977, 0.27060635388680143, 0.2520376294871686, 0.15007652731311677], [0.3308542563725762, 0.2763647876074327, 0.24342698132202745, 0.14935397459797004], [0.32931658737635194, 0.27291590577164404, 0.24509746892016984, 0.15267003783184535], [0.33394350139027085, 0.27795048383008913, 0.2436316288764227, 0.1444743858031953], [0.3349857424538888, 0.2739120897710961, 0.24618671140141854, 0.14491545627359595], [0.32809042346966544, 0.27323063713406115, 0.2478424265299617, 0.15083651276629498], [0.3324409413941162, 0.2731672981806806, 0.24729397332559144, 0.14709778699960388]], "ideal": "C", "sampled": "D", "correct": false}}
