{"type": "result", "data": {"idx": 0, "options": ["This type occurs in binary systems.", "This type occurs in young galaxies.", "This type produces gamma-ray bursts.", "This type produces high amounts of X-rays."], "probs": [[0.3767250029191967, 0.2458794510267203, 0.2361055470746416, 0.14128999887942498], [0.379653090515339, 0.2433649205244565, 0.23678300562845414, 0.14019898323175556], [0.37418959879314795, 0.2486304589489832, 0.236441186234892, 0.14073875592298957], [0.38183118600810795, 0.24855379976725117, 0.23140156967388809, 0.138213444450756], [0.3821345534686736, 0.24408875119865786, 0.23605895129597101, 0.13771774393669928], [0.3859092278606473, 0.2450921111116094, 0.2329311140464956, 0.13606754688124195], [0.3760101532244068, 0.24448021265244854, 0.2376710049184186, 0.14183862910474046], [0.37948138976263435, 0.24176286272548722, 0.23848936707490095, 0.14026638033699174], [0.3739927497639861, 0.2460222617665065, 0.23872819191850586, 0.14125679645099645], [0.3793284965175815, 0.24706951530574395, 0.23289008915957143, 0.14071189891710847], [0.3822211202486232, 0.24145576256811696, 0.23858257202046687, 0.13774054506280095], [0.3834590051290431, 0.24374581541828538, 0.2345755547224725, 0.13821962463019158], [0.3718060463742066, 0.24521324173466466, 0.24166572890389434, 0.14131498288723873], [0.3764630932465006, 0.246494918190903, 0.24034165306037042, 0.1367003354022234], [0.3763779076599498, 0.2412146760400061, 0.2420711294833783, 0.14033628671665951], [0.3778525236869539, 0.24390967287891083, 0.24049270016639743, 0.1377451031677391], [0.3668460069551116, 0.2426482227518948, 0.24875793630899287, 0.14174783388400858], [0.36948716453442804, 0.2426863470925649, 0.24624339964026995, 0.1415830886327414], [0.3872957149825408, 0.24023532101566533, 0.23547741182641585, 0.1369915520753975], [0.38773746684128063, 0.24316761120050323, 0.23553357200862074, 0.1335613498495845], [0.3919831001911215, 0.23639935717473592, 0.23519481941502957, 0.13642272311910908], [0.39070915273087053, 0.2403727323806462, 0.23425270430808479, 0.13466541048040914], [0.3782043029139404, 0.24117585912149184, 0.24014785016895268, 0.14047198769562014], [0.38079253577518085, 0.2399607489122404, 0.23835008208298336, 0.1408966331296009]], "ideal": "A", "sampled": "D", "correct": false}}
{"type": "result", "data": {"idx": 1, "options": ["Its speed relative to you", "Its composition", "Its size", "Its distance from you"], "probs": [[0.31812720507928094, 0.21424620957140714, 0.26412129300305603, 0.20350529224626768], [0.3207152694529899, 0.2151111551760933, 0.26753550973819, 0.1966380655327142], [0.31378107238300945, 0.21176645636441513, 0.272431941584942, 0.20202052956762023], [0.31276275929453123, 0.21118029007280592, 0.2780995108869526, 0.19795743964570187], [0.3215404276100903, 0.21467564420765028, 0.2673355331908824, 0.1964483948913736], [0.31830526055648045, 0.21426637066086573, 0.2706845782714824, 0.19674379041118362], [0.3164886718731537, 0.20749485084507074, 0.2735296361005019, 0.2024868410812874], [0.31905247796319475, 0.2072322935432613, 0.2757502646034211, 0.19796496379012796], [0.3036348827901083, 0.2025478703011947, 0.29275522093047657, 0.20106202587821903], [0.3033693506091052, 0.1980602153210867, 0.28882001198748297, 0.20975042198232458], [0.31656265255623434, 0.20557212827534121, 0.2825927734092407, 0.1952724456591837], [0.3128742671703399, 0.20004310716907264, 0.27842666386673853, 0.2086559616938463], [0.30482278806283375, 0.2087942266699975, 0.28551866710600404, 0.20086431806117536], [0.3043110444877464, 0.20751592998545568, 0.28975300738261217, 0.19842001804417783], [0.2982020144311191, 0.20849918652754126, 0.29726363648996074, 0.1960351624513829], [0.29794351382855655, 0.20339626309851067, 0.29405673022819684, 0.20460349274474604], [0.30359738022543753, 0.2048725411085065, 0.297807089452719, 0.19372298911334423], [0.302359651267855, 0.20203345857621202, 0.2882971214636418, 0.2073097685922801], [0.320601805460712, 0.20826490731081698, 0.26732965976014034, 0.20380362736833085], [0.3165786211183411, 0.20895775720233545, 0.27138743203160387, 0.2030761895477314], [0.3170063226240065, 0.20942199671759806, 0.27436320459582775, 0.1992084759625709], [0.3130030132806759, 0.20336995077495051, 0.26971049316447226, 0.21391654267991114], [0.30630685619334064, 0.2047711062879032, 0.2868958623546863, 0.20202617506406048], [0.3053997401960093, 0.2013644781537445, 0.2774883988561035, 0.21574738269414562]], "ideal": "D", "sampled": "A", "correct": false}}
{"type": "result", "data": {"idx": 2, "options": ["Because the molecules that compose the Earth's atmosphere have a blue-ish color.", "Because the sky reflects the color of the Earth's oceans.", "Because the atmosphere preferentially scatters short wavelengths.", "Because the Earth's atmosphere preferentially absorbs all other colors."], "probs": [[0.324286077976193, 0.2253530393727442, 0.28337937535726904, 0.16698150719380356], [0.3182287107645285, 0.22835039060738443, 0.2832960532430739, 0.1701248452850362], [0.3302356496175233, 0.22844121821080035, 0.2757818988827189, 0.1655412331889629], [0.3333969075862313, 0.23084999454131497, 0.2739409636189235, 0.16181213415353646], [0.3201508207281562, 0.23111736667845845, 0.2782688797446855, 0.17046293274870802], [0.3329607425032823, 0.22636416869613948, 0.27551372701853316, 0.16516136168203913], [0.3213542550455591, 0.23001298864957992, 0.28149180909749083, 0.16714094710737304], [0.31333566648498135, 0.23375823326758652, 0.28214476094291263, 0.17076133920452546], [0.32406695595023044, 0.23345700794078902, 0.27646716578855485, 0.16600887022041366], [0.3191370673742099, 0.23335682264237897, 0.27493770874229473, 0.1725684011411285], [0.31623546016304643, 0.23300124471279793, 0.28025734081505216, 0.17050595420908815], [0.3176154428290063, 0.22466226845764262, 0.2821018982870908, 0.17562039032626386], [0.3273989726500091, 0.2284984710155606, 0.2803391843922955, 0.16376337184215145], [0.3318269075471696, 0.23180678585424572, 0.27805141807543465, 0.15831488842315414], [0.3290048409102626, 0.22907312530373194, 0.27821117801131023, 0.16371085567469326], [0.3229233129769406, 0.22940670988608106, 0.27847352761950533, 0.1691964494174666], [0.3293076943287599, 0.22910571305304203, 0.27870556504290966, 0.1628810274752918], [0.3237081544740646, 0.22672198376368763, 0.28072103001484433, 0.1688488316473962], [0.3163668333821177, 0.23365347754015914, 0.28187440756831195, 0.16810528140942246], [0.32644453089542014, 0.230993315301286, 0.28061138833937677, 0.16195076536389724], [0.31718066712772475, 0.23163833183977772, 0.2846171820693443, 0.16656381886314364], [0.3143617634767352, 0.226862514509023, 0.28819085817889045, 0.17058486373535064], [0.3265908687439127, 0.23106530937686184, 0.2796968847054503, 0.16264693707377537], [0.3201982424544762, 0.22904046399270456, 0.28119071393669764, 0.169570579516106]], "ideal": "C", "sampled": "C", "correct": true}}
{"type": "result", "data": {"idx": 3, "options": ["The first time you drop a bowling ball and it falls to the ground proving your hypothesis.", "After you\u2019ve repeated your experiment many times.", "You can never prove your theory to be correct only \u201cyet to be proven wrong\u201d.", "When you and many others have tested the hypothesis."], "probs": [[0.2853874081274139, 0.20304526162106118, 0.29181213952750307, 0.21975519062400967], [0.29989365605473983, 0.2061193054534751, 0.28296446775140227, 0.21102257064037414], [0.26885821790894976, 0.19307252638019753, 0.29441190658965216, 0.24365734902121178], [0.28612477651240203, 0.1899285741684365, 0.2915931737250135, 0.23235347549414748], [0.3115306154252094, 0.20404868104915883, 0.2766039221917315, 0.2078167812338967], [0.30018032296800284, 0.19876401721978096, 0.28642026177115876, 0.21463539794104028], [0.27864876472174416, 0.19773112699334888, 0.2888374290330812, 0.23478267915183898], [0.2908854080704967, 0.19440912320212406, 0.28879903230470355, 0.22590643632268834], [0.26171028104727756, 0.19396304069856304, 0.29478167204975386, 0.24954500610441166], [0.2780664606184833, 0.1888625004580103, 0.29025981455263444, 0.242811224270859], [0.30033142107505184, 0.19727900886426403, 0.26765663817106494, 0.23473293178961338], [0.29971824749634435, 0.19545934044693591, 0.2663180845906716, 0.238504327366035], [0.2572761625224024, 0.2020179045918458, 0.29030361546287065, 0.2504023173228847], [0.27645753935061756, 0.19873768294742905, 0.28425594247492114, 0.2405488351270296], [0.2630520460474269, 0.19560165427107906, 0.2931683746787675, 0.24817792490273524], [0.2732169515383412, 0.1940229619606371, 0.28812569342460764, 0.24463439297642076], [0.2754798762810702, 0.19197865678013268, 0.29745250109678095, 0.23508896574201635], [0.2812928093953449, 0.19583298165959345, 0.2898297802861098, 0.2330444285589556], [0.2953447828312697, 0.19536805320474313, 0.28605380410359993, 0.2232333597603842], [0.29261801409887095, 0.191927436930598, 0.28013956483780234, 0.23531498403273943], [0.3117081515612538, 0.19860411535089253, 0.26102413186106155, 0.22866360112679956], [0.3109117031471587, 0.19547069113112403, 0.25975336379076686, 0.23386424183094778], [0.27562216520327754, 0.18615824500270564, 0.28747974268041854, 0.2507398470136098], [0.28582053436824184, 0.18497262221601782, 0.28593781656779577, 0.24326902674796141]], "ideal": "C", "sampled": "D", "correct": false}}
{"type": "result", "data": {"idx": 4, "options": ["Titan is the only outer solar system moon with a thick atmosphere", "Titan is the only outer solar system moon with evidence for recent geologic activity", "Titan's atmosphere is composed mostly of hydrocarbons", "A and D"], "probs": [[0.48879880179984536, 0.15652305347726347, 0.19879545932627812, 0.15588268529661684], [0.4856475847403559, 0.1705124145836946, 0.19101395758548578, 0.1528260429904664], [0.4858326393907246, 0.1639430730136836, 0.18708145789315947, 0.1631428296024185], [0.5078152573003945, 0.16339449067078513, 0.18113311213888592, 0.14765713978991143], [0.48644323053231575, 0.18137275939748912, 0.18477685480338438, 0.14740715516679803], [0.5009417452542927, 0.17652836916557996, 0.18145024006730362, 0.14107964541282464], [0.48525807658773634, 0.16481888002074824, 0.19283034627621273, 0.15709269701530898], [0.48498002640489146, 0.17548112452793432, 0.1868587509122856, 0.15268009805489444], [0.49380822811681485, 0.16708580931009764, 0.18237235697496004, 0.15673360549812676], [0.509480255299687, 0.1710204486399365, 0.17411502987906208, 0.14538426608128652], [0.48863550730187405, 0.1900606354082191, 0.18032863503147298, 0.1409752221584168], [0.5089472699922496, 0.18425635233349927, 0.17025085160439363, 0.13654552596985867], [0.4877799362573972, 0.15559863071534083, 0.19472353478198368, 0.16189789814525163], [0.5108734106572594, 0.15332057416559927, 0.19592641647995737, 0.13987959859719182], [0.4977219918948307, 0.15138990675222627, 0.1940638757556058, 0.15682422549734082], [0.5089745447379247, 0.15687717878104687, 0.19051360482636678, 0.1436346715546776], [0.5016834727382247, 0.1638284583497307, 0.18559870316864627, 0.14888936564341254], [0.5033247222855309, 0.16495447994314955, 0.17971332910045656, 0.15200746857087086], [0.5136055718632658, 0.1684590650244265, 0.1702956455896732, 0.14763971742264512], [0.5131692747875116, 0.16853486869089926, 0.17845485465336086, 0.13984100176823927], [0.5200238395551258, 0.16954537867520622, 0.1654993205546486, 0.1449314611150288], [0.5251733229024121, 0.1691467969901364, 0.16803455392221195, 0.13764532608521618], [0.5115462550563896, 0.16344218288717105, 0.17926470516327697, 0.14574685679317373], [0.5157234023170791, 0.16380542472668308, 0.17325157537405902, 0.14721959748219887]], "ideal": "D", "sampled": "D", "correct": true}}
{"type": "result", "data": {"idx": 5, "options": ["m*v", "0.5*m/(R^3)", "0.5*m*(2GM/R)", "0.6*G(M^2)/R"], "probs": [[0.3205520945473294, 0.21022092173887355, 0.26036989418635315, 0.20885708942743816], [0.326893164500129, 0.21326752972141932, 0.25483346443819355, 0.20500584124025803], [0.3218833167886886, 0.21183213929757785, 0.2596426251977676, 0.20664191861597805], [0.32617673783764767, 0.21507071248170154, 0.2561612994328501, 0.20259125014781088], [0.32623594012877893, 0.20946369951193372, 0.25728765516417984, 0.2070127050951054], [0.32400571118487304, 0.21243381977020143, 0.25878834062133244, 0.20477212832358233], [0.32621771814476486, 0.2288622549814571, 0.23386445327782518, 0.21105557349594933], [0.3313193959382341, 0.23004275800318708, 0.22809366332162603, 0.2105441826369638], [0.3239412714525489, 0.22873150905739528, 0.24725055730118284, 0.20007666208889033], [0.3015152439653308, 0.22553369241190743, 0.2565080721201048, 0.21644299140265388], [0.33122975136144833, 0.22869658347648888, 0.23742023346526867, 0.20265343159678964], [0.3050703918791436, 0.22682579311417736, 0.2500004768203433, 0.218103338086334], [0.32932376424484233, 0.23005021653949856, 0.23205086880152317, 0.2085751503141437], [0.33291309925320234, 0.23281411221163362, 0.2297090848522282, 0.2045637035829402], [0.3264225731043614, 0.23432921634918946, 0.24342289063321537, 0.19582531981325046], [0.3058102108726841, 0.23178569212385788, 0.25286457461577766, 0.2095395222876812], [0.33306251045631347, 0.2344372224785034, 0.2358332951656893, 0.19666697179950143], [0.3092806116641757, 0.2311718084464351, 0.24764382375623809, 0.211903756033156], [0.3293601930889527, 0.23370820164822584, 0.2318569097022463, 0.2050746954605638], [0.32828718688756225, 0.23723626929268823, 0.23452899187569587, 0.19994755184406118], [0.32665245605999726, 0.23757504658978504, 0.24212910637865068, 0.1936433908715612], [0.3028102452283514, 0.23368479279674614, 0.2589965521422264, 0.20450840973266737], [0.3294994091911658, 0.24180232893928807, 0.23786668393543317, 0.19083157783411725], [0.30343598988742115, 0.23679424589245265, 0.2533700433763398, 0.2063997207437865]], "ideal": "C", "sampled": "A", "correct": false}}
{"type": "result", "data": {"idx": 6, "options": ["it was stripped away by the magnetic field when it rapidly decreased in strength", "it was broken into hydrogen and oxygen by ultraviolet light and the hydrogen was lost through thermal escape", "it was consumed by a civilization of thirsty Martians", "it was vaporized during a period of intense volcanism and was lost to space through thermal escape"], "probs": [[0.3057512923410904, 0.19780249125313212, 0.32967972070029433, 0.16676649560547208], [0.3039158832561387, 0.20473309117718017, 0.3408619215872013, 0.15048910387946762], [0.2908137864442416, 0.1875869093551492, 0.3402021542693387, 0.18139714983126384], [0.2961844114978219, 0.19301839040387275, 0.3379810011696028, 0.17281619682871419], [0.3020494413606565, 0.2056307190957341, 0.33639370021315124, 0.15592613923046772], [0.3065903343490063, 0.20060109766975998, 0.32538607936881003, 0.16742248851244004], [0.3086235634396214, 0.21016717711504287, 0.3202416687642511, 0.16096759058109725], [0.30315249753287277, 0.21726424935500188, 0.3346564908459008, 0.14492676216621744], [0.2961951286210767, 0.2054233770388306, 0.3298890412431961, 0.16849245299688914], [0.29494282904900104, 0.2072019148952168, 0.3380398813329588, 0.15981537462282655], [0.3019163051594331, 0.21933549263597926, 0.33083446828092344, 0.14791373382365464], [0.3070524853560994, 0.2144819376187655, 0.32274163267684447, 0.1557239442482708], [0.2927258997945464, 0.1967294388441787, 0.3374062802368834, 0.1731383810244197], [0.29713601083710733, 0.20157050081545452, 0.3336818247390234, 0.16761166350839113], [0.2953202933223661, 0.20181962098747597, 0.3353748438013994, 0.16748524178875793], [0.2970732441933539, 0.2036295051563383, 0.3404701650596232, 0.15882708549070004], [0.29423478961211796, 0.20761166468754325, 0.32714287891007365, 0.1710106666902575], [0.29373004030012495, 0.204428996015281, 0.33689825286319797, 0.16494271072137587], [0.3014084882915903, 0.21675610810168994, 0.33426749255974536, 0.1475679109469536], [0.3095056453764361, 0.2121223679983191, 0.3167989014025607, 0.16157308512269017], [0.30185037181806873, 0.21585891317821587, 0.3378011074045192, 0.14448960749919332], [0.3086136721376825, 0.21082345040672198, 0.3268091534006206, 0.15375372395497836], [0.298212555565576, 0.20802404617963996, 0.32429566448035485, 0.16946773367443604], [0.2952513198960088, 0.20441297644978726, 0.33567308569292476, 0.1646626178612761]], "ideal": "B", "sampled": "D", "correct": false}}
{"type": "result", "data": {"idx": 7, "options": ["Lunar rocks are composed of fragments pulverized by many impacts.", "Radioactive dating of lunar samples shows that they are older.", "The Moon's surface is more heavily eroded than the Earth's surface.", "The Moon's surface has more impact craters than the Earth's surface."], "probs": [[0.2728878191682637, 0.22823214843654435, 0.292000217384703, 0.20687981491049992], [0.2798611634101892, 0.2311300643495105, 0.29263267730544446, 0.19637609483484159], [0.26921389589292033, 0.22629795007550602, 0.29573940092680423, 0.20874875300476578], [0.2671694571655139, 0.22467068744248386, 0.3035359372848663, 0.2046239180071333], [0.27148575832921895, 0.22855740606585323, 0.297303342996915, 0.20265349250798803], [0.26791673557867046, 0.22442164124375694, 0.3035182386712769, 0.20414338440630134], [0.2752024381467691, 0.2264136819037545, 0.30133309045209206, 0.19705078939739173], [0.2811376802675128, 0.2292554535472269, 0.3013927762244813, 0.18821408986078372], [0.2722215705243871, 0.22629500458833768, 0.3067632919040895, 0.1947201328831867], [0.27719899760464994, 0.23090935532863055, 0.30743406759330505, 0.18445757937340884], [0.27713574329497676, 0.22985077186464897, 0.30506082503913273, 0.1879526597012498], [0.27749241634249233, 0.2311818444739613, 0.3072079414042454, 0.18411779767929137], [0.27566178462960494, 0.22641997995846308, 0.2989157465608623, 0.19900248875106336], [0.2721689332035329, 0.22470964241000715, 0.30820756455229736, 0.1949138597341381], [0.2757867466110008, 0.22709678278637574, 0.3004937197324708, 0.19662275077013283], [0.27747352836854117, 0.22848937795407184, 0.3040281091789085, 0.19000898439846953], [0.27755973560057556, 0.2245456916358006, 0.30157367037498845, 0.1963209022886376], [0.27843296174497173, 0.2277020777284179, 0.2975923259264016, 0.19627263450022342], [0.2820857170371788, 0.22743999097327916, 0.29779307263342775, 0.19268121925610002], [0.27654378435508714, 0.22417569630999698, 0.30866628583708555, 0.1906142333978396], [0.28336268853571334, 0.22962688180308366, 0.29827139487924365, 0.1887390346819663], [0.2808588330915321, 0.2287815876933738, 0.3039495072941976, 0.18641007182092403], [0.2793206594789197, 0.2249106770581139, 0.30310005594252976, 0.1926686074204506], [0.27956237548162755, 0.22741433316641993, 0.29898013825013114, 0.19404315300181646]], "ideal": "B", "sampled": "D", "correct": false}}
{"type": "result", "data": {"idx": 8, "options": ["Iron", "Hydrogen", "Methane", "Helium"], "probs": [[0.22723744015611433, 0.24989175443024403, 0.31765441915220516, 0.2052163861614332], [0.2334837555221203, 0.25441825510232874, 0.31186415459725375, 0.20023383467829986], [0.2227019086550054, 0.24926123408134826, 0.31481633389641933, 0.2132205232672074], [0.22502989373309015, 0.2586348613376766, 0.30468173397899884, 0.21165351085024756], [0.23415194367541686, 0.25602225183014465, 0.30926531099712806, 0.20056049339728996], [0.22980939971876566, 0.2535824570452382, 0.3081017983979252, 0.20850634473807153], [0.23036133912915896, 0.25009346291026013, 0.31565485088551476, 0.20389034697506309], [0.2357912004876396, 0.25568685796750434, 0.3102520815735955, 0.1982698598712504], [0.2229230120560038, 0.2514470875858801, 0.3162308397655296, 0.20939906049259427], [0.22352833482390494, 0.2551909712696724, 0.31114361557002873, 0.21013707823640995], [0.23621948123647563, 0.2529882187540861, 0.3096761642156897, 0.20111613569375258], [0.23033436769944832, 0.24830679966924005, 0.3143659295932279, 0.2069929029380866], [0.21025058118471912, 0.2352057153411014, 0.322728911115247, 0.2318147922589426], [0.2114793714038272, 0.24495085798155916, 0.31401667372412295, 0.22955309679049243], [0.21299238881565927, 0.23879404075974345, 0.3288155961748862, 0.2193979741497], [0.2126093274787317, 0.24124521779173097, 0.3260829763454079, 0.22006247828413972], [0.21010877688716542, 0.23994423846137125, 0.3250472942754019, 0.2248996902760782], [0.21141869632019725, 0.23909373727969474, 0.32688745912425954, 0.2226001071758437], [0.2283615336268314, 0.24559449519232368, 0.31658605797606487, 0.2094579131047907], [0.22495446437390865, 0.24553369632210972, 0.3134356254991121, 0.2160762137048747], [0.22915057581424061, 0.24763381369730905, 0.3178861369676841, 0.20532947342078128], [0.2222741465481261, 0.24443079573420565, 0.3210902078199956, 0.21220484979766865], [0.21585054678745885, 0.24439717459674737, 0.31854858322476426, 0.2212036952910084], [0.21760766606697354, 0.24420398904255275, 0.3185855730269662, 0.2196027717635065]], "ideal": "D", "sampled": "B", "correct": false}}
{"type": "result", "data": {"idx": 9, "options": ["Near-Earth asteroids gradually disintegrate and spread out along their orbital path. When the Earth passes through the orbit of an asteroid we are bombarded by sand-sized particles which cause a meteor shower.", "Near-Earth asteroids disintegrate as they enter Earth's atmosphere creating hundreds of bright meteors that appear to radiate from a single location in the sky.", "The nuclei of comets disintigrate as they enter Earth's atmosphere creating hundreds of bright meteors that appear to radiate from a central location in the sky.", "The nuclei of comets gradually disintegrate and spread out along the comet's orbital path. When the Earth passes through the orbit of a comet we are bombarded by sand-sized particles which cause a meteor shower."], "probs": [[0.30830352380040116, 0.2207460783316976, 0.26217929947988755, 0.2087710982880163], [0.30097716014998344, 0.227989102166587, 0.266859040779075, 0.20417469680436173], [0.30366444212111415, 0.21832545309837034, 0.26779437313866417, 0.21021573154185536], [0.2991583465650024, 0.22713199949291357, 0.26968188416297756, 0.2040277696791249], [0.2991408645990379, 0.2216241168080384, 0.2683748912459932, 0.21086012724692293], [0.2865240921917419, 0.22238657223058061, 0.26891161812154835, 0.222177717356129], [0.31274483250041607, 0.21530959035719627, 0.2659353317632087, 0.2060102452791885], [0.31216872188255745, 0.22288680453806628, 0.2627817681060026, 0.20216270537339295], [0.31954288893343635, 0.2055883959808658, 0.26030230584052927, 0.21456640914517783], [0.3028081979854443, 0.2088773692293072, 0.27025758977466274, 0.21805684291059224], [0.30748425954463676, 0.2245258798868337, 0.2661576578973838, 0.20183220257114554], [0.2944146363964443, 0.22175703485034465, 0.27709949432741604, 0.20672883432579373], [0.30513585655117037, 0.2148633041578284, 0.2737654841706112, 0.20623535502038937], [0.3064025044058127, 0.22315745507204665, 0.26897708491358885, 0.20146295550856355], [0.31597896267259395, 0.203265815136752, 0.26231593317006247, 0.21843928892061337], [0.3028583796840621, 0.2111169487774987, 0.2748819775055772, 0.21114269393287768], [0.29726185602578575, 0.22040861867966022, 0.26711757202707215, 0.21521195316748007], [0.29522289922971995, 0.21557848514281036, 0.2751165210216199, 0.21408209450584476], [0.29238278155150155, 0.2247705984337478, 0.2626440256155932, 0.22020259429915953], [0.28644056481275043, 0.22857388035358106, 0.2703687105823375, 0.21461684415135135], [0.3020781774374309, 0.22905347602002168, 0.2638353632278984, 0.2050329832146478], [0.29181090134956145, 0.2261390489151524, 0.2700684125233696, 0.21198163711192242], [0.2843333415702188, 0.23269480560503109, 0.2637927515429183, 0.2191791011818301], [0.28959590091562637, 0.22356880589130249, 0.264211352274775, 0.22262394081832007]], "ideal": "D", "sampled": "B", "correct": false}}
{"type": "result", "data": {"idx": 10, "options": ["Radiation pressure from the Sun's light pushes the ions away.", "The conservation of the angular momentum in the tail keeps it always pointing away from the Sun.", "The ions are following Keplerian orbits that lead away from the Sun.", "The solar wind electromagnetically \"blows\" the ions directly away from the Sun."], "probs": [[0.32316480076107956, 0.21691015198181995, 0.26857704114950287, 0.19134800600760563], [0.32235068628387986, 0.2182699779988965, 0.27248203751393674, 0.18689729810330014], [0.31667690402805876, 0.21077234451997331, 0.2835573478128225, 0.18899340353913285], [0.3062664218477248, 0.2034143200960115, 0.2842774373240422, 0.20604182063221663], [0.31176666949679904, 0.2182685245902247, 0.2776493366246877, 0.1923154691882784], [0.30726600042697844, 0.2075396673833224, 0.2738853077764141, 0.21130902431329873], [0.3249215627983039, 0.2140080678017181, 0.2653817911064864, 0.19568857819349478], [0.32583780007403046, 0.21622075218903924, 0.26781853947424517, 0.190122908162694], [0.3207085952238025, 0.21119755228470308, 0.27499744870148835, 0.1930964036899985], [0.32254935942840274, 0.21272238397618792, 0.27466494880710896, 0.1900633076883035], [0.32398416357345866, 0.21845716283721067, 0.2720723796571113, 0.18548629383220933], [0.31911096230863195, 0.2183298691506645, 0.2719011018763584, 0.1906580665643469], [0.31735162644780307, 0.2123335682390258, 0.27959864686923974, 0.19071615834392916], [0.3064227916400815, 0.20482696277466195, 0.2797849597425681, 0.20896528574270348], [0.3245327747491884, 0.21653302841594702, 0.2717456345394599, 0.18718856219541316], [0.3259590979701779, 0.2179880672489278, 0.2719704833231996, 0.18408235135769965], [0.30897170758763204, 0.20792585317811607, 0.2793675377151862, 0.203734901419065], [0.3140434394211412, 0.21987026905238913, 0.279015898781215, 0.18707039264525996], [0.32088890708270595, 0.2225343408434123, 0.2714805947074828, 0.1850961572663982], [0.311752884013427, 0.2122003609164567, 0.2687273966684279, 0.2073193583016962], [0.32593908083937656, 0.22481668559239185, 0.271096414564789, 0.17814781890343265], [0.3196752350191385, 0.2238796858575629, 0.2734528881658682, 0.18299219085741253], [0.31363648714004466, 0.2107068731262574, 0.27784201356393334, 0.197814626069772], [0.320507434627678, 0.2211038191370574, 0.27756031195949116, 0.18082843417577274]], "ideal": "D", "sampled": "B", "correct": false}}
{"type": "result", "data": {"idx": 11, "options": ["By observing the duration of a solar eclipse.", "By measuring the size of Earth's shadow on the Moon in a lunar eclipse.", "By comparing the maximum altitude of the Sun in two cities at different latitudes at the same time on the same day.", "By sending fleets of ships around Earth."], "probs": [[0.2937389482787489, 0.2721420109944318, 0.2573778090353597, 0.17674123159145064], [0.2812406429885416, 0.26577551628818974, 0.25204780855738046, 0.20093603206589827], [0.2971912822474673, 0.27515670197457653, 0.258745659323906, 0.16890635635407206], [0.2898145481097288, 0.2734532803324575, 0.2534031932638314, 0.18332897819398208], [0.28249710529966104, 0.26477427277657367, 0.24629796712393945, 0.20643065469981647], [0.2877379810109376, 0.26865372766733253, 0.24478839876337782, 0.19881989245836557], [0.2948169934719698, 0.27553688833743223, 0.256666876456152, 0.1729792416344427], [0.2836219213441902, 0.2707151018673622, 0.24915159501455933, 0.19651138167387514], [0.2929600030224503, 0.2753705010310375, 0.2631844971031329, 0.1684849987433797], [0.2918910671765514, 0.2703581508616703, 0.26206613774174264, 0.17568464412004933], [0.2850569800828182, 0.26860390140345697, 0.24650622448499665, 0.19983289392871478], [0.28850339030274397, 0.27021181225065205, 0.25287963605051034, 0.18840516129609305], [0.29970067702364833, 0.27683461689044836, 0.25720216028851606, 0.16626254569736723], [0.2882263171662444, 0.2752928159657524, 0.25273358511073496, 0.18374728165725526], [0.2977933672928305, 0.2721068582916741, 0.26503624947996496, 0.1650635248355295], [0.2954880577159838, 0.26616510657714876, 0.2629623200196349, 0.17538451558722165], [0.28709422672742946, 0.27230727556476014, 0.25058464916634965, 0.19001384844145267], [0.2902774121136148, 0.2685949309348646, 0.2577746746225409, 0.18335298222896332], [0.276531256469611, 0.2647698942433386, 0.24782979402739214, 0.21086905515965274], [0.28102912285252796, 0.268422558285673, 0.24755974288524543, 0.2029885758765616], [0.27693751356169966, 0.2653870067977213, 0.2531117324362675, 0.20456374710431496], [0.28132702503958634, 0.26790606277605783, 0.25738677550937755, 0.19338013657495767], [0.2758921879283299, 0.2715954969338839, 0.2560087878803521, 0.19650352715744723], [0.27961345025440076, 0.2696292990226854, 0.2620939825916429, 0.1886632680312791]], "ideal": "C", "sampled": "C", "correct": true}}
{"type": "result", "data": {"idx": 12, "options": ["a dwarf galaxy orbiting the Milky Way.", "the closest planetary nebula to the Earth.", "a bright star cluster discovered by Magellan.", "the outer arm of the Milky Way named after Magellan."], "probs": [[0.3002388334669361, 0.23873575114299803, 0.2982276542094617, 0.16279776108061017], [0.32387419026544195, 0.2393294332906558, 0.2866251484634271, 0.15017122788046372], [0.2956666370721519, 0.23782138764038593, 0.3056548206294184, 0.1608571545580402], [0.28802423103221714, 0.23711449336085974, 0.3099130578768384, 0.1649482176300843], [0.33633689194841143, 0.2384641172661101, 0.28118936150861956, 0.1440096291768496], [0.31326757128040567, 0.23734844092993146, 0.29391951660305565, 0.15546447108659783], [0.29793486546677084, 0.23739532565592789, 0.30515422812289633, 0.1595155806543911], [0.320778198952258, 0.24099086853561288, 0.29494027605948386, 0.14329065635264515], [0.2963352942226587, 0.2324747636364205, 0.30852427492508155, 0.16266566711583086], [0.31587410890130324, 0.2375899173981383, 0.30185166459857254, 0.14468430900197504], [0.332834413868307, 0.2400702079057131, 0.2916194409490196, 0.13547593717696252], [0.33122831641748013, 0.23690118116352482, 0.2897122465154896, 0.1421582558035083], [0.28020669372544005, 0.24171219937989455, 0.30928820157415765, 0.1687929052205105], [0.2684364206174486, 0.24198070293139087, 0.31525053922913243, 0.1743323371220359], [0.28571183349842955, 0.23824450361975236, 0.30923498497088747, 0.1668086778109354], [0.30499182251638524, 0.24201065212172565, 0.30723573472416854, 0.1457617905377243], [0.2823297278147864, 0.2368294064341567, 0.31497464201026193, 0.16586622364079595], [0.30817059087785864, 0.23798060298355822, 0.30501739927314125, 0.14883140676543097], [0.3455852835128958, 0.2455558193419014, 0.2747873381936707, 0.13407155885154684], [0.3242336098095667, 0.24321906987107436, 0.2897290678973786, 0.1428182523219951], [0.34641676797450993, 0.24443236280551248, 0.27794739725860707, 0.13120347186135614], [0.34176483600262786, 0.24122865576761454, 0.2779372605889935, 0.13906924754075956], [0.31175811183536456, 0.23728738398603383, 0.3019224542877384, 0.14903204979086865], [0.3327119756694021, 0.2383166405820549, 0.2894973392919232, 0.1394740443566136]], "ideal": "A", "sampled": "D", "correct": false}}
{"type": "result", "data": {"idx": 13, "options": ["Actually water-ice is all over Mercury and not just at the poles.", "The pole is the only place fortunate enough to have had comet impacts", "Radar from the earth can only see Mercury's poles.", "These craters contain the only permanently shadowed regions on Mercury"], "probs": [[0.2798038860046171, 0.22832301570634278, 0.27114663713342446, 0.22072646105559598], [0.2663534913438795, 0.24480695467953903, 0.2987390974836069, 0.19010045639297826], [0.26800513128420844, 0.22316529400275587, 0.30512797276781295, 0.20370160184521213], [0.2663090392535566, 0.22601205082483627, 0.3106188435110844, 0.1970600663105051], [0.27045506558174465, 0.24931721083866454, 0.28886939270837453, 0.19135833077122236], [0.28019659100787647, 0.23310515977605212, 0.26887152813173354, 0.21782672098432784], [0.28826253019104536, 0.21601045235855637, 0.2792025291428986, 0.2165244882074986], [0.2787576990319807, 0.22984798794650607, 0.311294243041269, 0.18010006988025287], [0.287397914641517, 0.21234606745878104, 0.2876820610817916, 0.21257395671792745], [0.2904467611881444, 0.2109821766370106, 0.3005451609865017, 0.19802590108835336], [0.28709459926960973, 0.2336816949232438, 0.29170826881482875, 0.1875154368923222], [0.307157377177965, 0.21792554249787405, 0.26871810914575545, 0.2061989710783795], [0.27259478552733535, 0.2233660030755026, 0.29966274728230996, 0.20437646401484214], [0.2733768345556743, 0.22522436589159614, 0.30443371270678227, 0.1969650867459304], [0.2810339384166746, 0.2281838930695996, 0.2729325093650774, 0.217849659048637], [0.28456846564741434, 0.22786453985732644, 0.2783879570385132, 0.2091790373567656], [0.28528156485132405, 0.23181547233534322, 0.2689670629144998, 0.2139358997988271], [0.28884762155308663, 0.23247768844800554, 0.27009420579511123, 0.2085804841037845], [0.2869238310393203, 0.23074128043286343, 0.304425862387111, 0.17790902604070413], [0.2918392394836485, 0.21722578200387208, 0.2800653448013887, 0.21086963361109215], [0.29267087850214446, 0.23315484560786928, 0.2945895815654882, 0.17958469422450274], [0.3131932376880593, 0.21540702052738325, 0.27157083968817414, 0.19982890199637815], [0.29371452328605824, 0.21589660642372283, 0.2855606078816002, 0.20482826230861872], [0.29822608686034713, 0.21066827660598778, 0.2930471266015165, 0.1980585098321388]], "ideal": "D", "sampled": "D", "correct": true}}
{"type": "result", "data": {"idx": 14, "options": ["Virgo", "Laniakea", "Sculptor", "Bo\u00f6tes"], "probs": [[0.30538532170899413, 0.25464160627402227, 0.2884122659599243, 0.15156080595707314], [0.2964538425072648, 0.2585725907644889, 0.2813177464007677, 0.1636558202274701], [0.3129682672450484, 0.2560651193500554, 0.25735087219732566, 0.173615741107555], [0.30388225541784536, 0.2586981460543517, 0.26587694760954944, 0.17154265081825984], [0.3048552059543068, 0.2565806791004265, 0.2637631565632665, 0.17480095828199524], [0.30302018637174727, 0.2612910025597629, 0.2709821543273811, 0.16470665664108997], [0.3211250036632881, 0.26483858013889905, 0.26777010509423727, 0.14626631100357798], [0.3117461806813497, 0.2664516916377781, 0.2659719559407215, 0.15583017164014293], [0.328966651536798, 0.2618407189078153, 0.24519463180786105, 0.16399799764754458], [0.32554364564808236, 0.25602108868680445, 0.24402516680550843, 0.17441009875959973], [0.319667800289626, 0.2615252268160991, 0.24973343529279537, 0.16907353750147477], [0.3230315194939785, 0.25999055984966174, 0.2464673433431924, 0.17051057721318058], [0.3138946906307743, 0.2380065424690216, 0.28164382513658887, 0.16645494166361088], [0.3065403591712998, 0.23917425888604366, 0.28964829331357617, 0.16463708852908818], [0.3174046102602101, 0.2350550799093932, 0.28070881495466243, 0.1668314947757334], [0.3119859930416297, 0.22925853306424468, 0.27815308439520126, 0.18060238939892895], [0.31603866260881347, 0.23366785760319303, 0.2724964566604035, 0.17779702302757835], [0.31994856951071526, 0.22742429934219457, 0.2633884201086046, 0.18923871093846933], [0.29753571146371943, 0.25758326958529704, 0.27722149227507736, 0.16765952657592958], [0.2958357497948965, 0.261646851413041, 0.2845322944680457, 0.15798510422399542], [0.2945831505169951, 0.2558917774258214, 0.2800129698932256, 0.16951210206395828], [0.29875691171057706, 0.251360894136444, 0.27837854070459456, 0.1715036533484018], [0.3070102986285059, 0.2601446275608085, 0.25523469075718386, 0.17761038295349313], [0.3119423538030472, 0.2520474840583966, 0.24686154160590146, 0.18914862043265745]], "ideal": "B", "sampled": "C", "correct": false}}
{"type": "result", "data": {"idx": 15, "options": ["Venus", "Mars", "Jupiter", "Saturn"], "probs": [[0.3033040306849682, 0.24619730342245966, 0.24764495066177175, 0.2028537151308025], [0.298986438119549, 0.24446051150665163, 0.2475204648439649, 0.20903258542981598], [0.30212027779074585, 0.24994254180979547, 0.25142548698645145, 0.1965116933130085], [0.3055284853334303, 0.2505869092752877, 0.24782543188515993, 0.19605917340613524], [0.2976847104755862, 0.24811224025025494, 0.2528305665649199, 0.20137248260922833], [0.30469106129950774, 0.24726156073782196, 0.24962664146503852, 0.19842073639763308], [0.30515172143744196, 0.2462291336249149, 0.2523471962123886, 0.19627194862526617], [0.30087367895964584, 0.24488001218412353, 0.25189424284993606, 0.20235206590628158], [0.30607600969711085, 0.24778599015213176, 0.25193457629448546, 0.19420342375626942], [0.3080887457634551, 0.24956512116890006, 0.24726484116821457, 0.19508129179942954], [0.3029731905125644, 0.24686485391012358, 0.2517025359426871, 0.19845941953461158], [0.30806122990959106, 0.2467893198376558, 0.24977488990000649, 0.19537456025272754], [0.32381275709470075, 0.24587881432513045, 0.24764878321698724, 0.1826596452631844], [0.3265120838593713, 0.24583009879420747, 0.2439513783079498, 0.18370643893847236], [0.32321606350164245, 0.24274772177814424, 0.24747958297640923, 0.18655663164380978], [0.3248559764659269, 0.24435733086717148, 0.24242684366733405, 0.18835984889955462], [0.3281065844501954, 0.2447144486113769, 0.24378568674448675, 0.18339328009395353], [0.3230817935993569, 0.24619906013436232, 0.24761988310539948, 0.18309926306089194], [0.30987371513864187, 0.24918032159036826, 0.2529492209226139, 0.18799674224837648], [0.3156900892337086, 0.24811932552641985, 0.25012970166110854, 0.18606088347876146], [0.31270468895591264, 0.2465194527011322, 0.2511029600852135, 0.1896728981577384], [0.31526236569524707, 0.24692156400200338, 0.24903140145274247, 0.18878466874999236], [0.3190283276938685, 0.24936485772608794, 0.24797059651301032, 0.18363621796703397], [0.31475536171342683, 0.24974676804891444, 0.25130908027084686, 0.18418878986679943]], "ideal": "C", "sampled": "C", "correct": true}}
