{"type": "result", "data": {"idx": 0, "options": ["7 N", "5 N", "10 N", "12 N"], "probs": [[0.28244968040673757, 0.27475245633043033, 0.26401221021875065, 0.1787856529440551], [0.27821806159157053, 0.27370809273932173, 0.2636991853372598, 0.18437466023184704], [0.2760812599134256, 0.275658825700683, 0.2662022115070762, 0.18205770277882552], [0.27367292754247785, 0.27414688198177195, 0.265612841182491, 0.18656734919326373], [0.27310311675597715, 0.27254806401171644, 0.2706692772313152, 0.1836795419009887], [0.27676206334946274, 0.273274708350236, 0.2724143160610395, 0.1775489121392411], [0.28226700104939123, 0.270482829623633, 0.26656240162886957, 0.18068776759810942], [0.2821108333154514, 0.27054697504731423, 0.2622050495760896, 0.1851371419611317], [0.2829581686608331, 0.27053534041566385, 0.2629557460921045, 0.18355074473138872], [0.282501110851895, 0.2706924072740392, 0.26209715097148817, 0.1847093308025912], [0.2801992634638952, 0.27032860542419224, 0.26543095067166783, 0.1840411803402338], [0.2815429460938401, 0.2716909454197171, 0.26903628321716594, 0.17772982516929067], [0.2909105821182375, 0.2715771985586969, 0.25891779971451073, 0.17859441950855232], [0.2891692894322159, 0.27158035285791393, 0.26016213635929425, 0.17908822125056867], [0.2947055586046216, 0.2738114426652075, 0.25227067448646706, 0.17921232414369434], [0.29016082638069474, 0.27303296633495305, 0.2571372441054195, 0.17966896307893343], [0.2868873722193249, 0.27131965556229, 0.26824769481044847, 0.17354527730793087], [0.2845295913160124, 0.2724659485223204, 0.26961807837099205, 0.17338638169070159], [0.2767812610287626, 0.27326894886342956, 0.26231049676138185, 0.18763929324642795], [0.2804925605528084, 0.2737076958741612, 0.26602848000543944, 0.17977126346761277], [0.2803739565280755, 0.2745336271661271, 0.2569344374134498, 0.1881579787923471], [0.28033641205960325, 0.27599773382610526, 0.2621233103786013, 0.18154254363568062], [0.27846896247647557, 0.27624358400496946, 0.26361148494875175, 0.18167596846978273], [0.28319787718462175, 0.277493173117312, 0.25920015868712726, 0.18010879091092538]], "ideal": "A", "sampled": "C", "correct": false}}
{"type": "result", "data": {"idx": 1, "options": ["weight of fluid.", "volume of fluid.", "density of fluid.", "All of these."], "probs": [[0.36819107092355, 0.1620756560751366, 0.2019955664470424, 0.26773770645429473], [0.3830092809431264, 0.19575413217242263, 0.2115380947264901, 0.20969849205796276], [0.36370294674007625, 0.15749153740152655, 0.20773393513860566, 0.27107158061979253], [0.3775488600679484, 0.1921303139404635, 0.2204040411526245, 0.20991678473896644], [0.39663277698480404, 0.21328351916150845, 0.18567023106798244, 0.20441347268571666], [0.3950711926780855, 0.20913772568331784, 0.1871758712136689, 0.20861521032494648], [0.36228532075580777, 0.16355629989503873, 0.20994617936388624, 0.26421219988525835], [0.38189450953086956, 0.19666637419022345, 0.21637478206627528, 0.20506433411263283], [0.36694174992027245, 0.15902236474673434, 0.20341763210808986, 0.2706182531249048], [0.38399162208742554, 0.19415799692090335, 0.21957870278096542, 0.20227167811069616], [0.39427258159011436, 0.21379787150745888, 0.18558418521183637, 0.2063453615905965], [0.40070305134791245, 0.21125969411528042, 0.18608736451143776, 0.201949889925369], [0.3440516278322071, 0.15626069896709446, 0.20921512022253141, 0.2904725528781675], [0.36284322688569465, 0.18699221106317487, 0.22426781592373005, 0.22589674602739712], [0.3540675423108837, 0.15258016491616652, 0.19603893730092292, 0.297313355372025], [0.3731234674790401, 0.1895716246068325, 0.21564780841356787, 0.22165709940055636], [0.3761832608085264, 0.20402482712124587, 0.1908836825909485, 0.2289082293792902], [0.38451443816025815, 0.2053850217907828, 0.1897804371230228, 0.22032010282593265], [0.4360535977819622, 0.20919174095471332, 0.174030804426829, 0.180723856736493], [0.4349600861740862, 0.20370716538577577, 0.17454101532813043, 0.18679173301200128], [0.4383795764242344, 0.20858813788070754, 0.17312563659672, 0.17990664899833234], [0.4445821991960248, 0.2053030721869307, 0.17289106412579425, 0.17722366439124893], [0.425564301265298, 0.20884799270020638, 0.17839236475919062, 0.1871953411752986], [0.43375130173696397, 0.21105530990752042, 0.17583285329418386, 0.17936053496133061]], "ideal": "B", "sampled": "D", "correct": false}}
{"type": "result", "data": {"idx": 2, "options": ["totally internally reflects", "passes into the air above", "is absorbed", "None of these"], "probs": [[0.32846196755389884, 0.28090154434584186, 0.2522474240315359, 0.13838906396873], [0.3349461698769664, 0.2829641354957509, 0.2524092421577169, 0.12968045236957482], [0.3255564647636161, 0.2774989651546906, 0.26202915798519044, 0.13491541199649507], [0.3113531245814481, 0.28891198822222314, 0.2643308760857544, 0.13540401101057767], [0.33359693594362255, 0.28209234993052573, 0.2326425290358207, 0.15166818499000417], [0.31805550519314824, 0.28294847902326165, 0.23740489897704445, 0.16159111670655008], [0.3244160872516595, 0.2706551075998014, 0.267771069947376, 0.13715773510115872], [0.3327449224195123, 0.27021887546924145, 0.2639475789536997, 0.13308862305754757], [0.33366680428147416, 0.2643779557932664, 0.26127848766230766, 0.14067675216295095], [0.3202808765056885, 0.27993061995814617, 0.26505911506365065, 0.13472938837252815], [0.327776055962762, 0.2928284325820167, 0.23479409336281243, 0.1446014179924164], [0.3213774846241223, 0.28337192311754156, 0.24038846651725998, 0.15486212564108187], [0.32261079728109204, 0.272870515001619, 0.27284571639492167, 0.13167297122235488], [0.3004606923815037, 0.2843364579791555, 0.27141952753432275, 0.14378332200504476], [0.333170878225518, 0.26972565436336576, 0.24840747926690407, 0.1486959880442044], [0.3167773303438397, 0.28705740076975006, 0.2485784752002673, 0.14758679358613783], [0.3058136873120595, 0.30261882960275815, 0.23577096205775314, 0.15579652092742766], [0.3128871799253786, 0.30145869568836947, 0.23218590738927564, 0.15346821689697931], [0.31868268106991504, 0.25597727916078605, 0.2539916875748574, 0.1713483520944394], [0.30111378793624566, 0.25975351310809874, 0.26109066906689277, 0.17804202978875505], [0.3195931354649032, 0.24590235859914772, 0.25557607341149713, 0.1789284324244359], [0.317294672691872, 0.24180807766320395, 0.2564774447735196, 0.18441980477141778], [0.30881130186930156, 0.24776875955811864, 0.2611504809301568, 0.182269457542439], [0.31549478418570664, 0.2448652668672159, 0.2610751949697964, 0.1785647538772967]], "ideal": "B", "sampled": "B", "correct": true}}
{"type": "result", "data": {"idx": 3, "options": ["always.", "sometimes.", "never.", "on planet Earth only."], "probs": [[0.3923337822133188, 0.22048674032841076, 0.20820186865313595, 0.17897760870512192], [0.38922059734157216, 0.2231821632596473, 0.2074827076870523, 0.18011453161171567], [0.39621763472335403, 0.22038113545041593, 0.21213820354602053, 0.17126302618021713], [0.3831323921783915, 0.22160434946276525, 0.21356161768180698, 0.18170164057701946], [0.38793177431994874, 0.22663111576753464, 0.20828350677560786, 0.17715360303691463], [0.39266755043808316, 0.22200116355589608, 0.20616887140400159, 0.17916241450201095], [0.3767886502585373, 0.2167876584343308, 0.2149909017519871, 0.1914327894551429], [0.3731792551073079, 0.21874499269132883, 0.21686034531895992, 0.19121540678239343], [0.38311513702963285, 0.20943599521147943, 0.21790893919156196, 0.18953992846734236], [0.3859243576887079, 0.2079437737008597, 0.21109267416019656, 0.19503919435023997], [0.3790531300341715, 0.21539450368518878, 0.21756494637517634, 0.1879874198054689], [0.3803526303865939, 0.20941555653056784, 0.21139326204868342, 0.19883855093416575], [0.3827229494898915, 0.22597394667667325, 0.20789801479323156, 0.18340508894019317], [0.3671993925870112, 0.22413405005560416, 0.21343819982528336, 0.19522835743208872], [0.38453763560050946, 0.21275053872045643, 0.21317008980075852, 0.1895417357782912], [0.384449878458347, 0.207747593757955, 0.2075549434621321, 0.2002475842215617], [0.37680429766644086, 0.2183445753090881, 0.21418913633762668, 0.19066199058686054], [0.3718951748287335, 0.21202225295426833, 0.21314863577743756, 0.20293393633955228], [0.3765159635982934, 0.22870593259757527, 0.21076424784350692, 0.1840138558606179], [0.37904834553280625, 0.2244645751658846, 0.21003337463333308, 0.1864537045679879], [0.3841055054674746, 0.2246531758054193, 0.20496626652434563, 0.1862750521027546], [0.3909516035128293, 0.21649285951880004, 0.19685278140291576, 0.195702755465464], [0.3738916997980263, 0.22473247267172106, 0.21265822299857645, 0.18871760443168592], [0.37354085599377373, 0.2199511711079351, 0.21047150375556045, 0.19603646904272914]], "ideal": "B", "sampled": "A", "correct": false}}
{"type": "result", "data": {"idx": 4, "options": ["changes", "aligns with the electric field", "is at right angles to the electric field", "converts to magnetic energy"], "probs": [[0.3752929293132007, 0.2495772374688519, 0.22500789249805783, 0.15012194061987863], [0.3699081742535285, 0.24726091601993178, 0.22614548493519265, 0.15668542469135094], [0.38361634547646917, 0.24723845009384757, 0.21949566016129665, 0.14964954416840578], [0.3791896443799861, 0.248131100484685, 0.22160884632463687, 0.15107040871068264], [0.3734761650966596, 0.2489465963703556, 0.22103831544771557, 0.15653892298526256], [0.37746976389106374, 0.2498803145331487, 0.21952122006384006, 0.15312870141194804], [0.39475064411469796, 0.24509327121064758, 0.20955465152549305, 0.1506014330491696], [0.38865451656512157, 0.24452255438763984, 0.20863307978353718, 0.15818984916370982], [0.3924274477916737, 0.24867371599297672, 0.2087774150940828, 0.15012142102125167], [0.3940424443969888, 0.24879412710244536, 0.20906183183778868, 0.14810159656278113], [0.40423054582816087, 0.2387124889739841, 0.203665824618531, 0.15339114047933194], [0.39596203099852606, 0.24353690375442552, 0.20849743381287628, 0.1520036313341788], [0.37690296518403565, 0.24293116236016968, 0.21763457344514117, 0.16253129891067086], [0.371801510766468, 0.24509313059677804, 0.21790209814706857, 0.16520326038968586], [0.3866575382310006, 0.2427784907770861, 0.21021566789349266, 0.16034830299843647], [0.3849549081756849, 0.24265637157477496, 0.21131910638327406, 0.1610696137662615], [0.3882382224004111, 0.23988754345134908, 0.21233226170721378, 0.1595419723410267], [0.38554805230587574, 0.2416161153472442, 0.2122868261204648, 0.1605490061264023], [0.3736340237026591, 0.24599827006463346, 0.21649060801242342, 0.1638770981202872], [0.37909340673889186, 0.24866513381459934, 0.21508153195377017, 0.1571599273927416], [0.3839538540828664, 0.24433929960427236, 0.21750289220248065, 0.15420395401037343], [0.3780686679347506, 0.24972582017793016, 0.22063319795387, 0.15157231383344982], [0.378665247592544, 0.25451483357633586, 0.21560577492195976, 0.15121414380916257], [0.3790402874409714, 0.25730618252488113, 0.21225218487163755, 0.15140134506250874]], "ideal": "A", "sampled": "B", "correct": false}}
{"type": "result", "data": {"idx": 5, "options": ["red", "yellow-green", "blue", "violet"], "probs": [[0.2721558096506244, 0.278024228895859, 0.25478322892106914, 0.1950367324324559], [0.2706605146284657, 0.2778247210621832, 0.2503066150400206, 0.2012081491693276], [0.2736755389675316, 0.27470146945587115, 0.25338004047794555, 0.19824295099867345], [0.2646569678025884, 0.2756825931781614, 0.25912222211154656, 0.20053821680771053], [0.26455355488093674, 0.28310114662985764, 0.25118509628004837, 0.2011602021091441], [0.2659991566824208, 0.28170306615489965, 0.2547349261484012, 0.19756285091424955], [0.26936413536274983, 0.27887215948566846, 0.2483511159520789, 0.20341258909950394], [0.266129601313001, 0.28061472616589084, 0.24575125252391247, 0.20750441989720386], [0.2634570632628605, 0.2759623087504895, 0.2557910196974577, 0.2047896081891869], [0.26550833454675815, 0.2753175302375142, 0.24743133369774908, 0.21174280141796212], [0.26918249548098266, 0.2806578490298318, 0.24511400959677745, 0.2050456457924016], [0.2705750621106291, 0.27902159126919446, 0.24273279932869132, 0.2076705471914758], [0.2748068306606423, 0.27936164000860875, 0.2520556724099958, 0.19377585682075177], [0.2643010969839235, 0.2798492301954014, 0.25928624700073427, 0.19656342571993218], [0.2687663340758644, 0.28313843685766277, 0.25289864746330826, 0.19519658150314964], [0.27101969502948875, 0.2804666846946474, 0.24483781997727125, 0.20367580019859377], [0.26398355344579866, 0.2820167592582551, 0.2586990765733032, 0.19530061062265788], [0.2671946469246127, 0.2821261124880469, 0.2479886010944876, 0.2026906393928478], [0.25742593137438796, 0.2798634486556124, 0.25604134679757806, 0.2066692730724324], [0.2585759227169057, 0.27770899188516734, 0.25980452941192617, 0.20391055588597845], [0.25452464954068005, 0.28017926954383626, 0.25723276434922016, 0.20806331646627538], [0.2574239293775356, 0.2781004812614233, 0.25315661259884226, 0.21131897666218533], [0.2546437310567801, 0.27057899060632923, 0.2676990095267578, 0.20707826871013685], [0.26031611609810384, 0.2696466342537259, 0.2564595527884824, 0.2135776967596903]], "ideal": "D", "sampled": "A", "correct": false}}
{"type": "result", "data": {"idx": 6, "options": ["mass distorts spacetime.", "gravity affects clocks.", "light can\u2019t escape from a black hole.", "All of these."], "probs": [[0.3532826779830141, 0.13313803572004496, 0.19694733065881334, 0.3166319555381352], [0.3252714807308908, 0.18824605353252663, 0.2835415949157673, 0.20294087072081765], [0.3505137236618517, 0.13344513643206984, 0.21888010282298764, 0.2971610369830902], [0.33969706242746767, 0.17319394733529148, 0.272824978825454, 0.21428401131178906], [0.34406530917065864, 0.20663543352249242, 0.2446901941542715, 0.20460906305258664], [0.3461100815054998, 0.19726718048923594, 0.23953660718617717, 0.2170861307190742], [0.35130994524971093, 0.1388439485371776, 0.2012840777493057, 0.30856202836380925], [0.3243177264440462, 0.19236780546260215, 0.2837899305785009, 0.19952453741485904], [0.3512512132308138, 0.13293580796937962, 0.21918304533754726, 0.2966299333622827], [0.3190521650323689, 0.18223581998622002, 0.282797841154243, 0.21591417372716437], [0.3349306296254888, 0.21154973978642708, 0.24904853585037232, 0.20447109463771856], [0.337034483316844, 0.20233303100324324, 0.2395648263672176, 0.2210676592126968], [0.3376959618369004, 0.1375946879706479, 0.2208838768795996, 0.30382547321285835], [0.33199627680806626, 0.1740939105581161, 0.2724886798154323, 0.22142113271838493], [0.35067621499186874, 0.12727777315554037, 0.20479096508680605, 0.31725504666578297], [0.31630326741352843, 0.17435913087686758, 0.2756237944975006, 0.23371380711208112], [0.32991580478066695, 0.19442526387734, 0.2570490101944524, 0.21860992104753488], [0.32900865663367845, 0.18724441368885222, 0.256666587149106, 0.2270803424283394], [0.3733231868302443, 0.19327968292269057, 0.2255299954668485, 0.20786713468022283], [0.3781633059465591, 0.17793098447789424, 0.22247357531581508, 0.2214321341597288], [0.372372475436339, 0.18730872630481837, 0.23341659011001198, 0.20690220804882942], [0.3763410092864779, 0.17411756625095612, 0.22613079702907155, 0.22341062733348374], [0.36545925827610887, 0.17068765245074025, 0.2508244467039289, 0.21302864246922257], [0.3660246653254633, 0.16603916091858975, 0.24724107280027283, 0.220695100855676]], "ideal": "D", "sampled": "D", "correct": true}}
{"type": "result", "data": {"idx": 7, "options": ["voltage", "energy", "Both of these", "Neither of these"], "probs": [[0.3568612114901142, 0.2617456577669029, 0.23882376503434422, 0.14256936560862482], [0.3384879184006834, 0.26965203448443653, 0.22957501611790346, 0.16228503089697713], [0.39394465413023255, 0.2635755992800522, 0.21149455104507667, 0.13098519544462767], [0.37467917055416444, 0.27479396361249697, 0.207973731058377, 0.14255313467498715], [0.3460387955028341, 0.2746192176518208, 0.22381453838397522, 0.15552744836135], [0.34559324261321095, 0.28499567934062786, 0.21257694631326166, 0.15683413163288826], [0.3487471927710819, 0.2598810846118081, 0.2483757610763947, 0.14299596144072188], [0.33152484945062255, 0.26861708213324165, 0.2374741508663735, 0.16238391744974476], [0.3759589524105688, 0.25906403186605675, 0.22384839870346177, 0.1411286169199092], [0.3603222067657872, 0.2730249571691693, 0.2192570548095033, 0.1473957811555229], [0.3334859025664358, 0.27123573474646695, 0.23003249723075275, 0.1652458653563567], [0.33148532748726633, 0.2887084746702356, 0.21873980876960142, 0.1610663889729083], [0.3834649843427976, 0.26161211822712377, 0.20453652599382185, 0.15038637133627167], [0.3771862653380198, 0.25899133072443, 0.20620054944826943, 0.1576218543892877], [0.381500553038102, 0.2610367318654197, 0.20687721705220596, 0.1505854979442823], [0.37765779372516, 0.2610672854452381, 0.20631527943816033, 0.15495964129143172], [0.33589623762794213, 0.25761575506460066, 0.23039435408501396, 0.17609365312244074], [0.3366324170641062, 0.26529859105269166, 0.23153598586380117, 0.16653300591941045], [0.31962401659278894, 0.26462080742606503, 0.22983586011623588, 0.1859193157649083], [0.32566100957874083, 0.2689877853489303, 0.22467508563438623, 0.18067611933795072], [0.3203498372928504, 0.2640190480285564, 0.22781000764373996, 0.18782110693486656], [0.32749347601240225, 0.2724605678261815, 0.22277077151583702, 0.17727518454560318], [0.31748441825905394, 0.28282936177733364, 0.22805995200412604, 0.17162626785947963], [0.3139320957962911, 0.2909832742838037, 0.23081200218577236, 0.1642726276341262]], "ideal": "A", "sampled": "C", "correct": false}}
{"type": "result", "data": {"idx": 8, "options": ["chaotic", "ordered", "positioned by amplitude", "in phase"], "probs": [[0.34806360053894053, 0.24967764821869126, 0.2583811456390068, 0.14387760550335832], [0.35069891454458174, 0.2515215147951949, 0.2582693924935282, 0.13951017806669994], [0.3403496491819602, 0.25222309421681044, 0.2577177726173687, 0.14970948388386776], [0.33248629559594706, 0.2584421689119367, 0.2590352542236715, 0.15003628116846154], [0.3478262527955392, 0.24810341963781798, 0.2570688987273258, 0.14700142873930655], [0.34098775956063576, 0.25808150029896443, 0.25164892077226503, 0.1492818192681192], [0.36516572645635664, 0.2590702531295957, 0.2465312116789606, 0.12923280863508602], [0.36751563615622285, 0.25909007226733377, 0.2477371993773403, 0.12565709209908332], [0.3562842467846888, 0.25837637282754844, 0.24282777989950705, 0.1425116003882442], [0.35772227463783757, 0.26093706784600157, 0.24508721232731642, 0.13625344508884576], [0.36163819202082736, 0.26165297371488866, 0.23853060521458547, 0.13817822894970028], [0.3618926452821227, 0.26460240540660174, 0.2397803427945799, 0.13372460641669245], [0.34808582547976014, 0.2664947460312242, 0.242846761109704, 0.14257266727930884], [0.3458021485418984, 0.2747400130601012, 0.241654758723618, 0.13780307957435817], [0.3556467717798816, 0.26643180172549663, 0.23289011638552787, 0.14503131000909103], [0.3578424920434194, 0.26887209035695236, 0.23515554510450312, 0.13812987239511842], [0.34156223172549793, 0.2714067715513028, 0.24206390078647377, 0.14496709583671827], [0.3418264205872406, 0.26508349414148996, 0.2499599502370466, 0.14313013493423424], [0.3683332585870933, 0.25165497223539, 0.23795740035598079, 0.1420543687215293], [0.3627902718504534, 0.261570824788468, 0.23622638916193991, 0.13941251409914782], [0.3555161397632398, 0.25804605919319307, 0.23722309633826857, 0.1492147046053056], [0.35464270689809996, 0.2605077359908938, 0.23885661638545333, 0.14599294062554924], [0.349887333337127, 0.25913991924318086, 0.23904396904546088, 0.15192877827424012], [0.34745100129630235, 0.25674482550894007, 0.2447244670828284, 0.1510797060119509]], "ideal": "B", "sampled": "B", "correct": true}}
{"type": "result", "data": {"idx": 9, "options": ["amplitude", "wavelength", "frequency", "energy"], "probs": [[0.3360001678158004, 0.24637335617181855, 0.23074333440064393, 0.18688314151173552], [0.3289239192188632, 0.2509799845468832, 0.22881149871704012, 0.1912845974172292], [0.33779866790078966, 0.24408386878345395, 0.23246382504373078, 0.18565363817201327], [0.33267781489690956, 0.24372790960945784, 0.23515117294750826, 0.1884431024461203], [0.3322448730136505, 0.24970912930852518, 0.23291587827260685, 0.18513011930521744], [0.33076005986372264, 0.24842484761028047, 0.23169189387937217, 0.18912319854661458], [0.32598976092935056, 0.23534337397602223, 0.24477938761695642, 0.19388747737766698], [0.3190430234767316, 0.23836869988728712, 0.24405990255380175, 0.19852837398218523], [0.32831069343099567, 0.23274637844006144, 0.24621013064539887, 0.1927327973835386], [0.3313478759407927, 0.23572735932449512, 0.2432679642317153, 0.18965680040298558], [0.3179982718411186, 0.24167075171111188, 0.2403317393377796, 0.1999992370099859], [0.32897018010690615, 0.24048520448087818, 0.2386542440851161, 0.19189037122710473], [0.3242679220700174, 0.24724308360125927, 0.23523588061596762, 0.19325311361274405], [0.3206233250678354, 0.2462744499405631, 0.23731367479053936, 0.19578855010106153], [0.31775893436350233, 0.24726885384751354, 0.23543738387413898, 0.1995348278148516], [0.3222339929174232, 0.2510877327897656, 0.23036002213687173, 0.1963182520559552], [0.3178331533921562, 0.25138841736975004, 0.23501825156230957, 0.19576017757579373], [0.3235154992008882, 0.2516765722143054, 0.23313127996997277, 0.19167664851483285], [0.33080360630605127, 0.25604187684236673, 0.2331780148117291, 0.179976501939855], [0.32982258730258907, 0.2555657799751136, 0.23227756664360025, 0.18233406597870752], [0.3237970808234327, 0.251589984668646, 0.2348189720295991, 0.189793962378324], [0.334384599285448, 0.2499263287043234, 0.2327745124827188, 0.18291455942750987], [0.3291596426798499, 0.25025648553169616, 0.23742553335180297, 0.18315833833667158], [0.3358087807147715, 0.25084841140915143, 0.2342264147109865, 0.17911639306507662]], "ideal": "D", "sampled": "A", "correct": false}}
{"type": "result", "data": {"idx": 10, "options": ["the same", "opposite", "Either of these", "Need more information"], "probs": [[0.40160519978469705, 0.2615155535665122, 0.2260405229741582, 0.11083872357461033], [0.38928736934772973, 0.25036187451368414, 0.22257334274492707, 0.13777741329367144], [0.42092154416712896, 0.2621219431463125, 0.20772028322029273, 0.10923622936627936], [0.4125494504243499, 0.2571824774378388, 0.20285086462372778, 0.12741720741407858], [0.37238867165152306, 0.2447525507526803, 0.25592066365325145, 0.12693811384255704], [0.3828907361315803, 0.2455660805394432, 0.24435292813634016, 0.12719025509262985], [0.391731125158352, 0.2671296300444203, 0.23693910108854427, 0.1042001436086864], [0.38348190056733306, 0.2565491511524721, 0.22993578877909981, 0.13003315940109447], [0.3961539487992153, 0.26889366909219276, 0.22177916097114772, 0.11317322103746212], [0.40600261709130925, 0.25939172663256077, 0.20894898879715904, 0.12565666737896142], [0.3685974022138173, 0.2496505376607119, 0.2488152607512437, 0.13293679927424407], [0.3810192248627243, 0.24862870000565437, 0.2473718339697715, 0.12298024106185591], [0.4011443502073534, 0.25502608162388885, 0.21764778804457052, 0.1261817800241924], [0.39814007773667376, 0.24634814796811175, 0.21455476869935355, 0.14095700549586762], [0.4067250290451754, 0.2550609372062853, 0.21295226104563172, 0.12526177260291177], [0.41028086037171424, 0.24417138833419164, 0.2092578854112189, 0.13628986578288765], [0.3995529072073715, 0.23759241313266927, 0.23358688932499927, 0.12926779023495763], [0.40575469858731567, 0.23040156243523832, 0.23784002347412433, 0.12600371540332436], [0.3388942085428018, 0.28186503588924183, 0.25420308318933127, 0.12503767227861934], [0.35224144801212504, 0.2843561213441469, 0.24084145145682767, 0.12256097908689062], [0.34712675029219514, 0.2788715118368007, 0.24444726340422343, 0.1295544743667684], [0.3631611928745824, 0.28079971230286516, 0.23636361899799935, 0.11967547572453888], [0.35838494267727333, 0.28396062489173435, 0.22113292043618193, 0.136521511894811], [0.36596609881346515, 0.27589936082110234, 0.2253871433277891, 0.13274739693764356]], "ideal": "B", "sampled": "C", "correct": false}}
{"type": "result", "data": {"idx": 11, "options": ["conduction", "convection", "radiation", "radioactivity"], "probs": [[0.26481305409517886, 0.23826861803478264, 0.25453668107607236, 0.2423816466939703], [0.2559695749065282, 0.2401037946220405, 0.25742292882571793, 0.2465037015457165], [0.2699494159294854, 0.23899434646535378, 0.25221257503066474, 0.2388436624744938], [0.27017478933110606, 0.2420879344932055, 0.25013209822937954, 0.237605177846298], [0.26183567229493326, 0.24180750336343612, 0.2505280482798072, 0.2458287759618327], [0.2679667315858958, 0.24348274731653605, 0.24917148514097148, 0.23937903585659545], [0.2756600477262537, 0.25001716388654255, 0.2373311261577192, 0.23699166212949754], [0.2661116791285426, 0.25068101696029327, 0.24206624747682015, 0.24114105633433025], [0.27285238375447113, 0.2515910475722695, 0.24401944447037663, 0.23153712410287763], [0.266996456700755, 0.25034612697592684, 0.24098067407492682, 0.24167674214840779], [0.2699240217268564, 0.2541427505664044, 0.24178746308831325, 0.2341457645184147], [0.2675773073211491, 0.2526598762524631, 0.23883147582242956, 0.2409313405039642], [0.26955213231743375, 0.25585843999966745, 0.2413026935137076, 0.23328673406919903], [0.27085028155626595, 0.2581477966619438, 0.23854425457899528, 0.2324576671027911], [0.271001117794328, 0.2587680310442152, 0.24019807945956712, 0.23003277160187943], [0.26641460624981106, 0.25526265084348704, 0.2369895443027451, 0.24133319850394247], [0.2699593374717658, 0.25955912080957216, 0.24592230637078896, 0.22455923524787844], [0.26779738280781107, 0.2556614489048018, 0.24018372227910922, 0.2363574459082744], [0.25157033555836894, 0.26495133053844233, 0.23518314698049145, 0.24829518682269025], [0.25918522274267497, 0.26745011117634543, 0.23399381227798863, 0.2393708537029868], [0.2545562392878504, 0.26336116997186254, 0.2407914424186821, 0.24129114822160883], [0.2559211153450866, 0.26006942455105736, 0.23792031429407434, 0.24608914570978588], [0.2599877736477257, 0.2648563692505298, 0.24229870190613684, 0.2328571550956058], [0.25988041081142255, 0.25852430403960724, 0.23701923533044061, 0.24457604971853092]], "ideal": "C", "sampled": "A", "correct": false}}
{"type": "result", "data": {"idx": 12, "options": ["half, 1 A", "2 A", "Depends on which lamp is closer to the battery", "Not enough information to say"], "probs": [[0.38984786671999194, 0.267777008534415, 0.23290479702749742, 0.10947032761810609], [0.37058236193008226, 0.2681447517348058, 0.24087910744113583, 0.12039377879397926], [0.40231011893700075, 0.26123684438797423, 0.22845230418350973, 0.10800073239151796], [0.39293274893369307, 0.2607545953272703, 0.22691261674448585, 0.11940003889455957], [0.36412641245223537, 0.2721143648202265, 0.24490321446014515, 0.11885600816738615], [0.36625435121033373, 0.27162367075629984, 0.23579800674767515, 0.12632397118568878], [0.43382015370193494, 0.25709933851192773, 0.20752613072235437, 0.1015543769638055], [0.41523415330137814, 0.2575290992670899, 0.2135718815501236, 0.11366486578140733], [0.4416619258607054, 0.24934896979520754, 0.2111393039857786, 0.09784980025830407], [0.44602819266694826, 0.23498536376434412, 0.2055402998763362, 0.11344614359235723], [0.4033379799706963, 0.25659958539661737, 0.23175924740574105, 0.10830318712696452], [0.41468613293252216, 0.24489953563369965, 0.22407043421204895, 0.11634389712172971], [0.38630198372323, 0.25590766279687643, 0.23555896695189088, 0.12223138642802069], [0.39041585831617703, 0.2530610921059824, 0.22747553126915623, 0.12904751820867538], [0.39142352993366997, 0.25291334825073214, 0.22838285085226032, 0.12728027086332558], [0.40590096962783595, 0.23825103052898142, 0.22294840606557412, 0.13289959367762122], [0.36909286820823867, 0.24926241308095143, 0.24823923177866694, 0.13340548683215384], [0.37920972223198435, 0.23950072662875727, 0.24380247250204592, 0.13748707853721895], [0.31732396767172316, 0.27167987241921077, 0.27368910899493504, 0.13730705081413877], [0.33638386106293355, 0.27394101674526633, 0.2500441034164013, 0.13963101867540784], [0.32895399401608555, 0.2670576790760633, 0.2687170977071631, 0.13527122910068645], [0.35644701323130257, 0.25744465742749434, 0.24977538696749468, 0.1363329422736983], [0.32673603555991104, 0.26134876388675427, 0.26978521576837244, 0.14212998468493668], [0.3429878033902066, 0.25193828383434774, 0.2638850350205339, 0.1411888776549271]], "ideal": "B", "sampled": "B", "correct": true}}
{"type": "result", "data": {"idx": 13, "options": ["increase.", "decrease.", "remain unchanged.", "None of these."], "probs": [[0.38793351756515015, 0.2755379805114823, 0.2392141601999475, 0.09731434162340871], [0.3954501580947337, 0.2705374276298476, 0.2331250309740567, 0.10088738320135243], [0.39710619055683455, 0.27246445924338425, 0.2329430728131415, 0.09748627728662716], [0.39938046240059544, 0.278044183987057, 0.22796044723449022, 0.09461490627785239], [0.3827276238416665, 0.2828549492084755, 0.22230911923918492, 0.11210830761066537], [0.3772904707074752, 0.2879348115024075, 0.2189925123454258, 0.11578220534468704], [0.3787856679953818, 0.2930975125422986, 0.22626509997327313, 0.10185171938904806], [0.3846913038325734, 0.28875782524754484, 0.22021865476945737, 0.10633221605043484], [0.38277782118938297, 0.28998475859839734, 0.21958068101368985, 0.10765673909851894], [0.3948416992439875, 0.2950509870556798, 0.2060822181440517, 0.10402509545630192], [0.3710959854952344, 0.2916421850743404, 0.21367826263973014, 0.12358356669067894], [0.3716241865913965, 0.29995211812179895, 0.2030838962267817, 0.12533979896000738], [0.36993077479094644, 0.27962811612995037, 0.2402425312579534, 0.11019857772115277], [0.37763140700628006, 0.278620410774414, 0.23629284273993703, 0.10745533937937414], [0.361481611436162, 0.28202386819585146, 0.24549955314962849, 0.11099496711835145], [0.3766538537814476, 0.28183814614889585, 0.23361594067200564, 0.10789205929766145], [0.35356629269092693, 0.2817026048397956, 0.22204124912432083, 0.1426898532449639], [0.3525442477523583, 0.28699839789623327, 0.21475434846799796, 0.14570300578341655], [0.3708824275209111, 0.26518797434433866, 0.23825410538831623, 0.1256754926464262], [0.3671511960260019, 0.2637861966086185, 0.23546221049875052, 0.1336003967666161], [0.3542531545281874, 0.27158137217226064, 0.2388448490318968, 0.13532062416767635], [0.3526937752556799, 0.2744121150231948, 0.2272897638123679, 0.14560434580875467], [0.36247737373850236, 0.2562404511827925, 0.23302389365203552, 0.14825828132666832], [0.3528087701108146, 0.26277437701598916, 0.22685714174442692, 0.15755971102875885]], "ideal": "A", "sampled": "A", "correct": true}}
{"type": "result", "data": {"idx": 14, "options": ["2mg", "mg", "mg/2", "mg/4"], "probs": [[0.2842721320697879, 0.25115028916864895, 0.28584400320671927, 0.1787335754548301], [0.28099097876089113, 0.2512070567022495, 0.287110675293532, 0.18069128914331226], [0.29217044989954255, 0.24579664033949827, 0.29465002676903856, 0.16738288289191966], [0.27794806257174537, 0.24556681954876686, 0.28581401334200884, 0.19067110443747837], [0.28952311929134567, 0.25135359350584413, 0.2906864754784725, 0.1684368116243486], [0.2749095014582502, 0.25287134904150205, 0.28878657605662833, 0.18343257334362514], [0.30025001761043063, 0.23668527334611877, 0.2970804575922108, 0.16598425135125408], [0.2975514010906818, 0.23727394281750053, 0.297925262102091, 0.16724939388972113], [0.3005896756864429, 0.23107392685100403, 0.2918246381937081, 0.176511759168858], [0.2933534224336197, 0.23094997422976288, 0.29023706441512637, 0.18545953882149901], [0.29761655024238093, 0.23309100892845708, 0.29514880824562556, 0.1741436324835513], [0.29097810327448, 0.2341229876930747, 0.2948691538577485, 0.18002975507469532], [0.30003814315953264, 0.23940191476417677, 0.2951634435376377, 0.1653964984386628], [0.28877156304095564, 0.24307616596459844, 0.28547558916493004, 0.18267668172951362], [0.2952437090876016, 0.2428773909499538, 0.28068850135781936, 0.18119039850461055], [0.2891838883681554, 0.24418861989681745, 0.28121661220057115, 0.18541087943442858], [0.2745768402784007, 0.24049703137141712, 0.30502602295518827, 0.17990010529496797], [0.2891078155259023, 0.24055505219090742, 0.31023794761095724, 0.16009918457223057], [0.3005736020651989, 0.24602131500636437, 0.2905932689687648, 0.16281181385966104], [0.28733374270973194, 0.25040718007634666, 0.287337557043234, 0.17492152007069692], [0.2965382825374222, 0.24797087516877434, 0.27586943418224075, 0.1796214080115772], [0.29289062094689494, 0.2498936521039679, 0.2776261247321167, 0.17958960211700808], [0.2791661182331299, 0.2490352829619309, 0.29659683314248775, 0.17520176556244363], [0.29245518708921175, 0.24738579602253824, 0.30115171820228015, 0.15900729858598112]], "ideal": "B", "sampled": "B", "correct": true}}
{"type": "result", "data": {"idx": 15, "options": ["less.", "equal.", "greater.", "none because it sinks."], "probs": [[0.38218477390531014, 0.24441295497786872, 0.21738840211581573, 0.15601386890101496], [0.3714638835113304, 0.25640277393755745, 0.21543608286166985, 0.15669725958944533], [0.3990767851123535, 0.2349944206305701, 0.2071663598614005, 0.1587624342956696], [0.3882726315240607, 0.2407059155376571, 0.21335960265798573, 0.157661850180301], [0.3556324394898345, 0.24642626225099257, 0.2300771869900447, 0.1678641111691326], [0.3775079720713136, 0.2445358630231063, 0.21975748002868123, 0.1581986847769065], [0.3915610139972094, 0.2530398774449836, 0.20851222910818426, 0.14688687934962147], [0.3820432609391713, 0.25983862966157434, 0.2097604241960144, 0.14835768510323463], [0.38700570356467534, 0.24764321001662698, 0.2223699520980131, 0.1429811342206735], [0.3876983059318181, 0.2537019339645147, 0.21520525393029138, 0.14339450607336915], [0.3480047306229104, 0.25335724093300166, 0.23177552263819678, 0.16686250570588204], [0.37156654444089976, 0.2535407360815736, 0.21874558955407786, 0.156147129823456], [0.4151945383482632, 0.2405611159512279, 0.19698382993636968, 0.14726051566413026], [0.4018291147049009, 0.24693621370014848, 0.20538242002722695, 0.1458522514677046], [0.4039131686611251, 0.24641938194800217, 0.20983213198456316, 0.13983531730630827], [0.395872395172848, 0.2528672929030422, 0.20826856132579416, 0.1429917504983131], [0.38543991146419454, 0.24547881975764307, 0.21633384827422303, 0.15274742040394354], [0.3854447798841327, 0.24796630889025684, 0.21361147295272034, 0.15297743817289106], [0.3219647478797053, 0.2620541274359758, 0.24007736306944755, 0.17590376151487003], [0.3470845227736608, 0.25740144279078925, 0.23514514930208874, 0.16036888503348085], [0.32854510280917426, 0.25744846449746905, 0.24876478912128827, 0.16524164347205195], [0.34278216320931226, 0.25738795762712907, 0.24014319142111898, 0.15968668764244826], [0.3608560474203764, 0.25747992444065204, 0.2338623228255267, 0.1478017052134414], [0.3497452403848534, 0.25880026541225176, 0.22989382472683317, 0.1615606693760861]], "ideal": "A", "sampled": "C", "correct": false}}
{"type": "result", "data": {"idx": 16, "options": ["red.", "green.", "white minus red.", "a mixture of green and yellow."], "probs": [[0.33374151914277606, 0.23334973704012954, 0.2707588250843637, 0.16214991863272749], [0.34125871454723894, 0.23103869224130338, 0.2786987496502497, 0.1490038434612036], [0.3369495267531276, 0.2326500414967064, 0.2748478633866182, 0.15555256826357802], [0.3427548055077988, 0.23034655592170608, 0.28458574159897604, 0.14231289687152457], [0.3502128698168075, 0.23535566048338352, 0.2688225779109494, 0.14560889168885505], [0.34960922781452825, 0.2336373996609665, 0.2695531511844619, 0.14720022124004228], [0.3297025019410689, 0.22741395289788208, 0.2785854062043808, 0.16429813885667158], [0.33784199988803, 0.22716814097951665, 0.2838314479925911, 0.1511584110398761], [0.32320731755254295, 0.22817388416373996, 0.2853797064899278, 0.16323909169379655], [0.3304083138626794, 0.225570111758833, 0.28755719233402766, 0.1564643819444674], [0.3325489806739548, 0.22772487819908693, 0.2878799873427172, 0.15184615368422646], [0.34054028793262636, 0.2231660695348261, 0.27756295394315944, 0.1587306884893964], [0.335568856759419, 0.23796880183481461, 0.2662447401986814, 0.16021760110708003], [0.33404090970769396, 0.23708005528550075, 0.2814437609979388, 0.1474352739088736], [0.331425552153619, 0.23400377484634233, 0.2704477674302956, 0.1641229054697371], [0.33770878612856703, 0.23216859113692342, 0.27223054624788584, 0.15789207638661654], [0.34630771354674733, 0.22979959086205365, 0.27622603360754105, 0.1476666618836607], [0.34258781517874626, 0.2279471301213958, 0.2713647682166155, 0.15810028638323873], [0.34604494312125816, 0.22880325469855417, 0.27524368922897646, 0.14990811285121056], [0.34668873916111076, 0.2282199064486522, 0.274535980992208, 0.15055537329803742], [0.34542856648859804, 0.2272744614910774, 0.273400851935929, 0.1538961199843789], [0.3469869591569968, 0.22615828235913676, 0.26778092659913066, 0.15907383178474838], [0.3440699025745468, 0.22407283967095526, 0.2790764204290782, 0.15278083722542768], [0.3366382529085686, 0.2184489864217821, 0.2782046035868899, 0.1667081569827461]], "ideal": "A", "sampled": "D", "correct": false}}
{"type": "result", "data": {"idx": 17, "options": ["speed", "frequency", "wavelength", "All of these"], "probs": [[0.3061767533112592, 0.2523786088986451, 0.21438190500206047, 0.22706273268802907], [0.2910598786228274, 0.30132544434373787, 0.20787293737680934, 0.19974173955662328], [0.3031421315766664, 0.25973816679851247, 0.20486839204842452, 0.23225130947640676], [0.2925413437188442, 0.3016358240987246, 0.20001945137439972, 0.20580338070804977], [0.3069898553430556, 0.31436516455411173, 0.1738185105401635, 0.20482646946267466], [0.3063628023412308, 0.3204250132710814, 0.1764575739887215, 0.196754610298971], [0.30809298880477104, 0.25617705144973235, 0.21101488746210276, 0.22471507218339606], [0.2913473239779287, 0.3007473476296455, 0.20746813565394387, 0.20043719263847548], [0.30344630259765604, 0.26039780067304263, 0.2076002727459612, 0.22855562388333425], [0.2894584786311489, 0.29833540871895436, 0.20051373681473114, 0.21169237573518568], [0.3093948363948418, 0.3164100646656246, 0.17033576963628674, 0.20385932920324687], [0.31293534232995074, 0.3147911500734234, 0.16798016401143048, 0.20429334348519768], [0.3032487393580748, 0.24692345912977332, 0.21213944884807287, 0.23768835256407167], [0.29099328298084753, 0.2843201574260567, 0.21441540061402378, 0.21027115887908224], [0.30107116696208036, 0.24806976315878676, 0.21556663511027926, 0.23529243466885358], [0.28714127369161707, 0.2866147380102925, 0.21177799269507427, 0.21446599550299572], [0.3060206218294857, 0.30380432499088666, 0.18503599096372442, 0.20513906211590507], [0.3080145594087921, 0.30218467898296975, 0.17986974336044084, 0.20993101814777979], [0.30299319413438175, 0.2944801775936961, 0.18102987851452118, 0.22149674965739485], [0.29948555958848266, 0.301024875079336, 0.1825357313664236, 0.21695383386575218], [0.31201867508809505, 0.2909881868899286, 0.17879633971977008, 0.218196798202215], [0.31098631095520807, 0.2893959741496393, 0.17757756342936848, 0.2220401513657704], [0.30884608045738615, 0.30132939153957977, 0.17012016019660653, 0.21970436770642984], [0.3098505048345691, 0.29793743249903587, 0.1678129613143704, 0.22439910125202656]], "ideal": "B", "sampled": "D", "correct": false}}
