{"type": "result", "data": {"idx": 0, "options": ["It is hard not to verify in our peers the same weakened intelligence due to emotions that we observe in our everyday patients.", "The arrogance of our consciousness, which in general, belongs to the strongest defense mechanisms, blocks the unconscious complexes.", "Because of this, it is difficult to convince people of the unconscious, and in turn to teach them what their conscious knowledge contradicts.", "It is difficult to convince people of the unconscious, and in turn to teach them what their conscious knowledge contradicts."], "probs": [[0.32493798617140296, 0.20580378556284484, 0.2575768412904507, 0.21168138687529967], [0.3359456420766125, 0.2117266887225103, 0.25370702155168745, 0.19862064754920664], [0.32466013932613164, 0.21015757476549127, 0.2621414224386348, 0.20304086336973673], [0.325993718678981, 0.2060951196300176, 0.2664082684607649, 0.2015028931302303], [0.3277984908809373, 0.21125395701445507, 0.2565904492951918, 0.20435710270940372], [0.32945408557499134, 0.20717052062118502, 0.2638123693792192, 0.19956302432460396], [0.3250684291016128, 0.20375764163031526, 0.25515531265032476, 0.21601861651774276], [0.3329890407830066, 0.21151482029344124, 0.24927159717762346, 0.20622454164592402], [0.33225055168946455, 0.2068011146785086, 0.2528787812064118, 0.2080695523256111], [0.3321270169706049, 0.20145291978985885, 0.2605013889065476, 0.20591867423299534], [0.3286680940221706, 0.21431902604827405, 0.2459984644997117, 0.21101441532983975], [0.32737289853499024, 0.2045456062208897, 0.25701860023041706, 0.21106289491371955], [0.34042204212821864, 0.22254909344247298, 0.24745413919824819, 0.18957472513106846], [0.3303008482934432, 0.2180308716229194, 0.26368409254087916, 0.18798418744275436], [0.3465294786050615, 0.21685703601496717, 0.24729133759668173, 0.1893221476832812], [0.327309899441088, 0.21426514422630757, 0.26822811869744523, 0.1901968375351693], [0.3254233020383322, 0.21761264687268767, 0.2638482769143568, 0.19311577407462013], [0.3227347857570159, 0.21618309221597762, 0.26386654163356144, 0.19721558029343558], [0.33649084356803083, 0.2097412672363794, 0.24892739058993094, 0.20484049850566216], [0.3280389065168877, 0.20657420731752457, 0.26358634224101896, 0.20180054382455778], [0.3383733860461549, 0.20672291025214587, 0.24738348968565632, 0.2075202139160389], [0.32523544149902217, 0.20362784024939073, 0.26331117186029307, 0.2078255462913028], [0.33090550539567304, 0.20528209908749012, 0.26032685083515256, 0.20348554458169363], [0.3257339055468234, 0.20237100617909382, 0.26058559844795004, 0.2113094897261255]], "ideal": "D", "sampled": "D", "correct": true}}
{"type": "result", "data": {"idx": 1, "options": ["Tdc", "Tcd", "Tcc", "dTc"], "probs": [[0.37795548906144183, 0.3020277654035697, 0.18715061954449264, 0.13286612589050217], [0.3803701693487419, 0.30636776412299593, 0.18090557693744838, 0.13235648949081102], [0.3782513485708348, 0.3020835717417121, 0.18752813573482602, 0.13213694385261865], [0.38144942460788867, 0.3020138580602789, 0.18328731453552596, 0.1332494026962978], [0.3771543563615709, 0.3003857836735786, 0.1787890492565701, 0.14367081060827458], [0.3752433179567992, 0.2982608902684486, 0.17723850168705105, 0.14925728998769627], [0.37074696906733723, 0.2969285652669046, 0.19882484235446618, 0.13349962321127232], [0.3764132374778099, 0.2994070505185732, 0.1887845012856499, 0.1353952106179746], [0.370766930334223, 0.30276317693663934, 0.19409849633017684, 0.1323713962989677], [0.3740701218992789, 0.303246336481356, 0.1927433035713129, 0.12994023794806012], [0.3758397198078423, 0.3016544531076494, 0.18573401335590806, 0.13677181362859914], [0.3738556606278593, 0.299770178486961, 0.18669896244700107, 0.1396751983381847], [0.376183369137326, 0.2949127165102601, 0.19531468296102858, 0.1335892312913872], [0.37837688337307757, 0.2963236352693431, 0.19072006162719984, 0.13457941963037826], [0.37373909772921804, 0.2988053430776055, 0.1945224471153864, 0.13293311197780694], [0.3760851985403837, 0.30030629679180837, 0.1957915655653234, 0.12781693900249216], [0.3728041856361709, 0.2950648002764446, 0.1896905092564054, 0.14244050473097455], [0.3727843500482771, 0.2963948649852631, 0.1905320612054712, 0.1402887236609659], [0.36350183448313467, 0.2958715683510832, 0.17309225228442485, 0.16753434478137633], [0.3629351582342888, 0.2937952514716926, 0.1735597720180748, 0.16970981817594455], [0.3642250934283458, 0.29812231413955653, 0.17467922587215523, 0.16297336645996294], [0.3619430958309544, 0.2972749730252172, 0.17428726761130897, 0.16649466343250552], [0.36530969127335344, 0.29522080484941543, 0.16820913196265472, 0.17126037181459336], [0.3632056984746901, 0.29749545861170823, 0.16997887849391521, 0.16931996431969784]], "ideal": "A", "sampled": "B", "correct": false}}
{"type": "result", "data": {"idx": 2, "options": ["Some large houses are bigger than some apartments.", "Some houses are bigger than all large apartments.", "Some large apartments are bigger than some houses.", "Some houses are bigger thatn some large apartments."], "probs": [[0.3177561537234185, 0.2753731542273571, 0.2381111318551786, 0.16875956009405077], [0.31587499877638264, 0.2735817208846904, 0.24197095255202264, 0.1685723276869095], [0.3173136355341283, 0.2720684181738914, 0.23515799672573762, 0.17545994946622365], [0.3163165645166147, 0.27448743673670417, 0.2389189436418386, 0.17027705500483106], [0.3176733524474818, 0.27174605351272646, 0.23973195724480284, 0.1708486366950091], [0.3192850699296861, 0.27215133140793124, 0.24024189531867365, 0.1683217032437225], [0.31949074318088966, 0.2727720015288743, 0.23672125892989898, 0.17101599626035302], [0.3167338467061939, 0.2740355542224871, 0.24043661638950997, 0.16879398258179468], [0.32078522905664497, 0.27279349784259904, 0.23476778376773308, 0.17165348923304083], [0.31820747733089116, 0.27595564842498604, 0.23755997831157652, 0.16827689583255925], [0.31837974023682075, 0.2717814426661863, 0.24011893701908, 0.1697198799779173], [0.32039233112231014, 0.2718201777121051, 0.23878256786821755, 0.16900492319736019], [0.3155350547558543, 0.27179096844334755, 0.2358796508020349, 0.176794325898748], [0.3151009476405096, 0.27423354542573186, 0.23940926915458816, 0.17125623767915968], [0.3152378771955905, 0.27645644955458726, 0.23637785660144023, 0.17192781654836906], [0.31395011818995494, 0.2769887880128858, 0.2391446113711043, 0.16991648232608397], [0.3161668105951247, 0.2741228446234788, 0.23819003107537592, 0.17152031360605166], [0.31542629579218484, 0.2750348547078787, 0.23727158464133502, 0.17226726475860732], [0.3164307553486024, 0.27756023030761834, 0.2367460836455164, 0.16926293059826114], [0.319257816714881, 0.27521738878899443, 0.2372136847429446, 0.1683111096531805], [0.31621459718842165, 0.277619223829595, 0.23802610541285388, 0.16814007346910922], [0.3178948934366756, 0.2783306721633225, 0.2367596253943297, 0.16701480890565748], [0.31909568823538315, 0.27601269635041886, 0.23555062144278305, 0.16934099387140655], [0.31798987610923424, 0.27905650514273994, 0.23405797375526624, 0.168895644892763]], "ideal": "C", "sampled": "D", "correct": false}}
{"type": "result", "data": {"idx": 3, "options": ["Valid", "Invalid. Counterexample when G and H are true", "Invalid. Counterexample when G is true and H is false", "Invalid. Counterexample when H is true and G is false"], "probs": [[0.37682723789373157, 0.23878197485202057, 0.25040192080371143, 0.13398886635054957], [0.3774386673231664, 0.2390881019304593, 0.24933198296995845, 0.13414124767642063], [0.375409567146738, 0.24249238078645752, 0.251370309739252, 0.13072774222756126], [0.37498450402577765, 0.2446851320772021, 0.24927002215572047, 0.131060341641308], [0.3750328965813023, 0.242061902830652, 0.25247821192433373, 0.13042698856372764], [0.3755622102739232, 0.2443626375478062, 0.2497148415642851, 0.13036031051398203], [0.37717901429739475, 0.25221357913634035, 0.23064322040804164, 0.13996418605824024], [0.37733358508530684, 0.2520529444837742, 0.23047532935413356, 0.1401381409767776], [0.3734347883754243, 0.24499113219130653, 0.2388618723181661, 0.14271220701511866], [0.37138568746656014, 0.24201137048228652, 0.23342150781796125, 0.15318143413320176], [0.37358247984315196, 0.24372857622747773, 0.24017869573348183, 0.1425102480958799], [0.3712870909038666, 0.24072774159636764, 0.23437964945810746, 0.15360551794165142], [0.37930889792935124, 0.25595721710433755, 0.22952307930616372, 0.135210805560154], [0.37787693166744885, 0.25570712665766315, 0.229864577925287, 0.13655136364958667], [0.3731436091716797, 0.25003719455030965, 0.23331489497352048, 0.1435043012044867], [0.37325959471834175, 0.24516424312209073, 0.23061740164559524, 0.15095876041398887], [0.3743658984605588, 0.2458654674750928, 0.23211738408401486, 0.14765124988034806], [0.3726046001985083, 0.2417412834484711, 0.23106093841278083, 0.1545931778402295], [0.3786471275541536, 0.25601362443587883, 0.23058981481471466, 0.1347494330952649], [0.37867894615590075, 0.25598159594413017, 0.22951626469140007, 0.1358231931085585], [0.3737422867832206, 0.2497191305673801, 0.2332370079783538, 0.14330157457104112], [0.3730497616717582, 0.24567900996668188, 0.2305138273356888, 0.1507574009258847], [0.3756927994253586, 0.24591377052099098, 0.230690300975174, 0.1477031289784829], [0.3736451557148775, 0.24200827878471623, 0.22996776221876478, 0.1543788031816304]], "ideal": "A", "sampled": "A", "correct": true}}
{"type": "result", "data": {"idx": 4, "options": ["If it's not the case that both Izzy plays Minecraft and Ashleigh stops by then Russell makes dinner.", "If it's both not the case that Izzy plays Minecraft and Ashleigh stops by then Russell makes dinner.", "Izzy playing Minecraft and Ashleigh stopping by entails that Russell makes dinner.", "Russell's making dinner is a sufficient condition for Izzy not playing Minecraft and Ashleigh stopping by."], "probs": [[0.3220717305894233, 0.2554126918035804, 0.22118546697064415, 0.2013301105363721], [0.3293400437816616, 0.2530784189486812, 0.21873727357329667, 0.19884426359635413], [0.32826240999571704, 0.25892609343664935, 0.21393249766345315, 0.19887899880417578], [0.3159134540332001, 0.2569588756820646, 0.2131623293983693, 0.21396534078636378], [0.3330837859027086, 0.25958810371582136, 0.2132686099360909, 0.1940595003453781], [0.3149079812787065, 0.25542671876915857, 0.21137789642208013, 0.21828740343006667], [0.31865915263028577, 0.25812017000254084, 0.22165868245837023, 0.20156199480879888], [0.326518703808427, 0.2563847821395014, 0.2198409262743802, 0.19725558767771487], [0.3253171993052209, 0.26133944713528423, 0.21425356107997875, 0.19908979237951377], [0.31399894142948065, 0.2589043643022958, 0.21228382197254514, 0.21481287219568215], [0.3302121263234052, 0.26230346216736206, 0.2139059975409006, 0.1935784138683274], [0.31260991470732685, 0.25720334939347117, 0.2113395769144138, 0.21884715888478476], [0.33705976886433536, 0.2403069277887959, 0.21750098952953953, 0.2051323137173177], [0.32311336946573044, 0.2368902927273458, 0.22388740107781108, 0.2161089366291089], [0.3371780212568595, 0.23862781352005713, 0.22173057683360134, 0.20246358828948752], [0.32238800273341933, 0.23516391290593547, 0.2273390076781935, 0.2151090765824516], [0.33106702237762886, 0.23452789848650604, 0.22012140812946254, 0.21428367090641381], [0.3301265146380133, 0.2354145703845178, 0.22026619104230674, 0.21419272383515445], [0.3453466313174135, 0.2541066708886842, 0.20930168232403107, 0.19124501536986172], [0.3260368663268423, 0.2511577959281291, 0.21296197391589605, 0.20984336372912946], [0.34502120903504635, 0.254533629319355, 0.20948915131110335, 0.19095601023449832], [0.3262368197629795, 0.25051090126872505, 0.21379562229597268, 0.20945665657232854], [0.3322926103250494, 0.24997568253224506, 0.2118840772987444, 0.20584762974396623], [0.3335822411096724, 0.2503545267115735, 0.21142477307697785, 0.2046384590017768]], "ideal": "B", "sampled": "D", "correct": false}}
{"type": "result", "data": {"idx": 5, "options": ["Some houses are smaller than all apartments.", "Every house is bigger than every apartment.", "Some apartment is smaller than every house.", "Some houses are bigger than every apartment."], "probs": [[0.3198305427119106, 0.28478699578658945, 0.2249218901774449, 0.17046057122405012], [0.3265950780366775, 0.28509352962505713, 0.22472868148265984, 0.16358271075559744], [0.3244786669419414, 0.2796935231018023, 0.22591701775985673, 0.16991079209639826], [0.3276081461016338, 0.277792721868528, 0.22636333283375218, 0.16823579909606448], [0.32970969566158004, 0.28342963088708883, 0.22568732436707306, 0.16117334898424943], [0.3284569002264426, 0.27771923681887745, 0.2262625530337364, 0.1675613098209505], [0.33014830408196916, 0.2818312201240901, 0.2212145832158534, 0.16680589247809494], [0.33021075939907607, 0.28437740222660396, 0.22535179025952476, 0.16006004801478738], [0.3280511271959566, 0.2803911209833704, 0.22386089912873777, 0.167696852591945], [0.32489714638866357, 0.2842344584477224, 0.22695116622340203, 0.1639172288402122], [0.32954337338746575, 0.28564533603149983, 0.22499198764613718, 0.15981930283487894], [0.32684755134779225, 0.28598540839255376, 0.22558390155581118, 0.16158313860384033], [0.32103149323786956, 0.2832639797110202, 0.22491923577845963, 0.17078529117266553], [0.32706125147173476, 0.27815808695225747, 0.22495570121405475, 0.16982496026195165], [0.3209409322783072, 0.28679665650279373, 0.22486962225407606, 0.16739278886481498], [0.32407418001558297, 0.2884758449118064, 0.2241920654135066, 0.1632579095590945], [0.32753945792755224, 0.278121277466867, 0.22565117911452298, 0.1686880853910525], [0.32377796912608275, 0.28744679407456697, 0.2250427029848735, 0.16373253371447152], [0.3302523788623931, 0.28381778978969174, 0.22581269587453603, 0.16011713537339098], [0.33639013073218843, 0.27721935697671873, 0.22204441763499716, 0.1643460945560972], [0.33073371739223173, 0.28890266699388223, 0.22286046775595347, 0.15750314775791197], [0.32790081250851705, 0.28954474220211096, 0.22350751925153828, 0.15904692593782063], [0.33439576093750756, 0.27668133462559236, 0.22262913643578955, 0.16629376790110728], [0.32656953780591025, 0.28523335997597793, 0.22528331358558473, 0.16291378853252683]], "ideal": "D", "sampled": "B", "correct": false}}
{"type": "result", "data": {"idx": 6, "options": ["Valid", "Invalid. Counterexample when K and L are true", "Invalid. Counterexample when K is true and L is false", "Invalid. Counterexample when L is true and K is false"], "probs": [[0.3984246411655196, 0.239374433771897, 0.23125542361679408, 0.13094550134579638], [0.3999610873017515, 0.2395264863346792, 0.22980213673975206, 0.1307102895238102], [0.3971438545357013, 0.24203982042702948, 0.23241187095040455, 0.12840445398684844], [0.3947457749549065, 0.24480241350164442, 0.23171071247812014, 0.1287410989653461], [0.3971944254355347, 0.2416784614497295, 0.23307937934728604, 0.12804773366744102], [0.3963932343180996, 0.24413194793042164, 0.23142586270687993, 0.1280489549445891], [0.38480009303463236, 0.2446869176725836, 0.22428521565734028, 0.1462277735354497], [0.3862308626495564, 0.24441973436578726, 0.22314386907628, 0.14620553380837917], [0.3767093764046918, 0.2383667038978603, 0.23957018120332402, 0.14535373839412885], [0.36428533270677876, 0.2381073202505901, 0.23650865717567005, 0.161098689766942], [0.3779830968987195, 0.23741927358899173, 0.24022150812753978, 0.14437612128473684], [0.3649331986548521, 0.2370547731398217, 0.23720066708349205, 0.16081136102184662], [0.3878570542573082, 0.24769816212914228, 0.2224032197849132, 0.14204156372863003], [0.38339828210845955, 0.24942251823416112, 0.2243719230156019, 0.1428072765417719], [0.3770286378734379, 0.24259352855166574, 0.23377423443938833, 0.1466035990355113], [0.3657913659779506, 0.24217541488049835, 0.2314539832719443, 0.16057923576960467], [0.3770026908770822, 0.2422242861014547, 0.23168566451454448, 0.14908735840693177], [0.36429554978067663, 0.23926360475009573, 0.23230435327559812, 0.16413649209363906], [0.38752124585274994, 0.24775332444457487, 0.22349628683485787, 0.14122914276780416], [0.38598646172991663, 0.24921751766080003, 0.22331024825487297, 0.1414857722544113], [0.3770304522165143, 0.2432003570034259, 0.2340267274702148, 0.1457424632098528], [0.3641190842300695, 0.24254960411535248, 0.23370544780144822, 0.15962586375313229], [0.3794801568152251, 0.24198568788681735, 0.23006721186609852, 0.14846694333186358], [0.3650995138622461, 0.24003406616473139, 0.2309615114780567, 0.16390490839496305]], "ideal": "D", "sampled": "A", "correct": false}}
{"type": "result", "data": {"idx": 7, "options": ["The university increases financial aid.", "The university does not increase financial aid.", "The board of trustees prevents it.", "The president fails to approve it."], "probs": [[0.360750000202321, 0.24920543950791024, 0.23356692566414455, 0.15647763452563537], [0.3524440840889347, 0.2503314416269263, 0.2386112832991366, 0.1586131908849904], [0.35789933457738976, 0.2562783542554212, 0.23430351822010836, 0.1515187928470794], [0.3592230972371361, 0.25686694498725465, 0.23286482401392972, 0.15104513366167935], [0.35113858676847043, 0.25804660796513973, 0.23750406584668438, 0.15331073931968492], [0.35588946613974876, 0.262448215853456, 0.23302854132388554, 0.1486337765829105], [0.36874324669890857, 0.2431432612074427, 0.23368082342425117, 0.15443266856939666], [0.360604867090193, 0.24432615217267964, 0.2380560485044139, 0.1570129321327183], [0.36585705480248387, 0.2487109985006197, 0.2331647728014975, 0.15226717379539034], [0.36459060409278576, 0.24839994810220628, 0.23453060692828914, 0.15247884077673216], [0.35944172130734586, 0.25110807799960266, 0.23437364379111394, 0.15507655680192423], [0.3627881516636188, 0.2526303542584034, 0.23329070597873372, 0.15129078799924855], [0.3602616567868777, 0.25256235042283853, 0.23530993780483883, 0.15186605488544236], [0.3638281476144174, 0.25057509191335403, 0.23446774904953827, 0.1511290113226857], [0.3657328559974083, 0.25204495562371976, 0.22987037010016073, 0.15235181817872098], [0.36557931864092746, 0.2491176641429571, 0.23331429272048881, 0.15198872439563246], [0.3565061402257144, 0.25455310129052605, 0.23726767188404094, 0.1516730864997181], [0.3581140306593997, 0.2536585412126832, 0.2376356423658094, 0.15059178566209444], [0.3639661253523062, 0.25165086758026195, 0.23548976769640162, 0.14889323927104114], [0.36477620362696395, 0.2535913456516767, 0.23362628641458824, 0.14800616420677648], [0.36844123068191376, 0.2511534888615266, 0.2300416381124157, 0.15036364224414217], [0.36752735852129026, 0.2515308871312258, 0.2315771403816774, 0.14936461386580643], [0.35851368914203335, 0.2553005209901012, 0.2342443556405571, 0.15194143412730385], [0.3605492776066311, 0.254347971175635, 0.2341601105949998, 0.15094264052274114]], "ideal": "B", "sampled": "D", "correct": false}}
{"type": "result", "data": {"idx": 8, "options": ["E \u2283 F", "F \u2283 G", "H \u2283 ~E", "~H"], "probs": [[0.3708088439647715, 0.25712367793179597, 0.23929875011433327, 0.13276872788911642], [0.36827105759458095, 0.2542443364083381, 0.23919172571373423, 0.13829288018333524], [0.36593860140682316, 0.2582908649553283, 0.24063534686862742, 0.1351351866692256], [0.36417843255541504, 0.2578749994973427, 0.23843022654571905, 0.1395163413015167], [0.36220466430762405, 0.26059146272575096, 0.2399587306977812, 0.13724514216885772], [0.3622774822806226, 0.2622103359344648, 0.23759318462108714, 0.13791899706381397], [0.3650546854812204, 0.26290446581457144, 0.23668250728776052, 0.13535834131642688], [0.3639949417232658, 0.2596220052268261, 0.23657000949392212, 0.13981304345598697], [0.36146196127475094, 0.25844297531948485, 0.24371998273299875, 0.13637508057276432], [0.3623793193844211, 0.25421404564915157, 0.23805400536986926, 0.1453526294965638], [0.3596362401462224, 0.2611567378844785, 0.24037100752504784, 0.13883601434425388], [0.36402925718492585, 0.2579937632653533, 0.23507814956214323, 0.14289882988758282], [0.3612768626910282, 0.25577492612516906, 0.2432687044813879, 0.13967950660243214], [0.3624902969753283, 0.25238450342015856, 0.24291896404938187, 0.14220623545513794], [0.35547264674445656, 0.2548605587313393, 0.25091603385814737, 0.13875076056605357], [0.3596196942317988, 0.2496361919588642, 0.24558519208324053, 0.14515892162610167], [0.35957345140794783, 0.25100976717765866, 0.24941512182904194, 0.14000165948534515], [0.3581133658476208, 0.25036237409763845, 0.24720399753402386, 0.14432026242072296], [0.36338418594450034, 0.2622760351270537, 0.23661218915848398, 0.1377275896699378], [0.36408719747790086, 0.2611042551347667, 0.23668986666995492, 0.13811868061737617], [0.3573366442306425, 0.2622083503528885, 0.24511775647505551, 0.1353372488414203], [0.36325241214648046, 0.25863101707783515, 0.23939269074738356, 0.1387238799282867], [0.3620154439571489, 0.25728163207458404, 0.2449657292640628, 0.135737194604203], [0.3615070583385094, 0.25679130100445774, 0.24249713847250318, 0.13920450208451293]], "ideal": "D", "sampled": "A", "correct": false}}
{"type": "result", "data": {"idx": 9, "options": ["L", "~L", "L \u2022 ~L", "L \u2228 ~L"], "probs": [[0.3520632970437108, 0.23891290163902903, 0.24376356676907127, 0.16526023444818316], [0.3538792992101234, 0.2377840532242532, 0.24654586860819777, 0.16179077885742094], [0.34844323388823695, 0.23266614784853018, 0.25802224711891886, 0.16086837104431473], [0.35125669547372923, 0.22916762041993816, 0.259581635585753, 0.15999404842056894], [0.347524359595023, 0.232482812798651, 0.2557322386186779, 0.1642605888876367], [0.3516387516791202, 0.2329920975750795, 0.2553984484867745, 0.1599707021590226], [0.35595415432056043, 0.2495779934556372, 0.22239028305115072, 0.17207756907265032], [0.3595101386436322, 0.24927226596518887, 0.22489556108618164, 0.16632203420498623], [0.3600847491206058, 0.24400853591675917, 0.24868270744751686, 0.14722400741513397], [0.36018865150216695, 0.23835660325678168, 0.2406985370301695, 0.16075620811089428], [0.36619567847055856, 0.2399159126610192, 0.24251025813219618, 0.15137815063621254], [0.3634158341837953, 0.24164788176652344, 0.23285808548318426, 0.16207819846651034], [0.3600572887402431, 0.254631828047185, 0.21959108322031407, 0.16571979989227176], [0.3613450025480653, 0.25545589604209235, 0.22093256104027106, 0.16226654026958137], [0.3604607909541469, 0.2533949857537733, 0.2308838312796412, 0.15526039191242735], [0.3637050274959448, 0.2526983957190947, 0.2219350630055412, 0.16166151367942025], [0.36504337441786544, 0.25326714809238504, 0.23690900039013008, 0.1447804769996383], [0.3564198919964774, 0.2504148942007727, 0.23308280714148322, 0.1600824065612557], [0.3613116405065873, 0.24235741210316825, 0.22117527202805978, 0.17515567526216175], [0.3633089338868549, 0.24406850146263642, 0.22266035599164083, 0.16996220855884966], [0.3658213290195249, 0.24005439351285407, 0.23161500359099704, 0.16250927377663144], [0.36367138771982654, 0.24400645412330593, 0.22425302392887217, 0.16806913412800029], [0.37127390912522135, 0.23798533594427881, 0.2425974104999674, 0.14814334433053014], [0.3627910878869654, 0.23766427920707295, 0.23661548551061862, 0.16292914729536664]], "ideal": "D", "sampled": "D", "correct": true}}
{"type": "result", "data": {"idx": 10, "options": ["(\u2200x)[Kx \u2283 (\u2200y)(Py \u2283 Lxy)]", "(\u2200x)[Kx \u2283 (\u2200y)(Lxy \u2283 Py)]", "(\u2200x)(\u2200y)[(Kx \u2022 Py) \u2283 Lyx]", "(\u2200x)[(Kx \u2022 (\u2200y)(Py)) \u2283 Lxy]"], "probs": [[0.33212508772356436, 0.230346295877574, 0.23837222609868142, 0.19915639020015885], [0.33118110998774, 0.23190325386764463, 0.2419835164436023, 0.19493211960102327], [0.33427221806753965, 0.23335895081584815, 0.23967878315086535, 0.19269004786576457], [0.33741810583974896, 0.23089804596159544, 0.23643299222323666, 0.19525085587542218], [0.33295311483337214, 0.23657154844465883, 0.2443005378766101, 0.1861747987453536], [0.33830971029105383, 0.23169240685334783, 0.23750994223959404, 0.1924879405160022], [0.3343031266681216, 0.22932800087725125, 0.23811335613828855, 0.1982555162163482], [0.3331775869923199, 0.23106776487752695, 0.24104188556148284, 0.19471276246868344], [0.3336417026998044, 0.23233186394580416, 0.24090771232638866, 0.193118720927998], [0.3371567989377021, 0.22915804270349896, 0.23684566943888424, 0.1968394888199015], [0.33404142272077386, 0.2364061615943468, 0.2449041885136131, 0.1846482270712457], [0.33769598049359717, 0.2307758339254491, 0.23811049875247015, 0.19341768672847118], [0.33576833088192326, 0.22720253779222696, 0.2428759867792246, 0.1941531444466142], [0.33114140284688115, 0.22601171337398748, 0.2502653682049833, 0.19258151547414495], [0.3359148435070553, 0.22715668629852337, 0.24196961501894187, 0.19495885507548277], [0.3299417744992315, 0.22550973505443364, 0.2501425598739853, 0.19440593047235966], [0.33541437603984203, 0.2231019583574728, 0.24900231051423105, 0.1924813549884634], [0.3351154904253431, 0.22294833331898276, 0.24863905830937832, 0.1932971178462747], [0.33892854278281, 0.2374670486431297, 0.23875458264343583, 0.1848498258306188], [0.3337358199425505, 0.23361583696763855, 0.24454020190557216, 0.1881081410842298], [0.3382425448342964, 0.23858043262127007, 0.2381846566476769, 0.1849923657967563], [0.3341020197235465, 0.23376650623006784, 0.2428858357362238, 0.18924563821015863], [0.3356294386955184, 0.22938607951221635, 0.24285940469242395, 0.19212507699982853], [0.33450240408096144, 0.22967042502979967, 0.242933353402937, 0.1928938173862861]], "ideal": "A", "sampled": "D", "correct": false}}
{"type": "result", "data": {"idx": 11, "options": ["Logically equivalent", "Contradictory", "Neither logically equivalent nor contradictory, but consistent", "Inconsistent"], "probs": [[0.4124840953463609, 0.27787623108935633, 0.18305135828804914, 0.1265883151762205], [0.4115678110349693, 0.27875502794184664, 0.18543934297434117, 0.12423781794884843], [0.40014267371964796, 0.27894055193644435, 0.19633664138665602, 0.12458013285724882], [0.3945480931853345, 0.2803113086546324, 0.19969029322884635, 0.1254503048312018], [0.4056727200195506, 0.2834986859237366, 0.18908749001607061, 0.12174110394065092], [0.39759665817070305, 0.28336162661442327, 0.18829419953483503, 0.13074751558003522], [0.3982665155573346, 0.28636826621991684, 0.1917113961911197, 0.12365382193162384], [0.39580679361073495, 0.28724836563535033, 0.19506380964233985, 0.12188103101159087], [0.38232639951608244, 0.28609994483438894, 0.2065099809198776, 0.1250636746296245], [0.3722637484699173, 0.28965060683984456, 0.21234494413767205, 0.12574070045254282], [0.38511925649656015, 0.28635683871943557, 0.20673803236094554, 0.12178587232305113], [0.37336517767566213, 0.2896821157401001, 0.2101099546541582, 0.12684275183006583], [0.39009524096230364, 0.2894819148606148, 0.20008620128674467, 0.12033664279034945], [0.38347092300805524, 0.28903376921712404, 0.20480902749237428, 0.12268628018244188], [0.3812448148226073, 0.28879056325604635, 0.2054297347864048, 0.12453488703495053], [0.3719053031954083, 0.29171784754962116, 0.2100083160824849, 0.12636853307248486], [0.37406548468994727, 0.28677412953709985, 0.21390863871407842, 0.1252517469588836], [0.37022415226372196, 0.2899752255441638, 0.21499777809957435, 0.1248028439925481], [0.3736688404829064, 0.2893673189209741, 0.21047340921595376, 0.12649043128016058], [0.36940177522158824, 0.28919472530952184, 0.20793869367272919, 0.13346480569616645], [0.36621582697217664, 0.28716852219505207, 0.21744636938702633, 0.12916928134574363], [0.3574691792157773, 0.2890788778154397, 0.21864753040784024, 0.13480441246093375], [0.3565725881462355, 0.2871695205257614, 0.22321357047169668, 0.13304432075631137], [0.35199600204768366, 0.29098771057205663, 0.2240359507131858, 0.13298033656707098]], "ideal": "B", "sampled": "A", "correct": false}}
{"type": "result", "data": {"idx": 12, "options": ["E \u2283 F", "F \u2283 G", "G \u2283 E", "~~F"], "probs": [[0.37145140338095356, 0.25863630899503554, 0.24567111742694875, 0.12424117009706954], [0.3733244312660156, 0.2587018932451458, 0.24326386568218983, 0.12470980970663668], [0.3632316249321999, 0.26237973154913313, 0.24893561011084267, 0.1254530333078159], [0.36853725970118584, 0.26106661857147573, 0.24437596505299075, 0.12602015657433954], [0.3661778713535616, 0.25925060711445097, 0.24827392874309462, 0.12629759268891122], [0.3632634605078281, 0.26250279024281026, 0.24865733203908702, 0.12557641711024697], [0.3580617102736588, 0.2662783067547903, 0.24732573396781918, 0.12833424890372563], [0.35986134087559857, 0.26687964598257286, 0.24400185003496475, 0.12925716300686754], [0.3571444920522396, 0.2606759189765711, 0.2499122579213858, 0.13226733094979892], [0.3648591171500166, 0.2592995244838466, 0.24244851714432877, 0.13339284112181052], [0.35873519079755756, 0.2613566350336524, 0.24891035432691835, 0.13099781974186497], [0.35931448882990213, 0.2602279760072182, 0.24754272044855496, 0.13291481461432883], [0.3583439040548073, 0.2600406298321708, 0.2512260488642305, 0.1303894171487832], [0.363462961655001, 0.2607158933719605, 0.2469519405858313, 0.1288692042872034], [0.3523781365585931, 0.26238185613154597, 0.25512203028416375, 0.13011797692569088], [0.3589190962101657, 0.26137798441794285, 0.24754435418331713, 0.13215856508857698], [0.3583751183564824, 0.2593423824711695, 0.251095695311016, 0.13118680376131733], [0.35893121816704276, 0.25871814091795997, 0.2491382483922643, 0.13321239242272054], [0.371236743687603, 0.2605573357487207, 0.24078355075031663, 0.12742236971335813], [0.3681853552478228, 0.26174682247645853, 0.2435401058667959, 0.1265277163089273], [0.3638232996325661, 0.26086351091873, 0.24857532804310878, 0.1267378613055866], [0.3659532830505774, 0.2585251737582783, 0.24589465088603069, 0.1296268922051131], [0.3549900629434721, 0.2615744360812775, 0.25425422749993276, 0.1291812733753203], [0.35787705029353656, 0.2617384065123778, 0.2508751536214757, 0.12950938947261917]], "ideal": "D", "sampled": "A", "correct": false}}
{"type": "result", "data": {"idx": 13, "options": ["Valid", "Invalid. Counterexample when E, F, and G are true", "Invalid. Counterexample when E and F are true and G is false", "Invalid. Counterexample when E, F, and G are false"], "probs": [[0.37463138093435344, 0.25780060807639776, 0.24176448818192056, 0.12580352270732179], [0.37020394380547167, 0.26114653323372655, 0.24222837206791437, 0.1264211507928918], [0.37507355679414356, 0.2574512950990447, 0.2446311857831917, 0.1228439622236136], [0.371666375743574, 0.25812358548177267, 0.24525402922238396, 0.12495600945226411], [0.36939971160495094, 0.259720643516106, 0.24528557367843487, 0.1255940711005196], [0.3693317467575806, 0.255028489025097, 0.24764498140205843, 0.12799478271528758], [0.36076957917479613, 0.25355489328731706, 0.2457275002734377, 0.13994802716445381], [0.355387999426713, 0.25715220110262427, 0.24584597867685465, 0.14161382069382975], [0.35414536627976184, 0.24633665743519262, 0.24941439926699482, 0.15010357691804307], [0.3400983950840003, 0.2456215316810578, 0.24552424298353429, 0.16875583015139328], [0.34822165104735076, 0.24734856971448535, 0.2507283624824971, 0.15370141665566764], [0.3417266564034816, 0.2423837863832526, 0.24707552843995978, 0.16881402867331322], [0.35936635804879874, 0.2559303802282169, 0.24767800674191362, 0.13702525488107947], [0.3551996460044613, 0.25560834015748696, 0.2490173604173988, 0.1401746533206653], [0.35493402663615425, 0.25123372124447635, 0.2440107052616649, 0.14982154675769283], [0.3427550075052858, 0.24985669578576059, 0.24054883832977095, 0.1668394582791724], [0.35014109513818653, 0.2495844391658354, 0.24778009940464263, 0.15249436619133613], [0.33912271378706776, 0.24715482354239504, 0.24328559341180803, 0.17043686915872464], [0.3522334360253848, 0.26050951583944365, 0.24529405085456227, 0.14196299718059313], [0.3535472795412025, 0.2564989747490383, 0.24681894041687966, 0.14313480519287705], [0.34740776555733743, 0.2525729687099875, 0.2476211185859712, 0.15239814704669627], [0.3415377015666404, 0.247323035175128, 0.24377949569829743, 0.16735976745994308], [0.3476408315033384, 0.24960352311183764, 0.25097581464783725, 0.15177983063699002], [0.33794844259330126, 0.24782841288811625, 0.24568757942228756, 0.16853556499630268]], "ideal": "C", "sampled": "A", "correct": false}}
{"type": "result", "data": {"idx": 14, "options": ["Valid", "Invalid. Counterexample when H, I, and J are false", "Invalid. Counterexample when H and I are true and J is false", "Invalid. Counterexample when I is true and H and J are false"], "probs": [[0.3534061774765584, 0.24953455009102446, 0.2608980130370251, 0.1361612592953799], [0.35239590224040523, 0.2520909189491774, 0.2601074593810744, 0.1354057193293435], [0.35106593947903214, 0.2511460279677219, 0.2635177910571376, 0.13427024139613358], [0.3567792326335762, 0.24870824072205103, 0.261996814683357, 0.1325157118610152], [0.3540428291105403, 0.2518861131654447, 0.260215433152977, 0.1338556244710388], [0.35820519713268695, 0.24815211147987434, 0.2605947196385241, 0.13304797164890683], [0.3459183556343895, 0.25739784919050906, 0.24878403275187508, 0.14789976232322372], [0.34544301439960484, 0.2596067921785488, 0.24816437857239543, 0.1467858147494489], [0.3440494321798868, 0.24710861790085592, 0.2548459916181892, 0.15399595820106524], [0.3334588792261231, 0.24489751159169093, 0.24902336391303578, 0.17262024516916705], [0.34273442979698293, 0.24828926487401684, 0.2542892343586325, 0.1546870708703769], [0.3344336531588324, 0.24711893275721944, 0.24915234674656098, 0.1692950672373783], [0.34594235879680024, 0.25611580481402474, 0.2510223598360395, 0.14691947645315678], [0.3516233258087348, 0.2530336032583508, 0.2513036578462169, 0.14403941298669865], [0.3430198517022752, 0.24597253290746973, 0.2545576604104876, 0.15644995487977678], [0.3355722747315728, 0.24176561971563795, 0.24763461541487203, 0.17502749003791582], [0.35069617612167453, 0.24297935356796527, 0.2511421751570493, 0.15518229505331863], [0.334270445088316, 0.24477690506529898, 0.24385568730324456, 0.17709696244314393], [0.34619592533277127, 0.2572251330117237, 0.25018385348736616, 0.14639508806812104], [0.3517046852031005, 0.2530280404591866, 0.25109039968958774, 0.1441768745481368], [0.34466387476846894, 0.24738036263778695, 0.2523149229664422, 0.15564083952729685], [0.3372535781075034, 0.24344043199407378, 0.24674941994883604, 0.1725565698495947], [0.3523384450704343, 0.24303425647985427, 0.249017700440498, 0.15560959790921183], [0.33610012317500326, 0.2446835293110074, 0.24268663432080056, 0.17652971309319368]], "ideal": "D", "sampled": "A", "correct": false}}
{"type": "result", "data": {"idx": 15, "options": ["(\u2203x){Fx \u2022 (\u2200y)[Dy \u2283 (\u2203z)(Vz \u2022 Rxyz)]}", "(\u2203x){Fx \u2022 (\u2203y)[Vy \u2022 (\u2203z)(Dz \u2022 Rxyz)]}", "(\u2203x){Fx \u2022 (\u2203y)(\u2203z)[(Vy \u2022 Dz) \u2022 Rxzy]}", "(\u2200x){Fx \u2283 (\u2203y)[Vy . (\u2203z)(Dz \u2022 Rxyz)]}"], "probs": [[0.3165151439689251, 0.2513057145984891, 0.21676007277024292, 0.21541906856233253], [0.31020415944413765, 0.2505030084903383, 0.22278080269349354, 0.21651202927204138], [0.31154417694763487, 0.25131003906143423, 0.2198729161717526, 0.21727286771916549], [0.3090944465541408, 0.25184738692846587, 0.21830830091626263, 0.22074986550112416], [0.31095053143326984, 0.24969287232438192, 0.22591432471625142, 0.21344227142608235], [0.31180516417391585, 0.24984481064403513, 0.2201161607417422, 0.21823386434032044], [0.31370245372526995, 0.2521148881582128, 0.22033744754085155, 0.21384521047567148], [0.31034739266404754, 0.2509761061172655, 0.22239770195591252, 0.2162787991627723], [0.31335614475655277, 0.25260252754493884, 0.2167526864276345, 0.21728864117087576], [0.3117854185985783, 0.2530528861490578, 0.2178736423451376, 0.21728805280722058], [0.31020733573160925, 0.25179455437125264, 0.22268782142159557, 0.21531028837554378], [0.3131088956756716, 0.2508657465484058, 0.2190350752320015, 0.21699028244391547], [0.30637221709506784, 0.2526248133054533, 0.22258607764360916, 0.21841689185587637], [0.3053184134564539, 0.25275599183142855, 0.21761107639080382, 0.22431451822132698], [0.3094753363646195, 0.25135240025292843, 0.21906166828649212, 0.2201105949959709], [0.30865337292672246, 0.2525817440778347, 0.21823605932300155, 0.22052882357243558], [0.30256473343029766, 0.25227047526061475, 0.2210441086631608, 0.22412068254592615], [0.30675947724684166, 0.25134490507096174, 0.2223563709798846, 0.21953924660231305], [0.3105355296822502, 0.24961573518895327, 0.22823611972285995, 0.21161261530595374], [0.3128701539909334, 0.2501549758941103, 0.2212502980084881, 0.21572457200646572], [0.310108364505686, 0.2505355279397094, 0.22656790950125097, 0.21278819795334616], [0.3132152278973534, 0.2498373777221846, 0.22041276482331693, 0.21653462945713228], [0.30926598248479265, 0.2519733472696223, 0.22308813948574002, 0.21567253065984718], [0.31085768769239974, 0.25036471987961606, 0.22393897494781242, 0.21483861738018836]], "ideal": "B", "sampled": "B", "correct": true}}
{"type": "result", "data": {"idx": 16, "options": ["The university raises tuition.", "The governor approves of it.", "The board of trustees recommends it.", "None of the above"], "probs": [[0.41749032020086496, 0.2331343340284519, 0.21421732245278155, 0.13515802321790196], [0.4016038822400642, 0.24045071989171402, 0.21817796834308964, 0.1397674294251207], [0.4186241658317654, 0.22899927717882457, 0.21803715447966834, 0.13433940240975367], [0.4124509610919398, 0.23866885102194782, 0.21652054337762758, 0.13235964440849265], [0.3926946735576014, 0.24370797765909624, 0.2056764102602959, 0.15792093842300395], [0.4038863171705275, 0.23989464064997512, 0.20137287548458283, 0.15484616659491704], [0.4146647109234961, 0.22565084618718162, 0.22046658360995042, 0.1392178591793701], [0.40813126607750944, 0.23346584057117942, 0.2203003158590017, 0.13810257739230183], [0.4124776618847599, 0.22618050878006296, 0.22306605201754034, 0.13827577721764459], [0.4138985946884675, 0.2350814018898575, 0.21800187672334492, 0.13301812659833462], [0.4038324348871891, 0.23537658649236354, 0.20196199608098883, 0.15882898243945354], [0.4067341402806186, 0.23550988640554482, 0.2013089074941643, 0.1564470657196658], [0.41844895557148243, 0.2279187226420484, 0.21681967042096364, 0.13681265126550382], [0.4147677634301463, 0.2362536957322146, 0.21498712444201903, 0.13399141629561276], [0.41669829652151186, 0.2295395894813883, 0.217189624863603, 0.1365724890334978], [0.41726953508994497, 0.23869967325416463, 0.21355562377346426, 0.13047516778242824], [0.40880080870270485, 0.23563621795572104, 0.19916073776786436, 0.15640223547370632], [0.4095924066062733, 0.23691840500598696, 0.1978357571027981, 0.155653431184934], [0.37494552313554225, 0.23334201145661482, 0.22377411640401978, 0.16793834890382647], [0.3801693557235156, 0.2324712972266312, 0.21964183542831833, 0.16771751152154474], [0.37722317428661034, 0.23946719155457458, 0.22055262611081075, 0.16275700794800252], [0.380695537368906, 0.23954157239257606, 0.21621776261679826, 0.16354512752172462], [0.3748402625612678, 0.23419124236163716, 0.2252325967068181, 0.16573589827027885], [0.37568603437596876, 0.23623329792916944, 0.22305380796339794, 0.16502685963146607]], "ideal": "D", "sampled": "C", "correct": false}}
