{"type": "result", "data": {"idx": 0, "options": ["inflation had already impacted the economy before the fiscal stimulus.", "the economy initially had some unemployed resources.", "aggregate supply decreased.", "aggregate demand is steeply sloped."], "probs": [[0.277390499957958, 0.22280690040971268, 0.27761174100577923, 0.2221908585265552], [0.26877161257609566, 0.22499613760388587, 0.2848810484009087, 0.22135120131910993], [0.2747312278927738, 0.22160057681727646, 0.2798472443428684, 0.22382095084707143], [0.27340659673264245, 0.22283614140334104, 0.2854412779745015, 0.21831598378952077], [0.27204119579599906, 0.2253888332392755, 0.2774462403765867, 0.22512373048814577], [0.2729194005891811, 0.22350230412511451, 0.2802896206268974, 0.2232886745588039], [0.2694561211842519, 0.22539232662515726, 0.2842642110841268, 0.22088734100646784], [0.2630892199427835, 0.22404761448322896, 0.29165410805728414, 0.2212090574166885], [0.2711947823261212, 0.22379683375573775, 0.28594047164270125, 0.21906791217542704], [0.26842609154005, 0.2233406695457711, 0.2878791924005257, 0.22035404641366274], [0.2730977923724442, 0.227738520932742, 0.27604634527349875, 0.22311734132132213], [0.270222429048792, 0.22401608369226372, 0.27821087746165285, 0.22755060969728547], [0.2695333663738958, 0.22349002248899746, 0.2804647258294776, 0.22651188520760857], [0.27064809832246284, 0.22357695665029947, 0.28551266937683023, 0.22026227555041616], [0.2682423037703076, 0.22363570128047544, 0.2806966014553856, 0.22742539339383686], [0.2656272947391305, 0.22320810387417955, 0.2813361281907374, 0.22982847309595314], [0.27010810272018887, 0.2204758199033421, 0.28205509651662775, 0.22736098075984662], [0.27092511850693984, 0.22165005471519247, 0.27757751913031864, 0.22984730754755547], [0.27382389567328597, 0.2242908663478654, 0.27612394316159866, 0.22576129471725934], [0.27303004289114996, 0.22392560798905073, 0.27879446826014903, 0.224249880759643], [0.27566188219344656, 0.22573416381831, 0.27049727463166534, 0.22810667925658762], [0.2726374498071696, 0.2222181953907752, 0.27254207800976404, 0.23260227669228659], [0.2704120364271786, 0.21786699319168507, 0.2857971213239947, 0.225923848957139], [0.2719737253403357, 0.21854711350683537, 0.2803085209176739, 0.22917064013515884]], "ideal": "B", "sampled": "D", "correct": false}}
{"type": "result", "data": {"idx": 1, "options": ["II III and IV only", "I and III only", "II and IV only", "III and IV only"], "probs": [[0.2590203580038295, 0.24045514708246055, 0.2980275178316329, 0.20249697698208197], [0.26643924735287555, 0.2389505133865863, 0.2946415284112937, 0.1999687107492166], [0.26640498040411204, 0.23456394525894367, 0.29515613433835597, 0.2038749398985891], [0.27701134295298324, 0.23187402365459342, 0.2946466547735162, 0.19646797851890735], [0.27345862909381713, 0.23586989274895503, 0.28637856516039395, 0.2042929128968373], [0.27726230924575734, 0.23027522583608281, 0.29445772837522916, 0.19800473644296004], [0.26203190196405113, 0.22921450310091343, 0.2992089343581705, 0.20954466047687798], [0.26668090996947524, 0.23396194739582402, 0.2913879997114255, 0.2079691428232627], [0.26417519871627787, 0.2279246837436299, 0.29814837417101875, 0.20975174326907503], [0.285727365296397, 0.22882070412885772, 0.27948239617852727, 0.2059695342962131], [0.2700831552979857, 0.2399488861523874, 0.28457812020346335, 0.20538983824616963], [0.28093796004605653, 0.23250287961182167, 0.2800836047411295, 0.20647555550100832], [0.2602898041902099, 0.22627843019818003, 0.3012811954980875, 0.21215057001353513], [0.2746077821538559, 0.22524536259539038, 0.2980054393342614, 0.2021414158164996], [0.2540014342351177, 0.23424602142945186, 0.29898228532691357, 0.21277025890852147], [0.2814507392263459, 0.23294908372836548, 0.279425227699061, 0.2061749492462322], [0.2820944205726469, 0.23135145443561378, 0.29054077250313265, 0.19601335238859943], [0.2818031679880568, 0.2331730127196939, 0.2761391851979769, 0.20888463399428725], [0.2609257881526577, 0.231752207640231, 0.298251034663392, 0.20907096944372347], [0.26804489407917825, 0.22418636582449758, 0.3064737910801704, 0.20129494891616465], [0.26122338413847745, 0.24197566658778125, 0.29406849819079534, 0.20273245098293263], [0.27046747933764803, 0.23394183968489143, 0.29069084414956486, 0.20489983672790638], [0.27526711905360707, 0.2267183929523161, 0.2998371155035493, 0.19817737239052943], [0.2719209228947817, 0.2292617234361983, 0.2896758785628417, 0.20914147500617067]], "ideal": "D", "sampled": "C", "correct": false}}
{"type": "result", "data": {"idx": 2, "options": ["The price level rises but real GDP falls.", "Both the price level and real GDP rise.", "The price level rises but the change in real GDP is uncertain.", "Real GDP rises but the change in the price level is uncertain."], "probs": [[0.3023620845547085, 0.23285176176568323, 0.26399656698833546, 0.2007895865912799], [0.3072204823519738, 0.233558516438155, 0.25968789692128164, 0.19953310418859446], [0.3050209324420101, 0.2270796578100428, 0.27580511340830216, 0.19209429623964816], [0.3015208791577976, 0.22039969328449005, 0.27669549226494117, 0.20138393519277378], [0.3103325290783778, 0.23132849525165544, 0.2669120661930445, 0.19142690937692744], [0.3047469724322392, 0.22372399005146273, 0.2722408830275311, 0.19928815438876374], [0.3048235951300905, 0.22974305565179257, 0.2673548524653626, 0.19807849665275223], [0.31136831380535585, 0.23152632309476429, 0.26250445852873827, 0.1946009044711387], [0.3048547651848824, 0.2308497793924664, 0.2718653261574178, 0.19243012916523353], [0.30738385110947436, 0.2310310226057469, 0.2717751688975371, 0.18980995728722447], [0.31611069783797124, 0.23219087941833363, 0.2621273673709389, 0.1895710552727604], [0.3106638718140317, 0.23020085711493324, 0.26915733838236366, 0.18997793258867426], [0.3033377836812824, 0.2336639328394989, 0.27166889182864146, 0.1913293915505795], [0.30031445038730387, 0.23034398852022064, 0.270675257930975, 0.19866630306152314], [0.30681029284166716, 0.23869210638362093, 0.26053356319058546, 0.19396403748413327], [0.3044168249521996, 0.23999175991557278, 0.2639604171648105, 0.19163099786741325], [0.3014616692938724, 0.2306725509560853, 0.2648741636713246, 0.20299161597872606], [0.30312857684873584, 0.23429034717229386, 0.26777947345662084, 0.19480160242233266], [0.30832667397222496, 0.23425648495636925, 0.262801648563247, 0.1946151924081662], [0.3044722145626142, 0.2297827214515868, 0.26743644905623193, 0.1983086148295701], [0.31354036126620366, 0.23770831065932177, 0.25361783939921667, 0.1951334885752558], [0.30464394628445746, 0.2389737505888058, 0.26484741098632003, 0.1915348920404222], [0.30499680483754305, 0.2270394002462571, 0.2633780651543514, 0.20458572966183833], [0.30346500568141493, 0.2315102115311938, 0.26786712103768245, 0.19715766164972195]], "ideal": "D", "sampled": "B", "correct": false}}
{"type": "result", "data": {"idx": 3, "options": ["result in lower domestic prices.", "sometimes raise and sometimes lower the amount of the product sold domestically.", "lower the amount of the product sold domestically.", "raise the amount of the product sold domestically."], "probs": [[0.2520246582719864, 0.23851294901541345, 0.28514970833676645, 0.22431268427583334], [0.24885495889479514, 0.23904222867146105, 0.2821083634929989, 0.22999444884073136], [0.24343847037629002, 0.23934132921988682, 0.2940976752053927, 0.22312252509842667], [0.24598716271109133, 0.23398155475433258, 0.28909595518372366, 0.23093532725084612], [0.24789532907440853, 0.24114169096022817, 0.2951345577702627, 0.21582842209510475], [0.24577889435191957, 0.23415761971367138, 0.2896886940274278, 0.23037479180696652], [0.2433209291614001, 0.25476122808050394, 0.2800489044842183, 0.22186893817387743], [0.24385358481216435, 0.2527584470033807, 0.2773898910078762, 0.2259980770765635], [0.252241667038816, 0.2513432835569546, 0.2779762528929017, 0.2184387964113252], [0.25859704467743716, 0.2503438054678421, 0.27533050148025145, 0.2157286482744676], [0.260950589753099, 0.2536470175077854, 0.2706804205244086, 0.21472197211470248], [0.2548136986307837, 0.25284339621912455, 0.27112353011393675, 0.22121937493615446], [0.23657981528606087, 0.2451085307893101, 0.29281478129719657, 0.22549687252742115], [0.23972976372912144, 0.24163141207848363, 0.28828378617783107, 0.2303550379145627], [0.24869815010846089, 0.24364716337352862, 0.28384332782414334, 0.22381135859386067], [0.2508855896145112, 0.24349375363579884, 0.2878256938023216, 0.21779496284735672], [0.23780397090944713, 0.24589078977533949, 0.2827487554789644, 0.2335564837362532], [0.2494388193693078, 0.23903719142212332, 0.2824917372190794, 0.2290322518894996], [0.23525507136212767, 0.25295604319711945, 0.28995260027810005, 0.22183628506264844], [0.235261803599436, 0.24642214746890492, 0.285034152416719, 0.2332818964149361], [0.2474940247383851, 0.25040677388115046, 0.2806272615490161, 0.2214719397314405], [0.24879239953251958, 0.249404784591026, 0.2842954709929695, 0.21750734478346437], [0.23467058271467, 0.2460030323878863, 0.2804733614679453, 0.2388530233295073], [0.24330004651107326, 0.24222439215478067, 0.28123784164471183, 0.23323771958944262]], "ideal": "C", "sampled": "B", "correct": false}}
{"type": "result", "data": {"idx": 4, "options": ["expansionary monetary policy.", "contractionary monetary policy.", "a depreciating dollar.", "fiscal policy designed to reduce the budget deficit."], "probs": [[0.2922224776103601, 0.23830662735730945, 0.31229891840870083, 0.15717197652361217], [0.2981555276182021, 0.24001979589495204, 0.30746227949411725, 0.15436239689274056], [0.29888183968902476, 0.23971586289743518, 0.3062408679455839, 0.15516142936794963], [0.2927382291513036, 0.2424989034636169, 0.3055817234958308, 0.15918114378926815], [0.3126519822467687, 0.2441977338065746, 0.29518176839097415, 0.14796851545568876], [0.30010842808653587, 0.24097171425589634, 0.3052313466619438, 0.15368851089562824], [0.29119159813707945, 0.23452385377990811, 0.31637344744211754, 0.15791110054089078], [0.29545562917268536, 0.23849029609936814, 0.31081779597292297, 0.15523627865502101], [0.2948865153243171, 0.23523078387882343, 0.3147282090091535, 0.15515449168770826], [0.290612456616051, 0.23344551324036747, 0.3129810520823045, 0.16296097796128056], [0.30541562790801735, 0.23970443215813067, 0.30782083582188363, 0.14705910401196665], [0.29902508196029276, 0.23376288976978676, 0.3109552632196555, 0.15625676495026736], [0.27982808216902, 0.2447186591234895, 0.31402278499121744, 0.161430473616257], [0.2874202044689885, 0.24280147773025107, 0.3095464697034971, 0.16023184799726733], [0.2793053986963949, 0.23949781790262195, 0.32270271916692306, 0.15849406413405703], [0.2825641211205165, 0.2360613869043959, 0.3190655392495089, 0.16230895262557737], [0.2728479448019875, 0.24693135696777196, 0.31254386497134223, 0.16767683315890747], [0.27405305086628123, 0.2415862243673507, 0.3130868661817914, 0.17127385848457685], [0.3040419412609458, 0.24474494230434576, 0.2956868668079792, 0.15552624952674146], [0.3005793574514392, 0.2393882991671005, 0.3034017704617182, 0.1566305728197585], [0.30095080766525445, 0.2355740755164856, 0.3104350405087079, 0.15304007620954257], [0.29670174579077674, 0.2304181653588324, 0.31340089786276937, 0.15947919088763107], [0.28314223964909824, 0.23675521634673286, 0.31203804194391027, 0.16806450196025388], [0.28333446181853145, 0.23359562528598826, 0.3117710954630022, 0.17129881733247823]], "ideal": "B", "sampled": "A", "correct": false}}
{"type": "result", "data": {"idx": 5, "options": ["nominal GDP falls.", "the nominal interest rate falls.", "bond prices fall.", "the supply of money falls."], "probs": [[0.32082905346326746, 0.21203199552299556, 0.3012376480475002, 0.16590130286623156], [0.3228862396529361, 0.21253994544978155, 0.3026977437598855, 0.16187607103740076], [0.3170917094634938, 0.2145483190558327, 0.2981857993657336, 0.1701741720149385], [0.31299804569805784, 0.21535318503902207, 0.3014402850320339, 0.1702084841308764], [0.324270720765182, 0.2135074341306501, 0.3017027082648282, 0.16051913673935542], [0.3185851342642104, 0.21300431961870508, 0.30337817019342384, 0.16503237582365024], [0.324737554237464, 0.20421324446581285, 0.30020415886109786, 0.17084504233563644], [0.32887241804512085, 0.20454629981675543, 0.29909144571289414, 0.1674898363252308], [0.3207011373804916, 0.207813322429197, 0.295416402817426, 0.17606913727289683], [0.3192050150633361, 0.21002713901362774, 0.29556373092973404, 0.17520411489331147], [0.32897913874060597, 0.20743359994263927, 0.2923375330134404, 0.17124972820332082], [0.3176325439080166, 0.20961421478384354, 0.29892393558550023, 0.17382930562266302], [0.3125116211788086, 0.21031744137708275, 0.30187207559659973, 0.17529886174752352], [0.3091853784396335, 0.21188304452854498, 0.3039399696034562, 0.17499160732836144], [0.31317447433520323, 0.21202036449175785, 0.2976827213160702, 0.1771224397569793], [0.3091947370069106, 0.2143677837390544, 0.3003004491658375, 0.17613702998821534], [0.309775078472702, 0.2160045466596009, 0.2969532086322692, 0.1772671661354375], [0.3124570774201035, 0.2164345669375288, 0.29574589848243876, 0.17536245705991216], [0.32822126544475133, 0.20609996231353145, 0.29824114730090934, 0.1674376248408192], [0.3217354983829246, 0.20373644437829871, 0.3018564927357121, 0.17267156440307108], [0.32692964200776886, 0.20977317847437, 0.2932907140779297, 0.17000646533994002], [0.3129539310584306, 0.20794751870379174, 0.3029115474712754, 0.1761870026665193], [0.3138558095078618, 0.21180364456273174, 0.2983465358985469, 0.17599400993084321], [0.31558418772313185, 0.21109053845026263, 0.2966807708659235, 0.17664450286070896]], "ideal": "B", "sampled": "B", "correct": true}}
{"type": "result", "data": {"idx": 6, "options": ["means that no inferior products will be produced.", "implies that the economy's output is distributed evenly.", "means that those who work hardest will get more.", "implies that resources are used to produce the goods and services society desires in just the right amounts."], "probs": [[0.27859629912594097, 0.22180567646515303, 0.32018814173425153, 0.17940988257465398], [0.2994856184580348, 0.23002313474800676, 0.29766039373815184, 0.17283085295581255], [0.27682617651217767, 0.21944152314177773, 0.31993569895077245, 0.1837966012952951], [0.2975370585581023, 0.22605452427294243, 0.30468741054243015, 0.1717210065265026], [0.31069700186313004, 0.2294675438651459, 0.2962930463564072, 0.16354240781530596], [0.31270097379779116, 0.22960604359146103, 0.2976014738736828, 0.16009150863707147], [0.2876984618735992, 0.22698147146154496, 0.3108147548709687, 0.17450531169387393], [0.3105335587536831, 0.2371331049971578, 0.28700802905491135, 0.1653253070942465], [0.29356221863534343, 0.2265947617654197, 0.30864050386266567, 0.1712025156365919], [0.3116060478014196, 0.23857639038826392, 0.29070146691556126, 0.15911609479475503], [0.3210763511762056, 0.23551238060914728, 0.2889551748905748, 0.15445609322407972], [0.3151304506753413, 0.23836416318213663, 0.2907228058104459, 0.1557825802320634], [0.2830666740128949, 0.2242693967471479, 0.3133903079253392, 0.17927362121462542], [0.30363540480572, 0.23052965737749564, 0.29921261341258243, 0.16662232430420984], [0.2862262452127982, 0.22361228722426224, 0.31742880244615385, 0.17273266501679108], [0.3030449842526622, 0.2333721808293492, 0.301198614429549, 0.16238422038843653], [0.3179792712692847, 0.23101561849560667, 0.2951984902788774, 0.1558066198562422], [0.3096046684534316, 0.23282339733100127, 0.2980860472558572, 0.15948588685970866], [0.33328818961592155, 0.23587988217046973, 0.2764357598740812, 0.15439616823952068], [0.3400324179675296, 0.23186212812327184, 0.2770366132446135, 0.15106884056460648], [0.33114958914385384, 0.23458161856681878, 0.28246884847509646, 0.15179994371422417], [0.32636081423856733, 0.237139083182061, 0.2842262372813725, 0.1522738651979962], [0.3410029329367797, 0.23361041560007073, 0.27580418243658805, 0.14958246892654709], [0.3248478789536795, 0.23795551644361487, 0.2826021635765842, 0.1545944409260992]], "ideal": "D", "sampled": "D", "correct": true}}
{"type": "result", "data": {"idx": 7, "options": ["production within a nation's borders.", "production by a nation's citizens wherever they may be.", "income earned by the factors of production plus depreciation and indirect business taxes.", "(A) and (C)"], "probs": [[0.3397351889981708, 0.19807887099500587, 0.30691518682680613, 0.15527075308000476], [0.3354165335124024, 0.1904978985014738, 0.308072027260291, 0.16601354062583004], [0.3524474937227533, 0.1867145045028445, 0.3158786199950767, 0.14495938167932224], [0.3448988777415096, 0.18906155827799978, 0.30922191957481343, 0.1568176443056825], [0.3159594363968398, 0.20163810753452863, 0.3228281197967711, 0.15957433617185576], [0.3246130029158549, 0.19954921482600108, 0.316888800255984, 0.1589489819021426], [0.3469570533426477, 0.2123362210918258, 0.2912018892521995, 0.14950483621331412], [0.34969005158019073, 0.2042255199691295, 0.2909824614979249, 0.15510196685276892], [0.3588000957184071, 0.1983878182034221, 0.3043574877356169, 0.13845459824254827], [0.3407138258725161, 0.2013761533308387, 0.2963393176157419, 0.1615707030809032], [0.3319929726108497, 0.20495787208696506, 0.31768837373810693, 0.14536078146406856], [0.3235583869059834, 0.2012378822284729, 0.32027008336766655, 0.15493364739787618], [0.36883276890765265, 0.20401820664412335, 0.28917241304074576, 0.13797661130748312], [0.36990657178086805, 0.19780955293795655, 0.2850689388908832, 0.14721493629031612], [0.3661669336629326, 0.2011110475117418, 0.29643892573521413, 0.13628309299010993], [0.3508241873173316, 0.19349805634049205, 0.2946417331100766, 0.1610360231320971], [0.3378578634750576, 0.1995319714406063, 0.31109212377712725, 0.1515180412072163], [0.32303993144886867, 0.19634210195552576, 0.32016526920289473, 0.1604526972927008], [0.33654090074283743, 0.22779768862128674, 0.2743681346179152, 0.16129327591795925], [0.3384775614856313, 0.22642011501909712, 0.2703623976709822, 0.1647399257242811], [0.35014867353732887, 0.22734754519443992, 0.2673492236092168, 0.15515455755901728], [0.3349187490010558, 0.2228723231584133, 0.27698369256693944, 0.16522523517360577], [0.34343821616532133, 0.22691494442667903, 0.2714899241790746, 0.15815691512891814], [0.32899394058650233, 0.22005098919357302, 0.2834737142012268, 0.16748135591868651]], "ideal": "D", "sampled": "C", "correct": false}}
{"type": "result", "data": {"idx": 8, "options": ["accounting cost", "switching cost", "inferior cost", "opportunity cost"], "probs": [[0.2925068995280726, 0.2607546313077383, 0.2771648016445809, 0.16957366741961222], [0.29974224269670535, 0.25753031720736824, 0.27565247489045147, 0.167074965105483], [0.3010383526435973, 0.255908920957373, 0.2815530276739651, 0.16149969862506536], [0.3048965053266285, 0.25601060453951235, 0.28252392461448805, 0.15656896541937387], [0.30241757065070834, 0.25355693380232663, 0.2743740559070179, 0.1696514395399547], [0.3022980372258593, 0.2546875267951393, 0.27750387644392766, 0.1655105594350793], [0.2969614036463741, 0.2708341478261625, 0.2628803013063485, 0.16932414712112434], [0.30450484296901603, 0.2666915881166853, 0.26293047954366017, 0.16587308927064337], [0.29877691261124334, 0.27094974461088284, 0.2681391892023224, 0.16213415347558258], [0.30560946507753395, 0.26796952409517116, 0.26791230314506115, 0.15850870758223284], [0.2986915006859439, 0.2676705584055105, 0.26589651607856407, 0.1677414247299698], [0.3020180826005523, 0.26638309233211355, 0.26625720059901664, 0.16534162436831218], [0.2928416775266764, 0.275837204172979, 0.26464904664331385, 0.16667207155701683], [0.2966330877877397, 0.2734266827612429, 0.26749157983204674, 0.16244864951898014], [0.29212362432987404, 0.2806350380622101, 0.26502513125596344, 0.16221620625196354], [0.2968061048718442, 0.27638680778451125, 0.26862024530227707, 0.15818684194135726], [0.2896142659320381, 0.27289085964944004, 0.27294140082141805, 0.16455347349711089], [0.2965165910157865, 0.27094208750021664, 0.26980037710943094, 0.16274094427455166], [0.3120854060729966, 0.2637718105441431, 0.2564680937624365, 0.16767468952045636], [0.310076159427151, 0.2663464435135477, 0.2567855140411365, 0.16679188291819114], [0.30642740965214377, 0.26818690566803244, 0.2574434128756076, 0.16794227170424836], [0.3086528165610085, 0.2677118581582322, 0.25694243816337065, 0.1666928870174103], [0.31135293918173407, 0.2680890228106847, 0.25627971518521986, 0.16427832272235363], [0.3177331258073615, 0.2658071295352436, 0.2528244385198201, 0.16363530603758697]], "ideal": "D", "sampled": "D", "correct": true}}
{"type": "result", "data": {"idx": 9, "options": ["there is no cyclical unemployment.", "the inflation rate is zero.", "there is no structural unemployment.", "the nation is experiencing a recession."], "probs": [[0.36942533007278194, 0.2144585437285231, 0.24474614094632552, 0.17136998515236362], [0.3645532247686986, 0.21660212254315614, 0.24551489216407194, 0.17332976042407913], [0.3680609728050273, 0.21400574860676816, 0.24632509309971118, 0.17160818538849548], [0.37197183981387666, 0.21541827279468284, 0.24403809361514853, 0.16857179367629177], [0.3665516297269766, 0.21735299416411868, 0.24071352757191333, 0.17538184843699833], [0.37519419763639905, 0.21694729360900242, 0.23934118228106877, 0.16851732637352682], [0.36893846412767956, 0.21210023256553928, 0.2492597561738128, 0.16970154703297458], [0.3675815652035246, 0.21721586957687167, 0.24524252421455714, 0.16996004090507016], [0.3709716177238337, 0.21544144849869867, 0.24854007496437314, 0.1650468587131048], [0.3687312145855924, 0.2178874936846353, 0.2454571807575389, 0.16792411087224407], [0.35435495004601125, 0.20933745853922847, 0.2550443105567689, 0.18126328075798484], [0.35823542532751224, 0.21025692854509453, 0.25252723653858755, 0.1789804094888246], [0.3642841679359761, 0.21938016948397335, 0.24930930201011278, 0.16702636046993785], [0.3689576311389895, 0.2195881184726533, 0.2468427949100539, 0.1646114553783012], [0.3629076007573491, 0.21820544574693593, 0.25128450082390247, 0.16760245257183873], [0.3606934122799268, 0.22002080730614632, 0.2490394967085766, 0.17024628360535915], [0.3697435393314624, 0.2212317472691174, 0.24336245626024072, 0.1656622570391763], [0.36437336544520194, 0.2210202637135726, 0.2414518623968567, 0.17315450834435897], [0.3755438524503846, 0.2153245757210722, 0.2394495955081188, 0.16968197622042078], [0.3802121825820783, 0.21115556083238407, 0.24257289305000776, 0.16605936343553454], [0.3577267407734224, 0.2131736035593442, 0.24923105972495183, 0.17986859584227632], [0.36118772145051736, 0.21400806409480833, 0.2466726937487216, 0.17813152060595458], [0.3830943038835012, 0.21818403768372752, 0.2373343658505337, 0.16138729248223474], [0.3770641886488809, 0.21985588346412388, 0.23425990560276413, 0.16882002218423295]], "ideal": "A", "sampled": "A", "correct": true}}
{"type": "result", "data": {"idx": 10, "options": ["pay that amount to its trading partners.", "have a positive value of equal magnitude on its capital account.", "depreciate its currency.", "appreciate its currency."], "probs": [[0.2833287880729527, 0.23527201781158513, 0.25687363044504324, 0.22452556357043246], [0.2802666590089095, 0.22738691308418144, 0.2606277359471557, 0.23171869185974892], [0.2965524080212144, 0.23272485246525998, 0.24968819486181246, 0.22103454455172802], [0.30367405785399837, 0.22236494170910903, 0.24497533556501427, 0.22898566477188792], [0.2903901939140791, 0.23687036190556152, 0.249366332945395, 0.22337311113497216], [0.30394040979511544, 0.22240735528226543, 0.2494699545289593, 0.22418228029365211], [0.2958086870306229, 0.23755605614017947, 0.24680544240651955, 0.21982981432267099], [0.2854232710091204, 0.2270492147008932, 0.25063230293102395, 0.23689521125895976], [0.2945251464549225, 0.2476615905514057, 0.24357986447759514, 0.21423339841607666], [0.2945143412813395, 0.23912168411431678, 0.24708452166133266, 0.21927945284299138], [0.29900984809087444, 0.2383344394113715, 0.23918880775083648, 0.22346690464693209], [0.3060828559186138, 0.23584777882882044, 0.24597728774692576, 0.21209207740562533], [0.2821278819714697, 0.24442676675629812, 0.24807230797859198, 0.22537304319362375], [0.2863534334015185, 0.23485055083957188, 0.24690717616567076, 0.23188883949325242], [0.28161670328698746, 0.24491991049346554, 0.25053447020576824, 0.22292891591379077], [0.28304434904179365, 0.23865903669525493, 0.255580352859514, 0.22271626130343014], [0.28436223251054055, 0.23473817523335336, 0.24753090891356608, 0.23336868324253887], [0.2812021384463005, 0.2382285680260881, 0.25158163564456515, 0.22898765778304833], [0.287175868058296, 0.24543711909959665, 0.2390837044498033, 0.22830330829230347], [0.30186635128636813, 0.23229350446383384, 0.24320360107050387, 0.22263654307929356], [0.2891768053946939, 0.24555439826930728, 0.2402627873997156, 0.2250060088362714], [0.294266765061872, 0.2405318744883525, 0.25107055861098554, 0.2141308017387844], [0.29523304556494584, 0.22884203858727353, 0.2432302533715183, 0.232694662376268], [0.29182758413901716, 0.23085153248368268, 0.24592199289217928, 0.23139889038513023]], "ideal": "B", "sampled": "B", "correct": true}}
{"type": "result", "data": {"idx": 11, "options": ["The cash you receive from babysitting your neighbor\u2019s kids", "The sale of illegal drugs", "The sale of cucumbers to a pickle manufacturer", "The sale of a pound of tomatoes at a supermarket"], "probs": [[0.37571396207361113, 0.16241258030971045, 0.28377552842399606, 0.1780979290926715], [0.3776294067846518, 0.17118216851096704, 0.2780254688713584, 0.17316295573302246], [0.3739408486569122, 0.16286397372391398, 0.28670826499923846, 0.17648691251993756], [0.36701914600191043, 0.17121284945816503, 0.29269711566712486, 0.16907088877279922], [0.38411778504348676, 0.1685530007900722, 0.27393463291480674, 0.17339458115161915], [0.38056193690210416, 0.17085549332990455, 0.27835933407031116, 0.17022323559768457], [0.3467865389386005, 0.15008646103364331, 0.30229033550349377, 0.20083666442425024], [0.3500820851724421, 0.15832598625831956, 0.29769441412312303, 0.19389751434611813], [0.3471983931887415, 0.15372811638055697, 0.30706521995214564, 0.19200827037855425], [0.3520879623538149, 0.15983712079879447, 0.30308116301099497, 0.1849937537364008], [0.3517510395253464, 0.16471121197757677, 0.2959638347088906, 0.1875739136881809], [0.35601818599640134, 0.16183165043202863, 0.2994591305159666, 0.1826910329555959], [0.35421270536847815, 0.1652358693299498, 0.29936775319066594, 0.1811836720108972], [0.3471792035051072, 0.1783252593657511, 0.3064693316751834, 0.16802620535396434], [0.3613370207534914, 0.17071619300219254, 0.3009841693385843, 0.16696261680573402], [0.36629091321583085, 0.17906652931756267, 0.29508278016428086, 0.1595597772023241], [0.35232195068184724, 0.18749177439907003, 0.306602019123263, 0.153584255695818], [0.36648020395974595, 0.18028772338910887, 0.2964947179209288, 0.15673735463022306], [0.37830183547805724, 0.17640653113482962, 0.2713176446309566, 0.1739739886561681], [0.3701082347543578, 0.1817671067924942, 0.27990144688621105, 0.1682232114669172], [0.38172579919818656, 0.18163079794483883, 0.2758756856555444, 0.16076771710141413], [0.38468734351411316, 0.18140892076284634, 0.2790569051143002, 0.15484683050874973], [0.370328342630163, 0.1890156394783404, 0.2874631325813393, 0.15319288521016824], [0.3848328992070521, 0.18149002581730678, 0.27865098670726335, 0.15502608816837615]], "ideal": "D", "sampled": "D", "correct": true}}
{"type": "result", "data": {"idx": 12, "options": ["5 percent decrease", "\u00bc percent increase", "3 percent increase", "5 percent increase"], "probs": [[0.3116537883272572, 0.2403221992299716, 0.2929541796364594, 0.15506983270633237], [0.3145381911936578, 0.24215533652176185, 0.29259526341177916, 0.15071120877278021], [0.3106637965830459, 0.24394365818629782, 0.2996540867907125, 0.1457384583399393], [0.31550129539046917, 0.24343158576864188, 0.29520555583859664, 0.14586156290230345], [0.31795892162594497, 0.2440558686576702, 0.29016193444746485, 0.14782327516890195], [0.3231354598446734, 0.2401459018498249, 0.28874266911717267, 0.14797596908833605], [0.29213521716970753, 0.24775419976466406, 0.30533728006223687, 0.1547733029033961], [0.29832175177939574, 0.24985862813895582, 0.30309358764836253, 0.14872603233329323], [0.2944252947248187, 0.24958736785410213, 0.31102020964609195, 0.14496712767500425], [0.29380089118369684, 0.24580163879287242, 0.3130517038677791, 0.14734576605566188], [0.2981540888574127, 0.2500636734630641, 0.3057243180907516, 0.14605791948874694], [0.29385892967960187, 0.24667560544236972, 0.3096207176415432, 0.14984474713648865], [0.3148143026703272, 0.24556461569308397, 0.29752381349005486, 0.14209726804654282], [0.32029644572749694, 0.24564242467442032, 0.29424110626404404, 0.13982002323404968], [0.3160314020771298, 0.2446995590032552, 0.2968475822520802, 0.1424214565675363], [0.31638855561567875, 0.24163711992945267, 0.2981627316313556, 0.1438115927235174], [0.3198304816114766, 0.2438371265555539, 0.29883904335865347, 0.1374933483743201], [0.3159905435593386, 0.24654945014752744, 0.30178876423764156, 0.13567124195549482], [0.3237803685630967, 0.24151920461070966, 0.2889655007698064, 0.14573492595638707], [0.32955408129217206, 0.23682634385518703, 0.2861982275886572, 0.1474213471639795], [0.3223262267634354, 0.243428876583211, 0.29175873691130916, 0.1424861596420434], [0.31976088790236257, 0.2396947773153168, 0.29242398518456714, 0.14812034949775066], [0.32193006210851466, 0.24197492244296814, 0.2984508691389804, 0.13764414620953794], [0.31814609952950595, 0.2435084874828021, 0.3014724394129204, 0.1368729734747738]], "ideal": "D", "sampled": "D", "correct": true}}
{"type": "result", "data": {"idx": 13, "options": ["more effective in X because the policy will increase net exports.", "more effective in X because the policy will decrease net exports.", "equally effective in X and Y.", "less effective in X because the policy will decrease net exports."], "probs": [[0.3654794452253604, 0.2399300426312978, 0.2505647796560364, 0.14402573238731137], [0.35549884801376547, 0.23039204465128854, 0.26111136537875196, 0.15299774185620169], [0.36743958050314535, 0.23408857258770766, 0.26042689867373037, 0.13804494813541754], [0.357926660590786, 0.238451194482854, 0.2612178722737202, 0.1424042725526373], [0.35601994391613984, 0.23294642420618838, 0.26250954715374736, 0.1485240846239399], [0.3552603466864816, 0.2467800024170233, 0.2532886704666715, 0.14467098032981143], [0.36352227404248444, 0.24058141284507154, 0.2514624009635847, 0.14443391204886336], [0.3545036315563465, 0.23024368283830376, 0.26228332516908415, 0.15296936033626557], [0.3601839681758571, 0.23595964295140584, 0.26442664446127956, 0.13942974431144473], [0.34838586652505493, 0.23794214668788014, 0.2689739335772134, 0.14469805310987863], [0.3554964699288686, 0.23303480060574183, 0.26243284918883275, 0.14903588017655658], [0.3554132303557567, 0.2441351266568511, 0.25395378286557807, 0.1464978600218179], [0.35619048523739205, 0.22357558040269163, 0.2779974918302759, 0.1422364424296413], [0.3509587182782647, 0.2275648087247879, 0.2785190441438637, 0.1429574287530699], [0.35264698866341354, 0.22577654854449059, 0.2802002765443888, 0.14137618614770459], [0.34800004192003364, 0.2270156672450035, 0.2818868611499647, 0.14309742958501445], [0.3474877553475443, 0.22400212085219456, 0.27946337292556356, 0.1490467507747022], [0.3484491517153498, 0.21937363241014066, 0.2824854014524876, 0.1496918143220046], [0.3569928569027977, 0.22625861885832615, 0.2594657485649914, 0.15728277557388415], [0.3602886612524117, 0.23946182179275466, 0.2477389915683345, 0.1525105252864848], [0.35744981160890626, 0.22649754420509274, 0.25850174047293323, 0.15755090361306526], [0.3621044197795153, 0.23585830644494638, 0.2483299314937725, 0.15370734218175477], [0.34853521450982794, 0.23374394239599858, 0.26527292246886497, 0.152447920525319], [0.35008164943693465, 0.2293930467995948, 0.26864583966545696, 0.1518794639979953]], "ideal": "D", "sampled": "A", "correct": false}}
{"type": "result", "data": {"idx": 14, "options": ["Unemployment falls with little inflation.", "Unemployment rises with little inflation.", "Unemployment falls with rampant inflation.", "Unemployment rises with rampant inflation."], "probs": [[0.32270245423041555, 0.23446704793852075, 0.260648837684412, 0.18218166004666406], [0.32650810772482286, 0.2319508316431749, 0.25745456762887936, 0.18408649290309814], [0.31986464547313964, 0.23219514239847228, 0.2614176742647046, 0.18652253776367678], [0.3277958080552043, 0.23142780026735482, 0.26152098671449575, 0.17925540486294192], [0.3284141779684816, 0.23632831497015813, 0.2570168059757054, 0.17824070098565273], [0.32797904184053944, 0.23246964664692268, 0.2603362493504962, 0.1792150620620408], [0.32673662040295504, 0.23251648540071349, 0.2601559176546355, 0.18059097644168887], [0.31469397172622354, 0.22868427023801735, 0.2677964096945531, 0.18882534824119857], [0.32767976928580517, 0.2355225756139668, 0.26119103398776233, 0.17560662101247934], [0.32884613180615707, 0.23161283675536198, 0.25947061446253955, 0.18007041687594483], [0.31424027578120484, 0.22709920022747954, 0.2653990930564124, 0.19326143083492725], [0.31924852180671787, 0.22503147050963546, 0.2645584588711225, 0.19116154871252647], [0.32159452721954057, 0.22049095676486868, 0.26985745028946045, 0.18805706562614086], [0.32237514683136675, 0.22108503591179177, 0.27307856627874866, 0.18346125087809434], [0.3215680365558744, 0.22373930645672596, 0.26656774571095604, 0.18812491117645053], [0.3244998822030391, 0.22391849739775746, 0.26574158743908904, 0.18584003286012651], [0.3285689218140116, 0.21796419632230996, 0.2657084439296081, 0.18775843783407345], [0.32599554122412994, 0.21524878755502344, 0.26423489068860023, 0.19452078043226068], [0.323350038352727, 0.22354697041876376, 0.2644611547678722, 0.1886418363606379], [0.3265017317077896, 0.22639359330062567, 0.26922270026755196, 0.1778819746240404], [0.3162270226233291, 0.21838302058814074, 0.2695817722331159, 0.19580818445539974], [0.3133484270466136, 0.21784870267277243, 0.27554412819425067, 0.19325874198636162], [0.33554397144749654, 0.21713940751200334, 0.2635675770264942, 0.18374904391400496], [0.3235479803676932, 0.21611350269731927, 0.2679028852249897, 0.19243563160999763]], "ideal": "A", "sampled": "A", "correct": true}}
{"type": "result", "data": {"idx": 15, "options": ["70%.", "30%.", "40%.", "90%."], "probs": [[0.2887354831039149, 0.2678216594251577, 0.30069795378293784, 0.14274490358800904], [0.2829340489081257, 0.2673364955398471, 0.30510019775211367, 0.1446292576999183], [0.27300505837705075, 0.2657302641854063, 0.31649360257461073, 0.14477107476292989], [0.26820698575771484, 0.26347771279809185, 0.31863476565459786, 0.1496805356896156], [0.2718363250713959, 0.26684739991340356, 0.3185319014258973, 0.14278437348927903], [0.2634715008351582, 0.26325791343454774, 0.32271149201875493, 0.15055909361155578], [0.2787890115144287, 0.26548637120389534, 0.31416354520328493, 0.14156107197839943], [0.2754453326343794, 0.26202288508474136, 0.31701925146227633, 0.14551253071859965], [0.2668866466764719, 0.2593717217311058, 0.33464685571430863, 0.13909477577811408], [0.26659570975203756, 0.2592119970289852, 0.3305980597156901, 0.1435942334032822], [0.26531338247493813, 0.26190664663750507, 0.3321166873453641, 0.14066328344218648], [0.2668329985446154, 0.26039717462055095, 0.32880689282228437, 0.1439629339125426], [0.27113205690813474, 0.26082892428757026, 0.3230502308391261, 0.14498878786515393], [0.26773988963089723, 0.25485549157962767, 0.322104229121243, 0.15530038956823017], [0.27179466146927606, 0.2642205439329282, 0.32196770649411366, 0.1420170880036816], [0.2655698706414263, 0.25980673164848217, 0.324355414523443, 0.15026798308663047], [0.26517539281090524, 0.2581087537375801, 0.32617164586487024, 0.15054420748664568], [0.2682218078725448, 0.25712855185232975, 0.3264346988176897, 0.1482149413574347], [0.25860137070063416, 0.2590123788530494, 0.3411653749607599, 0.14122087538556277], [0.24651608975696154, 0.25582781365984075, 0.34771779322493573, 0.14993830325827168], [0.2570664865994416, 0.25902329379938094, 0.3441272420213052, 0.13978297747987903], [0.2613556486371265, 0.2573269863842063, 0.33820924814951087, 0.14310811672914783], [0.2526530265474429, 0.25516845344957234, 0.34574576156170705, 0.14643275834125424], [0.25538822184932014, 0.25517459085682526, 0.34435027086682896, 0.14508691632702186]], "ideal": "B", "sampled": "A", "correct": false}}
{"type": "result", "data": {"idx": 16, "options": ["prevent inflation.", "prevent recessions from occurring.", "prevent inflation and recessions from occurring.", "are government policies already in place that promote deficit spending during recessions and surplus budgets during expansions."], "probs": [[0.29324885055580147, 0.2514340863605012, 0.3099324131346589, 0.14538464984903857], [0.30443846398750085, 0.26066415791314124, 0.28787361503731074, 0.14702376296205003], [0.3022784041998249, 0.25553625806578856, 0.309639417153823, 0.13254592048055602], [0.3122087266740644, 0.2683653594590113, 0.28554941079579055, 0.1338765029711183], [0.28765520060533817, 0.26436735559416585, 0.30189211949277456, 0.14608532420770473], [0.3036055844587853, 0.27266910888400664, 0.29033660636975406, 0.13338870018747168], [0.29654820540910337, 0.2510058793265974, 0.3092071696310526, 0.1432387455332475], [0.29999704369521285, 0.2606700062774748, 0.2911873448260583, 0.14814560510125796], [0.29218455103379365, 0.25629114502142036, 0.31352203983791826, 0.1380022640068678], [0.317424808037048, 0.2647806820290171, 0.28593006654062103, 0.1318644432933241], [0.2999922764675785, 0.25668059119414416, 0.2981214725465147, 0.14520565969177893], [0.3119282151706338, 0.26546643905459555, 0.29150082480946127, 0.13110452086532026], [0.3007418412889337, 0.2729230302404828, 0.29295245975783274, 0.1333826686127537], [0.3152180962566594, 0.29164011915788784, 0.2718792563127281, 0.12126252817271126], [0.28805504892309175, 0.2681537921240872, 0.30209962834738924, 0.14169153050541272], [0.3173134698153795, 0.27826111834239925, 0.2745452984494004, 0.1298801132928126], [0.30976863259700566, 0.27622913913618324, 0.28714316234813736, 0.12685906581865464], [0.2998643691148484, 0.2747087560792522, 0.2975676103300711, 0.12785926437581477], [0.2935449632224542, 0.2753334610924319, 0.28739594684635406, 0.14372562873876435], [0.31611990278288155, 0.28599926001892867, 0.2738033938371205, 0.12407744326108264], [0.29236980577035193, 0.27801818485983415, 0.2876638246729574, 0.14194818459684475], [0.3185978778641943, 0.28725078245657426, 0.276014655955431, 0.11813668362380098], [0.3251683631398646, 0.28751337461578486, 0.27174798257100735, 0.11557027957334796], [0.31735165475485133, 0.28557013885105853, 0.2808301876434649, 0.11624801865062126]], "ideal": "D", "sampled": "C", "correct": false}}
