{"type": "result", "data": {"idx": 0, "options": ["too much curvature of the cornea and lens", "too little curvature of the cornea and lens", "too much curvature of the iris and lens", "too little curvature of the iris and lens"], "probs": [[0.30431034808520263, 0.27144780551326425, 0.26918793359196974, 0.15505391270957825], [0.30479118310932046, 0.2716955368092382, 0.26771543920475094, 0.15579784077670394], [0.30295162648807783, 0.2718233888349419, 0.27469727821900497, 0.150527706357959], [0.301663083856478, 0.27273698322744083, 0.27213232949190475, 0.15346760332417236], [0.30376478146430647, 0.2737302527730206, 0.2713072366951542, 0.15119772896752984], [0.30125644311522654, 0.2761495143225398, 0.26896752318273187, 0.1536265192795036], [0.2987277688301712, 0.2761721093161591, 0.26850667587228766, 0.15659344588137222], [0.30278357109244924, 0.2754551947671232, 0.26635654387833735, 0.1554046901620941], [0.29790062410898144, 0.27644150305490706, 0.2733107962860084, 0.15234707645010967], [0.2987627850960744, 0.27818641006522754, 0.267609233876663, 0.15544157086202628], [0.3018300096104837, 0.27448809599394464, 0.2722634008288979, 0.15141849346668404], [0.29837285158109356, 0.2747458176479702, 0.27124926079350425, 0.15563206987742098], [0.2987823197144316, 0.27002324338791706, 0.2770229734698422, 0.15417146332779885], [0.3028550169967886, 0.27229212172831846, 0.27138210293661685, 0.15347075823825268], [0.29718474029752995, 0.2710467225619289, 0.27640176349206774, 0.15536677354845255], [0.3014212332058468, 0.2749536015045588, 0.26899857511572767, 0.154626590073862], [0.3017044717285472, 0.27241983105151824, 0.2663198974303928, 0.15955579968953795], [0.30119352451509673, 0.2709381779763871, 0.2658274324412903, 0.16204086496722578], [0.2942316805765817, 0.2741660953029496, 0.27512632171413376, 0.1564759023063478], [0.29651343528838714, 0.2776435315851434, 0.2704571765059214, 0.1553858565205555], [0.29435875327736105, 0.27344129968903963, 0.27604477594946264, 0.15615517098413878], [0.30211654387951425, 0.2754978546268338, 0.26823925250214636, 0.154146348891503], [0.2969188743446178, 0.2749454431418343, 0.2668954492469002, 0.16124023316663558], [0.30027648307436405, 0.27593662344514347, 0.26275336731667215, 0.16103352606381563]], "ideal": "A", "sampled": "A", "correct": true}}
{"type": "result", "data": {"idx": 1, "options": ["OCD.", "schizophrenia.", "conversion disorder.", "antisocial personality disorder."], "probs": [[0.25470048783523636, 0.2019323671295629, 0.33770071196626417, 0.20566643296892503], [0.2548109572062122, 0.19762885809324054, 0.33745755595419386, 0.2101026286463404], [0.24828583251221645, 0.20003166081992532, 0.33959874650194494, 0.21208376006591692], [0.24795765578560847, 0.19629965188061274, 0.34014973054630937, 0.21559296168746692], [0.2591551229243245, 0.19676327823371162, 0.33877077412689394, 0.20531082461509498], [0.2551064493076956, 0.19445851177853268, 0.3398825208739124, 0.21055251793985463], [0.25558903106281433, 0.2098028948973184, 0.32992569572877456, 0.20468237821108803], [0.2575742116583611, 0.20614690435737934, 0.32971337518622845, 0.20656550869804519], [0.2582791246114164, 0.20893482651922626, 0.32760204122147996, 0.20518400754787697], [0.2698782219315884, 0.20531173135631642, 0.32812835282118324, 0.19668169379090916], [0.2717514743541135, 0.2074393679857815, 0.32585614230898025, 0.19495301525114084], [0.2804366094662895, 0.20408908846235632, 0.3250399913444229, 0.1904343106269098], [0.25502221388809204, 0.20550111496721005, 0.32344946116817513, 0.21602720987651], [0.25599250808759216, 0.20294563897871506, 0.3230857113107102, 0.21797614152298495], [0.2637338109881414, 0.2065131753192447, 0.32291934929877725, 0.20683366429381964], [0.2715635177328296, 0.20148965488917928, 0.32461506913349353, 0.2023317581444965], [0.2662668350905389, 0.20117279681428857, 0.3247083501856469, 0.2078520178095446], [0.2784611218260745, 0.19814371963494468, 0.32233371851646403, 0.2010614399225347], [0.28218787726846306, 0.21050794502452524, 0.30438937300618785, 0.202914804600824], [0.2773969042639304, 0.2090313585451272, 0.30444024627586835, 0.2091314908150776], [0.2889919457625716, 0.21326292734580996, 0.3036238215027172, 0.19412130528888408], [0.29805898574448103, 0.21019833592550968, 0.3019597071391186, 0.18978297109088568], [0.27824808103304505, 0.20919297734856834, 0.30913613401251383, 0.20342280750586514], [0.291146169045035, 0.2073662408391687, 0.30500364265799734, 0.19648394735780847]], "ideal": "B", "sampled": "D", "correct": false}}
{"type": "result", "data": {"idx": 2, "options": ["Homeostatic regulation", "Goal-setting", "Expectancy-value", "Hierarchy of needs"], "probs": [[0.2649477771663674, 0.2592524776010462, 0.2571601321143893, 0.21863961301819784], [0.255801934174987, 0.25691187770506857, 0.25676502950607155, 0.23052115851388488], [0.2686368994889674, 0.2588391497675121, 0.2512886253521071, 0.221235325291397], [0.2642424981997003, 0.257852734030322, 0.25003624042849737, 0.22786852724147802], [0.2527669329561081, 0.25738246134782156, 0.2636267753785942, 0.22622383021748171], [0.2557185958526934, 0.2601088602216927, 0.2686891379784815, 0.21548340584714262], [0.26410833058873606, 0.2600568052585242, 0.26007015774313413, 0.2157647063095978], [0.2566015569615229, 0.2563936789573251, 0.25878141529912, 0.228223348682043], [0.26797252206864614, 0.2594967979702422, 0.25222289835574435, 0.22030778150535102], [0.2585709408753229, 0.2642597914523164, 0.2537193029712426, 0.22344996460113165], [0.25054014623874077, 0.261007446650551, 0.2590642549727163, 0.2293881520380123], [0.25266117232104823, 0.2675229210545397, 0.263431744073875, 0.21638416245053918], [0.26167521886630046, 0.26366098847104624, 0.2556263471884436, 0.21903744537419859], [0.2563839406389055, 0.26363681450837617, 0.25315238663183465, 0.226826858120868], [0.26214345782949316, 0.26124715612298616, 0.25688388313471394, 0.21972550281282371], [0.2544930277718267, 0.2650829188396356, 0.2580096420576253, 0.22241441123092767], [0.24573890453490066, 0.2642842293909144, 0.2657012569894354, 0.22427560898475885], [0.2470088518283523, 0.2658321523603277, 0.26715582958894163, 0.22000316612238005], [0.25657215779387665, 0.2648396948338667, 0.25787886357892353, 0.22070928369331994], [0.2609496496995281, 0.26872356731848684, 0.2604138462040836, 0.2099129366779316], [0.25825462699015095, 0.2634404705331713, 0.254697584618789, 0.22360731775789328], [0.2628890948287564, 0.269165341209418, 0.2582472280130377, 0.20969833584880132], [0.26423272164118944, 0.2663903074341011, 0.2518556954480768, 0.2175212753766153], [0.2641755575550517, 0.26956541638064496, 0.25197113199773696, 0.21428789396657208]], "ideal": "D", "sampled": "C", "correct": false}}
{"type": "result", "data": {"idx": 3, "options": ["measures what it purports to measure", "yields consistent results on successive administrations", "has been piloted and statistically analyzed", "includes norms based on a representative sample of the general population"], "probs": [[0.30431933986616905, 0.23179627735834127, 0.291017325587003, 0.17286705708848546], [0.2960632023314267, 0.23324322131367334, 0.2966391562550552, 0.17405441999985607], [0.3047750893779141, 0.2332283600967777, 0.2916272182569686, 0.17036933216836472], [0.31301571312632126, 0.2362571861042381, 0.2891789407539544, 0.16154815991548355], [0.2979520729277885, 0.23623964090974653, 0.29647217221096656, 0.169336113851512], [0.31757846914699406, 0.23604642733543188, 0.2866046465215214, 0.15977045689606373], [0.2865706884886788, 0.2393025943615768, 0.292842074716179, 0.181284642333565], [0.2780454219218169, 0.23961909336796253, 0.2998714544794062, 0.182464030130822], [0.27796939321673564, 0.24164914781691388, 0.3050335941457378, 0.1753478647205955], [0.27633254855363637, 0.2383587825152786, 0.2996490789394255, 0.1856595898916548], [0.2798628823970348, 0.24590959582183727, 0.30464512004277117, 0.16958240163837193], [0.28670109037416713, 0.23945284374855563, 0.29578476103059964, 0.1780613047466889], [0.28710825182304284, 0.2427033733274627, 0.28583035870653234, 0.18435801604296453], [0.2920793967142172, 0.24492041633545109, 0.28479233492081435, 0.17820785192953], [0.2808596740707982, 0.24303939169305477, 0.2978231620444779, 0.17827777209168313], [0.2771526507164901, 0.24009964728099026, 0.2916190588531609, 0.19112864304935126], [0.28733579058433095, 0.24979663067257965, 0.2913316516729227, 0.17153592697016756], [0.2804965749551131, 0.2428595409032796, 0.2885083102389478, 0.1881355738026486], [0.3014642697090718, 0.23727216454519723, 0.27682356562602034, 0.18444000001970423], [0.3183529671755244, 0.2369588603977701, 0.26870622431811464, 0.17598194800858627], [0.2901083723630179, 0.23532318090933285, 0.29578356803747424, 0.1787848785901603], [0.29834352139376547, 0.22930450784939652, 0.28586223664663235, 0.18648973401020888], [0.3010523605094745, 0.2401012783532475, 0.2877145132008363, 0.17113184783644356], [0.29819312440091006, 0.23195437267290528, 0.28589931279598024, 0.18395319003019672]], "ideal": "A", "sampled": "A", "correct": true}}
{"type": "result", "data": {"idx": 4, "options": ["the provision of a free, appropriate public education for students with disabilities", "the provision of bilingual education for English-language learners", "schools being held responsible for providing tests that do not discriminate on the basis of race", "the assignment of similar funding to athletic activities for boys and girls"], "probs": [[0.25772221483143637, 0.21979282802491656, 0.3127894012186938, 0.20969555582494612], [0.2532457347409541, 0.21681217427855906, 0.3084498037686485, 0.22149228711185964], [0.25602897164873506, 0.2195211721179878, 0.3027379776640974, 0.2217118784691962], [0.25795775219436934, 0.22354460081589186, 0.305631082557477, 0.2128665643322776], [0.25426162910127087, 0.21340281881412765, 0.30726450896170443, 0.22507104302290504], [0.2581210542343855, 0.22107299804164843, 0.3138635911455122, 0.20694235647846362], [0.2574507471710139, 0.22613038006587244, 0.3096214755932261, 0.20679739706988212], [0.2500945243327159, 0.22265838251220957, 0.30572300283543763, 0.221524090219646], [0.2599138208291665, 0.22746763510610077, 0.2951304252147237, 0.21748811874999197], [0.2600156678194902, 0.22296831764875522, 0.29248615710026665, 0.22452985733149444], [0.25197393393600104, 0.21901748734472676, 0.2973787072366618, 0.2316298713825949], [0.25757700743239914, 0.222856358102747, 0.30005049666386835, 0.21951613770098619], [0.2558585674811617, 0.2171104552496516, 0.30552722216703043, 0.22150375500215172], [0.25875749053714325, 0.21833456137037632, 0.3098848008923159, 0.213023147100148], [0.25485212588802825, 0.21768881350457786, 0.3037667813013718, 0.22369227920602058], [0.25551417109616464, 0.21570149792536691, 0.3004573483034187, 0.2283269825750363], [0.2611159980763086, 0.21383900579771417, 0.30630040451689783, 0.21874459150909145], [0.25863580727890484, 0.2097773230015341, 0.3006050988974901, 0.2309817707220801], [0.2610430028257496, 0.21052930215948767, 0.301779535195523, 0.2266481597192436], [0.2674397423195102, 0.2200757434648815, 0.30675253850150985, 0.2057319756140949], [0.2588825564413833, 0.21164307265291044, 0.2983629163936424, 0.23111145441206346], [0.2630479649069899, 0.2173557675583478, 0.30032159735140807, 0.2192746700832485], [0.26742596438963967, 0.2226019346516223, 0.2946803858753648, 0.2152917149833755], [0.26397541440212874, 0.21513376389310482, 0.29172239663489585, 0.2291684249698712]], "ideal": "C", "sampled": "C", "correct": true}}
{"type": "result", "data": {"idx": 5, "options": ["0%", "25%", "50%", "75%"], "probs": [[0.2763617497147404, 0.23510261730367443, 0.3260140491399781, 0.16252158374160278], [0.29526730132529194, 0.24394872144515528, 0.3141334446774883, 0.14665053245207663], [0.29011160042952117, 0.2438806670224815, 0.3134368782839105, 0.15257085416408547], [0.2839575767870751, 0.23970205713229098, 0.3191200975654436, 0.15722026841517248], [0.29649021411287424, 0.2485851944429509, 0.3107345925602469, 0.14418999878392585], [0.2812130553248818, 0.2411188585505245, 0.3204970033830087, 0.1571710826415724], [0.3041696789506516, 0.25282839629164766, 0.29768024764446804, 0.14532167701322296], [0.3174209227786907, 0.26000709646142456, 0.29289511884640845, 0.12967686181346005], [0.3194826870576396, 0.257131412141248, 0.29294751045000905, 0.13043839025109566], [0.32389721166710245, 0.2560170296275094, 0.2966951638387765, 0.12339059476660673], [0.33626127304308967, 0.25763993873835445, 0.2787186249309897, 0.12738016318754988], [0.3399084985367477, 0.25724155850252955, 0.27803465035710917, 0.12481529250361754], [0.3111105177171678, 0.24922733030959868, 0.2936411741805882, 0.14602097769265113], [0.3081123296690091, 0.2490199425114535, 0.29899309880166297, 0.14387462891788272], [0.32141348225879574, 0.248106159926587, 0.29447961001546125, 0.13600074769915174], [0.3249404390303227, 0.2514320375597616, 0.29607269769458117, 0.12755482561532783], [0.3180193951860543, 0.2454203616164517, 0.298785343220085, 0.13777489987741212], [0.3289531280516305, 0.24623181230079577, 0.2996802344965017, 0.1251348250510725], [0.31475050296745144, 0.2635018260266135, 0.28687435036370307, 0.13487332054224477], [0.29903720055568994, 0.2554808989687325, 0.295496921778165, 0.14998497859740575], [0.3326037425289657, 0.2595578775038872, 0.27677049741970783, 0.13106788244743517], [0.3369931300390525, 0.25699927182972354, 0.27761525257450836, 0.12839234545671363], [0.3155548858786854, 0.25606304496184595, 0.29021654546575076, 0.13816552359372478], [0.32905479459867293, 0.25230331202427253, 0.29100991976677765, 0.1276319735102946]], "ideal": "A", "sampled": "B", "correct": false}}
{"type": "result", "data": {"idx": 6, "options": ["variance", "mean", "range", "median"], "probs": [[0.2419034159747365, 0.23831891999299162, 0.330122639506299, 0.1896550244259831], [0.24487526698802542, 0.24134688737287624, 0.32471010066939243, 0.189067744869712], [0.23939389602484848, 0.23762784108851054, 0.3319038968261526, 0.19107436596049682], [0.2401190849441829, 0.23794011991941183, 0.33114356086300084, 0.19079723417341268], [0.24239777149550093, 0.24337907335587103, 0.3273161441471194, 0.1869070109015116], [0.23914389128385205, 0.23980008867711858, 0.33214651892545, 0.1889095010135688], [0.22922466135472216, 0.2422612524994083, 0.3335936836571693, 0.19492040238870129], [0.23602992716120955, 0.24815434718965723, 0.3282396081861833, 0.18757611736294696], [0.23443023631597196, 0.23908397613902688, 0.33732556816596765, 0.1891602192790376], [0.23380927949695088, 0.24554742073107594, 0.33310003257793985, 0.1875432670940469], [0.2387115109637243, 0.2446978959190551, 0.33756840421364764, 0.17902218880357004], [0.23043051575471407, 0.24710619501159148, 0.33474769031103374, 0.1877155988226566], [0.22528255455699964, 0.23755853765495452, 0.34300647606897017, 0.19415243161906554], [0.22598339892152636, 0.23857151573799165, 0.34244445966852444, 0.19300062557196054], [0.2324989700556355, 0.23763713206552772, 0.34102213945536364, 0.18884175832347772], [0.22805265700552202, 0.2417786577232575, 0.33775956796724466, 0.19240911720397058], [0.22972988435487635, 0.23639122322133438, 0.34544549428734395, 0.18843339803644646], [0.22738189481048546, 0.24250259910015143, 0.3396945909258419, 0.19042091506350725], [0.23788642044516992, 0.24961517697454347, 0.3297918808216222, 0.18270652165866041], [0.23290702805412572, 0.24664681498593813, 0.3332274959405733, 0.18721866091938216], [0.2428127324152149, 0.24841702741970856, 0.33561497526825496, 0.17315526479682963], [0.2337320537428591, 0.25096692245327895, 0.3350453137299826, 0.18025570997389007], [0.23476390549103476, 0.24274833913530997, 0.339428565944219, 0.18305918932942095], [0.23458889247856665, 0.24830662100825845, 0.3343330379976242, 0.1827714484155571]], "ideal": "A", "sampled": "A", "correct": true}}
{"type": "result", "data": {"idx": 7, "options": ["They need provide supervision only to school psychologists who are not fully certified or licensed and to any school psychology interns.", "They should provide professional but not administrative supervision.", "They are eligible to serve as supervisors after one year of experience as a school psychologist.", "They should hold the Nationally Certified School Psychologist credential or the state school psychologist credential."], "probs": [[0.2307726781853254, 0.21963715627202157, 0.32102113438370206, 0.22856903105896428], [0.2334850708526747, 0.2157572427995016, 0.31909041398936305, 0.2316672722584554], [0.2280374045420673, 0.21410842821070541, 0.3246610961878932, 0.23319307095935055], [0.23020089741104263, 0.21641989612015386, 0.33092428075600006, 0.2224549256128005], [0.2326925854726852, 0.21265203237735436, 0.3293239513243336, 0.22533143072564327], [0.2340362328799265, 0.21654726510697825, 0.3346596638621332, 0.21475683805096743], [0.2298395403437136, 0.20868717617952476, 0.32358405624677605, 0.23788922712997718], [0.2338596976989248, 0.20510951234823557, 0.3215649514326283, 0.23946583842022043], [0.23298520064292702, 0.21379999606862465, 0.31393832407768796, 0.2392764791107621], [0.22778826082481918, 0.21090008302771077, 0.3169079149667755, 0.24440374108071408], [0.23560745218884874, 0.20280421249786307, 0.32255215572638274, 0.23903617948689762], [0.23021448255801735, 0.20777630485157222, 0.3221816378174245, 0.23982757467298535], [0.22222889711495644, 0.20788593521823545, 0.33401465140492753, 0.2358705161618926], [0.22434341139651626, 0.2099033258807661, 0.33699381503632536, 0.22875944758640196], [0.23060556782402722, 0.20825628284034164, 0.31588858200613606, 0.24524956722951885], [0.22429690813805805, 0.20449063098569503, 0.3199803510727702, 0.2512321097034604], [0.22595153710794053, 0.20855359488158592, 0.3335032329066418, 0.2319916350038396], [0.22258872935813873, 0.20384918339658192, 0.3312258376725509, 0.24233624947273436], [0.23621532132961454, 0.20852962154179946, 0.3323561834751217, 0.22289887355346927], [0.2344492268369671, 0.21057741550963824, 0.3388614585786094, 0.21611189897477964], [0.2459024367200946, 0.20919628148513164, 0.3157686918669526, 0.2291325898278129], [0.24049053891455313, 0.213310432085146, 0.3161342067527315, 0.2300648221475679], [0.23914009753445192, 0.214634137014277, 0.32536117005744325, 0.2208645952938108], [0.2385749765137833, 0.2108865337303688, 0.3198529691960814, 0.23068552045975813]], "ideal": "D", "sampled": "D", "correct": true}}
{"type": "result", "data": {"idx": 8, "options": ["at the beginning of the list", "in the middle of the list", "at the end of the list", "distributed throughout the list"], "probs": [[0.3206044851657225, 0.26804577881812364, 0.2653128557731616, 0.1460368801430035], [0.31827258108397244, 0.2722454576216837, 0.2634916457093648, 0.1459903154849896], [0.3187453271778799, 0.2683764628426001, 0.26392300764842846, 0.1489552022310961], [0.3217083017545932, 0.2745534053814586, 0.25639402160466546, 0.14734427115929588], [0.31700399217843417, 0.27171253032449716, 0.26166619932493146, 0.14961727807213396], [0.3170988487541385, 0.2727401032692128, 0.2610181645921832, 0.14914288328447084], [0.3180998849495814, 0.27102046107734235, 0.26346318543591085, 0.1474164684371606], [0.31572001766565816, 0.27514989241607973, 0.2625368056246577, 0.14659328419362117], [0.31777390796969524, 0.2726939809870911, 0.2614082637052604, 0.14812384723795383], [0.3174159875151815, 0.2755051429691184, 0.2596869944495027, 0.14739187496618217], [0.3103345001263404, 0.2741565960257267, 0.26516982533139544, 0.15033907841652358], [0.3130023766610899, 0.2740959603585057, 0.26288010862250555, 0.15002155425789315], [0.31560696284606116, 0.2707938336375096, 0.26366386526339, 0.14993533815303503], [0.31764999796578663, 0.2767294037945358, 0.2569013095782663, 0.1487192885614244], [0.3150722558473874, 0.27125902242026334, 0.265134058663265, 0.14853466296907666], [0.3154097384592235, 0.2750310956862432, 0.2611505795369375, 0.14840858621757674], [0.313461245009852, 0.2741417454715194, 0.26117256634556574, 0.1512244430730689], [0.3143650970408602, 0.2726014152964568, 0.2616194033716123, 0.15141408419109262], [0.2990583976249587, 0.2725516336156242, 0.2678140597345487, 0.16057590892487436], [0.3002185946313836, 0.2733844786072254, 0.2679749283481614, 0.15842199831322387], [0.2995671854164844, 0.27212571266708907, 0.268180977115459, 0.16012612470095886], [0.3012036245732553, 0.27300845127853934, 0.2666051378791307, 0.15918278616909903], [0.2999605179286108, 0.2741255299760779, 0.26774927565896334, 0.15816467633634812], [0.2989101300562743, 0.2728852650764568, 0.26945903303542523, 0.15874557173182516]], "ideal": "A", "sampled": "A", "correct": true}}
{"type": "result", "data": {"idx": 9, "options": ["Piaget's cognitive development theory", "Erikson's psychosocial stage theory", "Kohlberg's moral development theory", "Ainsworth's social attachment theory"], "probs": [[0.2979415012950348, 0.23884574515415868, 0.2779230738137619, 0.185289679637031], [0.31280890128624994, 0.23185315036490026, 0.27316271073136467, 0.18217523751747544], [0.29754900181455085, 0.2341465182088774, 0.281665480969018, 0.18663899890755925], [0.3001298792642549, 0.22408850861618726, 0.28354118467678796, 0.19224042734277846], [0.30367009393914574, 0.23158611453687206, 0.28134017646747433, 0.1834036149565138], [0.2936686450068648, 0.2275315785330128, 0.28751032583942615, 0.19128945052067353], [0.30064795966939634, 0.24375454208346653, 0.2682576044869551, 0.1873398936601769], [0.31410426388865825, 0.23780735572004, 0.26357287159055454, 0.1845155087007283], [0.30204846185894046, 0.24783737434264036, 0.2616571959139139, 0.18845696778449744], [0.31181017659793403, 0.24079615651421243, 0.26043687142053906, 0.18695679536732043], [0.3153573982804181, 0.24146869484018899, 0.26039006244117696, 0.18278384433821346], [0.3095538266684922, 0.24197458337509714, 0.2621308670487424, 0.18634072280767108], [0.292517590661272, 0.23582111185683338, 0.27881697477389494, 0.19284432260799875], [0.2956555244128761, 0.2257921762590548, 0.2807066067183013, 0.19784569250976092], [0.29546646523992975, 0.24240326352573074, 0.2698417239024759, 0.1922885472318729], [0.3065635518970262, 0.23627833348453223, 0.26768764241556536, 0.18947047210288515], [0.29352188107416344, 0.23343086240341474, 0.2778625488003387, 0.1951847076220831], [0.29593790522634134, 0.23575978333137423, 0.276108017365024, 0.19219429397727417], [0.3029758635117542, 0.23540865675664022, 0.27304940190117394, 0.18856607773044387], [0.2958843073904074, 0.22984973847851983, 0.2788592485501801, 0.19540670548089223], [0.30645530499395846, 0.2384666742732011, 0.2668173667277309, 0.18826065390509655], [0.3003625834871958, 0.2385746137894113, 0.2702458357937858, 0.19081696682960805], [0.2963150896561638, 0.23469008179347844, 0.27233083880157344, 0.1966639896487711], [0.2981122646231688, 0.2382872477965108, 0.2713669629830158, 0.19223352449730283]], "ideal": "B", "sampled": "B", "correct": true}}
{"type": "result", "data": {"idx": 10, "options": ["aptitude", "projective", "achievement", "intelligence"], "probs": [[0.2452292587417047, 0.2695483100454816, 0.25392968708721936, 0.23129274402560465], [0.24786294623390207, 0.270057976765109, 0.2588708115824407, 0.22320826531854324], [0.2467589439928412, 0.25979850804876525, 0.2789320393625957, 0.21451050849579806], [0.2468594363549622, 0.25831526243853353, 0.27477672319897783, 0.2200485779075114], [0.24472099387500257, 0.2639357606411767, 0.2782102141175914, 0.21313303126622363], [0.24476079780414936, 0.2605238319589135, 0.2642634450056444, 0.2304519251312731], [0.23620877268756835, 0.26213083435698503, 0.26191863595292897, 0.23974175690251487], [0.23883321528623042, 0.2628374688883066, 0.2646090093176386, 0.23372030640781924], [0.23093290162904473, 0.2614354893760224, 0.26663102178044806, 0.24100058711445888], [0.23430438736551726, 0.2641218068170635, 0.2634178864192758, 0.23815591929812796], [0.23454597211816666, 0.26207103402212656, 0.2595003497416101, 0.2438826440180945], [0.23397396473091484, 0.2627823559603753, 0.2591920931006711, 0.244051586108061], [0.23398565139495683, 0.265136399246326, 0.27544431576333195, 0.22543363349537474], [0.2343575289565543, 0.2657638219418084, 0.2704590784781974, 0.22941957052344325], [0.23249448335969122, 0.270915117243634, 0.26264007247036253, 0.23395032682634087], [0.23577720325949908, 0.27318907813119336, 0.2582818306308936, 0.23275188787842113], [0.2292273885412665, 0.26579929725256835, 0.26609305135365147, 0.23888026275250604], [0.23078639766968578, 0.2676142172378216, 0.2778924358442129, 0.22370694914827513], [0.24132224781244774, 0.2698222244419247, 0.27402077526428537, 0.2148347523813308], [0.24393365694896632, 0.264888553989284, 0.2610125036696877, 0.23016528529205374], [0.2356446682890451, 0.27200888560179753, 0.25763364327765365, 0.23471280273149023], [0.23292998020486744, 0.27229434377763967, 0.2541944812189922, 0.2405811946984897], [0.23385754423209362, 0.2616450302054054, 0.2707295198200095, 0.23376790564249905], [0.23386941039671708, 0.2651681492797505, 0.2817811510189213, 0.21918128920461682]], "ideal": "C", "sampled": "B", "correct": false}}
{"type": "result", "data": {"idx": 11, "options": ["proximity and similarity", "top-down processing and bottom-up processing", "binocular and monocular cues", "size and shape constancy"], "probs": [[0.3016715401144055, 0.1542490322420263, 0.313689236249433, 0.23039019129414734], [0.3042082461466661, 0.14500113716891921, 0.323525583256918, 0.22726503332750314], [0.2922871503079145, 0.16386872798811372, 0.3158710932340927, 0.22797302836987277], [0.2844045665356533, 0.1625454384027954, 0.3220332759353482, 0.23101671902619908], [0.3085187595503989, 0.1436895472141914, 0.3057340876436778, 0.24205760549173388], [0.29173280016616965, 0.1596056406653136, 0.3048816082351799, 0.24377995083331852], [0.3078564858150659, 0.1532010686685518, 0.30035586235331263, 0.23858658306306998], [0.307189299332821, 0.14639552638071354, 0.309223709768485, 0.23719146441796946], [0.2916271679481923, 0.1566465564933694, 0.3200137712615269, 0.23171250419690964], [0.290606750629873, 0.1539057165698408, 0.32823734486565986, 0.22725018783463508], [0.30622523323146356, 0.14592486882987155, 0.3102265320320565, 0.23762336580661633], [0.30565075553189813, 0.14916165444490206, 0.3037375890651481, 0.24145000085804671], [0.2950653136090169, 0.17135881650135207, 0.2967174107563609, 0.23685845903324998], [0.28442048422120675, 0.1714846974591592, 0.30359245536976487, 0.24050236284985294], [0.29192247195002885, 0.17526285349918053, 0.30944651649546967, 0.22336815795533566], [0.29151223938379733, 0.17283485517557207, 0.3140883434847424, 0.22156456185588078], [0.2835810433912777, 0.17537359154905216, 0.30377293983402964, 0.23727242512564642], [0.29467613987996605, 0.1743947840098871, 0.30007861523528034, 0.2308504607748858], [0.31017336709670357, 0.1291118958189806, 0.3018643344102845, 0.25885040257402386], [0.2923225487729743, 0.14303631164266942, 0.30315047553340857, 0.2614906639509398], [0.3049826355386648, 0.1364115162542767, 0.3213452080954579, 0.2372606400115983], [0.30382585987976807, 0.13839048583098537, 0.3138160661198825, 0.24396758806936894], [0.2847096403764977, 0.14601510563768774, 0.32259252173033853, 0.24668273215546074], [0.29458358008569474, 0.14503522660035456, 0.31889647749737127, 0.2414847157165719]], "ideal": "C", "sampled": "B", "correct": false}}
{"type": "result", "data": {"idx": 12, "options": ["be paralyzed", "fall into a coma", "suffer severe speech impairment", "die"], "probs": [[0.35643830596841086, 0.24925240201495194, 0.25029274560476755, 0.14401654631188068], [0.34035605078894565, 0.2443829386824008, 0.25740341932872735, 0.15785759109991915], [0.3582014961740592, 0.24966524113491897, 0.24693948396982643, 0.14519377862118968], [0.3494075881019375, 0.24529723602264605, 0.24790304701906046, 0.15739212875634165], [0.33561040754077764, 0.24639622234066774, 0.2668517325816399, 0.15114163743688597], [0.3392498724339117, 0.24360122237744428, 0.2640635801233948, 0.15308532496526628], [0.35953708159465536, 0.2470528770024697, 0.24300067232314596, 0.15040936897972795], [0.3464158874771362, 0.2433938727855391, 0.24977397829982995, 0.16041626133749437], [0.35322220279739325, 0.2522177943957511, 0.24199062244582978, 0.1525693802610355], [0.35457372217050753, 0.24781333043526943, 0.24103377285213964, 0.15657917444209912], [0.3429816228163885, 0.24665514515748221, 0.2559677092972656, 0.15439552262885411], [0.3500925486734591, 0.24667639991163207, 0.2511832025511798, 0.15204784876373487], [0.35641798443681866, 0.24390248552584262, 0.24267592466527438, 0.1570036052720533], [0.3437809901250591, 0.2426233884874505, 0.24506827368058465, 0.1685273476069195], [0.3533659416377603, 0.24765331527829937, 0.24693331245557884, 0.15204743052836445], [0.352185447859059, 0.24335458667930784, 0.24642910952716818, 0.15803085583446905], [0.3438821321843838, 0.2449674703526069, 0.2533047063496327, 0.15784569101336254], [0.35095816859686285, 0.24401043278459078, 0.25126857805167063, 0.15376282046687945], [0.321351771168442, 0.24869569029372585, 0.26669997966128905, 0.16325255877654915], [0.32530783376916445, 0.24673142624731056, 0.26477950295769886, 0.16318123692583783], [0.32258876733899994, 0.25068502685621424, 0.2616673930757799, 0.16505881262899852], [0.3321312169141528, 0.2481324603597018, 0.2556560179623198, 0.16408030466383802], [0.32474004103450305, 0.24670801337693476, 0.2598721449082101, 0.1686798005803478], [0.3312596073193865, 0.24696092975724082, 0.256073372493648, 0.1657060903297343]], "ideal": "D", "sampled": "B", "correct": false}}
{"type": "result", "data": {"idx": 13, "options": ["achievement", "standardized", "projective", "triarchic"], "probs": [[0.2744005248708992, 0.21858143932873292, 0.3444244809799544, 0.16259355472041423], [0.28499051961700567, 0.2236133312254192, 0.33631795999246006, 0.15507818906510626], [0.2757118525151483, 0.21758016862182702, 0.33912771477113324, 0.1675802639918939], [0.2873146961841682, 0.2187879417720096, 0.3284332286093513, 0.16546413333446178], [0.29001147248702797, 0.22333259899368188, 0.32623906507652767, 0.16041686334276414], [0.28533856416215536, 0.22130569902493058, 0.3279743746149659, 0.1653813620979551], [0.26934475561524956, 0.2192516887227043, 0.3543579337268743, 0.15704562183518442], [0.2798405401516934, 0.22494420811453344, 0.34612127335505233, 0.14909397827871743], [0.26636225699161814, 0.22037942486116224, 0.3608780196227487, 0.15238029842447195], [0.2798622508596486, 0.22604625522142696, 0.3398103898959522, 0.15428110392297192], [0.27969173634387756, 0.2252611381038789, 0.3447929252752008, 0.1502542001770434], [0.2788168262633394, 0.22722989558071727, 0.3393851418160508, 0.15456813623988544], [0.27191191459575687, 0.20934104758549005, 0.3520821193999742, 0.166664918318783], [0.282626005416758, 0.21036365281376013, 0.34154091150575905, 0.16546943016373128], [0.2607647287477746, 0.2108917765883711, 0.3675974605326229, 0.1607460340312169], [0.2763773992075785, 0.21635013880803355, 0.3453391669111219, 0.16193329497324996], [0.27960672493699507, 0.21052611500522084, 0.3469822530002158, 0.1628849069575735], [0.27941829969074605, 0.21577361367222095, 0.3415515185850243, 0.16325656795201574], [0.28532568260210506, 0.21591138866487866, 0.3356307060413399, 0.1631322225916638], [0.281104237230122, 0.2137178028337303, 0.33685015622540476, 0.16832780361074326], [0.27588008643404144, 0.2151557653421606, 0.35253039454364465, 0.15643375358017364], [0.27622451963725725, 0.2170997493106262, 0.3463199335274783, 0.16035579742465952], [0.27607714181045206, 0.2124662156150245, 0.3472088440775009, 0.16424779839702122], [0.27648758921149946, 0.21850777178149108, 0.3409390622766935, 0.16406557663033036]], "ideal": "B", "sampled": "A", "correct": false}}
{"type": "result", "data": {"idx": 14, "options": ["discrimination", "spontaneous recovery", "trace conditioning", "generalization"], "probs": [[0.3156657988030594, 0.2654898482458934, 0.19551206856779016, 0.22333228428325838], [0.3130927040343643, 0.2656935447919671, 0.2038406078851344, 0.21737314318853498], [0.3088676264941639, 0.2671580408855289, 0.1988177260771248, 0.225156606443174], [0.31101752455443477, 0.2710035628729632, 0.2013000388894854, 0.2166788735831174], [0.30945828681670906, 0.26409588920894006, 0.2097491203268837, 0.21669670354747994], [0.30972105911638853, 0.26478874848801476, 0.20392268321396895, 0.2215675090816173], [0.307314058541247, 0.27540350727202156, 0.18994502914492198, 0.22733740494180754], [0.3054340881697, 0.2757721096267778, 0.19722526815668123, 0.22156853394685755], [0.30784314470439933, 0.279265394227528, 0.20226073618779392, 0.2106307247802723], [0.3069626227625574, 0.2781959618836299, 0.20847819327112965, 0.2063632219826962], [0.298675587601831, 0.2791717844956845, 0.2064149316607374, 0.2157376961417509], [0.300252171660362, 0.27201924284732426, 0.20988429094164957, 0.21784429445065615], [0.32480869144007957, 0.2678967887365521, 0.19039680781793403, 0.21689771190543353], [0.326226390951563, 0.27173517085032173, 0.19289064181790036, 0.2091477962802216], [0.32267982442038723, 0.2710264865655745, 0.1932699221440028, 0.21302376677003834], [0.32264389539142524, 0.2701383020861417, 0.20345917405797373, 0.20375862836445913], [0.32211516452127653, 0.27465441476632985, 0.1971590302056407, 0.2060713904067605], [0.31813135876148874, 0.2691150047225127, 0.19947203178021783, 0.21328160463577805], [0.30832009062348725, 0.2698816647923753, 0.21416893522903263, 0.20762930925508594], [0.3096801508632051, 0.2706883497300576, 0.20749474099702542, 0.21213675830972195], [0.30867089063222003, 0.2741929331070489, 0.2055154813967894, 0.21162069476394507], [0.30956181449971115, 0.26692755262250545, 0.20925992670978294, 0.21425070606801552], [0.3067940794688242, 0.27527275498887577, 0.2087815670806703, 0.2091515983616282], [0.3033321063239581, 0.27038104371889893, 0.2107517694034985, 0.2155350804536512]], "ideal": "D", "sampled": "C", "correct": false}}
{"type": "result", "data": {"idx": 15, "options": ["the mere-exposure effect.", "self-serving bias.", "equipotentiality.", "the fundamental attribution error."], "probs": [[0.2762261502153588, 0.23247266954747778, 0.27980409057248995, 0.21149708956468036], [0.2817949260607386, 0.23546816069799123, 0.2778499497061921, 0.2048869634350634], [0.27492638417829884, 0.23345361058343436, 0.28277619270016324, 0.20884381243811423], [0.2727723527343967, 0.23531431184708337, 0.27859703994772944, 0.2133162953707966], [0.2795367502047397, 0.23526595661165695, 0.28611700258060185, 0.199080290503003], [0.27080043028718565, 0.23348745295871298, 0.2868075106338038, 0.2089046060202938], [0.2720106503028569, 0.2309828476813786, 0.285113760525978, 0.21189274138978934], [0.2783634341587733, 0.23379293636905799, 0.28280369942984734, 0.20503992994232234], [0.2707350107510457, 0.22964651568638506, 0.2875794051714438, 0.21203906829111052], [0.27582616255023107, 0.23809387584583833, 0.27922845719165823, 0.20685150431228455], [0.27661704823347155, 0.2421848627066714, 0.2783945378153358, 0.20280355114453022], [0.27484581612663894, 0.23913466340333894, 0.2800024409778513, 0.2060170793921872], [0.277042012035681, 0.23161269036218138, 0.2825988706746676, 0.20874642682749076], [0.27576235588920467, 0.2340085033422752, 0.2782420273515623, 0.21198711331695308], [0.2743530425652412, 0.22958429563309837, 0.28373247075865854, 0.21233019094301164], [0.27675323904682647, 0.2383420973591582, 0.2764480708324153, 0.20845659266160255], [0.27229357375439245, 0.24185158406944873, 0.27526547800460505, 0.21058936407154516], [0.27467809518883035, 0.24245996095236919, 0.27829052392692283, 0.2045714198318801], [0.27809865331213446, 0.24298630448109815, 0.27801854039107277, 0.20089650171568924], [0.2679973447210635, 0.24283348972476276, 0.27804228562543887, 0.21112687982872647], [0.27810901431136315, 0.2438765739850502, 0.27165466964542584, 0.20635974195816273], [0.27877772964370606, 0.24090459140491216, 0.27241118205640213, 0.2079064967949825], [0.2718413266756847, 0.24188216620661332, 0.2733863998948333, 0.21289010712286083], [0.2765989098108777, 0.24143376446588938, 0.2755423152495845, 0.20642501037365568]], "ideal": "D", "sampled": "D", "correct": true}}
{"type": "result", "data": {"idx": 16, "options": ["grounding a teenager for staying out past curfew", "spanking a child for misbehavior", "permanently revoking the driving privileges of a third-time DWI driver", "refusing to return the boss' phone call after not getting the expected raise"], "probs": [[0.24032198836874197, 0.2147794198080838, 0.2699723887053142, 0.27492620301785137], [0.23798873621242359, 0.21837681627199132, 0.28155785194061633, 0.26207659547496104], [0.2534213329189178, 0.2230858797020217, 0.2687516509194465, 0.25474113635962015], [0.2437859575031848, 0.21762523206610926, 0.2739700161746504, 0.264618794156061], [0.24575763699164158, 0.21554713035220313, 0.2813767034965839, 0.25731852905958397], [0.23879876784535436, 0.20767125375811718, 0.28029258334583507, 0.2732373949506947], [0.23695667306127843, 0.21742613460250002, 0.2672877070542951, 0.2783294851819252], [0.23294314634068522, 0.22059866807872827, 0.2800249444762009, 0.2664332410044], [0.24905008962526723, 0.22409109981354894, 0.26596726812279337, 0.2608915423383851], [0.2497253522488827, 0.21766213750045438, 0.27532290177827756, 0.2572896083723892], [0.24380931308782416, 0.22138094654647641, 0.27334381004864994, 0.2614659302170586], [0.2453274236122215, 0.20986924412780508, 0.27678816633892833, 0.2680151658210542], [0.26220674669469196, 0.23095469026500937, 0.2544321193330156, 0.25240644360727954], [0.25443828166182786, 0.22977994282452524, 0.25971683097559406, 0.2560649444380716], [0.26197463485685163, 0.2264287661785638, 0.24908613496969173, 0.26251046389491817], [0.2626567850101186, 0.22784406861448175, 0.25770833926896664, 0.25179080700641715], [0.25606430448639317, 0.2217761928150817, 0.26810519086529533, 0.25405431173324733], [0.26201021591597473, 0.22184155847634116, 0.2693656179975218, 0.2467826075101792], [0.24625260925023437, 0.22826303586191643, 0.2699875936994914, 0.25549676108836605], [0.24191617906206528, 0.2217577690769085, 0.2665579445536905, 0.2697681072073328], [0.2520984845271061, 0.22421245443453158, 0.26645104137283804, 0.2572380195655392], [0.2536544430469529, 0.21681964037482757, 0.2675560598785537, 0.26196985659967337], [0.2549134027991716, 0.2187966024549446, 0.2742104038384679, 0.2520795908074338], [0.26202062678865873, 0.21991922830817184, 0.2758538480701814, 0.24220629673299368]], "ideal": "D", "sampled": "C", "correct": false}}
