{"type": "result", "data": {"idx": 0, "options": ["a currency.", "a well-connected transportation infrastructure.", "government activity.", "a banking service."], "probs": [[0.33988892901736645, 0.15751455146114032, 0.29328796137146446, 0.20930855805002332], [0.3136231634952379, 0.15881054221168142, 0.30650854275959566, 0.22105775143348202], [0.36979001769994535, 0.1534386741021025, 0.27002460279946394, 0.2067467052984962], [0.34558825980911223, 0.15526812707982685, 0.2776668308731279, 0.22147678213790664], [0.3134220736544308, 0.15750363391312577, 0.29655148730595615, 0.23252280502647543], [0.33276382725714143, 0.15574599488509713, 0.28610216105847064, 0.22538801669929018], [0.3759539909399025, 0.16744556455706974, 0.2541349941090063, 0.20246545029401325], [0.34167551035089083, 0.17101224579155147, 0.2680633543693609, 0.21924888938821502], [0.3783672955212636, 0.16518725632898873, 0.2567784584376691, 0.1996669896120824], [0.3710897377448855, 0.16847757149823694, 0.2608179828169731, 0.19961470783990243], [0.3470190314008315, 0.17455749383675984, 0.26655261915582923, 0.2118708555065899], [0.35606110451138034, 0.17142859865788987, 0.26660906762262343, 0.20590122910811134], [0.38047779313696045, 0.15681111345852825, 0.2500512622672146, 0.21265983103729225], [0.3531830844250707, 0.157841428960293, 0.2588240455161005, 0.23015144099853116], [0.3701995601417441, 0.16059197970885639, 0.2613745676999838, 0.20783389234939703], [0.3616259355778507, 0.16337328941059626, 0.26735657889866693, 0.20764419601287332], [0.3568833288790814, 0.16052740493871623, 0.25707463048375057, 0.22551463559845458], [0.3683477963622367, 0.1579420183412291, 0.2564661800513237, 0.2172440051452119], [0.3358533603309187, 0.1640236261906087, 0.27087938387589205, 0.22924362950258906], [0.3570324552491552, 0.1609735393053226, 0.2603042131282403, 0.2216897922172691], [0.3304825589021615, 0.1669231330280821, 0.2816835320646203, 0.2209107759051332], [0.340489127031597, 0.16391564878797105, 0.28149936908319684, 0.21409585499722983], [0.35531632123504503, 0.16326325269782863, 0.26096141215981433, 0.22045901380730765], [0.36923490587037877, 0.16027630210467864, 0.25932238375445754, 0.21116640817050447]], "ideal": "B", "sampled": "C", "correct": false}}
{"type": "result", "data": {"idx": 1, "options": ["zero population growth.", "rapid growth rate.", "homeostatic plateau.", "demographic momentum."], "probs": [[0.2144663612256121, 0.28330783928687925, 0.2824724492666311, 0.21975335012088093], [0.21971365741589985, 0.28977928314196255, 0.29042199956282605, 0.2000850597793209], [0.21062007325633822, 0.2853298340960016, 0.2896803220711687, 0.21436977047649544], [0.21395320450902267, 0.2858722993342679, 0.29453989283184795, 0.2056346032248765], [0.22609913005724935, 0.2917255545663754, 0.28784038173665294, 0.1943349335397248], [0.22233962204351318, 0.2860883728095619, 0.28887481783182656, 0.2026971872151052], [0.20958952965760408, 0.2731484395140943, 0.2956183566014581, 0.22164367412684602], [0.21481074604677608, 0.27739251831023043, 0.30358443853983513, 0.20421229700316484], [0.21112414521078274, 0.2685149685482, 0.2918600325879052, 0.22850085355310765], [0.20821292802593247, 0.2683631175211485, 0.2945881042143378, 0.22883585013857796], [0.22041644728112067, 0.2732906814110828, 0.2908264090476044, 0.21546646216018372], [0.21457957042268938, 0.2710634377548134, 0.2855720576702437, 0.2287849340522575], [0.20076759759395915, 0.27430932426157506, 0.3030923272363801, 0.22183075080807518], [0.20391845701085815, 0.2748184203826744, 0.30964469906571523, 0.2116184234407522], [0.20571847001982133, 0.26960217843782314, 0.2930077077391143, 0.23167164370326376], [0.2035455196341154, 0.2722310223637763, 0.2941299324228019, 0.2300935254793079], [0.21398004211462426, 0.27004536915914285, 0.29370467966341046, 0.22226990896281607], [0.21420036749417062, 0.2766103123415199, 0.28762910484096404, 0.22156021522335367], [0.22030516877446055, 0.28557505242233006, 0.28971390422431936, 0.20440587447889233], [0.2198151773293792, 0.28045230148214034, 0.2900424437646785, 0.20969007732381192], [0.22108587927462212, 0.2843995925665548, 0.279574055749908, 0.21494047230891625], [0.21683320711091555, 0.28292742469471777, 0.27432733734050996, 0.2259120307538584], [0.21624297123778818, 0.2781798136581025, 0.28614317646620835, 0.2194340385378986], [0.217551006374787, 0.2824985791542015, 0.2795291658281833, 0.22042124854283923]], "ideal": "D", "sampled": "D", "correct": true}}
{"type": "result", "data": {"idx": 2, "options": ["push factors.", "pull factors.", "distance decay.", "migration selectivity."], "probs": [[0.24329524929533003, 0.23424815060390652, 0.28467847897574533, 0.23777812102503318], [0.2308397936281667, 0.22882398372858662, 0.2875475584001759, 0.2527886641430836], [0.25810524707026233, 0.2415743195318136, 0.2719544526612023, 0.22836598063672212], [0.2408124178289636, 0.2404595078477508, 0.26940384917175936, 0.24932422505151194], [0.24454501664308342, 0.2335754378870688, 0.29119124033160193, 0.23068830503823337], [0.23640346733657341, 0.23850833695747686, 0.2835670434547957, 0.24152115215114878], [0.2458318907676633, 0.23314992792115996, 0.2818834960619271, 0.2391346851492421], [0.232530149184927, 0.228548403225486, 0.28396190873001326, 0.25495953875956984], [0.26021520551797017, 0.2415807173149364, 0.2719731116786314, 0.22623096538845341], [0.2508795470832543, 0.2426043177437827, 0.2701118018786656, 0.236404333194295], [0.24867566938788938, 0.2362453189266775, 0.285242928213024, 0.22983608337241554], [0.24715676642293632, 0.24114129862269293, 0.28223873050590303, 0.2294632043484728], [0.22498402858298805, 0.23584266982147328, 0.26586698447878127, 0.27330631701677405], [0.22217538141490423, 0.23920497408594582, 0.2600153175465707, 0.27860432685256903], [0.2295614757620853, 0.2435876895603104, 0.25818609048655666, 0.2686647440910507], [0.22977220026678846, 0.24598992196284325, 0.25167561501878527, 0.2725622626515682], [0.21130568887547127, 0.23377152277960905, 0.28025495928930816, 0.27466782895560243], [0.217266045697715, 0.24313354876823537, 0.2733954280285791, 0.26620497740547405], [0.207104958994278, 0.23212126526749952, 0.2957195549139978, 0.26505422072423424], [0.21263080004510568, 0.240275454856032, 0.2810177565517156, 0.2660759884471621], [0.21184836335888912, 0.23794100898593565, 0.2878574159991302, 0.2623532115560409], [0.22114085091873695, 0.24366620469625513, 0.27293094746441326, 0.2622619968205839], [0.20089066893523586, 0.23298335953422966, 0.2866237543221717, 0.27950221710836987], [0.20986135507133893, 0.2431502472629636, 0.280564726678016, 0.26642367088768165]], "ideal": "C", "sampled": "B", "correct": false}}
{"type": "result", "data": {"idx": 3, "options": ["First", "Second", "Third", "Fourth"], "probs": [[0.23849099491867645, 0.24578352770001805, 0.28647982726953425, 0.2292456500117873], [0.2510776766184916, 0.25310523462208834, 0.285397386081066, 0.21041970257835177], [0.2432866992575645, 0.26746011307751816, 0.2852821407509951, 0.20397104681392353], [0.24556471451890902, 0.2639009150671234, 0.27911305731515307, 0.21142131299882025], [0.24016659481261582, 0.267110487286075, 0.2818038620123828, 0.2109190557889451], [0.24552483319371746, 0.261510704900826, 0.2733503960912018, 0.21961406571426426], [0.23834046673896245, 0.259536670379088, 0.28494426766965875, 0.2171785951122916], [0.23983961603119455, 0.25440922319589354, 0.28543687835967907, 0.22031428231322403], [0.2341153199591152, 0.2550628214972778, 0.29146821344386054, 0.21935364499974164], [0.23569732510874492, 0.24471272586119297, 0.29233013872059027, 0.22725981020947894], [0.24055031312197864, 0.255908199747086, 0.2851078274779961, 0.21843365955295216], [0.24709196427973837, 0.24894578339486934, 0.28710928184525036, 0.2168529703801486], [0.2242297538345285, 0.25564046021462566, 0.29363774393913744, 0.22649204191170075], [0.2247026420570132, 0.25262071699070615, 0.2843535182936952, 0.23832312255858468], [0.23605152668302853, 0.24991940604062893, 0.2953419566958119, 0.2186871104805201], [0.24260481438080442, 0.23804791513279563, 0.29069927132483686, 0.22864799906155775], [0.21619230143628307, 0.25705540773767915, 0.2827445483474471, 0.24400774237860917], [0.2374843822784175, 0.2406832682951316, 0.28613339180154007, 0.23569895752490264], [0.22204126465490778, 0.2672954835145079, 0.2807134642939494, 0.2299497874366508], [0.2261486255560599, 0.2654919247355411, 0.2710311926894446, 0.23732825691894846], [0.23440744969231647, 0.2710896334180455, 0.2806725797773794, 0.21383033701227405], [0.237712154441657, 0.25875551298703525, 0.2796310738201996, 0.22390125865113736], [0.22555934801049, 0.2659476434330274, 0.27958720713351964, 0.22890580132293417], [0.24241834626151754, 0.2479388660367873, 0.282362950302343, 0.22727983729934034]], "ideal": "A", "sampled": "A", "correct": true}}
{"type": "result", "data": {"idx": 4, "options": ["Most women work in agriculture", "The percentage of women economically active in the labor force declined worldwide", "The percentage of women in the total labor force declined", "Women spend more hours per day working than men in all regions except Anglo America and Australia"], "probs": [[0.2570237765715626, 0.18965770472395393, 0.3333950081210871, 0.2199235104833901], [0.27058143590969885, 0.20129093539304396, 0.3159701756981295, 0.21215745289912438], [0.2563096130152865, 0.19008466218091294, 0.32320018916547943, 0.23040553553832707], [0.2723567699866323, 0.1953450850287848, 0.3114261684177376, 0.22087197646685688], [0.28236496871020006, 0.19961051790346235, 0.3027164562550382, 0.21530805703129904], [0.29139320417841597, 0.19155818764237087, 0.3021772093652566, 0.21487139871395788], [0.268319062098225, 0.20110863347275076, 0.3108446558480851, 0.21972764848093165], [0.2800853899979882, 0.2093410125643611, 0.2965987069104677, 0.21397489042716294], [0.27783668733776556, 0.19937293072781823, 0.3146178844108161, 0.20817249742361077], [0.28594747246912844, 0.20261779403822, 0.31301402904132264, 0.19842070435135237], [0.29777080993978483, 0.21092623530264457, 0.2891424255312457, 0.20216052912633023], [0.29796080283255827, 0.20462919871924903, 0.30326668240267485, 0.1941433159455247], [0.2617604149519442, 0.19378677064609573, 0.31176375231690634, 0.2326890619850684], [0.27682656457700305, 0.19769482908620273, 0.30121383023205817, 0.2242647760047051], [0.27107815649954364, 0.19035468132462924, 0.3244272042821711, 0.2141399577936694], [0.2812652568985216, 0.1929524441403556, 0.3201284632903394, 0.2056538355707956], [0.29730910142109435, 0.20013045391773276, 0.2936548653875646, 0.208905579173615], [0.2882833745606802, 0.2019314753233676, 0.30623648364681233, 0.20354866636915472], [0.2945253288589478, 0.21043135966405005, 0.27946264076756794, 0.21558067060944452], [0.3009414794376344, 0.20515095147468723, 0.2796928506421253, 0.21421471834553152], [0.29662014329808045, 0.21239935677786137, 0.2880365014313673, 0.20294399839268423], [0.2915237815215992, 0.20934401902109107, 0.30380268309461883, 0.19532951626269585], [0.3004606185148575, 0.2077132148677936, 0.28583526446945706, 0.20599090204789317], [0.2899944882906275, 0.2099873936789048, 0.298500403333613, 0.20151771459686477]], "ideal": "D", "sampled": "D", "correct": true}}
{"type": "result", "data": {"idx": 5, "options": ["safety.", "better climate.", "better schools.", "overcrowding."], "probs": [[0.24691360377206947, 0.21357175010644575, 0.24524069309841812, 0.29427395292305675], [0.25507146301647265, 0.21752499249146015, 0.23982130899048837, 0.2875822354015729], [0.24511804414193666, 0.21356268352874475, 0.24719859641298234, 0.2941206758163538], [0.25389243249466303, 0.2160292897584429, 0.2413584660761913, 0.28871981157072696], [0.25799400304133324, 0.21799537638873775, 0.23780966983972304, 0.2862009506302022], [0.2578570529165809, 0.21767631876916818, 0.23932970438532503, 0.2851369238289293], [0.2518001254829075, 0.2141553286362003, 0.23765662281679814, 0.29638792296409044], [0.2581018010525867, 0.21900754722708254, 0.2318342465965764, 0.2910564050237561], [0.2495169685403355, 0.21188343157145184, 0.24069365791147454, 0.2979059418767391], [0.24728381118489007, 0.20648947856265928, 0.23827308376601794, 0.30795362638642815], [0.26207625337864165, 0.21703875233403194, 0.23039301707560633, 0.29049197711171315], [0.25060130195346614, 0.2118452197949817, 0.23386021562515186, 0.3036932625263986], [0.2463673020701004, 0.21771390856661604, 0.240213937175796, 0.29570485208748337], [0.2518723930715155, 0.22064009426988038, 0.2349898632112276, 0.29249764934738437], [0.24721098475657324, 0.2144542418184559, 0.24119903333343676, 0.2971357399915343], [0.2434073170930266, 0.20981083917087015, 0.2388425834284293, 0.3079392602076641], [0.25753480571254295, 0.21625622056826377, 0.2350252828953146, 0.2911836907238746], [0.2485253029722227, 0.21253373254032576, 0.23530690668865564, 0.30363405769880675], [0.26004696561582036, 0.21852567560999625, 0.23757136886636618, 0.28385598980780286], [0.2603800650603911, 0.21770572231935453, 0.23890459455935897, 0.28300961796088353], [0.26493335085361197, 0.2171050498244702, 0.23888783987327303, 0.2790737593486496], [0.25190989672116304, 0.2123480904635195, 0.24260505144995834, 0.29313696126535055], [0.262036562062041, 0.21530710893441307, 0.24226244841911676, 0.2803938804844549], [0.2515789975426773, 0.21060231768602866, 0.24525728453839754, 0.29256140013288445]], "ideal": "D", "sampled": "A", "correct": false}}
{"type": "result", "data": {"idx": 6, "options": ["Vietnam", "United Kingdom", "Germany", "Bolivia"], "probs": [[0.263040737316354, 0.24300682291312808, 0.25273289446811703, 0.24121954520239566], [0.2680030481285202, 0.2405210094532677, 0.251581540514066, 0.2398944018041391], [0.2631064960960049, 0.24161043100341545, 0.2479314567103224, 0.2473516160902561], [0.2680058439333605, 0.2420303565260301, 0.24895956907840777, 0.2410042303622043], [0.2715371077549587, 0.24278471713052435, 0.2505959279198782, 0.2350822470946186], [0.2708226838618022, 0.24620434723755025, 0.2529316171898038, 0.230041351610843], [0.26911466651258376, 0.2394954576645958, 0.24450559142980208, 0.2468842842930087], [0.27305764252953246, 0.23831991812143216, 0.24383443293798063, 0.2447880063110653], [0.2681413793788958, 0.23886550873007545, 0.24217369451074444, 0.2508194172802876], [0.26814842358022856, 0.24400074371460892, 0.23824439452018656, 0.24960643808499303], [0.27317460193635573, 0.24362989294258278, 0.2456114921062604, 0.23758401291480793], [0.2699691571455332, 0.24832958524690546, 0.24242996463144, 0.23927129287611806], [0.2621531900103388, 0.23820586249862655, 0.2533528260949997, 0.24628812129603653], [0.26638206389643265, 0.23842823745158367, 0.253096151638193, 0.24209354691378143], [0.2592742684975834, 0.23795239023685572, 0.2552446518646137, 0.24752868930096233], [0.25960226246019974, 0.24315050527761214, 0.25221895110969295, 0.24502828105249563], [0.2669007348853038, 0.24057759293177497, 0.25660414778824875, 0.23591752429468402], [0.26457319995104284, 0.24544231410416623, 0.250369258587584, 0.23961522725722095], [0.2676474009446927, 0.24770915135527255, 0.2519599747254129, 0.23268347287463728], [0.266272127253332, 0.2502295810836243, 0.25315429659824673, 0.23034399496480393], [0.263412931434835, 0.24990773048898085, 0.25423843577074934, 0.23244090220543318], [0.26150633798656286, 0.254034646569215, 0.250628364167664, 0.23383065117653726], [0.26649120796816606, 0.2483617499847021, 0.252244726678825, 0.23290231526831676], [0.2634739104546643, 0.25264786156305175, 0.2454133295958414, 0.23846489828644316]], "ideal": "D", "sampled": "D", "correct": true}}
{"type": "result", "data": {"idx": 7, "options": ["Chain migration", "Cluster migration", "Circular migration", "International migration"], "probs": [[0.2572911064833555, 0.24510875159160886, 0.3113732489400866, 0.18622689288497146], [0.25753687494504185, 0.24302529724990196, 0.31654255006557064, 0.18289527763948885], [0.2601085350743503, 0.24297768744000575, 0.3169049473647389, 0.18000883002091622], [0.26256042238697486, 0.2464118528784931, 0.3186450118523191, 0.17238271278220116], [0.2583687146742686, 0.24651281691719115, 0.31216619811651286, 0.18295227019200475], [0.2582778741174933, 0.2502162264487297, 0.3119859554991002, 0.17951994383468564], [0.26915752016938743, 0.23395286779918067, 0.3133352342801137, 0.1835543776513189], [0.2696929722633678, 0.23360202667046773, 0.31854995241981177, 0.17815504854633657], [0.2727678443440597, 0.2290316120497633, 0.31750917843580484, 0.1806913650703792], [0.27924154777299015, 0.2306367542409432, 0.3177592016938542, 0.17236249619222063], [0.27159045717242675, 0.23265844824651374, 0.31225902919090776, 0.1834920652901562], [0.27845517791089647, 0.23081442200384092, 0.3109481323631493, 0.1797822676221094], [0.26334003069838835, 0.23549897152795515, 0.32933238098029877, 0.1718286166933664], [0.26652435651362405, 0.23978493236678503, 0.3318210497519884, 0.16186966126758714], [0.26180844426313915, 0.23527151075164932, 0.32690961589843454, 0.17601042898678063], [0.2684753081353566, 0.23770557853345237, 0.3271328171498902, 0.16668629608130273], [0.26580597900560077, 0.24109840678813865, 0.3238775961463998, 0.16921801795985003], [0.2673212364195872, 0.23918376532292257, 0.3251871379956026, 0.1683078601618731], [0.278040076910459, 0.2500741441226605, 0.29280215286882777, 0.17908362599805816], [0.27791174305631483, 0.2526471258229885, 0.29575725674235237, 0.17368387427836363], [0.28109242092013326, 0.24884426133225274, 0.2869321432371295, 0.18313117441049442], [0.2862513482477265, 0.24626893425768917, 0.2897637810004531, 0.1777159363941298], [0.27854881673913173, 0.24574296500635895, 0.3037366909231429, 0.17197152723135348], [0.2784915865220764, 0.24377835710717494, 0.30646204074831845, 0.17126801552243992]], "ideal": "C", "sampled": "D", "correct": false}}
{"type": "result", "data": {"idx": 8, "options": ["Religious differences", "A national holiday", "An attack by another country", "A charismatic national leader"], "probs": [[0.3427978618175547, 0.24564580196217065, 0.24030519907814973, 0.17125113704214223], [0.3403320437871357, 0.2423980921207368, 0.24185743148498537, 0.17541243250715557], [0.33406255539732843, 0.25358046775758497, 0.24872258977530126, 0.16363438696978816], [0.3267655928666061, 0.2564528097197112, 0.25064237191543987, 0.16613922539823153], [0.34472819526241244, 0.2432627055758159, 0.24392653950281362, 0.16808255955894652], [0.3379761599019624, 0.2506687672782439, 0.24504396933951567, 0.16631110338027755], [0.33821138207999996, 0.23821567362851612, 0.246538397324129, 0.17703454686735481], [0.3367417678958933, 0.23469947254805834, 0.24760435328652192, 0.18095440616953573], [0.3424487845563636, 0.24052623395668085, 0.24666359605375573, 0.17036138533320774], [0.32673996303936453, 0.24608975628137314, 0.25119024000661955, 0.17598004057263816], [0.33174150361162635, 0.2363213759886654, 0.24949665179163186, 0.18244046850806714], [0.3258010555162989, 0.2425292354753012, 0.24989270936336788, 0.1817769995450299], [0.35292244105863896, 0.2489975311124288, 0.23525238373061647, 0.16282764399832383], [0.3445185761903884, 0.25338193798939385, 0.23658261919401077, 0.1655168665262219], [0.3473671158579415, 0.24945587377210854, 0.2356061689655354, 0.16757084130440444], [0.3344942552619756, 0.2549989083328596, 0.24014018773835635, 0.1703666485668373], [0.3379953890998496, 0.2550312716445627, 0.2401122479593267, 0.16686109119624354], [0.33213139608631964, 0.2581002016745769, 0.2435358125230319, 0.16623258961607237], [0.3321729874979916, 0.24138753194895052, 0.24437645557373722, 0.18206302487931703], [0.325214354548245, 0.24904039905464287, 0.2462242981673711, 0.1795209481297446], [0.3237105792115863, 0.24282680279969765, 0.24684934352299034, 0.18661327436572714], [0.3173810588396989, 0.2501728483347598, 0.2479327335922823, 0.18451335913326192], [0.3254422183542085, 0.2503609264642056, 0.2510980365729343, 0.1730988185086625], [0.3230650375939456, 0.25313838257027527, 0.2521235705108996, 0.17167300922486936]], "ideal": "A", "sampled": "C", "correct": false}}
{"type": "result", "data": {"idx": 9, "options": ["Mediterranean climate", "Limited forest cover", "Growth of manufacturing", "Access to trade routes"], "probs": [[0.2937869590874797, 0.22912411777334213, 0.27295350657171835, 0.2041354164674806], [0.2785843158367011, 0.23330523374344986, 0.2691855829882305, 0.2189248673316258], [0.2850692758532596, 0.22828947177897155, 0.26124451469934973, 0.22539673756841078], [0.28925917798009304, 0.23444579034882307, 0.2597769998690999, 0.21651803170197004], [0.2805340271311051, 0.2347079502972754, 0.2662715572473828, 0.2184864652242281], [0.28922321151544855, 0.23645583232598474, 0.2725596278740487, 0.20176132818453496], [0.3078715710795828, 0.22730601407424292, 0.26688127419294794, 0.19794114055324158], [0.2923806489594679, 0.2339598382921532, 0.2640973158515114, 0.20956219679685656], [0.29901408205935165, 0.22912816167601674, 0.251593128113651, 0.2202646280509797], [0.2980004349070727, 0.23523980662032426, 0.24686673760536168, 0.21989302076722725], [0.29337447387418447, 0.23395965907943608, 0.2614473064170758, 0.21121856052932136], [0.2968607829338068, 0.2352991669594661, 0.26488490933736786, 0.20295514066934986], [0.300417912011966, 0.22654227852306463, 0.26190553392272464, 0.2111342754422419], [0.3034892392723743, 0.2334927298538694, 0.2587755522192476, 0.20424247855450506], [0.2992689592526519, 0.228590882280159, 0.26293053298688185, 0.20920962538031357], [0.2969371754417631, 0.23537928585152731, 0.25718111789760123, 0.21050242070909578], [0.3010650959506049, 0.23450613419695335, 0.2608149967694742, 0.2036137729829645], [0.2982698710877805, 0.23333854607339, 0.2603260392527785, 0.20806554348606357], [0.30025180745170477, 0.23773296958763843, 0.2547566814571325, 0.20725854140350944], [0.31109211888714405, 0.23784033328919615, 0.25915313470333945, 0.19191441302030202], [0.29848531658132177, 0.23534807963561583, 0.25974665001007335, 0.20641995367299784], [0.3050648674217325, 0.23623080338690428, 0.26234750949459157, 0.19635681959678866], [0.30540479180741836, 0.23496755901599428, 0.2512405018606627, 0.2083871472159046], [0.30100023834892764, 0.23443909413627392, 0.2520257449092474, 0.21253492250556769]], "ideal": "D", "sampled": "C", "correct": false}}
{"type": "result", "data": {"idx": 10, "options": ["high birth rates with high but fluctuating death rates.", "declining birth rates with continuing high death rates.", "low birth rates with continuing high death rates.", "high birth rates with declining death rates."], "probs": [[0.2710145687513599, 0.26963637661529993, 0.2742478361155421, 0.18510121841778843], [0.2816830214526045, 0.2703661068341633, 0.269595496096619, 0.1783553755166078], [0.27632359474074136, 0.2673816885210215, 0.271971854331123, 0.1843228623071113], [0.2793183783695204, 0.2757307958683557, 0.26758482837102743, 0.1773659972911004], [0.29001822181986725, 0.272779456482961, 0.2611826942711432, 0.1760196273260443], [0.27887182350640244, 0.2760095111283561, 0.26636291752903546, 0.17875574773619426], [0.2572497937636425, 0.2698360327187913, 0.2820694488530139, 0.19084472456456275], [0.2693292614616093, 0.2701685548909069, 0.2755743675696103, 0.18492781597786642], [0.25736477287170423, 0.2668706594429972, 0.27463294169437, 0.201131625890912], [0.2741136114331053, 0.27009972255786285, 0.26778045961070446, 0.18800620629833056], [0.27195379340709863, 0.27110020035266563, 0.2661474531664415, 0.19079855297378784], [0.26890317213808007, 0.27325013179263474, 0.27046880226591047, 0.18737789370339414], [0.2586507953657185, 0.2595586699377966, 0.28629900922463447, 0.19549152537185305], [0.26318188577581103, 0.269155359888252, 0.2804805480362962, 0.1871822061996465], [0.2581352122035408, 0.26222368028170456, 0.27914499801225257, 0.20049610940250043], [0.27770524475915226, 0.26575558021880713, 0.2745523643943972, 0.18198681052764235], [0.26514523056316547, 0.2718112869765401, 0.27378793337117974, 0.18925554898913094], [0.2749019944212421, 0.2724935854974933, 0.27125265876094, 0.18135176122030874], [0.29207439708920635, 0.2630010423268052, 0.2673688165448659, 0.17755574393912385], [0.2823623646249788, 0.2656530258770608, 0.2732291085314127, 0.17875550086655903], [0.28595567114012227, 0.26396289526953304, 0.26615034878354327, 0.18393108470681394], [0.27996109688646015, 0.2641967656778452, 0.27148823369649144, 0.1843539036392207], [0.2796326550964651, 0.268625470527653, 0.2705434540791547, 0.18119842019671967], [0.2879904777330912, 0.2686818128226194, 0.2686217265845675, 0.17470598275971394]], "ideal": "A", "sampled": "D", "correct": false}}
{"type": "result", "data": {"idx": 11, "options": ["Crude birth rate", "Replacement level", "Mortality rate", "Total fertility rate"], "probs": [[0.289485504239047, 0.2624213369893957, 0.25954898773795276, 0.1885441709336086], [0.29486736934713664, 0.2628687653617865, 0.2534428273936968, 0.1888210377973921], [0.289928553618717, 0.2572803079251203, 0.25190967103164236, 0.20088146732451106], [0.3013160329097936, 0.26020979458585214, 0.25013972951962693, 0.18833444288471568], [0.296202311838897, 0.26163017541978917, 0.2619984106476528, 0.18016910199362923], [0.30064377065404735, 0.26359405248625206, 0.265836281935437, 0.16992589482425727], [0.30267890857100255, 0.27239480617815653, 0.24861820495761208, 0.1763080801932346], [0.30742845911649397, 0.2736794713891937, 0.2417504222912442, 0.17714164710305005], [0.2951881448410803, 0.2745999656430169, 0.24441859132070534, 0.18579329809520545], [0.296768237055286, 0.27632030731603224, 0.24279424834572078, 0.18411720718295066], [0.292300210701849, 0.27941796265073077, 0.25482822077491757, 0.1734536057725173], [0.2895841994759438, 0.27918441918259346, 0.2585259889354687, 0.17270539230600349], [0.28620396622020794, 0.26049669190535113, 0.2523764969985955, 0.2009228447758379], [0.2976889305618666, 0.26384581933716833, 0.24990559666116982, 0.18855965333980623], [0.28011170283017595, 0.2641917565468037, 0.2550682119657625, 0.20062832855725019], [0.28238341471942097, 0.26461786127862086, 0.2523723327098066, 0.20062639119214876], [0.29199366663110415, 0.2665725567730946, 0.2589057820080233, 0.18252799448776305], [0.2904834875121133, 0.2623065091237332, 0.2564125058268847, 0.19079749743727994], [0.3030743410460964, 0.2675496814776151, 0.24654041268465915, 0.1828355646916393], [0.3106996885405031, 0.2699049499203052, 0.2469469999133015, 0.17244836152587287], [0.30227142246503846, 0.27011884482619203, 0.24791101224497245, 0.17969872036379878], [0.3009809204233073, 0.27036113320551697, 0.25072078814474896, 0.17793715812641994], [0.30774895075136416, 0.27310568482579434, 0.24177222431767298, 0.17737314000515172], [0.303477742512747, 0.26785913542539563, 0.24127035595212415, 0.18739276600972837]], "ideal": "B", "sampled": "D", "correct": false}}
{"type": "result", "data": {"idx": 12, "options": ["Islam", "Christianity", "Hinduism", "Buddhism"], "probs": [[0.25988312525660473, 0.2629509434995141, 0.3167522335803863, 0.16041369756346874], [0.2520771950389283, 0.2601885332658507, 0.31794843421475844, 0.1697858373804466], [0.2546732604076393, 0.26486911816057424, 0.31547452701513173, 0.1649830943166441], [0.25103127876059406, 0.25297654803715985, 0.3232350972025372, 0.17275707589972053], [0.2464492409824295, 0.26090411397976165, 0.3188371234169014, 0.17380952152088078], [0.24661902498053723, 0.2551956683595294, 0.3234483560633302, 0.1747369504966114], [0.24917527471660073, 0.2684813324277944, 0.3171808940000259, 0.16516249875557465], [0.24112064136701603, 0.2627893379716221, 0.32010804301352563, 0.17598197754782627], [0.25238614772899715, 0.26627863946859925, 0.3110689789036519, 0.17026623379874942], [0.25358670510804177, 0.2591459430846442, 0.31463436729406374, 0.1726329844132454], [0.24175778058514785, 0.2672169109244984, 0.3137231712679243, 0.17730213712242254], [0.25133670455695173, 0.2682622554034441, 0.3106839082012739, 0.1697171317383205], [0.24345826071835552, 0.24468264659431269, 0.3386018161385263, 0.17325727644881625], [0.24316669969953134, 0.2294085561920655, 0.34594846128088114, 0.18147628272753272], [0.25515056371825356, 0.24456522773336614, 0.3300595311564909, 0.17022467729188465], [0.2572871681314789, 0.2383003393399926, 0.33264901157795995, 0.17176348085058293], [0.24500582218496342, 0.23200527191355902, 0.3376271134378094, 0.1853617923636677], [0.252463496924529, 0.24049719102201106, 0.3308643529061839, 0.17617495904727942], [0.23422347915449165, 0.2712506984287435, 0.31609299519505774, 0.17843282712172295], [0.23695854500918614, 0.26342480276885644, 0.32105285238089054, 0.1785637997410745], [0.2468422387388758, 0.2746999578245496, 0.3060344087438089, 0.1724233945927762], [0.25484878649060105, 0.27176661743646824, 0.3073472703456153, 0.16603732562732879], [0.2408318647292348, 0.2589545235820065, 0.31687570088150385, 0.18333791070726016], [0.2486929619017453, 0.26835241672995497, 0.3088939625118116, 0.174060658756486]], "ideal": "A", "sampled": "B", "correct": false}}
{"type": "result", "data": {"idx": 13, "options": ["redline area.", "threshold.", "range.", "hinterland."], "probs": [[0.27569313416183033, 0.2711030815655521, 0.25893352815256, 0.19427025602003645], [0.281898085524114, 0.2744931642939173, 0.25768668198597927, 0.18592206809600714], [0.2778205900701079, 0.271430533380453, 0.2537634572432637, 0.19698541920616858], [0.27998458706636087, 0.276657841097321, 0.25325807458229116, 0.1900994971540171], [0.2887117783299542, 0.27706863634200063, 0.2545547475348274, 0.17966483769322827], [0.28376486383636024, 0.27789752371052073, 0.2565912203276769, 0.18174639202543644], [0.27318542810010243, 0.2570919179431597, 0.27690371539939607, 0.1928189384573698], [0.28337914154869903, 0.2599015424497912, 0.2726865247196733, 0.18403279118183624], [0.27968317599319614, 0.2651560374995436, 0.2609373122339588, 0.19422347417330932], [0.28002010221881674, 0.25974906519094115, 0.27161110732246224, 0.18861972516778586], [0.28947742407025867, 0.26274821375017654, 0.26449366246862327, 0.18328069961092863], [0.29218901407892794, 0.2625649516367324, 0.26646586649148385, 0.1787801676928459], [0.2881164550493133, 0.2559928893786976, 0.260705947849906, 0.1951847076220831], [0.2963364247512855, 0.25707402303997373, 0.25750702917068685, 0.1890825229380451], [0.2842772813249839, 0.2658815002452011, 0.25359666603733366, 0.19624455229248458], [0.2835450859250317, 0.2611594456918565, 0.2622426833518023, 0.1930527849313221], [0.3020189667731166, 0.26018783657177924, 0.25040110341481014, 0.1873920931402732], [0.2954844617114178, 0.2617676796319576, 0.25847879583061156, 0.1842690627259944], [0.2956247115202721, 0.2601105359859231, 0.25858866335804154, 0.18567608903577587], [0.29241866927647353, 0.26456382414174784, 0.2571272211827233, 0.185890285299083], [0.2923372100271074, 0.27047104279745715, 0.24899203927889452, 0.18819970779654815], [0.2934598053024649, 0.27184293762328465, 0.2509376657118507, 0.18375959126237795], [0.2992152419021752, 0.271685761020292, 0.24088677277757545, 0.18821222419994785], [0.2921014890468339, 0.27344989622555715, 0.2486535761987432, 0.1857950384288779]], "ideal": "D", "sampled": "D", "correct": true}}
{"type": "result", "data": {"idx": 14, "options": ["the central city and its developed areas.", "the central city and its surrounding suburbs.", "the central city and its hinterlands.", "the central city and the adjacent counties."], "probs": [[0.32109889666599956, 0.2259056162236316, 0.2689688117424242, 0.1840266752679623], [0.3081839273503099, 0.22335415049266022, 0.26632069900345895, 0.2021412230535782], [0.3131825321050914, 0.22957112350922032, 0.270904282634078, 0.18634206165161035], [0.29733822895314654, 0.22730246528650574, 0.27010061510817596, 0.20525869055216925], [0.31128104080859237, 0.22243542911813968, 0.2676507670412849, 0.19863276293197943], [0.30002402889625246, 0.22374935157803125, 0.27477649281724625, 0.20145012660848527], [0.32089092497587507, 0.2294257775242681, 0.2700296962017487, 0.17965360119811213], [0.3099566108496626, 0.22578362654491477, 0.26693939824727925, 0.19732036425815044], [0.32033171433733015, 0.2332042421518203, 0.2664700895106761, 0.17999395390017697], [0.30789024176648044, 0.23175171167032013, 0.2630996172448406, 0.19725842921835376], [0.31191675247729306, 0.22494563349014987, 0.26913509592516416, 0.1940025180073799], [0.31366549668769056, 0.2253204638871256, 0.26760453224853087, 0.19340950707664384], [0.31407932940173117, 0.2340833345019187, 0.2728459517304287, 0.17899138426592992], [0.297285854834454, 0.23219557404365337, 0.2720877100367965, 0.19843086098511054], [0.31543031513557884, 0.23311877173084988, 0.2723139274032764, 0.17913698563030195], [0.3019832615812645, 0.23163606923032515, 0.2683977812832667, 0.19798288780515805], [0.30095743054665314, 0.23075221236630672, 0.273046994174711, 0.19524336281233526], [0.30414089888113754, 0.22866887685272447, 0.2709782272530834, 0.19621199691304425], [0.311797399177674, 0.2259041544532657, 0.2657533253469696, 0.19654512092209334], [0.30012837408228654, 0.22861846181492726, 0.27097238141759594, 0.20028078258518284], [0.3103754097956491, 0.22725616859604245, 0.26668535797923354, 0.19568306352907852], [0.3146002488445495, 0.22824790336370365, 0.2639191772524719, 0.19323267043928816], [0.30374107165363423, 0.2310385931889931, 0.26718098850117206, 0.19803934655620578], [0.30593694832473606, 0.23042737290139031, 0.26562105113936, 0.1980146275345129]], "ideal": "B", "sampled": "B", "correct": true}}
{"type": "result", "data": {"idx": 15, "options": ["Buddhism", "Christianity", "Islam", "Hinduism"], "probs": [[0.29174136941580076, 0.29507533851712675, 0.26983215713494757, 0.14335113483212716], [0.29766384458510087, 0.29583481934702416, 0.26869506007921196, 0.13780627588866973], [0.28350891113473, 0.2956251168209425, 0.2738727979366416, 0.1469931740076641], [0.28799664292235044, 0.2906078928505613, 0.2726095332285033, 0.14878593089858153], [0.3003035989142437, 0.2916475963520628, 0.2629010480766023, 0.14514775655710802], [0.291783238425689, 0.28650055779954253, 0.26758589121105125, 0.15413031246373], [0.30260602843728845, 0.2848166700081019, 0.2746973748690461, 0.13787992658555548], [0.312116791074055, 0.28631556862238144, 0.2703569146586292, 0.13121072554494717], [0.3032294807514284, 0.2827171788099535, 0.2755509425442871, 0.1385023977942998], [0.3149872988677438, 0.28632209683538246, 0.27026454902668823, 0.12842605517020003], [0.31765322954318814, 0.2832203244073491, 0.26463727479019516, 0.13448917115926892], [0.31724064265866503, 0.28072310295192415, 0.2659013228902359, 0.13613493139917643], [0.29809805834116476, 0.2818453107545625, 0.2752663633867996, 0.14479026741743653], [0.2994905947592828, 0.2779471980528316, 0.2751684507970508, 0.14739375629084409], [0.30706202994768583, 0.2793132320042035, 0.2733015328415218, 0.14032320510659327], [0.3165917014941861, 0.2806561317706602, 0.2701874048753596, 0.13256476175976453], [0.30625338528074914, 0.2775154293632376, 0.26840274331506464, 0.14782844194095546], [0.31292068072529977, 0.2808454717351656, 0.2654992666132878, 0.14073458082624887], [0.3052955817396243, 0.268153078810885, 0.2823947892642534, 0.14415655008524056], [0.29718910730828035, 0.26284773804330136, 0.2866446839914553, 0.15331847055697534], [0.3102427155461422, 0.2664494194504823, 0.2812327792549692, 0.14207508564843552], [0.3086371950503807, 0.2645003900330407, 0.2837573123949709, 0.14310510242160598], [0.2944969003043584, 0.2621707200500805, 0.29187792081010433, 0.15145445873544955], [0.2987722524176015, 0.26844482763829475, 0.2886961763272569, 0.14408674351683232]], "ideal": "D", "sampled": "B", "correct": false}}
{"type": "result", "data": {"idx": 16, "options": ["World cities contain the headquarters of many transnational corporations.", "World cities are well connected to secondary-level world cities.", "World cities contain many offices of multinational organizations.", "World cities are found only in the northern and western hemispheres."], "probs": [[0.24453924456628442, 0.23815644437316924, 0.281171216155633, 0.23613309480493047], [0.2591805632915016, 0.23670050943012144, 0.2681470263156275, 0.23597190086274936], [0.24464972936302756, 0.23676020182007787, 0.2720790439992967, 0.24651102471761274], [0.24835419667822178, 0.23677445436297342, 0.2648579993785115, 0.25001334948030773], [0.2607952507503201, 0.2360876896897099, 0.2670598917727911, 0.23605716768716437], [0.24868435355832386, 0.23812675599935776, 0.2762371081634305, 0.23695178217888385], [0.2475749264506001, 0.2377067939966076, 0.2772804082772204, 0.23743787117557688], [0.2614371853475328, 0.236755412168992, 0.2630280809987348, 0.23877932138472985], [0.24584733445045698, 0.23524015849292404, 0.2723423893907671, 0.246570117565866], [0.24852428748494756, 0.22960655929257728, 0.2625442713484534, 0.2593248817740284], [0.2584906091925294, 0.2369742001197224, 0.27388126875799235, 0.23065392182976652], [0.24928907780746087, 0.23364211479605054, 0.27569475831611223, 0.24137404898038226], [0.24173435116745298, 0.23632403896418328, 0.27322744095412776, 0.24871416881425143], [0.24631970059221586, 0.2367274613613172, 0.26480989090924345, 0.25214294703722157], [0.24357690640093063, 0.23500006672975657, 0.2795359313420728, 0.2418870954272459], [0.24819772052078684, 0.23013868967214554, 0.26936163068314534, 0.25230195902393143], [0.24696262838412222, 0.23480932742520386, 0.27285419469255234, 0.24537384939812426], [0.24989841757880624, 0.229623906654765, 0.2694709130700241, 0.2510067625963888], [0.25285501463366566, 0.2398422135637285, 0.2669779667183643, 0.2403248049842348], [0.2437922733635564, 0.24104939093391917, 0.2747536555595728, 0.2404046800429474], [0.2518951638027875, 0.2382747763230056, 0.27653086325165643, 0.23329919652256442], [0.24337729076443246, 0.2341406930838529, 0.27840272860274745, 0.244079287448954], [0.24226269266934425, 0.23706506850863657, 0.26972140731798555, 0.25095083140403174], [0.2422728191427682, 0.2317143412735239, 0.2692240205102341, 0.2567888189734796]], "ideal": "D", "sampled": "A", "correct": false}}
