{"type": "result", "data": {"idx": 0, "options": ["The formation of the non-aligned movement", "Global disarmanent and nuclear non-proliferation", "The Green Revolution in agriculture", "Mobilization of pan-Asian ideology"], "probs": [[0.2323769850574243, 0.23888488341759184, 0.2860461656138118, 0.24269196581117167], [0.23592760230421023, 0.24342944772309985, 0.2851387926950957, 0.235504157177591], [0.2344384528727488, 0.24278741149335334, 0.264004104830567, 0.2587700307033249], [0.23581542356330004, 0.23880064623390787, 0.25360086521233993, 0.2717830648904447], [0.24083613855673258, 0.25095028749290593, 0.27619274669906363, 0.23202082715130298], [0.2401863168978601, 0.23991546305977385, 0.26573050421934596, 0.2541677157230163], [0.2332465401733405, 0.24537659634922354, 0.27498736251029166, 0.24638950086713418], [0.23667528660928552, 0.2510927523377568, 0.274679421137986, 0.23755253981498617], [0.2327783181472711, 0.2440960500223195, 0.26493486675079586, 0.25819076497961774], [0.23342877360385017, 0.24510097529771774, 0.26020292346087337, 0.261267327537549], [0.2381697032795544, 0.2543756936588454, 0.2764858669299091, 0.2309687360317075], [0.2357140131769902, 0.24761741251195626, 0.27221777113755286, 0.24445080307348774], [0.22560337180324383, 0.2418121656301139, 0.27280893302252707, 0.2597755294441261], [0.22589872083048518, 0.23888850748547966, 0.26277430719781975, 0.27243846438623903], [0.22666615799053172, 0.23432647920443014, 0.2851028115535276, 0.2539045511515051], [0.22697383474731106, 0.2361354794179947, 0.28000228847608477, 0.25688839725862317], [0.22697029579826686, 0.24076942443360766, 0.27193096236378844, 0.2603293173043271], [0.2260312906310195, 0.242489213055105, 0.27497014757496224, 0.25650934863890523], [0.2393844486845707, 0.2650006294105538, 0.2674153788371431, 0.22819954296773043], [0.23747792014167207, 0.25327620869062484, 0.2586936367851704, 0.2505522342825224], [0.235624706671232, 0.25430467111028104, 0.2815844394393662, 0.2284861826791036], [0.23397681628071587, 0.24891386022449383, 0.27819290754636294, 0.23891641584843612], [0.2375468405609346, 0.24704940070186504, 0.255709068693028, 0.25969468994419087], [0.23700849726308007, 0.24996900538236727, 0.2588477640718863, 0.25417473318266576]], "ideal": "A", "sampled": "A", "correct": true}}
{"type": "result", "data": {"idx": 1, "options": ["How societies shared strategically important technologies with each other", "Why European states went on to attain military superiority over non-Western powers in the modern era", "Why Silk Road commerce dwindled across the breadth of Eurasia after 1500 C.E.", "How the medieval climatic optimum affected the process of cultural diffusion"], "probs": [[0.2552661493721375, 0.2344571345504179, 0.28252576805518204, 0.22775094792226333], [0.2537843571702675, 0.23719564230387208, 0.28593387205417786, 0.2230861283716968], [0.2552790594746849, 0.23262189392545365, 0.285981278083083, 0.22611776841679213], [0.25291491794494464, 0.2302575352688437, 0.2933937428168976, 0.2234338038692973], [0.2581077755412675, 0.2405960104219531, 0.25876971263237886, 0.24252650130438733], [0.26107086034770605, 0.23460838510169466, 0.2625912317989078, 0.24172952265167738], [0.2647545704289138, 0.24047480096614104, 0.25976168405286015, 0.23500894445209605], [0.26424897146132803, 0.2459922830341787, 0.2604248322744878, 0.22933391313000795], [0.2577091985608961, 0.2323025791668213, 0.28907146294262137, 0.22091675922966206], [0.2549384646823167, 0.23218986286714513, 0.2899483454231903, 0.22292332692734104], [0.26421025122909353, 0.24338196443405954, 0.2591157133143009, 0.2332920709225458], [0.25914311183103167, 0.235904061303938, 0.2601270982153078, 0.24482572854974344], [0.2564552899225, 0.24578872241869656, 0.26035692523362575, 0.23739906232519817], [0.25735394390071065, 0.24598531163766724, 0.26527889433321555, 0.2313818500284076], [0.25026963364509186, 0.23769626515653605, 0.2918737990162494, 0.22016030208212933], [0.24592359164022792, 0.2382323991246495, 0.2947641901444118, 0.22107981899070084], [0.25657488882361495, 0.24128218792192202, 0.26698487126919657, 0.23515805188528796], [0.25077702613202063, 0.24040936568037474, 0.261984895291044, 0.24682871279655805], [0.2536219373403222, 0.24075188641653575, 0.2585456164975582, 0.24708055964556733], [0.2561871391175369, 0.2341089470327977, 0.2606237589697272, 0.2490801547799353], [0.24679644907901155, 0.2352640473421026, 0.2897215514090479, 0.22821795206983303], [0.24450533465300206, 0.2292390108848617, 0.2855156377722646, 0.24074001658986605], [0.24800107560391613, 0.22552444049317963, 0.2942931602878843, 0.23218132351503068], [0.2462328139774814, 0.2259968260039813, 0.2878397143136071, 0.2399306456049256]], "ideal": "B", "sampled": "A", "correct": false}}
{"type": "result", "data": {"idx": 2, "options": ["They kept horses in their court, which would have come from the Mongols.", "The Ghanian king had adopted the Chinese tradition of the kow-tow .", "The king adorned himself with gold and jewels, probably from India.", "The people in his court wore silk robes."], "probs": [[0.29548103312785196, 0.24931855938390624, 0.2537915564059116, 0.20140885098232428], [0.29991015510976154, 0.24510860543446808, 0.2504706840357856, 0.20451055531997503], [0.3046650427631023, 0.25159796358456765, 0.2471707794152934, 0.1965662141370315], [0.3036262333677586, 0.24964760051140605, 0.24177178245904096, 0.20495438356178958], [0.30418494637022075, 0.24850646623234865, 0.24223095408251655, 0.20507763321490868], [0.30286315882811365, 0.25243555410623575, 0.23699066972507965, 0.20771061724057627], [0.29356811251818365, 0.2486009757635337, 0.24947834609383313, 0.20835256552445064], [0.29919481873755815, 0.24424339279798496, 0.24728332383663562, 0.20927846452783383], [0.29678686895583223, 0.2500176440604131, 0.24617027970566535, 0.20702520717808304], [0.30053513054867725, 0.2490130788258109, 0.24503488072491145, 0.20541690980061378], [0.2994611606204752, 0.24476658239886925, 0.24537122690789276, 0.21040102997276033], [0.2955256451046597, 0.2516214194990153, 0.24494498616482363, 0.20790794913149072], [0.3080726101633827, 0.25649892516494477, 0.24304234956436854, 0.19238611500730227], [0.30582530750574816, 0.2530849007943413, 0.2395512038932805, 0.2015385877066222], [0.3004444783278611, 0.25532897118828984, 0.2465576772420848, 0.1976688731417494], [0.30261531650848805, 0.2530669697780109, 0.24579245309350709, 0.1985252605199955], [0.30762011221261354, 0.2567405163243906, 0.23212861822339137, 0.2035107531395911], [0.30382489891529146, 0.2594754522147941, 0.23854352057710831, 0.19815612819279374], [0.3056178574937383, 0.2528341038181143, 0.2410361452895187, 0.20051189329863636], [0.30317385845244355, 0.25567468806207216, 0.2357107711084703, 0.20544068227702508], [0.3010163593887691, 0.24923315221533734, 0.24481519348058203, 0.20493529481529935], [0.2975366752065495, 0.25367896673615176, 0.2467902016032992, 0.20199415635400794], [0.3068224305889863, 0.25828481604094994, 0.23164292306901643, 0.2032498302010329], [0.3018323848164092, 0.2595509817722565, 0.2401209892502074, 0.19849564406113757]], "ideal": "D", "sampled": "C", "correct": false}}
{"type": "result", "data": {"idx": 3, "options": ["the Arab-Israeli conflict.", "the Korean War.", "the Cold War.", "the Vietnam conflicts."], "probs": [[0.21465885703093335, 0.2662408379493112, 0.30745492653001844, 0.21164537838974137], [0.21333516438414957, 0.26429428378593883, 0.3099699970888788, 0.21240055464103183], [0.21323084843520576, 0.2685135560140036, 0.3067870800086124, 0.21146851544218148], [0.21409574973343, 0.26965914855036477, 0.30706771619225653, 0.20917738542392386], [0.21161310501482083, 0.26354458528665153, 0.3114820699038301, 0.21336023969469733], [0.2137550474443526, 0.26706505958917987, 0.31014757575488217, 0.2090323171115825], [0.2107054289972778, 0.2597840601014456, 0.31355156228980363, 0.21595894851145994], [0.2114491396052524, 0.2575474631072202, 0.31470541666936963, 0.21629798051815027], [0.21233462023482694, 0.25954128577770935, 0.31172651108570093, 0.21639758280175514], [0.20905775815915226, 0.25534593111628023, 0.3170482373177225, 0.21854807330685183], [0.21333160418045893, 0.2540106951617676, 0.3132576075117599, 0.219400093046025], [0.20848710948304366, 0.2522634898403286, 0.3175046394787605, 0.22174476109786972], [0.20972700018498286, 0.26293488124664305, 0.3152464930767435, 0.21209162539165113], [0.2125217716230491, 0.26336011107819923, 0.313305646193036, 0.21081247100569708], [0.21016769386848336, 0.2596174572303107, 0.31334397750519666, 0.21687087129599797], [0.20531753809129186, 0.2553730324052708, 0.3181025900844854, 0.22120683931896912], [0.2137799751058462, 0.25911556682157766, 0.31316425946954835, 0.21394019850302398], [0.20569754264232512, 0.25522770710842024, 0.31977048063856967, 0.21930426951067314], [0.21168103232354218, 0.2603488207673718, 0.31166080971230486, 0.21630933709675781], [0.2132074967647351, 0.26405456644405434, 0.3097860295182294, 0.21295190717297918], [0.21569984874328188, 0.25855489375672364, 0.30752037285067213, 0.218224884549334], [0.21174518403375633, 0.25617776079833854, 0.31002098032375736, 0.22205607474415004], [0.21708060850429528, 0.2637804210290671, 0.3054034621673505, 0.21373550819929876], [0.21096114564119203, 0.2591109254560757, 0.3094844404974875, 0.22044348830525518]], "ideal": "C", "sampled": "A", "correct": false}}
{"type": "result", "data": {"idx": 4, "options": ["They became a part of Japan\u2019s territory.", "The Americans established freedom for all Koreans.", "The Korean economy never recovered.", "Korea remains divided into two nations near the 38th parallel."], "probs": [[0.3093677346201663, 0.2114258249982648, 0.25440903566071477, 0.2247974046208604], [0.3157232176261001, 0.21468980432046889, 0.2597190061577228, 0.20986797179570704], [0.3084489603275046, 0.21169236754589862, 0.24662562405602315, 0.23323304797055136], [0.3072386252999804, 0.20775116019263043, 0.2506137256858003, 0.23439648872158286], [0.3251798066859895, 0.20677534218903407, 0.2535088773055576, 0.21453597371942357], [0.3226578011934078, 0.19842146319754217, 0.24800346375334978, 0.2309172717556993], [0.31327534548313923, 0.2191592465305709, 0.24372047605804, 0.22384493182826415], [0.3186174930298518, 0.2235567890060927, 0.25028945282801185, 0.20753626503603925], [0.3075675840344322, 0.21968350130186073, 0.24708337463860877, 0.22566553992508837], [0.31053412629605853, 0.21815213118075938, 0.2547486161139054, 0.2165651263092709], [0.32700582900260833, 0.2160176396768747, 0.24989700000552806, 0.20707953121498587], [0.32492084681091893, 0.21237078006649943, 0.2464352469713517, 0.21627312605123222], [0.30876858374033095, 0.2101809026806032, 0.2519401504568648, 0.22911036302220614], [0.3036889263246109, 0.21010592644458675, 0.25799216515388096, 0.2282129819769286], [0.30956295510490295, 0.20965336240545976, 0.2582978252401472, 0.22248585714949118], [0.3088289985558847, 0.21081610971154974, 0.26610391564465913, 0.21425097598791423], [0.30898154255009225, 0.20203607567085508, 0.2547879055781184, 0.23419447610094454], [0.31311258376079976, 0.20709481240322133, 0.2566280183027262, 0.2231645854332386], [0.3349222971542486, 0.21919117350323242, 0.23356051889828286, 0.21232601034422718], [0.331677880987875, 0.21480828792041978, 0.22999343919825324, 0.22352039179345962], [0.33328311210424844, 0.21979528821272248, 0.24145460923270434, 0.20546699035033597], [0.3290829267591507, 0.21809429721167783, 0.23783713680676064, 0.21498563912242116], [0.31778331686854605, 0.2177911360683616, 0.23387006029880456, 0.23055548666429979], [0.3222189379820678, 0.22038158256361265, 0.235143355653032, 0.22225612370130793]], "ideal": "D", "sampled": "D", "correct": true}}
{"type": "result", "data": {"idx": 5, "options": ["Optimistic, encouraged", "Understanding, accepting", "Cynical, enthusiastic", "Sincere, resigned"], "probs": [[0.3239648771976453, 0.24231898014709127, 0.2559728019999469, 0.17774334055531957], [0.32098006089272435, 0.23721916197155135, 0.25630191397110796, 0.18549886306462526], [0.31917253821882097, 0.2494680044122404, 0.2504008446818505, 0.18095861258707235], [0.3229317024580791, 0.24946175027010672, 0.254031925394526, 0.17357462177728444], [0.31695280962142824, 0.24233469786265552, 0.2518194974344595, 0.18889299498145634], [0.31757139836253284, 0.24615941414925208, 0.2572607182569262, 0.17900846913128837], [0.33973730291821336, 0.24899196477718935, 0.238930445666649, 0.17234028653795996], [0.3373413305361387, 0.24480862379048787, 0.23672856622034927, 0.1811214793530117], [0.3468445982484613, 0.24992526583545466, 0.23407638375010936, 0.16915375206598815], [0.351274441705225, 0.24597040286835994, 0.23651651317088376, 0.1662386421555351], [0.3407681215470271, 0.24167544037927194, 0.2378893822288491, 0.17966705574485262], [0.3461249389227755, 0.24114977564429863, 0.24206732234180178, 0.17065796299111183], [0.32305678788968545, 0.24893568832692184, 0.24572165548126743, 0.1822858682021355], [0.3265909459042662, 0.2498269103975851, 0.24865676763456304, 0.17492537596358704], [0.32011093951108577, 0.24468311364564307, 0.26765595386541546, 0.16754999287784833], [0.32169217115876036, 0.2390478819253606, 0.2718616848304394, 0.16739826198545488], [0.32218359468445573, 0.2491518610648329, 0.26232012657831916, 0.1663444175723964], [0.3228601783902919, 0.24432010007837812, 0.2612610893930741, 0.17155863203825078], [0.31709424365190725, 0.2520755810707461, 0.24566335626588068, 0.18516681891147033], [0.31859327106017626, 0.25755677564185986, 0.2499784204284986, 0.17387153276945294], [0.32231405743584446, 0.24940516887848277, 0.25400122253727153, 0.17427955104840515], [0.3285943584030202, 0.24971746398924144, 0.256808759591271, 0.1648794179164639], [0.32371328101869, 0.25772145811741476, 0.24875946433457952, 0.16980579642931218], [0.3218567063966623, 0.25553506808130694, 0.24676678970972954, 0.17584143571230443]], "ideal": "C", "sampled": "B", "correct": false}}
{"type": "result", "data": {"idx": 6, "options": ["Revolutionary progressivism does not always concern itself with gender equality.", "Women typically assume leadership roles during times of revolution.", "Women rarely support revolutions and therefore receive little benefit from them.", "Revolutionary movements are generally uninterested in women's rights."], "probs": [[0.29031341473302863, 0.25543446129581865, 0.2667791793930282, 0.187472944478143], [0.2902079329899438, 0.25225550822105375, 0.2734130862593804, 0.18412347242962962], [0.282252596477091, 0.25542212102677425, 0.26824753649971933, 0.19407774589641966], [0.2758006387477412, 0.2583778463533703, 0.2729586703129486, 0.19286284448593927], [0.2854775329094476, 0.25124986528597865, 0.2714565376528523, 0.1918160640517345], [0.2769125716657323, 0.2563815968661047, 0.27067736573671125, 0.19602846563145043], [0.2924894928138679, 0.2501356607933763, 0.27235923935664924, 0.1850156069361061], [0.29339278797648344, 0.24608016842182234, 0.27925068800478947, 0.18127635549691104], [0.2948736775761589, 0.25557422475144714, 0.2660255982096351, 0.1835264993627674], [0.2987128065668112, 0.25587153816814107, 0.27076940683381684, 0.17464624833121456], [0.29450965280422203, 0.2474508965959055, 0.2726100605866607, 0.18542938991321445], [0.30298168175765366, 0.2541264388504379, 0.2677017383098265, 0.1751901409820557], [0.2837265871766796, 0.25825976216169866, 0.26665331174804985, 0.19136033881354608], [0.27622397628829476, 0.25896641573500134, 0.27284571390961865, 0.19196389396707494], [0.28694899942670404, 0.2588311258240361, 0.2623381107036878, 0.1918817639455628], [0.2899134984759264, 0.2594816012433554, 0.26671103616055536, 0.18389386402018112], [0.27950933090474267, 0.25993959614378986, 0.26469732757609793, 0.19585374527537266], [0.2895503514333027, 0.25948127963806816, 0.2634798720720988, 0.18748849675653445], [0.2813654781343036, 0.248521641089404, 0.27879640937907124, 0.1913164712972262], [0.2724516298541091, 0.2522282863396148, 0.2803693405822732, 0.19495074312402308], [0.286116456865096, 0.25043820580104376, 0.2731638746467715, 0.19028146258709047], [0.294726803676404, 0.2557979410485146, 0.2691442439925217, 0.18033101118256248], [0.2772419633927691, 0.25798889030435984, 0.271381917764354, 0.19338722843850564], [0.2869666894642711, 0.2562827968895761, 0.27139965929505033, 0.18535085425109496]], "ideal": "A", "sampled": "B", "correct": false}}
{"type": "result", "data": {"idx": 7, "options": ["Sub-Saharan Africans relied on European merchants to sustain population growth through the constant importation of New World foodstuffs.", "Sub-Saharan Africans consolidated new states and kingdoms by trading with the Europeans for firearms.", "Sub-Saharan Africans depended on European merchants as the sole purchasers of slaves.", "Sub-Saharan Africans allied with European powers to evict Muslim and Arab merchant princes from encroaching on their sovereignty."], "probs": [[0.24626252933491521, 0.2508027086338756, 0.28492605159852585, 0.21800871033268912], [0.25422862415536446, 0.2522602253488077, 0.28066086316821665, 0.21285028722761046], [0.2502205163408706, 0.24959782580287293, 0.27974348579938185, 0.22043817195688406], [0.2671700531798868, 0.2511584694406954, 0.2706650158166315, 0.21100646146276622], [0.256653154631206, 0.2520654298951491, 0.28272974387939687, 0.20855167149423604], [0.2616125168519456, 0.25232479190684604, 0.2798637545777367, 0.2061989365634831], [0.24383204425460644, 0.24718844989577918, 0.28431111655110275, 0.22466838919849894], [0.2511839392168182, 0.2470165493765112, 0.27955270648671565, 0.22224680481995895], [0.2479191444185801, 0.24716472400142578, 0.27679122389784167, 0.22812490758214396], [0.25469460949633543, 0.24336802340339495, 0.27450134973836143, 0.22743601726188473], [0.25182006310721516, 0.2450242706628018, 0.2832222317305162, 0.21993343439946814], [0.25049304395409244, 0.24200925432545814, 0.2842489137489599, 0.2232487878714907], [0.24584206272806228, 0.24109027067451022, 0.2859390629824787, 0.2271286035149566], [0.2619260174622448, 0.2420111706025417, 0.2766256161117537, 0.2194371957234491], [0.2440201150441687, 0.24191859764202214, 0.28461639676548994, 0.22944489044833735], [0.25147384459701344, 0.239490453124863, 0.2807046989185442, 0.22833100325958333], [0.26179228637958174, 0.24277243883777677, 0.27950956138844246, 0.21592571329421026], [0.25258693352878936, 0.23911161285717164, 0.28442347517781097, 0.2238779783362429], [0.25658003891772463, 0.2533322144645821, 0.27851572703284205, 0.21157201948486326], [0.262548247795923, 0.2541115535163265, 0.2747074617938224, 0.20863273679394487], [0.25576076857282243, 0.2513032182994636, 0.27878667653173894, 0.21414933649597334], [0.25389056629305434, 0.2484259394999539, 0.2794112317351779, 0.21827226237181252], [0.2664275767078681, 0.25320768391813325, 0.2692585032446598, 0.21110623602932405], [0.2563079540040243, 0.2482787819822005, 0.27538725018129867, 0.2200260137324861]], "ideal": "B", "sampled": "D", "correct": false}}
{"type": "result", "data": {"idx": 8, "options": ["Hitler's belief that Poland's territorial borders should not be violated", "A rising intolerance of ethnic and political minority groups", "A widespread belief in Germany that it had been unfairly treated at the end of World War I", "Hitler's attempted collaboration with Italian leader Benito Mussolini"], "probs": [[0.3076512288919769, 0.2799964143822584, 0.26232021983908116, 0.15003213678668983], [0.3006735881428572, 0.27756905610968, 0.2658766181488538, 0.15588073749862186], [0.31324051112641077, 0.28235361431469874, 0.2550562654713479, 0.14934960898754487], [0.29760948648007657, 0.2919684774706693, 0.2631377134668913, 0.1472843224823455], [0.30289884100561715, 0.2770391567424527, 0.2652472933392348, 0.15481470881267373], [0.29017362426121757, 0.2854796840412377, 0.2728436198570172, 0.15150307174052843], [0.30274783030364316, 0.2741038501401847, 0.26744938079090114, 0.1556989386652464], [0.2938210125346447, 0.27199183382604925, 0.27132976538693704, 0.162857388152336], [0.2964008522143658, 0.2769907469828649, 0.26706061649591584, 0.15954778420684868], [0.3030642963948648, 0.27666426282035617, 0.26197426003644836, 0.15829718064830733], [0.2919742277777628, 0.27137859867662295, 0.2718668817892264, 0.16478029165638747], [0.30387641250001074, 0.27589186093650947, 0.26247461018688556, 0.1577571162766013], [0.3146627291541524, 0.27228902329051363, 0.2557760214016402, 0.15727222605367566], [0.29376708028361787, 0.28223685587830266, 0.26679329695765386, 0.1572027667804395], [0.30108305999583285, 0.2732362138389035, 0.2644496986998231, 0.16123102736546954], [0.30698430503036567, 0.2727420160835927, 0.2601627877431418, 0.1601108910428674], [0.2883037522455372, 0.27986237461965574, 0.2726950232599489, 0.15913884977486456], [0.30803028277398564, 0.2711245446819834, 0.26187761014945, 0.15896756229460043], [0.2990337564919963, 0.27623308117307, 0.2666488615610983, 0.15808430067381762], [0.28738741141685636, 0.2856840386244491, 0.2722611558247065, 0.15466739403398158], [0.2966381216068791, 0.277649222312516, 0.2642154440494152, 0.16149721193117314], [0.307363707587377, 0.2813553051100444, 0.25557193500493103, 0.155709052197663], [0.2901237157946332, 0.29114991241990773, 0.2678830974847791, 0.15084327420067575], [0.30790976075173276, 0.28189550422454235, 0.25742630912769543, 0.1527684257960224]], "ideal": "C", "sampled": "C", "correct": true}}
{"type": "result", "data": {"idx": 9, "options": ["was justifiable according to local military custom, even if it violated Western military norms.", "can be viewed as a reaction to the systemic brute force with which the British governed India.", "should be praised as a brave patriotic blow against British colonial oppression.", "seems to have been the product of a well-organized and long-premeditated conspiracy."], "probs": [[0.2427026042164063, 0.23998172727985367, 0.28722847257033884, 0.23008719583339957], [0.25185018461179653, 0.23730811484793812, 0.28407963802206876, 0.2267620624181935], [0.24294559032593652, 0.24243060030153554, 0.2815889158606182, 0.23303489341190858], [0.24508435001096918, 0.24505382987149518, 0.28067274014635296, 0.2291890798711743], [0.24935647570330177, 0.2357230122517891, 0.29199550221538495, 0.22292500972951915], [0.2465764138081729, 0.24323819077324177, 0.2891492490616546, 0.22103614625691984], [0.25111409705797194, 0.24080613611653331, 0.2841979883504494, 0.22388177837504833], [0.25644503193484464, 0.23701122191429855, 0.28271539231990167, 0.22382835373094617], [0.25505333758093707, 0.2406659188478279, 0.284635106646745, 0.21964563682447472], [0.25792317410806626, 0.2444016309157325, 0.2864961014520696, 0.21117909342412194], [0.25658416098672554, 0.23752378134500635, 0.2924562398681439, 0.2134358177001279], [0.2546328529345056, 0.2439927896064011, 0.2926189090685812, 0.20875544829050388], [0.24555972918687252, 0.24437057102895643, 0.276601811269058, 0.23346788841511928], [0.24906810440080074, 0.24721909389338026, 0.2757075873999231, 0.22800521420590475], [0.24554399161279733, 0.2436135633325976, 0.2804671941364108, 0.23037525081818436], [0.2526091115273109, 0.24590357800842044, 0.28386599611671737, 0.21762131424754755], [0.2514530752295575, 0.24778676654657153, 0.2797878042498871, 0.22097235387397338], [0.25044589289579444, 0.244898698826582, 0.2869948056764376, 0.2176606025011747], [0.24637957605385735, 0.23446346001836413, 0.28730867830671125, 0.23184828552105963], [0.24178502929746037, 0.23922624057851258, 0.2856039284703176, 0.23338480155370628], [0.24699161713009246, 0.2336668033374007, 0.29107451097158854, 0.22826706846091768], [0.24371818562553454, 0.23860500330419188, 0.2924126171915625, 0.22526419377871928], [0.2456111234858503, 0.23930083187394247, 0.28370178337296503, 0.23138626116722977], [0.24710692019351946, 0.23869684336026467, 0.2874016686357859, 0.2267945677104344]], "ideal": "B", "sampled": "B", "correct": true}}
{"type": "result", "data": {"idx": 10, "options": ["A factory owner is forcing him to do so.", "He doesn\u2019t earn enough on his own.", "The children need discipline.", "Their labor is only moderately difficult."], "probs": [[0.3186779860483817, 0.24927759581402442, 0.26221697489800944, 0.16982744313958498], [0.31851234528223593, 0.2528963382403249, 0.2618919119670868, 0.1666994044103678], [0.3158412669036083, 0.2560074148407517, 0.2554276516283112, 0.172723666527341], [0.3194216120850668, 0.26176209199562916, 0.24938114324850244, 0.1694351525708142], [0.3146322436606152, 0.26030467229006343, 0.25492989711374636, 0.17013318683557752], [0.32209393481272164, 0.26078621742070646, 0.24695139976586414, 0.1701684479007019], [0.3130532966945234, 0.24795417892410948, 0.2689984083286145, 0.169994115952755], [0.3125983305655086, 0.2510645925691856, 0.26864157410177647, 0.16769550266354663], [0.30965295734588544, 0.25309736873704103, 0.26519122053512834, 0.17205845328195055], [0.3023671600927741, 0.25471405752060006, 0.26398912963104604, 0.17892965265559405], [0.30992636327768325, 0.2571009533796791, 0.2636197363615326, 0.16935294688111333], [0.30716881082597347, 0.25428536003636976, 0.25992351485618037, 0.1786223141814758], [0.3002281101647493, 0.2562921030893347, 0.26613364660857153, 0.1773461400373482], [0.30345509103517326, 0.2643237189800925, 0.2592033697895778, 0.1730178200951364], [0.30415159526294017, 0.25491134502427365, 0.2651697304906625, 0.17576732912215434], [0.29666124956023715, 0.25694682869549273, 0.26397567653597026, 0.18241624510829602], [0.30287552851043653, 0.2684119079455667, 0.2548820283502603, 0.17383053509374272], [0.29224388747744057, 0.2638001355789964, 0.2592465795621301, 0.1847093972814382], [0.3055397678202559, 0.26200511900461815, 0.263591942268204, 0.16886317080692767], [0.3112995987545555, 0.2658979267784993, 0.2556215770670891, 0.16718089729987892], [0.3069838598915065, 0.25956320113080006, 0.26603945264906703, 0.167413486228614], [0.3032079757539347, 0.25767184764545104, 0.26304295163948177, 0.1760772248611323], [0.30820024830549836, 0.26767870389416126, 0.2571749550086243, 0.16694609269171623], [0.29800246850778633, 0.2628134079100434, 0.2609896660727105, 0.1781944574094424]], "ideal": "B", "sampled": "A", "correct": false}}
{"type": "result", "data": {"idx": 11, "options": ["Uneasy allies", "Comrades-in-arms", "Mortal enemies", "Distant strangers"], "probs": [[0.32571908137430944, 0.2562371251746506, 0.23179217209858743, 0.18625162125245107], [0.3196926164292207, 0.2547513573689322, 0.23437613272839508, 0.19117989337342878], [0.3220018309107374, 0.25297146778062446, 0.24784482756142392, 0.17718187364722032], [0.32478267334248545, 0.24541601977993296, 0.23692511908159866, 0.19287618769599016], [0.30860703876336765, 0.2543344113489221, 0.24843251816710457, 0.18862603162062852], [0.3168543440129919, 0.24815946471319938, 0.23565717596593727, 0.19932901520787447], [0.312360553293179, 0.2693375591366014, 0.23554808023671228, 0.18275380723352752], [0.3081101493857521, 0.2688468184340913, 0.23781150699692893, 0.18523152508323104], [0.30663480259602316, 0.26487523623596093, 0.24541541182071933, 0.18307454924730096], [0.3056661935631062, 0.2594881655190743, 0.24573852795540185, 0.189107112862407], [0.29278956200337514, 0.2651762551237928, 0.24704715395057153, 0.19498702882225138], [0.2983908501719702, 0.259516415743562, 0.2443901024453639, 0.197702631539097], [0.3115124583693327, 0.26423633292230575, 0.24785208209672147, 0.17639912651165093], [0.31510245804688725, 0.25457361263265577, 0.23515769234286257, 0.19516623687759896], [0.31631526244870256, 0.2636113097528807, 0.23454918225852833, 0.18552424543989546], [0.3134990187107733, 0.2578963127713789, 0.2350289036949799, 0.19357576472287533], [0.3022297166818719, 0.25279024560789587, 0.24535849241304247, 0.19962154519718006], [0.30296671597989344, 0.25498077125961754, 0.25383048206596515, 0.18822203059451018], [0.29119510526877185, 0.2652530315075337, 0.24886996919250393, 0.19468189393119698], [0.2979969253593907, 0.2583760256391522, 0.23733630365321126, 0.20629074524824703], [0.29325123882669213, 0.26305901110146246, 0.2407328991851182, 0.20295685078672454], [0.2975598126889725, 0.25784550245826976, 0.23955983176618478, 0.20503485298658378], [0.2918909433252902, 0.25470456510981987, 0.24647610616329038, 0.2069283853015976], [0.29464112018963834, 0.2551485144483067, 0.2543150635037488, 0.19589530175831343]], "ideal": "A", "sampled": "A", "correct": true}}
{"type": "result", "data": {"idx": 12, "options": ["Issue a casus belli to go to war with the Kingdom of Zulu", "Tax the Zulu kingdom to cover damages attributed to them", "Sever its responsibility to protect citizens who chose to live in South Africa", "Liberate the Zulus from British colonialism"], "probs": [[0.21448950321302213, 0.2650719363826258, 0.2756964786737641, 0.24474208163060018], [0.21907286560112307, 0.25640759035407246, 0.26593992139104894, 0.2585796225537318], [0.21207051464581736, 0.26601717270991015, 0.2740541354887928, 0.24785817705546342], [0.2134275456381847, 0.2652258844540019, 0.26703242615689216, 0.2543141436509056], [0.215247098559498, 0.25907328136429786, 0.26538483907594407, 0.2602947809002729], [0.21198424784693062, 0.26606090834378626, 0.2698196363463632, 0.252135207362912], [0.21834382608734687, 0.2580650698063047, 0.27340086088251064, 0.2501902431238456], [0.22277611966534783, 0.2501025049095333, 0.2651511828327566, 0.2619701924923769], [0.21686917017472926, 0.2620734504928165, 0.25634257835191226, 0.2647148008805544], [0.2171352728276096, 0.27477345189399144, 0.25310454771760443, 0.25498672746081436], [0.2208849165753689, 0.25458444618412246, 0.2562770034138426, 0.26825363372667876], [0.2159735827316455, 0.273243380876634, 0.26273409344514465, 0.24804894284655962], [0.20492161315162202, 0.24898189632785736, 0.2806055785123158, 0.26549091190819923], [0.20602896702120915, 0.24771140912158124, 0.2765477969264855, 0.2697118268307236], [0.2111197170258863, 0.2495793477637992, 0.26341794703824467, 0.27588298807205036], [0.21103108355510944, 0.26127294642832954, 0.26094486744525464, 0.2667511024713018], [0.2098927471546058, 0.25461385546747295, 0.26351534388091197, 0.27197805339698905], [0.2076434141443861, 0.26592473328944155, 0.2644177209130147, 0.26201413155314396], [0.21577948759796522, 0.25213809671115567, 0.2690731576821655, 0.2630092579087378], [0.21470481375817965, 0.25905879500822054, 0.274372375832816, 0.25186401530079344], [0.22077946845625415, 0.2556140879307093, 0.2591425617605243, 0.2644638817525157], [0.21721749212024236, 0.27267768314890567, 0.2666506454004162, 0.2434541792304388], [0.21434532033017398, 0.2627387699524867, 0.26063014576560506, 0.2622857638517319], [0.2143000883896583, 0.2723681487093985, 0.26402774980168514, 0.24930401299925187]], "ideal": "A", "sampled": "C", "correct": false}}
{"type": "result", "data": {"idx": 13, "options": ["Pan-Africanism", "Communism", "African socialism", "Neocolonialism"], "probs": [[0.21055482338180964, 0.3077285444517968, 0.27500290845172004, 0.20671372361468132], [0.2167765754759669, 0.30981703895264956, 0.2709745334165941, 0.2024318520548058], [0.212574798877716, 0.3070641443767079, 0.2727992384879749, 0.20756181815759184], [0.21632076909174913, 0.30851899890093226, 0.269563558648457, 0.20559667325885245], [0.21917202102561725, 0.3077772500965288, 0.2755556063858796, 0.19749512239198372], [0.21423775880183668, 0.3078261134623591, 0.2788119687836303, 0.1991241588521754], [0.20802496450088792, 0.3058344650480778, 0.2757236811712117, 0.210416889179818], [0.21431826977961274, 0.3069630934570345, 0.2727950585086315, 0.2059235781547386], [0.2031728838179642, 0.3071564377502163, 0.2763486853747778, 0.21332199295705945], [0.2026584472923908, 0.3056146300126781, 0.27236782623718525, 0.2193590963577465], [0.2107479629927499, 0.3066198235831203, 0.2792730934445628, 0.20335911987957012], [0.20178799974330264, 0.30525890134337574, 0.28160137940583624, 0.2113517194074825], [0.215444363037723, 0.3045229811085314, 0.2717260269520115, 0.20830662880172804], [0.21825548211639745, 0.30719430495470496, 0.2684759884366257, 0.2060742243922643], [0.21362956631061675, 0.3018852808926903, 0.2753913998564897, 0.20909375284020024], [0.21322215375206416, 0.30026300879860385, 0.27207204798954754, 0.21444278935979003], [0.21819610563544894, 0.30660176728150396, 0.2732868076911684, 0.2019153192918808], [0.21727311743737637, 0.3020744908849494, 0.2732414516394187, 0.2074109399382435], [0.2180428035164758, 0.30487267479958546, 0.27489798913331787, 0.20218653245060578], [0.21314665036781813, 0.3046314664734254, 0.2786433694212404, 0.2035785136375069], [0.2149368729998305, 0.3067246442840882, 0.27755273293177757, 0.2007857496843137], [0.20635834841075784, 0.30387718124166696, 0.28059120813443106, 0.2091732621131559], [0.20817143258365106, 0.31146552822780027, 0.27673531827058756, 0.20362772081795213], [0.20678619719519317, 0.3061951560641249, 0.2760022809829888, 0.2110163656577009]], "ideal": "A", "sampled": "A", "correct": true}}
{"type": "result", "data": {"idx": 14, "options": ["Agriculture fueled industrialization in cities as excess labor flowed from the countryside to urban centers.", "Agricultural surpluses allowed the state to invest more heavily in modernizing agricultural production.", "Agricultural efficiency reduced prices of basic commodities, raising the standard of living across the whole of China.", "Agriculture was collectivized, with the result that entire communities shared fields instead of individuals owning the land as private property."], "probs": [[0.2570618209988847, 0.25900382773898883, 0.2656383024097718, 0.21829604875238698], [0.26851755612011574, 0.25598514759708063, 0.2665513515721055, 0.20894594461071192], [0.2567365105024039, 0.25615381605083876, 0.26574300215638413, 0.22136667119037326], [0.26200586856653063, 0.2546734653337207, 0.27167178600283715, 0.21164887999691695], [0.26519122053512834, 0.25450491685673643, 0.26498333063669094, 0.21532053187144967], [0.25974437114312454, 0.25655949985419946, 0.26848655676494043, 0.2152095721377482], [0.25499853122080274, 0.2580371346455562, 0.26685919418070037, 0.22010513985293417], [0.2653625264145376, 0.25592289598969686, 0.2671669091952811, 0.21154766830048277], [0.2535640819249255, 0.2587491547891288, 0.2633639363947715, 0.2243228267911752], [0.26251215128245664, 0.25787485890454565, 0.2676292951448541, 0.2119836945681116], [0.26374812613940946, 0.2563615002623545, 0.26039525025718313, 0.2194951232410602], [0.26111331459434906, 0.2586496216485373, 0.2645571454458475, 0.21567991821129057], [0.25926854923259735, 0.2597005871832255, 0.2657958510738759, 0.21523501241029583], [0.2644370203171388, 0.25869664110362695, 0.271395286929829, 0.20547105154940148], [0.25749553360625915, 0.26166477962188006, 0.2602922001168518, 0.22054748655499135], [0.26598078145526477, 0.2613745169359785, 0.2658320076943934, 0.20681269381436287], [0.2617889233788407, 0.26135113968980817, 0.263078430018431, 0.21378150681290936], [0.2636443745659348, 0.26062500712657644, 0.26451795023695573, 0.21121266797053184], [0.2634868069387155, 0.25415477586848734, 0.26951867166562915, 0.2128397454271542], [0.2599728753552618, 0.2559499624920712, 0.27322235508391135, 0.2108548069687478], [0.26468776165039826, 0.25585631636523226, 0.26280130389942, 0.21665461798494468], [0.26356253567080473, 0.25935658822697477, 0.26695513621606587, 0.2101257397861715], [0.2595171746620544, 0.2559409027970858, 0.26652285282740346, 0.21801906961345655], [0.26197752720628936, 0.2560293023265928, 0.26758045744094905, 0.21441271292615005]], "ideal": "D", "sampled": "D", "correct": true}}
{"type": "result", "data": {"idx": 15, "options": ["The expulsion of Christian missionaries from Japan", "The adoption of Chinese imperial customs in the Japanese court", "The annexation of Manchuria by the Japanese", "Commodore Perry forcing Japan to open its ports to trade"], "probs": [[0.22250699861235235, 0.2688009641446926, 0.2938625597545961, 0.21482947738837796], [0.22519655307590242, 0.27060923353504257, 0.2971932427007311, 0.2070009705883477], [0.22785288218798502, 0.27257536245468944, 0.2818784776716106, 0.21769327758570445], [0.22972993589402566, 0.2723260603938859, 0.29231766857009867, 0.20562633504199584], [0.22825013062706823, 0.2738841354517827, 0.2771303561410607, 0.22073537768009108], [0.2295367148644282, 0.2717260269520115, 0.28110694009274456, 0.21763031799080965], [0.22508007911226974, 0.27071230840779764, 0.2842861748502777, 0.2199214375296322], [0.22782854492094098, 0.27073808526557974, 0.2880243529520917, 0.21340901676138774], [0.2310156756319618, 0.2747969029817932, 0.27649414543938317, 0.21769327584687936], [0.2270149031467504, 0.27202194085600384, 0.28957235873042325, 0.2113907971668282], [0.22874192321473236, 0.27567346889298855, 0.27469862966525027, 0.22088597812700994], [0.22459093317251377, 0.2717523586163496, 0.28099236609288825, 0.22266434201823962], [0.23072682495560853, 0.26744481045091684, 0.2827641590670954, 0.2190642054263699], [0.23363155984767742, 0.2664657293566119, 0.29230270308592915, 0.20760000760976666], [0.229999847391438, 0.268722248473975, 0.2871011794576873, 0.21417672457690115], [0.22520544912393078, 0.266043532878637, 0.301034254526589, 0.20771676337085293], [0.23702833335413648, 0.2726901639759492, 0.2745365831052771, 0.21574491946463145], [0.23026516536206112, 0.27076467713635904, 0.27604357375489624, 0.2229265836466958], [0.22714175380789525, 0.2704201984874421, 0.2811621010598099, 0.22127594654487318], [0.2281773203356074, 0.267636097277421, 0.2853666072566891, 0.21881997503028364], [0.22496852224084316, 0.2698424205155719, 0.2883055438682981, 0.21688351327526623], [0.22045874217582373, 0.26544401541746737, 0.29540494754931607, 0.21869229475737906], [0.23189754816799465, 0.2717704371173248, 0.28348967887510723, 0.2128423357395691], [0.22581371129442535, 0.27028985780950976, 0.2848609452612784, 0.21903548553479368]], "ideal": "D", "sampled": "D", "correct": true}}
