{"type": "result", "data": {"idx": 0, "options": ["It demonstrates the difference between the internal and the external aspect of a rule.", "It refutes the natural lawyer' view of the role of morality in law.", "It explains the nature of power-conferring rules.", "It illuminates the concept of a rule."], "probs": [[0.34052106437323093, 0.24827904543431195, 0.27935064362527534, 0.13184924646717894], [0.3414500151309794, 0.24787831269732127, 0.2772948463085059, 0.13337682576318213], [0.33623734577018277, 0.25078385447932167, 0.27872035272572915, 0.13425844692477473], [0.33236995870380187, 0.25288869300922234, 0.2732626349643421, 0.14147871322261668], [0.33544785584059017, 0.2546355739386205, 0.2732179344307397, 0.13669863569002383], [0.3310027577510631, 0.25567863229658017, 0.27048408073063895, 0.14283452912172653], [0.34057147213623823, 0.24297295232758787, 0.28102849728239043, 0.13542707815377814], [0.34119334324183764, 0.24362152943542043, 0.2783946355344491, 0.13679049168830312], [0.339116487581928, 0.2446794916784213, 0.27757996255370443, 0.13862405808595604], [0.3405845480875784, 0.24520157026660686, 0.2708065481937492, 0.14340733335205524], [0.3370014935541696, 0.2467243118853057, 0.27441195935764834, 0.14186223510286744], [0.3386979580522626, 0.24772437306933984, 0.268227423446704, 0.14535024533170746], [0.33542064431803353, 0.24803778138547544, 0.2821322234634768, 0.13440935073301252], [0.33099373263446613, 0.25080201254010204, 0.2778530094743003, 0.14035124525113493], [0.3380688428818109, 0.24715697754010724, 0.28029282842164965, 0.13448135105642803], [0.3388257826520676, 0.24559976113734908, 0.2750567764786054, 0.14051767963196202], [0.3275060119549959, 0.2553469026327118, 0.2698366989388251, 0.1473103863734826], [0.33349861351988713, 0.2528596656255466, 0.26794466415558715, 0.1456970565989932], [0.3253125327464632, 0.2522671141839322, 0.28113932617887116, 0.14128102679074428], [0.3213009816933182, 0.2529578603587346, 0.2798346687851145, 0.14590648906283138], [0.327420545490125, 0.25195953689650186, 0.279968181937584, 0.14065173557577823], [0.32833506128271117, 0.2518100891654044, 0.27465474531055545, 0.14520010414131493], [0.321311000116639, 0.25680428452787907, 0.2717403328344217, 0.15014438242106287], [0.32652812082456156, 0.2538230441039043, 0.26954440107556077, 0.15010443389596706]], "ideal": "D", "sampled": "B", "correct": false}}
{"type": "result", "data": {"idx": 1, "options": ["It is misinterpreted as a prediction.", "His concept of status is misrepresented.", "It is taken literally.", "His idea is considered inapplicable to Western legal systems."], "probs": [[0.32903154430044607, 0.2452649166799695, 0.27283998181441016, 0.15286355710517235], [0.3271311500100127, 0.2440922200952313, 0.27081552921232427, 0.15796110058241952], [0.3222184078710502, 0.24659381315000073, 0.2737002707892784, 0.1574875080896806], [0.3262537401627758, 0.2436824309262412, 0.2722156640732002, 0.15784816473779864], [0.3268480708862458, 0.24730649585467193, 0.2677044612056534, 0.15814097195343438], [0.3335520392726862, 0.24329958646879643, 0.27002685503197205, 0.15312151912654687], [0.33558657360429234, 0.2475919447683099, 0.26589125696869176, 0.15093022455870486], [0.33263574775998794, 0.24701205097216739, 0.2667396682990585, 0.15361253286876733], [0.3331089520171156, 0.24978785478190316, 0.26746884561737, 0.14963434748363355], [0.338962359311982, 0.24686073546831433, 0.2634750413186653, 0.1507018638010306], [0.33549669199203247, 0.2445421759342314, 0.2656220498304985, 0.15433908214324737], [0.34146769492061274, 0.24509525269515495, 0.26383868362242124, 0.14959836866180132], [0.32021804348894684, 0.24572047626853602, 0.27616302908363566, 0.15789845105888353], [0.3262265820141277, 0.24167404037371337, 0.27368874715027697, 0.15841063036190028], [0.32281665423714045, 0.2474166046556965, 0.2762716713118487, 0.15349506969531848], [0.32944901108600955, 0.2441229759639939, 0.27168004879704793, 0.15474796405295663], [0.33435121197969525, 0.2423702013707847, 0.2707264830653969, 0.1525521034841241], [0.3323287618642615, 0.24520571458817814, 0.2678696091440592, 0.15459591430349767], [0.33712160225526966, 0.2404310920121974, 0.2685092989717165, 0.15393800666080917], [0.3468741238254983, 0.23628453776553476, 0.26515256988825153, 0.15168876842072093], [0.3403271048191562, 0.23962137143665072, 0.2672328805515996, 0.1528186430926185], [0.3477453145454354, 0.23856254026903723, 0.26388650466761415, 0.14980564041791286], [0.3484708593055727, 0.2409121430619616, 0.2627733605731666, 0.14784363695928537], [0.34759516415720765, 0.2417465225933528, 0.26103595566027665, 0.14962235748914096]], "ideal": "A", "sampled": "D", "correct": false}}
{"type": "result", "data": {"idx": 2, "options": ["Depression of the 1930", "The rise of Fascism", "The international recognition of human rights after World War II", "The Bolshevik Revolution"], "probs": [[0.31376505667654253, 0.22540407905670665, 0.28797494606697344, 0.17285591809978146], [0.3156982315632403, 0.2196436489288668, 0.27769635302391227, 0.18696176638399103], [0.3147972764509494, 0.22526816955735585, 0.28767273532478904, 0.17226181856689818], [0.3156203240420268, 0.22384270670065048, 0.27981983405381783, 0.18071713510350618], [0.31523531489955486, 0.2206563277355295, 0.28240080643337023, 0.18170755083154105], [0.3147671815509601, 0.22492730233959515, 0.2831531270907395, 0.17715238891869997], [0.3133766077386024, 0.23160089344199142, 0.2809703748495836, 0.17405212386981553], [0.31406561713693304, 0.22507886493246296, 0.271636843543675, 0.18921867428693395], [0.3110660200195876, 0.22701484252198897, 0.291663726607132, 0.1702554107513072], [0.28751519772079226, 0.2307530931659511, 0.29109495312606526, 0.19063675588720078], [0.3089401737136127, 0.2221098855597386, 0.2918823847801811, 0.17706755584645426], [0.2951990737001468, 0.23225808910549484, 0.2888376413389272, 0.1837051957554245], [0.3321735945465279, 0.22233412681656153, 0.27380516386201537, 0.1716871146748891], [0.33379803828857485, 0.22276851014370352, 0.26522131334039245, 0.17821213812734038], [0.3283800178219848, 0.22459120838304125, 0.27738693847993035, 0.16964183521503218], [0.3075154939156857, 0.2280857703444086, 0.27491382711557294, 0.18948490852432304], [0.3262025354751743, 0.22242330162996118, 0.27524065963166766, 0.1761335031632167], [0.30474719004310374, 0.2277001282538866, 0.2787904798412676, 0.18876220176173622], [0.31096821816396736, 0.22966772308057143, 0.2714200285281252, 0.1879440301273281], [0.3122684946453427, 0.23552793701844327, 0.2691660658226387, 0.18303750241357497], [0.3112478829088055, 0.22771937317486715, 0.28261416863467337, 0.1784185751816585], [0.29619590354461633, 0.2376279834760799, 0.2807849495415318, 0.1853911633377623], [0.3122213364855707, 0.2300859303554628, 0.28030542849872403, 0.17738730456025958], [0.28975622220723385, 0.235485581401963, 0.28799955746716127, 0.18675863882364205]], "ideal": "C", "sampled": "C", "correct": true}}
{"type": "result", "data": {"idx": 3, "options": ["There is no distinction between the two forms of legal reasoning.", "Judges are appointed to interpret the law, not to make it.", "It is misleading to pigeon-hole judges in this way.", "Judicial reasoning is always formal."], "probs": [[0.28970324261313424, 0.23544301863418748, 0.27849448620250705, 0.19635925245016075], [0.2937058668397366, 0.23367336426117427, 0.27637115507301674, 0.1962496137260682], [0.2945955586800022, 0.2380731643336979, 0.28419147029779684, 0.1831398065884895], [0.29082106617620906, 0.2352904147347916, 0.28651000601827553, 0.18737851297071334], [0.28489418834215097, 0.23354274421307966, 0.2897422986848102, 0.19182076865996678], [0.2803649187845846, 0.233121169731075, 0.29262170474355964, 0.19389220664077939], [0.2960683929937541, 0.23167144794960887, 0.28515785937056426, 0.1871022995860682], [0.29866738885722205, 0.22818032875277133, 0.27933146290709293, 0.19382081938291773], [0.2967562730897179, 0.2320877711855865, 0.28634383921772694, 0.18481211640694822], [0.3042474193471806, 0.2273407718088686, 0.28033768821486, 0.18807412052911007], [0.29749071125327664, 0.22477741409026877, 0.28119826353493305, 0.1965336110215223], [0.29693253870690284, 0.22458927292152572, 0.28418974967361194, 0.19428843859797604], [0.3015665945434089, 0.2407165825339763, 0.28262403634633365, 0.17509278647628765], [0.29522941305898387, 0.2375471546741714, 0.2846827809258044, 0.18254065124104987], [0.2998044993453716, 0.24050772940308504, 0.27819071321567973, 0.18149705793586499], [0.30612859908133966, 0.2366869096609373, 0.2737461281139811, 0.1834383630437435], [0.28967327439914536, 0.23756275844958885, 0.28575897691292784, 0.18700499013832722], [0.3009188799204766, 0.2368909893075408, 0.28108419439758453, 0.18110593627440683], [0.29317532541379654, 0.23002620324878614, 0.28189685748627946, 0.19490161375115195], [0.28875110376704066, 0.23064995696942422, 0.2849443190700855, 0.19565462009345708], [0.299118746954552, 0.2289941967896418, 0.2748304145485718, 0.19705664160724942], [0.30032516756001165, 0.2278652413736248, 0.27760730050910254, 0.19420229045727186], [0.2899608397881148, 0.23211516486728928, 0.286733415071171, 0.19119058017341897], [0.3003927537673096, 0.23266895182576428, 0.28223718969341294, 0.18470110461350536]], "ideal": "C", "sampled": "C", "correct": true}}
{"type": "result", "data": {"idx": 4, "options": ["The POP will choose wealth over a compassionate society.", "The POP will choose equality over power.", "The POP will be unselfish.", "The POP will choose to protect the disabled."], "probs": [[0.33224576809228745, 0.22950422660759243, 0.2768428700003346, 0.16140713519980934], [0.3452254052296772, 0.2268201849086081, 0.2686556917873857, 0.1592987179743525], [0.3295414019454659, 0.23101348501291719, 0.27800037757609725, 0.16144473536553325], [0.3258118973035339, 0.22490104626400126, 0.27855446504982634, 0.17073259128262838], [0.34079446344364006, 0.22870201513083893, 0.26795211241282724, 0.16255140891268233], [0.32234858378759235, 0.22425061933588541, 0.2792843478960078, 0.17411644888052302], [0.3436085362881171, 0.22280320558160935, 0.2722359678251664, 0.16135229020509168], [0.35652389484974234, 0.22216903769852386, 0.2638125023573909, 0.1574945649943605], [0.34602333522521445, 0.22721455123035111, 0.26913561876565656, 0.1576264946787746], [0.35125924580036894, 0.22521257669823858, 0.2672185951308653, 0.15630958227051467], [0.3580229488327763, 0.22753940519872434, 0.25675191110849366, 0.1576857347600072], [0.3485355935475459, 0.22673314156585947, 0.269070851457336, 0.1556604133292624], [0.3346311963724486, 0.21958431497531922, 0.28293287800373174, 0.16285161054848268], [0.3289936630441854, 0.21335959890083814, 0.2846065977704985, 0.1730401401844968], [0.3417892200928814, 0.22498469470161733, 0.273999721521477, 0.15922636358403208], [0.34417572898293824, 0.22436196375867867, 0.27364532040457634, 0.1578169867538061], [0.334752362922691, 0.21987582614226894, 0.27508253293559376, 0.17028927789942652], [0.3443411704210576, 0.22322825329910106, 0.2742763825340156, 0.1581541936458036], [0.35228406444926674, 0.2198451410354714, 0.2689944469504099, 0.15887634746483875], [0.3303552354172641, 0.21653263952423066, 0.2820711386173806, 0.17104098634112164], [0.3571150647368603, 0.22580946638570784, 0.26238613299785507, 0.15468933577957839], [0.3446852582305656, 0.2267612967479857, 0.2755170354892549, 0.1530364094321936], [0.3362165997977247, 0.22375012875165318, 0.2752482953858243, 0.16478497596477604], [0.3434214340960668, 0.22690787563920795, 0.27483175898733214, 0.15483893117738548]], "ideal": "A", "sampled": "B", "correct": false}}
{"type": "result", "data": {"idx": 5, "options": ["Law and Economics", "Critical Legal Studies", "Historical", "Natural Law"], "probs": [[0.34678731440166316, 0.26754927221465724, 0.2259437209972401, 0.15971969228643818], [0.34108612875237987, 0.26988062326077117, 0.22388926446487736, 0.16514398342198308], [0.3485462457248098, 0.25467092517583223, 0.2308287262026681, 0.16595410279668846], [0.3501028485415615, 0.2529712605444576, 0.2291430047957596, 0.16778288601822636], [0.3450182794523138, 0.26454657045949115, 0.22720166950056053, 0.16323348048762187], [0.3466344677005926, 0.2548389004038965, 0.23631879228753586, 0.16220783950796605], [0.32571930487221445, 0.2612653509786441, 0.24034592629114185, 0.17266941775799682], [0.3204721458228042, 0.2624408887660155, 0.23563236473943594, 0.18145460057175222], [0.33253282310994525, 0.2609065539206007, 0.22617878143428355, 0.18038184143516306], [0.32189836712788655, 0.259989699348331, 0.22401667173099168, 0.19409526169278157], [0.3331355923787739, 0.26761118155471947, 0.22159636052757145, 0.1776568654389289], [0.31861235734905247, 0.26046811003560455, 0.23584965931168023, 0.18506987320367319], [0.32083176766501015, 0.25238374075499176, 0.24591202043771782, 0.180872471042279], [0.3200247240870752, 0.2500035769598159, 0.24526860291966066, 0.18470309593342848], [0.32039445132674726, 0.2583656399800756, 0.23742424023299358, 0.18381566836018057], [0.312815813357159, 0.2563935076282637, 0.23714742612399126, 0.19364325279059602], [0.32543711166874917, 0.2548402938776021, 0.23702969067238736, 0.18269290368126798], [0.3175332261638866, 0.252239638695035, 0.2406458781155527, 0.18958125692551797], [0.3261344634479242, 0.2601866345142432, 0.23781452725169847, 0.17586437468611352], [0.32828721122338733, 0.2495484429377175, 0.24822571936704926, 0.17393862637184765], [0.32652072393267173, 0.2641342250376781, 0.2289326699807665, 0.18041238094887146], [0.3179721040980363, 0.25724146346799326, 0.23977555132284875, 0.18501088101112537], [0.3331880431950941, 0.2485939128602087, 0.23832187065144028, 0.17989617319324747], [0.3249011540755517, 0.2488675398043341, 0.2380521875554676, 0.1881791184646491]], "ideal": "A", "sampled": "A", "correct": true}}
{"type": "result", "data": {"idx": 6, "options": ["All commands include some sanction.", "The concept of a command contains the likelihood that a sanction will follow failure to obey the command.", "Without a sanction the mere expression of a wish is not a command.", "A command confers power to change one's legal status."], "probs": [[0.26843131193696423, 0.23805927161179108, 0.29216972024436844, 0.20133969610687816], [0.2710102268099007, 0.23607759498143438, 0.29404302479465955, 0.19886915331399027], [0.26796085392319013, 0.2347561382427231, 0.2878619397644213, 0.2094210679696664], [0.26887932297808953, 0.22953861878971227, 0.28292807592575947, 0.21865398220644425], [0.27265081629654503, 0.23532362120832756, 0.2830138663200148, 0.2090116960751269], [0.26366915185394674, 0.23035431934694536, 0.27958748883817036, 0.22638903986093997], [0.2745282784679981, 0.24589788726577547, 0.28010520631259866, 0.19946862785363062], [0.2785571524193587, 0.2434700353717258, 0.2808876479641031, 0.19708516414482458], [0.27782778847263534, 0.24393704749511888, 0.2788996284517779, 0.19933553548047625], [0.2770180552522784, 0.24161719141063992, 0.28369148819677353, 0.19767326504028523], [0.2785863737259493, 0.24200596224527685, 0.2793721878731956, 0.20003547605557992], [0.27248192345534533, 0.24121159870103426, 0.28215197813691634, 0.20415449960670615], [0.2704526167980635, 0.2439306247908752, 0.2832254311828885, 0.2023913271281932], [0.27068475171013084, 0.24023247871279282, 0.2780779875471294, 0.21100478192994218], [0.27142080616760866, 0.24763548627641163, 0.28347462877304247, 0.1974690786829424], [0.2698517756700269, 0.24799102755052832, 0.2892271774148891, 0.19293001926455283], [0.2686292723504844, 0.23907383421004416, 0.28554425301711384, 0.206752640322354], [0.267424516939059, 0.24312498805480412, 0.293970893941497, 0.19547960096464026], [0.28227529373035376, 0.23725011442766913, 0.2798908896408623, 0.20058370210110568], [0.27046245693651105, 0.2360886192815125, 0.2742963958792194, 0.2191525278027526], [0.280630760313143, 0.2417317113394719, 0.28396038770347687, 0.19367714054392637], [0.27367252456504604, 0.24169332392427292, 0.288470892508447, 0.19616325890222622], [0.27237061687291025, 0.23264068353528494, 0.2861142633435995, 0.20887443614821044], [0.27133115239205796, 0.2360098808527049, 0.2963690640529938, 0.19628990260223514]], "ideal": "D", "sampled": "B", "correct": false}}
{"type": "result", "data": {"idx": 7, "options": ["By denying its existence.", "By explaining the difference between the common law and civil law.", "By distinguishing certain features of the English legal system that facilitated the development of capitalism.", "By recognizing the importance of legitimate domination."], "probs": [[0.3047803579075638, 0.25545588991361307, 0.2764203144673364, 0.16334343761150136], [0.2926372001805319, 0.25354598767311665, 0.28019835023184003, 0.17361846181451845], [0.305409052086121, 0.2576778025974707, 0.27695109680125446, 0.1599620484151661], [0.29714606067978727, 0.2613156933505961, 0.28079642952063427, 0.16074181634900667], [0.2930527255367484, 0.2552981218789636, 0.27348764086796357, 0.1781615116162977], [0.2958639353252156, 0.2604927346360707, 0.278327570494294, 0.16531575944442944], [0.3177609306886762, 0.25631240163364677, 0.27058599148584084, 0.15534067609184318], [0.3056507240984157, 0.257670502209949, 0.27519953604157754, 0.16147923755004395], [0.31781379989841335, 0.2575771446623744, 0.2751326989446548, 0.14947635639456108], [0.31760084754466716, 0.2621755669240251, 0.27643884391930984, 0.14378474151200374], [0.3044246032198407, 0.2644855125539838, 0.2719637823773733, 0.15912610174882091], [0.31875727663350195, 0.26140976360202606, 0.2731191756605962, 0.14671378400389037], [0.31664306317316127, 0.26271272915380645, 0.26960207898503225, 0.15104212858799998], [0.30973199806153767, 0.2666866952522994, 0.2730472102731225, 0.15053409631303324], [0.31911807476198417, 0.2618301282859249, 0.27183284615563985, 0.14721895069645483], [0.32087435401682274, 0.2654746893732705, 0.27214164853342526, 0.1415093079764698], [0.3131076941542807, 0.27091192746729353, 0.2669963647748155, 0.14898401350361604], [0.3238057455112192, 0.26971478267460197, 0.2655339861112076, 0.14094548560297385], [0.3110330003675052, 0.2550717395568546, 0.27180747889341855, 0.1620877810822291], [0.31274566936745823, 0.25938396294277877, 0.2735301327163854, 0.15434023487336193], [0.30268693947544884, 0.2578464431361387, 0.2779632052270714, 0.161503412061346], [0.3194962219187878, 0.25674236114305526, 0.27740408959256585, 0.14635732724558925], [0.3121898838042612, 0.2599477969869726, 0.27720987715125844, 0.15065244195750993], [0.3232072734094442, 0.25879587985778874, 0.27534654624174143, 0.14265030039101048]], "ideal": "C", "sampled": "C", "correct": true}}
{"type": "result", "data": {"idx": 8, "options": ["It is a sin for humans not to apply reason.", "The principles of natural law are discoverable by reason.", "Natural law does not apply without good reason.", "The law of nature is the basis of all positive law."], "probs": [[0.29857152665099745, 0.28006127476233456, 0.23212309897028985, 0.1892440995163606], [0.29908153298608475, 0.2890768033398253, 0.2337742584899905, 0.1780674050841117], [0.3001257040751111, 0.2814417631102216, 0.2305630742529988, 0.18786945846166067], [0.29575036237219454, 0.28758297090280455, 0.2298924238726387, 0.18677424275236065], [0.300862779171675, 0.28885939213516004, 0.22857927496799071, 0.18169855362518644], [0.2978271237230494, 0.28739388386831544, 0.22494896886282872, 0.18983002344578767], [0.3069827766768492, 0.28165519080133733, 0.22482595507870196, 0.1865360773431119], [0.3074505136202011, 0.2905627844053935, 0.22641077577530117, 0.17557592609910386], [0.30843392796829777, 0.2822500648305316, 0.22765424937061127, 0.1816617577305456], [0.31256389517297983, 0.28658048122620605, 0.2254451683556239, 0.1754104551451917], [0.3141438552473278, 0.2910752808890562, 0.22211371008130432, 0.17266715368230692], [0.31429503353022437, 0.28660070687384265, 0.220310953151876, 0.17879330634405147], [0.30605686689149325, 0.27847208048372557, 0.22796354320335224, 0.1875075093214402], [0.30257502948939363, 0.2839914769462669, 0.2270581255602928, 0.186375367904035], [0.30552863886829523, 0.2773761473212453, 0.2310758947755754, 0.18601931893487716], [0.30988177267279376, 0.2822083081141881, 0.23024093648821398, 0.17766898262481196], [0.3045692443543087, 0.28415489193935795, 0.22531127927434386, 0.18596458433198948], [0.3126523418859844, 0.28176245529439903, 0.22464401100909415, 0.18094119171052742], [0.309021915158623, 0.28794426094644054, 0.22223112538485357, 0.18080269841005792], [0.30576904736143584, 0.2872775817391788, 0.21898350336324776, 0.18796986743614946], [0.31089561402742144, 0.2867342150453527, 0.22425257405256627, 0.17811759677465544], [0.3132565506221692, 0.28224023859693764, 0.22259729904303815, 0.18190591163786438], [0.30829947541027414, 0.28569957078687863, 0.22497663326314687, 0.1810243204396931], [0.3153082534372169, 0.2839689123828005, 0.224059505055553, 0.17666332902443665]], "ideal": "B", "sampled": "D", "correct": false}}
{"type": "result", "data": {"idx": 9, "options": ["Women can achieve equality through political pressure.", "Equality is impossible because men define women as different.", "The idea of 'woman' needs to be redefined.", "The world is phallocentric and oppressive."], "probs": [[0.3068551155564049, 0.22677576865055013, 0.2595826657251667, 0.20678644996787676], [0.3017815014202386, 0.22848075552753885, 0.26168865966147464, 0.20804908329075653], [0.3077598012914523, 0.22732734907104696, 0.2584871038489008, 0.20642574568859576], [0.31000867828941076, 0.22849159345029127, 0.2549213705769362, 0.20657835758336307], [0.29847250642133083, 0.22452572171777394, 0.26088498880713246, 0.21611678295376943], [0.30636022249800776, 0.224922139746399, 0.2546186898629138, 0.21409894779268876], [0.30579026268461545, 0.22501878714652948, 0.25958336350671635, 0.2096075865621398], [0.3004160046087621, 0.2269638146311188, 0.2643889728941571, 0.20823120776595913], [0.3130388012930998, 0.22572247056745914, 0.2517508658714678, 0.20948786216797785], [0.31135716952542913, 0.22600866584562898, 0.2559291778611896, 0.20670498666776524], [0.30349710637827654, 0.22634675026634185, 0.2535106492301726, 0.21664549402520408], [0.30469112153884165, 0.22567974618261988, 0.25305845252074566, 0.21657067965777657], [0.3037768521605207, 0.21866417976575983, 0.26190803121999817, 0.2156509367537335], [0.305321695967935, 0.2196651881308403, 0.25939047071378923, 0.21562264508741386], [0.3094017713255768, 0.22247635105199012, 0.25135865675021424, 0.21676322077220797], [0.30777769509822217, 0.22278741269584332, 0.2545569675527008, 0.21487792455323734], [0.307207903012069, 0.22017526292007605, 0.24999475543647542, 0.22262207853139226], [0.29998187936305554, 0.22143190941296975, 0.25337949316989616, 0.22520671795407415], [0.29235316549327284, 0.2157284515421236, 0.27277269257379644, 0.21914569029082848], [0.30249039731190575, 0.21653945765227334, 0.26407213719910405, 0.21689800773672563], [0.29721955161916314, 0.21867226721858884, 0.2623838300337323, 0.22172435102850505], [0.29910157364676865, 0.21906723889082416, 0.26172246063190885, 0.22010872673049112], [0.30485846480600975, 0.21802060563655434, 0.2567124781842854, 0.22040845127315706], [0.2996231395075851, 0.21789248031509836, 0.2611971040987499, 0.22128727597857498]], "ideal": "A", "sampled": "B", "correct": false}}
{"type": "result", "data": {"idx": 10, "options": ["John Rawls", "Stammler", "Jerome Hall", "John Finns"], "probs": [[0.2743742698149677, 0.2825196099185806, 0.2913430131077419, 0.15176310705870966], [0.28193619195465985, 0.27987073233288556, 0.29730698772722686, 0.14088608788523732], [0.2700720946087642, 0.282968345667339, 0.29546020294942194, 0.151499356674466], [0.270924922088166, 0.27915092397860847, 0.30449082475856976, 0.1454333290746489], [0.29125749733526485, 0.28009900642667424, 0.2862757046246865, 0.14236779151337847], [0.27929894892954005, 0.2811089373379949, 0.29096660339605507, 0.1486255102364147], [0.2541474188286052, 0.2707924058763893, 0.3083089516802067, 0.16675122351480146], [0.26448413887936756, 0.27015695618413577, 0.31066399999182126, 0.15469490484466902], [0.25861495166060877, 0.2653520503305382, 0.29798859696582974, 0.17804440094303237], [0.25861333895384037, 0.2677772468140651, 0.3157656793785268, 0.15784373475355676], [0.276361909601755, 0.2679289972156377, 0.28783463708137547, 0.16787445600124823], [0.2646434540590227, 0.27153808184714523, 0.3006444936382539, 0.16317397035557069], [0.2563005012676587, 0.27398596833847455, 0.30965924261177036, 0.16005428768208801], [0.2586741340867633, 0.27287398109935035, 0.31432708096911516, 0.15412480374476026], [0.26298422626068024, 0.272358809028821, 0.2945793358342817, 0.17007762877621743], [0.2636509804181496, 0.2744758278812243, 0.31057041440487115, 0.15130277719575774], [0.2651589795662898, 0.2716955756329955, 0.29226491667757576, 0.17088052802312262], [0.26411204184242904, 0.2778922151756051, 0.30495285175015197, 0.15304289113181693], [0.2723068758730071, 0.2748467246070484, 0.30330571298440673, 0.14954068643554808], [0.26407034777865696, 0.27735139996167857, 0.3050951231453839, 0.1534831290142792], [0.2792705409242667, 0.2755643045094816, 0.28376647465028226, 0.16139867981596248], [0.2698358730871349, 0.28101036811414437, 0.29324728419262514, 0.15590647450609296], [0.2634780328230683, 0.272695892604263, 0.2946148894792318, 0.16921118499345103], [0.2624841871706386, 0.27896335718338616, 0.3054053680018729, 0.1531470875441043]], "ideal": "B", "sampled": "D", "correct": false}}
{"type": "result", "data": {"idx": 11, "options": ["Historical", "Analytical", "Command", "Sociological"], "probs": [[0.2680018024064849, 0.2591088445332918, 0.3209656845945305, 0.15192366836569335], [0.24486330768102355, 0.25916019609365765, 0.3191922467582371, 0.1767842493670592], [0.274541466716213, 0.2574005090237872, 0.3031062322257988, 0.16495179193418652], [0.27585864897378304, 0.2534804424081802, 0.2999391098102288, 0.17072179870781118], [0.2607780460222439, 0.24990522040962468, 0.3225385567718193, 0.16677817669630343], [0.28468362787340706, 0.24987423315504131, 0.3203255870188723, 0.14511655185267847], [0.2807469978746759, 0.2480140998896478, 0.3248340274558626, 0.1464048746798081], [0.26129108093908227, 0.25038591080797845, 0.3191569618376594, 0.16916604631527202], [0.28295751247840506, 0.24919657686815644, 0.30406107729084475, 0.1637848332625996], [0.28956831270902, 0.2516975795472367, 0.3027217533041009, 0.1560123543396541], [0.2719418367970247, 0.24053150947972265, 0.31580643804607633, 0.171720215577182], [0.2956767062212702, 0.24130958725577512, 0.32517837672704525, 0.13783532969590057], [0.2660335486164493, 0.25888283721770206, 0.3121107186925326, 0.16297289537331525], [0.26869519802916914, 0.25848131991853723, 0.30439226325258045, 0.16843121869969424], [0.26466169712556237, 0.267469862258741, 0.2971610832831602, 0.1707073572325509], [0.2681345908460583, 0.2708821802676119, 0.2978869501602579, 0.16309627862606998], [0.28550929487457394, 0.2593677225023212, 0.29006676500147477, 0.16505621752165403], [0.2870461320447884, 0.2628099614651586, 0.2998146095725551, 0.15032929681749996], [0.29101102908458765, 0.25935252242001905, 0.30674919183850835, 0.14288725655686885], [0.316689994555614, 0.25532651535539314, 0.30652649245950203, 0.12145699752947955], [0.2877264578834335, 0.2600413821777458, 0.2944791944478447, 0.15775296539099357], [0.3190297537592581, 0.26008666724139196, 0.2950758707791511, 0.1258077081202129], [0.3163030626328552, 0.25149319193488406, 0.282571799048753, 0.14963194628352525], [0.32225374347078944, 0.2563558867284891, 0.2876272642953787, 0.13376310540536895]], "ideal": "D", "sampled": "D", "correct": true}}
{"type": "result", "data": {"idx": 12, "options": ["Conflict.", "Love.", "War.", "Reciprocity."], "probs": [[0.28696196298357973, 0.222452849604019, 0.2853346407586798, 0.20525054655369965], [0.29006259270627255, 0.22782077344186738, 0.29442234264003986, 0.18769429111183047], [0.288690197964675, 0.22094431798846673, 0.282297709473129, 0.20806777447371422], [0.30130428892356204, 0.2319875959771624, 0.2886294762530681, 0.17807863874621874], [0.30329533236895323, 0.23142196866876588, 0.2933819622914598, 0.1719007365708122], [0.31470461147616585, 0.23220930196962328, 0.29194228530300737, 0.16114380115118657], [0.29158474277600804, 0.23102433589302127, 0.2788646925836185, 0.1985262286473676], [0.2947073242554083, 0.23862537315317028, 0.2869128124623628, 0.17975449002904473], [0.28957406712241274, 0.22810256564469902, 0.28376069025291006, 0.198562676879982], [0.29758582736367073, 0.23168389347628474, 0.283730609055721, 0.1869996700043218], [0.31140886335549917, 0.2414082529364227, 0.27697320226750133, 0.17020968134056455], [0.3065204410877439, 0.23168254123391285, 0.28232798497022754, 0.17946903260810138], [0.28731962417166584, 0.22554651528674147, 0.27808484096684927, 0.20904901947474988], [0.2961451160365336, 0.23757510440716467, 0.28566959769779443, 0.18061018175850388], [0.2858657755723884, 0.22529733974966992, 0.2832337750233645, 0.2056031095545825], [0.29141720370998914, 0.22889300446124478, 0.28599084859993523, 0.19369894312883176], [0.31647368247237345, 0.23547373779136804, 0.2833558073295404, 0.16469677230672208], [0.297639427847894, 0.2294431086724785, 0.28583609037338253, 0.18708137300623937], [0.30860174131889817, 0.24073507122553245, 0.2801495855215839, 0.17051360183397793], [0.3215354593982269, 0.24198898608349273, 0.27670163107369783, 0.1597739233445747], [0.30880434530757184, 0.23937123804660035, 0.27629822323549585, 0.17552619331034033], [0.30494308468630255, 0.23090934751108874, 0.27970314023081877, 0.18444442747178993], [0.3170599568557962, 0.23714923406185795, 0.2800118272931064, 0.16577898168922456], [0.3005181346849794, 0.23156445406652673, 0.2788449619367988, 0.1890724492117128]], "ideal": "D", "sampled": "D", "correct": true}}
{"type": "result", "data": {"idx": 13, "options": ["That there is no distinction between law and morality.", "That there is a distinction between right and wrong.", "That facts about the world or human nature cannot normally ordain what ought to be", "That human rights are fundamentally unsound."], "probs": [[0.30884608045738615, 0.1953004005145158, 0.2926263589255349, 0.2032271600025654], [0.30643940041069223, 0.20342005532764393, 0.27724724830773684, 0.21289329585393293], [0.31233434333663274, 0.19546886487903295, 0.26583651172043027, 0.22636027996389474], [0.30663773986682247, 0.19747669565315826, 0.26470854688019385, 0.23117701749983008], [0.30244773247001466, 0.20657916316532454, 0.28097237954018517, 0.2100007247244821], [0.3008979523029088, 0.19295294331129212, 0.2970757422877275, 0.20907336199807466], [0.31557183181402104, 0.1895418478485972, 0.29056992443878416, 0.20431639579859603], [0.3099049882284479, 0.19865102782748142, 0.278622262972111, 0.21282172087195259], [0.3179222998267853, 0.19225916702015328, 0.2672576650400631, 0.2225608680130026], [0.3114816940637057, 0.19938246056377004, 0.2676436427310724, 0.2214922025414616], [0.3062531711905165, 0.20245838783583536, 0.28214616799214, 0.20914227288150014], [0.30504219631603574, 0.1945190531952508, 0.29556900206118025, 0.20486974832751942], [0.3302765943114784, 0.18726412798090605, 0.266013544999019, 0.2164457326085896], [0.32371712652947443, 0.1860460902605193, 0.26528563020802587, 0.22495115290199036], [0.3318902905687179, 0.19029184178228314, 0.2643867926513331, 0.21343107489765664], [0.32410480612655096, 0.19492259327675746, 0.26415943718220986, 0.2168131633144733], [0.31693430403160056, 0.1884282986541916, 0.26796800937277815, 0.22666938784142793], [0.31801263077639613, 0.19442940169517936, 0.26926274519076426, 0.2182952222376877], [0.2985406569129446, 0.20894870457610207, 0.2850744930352731, 0.20743614537567806], [0.298777266394825, 0.19470854462050946, 0.299948313680987, 0.20656587520368402], [0.2985239148377999, 0.21149210463977366, 0.2827065374650584, 0.20727744295738174], [0.29813157550443137, 0.20381390520800294, 0.29562915319039873, 0.20242536599716776], [0.30215364954044055, 0.19787352730252789, 0.26888150395190713, 0.23109131910513483], [0.30054533278700124, 0.2039304400034871, 0.2712510991265493, 0.22427312798295834]], "ideal": "C", "sampled": "C", "correct": true}}
{"type": "result", "data": {"idx": 14, "options": ["Individual stories are suspect.", "The law is static.", "Universal values are meaningless.", "Literature reproduces repression."], "probs": [[0.3154805673581354, 0.22853238034911713, 0.2860934592344845, 0.16989359295825773], [0.31562872591965196, 0.22737053956653389, 0.28926449123863107, 0.16773624317516533], [0.3156759457432495, 0.22774215571061798, 0.2926409221345582, 0.1639409763115827], [0.317965336144731, 0.23228137699305879, 0.2906962328025725, 0.15905705395963865], [0.31532229144599744, 0.22768773314170793, 0.2896503581574456, 0.16733961715485285], [0.3203082832208517, 0.23256370593662107, 0.28504948282843817, 0.16207852791409574], [0.3189423380980207, 0.22094118631968665, 0.28872696897582845, 0.17138950650648596], [0.31903006068467554, 0.21988730328814066, 0.2918840452249773, 0.16919859070219712], [0.3170063226240065, 0.22290651431573852, 0.28650022407754866, 0.17358693888270957], [0.3192113077605927, 0.21927920640326726, 0.291145903833289, 0.17036358190285544], [0.3207042071864344, 0.22092975568933804, 0.286281597026366, 0.17208443999785958], [0.3236383925054379, 0.21889392788361045, 0.2863741493392576, 0.17109353017168538], [0.3153460246899641, 0.22544445289977913, 0.2921696169401074, 0.16703990537014018], [0.31833375450404144, 0.22861189124012674, 0.2904256688485403, 0.16262868530729235], [0.3142042598253721, 0.22708521905059653, 0.28266880569147085, 0.17604171533254742], [0.3166165066188338, 0.2234314028178977, 0.2862954443738578, 0.17365664608941717], [0.3194517960796966, 0.23026184649323594, 0.28157537085351636, 0.16871098647354532], [0.3173796222412012, 0.22393123423380992, 0.2874815557084508, 0.17120758771652403], [0.32684942135422007, 0.21811287363105986, 0.286166775174693, 0.1688709297400485], [0.33220380361745083, 0.2229630554874262, 0.28141407067539226, 0.1634190701197253], [0.3276462750537603, 0.21965511418175457, 0.2771580158823122, 0.17554059478216769], [0.3305786700216103, 0.2179875315023048, 0.27677116833871146, 0.17466263003735708], [0.3314443945100111, 0.22406380243712695, 0.27948475163047926, 0.16500705132239804], [0.3291167969124937, 0.21859459168613968, 0.2851421209290246, 0.16714649037234902]], "ideal": "C", "sampled": "D", "correct": false}}
{"type": "result", "data": {"idx": 15, "options": ["Law as medium' describes law as a body of formal, general rules that control the state and the economy; 'law as institution' inhabits the 'lifeworld' and expresses its shared values and norms in institutional form.", "Law as medium' consists of the manner in which law is presented by the media; 'law as institution' describes the courts.", "Law as medium' concerns the manner in which the law expresses its rules in simplified terms; 'law as institution' refers to the formal declaration of laws by legislative bodies.", "Law as medium' is defined as the intermediate stage of legal development; 'law as institution' is the advanced stage."], "probs": [[0.22622177589747156, 0.2811140768941597, 0.3249174865236115, 0.16774666058476115], [0.2342672781467926, 0.2823836049625916, 0.3094959482334843, 0.17385316855713026], [0.22582521640183373, 0.278684459945775, 0.32590398553339534, 0.16958633801900147], [0.23148179932915972, 0.2814873302765132, 0.3214055484666848, 0.16562532182764877], [0.23142017063271017, 0.28256638017741836, 0.31111170449602693, 0.1749017445938414], [0.22712498090205271, 0.2856516099210736, 0.3196360445277771, 0.16758736454908743], [0.22951948569896147, 0.27815271919847545, 0.32472960338587037, 0.16759819161668166], [0.23635229576627106, 0.27762539481147747, 0.3118772221316906, 0.17414508719055624], [0.22693417609638525, 0.2804500536633072, 0.3116310917438561, 0.18098467839645235], [0.22964914737785058, 0.27809104751385877, 0.2983834898430144, 0.19387631516528017], [0.23051281339763233, 0.28276127806143453, 0.3046359889477693, 0.18208991949315384], [0.2278730714484315, 0.2781965358222529, 0.29974683734498725, 0.19418355528430561], [0.22705420432626908, 0.27610867760829083, 0.3277037562293352, 0.16913336173610424], [0.23175458135833457, 0.2796092283468507, 0.3223789614704252, 0.16625722872439105], [0.22702035660450312, 0.2826925754198042, 0.3096274849442717, 0.18065958293142342], [0.22950159772588832, 0.27914341581602486, 0.2932245909946613, 0.19813039536340393], [0.22849572611419014, 0.28626774732798455, 0.3107587656322805, 0.17447776082553434], [0.22858423492232982, 0.27789354222200463, 0.29861193891643334, 0.19491028383923303], [0.2264214997017659, 0.27262393598164997, 0.3186451862369071, 0.18230937797968377], [0.22274400592885688, 0.27741240197885747, 0.3257157571154617, 0.17412783487682051], [0.2266702783316215, 0.276439079449828, 0.30697564396881033, 0.18991499814972795], [0.22357032617428785, 0.2732695781623807, 0.29975028278570004, 0.20340981277761333], [0.22208554439251893, 0.2771511258954592, 0.3163112248717047, 0.1844521047403285], [0.22324061914013307, 0.26951951304963045, 0.3026298098213009, 0.2046100578889481]], "ideal": "A", "sampled": "A", "correct": true}}
{"type": "result", "data": {"idx": 16, "options": ["One is under a duty to obey the law without exception, regardless of its content.", "There is no duty to obey a law to which one hasn't agreed.", "The duty applies only to those who are directly affected by the law in question.", "The obligation arises independently of the precise legal provisions involved - unless there are grounds to justify a specific exception."], "probs": [[0.27012998901419, 0.2472662624350577, 0.28486188959575504, 0.19774185885498746], [0.27426817529192477, 0.2608453885079355, 0.2848286169370843, 0.18005781916304262], [0.27153808959357706, 0.2486832681592873, 0.281101143475871, 0.19867749867126874], [0.2831037685719628, 0.25843819679896995, 0.2809960076246921, 0.17746202690436846], [0.2861339151909664, 0.2622522278249657, 0.28416928614364556, 0.16744457074041924], [0.2857292713389945, 0.2594214120748923, 0.2856739606550739, 0.16917535583104368], [0.2700667771880732, 0.24035315732818396, 0.28538081508640195, 0.20419925029735375], [0.27049339806009126, 0.2526085280972452, 0.2851049705766655, 0.19179310316598921], [0.2714633192208238, 0.23508875680852098, 0.28954472177727236, 0.2039032020933632], [0.27749058063808585, 0.23917146094318364, 0.28080534708308696, 0.20253261123564967], [0.279753934163725, 0.251417262731175, 0.29352217450569573, 0.17530662849939702], [0.2802865489377543, 0.2430220214411163, 0.2889677121860561, 0.18772371733506385], [0.26675680801510837, 0.24111133252032962, 0.28318631323076326, 0.20894554613381272], [0.2749780431918402, 0.2507993602959438, 0.28174292492970215, 0.1924796714825209], [0.2677691309719257, 0.23539711602132146, 0.2898985274753967, 0.20693522543135467], [0.27325225468186853, 0.23937392602122243, 0.2816703442285974, 0.20570347496832292], [0.2826179633011758, 0.24842993726801957, 0.2897346271854454, 0.17921747214535436], [0.2809309299003605, 0.2413155713345385, 0.2852286741088014, 0.19252482455628825], [0.2849397412006384, 0.26874010106712287, 0.28073464302012135, 0.16558551461213175], [0.2864465930258824, 0.264926483181933, 0.28194214006373003, 0.1666847836284702], [0.2845407347501247, 0.2650354571788052, 0.2851072108112093, 0.16531659715986194], [0.28526799121723717, 0.2562588507661191, 0.2814992823723056, 0.1769738755443438], [0.28674251415340274, 0.2617807287545906, 0.2847323738156751, 0.16674438317634174], [0.2839454708722101, 0.257321946210195, 0.28034924414430623, 0.17838333867326434]], "ideal": "D", "sampled": "D", "correct": true}}
