{"type": "result", "data": {"idx": 0, "options": ["True, True", "False, False", "True, False", "False, True"], "probs": [[0.4322866705011504, 0.2378743813708553, 0.23112526577456996, 0.09871368225343903], [0.4257124489047017, 0.23753130881444473, 0.22922361709454378, 0.10753262508629545], [0.4414571809590977, 0.23419225631837037, 0.22545870682467953, 0.0988918557978547], [0.4476032969121696, 0.23328774359077029, 0.22469436764430775, 0.0944145917527434], [0.43391188246662316, 0.23637421321305965, 0.22451649816560915, 0.10519740605471033], [0.4466359432493465, 0.23772909002520973, 0.22510720114945199, 0.09052776547598415], [0.39561034879387336, 0.26359653052398446, 0.23237377270758788, 0.10841934787454377], [0.3994514161493789, 0.26086533561907976, 0.22794458461952802, 0.11173866351200776], [0.39649342943134047, 0.25331100882882146, 0.24151247072741655, 0.10868309091244038], [0.40021289539512006, 0.2478495843903494, 0.2359591072653981, 0.11597841284911588], [0.401260424017797, 0.2475852044889625, 0.24205940470772414, 0.10909496668551252], [0.40185434854455615, 0.2453636517683168, 0.24196159718703908, 0.11082040240010721], [0.44428335974069627, 0.2322003570760324, 0.22136338662173838, 0.10215289646152073], [0.4527023546799145, 0.23125900067308588, 0.21882826431008573, 0.09721038023690953], [0.4219019732718103, 0.23246001390153917, 0.24051731535329848, 0.10512069737334385], [0.4223485426099816, 0.22585457040317167, 0.23345032807065558, 0.11834655881618196], [0.4283504456151226, 0.23905119580428594, 0.2296363972525429, 0.10296196122804722], [0.4239263943670019, 0.23193809743097524, 0.2254323794185495, 0.11870312868347715], [0.41684897145391536, 0.2493605820789928, 0.22411764142674545, 0.10967280494034957], [0.42136589083919934, 0.24838611214608433, 0.22653185804678216, 0.10371613886791738], [0.41180835171448726, 0.24549805156307655, 0.23721992165830177, 0.10547367496413156], [0.4138933504856722, 0.2437688612595799, 0.23477458021161082, 0.10756320794312446], [0.4169853825795829, 0.24959989620557374, 0.22756033028460165, 0.10585439083023236], [0.4114002761534764, 0.247911373547503, 0.22436616384794944, 0.11632218635106734]], "ideal": "D", "sampled": "A", "correct": false}}
{"type": "result", "data": {"idx": 1, "options": ["True, True", "False, False", "True, False", "False, True"], "probs": [[0.38349538170128183, 0.24550929610202277, 0.23661324391680866, 0.1343820781798847], [0.37857238205875987, 0.2447622861475054, 0.23403131374359712, 0.14263401795015326], [0.3917293734646831, 0.24587565446312273, 0.2281556083050329, 0.13423936366715686], [0.3993682680188787, 0.24645747537462073, 0.22480654160754734, 0.12936771489895035], [0.3828870456509976, 0.24543865318720992, 0.2329641529552758, 0.13871014810651314], [0.39419207423611813, 0.2483206755956897, 0.23225409005188302, 0.12523316001631485], [0.35736447557302653, 0.26839426453630494, 0.23233134178600073, 0.14190991800468705], [0.35857446790721964, 0.26646284300786016, 0.22875610681859967, 0.1462065821663246], [0.35577907844729173, 0.25841691600620886, 0.24510471436392176, 0.14069929108258583], [0.35667178810140343, 0.2556519765091342, 0.23802152922627803, 0.14965470606317965], [0.35770484263212293, 0.25548165815399176, 0.24154300007789814, 0.14527049903597525], [0.35796240917065125, 0.2555840117257332, 0.23928958071615056, 0.1471639982874477], [0.3967269047760453, 0.23869831431876218, 0.2246595929289956, 0.139915187876206], [0.4044972106590239, 0.23882134170119465, 0.22087445761392233, 0.1358069899258662], [0.37858220495057415, 0.23663104406809496, 0.24413829669135412, 0.14064845418997768], [0.37692890120142214, 0.23140235003703385, 0.23776002377816616, 0.15390872488338528], [0.386164590858898, 0.2431048508760467, 0.23199974819501362, 0.13873080997003703], [0.3789815780411817, 0.23768645541097608, 0.2293423303433886, 0.15398963610445987], [0.3726977743746624, 0.25517291368835204, 0.2267192653253368, 0.14541004651163597], [0.37863007214391503, 0.25332295622304357, 0.22812228171504184, 0.13992468981798883], [0.36744842105202596, 0.2511046322298644, 0.23666072504235353, 0.1447862215757526], [0.3685443233163032, 0.2508926084897865, 0.23434025166165146, 0.1462228164322623], [0.3748312034719589, 0.25474728206493213, 0.22877741748618247, 0.1416440968769288], [0.36766363585870354, 0.254133693414655, 0.2272487120425674, 0.15095395858407418]], "ideal": "C", "sampled": "A", "correct": false}}
{"type": "result", "data": {"idx": 2, "options": ["True, True", "False, False", "True, False", "False, True"], "probs": [[0.40056989942647403, 0.2453314209286187, 0.23333454126290817, 0.12076413828200197], [0.39391563905691923, 0.24418504846927336, 0.23146892491415016, 0.13043038745965857], [0.40687896578763055, 0.24303339732809365, 0.22819902996442232, 0.12188860681986013], [0.41158454017404483, 0.24344240720436308, 0.22614874681635555, 0.1188243057052491], [0.39886476770670115, 0.24424849987448807, 0.22914830876331024, 0.12773842355550247], [0.4100372916832821, 0.24668809428238025, 0.22861066865304241, 0.11466394528128701], [0.36687677417654585, 0.26515330725958136, 0.23526449129236243, 0.132705427171489], [0.3661657448500237, 0.2631127102358701, 0.23252131474856141, 0.13820023006552173], [0.3659912788002707, 0.25512644920976196, 0.24692794546612798, 0.1319543264238306], [0.36696379687195013, 0.2520100641251713, 0.24099405419183492, 0.1400320847110339], [0.36623194788105395, 0.2499585118978172, 0.24657461079810164, 0.13723492932301937], [0.36592996146855505, 0.24899756972554843, 0.24597406459638377, 0.13909840410950094], [0.41337430071831704, 0.2347521260677035, 0.22427949394975444, 0.12759407916423093], [0.41860039287045964, 0.23608880578996766, 0.2208281675950757, 0.12448263364449737], [0.39806282648626956, 0.23341071089033025, 0.2400408950127033, 0.1284855675106933], [0.3971358487721662, 0.22783697072152115, 0.23373274277905384, 0.14129443762725616], [0.4023107540445011, 0.2390207712064868, 0.23110973790960898, 0.12755873673941126], [0.3980131388802402, 0.23187103712745072, 0.22779087598152234, 0.14232494791077832], [0.3809233116749879, 0.2516768408752478, 0.2306180846774303, 0.13678176267231723], [0.38583327448606847, 0.2513107978211366, 0.23181428915150754, 0.1310416384412895], [0.3768915335969942, 0.24588697523813857, 0.24170052066015893, 0.13552097040471248], [0.37802877716015976, 0.24587834536282174, 0.23901782169784816, 0.13707505567917339], [0.38468388921169494, 0.25138017766738135, 0.2312901300139281, 0.1326458030070149], [0.3799224087236377, 0.2486333794664829, 0.22958843071904067, 0.14185578099083834]], "ideal": "B", "sampled": "A", "correct": false}}
{"type": "result", "data": {"idx": 3, "options": ["12", "24", "48", "72"], "probs": [[0.3283433333291089, 0.2582530040361777, 0.24200593799946385, 0.17139772453524202], [0.33078877007139235, 0.2565195294812428, 0.24042832948895398, 0.17226337085842955], [0.3325843810466224, 0.2602015544193817, 0.24068875000752, 0.16652531442649712], [0.33123908430788185, 0.255385058413022, 0.2415031294294287, 0.171872727749676], [0.3367733418710595, 0.25756666762649155, 0.24047233667966492, 0.1651876537227717], [0.3342475679799688, 0.2526100501996476, 0.24150431569431835, 0.17163806602608495], [0.33262253007653403, 0.26195641908957923, 0.23582486391132376, 0.16959618682256325], [0.33313783099738403, 0.25905104133379925, 0.23499948976317378, 0.17281163780564343], [0.33710645031775044, 0.2600646656296606, 0.23980180641778492, 0.1630270775347939], [0.33371815391490084, 0.2566567528608457, 0.23896358793479397, 0.17066150518945605], [0.3330995106558482, 0.260012846708261, 0.24022963892742652, 0.16665800360845848], [0.33502043350754623, 0.25778779916431943, 0.2383526908572903, 0.16883907637085047], [0.3377995604963293, 0.2602748021743728, 0.2332747754731734, 0.1686508617561206], [0.3351479707180339, 0.2563836153100114, 0.2372147691571651, 0.17125364471479207], [0.3431462350738421, 0.26025972661014046, 0.2315229078470851, 0.16507113036893487], [0.3400604953067633, 0.2586006529957342, 0.23279452134774972, 0.16854433024974652], [0.33754979686832, 0.25539790309212373, 0.24184055642311242, 0.16521174351643741], [0.33906868974651244, 0.2569025068636953, 0.24039038449411812, 0.16363841879565266], [0.3373146612577353, 0.26173714458582303, 0.23241484776928759, 0.1685333462871487], [0.33540172436749444, 0.25614127114789187, 0.23487858612026094, 0.17357841826434361], [0.3403136342290986, 0.26103425957890103, 0.2315807946829316, 0.1670713114090568], [0.34145718206571096, 0.25999573789728725, 0.23065605944387427, 0.16789102049314739], [0.3420227217550082, 0.25833995326413395, 0.2324382007345311, 0.16719912414632876], [0.3422335512986653, 0.2588134377488842, 0.23239553470506316, 0.16655747614739208]], "ideal": "D", "sampled": "C", "correct": false}}
{"type": "result", "data": {"idx": 4, "options": ["convolutional networks", "graph networks", "fully connected networks", "RBF networks"], "probs": [[0.3901444284823349, 0.2283057964323846, 0.18637550459892374, 0.19517427038634402], [0.3868030335011604, 0.23430681018195817, 0.1839283806694938, 0.19496177554738453], [0.3914806615165032, 0.23275317441680377, 0.18569216881382078, 0.1900739951528793], [0.39235427247499827, 0.23550832106190303, 0.1863228804150601, 0.18581452594802952], [0.3908236154236224, 0.22864241937050522, 0.1949388080308472, 0.18559515707503], [0.3934006544774586, 0.23467842162003133, 0.19296990575202724, 0.17895101805046668], [0.3759128890310098, 0.22037223174736104, 0.20210872842950403, 0.20160615069212684], [0.3727872302614819, 0.22602331133900347, 0.19980363253924757, 0.20138582576026404], [0.368967819431653, 0.21449554582674446, 0.20077160786195714, 0.21576502677963433], [0.3604556739789877, 0.21675414037783855, 0.2015553110825957, 0.2212348744605804], [0.3701834494542897, 0.22035015237570202, 0.20392114225691446, 0.20554525581309344], [0.3602933567088693, 0.2200828910460027, 0.20661726518449686, 0.21300648696062235], [0.37167888387326364, 0.23808079591865416, 0.19210638251308626, 0.1981339375949904], [0.3721406147711331, 0.2384308616919614, 0.1950027272913726, 0.19442579614554015], [0.36822995558726757, 0.22349353383460902, 0.19906651807542558, 0.20920999240270532], [0.3600622670880534, 0.22580128393887047, 0.19978115916883538, 0.2143552897042533], [0.37101753883685074, 0.23178749842119648, 0.20193999026221296, 0.19525497237974337], [0.365195365474513, 0.22263209140103296, 0.20887625370679747, 0.2032962893176563], [0.3555044383816492, 0.24376103879794597, 0.20198517600967822, 0.19874934671072622], [0.3577680389152884, 0.24842178548677016, 0.2014668643902686, 0.19234331110766512], [0.3512108960747308, 0.22707222838282662, 0.21019989106365913, 0.21151698437877814], [0.3430351357980825, 0.22386533733758698, 0.21410821859031223, 0.2189913081740126], [0.35174882218757036, 0.24088542719640746, 0.20290237880131967, 0.2044633717147135], [0.3451833670075732, 0.23135648412040224, 0.21021866347216092, 0.2132414852998744]], "ideal": "A", "sampled": "A", "correct": true}}
{"type": "result", "data": {"idx": 5, "options": ["True, True", "False, False", "True, False", "False, True"], "probs": [[0.418529333746697, 0.2471347128171519, 0.21519264988988543, 0.11914330344626661], [0.41177424365765947, 0.24741095968942683, 0.21407056837522637, 0.12674422817767608], [0.4223566947797692, 0.24382429391500876, 0.2146836196011931, 0.11913539160404131], [0.43028086004569915, 0.24231477841175722, 0.21193626766368584, 0.11546809377886348], [0.4153925966199408, 0.24566091425417372, 0.2155104671883126, 0.1234360218375759], [0.4290411167470934, 0.24631169423122698, 0.21363185595544956, 0.1110153329662438], [0.3884384859460966, 0.26507853540313503, 0.21907130946147693, 0.1274116690892789], [0.38842507020154715, 0.2632550722549938, 0.2154267544623018, 0.13289310298115398], [0.38882478697868056, 0.2545566894445271, 0.228455255069759, 0.12816326840704306], [0.38798676212846483, 0.25167904929243357, 0.22286864214612215, 0.13746554633297317], [0.389346498200356, 0.2489174433483325, 0.22931124597589855, 0.13242481237540035], [0.38872049789815, 0.24817498752866224, 0.22921049968808885, 0.1338940147850903], [0.43210354550687563, 0.23474558973488496, 0.2123439082281921, 0.12080695643004788], [0.4362697126898344, 0.2359900575288999, 0.21007330931462753, 0.11766692036662463], [0.4163795964196713, 0.2342778991949008, 0.224776924492363, 0.1245655797930599], [0.41400094220499856, 0.22959340348929233, 0.2196502243814534, 0.13675542982425404], [0.4207490266200341, 0.2403233713398969, 0.21482296789127056, 0.12410463404878677], [0.4165598485819147, 0.2345724226097587, 0.21150354023399087, 0.13736418847432963], [0.40488644206653673, 0.246065628158655, 0.21771526019042445, 0.13133266948437197], [0.4098485108180874, 0.24429960589779856, 0.21923770936765516, 0.12661417381645393], [0.4022142191842647, 0.2420438418216377, 0.2255382948302622, 0.13020364406382776], [0.40105814652502036, 0.2432421091738086, 0.22382813317286612, 0.13187161102830966], [0.40818039280419854, 0.24538126716576883, 0.21720919052222673, 0.129229149407804], [0.40108097176651886, 0.2461385009184737, 0.21512254380953189, 0.13765798340548602]], "ideal": "B", "sampled": "A", "correct": false}}
{"type": "result", "data": {"idx": 6, "options": ["O(D)", "O(N)", "O(ND)", "O(ND^2)"], "probs": [[0.34667538946493665, 0.21096063374485063, 0.24384291650439896, 0.198521060185815], [0.3533177311437078, 0.20815998708284023, 0.24644981036958968, 0.1920724713038416], [0.34875961337837147, 0.21148984659335793, 0.24698640650169654, 0.19276413342658258], [0.3533993212639926, 0.20954453804102693, 0.24647630744697063, 0.1905798331480001], [0.3525335601480064, 0.21256594731243, 0.248535139461148, 0.18636535297841444], [0.3523286113439978, 0.21283416439122915, 0.24807522821992703, 0.18676199594483267], [0.34573387200209327, 0.21880992587621723, 0.24102428644350601, 0.19443191557819448], [0.35164721969141177, 0.21588392492218642, 0.24350449308671934, 0.18896436219967463], [0.3468529947491541, 0.21092484019892063, 0.25661318886904305, 0.1856089760828724], [0.35646301063437597, 0.21179053668487335, 0.2585423638995908, 0.17320408868114792], [0.3491025833879159, 0.21198354909015743, 0.2570298744370745, 0.18188399298484062], [0.3548964922233623, 0.21312465183709287, 0.2587903367081103, 0.17318851913141997], [0.34708015201825515, 0.22757113890581512, 0.237426352898585, 0.1879223560773453], [0.3546630535683708, 0.2236545647272021, 0.23606985972866396, 0.18561252187578328], [0.344980119202391, 0.2154285021925689, 0.24760777526586664, 0.19198360323916625], [0.36143939448124685, 0.21833728797151278, 0.2469453112235787, 0.17327800622365938], [0.3461436128017961, 0.2131467245505244, 0.2549677620902934, 0.1857419004573894], [0.357076036182462, 0.21659284121632066, 0.2557109412367262, 0.17062018126449768], [0.3513787008929584, 0.22904242015016224, 0.23693856001567515, 0.18264031884119572], [0.3495472847226462, 0.22752398043810704, 0.23774655192069755, 0.18518218281854792], [0.34886207652871987, 0.22096957427367744, 0.24959627300035, 0.1805720760972318], [0.35425692922286206, 0.22203763059728301, 0.2502906363804825, 0.17341480369937098], [0.344588254108177, 0.22214211600207773, 0.25234978178074097, 0.18091984800900734], [0.35214747095856397, 0.22381333005518092, 0.25193438354742176, 0.17210481533881616]], "ideal": "A", "sampled": "D", "correct": false}}
{"type": "result", "data": {"idx": 7, "options": ["True, True", "False, False", "True, False", "False, True"], "probs": [[0.38434084952941566, 0.2819284186631368, 0.21145155965633083, 0.12227917205110807], [0.3832349035921261, 0.2796281035597587, 0.20737192691237416, 0.1297650658357303], [0.39360720139482713, 0.27619483538452044, 0.20801769841914383, 0.12218026470151855], [0.39900588037201395, 0.27589488880153495, 0.20621687140187323, 0.11888235932457689], [0.3896658807341053, 0.2766326366834842, 0.20643631589331837, 0.1272651665890838], [0.39527525110341954, 0.2817016114445859, 0.20757462762775936, 0.11544850972423804], [0.35752033485826246, 0.2943176724953404, 0.2151903803578137, 0.13297161218859427], [0.3616978259927381, 0.29057170210753064, 0.21072909472347906, 0.13700137707625337], [0.3599664994460346, 0.2822742959553289, 0.22392310903934018, 0.13383609545927405], [0.3604831665587926, 0.278808636555936, 0.21870649572353604, 0.14200170106175178], [0.35921880092770075, 0.2778810958176802, 0.2254635484094661, 0.13743655474514968], [0.35811510730142077, 0.27724160557635613, 0.22553315691129644, 0.13911013011090775], [0.39837731749898164, 0.2707732154132017, 0.20464718860778994, 0.12620227838003223], [0.40357550250239593, 0.2717221698435316, 0.20248209766894956, 0.12222022988511264], [0.383224807227775, 0.2662646052169569, 0.22145039650807294, 0.12906019094719706], [0.3828363702560819, 0.2602466441860771, 0.214648362231978, 0.1422686232258687], [0.3886621453194215, 0.27338213190434096, 0.21114866151394485, 0.1268070611623011], [0.386412715815727, 0.2656735266695493, 0.20730795349283682, 0.1406058039218693], [0.3752453733974684, 0.2775290394055896, 0.2114837628865877, 0.13574182421033767], [0.37657138384825606, 0.27914605975858187, 0.21279079301857076, 0.1314917632745934], [0.36955157485856144, 0.273859957970312, 0.2204720203801588, 0.13611644669096185], [0.37011069825483406, 0.27378182287061414, 0.21902393247579063, 0.13708354629876499], [0.375292535653256, 0.2799206553282486, 0.21175864730523417, 0.13302816161326256], [0.36958354791320547, 0.2781605905977153, 0.21004597567482694, 0.1422098857142336]], "ideal": "B", "sampled": "A", "correct": false}}
{"type": "result", "data": {"idx": 8, "options": ["2", "4", "8", "16"], "probs": [[0.31197439021619633, 0.2731172931355083, 0.2353587377215758, 0.1795495788267278], [0.308931117491339, 0.27539639013959855, 0.2341975632201832, 0.18147492904887436], [0.31241588810892296, 0.27447529934162096, 0.24079240403713187, 0.1723164084123127], [0.3085483884502453, 0.2719064434735688, 0.23895510899216174, 0.18059005898402716], [0.3111988007104085, 0.27516859801491683, 0.24021597330544808, 0.17341662786923348], [0.3100970662368882, 0.27192764945848347, 0.2406800932846726, 0.17729519091995444], [0.3173300477072924, 0.2749447367594014, 0.23394792000086664, 0.17377729543244358], [0.31571498595881886, 0.2742602754344903, 0.23311455833543732, 0.17691018017125257], [0.3156374982280989, 0.2715711498175015, 0.24204545668854857, 0.17074589516585767], [0.3156981356288872, 0.2687425624483381, 0.23824489668993742, 0.17731440513285254], [0.31533732379456225, 0.27435480406480034, 0.2399198721530466, 0.17038799988756687], [0.31585674330976754, 0.27230516244705966, 0.2400869123730223, 0.17175118177013482], [0.3174641022511114, 0.2730305732393267, 0.2355138225647061, 0.17399150184484524], [0.3143761876705311, 0.27192737387497756, 0.23571825633221724, 0.17797818202229246], [0.32172800228698867, 0.2744265039929436, 0.2321314139008972, 0.17171407971917815], [0.31830000397417063, 0.27393731171420355, 0.2315928830224696, 0.17616980118914188], [0.31482251429172464, 0.2687679754997078, 0.24259236652772173, 0.17381714358085262], [0.31776225000136393, 0.2722286806093281, 0.2412041323861951, 0.1688049369031141], [0.31341901506389475, 0.27875118368311813, 0.23438097515415504, 0.17344882599883518], [0.3153577784286974, 0.27530619988891925, 0.2351592468229236, 0.1741767747594523], [0.3171190416834338, 0.28074179332267923, 0.23087340490185512, 0.17126575999202842], [0.3172721749436884, 0.2790017863114187, 0.23127133376100195, 0.1724547048838849], [0.3178175777099084, 0.27679369233180345, 0.2345463093145133, 0.1708424205437802], [0.3182061363580419, 0.27750603899391413, 0.23540979039165236, 0.1688780341563936]], "ideal": "C", "sampled": "B", "correct": false}}
{"type": "result", "data": {"idx": 9, "options": ["Lower variance", "Higher variance", "Same variance", "None of the above"], "probs": [[0.3879994620770865, 0.2476684535488717, 0.23748251158987496, 0.1268495726841646], [0.3832285642780242, 0.25062828026567524, 0.23603310259852925, 0.13011005275776372], [0.3907025178184244, 0.24143672406717737, 0.23876614633866086, 0.12909461167574432], [0.3813061656091201, 0.25197011806270914, 0.235673320310726, 0.13105039591746565], [0.3903342037258832, 0.2507596406882316, 0.22093098664294475, 0.13797516884293534], [0.39190806681052803, 0.2500598473189623, 0.21867122680576428, 0.13936085896473818], [0.3722251681026133, 0.2518235017849664, 0.2486314199031876, 0.12731991010922847], [0.36906630552368386, 0.25486110446322907, 0.24601241617558503, 0.13006017373750722], [0.37065412464657405, 0.2491984841040184, 0.2502636753329156, 0.12988371581649788], [0.37028975827515814, 0.25767506626192777, 0.24280182360275107, 0.12923335176015194], [0.37960443681527284, 0.2551905861094578, 0.22869477892124654, 0.13651019805402337], [0.3811448825967176, 0.254270512168945, 0.22716606633666928, 0.1374185387976468], [0.3761234938047185, 0.25084007224473465, 0.23787337138996106, 0.13516306246058526], [0.373576744201916, 0.2582076799290184, 0.23502744473414974, 0.13318813103492314], [0.37082359670095505, 0.25473222373340587, 0.241991511254352, 0.13245266821127505], [0.3699873076109332, 0.2626859152773154, 0.23784571399492502, 0.1294810630168347], [0.3778693112893459, 0.2561024573609018, 0.22443309968734673, 0.1415951315624033], [0.37306204410980764, 0.26145943484738454, 0.2283753257311078, 0.13710319521171377], [0.37144763375348283, 0.23844650876040613, 0.2323121479949852, 0.1577937093911127], [0.3665190407463341, 0.23819322698518858, 0.23417829243984595, 0.16110943972864405], [0.36176066873686, 0.24334704994532247, 0.24119443913614172, 0.15369784208169013], [0.3543829329072294, 0.24725887857621254, 0.24504709690475027, 0.15331109151179823], [0.35665423386125916, 0.24001667025074308, 0.2376687173664386, 0.16566037842155887], [0.35265633682980935, 0.2469864524808799, 0.23942266520981567, 0.1609345453795051]], "ideal": "A", "sampled": "A", "correct": true}}
{"type": "result", "data": {"idx": 10, "options": ["True, True", "False, False", "True, False", "False, True"], "probs": [[0.41343188208158743, 0.23301893088128003, 0.22024700775061315, 0.13330217918651685], [0.40501065341600323, 0.23403841346041748, 0.21782265092443737, 0.14312828209913334], [0.416572570759124, 0.23341369626572112, 0.2164039611600002, 0.13360977171515465], [0.42122050319130866, 0.23358386903674763, 0.2145933881245095, 0.1306022395474193], [0.40897647162439704, 0.2333131160314773, 0.21730522747987227, 0.14040518476425648], [0.420213658866785, 0.23468332695096497, 0.21760015259174262, 0.12750286149049062], [0.38663831325341436, 0.25082247034214705, 0.21923007235547126, 0.14330914394897626], [0.3856310634779011, 0.25012875730461515, 0.21669763198797273, 0.14754254712950227], [0.3857227054984274, 0.24276474277193777, 0.22847638537178389, 0.14303616625784807], [0.3845478958387474, 0.24163080958247807, 0.2238968231946759, 0.14992447128410166], [0.3856422697782735, 0.23926880019885105, 0.22715334479283492, 0.1479355851300407], [0.3847625222503931, 0.2389823881980499, 0.22729205799029942, 0.1489630314612723], [0.42658089717898434, 0.22990446319305446, 0.20677380214492116, 0.13674083738302245], [0.4297006736891053, 0.2308238148417496, 0.2052174178230761, 0.13425809354606064], [0.4123377056460046, 0.22806177624517288, 0.2217712324704457, 0.13782928553837512], [0.4097763076918245, 0.22364839472285847, 0.2152267919295979, 0.1513485055557113], [0.4198967097766852, 0.23193756815671995, 0.21165332944705284, 0.13651239251955347], [0.4127188799037913, 0.22757791933023377, 0.2092969137241575, 0.15040628694181205], [0.40499490661975185, 0.23998023705474886, 0.21185622663433756, 0.1431686295911476], [0.4097732530119755, 0.23759319051119293, 0.2133965506176692, 0.13923700575917022], [0.3993149195317811, 0.23606856905088744, 0.2214152479762119, 0.1432012633411253], [0.3993003431123765, 0.2367083319585426, 0.2199875251803339, 0.14400379964874108], [0.4088407695875178, 0.2390124615166129, 0.21209606809857084, 0.14005070069729178], [0.4024189533867096, 0.23895460931818066, 0.21069534419920988, 0.1479310929959134]], "ideal": "A", "sampled": "A", "correct": true}}
{"type": "result", "data": {"idx": 11, "options": ["good fitting", "overfitting", "underfitting", "all of the above"], "probs": [[0.3330825081042038, 0.22417573402276258, 0.22974824968447444, 0.2129935080885556], [0.3475749624536061, 0.2559116293694237, 0.237300516008654, 0.1592128920683256], [0.3353230418791027, 0.22125823274087109, 0.23664767563205702, 0.20677104964795986], [0.3534989939859954, 0.2561617384580774, 0.24433743668473235, 0.14600183077120957], [0.3486799751297214, 0.2723397071552901, 0.2326974743759435, 0.14628284323903806], [0.3452865632048137, 0.27065855867026317, 0.24119793956861219, 0.1428569384562973], [0.3444436442340185, 0.21847649777641903, 0.2306748360693584, 0.20640502182018539], [0.35718263333588884, 0.24517413540101268, 0.23218978489636274, 0.16545344626674982], [0.3436447257136867, 0.2100091372594825, 0.23958655234085827, 0.20675958458596072], [0.36069998475184306, 0.23913444666869646, 0.2382355507609325, 0.1619300177185215], [0.35631891211445893, 0.2594110594889772, 0.23076849711624228, 0.15350153118031695], [0.3645187286538494, 0.25285663191005087, 0.22591545263709598, 0.15670918669899891], [0.3425695168886313, 0.2110388882612065, 0.24093065255125745, 0.20546094219891498], [0.356688924659774, 0.24102522039046526, 0.2431934826951489, 0.15909237215460797], [0.34209807344580634, 0.20726980575382806, 0.2439196969200218, 0.2067124237803511], [0.3577694513115894, 0.23534564936888636, 0.24470835315924175, 0.16217654606027224], [0.3574151284852405, 0.25713207456435155, 0.2389892545117482, 0.14646354233866693], [0.36469335028448135, 0.25133725025070913, 0.23525877662015543, 0.14871062274465702], [0.3628477345252871, 0.26126640668535606, 0.22781294856797754, 0.1480729101213978], [0.3609226904483421, 0.25837021479751937, 0.23372851597227598, 0.14697857868186764], [0.367370354102338, 0.2630742665095674, 0.22301992223810543, 0.146535457049982], [0.37448971317208085, 0.2598884306126767, 0.21811524063902443, 0.14750661547622743], [0.366098526582361, 0.2579130896872444, 0.2326814246941012, 0.14330695893628845], [0.3719044800404061, 0.2550541022731174, 0.22895365975712503, 0.14408775782933758]], "ideal": "C", "sampled": "D", "correct": false}}
{"type": "result", "data": {"idx": 12, "options": ["True, True", "False, False", "True, False", "False, True"], "probs": [[0.410519730175323, 0.2541505172633198, 0.22647404398504256, 0.10885570847631158], [0.4067244456922729, 0.2514419335391023, 0.22495307991708116, 0.11688054075154511], [0.4205558628425515, 0.25219083224305733, 0.22097171086815848, 0.10628159394622166], [0.4281389434782296, 0.2514569459109492, 0.21855238231127722, 0.10185172819952965], [0.4153451514360551, 0.25156054809770656, 0.2213088960080808, 0.11178540435816649], [0.4260979459435448, 0.2548655853469938, 0.22095790390136813, 0.09807856470807987], [0.3778973067448449, 0.27129587240744696, 0.22900740060271882, 0.12179942014498779], [0.38114512534885947, 0.26826728109674275, 0.22539327083507307, 0.1251943226193188], [0.3759437218987165, 0.2616136452679119, 0.2405933001701198, 0.12184933256324527], [0.37843126406340877, 0.2566708560905819, 0.2347058071639486, 0.13019207258206938], [0.3801072223081821, 0.25581932021297177, 0.2401956016093018, 0.1238778557695525], [0.37867262777453947, 0.25454715380720067, 0.2404536472358365, 0.1263265710824226], [0.4168559402908707, 0.24811346119459185, 0.22181538711636656, 0.1132152112981871], [0.4229037247407065, 0.24858143919207776, 0.21970669405907897, 0.10880814190813891], [0.3972639842735785, 0.2455432928840063, 0.23948529942327765, 0.11770742331913331], [0.3968575182847826, 0.23852992278736782, 0.2326611341768759, 0.13195142465097576], [0.402272189670062, 0.25402096699045873, 0.2275165378254572, 0.11619030541401518], [0.40085686431706186, 0.24544623898567164, 0.2228915547515991, 0.13080534184565765], [0.3980858615418176, 0.25655672511162125, 0.22168797405418783, 0.12366943919237731], [0.4010620724509169, 0.2563070091187204, 0.22408432487105875, 0.11854659345929817], [0.3911587918582828, 0.2519099550133676, 0.23395971590119122, 0.12297153712714673], [0.3915167305565801, 0.25114872040808917, 0.23215883143865804, 0.12517571749667103], [0.3949480110260295, 0.25852523130105093, 0.22393589619051665, 0.12259086138237663], [0.3898769513765676, 0.2559402929036479, 0.2215141478001443, 0.1326686078196667]], "ideal": "A", "sampled": "A", "correct": true}}
{"type": "result", "data": {"idx": 13, "options": ["True, True", "False, False", "True, False", "False, True"], "probs": [[0.40893685111903266, 0.23321527135705025, 0.22817236661390536, 0.12967551081001422], [0.40137240238884325, 0.23329696985858023, 0.22694035883117275, 0.13839026882141292], [0.4141472719921533, 0.23185425407829865, 0.2242426554525815, 0.12975581837694974], [0.4184780638848863, 0.23196946894512332, 0.22278422103398826, 0.12676824603600803], [0.40567052786565627, 0.23357637773711878, 0.2256097095450673, 0.13514338475213777], [0.41837949183273226, 0.2351720454483677, 0.224570839986698, 0.12187762263220055], [0.380732597620638, 0.2507314151631894, 0.23052070656025844, 0.13801528055592135], [0.3819248821432135, 0.24789681167334462, 0.22723588320193144, 0.14294242288151712], [0.38032711836356853, 0.24130465879042237, 0.24101854940129452, 0.13734967334471207], [0.3807776094479749, 0.2387881469825391, 0.23532778095475207, 0.1451064625147213], [0.38150604324614695, 0.23695739658626744, 0.23983169970575283, 0.14170486036183524], [0.380106619327042, 0.2359435050641905, 0.24071562762830004, 0.14323424788046882], [0.42091810941614727, 0.22472833807618886, 0.22003421879147672, 0.1343193336161843], [0.42521637297732023, 0.225807989663227, 0.21780342761675145, 0.13117220964270854], [0.40640483333529004, 0.2237801179895023, 0.23505112955689583, 0.13476391901832444], [0.40487973251630544, 0.21864779458236133, 0.2294321026978337, 0.14704037010351573], [0.4117694182401024, 0.22859420834909813, 0.22600777453802912, 0.1336285987727677], [0.40620451944673414, 0.22261727413212157, 0.22378844203818893, 0.1473897642829506], [0.39789825009133395, 0.2413636580123885, 0.22225337336260434, 0.13848471843368027], [0.40365261268771224, 0.23945096376461297, 0.2237187152313697, 0.13317770821631442], [0.39124290279478646, 0.23832364791477292, 0.23206421919793327, 0.13836922999251514], [0.3910738775671881, 0.238508065645979, 0.23095836216048007, 0.13945969452634727], [0.39982071158229215, 0.24152814729748895, 0.2228630827841493, 0.1357880582360709], [0.39550826697707203, 0.23932574408386126, 0.22128289446372815, 0.14388309437533167]], "ideal": "B", "sampled": "A", "correct": false}}
{"type": "result", "data": {"idx": 14, "options": ["pure", "not pure", "useful", "useless"], "probs": [[0.337737101490693, 0.2832008896269554, 0.26909210905123493, 0.10996989973110896], [0.3167082270167504, 0.28305337685204635, 0.27592724149146963, 0.12431115453974304], [0.35084894498379454, 0.28612881068525814, 0.2530562020426811, 0.10996604218824567], [0.34965328446250626, 0.2864537728273892, 0.24499957075410378, 0.11889337185598489], [0.32666260912419504, 0.27096565550557705, 0.27479198899815693, 0.12757974627204105], [0.3447458273379597, 0.27420028609561087, 0.2599046256297063, 0.12114926083671586], [0.3284848935255507, 0.2837838997190509, 0.2736198155507712, 0.11411139110464769], [0.3086967881402353, 0.28364639174191086, 0.2806922186150738, 0.12696460140279053], [0.338041038745386, 0.2907843494176578, 0.256768498948493, 0.1144061127884486], [0.3220333485636374, 0.29739487939638265, 0.2590859660913012, 0.12148580584865432], [0.3211252294241091, 0.2759138913114819, 0.2800333754219719, 0.12292750374244653], [0.322790561919339, 0.2802319937086819, 0.27803774186676916, 0.11893970240521687], [0.35462645801020604, 0.2866924009691742, 0.24954418190558023, 0.10913695901504787], [0.34647681806263786, 0.28619481092550253, 0.24871370598005874, 0.11861466493179885], [0.36157007644941225, 0.2828468771684422, 0.245837359158117, 0.10974568712401492], [0.3459143486165603, 0.2904278752796842, 0.24947123496795087, 0.11418654103581362], [0.34491229003573365, 0.27566550073339, 0.26781947657437044, 0.11160273255651618], [0.33736963843410195, 0.2764465386341262, 0.27102040969283536, 0.11516341313895909], [0.3011546700600528, 0.2848675839392787, 0.2747077080105784, 0.13927003789007694], [0.31582692295362436, 0.28532908570400745, 0.2663474607124633, 0.13249653052989144], [0.3034068128324227, 0.2837243191717381, 0.27623966899977126, 0.136629198896065], [0.30934226293230704, 0.28635297906257356, 0.2735353877946532, 0.13076937011048684], [0.30785060914383644, 0.2777046666236397, 0.2830525865797723, 0.13139213755275686], [0.3043509358551778, 0.27801052659918657, 0.282349732323834, 0.1352888051218019]], "ideal": "B", "sampled": "C", "correct": false}}
{"type": "result", "data": {"idx": 15, "options": ["True, True", "False, False", "True, False", "False, True"], "probs": [[0.40846409659794725, 0.24150161701238476, 0.23775158005601207, 0.11228270623365086], [0.40381259020535226, 0.2406864493343629, 0.23469327415380317, 0.1208076862064769], [0.4172885797077795, 0.24200540504099943, 0.22724160486586703, 0.11346441028536074], [0.4297025114023857, 0.24032711628134049, 0.2250183325654515, 0.10495203965083212], [0.41231363741047566, 0.24118196268477488, 0.23158404706613792, 0.11492035273861008], [0.42691972051714, 0.2421420566744804, 0.23133449367038728, 0.09960372903798745], [0.37430886800333274, 0.26408059182476873, 0.23785429152662127, 0.12375624854528354], [0.3788404466735373, 0.2597657311744649, 0.23346558131298453, 0.12792824073898532], [0.37341772751849156, 0.2512273311888129, 0.2508629709605805, 0.12449197023209944], [0.3763849180164113, 0.24654736040593203, 0.24205191974066725, 0.13501580173699343], [0.37585538708946065, 0.2469598950020449, 0.24901587565502323, 0.12816884215347812], [0.37868836038882026, 0.2454624785765486, 0.24583251868008468, 0.13001664225454254], [0.4136659017712037, 0.233791673557492, 0.23091917912252197, 0.12162324544878136], [0.4255664062633215, 0.23252148188769842, 0.2286565974102734, 0.11325551433871597], [0.3953242164825061, 0.22872463196328396, 0.25423428129604736, 0.12171687015815207], [0.3953471073511973, 0.22227689629471045, 0.2445114519732845, 0.13786454428081363], [0.4016212401131883, 0.23672204312038939, 0.24113563101977445, 0.12052108564664828], [0.39734563740974127, 0.23050571364683942, 0.23383987988559318, 0.1383087689578225], [0.3931930411766558, 0.24719666897527456, 0.23093649086834553, 0.12867379887972386], [0.3983908409536553, 0.2446432897099921, 0.23367140421393057, 0.12329446502241458], [0.3868883287505918, 0.24016162145481953, 0.24431087242448635, 0.1286391772701068], [0.38746178970349476, 0.24171296404268539, 0.24076301292329733, 0.13006223323051289], [0.39445195819953677, 0.24644949360494706, 0.2328063927003959, 0.12629215539510752], [0.38667959905606025, 0.24558547369237846, 0.22842330238138653, 0.13931162477017006]], "ideal": "B", "sampled": "A", "correct": false}}
{"type": "result", "data": {"idx": 16, "options": ["This feature has a strong effect on the model (should be retained)", "This feature does not have a strong effect on the model (should be ignored)", "It is not possible to comment on the importance of this feature without additional information", "Nothing can be determined."], "probs": [[0.3818035481631183, 0.236844915886769, 0.24821006936002427, 0.13314146649009492], [0.3507662378181241, 0.24875313501799143, 0.26589359447290184, 0.13458703259098778], [0.3819943076083197, 0.2357653010378227, 0.2574874287244478, 0.12475296252939527], [0.3495465283727074, 0.24523232488412655, 0.2737558740249284, 0.13146527261822724], [0.3316588281183588, 0.24504991091013043, 0.2874389224901111, 0.13585233838140845], [0.3326016016389812, 0.24544034540874657, 0.2870231744406672, 0.13493487841161245], [0.3640610995269031, 0.23277522452334307, 0.2619577032099504, 0.14120597263982293], [0.3359609688028891, 0.24321045813028208, 0.2796915500226705, 0.1411370229441604], [0.3534431131660876, 0.23229999883243654, 0.2767001956536116, 0.1375566922478707], [0.31853153886326985, 0.24048663849444124, 0.2954165907349681, 0.14556523180731348], [0.3179730358364471, 0.2365217490588485, 0.29869986186860426, 0.14680535313609328], [0.30505322367309157, 0.23532688154716808, 0.3054537963011608, 0.15416609837857215], [0.34337056357028606, 0.23535190711380022, 0.28190341746272074, 0.1393741117531791], [0.32545375136680743, 0.24185516950920247, 0.29206008949098533, 0.14063098953301678], [0.3342124885480544, 0.2323182045930042, 0.2892325413018666, 0.14423676545708985], [0.31092883301315694, 0.2370337454695421, 0.30383435535908704, 0.148203066058226], [0.2985899858757236, 0.23705039467725256, 0.31017258508382844, 0.15418703426320166], [0.29483112802784495, 0.23179526694650926, 0.31683111658122565, 0.15654248834441725], [0.30022826475713615, 0.23834886561268911, 0.309212019244778, 0.15221085028541637], [0.30633978110891136, 0.24209887820628856, 0.30754528752639576, 0.14401605305839918], [0.29895695828658475, 0.23285600376126714, 0.3146483644455996, 0.15353867340653857], [0.2892979697479931, 0.23229287536495705, 0.32217741970709146, 0.1562317350799798], [0.2901866827628364, 0.23974808836826916, 0.3123124039353336, 0.15775282483355008], [0.28409860293731, 0.2332980498503189, 0.32007247410140466, 0.16253087301097355]], "ideal": "C", "sampled": "A", "correct": false}}
{"type": "result", "data": {"idx": 17, "options": ["The number of hidden nodes", "The learning rate", "The initial choice of weights", "The use of a constant-term unit input"], "probs": [[0.40539264719919693, 0.21669004673533362, 0.2162437429035547, 0.16167356306191827], [0.41471787493326273, 0.2171063923710429, 0.22190478731126975, 0.14627094528443496], [0.4071682891783262, 0.217335860213983, 0.2171355647304754, 0.15836028577720343], [0.4124755494572478, 0.2173083323658487, 0.22360657173837048, 0.14660954633853024], [0.4105458879208116, 0.2242355184519544, 0.21419022643865604, 0.15102836708859455], [0.4078022910476234, 0.22141433215705977, 0.2157877166159928, 0.1549956600793082], [0.4000453963727238, 0.2155499880094321, 0.22117017834954344, 0.1632344371682973], [0.4068600898301548, 0.21826388303927594, 0.2264451429086105, 0.14843088412196256], [0.4028232762534091, 0.21716358196478128, 0.22157435512280665, 0.15843878655900231], [0.4060464450502341, 0.21812693717717585, 0.22990987551942416, 0.14591674215316344], [0.4014277989350703, 0.22110285357318393, 0.22317226565967868, 0.15429708173207005], [0.39651029744319494, 0.22236365367723443, 0.2260488176738149, 0.15507723110577706], [0.41605560272060377, 0.21482269846342267, 0.21188062722649248, 0.15724107148948158], [0.4228153996849718, 0.21517370943594483, 0.2182473607197428, 0.14376353005934187], [0.41632772166651716, 0.212647947665025, 0.21390677255186716, 0.15711755801659266], [0.42214532207841476, 0.21307897176351953, 0.2227958473722366, 0.1419798586858401], [0.4197054012522025, 0.21660396070486954, 0.21329938150259067, 0.1503912564403343], [0.41733027549382296, 0.21818658603596072, 0.2150025984708996, 0.14948053989932708], [0.4102265780377709, 0.2255586252314736, 0.20972705536043598, 0.15448774127032186], [0.4095833968764803, 0.22000419652919548, 0.21275179305059835, 0.1576606134437167], [0.40781559777768844, 0.22182752393547306, 0.21596553948219077, 0.15439133870465202], [0.40131749008965345, 0.22329797957812605, 0.22039438853071042, 0.1549901417014892], [0.41151004201175845, 0.22231198510616135, 0.21424190772540858, 0.15193606505665874], [0.40695839950451, 0.22429087313500107, 0.21695685431470985, 0.15179387294576246]], "ideal": "A", "sampled": "D", "correct": false}}
