{"type": "result", "data": {"idx": 0, "options": ["Bargaining", "Satisficing", "Accepting", "Compromising"], "probs": [[0.22369383639826673, 0.26009101198906126, 0.35765375561671303, 0.1585613958959453], [0.22943284524873428, 0.2628943448286573, 0.3547534992655248, 0.15291931055708952], [0.2196840376432754, 0.26592066035490564, 0.35149713044093095, 0.16289817146089083], [0.22783861405386147, 0.2617772590220333, 0.3512447602240924, 0.15913936660002614], [0.23032435884128136, 0.26333724354323396, 0.35663643382888804, 0.14970196368659228], [0.22642776085542385, 0.2604108060426006, 0.36065301759579543, 0.15250841540618912], [0.22058585097257474, 0.24990891973474683, 0.36287512180141435, 0.1666301073912593], [0.2254856331698878, 0.25433750932100124, 0.35828704618515755, 0.16188981122394883], [0.22279777920922594, 0.24557381611549534, 0.37668002353558994, 0.15494838103969547], [0.22206603481669304, 0.2595007810169287, 0.3655395108150792, 0.1528936732513012], [0.2183899824984958, 0.24785747727691992, 0.3861795246250703, 0.14757301549952068], [0.21700322699060653, 0.25235922823820595, 0.37812497612196916, 0.15251256854922518], [0.21132225153763318, 0.2568851078504615, 0.3658129828601903, 0.1659796576517315], [0.21684476549341933, 0.25572610444954835, 0.36473690481058063, 0.1626922251464516], [0.2088448947926612, 0.2566919490331048, 0.3772405057118527, 0.15722265036236677], [0.20962477894941473, 0.26604431843916676, 0.3689435022167945, 0.15538740029461695], [0.2137626184142951, 0.24984049627233632, 0.3871615016326152, 0.1492353835807523], [0.20860487227753788, 0.25961112025169103, 0.3751248212546367, 0.15665918611612706], [0.22718222179263572, 0.25146377837311007, 0.37355815440032725, 0.14779584533393456], [0.22205565979378916, 0.24650409664766346, 0.37916151718031654, 0.15227872627823844], [0.21880326551627266, 0.25143670895031295, 0.3876486427064326, 0.14211138272696525], [0.2161395679052282, 0.2558347994575711, 0.3809262252102025, 0.14709940732700671], [0.2218233493020955, 0.24179550025717056, 0.3938846553287028, 0.14249649501202483], [0.21799752071816658, 0.2566425097483447, 0.37732239912313803, 0.1480375703103625]], "ideal": "B", "sampled": "A", "correct": false}}
{"type": "result", "data": {"idx": 1, "options": ["Framing bias", "Hindsight bias", "Over-confidence bias", "Heuristics"], "probs": [[0.28796239123461354, 0.24397857329428502, 0.29912676973339114, 0.16893226563772143], [0.29636269743813337, 0.24292963944012821, 0.29802392759701907, 0.16268373542472359], [0.2819841300209179, 0.23952774426034584, 0.3169775481309802, 0.16151057748776892], [0.2878474943500918, 0.24116114659052867, 0.3067276170117889, 0.1642637419476045], [0.2960716373429114, 0.2412553898030836, 0.28818992408203037, 0.17448304867196768], [0.2978925503676103, 0.24171582902235458, 0.2790286924912134, 0.18136292801882067], [0.2846451519103232, 0.2358612915848324, 0.3125687791373111, 0.16692477726753993], [0.2912209488347722, 0.232606991324344, 0.3131647616845103, 0.16300729805636593], [0.2791641360435833, 0.23884162460392155, 0.32532219200794743, 0.15667204724457204], [0.27296264976436113, 0.2456390101188441, 0.32418094176111373, 0.15721739825566564], [0.28878001149875804, 0.2435614751881447, 0.2976760239770767, 0.16998248923604042], [0.27829848385041456, 0.2462752573470193, 0.30064765483755207, 0.17477860386501917], [0.2862353120421811, 0.24180623376186935, 0.3136178086059007, 0.15834064549003965], [0.2915596340481182, 0.242645979078401, 0.30498900588704947, 0.16080538088644755], [0.282017412904748, 0.24926063223105765, 0.31664681346264173, 0.1520751413015483], [0.2763062929652788, 0.2572023091370485, 0.31375820526674075, 0.15273319253095943], [0.30196826362558776, 0.252022619748983, 0.2853543637187962, 0.16065475280663918], [0.2827315763665044, 0.25613857884848745, 0.2997010409616037, 0.16142880372339444], [0.302536381316359, 0.2399664263656211, 0.2956328076828254, 0.16186438453518173], [0.307982983059587, 0.2372882244789213, 0.2870556749847519, 0.16767311737673132], [0.29346733281941517, 0.24280305846123787, 0.3045493827209167, 0.15918022589840986], [0.28130754051903684, 0.24537458625565392, 0.3075834567073362, 0.16573441641798645], [0.3023106206799437, 0.2416978982280197, 0.30034397262764173, 0.1556475083643861], [0.2827215992720655, 0.2473799687594906, 0.31224544194659243, 0.15765298992184507]], "ideal": "D", "sampled": "D", "correct": true}}
{"type": "result", "data": {"idx": 2, "options": ["The way things are.", "The way things are going to be.", "The way things should be.", "The way things were."], "probs": [[0.36025860001795224, 0.2179255728303515, 0.2585323426239865, 0.16328348442770907], [0.34850100657210364, 0.2138082731769455, 0.26308028873616984, 0.1746104314148043], [0.3678983597717053, 0.22330195216886992, 0.2553429469411972, 0.1534567410182412], [0.37114680118029025, 0.22394076815461583, 0.2551339825068599, 0.1497784480582387], [0.35171527376313305, 0.2136809997660087, 0.2623364413539236, 0.17226728501695437], [0.3535975350941492, 0.21545064129965308, 0.26636488338836695, 0.16458694011783834], [0.3686791662702701, 0.21744254283781422, 0.25487901210596076, 0.15899927868597666], [0.36006734558617176, 0.2162302758503449, 0.2546374021615058, 0.16906497630198175], [0.3890978079554553, 0.22249860890550324, 0.24619713982594252, 0.14220644321310613], [0.37708849662613503, 0.2194732139146841, 0.24804965567899456, 0.15538863368019437], [0.35772055402205866, 0.21641197262348674, 0.2555130469349309, 0.1703544263195458], [0.34682454114965366, 0.21101014544476734, 0.2621275199492979, 0.18003779335628306], [0.379592572317498, 0.22848312681220415, 0.24752235433221612, 0.14440194643809137], [0.38660143072003017, 0.23171510324026162, 0.24536896415595316, 0.13631450178375773], [0.38615937940531786, 0.2305501588260948, 0.24580368321561577, 0.1374867784529623], [0.3764922410477664, 0.22785008091596262, 0.24845405799834328, 0.14720361993793304], [0.3500787219509812, 0.21694987824770023, 0.26784929242897043, 0.165122107272353], [0.3750920305872305, 0.226391998939751, 0.25142575939440615, 0.1470902109786112], [0.34503831493635, 0.21366990814952502, 0.2694114803044889, 0.17188029650965184], [0.35035777941489, 0.2160538686028101, 0.270982527289169, 0.16260582459312856], [0.3508776279967399, 0.2186614044214233, 0.2634042916169368, 0.16705667586489087], [0.35115465410265656, 0.21868768884850123, 0.26182141359432387, 0.16833624335452718], [0.35631547546510295, 0.21655000348324593, 0.2648704402034906, 0.16226408074815624], [0.34999754422670243, 0.22237830860827534, 0.26430324502907143, 0.16332090203594968]], "ideal": "C", "sampled": "C", "correct": true}}
{"type": "result", "data": {"idx": 3, "options": ["The potential for entry into the industry", "The threat of substitute products", "The power of customers", "The level of rivalry"], "probs": [[0.295563251856599, 0.2603519036715122, 0.2404548124287558, 0.20363003194314447], [0.2921998342147529, 0.26293693352537606, 0.2434458178786403, 0.20141741428122623], [0.291375824817339, 0.2552694816085298, 0.2403097226749835, 0.21304497079915763], [0.2882146278855914, 0.2622394256496205, 0.24262526394653264, 0.20692068241828493], [0.2928134643775499, 0.26232056546664767, 0.2388829760616832, 0.2059829939941188], [0.29033211708645235, 0.26550677754290897, 0.24062040458930153, 0.20354070068134], [0.2942429808555379, 0.26526427425639537, 0.24040194791271294, 0.20009079687534592], [0.29230612243921206, 0.2670718367710447, 0.2430257873729554, 0.19759625331679134], [0.28351178625917495, 0.26340113811789473, 0.24290138083630802, 0.21018569468661974], [0.27769655594517995, 0.26741110978100624, 0.24060028474499173, 0.2142920494288214], [0.28971126533336156, 0.26874619694290725, 0.24017983681048588, 0.20136270081323865], [0.2815601666434369, 0.2708890264089932, 0.2385341749965789, 0.20901663185098648], [0.28846166683653524, 0.25655228326991636, 0.2440958626201547, 0.21089018717337457], [0.2850592514177331, 0.26375810377475767, 0.24790621999424475, 0.20327642471326507], [0.28633345221446466, 0.2589873847285931, 0.24564532710765233, 0.20903383584927443], [0.27981713489509197, 0.26444677971344915, 0.24458871566688442, 0.21114736962458072], [0.28545108814072706, 0.2659439541541477, 0.24286839548152125, 0.2057365621236103], [0.2831234727343137, 0.2638465549837241, 0.24026596213910603, 0.21276401004288428], [0.2927078643676773, 0.25721240049617855, 0.24537040567060545, 0.20470932936552877], [0.2907144845815323, 0.2596324395817604, 0.24712867281373532, 0.2025244029229784], [0.29032359565229493, 0.2601018167133983, 0.24577519647181695, 0.2037993910625061], [0.2812841589713386, 0.26503472888576474, 0.24338471925425767, 0.21029639278862275], [0.281153510910255, 0.26076052687691287, 0.2459287456342961, 0.21215721647854732], [0.27992607522800866, 0.25851154928496795, 0.24290267145117345, 0.21865970393585546]], "ideal": "D", "sampled": "A", "correct": false}}
{"type": "result", "data": {"idx": 4, "options": ["Margaret Thatcher", "Mikhail Gorbachov", "Nelson Mandela", "Bill Clinton"], "probs": [[0.27706012510581807, 0.2529776438019546, 0.24905005338574432, 0.22091217760647383], [0.2841998248739693, 0.2534471149649558, 0.24430503603461398, 0.2180480240264592], [0.2800565392853175, 0.25004530391195284, 0.2517029511209692, 0.2181952055817508], [0.2753090493345322, 0.24218292515350448, 0.2490820551795756, 0.23342597023238407], [0.28615625825666624, 0.24575555099559834, 0.24670734519432705, 0.2213808454534055], [0.2768326991206973, 0.24158918163883647, 0.24671225166569427, 0.23486586747477328], [0.2692279081208687, 0.2579876667991806, 0.2469572382291276, 0.22582718675082095], [0.2743958035014092, 0.25825846444722905, 0.24347925605576476, 0.22386647589558978], [0.2710092649371392, 0.2567961192571557, 0.2443112127378304, 0.2278834029678642], [0.27078851403282467, 0.25653598508290637, 0.24852763916283319, 0.22414786162144343], [0.27803347477072726, 0.25293023696865036, 0.23865337845117102, 0.23038290970944886], [0.272405520928063, 0.25390826119406085, 0.2460059267262562, 0.22768029105164167], [0.283048591136871, 0.248620154304251, 0.24927622467154667, 0.21905502978734015], [0.27597979097829517, 0.24160199569983482, 0.24782146812164116, 0.23459674510023512], [0.2810468735414283, 0.2542494430457712, 0.24414843294577113, 0.22055525036703238], [0.2803386138975542, 0.2549692680336941, 0.24812108935241003, 0.2165710286163579], [0.27536873266129, 0.24075402303459098, 0.24272263211288664, 0.2411546120912209], [0.2810977202702578, 0.2461230958533119, 0.25073857142802064, 0.2220406123484163], [0.28667507192811753, 0.24506888584220687, 0.24390346248464528, 0.22435257964502742], [0.27742110219509036, 0.2421331105299498, 0.2440957797599065, 0.23635000741505297], [0.2840145493657232, 0.2515759618122468, 0.2398017864157859, 0.22460770230624316], [0.2766726495270487, 0.2517238156204924, 0.24878259988013235, 0.2228209348723237], [0.27640666751643395, 0.24289537278862514, 0.2440531709501471, 0.23664478864479058], [0.28065637313250985, 0.24842335379630354, 0.2515232328530198, 0.21939704011815264]], "ideal": "D", "sampled": "B", "correct": false}}
{"type": "result", "data": {"idx": 5, "options": ["Work flow design", "Work schedule design", "Work rate design", "Work output design"], "probs": [[0.34752935113976874, 0.2200246063241445, 0.25120408958775725, 0.18124195284832323], [0.34801102492394914, 0.21947679129541947, 0.2502074332386902, 0.18230475044193678], [0.34689751713987316, 0.22077082401353604, 0.2507829158167152, 0.18154874292988205], [0.3458572324742673, 0.22266242694496735, 0.24962279516283722, 0.18185754531792106], [0.34654539971316933, 0.22116652008401544, 0.25186793144933717, 0.18042014865346945], [0.3447583990195297, 0.22237776906695594, 0.2527793406382558, 0.1800844911752637], [0.3449023633280989, 0.2224448400695715, 0.2507035349580948, 0.1819492615442402], [0.34540125346236034, 0.22205933267334338, 0.24938312345432756, 0.1831562903099545], [0.3447801739041089, 0.22264653240981866, 0.25052418994769127, 0.1820491036383988], [0.3393872344144514, 0.22157316227726223, 0.25104217827298, 0.18799742493530153], [0.34303053532868416, 0.2223528659877811, 0.25325822743409304, 0.18135837114944905], [0.3371514038894023, 0.22170500633067697, 0.2551347453071377, 0.1860088443727613], [0.34446891320454615, 0.2208190549907396, 0.2526578419796518, 0.18205418972505533], [0.3433386996749639, 0.221065441788319, 0.25216498933104553, 0.18343086910566472], [0.33973848514078125, 0.22022195665665764, 0.2544881997641722, 0.18555135833838954], [0.3341937759813073, 0.21736651137110521, 0.25563062308814866, 0.19280908945944922], [0.3393707747821804, 0.22152384601212402, 0.2546844766644394, 0.18442090244126064], [0.3342505629420956, 0.21956760806886438, 0.25635249084895995, 0.1898293380400678], [0.3446582172381182, 0.22046852838521663, 0.2515972559086959, 0.18327599836796363], [0.34257854259826404, 0.22165517252317607, 0.25336979149727396, 0.18239649328127933], [0.3423556234573518, 0.21986003607989138, 0.25313459817684286, 0.18464974218592567], [0.33624562032738387, 0.21876875027025264, 0.2556478622145719, 0.18933776708776687], [0.34205078272441514, 0.2208135501842308, 0.2539557512502785, 0.18317991574108383], [0.3368444748069438, 0.2191606645100182, 0.25522307335361033, 0.18877178722940874]], "ideal": "B", "sampled": "A", "correct": false}}
{"type": "result", "data": {"idx": 6, "options": ["Workers enjoy responsibility.", "Workers view physical and mental effort as a natural part of work.", "Workers like to show initiative.", "Workers like to be directed."], "probs": [[0.2837697133528906, 0.20915539958625112, 0.29380041569174925, 0.21327447126912846], [0.2808284364211387, 0.20999670042320165, 0.29327520008968677, 0.21589966296597765], [0.28408737566762293, 0.21316091173502721, 0.28552952103039003, 0.21722219146694663], [0.27587245945089517, 0.21173603175906774, 0.28210874010960096, 0.2302827685804481], [0.2794747832772596, 0.21359765805380196, 0.2794061275001689, 0.22752143106878225], [0.27373680544210294, 0.2123673395227863, 0.27726488225847135, 0.2366309726766541], [0.28927177480767835, 0.2076778975996301, 0.2859639149208656, 0.21708641257181036], [0.28686037126925346, 0.20826522260343622, 0.2849224348284218, 0.21995197119888488], [0.2951923828407169, 0.2070950062436327, 0.2865424477733033, 0.2111701630423679], [0.2946527022349753, 0.20758503593948105, 0.2827524370651398, 0.21500982466038515], [0.28853239349931076, 0.20596379612101814, 0.2803510538200592, 0.22515275645962635], [0.2915404627734489, 0.2061344614544648, 0.2756979041617625, 0.22662717151032305], [0.29151590633511065, 0.2087864089497805, 0.2851567938649052, 0.21454089075020338], [0.28339727237115403, 0.20820607517609602, 0.2796086203952721, 0.2287880319574605], [0.2940460659033201, 0.20469127888517902, 0.29188696372383466, 0.20937569138766696], [0.29280846742032846, 0.20434895413964543, 0.29017955935224743, 0.21266301898775655], [0.2831245672279339, 0.20755296399976014, 0.2766737049836713, 0.23264876368863147], [0.2909419660702736, 0.20808244180128913, 0.27392107905564717, 0.22705451297279175], [0.28332862883473847, 0.20538445691830232, 0.28120780278083135, 0.23007911136613474], [0.2796327657477023, 0.204698370539767, 0.27763792258910763, 0.23803094102343525], [0.28204546275269854, 0.20003013304226192, 0.29189782981818346, 0.22602657428686618], [0.2847524608670797, 0.19968872840130109, 0.2887005746410245, 0.22685823599059718], [0.2807730968417307, 0.20502364188145453, 0.2797583738211619, 0.23444488735565153], [0.2875472374491366, 0.20505977529982844, 0.2762159656199261, 0.23117702153109454]], "ideal": "D", "sampled": "B", "correct": false}}
{"type": "result", "data": {"idx": 7, "options": ["Referent", "Expert", "Reward", "Legitimate"], "probs": [[0.31812724056447717, 0.2086941096487783, 0.27657648805253626, 0.1966021616342057], [0.32318030350951127, 0.21626258635923684, 0.2783910032013693, 0.1821661068298805], [0.30750949162107716, 0.21407596943364093, 0.28664836204745275, 0.19176617679782695], [0.3106972041900167, 0.21136431910679737, 0.2880677509976147, 0.1898707256055683], [0.3071036823181812, 0.2136473783327603, 0.303043018402898, 0.17620592084616252], [0.30671293422877166, 0.2096463733844499, 0.2976018557610919, 0.1860388365256692], [0.3003305020183117, 0.21911761196963372, 0.2841802547395344, 0.1963716311725039], [0.3026926399852945, 0.22879524527496617, 0.2848186373053139, 0.18369347733442404], [0.29982702357452845, 0.2171855004750905, 0.290947441465028, 0.19204003438536466], [0.30784898575728303, 0.2207436663979393, 0.2830543837015871, 0.18835296404320198], [0.29773428213687797, 0.22114542820218008, 0.3072785636731556, 0.17384172588778735], [0.30228403272553284, 0.21562814475625355, 0.2976177189898485, 0.184470103428345], [0.2967205345105181, 0.22436651130564841, 0.2801091279494338, 0.19880382613440928], [0.3014378204563909, 0.225402226372438, 0.27783303656096753, 0.19532691651020598], [0.2932569889329111, 0.22303072146633598, 0.27947075190180204, 0.20424153759895147], [0.3009972005593462, 0.2257507618272266, 0.27353722450253715, 0.19971481301087657], [0.30296619260386415, 0.22259750985248583, 0.2910373232340938, 0.18339897420953757], [0.29361840094714287, 0.22534806985845526, 0.29481995724851795, 0.18621357184589], [0.3028622923784182, 0.22656214981975925, 0.2871923977073869, 0.18338315999444124], [0.30339944933649016, 0.22128129494807605, 0.28514482488749443, 0.19017443072794274], [0.2967739105346185, 0.22566034567142365, 0.298223281250129, 0.17934246244384364], [0.29829021519517296, 0.21827457634633607, 0.2920117863287596, 0.19142342202974033], [0.30477771097952305, 0.21945708260793798, 0.2942799095479274, 0.1814852967645958], [0.2939502206621194, 0.2244264356642697, 0.2948522477438191, 0.1867710958298083]], "ideal": "D", "sampled": "A", "correct": false}}
{"type": "result", "data": {"idx": 8, "options": ["Henry Fayol", "Max Weber", "Adam Smith", "Mary Parker Follett"], "probs": [[0.2942920031291759, 0.23972594898819996, 0.27732212813993296, 0.18865991964268997], [0.296563629571005, 0.24016251940868977, 0.27391772927856023, 0.18935612164173676], [0.2961926048816263, 0.2393734695039362, 0.273421468157912, 0.19101245735653696], [0.2987299855112637, 0.24478775229027225, 0.26857238774529335, 0.18790987435316264], [0.2997905643018665, 0.24400209051742294, 0.27722377568918355, 0.17898356939152282], [0.2973381781816656, 0.24921366100528172, 0.27850037669002997, 0.1749477840230183], [0.29250099200395385, 0.24027235124729635, 0.28459906593411144, 0.18262759071461696], [0.2964887184765796, 0.2421487287812638, 0.2792660830145494, 0.18209646962761133], [0.29281802728865014, 0.23824129121677395, 0.2750962765164906, 0.19384440487808208], [0.2970290986678475, 0.23961557751566745, 0.26800478332074334, 0.19535054039574765], [0.29760001828197247, 0.24495378192089592, 0.27880760086786643, 0.1786385988292587], [0.2973631806335874, 0.24354337855301356, 0.2779303714615968, 0.1811630692517984], [0.27576880083001454, 0.23761010797649704, 0.28973902159778075, 0.19688206949570194], [0.27711576498965396, 0.24491886393744733, 0.2830443133912333, 0.19492105758165684], [0.27546529364141437, 0.23722540043394844, 0.2842219679349706, 0.20308733788968797], [0.279244275290854, 0.23938656974516562, 0.2769553565190878, 0.20441379834488824], [0.28246645476727356, 0.24762026482688035, 0.28113113243967325, 0.18878214786615946], [0.2853823791689323, 0.24284684228578263, 0.27864887339748434, 0.19312190504779234], [0.2980375999213633, 0.24558803330266915, 0.27732252942352653, 0.17905183725243493], [0.2955603198044224, 0.24959372231764065, 0.2786149174195695, 0.1762310403583644], [0.29704647464414097, 0.24736704555336556, 0.2701417913167095, 0.1854446883857712], [0.29781300899971014, 0.2462091011842702, 0.26803132662564694, 0.18794656309037155], [0.2978501002073107, 0.24871389411483344, 0.26813948118182834, 0.18529652439602165], [0.30227732211358377, 0.24576959753407324, 0.262960137299663, 0.1889929429526823]], "ideal": "B", "sampled": "D", "correct": false}}
{"type": "result", "data": {"idx": 9, "options": ["Frederick Taylor", "Seebohm Rowntree", "Henry Ford", "Max Weber"], "probs": [[0.34870548692271985, 0.20241936174052783, 0.26373789863471725, 0.18513725260203173], [0.34882984604266964, 0.2015277804067103, 0.2623395448821184, 0.18730282856850206], [0.3522481897389995, 0.2005640503076519, 0.26632064455871146, 0.18086711529462876], [0.35032740563618875, 0.1936017865752703, 0.26940237377145504, 0.18666843391709764], [0.34770798736423575, 0.20256197249447522, 0.2600294328054314, 0.18970060723584936], [0.3517653498590607, 0.19582118189032596, 0.2635331411730279, 0.18888032697758522], [0.3469719956817478, 0.20518451623402115, 0.25705733308766665, 0.1907861548965725], [0.34682565938126764, 0.20344136790720133, 0.2559133612579753, 0.1938196113535741], [0.3513989031187479, 0.2046625972600204, 0.25661545442356637, 0.1873230450976717], [0.3447621426980037, 0.2034878674994328, 0.26039412557037933, 0.19135586413218159], [0.34862093129538957, 0.20590913639874403, 0.2511759629390848, 0.19429396926679487], [0.34849400976538725, 0.2056047135542368, 0.2506728364551627, 0.19522844012521035], [0.352776593670292, 0.20544495206506092, 0.260933913486731, 0.18084454067792224], [0.35242573073582134, 0.19755376470295644, 0.2630813980949062, 0.1869391063663135], [0.34797784104389146, 0.2068105591306508, 0.2610930500870416, 0.18411854963841914], [0.3426912719079383, 0.2062796090820034, 0.2644622109391274, 0.18656690797093925], [0.3467089069587298, 0.20031985410970113, 0.2626237002683207, 0.19034753856325093], [0.33924889806896436, 0.20862044958749146, 0.26307447887315133, 0.18905617337039957], [0.3450631694244346, 0.20406481733746284, 0.2607628398530786, 0.19010917328502702], [0.3482632227006171, 0.19665326623532922, 0.26487617330415414, 0.19020733765991368], [0.341570908044278, 0.20275838129962712, 0.2659538050959805, 0.18971690546012918], [0.34051351298974003, 0.20273207313382752, 0.26721063987615734, 0.1895437739002756], [0.3503370055319695, 0.1959114886895049, 0.26469267016205544, 0.18905883551646283], [0.3421614079052311, 0.20350859454851744, 0.26641589832826196, 0.1879140991179833]], "ideal": "B", "sampled": "B", "correct": true}}
{"type": "result", "data": {"idx": 10, "options": ["John Kenneth Galbraith", "John Maynard Keynes", "Milton Friedman", "Alfred Marshall"], "probs": [[0.3051719138370447, 0.21475212505673388, 0.30820310708532606, 0.17187285392088167], [0.30285438244847657, 0.21919809098432053, 0.31328441629068066, 0.16466311017651594], [0.29448856662979817, 0.21938406477279543, 0.31141102664991477, 0.17471634184750015], [0.2867959361261562, 0.21760967783440419, 0.31856212961525865, 0.17703225632418912], [0.31264540534940843, 0.214349461072857, 0.3093806969995567, 0.16362443647819847], [0.29657802651564646, 0.2145845631883923, 0.3102846128666281, 0.17855279732933038], [0.2989879952603489, 0.21742053965369496, 0.3149275105590013, 0.1686639544269441], [0.3016509532646768, 0.22105299302229084, 0.3176415824720163, 0.1596544711409959], [0.2946701109967774, 0.2220591586653158, 0.3132345606650274, 0.17003616957288836], [0.2942914934289484, 0.22255441336787818, 0.31392351462109963, 0.1692305784820754], [0.3133426419445369, 0.21785943184581585, 0.3081732933211307, 0.1606246327885081], [0.30626431083986594, 0.21962328493852307, 0.3048471710781749, 0.16926523304343757], [0.3003907184743017, 0.21619789027011743, 0.3096966280788284, 0.17371476307675296], [0.29273995636288247, 0.21623932151543765, 0.3165836165587791, 0.1744371054629092], [0.2994777459997382, 0.21695475195535344, 0.30775598643410923, 0.17581151551079494], [0.3004497350411778, 0.21906342549995902, 0.3097458495772307, 0.17074098978161523], [0.2993183523800576, 0.21251534348735765, 0.3070647378921495, 0.18110156614042697], [0.30527499974294753, 0.21130186093839456, 0.3058644331476438, 0.17755870607100346], [0.3106581672631345, 0.21671301645444557, 0.31338193384293284, 0.15924688233948447], [0.2982252267462257, 0.21713899058108105, 0.31270799424466894, 0.17192778832802244], [0.3081100102400954, 0.2175944336622346, 0.31269901665108496, 0.1615965393465867], [0.3056019101840177, 0.21950303141382144, 0.3091797481854107, 0.16571531011675986], [0.29516447699605924, 0.2197438241314597, 0.3085917958372658, 0.17649990293520412], [0.30044448680703556, 0.21879244560955546, 0.30841091183485386, 0.1723521556485383]], "ideal": "C", "sampled": "B", "correct": false}}
{"type": "result", "data": {"idx": 11, "options": ["Mary Parker Follett", "Elton Mayo", "Lillian Gilbreth", "Frederick Taylor"], "probs": [[0.2965396019430279, 0.2291761442793889, 0.2879026743096335, 0.18638157936794444], [0.30453319242831023, 0.22631061506080424, 0.2787504755668478, 0.19040571684404833], [0.29163614579939773, 0.22587900011475345, 0.292729173313824, 0.18975568067201418], [0.29346010973971903, 0.2200092507159121, 0.28561128777906136, 0.20091935166530647], [0.2990145448038732, 0.22200064658440222, 0.2894966482027522, 0.18948816030896992], [0.2927921399019194, 0.21962271057280985, 0.29011465140165693, 0.1974704980236299], [0.3101025389802594, 0.2211651353787812, 0.290460753119083, 0.17827157242186717], [0.3205339116165548, 0.2193497195466553, 0.2789741770124899, 0.18114219172429874], [0.3072383716741881, 0.21969643505469466, 0.28922970111717083, 0.1838354920539492], [0.3083909221762662, 0.2174260896214165, 0.28431468840042706, 0.18986829970189914], [0.31474317887348624, 0.2136570682811417, 0.2865680125453511, 0.1850317402000149], [0.30494907465296933, 0.21179933572726314, 0.29497003997438964, 0.18828154954536086], [0.2822461829540435, 0.22722257662040185, 0.2914922772506933, 0.19903896307486918], [0.28215540488745927, 0.22164503070557337, 0.28594916473387993, 0.21025039957308628], [0.28636718683802037, 0.22702471225866372, 0.28375203977679353, 0.2028560610265158], [0.2871892294214902, 0.2250890027365048, 0.2802273206003035, 0.20749444714170023], [0.28037545376927164, 0.2171609047979061, 0.2878059525712762, 0.2146576887615532], [0.27952390532920574, 0.21862430812151265, 0.2917782205198783, 0.21007356592939097], [0.2894659785048918, 0.2181667828491289, 0.2987655003654685, 0.1936017381804979], [0.2823454678530596, 0.21363283889439344, 0.2997046084403324, 0.20431708471220147], [0.2944523389148104, 0.21841876875408625, 0.288978112602831, 0.19815077962826988], [0.28455570585463313, 0.2147601926138786, 0.2985008881102685, 0.20218321332124314], [0.2775086762312001, 0.2092335041195519, 0.29524171925737674, 0.21801610029186883], [0.2778187296783676, 0.21260853186005538, 0.298662572503524, 0.21091016585806052]], "ideal": "B", "sampled": "B", "correct": true}}
{"type": "result", "data": {"idx": 12, "options": ["Strategic", "Operational", "Functional", "Developmental"], "probs": [[0.34623402827429894, 0.23241945725874288, 0.27665763214707817, 0.14468888221987983], [0.34356901569740184, 0.2336126212608348, 0.28225031740225376, 0.14056804553947955], [0.3503989608642179, 0.23321307761646334, 0.2730920017770036, 0.14329595964231734], [0.346036614407462, 0.23706115502117436, 0.2714744579852652, 0.1454277724860958], [0.3312054647073018, 0.23873617383758067, 0.2758484529995462, 0.15420990835556095], [0.33678722384498905, 0.23430993858078453, 0.27369039318601285, 0.155212444288232], [0.33817462017556443, 0.23100331494672444, 0.2846008919130547, 0.14622117286462769], [0.3358289952987315, 0.23159298262038377, 0.29029095283061557, 0.14228706915026057], [0.33982722165685847, 0.2335539710264089, 0.28006145175609004, 0.14655735546064744], [0.3355874821448057, 0.23668181404004646, 0.2787489807414478, 0.14898172297370088], [0.3354244678618728, 0.2364145385584141, 0.28102826986080276, 0.1471327236189234], [0.3304397093518494, 0.23510368684319738, 0.2810538374017947, 0.15340276630314142], [0.3410360966560494, 0.23846588110845318, 0.27874136487941564, 0.14175665725608674], [0.33662350341577113, 0.24218417702317344, 0.27658981970916563, 0.14460249975189002], [0.336367901822581, 0.24002273539824354, 0.2790887520415488, 0.14452061063762742], [0.3342913210552108, 0.24202031796162424, 0.27896895849892916, 0.1447194023842501], [0.33496610470039434, 0.24447985928253851, 0.27056891398921606, 0.1499851219278461], [0.3266147682221427, 0.24763610456169444, 0.2722177558671392, 0.15353137124902472], [0.3391663304987807, 0.22594496554870697, 0.2757519149825023, 0.15913678887002086], [0.34215021211448016, 0.22356915263219557, 0.27393837432898305, 0.16034226082433944], [0.336140095852184, 0.2296462029318126, 0.2794154532837607, 0.15479824783223917], [0.3344224771488973, 0.22687286007668894, 0.2809304454527217, 0.15777421722168766], [0.3427963337682034, 0.2224053032247807, 0.27924051885421747, 0.15555784405281178], [0.3362781386255952, 0.2248012184650337, 0.27927741474899753, 0.15964322806036757]], "ideal": "A", "sampled": "A", "correct": true}}
{"type": "result", "data": {"idx": 13, "options": ["Guiding, mentoring and motivating", "Guiding, commanding and motivating", "Guiding, demonstrating and motivating", "Guiding, mentoring and demonstrating"], "probs": [[0.316509356106225, 0.3028354042325024, 0.25233200100856223, 0.1283232385527091], [0.3150799002707648, 0.2977596628370141, 0.2536358858125377, 0.1335245509796636], [0.3190905362426835, 0.30283062951774953, 0.24432300456294134, 0.13375582957662124], [0.3206075560750192, 0.30123321601303077, 0.24593164609800694, 0.13222758171392604], [0.31072962516251174, 0.2957503375479554, 0.25235350658518285, 0.14116653060435685], [0.31656811502575577, 0.2968116964567934, 0.24849502152933983, 0.13812516688810564], [0.3069581958675675, 0.299425847967108, 0.2564431183034528, 0.1371728377618813], [0.3076810119370565, 0.2942685860400005, 0.2559631706314599, 0.1420872312914977], [0.30965187335256944, 0.29868279505378764, 0.24932289637630994, 0.14234243511733377], [0.3087922546521119, 0.2958185434891894, 0.2492852251648994, 0.1461039765937999], [0.30619206883393696, 0.2987036395641973, 0.2495653525425384, 0.14553893895932496], [0.30797228273081256, 0.2968291135623473, 0.24864442099864822, 0.14655418260817943], [0.31667831494565074, 0.2935154982625005, 0.2522823855360841, 0.13752380115578536], [0.32269969185818614, 0.2914252855515045, 0.2514711729939564, 0.1344038494963603], [0.3197669261883473, 0.29227108651991773, 0.24971700224950077, 0.138244984942236], [0.3202380566141768, 0.2898183301802304, 0.24935117929366132, 0.1405924338119553], [0.3270372842239989, 0.2912215123195034, 0.2454543720551752, 0.13628683130133432], [0.3208832376413229, 0.29072890376355964, 0.247956616341728, 0.14043124215338273], [0.3127710024848807, 0.28839722933108936, 0.2540427423054473, 0.14478902577856795], [0.3172552021980174, 0.29031793599472694, 0.2514519901382271, 0.1409748715690435], [0.30860860084622305, 0.2949222232416444, 0.2504855979541804, 0.14598357785796462], [0.3108538062904963, 0.29249605029774345, 0.24903963590916495, 0.14761050740261866], [0.31749976394758883, 0.2928010359822299, 0.24599742329729476, 0.1437017766728923], [0.3171276913986252, 0.2886393936042078, 0.24562705150861633, 0.1486058633885535]], "ideal": "A", "sampled": "C", "correct": false}}
{"type": "result", "data": {"idx": 14, "options": ["Incomplete information", "An agreed goal", "A structured problem", "High level of certainty regarding the environment"], "probs": [[0.35153002694092766, 0.22302511566778338, 0.2660609683849745, 0.15938388890632693], [0.37381029579126357, 0.21403517135321748, 0.2548036391818287, 0.15735089357369067], [0.3609525180565436, 0.22196749855452014, 0.2579858882418584, 0.15909409504708308], [0.3808442075147896, 0.21463482551895743, 0.25050234552574663, 0.1540186213405068], [0.3668309115896041, 0.21190175058971808, 0.2621147349022592, 0.15915260281840501], [0.37621675641654034, 0.21142642430034927, 0.26355466925716636, 0.14880214992594507], [0.3455823252621401, 0.2212646390344956, 0.27116924620270366, 0.16198378940068398], [0.37351311657703024, 0.21177396128218973, 0.255016354022962, 0.15969656801782697], [0.3483567904641802, 0.22316046644453952, 0.2603063560568931, 0.1681763869343941], [0.3656987001226921, 0.21506785300017023, 0.2527718173676031, 0.16646162940953588], [0.3803797045514149, 0.20806800734062084, 0.2539138560454036, 0.15763843196257346], [0.3705605786937768, 0.2099797493596989, 0.265699953138502, 0.15375971870800204], [0.3659343122067719, 0.21651779538010718, 0.26537014337630865, 0.15217774893679975], [0.3909195565257786, 0.20849901423923226, 0.25437144890254976, 0.14620998023242743], [0.36394290549530234, 0.21635286576364401, 0.2615653679524234, 0.1581388606886371], [0.383193735610968, 0.2079614542361734, 0.2537130695217409, 0.15513174053113224], [0.39548904011318403, 0.20597418001728138, 0.25062032370668513, 0.14791645606285614], [0.3913607009930872, 0.20652429967672667, 0.2559610723904285, 0.14615392683975145], [0.3665359162602208, 0.2119519761595395, 0.25836692690177726, 0.16314518057846117], [0.3761645233053021, 0.20965663903759366, 0.25815249781655697, 0.15602633974055002], [0.37258901737379085, 0.2120367694600127, 0.24945951072618894, 0.16591470234000857], [0.37213835826454944, 0.21373473566421777, 0.25461887374375913, 0.15950803222746868], [0.3779248841492892, 0.21350104987595075, 0.24485779181549727, 0.16371627405927208], [0.37915782121510944, 0.21537700056783843, 0.24450916773418302, 0.16095601038286816]], "ideal": "A", "sampled": "C", "correct": false}}
{"type": "result", "data": {"idx": 15, "options": ["Making people's strengths effective and their weaknesses irrelevant.", "Enhancing the ability of people to contribute.", "To operate the organisation's status system.", "Integrating people in a common venture by thinking through, setting and exemplifying the organisational objectives, values and goals."], "probs": [[0.25411180443883635, 0.20860160503231326, 0.32305127928051586, 0.21423531114834518], [0.25890944737380045, 0.20690326011705504, 0.3258325815090072, 0.2083547109001402], [0.24660768984742837, 0.20771772010267456, 0.33319981533040116, 0.21247477461949324], [0.2479780870166461, 0.20338727642475554, 0.3317482298392519, 0.21688640661934036], [0.2586443334988348, 0.20171542026161265, 0.34669647128058223, 0.19294377485897313], [0.2521867334736698, 0.19498262436587074, 0.3493280538580829, 0.20350258820237843], [0.2430203505316678, 0.20501611639917464, 0.33097976384705063, 0.22098376912211112], [0.24965716386690667, 0.20298186352044123, 0.33226206980043965, 0.2150989027122153], [0.2441417537966775, 0.20595848249097654, 0.32090504535560593, 0.22899471825673487], [0.23893545344988174, 0.20768080388277083, 0.321799855759608, 0.23158388680773065], [0.24728401347364934, 0.2008847582165728, 0.3416296109430912, 0.21020161726667197], [0.2345030031485245, 0.19525863135804186, 0.34865405629773555, 0.22158430909569637], [0.24398971515943738, 0.20306408170888476, 0.3346399169555556, 0.21830628607611843], [0.24387899314938122, 0.1973923375878569, 0.3316854249421804, 0.22704324422058397], [0.24007972456378043, 0.20489409788054214, 0.319493424596846, 0.23553275285883465], [0.23229182955720745, 0.2076344729778297, 0.3229030375068578, 0.23717065985810848], [0.24240649634853895, 0.1953470893361098, 0.3429175305962853, 0.21932888361905506], [0.23229566044410305, 0.2013314258263127, 0.3493180734033108, 0.21705484022626623], [0.262867955597767, 0.22157261446564072, 0.3232973706777134, 0.19226205915887123], [0.2561097951002866, 0.21382280352300595, 0.3268678407216609, 0.20319956055505298], [0.2620474747193474, 0.22550599487030357, 0.3127222934944005, 0.1997242368159628], [0.2493429058379853, 0.22095147991793623, 0.31993713255796746, 0.20976848158610906], [0.25399625786364616, 0.21775194875593604, 0.31852573794790434, 0.20972605533251634], [0.24454320891012749, 0.2231471325753701, 0.32349524560192944, 0.2088144128125666]], "ideal": "C", "sampled": "A", "correct": false}}
{"type": "result", "data": {"idx": 16, "options": ["A theoretical assumption", "An illustration", "A theoretical model", "An example serving as a model"], "probs": [[0.5152784636548651, 0.18031113719544897, 0.2075706813462921, 0.09683971770342106], [0.5014167520540022, 0.18752342574601152, 0.2132223838035736, 0.09783743829640781], [0.500291591294833, 0.18331296404226025, 0.22094279132963504, 0.0954526532332698], [0.4989307372930231, 0.18806431980232474, 0.2227605099425611, 0.09024443286207293], [0.4877177021187396, 0.1924809964876003, 0.22390315678420372, 0.09589814450946084], [0.4928442616751699, 0.18859354241251855, 0.22416290686572732, 0.09439928894658636], [0.4650611933450224, 0.18527897118679953, 0.23668437614893514, 0.11297545921925316], [0.4510369456913698, 0.19377474947579942, 0.24290874064510606, 0.1122795640877301], [0.4636109548885874, 0.18749389003609443, 0.23721131847978993, 0.11168383649552058], [0.45339887022452285, 0.19662702214101518, 0.24088352790778816, 0.10909057962667314], [0.43852444941886737, 0.19481419245590575, 0.2521542762943393, 0.11450708173089098], [0.4401802897701398, 0.19841368995110775, 0.24816839508683328, 0.11323762509191516], [0.517021073658612, 0.18327834459881936, 0.20799466003450956, 0.09170592160807088], [0.5124227185562779, 0.18936527930984712, 0.213335266042182, 0.08487673599169565], [0.530331218503706, 0.18283239531314951, 0.1967223903662067, 0.09011399571692248], [0.5154189936160993, 0.19241775120389681, 0.20190438229037805, 0.09025887278964134], [0.5117944154069515, 0.18676784134458574, 0.21298093863915582, 0.08845680450929808], [0.5063668683006796, 0.19297649246055892, 0.21159008893717057, 0.08906655020160743], [0.4811373481360044, 0.20105410337206067, 0.22191871231592786, 0.09588983607599733], [0.4890208280684549, 0.19792791824146858, 0.22023296014583918, 0.09281829344422647], [0.49544768335679207, 0.19598326126439644, 0.2130981978392399, 0.09547085743957263], [0.4958717566627716, 0.19809178121166843, 0.21129262292851772, 0.09474383909704162], [0.4926984538194961, 0.19651810556431176, 0.22127108120173516, 0.08951235931446706], [0.48533508527769, 0.20054438281963555, 0.2226296008065673, 0.09149093099611998]], "ideal": "D", "sampled": "C", "correct": false}}
