{"type": "result", "data": {"idx": 0, "options": ["Wrong, Wrong", "Wrong, Not wrong", "Not wrong, Wrong", "Not wrong, Not wrong"], "probs": [[0.3921036846345746, 0.24489696662091287, 0.2297564180457452, 0.1332429305987735], [0.3889083821760845, 0.2453842134324724, 0.22543078129539687, 0.14027662299606683], [0.39468765254842186, 0.24262332913833531, 0.23316192624621507, 0.12952709196702775], [0.39033165081383864, 0.23940914793895776, 0.2346278131716068, 0.13563138797558497], [0.38202920107948896, 0.23855844512629848, 0.23589010001551142, 0.14352225367870244], [0.3771641150001922, 0.23828301614443098, 0.23712309817821894, 0.14742977057713633], [0.4006347534779747, 0.23731541983291532, 0.23001422852641176, 0.1320355980627001], [0.3972250961521791, 0.23476735146910926, 0.22669724462181595, 0.14131030765690605], [0.38740968119813163, 0.23877243722145097, 0.2375670745018002, 0.13625080697862393], [0.3784980773547283, 0.23541450498134137, 0.2398071288822693, 0.14628028868166104], [0.3874322983821943, 0.23012338848870034, 0.24491570674185553, 0.1375286062872636], [0.37584082050027773, 0.22877851921753944, 0.24899730896794892, 0.14638335121424365], [0.3850441585452178, 0.2248497291896991, 0.24497833790382112, 0.14512777426126494], [0.3884939835626762, 0.2218381246237854, 0.24187466740029182, 0.14779322431325206], [0.3822632885705535, 0.22552389524798674, 0.24506243249762835, 0.1471503835838234], [0.3775543190250562, 0.22510906722012808, 0.24554266612717407, 0.15179394752765016], [0.3919397743149239, 0.21969808964694115, 0.2438688472435479, 0.14449328869457573], [0.38386595068676105, 0.22163958998021283, 0.24842827566032485, 0.14606618357271206], [0.3691282463664639, 0.24453520904039647, 0.23973748402652406, 0.14659906046661997], [0.3724359835942503, 0.24374236478810465, 0.23551996518717255, 0.1483016863304747], [0.35509476070196927, 0.24298617931051292, 0.2593687704212997, 0.14255028946620424], [0.35267444529833797, 0.2458807179680506, 0.2608069452622199, 0.14063789137137686], [0.3752157963536903, 0.24407454105654575, 0.24370446812932497, 0.13700519436042619], [0.3702859496778597, 0.2463241780475642, 0.2463670948243002, 0.13702277735027255]], "ideal": "D", "sampled": "A", "correct": false}}
{"type": "result", "data": {"idx": 1, "options": ["Wrong, Wrong", "Wrong, Not wrong", "Not wrong, Wrong", "Not wrong, Not wrong"], "probs": [[0.38648369492416057, 0.2597256568629799, 0.22131132685969726, 0.13247932125315895], [0.3828559983594696, 0.2612352531378287, 0.2158927259852956, 0.14001602241740174], [0.3941949154572731, 0.2557071441803123, 0.22197543765744754, 0.1281225026049691], [0.3908254710291768, 0.2531150211293611, 0.22330486002108293, 0.13275464772036882], [0.37915035449761164, 0.2538808169083917, 0.22484466716235518, 0.14212416133163944], [0.3756658865428528, 0.2513384486903947, 0.22786147649547397, 0.145134188171281], [0.39640966027410374, 0.25355987345646225, 0.218918988481052, 0.1311114776883941], [0.39137895017054675, 0.2531701347536935, 0.21515713088609179, 0.14029378408965665], [0.38254685980614866, 0.25459347121294723, 0.22651809870705442, 0.13634157017384238], [0.3723636890385302, 0.25379538171578014, 0.2281091421765698, 0.14573178696911998], [0.3818098597882753, 0.24627157430549876, 0.23444836461849558, 0.13747020118774217], [0.3712595522487944, 0.24447366937895962, 0.23841971595151867, 0.1458470623207268], [0.3859355330531487, 0.24127980161615484, 0.23089834062157977, 0.14188632460911896], [0.3879188268977305, 0.23998329314746916, 0.22901896012959772, 0.14307891972521186], [0.38261615844745017, 0.2407018380096413, 0.23377500176459523, 0.14290700167832276], [0.37528824967398283, 0.2435459721091223, 0.23271312356409038, 0.14845265455280393], [0.38898537948403605, 0.23691200719450506, 0.23255991398403406, 0.14154269923741386], [0.379192118564524, 0.2400955609676496, 0.2358735199493268, 0.14483880041849664], [0.3677863614319836, 0.2606266094159955, 0.22821936096906958, 0.14336766808294402], [0.37209710393300716, 0.2578513610166643, 0.2264621288186374, 0.14358940613169416], [0.3571419036201527, 0.25887076625347827, 0.24618462175569916, 0.13780270827068955], [0.35507179343275297, 0.2624321378141657, 0.24743451710374803, 0.13506155154933877], [0.37509179024006495, 0.2598995218062682, 0.23197334312653023, 0.13303534472713752], [0.3693997011342581, 0.2630971212434599, 0.23336298734938668, 0.13414019017291298]], "ideal": "A", "sampled": "A", "correct": true}}
{"type": "result", "data": {"idx": 2, "options": ["Wrong, Wrong", "Wrong, Not wrong", "Not wrong, Wrong", "Not wrong, Not wrong"], "probs": [[0.40122340604142936, 0.2540913720433939, 0.21905911792023824, 0.1256261038949358], [0.3973827112059054, 0.2531600299584902, 0.21517005126757666, 0.13428720746802678], [0.40448786772651163, 0.24919757333776082, 0.2229439664731777, 0.12337059236256111], [0.39844103961043204, 0.24516807181127295, 0.2257907593410513, 0.13060012913722607], [0.39331239798208345, 0.24503088321615468, 0.2243085482030117, 0.13734817049875503], [0.3879182903853754, 0.24374674530749943, 0.2269769783863329, 0.14135798582078443], [0.40969618366013794, 0.24524726791742218, 0.21880399746062282, 0.12625255086182505], [0.4063851863878829, 0.24214726591967686, 0.21529976575069637, 0.13616778184174153], [0.3962930854030899, 0.2457590505291998, 0.22563558208452467, 0.13231228188318092], [0.3885707308681599, 0.24145265717790018, 0.2289879014952259, 0.14098871035869678], [0.39802353933538526, 0.2365076806488257, 0.23323456114309654, 0.13223421877268912], [0.38780601303710643, 0.23328991232094828, 0.2383449927668843, 0.14055908177506782], [0.3951709255839327, 0.23610916429021567, 0.23170956134194898, 0.13701034868391745], [0.3966846781841495, 0.23264949176853872, 0.23036164890227873, 0.140304181045034], [0.3928976069372138, 0.2358118083056506, 0.23104330939143783, 0.14024727526569505], [0.3878323225000313, 0.23540450850146474, 0.23212800852086396, 0.1446351603776499], [0.4015335755370816, 0.23036727606825197, 0.23147072565947424, 0.13662842263518782], [0.39447898044890317, 0.23149025941364584, 0.2360529593412774, 0.1379778006961665], [0.3799736600551373, 0.2532417062894831, 0.22979041556963598, 0.13699421798574585], [0.3823034639694306, 0.2519454287892773, 0.22717268157924878, 0.13857842556204678], [0.36793465142079024, 0.25156785183418034, 0.24632371524297395, 0.13417378140203953], [0.3661293013885752, 0.2535620115420638, 0.24881298065953364, 0.13149570630983295], [0.38991316483712896, 0.25251036087548645, 0.23029712371845393, 0.12727935046893807], [0.38528253298326276, 0.25454961611111393, 0.23359496445139077, 0.12657288635423]], "ideal": "D", "sampled": "A", "correct": false}}
{"type": "result", "data": {"idx": 3, "options": ["Wrong, Wrong", "Wrong, Not wrong", "Not wrong, Wrong", "Not wrong, Not wrong"], "probs": [[0.40488721441894654, 0.24299489720494075, 0.21412179882450064, 0.13799608945160005], [0.3999271514001556, 0.24320358214151716, 0.2095158907863074, 0.14735337557203654], [0.40749887951374636, 0.23828872209615198, 0.2183028349437005, 0.13590956334641205], [0.40338086841022736, 0.23434412217920209, 0.2193883000825908, 0.14288670922797136], [0.3950081823300684, 0.23330052753923977, 0.21938668464975608, 0.15230460538093765], [0.3892360395438837, 0.23319561748528203, 0.2221382956586203, 0.15543004721221015], [0.4085592054536988, 0.23979450732962146, 0.21166085891292, 0.13998542820376222], [0.4037916860965081, 0.2375277748401154, 0.20802395550127034, 0.15065658346210936], [0.39376066261128606, 0.24049885706377122, 0.22070172993786957, 0.14503875028707894], [0.38381570799816705, 0.23699190439716078, 0.2231495989179838, 0.15604278858669032], [0.39214153023012494, 0.23221812381576554, 0.22907504107747825, 0.14656530477663848], [0.3799660110741954, 0.2300000571973499, 0.23350671097001371, 0.15652722065844119], [0.3976685592694998, 0.226359927577587, 0.22438018654622163, 0.15159132650669593], [0.4000766671129848, 0.22295837944006386, 0.22161002926202383, 0.15535492408493828], [0.3936196590095003, 0.22640082546210374, 0.22700830441485229, 0.15297121101354555], [0.3879795386275547, 0.22588621909372972, 0.22640023190299197, 0.15973401027572703], [0.40028034571974724, 0.22115084792845524, 0.22567833659259365, 0.15289046965921615], [0.3915211731894253, 0.22300020021990097, 0.23026517785879583, 0.15521344863189257], [0.38214052713899127, 0.24352760066694926, 0.21916120144462434, 0.1551706706494233], [0.38647175285015195, 0.24095688064335075, 0.21610594619652967, 0.15646542020996346], [0.36899589136174, 0.2425228795826638, 0.2376503530412811, 0.1508308759143109], [0.36696575854750113, 0.24425352566855926, 0.2395373451459219, 0.14924337053803238], [0.3901171045102494, 0.24331828958749394, 0.22205143215089257, 0.14451317365137792], [0.3841854253717238, 0.24528996563742797, 0.22581266689843746, 0.14471194199239398]], "ideal": "B", "sampled": "A", "correct": false}}
{"type": "result", "data": {"idx": 4, "options": ["Wrong, Wrong", "Wrong, Not wrong", "Not wrong, Wrong", "Not wrong, Not wrong"], "probs": [[0.38970133092904224, 0.2343743591710173, 0.2428961787479368, 0.133028131051995], [0.38607524308956814, 0.23562999689590614, 0.23700049877412918, 0.1412942611403913], [0.3946498945470251, 0.2304460550513489, 0.24391476521003433, 0.1309892850916061], [0.3907850414846925, 0.22919424425206403, 0.2446469239357239, 0.1353737902275177], [0.3803600360857361, 0.22592328750755541, 0.24726282329398877, 0.14645385301272362], [0.37705324510050037, 0.22679728088185455, 0.24842072735608325, 0.14772874656156257], [0.39411648022424994, 0.2281227589451315, 0.24251209201255242, 0.13524866871807067], [0.390711513297633, 0.22643976309233754, 0.23747627809681274, 0.14537244541321998], [0.38035734545538485, 0.22821230939180528, 0.2518678296306582, 0.13956251542216128], [0.3721436737778008, 0.22691457171075502, 0.25198701985978317, 0.14895473455167108], [0.3808688154597418, 0.22043513256635686, 0.257001377169322, 0.1416946747045728], [0.37191126839174005, 0.21940686053088423, 0.25940148239357425, 0.1492803885838124], [0.3842633169259727, 0.21543473676735359, 0.25269353025661917, 0.14760841595005025], [0.38641747824511524, 0.2133866272756988, 0.25043394330863206, 0.149761951070549], [0.37965660721575883, 0.21447121081803605, 0.2571506775374029, 0.14872150432879852], [0.37273979979775174, 0.2156632193064184, 0.25724680176899084, 0.15435017902684461], [0.3859944233632814, 0.2111793246078418, 0.25641098991588696, 0.14641526201299862], [0.3782715596861967, 0.21281518653940437, 0.25940719459192335, 0.14950605908246892], [0.3671883269280444, 0.23518484433188072, 0.24773444433596611, 0.1498923843041148], [0.3721899918466471, 0.23390387864853848, 0.24414966107222505, 0.14975646833258488], [0.354746919901974, 0.2331893427695277, 0.267868177110188, 0.14419556011832016], [0.35336631308571487, 0.23525232205681337, 0.2695644626781286, 0.14181690207933786], [0.37484634900599584, 0.23516392134915437, 0.25290589835957605, 0.13708383118528014], [0.3682610403559256, 0.2379248982218757, 0.2552174128395834, 0.13859664848261793]], "ideal": "D", "sampled": "A", "correct": false}}
{"type": "result", "data": {"idx": 5, "options": ["Wrong, Wrong", "Wrong, Not wrong", "Not wrong, Wrong", "Not wrong, Not wrong"], "probs": [[0.4275522933112269, 0.22300163658895933, 0.21701121973055496, 0.1324348502692523], [0.42713090977301776, 0.222867039674202, 0.21080540296652694, 0.13919664748624902], [0.4281175020647061, 0.22140358637837645, 0.2186371143790498, 0.1318417970778726], [0.429404304374957, 0.21655493995107475, 0.21747513562367915, 0.13656561995029995], [0.4191440764428387, 0.21427461075987095, 0.22234556419587095, 0.14423574850141935], [0.41280994884099503, 0.21602674141427095, 0.22500953686618413, 0.14615377277854835], [0.42772832379445436, 0.22280878248898545, 0.2152239730874028, 0.13423892052916683], [0.4281653285555477, 0.21988917187600351, 0.2090619281134317, 0.14288357135502427], [0.4200512466525671, 0.22447940355528628, 0.22026447259189036, 0.1352048771002636], [0.41590259555908016, 0.22118248160441797, 0.22020694999700535, 0.14270797273950445], [0.4200341957513264, 0.21467348546057982, 0.23108574979070468, 0.13420656889739777], [0.4103388562997498, 0.21340816853718736, 0.23434448612327902, 0.141908488939796], [0.41908103954577036, 0.2106762278261909, 0.2272884612406653, 0.14295427128738386], [0.4268289774809363, 0.2074689825385283, 0.22300798358893026, 0.14269405629160012], [0.41727745042734554, 0.21130465706433144, 0.22523500911659294, 0.14618288329175042], [0.41912503011450525, 0.2108984560659309, 0.22385641635638726, 0.1461200973631883], [0.4286312296048543, 0.20561067590188006, 0.22579919232234041, 0.13995890207093847], [0.42370204792016, 0.20721840989982526, 0.2288938560895309, 0.14018568599049108], [0.40937445763231245, 0.22798510947238068, 0.2191162195291259, 0.14352421326619486], [0.41207356586046945, 0.2287023739136087, 0.21839757855151096, 0.1408264815744168], [0.3956365883057921, 0.22654055912648371, 0.2361330842225798, 0.14168976824514937], [0.39591223389139235, 0.22976426120045945, 0.2388795447458892, 0.13544396006227918], [0.4161052317934583, 0.23099196567278593, 0.2190606807194153, 0.1338421217143336], [0.4137790300865477, 0.2334377487978128, 0.2205636528989575, 0.1322195681166934]], "ideal": "C", "sampled": "C", "correct": true}}
{"type": "result", "data": {"idx": 6, "options": ["Wrong, Wrong", "Wrong, Not wrong", "Not wrong, Wrong", "Not wrong, Not wrong"], "probs": [[0.39950409120726027, 0.2634915790615603, 0.21335806517159184, 0.12364626445958797], [0.3958807951549936, 0.2632768447520509, 0.20916913092757158, 0.13167322906539086], [0.3993458411406065, 0.2597010513007065, 0.21822013491035636, 0.12273297254834006], [0.39579454935462693, 0.25590151674433004, 0.21933271276837338, 0.12897122103266662], [0.38562284772883015, 0.2564736294612448, 0.22249864067294586, 0.1354048820369557], [0.3817945135205691, 0.2547308992340054, 0.22423361003303252, 0.13924097711239386], [0.40329533658910094, 0.2593055682460571, 0.21271096561383718, 0.12468812945099865], [0.4003169369225113, 0.25708889011330427, 0.2089810247610213, 0.13361314810318342], [0.38734877826735514, 0.2597723115512689, 0.22233856491893783, 0.1305403451624429], [0.37942302515963294, 0.25656836765413643, 0.22506519244549508, 0.138943414640722], [0.38872622602028295, 0.2511726029340945, 0.23134850768581045, 0.12875266325980694], [0.3772718992257066, 0.24845186103224642, 0.2354830679667643, 0.13879317167527705], [0.38940966853152287, 0.24542553229622374, 0.22716676774769448, 0.1379980313245448], [0.3941415058308989, 0.24294588311869736, 0.22384301034463425, 0.13906960060574544], [0.38475570389027197, 0.24442480118314286, 0.22888375873909472, 0.14193573608750296], [0.3803956199516229, 0.24543717131732573, 0.22941458081098487, 0.1447526278200671], [0.39540973472521757, 0.2405722001487375, 0.22720554155724937, 0.13681252346880302], [0.38743839988037554, 0.2431938288564481, 0.2309496355028037, 0.1384181356603651], [0.3696135847204316, 0.262868984616857, 0.2263827417050393, 0.1411346888576732], [0.3737182892155685, 0.2611032321119592, 0.2231852902158389, 0.1419931883566262], [0.35753154232112655, 0.260659552325187, 0.24413355074376136, 0.13767535450992638], [0.35364068523644365, 0.26318595123413097, 0.24680084106874275, 0.13637252236068823], [0.37838497795681675, 0.2619188425330994, 0.22803138548362065, 0.1316647939264447], [0.3727035021397926, 0.2643740308815218, 0.2313862807804015, 0.13153618609829232]], "ideal": "D", "sampled": "A", "correct": false}}
{"type": "result", "data": {"idx": 7, "options": ["Wrong, Wrong", "Wrong, Not wrong", "Not wrong, Wrong", "Not wrong, Not wrong"], "probs": [[0.39857412323477803, 0.2597037243045304, 0.2197663972742751, 0.12195575508642043], [0.3956424970567725, 0.25972704574802624, 0.21570192450407086, 0.12892853259113973], [0.4009204943107693, 0.25449685139177, 0.22295571000863215, 0.12162694418882769], [0.39983365536344423, 0.2499585092069349, 0.22370677565850394, 0.1265010596711026], [0.38876162315505736, 0.25020266079229825, 0.22591197365534443, 0.13512374229729746], [0.3823528008857241, 0.24924918621598863, 0.22855638706801062, 0.13984162573027217], [0.4009965870687409, 0.2583028258633002, 0.21710776072870147, 0.12359282623923848], [0.39756189905429895, 0.25661002495237817, 0.21389843405861314, 0.1319296418347045], [0.38317522639511614, 0.2599023802067266, 0.22715141550205475, 0.12977097779612032], [0.37515255060930863, 0.2561477910410256, 0.2288355046146617, 0.13986415363502847], [0.3874984501429341, 0.2491135038997039, 0.2346529837344373, 0.12873506212291838], [0.3758727736206451, 0.24701938434858314, 0.23906726112866358, 0.13804058080210332], [0.39210218631699695, 0.24165406246331825, 0.23048768157726596, 0.13575606954242056], [0.39455800474031466, 0.23902092911305017, 0.22801181779662444, 0.13840924825001166], [0.38996433539861275, 0.24215665704290049, 0.22890927467052918, 0.13896973278796557], [0.3837602060964644, 0.24275676735118745, 0.22964160991911414, 0.14384141653323956], [0.39734738090901517, 0.23779257386352556, 0.22967431603312236, 0.13518572909434148], [0.3903654215333755, 0.24017109910188814, 0.2332899386041571, 0.13617354066057344], [0.3761100815201758, 0.25965440706100407, 0.225941119277252, 0.13829439204155697], [0.3774026793484971, 0.258558196857255, 0.22417664989610048, 0.13986247379815667], [0.3632794578067707, 0.25868247478109624, 0.24121403462851368, 0.13682403268360316], [0.3588481290560553, 0.26069209528605025, 0.24434769752123472, 0.1361120780366577], [0.38273191940024, 0.2625076289026492, 0.22575335670614133, 0.12900709489097556], [0.37891447963852354, 0.2643281758343815, 0.22770767304885034, 0.12904967137823845]], "ideal": "D", "sampled": "A", "correct": false}}
{"type": "result", "data": {"idx": 8, "options": ["Wrong, Wrong", "Wrong, Not wrong", "Not wrong, Wrong", "Not wrong, Not wrong"], "probs": [[0.3913663740592253, 0.23742471227137543, 0.23119571558675525, 0.1400131979826505], [0.3890103748553621, 0.2362527167224023, 0.2249327429301796, 0.14980416539205724], [0.39806928040378725, 0.2342833381262117, 0.23014703565867287, 0.13750034571132294], [0.39416627801126713, 0.23151308465317247, 0.23010262320640323, 0.14421801402915874], [0.38653878431636035, 0.22818809227219317, 0.23310099342996762, 0.1521721298814681], [0.380977449163955, 0.22865608838740115, 0.234466881412724, 0.1558995809359189], [0.39368782641495936, 0.2355611461774382, 0.22989823348775856, 0.14085279381984395], [0.3916165014448107, 0.23171355106138755, 0.22366614019599412, 0.1530038071978038], [0.3842308641673575, 0.23584390273170175, 0.23492576216189806, 0.1449994708390696], [0.377291686699025, 0.23186466348122461, 0.23472709598581, 0.15611655373392444], [0.38444239711874995, 0.22629994790506316, 0.24303461375368463, 0.14622304112249906], [0.3735259531994222, 0.22345046866849602, 0.24450317051721646, 0.15852040751486365], [0.3871795947409494, 0.22120215616815125, 0.23835973888334194, 0.1532585101075517], [0.3902598114319701, 0.21827405840595465, 0.2350824158560331, 0.15638371420604874], [0.38324865347627196, 0.22119837198929454, 0.23947223872737058, 0.1560807357070705], [0.3796911344557626, 0.22024477679770735, 0.23793497094078825, 0.162129117705739], [0.39126951727802084, 0.2151396777830092, 0.23880460364058717, 0.1547862011983809], [0.385020025466708, 0.21542750803110108, 0.24143920380106243, 0.15811326260111294], [0.3753457967612556, 0.23730838730682954, 0.23231251159869, 0.15503330423323328], [0.3786021889599167, 0.23542456539601206, 0.22971218730563744, 0.15626105823841938], [0.3621796094287937, 0.23524810949108788, 0.25135443450798123, 0.15121784647212122], [0.35928367553727325, 0.2370128290839651, 0.2535534425106763, 0.1501500527680906], [0.37992048828462704, 0.2356599097080814, 0.23548158536568217, 0.14893801654161654], [0.37574052792680845, 0.23790816640370493, 0.23777371999396194, 0.14857758557554077]], "ideal": "A", "sampled": "A", "correct": true}}
{"type": "result", "data": {"idx": 9, "options": ["Wrong, Wrong", "Wrong, Not wrong", "Not wrong, Wrong", "Not wrong, Not wrong"], "probs": [[0.3951906781084312, 0.24842091005358002, 0.22034014686694603, 0.13604826487103994], [0.3932051290218227, 0.2487659519829327, 0.21463898072881418, 0.14338993816641166], [0.4028361274023837, 0.2441192119166194, 0.22087829936938427, 0.13216636121162956], [0.3978318459617791, 0.24164770546698028, 0.2223521266492262, 0.13816832182201988], [0.3885751120292163, 0.24083502032982637, 0.2242829884212846, 0.14630687911968385], [0.3826825658013984, 0.24016314959910381, 0.22633815494089948, 0.1508161295586013], [0.3980180360227809, 0.24536103120713051, 0.21933607067256194, 0.13728486199751505], [0.39492284021728263, 0.24283693784831722, 0.2145671262370794, 0.14767309559731717], [0.3835475881993549, 0.245713392043311, 0.22752182994712614, 0.14321718971021719], [0.37490321124988896, 0.24407729362968794, 0.22815245125861228, 0.15286704376182036], [0.38508587063577754, 0.23742359367113042, 0.23399925617731354, 0.14349127941578746], [0.3723582338031183, 0.23614673418730675, 0.23702044734413769, 0.15447458456542038], [0.3865111013016703, 0.23209760440683277, 0.22902934444530929, 0.1523619497461782], [0.3899757680903246, 0.23030004222301073, 0.22617556994130736, 0.15354861964536143], [0.38192656985716245, 0.23173521749293652, 0.23286530754717272, 0.15347290500272956], [0.37623877597678224, 0.23231324993169042, 0.2317609339726762, 0.15968704001882605], [0.3883705138771786, 0.22664451596854648, 0.23082733151988602, 0.15415763853438894], [0.3811102126369627, 0.22872581848626952, 0.23404746282711603, 0.15611650594966703], [0.3733045440039905, 0.24971245674817294, 0.22647915476239483, 0.15050384438543812], [0.37537506028684753, 0.2479384795908068, 0.2242331410994465, 0.1524533189228917], [0.35915090017769713, 0.24831686753696416, 0.24588991453140885, 0.14664231765393598], [0.357460328928, 0.24974468070435923, 0.24683818906319727, 0.14595680120445406], [0.37573985652537595, 0.2472129327681271, 0.23187750728836634, 0.1451697033181408], [0.3732025108682565, 0.24916312681930344, 0.2336320962318314, 0.14400226598060578]], "ideal": "C", "sampled": "A", "correct": false}}
{"type": "result", "data": {"idx": 10, "options": ["Wrong, Wrong", "Wrong, Not wrong", "Not wrong, Wrong", "Not wrong, Not wrong"], "probs": [[0.3778011317634706, 0.24543817719180536, 0.24071661670270766, 0.13604407424201811], [0.3720135314037502, 0.2460971215399547, 0.2354573727901592, 0.14643197416613066], [0.3822866052441284, 0.23970588934122175, 0.24310666276411394, 0.1349008425505368], [0.37887465500267203, 0.23706795436440842, 0.243564730292217, 0.14049266024071186], [0.36960833672934096, 0.23646362579836, 0.24556003110100086, 0.14836800627130584], [0.36688061834129393, 0.23527027810734277, 0.24623740913490222, 0.15161169431647087], [0.38451958411418846, 0.237562627878299, 0.24016310429828816, 0.13775468360923182], [0.3797176940985693, 0.23540620208426438, 0.23636750304480164, 0.14850860067236493], [0.37264213475293323, 0.2380875169892525, 0.24740690859066258, 0.14186343956714048], [0.3633904951181628, 0.23442736135866468, 0.24874070426521944, 0.15344143915795555], [0.3714301243774766, 0.228774324813036, 0.25657427350722606, 0.14322127720227046], [0.36113068876696086, 0.2256084476217093, 0.2588369038651854, 0.15442395964613995], [0.3709213330609909, 0.2265169975024658, 0.2516692337152413, 0.1508924356212981], [0.3741133161932645, 0.2237494873747467, 0.24931859577696963, 0.15281860055501856], [0.36877720175896767, 0.2254206384400835, 0.25477664486068174, 0.15102551484027357], [0.3614657760156724, 0.22591277211148897, 0.2542143350080145, 0.15840711676482294], [0.3748849268928892, 0.22028491374351794, 0.25443239997187767, 0.15039775929168378], [0.3659954207293995, 0.22180485900092411, 0.25780267332378526, 0.1543970468458979], [0.35859827536911165, 0.24456462651355582, 0.24846031922168832, 0.14837677879564595], [0.36335962597252763, 0.2421777621133759, 0.24449804066101, 0.14996457115308695], [0.3462007577253642, 0.2424650754036752, 0.266795216911441, 0.14453894985952354], [0.34364803912241154, 0.24465452170794563, 0.2675624199186307, 0.14413501915100516], [0.36542568357238525, 0.24240802787999124, 0.25261840650708817, 0.13954788194052262], [0.3580076312296906, 0.24499108793151012, 0.2551181072070245, 0.1418831735317753]], "ideal": "D", "sampled": "A", "correct": false}}
{"type": "result", "data": {"idx": 11, "options": ["Wrong, Wrong", "Wrong, Not wrong", "Not wrong, Wrong", "Not wrong, Not wrong"], "probs": [[0.4040437561402869, 0.2590649314226815, 0.21489583062977138, 0.12199548170726525], [0.399439220209163, 0.25960859859688523, 0.21146928107447102, 0.1294829000194773], [0.40722757116916225, 0.254625483410159, 0.21700835012159927, 0.12113859519907075], [0.40327317501386756, 0.2513828200980737, 0.219051679631201, 0.12629232515684102], [0.39413562437355776, 0.25220343182644744, 0.2202564114568963, 0.1334045322431108], [0.38912531665940114, 0.2502519759721784, 0.22275154926060928, 0.13787115800782404], [0.4084576886283245, 0.2544268210554577, 0.21306913544208902, 0.1240463547741318], [0.4038110860619324, 0.2532464807284984, 0.20999885550869798, 0.13294357760086584], [0.39506959126058927, 0.2553168363209839, 0.22054692905565396, 0.12906664326279785], [0.38782187287225967, 0.25282286938893817, 0.2227570811102497, 0.13659817652856115], [0.3979723969447402, 0.2467880075197167, 0.2271365446991712, 0.12810305073638625], [0.3862927279137148, 0.24516271137443915, 0.23163680189306582, 0.13690775871879474], [0.4042986798196895, 0.23870566590625977, 0.22288553985417595, 0.13411011431987718], [0.4096506870459981, 0.23629783620077852, 0.2203694343828544, 0.13368204227037414], [0.40192725219510034, 0.2390795873312922, 0.22253412880004958, 0.1364590315735742], [0.3980037060552274, 0.24141785313018685, 0.2231668133558655, 0.13741162735871715], [0.41157204194812147, 0.23634613878211364, 0.220741317226683, 0.13134050194307062], [0.40522341012954505, 0.23841512432921672, 0.22443726650861212, 0.1319241989326272], [0.38658923101964077, 0.2585104931730953, 0.2196270462305179, 0.13527322947673315], [0.39197824903409034, 0.2564326305605013, 0.21684933895346237, 0.13473978135194817], [0.3744855377931014, 0.2572926055492962, 0.23628013446381405, 0.13194172209377392], [0.3745956381463194, 0.2589603145969215, 0.23808938145635516, 0.1283546657004324], [0.3959296946875113, 0.25968986331171934, 0.22058994628576964, 0.12379049561499912], [0.391221805278719, 0.2623932642397613, 0.2234673201300307, 0.1229176102515041]], "ideal": "B", "sampled": "C", "correct": false}}
{"type": "result", "data": {"idx": 12, "options": ["Wrong, Wrong", "Wrong, Not wrong", "Not wrong, Wrong", "Not wrong, Not wrong"], "probs": [[0.40188582782793986, 0.25525441314741604, 0.22049459582019917, 0.12236516310443309], [0.39703364566694616, 0.2567546557675345, 0.21620716787307537, 0.13000453059242964], [0.40657341453070517, 0.25218112643721396, 0.21991952475465523, 0.1213259341774441], [0.40116975177623687, 0.24970281759302226, 0.22210026046834044, 0.12702717006240255], [0.39272317324316464, 0.24814803155235327, 0.22360772125770095, 0.13552107384677192], [0.3856295784496734, 0.24701665179754087, 0.22777579637908785, 0.13957797327370533], [0.40459556557825127, 0.25202839512247904, 0.2173585035009507, 0.1260175356983107], [0.40121229803338193, 0.2509462733885566, 0.21270433447839457, 0.13513709399966797], [0.38867737220441856, 0.25320902668394846, 0.22559048902352907, 0.1325231119881103], [0.37944935501184957, 0.25196175130886433, 0.22756220080181244, 0.14102669277744714], [0.3885645187280691, 0.2445467276306832, 0.23386118906105813, 0.13302756448019318], [0.37585826755880886, 0.243767069964486, 0.237828811828703, 0.1425458505480067], [0.3935779361100697, 0.23692877469856036, 0.23198480036747138, 0.13750848872388635], [0.39689867471075374, 0.23523835272051066, 0.2288436218649286, 0.1390193506038016], [0.39046213911293265, 0.23718428627232938, 0.23164180183981165, 0.14071177267492258], [0.38439787326580643, 0.23944782202025805, 0.23171351593896772, 0.14444078867496773], [0.3974556308550756, 0.23547525722666499, 0.23065449792179415, 0.13641461389646659], [0.3899371968469338, 0.23782024412207267, 0.23399130929588532, 0.13825124963510996], [0.38111285774570264, 0.2589427178508658, 0.22068438734639054, 0.13926003695704903], [0.38419675044665125, 0.25695801797333384, 0.21897246355064232, 0.13987276792937078], [0.36614913477964384, 0.2570149098318177, 0.2416181823055555, 0.135217772982979], [0.3626384054259897, 0.25902225500495185, 0.24432322414866206, 0.13401611532038957], [0.38640536808533615, 0.26089261794518814, 0.22524339984654473, 0.12745861402293648], [0.38152129329962764, 0.2641661500045783, 0.22754828554164702, 0.12676427105413496]], "ideal": "C", "sampled": "A", "correct": false}}
{"type": "result", "data": {"idx": 13, "options": ["Wrong, Wrong", "Wrong, Not wrong", "Not wrong, Wrong", "Not wrong, Not wrong"], "probs": [[0.3872727359034455, 0.2640740404937082, 0.21763755046149355, 0.13101567304135647], [0.3819616302318724, 0.26437291323684015, 0.2138639902817551, 0.13980146614953337], [0.39266874388655926, 0.2593941613307435, 0.2192538461979477, 0.12868324848474205], [0.38845058249589026, 0.2562504350754193, 0.22054497059134087, 0.13475401173735252], [0.37814286228178895, 0.2577161405974719, 0.2225126496231024, 0.14162834739764343], [0.3741208598036243, 0.2560061863750017, 0.22439623474040607, 0.1454767189809847], [0.3933258556886615, 0.25871656058087983, 0.21482282651333207, 0.1331347571171159], [0.3891522049032987, 0.25699201849446696, 0.21098623857662163, 0.1428695379256343], [0.38005274373503034, 0.2611427181380563, 0.22160873274430967, 0.1371958052825931], [0.3698202815806268, 0.25885359791801066, 0.22366522501899894, 0.14766089538236446], [0.3796570076497874, 0.25214990173171076, 0.23045153657487974, 0.1377415539436073], [0.36762682332168206, 0.25035306186306877, 0.23354245274836274, 0.14847766196689657], [0.3798099252387131, 0.24613961381755534, 0.22820602075855442, 0.14584444008517322], [0.38225891361398456, 0.24338772191091207, 0.22621754421182882, 0.1481358201632677], [0.3771770041603646, 0.2463984420500253, 0.22699876210567632, 0.14942579158393357], [0.36958993372978444, 0.24753532946277435, 0.22779316604870029, 0.15508157065872566], [0.38337208877051404, 0.2415690149254709, 0.22779444780230132, 0.14726444840170214], [0.3741268744881129, 0.24427676024612097, 0.23163813786866874, 0.1499582272970932], [0.3652247707587745, 0.26417159718355887, 0.22297720584954173, 0.14762642610814003], [0.3678717831452433, 0.26343237884046444, 0.2206788150939939, 0.1480170228202886], [0.3522858976733801, 0.26255462313710726, 0.24056227157456386, 0.14459720751492425], [0.34801498709606504, 0.2664659608958129, 0.24190159948679354, 0.1436174524213339], [0.3716791374945305, 0.26463439400583294, 0.224567111412441, 0.13911935698720837], [0.36417524442354127, 0.26816499113314685, 0.227512258735754, 0.14014750560756378]], "ideal": "A", "sampled": "A", "correct": true}}
{"type": "result", "data": {"idx": 14, "options": ["Wrong, Wrong", "Wrong, Not wrong", "Not wrong, Wrong", "Not wrong, Not wrong"], "probs": [[0.41575673065520613, 0.23644347204213867, 0.21901027830453404, 0.12878951889811557], [0.41420429832666483, 0.2369261785180362, 0.21381501146076984, 0.13505451159452986], [0.41794093396585474, 0.23499284093907044, 0.2174745356897647, 0.12959168930531956], [0.4150145830573601, 0.23091178224332423, 0.21964302403013214, 0.1344306105691738], [0.40598930885228335, 0.2289670826209817, 0.22298158857512498, 0.14206201985160602], [0.3985376968040591, 0.23008479868140339, 0.22645383852313733, 0.14492366589139133], [0.4206377894883405, 0.23633311553100836, 0.21312680917117122, 0.12990228570946932], [0.4190298919776158, 0.23408899329027144, 0.20900956222140363, 0.1378715524107217], [0.40922434261021595, 0.23748676716459968, 0.218747198436919, 0.13454169168826097], [0.4029998778893875, 0.23477363584078045, 0.22084522245106, 0.14138126371877202], [0.4078458295975382, 0.23075015969696494, 0.2280935625445382, 0.13331044806097148], [0.39611797891369793, 0.229738699828054, 0.2327915568861335, 0.1413517642721098], [0.4101904875021942, 0.22434426031848925, 0.22570032182747274, 0.13976493025184844], [0.41523054955637156, 0.22180462956594832, 0.2232875549436599, 0.13967726583402276], [0.4073125375089787, 0.22423875413784616, 0.22400225057601172, 0.14444645767716663], [0.4046179051181586, 0.2253851273932702, 0.22539943198962167, 0.14459753539895315], [0.4171050259164658, 0.22074994966397216, 0.22295040997677637, 0.13919461434277047], [0.4087740497692772, 0.2230717948543771, 0.22713569178873755, 0.141018463487601], [0.39644189466668517, 0.24209839715005813, 0.22005954331379557, 0.14140016476946804], [0.39865220471518414, 0.24198721613409477, 0.21850853906574194, 0.1408520399850028], [0.38252392916848876, 0.24289277519139155, 0.23524401350177926, 0.13933928203832413], [0.38046900104819514, 0.24620792715995155, 0.23840681917451426, 0.1349162525173384], [0.40612957035452685, 0.24500259599855786, 0.2175739079679416, 0.13129392557898736], [0.40110016673997767, 0.24709970986281274, 0.22092520265840349, 0.13087492063878806]], "ideal": "D", "sampled": "C", "correct": false}}
{"type": "result", "data": {"idx": 15, "options": ["Wrong, Wrong", "Wrong, Not wrong", "Not wrong, Wrong", "Not wrong, Not wrong"], "probs": [[0.3776674568452238, 0.26613824523542795, 0.22262930333498207, 0.13356499448437403], [0.37490869209048583, 0.2667362799523489, 0.2179278119269047, 0.1404272159302676], [0.3798271536041815, 0.262635682838911, 0.2246029997572643, 0.13293416369965283], [0.3754496797027357, 0.25856728121901573, 0.22681979618608275, 0.13916324279216086], [0.36846256177205106, 0.25790128693438086, 0.2281338362056642, 0.1455023149879057], [0.36229509756359063, 0.2573574146042264, 0.23005711994800726, 0.15029036778418464], [0.3781430458018958, 0.26201545949151034, 0.2234143503393496, 0.13642714426724134], [0.3750408811462885, 0.2591128091574138, 0.21975245308743022, 0.14609385650888607], [0.36281380674695307, 0.2641703580172892, 0.23166367062812215, 0.14135216450763927], [0.3558085586604629, 0.2593171967263985, 0.23478229348729215, 0.15009195102582806], [0.36625137217091175, 0.25326635463798336, 0.2407493421269914, 0.13973293096410558], [0.3552289392042429, 0.25075028821721496, 0.2446297290325537, 0.1493910434459904], [0.3647250017756103, 0.24733909637436588, 0.23755097678537188, 0.15038492496464623], [0.36714509659648065, 0.24416615490145716, 0.23529333234353864, 0.15339541605853615], [0.3622848237264549, 0.24734454232667785, 0.2373998689320342, 0.1529707649148259], [0.356009437903463, 0.24687516091429867, 0.23970801135191114, 0.15740738973032314], [0.3695610094343523, 0.2394648089337946, 0.2407158256231094, 0.15025835590875994], [0.3624036403636578, 0.2416036983536059, 0.24448733448115875, 0.15150532670158706], [0.35258088479321276, 0.26294781956689234, 0.23321001392998372, 0.1512612816099036], [0.3568502954481862, 0.26128746472513087, 0.2300854743008412, 0.15177676542584584], [0.342582675118413, 0.2621913242927151, 0.24757384798820378, 0.14765215250065813], [0.3393268435355438, 0.26417541624961893, 0.25006223036955705, 0.14643550974527514], [0.3612609089247165, 0.26186656490299137, 0.23334446084747204, 0.14352806522480804], [0.3553480084761784, 0.2646854317162078, 0.236609352755759, 0.14335720695184156]], "ideal": "A", "sampled": "A", "correct": true}}
{"type": "result", "data": {"idx": 16, "options": ["Wrong, Wrong", "Wrong, Not wrong", "Not wrong, Wrong", "Not wrong, Not wrong"], "probs": [[0.39228081750814425, 0.2487426713204287, 0.22685613945137495, 0.13212037162004037], [0.38758272316970543, 0.2480842920761978, 0.22248812721298747, 0.1418448574411334], [0.39538278888182926, 0.24450812205224778, 0.22906592539798004, 0.1310431635679533], [0.39058745874458495, 0.24047076056963673, 0.2317730017289615, 0.13716877885680298], [0.38363992885079357, 0.24015740519332082, 0.22939922019939432, 0.14680344565648443], [0.3788251426971969, 0.2396480711094581, 0.2327323217593356, 0.1487944643340137], [0.39426130132618337, 0.24567742376101936, 0.2259595894816976, 0.13410168533108202], [0.39027488010377775, 0.2428219171569703, 0.22282760012570688, 0.14407560251356147], [0.3821084555285759, 0.24550041006948464, 0.2320121311305928, 0.1403790031713432], [0.37514612128752967, 0.24158217212536043, 0.23367016719854947, 0.14960153928858044], [0.3821991575429325, 0.23645897997629847, 0.23909666453528108, 0.14224519784549472], [0.3743395880562696, 0.23388499579956606, 0.24155340321906343, 0.15022201282510203], [0.38430999975171, 0.23001596774385286, 0.2382612112753195, 0.14741282112909723], [0.38694122939007913, 0.22670501794496434, 0.23607222147804405, 0.15028153108691017], [0.38017263406237106, 0.2297423838228095, 0.24009718771080926, 0.14998779430402123], [0.37610029540900286, 0.2290188082343447, 0.23900658219856755, 0.1558743140580855], [0.39016639226378613, 0.22504258519083953, 0.23559494354268543, 0.1491960789026803], [0.38193839779427624, 0.22712807095415352, 0.23917594199981554, 0.15175758915175383], [0.3679157645389286, 0.24689791984101983, 0.23361405447405678, 0.15157226104598662], [0.3715155751474583, 0.2445594382141168, 0.23068229825485376, 0.1532426882835695], [0.35541509752480804, 0.24609372389977732, 0.25129096640450016, 0.14720021207091988], [0.35450739546907545, 0.2481256138831235, 0.2520899094740337, 0.1452770810737706], [0.3751581817893374, 0.2474264162211403, 0.23489011903605161, 0.14252528285347632], [0.3702051407367951, 0.24997496652554624, 0.23737050551843072, 0.1424493871192299]], "ideal": "D", "sampled": "A", "correct": false}}
{"type": "result", "data": {"idx": 17, "options": ["Wrong, Wrong", "Wrong, Not wrong", "Not wrong, Wrong", "Not wrong, Not wrong"], "probs": [[0.3764950875317722, 0.2789720891281462, 0.22643902176292197, 0.11809380147717795], [0.3716910540666051, 0.2807777149121397, 0.22143913692675415, 0.1260920939944994], [0.38214565383805216, 0.27284181768455723, 0.22955942146677225, 0.11545310691060319], [0.3794515557058036, 0.26994676536497847, 0.22949628347279577, 0.12110539535642123], [0.3679180327188279, 0.2721668793011167, 0.23074458282628754, 0.12917050505377145], [0.3651704411260733, 0.27097603512630497, 0.23180226972843823, 0.13205125391919165], [0.38013180604871705, 0.27411851100252416, 0.22694108780670047, 0.11880859504205207], [0.37567829952622245, 0.2738871118517467, 0.22261195636057352, 0.12782263216145753], [0.36489870808917574, 0.27605922057524274, 0.23547857332603594, 0.12356349790954345], [0.3564175881254799, 0.2755565686367342, 0.23610986589632027, 0.1319159772414563], [0.3678633104202383, 0.26823167722931895, 0.24044444314896643, 0.12346056910148655], [0.35626767376970536, 0.26840913098225133, 0.2436798710313618, 0.13164332411667568], [0.36630637413674266, 0.2644454721601538, 0.23810772536560798, 0.13114042823750596], [0.36886464665126206, 0.2621066616300883, 0.23493719078273775, 0.134091500835904], [0.36169289664412246, 0.2639684953513718, 0.2413383743030354, 0.13300023360148552], [0.3562645409461106, 0.26654811393650635, 0.23963537889972197, 0.13755196611767861], [0.36893422389090325, 0.2606323932494657, 0.2399359900884245, 0.13049739267120772], [0.35941159861207717, 0.264827340188826, 0.24341558131955032, 0.1323454797795427], [0.34881831493872606, 0.2818164306574881, 0.23589644805550683, 0.1334688062482881], [0.3539443513603942, 0.279105257708371, 0.23248534004519317, 0.13446505078602825], [0.3374070725573969, 0.2798416657804534, 0.2544847368026061, 0.12826652475955239], [0.3352383567264563, 0.2848105369059058, 0.2546991531067641, 0.1252519531608957], [0.35406601828585194, 0.282567150259075, 0.24111163452727077, 0.12225519682780632], [0.3489317626782297, 0.2858379994811915, 0.24244279699207158, 0.12278744074850029]], "ideal": "C", "sampled": "A", "correct": false}}
