{"type": "result", "data": {"idx": 0, "options": ["essential to our existence", "unimportant to most people", "not essential to our existence", "rarely viewed"], "probs": [[0.3502324365527999, 0.2374363112066511, 0.2580608855795276, 0.15427036656101015], [0.3543642186552463, 0.2356050504410239, 0.24869665735196095, 0.16133407345175763], [0.353247129717309, 0.23897032525650044, 0.25567350081316825, 0.15210904411302487], [0.37080156089536054, 0.23204565305460234, 0.24786287289959766, 0.14928991305044212], [0.3384798518562928, 0.23776267129500622, 0.25022247951782484, 0.17353499723086035], [0.34338627161053653, 0.2417616898308175, 0.2516900075665115, 0.1631620308921287], [0.3470850546479345, 0.2366783775402371, 0.25399868011452104, 0.16223788759730928], [0.35569998156155774, 0.23276970941149153, 0.2433222820469777, 0.1682080268799895], [0.3600000381097006, 0.2344329784595221, 0.24835329781392554, 0.1572136855168551], [0.35958455328255795, 0.23278747935221453, 0.24356086253298564, 0.16406710473223557], [0.335861788754873, 0.2368801008347921, 0.2564815114782843, 0.17077659883205268], [0.3359658651112172, 0.23291755159814184, 0.2561125061376788, 0.17500407705295948], [0.3577269579555608, 0.23421694650389469, 0.2561416425907742, 0.15191445284976282], [0.37561928808746037, 0.22647515740408947, 0.24992013028419685, 0.14798542412425397], [0.3790092355780584, 0.2268647152712917, 0.2450842227668527, 0.1490418262838153], [0.3886622685946728, 0.22348900664336874, 0.23792869614091322, 0.14992002852103792], [0.3652363809385645, 0.2347435927766221, 0.24409870065505246, 0.15592132552976562], [0.36511974730975105, 0.2300630871280434, 0.2404310827940561, 0.16438608266816204], [0.3398847524661863, 0.23224030684565555, 0.25561979385651507, 0.17225514673163825], [0.3432766081271585, 0.2357263688852124, 0.2593884513825937, 0.16160857150504548], [0.3369671166116987, 0.2315683255943461, 0.26821708085299045, 0.1632474768409569], [0.3393105605182771, 0.22943263863216665, 0.26562120023168956, 0.1656356005178681], [0.3555214761602361, 0.23829102181334624, 0.25182230790408555, 0.15436519402232798], [0.35263144838215943, 0.23514391073978866, 0.24835600050169693, 0.16386864027633416]], "ideal": "C", "sampled": "C", "correct": true}}
{"type": "result", "data": {"idx": 1, "options": ["the state", "the justice system", "the body", "the soul"], "probs": [[0.309235856160535, 0.24843567152769597, 0.25930895829965245, 0.18301951391211246], [0.3092470636174451, 0.24676798647024975, 0.24846851913833273, 0.1955164306739647], [0.3113880954680774, 0.2477419785274795, 0.24662715345213287, 0.19424277245231206], [0.3122303146064647, 0.244730285999384, 0.24796364896360618, 0.1950757503305325], [0.31038277207738785, 0.24798277513497158, 0.24845573354700456, 0.19317871914064957], [0.3111173417937942, 0.24509307444173928, 0.25397279527944183, 0.18981678838502403], [0.3161167982041229, 0.24785476908388487, 0.25004864682935113, 0.18597978578262164], [0.3150973663365102, 0.24551889624197243, 0.23967634192282422, 0.19970739539868726], [0.3187675967360378, 0.24742104818944616, 0.2375344305085921, 0.19627692446591555], [0.326694556806353, 0.248784851167671, 0.23120679508329023, 0.1933137968426916], [0.31435186594763453, 0.24797839550783998, 0.24165992796094501, 0.19600981048358962], [0.32362663245389867, 0.2465986491626967, 0.23936010923128545, 0.19041460905211707], [0.3065461629925799, 0.24304333684708365, 0.2540990406946371, 0.19631145936570152], [0.30733575706410776, 0.23940685237966364, 0.25676675807249544, 0.19649063238372666], [0.3086642581758769, 0.2452119225195653, 0.25431086674364356, 0.1918129524609359], [0.3166253584152896, 0.245168654808832, 0.24684037414291427, 0.1913656125329684], [0.3119832405385275, 0.2414393505002591, 0.260394784869499, 0.18618262399172836], [0.3195450436214316, 0.2454067640564912, 0.25069513574095625, 0.18435305648113423], [0.31430644722896683, 0.24622559735272737, 0.24953538109602788, 0.18993257422229057], [0.316066879192211, 0.2433200866257628, 0.25316928800995914, 0.18744374607208997], [0.31444011846683645, 0.2484324538548663, 0.2512957172881688, 0.1858317102901168], [0.3248409343729859, 0.24564762963106127, 0.2480698515139726, 0.18144158438198485], [0.32274990483989174, 0.2403544191049086, 0.25627199977601134, 0.1806236761791896], [0.33177480521438824, 0.24307602518551344, 0.24664922816540005, 0.17849994133470423]], "ideal": "D", "sampled": "B", "correct": false}}
{"type": "result", "data": {"idx": 2, "options": ["right action", "good consequences", "happiness", "a good will"], "probs": [[0.3346479259780137, 0.2093511888826928, 0.2753815736114269, 0.18061931142785814], [0.3266302523246071, 0.2136826385920419, 0.2817067681510147, 0.17798034083234548], [0.33339182443223037, 0.2095076063693329, 0.2758861406257832, 0.18121442847265504], [0.3275600132807528, 0.21456398731735776, 0.2769858443549251, 0.18089015494696273], [0.32812836791868777, 0.21858374835436986, 0.2681428268683446, 0.18514505675858917], [0.33142723078391867, 0.21803765535765848, 0.26605770566938514, 0.18447740808903634], [0.316826395810593, 0.21336480234361044, 0.2721346492838074, 0.19767415246199624], [0.3103476557197713, 0.21860998733229675, 0.2772872665820981, 0.19375509026583287], [0.31922887463302874, 0.2130060164081241, 0.2744773593241485, 0.19328774953469574], [0.32231234727377744, 0.21338443315376393, 0.27182153323507907, 0.1924816862373881], [0.31245488411458183, 0.21769180374465008, 0.27882813681726687, 0.19102517522351198], [0.3214496208729136, 0.21243812882335059, 0.2733870582912911, 0.19272519191244222], [0.30935395880706684, 0.21608999177650956, 0.27881816618418354, 0.19573788313223664], [0.3027840036321289, 0.22017091243303552, 0.2803994315354443, 0.19664565229938313], [0.31213367373252415, 0.21284290374514617, 0.28459027958696215, 0.19043314283537677], [0.31260202669705595, 0.21254704017232562, 0.28297129490220774, 0.19187963812839756], [0.3043969980719213, 0.22319795548322732, 0.27855474073902314, 0.19385030560583721], [0.3079725382516727, 0.21705685839824443, 0.2760610230443949, 0.198909580205689], [0.3138133813181969, 0.21816269188898402, 0.2694466750451072, 0.19857725164770781], [0.3171614177716966, 0.21641929107665284, 0.26764243642231955, 0.19877685462933406], [0.3204860415332767, 0.2148597479922843, 0.27681097215082384, 0.18784323822360507], [0.32964480245708244, 0.20915629146075393, 0.2712634076108428, 0.18993549837132845], [0.32415540521190783, 0.21749429496441966, 0.2726753439185534, 0.18567495580512508], [0.3293106276159692, 0.21199220252937492, 0.2697539835770172, 0.188943186177636]], "ideal": "D", "sampled": "A", "correct": false}}
{"type": "result", "data": {"idx": 3, "options": ["found in everyday objects", "nonexistent", "everywhere in the natural world", "not of this world"], "probs": [[0.31639108695784635, 0.28252725361153025, 0.2605918041920737, 0.14048985513856718], [0.30935953070490846, 0.2806295006634306, 0.26219848344938385, 0.147812485082265], [0.3048056997107967, 0.2728385889987505, 0.2687598523108408, 0.1535958588796151], [0.31003929024486077, 0.27339698247183647, 0.2678167903420871, 0.14874693684119417], [0.30578533671395625, 0.2743627127711382, 0.26161077061147736, 0.15824117980344027], [0.3143364701507074, 0.27704900365966156, 0.25974977040780617, 0.1488647556818383], [0.30420121906311953, 0.2710299356615189, 0.26787444401926225, 0.15689440115610617], [0.29745734254220846, 0.271852393062153, 0.269527792164977, 0.16116247213064017], [0.30364997193107474, 0.27320143127439334, 0.2700494775402394, 0.15309911915429064], [0.29858242540274105, 0.2745095046750638, 0.27605459705140445, 0.1508534727707816], [0.30629036130945547, 0.2708362735889511, 0.2645396184551796, 0.15833374654642102], [0.30860835199306547, 0.2747821973756761, 0.26725065223674566, 0.1493587982945204], [0.31700041385427025, 0.2797163450346745, 0.26009204668779395, 0.14319119432326335], [0.3193293975547609, 0.2801254328278518, 0.26119895349241384, 0.13934621602499933], [0.3222033527881984, 0.28326002234161357, 0.2632138521700077, 0.1313227726001949], [0.31624771959253056, 0.28424950479743805, 0.26741596818293684, 0.13208680732709882], [0.3182078771355658, 0.2827445028482231, 0.2643846684100359, 0.13466295150615085], [0.3103748826750777, 0.27823158959996613, 0.269993362855495, 0.14140016476946804], [0.30405652817648604, 0.2745861463661055, 0.2669203188503751, 0.15443700650704323], [0.31307102469255815, 0.27482041415705805, 0.2677886031755867, 0.1443199578748053], [0.31194417263836227, 0.27463091059960487, 0.2658988310553052, 0.1475260856067358], [0.31404522025249004, 0.27982577942490255, 0.26815353683721427, 0.13797546338539116], [0.311917663700071, 0.2745470532198956, 0.27169175776290466, 0.14184352521712892], [0.30361220535121847, 0.2714342944624978, 0.27750550841852883, 0.14744799166773714]], "ideal": "D", "sampled": "C", "correct": false}}
{"type": "result", "data": {"idx": 4, "options": ["one does not know that one\u2019s actions are wrong.", "one knows that one\u2019s actions are wrong, but does them anyway.", "one knows that one\u2019s feelings are inappropriate, and does not act on them.", "one does the right action, but for the wrong reason."], "probs": [[0.29910734081481083, 0.266287011899494, 0.26477055476316497, 0.16983509242252262], [0.2953650151565851, 0.2658510186592573, 0.26461705706095223, 0.17416690902321286], [0.295581440782158, 0.263784693554387, 0.27156950156776016, 0.16906436399570143], [0.2871913378322772, 0.26193995898257594, 0.27340424616036885, 0.17746445692477233], [0.29203437692896184, 0.267030871900909, 0.26449771240462777, 0.17643703866549346], [0.2930492748271215, 0.2616658869675035, 0.2660024901583405, 0.17928234794702885], [0.30504313955062157, 0.2694490512074469, 0.26230505646482916, 0.16320275267710208], [0.29953765220461853, 0.2721844203263844, 0.2623533915809416, 0.16592453578806435], [0.3033148009113713, 0.2670104513266041, 0.2662255388139087, 0.16344920884811096], [0.30599923617279123, 0.266707574099031, 0.2627698735849348, 0.16452331604325557], [0.29378499821594245, 0.2721542707123455, 0.2676888951348918, 0.16637183583682488], [0.3050060937972823, 0.27015302275951447, 0.26227300727301556, 0.16256787607019013], [0.3064606030072892, 0.26771281480347964, 0.26716496260823963, 0.15866161948099766], [0.299331469625867, 0.27074501484213687, 0.2692468889300963, 0.16067662650190634], [0.31058926551427884, 0.2707629010077464, 0.2616351613035402, 0.15701267207440706], [0.3128158490659893, 0.2714739234809165, 0.25944632309355076, 0.15626390425953268], [0.296687614678978, 0.2693483212679449, 0.270310824654258, 0.16365323929879358], [0.3082822085581241, 0.2719302261425675, 0.2625742071586728, 0.1572133580406203], [0.2885469508062633, 0.2733733701956302, 0.2622559327865699, 0.17582374611153254], [0.28750861246049225, 0.2687015584462708, 0.26736122863276834, 0.17642860036047303], [0.2893329867586074, 0.27584297657818696, 0.26328100966184886, 0.17154302690134404], [0.298225948917522, 0.27277924173027024, 0.25998151044195034, 0.16901329881026933], [0.28637459641313817, 0.27094795592158516, 0.2691751844142725, 0.17350226315101025], [0.29657719977141117, 0.27137408381127454, 0.2622676605365907, 0.169781055780726]], "ideal": "B", "sampled": "B", "correct": true}}
{"type": "result", "data": {"idx": 5, "options": ["are the result of applying arbitrarily stringent standards.", "are based on linguistic confusions.", "are logically self-refuting.", "grow from the consistent application of ordinary standards."], "probs": [[0.2975965736957873, 0.2539958582403413, 0.2651758711297041, 0.18323169683419216], [0.3028015812537245, 0.2580087075272608, 0.2666075353924781, 0.1725821757265308], [0.30044673290757434, 0.25371951653044944, 0.2628906529094223, 0.18294309755256813], [0.30684342075467796, 0.26231316984673514, 0.26171905171169607, 0.16912435758689434], [0.29899870305218923, 0.2609246261563931, 0.2697646475165101, 0.17031202317491367], [0.30355824848060636, 0.26385241381144076, 0.27018047757205804, 0.16240886003590307], [0.28782070351640976, 0.25506850827864697, 0.2739836281662878, 0.18312715993866077], [0.2960751292323189, 0.25627714211767116, 0.27428894018690647, 0.17335878836311017], [0.2816280096260006, 0.24874245110594445, 0.27453519560662526, 0.19509434356143834], [0.28875942560694695, 0.2562132665776601, 0.2711436072293981, 0.18388370048599745], [0.29255067551755415, 0.25819257849553184, 0.27692460269280583, 0.17233214319411352], [0.28690538408487215, 0.2609194919681224, 0.2748976625202433, 0.17727746132675415], [0.28811866736655073, 0.25073752218643097, 0.2775010181487233, 0.18364279219828228], [0.30050995452308354, 0.2558562784025538, 0.27516190506126526, 0.16847186191312988], [0.2827653540982316, 0.24425775593807408, 0.28128748307170715, 0.1916894067920091], [0.29144150928965057, 0.2512975357536671, 0.2757451889329268, 0.18151576592375077], [0.29811018513772275, 0.25832681780059924, 0.2766490588788795, 0.16691393808281793], [0.28925239123747826, 0.25839411043450083, 0.27574742272657854, 0.1766060755014354], [0.31052492551700506, 0.2578368837014025, 0.26427937285122893, 0.16735881783037176], [0.3148168983687329, 0.26000560658446475, 0.26465299083323873, 0.16052450411358132], [0.3049426053249418, 0.2533632393652143, 0.2656336870107449, 0.17606046819910293], [0.3023144465188878, 0.25635361642823973, 0.26265048287338083, 0.17868145407948044], [0.3144918069987301, 0.2574428017458679, 0.2597569521987886, 0.16830843895663145], [0.3063997947517617, 0.2565096033379358, 0.25933134534136704, 0.17775925646894186]], "ideal": "D", "sampled": "D", "correct": true}}
{"type": "result", "data": {"idx": 6, "options": ["enter a particular society.", "set up a particular form of government.", "establish the principles of justice for the basic structure of society.", "establish the content of morality."], "probs": [[0.2641706312758239, 0.26009789817664286, 0.31538596534927205, 0.16034550509824783], [0.2461113855332989, 0.2462620663626769, 0.3177458147605052, 0.18988073324351887], [0.27640664867385273, 0.2631798344715652, 0.30949943955123327, 0.15091407720332484], [0.2752829402047741, 0.2622763205443156, 0.3114722047329864, 0.15096853441792069], [0.24779819275779594, 0.24788782891128985, 0.31690957425379773, 0.1874044039771268], [0.2597504673707154, 0.259124728120902, 0.31796329501951537, 0.16316150938884666], [0.2570957158404623, 0.2621390149663456, 0.32125281345736295, 0.15951245563582372], [0.24078397263300677, 0.24896624856370922, 0.32223481030681744, 0.1880149683964696], [0.27497999613863183, 0.26581876476171057, 0.3090442124951665, 0.15015702650448848], [0.26920945367703314, 0.26700790095302257, 0.3173097559564761, 0.14647288931344674], [0.2506836358115662, 0.2517305425738309, 0.3162573750356006, 0.18132844647902405], [0.25946369680006526, 0.26181543523616246, 0.3171337400716261, 0.1615871277921471], [0.29159352575092296, 0.26698195511144424, 0.3015746942560393, 0.13984982478161254], [0.29410407223070384, 0.26620931933072994, 0.3009471170416642, 0.13873949129690968], [0.29654911314574034, 0.26793651517543843, 0.2978822824552485, 0.13763208912357777], [0.29310055458113005, 0.2681793214717768, 0.30353478327488315, 0.13518534057221834], [0.29505286368803824, 0.2663675393911394, 0.29625038969072737, 0.14232920713011912], [0.28923801245291286, 0.26680579888842687, 0.3041540323407193, 0.1398021562179245], [0.2484536495148262, 0.2519497462073942, 0.3206185782982427, 0.17897802587953895], [0.26150720598664573, 0.2625392252915986, 0.3194147439185324, 0.1565388247032093], [0.2540353192712605, 0.2516356824597747, 0.31576778837310093, 0.17856120979585585], [0.26534468815994994, 0.26296871183604786, 0.31602964055908084, 0.15565695934494578], [0.270571159342925, 0.2668900747775276, 0.3084672573894958, 0.15407150839005423], [0.26692457952951015, 0.2667624301537061, 0.3155484082338617, 0.15076458198290676]], "ideal": "C", "sampled": "C", "correct": true}}
{"type": "result", "data": {"idx": 7, "options": ["modest changes to our personal habits, but not to our society as a whole.", "modest changes to our personal habits, as well as to society.", "drastic changes to our personal habits, but not to our society.", "drastic changes to both our personal habits and to our society."], "probs": [[0.3003500514144672, 0.2748804952128264, 0.26050654949273905, 0.16426290377997946], [0.3075058385006019, 0.27916047208970113, 0.2624111107775943, 0.15092257853210847], [0.2987049151888063, 0.26875774854738665, 0.26875584120602997, 0.16378149495777744], [0.299297090696098, 0.26734580235011857, 0.2697867244081821, 0.16357038244562122], [0.3035310677585954, 0.2780384482326022, 0.2621035344747996, 0.15632694943400294], [0.3013456181522583, 0.27197965406568253, 0.26169894424858975, 0.1649757834334777], [0.30487514134499005, 0.27400999018836836, 0.26363069385305754, 0.15748417451358881], [0.3058479459340712, 0.2798051415705811, 0.2667598924139226, 0.14758701998140353], [0.3092668055214424, 0.2747991117144613, 0.25484573763314095, 0.16108834503093322], [0.3220848187650353, 0.27617516168050643, 0.25705249622129084, 0.14468752323315956], [0.30642131497442554, 0.28259907732846073, 0.25621945100353516, 0.15476015659359282], [0.3190935029739813, 0.2736294210718475, 0.2553938173018135, 0.15188325855236073], [0.29974901395353426, 0.2688592341987596, 0.2710820624829068, 0.1603096892648077], [0.2976740193677096, 0.26783967038777307, 0.27305047728031795, 0.1614358328642007], [0.3068481341169144, 0.274090342093214, 0.25881621456145043, 0.16024530912842688], [0.3198228356274896, 0.277698618403195, 0.2568902011916468, 0.1455883446776631], [0.3024435548624954, 0.2696358792084494, 0.2575334837134441, 0.17038708211562462], [0.3123231960682537, 0.2747754363669888, 0.2580826683754338, 0.1548186990893143], [0.30324900104727315, 0.27984513123852656, 0.26495904177089824, 0.15194682584330718], [0.30684165450877193, 0.2750298968069618, 0.2651272260240733, 0.15300122256019577], [0.30528332435470046, 0.2775340226435393, 0.2595535737015158, 0.1576290792002504], [0.3164401720089061, 0.27145404778944676, 0.25993953782960294, 0.15216624227204553], [0.30389264814345485, 0.26465143557531295, 0.2587507093106613, 0.1727052068705651], [0.31503802988892926, 0.269568053314109, 0.2595933048771176, 0.155800611819851]], "ideal": "D", "sampled": "B", "correct": false}}
{"type": "result", "data": {"idx": 8, "options": ["knowledge", "wealth", "community", "courage"], "probs": [[0.2861875102218594, 0.24248902481718226, 0.2628221509140954, 0.2085013139468778], [0.2815827524488235, 0.24761934735594499, 0.2513906215769914, 0.21940727851822828], [0.28013418822460495, 0.24086657840433395, 0.24595489929607406, 0.2330443339749966], [0.2770688122293188, 0.24800853808193457, 0.2397374856218566, 0.23518516396688055], [0.2794457010274842, 0.25577013298023465, 0.24817674856102054, 0.21660741733127015], [0.2758117607294681, 0.2581528890529401, 0.262051972496178, 0.20398337762142635], [0.2826606904161366, 0.2414838832487875, 0.26908830819357626, 0.2067671180415019], [0.27801700297385457, 0.24800144168328492, 0.257836903887047, 0.21614465135583072], [0.2744928992753077, 0.23705103859214732, 0.25823439594044983, 0.23022166609209355], [0.27498505171207954, 0.24076760149296997, 0.2524029268775288, 0.23184441981742557], [0.2806395467768241, 0.2453156963385581, 0.26171254724125814, 0.21233220954335763], [0.2782348626829783, 0.24609247217278987, 0.2708132063630576, 0.20485945868117197], [0.27848294406004037, 0.23442938745140549, 0.25791094875402304, 0.22917671963453437], [0.2753637146153603, 0.24396939807400064, 0.25248857384718376, 0.2281783133634665], [0.2807501778454143, 0.23189171555471197, 0.26183931678700784, 0.22551878971285844], [0.28098967024077537, 0.23476817715573073, 0.25797335060323484, 0.22626880190024512], [0.2811742423238768, 0.2399143980060951, 0.2522063297140252, 0.22670502985600277], [0.2811233029289253, 0.24047915382687318, 0.25122768865839484, 0.22716985448580088], [0.26831724714060284, 0.24369873724339672, 0.2673139281768303, 0.2206700873391648], [0.26420168192799814, 0.24768728881309413, 0.2816620432823053, 0.2064489858766105], [0.2721079740284886, 0.2415547500712239, 0.2678443341967899, 0.21849294160348087], [0.2684885619399703, 0.24318887631672803, 0.2784310284031815, 0.20989153324010645], [0.26600833967164417, 0.23854531096984674, 0.2623915462316276, 0.23305480302689513], [0.26697704222494417, 0.2386427139378885, 0.2608280199849423, 0.23355222375222937]], "ideal": "A", "sampled": "C", "correct": false}}
{"type": "result", "data": {"idx": 9, "options": ["perform the action that leads to the greatest total happiness.", "act only on maxims that we can will to become universal laws.", "behave only in such a way as a perfectly virtuous person would behave.", "place the interests of others above the interests of ourselves."], "probs": [[0.2523733550763686, 0.19219813448314174, 0.36206408222039693, 0.19336442812009702], [0.2642486058187289, 0.1959922339085243, 0.35486867095922936, 0.1848904892135258], [0.26117961865621747, 0.19434746576201184, 0.3505498141505437, 0.19392310133123186], [0.2758074730566466, 0.1993102237758197, 0.33881059382985373, 0.1860717092376685], [0.26677526695173603, 0.20106476626826963, 0.3430332867878282, 0.1891266798921582], [0.2735082994874979, 0.20046799192454479, 0.3366547920207747, 0.18936891646719786], [0.25004863346917067, 0.19755592849854553, 0.3602425952760912, 0.19215284265620058], [0.2610251445804189, 0.20361742810554648, 0.3512310032218007, 0.18412642399223006], [0.24975221856067528, 0.19772527597389972, 0.3573642353046091, 0.19515827006078984], [0.25345477983375797, 0.2005822491055214, 0.36004851754590117, 0.18591445341483054], [0.2598447950193585, 0.2068229524593634, 0.34585317420905903, 0.1874790782122165], [0.25404709447832796, 0.2046980057590492, 0.35697023448310394, 0.1842846651795145], [0.2546011538276613, 0.1985422804280657, 0.35566678457883183, 0.19118978106543266], [0.26693944506949113, 0.20651806916587503, 0.343279254498464, 0.1832632311661597], [0.25258604491618364, 0.19840569743269001, 0.3578607469156526, 0.19114751063547683], [0.2533742600220834, 0.20139205513553557, 0.36321441308565633, 0.18201927165670578], [0.26475971555230643, 0.20959897751243217, 0.33961724264447685, 0.186024064190772], [0.2560755204028842, 0.2045882207993501, 0.35631671957913413, 0.18301953911862537], [0.2631306402482639, 0.19519701084356728, 0.3519388287045419, 0.18973352010362893], [0.26946792547670795, 0.19417900751624384, 0.3469209265247751, 0.18943214038226405], [0.26093250943700114, 0.19475521839228802, 0.3562777824576691, 0.18803448961303895], [0.25394009451398103, 0.1957152067805467, 0.36597765082390465, 0.18436704778155577], [0.26942975531001134, 0.19552635215981307, 0.34499444486028763, 0.1900494475698888], [0.25926805423819355, 0.19479293324709676, 0.3601325608203871, 0.18580645159432257]], "ideal": "B", "sampled": "D", "correct": false}}
{"type": "result", "data": {"idx": 10, "options": ["maximizing the utility of all sentient beings.", "God\u2019s commands.", "the agreement of rational persons choosing the terms of their interaction.", "the purposive order of nature."], "probs": [[0.2513002629837, 0.23102626843662816, 0.32264450701213987, 0.1950289614675375], [0.25600433295396496, 0.2288431115980666, 0.32135565806297833, 0.19379689728500205], [0.26195022477670643, 0.2310271880616735, 0.3197141750453283, 0.18730841201628204], [0.2915029562935664, 0.24106427615365494, 0.3104939919582704, 0.15693877549451057], [0.275410067400792, 0.23437328649499906, 0.30290396680767545, 0.18731267919654232], [0.2866347738222778, 0.24745639532409006, 0.3016484312705719, 0.16426039948305413], [0.23818062505248228, 0.22661495846836247, 0.33631806247399443, 0.1988863539051486], [0.24324574342789196, 0.22293409727867397, 0.3342085009503078, 0.19961165824312482], [0.23587606448085235, 0.2261775111588518, 0.3434470393797379, 0.19449938488056118], [0.2386187399254307, 0.22599610464397624, 0.3491836395647084, 0.18620151576587116], [0.24380864450606957, 0.2279857087855863, 0.3290636522325649, 0.19914199437576988], [0.22960037611157066, 0.23238419126367732, 0.34059630289919796, 0.19741912962555264], [0.2669547976696555, 0.23494059202473846, 0.3112997652743216, 0.18680484493128638], [0.30370586538047073, 0.24400269320837503, 0.299145299115384, 0.15314614219576814], [0.2616873238234563, 0.2368834438680938, 0.31577973510502316, 0.18564949710341616], [0.27050602829711323, 0.23733784930821436, 0.31992836951706, 0.17222775277762578], [0.30312786081802595, 0.24873264416188443, 0.2945357796470816, 0.15360371527301409], [0.28649589793731073, 0.24070987498880544, 0.3030890165876062, 0.16970521038629405], [0.2682915431831072, 0.23339497028505918, 0.31013348105304833, 0.18818000537878884], [0.2819592260027379, 0.24424607070717191, 0.30865478710474603, 0.16513991608532871], [0.25639093726096257, 0.2339840307400793, 0.31843290895571447, 0.19119212294323792], [0.24375424327598094, 0.23711657726347798, 0.3306608487032929, 0.18846833065726115], [0.2785444869615069, 0.2449137630707862, 0.31309265516889256, 0.16344909469881325], [0.26101534573998647, 0.23530651477485467, 0.3233749241543156, 0.18030321523084816]], "ideal": "C", "sampled": "C", "correct": true}}
{"type": "result", "data": {"idx": 11, "options": ["religion.", "physics.", "psychology.", "art."], "probs": [[0.2475187565258546, 0.2642186908154602, 0.2752423068541531, 0.21302024570453124], [0.2375906004187522, 0.2636072327500179, 0.2807412069605575, 0.21806095977067086], [0.250961933626039, 0.2671166974250128, 0.2717730761293626, 0.2101482927195944], [0.24315338531116285, 0.26600324367122097, 0.27651522733154393, 0.21432814358609392], [0.2399633818156867, 0.2630862242980693, 0.27939465600929125, 0.21755573777696072], [0.24192459262887306, 0.26439305209031294, 0.27828347757619504, 0.215398877604611], [0.2484168522960902, 0.2546140171259401, 0.28737754445198893, 0.20959158602597766], [0.23883973272097456, 0.253774130088891, 0.2931223571259428, 0.21426377996419255], [0.2477395090276815, 0.25484186573539896, 0.28372427443080006, 0.21369435070612808], [0.2412971174396239, 0.25443215817114834, 0.28531776952308313, 0.21895295476612942], [0.2400827108161453, 0.2526056966457019, 0.28997436266261184, 0.217337229775531], [0.24116853201466068, 0.2531523755224918, 0.2881234531111623, 0.21755563925167754], [0.2440994298049176, 0.2558404819012046, 0.28918659590529766, 0.21087349228856883], [0.23839528426379225, 0.25480680265667205, 0.2932783929657744, 0.21351952001374544], [0.24305860181656308, 0.2533462516768781, 0.28741527085648627, 0.21617987555007828], [0.23585474125052328, 0.25211473331626405, 0.2901646783942271, 0.22186584693900993], [0.23776193094308867, 0.25453333343504286, 0.29024969692217356, 0.21745503859968868], [0.2379675701421271, 0.25409283349819733, 0.28912930060562264, 0.2188102956540437], [0.2492297745858198, 0.24013582282271984, 0.2874154086746424, 0.22321899381683158], [0.2500698494910076, 0.24228007889380784, 0.28748058275938054, 0.22016948875581424], [0.25035284601202784, 0.2390331636890297, 0.28439581311955847, 0.2262181770793878], [0.24980236850122042, 0.24011485032438465, 0.28383789353002464, 0.2262448875443791], [0.2517172815060061, 0.24383728856378883, 0.2815435745304266, 0.22290185529978118], [0.25219705276699433, 0.24404597260185026, 0.27997520145990984, 0.2237817730712335]], "ideal": "C", "sampled": "D", "correct": false}}
{"type": "result", "data": {"idx": 12, "options": ["duty.", "justice.", "virtue.", "supererogation."], "probs": [[0.22785181961391543, 0.25366187696913667, 0.2708081784668888, 0.24767812485005242], [0.22912591355367048, 0.25771658069181125, 0.26626316534754324, 0.24689434030696675], [0.22468416602902844, 0.2502675265416469, 0.2733291749607908, 0.25171913236852606], [0.2236820649229405, 0.2505514142942686, 0.2710755654288498, 0.25469095525394975], [0.23329719232775295, 0.25025675352303883, 0.26456534029477147, 0.25188071375444576], [0.22335554080240688, 0.2510165053709818, 0.26626670924281187, 0.25936124448378695], [0.24362339885255435, 0.26202397784390336, 0.2767534043702737, 0.21759921883328207], [0.24562350454766868, 0.26510352243601965, 0.2724322509557229, 0.21684072196059231], [0.24586742963683256, 0.2564997615384874, 0.2854744873343499, 0.21215832139032292], [0.25050235319101144, 0.25592595592372835, 0.28011234398499674, 0.2134593468002624], [0.2521093988151934, 0.2608807598152318, 0.2768919743391114, 0.2101178669304695], [0.2506660360448192, 0.2586889816302527, 0.2741303389882882, 0.21651464323665573], [0.2393591904360315, 0.256992518330221, 0.2802826292599823, 0.2233656618737387], [0.23745210004100048, 0.2566120741428472, 0.2775016423238554, 0.2284341833923184], [0.24559194913121515, 0.25674654944902053, 0.2835305606772392, 0.21413094064252133], [0.2490459425723597, 0.25552332704754543, 0.27797717890004836, 0.21745355138003136], [0.24260041272755853, 0.2554044929420382, 0.28227723033840413, 0.21971786389199874], [0.25089159244155845, 0.25078571732651334, 0.27635503452484683, 0.22196765560706502], [0.24346827773690652, 0.25220266835018673, 0.27462983726114204, 0.2296992165517792], [0.23794432333473461, 0.25212377076200504, 0.2751892086426214, 0.2347426971606643], [0.25073540350257006, 0.25073540350257006, 0.28036901802225206, 0.21816017487259134], [0.2518294014341418, 0.2473881020231034, 0.2770218784025743, 0.2237606180401796], [0.24105564463121612, 0.24790753285683978, 0.2857998287218947, 0.22523699369006714], [0.24671602052958605, 0.24418727766130405, 0.2821737458784276, 0.22692295583066047]], "ideal": "B", "sampled": "B", "correct": true}}
{"type": "result", "data": {"idx": 13, "options": ["one and the same thing", "both nonexistent", "two distinct things", "imaginary"], "probs": [[0.3014442498639972, 0.2784858836310703, 0.27667341867891637, 0.14339644772601576], [0.28978371101607264, 0.2823234158094325, 0.2777957390445205, 0.150097134029972], [0.2883407147718662, 0.2686348672020916, 0.3031046031824397, 0.1399198147436021], [0.2903791210387127, 0.27130720285356535, 0.29601215290049254, 0.14230152310723512], [0.2927537392716757, 0.27843175403383286, 0.2829803387167892, 0.14583416787769102], [0.2955644070758217, 0.2767437635001984, 0.28377646978005283, 0.1439153595439226], [0.29437923852556896, 0.27897524123177364, 0.28006149388888313, 0.1465840262537726], [0.2808162797847744, 0.2787064282471879, 0.28691024066797527, 0.15356705120004704], [0.2983892348328787, 0.26263101173260833, 0.2946984941101678, 0.1442812592243446], [0.28768188166883757, 0.25601884747276077, 0.2955585335663916, 0.1607407371919947], [0.29154918158835225, 0.275951998370448, 0.2856142993759517, 0.14688452056526133], [0.2979671188014152, 0.2620720494547803, 0.28295482388116217, 0.15700600776266438], [0.29807773018087985, 0.28104753780298264, 0.28253512203091163, 0.13833960988520375], [0.29800449291231895, 0.2831006449262886, 0.27725800850810617, 0.14163685355330344], [0.3100622477548532, 0.2802847683354534, 0.27170567321772765, 0.1379473105919787], [0.30112620870890683, 0.2734715857514389, 0.27134518764966936, 0.15405701778995398], [0.30347218775692264, 0.2846374857154675, 0.2712200908303046, 0.14067023559731476], [0.30818242755015834, 0.2724036756812203, 0.2734926190913351, 0.14592127757730025], [0.2810683787302062, 0.27561699957760344, 0.2866733044264704, 0.15664131716571675], [0.28231039045459716, 0.2753475802719689, 0.2866671529476714, 0.15567487622577575], [0.2879535046424345, 0.2760941444311683, 0.28324294426262786, 0.15270940656378185], [0.29438603297415317, 0.26274801681643845, 0.28110601931974394, 0.16175993078967088], [0.2859806692454443, 0.26988619696480837, 0.2960652286518188, 0.14806790503791506], [0.2901501986546961, 0.2592895060895295, 0.296790310593886, 0.1537699845619076]], "ideal": "A", "sampled": "A", "correct": true}}
{"type": "result", "data": {"idx": 14, "options": ["rational", "artificial", "constitutional", "fair"], "probs": [[0.28260788717803703, 0.2410854849188388, 0.2894429446908154, 0.18686368311232163], [0.2842019932003236, 0.2434008869147657, 0.2887644842589489, 0.1836326355259594], [0.28153679946000404, 0.23938666087078675, 0.28950437231491866, 0.1895721672543072], [0.28855187988410913, 0.2410420718339035, 0.28534309827712045, 0.18506294990484756], [0.28586493763679044, 0.2450525612970412, 0.28489046742163676, 0.1841920335445506], [0.2960915375150918, 0.240462455279891, 0.27585601904274076, 0.187589988062293], [0.2921970664797735, 0.24792385890824095, 0.27748192791289544, 0.18239714659909045], [0.29303805734428323, 0.2502057503032746, 0.27649410974336996, 0.1802620825090746], [0.29574580705581693, 0.24798687640284092, 0.27735945328391337, 0.17890786315742102], [0.2920491294100256, 0.25029826133298205, 0.2726743004771305, 0.18497830867986195], [0.2987606871950453, 0.2507217005848087, 0.2735662548066305, 0.17695135731351447], [0.3007567563142164, 0.25061473335519585, 0.266299257333475, 0.18232925289709812], [0.28198105233434373, 0.2510666867323372, 0.2772126716578249, 0.1897395891754939], [0.2887451551577453, 0.2535258415225454, 0.27276871544865844, 0.18496028777104775], [0.2881090684432028, 0.25127766930003237, 0.282362298260226, 0.17825096389654005], [0.28494999987614017, 0.2537359407259921, 0.27869593492527794, 0.18261812437259187], [0.29733892152066427, 0.2517796945301263, 0.2704887782418451, 0.18039260560737003], [0.2836782586604069, 0.25566115908764625, 0.27509795635770445, 0.18556262579425234], [0.29268864750925977, 0.2533025177541633, 0.27807414227102795, 0.1759346923655723], [0.3004720714577884, 0.2497324927985863, 0.27153551977600676, 0.17825991586761789], [0.3030014564873487, 0.2534541024993761, 0.2784934246581646, 0.16505101625509294], [0.3036229548224022, 0.2535734650772201, 0.2728153469445021, 0.1699882330558876], [0.30767661122994533, 0.24669223373304872, 0.27522636598744826, 0.17040478894957373], [0.29689105083231393, 0.2505558337255667, 0.27604072773069604, 0.17651238761140886]], "ideal": "D", "sampled": "D", "correct": true}}
{"type": "result", "data": {"idx": 15, "options": ["a mind", "absolute existence", "material substance", "a material universe"], "probs": [[0.3339128775803979, 0.25214134138295324, 0.24336568033616868, 0.17058010060047532], [0.33650318300919396, 0.2514169905091791, 0.23987601628463526, 0.17220381009698685], [0.34280843091301627, 0.25015506826463146, 0.2390373512905211, 0.16799914943184602], [0.3480921388602236, 0.2492656203255902, 0.23922369392478768, 0.16341854678939166], [0.33128874136032294, 0.24901871028007141, 0.24830348455490406, 0.17138906370470575], [0.34524561202603327, 0.24551477332485336, 0.24986885299692244, 0.15937076155217814], [0.3426597133701559, 0.2513440276760226, 0.23020339577174145, 0.1757928630820843], [0.3443913376316805, 0.25091164514215086, 0.2268776885973756, 0.17781932852878737], [0.3473516460846454, 0.24646681103092735, 0.23981433529589105, 0.16636720748853437], [0.35334981437376944, 0.24472490348495007, 0.23594765785978922, 0.16597762418150097], [0.3476971318467971, 0.24135148896745492, 0.24749514093973293, 0.16345623814601365], [0.3580599102904094, 0.2405111462495058, 0.2411816489929681, 0.1602472943671063], [0.3240225061936224, 0.25264421446490326, 0.2382754637450175, 0.18505781549644207], [0.3267249259034792, 0.25142322271666756, 0.23702911101461221, 0.1848227402652422], [0.32935151627452314, 0.2537888613135498, 0.24486267401709355, 0.1719969482948358], [0.3373604498641154, 0.2530527590318952, 0.23808922145171157, 0.17149756955228793], [0.33373596987808385, 0.24161008213563528, 0.2571555418383931, 0.16749840604788102], [0.3333430274773158, 0.24422413761891418, 0.2519243339013967, 0.1705085009023889], [0.32211923154033917, 0.259384796417847, 0.23757142132668355, 0.180924550615126], [0.3345081905909611, 0.2571783589504032, 0.23796867934887653, 0.1703447710097651], [0.33005875168376203, 0.25541545854305064, 0.24701281853168283, 0.1675129711414953], [0.33825064149935785, 0.25376191245899543, 0.24231734188194948, 0.16567010405966806], [0.34312912542052193, 0.25013720718481436, 0.243310939884395, 0.16342272741027067], [0.34451805978760497, 0.25098541497457166, 0.2380198046003281, 0.16647672053749216]], "ideal": "A", "sampled": "B", "correct": false}}
{"type": "result", "data": {"idx": 16, "options": ["duty and charity.", "egoism and altruism.", "rights and privileges.", "positive and negative rights."], "probs": [[0.2163241867356365, 0.28078074351357296, 0.2766007779686591, 0.2262942916821083], [0.2119779188263689, 0.276882315212425, 0.27514840301836974, 0.23599136284282868], [0.2114906215926312, 0.2823416967805144, 0.2735833218596072, 0.23258435966722732], [0.20751528650383969, 0.27597183385947294, 0.2774194286395951, 0.23909345089709796], [0.21298505155163766, 0.27101103537888077, 0.26908503571850695, 0.24691887725099654], [0.2141451282932559, 0.2753558786456841, 0.27512892493663477, 0.2353700680244344], [0.2306587716809345, 0.2814821171186099, 0.2840489334841913, 0.20381017761628284], [0.2293437486063422, 0.27983988005371974, 0.28059509072118566, 0.21022128051876554], [0.22886629401957387, 0.2814406439885626, 0.2857442627668659, 0.20394879912498276], [0.23134133335597734, 0.2753797350973151, 0.28640697988731273, 0.20687195155938698], [0.23390972966922324, 0.27295476563763954, 0.2819764558399066, 0.21115904875323138], [0.2373456236432934, 0.27422997826354994, 0.2856205384620269, 0.20280385953111418], [0.2179381313322751, 0.2807946312334983, 0.28374484377437187, 0.21752239355987016], [0.21315834650596946, 0.27437002839519886, 0.28880262477320723, 0.22366900022561337], [0.2219403520061264, 0.2783648307101711, 0.2895345199567023, 0.2101602972269979], [0.22121726523184085, 0.27254763582313346, 0.2899635697510873, 0.21627152909393874], [0.21740556786790888, 0.27040465997158647, 0.2897526568873998, 0.2224371151731056], [0.21839378631481443, 0.2682083835356579, 0.2851960080895265, 0.22820182195999658], [0.21935492484266012, 0.2745031829969231, 0.2764872077817727, 0.22965468427862476], [0.22334012846908816, 0.27924476487168887, 0.2814606602018779, 0.21595444635736513], [0.22362880461567514, 0.2731749179679567, 0.2865607597547028, 0.21663551756167912], [0.22563901037214168, 0.2737114394938844, 0.28797864970823017, 0.21267090032572872], [0.2232872479003924, 0.2790570802629489, 0.2839555626485235, 0.2137001090881268], [0.22539250888793674, 0.27628088627113184, 0.28053541015878064, 0.2177911945821689]], "ideal": "A", "sampled": "B", "correct": false}}
