{"type": "result", "data": {"idx": 0, "options": ["Cerebral infarction during the hospitalization", "Complication of the IVC filter placement", "Compression of the lateral femoral cutaneous nerve", "Hematoma of the left thigh"], "probs": [[0.2923764985224008, 0.22430703459793624, 0.2876913934752218, 0.19562507330442713], [0.29548445668997764, 0.2248654339648251, 0.2811523657015162, 0.1984977435436791], [0.2958211377630979, 0.2277416481181144, 0.28597887152505813, 0.19045834249372603], [0.2995590847968566, 0.22506702423402553, 0.2802877631691431, 0.1950861276999676], [0.29835172116772607, 0.23251308863241718, 0.27183771494963, 0.1972974751502125], [0.298661600308141, 0.22885461103242932, 0.27582115628181647, 0.19666263227760508], [0.2949142260595849, 0.22574380943401337, 0.28366909751906627, 0.19567286688732383], [0.2976711902698228, 0.22646830562672027, 0.27653780952213247, 0.1993226944813517], [0.2988010726343486, 0.2271973022954105, 0.28413586060152946, 0.18986576436871413], [0.2968615595587223, 0.2251342252852757, 0.28442032783415794, 0.19358388722184727], [0.29985379821158725, 0.22680346494945686, 0.27763647163646565, 0.19570626510248781], [0.2968751787958417, 0.2256158274198599, 0.28186909396060295, 0.19563989972368898], [0.3001666044897632, 0.2237659869067505, 0.2814519674215091, 0.19461544108197867], [0.305169597438326, 0.22033605766523354, 0.27599412215734115, 0.1985002226391101], [0.3006787137991205, 0.22367134875567193, 0.284212965627725, 0.1914369717174849], [0.2989865235083709, 0.2222228579871217, 0.2844905771295632, 0.19430004127494344], [0.30818411392268746, 0.22269895703154047, 0.2767583980924268, 0.1923585308533445], [0.2996250251289252, 0.22706534251504093, 0.28082954238050634, 0.19248008987550472], [0.30041238604878007, 0.22938737203628215, 0.2759190944778679, 0.19428114733706567], [0.30081619529975373, 0.22590020419315954, 0.2799501335563826, 0.1933334668506874], [0.30087099954562274, 0.2269013486679548, 0.2795722710069029, 0.19265538067954044], [0.2969733847550115, 0.22453547834755597, 0.2860968737851675, 0.19239426301225754], [0.3063444056588118, 0.2251458557841036, 0.28111900514801375, 0.18739073330906042], [0.2984101675738935, 0.22770019756196827, 0.2868106466608234, 0.1870789881033232]], "ideal": "C", "sampled": "C", "correct": true}}
{"type": "result", "data": {"idx": 1, "options": ["Braxton Hicks contractions", "lower uterine retraction ring", "hypotonic uterine dysfunction", "primary dysfunctional labor"], "probs": [[0.3287917855124915, 0.20610324517720094, 0.2585192163664429, 0.20658575284387531], [0.3320538654061905, 0.21098441462949313, 0.25330412647319756, 0.20365759339112233], [0.329310759081752, 0.2056833481240799, 0.26626034087510114, 0.19874555181908335], [0.32811398825060367, 0.20784685087264596, 0.2621516899906555, 0.20188747078609703], [0.32587308547352584, 0.2143737244440303, 0.2663030002213242, 0.19345018976112005], [0.3291391296555253, 0.21109680616624696, 0.2622302329533022, 0.19753383112492687], [0.33903290130974967, 0.19548351592948232, 0.2610077258147909, 0.20447585684597544], [0.3387516173940167, 0.19994126243670662, 0.25819250464410537, 0.20311461542518627], [0.34292687806728367, 0.19699484679090598, 0.25706644799191947, 0.2030118270499184], [0.3462298833785806, 0.20021457690580644, 0.254190687336, 0.19936485227961287], [0.34137144782778717, 0.1999143643548266, 0.25416043231052105, 0.2045537554068703], [0.3482506505654269, 0.20012740224214165, 0.251333384803128, 0.20028856228931016], [0.3347156149165314, 0.2041949131323639, 0.26443670431915806, 0.1966527675319401], [0.33305863003677616, 0.2070089392813205, 0.26158045941504543, 0.1983519711668415], [0.33929169122745606, 0.2053683390232224, 0.24982382393438915, 0.20551614571494103], [0.3412264236977925, 0.20839914085689792, 0.24846449060568368, 0.20190994473961976], [0.3373858906578404, 0.20634186441006822, 0.25898092230919845, 0.197291322522891], [0.34044144081453986, 0.21004061909868818, 0.2604010792084231, 0.18911686077834364], [0.34109233932241795, 0.2107015532425368, 0.2596008400296603, 0.18860526730537786], [0.34241467760505706, 0.20804066100697585, 0.2555560853015753, 0.1939885759864007], [0.34318430480301826, 0.21117346464577888, 0.24816015672076117, 0.19748207373041754], [0.34671894783161805, 0.21020932820625196, 0.24808331932279817, 0.19498840453934246], [0.34517671605428385, 0.20802980967249632, 0.2581491209239432, 0.18864435324927106], [0.3477401827264054, 0.21087241139467053, 0.2600499098139793, 0.18133749596495571]], "ideal": "C", "sampled": "B", "correct": false}}
{"type": "result", "data": {"idx": 2, "options": ["The findings are clinically and statistically significant", "The findings are clinically insignificant but statistically significant", "The findings are clinically significant but statistically insignificant", "The findings are neither clinically nor statistically significant"], "probs": [[0.3120789238450937, 0.2557262537607726, 0.2826503284397217, 0.14954449385440505], [0.3102347754280971, 0.2553533649876329, 0.28878125456141907, 0.14563060492283478], [0.30943996578480026, 0.2565116039253734, 0.286438084890222, 0.14761034529959094], [0.30416738186197645, 0.2565581430576357, 0.29326543454182535, 0.14600904043856672], [0.31388151906025435, 0.2519001996745927, 0.2785802432358505, 0.15563803792930225], [0.30974998995642167, 0.2526647836356882, 0.2789073480808737, 0.15867787822702623], [0.29788337786869684, 0.25425212556056703, 0.2867071249279423, 0.16115737154280108], [0.2950453242205452, 0.25311777055178547, 0.2964947847731406, 0.1553421203545373], [0.2903852369859868, 0.25116545613094626, 0.2990662047452022, 0.15938310203787956], [0.28563362547096216, 0.24887218759731028, 0.2998788733975101, 0.16561531343420918], [0.2936534128660158, 0.2514293126647842, 0.29203953427334206, 0.16287774009584172], [0.29446331603016124, 0.2490525516484599, 0.2828707827061249, 0.17361334951525675], [0.2976660079206064, 0.25549544872810154, 0.2884223617361085, 0.15841618151517672], [0.2909980329429358, 0.2551260061445757, 0.2975458893397006, 0.15633007147275982], [0.2937833714427866, 0.2548607932620861, 0.2934286803673072, 0.15792715482784148], [0.28806691134871487, 0.25334633198268713, 0.2950190401035808, 0.163567716464992], [0.2937477949646706, 0.2538088199984612, 0.2912457687432283, 0.16119761619365644], [0.2972269801673516, 0.2511415960349001, 0.2836155691674272, 0.16801585453031692], [0.2903384535284878, 0.24912935842765463, 0.2921197880415705, 0.16841239990229426], [0.2865677107485315, 0.24874016256186432, 0.29131713566708745, 0.1733749909225141], [0.2864043588791841, 0.2514232078013503, 0.29944979469235095, 0.1627226385270918], [0.28716591203564157, 0.24823300998017583, 0.29212454558831186, 0.17247653229588025], [0.28374298935153064, 0.25122477270778915, 0.3026413899461517, 0.16239084789454664], [0.28629948106000125, 0.24709030123376444, 0.2945646846284307, 0.1720455329778187]], "ideal": "B", "sampled": "A", "correct": false}}
{"type": "result", "data": {"idx": 3, "options": ["Atrial fibrillation", "Cor pulmonale", "Systemic hypertension", "Tricuspid valve regurgitation"], "probs": [[0.277072281107773, 0.25722839966371525, 0.3137059652463632, 0.151993353882135], [0.28063609063927, 0.2569925333869886, 0.3094684873078984, 0.1529028885658267], [0.2746874931177411, 0.2553987126569873, 0.32119038237689346, 0.14872341174837436], [0.2750071742302221, 0.2524375791656982, 0.3146453056205252, 0.15790994088358437], [0.28405363759726665, 0.255190614915525, 0.3138205366499877, 0.14693521073724344], [0.28005995969371106, 0.2504577077742982, 0.31374343949017225, 0.15573889294183066], [0.27668054301054124, 0.25052143682315103, 0.31958571159701205, 0.1532123084692927], [0.2812445163027189, 0.24930190504941863, 0.3145966689494741, 0.15485690959838758], [0.2733209035018098, 0.25412877719657306, 0.31719080064158783, 0.15535951856002725], [0.2758102416716377, 0.251558303807852, 0.3139209747000532, 0.15871047972045707], [0.2796579462000257, 0.25440249290883393, 0.3110255891611011, 0.15491397163005338], [0.2821304176700764, 0.25176345814586126, 0.30933097312329927, 0.15677515096075656], [0.27398734102033745, 0.2566442330547152, 0.32047980401743875, 0.14888862180749454], [0.2748157714241954, 0.25349237807286296, 0.3139639802590536, 0.1577278701438738], [0.2740815549705753, 0.26400805648360876, 0.31041214271643136, 0.1514982457293862], [0.2760046458217478, 0.262496209487064, 0.30607107230999997, 0.15542807228119804], [0.2728275890737271, 0.2549821125332863, 0.3164479575764048, 0.15574234071657464], [0.27723497519326273, 0.25641221284112936, 0.31720949038667673, 0.14914332147892084], [0.28517004413187264, 0.25934975934194665, 0.3073531991181001, 0.14812699730811185], [0.28024262767578534, 0.2548048677881984, 0.3090947239610013, 0.15585778047500964], [0.2839360884117164, 0.2685609217583493, 0.2969289720790948, 0.1505740176508393], [0.2868312501799453, 0.2643983576351813, 0.29587841733608794, 0.1528919747487786], [0.2746025010571739, 0.25614901617947244, 0.3133669290124302, 0.15588155365093959], [0.2786432505557589, 0.25662582581849247, 0.3141812508268509, 0.1505496726989023]], "ideal": "C", "sampled": "B", "correct": false}}
{"type": "result", "data": {"idx": 4, "options": ["Median nerve at the wrist", "Musculocutaneous nerve at the forearm", "Radial nerve at the forearm", "Ulnar nerve at the elbow"], "probs": [[0.2600141311767855, 0.2676642418323015, 0.30124253508096116, 0.1710790918099678], [0.25930121674181855, 0.27016344354013744, 0.30234199180712623, 0.16819334781092768], [0.26133361812978106, 0.2659950448234212, 0.30032252339630794, 0.17234881355049267], [0.2640304309874483, 0.2684531886402935, 0.29441948680479874, 0.1730968934674682], [0.26213243180053064, 0.2699675285702492, 0.29672091279343377, 0.17117912673579014], [0.26629031332565123, 0.26871817364238443, 0.2900215512841045, 0.17496996164786782], [0.26466034585208853, 0.2704679157250251, 0.29375543145073585, 0.17111630687212295], [0.26354223680044625, 0.2728157820687236, 0.2946555771617164, 0.1689864038691238], [0.26911640448118646, 0.2703876208243431, 0.29042668235378777, 0.17006929224068515], [0.267709958284794, 0.2732757272318809, 0.29277832655940694, 0.16623598782393298], [0.26809277182846725, 0.27141613348712657, 0.2935410442023503, 0.16695005038206168], [0.2680353186721009, 0.27113271401787836, 0.2951546933159494, 0.16567727389407583], [0.26283531259202864, 0.26988940605400863, 0.29436082586310275, 0.17291445539086334], [0.26558156520111703, 0.2721196383189315, 0.2889855019656157, 0.17331329441434065], [0.2652257214553798, 0.27289043848378924, 0.2922396289515507, 0.1696442110092798], [0.2638750884183045, 0.27603992833935215, 0.29463190795373373, 0.16545307518861938], [0.267877031020588, 0.27287550535070076, 0.2855404683519518, 0.17370699517677313], [0.2661072385281605, 0.2745606422977336, 0.2914169105926849, 0.1679152084814319], [0.26431691172425126, 0.26793309299069745, 0.2958211744664234, 0.17192882071863205], [0.2669177199287013, 0.2667803655458225, 0.2910005217267796, 0.17530139269867817], [0.2658890526664234, 0.2679611853895116, 0.30034767580563937, 0.16580208603843544], [0.2658704197577704, 0.2676995496525127, 0.30200098033764794, 0.1644290501520699], [0.2688319404319017, 0.2667347606096707, 0.29016042135248976, 0.17427287750593548], [0.26651538840247685, 0.2683536096753185, 0.2974276343091534, 0.16770336751307638]], "ideal": "D", "sampled": "B", "correct": false}}
{"type": "result", "data": {"idx": 5, "options": ["Fatty acid oxidation", "Fatty acid synthesis", "Gluconeogenesis", "Glycogenolysis"], "probs": [[0.3044969104890449, 0.23769166219303173, 0.25902814857429907, 0.198783278643638], [0.3090244334745284, 0.2379343951272701, 0.2551604837239444, 0.1978806875742634], [0.3048779091863074, 0.23922240318656343, 0.25991737268564025, 0.19598231484148776], [0.30553282555010913, 0.24132366655288523, 0.25412429828595623, 0.19901920951104612], [0.3079751815961297, 0.24000694271178058, 0.25284528187076905, 0.1991725937213209], [0.30668370652714483, 0.24168160833809355, 0.252325182136289, 0.19930950289846724], [0.3034556679020729, 0.23776765260521415, 0.2601697032316848, 0.19860697616103554], [0.30827419016435, 0.23767626115080484, 0.2561964397513755, 0.1978531088334706], [0.3034992589972133, 0.239253038725978, 0.26148602639710133, 0.19576167577971176], [0.30778357444298615, 0.2417724536949788, 0.2532899693592124, 0.19715400240281444], [0.3078269791225777, 0.24064323077656344, 0.25343232514491737, 0.1980974648559539], [0.30811977707484667, 0.24230987803990278, 0.2503251495819315, 0.19924519520333542], [0.30466215710637495, 0.23884997451704496, 0.2596634825083503, 0.19682438576824562], [0.30680795224347057, 0.24006156449286298, 0.2570909811921565, 0.1960395019715176], [0.303682157574751, 0.23900359534884524, 0.2597213347442386, 0.19759291223216463], [0.3083626651096159, 0.2401201888442043, 0.25616635663007487, 0.19535078931608335], [0.30802594758948926, 0.24167488415186583, 0.25740100362302476, 0.19289816453561995], [0.30861030960923586, 0.24120156448121716, 0.2557596260492633, 0.19442849976030183], [0.30927056306993994, 0.242009384990294, 0.24856554247475968, 0.2001545093649972], [0.3084662150382144, 0.24363760530018594, 0.24875384621701127, 0.19914233334457407], [0.309552645852644, 0.24176958065882323, 0.2478824348175276, 0.20079533857100837], [0.3094937457013089, 0.24302379251482706, 0.24856088896236805, 0.19892157272149488], [0.30758051408472326, 0.2440789749487968, 0.25399471310670885, 0.19434579775977687], [0.30983975578740075, 0.24238840134927864, 0.25239603202359245, 0.19537581073971133]], "ideal": "A", "sampled": "D", "correct": false}}
{"type": "result", "data": {"idx": 6, "options": ["Reassurance", "Assess for suicidal ideation", "Begin dextroamphetamine therapy", "Increase oxycodone dosage"], "probs": [[0.270547693665828, 0.22286878449887548, 0.3183324733026345, 0.18825104843265011], [0.2695656237183473, 0.21824576727259098, 0.3297719445653814, 0.18241666434367884], [0.278020644956291, 0.22500057217772443, 0.31179953152757, 0.1851792512384154], [0.27546585447290434, 0.21928487923064763, 0.3155509869830708, 0.18969827921339072], [0.27170505081692853, 0.22160473576399933, 0.32020909774274303, 0.18648111557634056], [0.27187592400871025, 0.21806198072962785, 0.3164490313402626, 0.19361306382138155], [0.2757743241227502, 0.2294116805287049, 0.3004840270754672, 0.19432996817307], [0.27477566838907386, 0.22357236598911603, 0.31192581793974733, 0.18972614758205059], [0.2773751866700319, 0.22383512986966844, 0.31371138953415206, 0.18507829382613897], [0.2706276670764469, 0.2186981959335724, 0.3047150860703498, 0.20595905081961619], [0.2765569738747449, 0.2220160443443941, 0.31598419780252124, 0.18544278387835317], [0.2731016382163031, 0.219105784852994, 0.3003923468221255, 0.20740023000857605], [0.27974065873843124, 0.22742517331801795, 0.30407845460252025, 0.18875571324103832], [0.27687935955732323, 0.21875664514187795, 0.3080571567211609, 0.19630683847964922], [0.2763619992436455, 0.21978840579170744, 0.3230569369644332, 0.18079265790019908], [0.27158544049378686, 0.2141272647641868, 0.3125256305037502, 0.201761664138274], [0.2790218613194843, 0.21447924443024427, 0.3221227527256092, 0.18437614142466094], [0.27679678348093617, 0.21797813455052598, 0.308114850683859, 0.19711023118468074], [0.2772202819267698, 0.22450306996642863, 0.31022051653585375, 0.1880561314709442], [0.2759809053824747, 0.22206138416392052, 0.3062705854897568, 0.19568712486385734], [0.2738353756365045, 0.2204162482124364, 0.32452408401829486, 0.1812242920327624], [0.2719385409699525, 0.2159514186812137, 0.3082925024056756, 0.20381753784316375], [0.2776180462895952, 0.21591878964306863, 0.32399071170238175, 0.18247245226496003], [0.27337857785929, 0.21746760205507634, 0.31272340925644865, 0.19643041072918005]], "ideal": "B", "sampled": "A", "correct": false}}
{"type": "result", "data": {"idx": 7, "options": ["Defect in thyroxine (T4) biosynthesis", "Graves' disease", "Multinodular goiter", "Riedel's thyroiditis"], "probs": [[0.26520392853911956, 0.2487195160661702, 0.3104554812792789, 0.17562107401543617], [0.26388502158164867, 0.2451358082838068, 0.3118365493964832, 0.17914262063807165], [0.2671011945755128, 0.2522146717762029, 0.30597987603741383, 0.17470425751089189], [0.2625230450854159, 0.2530207813482369, 0.309943757020831, 0.17451241644550772], [0.2656168489372103, 0.24521845609113327, 0.30961420531483047, 0.17955048955682468], [0.2657410011988528, 0.2478021008416016, 0.3089255827616492, 0.17753131509790007], [0.27088055055182425, 0.2425611682587271, 0.3121358292649224, 0.17442245182454633], [0.27017747322991204, 0.24022790737857871, 0.3122701469221209, 0.1773244723693807], [0.2673814025375823, 0.2446587889100999, 0.31757882258006637, 0.17038098587227077], [0.26879490440743053, 0.25109391609448434, 0.3089205772250023, 0.17119060217309987], [0.26964222023291823, 0.2402058296553541, 0.3194155443810775, 0.17073640563065567], [0.27220573535777226, 0.2488842776354912, 0.31377926622384045, 0.16513072068290294], [0.26619616891385345, 0.24327180301515075, 0.3172712403179023, 0.17326078765308958], [0.2631187495446007, 0.2443626945922839, 0.31996666434618803, 0.17255189141694188], [0.2640411187240154, 0.24201798466116373, 0.3265946388909324, 0.16734625762389738], [0.2672299117198958, 0.2483395871724681, 0.3182175772196918, 0.16621292378795474], [0.26388894184662864, 0.2498903228263869, 0.31209347923313224, 0.174127255993848], [0.2718109220746945, 0.2529862886991858, 0.30632847170285604, 0.1688743174232684], [0.2641721041836814, 0.23452994254617007, 0.32097114745010247, 0.18032680572004586], [0.2631556860836285, 0.23641895240454133, 0.3213596306854452, 0.17906573072637966], [0.26395259334617366, 0.23417180035828258, 0.32610655042562886, 0.17576905576990395], [0.2659319615520693, 0.24268632744210525, 0.3206533763307251, 0.17072833457510111], [0.2646539460221521, 0.2474284798703039, 0.30921551947907544, 0.17870205452848956], [0.2718233308269898, 0.24954707551331415, 0.3027213608408732, 0.1759082327188385]], "ideal": "C", "sampled": "C", "correct": true}}
{"type": "result", "data": {"idx": 8, "options": ["Inferior deep cervical", "Parotid", "Retropharyngeal", "Submental"], "probs": [[0.2544964148597848, 0.24210254246020865, 0.31795647501546, 0.18544456756453945], [0.2508956813459792, 0.24538761043965318, 0.3179461456059507, 0.1857705625084233], [0.2545256528110556, 0.24528647365697148, 0.31228196659404917, 0.18790590683792396], [0.25618902398668086, 0.248296176755116, 0.30925809902969753, 0.18625670012851464], [0.25303542165270704, 0.24614718430583468, 0.3113193330058885, 0.18949806093555815], [0.2581483847942576, 0.24805005290845888, 0.3087525870228852, 0.18504897517439003], [0.2616149650960381, 0.2447816823119229, 0.3099746499034798, 0.18362870258855368], [0.25708855119277474, 0.248802878597836, 0.3106593155807696, 0.18344925452861785], [0.26442773135854863, 0.24791327859102016, 0.3139977966426224, 0.17366119330779348], [0.2569839433647205, 0.2500536364313877, 0.3073688385707339, 0.1855935815331722], [0.2568238319625783, 0.2485044929331796, 0.317195303222685, 0.17747637178156322], [0.25649084694322516, 0.24856651619713743, 0.31079206114361263, 0.18415057561603368], [0.25911409157848203, 0.2391283201298933, 0.3119046801316183, 0.18985290806000832], [0.25977406719317636, 0.24284865628880137, 0.3098141637249956, 0.18756311269304035], [0.26249811636278547, 0.2406644425510716, 0.3206239663662237, 0.1762134746199137], [0.25365081481629376, 0.24285332847753344, 0.3130899138596223, 0.19040594274655945], [0.26261408494289473, 0.24364228750266084, 0.3133060104546111, 0.1804376169998214], [0.25418662452224755, 0.2438600306110778, 0.3099122711329432, 0.19204107363372022], [0.25617288362865176, 0.24025255109125815, 0.3146857080967243, 0.1888888570833737], [0.26062398059257325, 0.24208673919538296, 0.312190608783862, 0.18509867132816782], [0.25656208595414337, 0.24217647881180526, 0.3224218792152601, 0.17883955591877532], [0.2558697287572321, 0.24204233468837347, 0.3146752516986276, 0.18741268475577327], [0.26438551998859094, 0.24580248477090055, 0.3154414197752903, 0.1743705753652145], [0.25662932874079747, 0.24523534126588278, 0.31147189260658065, 0.18666343728675194]], "ideal": "D", "sampled": "A", "correct": false}}
{"type": "result", "data": {"idx": 9, "options": ["Carbonic anhydrase inhibitor", "Na+ \u2013Cl\u2212 symport inhibitor", "Na+ \u2013K + \u20132Cl\u2212 symport inhibitor", "Osmotic diuretic"], "probs": [[0.2774147775758495, 0.22663130750269483, 0.3074376256048271, 0.18851628921663732], [0.2726862577810612, 0.23283787944817305, 0.3117782447019767, 0.18269761796877215], [0.27968957707901176, 0.22960251143480417, 0.30151988202593405, 0.18918802936025553], [0.27779828376207183, 0.23192490409927666, 0.2989929163351353, 0.19128389570350637], [0.2784137674888972, 0.23563062171402716, 0.2981124409213766, 0.18784316977569152], [0.28302293504272347, 0.23253258654838643, 0.2933106201503991, 0.1911338581584778], [0.2804860603537584, 0.2321928219841548, 0.3005014333178429, 0.18681968424424567], [0.2763385278301484, 0.2379527724026254, 0.3007267247491431, 0.18498197491807963], [0.2883260193060635, 0.2329599093479693, 0.2952871912234278, 0.18342688002254876], [0.28819667282043054, 0.23220155531724454, 0.2943074157309095, 0.18529435603142197], [0.27497720759107086, 0.23948212655292264, 0.29615981747874814, 0.18938084827726023], [0.28152781311831676, 0.23789317666358134, 0.2890682598027133, 0.19151075031537937], [0.284100671720478, 0.2406453365893526, 0.2859409490014512, 0.1893130425887353], [0.2825226338461186, 0.24084654931742683, 0.2833161188761621, 0.19331469786028893], [0.2903132584986656, 0.23624433113675122, 0.289061941134378, 0.18438046913019737], [0.2885879612346883, 0.2357844113830314, 0.28994375640079023, 0.1856838708815144], [0.27945855997815994, 0.2435945970186064, 0.28169564737787045, 0.19525119552537362], [0.2828637344390894, 0.24401846792896725, 0.2813454023918487, 0.19177239514008923], [0.2787729078066834, 0.2295804939231248, 0.30436768889511606, 0.18727890927506796], [0.2818053332695493, 0.22655357423286318, 0.30048770622468396, 0.1911533861729041], [0.2739991529773306, 0.22800578396288088, 0.3144927757093805, 0.1835022872503924], [0.27956144229880925, 0.22655856589069973, 0.3042722750065756, 0.1896077167039108], [0.2796110356334601, 0.2296781773838338, 0.30054133029207225, 0.19016945659062923], [0.2831264573622359, 0.22904624068436702, 0.2983820282286355, 0.1894452736247576]], "ideal": "B", "sampled": "D", "correct": false}}
{"type": "result", "data": {"idx": 10, "options": ["Chest x-ray", "Complete blood count", "Determination of serum albumin concentration", "Determination of serum digoxin level"], "probs": [[0.25754995315357176, 0.2241937975253619, 0.3065753011569315, 0.21168094806414495], [0.2596015679194581, 0.22300123667510197, 0.30815791201969495, 0.2092392832857626], [0.2519754421248171, 0.2236526654656172, 0.3244321616724941, 0.19993973063707632], [0.25555318156023543, 0.2167572166344318, 0.32616309677701744, 0.2015265049282993], [0.25612093675379477, 0.22384976738487913, 0.3250767202859329, 0.1949525754753968], [0.2585243418861804, 0.2147535292982952, 0.32733320360930557, 0.19938892510622533], [0.2534205943082864, 0.2198259993561763, 0.3150437480967755, 0.21170965813875475], [0.255343980904148, 0.21835327768972967, 0.316567342042246, 0.20973539926389287], [0.25329710622689344, 0.21735008881345105, 0.326047544673476, 0.203305260186179], [0.2583920488040973, 0.21263925559115815, 0.3236842531532432, 0.2052844423515133], [0.25655951095533963, 0.21938338591972, 0.3239998855325769, 0.2000572174923686], [0.2608747071713222, 0.21174300514435754, 0.3240933610742482, 0.20328892651006364], [0.2509774900474184, 0.2236726161415999, 0.3180762232135747, 0.2072736704974097], [0.25473115047017264, 0.21717661529247773, 0.32006560906935083, 0.20802662506800443], [0.2516441094092013, 0.2216534171315039, 0.31668370535612833, 0.210018768003168], [0.2561921918000115, 0.21719518717210487, 0.31598511944459, 0.21062750148329765], [0.2571226415736835, 0.21339794676601234, 0.3295820149990186, 0.19989739656129718], [0.2514923921125684, 0.2143056037441672, 0.3352799593810371, 0.19892204466223448], [0.254376283574713, 0.2280360690819784, 0.3163115114233449, 0.20127613581993936], [0.25657973168247106, 0.2214786095907679, 0.31871891344805114, 0.20322274517870123], [0.25401917299619625, 0.2262761750234568, 0.3149196927958399, 0.20478495908451513], [0.2579737067203138, 0.22082251765329475, 0.3151833718599155, 0.20602040366648153], [0.25834314128728136, 0.21704471101327197, 0.32773213434258697, 0.19688001325684917], [0.2535542514860409, 0.21794926814620652, 0.33198001394823945, 0.19651646631950903]], "ideal": "D", "sampled": "B", "correct": false}}
{"type": "result", "data": {"idx": 11, "options": ["Amoxicillin", "Cefaclor", "Ciprofloxacin", "Erythromycin"], "probs": [[0.26885467265908775, 0.22631042905313203, 0.306414298298793, 0.19842059988899197], [0.26405524721185114, 0.22593209684127988, 0.3127504117384223, 0.19726224410844165], [0.26719813094808426, 0.23126993584833203, 0.3131589863085922, 0.188372946795001], [0.26379734422268675, 0.22603066996176405, 0.317597139547282, 0.1925748461682615], [0.2615368619397551, 0.23042913814267255, 0.318542252273413, 0.18949174754413844], [0.26298047716817236, 0.22642945211249013, 0.3159599149465077, 0.1946301556728388], [0.25938207211237585, 0.22346645759751418, 0.3217108268185176, 0.19544064337159173], [0.2558294114305905, 0.22173840481091453, 0.32852599402592164, 0.1939061896325761], [0.26333362258958853, 0.22254287022687513, 0.32124481791534865, 0.19287868916818718], [0.2644209722918132, 0.2183791516435958, 0.31780453491016025, 0.19939534105442586], [0.2572313290740173, 0.22121081786120345, 0.3259650752060325, 0.1955927777587487], [0.2621649483290785, 0.22050968568479695, 0.31770529852145385, 0.19962006736467364], [0.260101720525718, 0.23082630541132745, 0.3238577895626675, 0.18521418440028542], [0.25864323210856366, 0.22628850984056945, 0.3262918476301964, 0.1887764103206723], [0.2628408040457669, 0.22923034809865347, 0.3176651123702714, 0.19026373538530222], [0.26485713193093857, 0.22688646852345137, 0.31173272800453256, 0.1965236714410722], [0.25688374383828627, 0.22468124145958018, 0.32573882637147356, 0.19269618823065474], [0.2605744892034601, 0.2281629048120248, 0.3204649627629167, 0.19079764312159248], [0.25700833415799446, 0.2309042860876524, 0.32299706359607894, 0.1890903160582739], [0.2578002227287503, 0.22756434704710854, 0.32048426220801113, 0.1941511679161407], [0.2591680838161817, 0.2296720768678981, 0.31998374735818524, 0.19117609185772264], [0.2640409044960201, 0.2291648786919729, 0.30868343810028187, 0.19811077861173562], [0.2585913692616203, 0.2286552245196776, 0.3250485232849129, 0.18770488283377865], [0.26247758572019114, 0.23150776389275937, 0.3165388576998288, 0.18947579258720768]], "ideal": "D", "sampled": "A", "correct": false}}
{"type": "result", "data": {"idx": 12, "options": ["Facial nerve", "Frontal sinus", "Mastoid sinus", "Olfactory nerve"], "probs": [[0.2390162530126319, 0.23555410157675757, 0.326785130074588, 0.19864451523601345], [0.24177031664884446, 0.23558183896918872, 0.3280541777619239, 0.1945936665200261], [0.24014706693226448, 0.23941669032117058, 0.3240450277810295, 0.19639121486555433], [0.24335944388243272, 0.2381112662992741, 0.3226828256307913, 0.19584646408751794], [0.24335726216832287, 0.2400749906307705, 0.32433839625083977, 0.19222935085007523], [0.24411060165544268, 0.24035344016271856, 0.321986832737881, 0.19354912534396612], [0.23994073133728241, 0.24061198490324986, 0.3197779523395369, 0.19966933131995068], [0.24185313809342343, 0.24066975240898034, 0.3201053508547215, 0.19737175854288516], [0.2385582203366251, 0.23724966186841792, 0.3355098132011987, 0.18868230449374926], [0.23895561833461654, 0.23888026750018512, 0.3319519013354193, 0.19021221272976502], [0.2414895990634487, 0.24104522158294178, 0.3220764061936569, 0.19538877305996044], [0.23926738415308318, 0.2417630308371615, 0.3195381384463994, 0.19943144646336072], [0.2350949478529176, 0.24229019425886675, 0.3191736530053623, 0.20344120478284322], [0.23762544307420888, 0.24231939672356978, 0.3185155585839187, 0.2015396015183033], [0.2354351433076928, 0.23584806695968943, 0.3357517498853673, 0.19296503974725462], [0.23629372787640304, 0.23807126152920954, 0.33115718963277874, 0.1944778208616151], [0.2359688136288238, 0.24129654491304958, 0.3223778063957533, 0.2003568349623817], [0.23382798483667666, 0.24223524887981007, 0.32033812151282126, 0.2035986446706959], [0.2421713691457353, 0.24095159526656626, 0.32169032617866333, 0.1951867093090331], [0.24320991302097955, 0.24174588472102976, 0.3196140687554291, 0.19543013340255214], [0.2431166938526177, 0.24152413064613662, 0.32231762763984284, 0.19304154776140744], [0.23937590598048716, 0.24177252610689737, 0.3202868695796287, 0.19856469823298523], [0.24141811396359872, 0.24182246107648175, 0.32363218142031186, 0.19312724343961032], [0.23762682212810649, 0.242910025280522, 0.3225891987312053, 0.19687395376015104]], "ideal": "D", "sampled": "A", "correct": false}}
{"type": "result", "data": {"idx": 13, "options": ["anterior scalene", "latissimus dorsi", "pectoralis minor", "supraspinatus"], "probs": [[0.25455360247649245, 0.24374585827833292, 0.3130632112083725, 0.18863732793682209], [0.2544255489772726, 0.24735096587475916, 0.30934728216356394, 0.18887620288438764], [0.2555882024514751, 0.24243057122694822, 0.30868029823547605, 0.19330092798610227], [0.2524608331244952, 0.2415550576901416, 0.3136209176941695, 0.19236319139118901], [0.2571427208791244, 0.24525336522483474, 0.30785296372513365, 0.1897509500709081], [0.2571307344768931, 0.2408426733041374, 0.3149298487011191, 0.18709674341787222], [0.2519713271650545, 0.24607522557303865, 0.30882107526623787, 0.19313237189567686], [0.2514357429658941, 0.24946165595749137, 0.305455155769742, 0.19364744520687344], [0.2512702483588614, 0.24476424931523869, 0.3123451832307643, 0.19162031899512041], [0.2518301498582742, 0.24450955032517474, 0.31008594739342893, 0.19357435232311945], [0.2528455230025904, 0.2492263324237197, 0.3064381537720812, 0.19148999070160877], [0.25720569242840086, 0.2461789945068564, 0.3057986964500696, 0.19081661651467025], [0.25176641795857524, 0.24385198802433958, 0.30241915100195316, 0.20196244291513346], [0.24790664492311817, 0.2432182925609092, 0.3075925367531601, 0.20128252566281057], [0.25196811343731956, 0.24474414760954605, 0.30692556594199705, 0.19636217291113894], [0.25389213330145566, 0.24566769767710947, 0.3035401411861495, 0.1969000277352744], [0.25047297913335725, 0.24416214028256475, 0.3077625796891008, 0.1976023007949863], [0.25565762766209155, 0.24469144371971113, 0.29840266435800444, 0.20124826416018524], [0.2522329369031885, 0.24695209471572932, 0.3116583866081202, 0.18915658167295543], [0.2512018496788005, 0.24286711736780944, 0.31911208103761474, 0.18681895181575703], [0.2518221865987705, 0.24816064989795228, 0.31563590591271734, 0.18438125749057557], [0.2548639820454193, 0.24550365970412902, 0.31504851819561286, 0.18458383995483868], [0.2515121746260117, 0.24332897783906868, 0.31986571161046806, 0.18529313582444334], [0.25685543201315514, 0.24301535061239285, 0.31029323270034015, 0.18983598457411616]], "ideal": "D", "sampled": "A", "correct": false}}
{"type": "result", "data": {"idx": 14, "options": ["anteriorly deviated distal femur", "plantar flexed cuboid", "posteriorly deviated fibular head", "unilateral sacral shear"], "probs": [[0.2857243657610188, 0.2596436693121535, 0.2654982860201102, 0.18913367880673365], [0.29171550173175337, 0.257940848555692, 0.2662910536384115, 0.18405259597414517], [0.28909063164640547, 0.25748588645579096, 0.2663831247826401, 0.18704035701516955], [0.29532062520947316, 0.2567672080176346, 0.2712242626487881, 0.1766879040241087], [0.29371811130320474, 0.25948672952000423, 0.2575355007038113, 0.1892596583729791], [0.2903070129133889, 0.26123282050625923, 0.26284275479254826, 0.18561741168779541], [0.2759483698149421, 0.2577406607738552, 0.26853938690079004, 0.19777158241040133], [0.2809223558573749, 0.25550291893687826, 0.272758226334658, 0.1908164987710805], [0.28150325005933996, 0.25748015951793746, 0.2682874036314667, 0.19272918669127162], [0.2836487603770982, 0.2584762778424891, 0.26900884897349153, 0.18886611270690126], [0.28471207581031316, 0.2592595418132018, 0.26457741237554794, 0.1914509699009336], [0.28354313533997116, 0.26047047400481527, 0.26379272363664213, 0.19219366691858203], [0.28550206287794566, 0.25039212860650545, 0.27228267966304026, 0.19182312875252644], [0.29095668213218184, 0.24967734117109114, 0.2778080377774267, 0.18155793881927604], [0.2868570872547994, 0.2521793933964184, 0.26766183477316824, 0.19330168447563537], [0.289389294386558, 0.25382924652155187, 0.2655579976944462, 0.19122346129745615], [0.2905638823944499, 0.2545094288453867, 0.2647921757795107, 0.190134512880669], [0.2910957858791656, 0.25522374963118866, 0.2566979951529966, 0.19698246923665827], [0.2912406357150321, 0.2504408531653587, 0.2709418378705429, 0.1873766731490624], [0.2883226612937159, 0.25208201977484074, 0.2742514410040268, 0.18534387782739795], [0.290589046514972, 0.2523512361799377, 0.2695340255393106, 0.18752569166577157], [0.2905942481973539, 0.2526794568364336, 0.26872759170400284, 0.1879987031622234], [0.29045275963072037, 0.2527196093884697, 0.27256360374129346, 0.18426402713952636], [0.2914674270381924, 0.2522044307710066, 0.2662025424836555, 0.19012559960714487]], "ideal": "C", "sampled": "D", "correct": false}}
{"type": "result", "data": {"idx": 15, "options": ["Administer amobarbital and then interview the patient", "Ask the patient to provide a narrative with detailed description of the incident and of his symptoms", "Interview the patient under hypnosis", "Interview the patient while paying close attention to his willingness to make eye contact"], "probs": [[0.28661062328832576, 0.23509123570184082, 0.2854301275946785, 0.19286801331516787], [0.2807113553245016, 0.23471332506608394, 0.2935556421802285, 0.1910196773292141], [0.2824383898892015, 0.2346780259164588, 0.3034799459587228, 0.17940363813559124], [0.28918206103760546, 0.23034007843167545, 0.3011333405498922, 0.17934451988084416], [0.284880732201514, 0.23443071823452433, 0.296848042407151, 0.18384050705680555], [0.2935786639117024, 0.2324993134883723, 0.29126748635552696, 0.1826545361444212], [0.28729840244918536, 0.22596755364773796, 0.2884904407773898, 0.19824360302569144], [0.281902357516189, 0.2239810160632154, 0.29884029559749403, 0.19527633072313136], [0.28168788408907025, 0.22503690956712125, 0.3011116748450428, 0.1921635313987592], [0.27815468887586603, 0.2269321807700346, 0.3036901262544615, 0.19122300399963837], [0.2859676811508648, 0.2235853959523327, 0.2922330883778671, 0.19821383441893906], [0.2886532654785035, 0.23089342967041565, 0.2862347243473335, 0.19421858040374637], [0.28506529890157467, 0.22712200656321327, 0.3060544280642644, 0.18175826637093537], [0.29096661338418384, 0.22369904632715457, 0.3035834240053768, 0.1817509161833023], [0.2878634004085317, 0.22882581856083165, 0.29427723277285517, 0.18903354815779058], [0.2821912204244979, 0.2330652131910725, 0.2978674509569665, 0.18687611532747694], [0.28714436321179515, 0.22927976446181844, 0.2960877631619782, 0.18748810906440996], [0.27986380670728384, 0.23369448071596394, 0.3027496160916485, 0.1836920963850974], [0.2882640617984447, 0.2185853707858428, 0.30396213844395964, 0.1891884288717612], [0.29464229939352526, 0.21979394300742178, 0.29454884087028416, 0.1910149166287705], [0.2923459229074444, 0.2189967349708939, 0.28723290636169246, 0.2014244356599807], [0.2928321936423318, 0.22887318904971274, 0.28221717680831215, 0.19607744039965538], [0.2875811881561531, 0.22127154286335396, 0.30260851316490306, 0.1885387557155817], [0.2832242034781067, 0.22466504141794444, 0.3077599388253734, 0.1843508161785849]], "ideal": "B", "sampled": "D", "correct": false}}
{"type": "result", "data": {"idx": 16, "options": ["Failure of leukocytes to migrate between endothelial cells", "Failure of leukocytes to roll along the endothelial surface", "Inability of leukocytes to ingest microorganisms", "Inability of leukocytes to kill intracellular microorganisms"], "probs": [[0.26093639155584597, 0.2322939152621704, 0.29411742268167523, 0.21265227040032894], [0.2596676336424801, 0.2321910505374327, 0.29560119088939746, 0.21254012483069223], [0.25834644690462877, 0.23005731831790863, 0.3017138279003586, 0.2098824067770996], [0.25855294276632457, 0.23269192618184778, 0.29714037199659193, 0.21161475895523113], [0.2587164502236061, 0.22924264153833157, 0.304583670262659, 0.20745723787540485], [0.26046488560262926, 0.23214146070259087, 0.29831718799765705, 0.20907646559712526], [0.25941916609948806, 0.23020008066159647, 0.29931894931519565, 0.21106180382371514], [0.2583887560941917, 0.2291957131429413, 0.3015012311281695, 0.2109142995347004], [0.2577963846603961, 0.22976935802278947, 0.30267929941327376, 0.20975495780354245], [0.25943213571211604, 0.23164932424315904, 0.2993066218739477, 0.209611918070769], [0.25813686270619984, 0.2294226743928935, 0.30425806817686046, 0.20818239462405944], [0.26177483188455575, 0.23109436839041342, 0.299945639186065, 0.2071851604389634], [0.2596257107554037, 0.23177815035250207, 0.30529502311695395, 0.20330111567513245], [0.2601797526233493, 0.23311194864494697, 0.30226445609593544, 0.204443842535766], [0.25956384698300766, 0.23400178089334056, 0.3004601019055184, 0.20597427011816405], [0.26248306073757, 0.23584661847096244, 0.2976537309889927, 0.2040165897024772], [0.2630374416141735, 0.2315499984511079, 0.3005935125267772, 0.20481904730795059], [0.265017610527049, 0.23068442248143428, 0.3035519623089045, 0.20074600458260675], [0.26197239231643465, 0.2316405836336486, 0.3018439748469864, 0.2045430491029486], [0.26329349525279877, 0.2339842058758412, 0.29763164767140093, 0.2050906510999753], [0.2621117621155923, 0.2341583501844644, 0.2962353935090488, 0.20749449409087994], [0.2662442021344653, 0.2359642939682039, 0.29216816042844534, 0.20562334336887353], [0.26487704110221966, 0.23267675156605147, 0.2934075428722708, 0.20903866435945676], [0.26686021777556496, 0.2319237291298411, 0.2953892990851716, 0.20582675390941263]], "ideal": "D", "sampled": "B", "correct": false}}
