{"type": "result", "data": {"idx": 0, "options": ["middle ages", "chess board", "kids story", "fairy tale", "castle"], "probs": [[0.0013601329166388091, 0.9909880327358703, 0.0008998331264272933, 0.0019153235825465232, 0.004836677538517086], [0.9413084260817796, 0.013058011243947776, 0.001757007883446621, 0.004141305051766402, 0.039735249639059646], [0.002504981901055816, 0.00733049982253696, 0.0015743766480622373, 0.011824179816719654, 0.9767659617116253], [0.0054799825413215444, 0.002191171729723255, 0.0015343450809217542, 0.9897810135613859, 0.0010134869866474615], [0.0006307419914919191, 0.002700840315158684, 0.9941531605118574, 0.0007882941647310778, 0.001726962916760912]], "ideal": "D", "sampled": "B", "correct": false}}
{"type": "result", "data": {"idx": 1, "options": ["counter", "coffee table", "school room", "backpack", "bedside table"], "probs": [[0.15166261211554358, 0.6381371373011339, 0.059575164272469866, 0.008905616247945931, 0.14171946996290677], [0.16272063218306201, 0.03326354479848442, 0.04101512124134541, 0.014002194339826936, 0.7489985073372812], [0.0632305844018969, 0.08176304019600776, 0.08028184980611186, 0.10754962000142197, 0.6671749054945615], [0.0566556813196074, 0.21331792491462054, 0.6209286716729842, 0.02968100398978145, 0.0794167180030064], [0.20648718406769392, 0.11840231164095091, 0.2789756823529127, 0.01570616775472199, 0.38042865408372045]], "ideal": "B", "sampled": "B", "correct": true}}
{"type": "result", "data": {"idx": 2, "options": ["cleanness", "wetness", "exfoliation", "use water", "hygiene"], "probs": [[0.023460836901234423, 0.00583076751704502, 0.0036280644400277264, 0.0011994505462970895, 0.9658808804953958], [0.004620661075679862, 0.0034143920410846292, 0.002092605711256268, 0.9849845869236763, 0.0048877541483029864], [0.0021176052345094646, 0.0031632458187330864, 0.9927519808790936, 0.0016703397687263977, 0.00029682819893748087], [0.004744910925136342, 0.9882382384826881, 0.004910905663741807, 0.00045757645910549994, 0.001648368369328241], [0.9949310527092674, 0.0035991871472116944, 0.00041461837838942153, 0.0008071225588937218, 0.0002480191062377459]], "ideal": "A", "sampled": "E", "correct": false}}
{"type": "result", "data": {"idx": 3, "options": ["table", "meeting", "drawer", "toilet", "garage"], "probs": [[0.9929575610457537, 0.005249483046052995, 0.0005473574760658404, 0.0009251696414158427, 0.0003204286907115463], [0.007194847053662617, 0.006138028406058693, 0.0014431975682166482, 0.0029228531518194338, 0.9823010737202426], [0.0031874208144055736, 0.0010442486682149645, 0.0008269641082825917, 0.994459236229351, 0.0004821300797459386], [0.003030752050738816, 0.0025773947357055514, 0.9922390368381405, 0.000628596411597152, 0.0015242198638179259], [0.010344780843413537, 0.9849614660181119, 0.0015257181372610538, 0.002468886276021337, 0.0006991486251922271]], "ideal": "A", "sampled": "A", "correct": true}}
{"type": "result", "data": {"idx": 4, "options": ["damage", "wonderful", "exhaustion", "orgasm", "lazy"], "probs": [[0.001913528414710138, 0.034992825074467875, 0.009274646595977938, 0.9536832525944201, 0.00013574722042393895], [0.00986459144806839, 0.18470502368770056, 0.801962986958756, 0.0007193835520178836, 0.0027480142534571602], [0.006087041999341137, 0.7499078580627243, 0.002465215962889716, 0.0018251060262745057, 0.2397147778487703], [0.7078585710766908, 0.007678387599084617, 0.0012582961029014713, 0.275804201759874, 0.007400543361449054], [0.0031950500851631054, 0.00156043872823375, 0.1256653425694523, 0.0684974746303832, 0.8010816938867676]], "ideal": "B", "sampled": "D", "correct": false}}
{"type": "result", "data": {"idx": 5, "options": ["enemies", "perform better", "sweat", "tension", "frostbite"], "probs": [[0.004815099444974972, 0.0075337842587128645, 0.0059089848746699475, 0.01138998789744601, 0.9703521434241962], [0.0054677422461265465, 0.008474684157754986, 0.004400417607806833, 0.9797639543393479, 0.0018932015489636642], [0.0020248722940015363, 0.0036717526840015008, 0.9858927508065435, 0.0010056970974077553, 0.007404927018045676], [0.0035349543732169876, 0.9738154639079338, 0.003653273313911784, 0.0062603393995985905, 0.01273596890533878], [0.16850005754796268, 0.038245433930315216, 0.006758570805610471, 0.019252351473257264, 0.7672435861428544]], "ideal": "D", "sampled": "E", "correct": false}}
{"type": "result", "data": {"idx": 6, "options": ["free will", "choice", "will", "alcohol", "freedom"], "probs": [[0.09927554016148563, 0.8860470284482173, 0.004173932889301156, 0.0022173709246226638, 0.008286127476373325], [0.023910165526555234, 0.022841605088997224, 0.0022664804203288177, 0.11336206228508827, 0.8376196865790304], [0.0061832875607369196, 0.0012403747464852974, 0.004571733040010229, 0.8695207786810505, 0.11848382587171709], [0.005251049970445151, 0.008661839138493638, 0.1851764014495861, 0.7979869208525701, 0.0029237884889050554], [0.006457657754836005, 0.8727858339005233, 0.11723002412288644, 0.002716310174245637, 0.0008101739475085467]], "ideal": "B", "sampled": "A", "correct": false}}
{"type": "result", "data": {"idx": 7, "options": ["bathtub", "washing area", "hotel", "shower stall", "department store"], "probs": [[0.023166742425275267, 0.01857974735910097, 0.8457039173582356, 0.10841341560042829, 0.0041361771569598865], [0.04884488962028486, 0.3149482362300632, 0.606446455093957, 0.011324649865392337, 0.018435769090302586], [0.47281940695815344, 0.3840532569455569, 0.019675551157199447, 0.08514854326582631, 0.03830324157326389], [0.5457681223770696, 0.029874716756449073, 0.34151052216620253, 0.03438346338433818, 0.048463175215940596], [0.01658570496606739, 0.20610721860833428, 0.03186441052323246, 0.19479918988414793, 0.5506434759182179]], "ideal": "A", "sampled": "D", "correct": false}}
{"type": "result", "data": {"idx": 8, "options": ["new york city", "subdivision", "ring", "hazleton", "live in"], "probs": [[0.9925050303103026, 0.005403603699586818, 0.0012012843985082942, 0.000557499489999014, 0.0003325820016032934], [0.0055574106770631395, 0.007053365667451196, 0.002899650841674412, 0.004224766819324061, 0.9802648058944872], [0.004637181260315079, 0.003958696868905535, 0.002751256130346997, 0.987941416908795, 0.0007114487316373826], [0.0026910510755469145, 0.004518495697657272, 0.9912023331103059, 0.0006668749484047697, 0.0009212450680850783], [0.0049553285343383845, 0.9898676536205046, 0.0025491788911253363, 0.0018528504880733344, 0.0007749883659584088]], "ideal": "A", "sampled": "A", "correct": true}}
{"type": "result", "data": {"idx": 9, "options": ["very entertaining", "fun", "slow", "competitive", "violent"], "probs": [[0.00453814749562414, 0.005113871119661474, 0.0029353668674259874, 0.004925298776967849, 0.9824873156403205], [0.0033497732535796424, 0.0028453633741980363, 0.002736838686104404, 0.9888695185046771, 0.0021985060814408296], [0.0026102797760456454, 0.0032486498469511695, 0.9894570374865637, 0.0006724391842085307, 0.004011593606231027], [0.007981420561021996, 0.9785273802849682, 0.006131034611360087, 0.0023037311452849705, 0.005056433297364692], [0.9896735772254718, 0.004169798801340502, 0.0027425663953590473, 0.0008812081798286261, 0.0025328492979999864]], "ideal": "E", "sampled": "E", "correct": true}}
{"type": "result", "data": {"idx": 10, "options": ["night sky", "galaxy", "outer space", "hollywood", "eat cake"], "probs": [[0.0017972408723871916, 0.0059952076758381986, 0.9915613282770042, 0.0003670209099363746, 0.0002792021648341114], [0.00878264246228507, 0.9133181495989392, 0.0016075150093880378, 0.0013758175392831647, 0.07491587529010449], [0.7275902361944486, 0.015398734285363588, 0.0005698988003834944, 0.09717133978802088, 0.15926979083178347], [0.0025147787148091447, 0.0016102478504088382, 0.009505211620752263, 0.05419222191138814, 0.9321775398026416], [0.001195083675708158, 0.08229266593109529, 0.002561388455734749, 0.9138560238789315, 9.483795853029004e-05]], "ideal": "C", "sampled": "C", "correct": true}}
{"type": "result", "data": {"idx": 11, "options": ["new perspective", "entertained", "understanding", "hunger", "tired eyes"], "probs": [[0.9867737160279095, 0.00629956228684647, 0.005884238084057531, 0.0007555236248925692, 0.0002869598762938615], [0.005133362509154045, 0.03278449191917305, 0.002029845266997639, 0.0021625603642686816, 0.9578897398404066], [0.008981127351138285, 0.003751947569255029, 0.002404881889956879, 0.9839841788324823, 0.0008778642571674561], [0.003909326069327459, 0.004443101949265521, 0.7516557998933656, 0.001728080988575215, 0.23826369099946615], [0.004321826124980083, 0.9264385037193816, 0.00326724604203769, 0.06555194360304563, 0.00042048041055495677]], "ideal": "A", "sampled": "A", "correct": true}}
{"type": "result", "data": {"idx": 12, "options": ["initiate", "ignore", "question", "answer", "ask"], "probs": [[0.16978630140954962, 0.12639661303722077, 0.06517563079794046, 0.5813315499838874, 0.05730990467140178], [0.03191977663761964, 0.11361381723469359, 0.30859762320912154, 0.10110195176614396, 0.44476683105242126], [0.02890546576530565, 0.274733539274674, 0.0871989862951015, 0.5221196334716153, 0.08704237509330352], [0.033631514128072706, 0.12926712390107808, 0.5932525881298335, 0.1410010877669215, 0.10284768597409417], [0.04157187307479197, 0.481957853512265, 0.03541458249500859, 0.06621594400664262, 0.37483974681129184]], "ideal": "A", "sampled": "A", "correct": true}}
{"type": "result", "data": {"idx": 13, "options": ["hair brush", "ladies bathroom", "art supplies", "shower", "hair salon"], "probs": [[0.007155947870532244, 0.0067162909138484845, 0.9778166517930856, 0.0027232411203621455, 0.0055878682021714985], [0.0067880079153483375, 0.8518902671473048, 0.014504983026838197, 0.008036226414585929, 0.11878051539592273], [0.9248762588929701, 0.03501034554560494, 0.006149205148795028, 0.02964908781352426, 0.004315102499105712], [0.01253779360841306, 0.015102681006114605, 0.06097223700520343, 0.0068334398428080536, 0.9045538484374609], [0.008475373616647503, 0.02618965356613762, 0.005245100313903127, 0.9542881978786151, 0.0058016745246967]], "ideal": "C", "sampled": "C", "correct": true}}
{"type": "result", "data": {"idx": 14, "options": ["plastic bag", "pantry", "supermarket", "toaster", "prison"], "probs": [[0.003587694390582509, 0.0031774861428307444, 0.0011759373649902624, 0.9885795760969327, 0.0034793059046638024], [0.002169697146778424, 0.001517129410320569, 0.9919545360617135, 0.0013719296971981903, 0.002986707583989326], [0.004035141315344703, 0.9911004891864662, 0.0018709491688404492, 0.0015641011981884646, 0.0014293190311602073], [0.9857395881118383, 0.007748353287252492, 0.0019358852859508709, 0.0034458723607709283, 0.0011303008541873926], [0.0032740992028803644, 0.0034457047004818296, 0.0010599170345987024, 0.0017587506445413449, 0.9904615283174978]], "ideal": "D", "sampled": "D", "correct": true}}
{"type": "result", "data": {"idx": 15, "options": ["oven", "freezer", "plate", "tupperware", "grill"], "probs": [[0.005351258465262649, 0.191659751171238, 0.0026866623793506067, 0.7997529045584146, 0.0005494233257340713], [0.4485645285907921, 0.0050093750376902, 0.5449861278008982, 0.0006609603284762513, 0.0007790081421432219], [0.00886236697530868, 0.6042096070238039, 0.0025692086419922423, 0.0055733826485978, 0.37878543461029746], [0.08378501430541291, 0.0021506900416178847, 0.0007146046958338831, 0.9069873690232667, 0.006362321833868661], [0.002694588998172824, 0.0009306868224607185, 0.35041834811189876, 0.03447121939945496, 0.6114851565680127]], "ideal": "B", "sampled": "D", "correct": false}}
{"type": "result", "data": {"idx": 16, "options": ["jungle", "zoo", "kill", "india", "eat cake"], "probs": [[0.003118976827158106, 0.9884189713808572, 0.004331484123178232, 0.0020272345992833687, 0.0021033329695230125], [0.9700534411164219, 0.015435385676393652, 0.0032228647376901015, 0.002988069424151839, 0.008300238945342481], [0.0037583944452728424, 0.003584174035048329, 0.001348864222621429, 0.019770546801981172, 0.9715380203950762], [0.0019251587048240506, 0.0045907710711424465, 0.0033577024425540903, 0.987858018675293, 0.0022683490061863793], [0.0009140650865020767, 0.0036659286388626847, 0.9936556607156445, 0.0010606993868660078, 0.0007036460721246933]], "ideal": "B", "sampled": "B", "correct": true}}
{"type": "result", "data": {"idx": 17, "options": ["picture of sea side", "seaside town", "beach", "california", "see side picture"], "probs": [[0.006318471505285812, 0.0031643044758441407, 0.0029874286206938855, 0.9868085557424736, 0.0007212395557025742], [0.0027558971219323433, 0.005120912571038174, 0.9891566046354796, 0.0007320067385708989, 0.0022345788329789814], [0.008293947430594584, 0.9610094206451464, 0.025768318815039524, 0.0033468205428153867, 0.0015814924664041036], [0.841249938838581, 0.14845779906863135, 0.002700911863647523, 0.001579018423268536, 0.006012331705871562], [0.0138401373414109, 0.009467906518260263, 0.0030910729616787365, 0.0250012265202528, 0.9485996565583973]], "ideal": "D", "sampled": "D", "correct": true}}
{"type": "result", "data": {"idx": 18, "options": ["west virginia", "kentucky", "rocky hills", "scotland", "canyon"], "probs": [[0.003947749296994591, 0.9946346951393165, 0.0009126927537212504, 0.0003590459554044203, 0.0001458167545632321], [0.9955558798428776, 0.0038977391165683313, 0.00011974779809178204, 0.00015993630754809496, 0.0002666968349141513], [0.0018676796483348952, 0.002421569081878565, 0.0006565907395363548, 0.01667455213153263, 0.9783796082987175], [0.0004744970653134789, 0.0010561806345256082, 0.001641340190842093, 0.9967196015570807, 0.00010838045223808722], [0.0002937266577696012, 0.0006140263909784142, 0.9989176706391641, 0.00014002352187520318, 3.4552690212688616e-05]], "ideal": "B", "sampled": "B", "correct": true}}
{"type": "result", "data": {"idx": 19, "options": ["office building", "office supply store", "desk drawer", "with dwight", "desktop"], "probs": [[0.0027132127231888872, 0.003280093219127186, 0.9760469367049189, 0.004823650611447756, 0.013136106641317258], [0.008443578180482655, 0.9248771532857533, 0.027943530520946624, 0.037010279059097255, 0.0017254588537202096], [0.1256116012587355, 0.7299238327079638, 0.11378784296418427, 0.013109490997838818, 0.017567231971277658], [0.024761567425489666, 0.3274587113601578, 0.017333948799287395, 0.0747233627021372, 0.555722409612928], [0.014256156838229474, 0.009020055211824146, 0.004214825807446215, 0.9644371208552766, 0.008071841187223646]], "ideal": "C", "sampled": "C", "correct": true}}
{"type": "result", "data": {"idx": 20, "options": ["work", "tacos", "mass", "play sports", "wrestle"], "probs": [[0.0035374186744821395, 0.002575370634424306, 0.0031584451372442166, 0.9901701494601253, 0.0005586159937241136], [0.0017571672127353556, 0.002210452516346235, 0.9924040119868591, 0.0004204710248861278, 0.0032078971591730948], [0.005383597885333164, 0.9881186928291014, 0.0029333038919040367, 0.003031994036225428, 0.0005324112574360459], [0.9822509789514061, 0.014910035621970245, 0.0015201640633494423, 0.0008056463479113453, 0.0005131749153628778], [0.005124714071376175, 0.00815253009283569, 0.0012605676495230362, 0.007028221579934784, 0.9784339665063303]], "ideal": "D", "sampled": "D", "correct": true}}
{"type": "result", "data": {"idx": 21, "options": ["math class", "math book", "in pythagorus' band", "orchestra", "music class"], "probs": [[0.004815853018393372, 0.0053145343769096355, 0.003080300935076819, 0.014289108945291359, 0.9725002026243288], [0.003000893642363886, 0.0034111233102006727, 0.03448335095445854, 0.9584640303721408, 0.0006406016208361119], [0.0018433919359171116, 0.008825993252854556, 0.9876949885037432, 0.0010291580212795583, 0.0006064681862056386], [0.006085192816940493, 0.9900495735368671, 0.0016106625501873986, 0.0004022331837939854, 0.0018523378122110646], [0.9918080968551055, 0.004079380702935233, 0.00046054002126237105, 0.0006231288677083815, 0.003028853452988529]], "ideal": "E", "sampled": "E", "correct": true}}
{"type": "result", "data": {"idx": 22, "options": ["believe in god", "smoke marijuana", "desire to travel", "use weapons", "throw away"], "probs": [[0.0010117282463933072, 0.001080546926795636, 0.996065018434989, 0.0006407036165375807, 0.0012020026752845227], [0.001089240971168947, 0.995750263033036, 0.0019163644438078002, 0.0009006055277439916, 0.00034352592424315295], [0.9962738943318297, 0.002400485844726023, 0.00041848384063919084, 0.00023535683154470586, 0.0006717790512603683], [0.0023525672710212274, 0.0017364305355977712, 0.0014131234015188783, 0.0018840380695077518, 0.9926138406223544], [0.0015538950293066192, 0.001323985368270177, 0.0013785109275993913, 0.9954466569614464, 0.00029695161337735173]], "ideal": "C", "sampled": "C", "correct": true}}
{"type": "result", "data": {"idx": 23, "options": ["mall", "grocery store", "grocery store", "shop", "supermarket"], "probs": [[0.9699380010507033, 0.005985780477899737, 0.0013658496097821724, 0.021465390607094337, 0.001244978154520455], [0.0023560079977041405, 0.002686284994943907, 0.01505722001230778, 0.005536273669765542, 0.9743642132252787], [0.004730675099974893, 0.024977990530394796, 0.0021287324789595937, 0.9676216049829652, 0.0005409968077055117], [0.00325152235621531, 0.0017047672578606498, 0.9913314227990024, 0.0012774836422073121, 0.0024348038447142718], [0.001537836218038205, 0.9774815829513284, 0.0011957361606311021, 0.0014847519933239722, 0.018300092576678386]], "ideal": "A", "sampled": "A", "correct": true}}
{"type": "result", "data": {"idx": 24, "options": ["digestive", "feel better", "sleepiness", "indigestion", "illness"], "probs": [[0.006249835246228837, 0.00745480227880552, 0.001540800439432969, 0.1950517891961262, 0.7897027727394065], [0.0016911971686782278, 0.0026905343515377747, 0.012223599530031578, 0.9706990759682425, 0.012695592881509976], [0.0018873169867098395, 0.13774948221620226, 0.8560260186520386, 0.0036761040002885564, 0.0006610780447606986], [0.01636999951184244, 0.9755894061484427, 0.006323454590289662, 0.0012296626204655158, 0.00048747702895965823], [0.37827336969349384, 0.5825234679465184, 0.0022666177355277974, 0.0024873209305027134, 0.034449223593957225]], "ideal": "D", "sampled": "E", "correct": false}}
{"type": "result", "data": {"idx": 25, "options": ["club", "assembly hall", "meditation center", "meeting", "church"], "probs": [[0.9903502518644216, 0.006267421447608219, 0.0014724034198339306, 0.0012873179582745611, 0.0006226052098616767], [0.005922981129545092, 0.00465030274198284, 0.002679679568716238, 0.0022116308314582816, 0.9845354056282976], [0.0027782146589832167, 0.0027025304964820155, 0.0014501635574347366, 0.9914916838191798, 0.0015774073679201727], [0.003238190059029467, 0.003487229680796699, 0.9878387736532962, 0.0012786576195256073, 0.004157148887351983], [0.0032136725107907937, 0.9887023331553617, 0.002649393421524451, 0.0013028166817409862, 0.004131784130582055]], "ideal": "A", "sampled": "A", "correct": true}}
{"type": "result", "data": {"idx": 26, "options": ["forest", "valley", "outdoors", "countryside", "woods"], "probs": [[0.01945006941974448, 0.9530592707620681, 0.0028614363215772633, 0.017325467544797416, 0.007303755851812749], [0.9913056435266624, 0.0018865390338398357, 0.002324794172785257, 0.00242842080524673, 0.002054602361465757], [0.008473205805574566, 0.0030623069532993642, 0.0011539237350458086, 0.005742821965220164, 0.9815677414408601], [0.018221569739892456, 0.0025785346201807635, 0.0024116106352921095, 0.9746524260995456, 0.002135858805089075], [0.005873887507803236, 0.0012093028411424534, 0.9672100234087241, 0.001161074882265732, 0.024545711260064478]], "ideal": "B", "sampled": "B", "correct": true}}
{"type": "result", "data": {"idx": 27, "options": ["music store", "create music", "zoo", "music room", "symphony"], "probs": [[0.08646749539126826, 0.0341660522817889, 0.003960680606198285, 0.014492869098987452, 0.8609129025217571], [0.1303872775866781, 0.01087084453480286, 0.005963851967426037, 0.8306346367764292, 0.022143389034663716], [0.004936962644418792, 0.005263627283219044, 0.9634582587137805, 0.01292170808713401, 0.013419443171447547], [0.023020083323833252, 0.9488477462067822, 0.020176375954572563, 0.005562702282763635, 0.0023930921320482828], [0.48939535786563226, 0.3234557362996656, 0.030641738800877272, 0.003509963238043621, 0.1529972036957812]], "ideal": "E", "sampled": "E", "correct": true}}
{"type": "result", "data": {"idx": 28, "options": ["boat", "necessary to live", "edible", "unhealthy", "kitchen"], "probs": [[0.0031499211394670655, 0.0023443627189009882, 0.0028306663154423098, 0.990408500591521, 0.0012665491346686368], [0.0016610588823738085, 0.003630966918375453, 0.9919000374379879, 0.0018143467799732157, 0.0009935898812895609], [0.0061683092951704006, 0.984296228457876, 0.00432490661899953, 0.002834683824121436, 0.00237587170383266], [0.9863814727967207, 0.007903974492503869, 0.0018019379529950234, 0.0026083492358934804, 0.001304265421886942], [0.003917955222938065, 0.005290040139113168, 0.0013194238646792433, 0.006032625051837749, 0.9834399556214317]], "ideal": "D", "sampled": "D", "correct": true}}
{"type": "result", "data": {"idx": 29, "options": ["most offices", "fish department", "fancy restaurant", "government submarine", "chesapeake bay"], "probs": [[0.006735327994778916, 0.9641101848711116, 0.003947100802038961, 0.006450900669099229, 0.01875648556297133], [0.8271361768672554, 0.01604546898214315, 0.006442892040491132, 0.13722600841434768, 0.013149453595762695], [0.013255607508267457, 0.02568329345137662, 0.07953488184599984, 0.026852760811387894, 0.8546734562829682], [0.006801023360776686, 0.008682154053782547, 0.012050180035374464, 0.9720259086368908, 0.0004407338131755638], [0.010823630877949563, 0.015288084957450376, 0.9678155914073022, 0.001229768170336706, 0.004842924486961087]], "ideal": "B", "sampled": "B", "correct": true}}
{"type": "result", "data": {"idx": 30, "options": ["case", "jewelry store", "shopping", "jewelery box", "hock"], "probs": [[0.0039112450555784046, 0.9904704454341504, 0.002868870903472466, 0.0006855432130283535, 0.0020638952937704087], [0.9614731928178728, 0.03413125541286377, 0.0012460845709942716, 0.0018906367970019933, 0.001258830301267215], [0.005004711031925016, 0.014002212458774218, 0.0017540343275564, 0.0030921558217477225, 0.9761468862599967], [0.006013815633862866, 0.005498172177096419, 0.0012618255497634687, 0.9807120197638262, 0.006514166775451075], [0.0018008884159257405, 0.00218131859547835, 0.9935768146622709, 0.0009828314566905005, 0.0014581467696344664]], "ideal": "B", "sampled": "B", "correct": true}}
{"type": "result", "data": {"idx": 31, "options": ["dishwasher", "water fountain", "sand box", "toilet", "kitchen cabinet"], "probs": [[0.01030252289334432, 0.003869700847258788, 0.0016391833368463813, 0.0016914021266376414, 0.9824971906959129], [0.01431863195717604, 0.0032260660071364486, 0.0022950677659174445, 0.9775040146435288, 0.002656219526241287], [0.001541775298357509, 0.0015322380888347486, 0.9951664341037214, 0.00069934810037832, 0.0010602043087079424], [0.004747840430592537, 0.9879337023765414, 0.0053985387935785644, 0.001162136517653938, 0.0007577817816335469], [0.973493579402299, 0.022916583882778358, 0.002339585083388479, 0.0007029613655850762, 0.0005472901659491011]], "ideal": "E", "sampled": "E", "correct": true}}
{"type": "result", "data": {"idx": 32, "options": ["office building", "internet cafe", "house", "school", "internet cafe"], "probs": [[0.04423157514275701, 0.296239019514199, 0.5709694048599995, 0.011476375204206662, 0.07708362517883788], [0.016286309579346913, 0.05849928699082638, 0.004989263531402991, 0.013757834017421354, 0.9064673057810023], [0.009831120787537728, 0.009979476742289481, 0.0935931465326362, 0.6730973444054309, 0.2134989114321057], [0.015415568245860252, 0.3436751532111474, 0.13238611310529944, 0.06100772460189893, 0.44751544073579397], [0.01705378495173512, 0.3097403076563727, 0.010047906166292935, 0.660841411172446, 0.0023165899531532664]], "ideal": "A", "sampled": "A", "correct": true}}
{"type": "result", "data": {"idx": 33, "options": ["last word", "conclusion", "ikea instructions", "afterword", "epilogue"], "probs": [[0.04257512240664486, 0.07488783054127968, 0.007396783755428618, 0.4595004673943716, 0.4156397958022752], [0.33088518255352056, 0.054111000745843935, 0.242921040312212, 0.35147828810904774, 0.020604488179375737], [0.06260321102102778, 0.32969345656634197, 0.10981188386141207, 0.029133505248091784, 0.46875794320312636], [0.2061049597743531, 0.09903199021766217, 0.025317215770765056, 0.6582973463896422, 0.01124848774757746], [0.18841572209285884, 0.09727177822327818, 0.22316058102529662, 0.0226540734372027, 0.46849784512136367]], "ideal": "E", "sampled": "B", "correct": false}}
{"type": "result", "data": {"idx": 34, "options": ["fish market", "pet shop", "fishmongers", "intertidal zone", "obesity"], "probs": [[0.06820778763221116, 0.09549377413894798, 0.07156443075887944, 0.7631374241498662, 0.0015965832200952104], [0.011882505130459384, 0.09067649169781902, 0.8737466240860859, 0.002345886448963173, 0.02134849253667252], [0.7169162930774082, 0.10914604077101905, 0.0016826755139415358, 0.13179649963666773, 0.04045849090096344], [0.023111554517663422, 0.004259897173371497, 0.6299835114304716, 0.32208265171273437, 0.02056238506575913], [0.009630938434831522, 0.5344165850512582, 0.36429370322700094, 0.04816184659376198, 0.043496926593147314]], "ideal": "C", "sampled": "D", "correct": false}}
{"type": "result", "data": {"idx": 35, "options": ["brush hair", "theater", "house", "dwelling", "bathhouse"], "probs": [[0.00687656591987618, 0.01699859704826044, 0.002217884238195492, 0.004647764952129017, 0.9692591877415389], [0.024688344216180543, 0.012197406836511753, 0.004407442465848448, 0.9511534007543345, 0.0075534056271247185], [0.0074285816980539645, 0.007974114562723286, 0.9775022678768467, 0.0016575805914443758, 0.0054374551709316455], [0.012447282653295024, 0.9499170169915333, 0.004580350585875718, 0.0044718733921759075, 0.028583476277120094], [0.9657476641047673, 0.018757374439992425, 0.0014342663208616775, 0.0031996970031718413, 0.010860998031206692]], "ideal": "E", "sampled": "E", "correct": true}}
{"type": "result", "data": {"idx": 36, "options": ["poisonous gas", "homicide", "cinder", "nuclear weapons", "cyanide"], "probs": [[0.054060083582515545, 0.6962195012649149, 0.03131361189506536, 0.032480112141708234, 0.18592669101579587], [0.11407371225418303, 0.035566848894072606, 0.03539781756673473, 0.7989203586033627, 0.01604126258164692], [0.010322111303190095, 0.07931312616008462, 0.6254884353486307, 0.025735523124568217, 0.25914080396352634], [0.009424169740006162, 0.11742121965685749, 0.00801653151912887, 0.8304910233073208, 0.0346470556766866], [0.571959885020435, 0.1159876081684514, 0.21075310280379767, 0.03338255943779134, 0.06791684446952452]], "ideal": "B", "sampled": "E", "correct": false}}
{"type": "result", "data": {"idx": 37, "options": ["players", "play games", "casino", "table", "toy store"], "probs": [[0.0028680121013455705, 0.0029888779826902807, 0.00294992704525291, 0.99073429361791, 0.00045888915280119664], [0.00138845920558614, 0.0026823582052788314, 0.9916969933929308, 0.0004000268155652751, 0.0038321622806389635], [0.005942649421255443, 0.9853680311329212, 0.0027086400673408425, 0.0020138664712690173, 0.003966812807213593], [0.9908351047117598, 0.005276108807864845, 0.0008196457338427298, 0.0008012820893074203, 0.0022678585572252032], [0.003091971610893413, 0.006715021961686659, 0.0004655782463346191, 0.009608575313762257, 0.980118852767323]], "ideal": "D", "sampled": "D", "correct": true}}
{"type": "result", "data": {"idx": 38, "options": ["read book", "own house", "apartment", "more rice", "warm coat"], "probs": [[0.009543999880341996, 0.005945705944802257, 0.0015381550616645249, 0.006573912936484058, 0.9763982260767071], [0.0031299261979403194, 0.0015540354266309609, 0.002279535639886673, 0.9853533119535018, 0.007683190682040174], [0.003458569600781462, 0.0018740365265632157, 0.9834842169803981, 0.008247644642535941, 0.002935532149721264], [0.008199476468126387, 0.8390143936980468, 0.13249937917179117, 0.00483907190432849, 0.015447678657707188], [0.8735948059621362, 0.1067555005787569, 0.004482234593744151, 0.004855305206913598, 0.010312153558449133]], "ideal": "E", "sampled": "E", "correct": true}}
{"type": "result", "data": {"idx": 39, "options": ["gap", "shopping mall", "bedroom", "laundromat", "bathroom"], "probs": [[0.016350279182162055, 0.9748221368468908, 0.004122714651062528, 0.004121911385314837, 0.0005829578345697948], [0.9889612014158117, 0.005931927138528129, 0.0018977996287494745, 0.001745960864389802, 0.001463110852520912], [0.005884464180152076, 0.005449108643173736, 0.0015703084075356303, 0.04792037821960614, 0.9391757404495324], [0.0031285732277432305, 0.0016969503881593398, 0.033720609332239894, 0.9610996863581073, 0.00035418059375023594], [0.0014841740715798447, 0.010077071673558523, 0.9868499015861634, 0.0007696178024786174, 0.0008192347662196409]], "ideal": "B", "sampled": "B", "correct": true}}
{"type": "result", "data": {"idx": 40, "options": ["theater", "opera", "show", "television", "blockbuster feature"], "probs": [[0.9731112370622678, 0.012905456313908182, 0.007206706955331945, 0.002421151358180116, 0.0043554482103119446], [0.014738534341665303, 0.014284830369482132, 0.004108917314486288, 0.00171189614415546, 0.9651558217302109], [0.020721514089150128, 0.003174808209406895, 0.002687041463959409, 0.9710526889021738, 0.0023639472353097274], [0.0034225562563983507, 0.0012200886176969017, 0.9806273039210641, 0.0006615042438347611, 0.01406854686100581], [0.009615980369849944, 0.9393139160122073, 0.005752888210674997, 0.02187956561041718, 0.023437649696850558]], "ideal": "A", "sampled": "A", "correct": true}}
{"type": "result", "data": {"idx": 41, "options": ["baggage compartment", "movie", "subway", "airplane", "cargo hold"], "probs": [[0.06580980915521477, 0.436201933252419, 0.07239348494575795, 0.4042064279227053, 0.021388344623903], [0.027147981761140163, 0.07749864313910322, 0.12990255410596796, 0.17487030893919733, 0.5905805119545913], [0.014076818487777, 0.32807215525540234, 0.013164616911474589, 0.6189826032247702, 0.025703806020575922], [0.04598896710172278, 0.09305993726351418, 0.7495461906724902, 0.06818975151893877, 0.04321515334333407], [0.02038586436264385, 0.053592771849076265, 0.0396997840303621, 0.015721766118619744, 0.870599813539298]], "ideal": "B", "sampled": "A", "correct": false}}
{"type": "result", "data": {"idx": 42, "options": ["eat", "think", "reading", "meditate", "fall asleep"], "probs": [[0.02818805000044194, 0.14816200842092492, 0.4937931335506257, 0.05063887722759853, 0.2792179307004089], [0.04845061538754916, 0.4803700162000309, 0.06239575164437998, 0.3997416805068991, 0.009041936161140853], [0.050348141742899796, 0.04430845968775412, 0.8098589407755972, 0.0062365710745093, 0.08924788661923967], [0.02886474051602041, 0.8741419666277996, 0.010875159569622485, 0.03173403725453789, 0.05438409593201957], [0.895064127524605, 0.0630211871126904, 0.010293168399654497, 0.023372874283452073, 0.008248642579598056]], "ideal": "E", "sampled": "E", "correct": true}}
{"type": "result", "data": {"idx": 43, "options": ["eyes", "animal", "fingertips", "brainstem", "human body"], "probs": [[0.007449740870115601, 0.9738954123272752, 0.006648528265129359, 0.006149746362440985, 0.005856572075038882], [0.9666876099513518, 0.021873100857817095, 0.0023147129716519542, 0.005539465981391786, 0.003585110137787335], [0.0039246835476208514, 0.005186375537504739, 0.0019349415660117762, 0.004124007527247017, 0.9848299917216156], [0.005184212607278777, 0.005322385018973795, 0.0029932981755639724, 0.9834449712270396, 0.003055132871143923], [0.003411497971346075, 0.004370955516857532, 0.9869009921270893, 0.002529630768026245, 0.002786923516680845]], "ideal": "B", "sampled": "B", "correct": true}}
{"type": "result", "data": {"idx": 44, "options": ["ground", "subway", "bank", "bed", "street"], "probs": [[0.038948690429612756, 0.022075534872087525, 0.010282528123576008, 0.91769127256082, 0.011001973913903715], [0.019273122671924894, 0.022440558182231517, 0.8293566660485108, 0.006142066293916792, 0.12278758670341601], [0.025384953384831578, 0.809314076573574, 0.020596828424715812, 0.13631548062270146, 0.008388660894177146], [0.35866059914137455, 0.06861939101600005, 0.5244255524685372, 0.01021765890792798, 0.0380767983661603], [0.016757189851280444, 0.028445096047840478, 0.009288797877795504, 0.007341663188311996, 0.9381672529347715]], "ideal": "D", "sampled": "D", "correct": true}}
{"type": "result", "data": {"idx": 45, "options": ["theater", "train", "bathhouse", "dwelling", "actors and actresses"], "probs": [[0.9041339886472648, 0.06254300233279746, 0.005913467622250314, 0.006525569654778668, 0.020883971642908776], [0.0037972788783815934, 0.0037795269381376445, 0.0008378998915686639, 0.006950203117838107, 0.984635091074074], [0.0032170272812319448, 0.0018453565377063359, 0.002012437902623519, 0.9896988842376134, 0.003226293940824709], [0.0023070387776286437, 0.0024544301226131515, 0.9909895759024459, 0.001190259831924974, 0.0030586952653873928], [0.022764417034672565, 0.940907861716815, 0.017919121800633188, 0.007197255931372056, 0.01121134341650719]], "ideal": "A", "sampled": "A", "correct": true}}
{"type": "result", "data": {"idx": 46, "options": ["packaging materials", "recycle bin", "box factory", "warehouse", "bowler hats"], "probs": [[0.9961179856821692, 0.002359265173291916, 0.0005400906539263488, 0.0008031835707219053, 0.0001794748198906185], [0.0021222329585251216, 0.001460150024885925, 0.0006702423090585552, 0.0017214720423278055, 0.9940259025652026], [0.0024769874253798723, 0.001300273106195894, 0.0008476004359646653, 0.9940586333409988, 0.0013165055914608587], [0.0007062985756501264, 0.0007262356326996368, 0.995324585515306, 0.0004953255874356594, 0.002747554588908534], [0.0012409988949640758, 0.9918483808788899, 0.001160677442642307, 0.0022378017435269217, 0.0035121409399767206]], "ideal": "A", "sampled": "A", "correct": true}}
{"type": "result", "data": {"idx": 47, "options": ["sick person", "hospital", "elderly person", "graveyard", "doctor's office"], "probs": [[0.14684882800215945, 0.5217304773421894, 0.036899488539230696, 0.07342994233245874, 0.22109126368396173], [0.014257031931503659, 0.016850660904046355, 0.0040339537433447025, 0.03094283011908906, 0.9339155232020162], [0.006018486588859964, 0.007677505913741566, 0.010257002528760642, 0.9670812139879295, 0.008965790880708356], [0.0055462905774645, 0.031200029042966804, 0.9407541216472032, 0.018942688445059627, 0.0035568701873058477], [0.009027914668689763, 0.8599561356519548, 0.11904852038971128, 0.0048094343394723136, 0.0071579948501718175]], "ideal": "A", "sampled": "A", "correct": true}}
{"type": "result", "data": {"idx": 48, "options": ["park", "internet", "meeting", "library", "book"], "probs": [[0.0024154111463584914, 0.25393986408235397, 0.0007667064112402525, 0.7421969089489503, 0.0006811093110970296], [0.015865068199020345, 0.002088731763280351, 0.981555896421893, 0.0003895863606345648, 0.00010071715517171894], [0.0014151328788585453, 0.10417609660964515, 0.0006953452162784919, 0.000591284404838965, 0.8931221407903789], [0.5095846312409311, 0.0014522803976912391, 0.00026366133400511257, 0.4884361869586458, 0.00026323996872663555], [0.003514111264219732, 0.0025931742750642923, 0.1316251241940775, 0.0006668386471210296, 0.8616007515195174]], "ideal": "D", "sampled": "D", "correct": true}}
{"type": "result", "data": {"idx": 49, "options": ["stagnant", "stagnation", "tradition", "hunger", "paper money"], "probs": [[0.1755455712960013, 0.8191895394460885, 0.002400550266295464, 0.0022872991141664224, 0.0005770397774482364], [0.5416338474741709, 0.01731955456211003, 0.0057645328672690024, 0.0026610603242608697, 0.43262100467218917], [0.005117834698625192, 0.0027482258805037628, 0.0010946939496137243, 0.20615215830029754, 0.7848870870709598], [0.005104566054837155, 0.0020503292574458, 0.1718891432858897, 0.8194918135812858, 0.001464147720541551], [0.0035511669621535575, 0.4205139888100838, 0.5746609774713499, 0.0006839028328402297, 0.0005899638235725322]], "ideal": "B", "sampled": "B", "correct": true}}
{"type": "result", "data": {"idx": 50, "options": ["cause irrational behaviour", "recur", "effectively treated", "managed", "cause suffering"], "probs": [[0.0025145328089187765, 0.0014490948586915913, 0.0713244696876806, 0.9245244753896626, 0.00018742715504638244], [0.00231249958322563, 0.11982753971762664, 0.8769467545402746, 0.00032694332455021115, 0.0005862627343228966], [0.030889438810961057, 0.9640930998941046, 0.002192338953117569, 0.0008541528463967977, 0.00197096939541993], [0.0080138888127781, 0.003389942226994773, 0.0013229064388085782, 0.0038262391763297654, 0.9834470232450888], [0.0026860138152430086, 0.0005591922911468918, 0.0012246376659738256, 0.774976525051247, 0.22055363107638923]], "ideal": "C", "sampled": "D", "correct": false}}
{"type": "result", "data": {"idx": 51, "options": ["cast iron stomach", "physical exertion", "shin splints", "adventure", "fatigue"], "probs": [[0.1313269968674472, 0.2259531656523923, 0.030081021070999074, 0.44895333853198255, 0.16368547777717893], [0.45755202167477227, 0.09055704895321444, 0.22688900238820708, 0.05665749760446752, 0.16834442927933868], [0.08505982064248255, 0.05598188246088415, 0.015897470807550128, 0.014850587785387066, 0.8282102382036961], [0.13144622496977595, 0.048863033780355655, 0.018396496428265015, 0.690489875260798, 0.1108043694608054], [0.0685972268170273, 0.022385537455335325, 0.04801593312129086, 0.016867514572337965, 0.8441337879340085]], "ideal": "C", "sampled": "B", "correct": false}}
{"type": "result", "data": {"idx": 52, "options": ["chess game", "scheme", "chess set", "checkers", "north carolina"], "probs": [[0.9703272714908432, 0.018768800238180054, 0.004581431824230169, 0.0027426475927380305, 0.0035798487540085917], [0.01348079509629407, 0.03569570190239697, 0.003137265475992054, 0.006148000082988156, 0.9415382373423288], [0.037386241165710016, 0.004314785728006559, 0.0044501259726180365, 0.9533777785778277, 0.00047106845583775144], [0.0017735324568347987, 0.0013973863831624612, 0.9867008847224736, 0.0008416925417425654, 0.009286503795786518], [0.0022171706444494015, 0.9863481943754063, 0.0023695615668720563, 0.008254975433795187, 0.0008100978794769849]], "ideal": "A", "sampled": "A", "correct": true}}
{"type": "result", "data": {"idx": 53, "options": ["isolation", "grief", "happiness", "relief", "angry"], "probs": [[0.0018759589982849604, 0.0037666447686101356, 0.005739943513517673, 0.9881686642184554, 0.0004487884011317893], [0.0014538297497812692, 0.01563336757601047, 0.9818187716483151, 0.00028393794078746264, 0.0008100929851057057], [0.015991264293421514, 0.9750297745965065, 0.0018433553672422259, 0.0032358287515386937, 0.0038997768912909852], [0.9786115739117038, 0.0035356280333290525, 0.0007723943448209247, 0.007262390930140159, 0.009818012680006072], [0.00236572796871147, 0.0031192077646623267, 0.0020595640464704263, 0.03590642751622454, 0.9565490726039312]], "ideal": "C", "sampled": "D", "correct": false}}
