{"type": "result", "data": {"idx": 0, "options": ["0", "4", "2", "6"], "probs": [[0.14200829611739238, 0.5194725084099746, 0.2131978742149138, 0.12532132115771916], [0.3126190099588047, 0.3380394976408847, 0.21488503259909147, 0.13445645970121917], [0.24896722281372033, 0.4508591130181039, 0.18795352242359087, 0.11222014164458494], [0.3639094720741943, 0.2621290903386876, 0.2501451894347507, 0.12381624805236738]], "ideal": "B", "sampled": "B", "correct": true}}
{"type": "result", "data": {"idx": 1, "options": ["8", "2", "24", "120"], "probs": [[0.3798891490351008, 0.3300837477686606, 0.16860039028030277, 0.12142671281593581], [0.31955830811233155, 0.3565247793202559, 0.18210563737840946, 0.14181127508900307], [0.2871546957457594, 0.3357490200735448, 0.19738804703800764, 0.1797082370426882], [0.31952867384827666, 0.3245869326950411, 0.20958333027626336, 0.1463010630804189]], "ideal": "C", "sampled": "A", "correct": false}}
{"type": "result", "data": {"idx": 2, "options": ["0", "1", "0,1", "0,4"], "probs": [[0.21393628312472823, 0.38139543072079635, 0.2621498210354393, 0.1425184650190361], [0.25771565394725593, 0.3868894749592551, 0.20388806775653262, 0.15150680323695637], [0.349862166083535, 0.38426558038323533, 0.15049496627945444, 0.1153772871537752], [0.3265677793553073, 0.3369434572751072, 0.1748187884621569, 0.1616699748074286]], "ideal": "D", "sampled": "C", "correct": false}}
{"type": "result", "data": {"idx": 3, "options": ["True, True", "False, False", "True, False", "False, True"], "probs": [[0.35286889353627504, 0.33150036143919664, 0.17744355334393655, 0.13818719158059173], [0.30349478122537255, 0.29880091544977994, 0.1756601184430892, 0.22204418478175827], [0.3247033405680104, 0.3098430679405294, 0.20965791058914243, 0.15579568080231776], [0.33976637807419136, 0.3560855037201173, 0.15801511467880702, 0.14613300342688434]], "ideal": "B", "sampled": "A", "correct": false}}
{"type": "result", "data": {"idx": 4, "options": ["2x^2 + 5", "6x^2 + 4x + 6", "0", "x^2 + 1"], "probs": [[0.2539992630227721, 0.3112305402444507, 0.21060092745105446, 0.22416926918172278], [0.2797062528028773, 0.24302780667331578, 0.26279376368316065, 0.21447217674064628], [0.17973606135657605, 0.36309790332694064, 0.25349100330105223, 0.20367503191543102], [0.2787433945479419, 0.26599393084947476, 0.234747789322141, 0.22051488518044232]], "ideal": "B", "sampled": "D", "correct": false}}
{"type": "result", "data": {"idx": 5, "options": ["True, True", "False, False", "True, False", "False, True"], "probs": [[0.3403241830627286, 0.3566696835200051, 0.1738317556853581, 0.1291743776319082], [0.2872791459595362, 0.3255419287262788, 0.1769985179277752, 0.21018040728640974], [0.3196725892652169, 0.3298296083154702, 0.20640898056363752, 0.14408882175567533], [0.3280615904021501, 0.3895967420425854, 0.14558430448459997, 0.13675736297066454]], "ideal": "A", "sampled": "A", "correct": true}}
{"type": "result", "data": {"idx": 6, "options": ["True, True", "False, False", "True, False", "False, True"], "probs": [[0.4043898163513326, 0.32494481426372684, 0.15836937251982772, 0.11229599676511288], [0.32675011969070106, 0.29290490466690866, 0.15925301135220005, 0.22109196419019025], [0.33935990420524315, 0.3042062177323146, 0.20584334124289852, 0.15059053671954375], [0.3734980411901685, 0.36201645841505575, 0.13740863985211532, 0.12707686044266045]], "ideal": "A", "sampled": "A", "correct": true}}
{"type": "result", "data": {"idx": 7, "options": ["True, True", "False, False", "True, False", "False, True"], "probs": [[0.3772940635303858, 0.33297190066822563, 0.15728919206476882, 0.1324448436366197], [0.3175591433458121, 0.31264766115853987, 0.1647586922254702, 0.2050345031701778], [0.352772483029107, 0.3113300316421773, 0.18883870904710723, 0.14705877618160845], [0.35882331313374694, 0.3644882873310014, 0.13834794735949815, 0.13834045207575346]], "ideal": "D", "sampled": "A", "correct": false}}
{"type": "result", "data": {"idx": 8, "options": ["0", "4", "2", "6"], "probs": [[0.13134546185177015, 0.5886789384289319, 0.1823685561722373, 0.09760704344706063], [0.3491870604469696, 0.36028833563204316, 0.18402846823155286, 0.10649613558943435], [0.2602912822148874, 0.50966245690349, 0.15066160484627683, 0.0793846559353458], [0.425673742207357, 0.26226217724422396, 0.21406754316040943, 0.09799653728800965]], "ideal": "B", "sampled": "B", "correct": true}}
{"type": "result", "data": {"idx": 9, "options": ["1", "2", "2,3", "6"], "probs": [[0.2563066501383972, 0.355859639876212, 0.2686362584310076, 0.11919745145438321], [0.307859700418937, 0.40154383169308244, 0.17003426430704985, 0.12056220348093073], [0.3927241148340142, 0.32054828638959326, 0.18266096164960055, 0.10406663702679196], [0.28909719418223345, 0.32252431393205955, 0.2287180606601113, 0.1596604311255957]], "ideal": "C", "sampled": "C", "correct": true}}
{"type": "result", "data": {"idx": 10, "options": ["True, True", "False, False", "True, False", "False, True"], "probs": [[0.36433132393497775, 0.34227012564484494, 0.16943990677569948, 0.12395864354447783], [0.31447598803588117, 0.30008855906240195, 0.17919492986786922, 0.2062405229338477], [0.32854905721239963, 0.3135147094413048, 0.2121427356984665, 0.1457934975478291], [0.35409654052909517, 0.3653529068251927, 0.15230438694000772, 0.12824616560570437]], "ideal": "C", "sampled": "A", "correct": false}}
{"type": "result", "data": {"idx": 11, "options": ["symmetric only", "anti-symmetric only", "both symmetric and anti-symmetric", "an equivalence relation"], "probs": [[0.20018792150402906, 0.3005206584629899, 0.3052620589427862, 0.19402936099019483], [0.24096643509391258, 0.379100697260469, 0.21941428865150214, 0.1605185788941162], [0.37583454139503003, 0.3475991344521151, 0.1404475781381161, 0.13611874591473877], [0.6296443985491503, 0.18040168417975586, 0.07881398556944849, 0.11113993160164533]], "ideal": "C", "sampled": "D", "correct": false}}
{"type": "result", "data": {"idx": 12, "options": ["1", "2", "5", "11"], "probs": [[0.24313600318003228, 0.37075924099309504, 0.2431669379925115, 0.14293781773436115], [0.29028331365414434, 0.33413844301522894, 0.22260250975640297, 0.15297573347422377], [0.35050600241335916, 0.3093404127446359, 0.20288689130174456, 0.13726669344026038], [0.33742832128523165, 0.30725147401444797, 0.19839019480181092, 0.1569300097985095]], "ideal": "A", "sampled": "C", "correct": false}}
{"type": "result", "data": {"idx": 13, "options": ["(x \u2212 2)(x + 2)(x \u2212 1)", "(x + 1)(x + 4)(x \u2212 2)", "(x + 1)(x \u2212 4)(x \u2212 2)", "(x - 1)(x \u2212 4)(x \u2212 2)"], "probs": [[0.32775890823901366, 0.255288213465911, 0.2019925266302295, 0.21496035156484583], [0.33825492351465053, 0.2593781909179859, 0.1839613737881792, 0.21840551167918434], [0.32199997666238317, 0.25875801616578603, 0.21455963593243638, 0.2046823711393944], [0.29895653426767393, 0.285294881872768, 0.19007585374374264, 0.22567273001581542]], "ideal": "C", "sampled": "A", "correct": false}}
{"type": "result", "data": {"idx": 14, "options": ["6", "12", "30", "105"], "probs": [[0.3314626763211625, 0.35841223059866584, 0.20744070099543316, 0.10268439198473849], [0.31892137399441844, 0.384711196182779, 0.1734094262982795, 0.1229580034245231], [0.3479754756033937, 0.38219369877754733, 0.15685807751257028, 0.11297274800648872], [0.43831470604328093, 0.2617396414018198, 0.17436267433807062, 0.12558297811682861]], "ideal": "C", "sampled": "D", "correct": false}}
{"type": "result", "data": {"idx": 15, "options": ["True, True", "False, False", "True, False", "False, True"], "probs": [[0.39054963570726964, 0.31876627082567016, 0.15780437226214059, 0.1328797211049196], [0.3127782782351347, 0.2938375306061012, 0.15728381977671305, 0.23610037128205108], [0.36145147139017086, 0.2950156286806547, 0.19048331392166576, 0.15304958590750867], [0.3753512054725096, 0.35262147811957334, 0.13176767607416406, 0.14025964023375295]], "ideal": "B", "sampled": "A", "correct": false}}
{"type": "result", "data": {"idx": 16, "options": ["1", "-1", "i", "-i"], "probs": [[0.3263985319765724, 0.38162595735393645, 0.16415380451505132, 0.12782170605443982], [0.41884820229276515, 0.3112803217189288, 0.15172894862747394, 0.11814252726083214], [0.36294322931904666, 0.39864429530505235, 0.12943716249484988, 0.10897531278105113], [0.4399637347014425, 0.26272562535051264, 0.14286282870030542, 0.15444781114773942]], "ideal": "C", "sampled": "D", "correct": false}}
{"type": "result", "data": {"idx": 17, "options": ["(1,1)", "(3,1)", "(1,6)", "(3,6)"], "probs": [[0.30924960046150474, 0.3092617896109968, 0.199686729897357, 0.18180187993014138], [0.27110150049744797, 0.32195153349470923, 0.23190900335512582, 0.175037962552717], [0.36632883545073286, 0.3084939717937966, 0.16513694821136868, 0.16004024444410186], [0.34230864554660695, 0.279396657310749, 0.19506553104156954, 0.18322916600107456]], "ideal": "C", "sampled": "C", "correct": true}}
{"type": "result", "data": {"idx": 18, "options": ["multiplication is not a binary operation", "multiplication is not associative", "identity element does not exist", "zero has no inverse"], "probs": [[0.2221160895040867, 0.22917164052732789, 0.28080187081872393, 0.26791039904986147], [0.317926580905018, 0.25151192764640157, 0.14109252181590531, 0.2894689695326751], [0.48115490315974996, 0.1798037791013854, 0.12553038075891645, 0.21351093687994818], [0.275178180618078, 0.25450713956833765, 0.19515286057147077, 0.2751618191421136]], "ideal": "D", "sampled": "C", "correct": false}}
{"type": "result", "data": {"idx": 19, "options": ["True, True", "False, False", "True, False", "False, True"], "probs": [[0.3386804112649969, 0.34944658947301377, 0.18129728462526276, 0.13057571453672656], [0.27872959607226655, 0.3109617921685689, 0.18281196600790472, 0.22749664565125982], [0.3067443920850319, 0.32147809380836045, 0.2175351199657474, 0.15424239404086026], [0.32555452540580354, 0.3806307925923417, 0.15379354700446388, 0.1400211348973909]], "ideal": "A", "sampled": "A", "correct": true}}
{"type": "result", "data": {"idx": 20, "options": ["True, True", "False, False", "True, False", "False, True"], "probs": [[0.3591998276291821, 0.34816185282074197, 0.1778297453906052, 0.11480857405947073], [0.29150191380896684, 0.31031495792020064, 0.1882207719528324, 0.20996235621800008], [0.32117282862472263, 0.32118370647223093, 0.21733304532182898, 0.14031041948121747], [0.3337735086542459, 0.37823049921025687, 0.1552291581726931, 0.13276683386280416]], "ideal": "A", "sampled": "A", "correct": true}}
{"type": "result", "data": {"idx": 21, "options": ["2x^2 + 5", "6x^2 + 4x + 6", "0", "x^2 + 1"], "probs": [[0.2522519566202033, 0.31889972562729757, 0.20271550418965673, 0.22613281346284242], [0.2808507806162176, 0.24402227596088086, 0.259776305818343, 0.21535063750455855], [0.1807537904537969, 0.3594921093592616, 0.25492588822643286, 0.20482821186050856], [0.26627815560652834, 0.27048678009447985, 0.24247168724710008, 0.22076337695189172]], "ideal": "A", "sampled": "D", "correct": false}}
{"type": "result", "data": {"idx": 22, "options": ["True, True", "False, False", "True, False", "False, True"], "probs": [[0.39149360323111326, 0.3348718707998453, 0.16320758174246083, 0.11042694412658062], [0.31650719515060116, 0.292730395358293, 0.18319055709184984, 0.20757185229925604], [0.345990999932663, 0.3053439718770825, 0.2131723368026676, 0.13549269128758684], [0.3671684590148956, 0.36148745087262724, 0.14835728813980573, 0.1229868018726714]], "ideal": "D", "sampled": "A", "correct": false}}
{"type": "result", "data": {"idx": 23, "options": ["semi group with identity", "commutative semigroups with identity", "group", "abelian group"], "probs": [[0.3395452448453919, 0.26035603490317977, 0.2446312122602328, 0.1554675078911955], [0.2629974288232313, 0.38874527891970845, 0.18366460622019196, 0.1645926859368683], [0.49917493391056394, 0.27571156927979784, 0.12046929770918353, 0.10464419900045471], [0.298349802141601, 0.28032038030682777, 0.17004378391657232, 0.2512860335349989]], "ideal": "D", "sampled": "C", "correct": false}}
{"type": "result", "data": {"idx": 24, "options": ["True, True", "False, False", "True, False", "False, True"], "probs": [[0.38112637112854597, 0.32600480071916904, 0.16913358739462747, 0.12373524065765748], [0.309486959985048, 0.2953248961768002, 0.1791290071297719, 0.21605913660837991], [0.33477280039379265, 0.3048223600205292, 0.20950985264932895, 0.1508949868363492], [0.3526623196150512, 0.3638695423854674, 0.1516870535507052, 0.13178108434877617]], "ideal": "B", "sampled": "A", "correct": false}}
{"type": "result", "data": {"idx": 25, "options": ["subgroup", "finite abelian group", "infinite, non abelian group", "ininite, abelian"], "probs": [[0.3106955448661495, 0.3360710887541085, 0.19452973328687748, 0.15870363299286452], [0.5038679687512317, 0.26984678892039526, 0.10084411200337146, 0.12544113022500156], [0.5114873203566984, 0.22355098196270673, 0.12941842165542142, 0.1355432759251734], [0.2973960504802474, 0.28383399764587325, 0.25452177576313323, 0.16424817601074607]], "ideal": "C", "sampled": "B", "correct": false}}
{"type": "result", "data": {"idx": 26, "options": ["True, True", "False, False", "True, False", "False, True"], "probs": [[0.32072631477266955, 0.346798609067051, 0.18563408210906976, 0.1468409939512097], [0.2850592349166949, 0.3082327154497214, 0.1812055652793172, 0.22550248425426647], [0.3165381754159838, 0.31163864395963164, 0.20760410403309143, 0.1642190764912932], [0.3180636025022671, 0.37186582210521374, 0.15746118912934853, 0.1526093861631706]], "ideal": "C", "sampled": "A", "correct": false}}
{"type": "result", "data": {"idx": 27, "options": ["Yes, with p=2.", "Yes, with p=3.", "Yes, with p=5.", "No."], "probs": [[0.3791116475679848, 0.31925475594189046, 0.15083268283289342, 0.1508009135572313], [0.4269011882496554, 0.2980367816832888, 0.15464801969585068, 0.12041401027120516], [0.43779183126674026, 0.2962349796472426, 0.144400887096343, 0.12157230188967415], [0.30345093070471657, 0.4484820496407921, 0.13467779252531695, 0.11338922702917442]], "ideal": "B", "sampled": "A", "correct": false}}
{"type": "result", "data": {"idx": 28, "options": ["True, True", "False, False", "True, False", "False, True"], "probs": [[0.33986519750936045, 0.36749102566468356, 0.16564444702266878, 0.12699932970328723], [0.2950953244867868, 0.33439463373654954, 0.15795946119636226, 0.21255058048030134], [0.32932385272397413, 0.3397847666836318, 0.1936081791928651, 0.137283201299529], [0.34711337480103505, 0.3872425565300655, 0.13593672691887781, 0.12970734165002168]], "ideal": "D", "sampled": "A", "correct": false}}
{"type": "result", "data": {"idx": 29, "options": ["True, True", "False, False", "True, False", "False, True"], "probs": [[0.3738948515844425, 0.3299722471494986, 0.17662713456256604, 0.11950576660349285], [0.28906218506763415, 0.30771575750533087, 0.17809753914322593, 0.22512451818380907], [0.3230739235554917, 0.31807431575455425, 0.20860707757771108, 0.15024468301224297], [0.33457915475990196, 0.37914268463891093, 0.15319087415038543, 0.1330872863508017]], "ideal": "A", "sampled": "A", "correct": true}}
{"type": "result", "data": {"idx": 30, "options": ["True, True", "False, False", "True, False", "False, True"], "probs": [[0.3781375969151967, 0.33897317210115413, 0.16012430547344508, 0.12276492541020403], [0.3043225089862967, 0.2996172592143489, 0.17341012932308553, 0.22265010237626887], [0.328548664886452, 0.3135138703045573, 0.2121436117057907, 0.1457938530032], [0.3618395735492293, 0.3733419580876483, 0.1417076662640599, 0.12311080199906245]], "ideal": "B", "sampled": "A", "correct": false}}
{"type": "result", "data": {"idx": 31, "options": ["commutative semi group", "abelian group", "non-abelian group", "None of these"], "probs": [[0.32559401521393655, 0.45922950932029527, 0.1275385199554545, 0.08763795541031368], [0.35608887005596224, 0.5101983451668648, 0.07466178247588463, 0.05905100220128838], [0.3879090720582605, 0.28830511663825165, 0.1405265244936424, 0.18325928670984548], [0.1988924055762599, 0.30807138404362405, 0.3229039407318966, 0.17013226954821944]], "ideal": "B", "sampled": "B", "correct": true}}
{"type": "result", "data": {"idx": 32, "options": ["True, True", "False, False", "True, False", "False, True"], "probs": [[0.4108115526059332, 0.32498759754449785, 0.17395694940936593, 0.09024390034020295], [0.35195305939969546, 0.2828106879905178, 0.17976914344420417, 0.1854671090655826], [0.3574248307202189, 0.2963228567590455, 0.21680131875494704, 0.12945099366578852], [0.3874889073504286, 0.3473533741388071, 0.15413992335059506, 0.1110177950601692]], "ideal": "A", "sampled": "A", "correct": true}}
{"type": "result", "data": {"idx": 33, "options": ["g = g^-1 for every g in G", "g = g^2 for every g in G", "(g o h)^2 = g^2 o h^2 for every g,h in G", "G is of finite order"], "probs": [[0.3141179020476565, 0.2193260207050775, 0.20609526379545387, 0.2604608133518121], [0.26174500581984905, 0.2537314891561454, 0.2347257435087082, 0.24979776141529733], [0.3026488721068048, 0.2671433090896492, 0.2017115503347864, 0.22849626836875955], [0.2832011667205935, 0.2619752092415969, 0.20091477027651417, 0.25390885366129545]], "ideal": "C", "sampled": "D", "correct": false}}
{"type": "result", "data": {"idx": 34, "options": ["True, True", "False, False", "True, False", "False, True"], "probs": [[0.38631403442334367, 0.34093576666283637, 0.15855455396974025, 0.11419564484407971], [0.3326851277921017, 0.298231495807962, 0.16729772837118012, 0.20178564792875622], [0.3672934444828095, 0.31417494775063, 0.19356600794073933, 0.12496559972582116], [0.37320474620614325, 0.36173928588898985, 0.14389318547955346, 0.12116278232531344]], "ideal": "A", "sampled": "A", "correct": true}}
{"type": "result", "data": {"idx": 35, "options": ["0", "4", "2", "6"], "probs": [[0.12913853313640403, 0.5971609531389837, 0.1821281517004082, 0.09157236192420411], [0.35100674625701356, 0.3678687512506735, 0.18211868403520914, 0.09900581835710381], [0.26005248856650454, 0.517210814152527, 0.1505227308297202, 0.0722139663512483], [0.4237732634255745, 0.26520235743240755, 0.2164675762158186, 0.09455680282619937]], "ideal": "B", "sampled": "B", "correct": true}}
{"type": "result", "data": {"idx": 36, "options": ["0", "1", "11", "22"], "probs": [[0.29798975583911275, 0.3826595544432404, 0.1807644516048865, 0.13858623801276032], [0.3643154040665762, 0.30205454069091864, 0.16682029513149862, 0.16680976001100656], [0.39856708045788497, 0.3056214749507458, 0.15368668733490445, 0.14212475715646472], [0.3705441112526868, 0.32703197486456187, 0.17234298841933032, 0.13008092536342095]], "ideal": "D", "sampled": "B", "correct": false}}
{"type": "result", "data": {"idx": 37, "options": ["Yes, with p=2.", "Yes, with p=3.", "Yes, with p=5.", "No."], "probs": [[0.3918824195469934, 0.3148929774446307, 0.15349350868120673, 0.13973109422716917], [0.4361590975659175, 0.2951296821667215, 0.15313955911744742, 0.11557166104991362], [0.44512838784070585, 0.2919307692344733, 0.14682063677661628, 0.11612020604820456], [0.3020511224258221, 0.43949099715887946, 0.1383117714637523, 0.12014610885154611]], "ideal": "B", "sampled": "A", "correct": false}}
{"type": "result", "data": {"idx": 38, "options": ["1", "2", "3", "4"], "probs": [[0.370786146966668, 0.32723097472633295, 0.169770024838608, 0.132212853368391], [0.31550201300353836, 0.3688805942035301, 0.1688909803327264, 0.14672641236020512], [0.3471058658477139, 0.3160571800758862, 0.2009048342638699, 0.13593211971253], [0.33863257901207167, 0.37778675386903415, 0.1550474282234406, 0.12853323879545364]], "ideal": "C", "sampled": "A", "correct": false}}
{"type": "result", "data": {"idx": 39, "options": ["True, True", "False, False", "True, False", "False, True"], "probs": [[0.37651871509009294, 0.34283231663755565, 0.15453011825535787, 0.12611884991699354], [0.32865470154791676, 0.31361284381572213, 0.15525287156857914, 0.202479582967782], [0.3492155774844827, 0.3130413088795816, 0.18987510172241887, 0.1478680118135169], [0.35776583737584294, 0.3929393115422889, 0.12757081711935156, 0.12172403386251661]], "ideal": "D", "sampled": "A", "correct": false}}
{"type": "result", "data": {"idx": 40, "options": ["0", "1", "-1", "12"], "probs": [[0.40711758749936605, 0.31219081017801975, 0.15456569653889715, 0.12612590568371707], [0.43229219553708903, 0.3018281088339539, 0.1298413969328349, 0.1360382985961222], [0.295899675940204, 0.25312568603343133, 0.23783356375848105, 0.21314107416788358], [0.30828660264081537, 0.32311787716617757, 0.20865092858595904, 0.15994459150704798]], "ideal": "C", "sampled": "B", "correct": false}}
{"type": "result", "data": {"idx": 41, "options": ["0", "3", "12", "30"], "probs": [[0.302695657242432, 0.4404415720194977, 0.15704276922201119, 0.09982000141605911], [0.3772207751119435, 0.33291064941680126, 0.1674013696936183, 0.12246720567763689], [0.29088208943325433, 0.3620304870848571, 0.203085920286312, 0.14400150309557658], [0.3383344037864785, 0.33835198715629244, 0.21174042941582782, 0.1115731795414012]], "ideal": "A", "sampled": "B", "correct": false}}
{"type": "result", "data": {"idx": 42, "options": ["True, True", "False, False", "True, False", "False, True"], "probs": [[0.3321457356413275, 0.3480987690890974, 0.18344073665807753, 0.13631475851149755], [0.2748067162598556, 0.31140978069200703, 0.18595702008405482, 0.22782648286408258], [0.2954030168686306, 0.32444675223772124, 0.21954115714356534, 0.1606090736500828], [0.32820570954685147, 0.3777781780845367, 0.1550434403717959, 0.13897267189681592]], "ideal": "B", "sampled": "A", "correct": false}}
{"type": "result", "data": {"idx": 43, "options": ["True, True", "False, False", "True, False", "False, True"], "probs": [[0.3321354289874467, 0.3426896231222302, 0.17778872911973925, 0.14738621867058382], [0.28386443004557727, 0.3166838193611373, 0.1748936124002797, 0.2245581380930057], [0.3239056322888942, 0.3139485576159873, 0.20914191560701617, 0.15300389438810236], [0.31425850643774916, 0.3790806120528997, 0.1605158847256158, 0.14614499668373532]], "ideal": "C", "sampled": "A", "correct": false}}
{"type": "result", "data": {"idx": 44, "options": ["True, True", "False, False", "True, False", "False, True"], "probs": [[0.392453813626058, 0.3203223895658249, 0.15369644530522994, 0.13352735140288713], [0.33079070342437633, 0.2785630267365817, 0.1770700689536597, 0.2135762007853823], [0.3636085228135332, 0.28318719787207197, 0.20397833565914805, 0.14922594355524677], [0.3528347646215311, 0.35284623851479435, 0.15175994098457474, 0.1425590557790998]], "ideal": "C", "sampled": "A", "correct": false}}
{"type": "result", "data": {"idx": 45, "options": ["True, True", "False, False", "True, False", "False, True"], "probs": [[0.4158314640156399, 0.31389408365048954, 0.1529830350429904, 0.11729141719088013], [0.3468597375913419, 0.29209391954180647, 0.15392579938753878, 0.20712054337931285], [0.37759765020433717, 0.2987112091037172, 0.18693401947926538, 0.1367571211126803], [0.38379723687649125, 0.3662333867980887, 0.13473195137372249, 0.11523742485169756]], "ideal": "C", "sampled": "A", "correct": false}}
{"type": "result", "data": {"idx": 46, "options": ["True, True", "False, False", "True, False", "False, True"], "probs": [[0.37142448230007596, 0.3544240163499334, 0.15727695235240685, 0.11687454889758372], [0.33615653727010253, 0.3207706701894108, 0.14234318686153738, 0.20072960557894928], [0.38382761402289595, 0.3334827273817393, 0.16001037476893235, 0.12267928372643239], [0.35957400379873705, 0.3652458921344757, 0.14081639910646976, 0.13436370486031748]], "ideal": "B", "sampled": "A", "correct": false}}
{"type": "result", "data": {"idx": 47, "options": ["0", "2", "1", "3"], "probs": [[0.2435705250790112, 0.4208744826622314, 0.2149756582607773, 0.12057933389798015], [0.25823855491694553, 0.3937845683689876, 0.2351586555649632, 0.11281822104910362], [0.27327641027589517, 0.39147721550492065, 0.19995989797619426, 0.13528647614298991], [0.29482571166266325, 0.3501328929948223, 0.20908859993180678, 0.14595279531070765]], "ideal": "B", "sampled": "D", "correct": false}}
{"type": "result", "data": {"idx": 48, "options": ["True, True", "False, False", "True, False", "False, True"], "probs": [[0.3618858754272971, 0.3347001075409929, 0.17637887595320256, 0.12703514097850743], [0.3011208682617169, 0.2964624673885932, 0.18552597802434861, 0.21689068622534124], [0.30954596858424904, 0.304754500131448, 0.230049762554555, 0.15564976862974794], [0.3409721007747036, 0.36297554314940655, 0.15611692004008945, 0.13993543593580046]], "ideal": "C", "sampled": "A", "correct": false}}
{"type": "result", "data": {"idx": 49, "options": ["8", "120", "240", "24"], "probs": [[0.23894210157389173, 0.38184311982151115, 0.20439741013390292, 0.17481736837069423], [0.38533119511718267, 0.29087451964314304, 0.18203566019013076, 0.14175862494954353], [0.37086318597347645, 0.2980079783800846, 0.18360605164745444, 0.14752278389898454], [0.30900343789045326, 0.29950400737652266, 0.22609053212988675, 0.16540202250313735]], "ideal": "B", "sampled": "B", "correct": true}}
{"type": "result", "data": {"idx": 50, "options": ["True, True", "False, False", "True, False", "False, True"], "probs": [[0.3623792258750198, 0.33515519383512204, 0.15831986378637275, 0.14414571640348542], [0.2999545454706081, 0.30468673675072694, 0.15807357976801495, 0.23728513791065], [0.3286541006041503, 0.31361072317770045, 0.20248962333294554, 0.15524555278520374], [0.3456662142378335, 0.3856301730948919, 0.1312067300900712, 0.1374968824772034]], "ideal": "D", "sampled": "A", "correct": false}}
{"type": "result", "data": {"idx": 51, "options": ["0", "2", "1", "3"], "probs": [[0.25053662059185916, 0.4003759324150253, 0.22112251815968859, 0.12796492873342696], [0.26718203026907195, 0.3709618261372174, 0.23952852900996222, 0.1223276144837484], [0.2765518036619292, 0.372166691099642, 0.2055429969181956, 0.14573850822023313], [0.2873542563724122, 0.346633607909682, 0.21693099709768895, 0.14908113852021687]], "ideal": "B", "sampled": "B", "correct": true}}
{"type": "result", "data": {"idx": 52, "options": ["6", "8", "4", "2"], "probs": [[0.37514227624956464, 0.2702257036892555, 0.18286930022795178, 0.1717627197332281], [0.35739528279278715, 0.2827421595017789, 0.18837335336549968, 0.17148920423993427], [0.3874746974162623, 0.31136865348589043, 0.14941341128683278, 0.1517432377110145], [0.3746112603609223, 0.2740934584691122, 0.17154297442933802, 0.17975230664062752]], "ideal": "A", "sampled": "D", "correct": false}}
{"type": "result", "data": {"idx": 53, "options": ["True, True", "False, False", "True, False", "False, True"], "probs": [[0.37296094930970897, 0.3343316862497427, 0.17895905405044513, 0.11374831029010322], [0.30213534378762635, 0.29746332318396024, 0.18615233618912722, 0.2142489967392862], [0.32572688610436956, 0.30125804547981133, 0.22388472995216332, 0.14913033836365575], [0.3472707815527726, 0.3583078926695517, 0.1541097141035806, 0.14031161157409508]], "ideal": "C", "sampled": "A", "correct": false}}
{"type": "result", "data": {"idx": 54, "options": ["0", "2", "1", "3"], "probs": [[0.13610431651977864, 0.6595773745382181, 0.1518459927276369, 0.05247231611436639], [0.3708367582197127, 0.4137172066498059, 0.16202231775980497, 0.05342371727067646], [0.34969728660517835, 0.442085259481489, 0.14353021764019977, 0.06468723617313288], [0.4078316505814811, 0.322633818237981, 0.20191109765934503, 0.06762343342119287]], "ideal": "B", "sampled": "B", "correct": true}}
{"type": "result", "data": {"idx": 55, "options": ["True, True", "False, False", "True, False", "False, True"], "probs": [[0.3485897235013601, 0.33263695732362075, 0.19252060638708804, 0.12625271268793115], [0.26286271211856543, 0.29787224528194983, 0.19232562182410545, 0.2469394206753793], [0.29053514327079005, 0.3092805054688967, 0.24467097981298092, 0.15551337134733237], [0.32163284663468744, 0.3940857228579, 0.15432915779876394, 0.12995227260864858]], "ideal": "A", "sampled": "A", "correct": true}}
{"type": "result", "data": {"idx": 56, "options": ["True, True", "False, False", "True, False", "False, True"], "probs": [[0.3902968974699887, 0.3391045553843301, 0.14585087865955967, 0.12474766838612154], [0.32154568068311784, 0.311661472537898, 0.15918524087311692, 0.20760760580586726], [0.3737754952336125, 0.3197146510885727, 0.1711362821674746, 0.1353735714103402], [0.35995854314727677, 0.37724433639251215, 0.13037497711181845, 0.13242214324839263]], "ideal": "D", "sampled": "A", "correct": false}}
{"type": "result", "data": {"idx": 57, "options": ["1", "2", "3", "4"], "probs": [[0.37610105414795597, 0.32171092496808373, 0.17220533356104814, 0.1299826872229122], [0.34396535667266015, 0.3494035951354919, 0.16765095541664762, 0.1389800926752003], [0.3597313952166303, 0.3029396443380075, 0.2049867151476581, 0.13234224519770407], [0.3708163720485118, 0.3429629708759531, 0.16200895081383854, 0.12421170616169652]], "ideal": "B", "sampled": "A", "correct": false}}
{"type": "result", "data": {"idx": 58, "options": ["True, True", "False, False", "True, False", "False, True"], "probs": [[0.3295004767147728, 0.32951120555019175, 0.18775412809436753, 0.1532341895406679], [0.27256348183083157, 0.299363133224395, 0.1759906866366128, 0.25208269820816054], [0.31263710462768735, 0.31756843552848907, 0.2050449939632259, 0.16474946578059765], [0.31572639939011926, 0.3691344558823523, 0.1538808196629185, 0.16125832496460996]], "ideal": "A", "sampled": "A", "correct": true}}
{"type": "result", "data": {"idx": 59, "options": ["True, True", "False, False", "True, False", "False, True"], "probs": [[0.37536012003959357, 0.33648844547219536, 0.17186787210570081, 0.11628356228251024], [0.31928911326182147, 0.30948414934335555, 0.16827013836205928, 0.20295659893276366], [0.3535671513710073, 0.31695196175815465, 0.19528017680359536, 0.1342007099672427], [0.3582410918783854, 0.3582635032254866, 0.15170376453383955, 0.13179164026228848]], "ideal": "A", "sampled": "A", "correct": true}}
{"type": "result", "data": {"idx": 60, "options": ["True, True", "False, False", "True, False", "False, True"], "probs": [[0.37672796841668815, 0.3222408890401941, 0.16458781061910793, 0.13644333182400978], [0.33736754968521915, 0.3024236694759351, 0.16187884635553046, 0.19832993438331534], [0.3498669512239863, 0.30876388682669453, 0.19322533615645693, 0.14814382569286225], [0.36140045770969137, 0.36141169318623495, 0.14832566513059428, 0.12886218387347942]], "ideal": "D", "sampled": "A", "correct": false}}
{"type": "result", "data": {"idx": 61, "options": ["True, True", "False, False", "True, False", "False, True"], "probs": [[0.3766118529567234, 0.34831913783167795, 0.16198815162367766, 0.11308085748792096], [0.3028335227837294, 0.32237374298964205, 0.16988320393825665, 0.2049095301883719], [0.33591106030098616, 0.3255833338533597, 0.20695998954253086, 0.13154561620312327], [0.3598343541944765, 0.38305182243508107, 0.13658381284833038, 0.12053001042211205]], "ideal": "D", "sampled": "A", "correct": false}}
{"type": "result", "data": {"idx": 62, "options": ["True, True", "False, False", "True, False", "False, True"], "probs": [[0.3673983811964755, 0.3293428420691165, 0.17628827689315302, 0.126970499741255], [0.31561973217520384, 0.29650747331235855, 0.1743120524960482, 0.2135607419163894], [0.3339801530480373, 0.3040995364003705, 0.20901253328766833, 0.15290777716392384], [0.35392482667266323, 0.359510288776729, 0.1522295840929025, 0.13433530035770525]], "ideal": "C", "sampled": "A", "correct": false}}
{"type": "result", "data": {"idx": 63, "options": ["not anti-symmetric", "transitive", "reflexive", "symmetric"], "probs": [[0.2791179716307949, 0.3473724126468423, 0.20421545205458302, 0.16929416356777974], [0.3347240139913219, 0.329539095272535, 0.18486361479197466, 0.1508732758441684], [0.25005315613988716, 0.3753791879317657, 0.21057782123764415, 0.16398983459070293], [0.3596736788390021, 0.31741604205772067, 0.17529934642946102, 0.1476109325738162]], "ideal": "B", "sampled": "D", "correct": false}}
{"type": "result", "data": {"idx": 64, "options": ["1", "2", "infinitely many", "0"], "probs": [[0.4762744519953002, 0.36518557508447774, 0.11138263096511984, 0.047157341855102154], [0.5493786973954287, 0.3384743588123711, 0.0656197377536655, 0.04652720593853475], [0.30411359925981657, 0.3500443979708031, 0.21906867152628043, 0.12677333114309983], [0.20480447547761899, 0.583463000072389, 0.14524243445935314, 0.06649008989063886]], "ideal": "B", "sampled": "A", "correct": false}}
{"type": "result", "data": {"idx": 65, "options": ["True, True", "False, False", "True, False", "False, True"], "probs": [[0.4190697167186774, 0.3114332924047104, 0.14943042730007813, 0.12006656347653406], [0.33787323510815004, 0.29355688567995003, 0.1571328420571532, 0.21143703705474673], [0.35734429419424546, 0.30092027331978505, 0.19735444786133063, 0.14438098452463882], [0.3765398151337125, 0.37071140492095633, 0.13426491216673164, 0.11848386767859954]], "ideal": "C", "sampled": "A", "correct": false}}
{"type": "result", "data": {"idx": 66, "options": ["True, True", "False, False", "True, False", "False, True"], "probs": [[0.3655222952000353, 0.34339010712050716, 0.16476497052452388, 0.12632262705493366], [0.32474142309756127, 0.3003512620625552, 0.16848653553231516, 0.20642077920756838], [0.34561539722847057, 0.31469891410001993, 0.20004360971964522, 0.13964207885186428], [0.3488615452894394, 0.3599525391695559, 0.15241716800596036, 0.13876874743504433]], "ideal": "D", "sampled": "A", "correct": false}}
{"type": "result", "data": {"idx": 67, "options": ["a,b in H=> a * b in H", "a in H => a^-1 in H", "a,b in H=> a * b^-1 in H", "H contains the identity element"], "probs": [[0.23885347724989245, 0.2665111044822524, 0.21093162263514423, 0.2837037955327109], [0.21913390696438556, 0.2602559846303088, 0.2603513222567762, 0.2602587860485295], [0.2432622240758396, 0.32230426897449066, 0.19863393308817034, 0.23579957376149935], [0.18798814992199217, 0.2651861051232587, 0.241580698489539, 0.30524504636521016]], "ideal": "C", "sampled": "D", "correct": false}}
{"type": "result", "data": {"idx": 68, "options": ["(x \u2212 2)(x + 2)(x \u2212 1)(x + 1)", "(x+1)^4", "(x-1)(x+1)^3", "(x-1)^3(x+1)"], "probs": [[0.39521601792198047, 0.21827878055773908, 0.16479481755039216, 0.22171038386988828], [0.18745883086622978, 0.32393950703390817, 0.20274448694860775, 0.28585717505125435], [0.28881603476497214, 0.2713433205810047, 0.21135625241073389, 0.22848439214328925], [0.2315881012078292, 0.4001843094590346, 0.14723916176627375, 0.22098842746686245]], "ideal": "A", "sampled": "A", "correct": true}}
{"type": "result", "data": {"idx": 69, "options": ["True, True", "False, False", "True, False", "False, True"], "probs": [[0.37310608939741674, 0.3191440081341007, 0.1847109780669948, 0.12303892430148777], [0.3074460740112136, 0.2843514511091403, 0.1724722878478975, 0.2357301869317486], [0.34153615916031344, 0.29673957379563215, 0.2171078589772456, 0.1446164079668088], [0.3611023777526477, 0.3555163793732308, 0.15053820832860415, 0.13284303444551737]], "ideal": "A", "sampled": "A", "correct": true}}
{"type": "result", "data": {"idx": 70, "options": ["0", "-2", "a-2", "(2+a)*-1"], "probs": [[0.2730318822280161, 0.32426392062449544, 0.19979124663884537, 0.2029129504086431], [0.3258206497429729, 0.292082126527395, 0.1717227373588808, 0.21037448627075128], [0.3145542144460836, 0.3096998929667717, 0.18495100734768533, 0.19079488513945933], [0.3589750963548671, 0.3070686619987087, 0.16959946587776303, 0.1643567756686612]], "ideal": "D", "sampled": "D", "correct": true}}
{"type": "result", "data": {"idx": 71, "options": ["0", "4", "2", "6"], "probs": [[0.12920094016395953, 0.5881880740303237, 0.18508543761777144, 0.09752554808794539], [0.35690406016457865, 0.3569221203704636, 0.18230836087585336, 0.10386545848910435], [0.26943602954557283, 0.5034095606940522, 0.15115612631153383, 0.07599828334884111], [0.4385978146426552, 0.2578506863548802, 0.20720348531928948, 0.09634801358317514]], "ideal": "C", "sampled": "B", "correct": false}}
{"type": "result", "data": {"idx": 72, "options": ["1", "2", "3", "4"], "probs": [[0.3395949106948203, 0.2950588552376271, 0.21928132231669237, 0.14606491165086027], [0.27571083755780884, 0.3431470002276477, 0.22156601972545945, 0.159576142389084], [0.2903760205086973, 0.29038937194972253, 0.2685823560348845, 0.1506522514066956], [0.2774646877965028, 0.35076391693422293, 0.23005074260318512, 0.14172065256608915]], "ideal": "D", "sampled": "A", "correct": false}}
{"type": "result", "data": {"idx": 73, "options": ["0", "3", "12", "30"], "probs": [[0.29732544656642707, 0.45338628307141937, 0.15425630597871143, 0.09503196428344214], [0.41297492996161433, 0.31664926282352607, 0.15922463175887008, 0.11115117535598952], [0.28250972275620034, 0.36276976351596446, 0.20350026198677504, 0.15122025164106012], [0.3244891118009877, 0.3454317100681385, 0.21617130610910046, 0.11390787192177333]], "ideal": "B", "sampled": "B", "correct": true}}
{"type": "result", "data": {"idx": 74, "options": ["True, True", "False, False", "True, False", "False, True"], "probs": [[0.37961095567721836, 0.3298234343198924, 0.1711141764946531, 0.11945143340823614], [0.3320869505073339, 0.30714246627597214, 0.15934699772194982, 0.20142358539474411], [0.36140443794080285, 0.31894778251594325, 0.18459957286062878, 0.13504820658262512], [0.371134055914092, 0.35972957191463084, 0.14087481165573254, 0.12826156041554465]], "ideal": "D", "sampled": "A", "correct": false}}
{"type": "result", "data": {"idx": 75, "options": ["True, True", "False, False", "True, False", "False, True"], "probs": [[0.39763507539256, 0.3296610737237069, 0.15331034475008137, 0.11939350603365179], [0.3238126183936713, 0.3138589104931125, 0.16283120941223034, 0.19949726160098585], [0.3562154683838986, 0.3143672236108662, 0.18772334977438462, 0.1416939581308505], [0.36264284622874454, 0.3683652798978845, 0.13765017017240713, 0.13134170360096387]], "ideal": "B", "sampled": "A", "correct": false}}
{"type": "result", "data": {"idx": 76, "options": ["True, True", "False, False", "True, False", "False, True"], "probs": [[0.3489752217472868, 0.3435757262236737, 0.1810567283764244, 0.1263923235526151], [0.2912476019084136, 0.31004306208903004, 0.18226960027973665, 0.21643973562281968], [0.31419168963295396, 0.3191488289767589, 0.22281048525696656, 0.14384899603332063], [0.33387985822199834, 0.37834903594048236, 0.15287008880040207, 0.1349010169371172]], "ideal": "C", "sampled": "A", "correct": false}}
{"type": "result", "data": {"idx": 77, "options": ["0", "3", "12", "30"], "probs": [[0.37880799170520696, 0.4360195397894669, 0.10195891558104404, 0.0832135528242821], [0.449205981173716, 0.30874474913535344, 0.13700855858718505, 0.10504071100374553], [0.3477048329319272, 0.34233326226526356, 0.16947290552162517, 0.14048899918118407], [0.4051652074994355, 0.3359094361896012, 0.16117460014324747, 0.09775075606771585]], "ideal": "A", "sampled": "B", "correct": false}}
{"type": "result", "data": {"idx": 78, "options": ["True, True", "False, False", "True, False", "False, True"], "probs": [[0.3673829843446687, 0.34513444733549264, 0.16820940874949072, 0.11927315947034792], [0.3081940274439702, 0.31305824307686647, 0.17021077108719082, 0.20853695829197252], [0.3633218109244375, 0.32063880559575897, 0.1885004490425437, 0.12753893433725985], [0.36393222751453397, 0.3639437312111459, 0.14031546025535194, 0.13180858091896816]], "ideal": "D", "sampled": "A", "correct": false}}
