{"type": "result", "data": {"idx": 0, "options": ["p = 4", "p = 8", "p = 12", "p = 24"], "probs": [[0.2686316886683384, 0.22270336081234726, 0.1846328620537404, 0.3240320883655739], [0.19137872468437186, 0.11790437819517223, 0.4449823729996592, 0.2457345240207967], [0.2403616946533602, 0.28543736251849494, 0.2223037083684954, 0.25189723435964945], [0.11614439063318012, 0.4182525935090445, 0.23462348033560737, 0.23097953542216804]], "ideal": "C", "sampled": "D", "correct": false}}
{"type": "result", "data": {"idx": 1, "options": ["5", "7", "8", "9"], "probs": [[0.2638301770473884, 0.25174456082018387, 0.2852790270377319, 0.1991462349946958], [0.2977667108213158, 0.228300955447062, 0.26278745733870573, 0.21114487629291645], [0.3079440363975352, 0.23982232509969106, 0.2848111774628278, 0.1674224609399459], [0.3067308067968721, 0.22793899474248777, 0.27929192778655443, 0.18603827057408567]], "ideal": "C", "sampled": "D", "correct": false}}
{"type": "result", "data": {"idx": 2, "options": ["1 over 5", "\u22125", "\u22121 over 5", "5"], "probs": [[0.38509735572232123, 0.18768239111197782, 0.19364637181861105, 0.2335738812470899], [0.3727230540356756, 0.21237236892163056, 0.18166128340517668, 0.23324329353751716], [0.3602577393848391, 0.19895396828220596, 0.2290042157390559, 0.211784076493899], [0.4735258817199204, 0.19132232664102403, 0.16365270314964273, 0.17149908838941288]], "ideal": "D", "sampled": "D", "correct": true}}
{"type": "result", "data": {"idx": 3, "options": ["4", "5", "6", "7"], "probs": [[0.3637562447982299, 0.27890056784494066, 0.20089413522997435, 0.15644905202685505], [0.3558313634140283, 0.28591911277778115, 0.1875200159648286, 0.17072950774336193], [0.4024426996669464, 0.2723067741167449, 0.16517032927366926, 0.1600801968426394], [0.32551556337326676, 0.17423315084871038, 0.3204855870807718, 0.17976569859725108]], "ideal": "B", "sampled": "B", "correct": true}}
{"type": "result", "data": {"idx": 4, "options": ["4t = 112; $448", "4t = 112; $28", "t over 4 = 112; $448", "t over 4 = 112; $28"], "probs": [[0.291994972139975, 0.22740610958177196, 0.1975852935229228, 0.2830136246553302], [0.24887736145884345, 0.14180346476785113, 0.35652393954264594, 0.25279523413065946], [0.16628016030795506, 0.19138551897194547, 0.3927210505045756, 0.24961327011552384], [0.2576675414781395, 0.17164199052524762, 0.33608254786945263, 0.23460792002716024]], "ideal": "B", "sampled": "A", "correct": false}}
{"type": "result", "data": {"idx": 5, "options": ["9", "11", "26", "32"], "probs": [[0.40961641607858906, 0.19653617162311646, 0.20921866836728578, 0.1846287438310087], [0.374527459919662, 0.1973627238875366, 0.23074718161223326, 0.19736263448056812], [0.3852455260182788, 0.199862968903717, 0.23004856360566028, 0.1848429413723439], [0.33261951800834877, 0.19861599800984725, 0.24719147381694803, 0.22157301006485594]], "ideal": "C", "sampled": "A", "correct": false}}
{"type": "result", "data": {"idx": 6, "options": ["1.1 over 11", "11 over 11", "12 over 11", "11 over 12"], "probs": [[0.3045009581588896, 0.2645582179592273, 0.15798162941599703, 0.27295919436588606], [0.23062196027979795, 0.194205087490255, 0.2696409185014598, 0.30553203362848724], [0.24507030447671227, 0.3049998419426785, 0.17652777624724314, 0.27340207723336607], [0.19089630813168784, 0.23026642887275764, 0.32985726978631175, 0.24897999310924276]], "ideal": "C", "sampled": "B", "correct": false}}
{"type": "result", "data": {"idx": 7, "options": ["3.6", "36", "0.01272", "12.72"], "probs": [[0.26948276159452694, 0.17129413781837322, 0.3460437357079646, 0.21317936477913524], [0.30790771886057466, 0.23242507767886716, 0.20835445570974917, 0.25131274765080897], [0.3678357545986137, 0.18209403480118444, 0.21625536355813402, 0.23381484694206786], [0.3609066688113111, 0.18147898126939221, 0.20565513038634287, 0.2519592194329538]], "ideal": "B", "sampled": "C", "correct": false}}
{"type": "result", "data": {"idx": 8, "options": ["159.26", "2.224", "14,111", "126.26"], "probs": [[0.5296147701932509, 0.1918157275640954, 0.1360250772112963, 0.14254442493135744], [0.3391806932578367, 0.14587878341462276, 0.2993441655639355, 0.21559635766360508], [0.19116472056594838, 0.2654071291773076, 0.2738440171299308, 0.2695841330268133], [0.3687355815995553, 0.20363727209915836, 0.25344768164007575, 0.17417946456121058]], "ideal": "D", "sampled": "A", "correct": false}}
{"type": "result", "data": {"idx": 9, "options": ["0.72", "0.702", "10.0571", "7.2"], "probs": [[0.2989698781803739, 0.22923518249641622, 0.212034518043408, 0.25976042117980186], [0.2586391424062978, 0.20143423683025158, 0.246834412003773, 0.2930922086596776], [0.24120334507209065, 0.21621758387959236, 0.26494825673279876, 0.2776308142155182], [0.27665448186015196, 0.22580404577381394, 0.2681818902224341, 0.2293595820436]], "ideal": "D", "sampled": "A", "correct": false}}
{"type": "result", "data": {"idx": 10, "options": ["150 + 400 + 200", "200 + 400 + 200", "200 + 450 + 200", "200 + 500 + 200"], "probs": [[0.3213044308906034, 0.3065930215233035, 0.19186664544014803, 0.1802359020459451], [0.25351579463832835, 0.3358569540726883, 0.20371321117550223, 0.20691404001348113], [0.3220839346064677, 0.27983481940070565, 0.18352582379200832, 0.2145554221008183], [0.3103704107932259, 0.2166748312394483, 0.24940202756113206, 0.22355273030619371]], "ideal": "C", "sampled": "C", "correct": true}}
{"type": "result", "data": {"idx": 11, "options": ["21", "7", "1", "None of these"], "probs": [[0.1712756654829073, 0.3625928569250166, 0.2780217908945353, 0.18810968659754082], [0.27021455762068364, 0.4120353459899854, 0.16136184333141326, 0.1563882529579177], [0.45541991834645695, 0.19587617496123944, 0.16754797848343164, 0.181155928108872], [0.20998440054985906, 0.27387406603118675, 0.2781961179039005, 0.23794541541505373]], "ideal": "D", "sampled": "C", "correct": false}}
{"type": "result", "data": {"idx": 12, "options": ["8", "9", "49", "63"], "probs": [[0.2972713233369552, 0.20430872114589843, 0.29727853549854244, 0.20114141991860393], [0.25617504117311296, 0.1964146345657391, 0.38457718487708487, 0.16283313928406307], [0.2860231697273333, 0.2860228717041095, 0.27723190185635577, 0.15072205661220137], [0.33914651958014824, 0.20251169496967303, 0.2768116253812719, 0.1815301599689068]], "ideal": "A", "sampled": "D", "correct": false}}
{"type": "result", "data": {"idx": 13, "options": ["6", "11", "8", "5"], "probs": [[0.3491172880111331, 0.1958385440011557, 0.23995797393557092, 0.2150861939521403], [0.2575733661394038, 0.2457788884393961, 0.26576140520299235, 0.23088634011820774], [0.2673515280330699, 0.22513391262529364, 0.27157734865045874, 0.23593721059117773], [0.3196898901235285, 0.20640982070259997, 0.2609390836413309, 0.21296120543254063]], "ideal": "A", "sampled": "A", "correct": true}}
{"type": "result", "data": {"idx": 14, "options": ["10 bars of soap for $23.20", "16 bars of soap for $36.48", "13 bars of soap for $29.51", "12 bars of soap for $27.60"], "probs": [[0.3608192097535754, 0.1601142835422892, 0.20241334429107516, 0.27665316231306025], [0.3719248140745635, 0.17845347416522464, 0.1899726369811489, 0.2596490746790629], [0.3817258717970909, 0.1667651211040577, 0.20116562839574176, 0.2503433786031096], [0.375708203746305, 0.18599081591864627, 0.19190395448386763, 0.24639702575118108]], "ideal": "C", "sampled": "D", "correct": false}}
{"type": "result", "data": {"idx": 15, "options": ["5 minutes", "14 minutes", "34 minutes", "70 minutes"], "probs": [[0.2919843196576912, 0.2383116483450043, 0.2658661305638522, 0.20383790133345228], [0.41859183958730933, 0.16650526720126177, 0.2171731208695295, 0.19772977224189942], [0.46794904859306735, 0.15674399860888885, 0.18326094198596884, 0.19204601071207492], [0.252736337213008, 0.14627203526178262, 0.3914667315568406, 0.20952489586836884]], "ideal": "B", "sampled": "B", "correct": true}}
{"type": "result", "data": {"idx": 16, "options": ["18", "24", "25", "29"], "probs": [[0.28106617087098146, 0.17588605950843586, 0.39023475672173, 0.15281301279885268], [0.3239373805748373, 0.2727835083318788, 0.2157972168555542, 0.18748189413772973], [0.4108843856111923, 0.2341154077942259, 0.16091099910849554, 0.1940892073860863], [0.3517691230594173, 0.2655293445374271, 0.18537604915910535, 0.19732548314405016]], "ideal": "B", "sampled": "C", "correct": false}}
{"type": "result", "data": {"idx": 17, "options": ["(60/6)\u201412=a", "(60\u201412)/6=a", "(60-6)-12=a", "(60+12)/6=a"], "probs": [[0.4090001874007927, 0.1814962043061998, 0.1652710314472873, 0.2442325767457202], [0.5193921884420264, 0.11957207976894864, 0.13764257625125362, 0.22339315543777133], [0.25364639596648536, 0.28296970474960825, 0.19756090050268754, 0.26582299868121884], [0.3999094426218524, 0.16670978316055257, 0.18311636420916752, 0.2502644099084275]], "ideal": "B", "sampled": "B", "correct": true}}
{"type": "result", "data": {"idx": 18, "options": ["5", "25", "50", "125"], "probs": [[0.3526532430442162, 0.42538226597336987, 0.11271808547259406, 0.1092464054098199], [0.3839188344130972, 0.25177960459845544, 0.1991803854871119, 0.16512117540133542], [0.33311120667039906, 0.29859895711541634, 0.20846191294123803, 0.15982792317294658], [0.3711371636510431, 0.30768244767802216, 0.2114734900201945, 0.1097068985507402]], "ideal": "D", "sampled": "B", "correct": false}}
{"type": "result", "data": {"idx": 19, "options": ["7", "16", "30", "33"], "probs": [[0.3887484006939047, 0.23213349173927525, 0.19548697442764054, 0.18363113303917952], [0.41633093729954385, 0.2093455361498189, 0.2061118653954568, 0.16821166105518046], [0.39789171208609964, 0.21633040057434189, 0.20643661039304506, 0.17934127684651338], [0.39858133190730954, 0.1973124622700858, 0.20679544218492002, 0.1973107635376846]], "ideal": "A", "sampled": "B", "correct": false}}
{"type": "result", "data": {"idx": 20, "options": ["\u221212", "12", "8", "16"], "probs": [[0.3849720312295006, 0.2729874306953464, 0.16301229627180494, 0.17902824170334802], [0.36175266982730714, 0.17087980122287344, 0.24098842561780817, 0.22637910323201121], [0.29660502073182937, 0.2497667968023396, 0.2497753947723476, 0.20385278759348344], [0.3687422408357067, 0.19431359195344458, 0.24564381333321442, 0.19130035377763427]], "ideal": "C", "sampled": "B", "correct": false}}
{"type": "result", "data": {"idx": 21, "options": ["382", "397", "406", "447"], "probs": [[0.24747328826505724, 0.2361399119281054, 0.30799422123919884, 0.20839257846763848], [0.3071293234518005, 0.30236956474141524, 0.19220341740116692, 0.1982976943056173], [0.3664905617320448, 0.22228797605532852, 0.20882644624927188, 0.2023950158633548], [0.2988710283261303, 0.21526770084539304, 0.2637604333947847, 0.22210083733369196]], "ideal": "B", "sampled": "C", "correct": false}}
{"type": "result", "data": {"idx": 22, "options": ["\u22127", "\u22121", "1", "7"], "probs": [[0.3439437397382869, 0.2255646701592444, 0.21525887822056627, 0.2152327117819024], [0.40315864687579483, 0.24452934395399212, 0.17891766662351247, 0.17339434244670057], [0.3192678534338026, 0.24099652053970488, 0.23360244481622658, 0.20613318111026596], [0.3523781544753473, 0.2876064436206737, 0.18283050978098117, 0.17718489202299775]], "ideal": "A", "sampled": "A", "correct": true}}
{"type": "result", "data": {"idx": 23, "options": ["53", "63", "73", "83"], "probs": [[0.373768877163968, 0.27345461465528764, 0.19696848679505496, 0.15580802128568935], [0.4011625170652997, 0.25104070455427024, 0.1752609960637366, 0.1725357822166934], [0.45541353312745597, 0.28947888723552406, 0.12257670153283548, 0.13253087800418445], [0.44810269613859394, 0.21500087422965322, 0.18680289942550937, 0.1500935301062435]], "ideal": "C", "sampled": "D", "correct": false}}
{"type": "result", "data": {"idx": 24, "options": ["11.1", "5.7", "3.7", "22.68"], "probs": [[0.33784239977434843, 0.1895142914237663, 0.25107761840876086, 0.22156569029312442], [0.42335364849139107, 0.17648117505456254, 0.1938363342364955, 0.20632884211755087], [0.3480025425800608, 0.1544267041997649, 0.25461970998424077, 0.24295104313593352], [0.37336847182354876, 0.17363514004401495, 0.23004174230182492, 0.22295464573061133]], "ideal": "B", "sampled": "B", "correct": true}}
{"type": "result", "data": {"idx": 25, "options": ["32", "3.2", "3,200", "320"], "probs": [[0.31572506299028197, 0.3108325348607685, 0.166385131556817, 0.2070572704921325], [0.30190843340715656, 0.21076560018339122, 0.22089195249255925, 0.26643401381689297], [0.209330278753124, 0.25647533319524163, 0.28169686019132173, 0.25249752776031265], [0.21504843553312525, 0.3774242755009446, 0.2117247761831271, 0.19580251268280305]], "ideal": "A", "sampled": "A", "correct": true}}
{"type": "result", "data": {"idx": 26, "options": ["46.4", "456", "4.56", "45.6"], "probs": [[0.4076763987133522, 0.15233764050867676, 0.2148432582401963, 0.22514270243777473], [0.29518783430594236, 0.24857447306640457, 0.2299065533134014, 0.22633113921425166], [0.26546331050736566, 0.2455140838296731, 0.2654784500864603, 0.2235441554765009], [0.3778707795322792, 0.24781534811806136, 0.18131566586218092, 0.19299820638747847]], "ideal": "D", "sampled": "A", "correct": false}}
{"type": "result", "data": {"idx": 27, "options": ["508", "508 r2", "578", "578 r2"], "probs": [[0.5503579109570124, 0.1413443917696032, 0.14813473212040681, 0.16016296505297759], [0.24003014323740196, 0.23264648364611296, 0.2595503666670405, 0.26777300634944456], [0.5444650920999913, 0.137662983662251, 0.17133184244517746, 0.14654008169258026], [0.2368422738578867, 0.2947558936036453, 0.2560991797250221, 0.2123026527134459]], "ideal": "D", "sampled": "A", "correct": false}}
{"type": "result", "data": {"idx": 28, "options": ["100 \u2014 5d", "5d+ 100", "100 / 5d", "5d"], "probs": [[0.45366079010456034, 0.204483911708702, 0.14054488691361627, 0.2013104111731214], [0.29313961978929687, 0.2144675052458532, 0.22128527853445434, 0.2711075963303956], [0.27181069680182185, 0.17825884687660803, 0.2985498188763222, 0.2513806373452479], [0.22104910343238215, 0.39406985627748514, 0.149576859899954, 0.23530418029017866]], "ideal": "A", "sampled": "A", "correct": true}}
{"type": "result", "data": {"idx": 29, "options": ["4t", "t over 4", "t \u2212 4", "t + 4"], "probs": [[0.45086521577595934, 0.15826858814368347, 0.14187495620433763, 0.24899123977601956], [0.14972578433821762, 0.10290515728473261, 0.22477095496704425, 0.5225981033100056], [0.07859644511026956, 0.06936026643832523, 0.7005474096959138, 0.15149587865549138], [0.11925798465453466, 0.7305503511385324, 0.0481863468393431, 0.10200531726758984]], "ideal": "A", "sampled": "A", "correct": true}}
{"type": "result", "data": {"idx": 30, "options": ["681,452", "462,017", "246,412", "125,655"], "probs": [[0.31018578078667547, 0.29139646016436144, 0.21319585401084362, 0.18522190493811946], [0.3338950822333125, 0.28560003209834306, 0.19025522185069318, 0.19024966371765126], [0.29637426134960454, 0.2535051405176335, 0.24958181378729768, 0.2005387842454643], [0.2937143400954392, 0.2632864972196015, 0.24734162913260593, 0.19565753345235334]], "ideal": "B", "sampled": "B", "correct": true}}
{"type": "result", "data": {"idx": 31, "options": ["15 remainder 7", "15 remainder 3", "16 remainder 5", "16 remainder 1"], "probs": [[0.3768131732563861, 0.20809584853952368, 0.1865420788339993, 0.22854889927009098], [0.3293772588433672, 0.16052537915702692, 0.2906844274307016, 0.21941293446890428], [0.3990687727529093, 0.17987409232248194, 0.20067024228950328, 0.22038689253510546], [0.328475818222287, 0.1626069025857457, 0.27232484789487593, 0.23659243119709136]], "ideal": "B", "sampled": "B", "correct": true}}
{"type": "result", "data": {"idx": 32, "options": ["17 over 2", "34 over 4", "17 over 4", "19 over 2"], "probs": [[0.23665688065220575, 0.2088486887766506, 0.3390153055163732, 0.21547912495477042], [0.25449865295432184, 0.2317242702096162, 0.2709313550042972, 0.24284572173176477], [0.27169377013847923, 0.21831246043514296, 0.28475046579300667, 0.2252433035333711], [0.3651007631116048, 0.22847522664617947, 0.17794771061236642, 0.2284762995298493]], "ideal": "A", "sampled": "C", "correct": false}}
{"type": "result", "data": {"idx": 33, "options": ["200,000 + 7,000 + 200 + 4", "200,000 + 7,000 + 200 + 40", "200,000 + 70,000 + 200 + 40", "200,000 + 70,000 + 2,000 + 40"], "probs": [[0.2055421471390222, 0.21879926321702695, 0.27659517523860633, 0.2990634143053445], [0.30661045349216737, 0.3641113855541055, 0.1403805995073962, 0.18889756134633087], [0.2952370687314237, 0.22636700011563118, 0.1966767489218246, 0.2817191821311205], [0.22307817635689597, 0.17646913228654468, 0.30492138859560647, 0.29553130266095284]], "ideal": "C", "sampled": "C", "correct": true}}
{"type": "result", "data": {"idx": 34, "options": ["220 parts", "770 parts", "4 parts", "110 parts"], "probs": [[0.5307746449956803, 0.1952629358086985, 0.10953610971165904, 0.16442630938396222], [0.3368021149059464, 0.10271820118835967, 0.35298194425802365, 0.20749773954767028], [0.17823073103960707, 0.2634071903715768, 0.3773258013143661, 0.18103627717445003], [0.41407038628209203, 0.23964748855433193, 0.18664326606209958, 0.15963885900147645]], "ideal": "D", "sampled": "A", "correct": false}}
{"type": "result", "data": {"idx": 35, "options": ["the mean would increase.", "the mean would decrease.", "the median would increase.", "the median would decrease."], "probs": [[0.28225358019948227, 0.28669961012712764, 0.2340011437898013, 0.19704566578358876], [0.26479950149988324, 0.32444059362086836, 0.22298833393328216, 0.18777157084596627], [0.3181582296125355, 0.2988833099637569, 0.19297660310196504, 0.18998185722174254], [0.2886985411043011, 0.2508268541967298, 0.23563456969730517, 0.22484003490166396]], "ideal": "A", "sampled": "C", "correct": false}}
{"type": "result", "data": {"idx": 36, "options": ["\u20137", "5", "7", "27"], "probs": [[0.3078186167793817, 0.24733984099328948, 0.255199994788876, 0.1896415473384528], [0.38164504789998793, 0.20749672936068153, 0.23883731304943379, 0.17202090958989677], [0.41271445151016595, 0.22792325911626865, 0.20753310618709428, 0.15182918308647114], [0.4190508597953033, 0.20106320972031755, 0.22083226676066944, 0.1590536636237097]], "ideal": "A", "sampled": "D", "correct": false}}
{"type": "result", "data": {"idx": 37, "options": ["3-p", "p+3", "3/p", "p-3"], "probs": [[0.4539043374487495, 0.23548576584317457, 0.11841549154551056, 0.19219440506256535], [0.17512262387678057, 0.1697319945443412, 0.42674951032750535, 0.22839587115137283], [0.14834900419940728, 0.3671697730527183, 0.2686374823277397, 0.21584374032013473], [0.5986623986458546, 0.20368700486198948, 0.07976822106369193, 0.11788237532846396]], "ideal": "D", "sampled": "D", "correct": true}}
{"type": "result", "data": {"idx": 38, "options": ["30 \u00d7 10^1", "30 \u00d7 10^3", "(6 \u00d7 5) \u00d7 10^2", "(6 \u00d7 5) \u00d7 10^3"], "probs": [[0.2658433397099768, 0.23460815053644585, 0.2458769752100691, 0.2536715344435082], [0.21944494688141442, 0.21944438063724692, 0.37918546636972816, 0.1819252060116105], [0.3556582927348199, 0.22256705162683693, 0.20265819130301452, 0.21911646423532866], [0.3131302641485465, 0.15260794984674178, 0.2941744371086399, 0.24008734879607185]], "ideal": "C", "sampled": "D", "correct": false}}
{"type": "result", "data": {"idx": 39, "options": ["0", "3", "9", "12"], "probs": [[0.17216058281126226, 0.48284184310660494, 0.18326881650725038, 0.16172875747488244], [0.3537366249983905, 0.2547888571419822, 0.20795897576930134, 0.18351554199032596], [0.27693750122027855, 0.24439866805008859, 0.25613726709529994, 0.22252656353433287], [0.12365941333549185, 0.15631970295774267, 0.545635087863626, 0.17438579574313948]], "ideal": "C", "sampled": "B", "correct": false}}
{"type": "result", "data": {"idx": 40, "options": ["1850x", "2000 \u2212150x", "150x", "2000 +150x"], "probs": [[0.27631458637335427, 0.2895804345318177, 0.2085832655221257, 0.22552171347270233], [0.4287909609371213, 0.21561241352712207, 0.16532119121560132, 0.19027543422015528], [0.3162369837303435, 0.28347919678957484, 0.12978991091205702, 0.2704939084680246], [0.29750500776601513, 0.1721838188513076, 0.30220677094685455, 0.22810440233582274]], "ideal": "B", "sampled": "B", "correct": true}}
{"type": "result", "data": {"idx": 41, "options": ["w > 2.3", "w < 2.4", "w > 3.2", "w < 3.3"], "probs": [[0.39519924510340554, 0.17265069740253774, 0.18094392388656183, 0.2512061335074949], [0.29861026554384523, 0.15251563260645945, 0.2594487628163413, 0.28942533893335404], [0.3198930322804039, 0.18805652854946217, 0.2268480658304341, 0.26520237323969986], [0.3417629795399384, 0.1858143452871491, 0.197806471631819, 0.2746162034410935]], "ideal": "D", "sampled": "A", "correct": false}}
{"type": "result", "data": {"idx": 42, "options": ["-6", "-5", "0", "5"], "probs": [[0.4096104410713239, 0.40326525855654244, 0.06792195733876895, 0.1192023429333647], [0.3700023480879107, 0.2665046671808091, 0.18316904652763427, 0.1803239381036459], [0.14344576854736246, 0.48527517822152505, 0.1841920872857013, 0.18708696584541118], [0.21990603058031324, 0.4955728578390178, 0.13338324922604314, 0.15113786225462586]], "ideal": "A", "sampled": "A", "correct": true}}
{"type": "result", "data": {"idx": 43, "options": ["156", "110", "94", "48"], "probs": [[0.45673388660854614, 0.16541878619765973, 0.1904036693385328, 0.18744365775526128], [0.41446415203336967, 0.1782594051519502, 0.2084142149540122, 0.1988622277606679], [0.35200993629705746, 0.16627765446977566, 0.2873142232914149, 0.19439818584175197], [0.41861886890730393, 0.1800465503134143, 0.22407980749393708, 0.1772547731853447]], "ideal": "C", "sampled": "A", "correct": false}}
{"type": "result", "data": {"idx": 44, "options": ["15, 17", "15, 19", "17, 19", "17, 21"], "probs": [[0.2891516728283645, 0.32257307053220746, 0.19262431847053227, 0.19565093806889575], [0.32684377319589797, 0.28843996355688983, 0.20137174725562876, 0.18334451589158343], [0.35126614406773193, 0.34046250514596943, 0.13973063469944114, 0.16854071598685752], [0.3225289775125899, 0.2673868696056765, 0.20824908959267768, 0.20183506318905592]], "ideal": "D", "sampled": "D", "correct": true}}
{"type": "result", "data": {"idx": 45, "options": ["3 cans", "12 cans", "36 cans", "13 cans"], "probs": [[0.24947035313314825, 0.3056576069491854, 0.2380545295206357, 0.20681751029703066], [0.3353679825830067, 0.278030101599757, 0.20987637651663898, 0.1767255392005973], [0.3939027248510612, 0.2927243156844359, 0.15669061475454393, 0.15668234460995895], [0.37210678496056865, 0.2680174072114223, 0.20231823319679546, 0.15755757453121355]], "ideal": "B", "sampled": "D", "correct": false}}
{"type": "result", "data": {"idx": 46, "options": ["3.18, 3 and 1 over 8, 3.8,3", "3,3 and 1 over 8, 3.18, 3", "3.8, 3 and 1 over 8, 3.18, 3", "3.8, 3.18, 3 and 1 over 8, 3"], "probs": [[0.3185588859548993, 0.22589152568815118, 0.18729154110875326, 0.2682580471481963], [0.25321378924082105, 0.2695460279084009, 0.22003204790489886, 0.25720813484587923], [0.31604636183269935, 0.26201162130018013, 0.1639871472550429, 0.25795486951207763], [0.344071204269227, 0.24020039674919316, 0.16003037749075408, 0.25569802139082576]], "ideal": "D", "sampled": "D", "correct": true}}
{"type": "result", "data": {"idx": 47, "options": ["10", "11", "20", "2"], "probs": [[0.3617862789130315, 0.24480043015413017, 0.1967114212382255, 0.19670186959461283], [0.3306364365065592, 0.21683770541449418, 0.305807315215235, 0.14671854276371155], [0.3187471973390597, 0.34465173396973037, 0.1788102116824722, 0.15779085690873773], [0.2489793784515337, 0.18793975094971818, 0.3566684775691467, 0.20641239292960142]], "ideal": "C", "sampled": "D", "correct": false}}
{"type": "result", "data": {"idx": 48, "options": ["800,000", "830,000", "836,000", "840,000"], "probs": [[0.25092798468941524, 0.22492787239686451, 0.33767259117564435, 0.18647155163807586], [0.31091204745807577, 0.32583344464967867, 0.17170791582100992, 0.19154659197123564], [0.469908603747842, 0.24762516260559275, 0.1225884582611001, 0.15987777528546515], [0.4220505889522594, 0.21895661621651039, 0.16272133344689999, 0.19627146128433023]], "ideal": "D", "sampled": "C", "correct": false}}
{"type": "result", "data": {"idx": 49, "options": ["14", "\u22124", "45", "\u221245"], "probs": [[0.40022829172694047, 0.2544012258991431, 0.14724352561279377, 0.19812695666112268], [0.26331081983794197, 0.3328580259943936, 0.19876553116241258, 0.2050656229052518], [0.44099223563031364, 0.2287839957702252, 0.15481022584815501, 0.17541354265130615], [0.3835068826438869, 0.2020933120616846, 0.19588527987770551, 0.21851452531672302]], "ideal": "D", "sampled": "C", "correct": false}}
{"type": "result", "data": {"idx": 50, "options": ["21 birds", "40 birds", "42 birds", "84 birds"], "probs": [[0.25261069439726, 0.2647298376943803, 0.31438857951681726, 0.1682708882915424], [0.3177307701807534, 0.30317847562476957, 0.2116615379392348, 0.16742921615524223], [0.33966084355658216, 0.33439402781921673, 0.16297693030259017, 0.16296819822161096], [0.32220770365686435, 0.2755960647007629, 0.22145772968064265, 0.18073850186173007]], "ideal": "A", "sampled": "C", "correct": false}}
{"type": "result", "data": {"idx": 51, "options": ["78", "83", "131", "153"], "probs": [[0.41942257165156327, 0.23898044291845646, 0.17213520870065668, 0.16946177662932357], [0.39477401967869274, 0.22144877908399527, 0.21131318805488797, 0.172464013082424], [0.43142183967952336, 0.2382548415682652, 0.17161217074448107, 0.15871114790773033], [0.33070015411198966, 0.20373838834307115, 0.27416735476244597, 0.19139410268249324]], "ideal": "B", "sampled": "B", "correct": true}}
{"type": "result", "data": {"idx": 52, "options": ["Leslie spent 20 dollars and 8 cents at a store. How is the amount of money Leslie spent written as a fraction?", "Mr. Kramer\u2019s 8 grandchildren shared 20 crackers equally. How many crackers did each grandchild get?", "Mitch bought 20 containers of flowers at a plant store. Each container had 8 flowers in it. How many flowers did Mitch buy?", "Stamps are sold in booklets of 20 stamps. Donna used 8 stamps to send invitations for a party. How many booklets of stamps did Donna use to send her invitations?"], "probs": [[0.32265925980416493, 0.2552492428130036, 0.2324145113880595, 0.18967698589477197], [0.40217751260550366, 0.2291565686235153, 0.1929740160510685, 0.1756919026199125], [0.36273901292357946, 0.21660336328084007, 0.24931709090289672, 0.17134053279268371], [0.4634744615326269, 0.22588210285958382, 0.1504745415980601, 0.16016889390972916]], "ideal": "B", "sampled": "D", "correct": false}}
{"type": "result", "data": {"idx": 53, "options": ["120 miles", "80 miles", "26 miles", "12 miles"], "probs": [[0.5332945068138186, 0.18144211441612954, 0.1504267029377402, 0.13483667573231164], [0.5072331872899777, 0.18085716123986192, 0.1523029311652787, 0.15960672020488167], [0.35846443892516955, 0.18596547285945805, 0.2835786257824255, 0.17199146233294696], [0.27244748850579054, 0.3964078009802721, 0.1552403522801026, 0.17590435813383473]], "ideal": "A", "sampled": "A", "correct": true}}
{"type": "result", "data": {"idx": 54, "options": ["add 6 to both sides", "divide both sides by 6", "multiply both sides by 6", "subtract 6 from both sides"], "probs": [[0.1772795792831462, 0.18871408980261759, 0.34172428160057977, 0.29228204921365647], [0.38619582114846734, 0.17959909826513284, 0.15604115323468098, 0.2781639272517188], [0.2811873366351421, 0.12284217694976664, 0.2405178236373619, 0.35545266267772935], [0.11618862352469231, 0.09483016461197953, 0.49688678993460966, 0.2920944218287185]], "ideal": "B", "sampled": "B", "correct": true}}
{"type": "result", "data": {"idx": 55, "options": ["7", "10", "21", "39"], "probs": [[0.37730634940031976, 0.1674240727600477, 0.2436237338762005, 0.21164584386343202], [0.35833616973344845, 0.20738426720857223, 0.24247998764235926, 0.19179957531562006], [0.3866246582684032, 0.20057320293904501, 0.22730272667366072, 0.185499412018891], [0.40139267442671916, 0.175351205083347, 0.2050268978424517, 0.21822922254748212]], "ideal": "A", "sampled": "D", "correct": false}}
{"type": "result", "data": {"idx": 56, "options": ["84 \u2212 11 = t; 73\u00b0F", "t \u2212 84 = 11; 95\u00b0F", "84 \u2212 t = 11; 73\u00b0F", "t \u2212 11 = 84; 95\u00b0F"], "probs": [[0.2146487299778607, 0.17519031985409494, 0.3886995132981316, 0.2214614367699127], [0.20612711326585606, 0.1580414967987298, 0.41641248509333245, 0.21941890474208167], [0.23830627257685402, 0.16124508023504888, 0.38683298802728944, 0.21361565906080765], [0.23179378649332846, 0.3070783156033483, 0.21438444616965396, 0.24674345163366926]], "ideal": "D", "sampled": "A", "correct": false}}
{"type": "result", "data": {"idx": 57, "options": ["72 \u00f7 9 = 8", "72 \u2013 9 = 63", "9 + 72 = 81", "9 \u00f7 72 = 0.125"], "probs": [[0.5549412310629167, 0.08918713151094064, 0.15171934642132492, 0.2041522909048177], [0.3130408133837222, 0.12451971695013238, 0.20212448528996996, 0.3603149842761755], [0.17596061394868553, 0.10183792484399103, 0.3667510124171267, 0.3554504486901967], [0.3763129935074833, 0.21109439198614563, 0.16962532218341458, 0.24296729222295646]], "ideal": "A", "sampled": "A", "correct": true}}
{"type": "result", "data": {"idx": 58, "options": ["2 boxes", "4 boxes", "5 boxes", "6 boxes"], "probs": [[0.19655057518746735, 0.16550907501332218, 0.4941435013983078, 0.14379684830090264], [0.3140604261694885, 0.3190066874448321, 0.1934932772999272, 0.1734396089857522], [0.3468651032189658, 0.2966873182068902, 0.19764366137392253, 0.15880391710022146], [0.33287939921983306, 0.21158948853864573, 0.271698687521746, 0.1838324246197752]], "ideal": "D", "sampled": "C", "correct": false}}
{"type": "result", "data": {"idx": 59, "options": ["14", "20", "40", "60"], "probs": [[0.34310945441193436, 0.24329480848969995, 0.21810308231490472, 0.19549265468346094], [0.31676124431072517, 0.2177002708515543, 0.2545366736715813, 0.21100181106613927], [0.25901004669460376, 0.2714323997226126, 0.2800682186800315, 0.18948933480275212], [0.4118269330940248, 0.17712062161108627, 0.20071664156793922, 0.2103358036269497]], "ideal": "B", "sampled": "D", "correct": false}}
{"type": "result", "data": {"idx": 60, "options": ["6 over 14", "8 over 49", "14 over 28", "6 over 7"], "probs": [[0.294262502972599, 0.1305784155384022, 0.2364597057532199, 0.33869937563577895], [0.1542091369474697, 0.12985627351892812, 0.529924094623979, 0.18601049480962314], [0.3173168206697238, 0.2358111668645615, 0.2321643461899948, 0.21470766617571993], [0.4414237969460168, 0.19896676837947946, 0.17559537028113348, 0.18401406429337022]], "ideal": "D", "sampled": "D", "correct": true}}
{"type": "result", "data": {"idx": 61, "options": ["5", "10", "15", "20"], "probs": [[0.12205747695622389, 0.7959146617438401, 0.03497115201855398, 0.047056709181382016], [0.6041969791388626, 0.17041971168646067, 0.09266000447225833, 0.13272330460241832], [0.33702371274342896, 0.4464834133793238, 0.1299393205946233, 0.08655355318262396], [0.158620424193096, 0.22720604658265986, 0.49630089827734347, 0.11787263084690068]], "ideal": "B", "sampled": "B", "correct": true}}
{"type": "result", "data": {"idx": 62, "options": ["125 push-ups", "279 push-ups", "1,395 push-ups", "1,406 push-ups"], "probs": [[0.34049612280301705, 0.2651767730447714, 0.19100782273289812, 0.20331928131931346], [0.26972626833226326, 0.2380300242057824, 0.3153543676014983, 0.17688933976045604], [0.5358851551473698, 0.25313508508058247, 0.0796555727640605, 0.13132418690798728], [0.4914190319111974, 0.15954086658375072, 0.1343529115290075, 0.21468718987604438]], "ideal": "C", "sampled": "D", "correct": false}}
{"type": "result", "data": {"idx": 63, "options": ["6 and 10", "5 and 12", "10 and 12", "12 and 15"], "probs": [[0.5202087240922103, 0.17699438595483596, 0.15140617117867025, 0.15139071867428353], [0.5549242247865095, 0.14030736056173343, 0.13814816750032308, 0.16662024705143405], [0.4993505328587867, 0.1408493029677297, 0.16728138423434832, 0.19251877983913523], [0.381601505336838, 0.20109030310827072, 0.258234158623273, 0.15907403283161825]], "ideal": "C", "sampled": "B", "correct": false}}
{"type": "result", "data": {"idx": 64, "options": ["\u22124", "\u22122", "10", "2"], "probs": [[0.3873989043354856, 0.24624714619807317, 0.15899387237320664, 0.20736007699323455], [0.2433783895037339, 0.22863358597605304, 0.3028989181051582, 0.22508910631505488], [0.2778823673447246, 0.27357554432994224, 0.24523885545662388, 0.2033032327687093], [0.26348905967553904, 0.3383293944756794, 0.22538105469532882, 0.1728004910534527]], "ideal": "D", "sampled": "A", "correct": false}}
{"type": "result", "data": {"idx": 65, "options": ["232", "236", "345", "460"], "probs": [[0.40611884599020226, 0.2747922282360215, 0.18305827948197417, 0.13603064619180202], [0.3979440212464541, 0.1850588862395334, 0.2376319694987139, 0.17936512291529857], [0.2975563958353808, 0.2929405824108947, 0.26673662262370196, 0.1427663990300225], [0.3120993081711388, 0.3427729044217403, 0.22480473607364512, 0.12032305123347578]], "ideal": "C", "sampled": "A", "correct": false}}
{"type": "result", "data": {"idx": 66, "options": ["50 and 400", "450 and 700", "750 and 1,000", "1,050 and 1,300"], "probs": [[0.2134937760989888, 0.24573137987583196, 0.32050245519499015, 0.22027238873018903], [0.2854346164224793, 0.2403623866956549, 0.2519037835899122, 0.22229921319195353], [0.35646106402562594, 0.2527725809309097, 0.1999643236182784, 0.19080203132518594], [0.23560019802481383, 0.18637609933885851, 0.3765030597596578, 0.2015206427766698]], "ideal": "D", "sampled": "C", "correct": false}}
{"type": "result", "data": {"idx": 67, "options": ["7", "12", "48", "56"], "probs": [[0.25448486585582863, 0.2317102436744461, 0.3217108595304473, 0.19209403083927795], [0.2648683229549352, 0.23012113911773, 0.3564341419047438, 0.14857639592259103], [0.3724217379535778, 0.23672578600133426, 0.25597182605342933, 0.1348806498916586], [0.32443302383109546, 0.18485589048122708, 0.2908339456798777, 0.19987713990779976]], "ideal": "A", "sampled": "C", "correct": false}}
{"type": "result", "data": {"idx": 68, "options": ["18 and 28", "180 and 280", "1,800 and 2,800", "18,000 and 28,000"], "probs": [[0.2032893539742203, 0.25698323203958734, 0.3299831001123014, 0.20974431377389088], [0.28305533103712077, 0.2966415539587694, 0.23466905599469104, 0.18563405890941875], [0.35276000636983895, 0.3262548051074286, 0.1517269864011974, 0.16925820202153508], [0.3556665320785875, 0.24829738219740327, 0.19338086871146615, 0.20265521691254307]], "ideal": "C", "sampled": "C", "correct": true}}
{"type": "result", "data": {"idx": 69, "options": ["7 \u2022 11^2 \u2022 13", "7^2 \u2022 11", "7 \u2022 11 \u2022 13", "7 \u2022 11"], "probs": [[0.2502322494733441, 0.20423316953524073, 0.279164850683906, 0.26636973020750915], [0.1461302041861316, 0.36167719956595934, 0.2060849666389374, 0.2861076295089716], [0.3578624480286371, 0.24982908737886717, 0.1539205335510908, 0.23838793094140495], [0.16548228015612346, 0.34489607293589963, 0.21249092796568675, 0.2771307188422902]], "ideal": "D", "sampled": "C", "correct": false}}
{"type": "result", "data": {"idx": 70, "options": ["$20.93 ", "$28.93 ", "$32.93 ", "$48.93 "], "probs": [[0.527588875693305, 0.1971464721450636, 0.13763479217314, 0.13762985988849136], [0.566220334618983, 0.17817003757706706, 0.11685128334707828, 0.1387583443568716], [0.5542329448711615, 0.1885691155515496, 0.1275968069542133, 0.1296011325230756], [0.5908009829287713, 0.16151670628611248, 0.12384348737421522, 0.123838823310901]], "ideal": "C", "sampled": "D", "correct": false}}
{"type": "result", "data": {"idx": 71, "options": ["160", "240", "320", "640"], "probs": [[0.35143271246906893, 0.23410574202333978, 0.2233905246681571, 0.1910710207394342], [0.35772640890509055, 0.22738567466016138, 0.2203950783213335, 0.19449283801341455], [0.3480994053120097, 0.24301358692877853, 0.22829535261053716, 0.18059165504867455], [0.3319835761448629, 0.2317626396115116, 0.25855592661167254, 0.17769785753195294]], "ideal": "A", "sampled": "B", "correct": false}}
{"type": "result", "data": {"idx": 72, "options": ["0.021 repeating", "0.21 Repeating", "0.22 Repeating", "0.2121"], "probs": [[0.5024984665643268, 0.14623711056428249, 0.1138981548544918, 0.2373662679168989], [0.441286169823295, 0.17829712957898286, 0.1367141881938031, 0.243702512303919], [0.44743551819479266, 0.12232290753942471, 0.16720599681877926, 0.2630355773470034], [0.22127018695467454, 0.2144640215697414, 0.2931584890286118, 0.2711073023469722]], "ideal": "B", "sampled": "B", "correct": true}}
{"type": "result", "data": {"idx": 73, "options": ["(40 \u00d7 10) + (6 \u00d7 2) = 400 + 12", "(40 \u00d7 6) + (10 \u00d7 2) = 240 + 20", "(40 \u00d7 12) + (6 \u00d7 12) = 480 + 72", "(40 \u00d7 12) + (60 \u00d7 12) = 480 + 720"], "probs": [[0.20656894453142113, 0.11407810618449063, 0.3740618880324304, 0.3052910611516578], [0.24137378507305082, 0.19394970850346996, 0.29116269075454265, 0.2735138155689366], [0.37101083774215543, 0.23217454790047767, 0.16464006635688916, 0.23217454790047767], [0.3854353668090406, 0.16320526355057186, 0.17373640574660404, 0.2776229637937835]], "ideal": "C", "sampled": "C", "correct": true}}
{"type": "result", "data": {"idx": 74, "options": ["$649 ", "$6,049 ", "$6,409 ", "$6,490 "], "probs": [[0.29339430607586614, 0.4137551609387049, 0.11489758236742169, 0.17795295051800727], [0.6282420298181025, 0.1316867202020637, 0.11441452310761753, 0.1256567267722163], [0.33374883229305974, 0.4352955623148694, 0.08052312967017634, 0.15043247562189457], [0.7744967090829099, 0.09543697216615751, 0.040411474123049164, 0.08965484452788339]], "ideal": "B", "sampled": "D", "correct": false}}
{"type": "result", "data": {"idx": 75, "options": ["SSSSS; AAA", "SSSSS; AAAA", "SSSSSSSS; AAAA", "SSSSSSSS; A"], "probs": [[0.29421847178919003, 0.2942210049865172, 0.1676442423997294, 0.24391628072456337], [0.26841681793007055, 0.2482468001557476, 0.21907987862005682, 0.264256503194125], [0.20370281623642655, 0.19437619462524613, 0.22725189542727392, 0.3746690936110534], [0.2177233118958121, 0.19516721692713182, 0.2752341761770283, 0.3118752949000278]], "ideal": "D", "sampled": "B", "correct": false}}
{"type": "result", "data": {"idx": 76, "options": ["$2.82 ", "$2.97 ", "$6.47 ", "$12.77 "], "probs": [[0.4520413577104569, 0.20375122127879633, 0.18552459774546273, 0.15868282316528406], [0.4133671408493424, 0.2247444789517701, 0.1696525291773538, 0.1922358509215337], [0.36248089779325776, 0.19101343477802368, 0.2779352581838413, 0.16857040914487725], [0.3298532563030633, 0.3403257632109398, 0.18795223162394167, 0.14186874876205519]], "ideal": "A", "sampled": "A", "correct": true}}
{"type": "result", "data": {"idx": 77, "options": ["4 over 6", "10 over 12", "15 over 17", "5 over 6"], "probs": [[0.37648798889663004, 0.1363553364034632, 0.1893234792364018, 0.29783319536350494], [0.29418849942126474, 0.1265289783351254, 0.2896504997917442, 0.28963202235186564], [0.3359564344534025, 0.1798252069718186, 0.24968051161893376, 0.2345378468558451], [0.447538339338575, 0.14304213011261718, 0.18083546784447083, 0.22858406260433697]], "ideal": "D", "sampled": "D", "correct": true}}
{"type": "result", "data": {"idx": 78, "options": ["3 over 2", "2 over 3", "2 over 12", "1 over 6"], "probs": [[0.5936237198125655, 0.263421396267201, 0.056089611945265815, 0.08686527187496776], [0.721538161339713, 0.10233582305766137, 0.060164398627438234, 0.1159616168751873], [0.4293598830270561, 0.16813984511601376, 0.19968478379636911, 0.20281548796056104], [0.23690851305354682, 0.1459538449166677, 0.47118455697239514, 0.1459530849573903]], "ideal": "D", "sampled": "B", "correct": false}}
