{"type": "result", "data": {"idx": 0, "options": ["10%", "20%", "40%", "80%"], "probs": [[0.12620570314116078, 0.6020924595817495, 0.16205495877024045, 0.10964687840684921], [0.21139527855189666, 0.6213257312153332, 0.08951260893641846, 0.07776638119635162], [0.45790474067094006, 0.4169264295565723, 0.05384233040352802, 0.07132649926895965], [0.5480904145911731, 0.29799089720818417, 0.06444698763581334, 0.0894717004648293]], "ideal": "C", "sampled": "C", "correct": true}}
{"type": "result", "data": {"idx": 1, "options": ["About $300", "About $3k", "About $8k", "About $15k"], "probs": [[0.40980372439404694, 0.25644630573280636, 0.21261254267671292, 0.12113742709643376], [0.44035119825588553, 0.35940460740587493, 0.11487841836502863, 0.08536577587321091], [0.5448200309037246, 0.340941084177266, 0.0531116333964863, 0.06112725142252312], [0.6063442229618266, 0.1657645404173072, 0.11216779797147594, 0.11572343854939034]], "ideal": "B", "sampled": "C", "correct": false}}
{"type": "result", "data": {"idx": 2, "options": ["52%", "62%", "72%", "82%"], "probs": [[0.3706423535162344, 0.3884302877917781, 0.1261081016142973, 0.11481925697769016], [0.3761143312146256, 0.4066798928974627, 0.07884166113790195, 0.13836411465000975], [0.5193644378299536, 0.3982134922208598, 0.03704074921628064, 0.045381320632906], [0.6968993802428276, 0.20600349201420226, 0.035244072008434636, 0.06185305563453555]], "ideal": "C", "sampled": "D", "correct": false}}
{"type": "result", "data": {"idx": 3, "options": ["China", "United States", "Germany", "Japan"], "probs": [[0.630404751523732, 0.2014886080573591, 0.11127438063479199, 0.056832259684116926], [0.4836952875735021, 0.2843502994115101, 0.08672319902976174, 0.14523121388522608], [0.5485519847999619, 0.17808790768523186, 0.15472874274388515, 0.11863136467092102], [0.3037600656569193, 0.37217352829717154, 0.20877308052619048, 0.11529332541971864]], "ideal": "A", "sampled": "A", "correct": true}}
{"type": "result", "data": {"idx": 4, "options": ["by 5 fold", "by 10 fold", "by 15 fold", "by 20 fold"], "probs": [[0.45121547193668166, 0.33531371237607577, 0.09759099053427764, 0.11587982505296496], [0.42786606712032715, 0.2762478754391914, 0.1525711806008344, 0.14331487673964705], [0.5312839347816177, 0.2549104189211931, 0.11855347149950385, 0.09525217469768539], [0.4416003029381567, 0.28960399522251656, 0.1702638788233063, 0.09853182291602039]], "ideal": "C", "sampled": "B", "correct": false}}
{"type": "result", "data": {"idx": 5, "options": ["Lower respiratory infections", "Preterm birth complications", "Diarrheal diseases", "Malaria"], "probs": [[0.7722914203745248, 0.14739440352598657, 0.05174077664591635, 0.028573399353572313], [0.3987821027283116, 0.5536568143646459, 0.024709265584600903, 0.02285181722244158], [0.9232536338451557, 0.04251176391974207, 0.012179965799854175, 0.02205463633524812], [0.18324370692090183, 0.6496572430246332, 0.07638797789247702, 0.09071107206198789]], "ideal": "A", "sampled": "C", "correct": false}}
{"type": "result", "data": {"idx": 6, "options": ["10%", "20%", "30%", "40%"], "probs": [[0.3483481354909262, 0.3376263627426008, 0.1570170647193374, 0.1570084369471356], [0.3167928409737527, 0.3372185179668433, 0.18917117729126387, 0.15681746366814006], [0.38980380858468544, 0.3494135245156612, 0.1574980961373335, 0.10328457066231982], [0.4751563334350752, 0.31161311033520467, 0.08928134970009577, 0.12394920642962437]], "ideal": "C", "sampled": "D", "correct": false}}
{"type": "result", "data": {"idx": 7, "options": ["29%", "49%", "69%", "89%"], "probs": [[0.3516741149025272, 0.37435544091229417, 0.1466036013606155, 0.12736684272456317], [0.3123760018148375, 0.42035002764879364, 0.1242598630143081, 0.14301410742206072], [0.47875421751181624, 0.3448357463570082, 0.06790450568810211, 0.10850553034307342], [0.5929202944502336, 0.16209530587221518, 0.06971880688985166, 0.1752655926876995]], "ideal": "C", "sampled": "C", "correct": true}}
{"type": "result", "data": {"idx": 8, "options": ["18%", "38%", "58%", "78%"], "probs": [[0.31065059399442596, 0.4736871824764, 0.11791236961003032, 0.09774985381914367], [0.2807865905949777, 0.5084431473964525, 0.11523847967655311, 0.09553178223201671], [0.3392581585484172, 0.5861930235134805, 0.03465879346662543, 0.03989002437147695], [0.7590465346958442, 0.1339794660305502, 0.039605456298957224, 0.06736854287464838]], "ideal": "C", "sampled": "D", "correct": false}}
{"type": "result", "data": {"idx": 9, "options": ["11%", "26%", "41%", "56%"], "probs": [[0.24437756833970561, 0.5593892931378782, 0.10347837953724814, 0.09275475888516803], [0.3295045943450175, 0.46467802826833, 0.12506974673198806, 0.08074763055466444], [0.39412197613545635, 0.5060659069287825, 0.06139417014921506, 0.03841794668654603], [0.7350302200955081, 0.15407031486001846, 0.058480075396708436, 0.052419389547765]], "ideal": "B", "sampled": "D", "correct": false}}
{"type": "result", "data": {"idx": 10, "options": ["23%", "38%", "53%", "68%"], "probs": [[0.24433469372040598, 0.49357067759930695, 0.16024129807425339, 0.10185333050603368], [0.35324392245521163, 0.3819493111876561, 0.14273022326487864, 0.12207654299225362], [0.4498885651654454, 0.42928830686110403, 0.0769690833886556, 0.04385404448479497], [0.6857824035397917, 0.17612322460394697, 0.06581381256878031, 0.07228055918748097]], "ideal": "D", "sampled": "D", "correct": true}}
{"type": "result", "data": {"idx": 11, "options": ["5%", "10%", "15%", "25%"], "probs": [[0.4885423960995292, 0.2534507905233815, 0.10901125925476232, 0.14899555402232695], [0.3977959155638581, 0.2820777296737881, 0.14634460209336725, 0.17378175256898656], [0.46128709725037453, 0.32202919354707765, 0.11847126874718689, 0.0982124403553609], [0.4339261851638361, 0.3597371795472514, 0.08954790778573145, 0.1167887274031811]], "ideal": "B", "sampled": "A", "correct": false}}
{"type": "result", "data": {"idx": 12, "options": ["2%", "4%", "9%", "18%"], "probs": [[0.31649091836625437, 0.2836954593374752, 0.18898932633894255, 0.2108242958573279], [0.308097064464277, 0.3774842619518451, 0.1388738602260952, 0.17554481325778273], [0.4157725715306158, 0.3905799839038983, 0.08852537390727522, 0.10512207055821063], [0.5039043092769897, 0.28266321103907105, 0.0992271355782311, 0.11420534400570817]], "ideal": "C", "sampled": "D", "correct": false}}
{"type": "result", "data": {"idx": 13, "options": ["minimum wage legislation", "land reform", "progressive taxation", "increased access to education"], "probs": [[0.3791451309713222, 0.23726576412519587, 0.17090464183822593, 0.212684462965256], [0.3537607456211698, 0.24696733404963167, 0.17789093983562132, 0.2213809803935772], [0.27788904720580826, 0.2376946544065999, 0.20652158864044615, 0.2778947096471457], [0.3036982922340234, 0.2402458268090499, 0.24403939411466555, 0.21201648674226117]], "ideal": "A", "sampled": "B", "correct": false}}
{"type": "result", "data": {"idx": 14, "options": ["36%", "56%", "76%", "96%"], "probs": [[0.29547079954365385, 0.43667622745623125, 0.15570607547833024, 0.11214689742178466], [0.2451874817331999, 0.5700822599425559, 0.09020319781749626, 0.09452706040674791], [0.45339049871074555, 0.4128180351555731, 0.055004535870612666, 0.07878693016306869], [0.5736267948461096, 0.21772331676230716, 0.08264121849600013, 0.12600866979558312]], "ideal": "B", "sampled": "C", "correct": false}}
{"type": "result", "data": {"idx": 15, "options": ["6%", "13%", "27%", "46%"], "probs": [[0.1768913821336393, 0.519910902919688, 0.14213859390617162, 0.161059120940501], [0.1672262201372582, 0.6718111433367322, 0.07420784013101935, 0.08675479629499026], [0.40686585182176027, 0.47567527450494174, 0.062396346348095204, 0.055062527225202794], [0.6695325002365554, 0.18592161561661863, 0.05942550127668053, 0.08512038277014536]], "ideal": "B", "sampled": "D", "correct": false}}
{"type": "result", "data": {"idx": 16, "options": ["34%", "49%", "64%", "79%"], "probs": [[0.17588614842923236, 0.6139049849591792, 0.14133130749629613, 0.06887755901529233], [0.24262015250359398, 0.5553696179620193, 0.1220031144351454, 0.08000711499924129], [0.35873734239080934, 0.5732680325588883, 0.03134754870856869, 0.036647076241733724], [0.7687143992342836, 0.13782302520450238, 0.033252506206118776, 0.06021006925509518]], "ideal": "A", "sampled": "D", "correct": false}}
{"type": "result", "data": {"idx": 17, "options": ["62%", "72%", "82%", "92%"], "probs": [[0.5094472575629206, 0.3556518123818, 0.06376714021197283, 0.07113378974330656], [0.5293088215098014, 0.347131090251304, 0.05079884700112563, 0.07276124113776894], [0.6034723407269975, 0.3180091917567609, 0.0319841945142316, 0.046534272902009975], [0.5889742110539202, 0.26965241416146085, 0.05652411773872852, 0.08484925694589042]], "ideal": "C", "sampled": "C", "correct": true}}
{"type": "result", "data": {"idx": 18, "options": ["About $3k", "About $8k", "About $15k", "About $30k"], "probs": [[0.3729289423775309, 0.4292398978575909, 0.11197810624763378, 0.0858530534172444], [0.4540301655957484, 0.3648247853380046, 0.09974178224958923, 0.08140326671665775], [0.507163826378858, 0.35963523652261714, 0.06348276930027245, 0.0697181676982524], [0.583218021872285, 0.17787009310956, 0.14518035538386537, 0.09373152953428963]], "ideal": "C", "sampled": "D", "correct": false}}
{"type": "result", "data": {"idx": 19, "options": ["55,000", "550,000", "5,500,000", "55,000,000"], "probs": [[0.4193001403463904, 0.3265497629427519, 0.12013480961125846, 0.13401528699959925], [0.5990543766576724, 0.22737434538690254, 0.0726750541709368, 0.10089622368448829], [0.5564403533379106, 0.20152807233702494, 0.09226877986462108, 0.14976279436044335], [0.41858394820902906, 0.23116325873044827, 0.1296747682713579, 0.22057802468916476]], "ideal": "B", "sampled": "B", "correct": true}}
{"type": "result", "data": {"idx": 20, "options": ["25%", "45%", "65%", "85%"], "probs": [[0.6137639833837615, 0.24413806015689055, 0.07105077004429401, 0.07104718631505395], [0.5946509992576929, 0.2638770410420593, 0.05445681281289412, 0.08701514678735373], [0.61129404019105, 0.2712613682365561, 0.05097079352481267, 0.06647379794758111], [0.7727219484477463, 0.1451905336890334, 0.025231227434404545, 0.056856290328815645]], "ideal": "A", "sampled": "D", "correct": false}}
{"type": "result", "data": {"idx": 21, "options": ["24%", "44%", "64%", "84%"], "probs": [[0.40082090491785455, 0.37653743655883765, 0.1095887331616257, 0.11305292526168212], [0.4392903283063494, 0.33682261639361205, 0.0980339982249902, 0.12585305697504837], [0.5134173283749943, 0.3528768888783719, 0.05497367573224789, 0.07873210691438594], [0.7269133491142361, 0.14313793500879884, 0.04037893653359154, 0.08956977924337352]], "ideal": "A", "sampled": "D", "correct": false}}
{"type": "result", "data": {"idx": 22, "options": ["25%", "40%", "55%", "75%"], "probs": [[0.4538686370156441, 0.27528523165429974, 0.12803078614247504, 0.1428153450875811], [0.4139168683447836, 0.3540452823894412, 0.10968582657926625, 0.1223520225865089], [0.5655670123312032, 0.2589387278078933, 0.06755404123320627, 0.10794021852769727], [0.6088077146819437, 0.1771735194164265, 0.07386298117078466, 0.14015578463084513]], "ideal": "D", "sampled": "C", "correct": false}}
{"type": "result", "data": {"idx": 23, "options": ["8%", "16%", "32%", "64%"], "probs": [[0.38085480242980324, 0.39913176290268837, 0.13369599581049038, 0.086317438757018], [0.5358277698472547, 0.31011302084649583, 0.0975839521008289, 0.05647525710542054], [0.6419749211475897, 0.2593814711059419, 0.06766520389487303, 0.030978403751595402], [0.8018943279673704, 0.11373225149911934, 0.0496872117611643, 0.03468620867234602]], "ideal": "B", "sampled": "D", "correct": false}}
{"type": "result", "data": {"idx": 24, "options": ["males are more likely to have depression and are more likely to have an alcohol use disorder than females.", "females are more likely to have depression and are more likely to have an alcohol use disorder than males.", "males are more likely than females to have depression while females are more likely than males to have an alcohol use disorder.", "females are more likely than males to have depression while males are more likely than females to have an alcohol use disorder."], "probs": [[0.3084567532895019, 0.2989684387588813, 0.2054847956315549, 0.1870900122200619], [0.27891881933515494, 0.27892057767228046, 0.2072839860282076, 0.23487661686435696], [0.23835972304284747, 0.21702944063504012, 0.3309445430148186, 0.2136662932072938], [0.24437997106820292, 0.38446727964113897, 0.16536262876172214, 0.205790120428936]], "ideal": "D", "sampled": "A", "correct": false}}
{"type": "result", "data": {"idx": 25, "options": ["37%", "47%", "57%", "67%"], "probs": [[0.2921971445729556, 0.43184007175061223, 0.1717774161176882, 0.10418536745874397], [0.3399008118707271, 0.385160081655615, 0.15562363894954598, 0.11931546742411192], [0.4257987049369261, 0.40630122002590185, 0.11460572289972742, 0.053294352037444585], [0.5799974461808807, 0.23433981390963218, 0.10079104157830368, 0.08487169823118344]], "ideal": "D", "sampled": "D", "correct": true}}
{"type": "result", "data": {"idx": 26, "options": ["1%", "3%", "6%", "10%"], "probs": [[0.18504414236251016, 0.5789586987357344, 0.13539335332043087, 0.10060380548132457], [0.30890467069402294, 0.47845350621802946, 0.11544283220262867, 0.09719899078531895], [0.4477888810108176, 0.4340271514975305, 0.05265888767382251, 0.06552507971782935], [0.42891893745213716, 0.3041513331858199, 0.1459485920957244, 0.12098113716631852]], "ideal": "D", "sampled": "C", "correct": false}}
{"type": "result", "data": {"idx": 27, "options": ["23%", "43%", "63%", "83%"], "probs": [[0.45783877619463786, 0.37367869172658796, 0.09015628902271115, 0.078326242956063], [0.4809218108859903, 0.35185148949766476, 0.08100335902680741, 0.08622334048953753], [0.5233659186686681, 0.33791232357455003, 0.06449347781857745, 0.07422827983820442], [0.6337420325938435, 0.22246510613685655, 0.04811295400474844, 0.09567990716455141]], "ideal": "C", "sampled": "D", "correct": false}}
{"type": "result", "data": {"idx": 28, "options": ["10%", "30%", "50%", "70%"], "probs": [[0.2924958852384815, 0.4255824215458156, 0.15414122204852135, 0.12778047106718154], [0.3627543557148324, 0.3201325630861037, 0.1635149765898678, 0.15359810450919612], [0.3976574897019394, 0.39149779660806805, 0.10871876937134817, 0.10212594421864434], [0.6034369288247309, 0.20854262384049962, 0.09254392704801402, 0.09547652018675547]], "ideal": "D", "sampled": "D", "correct": true}}
{"type": "result", "data": {"idx": 29, "options": ["26%", "41%", "56%", "71%"], "probs": [[0.37038663301926394, 0.3821439473108567, 0.13626001875423766, 0.11120940081564168], [0.3372941810361757, 0.39433811915930217, 0.1362828720587444, 0.13208482764577772], [0.3709590379379913, 0.45451190385874984, 0.07775945844827155, 0.09676959965498731], [0.5685278518587518, 0.24073023015549475, 0.07342023073504259, 0.11732168715071091]], "ideal": "C", "sampled": "D", "correct": false}}
{"type": "result", "data": {"idx": 30, "options": ["690 million", "6.9 billion", "69 billion", "690 billion"], "probs": [[0.6074407786632227, 0.20031087396989183, 0.09762805844802987, 0.09462028881885562], [0.6853170155586372, 0.1553213975218318, 0.07223414260647809, 0.08712744421305288], [0.7007232903733481, 0.13797956703713588, 0.06938319652578796, 0.09191394596372807], [0.6321280833494375, 0.15490817109094346, 0.10814755066697464, 0.10481619479264434]], "ideal": "C", "sampled": "B", "correct": false}}
{"type": "result", "data": {"idx": 31, "options": ["9%", "29%", "59%", "79%"], "probs": [[0.42331179483151926, 0.30489910127235653, 0.12319375308763413, 0.1485953507084901], [0.44161984668011894, 0.2807106506120202, 0.11520814207783762, 0.16246136053002325], [0.4466249810690463, 0.3760966798323059, 0.08794870554330275, 0.08932963345534507], [0.5793017528631984, 0.19709626594091423, 0.09024037828733715, 0.13336160280855028]], "ideal": "A", "sampled": "D", "correct": false}}
{"type": "result", "data": {"idx": 32, "options": ["31%", "51%", "71%", "91%"], "probs": [[0.2868004867207523, 0.3625500661912138, 0.17395830930333606, 0.1766911376846978], [0.28724014114159574, 0.4312031470284093, 0.10733861235189057, 0.1742180993781044], [0.4445975091266275, 0.3628721209783665, 0.06712683239558492, 0.12540353739942106], [0.5745219926920305, 0.17250303151210036, 0.07775593945697502, 0.1752190362388941]], "ideal": "B", "sampled": "C", "correct": false}}
{"type": "result", "data": {"idx": 33, "options": ["by 4 fold", "by 8 fold", "by 16 fold", "by 32 fold"], "probs": [[0.3852164206300866, 0.3974398135359979, 0.11037545814565929, 0.10696830758825623], [0.4615037005230114, 0.3122667278851711, 0.11135317797282883, 0.11487639351898865], [0.5603951131678244, 0.26060667243070046, 0.0846128898087037, 0.09438532449277143], [0.5528361241922981, 0.18808806080791046, 0.15839953837002468, 0.10067627652976678]], "ideal": "C", "sampled": "B", "correct": false}}
{"type": "result", "data": {"idx": 34, "options": ["1", "7", "13", "19"], "probs": [[0.16808292518488974, 0.4095717133108247, 0.2644458750288369, 0.1578994863754487], [0.23131079858080886, 0.4059763792333164, 0.2349720439063207, 0.12774077817955404], [0.30415946468768346, 0.41575360603759776, 0.1733174336775482, 0.10676949549717053], [0.3195748877269101, 0.3097516549850946, 0.22662645238418405, 0.1440470048038112]], "ideal": "D", "sampled": "D", "correct": true}}
{"type": "result", "data": {"idx": 35, "options": ["59%", "69%", "79%", "89%"], "probs": [[0.49034947152002634, 0.33178621527214974, 0.09655720739591145, 0.08130710571191248], [0.509998071664279, 0.3292785510997835, 0.07347431613945138, 0.08724906099648609], [0.5777731982621481, 0.33965553944294774, 0.03870933029053954, 0.043861931904364625], [0.7509193489594052, 0.15740074362336345, 0.0300412236686671, 0.06163868364856433]], "ideal": "D", "sampled": "D", "correct": true}}
{"type": "result", "data": {"idx": 36, "options": ["Earthquakes", "Volcanic activity", "Wildfires", "Floods"], "probs": [[0.4264346976475676, 0.1750083695928363, 0.15934885733835272, 0.23920807532124339], [0.336650773997502, 0.2010232746857521, 0.19181940815107443, 0.27050654306567146], [0.35818909527686305, 0.21725260561759518, 0.2172544980650102, 0.20730380094053158], [0.4026117620503799, 0.225844709117127, 0.16267133035587786, 0.2088721983766152]], "ideal": "D", "sampled": "A", "correct": false}}
{"type": "result", "data": {"idx": 37, "options": ["15%", "35%", "55%", "75%"], "probs": [[0.4655704920433369, 0.3406205348098695, 0.10068985443710753, 0.09311911860968607], [0.5006490162762651, 0.3036616331161272, 0.10013998670843251, 0.09554936379917517], [0.5491794902343269, 0.30328824887157296, 0.07549614402272227, 0.07203611677137785], [0.6228219448495144, 0.18700561161666773, 0.07674920043518459, 0.11342324299863332]], "ideal": "B", "sampled": "D", "correct": false}}
{"type": "result", "data": {"idx": 38, "options": ["by 4 fold", "by 8 fold", "by 16 fold", "by 32 fold"], "probs": [[0.4003345787224555, 0.40033240315285656, 0.09811436676338761, 0.10121865126130038], [0.4849786902472786, 0.30827088079561277, 0.09853799933813097, 0.10821242951897767], [0.5877855857459212, 0.2528026590096468, 0.07473372479032121, 0.0846780303541107], [0.5791620956772818, 0.18802262471361011, 0.1397376143636211, 0.09307766514548699]], "ideal": "D", "sampled": "B", "correct": false}}
{"type": "result", "data": {"idx": 39, "options": ["36%", "51%", "66%", "81%"], "probs": [[0.1685777938405964, 0.5192550072054238, 0.22333386530725416, 0.08883333354672564], [0.24385728666302672, 0.49260680350523856, 0.16501038266589343, 0.09852552706584126], [0.2424186499486328, 0.6589704050187729, 0.05161644902431746, 0.046994495908276805], [0.6492178173407044, 0.20428459997246293, 0.061339558376439986, 0.08515802421039265]], "ideal": "C", "sampled": "D", "correct": false}}
{"type": "result", "data": {"idx": 40, "options": ["81%", "86%", "91%", "96%"], "probs": [[0.49554415055492756, 0.3740554340091182, 0.060118144443039076, 0.07028227089291515], [0.46726267132668065, 0.3813684766695459, 0.06627496878810672, 0.08509388311566678], [0.5930420777839523, 0.31743210669201277, 0.03851021467699283, 0.051015600747042006], [0.5782058087626034, 0.2731244790583738, 0.05999965436157516, 0.08867005771744764]], "ideal": "B", "sampled": "C", "correct": false}}
{"type": "result", "data": {"idx": 41, "options": ["26%", "46%", "66%", "86%"], "probs": [[0.34803471097160343, 0.3590831183208368, 0.1544445593004062, 0.13843761130715354], [0.29473794382062457, 0.3844123298860328, 0.15291513956791286, 0.16793458662542973], [0.3562661925436534, 0.4503676492188299, 0.07949754417270698, 0.11386861396480977], [0.574594850970008, 0.1780006872088479, 0.08278135147770924, 0.16462311024343487]], "ideal": "A", "sampled": "D", "correct": false}}
{"type": "result", "data": {"idx": 42, "options": ["Brazil", "China", "Mexico", "Iran"], "probs": [[0.32851615055321476, 0.34428148945284004, 0.1814271184407971, 0.14577524145314807], [0.33232473828561704, 0.32716926441543015, 0.18353026830014707, 0.15697572889880576], [0.3757269326113404, 0.26642873483573337, 0.17473304009578147, 0.18311129235714477], [0.3855193910439642, 0.2691338698167763, 0.18211041660440405, 0.16323632243485542]], "ideal": "C", "sampled": "C", "correct": true}}
{"type": "result", "data": {"idx": 43, "options": ["1.2 million", "2.4 million", "3.6 million", "4.8 million"], "probs": [[0.6053339174678509, 0.2603498667924169, 0.060881446360503834, 0.0734347692792283], [0.5802958641079453, 0.24571088554308274, 0.08360164547008668, 0.09039160477888526], [0.5733926103415885, 0.31174664641138833, 0.05250802832103611, 0.06235271482598707], [0.6743697843098264, 0.17868917446442853, 0.059855060055805806, 0.08708598106993926]], "ideal": "A", "sampled": "D", "correct": false}}
{"type": "result", "data": {"idx": 44, "options": ["Diarrheal diseases", "Diabetes", "Dementia", "Road injuries"], "probs": [[0.861994812499156, 0.08534921055196433, 0.018172051958845383, 0.03448392489003429], [0.32878815634556685, 0.2405456119453924, 0.26009484735369215, 0.1705713842553486], [0.1798055618821583, 0.6178547143318303, 0.09328274427911624, 0.10905697940689521], [0.7369239623623146, 0.18925797161862984, 0.03288841112458943, 0.04092965479446612]], "ideal": "C", "sampled": "D", "correct": false}}
{"type": "result", "data": {"idx": 45, "options": ["3 million", "14 million", "42 million", "124 million"], "probs": [[0.23809471724036593, 0.363045066558773, 0.21343483028661703, 0.18542538581424403], [0.3298341932711208, 0.3796338099189022, 0.14186585169811314, 0.14866614501186384], [0.5991794466373171, 0.22742006180396393, 0.07859787344146578, 0.09480261801725313], [0.5946973098524663, 0.18137006865200325, 0.08702679917150992, 0.13690582222402056]], "ideal": "C", "sampled": "C", "correct": true}}
{"type": "result", "data": {"idx": 46, "options": ["26%", "46%", "66%", "86%"], "probs": [[0.500473625914976, 0.3333878566496153, 0.0940392999858888, 0.07209921734951984], [0.411402001511069, 0.3925650271170284, 0.10566165648604595, 0.09037131478585662], [0.4617637928223795, 0.42706623308414643, 0.05602096699944098, 0.05514900699403308], [0.6823183297428643, 0.17799346147187808, 0.05428706854038962, 0.08540114014486794]], "ideal": "A", "sampled": "D", "correct": false}}
{"type": "result", "data": {"idx": 47, "options": ["25%", "45%", "65%", "85%"], "probs": [[0.3382321914650963, 0.3832661791065925, 0.15977198064598283, 0.11872964868232833], [0.37298293585249426, 0.3908813174072026, 0.1309326349484806, 0.10520311169182255], [0.4818616806978923, 0.3752737342936036, 0.07866340129780916, 0.0642011836106949], [0.6415109562063467, 0.20826749268772782, 0.05184328125073946, 0.09837826975518603]], "ideal": "B", "sampled": "D", "correct": false}}
{"type": "result", "data": {"idx": 48, "options": ["6%", "16%", "36%", "66%"], "probs": [[0.3185252022095057, 0.47075275634184427, 0.11357837423094139, 0.09714366711770864], [0.3992525308980703, 0.38697287148113, 0.11439385923795978, 0.09938073828283993], [0.5419240593368293, 0.3087802231003018, 0.09127872436325905, 0.05801699309960983], [0.7162536951322835, 0.14780688229287214, 0.07432501734673916, 0.061614405128105156]], "ideal": "C", "sampled": "D", "correct": false}}
{"type": "result", "data": {"idx": 49, "options": ["43%", "58%", "73%", "88%"], "probs": [[0.3848276493287849, 0.3729881997478771, 0.1210937070888439, 0.12109044373449414], [0.3750756680590348, 0.39926886554540025, 0.09191951154743341, 0.13373595474813152], [0.5492452280187241, 0.30809959192287756, 0.05438415976844481, 0.08827102018995356], [0.5525016660621721, 0.26098405728895185, 0.06702796219301581, 0.1194863143558602]], "ideal": "B", "sampled": "C", "correct": false}}
{"type": "result", "data": {"idx": 50, "options": ["0.50%", "2%", "6%", "12%"], "probs": [[0.2375483739869161, 0.527021988368321, 0.1332644482340929, 0.10216518931066994], [0.26197272341334177, 0.4818453752375201, 0.14698019512777827, 0.10920170612135986], [0.418321364803185, 0.3991698860846658, 0.08770019429491847, 0.09480855471723074], [0.5258606750120474, 0.24454585079706806, 0.10853389066167969, 0.12105958342920492]], "ideal": "B", "sampled": "D", "correct": false}}
{"type": "result", "data": {"idx": 51, "options": ["strongly supported by most studies", "supported mainly by cross-section, not time-series studies", "supported mainly by time-series, not cross-section studies", "generally repudiated by empirical studies"], "probs": [[0.5637678385405241, 0.21398464113018698, 0.09645317017288159, 0.12579435005640735], [0.30497645874287005, 0.26914369656220244, 0.20961622579361594, 0.21626361880131156], [0.1888490830687494, 0.20419499853319936, 0.4322997733980352, 0.174656144900016], [0.36750083610464496, 0.30947100651937975, 0.14392140291799244, 0.17910675435798287]], "ideal": "B", "sampled": "A", "correct": false}}
{"type": "result", "data": {"idx": 52, "options": ["12 years", "9 years", "6 years", "3 years"], "probs": [[0.41966987756153956, 0.3425299371795581, 0.13002086593307327, 0.10777931922582906], [0.3788395708766357, 0.3092054334210469, 0.178969795120647, 0.13298520048167037], [0.2887259168444322, 0.32209951162245776, 0.23938617464571715, 0.14978839678739286], [0.18951202362334965, 0.5071726885773397, 0.16466544076150755, 0.13864984693780308]], "ideal": "B", "sampled": "A", "correct": false}}
{"type": "result", "data": {"idx": 53, "options": ["0.90%", "1.80%", "3.60%", "7.20%"], "probs": [[0.4836420245927747, 0.27557221363382456, 0.12039850229921571, 0.12038725937418504], [0.36847838755737516, 0.3303043543962146, 0.16352915762219689, 0.13768810032421336], [0.44543534838064525, 0.3362370230674067, 0.10917051974811091, 0.10915710870383716], [0.5355252979670503, 0.2376390738112928, 0.10546318714175652, 0.12137244097990037]], "ideal": "D", "sampled": "D", "correct": true}}
{"type": "result", "data": {"idx": 54, "options": ["14%", "24%", "34%", "44%"], "probs": [[0.3728882920070723, 0.38472532821718053, 0.11551824240471216, 0.12686813727103502], [0.32395417460403336, 0.3907636818126588, 0.1415300262288788, 0.14375211725442902], [0.3231676864772878, 0.44867423840855414, 0.13263111012788173, 0.09552696488627634], [0.4353750477407626, 0.33907018118895443, 0.11718238493171888, 0.10837238603856411]], "ideal": "A", "sampled": "D", "correct": false}}
{"type": "result", "data": {"idx": 55, "options": ["60%", "75%", "90%", "45%"], "probs": [[0.2690167048597522, 0.5434375838857574, 0.0974373639296201, 0.09010834722487031], [0.6337575959060449, 0.2812294086624295, 0.040516529530083584, 0.044496465801442], [0.614950418410795, 0.2408186495063289, 0.064817897968963, 0.0794130340139131], [0.29068070430619897, 0.4645070994590103, 0.1735786633498341, 0.0712335327849566]], "ideal": "B", "sampled": "B", "correct": true}}
{"type": "result", "data": {"idx": 56, "options": ["50%", "60%", "70%", "80%"], "probs": [[0.36487227412928275, 0.3884053221258531, 0.1301030911451928, 0.11661931249967133], [0.39580703041378335, 0.3660633863641622, 0.09700191069930106, 0.14112767242275337], [0.46645593873006674, 0.46646008125316374, 0.027579959517303507, 0.03950402039946597], [0.6481875607568302, 0.2384553340241748, 0.03832467172555077, 0.07503243339344423]], "ideal": "D", "sampled": "D", "correct": true}}
{"type": "result", "data": {"idx": 57, "options": ["2%", "25%", "50%", "75%"], "probs": [[0.2730708582766486, 0.4792727517168919, 0.13732691926339405, 0.11032947064306549], [0.3470743298183504, 0.3995108902054865, 0.1257368326061397, 0.12767794727002335], [0.33534487347008984, 0.49565121869898177, 0.07141525776519478, 0.09758864996573356], [0.6484981323539496, 0.20089771300551842, 0.0694386229469171, 0.08116553159361489]], "ideal": "D", "sampled": "D", "correct": true}}
{"type": "result", "data": {"idx": 58, "options": ["no nation has been able to grow in the past years.", "the Democratic Republic of Congo has become poorer than it initially was in 1980.", "some countries have had relatively significant growth rates.", "some countries have had relatively significant growth rates, but the Democratic Republic of Congo has become poorer than it initially was in 1980."], "probs": [[0.06910089993305388, 0.10212530711482, 0.6159260134693618, 0.2128477793827643], [0.187377442574272, 0.2769294669724677, 0.33931872804394314, 0.19637436230931715], [0.3891995672850225, 0.3434744919429944, 0.14096889758329512, 0.126357043088688], [0.32789340123394345, 0.21170545796861961, 0.2676383514786595, 0.19276278921877743]], "ideal": "C", "sampled": "C", "correct": true}}
{"type": "result", "data": {"idx": 59, "options": ["15.50%", "34.80%", "48.10%", "65.20%"], "probs": [[0.24321887216660598, 0.40732154300621487, 0.19242434145257428, 0.15703524327460483], [0.3745387624780867, 0.2871709635341158, 0.20050392146621163, 0.13778635242158582], [0.4123622498155022, 0.3313491419956865, 0.13814350034933065, 0.11814510773948068], [0.5286504783295578, 0.1743302099032776, 0.16124886753284354, 0.13577044413432104]], "ideal": "B", "sampled": "D", "correct": false}}
{"type": "result", "data": {"idx": 60, "options": ["5 million", "30 million", "150 million", "500 million"], "probs": [[0.4361246092227808, 0.3092554326513887, 0.13723981890348413, 0.11738013912234639], [0.5371698496473665, 0.2459335962019679, 0.10252666014033518, 0.11436989391033045], [0.6936152447510685, 0.1866829509346709, 0.05518617750178173, 0.06451562671247883], [0.6601829178039265, 0.1592753141689212, 0.08393632187362786, 0.09660544605352442]], "ideal": "C", "sampled": "C", "correct": true}}
{"type": "result", "data": {"idx": 61, "options": ["Colombia, Peru, Uruguay, and Costa Rica.", "Bhutan, Niger, Cambodia, and Costa Rica.", "Uruguay, Costa Rica, Timor-Leste, and Pakistan.", "Bhutan, Cambodia, Uruguay and Costa Rica."], "probs": [[0.2840148083276985, 0.311934576363905, 0.21778761364781277, 0.18626300156058379], [0.3028160405738299, 0.33258471391863365, 0.1780387775393026, 0.18656046786823383], [0.28107610342076017, 0.30870890614283514, 0.22587874529487123, 0.18433624504153343], [0.295520378419428, 0.34015090790644303, 0.17648228300008917, 0.18784643057403974]], "ideal": "A", "sampled": "A", "correct": true}}
{"type": "result", "data": {"idx": 62, "options": ["10%", "20%", "40%", "80%"], "probs": [[0.3807686623664702, 0.3577015452876844, 0.13791369105857862, 0.12361610118726682], [0.420739492268372, 0.3433998448043423, 0.12437720317541828, 0.11148345965186741], [0.4402203425406901, 0.3707053203027776, 0.09084887395072741, 0.09822546310580489], [0.5495972428071292, 0.2851292980501545, 0.0755552621275902, 0.08971819691512613]], "ideal": "B", "sampled": "D", "correct": false}}
{"type": "result", "data": {"idx": 63, "options": ["38%", "58%", "78%", "98%"], "probs": [[0.39275211438506497, 0.36895645167261276, 0.1275117758712365, 0.11077965797108574], [0.4836152873323657, 0.35939483224456975, 0.06753091211548554, 0.08945896820757905], [0.6286712288227835, 0.21057865021507188, 0.06730720400137169, 0.0934429168607729], [0.443880091053863, 0.30034477186950415, 0.10709459572916022, 0.14868054124747268]], "ideal": "C", "sampled": "C", "correct": true}}
{"type": "result", "data": {"idx": 64, "options": ["True, True", "True, False", "False, True", "False, False"], "probs": [[0.41418334943260565, 0.30780016685925754, 0.13033340350974149, 0.1476830800983953], [0.4451760616558301, 0.28297661438595406, 0.12955871995337942, 0.14228860390483636], [0.46364458483192755, 0.2600853857176118, 0.13921569908727463, 0.13705433026318603], [0.39555928107120764, 0.28940254446950336, 0.16489936409731773, 0.1501388102619713]], "ideal": "B", "sampled": "B", "correct": true}}
{"type": "result", "data": {"idx": 65, "options": ["260", "2,600", "26,000", "260,000"], "probs": [[0.444818446997442, 0.35187838264489407, 0.11972513316250202, 0.08357803709516187], [0.4498625330197586, 0.3671654109712032, 0.10356776260938057, 0.0794042932996576], [0.5052994972267709, 0.30172731794989355, 0.09347454993666526, 0.09949863478667026], [0.5699612285386322, 0.20007411388266147, 0.11049487029047766, 0.11946978718822872]], "ideal": "C", "sampled": "C", "correct": true}}
{"type": "result", "data": {"idx": 66, "options": ["90%", "70%", "50%", "30%"], "probs": [[0.696891281906067, 0.18756524634850505, 0.04970352219347495, 0.06583994945195304], [0.6088393926011644, 0.21372528372057845, 0.06123784928901553, 0.11619747428924161], [0.4692195741711914, 0.27156494831268063, 0.12051574345892671, 0.13869973395720125], [0.3849154979729522, 0.4361748960463022, 0.06689440408503826, 0.11201520179570731]], "ideal": "A", "sampled": "A", "correct": true}}
{"type": "result", "data": {"idx": 67, "options": ["Japan", "Canada", "Russia", "Iran"], "probs": [[0.4437279435826266, 0.29100218629163815, 0.10705576170696976, 0.15821410831876542], [0.43668614785563786, 0.25273228818924437, 0.13957514491362516, 0.17100641894149263], [0.3925453844626176, 0.2827366463824011, 0.1178639776351615, 0.20685399141981978], [0.3667131229889154, 0.33389319478629326, 0.13919038201327705, 0.16020330011151424]], "ideal": "B", "sampled": "B", "correct": true}}
{"type": "result", "data": {"idx": 68, "options": ["59%", "69%", "79%", "89%"], "probs": [[0.4925902375252385, 0.29876985475182843, 0.11164400475896541, 0.09699590286396767], [0.4775918543758288, 0.31814314726750714, 0.09258728873596245, 0.1116777095207016], [0.5319590785997741, 0.3434583983153952, 0.05695207277292015, 0.06763045021191057], [0.6226532621005871, 0.22201331536521607, 0.055264552628131104, 0.10006886980606573]], "ideal": "C", "sampled": "D", "correct": false}}
{"type": "result", "data": {"idx": 69, "options": ["9%", "19%", "39%", "59%"], "probs": [[0.3486599559579787, 0.46190184467224077, 0.09989564044564953, 0.08954255882413097], [0.39514710612040094, 0.3712095832928193, 0.11864990474624779, 0.11499340574053203], [0.5017674899167788, 0.34486125097679043, 0.09880727013217613, 0.054563988874254614], [0.661100154014133, 0.1835810853624128, 0.08672028098669902, 0.06859847953675513]], "ideal": "B", "sampled": "D", "correct": false}}
{"type": "result", "data": {"idx": 70, "options": ["18%", "38%", "58%", "78%"], "probs": [[0.4155523931397834, 0.37249906254929094, 0.11011403463104552, 0.10183450957988015], [0.3892935282023755, 0.3657091339634244, 0.12250228239847379, 0.12249505533572626], [0.4220149705973853, 0.44923668322815774, 0.059857021473202446, 0.06889132460125452], [0.6142140077143018, 0.20897605634840202, 0.07336028753736559, 0.10344964829993056]], "ideal": "B", "sampled": "D", "correct": false}}
{"type": "result", "data": {"idx": 71, "options": ["24%", "39%", "54%", "69%"], "probs": [[0.2250666897469186, 0.4271019974592891, 0.22158087627006492, 0.12625043642372735], [0.26173943083545237, 0.44523656032076164, 0.18560694017933224, 0.10741706856445375], [0.3741454108666002, 0.5034713448659575, 0.07253349258970032, 0.049849751577741956], [0.617234940636759, 0.18824604011496426, 0.08892289481970371, 0.10559612432857296]], "ideal": "A", "sampled": "D", "correct": false}}
{"type": "result", "data": {"idx": 72, "options": ["1.5 children per woman", "2.5 children per woman", "3.5 children per woman", "4.5 children per woman"], "probs": [[0.6973757226506202, 0.18192144008380928, 0.05377865357995548, 0.06692418358561505], [0.6372616100490122, 0.22023294207537408, 0.060211977052270924, 0.08229347072334284], [0.5741408977211432, 0.28422143629001356, 0.061470880182334715, 0.08016678570650852], [0.500042214940916, 0.3436775905646205, 0.06662819732441395, 0.08965199707004949]], "ideal": "B", "sampled": "A", "correct": false}}
{"type": "result", "data": {"idx": 73, "options": ["$300 ", "$1,000 ", "$10,000 ", "$30,000 "], "probs": [[0.12222545865949909, 0.5392854929761463, 0.1863776486861067, 0.15211139957824793], [0.1627852570017733, 0.3966486335402857, 0.2561077100942413, 0.18445839926369967], [0.16668662675571458, 0.5297315199103437, 0.14942284149557475, 0.1541590117383669], [0.28076542257736115, 0.21193199489178863, 0.2851972068619801, 0.2221053755688701]], "ideal": "C", "sampled": "D", "correct": false}}
{"type": "result", "data": {"idx": 74, "options": ["20%", "40%", "60%", "80%"], "probs": [[0.35196668955045, 0.34650997356615304, 0.16369250902960444, 0.13783082775379252], [0.3861580135114569, 0.35714297950953655, 0.12735372590708163, 0.12934528097192494], [0.4238510822196634, 0.392005958935294, 0.10068289414567753, 0.08346006459936509], [0.5162219596965699, 0.3082539255703413, 0.0829715387057071, 0.09255257592738167]], "ideal": "C", "sampled": "D", "correct": false}}
{"type": "result", "data": {"idx": 75, "options": ["41%", "56%", "71%", "86%"], "probs": [[0.2302516480975078, 0.535351975645175, 0.15100517417455125, 0.0833912019827659], [0.26610698896806234, 0.5546223438032813, 0.07506234086206443, 0.10420832626659189], [0.4661027227330714, 0.4734459852210544, 0.023943510082529082, 0.03650778186334508], [0.7936899350767964, 0.14230049588540547, 0.017811612458899402, 0.046197956478898745]], "ideal": "B", "sampled": "D", "correct": false}}
{"type": "result", "data": {"idx": 76, "options": ["1%", "2%", "4%", "8%"], "probs": [[0.20717424923994093, 0.5373677214952274, 0.1690964612604136, 0.08636156790441807], [0.29962312647575823, 0.4939961539754822, 0.11918672404776713, 0.08719399540099242], [0.37416916663739264, 0.5194852889612291, 0.056493218351169924, 0.04985232595020834], [0.5631200931033581, 0.2578120673749087, 0.10747676446097609, 0.0715910749607572]], "ideal": "C", "sampled": "D", "correct": false}}
{"type": "result", "data": {"idx": 77, "options": ["US", "Chile", "Ireland", "Spain"], "probs": [[0.5957391042693444, 0.22611701428115166, 0.058988563720964345, 0.11915531762853954], [0.41127768683626076, 0.2455819549564139, 0.11601334117603425, 0.22712701693129106], [0.44532841113694155, 0.20072097780610465, 0.24981863793131778, 0.104131973025636], [0.381821696286914, 0.47518478107332845, 0.050875347925881574, 0.09211817461387595]], "ideal": "A", "sampled": "A", "correct": true}}
{"type": "result", "data": {"idx": 78, "options": ["was approximately zero", "exceeded that of high income countries", "exceeded that of Britain during the industrial revolution", "was approximately 3.0% per year"], "probs": [[0.17978507697065435, 0.4519963292625753, 0.1444717708400396, 0.22374682282673075], [0.4698806124526893, 0.15986843942781365, 0.24378596280843212, 0.12646498521106492], [0.3827672486289858, 0.40747340295193624, 0.06447621987186175, 0.14528312844721622], [0.4630013487249653, 0.17301274762167101, 0.25571840114496813, 0.1082675024083956]], "ideal": "C", "sampled": "D", "correct": false}}
