{"type": "result", "data": {"idx": 0, "options": ["a force that works through matter", "essentially a philosophical notion", "merely a property of a certain kind of matter", "a supernatural phenomenon"], "probs": [[0.06847494349968182, 0.06332952019421463, 0.7362150823413887, 0.13198045386471494], [0.0230427541261428, 0.8250918599374717, 0.0330077617858236, 0.11885762405056186], [0.2991225928030526, 0.19312750715686275, 0.4284958711286287, 0.07925402881145593], [0.04038290325521586, 0.8500702232142197, 0.030483993823855544, 0.0790628796067089]], "ideal": "C", "sampled": "C", "correct": true}}
{"type": "result", "data": {"idx": 1, "options": ["In ancient Rome, religious worship was decentralized and tended to vary with one's social position.", "In ancient Rome, religious worship was the source of much social tension and turmoil.", "In ancient Rome, religious worship was homogeneous and highly centralized.", "In ancient Rome, religious worship was revolutionized by the introduction of Christianity."], "probs": [[0.30857148763431924, 0.30861505862964567, 0.24800330397986886, 0.1348101496561662], [0.20463112874872216, 0.297772577441581, 0.31700625067740834, 0.18059004303228848], [0.2506537045789306, 0.3822555995255072, 0.24682389767890942, 0.12026679811665278], [0.22831419448229676, 0.468521154901042, 0.1953194021285867, 0.10784524838807451]], "ideal": "A", "sampled": "A", "correct": true}}
{"type": "result", "data": {"idx": 2, "options": ["Many were accomplished scientists, who added important pieces to human understanding of the universe.", "They utilized new methods of communicating their ideas, such as salons and inexpensive printed pamphlets.", "Most rejected religion altogether and adopted atheism as the only credo of a rational man.", "Many believed that the new scientific discoveries justified a more tolerant and objective approach to social and cultural issues."], "probs": [[0.06352995962144745, 0.043683218883020035, 0.08159444328336976, 0.8111923781121627], [0.09866337550684168, 0.12474487068556676, 0.6538077640908398, 0.12278398961675176], [0.20929600365572357, 0.4035797419427385, 0.2410039634019504, 0.14612029089958753], [0.5373369614939081, 0.19773929408418509, 0.16395879278804773, 0.10096495153385905]], "ideal": "D", "sampled": "D", "correct": true}}
{"type": "result", "data": {"idx": 3, "options": ["The duke, as a member of the French nobility, is sympathetic to King Louis.", "The duke, as a member of the French nobility, is biased against the king because of his suppression of the nobility.", "The duke, as a member of the French nobility, supported the extension of the administrative, financial, military, and religious control of the central state over the French population.", "The duke, as a member of the French nobility, supported King Louis's preservation of the aristocracy's social position and legal privileges, while he removed their power."], "probs": [[0.204458740266698, 0.3069617702212668, 0.27093430947136105, 0.21764517994067412], [0.22118530176519968, 0.3168542541162799, 0.31691201101447947, 0.14504843300404097], [0.24618824924398372, 0.3754277098739695, 0.24242975899074015, 0.1359542817913066], [0.29585145684213043, 0.3199179660905142, 0.23777544423201818, 0.1464551327353371]], "ideal": "B", "sampled": "D", "correct": false}}
{"type": "result", "data": {"idx": 4, "options": ["that the lyrics from the popular song Deutschland \u00fcber alles (which eventually became the German national anthem) were the reason Germany started the war", "that the lyrics from the popular song Deutschland \u00fcber alles (which eventually became the German national anthem) were evidence of Germany's aggressive attitude", "that the reason Germany lost the war was that it was betrayed from within", "that Germany provided the ultimate framework for modern warfare"], "probs": [[0.27256145121124575, 0.35551270507540883, 0.15291528051421352, 0.2190105630991319], [0.3644236732483169, 0.2883016254703476, 0.18042937457036834, 0.16684532661096713], [0.2699998141555116, 0.27427060635345013, 0.16378476456187893, 0.2919448148291593], [0.2021076322341945, 0.20853296852409042, 0.36034409818968277, 0.22901530095203232]], "ideal": "B", "sampled": "B", "correct": true}}
{"type": "result", "data": {"idx": 5, "options": ["the Russian interest in French culture", "the spirit of camaraderie amongst the miners", "the sense of continual class struggle", "the need for noblesse oblige"], "probs": [[0.1593256497625736, 0.19525342013949148, 0.4910361771667004, 0.15438475283123448], [0.19715275162204626, 0.3684215898208194, 0.20032312272457445, 0.23410253573255987], [0.4320353140388434, 0.2620918970414599, 0.18017006871775929, 0.1257027201019374], [0.2684000690251399, 0.20266382092201896, 0.17886087030081174, 0.35007523965202936]], "ideal": "C", "sampled": "C", "correct": true}}
{"type": "result", "data": {"idx": 6, "options": ["the size of landed estates", "the number of estates owned by an individual", "the monetary value of goods", "the amount of gold held"], "probs": [[0.07529700194350179, 0.08270139677673413, 0.7605926194335508, 0.08140898174621328], [0.27585214990268664, 0.46199471786456825, 0.0868112240677216, 0.17534190806502345], [0.5129606898914841, 0.11269283860077141, 0.07745665421290097, 0.2968898171948435], [0.119428218288908, 0.10377501772628854, 0.15098893753411172, 0.6258078263506918]], "ideal": "C", "sampled": "C", "correct": true}}
{"type": "result", "data": {"idx": 7, "options": ["De las Casas was exaggerating to support the start of African slavery.", "Columbus was biased in favor of himself in his writings.", "Columbus's men were nicer to the natives than were later expeditions.", "De las Casas wanted the Spanish to leave the Americas."], "probs": [[0.28157838756638726, 0.28159725243617567, 0.23716438950961868, 0.19965997038781844], [0.28143496157201, 0.27279815888055564, 0.25234124813957604, 0.1934256313078583], [0.28022405919944504, 0.26741326251057806, 0.24734774598014092, 0.20501493220983594], [0.2803949671644469, 0.2634277602256001, 0.2634662350232254, 0.19271103748672755]], "ideal": "B", "sampled": "B", "correct": true}}
{"type": "result", "data": {"idx": 8, "options": ["the spread of revolutionary ideas among the British working class in the eighteenth century", "the rise of the Luddite movement in Britain in the eighteenth century", "the replacing of traditional laborers by machines in the industrialization of Britain in the eighteenth century", "an increase in the use of child labor in eighteenth-century Britain"], "probs": [[0.3508410155422322, 0.29551589486027996, 0.20965179798890726, 0.14399129150858062], [0.5480974316048888, 0.26719862219999524, 0.09093923865839418, 0.09376470743672186], [0.5834672233077342, 0.1546408923321961, 0.09986889734353942, 0.16202298691653036], [0.19130493698591253, 0.24190126357043726, 0.3359953164718326, 0.23079848287181762]], "ideal": "C", "sampled": "B", "correct": false}}
{"type": "result", "data": {"idx": 9, "options": ["Pride in the mastery of the military arts", "Chivalry", "Civic pride", "Patronage of the arts"], "probs": [[0.04153752793077187, 0.03782161816282424, 0.40664929400904776, 0.5139915597973561], [0.10275896637604232, 0.20436280963761425, 0.6295750736560671, 0.06330315023027629], [0.5311106808904212, 0.3885922699366726, 0.05426527188141218, 0.026031777191494007], [0.8238693812506185, 0.08031075031035553, 0.04232571819591048, 0.05349415014311552]], "ideal": "C", "sampled": "D", "correct": false}}
{"type": "result", "data": {"idx": 10, "options": ["Utopian socialism", "Social conservatism", "Romanticism", "Social Darwinism"], "probs": [[0.009603845133488716, 0.020333681632289963, 0.020651897798125145, 0.9494105753360962], [0.0055105275555004905, 0.017238306666230458, 0.9561320223464814, 0.02111914333178755], [0.010871582744461795, 0.9634679030666982, 0.016067462160079243, 0.009593051928760827], [0.7230772038628347, 0.1976857242123107, 0.0484464928251444, 0.03079057899971021]], "ideal": "D", "sampled": "D", "correct": true}}
{"type": "result", "data": {"idx": 11, "options": ["Establish control of European states by democracy in the tradition of the Enlightenment.", "Suppress all voices in government other than his own and control all aspects of his citizens' lives.", "Suppress all nationalist revolutions across the continent.", "Suppress all speech but that of monarchs and the churches that they approve of."], "probs": [[0.08392254574959233, 0.25450549475186734, 0.23538627604970394, 0.4261856833488364], [0.27916518335246227, 0.39371942929984954, 0.18891969122311522, 0.13819569602457296], [0.3435253900996658, 0.22886118972579417, 0.12443647158202327, 0.30317694849251675], [0.1456299275014206, 0.11887015401128345, 0.33339264985565303, 0.4021072685316429]], "ideal": "C", "sampled": "C", "correct": true}}
{"type": "result", "data": {"idx": 12, "options": ["the International Workingman's Association", "Pierre-Joseph Proudhon", "the Congress of Vienna", "the Paris Commune"], "probs": [[0.3961469772526568, 0.2810074137459652, 0.1962424490038804, 0.12660315989749762], [0.3506552733423205, 0.25662536573639383, 0.24882843710207123, 0.14389092371921444], [0.27306890891844593, 0.2526561059200847, 0.2776020508369669, 0.19667293422450252], [0.37717954333633763, 0.28038917506867983, 0.22189401420774824, 0.12053726728723425]], "ideal": "C", "sampled": "A", "correct": false}}
{"type": "result", "data": {"idx": 13, "options": ["Laissez-faire capitalism", "Mercantilism", "Industrialization", "Bullionism"], "probs": [[0.20397148720412975, 0.21719637187340926, 0.5049720330780619, 0.07386010774439909], [0.16120659053511546, 0.7341129292426464, 0.052349042922224615, 0.0523314372000135], [0.49096747130534, 0.19844366164509616, 0.24310783496062127, 0.06748103198894254], [0.2146112226654008, 0.4203350653674302, 0.15704745840733791, 0.20800625345983106]], "ideal": "B", "sampled": "C", "correct": false}}
{"type": "result", "data": {"idx": 14, "options": ["provoking fear to drive their readers to action", "attacking the extreme communists who threatened to sink the entire movement", "demonstrating the understanding of the others in point of fact", "explaining the reasons for debunking opponents of communism"], "probs": [[0.33370805280608795, 0.21213622705210156, 0.19016450925004985, 0.26399121079176063], [0.30149585005606255, 0.20085512099641686, 0.166516795737781, 0.33113223310973955], [0.2906355348128177, 0.24861336492833963, 0.21600855038415628, 0.2447425497746864], [0.3600946718108373, 0.21170747593472497, 0.13884555008878965, 0.289352302065648]], "ideal": "D", "sampled": "A", "correct": false}}
{"type": "result", "data": {"idx": 15, "options": ["the role of women in army regiments", "the running of a school for domestic servants", "the running of a school for girls", "the role of a woman in running her own domestic household"], "probs": [[0.056047956758557275, 0.03047613392678466, 0.03675894770300543, 0.8767169615116526], [0.006695554158580865, 0.0064893295228943, 0.9783523810684128, 0.008462735150111964], [0.0060627882504966125, 0.988242554741447, 0.003245275158813083, 0.0024493817492433363], [0.9032815862154985, 0.053406351304047334, 0.012885568902201765, 0.030426493478252412]], "ideal": "D", "sampled": "D", "correct": true}}
{"type": "result", "data": {"idx": 16, "options": ["observation and induction", "ancient textual authority", "experimentation", "deduction from first principles"], "probs": [[0.48565945109878467, 0.20892545823598044, 0.126752696814218, 0.1786623937510169], [0.16380524145499228, 0.20075398083246948, 0.2831687544548836, 0.35227202315765466], [0.22435339948745056, 0.29729219825137715, 0.34229558192800447, 0.13605882023316776], [0.3230171227356915, 0.5163051523966746, 0.06668409009120667, 0.0939936346764272]], "ideal": "A", "sampled": "A", "correct": true}}
{"type": "result", "data": {"idx": 17, "options": ["Sixteenth-century Spain", "Seventeenth-century Netherlands", "Eighteenth-century France", "Nineteenth-century Prussia"], "probs": [[0.28784630128614, 0.29239204958721754, 0.24243072034126215, 0.17733092868538022], [0.37970023060668356, 0.29572374947647273, 0.17117220926833018, 0.15340381054851346], [0.3924661517873414, 0.24180692071572454, 0.14898782745022077, 0.21673909994671328], [0.24702257283575582, 0.2470392174330557, 0.24706077941362237, 0.2588774302175661]], "ideal": "D", "sampled": "C", "correct": false}}
{"type": "result", "data": {"idx": 18, "options": ["Converting the natives to Christianity", "Financial gain", "Personal glory", "Finding new mates"], "probs": [[0.26346096982692774, 0.6420855665030984, 0.05880134311031409, 0.03565212045965974], [0.3607353596970789, 0.22579006656310582, 0.17313969333677906, 0.24033488030303624], [0.20022996661359588, 0.1584097695666163, 0.4804789280268208, 0.16088133569296706], [0.18548108635478106, 0.3306928872731441, 0.3747989832980151, 0.10902704297405975]], "ideal": "A", "sampled": "B", "correct": false}}
{"type": "result", "data": {"idx": 19, "options": ["resulted from Germany's defeat in World War II", "was unaffected by Germany's defeat in World War II", "was proven correct by Germany's defeat in World War II", "was discredited by Germany's defeat in World War II"], "probs": [[0.38849043756492546, 0.33754646309416114, 0.14979679506985405, 0.12416630417105935], [0.2790081715600381, 0.287881037925273, 0.2501345500059765, 0.1829762404087124], [0.3727396615150461, 0.30902498036438536, 0.1628559779106846, 0.15537938010988395], [0.432178295094937, 0.30172667353901, 0.14032496719633433, 0.12577006406971866]], "ideal": "D", "sampled": "D", "correct": true}}
{"type": "result", "data": {"idx": 20, "options": ["Expertise with multiple languages", "Being strong and attractive", "Expertise with many kinds of weapons", "Ability to write poetry and prose"], "probs": [[0.4679875233901194, 0.2013610690225147, 0.14736587858616243, 0.18328552890120348], [0.34952486975609914, 0.22931431696591, 0.2188563546830746, 0.2023044584949163], [0.29844602182846175, 0.2288833132815444, 0.31785800437863043, 0.1548126604113634], [0.3616306781407168, 0.23358492550898252, 0.1819550096806723, 0.22282938656962836]], "ideal": "C", "sampled": "A", "correct": false}}
{"type": "result", "data": {"idx": 21, "options": ["The Renaissance", "The Reformation", "The Scientific Revolution", "The Enlightenment"], "probs": [[0.905408890783429, 0.06767089900597241, 0.022315413536906158, 0.0046047965736924065], [0.22174207781369082, 0.45499536221024, 0.2847304631308703, 0.038532096745198835], [0.37208484629324823, 0.463082331217799, 0.1347644144782109, 0.030068407910741873], [0.4396721728445356, 0.5221312651300795, 0.030391633564159266, 0.007804928361225695]], "ideal": "A", "sampled": "A", "correct": true}}
{"type": "result", "data": {"idx": 22, "options": ["Faced with an unprecedented number of social and technological changes, the twentieth century embraced innovation as one of the most valued characteristics of life.", "Overwhelmed by the unprecedented number of social and technological changes, the twentieth century sought refuge in the longstanding traditions of the past.", "After the devastation of World Wars I and II erased the possibility of finding a unified meaning to life, philosophers occupied themselves with finding small differences between the philosophies of past thinkers.", "Nihilists typically find ways to doubt the postulations of those who came before them."], "probs": [[0.3260842166191824, 0.3111715819771379, 0.25005819645830235, 0.11268600484537732], [0.31519498948290603, 0.25329017259195485, 0.19728368224788262, 0.23423115557725646], [0.26672106581164895, 0.23174748967136857, 0.3320014724995271, 0.16952997191745536], [0.25034065917168985, 0.25429772242578935, 0.29733096785335966, 0.1980306504491611]], "ideal": "A", "sampled": "A", "correct": true}}
{"type": "result", "data": {"idx": 23, "options": ["shared their ancestors' guilt for the Holocaust", "had a responsibility to remember the Holocaust", "shared in the responsibility for the Holocaust", "had no responsibility where the Holocaust was concerned"], "probs": [[0.06789248486594295, 0.8804681961882915, 0.027433755077910016, 0.02420556376785548], [0.6894049355922385, 0.17984994558010822, 0.03889733726428413, 0.0918477814633692], [0.026973038453230583, 0.016619571418419, 0.02036080056616907, 0.9360465894621813], [0.014051316396194013, 0.01519257491893762, 0.9548366131087127, 0.01591949547615566]], "ideal": "B", "sampled": "B", "correct": true}}
{"type": "result", "data": {"idx": 24, "options": ["Denmark", "Finland", "France", "Poland"], "probs": [[0.09033815831050378, 0.12940104690095333, 0.33564696712853676, 0.4446138275600061], [0.09586413805920674, 0.15317944952536494, 0.6551153561545646, 0.09584105616086372], [0.16809068618524017, 0.6245412825913544, 0.14155223964229313, 0.0658157914811122], [0.38676677302923795, 0.21359217801319008, 0.21696647155995527, 0.18267457729761669]], "ideal": "D", "sampled": "D", "correct": true}}
{"type": "result", "data": {"idx": 25, "options": ["It had weakened to the point of irrelevance.", "It had become a core principle of European culture.", "It had been refined and changed by so many people that it had become unrecognizable to those such as Bacon who had pioneered it.", "It had stagnated to the point that the common person had begun to search for a new organizing principle of life."], "probs": [[0.23735256490718057, 0.4366450309316773, 0.18204461036292194, 0.14395779369822018], [0.3267062652783659, 0.28837132880741506, 0.2281657640134479, 0.15675664180077115], [0.2414532678644821, 0.19406118408702774, 0.2131491686742193, 0.35133637927427086], [0.23980839608843757, 0.2218308763383003, 0.36014751429845443, 0.1782132131748077]], "ideal": "B", "sampled": "B", "correct": true}}
{"type": "result", "data": {"idx": 26, "options": ["Placing his relatives on foreign thrones", "Changing the criminal code of France", "Financial mismanagement", "Curtailment of citizens' rights"], "probs": [[0.1910778375947777, 0.1584461731023243, 0.3151410127819046, 0.3353349764209934], [0.2964974001275426, 0.25764968604775157, 0.2420883887452928, 0.20376452497941308], [0.3316474556591265, 0.19500637052493294, 0.1518898606148464, 0.3214563131010941], [0.29812401215349726, 0.15468597303446768, 0.2396294241572681, 0.3075605905547669]], "ideal": "D", "sampled": "C", "correct": false}}
{"type": "result", "data": {"idx": 27, "options": ["was necessary for the German people to become reconciled to their own history", "hindered the healing process for the German people", "would ensure that it never occurred again", "would allow the Jews to forgive the German people"], "probs": [[0.1961986930681356, 0.13914025696583798, 0.44918812288971516, 0.21547292697631126], [0.05978318831651481, 0.09260716529847776, 0.022342071517537386, 0.82526757476747], [0.16585946081410252, 0.14188094435703535, 0.450945377304759, 0.24131421742410314], [0.2201838707758503, 0.23441199164466367, 0.1466953648985367, 0.3987087725809493]], "ideal": "A", "sampled": "A", "correct": true}}
{"type": "result", "data": {"idx": 28, "options": ["The elimination of the Black Plague in Europe during the seventeenth century", "The elimination of fallow fields through the agricultural revolution during the seventeenth century", "The creation of a strong putting-out system that allowed people to be paid for their work", "A declining population during the seventeenth century that led to better food yields and less hunger as Europe urbanized"], "probs": [[0.14328316066148286, 0.15018831415743258, 0.2719728986940938, 0.43455562638699075], [0.2735555971554247, 0.2530282924092325, 0.31006666344780465, 0.16334944688753805], [0.310322648976806, 0.2825872985298499, 0.2035650161029222, 0.20352503629042185], [0.24168603529512833, 0.18824992230515047, 0.2739337559992134, 0.29613028630050786]], "ideal": "B", "sampled": "D", "correct": false}}
{"type": "result", "data": {"idx": 29, "options": ["Medievalism", "Empiricism", "Rationalism", "Romanticism"], "probs": [[0.17937349068545605, 0.2529997357696792, 0.46544983837533216, 0.10217693506953261], [0.28312554530761286, 0.5902402908474009, 0.08114090440145981, 0.04549325934352637], [0.645250616478525, 0.2062780892295275, 0.09297519262473598, 0.05549610156721147], [0.13602620564570053, 0.1566089414888316, 0.1859673140156166, 0.5213975387498513]], "ideal": "C", "sampled": "C", "correct": true}}
{"type": "result", "data": {"idx": 30, "options": ["an independent society for the study of natural philosophy in the seventeenth century", "the study of natural philosophy in the royal courts in the seventeenth century", "new universities for the study of natural philosophy in the seventeenth century", "the study of natural philosophy in the Church in the seventeenth century"], "probs": [[0.5010220407938614, 0.19931377468500178, 0.13701033590854017, 0.16265384851259662], [0.11223511221935877, 0.053868434628279574, 0.0547113410937855, 0.7791851119585762], [0.25995476213276025, 0.17320098755420194, 0.2900957296541391, 0.27674852055889865], [0.3124450715003567, 0.41400499789694956, 0.1114462646712101, 0.1621036658314836]], "ideal": "A", "sampled": "A", "correct": true}}
{"type": "result", "data": {"idx": 31, "options": ["he had more support from the Church", "he wrote in a language that was understandable to the masses, unlike his predecessors", "he wrote exclusively about religious matters", "he valued educating the masses more than his predecessors had"], "probs": [[0.2459780759264133, 0.38704580641460995, 0.13588601551911383, 0.2310901020398629], [0.3486927307209097, 0.24728920668673648, 0.27167166491138695, 0.1323463975809668], [0.23052228469654268, 0.368426970316277, 0.11415002238763747, 0.2869007224995428], [0.3322662015741735, 0.2547846360314026, 0.28879519433485773, 0.12415396795956612]], "ideal": "D", "sampled": "B", "correct": false}}
{"type": "result", "data": {"idx": 32, "options": ["Calvinists believed that the state is absolutely subordinate to the religious organization.", "Calvinists believed in consubstantiation while Lutherans believed in transubstantiation.", "Lutherans used the reformed faith to their political advantage to break free from domination from the pope and the Holy Roman Empire.", "Lutherans insisted upon maintaining all of the seven sacraments while the Calvinists chose to honor only two of them."], "probs": [[0.336068098750901, 0.27005860609183124, 0.25380635637198523, 0.14006693868528255], [0.2870452573439166, 0.2915972340591464, 0.2271601008921154, 0.19419740760482163], [0.31394173288446625, 0.24451460338853717, 0.3044279379348934, 0.13711572569210312], [0.2851836468048909, 0.28080622195792176, 0.24405991265895913, 0.18995021847822818]], "ideal": "A", "sampled": "A", "correct": true}}
{"type": "result", "data": {"idx": 33, "options": ["laid the foundation for the Florentine Academy", "permanently reconciled the differences between the Eastern and Western churches", "accelerated the rediscovery of classical philosophy in Western Europe", "allowed the Byzantines to learn from Florentine scholarship"], "probs": [[0.15207145086911225, 0.17779526410591823, 0.6015946461079547, 0.06853863881701484], [0.15034819129741445, 0.7400874594545332, 0.06075551697898582, 0.04880883216906644], [0.6866047560714275, 0.17912047076610874, 0.0723782647576368, 0.06189650830482705], [0.3136347029382682, 0.2900832381579244, 0.14817341112125587, 0.24810864768255153]], "ideal": "C", "sampled": "C", "correct": true}}
{"type": "result", "data": {"idx": 34, "options": ["society can be perfected if you apply the scientific method to it", "a people without a strong central authority are doomed to live in a state of nature", "the only purpose of a government is to secure the rights of life, liberty, and property", "only free markets can lead nations to wealth and happiness"], "probs": [[0.3546086934087498, 0.23999124822653015, 0.18693587557974445, 0.21846418268497558], [0.26828782366738985, 0.2600831544188742, 0.21564362736236078, 0.25598539445137514], [0.30159170780705175, 0.2662096142298332, 0.20097782614208368, 0.23122085172103135], [0.3256593595766303, 0.3360666880261601, 0.14683560806779555, 0.19143834422941408]], "ideal": "A", "sampled": "A", "correct": true}}
{"type": "result", "data": {"idx": 35, "options": ["To prevent England's colonies from being bombarded with cheap goods manufactured by their mainland European competitors", "To reclaim domination of the slave trade from Portugal in order to meet the growing need for slaves for sugar plantations in the English Caribbean colonies", "To end Dutch domination of maritime trade by limiting their ability to move goods between England and her colonies as well as goods to and from England from other countries", "To extricate the French from the Atlantic sea trade as well as the cod and whaling industries which at this time were dominated by the French"], "probs": [[0.1544636212800001, 0.1593712591871878, 0.5477307519920914, 0.13843436744072066], [0.24174712546715385, 0.4446932342020966, 0.17145636207870876, 0.14210327815204074], [0.4178977670534447, 0.20690097221005682, 0.17154288545834542, 0.20365837517815302], [0.12756477770292568, 0.09334746349963866, 0.07859803283166318, 0.7004897258657725]], "ideal": "C", "sampled": "C", "correct": true}}
{"type": "result", "data": {"idx": 36, "options": ["chose to become a socialist because he was appalled by the great waste of resources and general misery caused by modern society", "chose to become a socialist because of the persuasiveness of Marx's arguments", "rejected socialism because it produced nothing but ugly confusion", "rejected socialism because of a deep love of the Earth and the life on it"], "probs": [[0.6226646860213501, 0.17293591851673956, 0.08561595548869928, 0.11878343987321104], [0.1428103063623985, 0.11846417717035908, 0.11842287114968733, 0.6203026452175551], [0.1470841401481705, 0.18311553373075323, 0.4978839830012144, 0.17191634301986186], [0.18862943349382474, 0.5129156112157983, 0.14928486941752087, 0.14917008577285612]], "ideal": "A", "sampled": "A", "correct": true}}
{"type": "result", "data": {"idx": 37, "options": ["Converting the natives to Christianity", "Financial gain", "Personal glory", "Finding new mates"], "probs": [[0.1899052078178781, 0.716821004984572, 0.05703419639013668, 0.03623959070741326], [0.4158998131336114, 0.2407556324956464, 0.14378346501343078, 0.19956108925731134], [0.2071328697255882, 0.18862293096614346, 0.4185747379070746, 0.1856694613011937], [0.1741225959101404, 0.30562840502930255, 0.398704996597645, 0.121544002362912]], "ideal": "B", "sampled": "B", "correct": true}}
{"type": "result", "data": {"idx": 38, "options": ["Napoleon's secret police", "Napoleon's domestic reforms", "Napoleon's suppression of women's rights", "Napoleon's military tactics"], "probs": [[0.2526664288188532, 0.319411147765831, 0.1631372072019284, 0.26478521611338734], [0.2044352590833315, 0.19814795253679532, 0.4753521680356557, 0.12206462024421749], [0.21898102758125132, 0.19939702747258348, 0.15287953613659802, 0.42874240870956715], [0.19101279687442388, 0.1419508435889563, 0.535765580246433, 0.13127077919018681]], "ideal": "B", "sampled": "B", "correct": true}}
{"type": "result", "data": {"idx": 39, "options": ["Nicolaus Copernicus", "Johannes Kepler", "Galileo Galilei", "Josef Pilsudski"], "probs": [[0.5892496847149186, 0.23435311584548796, 0.15860681618260866, 0.017790383156984797], [0.2562742790878697, 0.42911964011193193, 0.29039683502397456, 0.02420924567622377], [0.203924147355242, 0.22746416712266818, 0.5457356520779855, 0.0228760333441043], [0.2412940033595144, 0.5609736849970307, 0.1684637907121469, 0.029268520831307925]], "ideal": "A", "sampled": "A", "correct": true}}
{"type": "result", "data": {"idx": 40, "options": ["Jean-Jacques Rousseau because he thought society corrupted noble souls.", "Baron Montesquieu because he thought that governments were not capable of being fair.", "Mary Wollstonecraft because she railed against the subjugation of women emotionally.", "Adam Smith because he stated that reason could not be used to understand how another feels."], "probs": [[0.2728378989173951, 0.2262192747897404, 0.24462962909190447, 0.25631319710095996], [0.13002245029980256, 0.11123130386528204, 0.13843200996302057, 0.6203142357718948], [0.18466600223524454, 0.1876035276581937, 0.35051571274722076, 0.277214757259341], [0.20350729533506745, 0.3008190780821352, 0.1853531803110611, 0.3103204461717362]], "ideal": "A", "sampled": "A", "correct": true}}
{"type": "result", "data": {"idx": 41, "options": ["They are \"exiled sons\" of the British race.", "While \"savage,\" they fight wars for the sake of a lasting peace.", "They are ready for conversion to Christianity.", "They are the product of a less-civilized and less-developed civilization."], "probs": [[0.14583190435941595, 0.15286392655321848, 0.16788107905561636, 0.5334230899317493], [0.14154573865441164, 0.16810209283162728, 0.46417858927365613, 0.22617357914030495], [0.13771523328662777, 0.5798874410423785, 0.14892844632375407, 0.13346887924723963], [0.4212758022950226, 0.2941388930162779, 0.16761041301844626, 0.11697489157025329]], "ideal": "D", "sampled": "D", "correct": true}}
{"type": "result", "data": {"idx": 42, "options": ["Thomas Malthus", "Josiah Child", "Adam Smith", "Jean-Baptiste Colbert"], "probs": [[0.24840456254355214, 0.304345291563517, 0.3614303551890412, 0.08581979060388968], [0.30547020063825137, 0.48061412926140007, 0.14889046659240196, 0.0650252034079466], [0.39481872316226985, 0.35392168160714016, 0.16981144247741126, 0.08144815265317873], [0.3225345611249731, 0.2287315279016645, 0.2591665088871235, 0.18956740198623886]], "ideal": "C", "sampled": "C", "correct": true}}
{"type": "result", "data": {"idx": 43, "options": ["a restructuring of the socialist society of the Soviet Union was inevitable", "a restructuring of the socialist society of the Soviet Union would exacerbate the current situation", "a restructuring of the socialist society of the Soviet Union was necessary in order to avoid a crisis", "a restructuring of socialist society was necessary in order to avoid the collapse of the Soviet Union"], "probs": [[0.46516539255600486, 0.20968494682346187, 0.19394420997515385, 0.13120545054537944], [0.21307906823827502, 0.29585198005835045, 0.2340452556680829, 0.2570236959352916], [0.34070786322661767, 0.29603182825418617, 0.19721118809976204, 0.16604912031943414], [0.4073031478143893, 0.31231495922825236, 0.12818184837771499, 0.15220004447964333]], "ideal": "C", "sampled": "A", "correct": false}}
{"type": "result", "data": {"idx": 44, "options": ["it represented the introduction of weaponry produced by large-scale industrialization", "it advocated the total extinction of a nation's enemies", "it was war run by a committee", "it advocated total war"], "probs": [[0.186551786051582, 0.13654142006426195, 0.1453639799793443, 0.5315428138048117], [0.13445198935272823, 0.13876063043758355, 0.45519973199583097, 0.2715876481138572], [0.24985298138681367, 0.25386936604834215, 0.29233984463002793, 0.20393780783481627], [0.3626579858094184, 0.24163366801907266, 0.16874718180084652, 0.22696116427066246]], "ideal": "D", "sampled": "D", "correct": true}}
{"type": "result", "data": {"idx": 45, "options": ["Luddites", "Liberals", "Benthamites", "Chartists"], "probs": [[0.17658235219581558, 0.30522227032907767, 0.2130461227423997, 0.30514925463270703], [0.19861733911435459, 0.251158893083252, 0.38295039530739283, 0.16727337239500056], [0.28350103766608636, 0.3816404355948668, 0.18309016649902568, 0.15176836014002112], [0.3764959292857905, 0.2629154426404594, 0.22841062927863026, 0.13217799869511984]], "ideal": "D", "sampled": "D", "correct": true}}
{"type": "result", "data": {"idx": 46, "options": ["Secularism", "Individualism", "Humanism", "Perspective"], "probs": [[0.07652850173661851, 0.14982492651078647, 0.7492003900620909, 0.0244461815905041], [0.1903107474757638, 0.7411944310810245, 0.04314415553047542, 0.025350665812736366], [0.7796684458582528, 0.14202887823706914, 0.037631115741957155, 0.04067156006272089], [0.14106540590701597, 0.1869433102859371, 0.14785038153615854, 0.5241409021708884]], "ideal": "C", "sampled": "C", "correct": true}}
{"type": "result", "data": {"idx": 47, "options": ["Metternich's statement about the military despotism of Bonaparte led to the elimination of all empires in Europe.", "Metternich's statement about fulfilling duties indicated his support for the Holy Alliance that controlled the fate of Europe.", "Metternich's statement about the unity of monarchs alludes to the creation of the Concert of Europe.", "Metternich's disgust for secret societies led to the creation of the Carlsbad Decrees."], "probs": [[0.14867264473956174, 0.2096689703752231, 0.4953104702725555, 0.1463479145126597], [0.28261889741192286, 0.3629500703322004, 0.21008234274898668, 0.14434868940689002], [0.3182691775660465, 0.2557689363597389, 0.23291706587654526, 0.19304482009766935], [0.17880768272842457, 0.18164520641930967, 0.29486666788788407, 0.34468044286438165]], "ideal": "C", "sampled": "C", "correct": true}}
{"type": "result", "data": {"idx": 48, "options": ["Conservatism", "Anarchism", "Liberalism", "Socialism"], "probs": [[0.09134284810766412, 0.15782185799458967, 0.6440519449941513, 0.10678334880359497], [0.1454937395602251, 0.7050502719800111, 0.10644973702854776, 0.04300625133121603], [0.47883661380228576, 0.36713997893610767, 0.10195398709477135, 0.05206942006683526], [0.14301349327783286, 0.13227062024545158, 0.11313664251281431, 0.6115792438639013]], "ideal": "C", "sampled": "C", "correct": true}}
{"type": "result", "data": {"idx": 49, "options": ["Financial problems caused by debts and low revenues.", "The legal system of France was not equitable.", "The proliferation of Enlightenment ideals.", "There was a lot of social and political inequality in France in 1789."], "probs": [[0.39999188776808864, 0.2793385898984702, 0.2466967628143865, 0.07397275941905467], [0.4237141938360572, 0.2611399610164389, 0.22352817818915868, 0.09161766685834523], [0.4260516806384041, 0.25451554328545634, 0.2355547555714875, 0.0838780204046521], [0.3729104593796141, 0.2645376164332982, 0.2606297569044693, 0.10192216718261833]], "ideal": "A", "sampled": "B", "correct": false}}
{"type": "result", "data": {"idx": 50, "options": ["the failure to bring about a change in the ruling class", "the demonstration of the power of ideas", "the discrediting of both conservative and liberal political ideology", "the creation of the idea of a modern police force"], "probs": [[0.13294223147705303, 0.1995876311994824, 0.5259710628158052, 0.14149907440765933], [0.0848263719233506, 0.5707801537331861, 0.13771553233590783, 0.20667794190755542], [0.23012675514100525, 0.1291143605662988, 0.1139460884959752, 0.5268127956967207], [0.05883996144317071, 0.06263708672625906, 0.7752825454191373, 0.10324040631143286]], "ideal": "C", "sampled": "B", "correct": false}}
{"type": "result", "data": {"idx": 51, "options": ["Welfare programs were questioned after the First World War.", "Housing was a large part of the British budget.", "Workers were threatening communist revolution.", "The government Housing Board wanted to build more houses."], "probs": [[0.32882741090347284, 0.3288599252371946, 0.19640332458439408, 0.14590933917493848], [0.325528144803873, 0.2964269518555807, 0.21690496800160966, 0.16113993523893666], [0.3332153806662669, 0.3229973854544659, 0.19593386319807807, 0.1478533705811892], [0.3443034342228301, 0.2899571104051358, 0.20563945478587495, 0.16010000048615913]], "ideal": "A", "sampled": "D", "correct": false}}
{"type": "result", "data": {"idx": 52, "options": ["A historian writing at the end of World War II might be inclined to look for, and find, the origins of perceived German belligerence.", "A historian writing in 1945 would be dead now, and therefore, his analysis is irrelevant.", "Historical analysis written in 1945 is \"out of date,\" and one should look for a more recent book.", "A historian writing at the end of World War II would be looking for the origins of the Cold War."], "probs": [[0.6591995904740153, 0.17743086680909764, 0.06841102935873548, 0.09495851325815152], [0.15460422172775903, 0.17520757985724572, 0.3325089414827628, 0.3376792568322325], [0.17718171807571106, 0.30141984964247576, 0.34697412924017557, 0.17442430294163758], [0.41198222904297543, 0.3993335872638186, 0.10097509395867178, 0.08770908963453412]], "ideal": "A", "sampled": "A", "correct": true}}
{"type": "result", "data": {"idx": 53, "options": ["Henry IV was a Catholic", "Henry IV was a Protestant", "prior to 1598, France had been free of religious conflict", "prior to 1598, France was stricken with religious conflict"], "probs": [[0.2444306608450755, 0.3670293013103919, 0.17615755950582124, 0.21238247823871134], [0.17934828994864843, 0.20969824490834382, 0.4371300935308109, 0.17382337151219682], [0.21649058322299194, 0.5113338269626411, 0.12338642121650545, 0.14878916849786158], [0.31665780193447085, 0.24664566673418067, 0.2354080755651601, 0.20128845566618836]], "ideal": "D", "sampled": "D", "correct": true}}
{"type": "result", "data": {"idx": 54, "options": ["anarchism", "materialism", "conservatism", "romanticism"], "probs": [[0.02440551249153772, 0.9597532701881355, 0.009860705216764087, 0.005980512003562726], [0.7971465406516691, 0.1342612425835928, 0.03670459431737303, 0.03188762234736508], [0.08537044961324373, 0.08671657578680418, 0.042925539553985106, 0.784987434945967], [0.031157752490370182, 0.0453323599848929, 0.8964430031144035, 0.02706688431033335]], "ideal": "B", "sampled": "B", "correct": true}}
{"type": "result", "data": {"idx": 55, "options": ["Universal suffrage", "Universal male suffrage", "Universal health care", "Social security and unemployment insurance"], "probs": [[0.6503487727833809, 0.2841380493932237, 0.035566318246647716, 0.02994685947674767], [0.8315219413669775, 0.047652938529576166, 0.013441457592015415, 0.10738366241143087], [0.00785412322233368, 0.007731942553980972, 0.9664378297745075, 0.017976104349177756], [0.08239101095922718, 0.8065637434525986, 0.050766222684128094, 0.06027902280404609]], "ideal": "B", "sampled": "A", "correct": false}}
{"type": "result", "data": {"idx": 56, "options": ["the French Republic", "the Committee of Public Safety", "war against the Coalition", "mass conscription"], "probs": [[0.14108244863108937, 0.10989111497061578, 0.15497520333505832, 0.5940512329632365], [0.12165492479981332, 0.1295096624330436, 0.43819479782203313, 0.3106406148451099], [0.20734590653604215, 0.32622492246568613, 0.1830187454355397, 0.283410425462732], [0.22198189629019532, 0.17837613980356215, 0.16499583682289046, 0.4346461269833521]], "ideal": "D", "sampled": "D", "correct": true}}
{"type": "result", "data": {"idx": 57, "options": ["Neoplatonism", "Antitrinitarianism", "Pietism", "Rationalism"], "probs": [[0.30160349604451614, 0.27462175485725765, 0.2878435849855589, 0.13593116401266725], [0.20628414478105433, 0.2648899971379689, 0.3977170465958432, 0.13110881138513353], [0.3511304154304083, 0.34570982018501073, 0.19094451690956293, 0.11221524737501802], [0.4145464022719743, 0.333115346711061, 0.15984917103657129, 0.0924890798803934]], "ideal": "A", "sampled": "D", "correct": false}}
{"type": "result", "data": {"idx": 58, "options": ["the Boxer Rebellion", "a treaty between China and colonial India", "the elimination of British Corn Laws", "the British forcing the Chinese to participate in the opium trade"], "probs": [[0.35179959840830427, 0.3253728046910119, 0.11601825748822756, 0.2068093393124563], [0.09537608494209777, 0.15481891534483852, 0.4694879738745898, 0.28031702573847395], [0.082395460406444, 0.8321897162643733, 0.04997764378186371, 0.035437179447318966], [0.8473249641430745, 0.11831694796125221, 0.017045330191020343, 0.01731275760465304]], "ideal": "D", "sampled": "D", "correct": true}}
