{"type": "result", "data": {"idx": 0, "options": ["Offerings", "Prayers", "Apparitions", "Idols"], "probs": [[0.3422464378991244, 0.2352221721887481, 0.19808001519129712, 0.22445137462083037], [0.13531082060707603, 0.12711115912649534, 0.6064320440620501, 0.13114597610437856], [0.09501226227709428, 0.8737226707476559, 0.015510577678040982, 0.015754489197208916], [0.7916648682035415, 0.11952335086474224, 0.03820252560451539, 0.050609255227200764]], "ideal": "D", "sampled": "D", "correct": true}}
{"type": "result", "data": {"idx": 1, "options": ["Daoism", "Yin-Yang School", "Mengzi", "Humanistic Buddhism"], "probs": [[0.6984588011171151, 0.1292028744270773, 0.06008644490962046, 0.11225187944618717], [0.4642596196470605, 0.14838715280694406, 0.12692553348124846, 0.260427693964747], [0.16041088278090426, 0.10853929672100354, 0.4864533442443918, 0.2445964761537004], [0.35063608954863, 0.3046421660976621, 0.1790928813771195, 0.1656288628765884]], "ideal": "B", "sampled": "A", "correct": false}}
{"type": "result", "data": {"idx": 2, "options": ["325 CE", "119 CE", "451 CE", "596 CE"], "probs": [[0.30190293347362823, 0.27922002726474804, 0.19799891997379082, 0.22087811918783293], [0.2645181158593739, 0.24464364711943076, 0.2815874558642172, 0.20925078105697814], [0.21078545714936447, 0.42580373802088206, 0.20430528506663978, 0.15910551966311368], [0.5084871573463148, 0.19300393470676003, 0.14342942618739657, 0.15507948165952856]], "ideal": "D", "sampled": "D", "correct": true}}
{"type": "result", "data": {"idx": 3, "options": ["Akitu", "Wag and Thoth", "Bast", "Nehebkau"], "probs": [[0.8695410971837662, 0.07962732657479822, 0.020133265960935953, 0.03069831018049964], [0.20804979060036982, 0.14299272105897595, 0.06546687382897878, 0.5834906144116755], [0.02983486237967181, 0.04077668921270698, 0.8995563892086846, 0.029832059098936582], [0.05753961011804787, 0.9142453950542112, 0.014548468866320479, 0.013666525861420418]], "ideal": "A", "sampled": "A", "correct": true}}
{"type": "result", "data": {"idx": 4, "options": ["Zazen", "Tariki", "Kami", "Ikebana"], "probs": [[0.024638724543322686, 0.012008253953472981, 0.024257487632529672, 0.9390955337706747], [0.03953008032327202, 0.01597104987304641, 0.9282767892779802, 0.016222080425701377], [0.05293409246957302, 0.9237359924724311, 0.013384065826293218, 0.009945849131702638], [0.9660686298559473, 0.01913234463766503, 0.006309364332687233, 0.008489661073700364]], "ideal": "D", "sampled": "D", "correct": true}}
{"type": "result", "data": {"idx": 5, "options": ["Harmony and balance", "Devotion and piety", "Love and passion", "Goodwill and love"], "probs": [[0.6849489313416528, 0.20566450363821256, 0.040499210957101364, 0.06888735396303323], [0.8338013212871347, 0.05674217587940916, 0.029438541925003416, 0.0800179608084527], [0.4719355263257301, 0.13950612723904157, 0.17913570464441822, 0.2094226416908101], [0.6638675081592967, 0.11181579367227695, 0.10341643335317821, 0.12090026471524802]], "ideal": "A", "sampled": "B", "correct": false}}
{"type": "result", "data": {"idx": 6, "options": ["Shabad", "Khalse", "Nam", "Guru"], "probs": [[0.8887586642402432, 0.05593569979966446, 0.02190529753368322, 0.03340033832640918], [0.1136836543251555, 0.14826963123602702, 0.21239040407450627, 0.5256563102643113], [0.11110025415556982, 0.18898234872342692, 0.6700165729855121, 0.029900824035491137], [0.2117373158619912, 0.7275799972659691, 0.03247177540052483, 0.028210911371514807]], "ideal": "A", "sampled": "A", "correct": true}}
{"type": "result", "data": {"idx": 7, "options": ["Muhammad's miraculous ascent to heaven", "Muhammad's migration to Mecca", "Muhammad's first community in Mecca", "Muhammad's revelations of the Qur'an"], "probs": [[0.9457843261611273, 0.016273475273960822, 0.006081085076979742, 0.03186111338793215], [0.011765359417643808, 0.007362627704699691, 0.3385130295927512, 0.6423589831849053], [0.00484646704399822, 0.006728542326836235, 0.9235825296868758, 0.06484246084228967], [0.11069587799789676, 0.830835113940714, 0.016454088947830032, 0.042014919013559256]], "ideal": "A", "sampled": "A", "correct": true}}
{"type": "result", "data": {"idx": 8, "options": ["Laws of Dharma", "Laws of Karma", "Laws of Vishnu", "Laws of Manu"], "probs": [[0.07088700588789813, 0.020629694414296358, 0.10979495798338339, 0.7986883416144221], [0.01588149482393776, 0.010745635696044236, 0.9523342412275877, 0.021038628152430256], [0.08220284906006435, 0.8565757768375092, 0.035355402332021564, 0.02586597167040492], [0.9094393851622872, 0.030162004647237298, 0.01917253495740138, 0.04122607513307419]], "ideal": "D", "sampled": "D", "correct": true}}
{"type": "result", "data": {"idx": 9, "options": ["The Holy Book", "The Narrative", "The Recitation", "The Pillars"], "probs": [[0.3231065522838401, 0.2363886797729871, 0.3493704445404555, 0.09113432330271727], [0.1898772673891463, 0.7054912289534313, 0.03797908787096284, 0.06665241568645953], [0.11821977136010715, 0.06528557139940055, 0.7019159249402208, 0.11457873220027151], [0.048040667292015345, 0.8924165666393693, 0.019716446015681156, 0.03982631995293424]], "ideal": "C", "sampled": "A", "correct": false}}
{"type": "result", "data": {"idx": 10, "options": ["Mother of Light", "Father of Goodness", "Ineffable Lover", "Eternal Spirit"], "probs": [[0.3975349009006811, 0.1764103594780828, 0.20305564694973335, 0.22299909257150272], [0.30520771315060446, 0.20977390748134186, 0.21984719720581505, 0.26517118206223866], [0.35533836480402, 0.19020567832475233, 0.202480599263924, 0.2519753575073037], [0.2894166793956029, 0.22895733202067253, 0.17831779055951402, 0.30330819792421054]], "ideal": "B", "sampled": "A", "correct": false}}
{"type": "result", "data": {"idx": 11, "options": ["Bushido", "Shinto", "Nichiren", "Soto Zen"], "probs": [[0.12054483707672518, 0.20828093990115762, 0.39525223693198974, 0.27592198599012746], [0.12045541521307356, 0.2889560906099458, 0.44754833624627255, 0.14304015783070806], [0.4490773811212339, 0.2991504758044092, 0.15764216056803468, 0.0941299824063222], [0.6465159623817734, 0.14653016696230423, 0.0946076197090085, 0.11234625084691385]], "ideal": "D", "sampled": "D", "correct": true}}
{"type": "result", "data": {"idx": 12, "options": ["Sangat", "Langar", "Gurdwara", "Panth"], "probs": [[0.049855429106220595, 0.843220466047946, 0.08614197918065372, 0.020782125565179693], [0.9490671960070153, 0.029110545959333198, 0.011761977785462556, 0.010060280148189011], [0.9104793204026852, 0.027493847870751084, 0.020753986931046874, 0.04127284469551687], [0.011125541683544625, 0.06502680909971122, 0.883786218192634, 0.04006143092411014]], "ideal": "B", "sampled": "B", "correct": true}}
{"type": "result", "data": {"idx": 13, "options": ["Buddhism", "Daoism", "Confucianism", "Shamanism"], "probs": [[0.28082414203350237, 0.4776944602088759, 0.0911701131742869, 0.15031128448333478], [0.7782605552267743, 0.04529999374536447, 0.027908690937984308, 0.14853075998987691], [0.09484093564663924, 0.07620592357792898, 0.6281796050324224, 0.2007735356430093], [0.1434700733477176, 0.516652505172812, 0.23654181371715755, 0.1033356076623128]], "ideal": "B", "sampled": "B", "correct": true}}
{"type": "result", "data": {"idx": 14, "options": ["Worship", "Submission", "Obedience", "Faith"], "probs": [[0.11709749283056894, 0.812826485396658, 0.04047026341574688, 0.029605758257026125], [0.8001397936751723, 0.06568012459306898, 0.08303023221664828, 0.05114984941511044], [0.15265921211680689, 0.7170106981576923, 0.06364070068082683, 0.06668938894467404], [0.2364379010225072, 0.11167853990144577, 0.5851993909011834, 0.06668416807486359]], "ideal": "B", "sampled": "B", "correct": true}}
{"type": "result", "data": {"idx": 15, "options": ["Suffering", "Soul", "Impermanence", "No-self"], "probs": [[0.0078759704979794, 0.015663327516380898, 0.12129248575805122, 0.8551682161275884], [0.003855707269241191, 0.015980813289759074, 0.9583206555413317, 0.021842823799668037], [0.010755569122318882, 0.953177306911341, 0.023492843741742462, 0.012574280124597709], [0.9055070741238619, 0.05270701195209142, 0.017655200991426662, 0.024130712832619975]], "ideal": "D", "sampled": "D", "correct": true}}
{"type": "result", "data": {"idx": 16, "options": ["Spiritual narratives", "Redemption narratives", "Birth narratives", "Theological narratives"], "probs": [[0.659270885657789, 0.12582120710140002, 0.1746932565322731, 0.040214650608537836], [0.1106266817007972, 0.870143406163229, 0.010290089907389414, 0.008939822128584324], [0.9429487961577547, 0.039532954811520235, 0.008417391952743186, 0.009100856977981868], [0.3491534564358017, 0.19894088654509912, 0.10816680558310005, 0.3437388513359991]], "ideal": "C", "sampled": "C", "correct": true}}
{"type": "result", "data": {"idx": 17, "options": ["Vajrayana", "Theravada", "Mahayana", "Mahavira"], "probs": [[0.07535427343666538, 0.15952115353543095, 0.7149306205291858, 0.05019395239871793], [0.020116853108095512, 0.9105523809254716, 0.03817436960278679, 0.03115639626364603], [0.7568219814792956, 0.12549356974717452, 0.06930368315513653, 0.04838076551839334], [0.043647100745336204, 0.07084573297094496, 0.4841424984644591, 0.4013646677192597]], "ideal": "C", "sampled": "C", "correct": true}}
{"type": "result", "data": {"idx": 18, "options": ["Svetambara", "Jina", "Agama", "Digambara"], "probs": [[0.2895624719596568, 0.2363307597750457, 0.21857368805504943, 0.2555330801102481], [0.0885461636652454, 0.12882493339066212, 0.6146136475886192, 0.16801525525547328], [0.18588020321090346, 0.44589797654531294, 0.279039508352975, 0.08918231179080867], [0.3852321121032027, 0.43653150412847447, 0.1069771176400246, 0.07125926602829825]], "ideal": "D", "sampled": "D", "correct": true}}
{"type": "result", "data": {"idx": 19, "options": ["The Shema", "The Sefirot", "Deuteronomy", "The Decalogue"], "probs": [[0.9627220867479057, 0.011930978026520347, 0.009292132093729963, 0.01605480303184391], [0.03391795927069219, 0.018440443745789, 0.21104323547393794, 0.7365983614095809], [0.05014320722890919, 0.04288803689748239, 0.8888089457276744, 0.01815981004593397], [0.12820593691469712, 0.8360021876529319, 0.022279301826822903, 0.01351257350554811]], "ideal": "A", "sampled": "A", "correct": true}}
{"type": "result", "data": {"idx": 20, "options": ["Brahminic orthodoxy", "Legalistic asceticism", "Bhakti devotionals", "Unorthodox practices"], "probs": [[0.7640406205651807, 0.11357031481796813, 0.0431073139348004, 0.07928175058205073], [0.4177883502752769, 0.19128636728867787, 0.17417262233284897, 0.21675266000319626], [0.17021890236551437, 0.2185691925451517, 0.421321070469821, 0.18989083451951294], [0.34220234576028896, 0.370026629232914, 0.14950718429701093, 0.13826384060978603]], "ideal": "A", "sampled": "A", "correct": true}}
{"type": "result", "data": {"idx": 21, "options": ["The Battle of Uhud", "The Battle of Camel", "The Battle of the Trench", "The Battle of Badr"], "probs": [[0.6089372362062601, 0.1588511246797531, 0.10256361501844022, 0.12964802399554662], [0.16650715468648955, 0.24995361266020819, 0.4743449091436971, 0.10919432340960517], [0.328166267626088, 0.5582380744716092, 0.06987251903495469, 0.04372313876734802], [0.7403531101363875, 0.14808118397036998, 0.05447682012995507, 0.0570888856632874]], "ideal": "C", "sampled": "D", "correct": false}}
{"type": "result", "data": {"idx": 22, "options": ["Remembering the Divine Name", "Meditating on the sacred hymns", "Remembering that death is inevitable", "Meditating on the goodness of the created world"], "probs": [[0.8628914161137478, 0.043638007880388574, 0.022640048646900314, 0.07083052725896331], [0.08986406973291988, 0.035746724208894284, 0.060807780784422116, 0.8135814251737638], [0.031750785745267025, 0.020499548964033578, 0.7813920653749702, 0.16635759981572917], [0.15925964711504023, 0.40038567777444506, 0.151972562059464, 0.2883821129510507]], "ideal": "A", "sampled": "A", "correct": true}}
{"type": "result", "data": {"idx": 23, "options": ["Confucianism", "Buddhism", "Christianity", "Daoism"], "probs": [[0.5179217225724327, 0.17348387060141798, 0.17348634419406533, 0.13510806253208396], [0.4776672635942134, 0.23280223752326373, 0.13685700907785586, 0.15267348970466696], [0.3352899104896134, 0.16859603680158677, 0.2959011329072362, 0.2002129197015636], [0.23638905582448275, 0.42141544814664017, 0.2053834199700012, 0.13681207595887587]], "ideal": "A", "sampled": "A", "correct": true}}
{"type": "result", "data": {"idx": 24, "options": ["Disciple", "Faithful", "Devotee", "Enlightened"], "probs": [[0.479243935343744, 0.17356953478689574, 0.17630833824848327, 0.17087819152087702], [0.3041750879035725, 0.44954661870116563, 0.1154550497254028, 0.13082324356985908], [0.8172042769594198, 0.07367294312464384, 0.03882412236009032, 0.07029865745584607], [0.30991836224681535, 0.4580348260974752, 0.09452234600573489, 0.13752446554997452]], "ideal": "A", "sampled": "C", "correct": false}}
{"type": "result", "data": {"idx": 25, "options": ["The sages of the Zhuangzi", "The Songs of the South", "The Duke of Zhou", "The Confucian \"sage kings\""], "probs": [[0.4417366683041387, 0.19602218268341598, 0.159995168431495, 0.20224598048095033], [0.33129018541837857, 0.2041041403804761, 0.2540209591134681, 0.2105847149876772], [0.394820874812771, 0.24324582877179135, 0.18944576663038756, 0.17248752968505002], [0.4905935306091173, 0.20451196111875267, 0.1643354670091087, 0.14055904116302134]], "ideal": "A", "sampled": "D", "correct": false}}
{"type": "result", "data": {"idx": 26, "options": ["Anointed one", "God", "Prophet", "The line of David"], "probs": [[0.961450292601064, 0.019340510490869444, 0.008189433795827946, 0.011019763012238637], [0.058849575756973034, 0.04955698888158783, 0.07919173037877733, 0.8124017048826618], [0.038296248101969535, 0.03125597414063075, 0.9134543672753443, 0.016993410382055343], [0.06497620000878199, 0.9254504842884131, 0.0062356677102940045, 0.0033376478925108595]], "ideal": "A", "sampled": "A", "correct": true}}
{"type": "result", "data": {"idx": 27, "options": ["Soul", "Sound", "Non-matter", "Non-soul"], "probs": [[0.06405951779395856, 0.06926304049646352, 0.7105917876949222, 0.15608565391465573], [0.0914964465928439, 0.3000016554890331, 0.49463600652391554, 0.11386589129420743], [0.6378730701207694, 0.24592464311000337, 0.062181250876186756, 0.05402103579304045], [0.7922518163993124, 0.08093400208288967, 0.032194468761058075, 0.09461971265673985]], "ideal": "D", "sampled": "C", "correct": false}}
{"type": "result", "data": {"idx": 28, "options": ["A collection of statues", "Veneration of ancestors", "Seated meditation", "Funeral rituals"], "probs": [[0.0034008184167348583, 0.002775583626158179, 0.98821686883177, 0.00560672902533701], [0.013779003560576106, 0.9811960801809948, 0.0034299125918037946, 0.0015950035666252762], [0.9778470805828675, 0.013519204786897266, 0.0038133740156817927, 0.004820340514553471], [0.0018310732090771368, 0.0010271619604448302, 0.0031148591275142515, 0.9940269056029638]], "ideal": "C", "sampled": "C", "correct": true}}
{"type": "result", "data": {"idx": 29, "options": ["Asceticism", "Bodily pleasure", "Music", "Sexual union"], "probs": [[0.0353559280963524, 0.09762488722337564, 0.09916279131499305, 0.7678563932652789], [0.06121348041755439, 0.05318361789794838, 0.7694423106041922, 0.11616059098030498], [0.06845915602854455, 0.7023162370154823, 0.08654365852434563, 0.1426809483316275], [0.8043727277905038, 0.07719511537972022, 0.05736735462568721, 0.06106480210408868]], "ideal": "D", "sampled": "D", "correct": true}}
{"type": "result", "data": {"idx": 30, "options": ["Loving and forgiving", "Wrathful and merciful", "Judging and vengeful", "Transcendent and immanent"], "probs": [[0.1867189989296712, 0.575151796766584, 0.101521707304684, 0.13660749689906082], [0.4123912155215813, 0.18016399441347927, 0.25808390972417633, 0.14936088024076308], [0.16053281897294785, 0.6550864635799563, 0.09291204792797884, 0.09146866941911701], [0.21187069466993577, 0.1624491883256642, 0.44160219016437274, 0.1840779267400273]], "ideal": "B", "sampled": "B", "correct": true}}
{"type": "result", "data": {"idx": 31, "options": ["Palestine and Babylonia", "Babylonia and Europe", "Palestine and Spain", "Spain and France"], "probs": [[0.5039893688645253, 0.16620048379431043, 0.14440158868785638, 0.18540855855330793], [0.24986838174151693, 0.39929256434161897, 0.1337500383384892, 0.2170890154783749], [0.25206804272992017, 0.15051755307599743, 0.3784148394683078, 0.2189995646257746], [0.08252910608824525, 0.8599818616972316, 0.025170526202501882, 0.032318505912021234]], "ideal": "A", "sampled": "A", "correct": true}}
{"type": "result", "data": {"idx": 32, "options": ["Buddhism", "Hinduism", "Judaism", "Islam"], "probs": [[0.4876788883102274, 0.30045621618683105, 0.11583557010416248, 0.09602932529877904], [0.5427779312137319, 0.17348343846776274, 0.15072608808890328, 0.13301254212960215], [0.19062590101229226, 0.30941690625075563, 0.40991388904970477, 0.09004330358724731], [0.30958597926423614, 0.4166001850963216, 0.17639931508924922, 0.09741452045019301]], "ideal": "A", "sampled": "A", "correct": true}}
{"type": "result", "data": {"idx": 33, "options": ["Kali yuga", "Maha yuga", "Krita yuga", "Satya yuga"], "probs": [[0.5002042054629801, 0.27195528146885245, 0.09109400211853799, 0.1367465108496295], [0.2562387401908134, 0.17887983523963485, 0.3557502786049759, 0.20913114586457585], [0.06090691030767815, 0.10199806990196664, 0.5962091176540856, 0.24088590203626967], [0.10318291700680815, 0.5491523023335076, 0.15489583859766654, 0.19276894196201766]], "ideal": "A", "sampled": "A", "correct": true}}
{"type": "result", "data": {"idx": 34, "options": ["Hymns", "Laws", "Ethics", "Myths"], "probs": [[0.9659850133099127, 0.01797138440659646, 0.005312526808897444, 0.010731075374593379], [0.09955653210151719, 0.08383542641974706, 0.057620702804181675, 0.758987338574554], [0.09248830204857802, 0.059713444485626585, 0.8115806427609589, 0.03621761060483656], [0.06508481459451641, 0.9126211344391667, 0.011669407521431478, 0.010624643344885375]], "ideal": "A", "sampled": "A", "correct": true}}
{"type": "result", "data": {"idx": 35, "options": ["Pure Land", "Tendai", "Shingon", "Soto Zen"], "probs": [[0.8912389873567074, 0.04797848313567075, 0.035102065649098665, 0.025680463758523186], [0.0028764078339847195, 0.0039316012497440074, 0.01604323350307518, 0.9771487573131961], [0.007783430027934541, 0.009242847401662618, 0.9428252414395082, 0.04014848103089462], [0.06550234653149199, 0.5152186231577552, 0.289013539062053, 0.13026549114869973]], "ideal": "A", "sampled": "A", "correct": true}}
{"type": "result", "data": {"idx": 36, "options": ["Sita", "Rama", "Kali", "Durga"], "probs": [[0.6783721638017723, 0.10902375822027506, 0.09472298056591157, 0.11788109731204098], [0.13804201574670671, 0.10919794276459877, 0.405728661888071, 0.3470313795006235], [0.08612210662746018, 0.11408931995878219, 0.6363644910847538, 0.1634240822290038], [0.16689995673567182, 0.5558584083422194, 0.16431400933795093, 0.11292762548415779]], "ideal": "A", "sampled": "A", "correct": true}}
{"type": "result", "data": {"idx": 37, "options": ["Rumi", "Rabi'a", "Fatimah", "Khadija"], "probs": [[0.12262888708337052, 0.6947430630355376, 0.11165698287476808, 0.07097106690632386], [0.628415079571866, 0.14926297293915441, 0.07989591002130654, 0.14242603736767295], [0.0243703843781977, 0.048465782738507865, 0.5634147303887505, 0.363749102394544], [0.04476637581873006, 0.16374410016245927, 0.6578478542939373, 0.1336416696248733]], "ideal": "B", "sampled": "B", "correct": true}}
{"type": "result", "data": {"idx": 38, "options": ["Andal", "Devi", "Ganga", "Kali"], "probs": [[0.8812287432541338, 0.050498239596915726, 0.03015492664319676, 0.038118090405753736], [0.016902164074409066, 0.013795281785004927, 0.01716864902707556, 0.9521339050135105], [0.012818732166177271, 0.014078073149285539, 0.9566443562437342, 0.01645883834080297], [0.06181514079986354, 0.8942889845143193, 0.02874753526000485, 0.015148339325812325]], "ideal": "A", "sampled": "A", "correct": true}}
{"type": "result", "data": {"idx": 39, "options": ["Paul of Tarsus", "Clare of Assisi", "Francis of Assisi", "John of the Cross"], "probs": [[0.03554287219671354, 0.09511380002941269, 0.7964174239630759, 0.07292590371079788], [0.34279464458766973, 0.6016250039205429, 0.023696084597152133, 0.031884266794635276], [0.8596726703138364, 0.061308902093461175, 0.019596612188476605, 0.0594218153042258], [0.08430897694903859, 0.08171478901626467, 0.13900477106983508, 0.6949714628648617]], "ideal": "C", "sampled": "C", "correct": true}}
{"type": "result", "data": {"idx": 40, "options": ["Epistemology", "Morality", "Religion", "Aesthetics"], "probs": [[0.24566067961661547, 0.5536123820936893, 0.1335671176257541, 0.0671598205639411], [0.863681409758942, 0.06455173895453398, 0.019081871385994566, 0.05268497980052944], [0.42905381534084297, 0.08581719440981839, 0.21240237445513105, 0.2727266156942076], [0.10612580766025177, 0.10126631555041817, 0.6203499939365225, 0.17225788275280765]], "ideal": "B", "sampled": "B", "correct": true}}
{"type": "result", "data": {"idx": 41, "options": ["Greek Orthodox", "Roman Catholic", "Puritans", "Quakers"], "probs": [[0.04082910191496083, 0.04626556685605049, 0.45289240575924034, 0.46001292536974836], [0.08490277460423933, 0.310559316420463, 0.481008759734009, 0.12352914914128865], [0.6185286983086944, 0.28764604340557787, 0.038928775380322654, 0.054896482805405086], [0.3613197018646638, 0.10351988877334713, 0.3090558784638403, 0.22610453079814882]], "ideal": "D", "sampled": "C", "correct": false}}
{"type": "result", "data": {"idx": 42, "options": ["Peter", "Paul", "Jesus", "Matthew"], "probs": [[0.884540255098495, 0.06308243709876805, 0.023943951474317184, 0.028433356228419773], [0.2079211252690476, 0.38242702116818916, 0.055963153236095915, 0.3536887002266673], [0.03519844583519312, 0.04380398177954636, 0.8798477517701341, 0.041149820515126403], [0.021064190397888653, 0.9684417937553051, 0.006946301154969548, 0.0035477145918366222]], "ideal": "A", "sampled": "A", "correct": true}}
{"type": "result", "data": {"idx": 43, "options": ["1935", "2000", "1965", "1975"], "probs": [[0.30290650867016194, 0.14308094763694484, 0.44768323822785033, 0.10632930536504284], [0.06734188788379354, 0.758748463428279, 0.10109588344017054, 0.07281376514775699], [0.24767645808111496, 0.37180854548410286, 0.22552316896700927, 0.1549918273677729], [0.16338776293831, 0.7209124671827928, 0.06010973169962081, 0.05559003807927638]], "ideal": "A", "sampled": "C", "correct": false}}
{"type": "result", "data": {"idx": 44, "options": ["Householders who supported renouncers", "Orthodox interpreters of the scriptures", "Women ascetics who lived in communities", "Temple-dwelling renouncers"], "probs": [[0.19763093318978334, 0.11801469408110475, 0.2659610490579422, 0.4183933235711697], [0.10894244583523285, 0.15125435138458382, 0.4659196595107607, 0.27388354316942265], [0.31987348792680986, 0.4043728705558471, 0.09909895813226949, 0.17665468328507355], [0.8286695053258458, 0.0680239661496349, 0.026226791156617295, 0.07707973726790197]], "ideal": "D", "sampled": "D", "correct": true}}
{"type": "result", "data": {"idx": 45, "options": ["Thoughtfulness", "Non-action", "Spontaneity", "Meditation"], "probs": [[0.1261337697379817, 0.3220929801141988, 0.4472061991244383, 0.10456705092338119], [0.6368122364116251, 0.2782084796488776, 0.03884879296673111, 0.04613049087276616], [0.769911576315126, 0.07161376333054754, 0.032789243595812326, 0.12568541665851415], [0.0707310555477763, 0.0937018054465318, 0.671117037268655, 0.16445010163703694]], "ideal": "C", "sampled": "B", "correct": false}}
{"type": "result", "data": {"idx": 46, "options": ["hand gestures", "saints", "religious clothing", "temples"], "probs": [[0.9806085326115133, 0.01234422356949649, 0.0022132874220192338, 0.004833956296971057], [0.0023856389058065594, 0.001977807897537597, 0.002661466825332535, 0.9929750862713234], [0.003241723257733413, 0.005962195500976856, 0.9871799019372273, 0.003616179204062477], [0.014447171984235044, 0.9816632142979815, 0.0020813632019773135, 0.0018082504158060681]], "ideal": "A", "sampled": "A", "correct": true}}
{"type": "result", "data": {"idx": 47, "options": ["Julius Caesar", "Alexander the Great", "Cyrus of Persia", "Antiochus IV Epiphanes"], "probs": [[0.0026509142192811816, 0.008828930304987341, 0.014785999638916771, 0.9737341557368147], [0.003371199824946753, 0.023037070131180438, 0.8919202107063741, 0.08167151923749877], [0.0037624183505959377, 0.9498554920573756, 0.014880653248201758, 0.031501436243826675], [0.9363566098047469, 0.03745929413049007, 0.008490008894204218, 0.017694087070558816]], "ideal": "D", "sampled": "D", "correct": true}}
{"type": "result", "data": {"idx": 48, "options": ["30", "40", "33", "52"], "probs": [[0.26714574298167126, 0.21132615290898946, 0.3595009713633699, 0.16202713264596935], [0.3616694617407292, 0.2524867430817943, 0.22282891637328942, 0.16301487870418702], [0.3181979046322709, 0.2597043448162559, 0.2852453844183394, 0.1368523660331338], [0.35588631560650474, 0.2815331560320231, 0.199644106601243, 0.16293642166022917]], "ideal": "A", "sampled": "C", "correct": false}}
{"type": "result", "data": {"idx": 49, "options": ["Serpent", "Eagle", "Cheetah", "Cow"], "probs": [[0.0619335938689531, 0.11214685181329077, 0.2908960916499984, 0.5350234625677577], [0.06316131125335907, 0.12758789510841959, 0.6479648882069955, 0.1612859053312258], [0.11017463430961671, 0.7297450847004083, 0.0831665831100165, 0.07691369777995839], [0.5328137635884145, 0.19297254711072656, 0.14566663745079242, 0.1285470517500666]], "ideal": "D", "sampled": "D", "correct": true}}
{"type": "result", "data": {"idx": 50, "options": ["Community", "Scripture", "Worship", "Apprenticeship"], "probs": [[0.5428900909707884, 0.1351356703551824, 0.1372650014274392, 0.18470923714658993], [0.07019164595550793, 0.04900146775579043, 0.2649003932147916, 0.61590649297391], [0.06765678473886208, 0.07090254819501798, 0.7988699614287003, 0.06257070553741965], [0.10973900809953406, 0.7268569143794686, 0.06656056344317837, 0.09684351397781897]], "ideal": "A", "sampled": "A", "correct": true}}
{"type": "result", "data": {"idx": 51, "options": ["Construction of the Second Temple", "Destruction of the Second Temple", "The Christianization of the Roman Empire", "The emergence of Islam"], "probs": [[0.17434317582548373, 0.4522204196498385, 0.09045096826613082, 0.28298543615854693], [0.8643587295171432, 0.026512775765038486, 0.016591619822151443, 0.09253687479566683], [0.019667154829815063, 0.023355551488721572, 0.19555530238184374, 0.7614219911996196], [0.04240587344093906, 0.12270592458152176, 0.5166210974321414, 0.3182671044453978]], "ideal": "B", "sampled": "B", "correct": true}}
{"type": "result", "data": {"idx": 52, "options": ["Genshin", "Dogen", "Honen", "Shinran"], "probs": [[0.021865573378267375, 0.05583007310753759, 0.8077540526469394, 0.11455030076725559], [0.016859784396783043, 0.23639086553912847, 0.6948231496085064, 0.051926200355582035], [0.06883946805504003, 0.7286096214519499, 0.1347820460661574, 0.06776886432685272], [0.4563488227760769, 0.1932274194396799, 0.16019635913569066, 0.19022739854855253]], "ideal": "C", "sampled": "D", "correct": false}}
{"type": "result", "data": {"idx": 53, "options": ["Pakistan", "Iraq", "Indonesia", "Turkey"], "probs": [[0.5775492995553059, 0.08719533841365307, 0.1845963771354779, 0.1506589847955631], [0.07631545279782107, 0.6801878669303766, 0.06326789832533834, 0.18022878184646401], [0.7880364626303682, 0.057084675659920904, 0.07562561304250481, 0.07925324856720609], [0.14232181753473364, 0.34140946258071003, 0.11084008048767517, 0.4054286392968811]], "ideal": "C", "sampled": "C", "correct": true}}
{"type": "result", "data": {"idx": 54, "options": ["Gregory", "Augustine", "Athanasius", "Francis"], "probs": [[0.6908646769811414, 0.1339313526769806, 0.09646975176211785, 0.0787342184797602], [0.22897970332925974, 0.15737363460019602, 0.21177427152998052, 0.4018723904405637], [0.0925051109026983, 0.06767642396493863, 0.7052276624745076, 0.13459080255785547], [0.15687041771912585, 0.5063853036976724, 0.19830623870716205, 0.1384380397760397]], "ideal": "A", "sampled": "A", "correct": true}}
{"type": "result", "data": {"idx": 55, "options": ["Enlightened being", "Worthy ones", "Saintly ones", "Sages"], "probs": [[0.7999099328332504, 0.11523913354833178, 0.027803917774305107, 0.05704701574411269], [0.5175062168435015, 0.26431890111656847, 0.08317488243771783, 0.13499999950221223], [0.43263382682274854, 0.2503898199484407, 0.20758922860012555, 0.10938712452868525], [0.18263589524275198, 0.6680698642982739, 0.06824969753870708, 0.08104454282026703]], "ideal": "A", "sampled": "A", "correct": true}}
{"type": "result", "data": {"idx": 56, "options": ["Guru Ram Das", "Guru Tegh Bahadur", "Guru Gobind Singh", "Guru Har Rai"], "probs": [[0.010503265810019247, 0.6397172688850812, 0.17489425510478743, 0.17488521010011215], [0.782270745355412, 0.11627424602495542, 0.040184342846856146, 0.06127066567277645], [0.05811597605612931, 0.03580381241667419, 0.05209522538572466, 0.8539849860414718], [0.0019716973362631355, 0.009857007973797103, 0.87358927717117, 0.11458201741876976]], "ideal": "B", "sampled": "B", "correct": true}}
{"type": "result", "data": {"idx": 57, "options": ["Guru Nanak", "Guru Arjan", "Guru Hargobind", "Guru Ram Das"], "probs": [[0.11086695889614682, 0.23469263753812153, 0.5207182531707102, 0.13372215029502146], [0.09918580424954118, 0.7215250295019965, 0.0737105475376719, 0.1055786186107904], [0.66925084561115, 0.09947312477966694, 0.17187933575467054, 0.059396693754512564], [0.08008365212945515, 0.14729046600641435, 0.5141222399834923, 0.2585036417806382]], "ideal": "C", "sampled": "C", "correct": true}}
{"type": "result", "data": {"idx": 58, "options": ["In the community", "In faith in God", "In ascetic renunciation", "In the life of the householder"], "probs": [[0.3258857927626585, 0.30139850668877866, 0.10254674843279009, 0.2701689520157728], [0.1986489086540582, 0.07083104866769623, 0.2758033696645383, 0.4547166729137073], [0.17077587579949494, 0.19656428960064973, 0.19656595853085249, 0.43609387596900284], [0.24395227575522818, 0.09405256692477129, 0.38984700667404104, 0.2721481505459595]], "ideal": "D", "sampled": "B", "correct": false}}
{"type": "result", "data": {"idx": 59, "options": ["God is eternal and merciful to those who offer worship", "Humans can align themselves with life energy through worship of kami", "Justice will be the final outcome in the next world", "Power and force are the most divine attributes"], "probs": [[0.22349430710223486, 0.5707147524813574, 0.059222497506580166, 0.14656844280982761], [0.849257521863263, 0.030933979338243812, 0.01351482874090154, 0.10629366995759171], [0.06981627209455203, 0.023023315800956495, 0.06981894685310562, 0.8373414651513859], [0.12862291739156706, 0.079240961674262, 0.6635171075467781, 0.12861901328739284]], "ideal": "A", "sampled": "B", "correct": false}}
{"type": "result", "data": {"idx": 60, "options": ["Durga", "Sri Lakshmi", "Kali", "Mahavira"], "probs": [[0.3344270834822746, 0.48658939466096696, 0.07699138555663726, 0.10199213620012114], [0.8016005306932511, 0.07813825603050653, 0.03577485374329219, 0.08448635943295019], [0.04940562152168011, 0.04095626417331209, 0.6507886914208759, 0.2588494227841318], [0.057844331065979596, 0.44097329144001646, 0.22523189112365008, 0.27595048627035385]], "ideal": "B", "sampled": "B", "correct": true}}
{"type": "result", "data": {"idx": 61, "options": ["China", "Silla", "Goguryeo", "Joseon"], "probs": [[0.4682625918398763, 0.19519718606916808, 0.21438792877491533, 0.12215229321604029], [0.5246510974226253, 0.19001372365366193, 0.1526829289655825, 0.1326522498581303], [0.30675287660483697, 0.23889384093456398, 0.2927072811113869, 0.16164600124921216], [0.4238473975864725, 0.3513756613519559, 0.1487860944244619, 0.07599084653710968]], "ideal": "B", "sampled": "A", "correct": false}}
{"type": "result", "data": {"idx": 62, "options": ["Madhva", "Patanjali", "Ramanuja", "Aryabhatta"], "probs": [[0.016407228301750298, 0.9535644837037153, 0.02350210111251085, 0.006526186782023557], [0.9654288057193057, 0.0156046744367135, 0.010075305343568543, 0.00889121440041227], [0.015489797438124321, 0.011156661673826427, 0.24999066230183717, 0.7233628784862121], [0.002602573877616679, 0.003906686332369891, 0.9863053000217348, 0.007185439668278611]], "ideal": "B", "sampled": "B", "correct": true}}
{"type": "result", "data": {"idx": 63, "options": ["It was visited by Moses.", "It is a haram.", "It was built by Abraham.", "It is a square building."], "probs": [[0.3574771306285828, 0.16624197358393983, 0.23814728002675623, 0.23813361566072117], [0.3676844999281468, 0.1791946222838955, 0.22302665811156136, 0.2300942195763964], [0.37530956970978724, 0.1540258159769908, 0.2500294334923294, 0.22063518072089255], [0.34061737895285593, 0.16089540187272217, 0.25314505414488003, 0.2453421649295419]], "ideal": "A", "sampled": "C", "correct": false}}
{"type": "result", "data": {"idx": 64, "options": ["Parvati", "Ganesha", "Vishnu", "Sita"], "probs": [[0.018055642539271978, 0.9554731133017296, 0.01406204688691194, 0.012409197172086498], [0.904376925632029, 0.03506643331271376, 0.022641157771322168, 0.03791548318393512], [0.06830136273710298, 0.07046934006494891, 0.06724449046045168, 0.7939848066374964], [0.014391512226393935, 0.03243086563264293, 0.9186556095938295, 0.03452201244713367]], "ideal": "B", "sampled": "B", "correct": true}}
{"type": "result", "data": {"idx": 65, "options": ["Sri Lakshmi", "Mahavira", "Rsabha", "Nanak"], "probs": [[0.01714894464836784, 0.8659194287650401, 0.04244333299658202, 0.07448829349000996], [0.6476554015643532, 0.21357340732326596, 0.04691613709765123, 0.09185505391472965], [0.1977544187632461, 0.35808334818130194, 0.15643591153356431, 0.28772632142188764], [0.02611808828175068, 0.12076055035146521, 0.75143176251667, 0.10168959875011413]], "ideal": "C", "sampled": "B", "correct": false}}
{"type": "result", "data": {"idx": 66, "options": ["Ban Zhao", "Laozi", "Menicus", "Liu Xiang"], "probs": [[0.6228103915490443, 0.15994995055759617, 0.08043006421253734, 0.13680959358082215], [0.0306380736432672, 0.061889281623695266, 0.578102036001967, 0.32937060863107054], [0.15629537634918833, 0.4452412492372585, 0.27862996275365515, 0.119833411559898], [0.5915535864105422, 0.25442237417604546, 0.07520907595624673, 0.07881496335716558]], "ideal": "A", "sampled": "D", "correct": false}}
{"type": "result", "data": {"idx": 67, "options": ["36,000", "12,000", "24,000", "7,000"], "probs": [[0.2296463434115829, 0.30902442793474494, 0.2522373534820172, 0.20909187507165497], [0.16562404230440558, 0.35615326031917954, 0.2688566228137758, 0.20936607446263905], [0.1719772743400589, 0.3114133318088969, 0.2663870870675678, 0.2502223066834764], [0.15281269304321746, 0.37235766851474056, 0.25593842146680235, 0.21889121687523963]], "ideal": "A", "sampled": "A", "correct": true}}
{"type": "result", "data": {"idx": 68, "options": ["Ultimate Reality", "The gurus", "The community", "Sikh worship"], "probs": [[0.9761250327781317, 0.008850480169299582, 0.004180738113688162, 0.010843748838880634], [0.04145436924620859, 0.010984437989585073, 0.01868525065461817, 0.9288759420095881], [0.02211820794208602, 0.009969320450768966, 0.9553102245122979, 0.012602246994847147], [0.2961040362274582, 0.6777935538706372, 0.014974509562670624, 0.011127900239233924]], "ideal": "A", "sampled": "A", "correct": true}}
{"type": "result", "data": {"idx": 69, "options": ["Sansar", "Hukam", "Mantar", "Karam"], "probs": [[0.11491121179338741, 0.5835552724082552, 0.13434579766918156, 0.16718771802917576], [0.8158125493257811, 0.06801975695160183, 0.03018455658287419, 0.08598313703974286], [0.1185200432816808, 0.07652081780348416, 0.07895160681289336, 0.7260075320019417], [0.03317843253659102, 0.06495544816815065, 0.7913753690756968, 0.11049075011956146]], "ideal": "B", "sampled": "B", "correct": true}}
{"type": "result", "data": {"idx": 70, "options": ["30", "29", "27", "47"], "probs": [[0.15472781656625328, 0.2801683842855665, 0.44078275556924873, 0.12432104347893141], [0.5760992421468629, 0.3132197073849915, 0.048035097234506205, 0.06264595313363935], [0.8744962901690339, 0.061399165714773385, 0.02056683667250702, 0.043537707343685735], [0.1951098263797285, 0.5221419256084269, 0.1567800915564265, 0.12596815635541805]], "ideal": "C", "sampled": "C", "correct": true}}
{"type": "result", "data": {"idx": 71, "options": ["Zen Buddhism", "Chan Buddhism", "Humanistic Buddhism", "Pure Land Buddhism"], "probs": [[0.14199834637418945, 0.2959555895045802, 0.41089357697152173, 0.15115248704970866], [0.0930833695164631, 0.20977201190793912, 0.34585411383788645, 0.35129050463771133], [0.25365564602544, 0.19448946704245015, 0.36335588039334776, 0.1884990064387621], [0.21670194166508275, 0.2826393077901901, 0.36291722276651284, 0.13774152767821432]], "ideal": "C", "sampled": "A", "correct": false}}
{"type": "result", "data": {"idx": 72, "options": ["They worshipped exclusively outside of the temple", "They believed that nakedness was an elemental expression of non-attachment", "They included women within the ranks of the leadership", "They believed that the omniscient Jina must eat and sleep"], "probs": [[0.5927510305106287, 0.16205398857503336, 0.0753665646490083, 0.16982841616532965], [0.7285990551443677, 0.0677722081227135, 0.0667267203250844, 0.1369020163078344], [0.23979600575464619, 0.0615875108265667, 0.19881903299702067, 0.4997974503217664], [0.0673450846347226, 0.026372137282353297, 0.7952539546156571, 0.11102882336726698]], "ideal": "B", "sampled": "B", "correct": true}}
{"type": "result", "data": {"idx": 73, "options": ["Namokar Mantra", "The Liberation Mantra", "Ahimsa", "Archaryas"], "probs": [[0.8989002429115177, 0.05657411563230434, 0.017802391337826646, 0.02672325001835135], [0.6752659426227735, 0.07695589672168815, 0.05126506643732339, 0.19651309411821496], [0.08223362618490777, 0.027116365027093508, 0.8569038876570477, 0.033746121030951017], [0.13203998783959348, 0.7717955348336625, 0.07884513218819858, 0.01731934503854541]], "ideal": "A", "sampled": "A", "correct": true}}
{"type": "result", "data": {"idx": 74, "options": ["Second century CE", "Fifth century CE", "Fifth century BCE", "Eighteenth century CE"], "probs": [[0.29952765400775094, 0.33941126877881267, 0.19039577811231959, 0.1706652990011168], [0.6657608398785331, 0.18778528970782485, 0.050542579978961714, 0.09591129033468032], [0.28212744872971524, 0.20640644381318407, 0.305058277736029, 0.2064078296210717], [0.14058535661251065, 0.44678388024345106, 0.21437311702135228, 0.19825764602268603]], "ideal": "B", "sampled": "B", "correct": true}}
{"type": "result", "data": {"idx": 75, "options": ["7", "42", "24", "13"], "probs": [[0.21620993958367285, 0.2776205324139891, 0.32970334078660724, 0.17646618711573078], [0.23355280904607595, 0.3732180463842975, 0.24477578301257918, 0.14845336145704732], [0.32267439362160216, 0.30312573906728263, 0.22178068754839383, 0.15241917966272134], [0.2844903340347432, 0.36529853133473766, 0.15468176629675945, 0.19552936823375966]], "ideal": "C", "sampled": "C", "correct": true}}
{"type": "result", "data": {"idx": 76, "options": ["Ocean of Love", "Lover of Wisdom", "Ocean of Wisdom", "Stillness of Love"], "probs": [[0.2494988757830125, 0.571122888948451, 0.10900307526841804, 0.07037515990011842], [0.2600508302929507, 0.6537841484736564, 0.050415962366010134, 0.03574905876738277], [0.8081173625038974, 0.08127578074610324, 0.046311604164363425, 0.06429525248563593], [0.22959901048034692, 0.36690723345623155, 0.2726705033406561, 0.13082325262276542]], "ideal": "C", "sampled": "C", "correct": true}}
