{"type": "result", "data": {"idx": 0, "options": ["middle ages", "chess board", "kids story", "fairy tale", "castle"], "probs": [[0.13623737000410402, 0.1060947120991755, 0.06434968954202304, 0.5389513453145997, 0.15436688294009782], [0.1410919725753836, 0.058842740947084325, 0.2987412213980434, 0.06665817647505796, 0.4346658885044307], [0.10883238069115819, 0.3798928188833871, 0.03533003689472455, 0.09605194454734302, 0.3798928188833871], [0.534404168492837, 0.03015401642754913, 0.06381189196313367, 0.25243464579953623, 0.11919527721694395], [0.0461274457642083, 0.0671261714931434, 0.06711504777726642, 0.0976679911874773, 0.7219633436779046]], "ideal": "D", "sampled": "D", "correct": true}}
{"type": "result", "data": {"idx": 1, "options": ["counter", "coffee table", "school room", "backpack", "bedside table"], "probs": [[0.18494040323256988, 0.2374988417834618, 0.20955262210516573, 0.09899147148905132, 0.26901666128975127], [0.23018132437498337, 0.1087363454504769, 0.20308462214232897, 0.12319399517766053, 0.33480371275455023], [0.10431934892088063, 0.17202609775730301, 0.15178374944599562, 0.10432383417039952, 0.4675469696054212], [0.11281525781970543, 0.1641452159433192, 0.16412971873712245, 0.5056291347209317, 0.05328067267892115], [0.13745248705551705, 0.15579161288700374, 0.4797562870098705, 0.02707021280103834, 0.19992940014657037]], "ideal": "B", "sampled": "B", "correct": true}}
{"type": "result", "data": {"idx": 2, "options": ["cleanness", "wetness", "exfoliation", "use water", "hygiene"], "probs": [[0.03516556530999566, 0.014669203446213839, 0.024172919605633683, 0.01882760138865405, 0.9071647101495027], [0.015249341483343214, 0.011877831813694431, 0.011876199205247141, 0.9437199084604442, 0.017276718937271], [0.02174552331362274, 0.019197378416169072, 0.9249159444672291, 0.012396688371704384, 0.021744465331274648], [0.016303721606130764, 0.8903962084628466, 0.0391045028885752, 0.009890450236384848, 0.04430511670606257], [0.8860619444960443, 0.01839536816689955, 0.015245538016163287, 0.0499881933380285, 0.03030895588286444]], "ideal": "A", "sampled": "E", "correct": false}}
{"type": "result", "data": {"idx": 3, "options": ["table", "meeting", "drawer", "toilet", "garage"], "probs": [[0.9265566350817653, 0.019234195107848486, 0.014973889846582596, 0.0317050214564222, 0.007530258407381322], [0.015348002212975179, 0.01971592182281573, 0.01195365648254835, 0.0032182931686997283, 0.949764126212961], [0.017364857700439735, 0.015325227736522666, 0.00723806581644784, 0.94813829562632, 0.011933553020269695], [0.015322811767861419, 0.011939022380209817, 0.9481190936573461, 0.009298119246676843, 0.015320952847905722], [0.022041023591105977, 0.9372537882061861, 0.015146026598221018, 0.010411948401362316, 0.015147213103124604]], "ideal": "A", "sampled": "A", "correct": true}}
{"type": "result", "data": {"idx": 4, "options": ["damage", "wonderful", "exhaustion", "orgasm", "lazy"], "probs": [[0.02873803125713413, 0.18736592271712688, 0.01742774513354295, 0.7411123653939065, 0.025355935398289647], [0.12647281067596414, 0.01510725015183805, 0.824680294492764, 0.011765538231519053, 0.021974106347914663], [0.009144857269406654, 0.6824829387033645, 0.01416160964745201, 0.009734649869534423, 0.28447594441024243], [0.18681292268779776, 0.017375649914970252, 0.015331961241567197, 0.7388051165251821, 0.041674349530482616], [0.009345516848749099, 0.015410572762502546, 0.3094810342226586, 0.010591521252303334, 0.6551713548137864]], "ideal": "B", "sampled": "D", "correct": false}}
{"type": "result", "data": {"idx": 5, "options": ["enemies", "perform better", "sweat", "tension", "frostbite"], "probs": [[0.008058817260147446, 0.010352900424264906, 0.00913237329889288, 0.04092845761433018, 0.9315274513023646], [0.02125388379693973, 0.02125388379693973, 0.03503880642928195, 0.9036992174531963, 0.018754208423642317], [0.010466537676520636, 0.022162720955970796, 0.9422165127484666, 0.005604383164539029, 0.019549845354502864], [0.0216532754708544, 0.920958916395025, 0.016862658420901972, 0.009027522794341346, 0.031497626818877224], [0.42368257830679323, 0.05061313231180245, 0.018614072697500497, 0.027085122222820484, 0.48000509436108335]], "ideal": "D", "sampled": "E", "correct": false}}
{"type": "result", "data": {"idx": 6, "options": ["free will", "choice", "will", "alcohol", "freedom"], "probs": [[0.053515755232835985, 0.8375071975962814, 0.028642148096701455, 0.01968734733214067, 0.06064755164204039], [0.354648112630745, 0.01375831359322915, 0.009451051363245096, 0.03737344272214018, 0.5847690795906406], [0.005748871109632311, 0.003712915192330387, 0.01008767156073067, 0.17879426090209669, 0.8016562811352099], [0.007612004404853055, 0.013363496276729147, 0.222423358292911, 0.47092741593692133, 0.28567372498858545], [0.028007916544925886, 0.2344918210985257, 0.6374572811689392, 0.040754163668800365, 0.05928881741880885]], "ideal": "B", "sampled": "B", "correct": true}}
{"type": "result", "data": {"idx": 7, "options": ["bathtub", "washing area", "hotel", "shower stall", "department store"], "probs": [[0.17747683622988084, 0.030852526078426208, 0.2582111329527024, 0.4826147203862695, 0.05084478425272104], [0.028901329907149692, 0.0890727882535968, 0.3521185595663609, 0.01753404216741613, 0.5123732800054764], [0.1355506603367926, 0.3685028484001526, 0.034266139670273206, 0.3685432901508754, 0.0931370613419062], [0.29455905144719746, 0.031076530212697906, 0.15766611260830501, 0.03105250208866402, 0.4856458035431356], [0.01597675210220634, 0.09194876432559325, 0.018099386993327225, 0.10417203708874077, 0.7698030593901324]], "ideal": "A", "sampled": "D", "correct": false}}
{"type": "result", "data": {"idx": 8, "options": ["new york city", "subdivision", "ring", "hazleton", "live in"], "probs": [[0.958943282315089, 0.009404589413827633, 0.0073216224756511095, 0.013679179774303617, 0.010651325921128697], [0.0025803920059422887, 0.004530150147530314, 0.002746670327557396, 0.012308030516948829, 0.9778347569020212], [0.007341561732991879, 0.008320296466687563, 0.010680612276328777, 0.9615548100386999, 0.012102719385291833], [0.007154313045312572, 0.028297938917550575, 0.9369415214003588, 0.005572659529809375, 0.02203356700696863], [0.03123454349107859, 0.9127679981577176, 0.006969687932207808, 0.02756320474221369, 0.021464565576782346]], "ideal": "A", "sampled": "A", "correct": true}}
{"type": "result", "data": {"idx": 9, "options": ["very entertaining", "fun", "slow", "competitive", "violent"], "probs": [[0.001910710415035869, 0.003151942138483472, 0.002959485719684238, 0.002165398392203185, 0.9898124632345933], [0.003509637750739248, 0.0051080863875671316, 0.004505882446269301, 0.9729996009510814, 0.01387679236434293], [0.004518461233331464, 0.006576196493731333, 0.9758204428282549, 0.003520166593729428, 0.009564732750952867], [0.006568648398324841, 0.9749045389193385, 0.006569074944064767, 0.004514703535050754, 0.007443034103221147], [0.9756590500395677, 0.003520339181063414, 0.002740640130415599, 0.005801079661818837, 0.012278890887134464]], "ideal": "E", "sampled": "E", "correct": true}}
{"type": "result", "data": {"idx": 10, "options": ["night sky", "galaxy", "outer space", "hollywood", "eat cake"], "probs": [[0.03625556927525826, 0.18413322186491032, 0.7282125556545196, 0.019408872891387135, 0.031989780213924617], [0.040573803541683204, 0.8150586826634821, 0.014925336157938028, 0.019164512735181768, 0.11027766480171489], [0.20564392360213263, 0.03155552991577982, 0.01912632971159831, 0.11007326177206549, 0.6336009548984237], [0.01382114397284289, 0.017753852270746013, 0.022785695463200906, 0.19079499178251974, 0.7548443164106905], [0.029304791136559528, 0.02930908080805013, 0.06202850819312702, 0.8565369269227342, 0.022820692839529144]], "ideal": "C", "sampled": "C", "correct": true}}
{"type": "result", "data": {"idx": 11, "options": ["new perspective", "entertained", "understanding", "hunger", "tired eyes"], "probs": [[0.8328075895563436, 0.022203992760516673, 0.1277327371742823, 0.010486573774425294, 0.006769106634432151], [0.006451505016382507, 0.02552904103598386, 0.006062466472599534, 0.0039144675744049095, 0.9580425198006292], [0.05072014594121675, 0.018659929996597706, 0.012823395895315948, 0.8991385966884442, 0.018657931378425373], [0.006382053227896354, 0.011927344790669094, 0.947450634193109, 0.005635205169072471, 0.028604762519252987], [0.00825662658756943, 0.8421285430017303, 0.013614161388800405, 0.12915537187005183, 0.006845297051847947]], "ideal": "A", "sampled": "A", "correct": true}}
{"type": "result", "data": {"idx": 12, "options": ["initiate", "ignore", "question", "answer", "ask"], "probs": [[0.17038872518942705, 0.055309339322032795, 0.029601040673256664, 0.6737165920933041, 0.07098430262197933], [0.06982172920867362, 0.07918172955940501, 0.5846924694088657, 0.022664799946294712, 0.243639271776761], [0.09614928108715712, 0.43085051129440105, 0.06606433336303358, 0.20344342466553375, 0.2034924494898745], [0.15883281755344564, 0.10921975455560634, 0.4317523328604781, 0.09630898501288282, 0.20388610991758707], [0.1501772330837871, 0.13257458162669714, 0.0803607141716538, 0.04301399901383878, 0.5938734720040232]], "ideal": "A", "sampled": "D", "correct": false}}
{"type": "result", "data": {"idx": 13, "options": ["hair brush", "ladies bathroom", "art supplies", "shower", "hair salon"], "probs": [[0.010691541305744325, 0.01211699104998344, 0.9623778515224648, 0.008329443679267814, 0.00648417234253958], [0.014913091629748104, 0.9227753421234196, 0.02169661116576749, 0.009046570881791761, 0.031568384099273025], [0.8718699576539499, 0.020509099031830187, 0.01409052739838301, 0.08109654266339968, 0.012433873152437248], [0.0054510860579387015, 0.007453477586112292, 0.007450450322038698, 0.0037471824880247646, 0.9758978034458855], [0.01361399423653211, 0.012015443626150726, 0.009355283287198432, 0.9544147084711908, 0.010600570278927973]], "ideal": "C", "sampled": "C", "correct": true}}
{"type": "result", "data": {"idx": 14, "options": ["plastic bag", "pantry", "supermarket", "toaster", "prison"], "probs": [[0.001903969582817698, 0.0031397885934372474, 0.0021574801151393644, 0.9861532552276219, 0.006645506380983782], [0.001908879921098144, 0.0019096233493281975, 0.9888242281851348, 0.002778300493279143, 0.004578967951159723], [0.00355500852548843, 0.9858249654432498, 0.004565078870986402, 0.002025921177519949, 0.004029025882755438], [0.9861852066845803, 0.004031951329506767, 0.002770483961056945, 0.004567533432036108, 0.002444824492819874], [0.0012393062891340508, 0.0014962352768967148, 0.0015914937524142507, 0.0010279346954601587, 0.9946450298860948]], "ideal": "D", "sampled": "D", "correct": true}}
{"type": "result", "data": {"idx": 15, "options": ["oven", "freezer", "plate", "tupperware", "grill"], "probs": [[0.018152369931335084, 0.17216402722400448, 0.016016400364411834, 0.7717836620094335, 0.02188354037081507], [0.12544176338117546, 0.028000959456805467, 0.8181928252311825, 0.012427212477872174, 0.01593723935296436], [0.012538681117914216, 0.0818072218964186, 0.01824594198819802, 0.007608117159412126, 0.879800037738057], [0.04408333425481485, 0.01956186059911586, 0.006760397887520231, 0.8855345198807394, 0.0440598872778097], [0.012388275770268981, 0.01239468513165977, 0.19376869273480812, 0.01494311315827048, 0.7665052331049926]], "ideal": "B", "sampled": "D", "correct": false}}
{"type": "result", "data": {"idx": 16, "options": ["jungle", "zoo", "kill", "india", "eat cake"], "probs": [[0.0033186197563950517, 0.9794557820470882, 0.005823773520404685, 0.0029286717533350704, 0.008473152822777077], [0.9820256815279769, 0.004548976933126185, 0.002434296910581223, 0.005153002057178488, 0.005838042471137226], [0.0021634043204515323, 0.003149039744221121, 0.0035668506001707853, 0.002032429169911997, 0.9890882760652445], [0.004509837691147064, 0.005791011550816994, 0.005109696023423722, 0.9737726145182358, 0.010816840116376436], [0.0024388240505975644, 0.003131916375533365, 0.9837864203475959, 0.003131773184693833, 0.007511065941579304]], "ideal": "B", "sampled": "B", "correct": true}}
{"type": "result", "data": {"idx": 17, "options": ["picture of sea side", "seaside town", "beach", "california", "see side picture"], "probs": [[0.03173992315392421, 0.01698984341183746, 0.11077136215141269, 0.8186892026234786, 0.021809668559347104], [0.03331878296583909, 0.05494583082343454, 0.8594284133051581, 0.029412897739117243, 0.02289407506645105], [0.038855922848314926, 0.7804699219521645, 0.13561594964828755, 0.026706210348725723, 0.018351995102507325], [0.7894743223326868, 0.03468453089215687, 0.05046091698172828, 0.01856529140336039, 0.10681493829006763], [0.017635267317950017, 0.015565347718638425, 0.015561772370878588, 0.10148395976582025, 0.8497536527267127]], "ideal": "D", "sampled": "D", "correct": true}}
{"type": "result", "data": {"idx": 18, "options": ["west virginia", "kentucky", "rocky hills", "scotland", "canyon"], "probs": [[0.009603412297711915, 0.9795748056747884, 0.005140853765148725, 0.0029295041023841657, 0.0027514240599668216], [0.9721377216340105, 0.006552692718726584, 0.00329435487892094, 0.005781772737048677, 0.01223345793129336], [0.004742953101645542, 0.004744629947978841, 0.0028767467657590477, 0.02563641091709051, 0.961999259167526], [0.010520510923135076, 0.015305014192534081, 0.015303037925927875, 0.9469547764656963, 0.011916660392706693], [0.005352287878805065, 0.022532564929378, 0.9579998600046518, 0.004725166007120154, 0.009390121080044986]], "ideal": "B", "sampled": "B", "correct": true}}
{"type": "result", "data": {"idx": 19, "options": ["office building", "office supply store", "desk drawer", "with dwight", "desktop"], "probs": [[0.021166999689032535, 0.02116791052246461, 0.4817037935706532, 0.42518828156793353, 0.050773014549916146], [0.022172432968809618, 0.16381688841551836, 0.7341763567906864, 0.06027092196151081, 0.01956339976347479], [0.2897676874979019, 0.6135225961823433, 0.026951506284594095, 0.03054400085161653, 0.03921420908354425], [0.1130734315496737, 0.019657361060530728, 0.009281631927655373, 0.022265477618531527, 0.8357220977436087], [0.0431096441197692, 0.014898294553722925, 0.00797166301235624, 0.5250843156999451, 0.40893608251420654]], "ideal": "C", "sampled": "C", "correct": true}}
{"type": "result", "data": {"idx": 20, "options": ["work", "tacos", "mass", "play sports", "wrestle"], "probs": [[0.005674886259761333, 0.00728636401428749, 0.007285480189131754, 0.9543253533480517, 0.025427916088767707], [0.006887606273263912, 0.018725372058897988, 0.9021423378818547, 0.014585102810913473, 0.0576595808750699], [0.009308080859257026, 0.9494008751735394, 0.011951192878355239, 0.017389786873421798, 0.011950064115426455], [0.933594168488818, 0.021961074812570525, 0.013317005807841856, 0.011754307161270931, 0.01937344362949866], [0.0035274959086913043, 0.0065921617640025895, 0.002277673855160331, 0.00958703523890047, 0.9780156331332454]], "ideal": "D", "sampled": "D", "correct": true}}
{"type": "result", "data": {"idx": 21, "options": ["math class", "math book", "in pythagorus' band", "orchestra", "music class"], "probs": [[0.014667147108478539, 0.007377977155586505, 0.010079732989831083, 0.21552290296449686, 0.752352239681607], [0.02538426887705061, 0.01977280611863918, 0.16551994494734787, 0.7418989260193797, 0.04742405393758264], [0.02508949726487953, 0.09924634742780676, 0.8310283018980695, 0.01954513414903082, 0.025090719160213375], [0.1876286622861261, 0.7422647104076138, 0.015402660238493801, 0.007276285193579256, 0.04742768177418704], [0.12919619475502567, 0.0056829672376320604, 0.005010596043985121, 0.01748692418376286, 0.8426233176795943]], "ideal": "E", "sampled": "E", "correct": true}}
{"type": "result", "data": {"idx": 22, "options": ["believe in god", "smoke marijuana", "desire to travel", "use weapons", "throw away"], "probs": [[0.004273082878484986, 0.004015658810597315, 0.9823270616615754, 0.003543584689032762, 0.0058406118603096125], [0.008418966885826612, 0.9733520595684444, 0.003977867247479102, 0.012250244427989802, 0.002000861770260092], [0.9801965499456954, 0.0062063129499174575, 0.0037633453661129186, 0.005828159703493938, 0.004005631934780287], [0.0026096465172325504, 0.003569352496826147, 0.002303495190727915, 0.002032827252561117, 0.9894846784426523], [0.006591000372559096, 0.005817443868096338, 0.004530144237380835, 0.9782388477384708, 0.004822563683492959]], "ideal": "C", "sampled": "C", "correct": true}}
{"type": "result", "data": {"idx": 23, "options": ["mall", "grocery store", "grocery store", "shop", "supermarket"], "probs": [[0.26336619426988495, 0.01021836984011475, 0.019076554227143105, 0.6319013874563014, 0.07543749410655574], [0.00728909800749353, 0.0077638834553846224, 0.07360777900366089, 0.014497129973942816, 0.8968421094595181], [0.013906450654659834, 0.06230936398378514, 0.008434688864493351, 0.8603616794884404, 0.05498781690862117], [0.05319172213747495, 0.013462630265703438, 0.832188141669303, 0.013459177853115819, 0.08769832797440277], [0.0071891487684679406, 0.144410247176964, 0.008145103858151726, 0.009231838052845762, 0.8310236620435706]], "ideal": "A", "sampled": "A", "correct": true}}
{"type": "result", "data": {"idx": 24, "options": ["digestive", "feel better", "sleepiness", "indigestion", "illness"], "probs": [[0.006796698145418281, 0.004125596991507512, 0.004972571084932889, 0.1985807585205834, 0.7855243751575579], [0.013898855720397826, 0.008434443560928664, 0.21737865656086122, 0.669684396307018, 0.0906036477507942], [0.01399305799341273, 0.07107595443338974, 0.8657198345295902, 0.023074984283278602, 0.02613616866032868], [0.27528672350286093, 0.6605377061938897, 0.032878308056241666, 0.01370421613226154, 0.017593046014746105], [0.08384694840779659, 0.05087595022053424, 0.018711108573062383, 0.050844229373882346, 0.7957217633247244]], "ideal": "D", "sampled": "E", "correct": false}}
{"type": "result", "data": {"idx": 25, "options": ["club", "assembly hall", "meditation center", "meeting", "church"], "probs": [[0.9678184305725254, 0.010753389354214549, 0.013805187186989651, 0.0057545606476742985, 0.0018684321385960853], [0.003331691821150316, 0.005850613808207947, 0.004554851724856953, 0.002762879131489113, 0.9834999634142957], [0.008413518054461883, 0.00841581748995513, 0.00655361048222239, 0.9726420880021329, 0.003974965871227707], [0.007354468370189287, 0.022660427605727052, 0.9632452474734879, 0.0032658515268793476, 0.0034740049237163466], [0.009422787915068304, 0.9613111720094395, 0.017604756200918278, 0.0022388311356153364, 0.009422452638958571]], "ideal": "A", "sampled": "A", "correct": true}}
{"type": "result", "data": {"idx": 26, "options": ["forest", "valley", "outdoors", "countryside", "woods"], "probs": [[0.034018217703349285, 0.7742510504535978, 0.02338035604775167, 0.10481036606365791, 0.06354000963164338], [0.5610768752648866, 0.04064427285500027, 0.0974589876922439, 0.23386433544007532, 0.0669555286477939], [0.02301788916747774, 0.0379697194256773, 0.026087584538345525, 0.048738022212469034, 0.8641867845560304], [0.03916194311925068, 0.018500473557010354, 0.026913284709150786, 0.8916787899128095, 0.02374550860177867], [0.021900041108251236, 0.015062986927697967, 0.8220173150299172, 0.015062986927697967, 0.1259566699064357]], "ideal": "B", "sampled": "B", "correct": true}}
{"type": "result", "data": {"idx": 27, "options": ["music store", "create music", "zoo", "music room", "symphony"], "probs": [[0.013099693138789309, 0.014846228490247373, 0.007945099142794473, 0.04571683091326891, 0.9183921482148999], [0.036797358050085445, 0.015340623427324661, 0.03247028782461951, 0.8375040195047212, 0.07788771109324916], [0.020918884207084657, 0.05018423397097345, 0.7849752718976712, 0.05018179018022382, 0.09373981964404683], [0.05562736900186624, 0.8702641238371922, 0.02627557369009057, 0.02977518570636564, 0.018057747664485316], [0.92438564523226, 0.009064784061542782, 0.02173946747014211, 0.013185183209324882, 0.03162491992673026]], "ideal": "E", "sampled": "E", "correct": true}}
{"type": "result", "data": {"idx": 28, "options": ["boat", "necessary to live", "edible", "unhealthy", "kitchen"], "probs": [[0.027351951246249954, 0.021302276825607914, 0.02413801083678473, 0.9059065607747199, 0.02130120021663757], [0.04335723184919641, 0.04913948603964345, 0.8710662948864756, 0.020488001938410265, 0.015948985186274234], [0.09006490733632111, 0.8546629118324746, 0.025808582584568356, 0.013813474484346578, 0.0156501236622894], [0.8894342067208316, 0.03908688896204031, 0.026859815810880185, 0.02091844538682668, 0.023700643019421177], [0.00833117208207264, 0.009443261562949196, 0.010698829666864217, 0.008331959049640049, 0.9631947775384739]], "ideal": "D", "sampled": "D", "correct": true}}
{"type": "result", "data": {"idx": 29, "options": ["most offices", "fish department", "fancy restaurant", "government submarine", "chesapeake bay"], "probs": [[0.027722908155341043, 0.9181680073805567, 0.01681217363232992, 0.009580780742122317, 0.027716129989649983], [0.8857703109045023, 0.018387740270581793, 0.004946943316706928, 0.06416071879042515, 0.02673428661778382], [0.009367018018890871, 0.0056835971846386085, 0.006851760213768052, 0.022467022790841902, 0.9556306016918605], [0.017093531499186385, 0.015084989333438409, 0.015082306193438557, 0.9333751815316548, 0.0193639913422819], [0.021590631078359134, 0.03559508419615611, 0.9180569684483484, 0.01681572873383607, 0.007941587443300289]], "ideal": "B", "sampled": "B", "correct": true}}
{"type": "result", "data": {"idx": 30, "options": ["case", "jewelry store", "shopping", "jewelery box", "hock"], "probs": [[0.003110155801120395, 0.9771168426628614, 0.005810536205500835, 0.003110155801120395, 0.010852309429396993], [0.97078236630643, 0.006545742286382241, 0.0037288583018151144, 0.013849492647190405, 0.0050935403581822735], [0.0022993762718679016, 0.002608309501850865, 0.002160929570754904, 0.005182195921261815, 0.9877491886342645], [0.00449630862940142, 0.00577383796471856, 0.005094601039492634, 0.9707902742609387, 0.013844978005448661], [0.0031228755402259974, 0.004012122545303304, 0.9811042045980688, 0.006613464222478418, 0.005147332993923526]], "ideal": "B", "sampled": "B", "correct": true}}
{"type": "result", "data": {"idx": 31, "options": ["dishwasher", "water fountain", "sand box", "toilet", "kitchen cabinet"], "probs": [[0.019952787376797808, 0.006483095652872976, 0.0044542938686291614, 0.007343178967677904, 0.9617666440340221], [0.049796240067043425, 0.011116955769868443, 0.007637690055392386, 0.606736857404158, 0.3247122566035378], [0.019429221006599724, 0.013364975179725706, 0.5678050845330094, 0.16272334202320773, 0.23667737715745749], [0.021320975444986904, 0.6231935313835383, 0.25974262967635114, 0.07442349541297519, 0.021319367982148424], [0.8230223607064694, 0.11140130332701736, 0.0219312479304339, 0.03190765279934844, 0.011737435136730923]], "ideal": "E", "sampled": "E", "correct": true}}
{"type": "result", "data": {"idx": 32, "options": ["office building", "internet cafe", "house", "school", "internet cafe"], "probs": [[0.30971254972363194, 0.1139368827843907, 0.39756314757772837, 0.07829195026890473, 0.10049546954534422], [0.015749530953174544, 0.037799522488134396, 0.07056850233658568, 0.01575230815710729, 0.8601301359649981], [0.02150371017573562, 0.07503832452344313, 0.021498839358462196, 0.806920801318916, 0.07503832452344313], [0.03591700871634489, 0.046129470701776115, 0.7214668103488723, 0.014071336382461374, 0.18241537375054528], [0.04531918727320013, 0.4872271699418956, 0.02747775958913443, 0.17920721610226217, 0.2607686669935077]], "ideal": "A", "sampled": "A", "correct": true}}
{"type": "result", "data": {"idx": 33, "options": ["last word", "conclusion", "ikea instructions", "afterword", "epilogue"], "probs": [[0.081868103430042, 0.09277715496510718, 0.030123249131135614, 0.4713071348113742, 0.323924357562341], [0.2095556345504884, 0.05299523314317895, 0.2691319802393008, 0.30508034509110377, 0.1632368068759281], [0.050568959335107834, 0.12138646386563877, 0.2569432302717385, 0.027084979346100206, 0.5440163670814147], [0.20254376736029595, 0.09567490358262652, 0.0580267534106506, 0.4859953512438878, 0.1577592243025391], [0.10471057223755993, 0.034008633595348725, 0.13447630504273916, 0.04366444455890648, 0.6831400444654456]], "ideal": "E", "sampled": "D", "correct": false}}
{"type": "result", "data": {"idx": 34, "options": ["fish market", "pet shop", "fishmongers", "intertidal zone", "obesity"], "probs": [[0.2189792033039162, 0.10343845592188512, 0.40906037496087444, 0.24815797283871946, 0.020363992874604775], [0.10589610819156253, 0.5378992792344609, 0.05001035741892126, 0.018404512361529228, 0.28778974269352603], [0.27013445753191234, 0.041433324482556586, 0.017264361106915895, 0.09937690512104357, 0.5717909516575717], [0.0785573376126064, 0.02890219082606947, 0.16627611806675674, 0.27421639337276965, 0.45204796002179776], [0.05717150696216013, 0.08317026789443552, 0.02699662654006208, 0.5423962665282365, 0.2902653319751058]], "ideal": "C", "sampled": "C", "correct": true}}
{"type": "result", "data": {"idx": 35, "options": ["brush hair", "theater", "house", "dwelling", "bathhouse"], "probs": [[0.005103365776674324, 0.01392036933187902, 0.003975139200890678, 0.003975813944130167, 0.9730253116464258], [0.01946163928214841, 0.01517287977663435, 0.00811281880278856, 0.9377996058259743, 0.01945305621245429], [0.010443343835862083, 0.025069392976409595, 0.940079967763147, 0.009221294120972418, 0.015186001203608985], [0.015290038301246034, 0.9463401234285965, 0.010508678898062743, 0.005625402545833072, 0.022235756726261664], [0.9336346286077961, 0.03198317811866727, 0.005550905313382477, 0.011748605848465614, 0.017082682011688458]], "ideal": "E", "sampled": "E", "correct": true}}
{"type": "result", "data": {"idx": 36, "options": ["poisonous gas", "homicide", "cinder", "nuclear weapons", "cyanide"], "probs": [[0.07282269596129787, 0.15426043848479795, 0.0642658086300378, 0.01730377005176533, 0.691347286772101], [0.11210764859905592, 0.05295590271304052, 0.07702165783900451, 0.6458858202803526, 0.11202897046854647], [0.056093819851733305, 0.08168096155363812, 0.36598897249308787, 0.08168096155363812, 0.4145552844479026], [0.11330820703348078, 0.44814265103733375, 0.05348544607138318, 0.2718679030851942, 0.11319579267260808], [0.47319710057135633, 0.046876717936101334, 0.3252232750402797, 0.0725850265157263, 0.0821178798365363]], "ideal": "B", "sampled": "E", "correct": false}}
{"type": "result", "data": {"idx": 37, "options": ["players", "play games", "casino", "table", "toy store"], "probs": [[0.008332355183884066, 0.007353798338254392, 0.015562297408937843, 0.9630251915248496, 0.005726357444074141], [0.009219856391207773, 0.03218213232311559, 0.9404051701421476, 0.002994570542063024, 0.015198270501465914], [0.008389387327338037, 0.9698065093790481, 0.005765597194310688, 0.006533661634656311, 0.009504844364646834], [0.9220606546364948, 0.005152941138483257, 0.004837500324547823, 0.009037640741492938, 0.05891126305898115], [0.007298795597394964, 0.006443053098664991, 0.004711625225004771, 0.08351122692081575, 0.8980352990581195]], "ideal": "D", "sampled": "D", "correct": true}}
{"type": "result", "data": {"idx": 38, "options": ["read book", "own house", "apartment", "more rice", "warm coat"], "probs": [[0.001912947462451551, 0.0031546319380676632, 0.001688289905962456, 0.0021678071070962684, 0.991076323486422], [0.0027594413094364015, 0.004549246432008204, 0.004548694623420957, 0.9823022996621024, 0.00584031787303211], [0.002162159280383745, 0.005187095737960084, 0.9883578375009877, 0.0016848453159652107, 0.0026080620647032263], [0.004562363116237479, 0.9852577637306483, 0.004026523403001964, 0.00355363085247229, 0.0025997187976399645], [0.9836112356021102, 0.006627520610464124, 0.002438128716627657, 0.0037762471840205826, 0.003546867786777457]], "ideal": "E", "sampled": "E", "correct": true}}
{"type": "result", "data": {"idx": 39, "options": ["gap", "shopping mall", "bedroom", "laundromat", "bathroom"], "probs": [[0.013772513093943058, 0.9656248847614135, 0.008354292804300565, 0.006507070906188683, 0.005741238334154226], [0.9255983279937929, 0.0051731616518431575, 0.00456319798213208, 0.005505377454393022, 0.05915993481783885], [0.003688198480307585, 0.003929105799148094, 0.002698343625491669, 0.029007451310118216, 0.9606769006849344], [0.0073077231088415915, 0.006450610706429604, 0.015468186526580571, 0.9571228536566081, 0.013650625901540177], [0.0044482799654326135, 0.010675169886119192, 0.9604970893527239, 0.004450503497960214, 0.019928957197764056]], "ideal": "B", "sampled": "B", "correct": true}}
{"type": "result", "data": {"idx": 40, "options": ["theater", "opera", "show", "television", "blockbuster feature"], "probs": [[0.9241758663674959, 0.013187651715543943, 0.021728512546006745, 0.01917945672494659, 0.021728512546006745], [0.01209241490995078, 0.012101980523850893, 0.008313136877370855, 0.0064747662360772245, 0.9610177013527502], [0.013441455815705581, 0.006350656216600384, 0.0056029761070561885, 0.9423646999032378, 0.03224021185740011], [0.006475343758167986, 0.008317308137301799, 0.9611292177701557, 0.006476873920919938, 0.017601256313454616], [0.005693262841760092, 0.9576086885547908, 0.013655662376282695, 0.009386172407926071, 0.013656213719240393]], "ideal": "A", "sampled": "A", "correct": true}}
{"type": "result", "data": {"idx": 41, "options": ["baggage compartment", "movie", "subway", "airplane", "cargo hold"], "probs": [[0.009496038982075888, 0.968661507754778, 0.008379907525925047, 0.008380226038252357, 0.0050823195989687375], [0.9049848283481678, 0.018787823545589465, 0.014624189529505541, 0.016573958035488195, 0.045029200441248925], [0.006075969667426149, 0.006077405301120625, 0.005361697433773006, 0.022572961713533193, 0.9599119657841471], [0.015166154087402937, 0.01516758646151855, 0.01947210350957968, 0.9383853646778367, 0.011808791163662138], [0.011697719144809009, 0.015026394626168924, 0.9292136050114097, 0.008042403683249415, 0.03601987743436297]], "ideal": "B", "sampled": "B", "correct": true}}
{"type": "result", "data": {"idx": 42, "options": ["eat", "think", "reading", "meditate", "fall asleep"], "probs": [[0.007198726023806261, 0.00720592794100675, 0.025126022279505826, 0.01726745935850548, 0.9432018642971757], [0.011747001789468988, 0.028177595051869748, 0.01174465299391198, 0.9332503175042072, 0.015080432560542142], [0.06351683128750532, 0.030020809703354443, 0.8772206518339493, 0.011045593854345176, 0.018196113220845737], [0.012038561306143714, 0.9566816069215915, 0.009376851472817443, 0.0064460699586936935, 0.015456910240753588], [0.964121093313346, 0.006105859235096664, 0.004753077353542476, 0.017659826021497793, 0.00736014397651714]], "ideal": "E", "sampled": "E", "correct": true}}
{"type": "result", "data": {"idx": 43, "options": ["eyes", "animal", "fingertips", "brainstem", "human body"], "probs": [[0.015484666718209793, 0.9585450476072773, 0.008290473015744294, 0.009392679265633433, 0.008287133293135133], [0.9377933807406594, 0.017181602589745947, 0.010416105194488143, 0.019459846873636243, 0.01514906450147022], [0.004526330066880603, 0.005816616799293112, 0.004527080247122157, 0.007463893866133485, 0.9776660789205707], [0.010721007957770558, 0.004472366859852796, 0.007367944114266657, 0.9652931388086009, 0.012145542159509118], [0.008364875375864573, 0.012178634181255458, 0.9669987183421779, 0.005076809894377328, 0.007380962106324797]], "ideal": "B", "sampled": "B", "correct": true}}
{"type": "result", "data": {"idx": 44, "options": ["ground", "subway", "bank", "bed", "street"], "probs": [[0.008296952628428896, 0.01065562671310233, 0.006460532581498381, 0.9590901189032562, 0.015496769073714186], [0.007290524861556069, 0.012026439363673772, 0.9551874949797057, 0.0030422289711071163, 0.022453311723957335], [0.01054752180607154, 0.9494577061700115, 0.009308155984303216, 0.01534515804198747, 0.015341457897626332], [0.9102900052751679, 0.04534975451527151, 0.01666978192349844, 0.012983479572046873, 0.014706978614015305], [0.0051566578356946335, 0.004558779921555297, 0.0035455356173255655, 0.0035455356173255655, 0.9831934909080989]], "ideal": "D", "sampled": "D", "correct": true}}
{"type": "result", "data": {"idx": 45, "options": ["theater", "train", "bathhouse", "dwelling", "actors and actresses"], "probs": [[0.9624278723710445, 0.011385150012285896, 0.006484787903238321, 0.011379984896551606, 0.008322204716879625], [0.003331405475015776, 0.005850930929217791, 0.002437308294068927, 0.004847768419896842, 0.9835325867818007], [0.006532126592894436, 0.007400478198165513, 0.007399325220896641, 0.969167583758666, 0.009500486129377416], [0.005115147854598934, 0.009558518804520383, 0.9747746628095209, 0.0039852869291506525, 0.0065663835022091365], [0.01761158299495593, 0.962027196027929, 0.00942760581928094, 0.006480709611842894, 0.004452905445991233]], "ideal": "A", "sampled": "A", "correct": true}}
{"type": "result", "data": {"idx": 46, "options": ["packaging materials", "recycle bin", "box factory", "warehouse", "bowler hats"], "probs": [[0.9641840757770819, 0.005061744869709902, 0.0044650581191294034, 0.01558244276823353, 0.01070667836584533], [0.007455058935416306, 0.007460517882741522, 0.0051244437271147384, 0.0031091024010339876, 0.9768508769536934], [0.004499382564200736, 0.0027293885558951356, 0.0035041225496403264, 0.9714782127296946, 0.017788893500569235], [0.0030985886123684856, 0.0057896733144598925, 0.9734903990002692, 0.003738640738428023, 0.013882698234474349], [0.003695613133615801, 0.9625090086275028, 0.007348135835577601, 0.006483563037174903, 0.019963679266128874]], "ideal": "A", "sampled": "A", "correct": true}}
{"type": "result", "data": {"idx": 47, "options": ["sick person", "hospital", "elderly person", "graveyard", "doctor's office"], "probs": [[0.4216908474804953, 0.07329447498469177, 0.018522741098686797, 0.06466212062764518, 0.421829815708481], [0.005822905100106211, 0.003118820825998674, 0.003760135578131576, 0.007477509947667523, 0.979820628448096], [0.009445706205509278, 0.005732356463314373, 0.01374099657284528, 0.5158278845511896, 0.4552530561071415], [0.010149465697952633, 0.00616063213475683, 0.9138461193029985, 0.024360257710069017, 0.04548352505422293], [0.007158201936124802, 0.8275880544293958, 0.12686360383227588, 0.006318138230445301, 0.03207200147175822]], "ideal": "A", "sampled": "A", "correct": true}}
{"type": "result", "data": {"idx": 48, "options": ["park", "internet", "meeting", "library", "book"], "probs": [[0.0152626868307368, 0.0366145078763898, 0.015261331756374463, 0.833342323772582, 0.09951914966391694], [0.04405159634064983, 0.023584692508147816, 0.8848296070653382, 0.026726257849829776, 0.020807846136034328], [0.019161912732287643, 0.20608536539311365, 0.0459690156460144, 0.009639381959744278, 0.71914432416884], [0.30092629142700095, 0.03172203830162714, 0.01322177862234359, 0.6371542078229033, 0.016975683726124954], [0.007279167137477083, 0.006426754105878687, 0.08330813262800547, 0.007280998117705487, 0.8957049479109332]], "ideal": "D", "sampled": "D", "correct": true}}
{"type": "result", "data": {"idx": 49, "options": ["stagnant", "stagnation", "tradition", "hunger", "paper money"], "probs": [[0.814426955445524, 0.14153905158736385, 0.016901446441728096, 0.0191488675040644, 0.007983678921319584], [0.9422210987957635, 0.009240933047549598, 0.008152386534675633, 0.008152386534675633, 0.03223319498733558], [0.010060072023822387, 0.006103752228642356, 0.006912881096841045, 0.5491581602104744, 0.42776513434021984], [0.018369803799932895, 0.016220477221480595, 0.7813044843259978, 0.15382083188811507, 0.03028440266447369], [0.01849509511441467, 0.477225242195603, 0.47704714350658234, 0.008737423968985246, 0.01849509511441467]], "ideal": "B", "sampled": "A", "correct": false}}
{"type": "result", "data": {"idx": 50, "options": ["cause irrational behaviour", "recur", "effectively treated", "managed", "cause suffering"], "probs": [[0.01832575952278103, 0.03424777542475337, 0.8833283986787901, 0.049826690219638085, 0.014271376054037384], [0.017162441246594044, 0.9372498464438811, 0.028296081627902418, 0.008106963255174203, 0.009184667326448265], [0.9254661458428503, 0.05222305872309089, 0.004027009999972785, 0.008005816611004322, 0.010277968723081801], [0.01963525619761576, 0.01192288482154272, 0.004382574374532576, 0.017333417751652442, 0.9467258667546565], [0.018072745415981778, 0.006651714879190821, 0.012420427804662485, 0.7685783354059069, 0.19427677639425794]], "ideal": "C", "sampled": "C", "correct": true}}
{"type": "result", "data": {"idx": 51, "options": ["cast iron stomach", "physical exertion", "shin splints", "adventure", "fatigue"], "probs": [[0.3155106984082813, 0.2456874762222812, 0.07491239354899466, 0.3155106984082813, 0.048378733312161554], [0.4096796932311367, 0.14159289422982296, 0.3190122043473058, 0.06283683516460627, 0.06687837292712827], [0.3534319672124412, 0.31199908020953343, 0.08393563266797216, 0.06142646772972554, 0.1892068520803277], [0.4147639912131208, 0.32305866144082884, 0.09851507903891521, 0.07673316331978813, 0.08692910488734701], [0.4215118774700984, 0.19913283959301073, 0.04728161792367499, 0.10655076522858606, 0.22552289968462985]], "ideal": "C", "sampled": "D", "correct": false}}
{"type": "result", "data": {"idx": 52, "options": ["chess game", "scheme", "chess set", "checkers", "north carolina"], "probs": [[0.9434101035886218, 0.00925225059070346, 0.010480882925037184, 0.019581948205657878, 0.01727481458997971], [0.023422184644530556, 0.0721792912948239, 0.01106511763886385, 0.01420878038345695, 0.8791246259383247], [0.8472384750733478, 0.015521380780319496, 0.025582823784908924, 0.07881090180038744, 0.03284641846103632], [0.008142741130785775, 0.01045907906518243, 0.7329861878108044, 0.010457114905936787, 0.23795487698729065], [0.007952802356449351, 0.9192697356776868, 0.016834390420087993, 0.024496355620339964, 0.031446715825435935]], "ideal": "A", "sampled": "A", "correct": true}}
{"type": "result", "data": {"idx": 53, "options": ["isolation", "grief", "happiness", "relief", "angry"], "probs": [[0.015046942817015761, 0.015049791732917154, 0.4397183583465361, 0.49833052917818654, 0.03185437782534439], [0.011828517727381293, 0.17381881450885553, 0.7790018442639957, 0.011829094216064049, 0.023521729183703446], [0.5299336777598267, 0.4127127591061263, 0.016004677398801955, 0.013266629768199012, 0.028082255867046064], [0.38059002225275745, 0.024337438950693735, 0.010143774441699891, 0.031240730251510026, 0.5536880340033389], [0.0074012682909033985, 0.004491038233131861, 0.005087263909058504, 0.17930908444771218, 0.8037113450191941]], "ideal": "C", "sampled": "D", "correct": false}}
{"type": "result", "data": {"idx": 54, "options": ["continue to grow", "plant themselves", "many colors", "smell good", "make pretty"], "probs": [[0.030005256474223942, 0.0340017829017342, 0.02061943506088656, 0.8768488494305602, 0.038524676032595136], [0.03399560664014714, 0.06351940501484803, 0.8767013944941376, 0.01819787754095435, 0.007585716209912821], [0.0808727982694809, 0.8695067751162027, 0.023167448360429877, 0.012400642101299328, 0.014052336052587197], [0.860117974688157, 0.062314298799097875, 0.03334519881507856, 0.029425686497282225, 0.014796841100384301], [0.055749730775836955, 0.043444295651484076, 0.01597427619764468, 0.012440092265072214, 0.872391605009962]], "ideal": "D", "sampled": "D", "correct": true}}
