{"type": "result", "data": {"idx": 0, "options": ["paralysis of the facial muscles.", "paralysis of the facial muscles and loss of taste.", "paralysis of the facial muscles, loss of taste and lacrimation.", "paralysis of the facial muscles, loss of taste, lacrimation and decreased salivation."], "probs": [[0.45400294592887136, 0.1149240580509677, 0.15176985138680277, 0.2793031445333582], [0.3856993076668817, 0.11394478549331598, 0.3520521573676106, 0.14830374937219173], [0.4078171368511286, 0.17169051593208695, 0.1128450134502004, 0.3076473336665841], [0.4963685234480911, 0.18988368903575276, 0.1989226742818119, 0.11482511313434418], [0.470095083899249, 0.23122104259409126, 0.09717233674180621, 0.2015115366648535], [0.4907972221600626, 0.2736280099101614, 0.08888782030123774, 0.14668694752853825], [0.31473012182233107, 0.27656624954704556, 0.13087638306246477, 0.27782724546815857], [0.29730820209825926, 0.21659482690619872, 0.28473332097166576, 0.20136364992387626], [0.33003266658961555, 0.17859635713113464, 0.28798376652747154, 0.20338720965177823], [0.266522556516698, 0.2358726262810392, 0.3024901151354614, 0.1951147019668014], [0.29718582933595716, 0.36895205467372977, 0.15645993778154463, 0.17740217810876843], [0.22777923732363003, 0.4382941097853796, 0.14217386079097663, 0.19175279200001372], [0.392696750451243, 0.19055197279252573, 0.10545566205569078, 0.3112956146005405], [0.49306864276170304, 0.21436745245648706, 0.15146580562665068, 0.1410980990551592], [0.3724207877740372, 0.09801325201008088, 0.41800361867539326, 0.11156234144048867], [0.3811412566859233, 0.15557113751915477, 0.2207934623972357, 0.2424941432976862], [0.441518409253267, 0.17314990379121628, 0.26477671456004, 0.1205549722954767], [0.3783937394240594, 0.2078516632110645, 0.10970668493604319, 0.3040479123288329], [0.4481250807753581, 0.19782025520551116, 0.11041327980805142, 0.2436413841110793], [0.5317001223397498, 0.1883878665589385, 0.09056144004389781, 0.1893505709574138], [0.37776036921060313, 0.08109991009914767, 0.4307184388588759, 0.11042128173137325], [0.4343616689576714, 0.14242210553817078, 0.1595993160743345, 0.2636169093298233], [0.45166292782081574, 0.09396284072651603, 0.33687767383067685, 0.11749655752199134], [0.39511262741385333, 0.11331050772192504, 0.16411879145165956, 0.3274580733125621]], "ideal": "A", "sampled": "A", "correct": true}}
{"type": "result", "data": {"idx": 1, "options": ["a protruding mandible due to reactivation of the condylar cartilage by acromegaly.", "a recessive maxilla due to failure of elongation of the cranial base.", "an enlarged frontal bone due to hydrocephaly.", "defective development of the maxillary air sinus."], "probs": [[0.2598096968016312, 0.5862502324087976, 0.07972044318742068, 0.07421962750215053], [0.23380084681856386, 0.6065825313703987, 0.0907146720603987, 0.06890194965063864], [0.2905806302733711, 0.18216693399515, 0.435203522400251, 0.09204891323122785], [0.2567433378328932, 0.16706333803855655, 0.13494086063137004, 0.44125246339718016], [0.2214053885522018, 0.19132448873487543, 0.5019781626406365, 0.08529195997228615], [0.2763711984311299, 0.17036171984332146, 0.16883925337119668, 0.38442782825435196], [0.6323520995263489, 0.1717053613258848, 0.10070968938260697, 0.09523284966515941], [0.6219784755825055, 0.16886964816110145, 0.11767308675825505, 0.09147878939813793], [0.6477562333239217, 0.15748350672674785, 0.10389870636389863, 0.0908615534854318], [0.6439188718151857, 0.14950604735309903, 0.12098877875787106, 0.08558630197384418], [0.6432524487532256, 0.16002953467954925, 0.09991091563895924, 0.09680710082826592], [0.6565882660773691, 0.15472367634900425, 0.09734796876750405, 0.09134008870612258], [0.24051879994591632, 0.18463620243408696, 0.492516052653498, 0.08232894486649868], [0.22381677554345786, 0.1916047575399972, 0.14863985332433563, 0.4359386134922093], [0.2756701471158151, 0.5537481431202005, 0.09427703381751282, 0.07630467584647152], [0.25348778612284967, 0.5676159646682573, 0.10706952559363327, 0.07182672351525977], [0.16486855218107124, 0.14094868615980652, 0.1145443867303116, 0.5796383748288106], [0.20968969705068807, 0.222026399399066, 0.47526402899662773, 0.0930198744536182], [0.2139134955062599, 0.13288806080484558, 0.5720931759181765, 0.08110526767071799], [0.27641835902953854, 0.15493911377171316, 0.13645751839699774, 0.43218500870175053], [0.4259069827823087, 0.3683755369982139, 0.10244178694623159, 0.10327569317324582], [0.4376908079212261, 0.36431487033915444, 0.09361637034015097, 0.10437795129946847], [0.22099680035581762, 0.12677945384276884, 0.11957720099053877, 0.5326465447108748], [0.23650314440082865, 0.14583838310508235, 0.5236684796510405, 0.09398999274304856]], "ideal": "B", "sampled": "B", "correct": true}}
{"type": "result", "data": {"idx": 2, "options": ["Bladder", "Kidney", "Ureter", "Urethra"], "probs": [[0.8357936505567728, 0.09139952552337226, 0.030651324500487284, 0.04215549931936768], [0.8537423006121632, 0.08644381015334289, 0.03130780748409787, 0.028506081650396087], [0.8662737509305048, 0.08175207018902889, 0.027406841181282764, 0.024567337599183496], [0.8438743931122004, 0.09454956708008572, 0.03424957145457706, 0.02732646825313691], [0.8543398307112233, 0.0858953229855466, 0.03232369318729177, 0.027441153015938285], [0.8399003932578452, 0.09191005976014596, 0.03329831945236028, 0.03489122742964863], [0.08339697959432288, 0.8063082063417267, 0.04459375166272432, 0.06570106230122612], [0.0935535370249407, 0.7984705089496383, 0.0532051966018698, 0.054770757323551134], [0.1032418207680079, 0.16431260841839226, 0.6569853122017828, 0.07546025851181701], [0.10702778584785011, 0.1715374201307872, 0.09957777933492537, 0.6218570145864373], [0.08564809027685628, 0.135061920681962, 0.7231108599409866, 0.05617912900019516], [0.08156787862153489, 0.17602400920871922, 0.0894203728693488, 0.6529877392003971], [0.12157110778091246, 0.7651584686679523, 0.05141453778665802, 0.06185588566447719], [0.13971561224837747, 0.7346429653848578, 0.06287708967087285, 0.06276433259589177], [0.07549093761176612, 0.1412703422717375, 0.732180949822753, 0.051057770193743385], [0.09033609108737439, 0.17171980228195516, 0.09591155467799488, 0.6420325518526755], [0.10658563642084717, 0.15419376928861714, 0.6834825138909301, 0.05573808029960557], [0.08000509529464052, 0.20985741681420622, 0.07093887939095647, 0.6391986084001968], [0.09930802695748987, 0.7893828601833279, 0.0494551053322737, 0.061854007426908546], [0.0988224656343761, 0.785174239928802, 0.04624145064116977, 0.0697618436956521], [0.05557453590392735, 0.11691992641620935, 0.7780765236279391, 0.04942901395192415], [0.06329005069494532, 0.1672125421175218, 0.09928127900379623, 0.6702161280837367], [0.07002586844598646, 0.1417179847302951, 0.7397648067786443, 0.0484913399450741], [0.06696730305977458, 0.1989622771231732, 0.0683190023329783, 0.665751417384074]], "ideal": "A", "sampled": "A", "correct": true}}
{"type": "result", "data": {"idx": 3, "options": ["Motor neurons", "Skeletal muscles", "Melanocytes", "Sweat glands"], "probs": [[0.16127751958162073, 0.45894740834164494, 0.14568229047653639, 0.23409278150019794], [0.14728556791390704, 0.4360812370949201, 0.28985941839090296, 0.12677377650026994], [0.15418006478198343, 0.1852066665702626, 0.37233784791084057, 0.2882754206369134], [0.13466179254355967, 0.18930142349478948, 0.4890035701496868, 0.18703321371196407], [0.0990573383838917, 0.7160083001433432, 0.10555570492913983, 0.07937865644362525], [0.09843171093577167, 0.6895960363176484, 0.10988051115723821, 0.10209174148934172], [0.32898650060264334, 0.1141301112378269, 0.2399346714962199, 0.31694871656330986], [0.2965153499621968, 0.10296344909477939, 0.43526426601921403, 0.16525693482380976], [0.31311838882657766, 0.22657048024741636, 0.1369287330690566, 0.3233823977569494], [0.2913987127071899, 0.2353642950825257, 0.34594843819104515, 0.12728855391923918], [0.24035875675926147, 0.5469526092679168, 0.1035958312616154, 0.10909280261120635], [0.23789004979138892, 0.5328574776116618, 0.13696625827373318, 0.09228621422321615], [0.2556029634101779, 0.12502545489686545, 0.29578635975104167, 0.32358522184191496], [0.20813832864858028, 0.10359802686731127, 0.5450783886203714, 0.14318525576373703], [0.30264779471339537, 0.22232876384525319, 0.13971209316477648, 0.33531134817657493], [0.24441742745759068, 0.19587330694877558, 0.43962851194622216, 0.12008075354741157], [0.16940943768856515, 0.6565309117336369, 0.09090816905998947, 0.08315148141780852], [0.16843202833958992, 0.6680499960413842, 0.09395702997368545, 0.06956094554534044], [0.43154961831015864, 0.09526821437869948, 0.35239992329828396, 0.12078224391285791], [0.5442816776768974, 0.10039305985141386, 0.19195785198550666, 0.16336741038618208], [0.5798850482156629, 0.17093392695464235, 0.11901674808811838, 0.13016427664157643], [0.5493880837241628, 0.16708218555461574, 0.16952102895001292, 0.11400870167120855], [0.48854412167717803, 0.15936804831317666, 0.1436849044511607, 0.2084029254584846], [0.5106187766648591, 0.16662442185550166, 0.18868650128662215, 0.13407030009301707]], "ideal": "C", "sampled": "D", "correct": false}}
{"type": "result", "data": {"idx": 4, "options": ["Afferent arteriole", "Glomerulus", "Loop of Henle", "Renal pelvis"], "probs": [[0.0698036105671079, 0.8716229215726778, 0.033513318806354116, 0.025060148953860144], [0.07015993772117748, 0.8697503613253397, 0.03448823254621446, 0.02560146830726832], [0.07436423623325206, 0.04145929892480463, 0.8570232246830685, 0.027153240058874824], [0.05957657304248384, 0.029515964082769887, 0.05183259624937235, 0.8590748665253739], [0.05848691984426232, 0.03419540449634967, 0.886423051268627, 0.02089462429076103], [0.05953642179902504, 0.0281429784466749, 0.04608328794506398, 0.866237311709236], [0.9425570630297301, 0.02113703377034808, 0.016177541933503334, 0.02012836116641854], [0.9362919667203479, 0.023229241111353178, 0.019538339304872636, 0.020940452763426272], [0.9412161549153243, 0.022827395784348066, 0.01874395614545436, 0.01721249305487326], [0.9293726795434664, 0.024550838405762446, 0.022323094148278978, 0.023753387802492174], [0.9356786729758919, 0.02844189703011199, 0.017108496499882955, 0.01877093339411314], [0.9319579351490821, 0.026618848612434944, 0.01744046499556484, 0.023982751142918056], [0.06231057292821669, 0.03696178878604704, 0.8726492479876139, 0.028078390198122374], [0.051934458164100986, 0.028019100493197245, 0.045134893930643634, 0.8749115473120581], [0.10102520618629338, 0.8297585031740994, 0.036148956961881126, 0.033067333577726114], [0.08688477133979836, 0.8209355304802232, 0.038332032172454455, 0.053847665907524], [0.047247203897897945, 0.031139307314167964, 0.041946175941553955, 0.8796673127463801], [0.06118289008124782, 0.036899380382185765, 0.8716280459486038, 0.030289683487962623], [0.04987355134411428, 0.031015900184685086, 0.8974672889358613, 0.021643259435339318], [0.04727832476713735, 0.023228484529171412, 0.039847220182418146, 0.8896459704212731], [0.08474771425032376, 0.8581499200752558, 0.03225035123948558, 0.024852014334934835], [0.07787534825843698, 0.8522278919627753, 0.034328618175191596, 0.03556814150359615], [0.041196968785995804, 0.02696124675377973, 0.041793331888919504, 0.8900484524713049], [0.059619665917264024, 0.03483542845021521, 0.8760408276417362, 0.029504077890784585]], "ideal": "B", "sampled": "B", "correct": true}}
{"type": "result", "data": {"idx": 5, "options": ["They will be unable to breathe without life support.", "They will only be able to breathe quietly.", "It is impossible to predict an effect on breathing.", "Breathing will be unaffected."], "probs": [[0.4585922887672506, 0.17231614629220157, 0.15957839547620253, 0.20951316936434525], [0.47974606870212944, 0.17070165965764975, 0.18793520789328094, 0.1616170636469399], [0.4028186857717546, 0.27862334663798716, 0.10993603034612927, 0.20862193714412897], [0.38735451713272917, 0.37788596182432904, 0.14568802495798885, 0.08907149598495298], [0.498273890377089, 0.20241854045196478, 0.1163825642137649, 0.18292500485718127], [0.5008389538828236, 0.22868904084973884, 0.18281452347775212, 0.08765748168968546], [0.13462094058546933, 0.7390292982668969, 0.06291474724503493, 0.0634350138025989], [0.13911754513411273, 0.7233525837243112, 0.06500410578513267, 0.07252576525644337], [0.15069622473534, 0.11629172933242868, 0.6671521365192418, 0.06585990931298956], [0.10287940884393618, 0.0805083096136226, 0.08565266003544397, 0.7309596214069972], [0.06831737065577911, 0.06984299628760345, 0.8162570838188582, 0.04558254913775919], [0.09140643408422716, 0.07262374405862031, 0.0766897419264983, 0.7592800798306543], [0.19511761786941068, 0.6201791490087668, 0.08049378218036969, 0.10420945084145278], [0.192870037185262, 0.6521751332537963, 0.0765214568040848, 0.0784333726568569], [0.09346522598818845, 0.10336457422901978, 0.7560268808747338, 0.04714331880805797], [0.04955840368750441, 0.04326934220123771, 0.061423547037992, 0.8457487069732659], [0.18602659637974778, 0.12266006867821587, 0.5703019754153296, 0.12101135942670681], [0.04374409971718805, 0.038200513210857184, 0.05173032582644923, 0.8663250611455056], [0.09807377380697019, 0.8026841341846488, 0.04957317969879374, 0.0496689122095873], [0.0881163284829153, 0.8292032275805046, 0.04593860532642236, 0.03674183851015773], [0.06718684876602923, 0.06061371245847573, 0.834426149544766, 0.03777328913072903], [0.07233633531421274, 0.0507468164361523, 0.0682484250148489, 0.808668423134786], [0.20436481672646561, 0.15884695590531173, 0.552890228732739, 0.08389799853548366], [0.057714591584644384, 0.051613382028593134, 0.06118012850156823, 0.8294918977851943]], "ideal": "B", "sampled": "A", "correct": false}}
{"type": "result", "data": {"idx": 6, "options": ["Epigastric", "Hypochondriac", "Hypogastric", "Lumbar"], "probs": [[0.47732273806305003, 0.2172364044844621, 0.1958355202144243, 0.10960533713806356], [0.4991697258438832, 0.21006652003163945, 0.11191850571401703, 0.1788452483104603], [0.5208678608223934, 0.1858641719990994, 0.17834506129872743, 0.11492290577977968], [0.5651748782393787, 0.1822682577803584, 0.1277900949807726, 0.12476676889949027], [0.5112193365283794, 0.0918245531385609, 0.23780410843460967, 0.15915200179845002], [0.5527994118495232, 0.09618060433171909, 0.24163589239141794, 0.10938409132733981], [0.2779778138278423, 0.4748212219739031, 0.152164230027322, 0.09503673407093263], [0.2970007547066357, 0.48429782369740865, 0.0904011916129343, 0.12830022988302137], [0.2916111241134289, 0.13701667869893908, 0.47975383397036553, 0.09161836311726647], [0.2859090268325999, 0.13756430147702725, 0.1371481716495695, 0.43937849994080336], [0.29930577348098236, 0.09751088389176042, 0.4515725474704559, 0.15161079505680128], [0.20203984835421446, 0.07689720047450294, 0.22899624407217034, 0.4920667069991122], [0.2084242049436853, 0.6394480156012294, 0.08930656712234579, 0.06282121223273948], [0.19454634912401877, 0.6660873541347436, 0.06700360278873672, 0.07236269385250087], [0.24908580254635537, 0.20379734340950373, 0.4638128647312562, 0.08330398921288469], [0.23053622415246083, 0.21044241046620832, 0.11127284996047147, 0.44774851532085935], [0.23299997001046618, 0.1342427819426472, 0.4958780781781373, 0.13687916976874934], [0.19007136135030717, 0.10195321755163533, 0.2661525844801871, 0.44182283651787035], [0.13232310114967816, 0.6656816005041105, 0.1147109642510144, 0.08728433399519689], [0.13238874876128037, 0.6661362299927001, 0.12314983558877007, 0.07832518555724947], [0.16290962175347237, 0.3253881230856307, 0.3980467854368075, 0.11365546962408944], [0.13027731941740153, 0.2239537025417833, 0.17640243818809465, 0.46936653975272047], [0.1548496335590008, 0.20919589696222707, 0.5261973142097705, 0.1097571551690017], [0.14398833249629112, 0.15374895012337578, 0.254862412495017, 0.4474003047853161]], "ideal": "A", "sampled": "A", "correct": true}}
{"type": "result", "data": {"idx": 7, "options": ["Hair in the nose", "Mucous membranes", "Osteoblasts", "Saliva"], "probs": [[0.08466690904049157, 0.8196409465989535, 0.05518749065424701, 0.04050465360630798], [0.08899497752877406, 0.8354645152737259, 0.05409233503007004, 0.02144817206743006], [0.08099160161568332, 0.058993867205281526, 0.8116206344533318, 0.04839389662570341], [0.08728579268316916, 0.05426527085608607, 0.3436936969768463, 0.5147552393838984], [0.08414739863783864, 0.22952092497673424, 0.6562810343956009, 0.030050641889826205], [0.09731679408769188, 0.22828789053064563, 0.08263473956950676, 0.5917605757121557], [0.7559629283704843, 0.10330882873722622, 0.06881851343323842, 0.07190972935905113], [0.7168087460763221, 0.0935940982063642, 0.16576133782172636, 0.023835817795587425], [0.7160823388649298, 0.0837558657224941, 0.09128997545133853, 0.10887181986123759], [0.7170525721763087, 0.07351998170549612, 0.1793305111932004, 0.030096934824994783], [0.801955181323751, 0.1131817798169422, 0.0596539242428624, 0.025209114516444447], [0.8063214565945179, 0.11034866549748133, 0.05592676311581314, 0.02740311469218762], [0.06995035498782785, 0.0893828171586175, 0.7817929153318353, 0.05887391242171942], [0.07957174568891719, 0.0909836732431886, 0.26780611074417426, 0.5616384702237199], [0.06811089270956369, 0.7771811716131385, 0.0709418004960942, 0.08376613508120366], [0.06930635894628588, 0.8224200040114795, 0.06472189002850848, 0.04355174691372612], [0.07641370935333258, 0.19531015432804463, 0.08865884341868088, 0.6396172927999418], [0.06931627334508716, 0.2246441177905232, 0.6623480121919368, 0.043691596572452744], [0.07075865097741195, 0.08629573473255608, 0.816038521179926, 0.02690709301010592], [0.09855601253206538, 0.10100698552817962, 0.09940740534772899, 0.701029596492026], [0.10022368951463052, 0.8176485834373319, 0.05816191763473635, 0.0239658093133012], [0.1078457961152347, 0.8137999620629658, 0.053554209808973095, 0.024800031912826447], [0.10573750618458438, 0.07808658200237599, 0.10421638810882222, 0.7119595236042174], [0.09616927450627273, 0.0723400592572942, 0.786397668083253, 0.045092998053180136]], "ideal": "B", "sampled": "B", "correct": true}}
{"type": "result", "data": {"idx": 8, "options": ["six weeks post-fertilization.", "eight weeks post-fertilization.", "ten weeks post-fertilization.", "twelve weeks post-fertilization."], "probs": [[0.27693366588961876, 0.30523487467641724, 0.23631593230513004, 0.18151552702883397], [0.26975866747544724, 0.2811021166594541, 0.21107801478364266, 0.238061200981456], [0.27739795626313174, 0.27161460707429974, 0.3451381869993453, 0.10584924956322324], [0.26304036768190764, 0.278708849502183, 0.22436228726590599, 0.2338884954500034], [0.2817984479115968, 0.2591519614921346, 0.32925000292868073, 0.12979958756758783], [0.2692535221307437, 0.26570776102269983, 0.2522825896487677, 0.2127561270977887], [0.3372500789759628, 0.35642122894099715, 0.15830632732017727, 0.14802236466286275], [0.31857548716866396, 0.34210048573319235, 0.14954734668663688, 0.18977668031150682], [0.32136750457476215, 0.2747997661762794, 0.29397666670405104, 0.10985606244490742], [0.27342922307585915, 0.2872849192118928, 0.23482642275209653, 0.2044594348601515], [0.30687112070339534, 0.277320538095526, 0.2873360259146653, 0.12847231518641342], [0.28833882279261497, 0.2868497498434184, 0.25576718114636615, 0.1690442461176005], [0.3269118161961535, 0.3348655205469865, 0.21667645472224872, 0.12154620843461134], [0.3214913010275738, 0.33722963925804034, 0.14852635560934627, 0.1927527040050396], [0.30503522184630977, 0.31700425246193453, 0.2722059054225218, 0.10575462016923388], [0.34090645066032427, 0.32577894173112465, 0.1515937208027808, 0.18172088670577027], [0.2920872736242118, 0.27455307803300427, 0.24687129643156208, 0.18648835181122186], [0.2904783660168066, 0.26663775838556375, 0.24552519590337712, 0.19735867959425252], [0.31236610931812686, 0.30523164238073014, 0.23659874576355858, 0.1458035024375844], [0.3225875044703136, 0.29592378267326114, 0.17562741824542938, 0.2058612945109959], [0.27894140534031797, 0.3158788523900022, 0.2866188117553736, 0.11856093041430625], [0.34077783907853426, 0.29868194012811244, 0.20263874226810594, 0.1579014784252474], [0.3008063598806, 0.2615070225853322, 0.24847720940263374, 0.18920940803143402], [0.2882922119631835, 0.26257462721972735, 0.26360531067564685, 0.18552785004144226]], "ideal": "C", "sampled": "B", "correct": false}}
{"type": "result", "data": {"idx": 9, "options": ["bilateral contraction of antigravity limb muscles.", "bilateral contraction of limb musculature.", "contraction of ipsilateral limb musculature.", "contraction of contralateral limb musculature."], "probs": [[0.11993596522896227, 0.10480982653031955, 0.4041091739114954, 0.37114503422922274], [0.13762234614736887, 0.13627881285088336, 0.5481471606431252, 0.17795168025862254], [0.20082148913681142, 0.3796148880649639, 0.11798904223968684, 0.3015745804585378], [0.11117835921161674, 0.25479018305987045, 0.5558273708886285, 0.07820408673988423], [0.1482957728312765, 0.6284305359028598, 0.07214373241919457, 0.15112995874666907], [0.14418391989356813, 0.6508338499225564, 0.12447735758726784, 0.08050487249660757], [0.09823549085574947, 0.081807407186416, 0.2683528145388476, 0.5516042873189869], [0.18475284482356955, 0.11807760900279242, 0.4928463513341052, 0.2043231947395328], [0.16060839352479253, 0.30557265419329227, 0.07494869715792433, 0.45887025502399087], [0.14180055481560624, 0.3685332504857676, 0.4254527903262987, 0.06421340427232751], [0.16604532305320727, 0.5973379673356344, 0.06480468229557587, 0.1718120272155825], [0.14485778162025856, 0.6743858474158593, 0.12209098483856765, 0.058665386025314535], [0.345643783391068, 0.10353789323221557, 0.11567026948263467, 0.4351480537940818], [0.3870057588277097, 0.09154958612824772, 0.42687873119859504, 0.0945659237454475], [0.36836444504531146, 0.10610857367701913, 0.06224112817973814, 0.4632858529979313], [0.48983992965985185, 0.11399298584785268, 0.3378598815557713, 0.05830720283652416], [0.6102388177308621, 0.2010846227691235, 0.0661759480548463, 0.12250061134516815], [0.6681208138267298, 0.2131498495490385, 0.062443216556831764, 0.056286119967399836], [0.7023746600296368, 0.09861016503278405, 0.08384736189203773, 0.11516781294554139], [0.7385758646796291, 0.08665479589646569, 0.08752652126380947, 0.08724281806009569], [0.7434741909317333, 0.08718339417884677, 0.045526236630344344, 0.12381617815907557], [0.8135715348417749, 0.08160922447709044, 0.06120365500390573, 0.04361558557722891], [0.7875774111297, 0.06972631248165848, 0.049791780662558516, 0.09290449562608295], [0.842552319877388, 0.06524804355386171, 0.04846258551259346, 0.04373705095615684]], "ideal": "D", "sampled": "D", "correct": true}}
{"type": "result", "data": {"idx": 10, "options": ["hard palate.", "hard palate and upper lip.", "hard palate, upper lip and upper central incisor.", "hard palate, upper lip, upper central incisor and lower first molar."], "probs": [[0.22954824222492107, 0.2601974567481337, 0.22521201928372098, 0.28504228164322426], [0.2049120931880588, 0.22656964915856523, 0.34585460501647597, 0.2226636525369], [0.23506629375648008, 0.3453018870784382, 0.2019107312901009, 0.2177210877749808], [0.21729031850580016, 0.3113697859741748, 0.28530896557425345, 0.1860309298457716], [0.21229784821228667, 0.43286765907452096, 0.15546471342274726, 0.1993697791904451], [0.22198321751570493, 0.44180350174647726, 0.15524267686117932, 0.18097060377663848], [0.31267636545338184, 0.1923094660997386, 0.22425491771459777, 0.27075925063228184], [0.25690592098366877, 0.1818326020605109, 0.35390288688884336, 0.20735858996697693], [0.3974181652056397, 0.22112460102724218, 0.18551468570888557, 0.19594254795823252], [0.28877868384874866, 0.24275975693540802, 0.32423623426782516, 0.14422532484801814], [0.3009689405115141, 0.38074239517305025, 0.12840330408118658, 0.18988536013424903], [0.2840820806326192, 0.4012185871018302, 0.17957474021941652, 0.135124591946134], [0.36957831839106614, 0.20887170173545763, 0.23807923067569686, 0.18347074909777933], [0.3186096203215752, 0.17818681628431965, 0.3310468743254469, 0.17215668896865824], [0.40330502411452807, 0.2687477669408217, 0.18837013752142426, 0.13957707132322594], [0.3486012323925352, 0.2489508911405668, 0.2625665146614756, 0.13988136170542234], [0.3417144722937588, 0.30836903822637796, 0.13082532262912366, 0.21909116675073959], [0.3105709804198863, 0.3388077863889711, 0.17900970309658323, 0.17161152999455936], [0.3811144402740256, 0.17674037112347823, 0.2195915081694852, 0.22255368033301098], [0.4025092898649011, 0.1807590072940131, 0.2045409916273559, 0.21219071111372992], [0.40658944841133693, 0.274728298159783, 0.15699526666024957, 0.1616869866686305], [0.4002800315447739, 0.2583476516481987, 0.22029087260546465, 0.12108144410156278], [0.41351008511745047, 0.2485772854271271, 0.14419182717787446, 0.193720802177548], [0.3811294379280932, 0.2703573663209125, 0.21154759506930013, 0.1369656005816942]], "ideal": "D", "sampled": "D", "correct": true}}
{"type": "result", "data": {"idx": 11, "options": ["Pupillary constriction and a medial strabismus", "Pupillary dilatation and a medial strabismus", "Pupillary constriction and a lateral strabismus", "Pupillary dilatation and a lateral strabismus"], "probs": [[0.37908269821540447, 0.313020816025998, 0.14002449391799157, 0.16787199174060594], [0.30382218690058893, 0.3225019862182087, 0.18674276946788143, 0.18693305731332088], [0.3664757256368532, 0.24871907755154068, 0.18102916803592392, 0.20377602867568215], [0.32805834194891337, 0.24274205392383177, 0.17779659262895603, 0.25140301139829885], [0.2835096376327837, 0.265164520339012, 0.2536315283874628, 0.19769431354074155], [0.35209659263094834, 0.26454264317106196, 0.20651880212326165, 0.17684196197472804], [0.324074849040057, 0.3278691914887321, 0.18274932424756232, 0.16530663512364852], [0.3899748208736372, 0.3120543863445083, 0.14068626936798292, 0.15728452331387155], [0.307283584851346, 0.24966778230655626, 0.27737465911378306, 0.16567397362831465], [0.3517431809626986, 0.2520852609595323, 0.2095189031892439, 0.1866526547885252], [0.38938912165161566, 0.2664788027365936, 0.18201321090408146, 0.16211886460770925], [0.34400680657761407, 0.2585519253949059, 0.18222530184354047, 0.21521596608393953], [0.31644507296362856, 0.28693138695078585, 0.1688636341860817, 0.2277599057995039], [0.3401870131152428, 0.2763039469442629, 0.16403111813812266, 0.21947792170237165], [0.33346899346745223, 0.3073296157014119, 0.18085807021066758, 0.1783433205204683], [0.2771884592204917, 0.32554117396636995, 0.2292892016770729, 0.16798116503606547], [0.3658029218663789, 0.33692578449898647, 0.13401984368296316, 0.16325144985167145], [0.28004590925959305, 0.34740994930115965, 0.18614753420939129, 0.18639660712985598], [0.3490787692156226, 0.29247059979389106, 0.18048961189834986, 0.17796101899213648], [0.3066570414794239, 0.310266460294297, 0.24600629139457328, 0.13707020673170583], [0.33683858322228016, 0.3009732455004259, 0.16894197965786173, 0.1932461915194322], [0.3660045672886509, 0.29290045177691104, 0.16573262706925038, 0.17536235376518772], [0.3086258928783412, 0.353759243135873, 0.18380219410896215, 0.1538126697768237], [0.37388615125168023, 0.3389942792168589, 0.13275206984360377, 0.15436749958785712]], "ideal": "D", "sampled": "B", "correct": false}}
{"type": "result", "data": {"idx": 12, "options": ["It has an articular disc of hyaline cartilage", "Its articular surfaces are covered by hyaline cartilage", "Proprioceptive information is carried by the chorda tympani and deep temporal nerves", "Proprioceptive information is carried by the masseteric and auriculotemporal nerves."], "probs": [[0.35130313558795423, 0.1613989794301368, 0.323267226235536, 0.16403065864637298], [0.3651437839414839, 0.158978393122845, 0.2915766363104689, 0.18430118652520225], [0.4192502844361264, 0.20821549245328783, 0.22477798311977995, 0.14775623989080586], [0.37083342115101153, 0.22572116215175464, 0.2356614733153139, 0.16778394328191992], [0.4029519081592508, 0.21816802672851016, 0.2141644124223529, 0.16471565258988616], [0.3549779845425757, 0.24886491150558104, 0.23294750649544155, 0.16320959735640175], [0.3247955143126895, 0.2561447620135701, 0.2637280821536504, 0.15533164142009], [0.351991683209506, 0.23215512929025342, 0.25010693070771634, 0.16574625669252419], [0.3400086810846168, 0.16509995108830905, 0.3749094958960045, 0.11998187183106969], [0.3246578678368, 0.17316455105214876, 0.2066421832448917, 0.29553539776615956], [0.3332635064607336, 0.17108180607390816, 0.3644554208016893, 0.1311992665636689], [0.3396515694076706, 0.19303502767681302, 0.19857133035292357, 0.2687420724625928], [0.3570980647497841, 0.37348296399815606, 0.14547790260325164, 0.12394106854880814], [0.3936040342413565, 0.3055142416422887, 0.13244248727960448, 0.1684392367367504], [0.39313210275717714, 0.18337572289470164, 0.2815958731371555, 0.1418963011109657], [0.3918379130019932, 0.16142902785626967, 0.18211401454433537, 0.26461904449740176], [0.4063704665272091, 0.1443430546173321, 0.300168764551141, 0.1491177142043178], [0.44048930221164256, 0.17186202828974378, 0.2001566648213085, 0.18749200457730514], [0.30707055327205784, 0.3724742531403954, 0.1350032091005744, 0.18545198438697238], [0.3316162577225755, 0.32827127510965814, 0.15768060401884917, 0.18243186304891712], [0.350367605651151, 0.21162053940564154, 0.25254723427154396, 0.1854646205716635], [0.3713410385672136, 0.2027249722658037, 0.1957788259853199, 0.23015516308166278], [0.384430783252604, 0.18100632044381273, 0.27719743296104754, 0.1573654632425357], [0.4040498197278125, 0.22081576614579404, 0.18486647581496624, 0.1902679382114272]], "ideal": "D", "sampled": "A", "correct": false}}
{"type": "result", "data": {"idx": 13, "options": ["cricothyroid muscle is still functional but the interarytenoid muscles are fully active.", "cricothyroid muscle is still functional but the interarytenoids are weak.", "cricothyroid muscle is paralyzed but the interarytenoids are fully active.", "cricothyroid muscle is paralyzed but the interarytenoids are weak."], "probs": [[0.3073805363878351, 0.16760305068018044, 0.30378128000384447, 0.22123513282813997], [0.31387337571412705, 0.18068900433329363, 0.24916492028777246, 0.25627269956480686], [0.34553273073255064, 0.2638377664944934, 0.164265252526006, 0.22636425014694997], [0.3184136700548156, 0.26316135726977286, 0.1625723963430017, 0.25585257623240987], [0.32483168465132595, 0.14222442678506217, 0.3934893490430808, 0.13945453942053107], [0.292004287213689, 0.17066021261892794, 0.3170041739623639, 0.22033132610501918], [0.3393524491061634, 0.1849364599362724, 0.2914716178764468, 0.1842394729811174], [0.3373322684030483, 0.179731333841848, 0.20789667342322293, 0.2750397242318808], [0.4141342526618175, 0.1796842446602418, 0.2763071481446501, 0.12987435443329054], [0.3326800862420737, 0.2206052309234441, 0.22169453564139163, 0.22502014709309057], [0.40890699077969545, 0.2108084684881443, 0.1783756272838332, 0.20190891334832706], [0.32450979382352857, 0.23262088241492687, 0.21656656386523643, 0.2263027597963081], [0.4180572690852245, 0.2689773182149566, 0.13207295732478247, 0.1808924552750365], [0.4300561312909435, 0.2640535870534413, 0.1108653859812227, 0.19502489557439245], [0.43357433572324605, 0.16604783634528517, 0.2323405673170038, 0.16803726051446496], [0.4061191146670173, 0.1579636029410592, 0.25862550064947304, 0.17729178164245046], [0.40985692154029635, 0.12808899771018933, 0.2821112018856106, 0.17994287876390372], [0.32550726307675365, 0.13401791851425854, 0.27488426190501164, 0.26559055640397616], [0.2605860569899871, 0.21874960090639586, 0.32072124359859405, 0.19994309840502297], [0.26343670484769505, 0.17727996407166563, 0.42372965808445806, 0.13555367289618125], [0.2666881561003002, 0.38188032585078874, 0.1681396140821694, 0.1832919038667416], [0.28360036012674555, 0.3524575233107015, 0.1564556807123131, 0.2074864357502398], [0.2475771529048898, 0.23168895227579586, 0.329351484386603, 0.19138241033271128], [0.28124082923821037, 0.2252566881329075, 0.23727232922542618, 0.25623015330345594]], "ideal": "B", "sampled": "C", "correct": false}}
{"type": "result", "data": {"idx": 14, "options": ["The mental symphysis closes at about 1 year postnatally", "The condylar growth cartilage ceases activity at puberty", "The ossification centre appears about 8 weeks I.U.L medial to Meckel's cartilage", "The functional matrix acting on the angle of the mandible is the lateral pterygoid muscle"], "probs": [[0.34621942039842246, 0.23504488167796492, 0.24050773677805035, 0.1782279610455622], [0.3311409999269061, 0.23737882429042162, 0.1525678061178914, 0.2789123695647809], [0.3180753087105758, 0.3382699888090772, 0.17599134669902378, 0.16766335568132312], [0.3134771240416045, 0.3303647885831918, 0.1676850740788819, 0.18847301319632181], [0.3077281071276481, 0.20246173137693957, 0.24224973851627932, 0.24756042287913302], [0.2959809810824952, 0.1828095262222608, 0.3316089411758889, 0.1896005514193551], [0.32314942246869544, 0.19526100738661945, 0.2886720087439831, 0.192917561300702], [0.3242301094838118, 0.1911694286746757, 0.1845783916613416, 0.30002207008017084], [0.3405854803157647, 0.29249597464545135, 0.1487071707310734, 0.21821137420771058], [0.3446660041464416, 0.30094638463825557, 0.16398085652142083, 0.19040675459388198], [0.323213657012636, 0.19210075757666406, 0.1688693115283268, 0.31581627378237315], [0.3279647328515132, 0.19641095983242732, 0.28574825181929586, 0.18987605539676358], [0.3908077121759895, 0.218049299426189, 0.20787311778563067, 0.18326987051219085], [0.38908065022627, 0.21346903062896894, 0.1909016405807781, 0.20654867846398295], [0.4086304367465997, 0.22255416543872103, 0.15864496167868844, 0.2101704360359908], [0.4090418937107735, 0.22286557323091508, 0.16889399791739237, 0.19919853504091906], [0.4005211054955908, 0.1862096218013762, 0.20593208379373099, 0.20733718880930205], [0.3896639404751204, 0.19920847114729293, 0.22730103471540872, 0.18382655356217792], [0.2701515635623063, 0.2228892511767554, 0.26076263963841395, 0.24619654552252432], [0.2595006641262846, 0.19811924685579813, 0.3509711779737205, 0.1914089109441967], [0.27962338921611724, 0.26143401858576454, 0.15919482706385346, 0.2997477650342647], [0.28114745903575356, 0.2672990361111016, 0.26280094212638827, 0.18875256262675658], [0.2744763954887331, 0.3802353369949703, 0.16520109265589303, 0.18008717476040356], [0.2614173292852291, 0.4078318178245885, 0.17701122162956145, 0.15373963116062092]], "ideal": "A", "sampled": "C", "correct": false}}
{"type": "result", "data": {"idx": 15, "options": ["Its efferent limb is carried in the optic nerve", "It is mediated by the inferior colliculi in the midbrain", "It is a consensual reflex", "Its afferent limb is carried in the oculomotor nerve"], "probs": [[0.31378594037732804, 0.3368470966479101, 0.1634129136637353, 0.18595404921102648], [0.33414656916336294, 0.3344513575234748, 0.1523737505633375, 0.1790283226498247], [0.2864541453798381, 0.1540769361412964, 0.3429456701970726, 0.21652324818179286], [0.3343368718537604, 0.1755487296472964, 0.22724245147753583, 0.2628719469214074], [0.31772656665813137, 0.17773785489828567, 0.2958755923158108, 0.2086599860277722], [0.3280951678424804, 0.19218267498478717, 0.19201897082792793, 0.2877031862448045], [0.4263962379745547, 0.19125848436652895, 0.1855251137570252, 0.19682016380189113], [0.4341657225974215, 0.19778824145288626, 0.16913096857064888, 0.19891506727904334], [0.4377356403965766, 0.17584961388960896, 0.21402270770879106, 0.1723920379050234], [0.4534995921024115, 0.20175496042372296, 0.1780481364854168, 0.16669731088844872], [0.4346310819721021, 0.1615840465849021, 0.1981358079515304, 0.20564906339146538], [0.43595440872260244, 0.16451370224160794, 0.21504176510085685, 0.18449012383493274], [0.267615628258153, 0.22665749011116323, 0.31268779838032995, 0.1930390831503538], [0.3011950507280776, 0.24335099391662934, 0.20315804772792134, 0.2522959075273717], [0.2820557653621905, 0.3826338052367, 0.1732020228927979, 0.16210840640831156], [0.2825234363676648, 0.40821269697561474, 0.1530038325035256, 0.15626003405319483], [0.31699360976952107, 0.2006617098550238, 0.21878353271158293, 0.26356114756387217], [0.29238755379338455, 0.19728433181710112, 0.3473204477475594, 0.16300766654195498], [0.2558448276287053, 0.19423201388812836, 0.33378675079305836, 0.216136407590108], [0.2795552611071458, 0.21552011368503673, 0.22217488286657647, 0.282749742241241], [0.24798695359076037, 0.42642833704387095, 0.13962475088145207, 0.1859599583839166], [0.23933507792754827, 0.4447332653504874, 0.16261955815563306, 0.15331209846633126], [0.2762647866926494, 0.2111070602921141, 0.22465653715271286, 0.2879716157625236], [0.24589402238371652, 0.1956333310517738, 0.36959161249304545, 0.18888103397146422]], "ideal": "C", "sampled": "B", "correct": false}}
{"type": "result", "data": {"idx": 16, "options": ["External and internal intercostal muscles", "External intercostal muscles and diaphragm", "Internal intercostal muscles and diaphragm", "External and internal intercostal muscles and diaphragm"], "probs": [[0.2995222828947169, 0.10681995082934377, 0.15066805592660473, 0.4429897102493346], [0.37241274320240414, 0.11627808090790014, 0.4143498826842, 0.09695929310549574], [0.31474388111578927, 0.1376323720322361, 0.1430880597550841, 0.4045356869968905], [0.31393129973312756, 0.1279860072015237, 0.45621407628341215, 0.10186861668193657], [0.3638880062691862, 0.45163170123485025, 0.08193008173547522, 0.1025502106604883], [0.29708195615068417, 0.4590438442678317, 0.13954157051662644, 0.10433262896485766], [0.32808044991435764, 0.09937988512206478, 0.10987203223059903, 0.46266763263297855], [0.37969493579275077, 0.11579044075798575, 0.390630957514987, 0.11388366583427648], [0.2714754064964632, 0.11777965811043119, 0.11049548617759675, 0.500249449115509], [0.4397327699757838, 0.1593917643728552, 0.29651043478810496, 0.10436503076325601], [0.5049352833472139, 0.34002168249744713, 0.06944521774570651, 0.08559781630963241], [0.44516448508711937, 0.33429841200043836, 0.10654283631400281, 0.11399426649843947], [0.40359762006242117, 0.10775162943305189, 0.1102105221771468, 0.37844022822738016], [0.3760402668356484, 0.11460431431299219, 0.3991516112502839, 0.11020380750107553], [0.33125488219238663, 0.11101007626533146, 0.11807025352063412, 0.43966478792164776], [0.46787728268824064, 0.14038239836428623, 0.2891242589996493, 0.1026160598478239], [0.49371512983697063, 0.3537224180088012, 0.0694811184712142, 0.08308133358301396], [0.45340081091463136, 0.3568026880623937, 0.08389762418165572, 0.10589887674131922], [0.6673151800314208, 0.10734946199662773, 0.0868694030639876, 0.13846595480796386], [0.6711947817251221, 0.09235675494407787, 0.09155613046630393, 0.14489233276449606], [0.6955100841459255, 0.13393644887407039, 0.07805407733394427, 0.09249938954605985], [0.6002604409471444, 0.1629010748916466, 0.10427501129266215, 0.1325634727685469], [0.6168084877889365, 0.19583319563322632, 0.08282824790010632, 0.10453006857773085], [0.565567731800743, 0.1955020725531579, 0.09514440595152224, 0.1437857895945768]], "ideal": "B", "sampled": "D", "correct": false}}
