{"type": "result", "data": {"idx": 0, "options": ["r = k ln[A]", "r = k [A]^2", "r = k [A]", "r = k"], "probs": [[0.24249264776138937, 0.08134522348831166, 0.5360295811953777, 0.14013254745492132], [0.31543307628232253, 0.0903622494045453, 0.36943608015750523, 0.22476859405562694], [0.30998105500476564, 0.3384137228928436, 0.10542411591751404, 0.24618110608487673], [0.32355270838168027, 0.36753255914752625, 0.18461758286194088, 0.12429714950885262], [0.35909157452730245, 0.24117086465970672, 0.11207380722722528, 0.28766375348576556], [0.3052714880833835, 0.2634612164555054, 0.28296534517764554, 0.1483019501834655], [0.16154695157383764, 0.11481988111554324, 0.516285855878143, 0.20734731133247605], [0.14480833296581913, 0.1289493239504286, 0.5073968549606084, 0.2188454880231439], [0.1596205532391191, 0.6442067026447773, 0.06816124915395047, 0.12801149486215307], [0.15703582645100708, 0.6956735796853099, 0.09096273711186932, 0.05632785665181371], [0.17191099653378591, 0.4759370073758672, 0.10842291165834714, 0.24372908433199972], [0.1625559624171984, 0.5182059273981742, 0.16925112924532518, 0.14998698083930223], [0.3179915367490774, 0.2382718115162926, 0.10896044629320345, 0.33477620534142655], [0.3266435465890294, 0.2712910690247604, 0.2609702568696163, 0.1410951274165939], [0.2675427019720175, 0.11691488847076986, 0.16101003411337111, 0.4545323753438415], [0.2938184606518274, 0.13564392316576748, 0.3843634254385576, 0.1861741906438475], [0.3608199816947955, 0.350317940840168, 0.14023492365723356, 0.1486271537078029], [0.38701457358028535, 0.35269827172653906, 0.09328094262860633, 0.16700621196456927], [0.25291375642271147, 0.22689243842066653, 0.1070667188467831, 0.4131270862098389], [0.2586351776677909, 0.2845886477788622, 0.31767223368852143, 0.13910394076482543], [0.29368662695575026, 0.1234425202242728, 0.13552918851420587, 0.44734166420577104], [0.20398585070046113, 0.12687193517685458, 0.5835540002364343, 0.08558821378624999], [0.25780920152057524, 0.5266237454567142, 0.11807184360008302, 0.09749520932262755], [0.2467671706062304, 0.540872470708418, 0.09439686221123096, 0.11796349637412061]], "ideal": "D", "sampled": "C", "correct": false}}
{"type": "result", "data": {"idx": 1, "options": ["all molecular bonds absorb IR radiation", "IR peak intensities are related to molecular mass", "most organic functional groups absorb in a characteristic region of the IR spectrum", "each element absorbs at a characteristic wavelength"], "probs": [[0.027521873983916492, 0.035757283608840854, 0.9066432460242441, 0.030077596282998616], [0.04156138824929031, 0.0330642579661076, 0.08629364680182862, 0.8390807068827735], [0.06349753918904276, 0.8668721348288198, 0.0444794789717165, 0.02515084691042096], [0.05989343661235843, 0.8765473944626624, 0.042611032640750154, 0.020948136184228992], [0.054418396959946, 0.05133726561252833, 0.05374217862287713, 0.8405021587046485], [0.045337877646843515, 0.08682751524221909, 0.8299366822336559, 0.037897924777281496], [0.0237295213747774, 0.046274687209316205, 0.9003574804653587, 0.029638310850547744], [0.03990765272346289, 0.04339803397799975, 0.11074121540343941, 0.8059530977950979], [0.04495877688377821, 0.8941200208119994, 0.03926090077549813, 0.021660301428724278], [0.047587249777827745, 0.8878229921751234, 0.04057990044381653, 0.02400985750323238], [0.04738595779341394, 0.06354930345897125, 0.05915921641531893, 0.8299055222322959], [0.038182945762464345, 0.14668603895714466, 0.7679416283767121, 0.04718938680367884], [0.9309213496487612, 0.031963887659508056, 0.01957662534955816, 0.017538137242172604], [0.9310064321305571, 0.03171260826302461, 0.019735018402244633, 0.017545941104173682], [0.9380004841827854, 0.02756388240981332, 0.01988479773709995, 0.014550835570301297], [0.9266155143683116, 0.03156341774496523, 0.021407982235731652, 0.02041308555099157], [0.9329365810666157, 0.029380037550788256, 0.02205216124160981, 0.01563122004098622], [0.9274814508013393, 0.03158362338905052, 0.021596736226172617, 0.019338189483437608], [0.052787013543285514, 0.03733338056628115, 0.04896572995055957, 0.8609138758398738], [0.04544896225587303, 0.048133819931895576, 0.8659853273808331, 0.04043189033139826], [0.04779438460314428, 0.035971148190575196, 0.05307639897487482, 0.8631580681314057], [0.05035056323354288, 0.04670321335037063, 0.8595413224892968, 0.04340490082678968], [0.07880114454952136, 0.8511445188527361, 0.047234131033620584, 0.02282020546412195], [0.08446394924362544, 0.8438065771767891, 0.045721677366448596, 0.026007796113136847]], "ideal": "C", "sampled": "C", "correct": true}}
{"type": "result", "data": {"idx": 2, "options": ["2", "3", "4", "5"], "probs": [[0.2592267432434425, 0.36611500924316126, 0.24820962915634992, 0.12644861825704629], [0.2723490419271502, 0.33401210605792403, 0.22829085116595804, 0.1653480007489677], [0.2658336937534055, 0.3065655392147013, 0.3076036732662423, 0.11999709366565096], [0.26568669078077384, 0.3157438337487143, 0.23144066331456345, 0.18712881205594836], [0.25801477602568335, 0.2333060274280066, 0.36592815413177915, 0.1427510423145309], [0.2608772515989733, 0.25701957938485104, 0.32111793753273804, 0.16098523138343762], [0.3743115598628357, 0.32050460449709295, 0.1962368745080142, 0.10894696103205714], [0.3543228050269748, 0.27607493355754753, 0.18277127221911588, 0.18683098909636187], [0.34729464803755355, 0.2665685037534547, 0.2631936292625439, 0.12294321884644784], [0.3203891372186317, 0.2514017409698315, 0.2276543425844492, 0.20055477912708763], [0.3350820541046754, 0.24912738797557554, 0.24983592328911094, 0.1659546345306381], [0.3131829704572607, 0.22744645988316406, 0.32453181369242784, 0.13483875586714744], [0.3089817944984432, 0.27730079449544964, 0.3008335418387843, 0.11288386906732285], [0.3465770327738384, 0.28295852466263655, 0.17592687116621078, 0.19453757129731428], [0.2759911736271298, 0.4150612384787975, 0.20577220769979343, 0.10317538009427922], [0.3041876460135436, 0.4293077875525357, 0.151981200022928, 0.11452336631099276], [0.2949193759700687, 0.21251879947025493, 0.2571040429976381, 0.23545778146203833], [0.2950527115624047, 0.20446832780683286, 0.35767183237182404, 0.14280712815893837], [0.27756826412475427, 0.28237746460132507, 0.287771833643041, 0.15228243753087967], [0.2820561654012747, 0.28681544748725823, 0.24591618383077138, 0.18521220318069564], [0.24606147246170168, 0.3878883756980186, 0.24323069905980765, 0.12281945268047206], [0.2733597714424989, 0.39224177010545047, 0.21199361661946353, 0.12240484173258712], [0.26257506792825497, 0.31721440899819175, 0.24379269012733273, 0.1764178328462205], [0.2476703822365092, 0.3038150667840411, 0.29092156884145226, 0.1575929820379974]], "ideal": "D", "sampled": "B", "correct": false}}
{"type": "result", "data": {"idx": 3, "options": ["The I\u2212 : IO3\u2212 ratio is 3:1.", "The MnO4- : I- ratio is 6:5.", "The MnO4- : Mn2+ ratio is 3:1.", "The H+ : I\u2212 ratio is 2:1."], "probs": [[0.3746799043840971, 0.17832418315785606, 0.2921493736257876, 0.15484653873225926], [0.3751226421088761, 0.19302928733429148, 0.19168040440073697, 0.2401676660560955], [0.36958505047506995, 0.2559793178788453, 0.2156838082000784, 0.15875182334600635], [0.3936592398735499, 0.25015622747655897, 0.17332580942157863, 0.1828587231283125], [0.3485987341919064, 0.164593793342662, 0.22174730395903872, 0.2650601684063929], [0.36589233973264484, 0.15731261200188204, 0.30137517147104687, 0.1754198766944263], [0.3478772639880394, 0.21769602594582835, 0.2650030851099133, 0.16942362485621895], [0.33773145076235417, 0.21972830591388684, 0.1837023943478941, 0.25883784887586486], [0.33955731478577783, 0.28163194233891453, 0.21601667676171155, 0.16279406601359608], [0.32537124527333616, 0.2718578657789726, 0.16490455461595138, 0.23786633423173986], [0.3148806439752507, 0.1646391624738915, 0.25736543917116955, 0.26311475427968833], [0.32897850867796335, 0.16799761353243273, 0.2752415537558926, 0.22778232393371134], [0.3743923548325172, 0.21831825048054218, 0.24003705022263658, 0.167252344364304], [0.37915383070698455, 0.23356813636017057, 0.19681531799187124, 0.19046271484097363], [0.3928480206461498, 0.19748081559174574, 0.24219189942727354, 0.1674792642348309], [0.35978439982786664, 0.20014547107819194, 0.19870959516430017, 0.2413605338296412], [0.36136715774302985, 0.17885678580741368, 0.27959717983770926, 0.18017887651184716], [0.3559107865984496, 0.18456012398780797, 0.23172746705316058, 0.22780162226058184], [0.29509473723484764, 0.2158346836301822, 0.224673456666457, 0.26439712236851315], [0.30808485010292125, 0.2084407837248141, 0.29673320494207533, 0.18674116113018932], [0.30147421357001125, 0.20238167045476793, 0.24824804065129213, 0.24789607522392865], [0.29933465416223565, 0.19174354347885128, 0.28828562162275, 0.220636180636163], [0.3184399259004453, 0.2640954514463579, 0.24444119265553937, 0.17302342989765748], [0.3209718906992922, 0.2661710798252671, 0.2090018782854534, 0.20385515108998722]], "ideal": "B", "sampled": "C", "correct": false}}
{"type": "result", "data": {"idx": 4, "options": ["always", "only for constant pressure processes", "only for constant temperature processes", "only for constant volume processes"], "probs": [[0.21617387354091286, 0.6475146002131336, 0.0770651723735905, 0.05924635377236308], [0.21312223671915193, 0.6741902450809205, 0.07026787453925476, 0.04241964356067275], [0.2446680883941428, 0.6318500644966486, 0.07700198915929818, 0.04647985784991037], [0.2504639606637833, 0.6268685412758422, 0.07581934275599589, 0.04684815520437851], [0.26157110439659276, 0.6009775883666414, 0.08699790225429518, 0.05045340488247062], [0.27755078463795774, 0.5670866327382778, 0.09229621966529639, 0.0630663628584681], [0.44989124234640393, 0.41577345630699347, 0.06994072675358845, 0.06439457449301418], [0.4807262754013693, 0.4075445264732432, 0.06442700373800307, 0.047302194287384414], [0.23800954469098656, 0.0847315073441133, 0.601476220649433, 0.07578272721546718], [0.36799924226892183, 0.10943232219759493, 0.11278907712713356, 0.4097793583063497], [0.2511853221287778, 0.0907971764086918, 0.5962284669526827, 0.0617890344098477], [0.3997028946344007, 0.10992758466370467, 0.10986996187079788, 0.3804995587310968], [0.4562184357994527, 0.411549131159596, 0.07549628600804824, 0.05673614693290301], [0.4847722829774934, 0.38292762332553243, 0.07247626159750098, 0.0598238319994732], [0.2539346142176784, 0.08426284538073586, 0.5887465300940861, 0.0730560102074997], [0.4001322954384555, 0.10500925662732695, 0.11081716999056762, 0.3840412778436499], [0.27031944206333935, 0.08297281275503651, 0.5707738611564674, 0.07593388392515668], [0.4246535820281168, 0.10143296948574018, 0.10876551091595553, 0.3651479374701875], [0.36996879428964585, 0.49397314581820767, 0.08052578502760159, 0.055532274764544885], [0.37622666812621325, 0.4718939643101444, 0.07936841461523625, 0.07251095284840613], [0.2066843848707917, 0.08880031389896531, 0.6402096413816494, 0.0643056597485936], [0.3333389535209195, 0.11963335366319214, 0.11948706152299582, 0.42754063119289254], [0.20521588354537418, 0.07724541140292973, 0.6405123257301881, 0.07702637922150793], [0.33484917612721354, 0.10774660555905087, 0.12099687327009927, 0.4364073449436363]], "ideal": "B", "sampled": "A", "correct": false}}
{"type": "result", "data": {"idx": 5, "options": ["3 lines", "9 lines", "5 lines", "7 lines"], "probs": [[0.3353846170933664, 0.23008318361823563, 0.25755335342970753, 0.1769788457586904], [0.3196431648464761, 0.23347107715848275, 0.24170530969906798, 0.20518044819597317], [0.3182096528421966, 0.22518362438190642, 0.2540524639539055, 0.20255425872199148], [0.29842590393342805, 0.24314432609199932, 0.2639592509017899, 0.19447051897278267], [0.2942191151747668, 0.232319317207926, 0.2771149061973412, 0.19634666131996606], [0.33095141748827106, 0.23608950916418614, 0.26242780291752626, 0.17053127033001653], [0.2777362804989878, 0.3294649172910141, 0.23046709938228818, 0.16233170272770991], [0.2820706027155586, 0.32442464937863014, 0.22338989041911014, 0.17011485738670112], [0.24841812241085445, 0.2541307362141833, 0.34872522045017224, 0.14872592082479], [0.28776886198716, 0.29193203768397574, 0.2296901574593523, 0.19060894276951193], [0.271010748388764, 0.26652838982872035, 0.2937522442716982, 0.16870861741081747], [0.23350118098308145, 0.238831266736943, 0.29341462251590084, 0.2342529296640747], [0.2777196897157653, 0.3620189808233769, 0.20171439933462024, 0.15854693002623751], [0.27178480263203525, 0.3598647087351759, 0.2119395890574998, 0.15641089947528902], [0.3043319556705564, 0.23666857806478758, 0.2865693229063273, 0.17243014325832873], [0.2936817836623562, 0.24698829262416613, 0.2537680381477044, 0.20556188546577325], [0.29888973527809465, 0.24752154191407552, 0.281601616163752, 0.1719871065440778], [0.2824911134781408, 0.2488903812980554, 0.24978477878181551, 0.21883372634198822], [0.2889657444089324, 0.33223945899028395, 0.20992315052298646, 0.16887164597779716], [0.28238383774269565, 0.32462129961049707, 0.23432034950059952, 0.15867451304620772], [0.2990102887444529, 0.2533647564774852, 0.24637718517836704, 0.20124776949969486], [0.29438254234231165, 0.247638061617883, 0.2333039641147006, 0.22467543182510477], [0.24535104657634035, 0.25681604401785674, 0.34152711378931394, 0.15630579551648896], [0.2948877635370193, 0.2991568267548842, 0.20601846537803967, 0.19993694423005684]], "ideal": "B", "sampled": "A", "correct": false}}
{"type": "result", "data": {"idx": 6, "options": ["Neutrons", "Alpha particles", "Beta particles", "X-rays"], "probs": [[0.7804678663209985, 0.10618024232746906, 0.04279687292917389, 0.07055501832235854], [0.7926401524669039, 0.10377047248551587, 0.04083625614546264, 0.06275311880211756], [0.7760446233246433, 0.0984320510956532, 0.052019976892709534, 0.07350334858699396], [0.7836190303163616, 0.08773870510505646, 0.04184874753135385, 0.08679351694722812], [0.7731199013318327, 0.1068809378136031, 0.05226474488442379, 0.06773441587014034], [0.7587332637490021, 0.1048569302432612, 0.04698117391914125, 0.08942863198859541], [0.19462131541872843, 0.6205536311409294, 0.08220590150147868, 0.10261915183886347], [0.20326546135397808, 0.5949584929788976, 0.0927916331912416, 0.10898441237588272], [0.18845007469333871, 0.1635860876462449, 0.47824470046246725, 0.16971913709794914], [0.1658126674617566, 0.13014787143326975, 0.10953392587548556, 0.5945055351294881], [0.1810696584761562, 0.16111457296619142, 0.5246735087710623, 0.13314225968659008], [0.18500017592696996, 0.15578576243228776, 0.10943366411750656, 0.5497803974232357], [0.1610116035338862, 0.638980793813107, 0.09428243295519718, 0.10572516959780959], [0.16351346276273224, 0.6190547761558307, 0.09565838321776349, 0.12177337776367356], [0.17230850919499427, 0.2336332956537445, 0.43015727812773213, 0.1639009169235291], [0.154044545588051, 0.18306251403767898, 0.1107097582783235, 0.5521831819959465], [0.14943515139552058, 0.16281280196969766, 0.5253672207838032, 0.16238482575097865], [0.1550977756629263, 0.1469108843547321, 0.1546889474227288, 0.5433023924596128], [0.14816102770269765, 0.6876059257590164, 0.09026087892189436, 0.07397216751639163], [0.14874627519790762, 0.6688863931425214, 0.08242296803262777, 0.09994436352694323], [0.15428598683381942, 0.20933303858729105, 0.5220505750268359, 0.11433039945205362], [0.16096540033646195, 0.1974581062217502, 0.13208921449188557, 0.5094872788499023], [0.16250478213904818, 0.1526273236309049, 0.5122966918521437, 0.17257120227790324], [0.1796081348782084, 0.15128077202124346, 0.22673614520071633, 0.4423749477998318]], "ideal": "A", "sampled": "A", "correct": true}}
{"type": "result", "data": {"idx": 7, "options": ["Strong oxidizing conditions", "Low-spin electron configuration", "Metallic physical properties", "Unpaired electrons"], "probs": [[0.05867390531686597, 0.04252144939708329, 0.10759932226060731, 0.7912053229254434], [0.049207026955844495, 0.03989824638357231, 0.8845336175649685, 0.026361108995614724], [0.06291015281505957, 0.05630813019101165, 0.08373579163700973, 0.7970459252569191], [0.05930882813262379, 0.054023129104364805, 0.8632344779544225, 0.02343356470858889], [0.08444499213640907, 0.8473106460340308, 0.04375161584014733, 0.02449274588941271], [0.0842935971372758, 0.8463094151825816, 0.04436618478944928, 0.025030802790693286], [0.0769757407714033, 0.03689217953347364, 0.13273145306545672, 0.7534006265296663], [0.06254015943859427, 0.034870896939605774, 0.8754698747420454, 0.02711906877975452], [0.1149328499917492, 0.09503430127147192, 0.08121226727150371, 0.7088205813652751], [0.09496349517720261, 0.08386457251489039, 0.7873302473156282, 0.0338416848922788], [0.1483759239651623, 0.7549273145955673, 0.05627197976527222, 0.040424781573998196], [0.142703470895633, 0.7668842529691489, 0.05940791108222949, 0.03100436495298858], [0.08960377902077318, 0.04034981010898347, 0.10201161794799828, 0.7680347928222451], [0.07862032949138266, 0.0357820838654022, 0.8633893131346388, 0.02220827340857629], [0.10129999340318376, 0.048890620200370945, 0.07267872757816639, 0.7771306587182789], [0.08481906482484709, 0.04919039472738973, 0.8412905319491454, 0.024700008398617804], [0.1961662500329286, 0.7139222131540054, 0.053178340983710694, 0.03673319572935527], [0.1976316024611452, 0.7304513682398894, 0.05031532913220083, 0.02160170006676459], [0.937688504072232, 0.03013735927900356, 0.01956079288445104, 0.012613343664313374], [0.9324105013183481, 0.03164201647447295, 0.021857244494835806, 0.01409023761234311], [0.934252830657214, 0.03198276197531081, 0.019646110688146774, 0.014118296579328397], [0.9314932549728702, 0.03394050485831609, 0.02288731227032616, 0.011678927798487554], [0.9231319013894984, 0.0381022041356219, 0.02181446827069224, 0.016951426104187407], [0.931729390974488, 0.037273865779539075, 0.02052027764417359, 0.01047646550179926]], "ideal": "D", "sampled": "D", "correct": true}}
{"type": "result", "data": {"idx": 8, "options": ["1:1", "1:3", "1:6", "2:3"], "probs": [[0.20997842592784965, 0.28774426670822173, 0.2656022428724811, 0.2366750643914475], [0.20303736322522276, 0.33575313779702276, 0.2527798078287216, 0.20842969104903283], [0.19997408089944957, 0.2637694556380627, 0.32775426884456005, 0.20850219451792767], [0.20165479469340353, 0.2807527314887192, 0.24324211516081048, 0.2743503585570668], [0.2083851247817509, 0.24808053669832886, 0.30854240056767174, 0.23499193785224848], [0.20994558615454276, 0.2348711008362875, 0.2826892393144021, 0.27249407359476757], [0.24073096334705366, 0.28657738225507107, 0.22960958566782308, 0.24308206863005222], [0.23840639417143017, 0.3167068816386755, 0.24216074156601222, 0.2027259825238821], [0.24167073490797944, 0.21208115551976947, 0.3205082213709585, 0.22573988810129256], [0.23128232357573347, 0.23181697723931524, 0.2881308793733476, 0.24876981971160372], [0.24345504872368504, 0.23665669205419915, 0.3283504496432249, 0.19153780947889093], [0.2568880540803067, 0.2494734749105403, 0.23017671016010477, 0.26346176074904826], [0.20009792445381008, 0.276655115953887, 0.31286738252096097, 0.21037957697134196], [0.21481284497020267, 0.2991535365282359, 0.2322680651909303, 0.25376555321063116], [0.2079387064991657, 0.23642749025122659, 0.3436944032700404, 0.2119393998795673], [0.20486206693799883, 0.2808281695315101, 0.2759485758282392, 0.23836118760225192], [0.21393707073669466, 0.2357456499736352, 0.33739685506133604, 0.2129204241283341], [0.21959982155750166, 0.2476212457283698, 0.31262110729008646, 0.22015782532404207], [0.20996917230633552, 0.24609565342419507, 0.34144829246481445, 0.20248688170465498], [0.22780481318050683, 0.23586722067422186, 0.2794075649609043, 0.256920401084367], [0.23491352534079396, 0.25478519088572577, 0.32687089388745927, 0.18343038978602097], [0.23199394688661487, 0.247489172903125, 0.2507934011386388, 0.2697234789716213], [0.23263197684786863, 0.18021919637096165, 0.35554142392036725, 0.23160740276080247], [0.21275515852231122, 0.17017062006679184, 0.41168686743434096, 0.205387353876556]], "ideal": "C", "sampled": "B", "correct": false}}
{"type": "result", "data": {"idx": 9, "options": ["T1, unlike T2, is sensitive to very low-frequency molecular motions.", "T2, unlike T1, is sensitive to very low-frequency molecular motions.", "T1, unlike T2, is sensitive to molecular motions at the Larmor frequency.", "T2, unlike T1, is sensitive to molecular motions at the Larmor frequency."], "probs": [[0.40921008651411933, 0.2577534509753808, 0.1614217282239401, 0.17161473418655968], [0.3984605491451074, 0.2650852382624943, 0.14862362374561627, 0.187830588746782], [0.40619593249377806, 0.23113880704805323, 0.16027334092037504, 0.20239191943779367], [0.3953776359162728, 0.25513797995876963, 0.1741773187939989, 0.17530706523095868], [0.41626629108004315, 0.18588374658426376, 0.2470882946685008, 0.15076166756719228], [0.38494978610526454, 0.24456152714303425, 0.2162853531493615, 0.1542033335023397], [0.3515058352743002, 0.23421461179850978, 0.17822800043743747, 0.23605155238975256], [0.4146441642419353, 0.23424025575680363, 0.20218593482695554, 0.14892964507430553], [0.372859608280912, 0.24446242283708283, 0.16670887667386217, 0.21596909210814297], [0.33419769999023136, 0.2772117852887461, 0.23566640911129816, 0.15292410550972438], [0.37793791454693865, 0.2327213560764708, 0.2123405625950127, 0.17700016668157784], [0.3363924574808001, 0.2577794386024366, 0.21580506976808764, 0.1900230340486757], [0.41241278011212923, 0.20713774240515287, 0.166591251875453, 0.21385822550726488], [0.4565251725064285, 0.19590654997754905, 0.16771562636340182, 0.1798526510526206], [0.4677163152949849, 0.1814449646241583, 0.1706843746721958, 0.180154345308661], [0.4955263920632748, 0.14618134170393618, 0.27218269690721286, 0.08610956922557614], [0.4616939952255432, 0.25270118930344226, 0.14289615833975197, 0.14270865703126254], [0.44350039954518855, 0.2584564387539853, 0.14263847468857124, 0.15540468691225495], [0.41165547245218037, 0.20669815766402733, 0.19906357832579402, 0.18258279145799827], [0.45615306570571074, 0.16486359746426058, 0.2582006925369853, 0.12078264419304341], [0.39684249787687287, 0.21387533100601122, 0.17193542115834673, 0.2173467498587692], [0.4478835432012152, 0.1984679220995276, 0.20035411119568186, 0.1532944234035753], [0.4361597066109283, 0.23523804893582154, 0.1592413061584928, 0.16936093819475734], [0.49589738220366264, 0.230253963462571, 0.17399726353319553, 0.09985139070057081]], "ideal": "D", "sampled": "C", "correct": false}}
{"type": "result", "data": {"idx": 10, "options": ["3.02 ppm", "5.03 ppm", "10.56 ppm", "11.30 ppm"], "probs": [[0.3082566604940293, 0.23303965079003197, 0.24798305699704395, 0.2107206316188948], [0.3017638370355775, 0.21772259796055385, 0.23916393872438277, 0.24134962617948585], [0.3456729999684278, 0.26963752907258304, 0.2131477327900726, 0.1715417380689165], [0.3115421533273053, 0.27556064722166573, 0.2470109611502638, 0.1658862382007652], [0.3475249953589261, 0.27099179815038454, 0.19650716784855865, 0.1849760385421307], [0.3031009182492918, 0.28545380061176645, 0.25981095817785554, 0.15163432286108616], [0.36191762029362967, 0.2163056912251426, 0.22317198249212356, 0.1986047058891042], [0.3488175958750954, 0.2052719917526018, 0.22544720913020094, 0.22046320314210183], [0.37286521869551104, 0.2647297303194399, 0.1774799025632314, 0.1849251483218177], [0.3109939694093608, 0.2793388962466328, 0.25048699972508864, 0.1591801345189178], [0.3741962611301066, 0.26567727324690027, 0.16863422094089262, 0.19149224458210046], [0.3176052319329056, 0.27667612246899875, 0.2600116172174619, 0.14570702828063375], [0.400357079449922, 0.2319474414378569, 0.1937993529036846, 0.1738961261085365], [0.3979159711772438, 0.22178951564566235, 0.21010316042298588, 0.17019135265410795], [0.37991839226991025, 0.23820104553096275, 0.21017378177563634, 0.1717067803234907], [0.38928275136384466, 0.23278038997764972, 0.20066923793129407, 0.17726762062721158], [0.39230142208889357, 0.28743595738623984, 0.15001562683320813, 0.17024699359165846], [0.39410799737803914, 0.30277281996560285, 0.14612135289638334, 0.15699782965997466], [0.3926565226217284, 0.23487147246358128, 0.19778161633040844, 0.17469038848428187], [0.38933980540466545, 0.22220201622692862, 0.22059859179745062, 0.16785958647095534], [0.3783910330511882, 0.24089579640744882, 0.2028911739815711, 0.17782199645979185], [0.3869905836796852, 0.23505647567207605, 0.21243444306904977, 0.16551849747918895], [0.38852395360118924, 0.3032305077859249, 0.15462397728613417, 0.1536215612267516], [0.37414234872891267, 0.3011679947075083, 0.1610287278729581, 0.1636609285906209]], "ideal": "D", "sampled": "C", "correct": false}}
{"type": "result", "data": {"idx": 11, "options": ["[The polarization relaxes exponentially: p(t) = [p(0) - peq]exp(-t/T1) + peq.]", "72.0 s", "56.6 s", "12.7 s"], "probs": [[0.18857063632168114, 0.36455989423563145, 0.23526586940418223, 0.21160359993850517], [0.22429611608240815, 0.4269339314589952, 0.15438161328734065, 0.19438833907125597], [0.1990863411602676, 0.43247807908007746, 0.17594595334671387, 0.19248962631294103], [0.20661001262476353, 0.4454971651731925, 0.17022916704762897, 0.177663655054415], [0.22744962705187652, 0.36744562577831164, 0.19347232915181387, 0.21163241791799794], [0.22260311907101235, 0.3767264299232467, 0.19685182560060324, 0.20381862530513772], [0.2580702939083936, 0.30706903792930146, 0.2212087991792603, 0.21365186888304466], [0.27782999224432614, 0.3412133898447452, 0.17146634287313045, 0.20949027493779823], [0.20188656160520627, 0.2810984719173233, 0.3185782622125016, 0.1984367041649689], [0.17317717491546725, 0.2299445913526877, 0.19363277283016195, 0.4032454608016831], [0.21049542644784236, 0.24684960788630517, 0.33248118065838295, 0.2101737849074695], [0.18496555527325875, 0.1973533836029361, 0.16612003984638252, 0.4515610211774226], [0.2851804707048616, 0.35555976294596037, 0.15891669382925327, 0.20034307241992477], [0.2970888316334228, 0.3480765819201484, 0.17494018374124165, 0.17989440260518713], [0.21316142597680976, 0.23474782793869559, 0.3582420731280384, 0.1938486728564562], [0.19564858044579517, 0.18702459236782581, 0.17569333132039902, 0.44163349576598], [0.22699313677088023, 0.24621851006017081, 0.35308067934914167, 0.17370767371980728], [0.2039114981685813, 0.18895456192988078, 0.17473049460094278, 0.4324034452005951], [0.2557357511304026, 0.3043348147514884, 0.1803124072920909, 0.2596170267260181], [0.2857060645015982, 0.3508927189127921, 0.1777400208638208, 0.1856611956217889], [0.2089952025649408, 0.23383989483044165, 0.30525754263585925, 0.2519073598687583], [0.18134037747085696, 0.2124946193562692, 0.19045307733938618, 0.41571192573348764], [0.2143360056863075, 0.24350734013907924, 0.3548064442998873, 0.18735020977472594], [0.17723221546927367, 0.2012334554818665, 0.1890413406587941, 0.4324929882900657]], "ideal": "B", "sampled": "A", "correct": false}}
{"type": "result", "data": {"idx": 12, "options": ["4.6 mT", "27 G", "5.4 mT", "3.8 mT"], "probs": [[0.3354899386872119, 0.18054315984062425, 0.2578656452000258, 0.22610125617213805], [0.3452970970556165, 0.17866688857674085, 0.27389336161020045, 0.20214265265744222], [0.32495047670481114, 0.25253891189735256, 0.15849673274074316, 0.2640138785570931], [0.34561592227198296, 0.29493949157571414, 0.18945872577989414, 0.16998586027240875], [0.334577411379735, 0.2856294214439865, 0.15450741349105712, 0.22528575358522135], [0.3579610532468067, 0.30109375263580146, 0.19022264791281207, 0.15072254610457975], [0.2252512093370729, 0.24337713055297125, 0.29954060462786575, 0.2318310553820901], [0.2348377266388107, 0.24587580583761234, 0.30272511820596415, 0.2165613492176128], [0.20336768635169558, 0.21624348209851652, 0.31150815816113087, 0.26888067328865706], [0.2190264975515475, 0.22754163225824026, 0.30778745730980317, 0.24564441278040905], [0.20726763327634806, 0.22916384721979202, 0.3199324404853262, 0.24363607891853367], [0.21880396220266438, 0.22558120372507778, 0.3003619178667449, 0.25525291610551293], [0.32251614809560447, 0.2710270027698304, 0.15249748753717682, 0.2539593614973883], [0.3217457638808749, 0.29251606506068556, 0.2248349502556228, 0.16090322070281676], [0.3111390676443852, 0.1687908122135049, 0.2669456521319934, 0.25312446791011656], [0.3269864071129566, 0.16926184547135156, 0.2762593369842379, 0.2274924103314539], [0.34106875987227864, 0.3150948724623032, 0.1991313933738743, 0.14470497419154382], [0.32311696292383313, 0.29837498510439137, 0.15041521414228967, 0.22809283772948583], [0.31711700555491246, 0.2707273959842798, 0.1584081947645089, 0.2537474035962988], [0.2994439214334283, 0.2854620132917206, 0.23720734602203125, 0.17788671915281987], [0.3156826197785361, 0.1608517169791541, 0.26664483544544243, 0.25682082769686737], [0.3200281512413051, 0.16952226801723372, 0.2659692128337308, 0.24448036780773033], [0.3422039746895955, 0.28783741590482526, 0.20788916943378566, 0.16206943987179354], [0.31639007353672943, 0.26169190838611534, 0.1567525001642935, 0.26516551781286174]], "ideal": "A", "sampled": "A", "correct": true}}
{"type": "result", "data": {"idx": 13, "options": ["1:19:36:84:126:126:84:36:19:1", "1:9:36:84:126:126:84:36:9:1", "1:9:35:82:120:120:82:35:9:1", "1:8:28:56:70:56:28:8:1"], "probs": [[0.26547238228050535, 0.24507571754388996, 0.24522094426087065, 0.244230955814734], [0.2846228608429206, 0.2587413633361185, 0.19067515784531489, 0.265960617875646], [0.22182020873325464, 0.21812939966716705, 0.3959969340762413, 0.164053457423337], [0.26084285971894133, 0.24085792896723196, 0.18019095061407625, 0.31810826059975045], [0.2736513316357666, 0.16563639043105294, 0.30066546794745724, 0.2600468098857232], [0.22291976372636788, 0.13921476069400762, 0.2772687508026403, 0.3605967246769842], [0.3346544602384617, 0.23307545581659725, 0.19623247107495698, 0.2360376127699841], [0.3134190188544348, 0.228854942728864, 0.1781659450675591, 0.2795600932491421], [0.3177546716422374, 0.21787821270381222, 0.24717118228715235, 0.217195933266798], [0.3171560811255527, 0.22101442842977084, 0.19191119358872324, 0.2699182967559532], [0.3403415134259689, 0.19343461382592464, 0.23722300284551123, 0.22900086980259524], [0.3073352139582018, 0.16938001648669332, 0.2886037399210333, 0.23468102953407158], [0.2597614863219597, 0.2475759572672025, 0.3035715863337271, 0.18909096997711064], [0.2528007961974186, 0.26052251843771607, 0.1733215327882527, 0.31335515247661266], [0.2932370515399876, 0.22797075722409188, 0.2585741204189732, 0.22021807071694732], [0.28109687982813225, 0.2896879954299917, 0.16226522864664025, 0.26694989599523583], [0.2500825598610467, 0.1612017500597491, 0.28327498681320173, 0.30544070316600247], [0.27758551468414344, 0.17343129732755894, 0.3049242587060065, 0.24405892918229113], [0.2486800253142586, 0.20601272580947685, 0.2731215953553783, 0.2721856534208863], [0.2160155527368737, 0.1934266450766027, 0.2297402666395521, 0.3608175354469715], [0.2667722781263929, 0.25826183728561564, 0.2583611684290842, 0.21660471605890724], [0.2354407126155387, 0.2465543411939004, 0.2976819232153947, 0.22032302287516614], [0.2147995233320967, 0.18352225421023968, 0.28015136715948485, 0.32152685519817875], [0.2220568706443785, 0.20522271667353248, 0.34431056625779977, 0.22840984632428926]], "ideal": "D", "sampled": "B", "correct": false}}
{"type": "result", "data": {"idx": 14, "options": ["spin trapping provides more structural information than direct detection by EPR", "spin trapping makes it easy to quantify free radical intermediates", "steady state concentration of free radical intermediates is often too low to enable direct detection by EPR", "detection of spin adducts requires lower power than direct detection of radical intermediates"], "probs": [[0.0872858691399649, 0.07346324649263633, 0.7819659738278957, 0.057284910439503116], [0.23312063165478292, 0.137883258777729, 0.11855380059258042, 0.5104423088749076], [0.1387500947109363, 0.770565148543127, 0.054156805601330536, 0.03652795104460618], [0.1340756123158207, 0.7742207078391234, 0.056121230328883, 0.03558244941617284], [0.21535893905626294, 0.15599193490929794, 0.11928014333069363, 0.5093689826037455], [0.12941601196192892, 0.10309890118929685, 0.6971504920019922, 0.07033459474678205], [0.06170356194580702, 0.14681494330500186, 0.7329973177509232, 0.05848417689826789], [0.13952515151558992, 0.25436989607516886, 0.12552185916488193, 0.4805830931443593], [0.11420955019018522, 0.7712001562658464, 0.06145326873736673, 0.05313702470660171], [0.10642141213417305, 0.7651337524403671, 0.06288051229798744, 0.0655643230274724], [0.124613462960767, 0.1313860626202971, 0.25743932783298756, 0.48656114648594834], [0.07618517080153268, 0.08975307365556709, 0.737754681366539, 0.09630707407636126], [0.8431605130451819, 0.06580674951416263, 0.045449734407234, 0.0455830029334215], [0.8532279109030915, 0.0635440392124912, 0.04186384287635012, 0.04136420690806718], [0.8390227461621516, 0.06808297259332051, 0.043838079524446245, 0.04905620162008163], [0.8150969602338013, 0.07553383384264972, 0.04864248904709369, 0.06072671677645531], [0.8494969009503591, 0.06681133060979302, 0.046491246665835415, 0.037200521674012416], [0.8264081580761289, 0.07419649068588187, 0.05291919466805587, 0.04647615646993336], [0.170838269139704, 0.26439133677806015, 0.11421312560806653, 0.4505572683741693], [0.09636470988779035, 0.169093437367453, 0.666714936425998, 0.0678269162187587], [0.16407801965869712, 0.13366318640281918, 0.1958289058685168, 0.5064298879699669], [0.09101368757213045, 0.08751249573286929, 0.7304901697647289, 0.09098364683027137], [0.1468155262251816, 0.7487653632600877, 0.06549137207008467, 0.038927738344645996], [0.1490269502149602, 0.7304261570953883, 0.07022971149601857, 0.050317181093632944]], "ideal": "D", "sampled": "C", "correct": false}}
{"type": "result", "data": {"idx": 15, "options": ["6.1445 x 10^-27 J T-1", "3.1445 x 10^-27 J T-1", "9.1445 x 10^-27 J T-1", "1.1445 x 10^-28 J T-1"], "probs": [[0.4973941182335552, 0.23855061936195046, 0.1425058043050733, 0.121549457999421], [0.4637301252797603, 0.24425956456650438, 0.11091189086663983, 0.18109841918709552], [0.45869257604269514, 0.2737186942930465, 0.131331687308255, 0.13625704225600338], [0.4291866687316662, 0.26025938791220987, 0.11451964738922786, 0.19603429586689602], [0.43399462352783424, 0.20178356777971523, 0.14305619469763248, 0.221165613894818], [0.43996288712448733, 0.1951677620935811, 0.16699108230901152, 0.19787826837292005], [0.385450666887521, 0.3002204343409194, 0.16840841125366451, 0.14592048741789507], [0.42451467473263227, 0.28288062982590484, 0.11329552361285929, 0.1793091717286036], [0.41840697714747427, 0.29212614957872957, 0.15395614619046213, 0.135510726983334], [0.41205673791733377, 0.2788420873774087, 0.11796855749547137, 0.19113261710978618], [0.4135747140340312, 0.1984142451571107, 0.16711715609177893, 0.2208938846170792], [0.4072089078857599, 0.19233068191560113, 0.17246160680394546, 0.22799880329469346], [0.4611263251514842, 0.24671716966052334, 0.14283476129741218, 0.14932174379058025], [0.4835690629530532, 0.23933062311596426, 0.10781620602447783, 0.16928410780650469], [0.5049291371321422, 0.23471148652112483, 0.13696571141861524, 0.12339366482811771], [0.48973851357626313, 0.2348970429076239, 0.11177709526532668, 0.1635873481507863], [0.43240651886868614, 0.191900405751326, 0.1517558901303712, 0.22393718514961664], [0.445688320523287, 0.20405099401969648, 0.14021192907516528, 0.2100487562818512], [0.3679994752038918, 0.2735923311911317, 0.1822518015396674, 0.17615639196530905], [0.328407302245766, 0.2766389374145913, 0.19923322791401524, 0.19572053232562747], [0.34322779855830726, 0.2591631969675062, 0.18664857465176057, 0.21096042972242593], [0.31866666671427285, 0.22604385016088255, 0.17877551911473658, 0.276513963910108], [0.3241739820487875, 0.24095899995303083, 0.190572035434083, 0.24429498246409864], [0.37804934378658167, 0.2640746235583398, 0.16519553957717703, 0.19268049297790144]], "ideal": "C", "sampled": "C", "correct": true}}
{"type": "result", "data": {"idx": 16, "options": ["I only", "II only", "III only", "I and III only"], "probs": [[0.24171112835539926, 0.1866175708974183, 0.21590124390203289, 0.35577005674514955], [0.268658220741109, 0.20769499240228806, 0.3089208006549905, 0.21472598610161242], [0.2395431363411146, 0.17114491503993498, 0.22253819966269092, 0.3667737488562595], [0.23737680202206055, 0.17788853709443117, 0.3793785756632221, 0.20535608512028616], [0.28905311654676963, 0.31538075675464083, 0.1949685542830846, 0.20059757231550493], [0.2797509258594424, 0.31734536513546746, 0.20249202260549615, 0.20041168629959402], [0.25713773111738714, 0.22696083644509668, 0.20450538123621215, 0.31139605110130403], [0.28136185228040317, 0.266788665428732, 0.25801104689060994, 0.19383843530025494], [0.2410368323085074, 0.19070670006752297, 0.2622600197529793, 0.30599644777099033], [0.2237839102521272, 0.2071729600222362, 0.3080759346177062, 0.26096719500793036], [0.2929483353798696, 0.2713595032420596, 0.26045748588818457, 0.17523467538988619], [0.2587389090210578, 0.2490443475153005, 0.22619763351499508, 0.26601910984864663], [0.23128438105151583, 0.18873870736030587, 0.22547300303868748, 0.3545039084494908], [0.24002207455586141, 0.19753195049080902, 0.35784854948148087, 0.20459742537184872], [0.23301151291254665, 0.19167002685954915, 0.24764333648847697, 0.3276751236394272], [0.21062086599604601, 0.1996034532290362, 0.3555433716674275, 0.23423230900749026], [0.2604358312421998, 0.30979801606111274, 0.25024248285663275, 0.1795236697400547], [0.2382794987404336, 0.29700697350532956, 0.2234540797085849, 0.24125944794565188], [0.3856537869576673, 0.271435127912744, 0.17308079736175633, 0.16983028766783237], [0.401215827443053, 0.2569369711758598, 0.16516241675695822, 0.17668478452412892], [0.3862184824226744, 0.2200606432328009, 0.24120935435849306, 0.15251151988603165], [0.3382833599705967, 0.21335262058031879, 0.20773166415998245, 0.24063235518910206], [0.37745281487724397, 0.21008413714924473, 0.25486766909691605, 0.15759537877659524], [0.3361824054327474, 0.22043643232655244, 0.2079619554084611, 0.23541920673223904]], "ideal": "D", "sampled": "D", "correct": true}}
