{"type": "result", "data": {"idx": 0, "options": ["Loop gain should be unity", "Loop gain should be less than unity", "The phase of a feedback signal with respect to input should be 0\u00b0 or 360\u00b0", "Both A and C"], "probs": [[0.305797977974143, 0.25190008810177134, 0.14391567454906137, 0.29838625927502427], [0.3540293030687191, 0.34014529493246404, 0.12569476850109168, 0.18013063339772517], [0.32525244836613115, 0.3695960993635026, 0.114631192592709, 0.19052025957765728], [0.28388804829011755, 0.47765723933697274, 0.16808016972232293, 0.07037454255058673], [0.383556212426554, 0.2588207192024405, 0.16097603787576378, 0.1966470303952417], [0.34935630782822646, 0.2918981182924919, 0.2746943410347929, 0.08405123274448877], [0.27695047027230973, 0.1966030985932711, 0.18985102503037277, 0.3365954060040464], [0.3308856336837465, 0.28713799803684714, 0.16576438391477952, 0.2162119842646268], [0.2960235906553893, 0.3059473174182888, 0.17355067311953515, 0.22447841870678673], [0.2770301802563121, 0.44133462161384235, 0.17192917210860748, 0.10970602592123807], [0.3392285653724508, 0.2595979532399761, 0.19301160880465973, 0.20816187248291337], [0.3196469247021509, 0.2842998802377596, 0.2491691708315589, 0.14688402412853058], [0.3263035617053969, 0.2525482102216595, 0.17146411025406574, 0.24968411771887783], [0.40525821149214303, 0.33344283945089165, 0.17126609510904103, 0.09003285384792427], [0.3240592431093161, 0.21448547816388508, 0.18700661974755525, 0.2744486588792435], [0.3982154487899403, 0.2870665235093244, 0.18198904664468377, 0.1327289809560515], [0.4496713973279016, 0.25570984529188906, 0.1884372894976072, 0.10618146778260208], [0.44385663662562197, 0.26704234479027134, 0.16939032454712283, 0.11971069393698389], [0.37579595298561286, 0.2710378629316769, 0.19194633910800854, 0.16121984487470167], [0.4085487601184957, 0.2559400422335018, 0.24029142436093961, 0.0952197731870628], [0.3543269196242528, 0.2595116909860599, 0.19859952620365917, 0.18756186308602815], [0.3841421661013995, 0.2563353218825919, 0.22412447963089355, 0.135398032285115], [0.4292782374572104, 0.2774744116229821, 0.18866086566531137, 0.10458648515449617], [0.4139644955416496, 0.2805856272515817, 0.1847523370480685, 0.12069754005870019]], "ideal": "D", "sampled": "C", "correct": false}}
{"type": "result", "data": {"idx": 1, "options": ["It loads the circuit moderately.", "It loads the circuit to maximum extent.", "It uses centre zero galvanometer instead of voltmeter.", "It does not load the circuit at all."], "probs": [[0.4696316788566118, 0.15284660684795484, 0.09712632144204554, 0.2803953927533879], [0.3954581396934107, 0.12745981695011732, 0.43585172835932773, 0.041230314897144245], [0.5461789694584985, 0.161674330318158, 0.1292001532902355, 0.16294654683310794], [0.32347719894162985, 0.1054833574343532, 0.5313283642199276, 0.03971107930408932], [0.4096360618668585, 0.5021882793043985, 0.06290288444639405, 0.025272774282348885], [0.3820513295200816, 0.5232573297261591, 0.06493785413090417, 0.029753486522855088], [0.279074682024545, 0.23509860125225596, 0.10304785649652826, 0.3827788601266708], [0.22322885114522692, 0.2032522046205336, 0.5190111610859285, 0.05450778304831099], [0.21116989219550905, 0.15644961127714607, 0.5240477762876097, 0.1083327201397352], [0.1678078646463413, 0.10004632323048895, 0.6042608112127436, 0.12788500081042617], [0.1980356174778772, 0.5719258923164225, 0.20066011435875414, 0.02937837574694612], [0.19035404704981695, 0.46482592953141466, 0.0855395627670584, 0.25928046055171], [0.273166656466824, 0.4714260398870157, 0.12583674489193444, 0.12957055865422587], [0.20149368721259528, 0.3555726527817884, 0.3987593486090378, 0.04417431129657852], [0.17323275882559921, 0.15033305731900062, 0.5400023298914945, 0.13643185386390558], [0.14020070564381096, 0.0862759193573525, 0.6279764162590953, 0.14554695863974124], [0.15437187252885146, 0.707517743039905, 0.11433698980856981, 0.023773394522673776], [0.1648133223366832, 0.6605120798208609, 0.08722848314324225, 0.08744611459921367], [0.7714563944793635, 0.14829442896459025, 0.05561456642290954, 0.024634610033136717], [0.7316830212016593, 0.17257441707147778, 0.056127466673956336, 0.0396150949529066], [0.5523425463558302, 0.11215790610736877, 0.30454087935041757, 0.030958668086383374], [0.4291006836670079, 0.1174148588586284, 0.0899056041235183, 0.36357885325084544], [0.4847959523372296, 0.12369666109081194, 0.36240017005455266, 0.029107216417405792], [0.44367927974678634, 0.13651003720311472, 0.11870320266101043, 0.3011074802890885]], "ideal": "D", "sampled": "D", "correct": true}}
{"type": "result", "data": {"idx": 2, "options": ["NOR, NAND.", "XOR, NOR, NAND.", "OR, NOT, AND.", "NOR, NAND, XNOR."], "probs": [[0.36015210893695554, 0.3586981131782845, 0.11849385195135223, 0.16265592583340777], [0.3550396945693879, 0.3765088691031607, 0.17419009360776327, 0.0942613426196881], [0.3700031262268045, 0.16327119845135657, 0.3192924451086975, 0.14743323011314144], [0.38638426884639204, 0.1540023168619665, 0.3578724153362485, 0.10174099885539299], [0.33849666275789414, 0.4868984032732261, 0.09590690796400221, 0.07869802590487757], [0.34984272454278, 0.4512684907218418, 0.09999339207011848, 0.09889539256525975], [0.4031488181165005, 0.2531343513385102, 0.1436042104638952, 0.20011261998109411], [0.37696910743301904, 0.24998406132010337, 0.25324327317126727, 0.11980355797561033], [0.4082011817255531, 0.11813168050461338, 0.2477343641311395, 0.22593277353869404], [0.444724334574702, 0.134834576677744, 0.24184433344104406, 0.17859675520650994], [0.4403415852293869, 0.1811677190306259, 0.24909634514498707, 0.12939435049500017], [0.5013309270038825, 0.1735405973481623, 0.1345957706613583, 0.1905327048865969], [0.3657589690676757, 0.367561681813561, 0.15229920118638784, 0.11438014783237543], [0.3280825243245734, 0.39166977122227686, 0.2102583897590845, 0.06998931459406521], [0.39384539105069233, 0.20658134537601988, 0.19799909583731654, 0.20157416763597122], [0.436539090180539, 0.2132787289000666, 0.18040482966891158, 0.1697773511504828], [0.3685561473083915, 0.4036612868450934, 0.14413674389078407, 0.08364582185573108], [0.42162232652528814, 0.3508835852848581, 0.12727430488676303, 0.10021978320309076], [0.48971857521140116, 0.3172205317324455, 0.11421170574301451, 0.07884918721313881], [0.49828495817647783, 0.3202892088699073, 0.08979611499288281, 0.09162971786073203], [0.5478318169811357, 0.1476648554754157, 0.19980920253754703, 0.10469412490590155], [0.5266612446275353, 0.15101427625919173, 0.11259054978655789, 0.20973392922671513], [0.5383675493369728, 0.10532530003756171, 0.2485165950214974, 0.10779055550396802], [0.48680283889070575, 0.10961553289963082, 0.2526050470128618, 0.15097658109680165]], "ideal": "A", "sampled": "D", "correct": false}}
{"type": "result", "data": {"idx": 3, "options": ["30\u00b0 to 150\u00b0.", "30\u00b0 to 180\u00b0.", "60\u00b0 to 120\u00b0.", "60\u00b0 to 180\u00b0."], "probs": [[0.34087567569635996, 0.28607182416867466, 0.19220463585151254, 0.18084786418345283], [0.29950413551172905, 0.27585214784742795, 0.21718159639424256, 0.2074621201466004], [0.3682793700118612, 0.26845783972604886, 0.20619960081008396, 0.15706318935200603], [0.291916374712547, 0.26916698019743907, 0.23813113922675055, 0.20078550576326337], [0.34067421706147283, 0.246476161937814, 0.2696424327254686, 0.14320718817524453], [0.3141785357333519, 0.31831444255251756, 0.22255394523761207, 0.14495307637651844], [0.3718488028824653, 0.2669638474603911, 0.19878021473029908, 0.16240713482684455], [0.33952676234644574, 0.259492419351246, 0.19482439173823254, 0.20615642646407567], [0.41417372328175817, 0.2684522470900369, 0.181989891957166, 0.1353841375710389], [0.34385061772976927, 0.2932402236949253, 0.21501131674004198, 0.1478978417352634], [0.36329254504385566, 0.2798804938513302, 0.19430404899561476, 0.16252291200919936], [0.2848037140560895, 0.32207795494438135, 0.2676877339261151, 0.12543059697341402], [0.2731497802118564, 0.28551935295827996, 0.260641328647259, 0.18068953808260466], [0.3404696729228814, 0.3042915923160785, 0.19201429818076668, 0.16322443648027346], [0.3135568750551176, 0.33301254607368475, 0.20876431151978217, 0.14466626725141546], [0.3157532308904451, 0.3049241394967134, 0.24570865168822378, 0.13361397782461773], [0.31803122159638597, 0.3071843087366003, 0.18361645935129778, 0.19116801021571597], [0.2919250813408358, 0.28654847400149636, 0.23450279932367618, 0.18702364523399168], [0.33331475651849324, 0.2887117948455524, 0.21677824008616367, 0.16119520844979068], [0.4016555487461237, 0.27507829253488314, 0.19091812979877948, 0.13234802882021365], [0.30013115402253326, 0.27916182401000383, 0.250906720678349, 0.16980030118911393], [0.3911072429953487, 0.2719596109106262, 0.20911482597628692, 0.12781832001773813], [0.35804244338802654, 0.2913473204776269, 0.1841140063799981, 0.16649622965434838], [0.3458742797028851, 0.2770760655126061, 0.20311726627702867, 0.1739323884074801]], "ideal": "A", "sampled": "B", "correct": false}}
{"type": "result", "data": {"idx": 4, "options": ["Data Box.", "Logical box.", "Decision box.", "State box."], "probs": [[0.20197086621421573, 0.12607772083462393, 0.29934023469642485, 0.3726111781547355], [0.1697427699812277, 0.09759849708886287, 0.671728161614307, 0.06093057121560235], [0.21926253848640184, 0.13804153429329033, 0.16482778874345144, 0.4778681383768564], [0.25443908759224465, 0.17725163828486656, 0.46798512683588217, 0.10032414718700662], [0.3100178287615975, 0.3757271226228127, 0.13842363860450227, 0.17583140991108753], [0.31323320137159716, 0.38195297687336405, 0.17016203953355702, 0.13465178212148174], [0.22267761987142498, 0.10459522278483484, 0.2556845393113192, 0.417042617932421], [0.17238542178955255, 0.08337568366624104, 0.665269901309394, 0.07896899313481234], [0.3027587139663463, 0.16021190166292182, 0.11507609512016424, 0.4219532891505677], [0.24632746275935577, 0.13289993356441468, 0.5711115321525165, 0.049661071423713087], [0.3674853820740032, 0.49927455186175135, 0.06530499813469877, 0.0679350678295467], [0.37047692107492824, 0.5069359588818596, 0.0728566642299332, 0.04973045571327896], [0.28450439649230114, 0.1192081772807917, 0.22445310163278917, 0.371834324494118], [0.3373071375066249, 0.12444656437042173, 0.4181271572969697, 0.1201191407259837], [0.3323121518020844, 0.1539028516003284, 0.12127826564537462, 0.3925067308522126], [0.28003287834170204, 0.1353587980313617, 0.541437576311282, 0.043170747215654254], [0.5454986447072518, 0.2516470140720931, 0.08007682501125542, 0.12277751610939958], [0.5254929700377577, 0.2584092934052719, 0.1296152780046732, 0.08648245845229709], [0.7861164631776477, 0.084596162625224, 0.06844664211378543, 0.06084073198334287], [0.7783044559702152, 0.08570671719250705, 0.06941783944701167, 0.06657098729026595], [0.8094265754670141, 0.09415515160531188, 0.050264039993324634, 0.04615423283434931], [0.7847187471208086, 0.10036163698639693, 0.06729264005182514, 0.04762697574096939], [0.7813419960852861, 0.09081662749838758, 0.06048230656503588, 0.0673590697512905], [0.7595290540889336, 0.09565652905938118, 0.08703626691424712, 0.05777814983743813]], "ideal": "C", "sampled": "D", "correct": false}}
{"type": "result", "data": {"idx": 5, "options": ["same as that produced by one plate.", "double the field produced by one plate.", "dependent on coordinates of field points.", "zero."], "probs": [[0.3354325840222294, 0.3284242997969938, 0.16855099544402774, 0.16759212063674908], [0.35564263791119866, 0.34788273854846286, 0.12854363789129122, 0.16793098554904723], [0.3265698503142383, 0.2730151373915775, 0.2529070041387642, 0.14750800805541997], [0.32342571498833955, 0.26610625184059805, 0.22445686493740322, 0.1860111681336592], [0.36335647643980434, 0.23797554129926138, 0.23113210841389012, 0.1675358737470442], [0.33914523808030483, 0.23456163352525605, 0.2154918578723371, 0.210801270422102], [0.3209590256607713, 0.4437551232546214, 0.1284163838806768, 0.10686946710393051], [0.31660924538073515, 0.4806820034754158, 0.10832437530285098, 0.09438437574099803], [0.2853821728724314, 0.18296189059091184, 0.44419111473317224, 0.0874648217034845], [0.29573627526606205, 0.19693803762448667, 0.30320524445163377, 0.20412044255781744], [0.34396188422691737, 0.2288978329400454, 0.29948007164940355, 0.12766021108363368], [0.33918517319170527, 0.23657789471498814, 0.17557325695825354, 0.24866367503505307], [0.23415291655930195, 0.35597345759845617, 0.26836750308523355, 0.14150612265700835], [0.2742962579795046, 0.3140573250047821, 0.23690487795047516, 0.17474153896523817], [0.19086571889096912, 0.25958384241177873, 0.4642199186912839, 0.08533051990596825], [0.2440185321330947, 0.21204254660996943, 0.33406663933234504, 0.20987228182459078], [0.2670091688365956, 0.3464462160717702, 0.20965470371533976, 0.17688991127629447], [0.2451936456200473, 0.2802421879343774, 0.19973247050836287, 0.2748316958372124], [0.2799134808511742, 0.3008208527737911, 0.24939675255014856, 0.1698689137248861], [0.29263559416937457, 0.27511817624080015, 0.2446929252602282, 0.18755330422959707], [0.2774087960408919, 0.2505956179876838, 0.3407678451450111, 0.1312277407264132], [0.299889624088816, 0.24467773733076445, 0.17719210682527547, 0.27824053165514406], [0.2901370183812962, 0.2603893538991094, 0.24826036021223058, 0.20121326740736384], [0.24512533446745566, 0.1953692225336517, 0.2144751495418866, 0.345030293357006]], "ideal": "D", "sampled": "A", "correct": false}}
{"type": "result", "data": {"idx": 6, "options": ["Low.", "Very low.", "High.", "Almost zero."], "probs": [[0.3583125631888672, 0.24800155672938168, 0.18643940326671357, 0.20724647671503757], [0.30475597861013876, 0.2075430607247726, 0.38780632520361397, 0.09989463536147468], [0.3652249737564316, 0.33789284544305465, 0.13995531825612084, 0.15692686244439288], [0.38504762027358425, 0.34234473615955263, 0.13852189686286884, 0.13408574660399425], [0.43044414697420486, 0.22293071285228117, 0.19894852928011114, 0.14767661079340283], [0.3989972411589524, 0.20991301295523865, 0.2372672550004236, 0.15382249078538535], [0.32214963432905214, 0.22310009596500993, 0.3316645621921753, 0.1230857074137626], [0.37620695123219744, 0.1762343872714113, 0.31871120563141675, 0.12884745576497444], [0.3669364884008179, 0.27493150790572823, 0.20982753290398826, 0.1483044706894656], [0.39714274989992854, 0.270327576083556, 0.16968027261230112, 0.16284940130421427], [0.4955382570793665, 0.24111100669608898, 0.1282320301369938, 0.13511870598755074], [0.4832549988740225, 0.24627636370580297, 0.14063869415307328, 0.12982994316710122], [0.3197100805873356, 0.25483727832327924, 0.2189768287168041, 0.2064758122725811], [0.3793605920197777, 0.26449886355882646, 0.1713502134412572, 0.18479033088013863], [0.3159711109675566, 0.22938259285454798, 0.22688110508558945, 0.22776519099230594], [0.33236163356017956, 0.2336475814101761, 0.27929114876441, 0.15469963616523433], [0.3648479634880947, 0.2195425960133861, 0.27474299479870834, 0.14086644559981087], [0.367685098382269, 0.2506336196817575, 0.23285480637442657, 0.14882647546154695], [0.3367064447382053, 0.27710629745512105, 0.228863383606885, 0.15732387409978865], [0.2825730849284649, 0.265463483387721, 0.343146867357735, 0.10881656422607906], [0.35853219028702277, 0.20915605125719872, 0.20181603727706723, 0.2304957210787113], [0.3677337169279483, 0.20940397677711717, 0.23852036890982564, 0.1843419372851089], [0.2898127777556759, 0.21876107480068496, 0.34348264844980203, 0.14794349889383715], [0.34626537557953974, 0.22329577801378797, 0.22597679493551695, 0.20446205137115536]], "ideal": "C", "sampled": "C", "correct": true}}
{"type": "result", "data": {"idx": 7, "options": ["Amplitude stability", "Frequency stability", "Power stability", "Both A and B"], "probs": [[0.2729496637239074, 0.14134822679128223, 0.12381070013737336, 0.46189140924743705], [0.26073225941535827, 0.19660585823766502, 0.49108570077447117, 0.051576181472505575], [0.2560719644794083, 0.07664963142737287, 0.3929041472021287, 0.2743742567910902], [0.24395262247758798, 0.08144863876143643, 0.3923907367282035, 0.28220800193277207], [0.374315608275783, 0.3923610331512219, 0.13238744041825357, 0.10093591805474153], [0.3393151759762003, 0.2937567531768774, 0.08030638097913671, 0.28662168976778557], [0.3237386264600045, 0.10404337894166979, 0.1424325650929018, 0.42978542940542386], [0.3147727016214145, 0.12908416023422672, 0.49904664607968513, 0.05709649196467358], [0.34172681734408344, 0.08677984222154905, 0.20753890737765418, 0.3639544329567133], [0.3418108104771969, 0.09914972404179948, 0.45610322942287396, 0.10293623595812965], [0.48573079700381033, 0.38168865438459115, 0.06299370526637518, 0.06958684324522332], [0.47318997974432225, 0.3802745341874364, 0.05675394087462322, 0.08978154509361813], [0.22233429880205152, 0.10064850896556778, 0.36574471538201336, 0.31127247675036734], [0.20636935837543663, 0.10933873219199437, 0.4134987653899762, 0.27079314394259274], [0.24946810305794231, 0.16330920674901042, 0.14776804160976675, 0.4394546484832805], [0.23489366034431045, 0.23817517889198883, 0.44905447255353403, 0.0778766881101667], [0.3091580042490703, 0.2986028558895051, 0.1073520579979965, 0.28488708176342814], [0.34454769919489586, 0.34911895835243195, 0.15400073389661292, 0.15233260845605925], [0.5127178200841807, 0.22803529075330212, 0.15673453403628723, 0.10251235502623], [0.4505138459828226, 0.21272419771608322, 0.12220515417250775, 0.21455680202858637], [0.5838312680087165, 0.1950659213784751, 0.126460243047354, 0.09464256746545432], [0.5736895160273504, 0.18974593138476717, 0.11038234001499514, 0.12618221247288733], [0.41522678109983624, 0.1928897471102445, 0.17753664882886294, 0.21434682286105633], [0.4911298970892098, 0.19387767583626414, 0.1782486816279566, 0.1367437453465695]], "ideal": "D", "sampled": "D", "correct": true}}
{"type": "result", "data": {"idx": 8, "options": ["1.5 KV.", "15 KV.", "33 KV.", "66 KV."], "probs": [[0.320029442278769, 0.27370453285973867, 0.2506789006143305, 0.15558712414716178], [0.33224316933046555, 0.275425191562272, 0.23326074727138676, 0.15907089173587563], [0.3480132027520378, 0.23922365124288053, 0.2881097283107934, 0.12465341759428829], [0.35135366462073886, 0.2285733750659126, 0.1653694461010595, 0.25470351411228903], [0.3729295459980083, 0.18612292545754333, 0.31632077926453345, 0.12462674917991487], [0.34863117333740556, 0.23586551842715045, 0.1817340999659956, 0.2337692081694484], [0.40447332278945436, 0.21993539718285546, 0.22826888685337862, 0.14732239307431155], [0.37919298940660445, 0.22819632969589917, 0.21382275858835245, 0.1787879222091439], [0.4122666356707616, 0.20746031092327008, 0.27214097568441503, 0.10813207762155325], [0.36054587360591317, 0.2581717967728889, 0.18376120923112033, 0.1975211202900776], [0.4045507696473213, 0.16238161072991247, 0.32769585923649913, 0.10537176028626712], [0.3338194986140396, 0.2685221295399442, 0.25545050233733224, 0.14220786940868402], [0.356894216316667, 0.3008524656503033, 0.2230357362426248, 0.11921758169040488], [0.34882239023568457, 0.3203350352970556, 0.1309669484211213, 0.19987562594613856], [0.2784591697908883, 0.2329306671663845, 0.38724945145696577, 0.10136071148576145], [0.36853028438370533, 0.23440923492976093, 0.15554693803265718, 0.24151354255387655], [0.3036149856970091, 0.16633882125509433, 0.29198367640533784, 0.23806251654255872], [0.30097092988884355, 0.15737144095345829, 0.2940775927057393, 0.24758003635195885], [0.3290967642931859, 0.28222247955361063, 0.24841529128451517, 0.14026546476868829], [0.3711640072467497, 0.2804069989457313, 0.15182792460169384, 0.1966010691058252], [0.25768045164333897, 0.2859575216027685, 0.3500470894980655, 0.10631493715582696], [0.35438191359102533, 0.2943367019845253, 0.14965507163614944, 0.20162631268829995], [0.287233884794094, 0.1663938288761604, 0.3413808294583589, 0.2049914567713867], [0.2382780540264373, 0.15404144958977917, 0.3692388126111694, 0.23844168367261406]], "ideal": "A", "sampled": "B", "correct": false}}
{"type": "result", "data": {"idx": 9, "options": ["1MHz to 500 MHz", "100 KHz to 500 MHz", "1 KHz to 1 MHz", "1MHz to 100 GHz"], "probs": [[0.2781302464844661, 0.2540363219700739, 0.2760158016396237, 0.1918176298058363], [0.28374853727364235, 0.27981799838128946, 0.2969103455246608, 0.13952311872040743], [0.32330023757413223, 0.3480051703700335, 0.15680540862891507, 0.1718891833269192], [0.32094745390122825, 0.2881635894414097, 0.24953803792165613, 0.14135091863570592], [0.35058145298647353, 0.41119386599692886, 0.1271149870826588, 0.11110969383393879], [0.3111195931522772, 0.40697921228017847, 0.12188082459573907, 0.16002036987180526], [0.35700587818900553, 0.31804554229570936, 0.12621625692403624, 0.1987323224912489], [0.2409780066527248, 0.1938431623156317, 0.44675091887636703, 0.11842791205527645], [0.37976708438522133, 0.18047803369627594, 0.23479422574684167, 0.20496065607166106], [0.37762472029724425, 0.2420138567444067, 0.18897174296873556, 0.19138967988961347], [0.34798623811750273, 0.46624608086430835, 0.09725630665133234, 0.08851137426685653], [0.35635167622244956, 0.3685871091756226, 0.12315183223410633, 0.1519093822678215], [0.2624928770321171, 0.3684405550785229, 0.1659374907120896, 0.20312907707727038], [0.2566376924258133, 0.3437142967834081, 0.2522155344234021, 0.1474324762673765], [0.21877523928517975, 0.3244268249481318, 0.1877512158600808, 0.26904671980660766], [0.267482991974383, 0.30141359115486827, 0.24271191292493455, 0.1883915038458142], [0.28139110977531234, 0.40125533336478303, 0.12988826437652215, 0.18746529238338247], [0.30235924586306706, 0.33560183161134977, 0.15714744902674327, 0.2048914733988399], [0.32910160452940235, 0.312830370366224, 0.23496338107931078, 0.12310464392506285], [0.4630621122152061, 0.21697498982278784, 0.1482709309512321, 0.17169196691077396], [0.3517601866316744, 0.35024232451637166, 0.20769726202118485, 0.09030022673076905], [0.3450495055725264, 0.3433666578093523, 0.14990578813701552, 0.16167804838110575], [0.44904745958866793, 0.17696668733277576, 0.21275897956028816, 0.16122687341826814], [0.3141969237668113, 0.14501551224377515, 0.28551698579069823, 0.2552705780987153]], "ideal": "A", "sampled": "D", "correct": false}}
{"type": "result", "data": {"idx": 10, "options": ["High resistance when forward or reverse biased", "Low resistance when forward biased, while high resistance when reverse bias", "High resistance when forward biased, while low resistance when reverse bias", "Low resistance when forward or reverse biased"], "probs": [[0.17979481144705994, 0.5355756082753359, 0.2070797306434957, 0.07754984953410846], [0.18072743038786326, 0.5375516213851198, 0.10751384840151468, 0.17420709972550222], [0.10657121746879795, 0.23885383665735013, 0.5767360796187143, 0.07783886615513762], [0.13023776493904243, 0.23373606527608115, 0.11112636161143347, 0.5248998080734429], [0.09020510247784991, 0.0664130518786279, 0.390148577128462, 0.4532332684150602], [0.06183764099615872, 0.048835221950203074, 0.1359519026700125, 0.7533752342836256], [0.5787874244026432, 0.08684923920473556, 0.24691092045703095, 0.08745241583559032], [0.5993802993428576, 0.08310045920229879, 0.14414918005136448, 0.17337006130347907], [0.6336257049888256, 0.2079372169744818, 0.07401838373452482, 0.08441869420216776], [0.6635137845174093, 0.19198909543016748, 0.0694569428900235, 0.07504017706239972], [0.5208903913771091, 0.09281217636079518, 0.1488313906268334, 0.23746604153526227], [0.5233852110760987, 0.10236012629557878, 0.26095231587207535, 0.1133023466562472], [0.33459378520662086, 0.10660129973560664, 0.4283376410297115, 0.13046727392806098], [0.2745611348878873, 0.07075538432817871, 0.1573874789513655, 0.4972960017325685], [0.38547455290815325, 0.4506653781876632, 0.0714995004202191, 0.09236056838396442], [0.3781287101883706, 0.45270577405862256, 0.0734826555289059, 0.09568286012410095], [0.380665946544908, 0.10936467022503503, 0.21677417404945054, 0.2931952090806064], [0.31369878260778117, 0.10296901774728358, 0.4730205448849089, 0.11031165466002636], [0.0985415257740976, 0.07199170278801498, 0.3758561228766067, 0.45361064846128074], [0.06655586683789072, 0.04897454135681368, 0.12312198005076062, 0.761347611654535], [0.17239362128138389, 0.4627014730609298, 0.1091232233320072, 0.25578168222567915], [0.12965576445993449, 0.4304368825603996, 0.3431742216539995, 0.09673313122566642], [0.17541301771475165, 0.2434588445020298, 0.142854366969318, 0.43827377071390056], [0.20040675252187215, 0.2477108034136094, 0.44423206310866725, 0.10765038085585121]], "ideal": "B", "sampled": "B", "correct": true}}
{"type": "result", "data": {"idx": 11, "options": ["Zinc silicate.", "Calcium silicate.", "Zinc sulphide.", "Magnesium silicate."], "probs": [[0.29089152593317774, 0.09078068217635811, 0.5428155023597102, 0.0755122894307539], [0.3034535600917041, 0.0979274347635416, 0.1283405105888577, 0.4702784944558966], [0.267559613843887, 0.6463612347395773, 0.04472574651862983, 0.04135340479790588], [0.2634601690900679, 0.6463065983568014, 0.04759345752990617, 0.04263977492322455], [0.32906016175586766, 0.11750213186028773, 0.14475410763620003, 0.4086835986476446], [0.3102858985948413, 0.10636373227584855, 0.5029179381884715, 0.08043243084083859], [0.12209390728525195, 0.09658259213841755, 0.7263546667239197, 0.05496883375241086], [0.2134184618609239, 0.10502557101635802, 0.17262389407159798, 0.5089320729511201], [0.3475124200467763, 0.3174441096945139, 0.1553673859804016, 0.1796760841783082], [0.33437384657017166, 0.3007643684102371, 0.19058335463659395, 0.17427843028299728], [0.1447344134955989, 0.07771013734241672, 0.11075941554660222, 0.6667960335153822], [0.17090803981833036, 0.0907786292085885, 0.6656132588667681, 0.072700072006313], [0.6733279478371328, 0.11415982670535822, 0.11057419740696911, 0.10193802795053981], [0.590764701307348, 0.12965112923279296, 0.16920353470540783, 0.11038063465445114], [0.6294022014285885, 0.12476566060828255, 0.14358563291825574, 0.10224650494487324], [0.5802857201966657, 0.1356432708047232, 0.1610875273562092, 0.12298348154240192], [0.6205053143922273, 0.1321073283985076, 0.14965593367343855, 0.09773142343582643], [0.6124754912524181, 0.13553165705825523, 0.14528729886076136, 0.10670555272856537], [0.2829422056392015, 0.12282039223873267, 0.19604791698879517, 0.3981894850332707], [0.15028794332264928, 0.10580021299556196, 0.6851734024371994, 0.0587384411445894], [0.21156937669968043, 0.09123164009253465, 0.12524632084779871, 0.5719526622599862], [0.23194663569912416, 0.10062416046781664, 0.5830972280976792, 0.08433197563538004], [0.41998650993697356, 0.29872101097217657, 0.13104377490396507, 0.15024870408688476], [0.423081482790212, 0.28282328142814533, 0.14846765388361016, 0.14562758179803248]], "ideal": "D", "sampled": "C", "correct": false}}
{"type": "result", "data": {"idx": 12, "options": ["1", "2", "3", "4"], "probs": [[0.3207053756866153, 0.3452452354324856, 0.2176267054358081, 0.11642268334509098], [0.29357940393103993, 0.3036029979819887, 0.2603020408534286, 0.14251555713354278], [0.30112750008211164, 0.34512887172963, 0.3029846616453483, 0.05075896644291002], [0.25322818376231837, 0.34478869516994753, 0.2582094630607623, 0.14377365790697177], [0.285033230303046, 0.46408032197361704, 0.17288137915062216, 0.07800506847271481], [0.2614592034962025, 0.406728091845431, 0.25051048582157637, 0.08130221873679011], [0.4726783773628572, 0.29159549744776087, 0.16098365665803804, 0.07474246843134386], [0.4532542025625058, 0.26458831436126584, 0.18927825139306517, 0.09287923158316319], [0.39689054489800285, 0.2911283330160072, 0.24921084566588295, 0.06277027632010697], [0.3552444192557584, 0.29290606334296754, 0.21240532172018078, 0.13944419558109325], [0.39897935381919974, 0.3449120973411445, 0.1690512970986874, 0.08705725164096838], [0.32625455390203556, 0.3375532702217195, 0.24884546356794568, 0.08734671220829926], [0.4693566823329309, 0.2827972450361186, 0.16890078655505378, 0.07894528597589678], [0.4998417197969463, 0.2553338712596514, 0.14875178320729746, 0.09607262563610483], [0.4505493543837142, 0.3231757725381631, 0.15830749979406766, 0.06796737318405506], [0.45184254978431776, 0.3234385871819963, 0.14311361418063026, 0.08160524875305564], [0.4302124605008439, 0.3154821262072068, 0.1496405828407082, 0.10466483035124112], [0.3845228099633237, 0.34309057675933835, 0.1787649757521267, 0.09362163742521121], [0.4951236846474192, 0.2608104788513156, 0.14281543236642855, 0.10125040403483665], [0.5109327992961524, 0.25459599302699326, 0.12493754829008556, 0.10953365928676877], [0.4587942532287049, 0.2787220879634432, 0.18280633473081953, 0.07967732397703237], [0.4777179311038084, 0.29668225402231346, 0.15125163686820411, 0.07434817790567398], [0.43980224246759747, 0.3274113633129821, 0.1592858183011813, 0.07350057581823911], [0.42728336889482055, 0.3634104619845422, 0.13959743809184746, 0.06970873092878983]], "ideal": "D", "sampled": "D", "correct": true}}
{"type": "result", "data": {"idx": 13, "options": ["collecting of current", "reduce losses", "increase efficiency", "convert AC armature current in to DC"], "probs": [[0.3746393788070079, 0.15631953579052635, 0.22789735618476087, 0.2411437291177049], [0.3184053003469589, 0.14979429541520398, 0.35353517528813283, 0.1782652288497043], [0.37315365390358834, 0.1234847819422024, 0.2328872514068111, 0.27047431264739813], [0.2641408862112968, 0.10312420182301159, 0.42186769990271694, 0.21086721196297467], [0.3194952106005896, 0.3054975958011304, 0.22344482608720867, 0.15156236741107132], [0.32678950803556994, 0.3202196454747071, 0.1890155133122588, 0.1639753330774642], [0.3367728170222761, 0.38608380181643875, 0.15871689549750095, 0.11842648556378413], [0.3161845967847736, 0.3657610010759372, 0.2092367221552784, 0.1088176798840108], [0.3004578716854821, 0.12166155400389245, 0.4157956931129572, 0.16208488109766825], [0.24068878947307995, 0.11047849222625916, 0.3984160184225782, 0.2504166997780827], [0.26506658003461564, 0.33950815810923346, 0.2925846423803307, 0.10284061937582016], [0.28719113970546833, 0.3650753036487715, 0.18787891321036854, 0.15985464333539162], [0.20674871368312245, 0.5837900768483782, 0.1319178819208076, 0.07754332744769166], [0.20808446620506246, 0.5343329747802841, 0.17630185139890076, 0.0812807075157527], [0.24972802212029832, 0.10948090917654084, 0.4552089537581901, 0.18558211484497072], [0.20135970411671247, 0.0948804765844832, 0.4218354820783304, 0.28192433712047393], [0.19720600564251162, 0.3746427018086956, 0.3176531554699315, 0.11049813697886131], [0.2093936118093432, 0.45934353643066395, 0.17571455762162677, 0.1555482940383661], [0.309741907318063, 0.4851428757463388, 0.1415729192896268, 0.0635422975459714], [0.3148847268934782, 0.48977238664754597, 0.1249457988755003, 0.07039708748347552], [0.37760990010278006, 0.17267490535719454, 0.33809392885253126, 0.11162126558749413], [0.40921670804128796, 0.18085684149925607, 0.18346289071785946, 0.2264635596415965], [0.3199584090402123, 0.1079219100390662, 0.44964699592722174, 0.12247268489349976], [0.4202493115653574, 0.12362959058616135, 0.1942721609374204, 0.26184893681106086]], "ideal": "D", "sampled": "A", "correct": false}}
{"type": "result", "data": {"idx": 14, "options": ["1 ohm of resistance", "ratio of 1 V to 1 C", "ratio of 1 C to 1 V", "none of these"], "probs": [[0.35930356915134676, 0.19534997931180906, 0.23425957907270625, 0.21108687236413795], [0.33952358361663665, 0.1705411374398398, 0.24484531578953372, 0.24508996305398983], [0.3414275340608286, 0.19606533381778338, 0.24040825003291885, 0.22209888198846917], [0.34581230521563255, 0.16317335530198956, 0.22319208575674782, 0.26782225362563006], [0.32461583611103206, 0.2549718022091525, 0.16535052655473875, 0.2550618350250767], [0.3455485520997812, 0.29347427145943905, 0.11419969945452617, 0.2467774768862536], [0.4350332591222859, 0.10886349461901122, 0.31161228477727443, 0.1444909613814284], [0.38175360502221145, 0.09861807818076523, 0.27990368839992547, 0.23972462829709787], [0.4974983967156789, 0.27689957822250644, 0.09538286249416064, 0.13021916246765397], [0.4707172249585343, 0.25557530114162735, 0.18695153433414036, 0.08675593946569801], [0.4052151350596241, 0.28078489865270756, 0.08997646517204463, 0.22402350101562368], [0.3963724973123893, 0.24378002851402578, 0.26201818418727374, 0.09782928988631114], [0.44695924059925957, 0.10599349753969438, 0.30311650938091933, 0.14393075238012673], [0.3900508524079853, 0.10234370674147421, 0.23656524362932435, 0.2710401971212161], [0.5018161833866999, 0.2903294438029737, 0.07968286153967237, 0.128171511170654], [0.47659907589859324, 0.26508356933251537, 0.17644371791906285, 0.08187363674982853], [0.4158163809428893, 0.2857861710133656, 0.07408132127373733, 0.22431612667000775], [0.3975004912515052, 0.2523193506751852, 0.25062911206188215, 0.09955104591142745], [0.3164226914201847, 0.3078808990444548, 0.15139483952811847, 0.22430156990724204], [0.34262402821261634, 0.3107577171385155, 0.11690289922669052, 0.22971535532217766], [0.41086856976257685, 0.26619075734521047, 0.10107082496053968, 0.221869847831673], [0.3801135022617334, 0.31628893472088415, 0.19232072937238082, 0.11127683354500162], [0.4142102300706548, 0.2833657860472555, 0.10089193283502647, 0.20153205094706328], [0.3637856867950081, 0.32765808647497957, 0.1674727053003362, 0.1410835213296761]], "ideal": "C", "sampled": "B", "correct": false}}
{"type": "result", "data": {"idx": 15, "options": ["3", "6", "8", "9"], "probs": [[0.28335134036542686, 0.4585116939834709, 0.17657635140370903, 0.08156061414739317], [0.3048902678848096, 0.44217738819002417, 0.16652554022535931, 0.0864068035998069], [0.30247221345968817, 0.49017774747178866, 0.13464631726127826, 0.0727037217072449], [0.28614228534605274, 0.46736180081221146, 0.14798921124663428, 0.09850670249510154], [0.2999193139056302, 0.46053872537191903, 0.15890778954767096, 0.08063417107477977], [0.2810985874193792, 0.48512852275714674, 0.14889044170735846, 0.0848824480161156], [0.5092188347017645, 0.29724152221873124, 0.12590647305361144, 0.06763316992589281], [0.49739672616968955, 0.28791122982205475, 0.13191526832046852, 0.08277677558778719], [0.5123324064869466, 0.1811796372072824, 0.22510853091432423, 0.08137942529144675], [0.44037184771026017, 0.2033164084248539, 0.18163942069441763, 0.17467232307046826], [0.484224870282414, 0.16595085458141612, 0.26121971787045034, 0.08860455716571955], [0.47367008457058857, 0.19582375444397654, 0.21481286997108326, 0.11569329091435163], [0.4735241233828997, 0.29459962245856186, 0.156635314210487, 0.07524093984805147], [0.5153016601077496, 0.28048662184314327, 0.1143003438090329, 0.0899113741400743], [0.4826698672686625, 0.20602527565721665, 0.22772124746729486, 0.08358360950682595], [0.5426160530913838, 0.22054778870082425, 0.12806181226696026, 0.10877434584083163], [0.4776866889211673, 0.16380883263473262, 0.24187938145723956, 0.11662509688686055], [0.49490353061022035, 0.18062598453430512, 0.21085950339724432, 0.11361098135823018], [0.4271066168189146, 0.3391625330136903, 0.15168287218462992, 0.08204797788276517], [0.46725979943816764, 0.32703753758956455, 0.12211173936336069, 0.08359092350890708], [0.42756741916160185, 0.24802814236762286, 0.23622329354737825, 0.088181144823397], [0.5054193772273939, 0.26238572790372405, 0.13750378888590817, 0.09469110588297384], [0.47368798517819016, 0.22054939473974308, 0.2067688908920545, 0.09899372909001226], [0.47233384842917653, 0.23591278491045262, 0.1734888404434284, 0.11826452611694246]], "ideal": "C", "sampled": "B", "correct": false}}
{"type": "result", "data": {"idx": 16, "options": ["First digit from left to right", "First digit from right to left", "Middle digit", "Mean of all digits"], "probs": [[0.796620276377344, 0.11132166161725926, 0.05035183747043802, 0.04170622443495869], [0.8069324788041945, 0.10182163484040796, 0.04148118415502703, 0.04976470210037052], [0.8099125419077357, 0.06061992342185881, 0.08353455023358311, 0.04593298433682245], [0.809956813074322, 0.058952489756187144, 0.060001568788297086, 0.07108912828119375], [0.8173912593034504, 0.054043821078400195, 0.0783963616767698, 0.050168557841379594], [0.7754559718347185, 0.05559644620002328, 0.0905161374478906, 0.07843144441736763], [0.6758604695408733, 0.24463653744275182, 0.043420452943724944, 0.036082539972649874], [0.6844702763968997, 0.24181233531730809, 0.035766824671135566, 0.03795056351465659], [0.6774762969155584, 0.05627335318767591, 0.2161022754706746, 0.05014807432609106], [0.666347960573916, 0.06387886213978516, 0.06954118401484115, 0.20023199317145765], [0.6002102135886431, 0.052759010920076024, 0.3045111712800231, 0.04251960411125778], [0.640974221252558, 0.06291892196374074, 0.09086238659269441, 0.20524447009100688], [0.36686814784343913, 0.4683309319084319, 0.12189281303427241, 0.04290810711385661], [0.3753433073354813, 0.4642056334066283, 0.06166119247701644, 0.09878986668087392], [0.29635417016829596, 0.40271451465164, 0.254556503053534, 0.046374812026530085], [0.2896678289693075, 0.3063961415548812, 0.061549349868630414, 0.3423866795071809], [0.3979072448698826, 0.07548232530582025, 0.4487450955353571, 0.07786533418894005], [0.28804323718148217, 0.05965238197264452, 0.4367680050763623, 0.215536375669511], [0.1812244572020317, 0.7363437091695928, 0.0598805941536968, 0.022551239374678726], [0.21387512422030033, 0.7135294489046193, 0.03465707136865773, 0.03793835540642258], [0.1439030105967112, 0.6629755795989053, 0.16744237387998687, 0.02567903582439666], [0.18006967475881433, 0.578626170884262, 0.040512492069974336, 0.20079166218694924], [0.22290182277493242, 0.103482105598548, 0.5251931586723337, 0.1484229128541858], [0.18043422562736294, 0.06531775693450542, 0.4201895860893333, 0.3340584312487983]], "ideal": "A", "sampled": "A", "correct": true}}
