{"type": "result", "data": {"idx": 0, "options": ["P(t > 1.54) with df = 6", "2P(t > 1.54) with df = 6", "P(t > 1.54) with df = 7", "2P(t > 1.54) with df = 7"], "probs": [[0.30685780363762855, 0.26570291116271494, 0.238482124736366, 0.18895716036329047], [0.2381274025836104, 0.2567185537772521, 0.24123912276117976, 0.2639149207779577], [0.32161260127208074, 0.36884084889837504, 0.13890674915871862, 0.1706398005708256], [0.2725361192353314, 0.38912179981168576, 0.17826191917230635, 0.16008016168067646], [0.2547731773232907, 0.30642346457824937, 0.23867890947693693, 0.20012444852152295], [0.23204721055305583, 0.21076070712309675, 0.4269499075112419, 0.13024217471260552], [0.2401142495596427, 0.2982078701493594, 0.27607678541531727, 0.18560109477568063], [0.26987102625055504, 0.3000639080701218, 0.22317336497459275, 0.20689170060473044], [0.2325587948161622, 0.3120773639343821, 0.3076239434285117, 0.14773989772094398], [0.2560623547765499, 0.35452529256188164, 0.225423824385753, 0.16398852817581538], [0.2950838549897608, 0.3776475247012552, 0.13252432840518613, 0.19474429180379785], [0.25710322385714546, 0.3730574527797657, 0.1847672450929325, 0.18507207817015636], [0.25554448363609716, 0.413695096928235, 0.1619802713232185, 0.16878014801244937], [0.30841687778155696, 0.38839075544155105, 0.12906268430049062, 0.1741296823764014], [0.2489358818979387, 0.25217335312328426, 0.3454901237060439, 0.1534006411727332], [0.26461237272041804, 0.3037032141426007, 0.2365614438332769, 0.19512296920370434], [0.32867981959154524, 0.27146579450430575, 0.20675272979771234, 0.19310165600643667], [0.26110704563448733, 0.27274211019193123, 0.22628607332144976, 0.23986477075213167], [0.26075348904325335, 0.38428774016640554, 0.17726158999265548, 0.17769718069768564], [0.22288271612064062, 0.3086313375051636, 0.3344029832741759, 0.13408296300001993], [0.23526180927692913, 0.3870138169883039, 0.1717363421188467, 0.20598803151592024], [0.2900567222816243, 0.3710846734681081, 0.13977422684042617, 0.19908437730984144], [0.25242853162148565, 0.3232690393601444, 0.24811220166586262, 0.17619022725250733], [0.29194526556439687, 0.3195319628605212, 0.18947096810215083, 0.19905180337293113]], "ideal": "B", "sampled": "C", "correct": false}}
{"type": "result", "data": {"idx": 1, "options": ["0 to 31.7 minutes", "31.7 to 39.3 minutes", "25.3 to 44.7 minutes", "25.3 to 35 minutes"], "probs": [[0.27871810141168907, 0.24917473272686627, 0.23474367401292384, 0.2373634917485208], [0.3237736023273229, 0.25549022122123655, 0.25228146467909063, 0.1684547116723499], [0.30964351620091574, 0.29923264080967255, 0.189118465438005, 0.2020053774514067], [0.26048490790630613, 0.29908860172452706, 0.273127917517647, 0.16729857275151985], [0.34981352087337436, 0.2801637649255969, 0.22945219276041048, 0.14057052134061823], [0.29593749174217093, 0.31920809977475, 0.2131193971325155, 0.17173501125056356], [0.3076314283952727, 0.25024121624349716, 0.21806853682500169, 0.22405881843622846], [0.3412853377333134, 0.26475828094343357, 0.22726772045998858, 0.16668866076326444], [0.32454610913451865, 0.240298152524155, 0.20615260562309787, 0.22900313261822844], [0.28198327350851626, 0.26828365316016406, 0.25688438456688706, 0.19284868866443258], [0.3561380590954089, 0.27202008530637867, 0.21593402526996716, 0.15590783022824525], [0.3213689135367822, 0.3105777018607399, 0.18159240890162764, 0.18646097560085026], [0.2831281679119437, 0.26938491655598984, 0.23472150808130654, 0.2127654073507599], [0.31738205179596307, 0.2748505297706589, 0.22501822819627243, 0.1827491901371056], [0.2807842618296813, 0.3027193085272075, 0.2022065014431256, 0.21428992809998554], [0.2970768986093096, 0.33052523910824716, 0.19173946627484445, 0.18065839590759883], [0.2993185728692138, 0.2847470257966972, 0.22953500657364134, 0.1863993946604476], [0.2910460618159018, 0.26843319140471456, 0.24141222955591035, 0.19910851712347327], [0.25513547276187454, 0.33726545662389984, 0.24361401430891633, 0.16398505620530932], [0.30810185804710544, 0.32722120986257264, 0.19273911127399562, 0.1719378207163263], [0.25308058417533, 0.3507516190282909, 0.2270132519677735, 0.16915454472860564], [0.26469388995941817, 0.39054695349821505, 0.15794919664992715, 0.18680995979243964], [0.2598423361518417, 0.25914379951746636, 0.2561247050506052, 0.22488915918008676], [0.2625505249669701, 0.2619132917287312, 0.2587523383015225, 0.21678384490277616]], "ideal": "C", "sampled": "B", "correct": false}}
{"type": "result", "data": {"idx": 2, "options": ["The possible outcomes must all be numerical.", "The possible outcomes must be mutually exclusive.", "The mean (expected value) always equals the sum of the products obtained by multiplying each value by its corresponding probability.", "Approximately 95% of the outcomes will be within two standard deviations of the mean."], "probs": [[0.25264693433411894, 0.23401158601737518, 0.27009199274276824, 0.24324948680573763], [0.26046293195078074, 0.21965835331692085, 0.18964008419882028, 0.3302386304334781], [0.25423387069296444, 0.19357122767377188, 0.34128949551283033, 0.21090540602043337], [0.2618848940187339, 0.20577278424570408, 0.2303286011237754, 0.30201372051178665], [0.23358656463671368, 0.17520870266592792, 0.32379692789654485, 0.26740780470081355], [0.24008966979963758, 0.1857851296477499, 0.31007128950833, 0.2640539109442825], [0.267121034813587, 0.22880705165927628, 0.26619057654800854, 0.23788133687912813], [0.28066539343373614, 0.21721470030140275, 0.18318418883661156, 0.31893571732824955], [0.2603459215110024, 0.1891474985379077, 0.3523840219851029, 0.19812255786598704], [0.2709573426286422, 0.2015465586715091, 0.2151721800597257, 0.312323918540123], [0.25021503118799476, 0.16686741013251233, 0.31814778796077553, 0.26476977061871737], [0.2614957391954233, 0.17993530629266016, 0.277693927260286, 0.2808750271516305], [0.2914856162818537, 0.26986012664302067, 0.23508862359225144, 0.20356563338287414], [0.3051029625291279, 0.26332558768295056, 0.19001507399656067, 0.2415563756913609], [0.3000468954150873, 0.25282875077623196, 0.23090456767909218, 0.21621978602958858], [0.2951514632659606, 0.231831424456557, 0.16337456810704581, 0.3096425440704366], [0.280330968485946, 0.1840553365786498, 0.3428204808557155, 0.1927932139796887], [0.2735142409527969, 0.20996057985113528, 0.3067010640791321, 0.20982411501693568], [0.2461653986551138, 0.23174138819010026, 0.2675302504839582, 0.2545629625708277], [0.27247350999262854, 0.2467247508707569, 0.24737006054773727, 0.23343167848887725], [0.24880825351385072, 0.23977353033668455, 0.24803178379486904, 0.2633864322545957], [0.2502325698413786, 0.2507081552878203, 0.22169502906683344, 0.2773642457039676], [0.2539815788917366, 0.18622695565327085, 0.37806267832629126, 0.18172878702870127], [0.23862706477978327, 0.19982914922368702, 0.3634926134504863, 0.1980511724460434]], "ideal": "D", "sampled": "A", "correct": false}}
{"type": "result", "data": {"idx": 3, "options": ["If there is sufficient evidence to reject a null hypothesis at the 10% level, then there is sufficient evidence to reject it at the 5% level.", "Whether to use a one- or a two-sided test is typically decided after the data are gathered.", "If a hypothesis test is conducted at the 1% level, there is a 1% chance of rejecting the null hypothesis.", "The power of a test concerns its ability to detect an alternative hypothesis."], "probs": [[0.2954387310583944, 0.10664926597260314, 0.2160092173010272, 0.38190278556797524], [0.2952823450598755, 0.11167338160327117, 0.45399378436711074, 0.1390504888697426], [0.31587882885519436, 0.14406099484728624, 0.15367090242545198, 0.3863892737720674], [0.2930506438039771, 0.11898616860516716, 0.49156600698763286, 0.09639718050322288], [0.3258523514612983, 0.4012279719353513, 0.11224441069516805, 0.1606752658081823], [0.33006964606037553, 0.4227326700890228, 0.11547726907814819, 0.13172041467245346], [0.2283449849751239, 0.14699956335148776, 0.20144412809252552, 0.4232113234808628], [0.23881049807679455, 0.1389092227515134, 0.4907275510942092, 0.13155272797748285], [0.24395144746392927, 0.17243405660949201, 0.16878134997642974, 0.41483314585014897], [0.2300311217252531, 0.15280331431914543, 0.5070910868882827, 0.11007447696731874], [0.3073286986635587, 0.2722123210347763, 0.19640624787091354, 0.22405273233075143], [0.32109443306973634, 0.2735354981606503, 0.20206574205719596, 0.2033043266124174], [0.3031987547571252, 0.15797746179908262, 0.14996710418155176, 0.3888566791622404], [0.30988947015717383, 0.1425667128206784, 0.4554181762391614, 0.09212564068298632], [0.2899876193414078, 0.12051574705057569, 0.19933691321798205, 0.39015972029003443], [0.26879814464740753, 0.12559887859160543, 0.4875406956746953, 0.11806228098629173], [0.3028333091842772, 0.45378494320790386, 0.11559850006427588, 0.127783247443543], [0.3077587599654729, 0.4468573795876598, 0.10284372801213186, 0.1425401323347354], [0.575778833335, 0.12477960995410395, 0.1289095114205091, 0.17053204519038698], [0.5924440113971857, 0.12534122354537358, 0.15883444484723397, 0.12338032011020673], [0.551984357361781, 0.11325133337621365, 0.17996808482468318, 0.15479622433732218], [0.5695963800339426, 0.10814203501905723, 0.17454042118694194, 0.1477211636600582], [0.6003926991815989, 0.13001009820591683, 0.13549843429164118, 0.13409876822084305], [0.6037143018450891, 0.12386213809040315, 0.11471233406168979, 0.15771122590281797]], "ideal": "D", "sampled": "D", "correct": true}}
{"type": "result", "data": {"idx": 4, "options": ["is seen more frequently than the other observations in the data set", "is seen less frequently than the other observations in the data set", "is always smaller than the other observations in the data set", "is significantly different from the other observations in the data set"], "probs": [[0.08247866480717801, 0.07808923720532585, 0.07276508956419947, 0.7666670083232967], [0.07570505045050371, 0.10697637668842463, 0.7679941715421165, 0.04932440121895517], [0.08139168652208625, 0.04679438575919787, 0.1321996628852534, 0.7396142647334625], [0.09200986610937711, 0.07762583460070038, 0.7368746508945461, 0.09348964829537645], [0.08479556042877939, 0.809622380450789, 0.057825549075487245, 0.04775650994494429], [0.10195347058030843, 0.7689097660660873, 0.05371631361207756, 0.0754204496415267], [0.11882387366054054, 0.10649538277131909, 0.08421718516589113, 0.6904635583022493], [0.1002667292971508, 0.1310184954431092, 0.7044462279768471, 0.0642685471828929], [0.14303898490192896, 0.06813414986940525, 0.2922309571458762, 0.4965959079827896], [0.13139098565972096, 0.08895314534190174, 0.6420342899545598, 0.1376215789438175], [0.12319619299130649, 0.7302644902502228, 0.08084083407935357, 0.06569848257911722], [0.14528609053080804, 0.6856585978805054, 0.06809421272893672, 0.10096109875974976], [0.06662937774712976, 0.03740527727584695, 0.09400675129672798, 0.8019585935802953], [0.06871872394589836, 0.05664747207790383, 0.8079977034714463, 0.06663610040475149], [0.08699955563495954, 0.046956429891454106, 0.12375615958267759, 0.7422878547909088], [0.0976526713539513, 0.07098782432050994, 0.7290720127054948, 0.10228749152004392], [0.13390300667798333, 0.7270489063486247, 0.060770829732196024, 0.07827725714119595], [0.13164288000404, 0.7095371589776208, 0.06668791273594465, 0.09213204818239451], [0.7839946325232185, 0.09605819200638908, 0.07213939141817342, 0.04780778395221894], [0.7647302603565925, 0.09444572599692684, 0.054346601392359056, 0.08647741215412162], [0.7644868917485964, 0.10128661017701569, 0.08099684682430579, 0.05322965115008213], [0.7331971962432322, 0.10664380231290363, 0.06332497675530524, 0.09683402458855891], [0.7932979375079694, 0.07338215327964612, 0.05955885656075425, 0.07376105255163026], [0.7588061602344432, 0.07711335042853025, 0.06983207633757156, 0.09424841289945494]], "ideal": "D", "sampled": "D", "correct": true}}
{"type": "result", "data": {"idx": 5, "options": ["95 percent of the students in her school are from families whose income is between $35,095 and $45,005.", "There is a 95% probability that the families of all the students in this school have an income of between $35,095 and $45,005.", "If we were to take another sample of the same size and compute a 95 percent confidence interval, we would have a 95% chance of getting the interval ($35,095, $45,005).", "There is a 95% probability that the mean income per family in the school is between $35,095 and $45,005."], "probs": [[0.060182550760885814, 0.08002578943081096, 0.09949241989067753, 0.7602992398176257], [0.07938564094788861, 0.07974137634783028, 0.6710511045350467, 0.16982187806923438], [0.06894029368037684, 0.12525426780278429, 0.10623302579802282, 0.6995724126188161], [0.1369184028848345, 0.34575154196933056, 0.41464354766115236, 0.10268650738468257], [0.08823671541657607, 0.68214020057025, 0.09063133191314023, 0.13899175200003364], [0.09992821439154873, 0.6926519222412367, 0.10423823367329467, 0.10318162959391988], [0.0803832587290931, 0.06047559168475551, 0.12782391142616484, 0.7313172380599865], [0.09301280627911963, 0.05411027914823851, 0.6879423599768787, 0.16493455449576314], [0.06980096236063073, 0.06954119787975734, 0.08314001932772992, 0.777517820331882], [0.12162680701272824, 0.1240087355260393, 0.6579663247071018, 0.09639813265413064], [0.11380588007759215, 0.5633764140479955, 0.09618767880012061, 0.22663002697429166], [0.1321149974384663, 0.6099477086327946, 0.1346810967197934, 0.12325619710894574], [0.09063189070665996, 0.06405020218222678, 0.1397862818792919, 0.7055316251318213], [0.15264812781114592, 0.09447397137982733, 0.6477130971689179, 0.10516480354010886], [0.09105184741191395, 0.07522728349430562, 0.10270613507425515, 0.7310147339195253], [0.15290479018713068, 0.10885704809403271, 0.6392935370917538, 0.09894462452708269], [0.3352106065062025, 0.35535679852494056, 0.1717903094622204, 0.1376422854066365], [0.29742033937190515, 0.3804064222608189, 0.17012826336135714, 0.1520449749059188], [0.36170334983561336, 0.1420361932059859, 0.19587329642572443, 0.30038716043267627], [0.3541427009070827, 0.15036994441391272, 0.3240856874273834, 0.17140166715162114], [0.36783226464250185, 0.1455925402026648, 0.16384385305633384, 0.3227313419984995], [0.399961346348443, 0.1631919866161473, 0.25930529443851913, 0.17754137249689053], [0.4380866521443933, 0.25411077952659, 0.15535722439885424, 0.15244534383016248], [0.4263945392422294, 0.24166975192783294, 0.16491898401163935, 0.16701672471829832]], "ideal": "D", "sampled": "D", "correct": true}}
{"type": "result", "data": {"idx": 6, "options": ["The probability of a Type I error and the probability of a Type II error would both decrease.", "The probability of a Type I error and the power would both increase.", "The probability of a Type II error and the power would both increase.", "The probability of a Type I error would stay the same and the power would increase."], "probs": [[0.23902552249013423, 0.20847571452220975, 0.23897724273002927, 0.31352152015762674], [0.2531047202856267, 0.18721843042913122, 0.4080906868778473, 0.1515861623073948], [0.2406777512988499, 0.24941951777287139, 0.1992174446150357, 0.310685286213243], [0.2583031557874183, 0.20834722336729983, 0.4100261475471108, 0.12332347319817107], [0.28714670444477913, 0.4580685589122814, 0.13303747177116254, 0.121747264771777], [0.26866312433555023, 0.4255102828023669, 0.19617284511588345, 0.10965374764619941], [0.20408807084641228, 0.1486761525519184, 0.1840653811489641, 0.4631703953527052], [0.20540193865016013, 0.12600818638660394, 0.577928789385391, 0.09066108547784493], [0.21556272895342557, 0.14756933732758504, 0.23122006540490045, 0.40564786821408894], [0.24127516919121877, 0.13164774679870953, 0.45534692833200635, 0.1717301555780653], [0.27914302637937416, 0.40526276862016575, 0.15496201476112217, 0.16063219013933788], [0.2886795613274512, 0.4062722501863398, 0.13489490344084692, 0.17015328494536208], [0.22160553269537933, 0.1732724257155111, 0.21966724930988757, 0.385454792179222], [0.21404036877399085, 0.1488556563705362, 0.510841667601046, 0.126262307154427], [0.21841686961850865, 0.16557574270500003, 0.24749872085957325, 0.36850866671691807], [0.2178117833301863, 0.15034978908213456, 0.43095634436963304, 0.20088208311804612], [0.2550953404378707, 0.3426632982943508, 0.2529960349842048, 0.14924532618357367], [0.263532392250995, 0.37387450411531276, 0.17799095277225402, 0.18460215076143824], [0.3435180084505479, 0.19482905580154677, 0.3463649646184691, 0.11528797102943619], [0.32635579420113886, 0.22529035509841058, 0.29961002461417835, 0.14874382598627217], [0.45286697538637727, 0.18188746136749806, 0.19434659138960717, 0.17089897175651753], [0.4715981938487108, 0.16981847076450923, 0.1503423109398253, 0.20824102434695466], [0.4059620918214294, 0.18206526879830237, 0.2745675228132673, 0.13740511646700088], [0.44699247018970883, 0.18397147009832157, 0.1934892443668843, 0.17554681524508528]], "ideal": "D", "sampled": "D", "correct": true}}
{"type": "result", "data": {"idx": 7, "options": ["It cannot be determined, because the mean heights for the two groups are different.", "It cannot be determined, because the standard deviations of the heights for the two groups are different.", "The man, because he is 74 inches tall and the woman is only 70 inches tall.", "The woman, because her height is 1.33 standard deviations above the mean height of all women, whereas the man\u2019s height is only one standard deviation above the mean height of all men."], "probs": [[0.13212742500745628, 0.123439712367814, 0.12130650673963794, 0.6231263557850918], [0.22048104616832287, 0.1350284806533635, 0.5711618661031136, 0.07332860697520001], [0.13859277755733046, 0.10160514559914162, 0.1262195538421482, 0.6335825229013797], [0.20069379953006308, 0.13813224330554735, 0.5619476991184799, 0.09922625794590972], [0.2399673944466859, 0.5918322889188017, 0.09465177497292426, 0.07354854156158813], [0.24358650676576513, 0.5550065553377399, 0.08214217301169903, 0.11926476478479599], [0.16356250913575002, 0.1208850949222338, 0.13353877263382039, 0.5820136232081958], [0.26890635888430114, 0.11682449454129486, 0.5424143752273067, 0.07185477124709728], [0.17098573956450708, 0.10552940280732065, 0.12903153606633513, 0.5944533214618372], [0.2379053997599504, 0.13259101011463556, 0.53500295078622, 0.09450063923919404], [0.3083831415521147, 0.5224239307480752, 0.08898255360700788, 0.08021037399280208], [0.29911583659041924, 0.5062654613942282, 0.08231191336285493, 0.11230678855249765], [0.11337241836834315, 0.12392200725844983, 0.13185890132341982, 0.6308466729497872], [0.16479963447594184, 0.1626233051285711, 0.5793565718681727, 0.09322048842731431], [0.11857559038959622, 0.1676711712058869, 0.12744833688447402, 0.5863049014200429], [0.16500328971295447, 0.2010186672313261, 0.5489728613832836, 0.08500518157243583], [0.16297384333353984, 0.603965547797732, 0.11576405683927672, 0.1172965519294514], [0.15220721987576044, 0.6243758564423061, 0.11967937201259159, 0.10373755156934188], [0.3915944244914966, 0.3439510294432842, 0.1432292663620706, 0.12122527960314855], [0.4160875050598969, 0.3074823892741699, 0.10041748656507382, 0.1760126190008594], [0.3850835217075738, 0.3772578795838503, 0.12129637258362409, 0.11636222602495179], [0.4187316734837242, 0.33974326217059575, 0.09711876033514097, 0.14440630391053905], [0.35907899259674964, 0.16877962144178296, 0.3063666132868943, 0.16577477257457315], [0.35280344586456563, 0.16330749008143683, 0.34127668122420457, 0.14261238272979296]], "ideal": "D", "sampled": "D", "correct": true}}
{"type": "result", "data": {"idx": 8, "options": ["There are different t-distributions for different values of df (degrees of freedom).", "t-distributions are bell-shaped and symmetric.", "t-distributions always have mean 0 and standard deviation 1.", "t-distributions are more spread out than the normal distribution."], "probs": [[0.2708765010395449, 0.2082006664097824, 0.2993281229931022, 0.2215947094575705], [0.24609569812768062, 0.19967769976993033, 0.261238109796661, 0.29298849220572803], [0.2962787537361564, 0.2598633247313311, 0.1860927100619163, 0.25776521137059616], [0.29730156947088215, 0.2566311435630927, 0.2400165569547175, 0.20605072991130766], [0.2690762797004238, 0.22348784732110058, 0.19453179254577957, 0.31290408033269607], [0.27626890352986594, 0.23491739084334504, 0.29114062024931325, 0.19767308527747576], [0.26182252556183133, 0.23347065198278213, 0.2695342342216584, 0.23517258813372807], [0.2394181745744916, 0.24761087806777576, 0.2189666130457875, 0.2940043342119451], [0.27582131066341586, 0.2809488302612465, 0.2141721642178179, 0.22905769475751972], [0.2764350093197056, 0.27285235304332095, 0.17373498754745884, 0.2769776499895146], [0.24550234171517843, 0.2500076777979611, 0.22998396021879797, 0.27450602016806247], [0.260201837689459, 0.20635167944823976, 0.28071519311369897, 0.2527312896486023], [0.3193470930539233, 0.22327918477445793, 0.19439784269766663, 0.2629758793739521], [0.32318504678399934, 0.22598417917661498, 0.23200907609499785, 0.21882169784438785], [0.3082519013089994, 0.20250239381414967, 0.2488362751132088, 0.24040942966364218], [0.2984177932552095, 0.1842311240147095, 0.21592972205224267, 0.3014213605778383], [0.31756184448290714, 0.2515950277671461, 0.21243087088221524, 0.21841225676773152], [0.3101904895534719, 0.203780630097854, 0.16789151226118615, 0.31813736798748793], [0.27015657437826296, 0.2333414211639514, 0.20153082315981416, 0.2949711811979715], [0.2869040667723808, 0.2204628884571865, 0.27741998431292575, 0.215213060357507], [0.2619011777944083, 0.2076474191829762, 0.2531683818196919, 0.2772830211029236], [0.2717766422986909, 0.19022081507001273, 0.2820646422511705, 0.25593790028012586], [0.3127597914734616, 0.2596496084020604, 0.21753709340210597, 0.210053506622372], [0.2854620516014739, 0.2544226646168917, 0.1556874811493635, 0.30442780253227086]], "ideal": "C", "sampled": "C", "correct": true}}
{"type": "result", "data": {"idx": 9, "options": ["This study was an observational study.", "Lack of blocking makes this a poorly designed study.", "The placebo effect is irrelevant in this type of study.", "This study was an experiment in which the subjects were used as their own controls."], "probs": [[0.19035789652288596, 0.1277614850834622, 0.09544702015528807, 0.5864335981383638], [0.2251367684208209, 0.2170083788266078, 0.45246639169003305, 0.10538846096253826], [0.17478391786830072, 0.11736170376202618, 0.10662076780058813, 0.601233610469085], [0.23425723959036418, 0.21365613061520916, 0.42875207105092356, 0.12333455864350311], [0.34319784211071064, 0.3782671278853303, 0.12906539054219537, 0.14946963936176372], [0.33562389512913765, 0.3850234505897701, 0.1272941697603451, 0.15205848442074713], [0.1431053632021404, 0.13235082223994826, 0.09736840043615658, 0.6271754140217547], [0.1726793931797366, 0.22944706505144646, 0.49398943408862017, 0.10388410758019673], [0.1319663684867294, 0.11566047652960539, 0.16413742080236296, 0.5882357340813023], [0.17857644093170486, 0.1297818878892063, 0.6012694283813188, 0.09037224269777006], [0.23013467741490773, 0.5512354291240169, 0.12218136157093484, 0.09644853179014047], [0.24403770083700776, 0.5236751993693125, 0.100004754205443, 0.13228234548823678], [0.15391460402897114, 0.12964903341062028, 0.11597736804686261, 0.600458994413546], [0.19550022223124933, 0.23102376777391165, 0.4529875707482491, 0.12048843914658995], [0.14487122105752523, 0.12210836351267586, 0.1541446905737802, 0.5788757247560187], [0.18113844904601198, 0.14018671839862135, 0.5958102015172272, 0.08286463093813952], [0.2707332569561898, 0.4887959476520103, 0.13712565088667927, 0.10334514440512063], [0.2912765058203379, 0.4639428417235739, 0.10530124289826824, 0.13947940945781992], [0.690935443137566, 0.12655857392712316, 0.10229926707763595, 0.08020671575767484], [0.6986191272036977, 0.12400073556852109, 0.09565487503048883, 0.0817252620972924], [0.6693749576742998, 0.13051289610405992, 0.12241424892544546, 0.07769789719619488], [0.6625385234398323, 0.118602707086544, 0.09002918682070421, 0.1288295825529195], [0.6640758615011596, 0.13056479910462795, 0.12638821254984678, 0.0789711267443657], [0.6541173907285065, 0.1180307987654464, 0.09761527706566452, 0.13023653334038254]], "ideal": "D", "sampled": "D", "correct": true}}
{"type": "result", "data": {"idx": 10, "options": ["It describes a process that creates estimates that are too high on average or too low on average.", "It describes a process that results in a sample that does not represent the population.", "It describes a lack of randomization in the sampling process.", "It describes a sample that is not representative of the population."], "probs": [[0.6673175791329039, 0.17415207882200723, 0.09483198216848933, 0.06369835977659952], [0.5973649887455421, 0.19716500625270406, 0.10995476438293456, 0.09551524051881924], [0.6571242212592082, 0.1649559736086875, 0.1034039780394147, 0.07451582699268956], [0.5494561112948738, 0.1772115651011346, 0.16046647486771126, 0.11286584863628032], [0.5849123509401436, 0.199260127535502, 0.13941111951549812, 0.07641640190885628], [0.623551900447003, 0.1801502840029581, 0.11033867216244628, 0.08595914328759262], [0.44719187105527874, 0.3719849890980287, 0.09778471346437487, 0.08303842628231768], [0.4680227915786254, 0.3408669436153807, 0.09032074899489974, 0.10078951571109408], [0.4458479219298913, 0.18198735469183988, 0.2990107691963176, 0.07315395408195124], [0.49278108749173843, 0.14824846827241864, 0.10205009882771002, 0.2569203453081329], [0.5308222292761662, 0.17677759027451354, 0.2074116812605501, 0.08498849908877015], [0.5675354087908081, 0.16294780614754978, 0.09977349786615267, 0.1697432870954895], [0.3522725946510336, 0.38005226280387117, 0.14528989573918402, 0.12238524670591115], [0.32113096593284446, 0.348901873030669, 0.1597638153834888, 0.17020334555299774], [0.3177448033128628, 0.3022549860717217, 0.3103300150296457, 0.0696701954857698], [0.3474439278659297, 0.29383098200509206, 0.1399998324969532, 0.21872525753202504], [0.3247908128053931, 0.24234425070717977, 0.34562037164138465, 0.08724456474604247], [0.3201772570289869, 0.2262166887295527, 0.206415638306957, 0.24719041583450338], [0.45279387028412077, 0.31961020225146625, 0.12042215617452028, 0.10717377118989266], [0.4490905069043289, 0.32205430250715045, 0.11483199782772938, 0.11402319266079128], [0.39901250292179785, 0.23726470866946775, 0.2762515729856221, 0.0874712153231123], [0.45357895507558793, 0.22353162193505804, 0.11079381572422564, 0.21209560716512837], [0.3750871261239148, 0.1848378846176607, 0.34689889646946254, 0.09317609268896189], [0.422570294435836, 0.15838489170852285, 0.165117281139034, 0.25392753261660717]], "ideal": "A", "sampled": "A", "correct": true}}
{"type": "result", "data": {"idx": 11, "options": ["Halting the production process when sufficient customer complaints are received.", "Halting the production process when the tissue strength is below specifications.", "Halting the production process when the tissue strength is within specifications.", "Allowing the production process to continue when the tissue strength is below specifications."], "probs": [[0.23228758119499515, 0.44714193550385667, 0.1374401511460261, 0.1831303320551221], [0.2049797322411201, 0.46912553386724115, 0.2552737701224988, 0.07062096366913993], [0.1422551955622398, 0.13656590267100652, 0.5652157411062669, 0.15596316056048673], [0.15671446011564816, 0.12087417843005469, 0.2543345486243004, 0.46807681272999674], [0.2159329104788641, 0.20405137992959774, 0.4767083035687107, 0.10330740592282749], [0.15669588976568463, 0.16259782256940972, 0.14235373052058237, 0.5383525570443233], [0.5035920771908741, 0.1027452905285479, 0.190944471458123, 0.20271816072245502], [0.5151884939146801, 0.09653367075354646, 0.3031546997091034, 0.08512313552266994], [0.5482310178677352, 0.158840123373184, 0.0792692246790509, 0.2136596339800299], [0.5926344659019455, 0.16521034381571895, 0.15920153970325343, 0.08295365047908215], [0.6514127496504831, 0.18301799083228057, 0.07001983634501242, 0.0955494230722239], [0.6309495755682129, 0.19473757428181598, 0.09201239322732839, 0.08230045682264275], [0.2682519554823606, 0.09465833007342754, 0.48710203165905347, 0.14998768268515839], [0.2747180934846717, 0.08966865733850407, 0.21709356229398286, 0.4185196867828414], [0.4630802445798059, 0.2797304495788944, 0.0782547100650015, 0.17893459567629813], [0.47583903650051784, 0.2789035841135274, 0.1667401703556098, 0.07851720893034492], [0.19982671140142624, 0.13269425531806042, 0.07210530125059943, 0.5953737319299139], [0.38370274800413856, 0.16188938388930432, 0.378025345646806, 0.07638252235975108], [0.26718590058971714, 0.09956333188556393, 0.5004547312423026, 0.13279603618241634], [0.27617956645451597, 0.09371275942572597, 0.27622638590542414, 0.3538812881143339], [0.42123005575766426, 0.32711282313587847, 0.09746650731779571, 0.15419061368866155], [0.3503475539087714, 0.3496488384500501, 0.19935246107004032, 0.10065114647113813], [0.2533132060121541, 0.18761355613937727, 0.07942946017694529, 0.4796437775715233], [0.2658022126004705, 0.24522347226180488, 0.41255765748268747, 0.07641665755503714]], "ideal": "C", "sampled": "B", "correct": false}}
{"type": "result", "data": {"idx": 12, "options": ["75 - 0.30(14)", "75 + 0.30(14)", "75 - 0.4756(14)", "75 - 0.5244(14)"], "probs": [[0.30606163913206713, 0.2868771382973524, 0.19122915822869774, 0.21583206424188267], [0.2934765131932122, 0.27504991662583256, 0.21111291015680766, 0.2203606599241475], [0.3387866863450371, 0.3541198617742014, 0.143077356457151, 0.16401609532361047], [0.25507619594353464, 0.37060027758647, 0.2180498507691449, 0.15627367560085043], [0.31718184595566595, 0.37589322396652364, 0.132895599802091, 0.1740293301757194], [0.25667873787335954, 0.3907133456886509, 0.21601698444164252, 0.13659093189634708], [0.2530105449454877, 0.26450950298807635, 0.25691259287578583, 0.22556735909065012], [0.23461864536712848, 0.2531171999154115, 0.2787498193886805, 0.23351433522877957], [0.32044302459006746, 0.34019978817280205, 0.1970402688473038, 0.14231691828982668], [0.2608147263266102, 0.3341512083673112, 0.20928560195260507, 0.19574846325347356], [0.2979255273949374, 0.3641198818897687, 0.1832272829941377, 0.1547273076211562], [0.24850201604265468, 0.35511875149036704, 0.21563836930025929, 0.180740863066719], [0.36921741454433493, 0.2694370666044609, 0.18245823135762038, 0.17888728739358384], [0.41625062867563734, 0.2556910292754493, 0.17592105791958465, 0.1521372840293287], [0.3886764231329976, 0.25029139962401276, 0.16677309074006413, 0.1942590864029255], [0.42191130384092607, 0.22879323487418377, 0.15728746905616797, 0.1920079921287222], [0.4212518867242506, 0.28876396580484764, 0.14758258836607638, 0.14240155900482535], [0.4185893895593328, 0.2738033871645618, 0.14213460894198357, 0.16547261423412182], [0.35820602299547305, 0.26547753017043096, 0.1797275340458572, 0.19658891268823875], [0.40170331588234875, 0.262663416160799, 0.1865083668489997, 0.14912490100785253], [0.38033178444873744, 0.24881613252058957, 0.16844440994962437, 0.2024076729810486], [0.40288594361091074, 0.23260518906174618, 0.1599282771189025, 0.20458059010844057], [0.3821029478556163, 0.3159387801551421, 0.1589900153415362, 0.14296825654770537], [0.388901001010703, 0.292870525880234, 0.15197640882367658, 0.16625206418538638]], "ideal": "D", "sampled": "C", "correct": false}}
{"type": "result", "data": {"idx": 13, "options": ["increases the interval size by 9%.", "decreases the interval size by 9%.", "increases the interval size by 57%.", "decreases the interval size by 57%."], "probs": [[0.25721753790865026, 0.20617743756098567, 0.3447810565237609, 0.19182396790660314], [0.2238873939239934, 0.23228144191630948, 0.3170766077801877, 0.22675455627950944], [0.23093158575786865, 0.46276031073290547, 0.10986638412174597, 0.19644171928747992], [0.19243211755568523, 0.5318884769758891, 0.14090592947823505, 0.1347734758901905], [0.25945587397270387, 0.36288274148156896, 0.18718004599248875, 0.19048133845323842], [0.2472929284536032, 0.32440855129071816, 0.26816361340691386, 0.1601349067487648], [0.2091509997635545, 0.26598116752825723, 0.3466752469192967, 0.17819258568889154], [0.2836841088798692, 0.2659005562084336, 0.2592530586945003, 0.1911622761171968], [0.2425766099408556, 0.44259433932323483, 0.1578836362450029, 0.1569454143909067], [0.21982757269679495, 0.447448452000417, 0.2020922867371151, 0.13063168846567294], [0.22793992540762084, 0.40272842053702734, 0.12777522585828552, 0.24155642809706626], [0.17427594957993112, 0.48898127670166647, 0.19942928848656494, 0.1373134851318375], [0.33372976381599057, 0.28242488395876014, 0.14472843077693084, 0.23911692134831844], [0.4294751520103617, 0.23257605382596186, 0.16561665882575372, 0.1723321352379227], [0.4213647716409374, 0.19211686573143294, 0.18561200242534837, 0.20090636010228127], [0.43546210681593395, 0.18513410619139528, 0.22986214888161224, 0.14954163801105852], [0.4332888359398158, 0.234732326324171, 0.1581576144811661, 0.17382122315484705], [0.35136086107548703, 0.275094876031272, 0.17144727917929053, 0.20209698361395048], [0.3954245925917799, 0.19963265358500154, 0.20710636056061701, 0.19783639316260154], [0.3841757108885748, 0.18076328518748372, 0.2955709275648023, 0.13949007625913923], [0.30465931151233283, 0.27009129923997444, 0.1555340462102037, 0.26971534293748906], [0.4053607703447522, 0.21110368401990345, 0.20885308707214273, 0.17468245846320157], [0.3461664370275043, 0.31453165877492534, 0.1536846332647394, 0.1856172708328309], [0.3944243549075338, 0.2810345631710972, 0.14510061061571325, 0.17944047120565573]], "ideal": "C", "sampled": "C", "correct": true}}
{"type": "result", "data": {"idx": 14, "options": ["The number of tosses before a \"5\" appears when tossing a fair die.", "The number of points a hockey team receives in 10 games, where two points are awarded for wins, one point for ties, and no points for losses.", "The number of hearts out of five cards randomly drawn from a deck of 52 cards, without replacement.", "The number of motorists not wearing seat belts in a random sample of five drivers."], "probs": [[0.543905469357547, 0.16116047864497282, 0.1949823465737832, 0.09995170532369699], [0.5203372525447468, 0.17345621146278245, 0.15096797637812742, 0.15523855951434334], [0.5608343952146875, 0.2036282076417083, 0.1424280224055372, 0.09310937463806707], [0.5394635273496329, 0.20377493909143485, 0.14356453814904477, 0.1131969953098875], [0.5113423833629681, 0.1639019028424377, 0.17214112702639997, 0.15261458666819425], [0.5398948788102989, 0.16006617246457658, 0.19355027375669936, 0.10648867486842523], [0.4622433769226483, 0.20892226783108325, 0.21623954214857372, 0.11259481299769476], [0.4470133714375909, 0.21352210320599338, 0.16403437904812104, 0.17543014620829467], [0.48884890571225803, 0.23164774992938433, 0.16588880490839403, 0.11361453934996359], [0.46734446477123864, 0.21969430327040618, 0.15245506747300358, 0.1605061643853516], [0.4316630041418692, 0.16961288676853944, 0.21836416284313453, 0.1803599461464568], [0.44928362291606194, 0.16702545928737003, 0.24204803640138517, 0.14164288129518285], [0.5722506045722915, 0.16553513704075087, 0.1546363681400158, 0.1075778901469418], [0.5491384349085872, 0.1692730511447352, 0.15201537536077525, 0.12957313848590238], [0.5592702459947215, 0.15813707832492296, 0.17407501713457357, 0.10851765844578197], [0.5371140917168495, 0.15910686788021206, 0.14978382213083863, 0.1539952181720998], [0.551375372611717, 0.15231786212834847, 0.17024129120074136, 0.12606547395919324], [0.5450937232589075, 0.14927520078828085, 0.16562226659820667, 0.14000880925460496], [0.4301494189711236, 0.22377913364852237, 0.17195621643600545, 0.17411523084434857], [0.4309685518811092, 0.22779758309662937, 0.22135613850678693, 0.11987772641547446], [0.4309711584307271, 0.1788253688283363, 0.21974997875132024, 0.17045349388961634], [0.43925433692034893, 0.1711432461099063, 0.2500658593811985, 0.1395365574885462], [0.4710824365965128, 0.2145848231174202, 0.18538275191872428, 0.12894998826734277], [0.4715270014318323, 0.21135661948697967, 0.16628693785883308, 0.1508294411223549]], "ideal": "D", "sampled": "C", "correct": false}}
{"type": "result", "data": {"idx": 15, "options": ["I only", "II only", "III only", "I and II"], "probs": [[0.29555878480636066, 0.1460484883944448, 0.1707234258886832, 0.3876693008105114], [0.3271952818424843, 0.16828714058672642, 0.29540892992330514, 0.20910864754748415], [0.30853457175193133, 0.12444331121521439, 0.16234981005802912, 0.40467230687482514], [0.34490239206250545, 0.1458735723553437, 0.2703171275522049, 0.23890690792994593], [0.3396598994392243, 0.31261885163042025, 0.16537229715124077, 0.18234895167911466], [0.3389174791347683, 0.27473623785920426, 0.15737173663167814, 0.22897454627434935], [0.2843348553095949, 0.21464694823544206, 0.14611137782730124, 0.35490681852766176], [0.30621412635833434, 0.2544947932857775, 0.26437953728360764, 0.17491154297228054], [0.26106371694982944, 0.1386470157172609, 0.2633539359498738, 0.33693533128303593], [0.26983949941439384, 0.15035702510696644, 0.27231994674343524, 0.30748352863520445], [0.3165940830745057, 0.26978038366602464, 0.2650961437613598, 0.1485293893981098], [0.2854924074054788, 0.27312048046001314, 0.12941328601377702, 0.31197382602073104], [0.28134871784088095, 0.21399735868805594, 0.1765692908841809, 0.3280846324868822], [0.3209799575630709, 0.2465611881748817, 0.22230668694995062, 0.21015216721209676], [0.26233527843520127, 0.13920349296141873, 0.2625443119306373, 0.33591691657274264], [0.27944239971227486, 0.15205022691159856, 0.2548772394402258, 0.31363013383590077], [0.32650965935466425, 0.17080979302024107, 0.3212454366548299, 0.1814351108702648], [0.29698265038415245, 0.20422092382386953, 0.18804212192863512, 0.3107543037633429], [0.3604426652162438, 0.3405961647733319, 0.15885884751719465, 0.14010232239322962], [0.36289118094580075, 0.32464174961888964, 0.14079158867419359, 0.171675480661116], [0.36454457040955995, 0.16303718088427002, 0.31510889527030794, 0.15730935333586207], [0.3257394231750495, 0.19005866913261824, 0.17453070503309598, 0.30967120255923625], [0.34425446644152674, 0.11994860409452529, 0.3490151788616983, 0.18678175050224965], [0.3435771805019437, 0.13871117391457044, 0.1857291768507318, 0.3319824686327541]], "ideal": "D", "sampled": "D", "correct": true}}
