{"type": "result", "data": {"idx": 0, "options": ["0.005 C", "0.01 C", "0.02 C", "0.5 C"], "probs": [[0.33343334989988455, 0.2400025719165751, 0.2483239917699917, 0.17824008631354862], [0.3548706365805452, 0.22714410043042094, 0.2644174913971207, 0.15356777149191322], [0.3521815187551831, 0.28285851650302485, 0.21731513412634265, 0.14764483051544938], [0.3362113287144162, 0.26365879568292816, 0.24649200208243463, 0.153637873420221], [0.3728041592939793, 0.29923736600211986, 0.18901765062978676, 0.13894082397411406], [0.3604902219265751, 0.2783499276851441, 0.20883777113144056, 0.15232207915684023], [0.40040554995696803, 0.2174267438220103, 0.2047792344368475, 0.17738847168417415], [0.38932710301965723, 0.2097555814510103, 0.24987750870653377, 0.15103980672279868], [0.38675209299702135, 0.23806869626542407, 0.20252278143343494, 0.17265642920411964], [0.3599688028910682, 0.22492907789657768, 0.2518211156963485, 0.16328100341600557], [0.3884945404221278, 0.2885737713880392, 0.19709599940486722, 0.1258356886849658], [0.3897990700152851, 0.28492555868534764, 0.17997530637298254, 0.14530006482638474], [0.4268587211197882, 0.22817976560547773, 0.20343705984129692, 0.14152445333343713], [0.4097443642726389, 0.21559520706152288, 0.22309908933491984, 0.1515613392309184], [0.42584679160995753, 0.21891811814083134, 0.18761338571241995, 0.16762170443679114], [0.41810022669277874, 0.208302715771053, 0.21894332252980267, 0.15465373490636558], [0.4099889397211166, 0.2503561973321421, 0.20157183704744688, 0.1380830257992944], [0.4189862185599773, 0.25785904351698535, 0.18315611232010476, 0.13999862550293257], [0.37423126212946756, 0.3148453690610975, 0.17683007520918678, 0.13409329350024812], [0.3704110195984878, 0.29512981456933984, 0.1863455380714019, 0.14811362766077044], [0.39839835466936985, 0.2845523847149229, 0.19583808644250836, 0.1212111740731989], [0.3899998780694978, 0.28511608493803126, 0.18287408895076707, 0.14200994794170385], [0.37740790277807945, 0.3030717923476447, 0.19141125391877006, 0.1281090508555058], [0.35765087600946194, 0.30577740070146264, 0.19463263450106744, 0.14193908868800792]], "ideal": "B", "sampled": "D", "correct": false}}
{"type": "result", "data": {"idx": 1, "options": ["the electric field produced by a finite-length charged rod", "the electric field produced by an infinitely long charged cylinder", "the electric field produced by an infinite plane of charge", "the magnetic field produced by an infinitely long, straight current-carrying wire"], "probs": [[0.289801218772793, 0.16201974932778182, 0.31915957683589025, 0.22901945496353487], [0.30753577899624474, 0.2027443228313642, 0.27001349505981787, 0.21970640301257316], [0.3168299543068371, 0.2744556109996702, 0.15441058804652624, 0.25430384654696647], [0.32406725993391816, 0.3061941518150421, 0.2045885442799104, 0.16515004387112936], [0.3529325863545202, 0.2721152779732351, 0.18181822379417967, 0.19313391177806505], [0.355713527039288, 0.2596079188208824, 0.2468509300357889, 0.1378276240040407], [0.3717760741338887, 0.13613167403767162, 0.23096680638864647, 0.2611254453397932], [0.3808240535351676, 0.154401657649311, 0.2481471113888562, 0.21662717732666525], [0.3975928960398344, 0.2638530888206015, 0.12789671884072684, 0.21065729619883727], [0.3842594027134967, 0.2759436964712765, 0.19779978690553587, 0.14199711380969096], [0.4270071184284252, 0.2994521922941312, 0.12306758290194693, 0.15047310627549665], [0.4236021763736249, 0.2481629624167164, 0.19542398139143727, 0.13281087971822145], [0.3848609992559738, 0.14768092942662853, 0.18179546701309268, 0.285662604204305], [0.38509909462353337, 0.16361347326828474, 0.2821815991769658, 0.16910583283121608], [0.40972527246959667, 0.16475528231470382, 0.16548545410341012, 0.26003399101228936], [0.3764021340172272, 0.17582526539258347, 0.2824425356933776, 0.1653300647968117], [0.46354749794139244, 0.3100688755202169, 0.11600613592895115, 0.11037749050943954], [0.4717337540651278, 0.2698928572768536, 0.13490592728441828, 0.1234674612736003], [0.3976952671950436, 0.18543292303864148, 0.2047595947066886, 0.21211221495962626], [0.38903220324702326, 0.19007610706347536, 0.27395989671709675, 0.14693179287240463], [0.46165132289390565, 0.20852410544003605, 0.14843557168165075, 0.1813889998844075], [0.4143043221760388, 0.19790409798288325, 0.22358838054668762, 0.16420319919439033], [0.45058001049214863, 0.31069053807621266, 0.12001960186862583, 0.11870984946301286], [0.4408964711387546, 0.28354088736653105, 0.13421331944673162, 0.14134932194798272]], "ideal": "A", "sampled": "D", "correct": false}}
{"type": "result", "data": {"idx": 2, "options": ["electric field outside the object is zero", "the electric field outside the object is equal to the electric field inside the object", "the electric field outside the object is directly proportional to the distance away from the center of mass of the object", "the electric field outside the object, but very close to the surface, is equal to the surface charge density at any location divided by the permittivity of free space"], "probs": [[0.1287772967479052, 0.10719187424200145, 0.11969696755142438, 0.644333861358669], [0.10718782990099004, 0.10131892560899347, 0.7082217334992768, 0.08327151089073977], [0.1146873840179151, 0.09400368550972632, 0.09939943327058343, 0.6919094971017752], [0.14745157076722662, 0.14261869234693247, 0.586960101846167, 0.12296963493967392], [0.22466032706920536, 0.5923125279619373, 0.1002107433921637, 0.08281640147669361], [0.2231966124489972, 0.5933756275878211, 0.10113743766978378, 0.08229032219339788], [0.15557195227948256, 0.09254744496674139, 0.13162948405034844, 0.6202511186034276], [0.11827645802139009, 0.07572722659925009, 0.7176234935288295, 0.08837282175053035], [0.13231425774647423, 0.08856676300872401, 0.09068302604740174, 0.6884359530974], [0.15478385176089082, 0.11756531279880461, 0.6214394244669617, 0.10621141087334289], [0.18119051240701248, 0.6283325271425508, 0.09760035137152613, 0.09287660897891058], [0.18108771874500215, 0.6231147692706545, 0.10146950259884896, 0.09432800928549438], [0.12852679574774298, 0.07022094935135027, 0.10060315132932612, 0.7006491034715806], [0.162345920854842, 0.09915837194996034, 0.6262462921185779, 0.11224941497661974], [0.12535616754231974, 0.07581249623732612, 0.08794402330234374, 0.7108873128180104], [0.1465015029686891, 0.0937059116436375, 0.6608749922840286, 0.09891759300364486], [0.22619479555319602, 0.5430078425012245, 0.12187955345664213, 0.10891780838893736], [0.23316213833685837, 0.5298120457866272, 0.12968345178385318, 0.10734236399266125], [0.7705582803337492, 0.08922518589442135, 0.0701535998925389, 0.07006293377929054], [0.776456767418398, 0.08712550931949252, 0.07065194046795208, 0.0657657826941574], [0.7475325910018944, 0.10122905528898365, 0.07712951761484836, 0.07410883599427354], [0.7325974160638798, 0.10072584524284248, 0.08175458074105746, 0.08492215785222018], [0.7456417694095644, 0.09481352598723933, 0.09065627303721185, 0.06888843146598445], [0.7398009564821781, 0.08907106864734066, 0.08859013369135679, 0.08253784107912443]], "ideal": "D", "sampled": "D", "correct": true}}
{"type": "result", "data": {"idx": 3, "options": ["Less, because the tension in the string varies directly with the wave speed, which varies inversely with the wavelength.", "Greater, because the tension in the string varies directly with the wave speed, which varies inversely with the wavelength.", "Greater, because the tension in the string varies directly with the wave speed, which varies directly with the wavelength.", "Less, because the tension in the string varies directly with the wave speed, which varies directly with the wavelength."], "probs": [[0.38380859442117055, 0.3375420074584903, 0.14110422553511734, 0.13754517248522186], [0.44863943569944265, 0.3047350531237919, 0.11232492653181976, 0.1343005845449457], [0.35261061258648424, 0.26512801249463475, 0.23681339266296297, 0.1454479821559181], [0.4066809001164661, 0.24942545215193168, 0.1653807684038945, 0.17851287922770764], [0.36247065399205053, 0.17716860675512852, 0.29615393610431145, 0.1642068030485095], [0.35339027639669834, 0.2201099395531843, 0.21430569885018197, 0.21219408509993537], [0.46079961147468146, 0.2848149282172854, 0.1218429076824372, 0.13254255252559594], [0.4028153123166161, 0.31493192274192183, 0.13683837180247235, 0.14541439303898968], [0.38154174599147966, 0.20325596047049543, 0.2602721866826699, 0.15493010675535504], [0.3521243824569608, 0.2280196926359892, 0.18399466024005282, 0.2358612645669972], [0.3463371487308618, 0.248495966260858, 0.2656779130623551, 0.13948897184592512], [0.4061378538202413, 0.23585203287627135, 0.19322103260015422, 0.1647890806033331], [0.360229641163089, 0.27083516118202294, 0.1882873177340094, 0.18064787982087868], [0.31768030398411135, 0.2728311161845949, 0.2399178033814988, 0.16957077634979495], [0.3025748088269628, 0.24789626524508196, 0.22147196199062116, 0.2280569638373341], [0.3413332206066816, 0.23175372871685304, 0.2328778872518682, 0.19403516332459717], [0.344031045162187, 0.3119853846723551, 0.17016989466813848, 0.1738136753973194], [0.40071473710487243, 0.2806569510123981, 0.14954453036729742, 0.169083781415432], [0.28912297319148034, 0.2258861396367884, 0.24941997599223475, 0.23557091107949646], [0.34527671226892787, 0.20048302107686483, 0.2755577019572936, 0.17868256459691367], [0.3580716932611204, 0.26927243055557043, 0.1814001541313831, 0.191255721951926], [0.2956805692758264, 0.2599580171463102, 0.2802396291107007, 0.16412178436716265], [0.4029374776116911, 0.3051747199483682, 0.12960322917576628, 0.16228457316417447], [0.3358562240286154, 0.33728703350498485, 0.16109159347157687, 0.16576514889482288]], "ideal": "C", "sampled": "B", "correct": false}}
{"type": "result", "data": {"idx": 4, "options": ["I only", "II only", "II and III only", "(E) I, II, and III"], "probs": [[0.16944053767417228, 0.13071113823537248, 0.20429447291238612, 0.4955538510780691], [0.18524805647523265, 0.1240609400130147, 0.48590253330668953, 0.20478847010506313], [0.17765778036639063, 0.16146938260565719, 0.18034431067772835, 0.48052852625022385], [0.19463884828528466, 0.13975742457899606, 0.5190111398177888, 0.14659258721793045], [0.21119033344107457, 0.4431944290912522, 0.15076635102464514, 0.19484888634302813], [0.21172805356483015, 0.4373878575490908, 0.16598555944776314, 0.18489852933831585], [0.17504802977134293, 0.1403636445967143, 0.21111296264181406, 0.4734753628901287], [0.18531793354088594, 0.13007989524494185, 0.4829890131467389, 0.2016131579674333], [0.1728206801012495, 0.18077442856297088, 0.20036960541850565, 0.4460352858172739], [0.1718355638286492, 0.16615890712154216, 0.4995413496795831, 0.16246417927022552], [0.19509374184725034, 0.4713297626301122, 0.1578472452556371, 0.1757292501670003], [0.18926744363210365, 0.4608270639459763, 0.1669005155605531, 0.18300497676136696], [0.19429270921194738, 0.13747306166704645, 0.1896597742844703, 0.47857445473653587], [0.2067545441553504, 0.11827042345204135, 0.518047257668211, 0.15692777462439725], [0.19650551063117094, 0.1704038904617445, 0.20274325619443032, 0.4303473426126542], [0.18559840212384582, 0.135393942535834, 0.4950017701340757, 0.18400588510624444], [0.23049775223374216, 0.47598636998007593, 0.1509208909604626, 0.1425949867257193], [0.22567823045730875, 0.4589078035003503, 0.13878942154998875, 0.1766245443923522], [0.3176498663457993, 0.2094143150624682, 0.22179844642748073, 0.2511373720642518], [0.3022411808403265, 0.18575266278544214, 0.24301408590947457, 0.2689920703647568], [0.3208834981202497, 0.201890340342732, 0.24629417448438143, 0.23093198695263684], [0.28857171532606224, 0.19179354606140994, 0.2394438534735608, 0.280190885038967], [0.2957471608819853, 0.24851186571020284, 0.2360572665693737, 0.21968370673843812], [0.26982825021938184, 0.2570996475781928, 0.21526447050091232, 0.25780763160151304]], "ideal": "D", "sampled": "D", "correct": true}}
{"type": "result", "data": {"idx": 5, "options": ["Equal to the block\u2019s gravitational potential energy when it was released, because total mechanical energy must be conserved.", "Equal to the block\u2019s gravitational potential energy when it was released, because the gain in kinetic energy compensates for the mechanical energy lost to thermal energy on the rough incline.", "Less than the block\u2019s gravitational potential energy when it was released, because the gravitational potential energy was converted both to thermal energy and to kinetic energy.", "Less than the block\u2019s gravitational potential energy when it was released, because the work done by the friction force must be greater than the block\u2019s gain in kinetic energy."], "probs": [[0.3168110439943983, 0.20724503439052908, 0.2706326407300588, 0.20531128078501376], [0.3182357203905081, 0.20980560464838763, 0.22693921285178995, 0.2450194620093143], [0.43374580786876366, 0.1978968113149516, 0.2058993012386193, 0.16245807947766544], [0.37935088365378333, 0.23130231059403455, 0.18874838102591318, 0.20059842462626892], [0.4362971977288075, 0.23274993444514044, 0.1443609212653931, 0.18659194646065894], [0.4013977168964314, 0.23890267732275605, 0.1493330232947882, 0.2103665823860244], [0.27587593010104533, 0.3004585250979987, 0.24336533608633487, 0.18030020861462107], [0.2860046114040893, 0.31376061775409614, 0.1901677754381203, 0.21006699530369424], [0.3041319432033118, 0.24981306489669966, 0.3041319432033118, 0.14192304859667665], [0.26684916016771204, 0.2880124747465131, 0.19332510230992164, 0.25181326267585324], [0.29939869043217254, 0.222056865669933, 0.3287034034400301, 0.1498410403578644], [0.266277611229018, 0.2656590640279232, 0.18985795972832867, 0.27820536491473014], [0.2698060692490275, 0.4080328825318871, 0.1738468933161201, 0.1483141548029653], [0.31881957292886515, 0.37837992967219464, 0.1444145844906819, 0.1583859128082583], [0.26388261112737244, 0.32306144119640307, 0.2701404432703191, 0.14291550430590533], [0.27890273925853243, 0.29179531332912734, 0.17815726993686568, 0.2511446773754745], [0.24065528751918883, 0.1638384111859522, 0.42661588942409434, 0.16889041177076464], [0.23698975496589159, 0.18713370242532892, 0.290305410152036, 0.2855711323567435], [0.24809553466031145, 0.44227813007813965, 0.15010256021019516, 0.15952377495135373], [0.2890335766441049, 0.4136958204103762, 0.11998050032948067, 0.17729010251603822], [0.22942224826372964, 0.289739289545032, 0.3237289584470601, 0.15710950364417825], [0.2542179671141819, 0.24986471234059834, 0.17009716210469378, 0.32582015834052597], [0.20914598362383982, 0.15514526566152334, 0.45441846003674075, 0.18129029057789608], [0.21127670140766425, 0.1721678278324046, 0.33258951698164735, 0.28396595367828376]], "ideal": "C", "sampled": "A", "correct": false}}
{"type": "result", "data": {"idx": 6, "options": ["The small block is most likely to slide off when the original block is at maximum displacement from the equilibrium position, but will not slide off as long as the coefficient of static friction between the blocks is greater than kA/[(M+m)g].", "The small block is most likely to slide off when the original block is at the equilibrium position, but will not slide off as long as the coefficient of static friction between the blocks is greater than kA/[(M+m)g].", "The small block is most likely to slide off when the original block is at maximum displacement from the equilibrium position, but will not slide off as long as the coefficient of static friction between the blocks is greater than (M+m)g/(kA).", "The small block is most likely to slide off when the original block is at the equilibrium position, but will not slide off as long as the coefficient of static friction between the blocks is greater than (M+m)g/(kA)."], "probs": [[0.4107160743446884, 0.18466801389194556, 0.20610913017986066, 0.19850678148350537], [0.3596407174704446, 0.19503283498721058, 0.20773836968251902, 0.2375880777598258], [0.31114082598135345, 0.22722717440159254, 0.19738762980550667, 0.2642443697115473], [0.3350173880572487, 0.2543356456254248, 0.18035097687155996, 0.2302959893457666], [0.37882122393634576, 0.18853870032332448, 0.2620929479336906, 0.17054712770663913], [0.3307014555584838, 0.2251263905034964, 0.24362770121517685, 0.20054445262284296], [0.3133089308642263, 0.22880422852103977, 0.20999605877116986, 0.24789078174356408], [0.37456823507879355, 0.22324848838148686, 0.2048948170008452, 0.1972884594388744], [0.33538302276084214, 0.23019863319779232, 0.25493141626354704, 0.1794869276778185], [0.2830181506724647, 0.24749934316936648, 0.27641622150039513, 0.19306628455777364], [0.2941474318210186, 0.23226316270889802, 0.2098322659521079, 0.26375713941797546], [0.318036273773862, 0.2651952386294989, 0.21150030738234107, 0.20526818011429798], [0.35107652395661193, 0.24648147063417483, 0.177533944753952, 0.2249080605552612], [0.33333578702454303, 0.24541163442064926, 0.18663862345736457, 0.23461395499744314], [0.3408203771491821, 0.22658562995590328, 0.23394233334619363, 0.19865165944872096], [0.38750893451136953, 0.2086122364880482, 0.22930854898347983, 0.17457027991710244], [0.4192025016843794, 0.19447244370854933, 0.19450467492212953, 0.19182037958494177], [0.3837147824253035, 0.2097539697267752, 0.18805291597391285, 0.21847833177400844], [0.2989427909428694, 0.2614999594352428, 0.24196814406621078, 0.19758910545567698], [0.343172534826091, 0.25080620118824043, 0.23207855674932715, 0.17394270713634147], [0.32603532137870916, 0.2534062635579979, 0.2085135690498244, 0.21204484591346853], [0.314825589702452, 0.24671411144182412, 0.20450178972074123, 0.23395850903498264], [0.3284726636363016, 0.2475882915957515, 0.20683188477068415, 0.21710715989726273], [0.3757362663370144, 0.23478469250238518, 0.1945824324890104, 0.19489660857159005]], "ideal": "A", "sampled": "C", "correct": false}}
{"type": "result", "data": {"idx": 7, "options": ["0.005 J", "0.01 J", "0.05 J", "0.1 J"], "probs": [[0.42348631125117786, 0.22604009027188035, 0.20654713538669484, 0.14392646299024695], [0.4081714274526188, 0.21793810180445977, 0.21537984057239132, 0.15851063007053007], [0.4325655166754517, 0.24970651042507228, 0.18176976115330942, 0.13595821164616662], [0.40415475401604606, 0.22967047060253518, 0.1895772388009906, 0.17659753648042817], [0.4009777366859737, 0.2750857215112396, 0.19876879747859957, 0.1251677442241871], [0.412652546880259, 0.27214600275095807, 0.18030935108702434, 0.13489209918175862], [0.4560787745269847, 0.1986956625783777, 0.1901923148172491, 0.15503324797738846], [0.4614429565157658, 0.18590067984238867, 0.2017871349049274, 0.15086922863691818], [0.4526433117628943, 0.20997810674561512, 0.20262709559898506, 0.1347514857925055], [0.4399021631024782, 0.19925669130562995, 0.2016397595448282, 0.15920138594706362], [0.4526218012304024, 0.25334287442245473, 0.16651027399157162, 0.12752505025557123], [0.4379000132525163, 0.24119297026953626, 0.1662080908580525, 0.15469892551989495], [0.4619551850426785, 0.23527677092011615, 0.16852733725655594, 0.1342407066806494], [0.42820811477552234, 0.22862331780168896, 0.1716003396637754, 0.17156822765901333], [0.47363458647656914, 0.21451456203358313, 0.17424044982120085, 0.13761040156864687], [0.46840649328863787, 0.20722754243718994, 0.17370163098463645, 0.1506643331895358], [0.4523113734912271, 0.22504769598748425, 0.19010447247071122, 0.13253645795057745], [0.4431261353775873, 0.2311076040169814, 0.19077159178179742, 0.13499466872363383], [0.4846742414595229, 0.2231129391036368, 0.16884498170680418, 0.12336783763003607], [0.459558257732409, 0.22161846360053647, 0.1799655774071148, 0.13885770115993973], [0.44397381605199515, 0.23709003978221052, 0.18370512399781197, 0.13523102006798238], [0.45465305172743026, 0.22983711835453008, 0.16341359395619817, 0.15209623586184148], [0.4405137699172266, 0.1965263993904283, 0.21666120512131445, 0.14629862547103062], [0.46505072499933836, 0.19631674563809517, 0.19254049314364574, 0.14609203611892072]], "ideal": "C", "sampled": "D", "correct": false}}
{"type": "result", "data": {"idx": 8, "options": ["v0^2/(2\u03bcg)", "v0^2/(\u03bcg)", "2v0^2/(\u03bcg)", "mv0^2/(\u03bcg)"], "probs": [[0.3411116752184311, 0.3418046388494984, 0.1785827209733384, 0.1385009648587321], [0.3622051585015595, 0.3202993070848155, 0.1559604601692302, 0.16153507414439477], [0.29707150541734134, 0.19204977927486191, 0.3956379444636413, 0.11524077074415542], [0.33064555133119183, 0.19757572715763208, 0.15631766149872015, 0.31546105991245593], [0.30756012977088076, 0.18387539014804666, 0.3612154883328436, 0.14734899164822896], [0.30534809824751086, 0.17410297690081022, 0.21034987268728564, 0.3101990520643933], [0.33296700316416455, 0.3388975757350109, 0.18417187974483198, 0.14396354125599256], [0.37042503441369606, 0.32244490612963284, 0.14063700613054914, 0.16649305322612193], [0.349919468129452, 0.27712529894918564, 0.2228776812330528, 0.15007755158830952], [0.3519884698037254, 0.2577061989303941, 0.1563297980320556, 0.2339755331338249], [0.36071575759367336, 0.19926171596625758, 0.26465324353472036, 0.17536928280534866], [0.373901843987268, 0.21646100280504457, 0.20362524686207614, 0.20601190624561128], [0.2801290839534203, 0.3132000629886662, 0.29018319468403814, 0.11648765827387532], [0.2892877074999095, 0.30360304401452043, 0.13995530782863735, 0.26715394055693265], [0.32282998192568957, 0.3391090530083503, 0.2090228882514163, 0.1290380767145438], [0.3241300341065918, 0.3147050801569618, 0.1557140681204897, 0.2054508175159567], [0.28542998855582624, 0.20578508383637792, 0.24496797089761524, 0.2638169566101806], [0.3137444648948822, 0.18452643406114774, 0.2652170140840737, 0.2365120868598963], [0.3262592456533316, 0.24655485906058072, 0.2936831922927907, 0.13350270289329697], [0.31891192903380894, 0.22295155957803184, 0.19388368389358526, 0.26425282739457395], [0.299322681129325, 0.26486645942364834, 0.2695398209925247, 0.166271038354502], [0.33873144293514273, 0.285737637934388, 0.18896474223876925, 0.1865661767917], [0.2909904972770318, 0.15828448296566736, 0.21019325835103034, 0.3405317613062705], [0.3128324355518184, 0.1960202992952456, 0.3047632781927021, 0.1863839868602339]], "ideal": "A", "sampled": "B", "correct": false}}
{"type": "result", "data": {"idx": 9, "options": ["0.5 s", "1 s", "2 s", "4 s"], "probs": [[0.25784433653888567, 0.2942629841946245, 0.2520532086851435, 0.1958394704813463], [0.2686713973711189, 0.2644299903907691, 0.26276156695184416, 0.20413704518626785], [0.28631364443080565, 0.26900499254740406, 0.2867793355065105, 0.15790202741527978], [0.25709404772649075, 0.26307692337156346, 0.2782342946777375, 0.20159473412420828], [0.27274448083213154, 0.2995947941777743, 0.238999474605852, 0.18866125028424213], [0.25816166013636954, 0.31639864566144404, 0.2524058184906887, 0.17303387561149766], [0.2668870766756401, 0.25459385674415774, 0.2609313803927851, 0.2175876860874171], [0.27354858545675875, 0.24326432836294867, 0.28940208056962635, 0.1937850055106662], [0.27983004268932543, 0.2777663808450449, 0.25323549287819946, 0.1891680834874302], [0.22829579154794996, 0.2586605289120181, 0.3225045847943469, 0.19053909464568508], [0.2539881689894077, 0.3473544016921541, 0.20106188351701096, 0.19759554570142726], [0.23147500359261916, 0.34240843821891037, 0.26473592920231115, 0.16138062888615928], [0.3330951084324679, 0.24373171094203078, 0.24785711238076943, 0.17531606814473186], [0.33535644408687143, 0.23595274982477052, 0.2615575790143716, 0.16713322697398644], [0.3231875694424847, 0.30377472349272444, 0.20563191786235366, 0.16740578910243714], [0.3231243740723606, 0.2764187413711286, 0.23305035777964692, 0.16740652667686384], [0.32181916596708654, 0.2953959493161668, 0.18779019079089376, 0.19499469382585288], [0.3116975770831974, 0.3118169651884496, 0.19060990496472632, 0.1858755526636267], [0.34352882760479936, 0.24937519424896312, 0.22906391195533313, 0.17803206609090436], [0.35224096388985604, 0.24402356544571652, 0.23490703543577282, 0.16882843512865464], [0.3470299450425938, 0.25998424050498364, 0.20745236915971768, 0.1855334451927049], [0.3539901813217084, 0.24526420626880885, 0.23242558987682235, 0.1683200224326604], [0.3379432357245558, 0.2759626342996584, 0.2067681278517826, 0.1793260020240032], [0.32162772168157144, 0.27950392901320004, 0.2144113235969415, 0.18445702560828706]], "ideal": "B", "sampled": "D", "correct": false}}
{"type": "result", "data": {"idx": 10, "options": ["The average kinetic energy of the hydrogen gas is greater than the nitrogen gas.", "The average force exerted on the container by the hydrogen gas is greater than the nitrogen gas.", "The density of the hydrogen gas is less than the nitrogen gas.", "The pressures of the gases cannot be compared without knowing the number of molecules in each container."], "probs": [[0.3778039441806134, 0.18178163060406755, 0.1532954962872451, 0.28711892882807394], [0.29562110043003437, 0.18567581302969266, 0.38564168935361304, 0.13306139708665993], [0.37215743781671196, 0.1722179723112337, 0.19404756153456992, 0.2615770282374844], [0.3106665908979647, 0.16441087423110987, 0.3229198157464403, 0.20200271902448508], [0.45354857022514095, 0.20338227888288657, 0.22044875722896246, 0.12262039356301006], [0.4519496598350304, 0.17891314466841604, 0.15938695961036042, 0.20975023578619315], [0.2555113098438678, 0.3863365890245251, 0.13978163688302495, 0.21837046414858216], [0.2553454599222682, 0.3891875387460093, 0.22002668348694954, 0.135440317744773], [0.17996587274862497, 0.1213838162072024, 0.5779913318776464, 0.12065897906652621], [0.20088262853997796, 0.12725856898942564, 0.20367155967106199, 0.46818724269953443], [0.2023735493219181, 0.12643527983354788, 0.5967139005064297, 0.07447727023810434], [0.21360758480047806, 0.12815482340269532, 0.17538133967934574, 0.4828562520174809], [0.2416010796782172, 0.42047029729453134, 0.1485557406992176, 0.18937288222803383], [0.2463622948144909, 0.3844148390094154, 0.19466219220578998, 0.1745606738703037], [0.1846702110083348, 0.13894637382530686, 0.5315974554187839, 0.14478595964757443], [0.20260138525137164, 0.15002048908286073, 0.28554965764704854, 0.3618284679187191], [0.18563990016451912, 0.10986869617393594, 0.6111284402723662, 0.09336296328917873], [0.19712555112766567, 0.12597213496539714, 0.3078166200238117, 0.3690856937831255], [0.26456157158833293, 0.49825043966110316, 0.13918114121896405, 0.09800684743159982], [0.27270724553995435, 0.439202802161082, 0.13164192044485695, 0.15644803175410676], [0.2042029633600732, 0.2518864255006076, 0.45462163939533035, 0.08928897164398887], [0.19283114946437227, 0.21788858524434188, 0.13960963902298174, 0.44967062616830417], [0.20451433954577933, 0.17333824930841843, 0.5117326974357042, 0.11041471361009805], [0.196932661239421, 0.15536901252227145, 0.2488526775158352, 0.39884564862247235]], "ideal": "D", "sampled": "A", "correct": false}}
{"type": "result", "data": {"idx": 11, "options": ["Move the boy to half his original distance from the fulcrum.", "Move the girl to double her original distance from the fulcrum.", "Allow a second girl of mass m to join the first.", "Move the fulcrum to half its original distance from the boy."], "probs": [[0.3088344221303632, 0.20520558684237653, 0.20713075737853345, 0.2788292335487268], [0.29308563031177975, 0.18157498266110553, 0.21090438645601658, 0.3144350004710981], [0.3095910250831003, 0.21059817073623388, 0.2586729824284326, 0.22113782165223314], [0.29586818370441015, 0.20439263871663368, 0.28016128715811045, 0.21957789032084565], [0.28967980410777927, 0.20169306400466844, 0.20994410542367845, 0.29868302636387384], [0.2921292483514481, 0.22341458497197464, 0.2308984845645795, 0.25355768201199774], [0.3285189968901777, 0.18093952946406033, 0.21193099246701277, 0.2786104810787492], [0.29514594983648373, 0.16010337589262147, 0.2426729427728886, 0.3020777313980062], [0.3319266538331786, 0.18277790051194723, 0.24272111099193516, 0.242574334562939], [0.31550317529409405, 0.17108735185510665, 0.24374185136888063, 0.26966762138191863], [0.30102585846078594, 0.17650098570903466, 0.23982391534362343, 0.282649240386556], [0.3301685946950116, 0.18174726852430984, 0.22313664691223417, 0.2649474897684444], [0.2762609298432358, 0.2338770523190397, 0.25746907630361504, 0.2323929414341094], [0.26857074113266705, 0.24962443480561633, 0.2560953986459727, 0.22570942531574392], [0.2810888373895186, 0.24943474676006383, 0.2366140108054896, 0.23286240494492794], [0.2766916710354609, 0.23604438844876802, 0.22565689344448966, 0.26160704697128145], [0.2643096109318232, 0.23456996327423846, 0.26631745296560705, 0.23480297272833126], [0.2802856522475687, 0.2143931207681911, 0.2695480544662928, 0.23577317241794735], [0.27947536524533984, 0.19165896162946164, 0.22434836958114496, 0.3045173034440536], [0.29559909853960825, 0.21572342191381577, 0.21770496339848702, 0.2709725160480889], [0.29386425015371903, 0.19528049228622757, 0.2216222286002743, 0.2892330288597791], [0.31668278099882596, 0.21532639538092277, 0.20578218687827635, 0.2622086366419749], [0.292067161409641, 0.20020077523969002, 0.26585771838576233, 0.24187434486490667], [0.3021695062539232, 0.21207048312794122, 0.2525063790501928, 0.23325363146794278]], "ideal": "D", "sampled": "B", "correct": false}}
{"type": "result", "data": {"idx": 12, "options": ["The high temperature water will rise to the top of the container until it has cooled and then mixes with the alcohol.", "The molecules of the water continue to have a higher kinetic energy than the molecules of the alcohol, but the two liquids mix until the energy is spread evenly throughout the container.", "The hot water produces thermal radiation that is absorbed by the cold alcohol until the kinetic energy of all the molecules is the same.", "The water molecules collide with the alcohol molecules, transferring energy until the average kinetic energy of both the water and alcohol molecules are the same."], "probs": [[0.0542076464513148, 0.20074706295467695, 0.07387687652415591, 0.6711684139698523], [0.08638484287545035, 0.2287597724196965, 0.639036376383666, 0.045819008221187146], [0.057039672566344464, 0.08805270384351184, 0.13124633052972068, 0.723661292960423], [0.06764088152913651, 0.12799667440548868, 0.7630619179432155, 0.04130052602215926], [0.09893542453450475, 0.7478346172133693, 0.0864606865672682, 0.06676927158485775], [0.0921738073137616, 0.7594577669337893, 0.08711968361460193, 0.061248742037847144], [0.07584276455585262, 0.052389611936801424, 0.11092712233177146, 0.7608405010755744], [0.10691625345020075, 0.06939792451393471, 0.7850324306029823, 0.03865339133288215], [0.08512309034205803, 0.06455538300979953, 0.054791877882815164, 0.7955296486653273], [0.10900087131775477, 0.0973612984004379, 0.7695319809457992, 0.024105849236008094], [0.211324985894848, 0.6348002287379015, 0.07816327770124266, 0.07571150756600775], [0.2039564916123953, 0.6522284964194459, 0.0991360801814629, 0.04467893168669583], [0.08468605273712972, 0.06321946115559124, 0.21582404902481736, 0.6362704369824617], [0.08814184245589736, 0.06953656419861358, 0.805066284815403, 0.03725530843008606], [0.09168620509131786, 0.08650729155987394, 0.059936527826639545, 0.7618699754221686], [0.11044607886403926, 0.11176715627960847, 0.7496806177325717, 0.028106147023780604], [0.1467967037348716, 0.6997218861186124, 0.07138164340246424, 0.08209976664405173], [0.13387133921808128, 0.7520755704443085, 0.07666837739913272, 0.037384712838477524], [0.6664012123454878, 0.10910529723495924, 0.1494135420576345, 0.07507994826191844], [0.6652272293407041, 0.10804928012565156, 0.13052168389951052, 0.09620180653413381], [0.7087632922572221, 0.12255855206470094, 0.08235416507937397, 0.08632399049870298], [0.7465263091755641, 0.10694695382554094, 0.09748173613037338, 0.049045000768521654], [0.6662318308741103, 0.13688229697275475, 0.08242201313017045, 0.11446385892296448], [0.7359077772303301, 0.11581197325096565, 0.09839074154053147, 0.049889507878172826]], "ideal": "D", "sampled": "D", "correct": true}}
{"type": "result", "data": {"idx": 13, "options": ["4 s", "2 s", "0.06 s", "0.03 s"], "probs": [[0.27562769423268596, 0.2591605108967391, 0.2256718210450098, 0.23953997372556518], [0.30670370277510045, 0.29306329963867944, 0.2322954282396258, 0.16793756924659434], [0.3476459487223459, 0.2837403798934312, 0.19541353567713013, 0.17320013560709274], [0.31274349426311554, 0.30819530210379276, 0.22071809232167855, 0.15834311121141315], [0.33347311612609176, 0.35526999827646943, 0.17465072868508008, 0.13660615681235866], [0.31643342497114874, 0.347989851976556, 0.17792018981107782, 0.15765653314121741], [0.27898102164515476, 0.23142487608786197, 0.23940283834319886, 0.25019126382378437], [0.30829510549047845, 0.25973284628972126, 0.25644451759343667, 0.17552753052636363], [0.34361894471274085, 0.28945244649670804, 0.19164984783028666, 0.1752787608602644], [0.3137431833949815, 0.30923209512813343, 0.22667453366261542, 0.15035018771426964], [0.3219720816877998, 0.3709491899521497, 0.16994770376019042, 0.1371310244998601], [0.3086505049962798, 0.3613793336161597, 0.18329582014063958, 0.14667434114692093], [0.2628807009696027, 0.28876398700133227, 0.24378310541830484, 0.2045722065107602], [0.31121206280457214, 0.2702472209660173, 0.2299722283848626, 0.18856848774454799], [0.26344723684450605, 0.26344723684450605, 0.24428857462445394, 0.22881695158653392], [0.3200608992238389, 0.24926368146836544, 0.2498769685412819, 0.18079845066651376], [0.32702442513079866, 0.2626379092872077, 0.22870698228118108, 0.18163068320081255], [0.3077777921845695, 0.26321202513923664, 0.22912275788876985, 0.199887424687424], [0.3125796550631611, 0.2845612976088647, 0.22915220475529446, 0.1737068424726797], [0.3855925374357394, 0.24865513658965696, 0.1896039481094395, 0.1761483777651641], [0.30934200824135555, 0.2729066447398361, 0.23038694377103633, 0.18736440314777206], [0.3813751467066287, 0.2499000318143197, 0.18896072256341187, 0.1797640988156397], [0.36751651212598574, 0.23340673394541292, 0.22323290668828788, 0.17584384714031345], [0.3502106331095538, 0.24821311592161432, 0.22307671776244858, 0.1784995331063833]], "ideal": "B", "sampled": "D", "correct": false}}
{"type": "result", "data": {"idx": 14, "options": ["10 N/kg", "4 N/kg", "2 N/kg", "0.5 N/kg"], "probs": [[0.2076520348787059, 0.3137863687090388, 0.19685489254086255, 0.28170670377139273], [0.24751298849905878, 0.34069591823055057, 0.2293730732008687, 0.18241801996952195], [0.23076878485756125, 0.2911800741858173, 0.17702318726199892, 0.30102795359462253], [0.24505478170717265, 0.3119647018618529, 0.27198527619590807, 0.17099524013506637], [0.2551493422476412, 0.30482182812091757, 0.20033822058635942, 0.23969060894508185], [0.26925693736109485, 0.3398404863208221, 0.1924606475431692, 0.19844192867491384], [0.19225120542511082, 0.20425154266699092, 0.1822262257155344, 0.4212710260923639], [0.2673146386577404, 0.25072019916172694, 0.2637167235391364, 0.21824843854139628], [0.22511612399199626, 0.2885288853829656, 0.1686854811158904, 0.3176695094091477], [0.22555607218936452, 0.3103699041537529, 0.3091021431807206, 0.15497188037616194], [0.26606405175147246, 0.3690191859981826, 0.1718739445614892, 0.19304281758885575], [0.2591254826730115, 0.39171721298281653, 0.19573342183063508, 0.15342388241353686], [0.21402481410599422, 0.20699282244800932, 0.2335844645514277, 0.3453978987945688], [0.25692286702026357, 0.23534917478369807, 0.3060329808579872, 0.20169497723805116], [0.23062327845507252, 0.21281940059946766, 0.21527804752935978, 0.34127927331610003], [0.25147162384091165, 0.23395080766429324, 0.3187312673447445, 0.19584630105005058], [0.2608604573429758, 0.3704360204304749, 0.17798681984630632, 0.19071670228024293], [0.24821322044275115, 0.3961838008283057, 0.19796071059687997, 0.1576422680320632], [0.28866983317438416, 0.24625586704699903, 0.21639860319115192, 0.24867569648746488], [0.28393306037525534, 0.24789325877889173, 0.2177754472142506, 0.25039823353160234], [0.2772977525926505, 0.26808847775959155, 0.21943934768750256, 0.2351744218602554], [0.3003304510909858, 0.27924360989986075, 0.2414508389752801, 0.1789750999338734], [0.2801620876460625, 0.2564575893486107, 0.22009693918122464, 0.24328338372410216], [0.27382747684199316, 0.27739758623463023, 0.2272049201973613, 0.22157001662601533]], "ideal": "B", "sampled": "D", "correct": false}}
{"type": "result", "data": {"idx": 15, "options": ["\u03c3/2\u03b5o, down", "\u03c3/2\u03b5o, up", "\u03c3/\u03b5o, down", "\u03c3/\u03b5o, up"], "probs": [[0.3760405908428827, 0.2497303522994076, 0.1846713788024568, 0.1895576779552529], [0.3449700135370346, 0.259699304353501, 0.19662855538462437, 0.19870212662484], [0.3581011379538815, 0.24548433745526124, 0.1995591998163459, 0.19685532467451136], [0.32761438752541416, 0.21770041073763, 0.18403916845398524, 0.2706460331829706], [0.34176940741010364, 0.2271107204660375, 0.2627135593245041, 0.16840631269935474], [0.3467154347528059, 0.22673173723046805, 0.21388105089845533, 0.21267177701827067], [0.30967685577156834, 0.2727479636396411, 0.19878017900386466, 0.21879500148492592], [0.3511837333795157, 0.2603144502566883, 0.19397700987169567, 0.19452480639210032], [0.302019199638587, 0.27027480986172847, 0.25503038597446304, 0.17267560442522145], [0.31913148275590353, 0.25591005417589596, 0.21973895844044075, 0.20521950452775975], [0.343721637469631, 0.250759020377414, 0.2136054060480728, 0.1919139360048822], [0.3193146490935656, 0.24045079227514232, 0.2000666647929556, 0.24016789373833647], [0.30571524672350464, 0.31509782289235116, 0.19312522676705776, 0.18606170351708637], [0.3183384191919155, 0.31284093387513795, 0.157697898764071, 0.21112274806887554], [0.324932848256115, 0.2817764621955975, 0.22026795474871638, 0.1730227346995711], [0.3433316954625564, 0.2796068143213462, 0.1898469349415238, 0.18721455517457358], [0.3285574663631999, 0.23612192622627823, 0.2370044624122076, 0.19831614489831428], [0.3129212008539024, 0.24703978367718946, 0.22918667238427143, 0.21085234298463668], [0.29971548465301334, 0.29934900550010946, 0.24132473404788618, 0.15961077569899104], [0.30157990443194677, 0.31555614971604556, 0.18603977940369235, 0.19682416634831532], [0.30368028258146207, 0.31777990947287943, 0.19944030345827884, 0.17909950438737968], [0.3316608467861407, 0.30125884116435003, 0.166826312728719, 0.2002539992207902], [0.27734057852800287, 0.24441406525846673, 0.24911521749172455, 0.22913013862180587], [0.31466820832920517, 0.24075689909434778, 0.24548350272108, 0.19909138975536705]], "ideal": "A", "sampled": "A", "correct": true}}
