{"type": "result", "data": {"idx": 0, "options": ["total revenue is greater than total cost at its greatest distance", "total revenue is equal to total cost", "marginal product is at its highest point", "total product is at its highest point"], "probs": [[0.16633638799887646, 0.7027015711510128, 0.06062673426791764, 0.07033530648219309], [0.1589982544992918, 0.6930589830121016, 0.06620130090203408, 0.08174146148657255], [0.23897897060774578, 0.12230162503541817, 0.5350111206087578, 0.10370828364807828], [0.30817020854759697, 0.1379499923433992, 0.12790178142406386, 0.42597801758493997], [0.22427018318720357, 0.11198623644165262, 0.5473637065841319, 0.11637987368701191], [0.2985639914357716, 0.13906516340571512, 0.13959887830409476, 0.42277196675441847], [0.3971514162457475, 0.34408155176312055, 0.12078398054679208, 0.13798305134433983], [0.37885386594740084, 0.3440989630496388, 0.11432259784216718, 0.1627245730607932], [0.46382785745566685, 0.20459110118230744, 0.20589235992642044, 0.1256886813356053], [0.43608386350902767, 0.18951281056090846, 0.17466092817254492, 0.19974239765751897], [0.41680392743978667, 0.1780283136508888, 0.22862634273763638, 0.1765414160716881], [0.39265569510207715, 0.1845273061334762, 0.26026777083645386, 0.1625492278279928], [0.17325081246484847, 0.18527780913861522, 0.5258383702835403, 0.11563300801299596], [0.2625355241573561, 0.22022553770540215, 0.13695544615309307, 0.38028349188414867], [0.3906922644960401, 0.21134243818923107, 0.26102412779819456, 0.13694116941653425], [0.39758105859272264, 0.22739484430340695, 0.19848161330987293, 0.17654248369399747], [0.23462903405638885, 0.22313153581364054, 0.22048418045725043, 0.32175524957272017], [0.3319294898742576, 0.2765174929454446, 0.19343633322433934, 0.1981166838559585], [0.16951425624455013, 0.17557162306298885, 0.5071529225073677, 0.14776119808509333], [0.2906319157394422, 0.20680229055598204, 0.24728023634940824, 0.2552855572551675], [0.3455883819702671, 0.17291416024283163, 0.2857413206516061, 0.19575613703529518], [0.3523699886391356, 0.1967200607353415, 0.2955892935756898, 0.1553206569498331], [0.2624637523398159, 0.2722798030145848, 0.18310420486145337, 0.2821522396841459], [0.3358162195264553, 0.3514833905114443, 0.1386358948793607, 0.17406449498273965]], "ideal": "A", "sampled": "B", "correct": false}}
{"type": "result", "data": {"idx": 1, "options": ["Increase capital and decrease labor so that the marginal product of capital falls and the marginal product of labor rises.", "Increase capital and decrease labor so that the marginal product of capital rises and the marginal product of labor falls.", "Decrease capital and increase labor so that the marginal product of capital rises and the marginal product of labor falls.", "Decrease capital and increase labor so that the marginal product of capital falls and the marginal product of labor rises."], "probs": [[0.2998979940725777, 0.22707174377745992, 0.16500657549330716, 0.3080236865566552], [0.34977963563282294, 0.23727367815982822, 0.22683897612210674, 0.18610770998524206], [0.284821680612046, 0.23138225876812193, 0.25260966260858536, 0.2311863979112467], [0.24686696387245322, 0.19432916656192462, 0.39395590438610906, 0.1648479650795131], [0.36524606835903245, 0.30616406515648215, 0.15163471255081626, 0.17695515383366914], [0.29753157493477017, 0.3204151093639393, 0.16376771031172535, 0.21828560528956517], [0.34225489665856024, 0.24143720441319544, 0.17683319218675655, 0.23947470664148776], [0.3146171726887989, 0.24000437972510186, 0.207299625526517, 0.2380788219595822], [0.37246663484623566, 0.24110283673685282, 0.17382999280830372, 0.21260053550860783], [0.3028257606426586, 0.2518083302837137, 0.21073796086957927, 0.23462794810404847], [0.3272028613836622, 0.28294495166906924, 0.18144873053179753, 0.208403456315471], [0.338682656532672, 0.2997574254534511, 0.16825689624440288, 0.19330302166947405], [0.25771360050761866, 0.25444506079721757, 0.3075643594217082, 0.18027697917345561], [0.25432914492924846, 0.2472808211794574, 0.27861410376623647, 0.21977593002505763], [0.2861365888387947, 0.317883183987444, 0.16371422516514186, 0.23226600190861948], [0.32472316395144385, 0.3059991987041365, 0.1704229763105849, 0.19885466093383478], [0.2648479500057464, 0.2380309693593752, 0.19610738431086366, 0.3010136962240147], [0.3060557543925359, 0.24460852143702597, 0.21963001785466205, 0.22970570621577607], [0.2908584215178721, 0.3107987066078488, 0.1963108900311178, 0.2020319817431613], [0.35320683783922835, 0.2870027975897664, 0.16116538402070185, 0.1986249804503034], [0.3047366005740336, 0.3549060662522922, 0.17303469001851549, 0.16732264305515868], [0.2993452623674991, 0.3458052913643849, 0.14874889336909794, 0.206100552799018], [0.29664322730912657, 0.22282722590125548, 0.2377061694622752, 0.24282337722734273], [0.28827342388131366, 0.23059055206853946, 0.21361613271484445, 0.26751989123530245]], "ideal": "C", "sampled": "B", "correct": false}}
{"type": "result", "data": {"idx": 2, "options": ["the supply curve intersects the demand curve", "neither party has an incentive to deviate from his or her strategy", "the marginal revenue curve intersects the marginal cost curve", "the equilibrium is unstable and each party would like to switch strategies"], "probs": [[0.1168275335596909, 0.7859770215647156, 0.052267123813145265, 0.04492832096244823], [0.14546649915213195, 0.7618766227581398, 0.0514535632691111, 0.0412033147206171], [0.08208407430243678, 0.053250524943024076, 0.7898009389229045, 0.0748644617316347], [0.06239105434383196, 0.04197372526981207, 0.050103154401709746, 0.8455320658846462], [0.05364711209595174, 0.0367361120842914, 0.8787033557013142, 0.030913420018442623], [0.05754874442421688, 0.02858982319991748, 0.042758772494807334, 0.8711026597810583], [0.9194481029392694, 0.034784710598063276, 0.023630586501433723, 0.022136599861233595], [0.9233027964973402, 0.033572084010258345, 0.022098443617938404, 0.02102667577446308], [0.9129748463401373, 0.03617929478182902, 0.025565926512296305, 0.025279932265737447], [0.924295586503701, 0.032561618684581226, 0.021775201491206587, 0.021367593220511145], [0.9290384708902426, 0.031759256522651734, 0.02122825633880565, 0.01797401614829996], [0.9251878226175042, 0.03337838487969943, 0.021634317851755545, 0.019799474551040818], [0.09268090093445486, 0.0498581564009319, 0.7868958085476648, 0.07056513401694837], [0.07982312322116615, 0.04282806137620351, 0.05439016582491556, 0.8229586494777148], [0.12370650561188269, 0.7757303771772884, 0.05080901123677987, 0.04975410587404905], [0.14232218953359138, 0.7578683861790044, 0.053157563096364525, 0.04665186109103968], [0.0702405260760779, 0.0320073248412616, 0.050572752005527494, 0.847179396977133], [0.05786033088014592, 0.03664873748731378, 0.8705895153044019, 0.03490141622813839], [0.03914749154631215, 0.03808825370447311, 0.9051277417405428, 0.017636512908671943], [0.03835128863829716, 0.026835954776987563, 0.035198691048722426, 0.8996140654359929], [0.04921287289825022, 0.9131718763231144, 0.022005571211850976, 0.015609679466784493], [0.05020416973302374, 0.9104853920928876, 0.02210459539939876, 0.01720584267468993], [0.0416798378147189, 0.026778808509347652, 0.041060336924306995, 0.8904810166516265], [0.04670155358019294, 0.038569551090620005, 0.8952777147070493, 0.01945118052213769]], "ideal": "B", "sampled": "B", "correct": true}}
{"type": "result", "data": {"idx": 3, "options": ["goods X and Y are normal goods.", "goods X and Y are inferior goods.", "goods X and Y are complementary goods.", "goods X and Y are substitute goods."], "probs": [[0.11410640924027927, 0.09946114568907809, 0.25467157361344883, 0.5317608713571937], [0.11488277806333588, 0.08501155181903543, 0.6440638495058635, 0.1560418205117652], [0.1314491033422628, 0.28480073806775713, 0.08519023655993191, 0.49855992193004817], [0.148249292254482, 0.4465944734719522, 0.3584208701741421, 0.046735363999423685], [0.1150117332168227, 0.7605627152151877, 0.05296032399417618, 0.07146522747381344], [0.1175397684811655, 0.789744956922543, 0.06946673101212177, 0.023248543484169756], [0.09386143087402145, 0.19838963447017416, 0.187735185008349, 0.5200137495474554], [0.09032686596965087, 0.20804906914428178, 0.5474395629043408, 0.15418450188172658], [0.11924048156617324, 0.5279309591739654, 0.11158071869745488, 0.24124784046240647], [0.09282139253951936, 0.5489887778690539, 0.3021445673375967, 0.05604526215383003], [0.0940293058603038, 0.8052987369465137, 0.056489597852553364, 0.04418235924062914], [0.09299009240160012, 0.809120298030549, 0.059018646101611304, 0.03887096336623964], [0.1747682664403153, 0.09993305652434087, 0.10157118585329028, 0.6237274910820535], [0.19774965129586136, 0.12613358575532094, 0.617122267168348, 0.058994495680469744], [0.1851668801954318, 0.08503153967493615, 0.1694155643444876, 0.5603860156851445], [0.13132104934758335, 0.077565747049824, 0.7379298338122077, 0.053183369690385035], [0.2538795537141779, 0.6503495742939015, 0.06294331118059739, 0.03282756071132316], [0.2145534189509388, 0.6845298510780342, 0.05450612014741206, 0.04641060972361495], [0.7600591861494548, 0.07556302775250481, 0.0728142699062373, 0.09156351609180308], [0.7785172970725222, 0.08046768514974753, 0.11122733229149978, 0.02978768538623056], [0.7810866294101109, 0.060411464867000546, 0.0992035873075731, 0.05929831831531547], [0.7683396825237186, 0.06842297748235576, 0.11596644657968223, 0.04727089331424336], [0.8286565037955546, 0.1002315666452204, 0.051702481335846956, 0.01940944812337803], [0.8301887171180505, 0.09581067019518737, 0.043936507834192375, 0.030064104752569723]], "ideal": "D", "sampled": "D", "correct": true}}
{"type": "result", "data": {"idx": 4, "options": ["causes the equilibrium price to be artificially high", "causes the equilibrium price to be artificially low", "exists when markets cannot reach equilibrium", "results in an equilibrium that does not maximize the total benefit to society"], "probs": [[0.1300757306729257, 0.09505170404268705, 0.10049716981223604, 0.6743753953721512], [0.06647857624633441, 0.06556825681103584, 0.7945749577236183, 0.07337820911901145], [0.13323753375969066, 0.09654391797555077, 0.09660622717782694, 0.6736123209869316], [0.06654888266872308, 0.06661879146515488, 0.812673374693163, 0.054158951072958955], [0.049933468362407835, 0.8692479307817041, 0.04280441791710833, 0.038014182838779643], [0.04871652429585898, 0.8945259051087383, 0.03224460263624493, 0.02451296785915781], [0.16096346489465535, 0.1112651079678584, 0.10306174361006197, 0.6247096834274243], [0.08269264357629351, 0.07601329448148174, 0.7632575546136031, 0.07803650722862167], [0.18485059092837317, 0.10516285935135777, 0.13001301011545885, 0.5799735395048102], [0.07781720868068366, 0.0676708078796851, 0.7936357056741862, 0.06087627766544509], [0.06458108775296086, 0.8484139911218345, 0.04625070770738883, 0.040754213317815806], [0.06222448661293572, 0.87616667185344, 0.03441346693543724, 0.027195374498187038], [0.08463442943688629, 0.050091616057935724, 0.07754982891574119, 0.7877241254894368], [0.05947204855896513, 0.057711766884270856, 0.835175598632491, 0.04764058582427295], [0.09148986295851118, 0.05674634661902957, 0.08254096348723275, 0.7692228268352265], [0.06352311372121727, 0.06458405404637134, 0.8185932635442393, 0.053299568588172086], [0.077585746719113, 0.8495269132087137, 0.040583687401031715, 0.03230365257114166], [0.07722170304978884, 0.8455757119893774, 0.04298641712594437, 0.03421616773488933], [0.8805978860548278, 0.046829558729802705, 0.03320105733688067, 0.03937149777848881], [0.9098313500744251, 0.040764779076177246, 0.02451108223240323, 0.02489278851699446], [0.869453478673335, 0.052401258739129625, 0.03409814279733906, 0.04404711969019627], [0.9032611391757722, 0.04514258127422394, 0.02550269907351203, 0.026093580376491773], [0.9246903546863264, 0.0317863760423885, 0.02269438480643896, 0.02082888436484616], [0.9214300825937194, 0.032682932411210175, 0.02464133371537135, 0.02124565117969903]], "ideal": "D", "sampled": "D", "correct": true}}
{"type": "result", "data": {"idx": 5, "options": ["Collusive output levels tend to increase, driving the price above competitive levels.", "Consumer surplus falls as the price is driven downward.", "Collusive output levels tend to decrease, driving the price down to competitive levels.", "Joint profit maximization costs society consumer surplus as the price rises above competitive levels."], "probs": [[0.5372706691180136, 0.15498907978019752, 0.10833520521880056, 0.19940504578298834], [0.5620355030408072, 0.15951447246682846, 0.2311799534595544, 0.04727007093280992], [0.45131444636328616, 0.15961898323006551, 0.09245253159388435, 0.296614038712764], [0.479290119329898, 0.11119723070927649, 0.3607723575814958, 0.04874029227932969], [0.5289746069140154, 0.3845074741021043, 0.046266510839120645, 0.04025140804475965], [0.4582152614391902, 0.4080403635141938, 0.0665931557461373, 0.06715121920047863], [0.2959963590803874, 0.3721479960263754, 0.16008382556971973, 0.17177181922351747], [0.2990760713791965, 0.4161599154008533, 0.19821099344265225, 0.08655301967729796], [0.19328266956311824, 0.20146798195814988, 0.3691322019068479, 0.23611714647188392], [0.26424881813267853, 0.18624244628474337, 0.40871542688097295, 0.1407933086016052], [0.2682325481750235, 0.5031018740232427, 0.13641780308571175, 0.09224777461602202], [0.1704383901238236, 0.4651138678075056, 0.10367620503589411, 0.26077153693277666], [0.18342060109043687, 0.43481272519267733, 0.08751417853830604, 0.29425249507857976], [0.1528181651847195, 0.46890581184153085, 0.33322225259968485, 0.045053770274064736], [0.25157549225033404, 0.23853751303738618, 0.15906464577918117, 0.3508223488330986], [0.20501679027253034, 0.25168037224517487, 0.4505784477544873, 0.09272438962780748], [0.16869238520045124, 0.6917319503250982, 0.07682028640993, 0.06275537796452063], [0.17520599065459092, 0.6796318887984614, 0.06411829590156241, 0.0810438245453853], [0.7993419706071127, 0.10910903580059504, 0.048426687351788136, 0.04312230614050415], [0.7531520015268576, 0.1308788190520237, 0.06089892147023071, 0.055070257850887955], [0.7658310614320758, 0.0833281595180046, 0.08537867836986453, 0.0654621005800551], [0.570078108995258, 0.09833439744020844, 0.09171726888764932, 0.23987022457688428], [0.406216510765495, 0.1775274929026128, 0.3409676969695816, 0.07528829926231058], [0.7071318151527844, 0.12004339633880733, 0.07401415953695151, 0.09881062887145672]], "ideal": "D", "sampled": "D", "correct": true}}
{"type": "result", "data": {"idx": 6, "options": ["Perfectly horizontal demand curve.", "Highly inelastic demand curve.", "Highly elastic demand curve.", "A demand curve consisting of two discontinuous segments."], "probs": [[0.3286740432548562, 0.18089532580808856, 0.25391900158490205, 0.23651162925215316], [0.33886578170746756, 0.1532803601874559, 0.3814661147590564, 0.12638774324602012], [0.3276280012828906, 0.15779300737857954, 0.2452076782878857, 0.26937131295064415], [0.33105246236277364, 0.13955443264314138, 0.3938124242739003, 0.1355806806201847], [0.3991498708832542, 0.354501077229033, 0.12210605309540551, 0.12424299869230725], [0.39705011540443447, 0.3667698529500302, 0.10968778363030836, 0.12649224791522695], [0.3300673912125463, 0.2688015361040021, 0.19361045666173465, 0.20752061592171694], [0.30503654022390236, 0.23332805581548968, 0.34339048943378114, 0.11824491442682679], [0.2975714162056389, 0.23131157110834305, 0.26693832473859613, 0.20417868784742194], [0.3026934446207052, 0.23706899503894205, 0.33036478339496395, 0.1298727768453888], [0.3274102709141708, 0.34844257385695715, 0.19821246865756634, 0.12593468647130568], [0.3431264911156415, 0.3678533896966509, 0.15912053698739068, 0.12989958210031696], [0.31378440175587863, 0.24192906961828714, 0.22227993770522705, 0.22200659082060717], [0.2906283735938314, 0.22235411403339814, 0.36517751213236654, 0.12184000014040389], [0.2706645767219093, 0.21375572997810302, 0.29309893088239397, 0.22248076231759367], [0.2815933697421871, 0.22406918296648187, 0.35411853991848125, 0.14021890727284975], [0.31565613179804397, 0.349399480978516, 0.20360763342075713, 0.13133675370268294], [0.33012458158146557, 0.36550518609692256, 0.1670174722964544, 0.13735275992515744], [0.5932593102612487, 0.15371620079626488, 0.13683865288550112, 0.11618583595698526], [0.6191287359365656, 0.15423195863171058, 0.11278987915625337, 0.11384942617547052], [0.5610906397572748, 0.12514734080452933, 0.19598461393565172, 0.1177774054025442], [0.5767376336364738, 0.13702578637085333, 0.15208495925209545, 0.13415162064057742], [0.5672819017796671, 0.11977604030365045, 0.19201183317171677, 0.1209302246449657], [0.5876315410631828, 0.12804671012213995, 0.13661054182506063, 0.14771120688961656]], "ideal": "D", "sampled": "D", "correct": true}}
{"type": "result", "data": {"idx": 7, "options": ["Higher risk job.", "Investment in human capital.", "Increase in production of SUVs.", "Racial discrimination."], "probs": [[0.2820328389710431, 0.14794423733828496, 0.3243935309206839, 0.24562939266998804], [0.2417541855070506, 0.13803492279408486, 0.4588546684096159, 0.16135622318924864], [0.32104683985796767, 0.19999017117466336, 0.14988239704764736, 0.3290805918197216], [0.3074165834564027, 0.20386100999669585, 0.33756881445893344, 0.151153591987968], [0.26678166983358065, 0.43192907114160933, 0.11340117960337574, 0.18788807932143423], [0.28520275439731807, 0.4074189121662111, 0.1766030235946587, 0.1307753097418121], [0.24842942517632643, 0.1512014432516194, 0.347385822435525, 0.2529833090365291], [0.21259914970057564, 0.13653974640612587, 0.4755405924899859, 0.17532051130331258], [0.2807137798556841, 0.286379201003333, 0.14056008214974983, 0.2923469368912331], [0.27349750019847735, 0.3237149811574451, 0.2504632845408579, 0.15232423400321957], [0.23085485740461373, 0.37061083865350053, 0.14062434643031108, 0.25790995741157463], [0.2523518129229973, 0.36587752797886103, 0.2557338995757103, 0.12603675942243134], [0.35659629634325535, 0.15256054925228257, 0.1389848610468529, 0.3518582932576092], [0.3374802620735168, 0.14669646977044562, 0.36460329728369534, 0.15121997077234225], [0.35178644344945886, 0.15900298003734692, 0.1654965778723815, 0.3237139985408127], [0.3437226414336758, 0.16154702006155067, 0.34070235487391926, 0.15402798353085423], [0.39945250150362877, 0.30040826942884513, 0.11573789840169843, 0.1844013305658277], [0.39482844498808045, 0.30386541459708116, 0.1161550214082064, 0.185151118906632], [0.4341819738799344, 0.1614389438776554, 0.14277948436883411, 0.26159959777357605], [0.4320297684206414, 0.14861662624308863, 0.2788928157967131, 0.14046078943955687], [0.4150447125304529, 0.15796592359256836, 0.1768064148008919, 0.25018294897608684], [0.4532237811462716, 0.14862311932081534, 0.26408066555956683, 0.13407243387334625], [0.4761632503032147, 0.2403416096796553, 0.1136265876169651, 0.16986855230016487], [0.4746338568044081, 0.2267115183457971, 0.1293695160429306, 0.16928510870686417]], "ideal": "C", "sampled": "D", "correct": false}}
{"type": "result", "data": {"idx": 8, "options": ["all requirements for price discrimination", "required in order for a firm to earn short-run profits", "all sources of elastic demand", "all barriers to entry"], "probs": [[0.469733110160336, 0.21098550605089395, 0.12593800391210402, 0.19334337977666607], [0.37997607808396544, 0.20960343662801334, 0.3098653372017126, 0.10055514798630857], [0.44312594335747363, 0.18115354262774694, 0.1424849863587147, 0.23323552755606472], [0.2432054285041416, 0.18679866569566358, 0.4451146754108993, 0.12488123028929554], [0.3199522936002868, 0.506726287555371, 0.08460674812275853, 0.08871467062158372], [0.3373540090168418, 0.4637436222757363, 0.08058412516919647, 0.11831824343822543], [0.36936994007373375, 0.21684288168605548, 0.09989032521253577, 0.313896852927675], [0.2236375393832893, 0.22801727355136492, 0.4581331371286443, 0.09021204983670149], [0.2724558534553519, 0.13241056198392948, 0.16016855060206023, 0.43496503385865837], [0.1080827509554127, 0.12071056713916939, 0.6850116627709517, 0.08619501903446619], [0.27156514883565624, 0.5854332010284844, 0.07846352617674782, 0.06453812385911156], [0.31768920659424543, 0.5534049806182448, 0.05470968348682801, 0.07419612920068176], [0.2083306132297412, 0.3369656154628552, 0.11959674775005358, 0.33510702345735], [0.11084285294763326, 0.23549055875352576, 0.5659597473326629, 0.08770684086617811], [0.19015191776865467, 0.22457586561245862, 0.20338566902310803, 0.38188654749577866], [0.10687989552859031, 0.192788908980301, 0.6116988977319167, 0.08863229765919209], [0.10100404089391155, 0.7315645213646544, 0.07639383642854138, 0.09103760121289269], [0.09899728751702909, 0.7579393417420514, 0.06555862980733655, 0.07750474083358302], [0.6421397519107189, 0.18909817005585616, 0.07691845526279091, 0.09184362267063399], [0.6118538105537368, 0.1719367576097828, 0.07042771262294396, 0.14578171911353643], [0.6094071631660907, 0.18826849388793895, 0.10494972644887268, 0.09737461639709764], [0.6329899429641973, 0.17515619097388604, 0.07460861652343437, 0.11724524943848223], [0.5596559047139319, 0.14433763919817458, 0.12564487754042167, 0.1703615784474719], [0.606526828998515, 0.15404405614519248, 0.10357028604118879, 0.1358588287151038]], "ideal": "D", "sampled": "D", "correct": true}}
{"type": "result", "data": {"idx": 9, "options": ["increasing-cost industry", "constant-cost industry", "decreasing-cost industry", "profit-making industry"], "probs": [[0.22819319235148117, 0.2796827721126999, 0.3433233703820329, 0.14880066505378597], [0.3117798818070859, 0.2665841241423318, 0.16250903660655594, 0.2591269573440264], [0.2299547114724848, 0.3650014210872853, 0.26660118298848323, 0.13844268435174667], [0.27074688266867647, 0.39790039657696097, 0.1283585260924708, 0.20299419456189177], [0.24669659135258865, 0.1760812252583852, 0.32980754968206133, 0.24741463360696478], [0.2350394874576133, 0.19780561325956209, 0.3455753624093664, 0.2215795367734582], [0.23236338099410941, 0.3577954364122153, 0.2783360994079697, 0.1315050830857056], [0.332000369694439, 0.34849217146817096, 0.11795056743862159, 0.2015568912987684], [0.23509721105285106, 0.38238700650702173, 0.24080457922189547, 0.14171120311823174], [0.2825939423417577, 0.38113698216064024, 0.11744858105845184, 0.2188204943391502], [0.2751055750642109, 0.16670729466296394, 0.33506531003750656, 0.22312182013531856], [0.2492942474638338, 0.16597832490366418, 0.34420829495015387, 0.24051913258234814], [0.2641126293905501, 0.35539637071501784, 0.25957346733517894, 0.12091753245925309], [0.31079476605533846, 0.3813509287847559, 0.13201015989637277, 0.17584414516353286], [0.2306518583174142, 0.29587970618062337, 0.3519041950400729, 0.12156424036188952], [0.3034502954015757, 0.284945585846587, 0.1555577860783285, 0.25604633257350873], [0.2644805053279639, 0.20092836319774324, 0.34822199263997544, 0.18636913873431737], [0.2722518403220342, 0.1781892004700749, 0.28294968180584124, 0.26660927730204964], [0.31399693146197405, 0.21550672601968507, 0.25414495900280093, 0.21635138341553992], [0.234704714472893, 0.2309348399566916, 0.2971067980065845, 0.23725364746383085], [0.26449083491032366, 0.24270398189072723, 0.2603902738909722, 0.23241490920797692], [0.24588838583586003, 0.24577618009040958, 0.2616105118372272, 0.24672492213650316], [0.2655064204890227, 0.2509188987200709, 0.27816749030799776, 0.20540719038290867], [0.3095650168814149, 0.23314910329481317, 0.24434464405550835, 0.21294123566826353]], "ideal": "B", "sampled": "C", "correct": false}}
{"type": "result", "data": {"idx": 10, "options": ["Amount of wood used to make a desk.", "Number of pickles put on a sandwich.", "The size of a McDonald\u2019s kitchen.", "Number of teacher\u2019s assistants in local high schools."], "probs": [[0.2692234455698446, 0.10429893944936473, 0.48839702105711236, 0.1380805938236783], [0.22826858883014145, 0.10740285100769675, 0.49932327113477754, 0.16500528892738425], [0.2790421988781553, 0.40521266185529503, 0.10140527567621985, 0.21433986349032985], [0.26985603970356387, 0.4075124622103228, 0.22851945798078016, 0.0941120400053332], [0.27867145039792196, 0.39532825087072876, 0.09284156544131549, 0.23315873319003383], [0.2787281468705702, 0.3954526634322778, 0.23794727628730195, 0.08787191330985007], [0.24576438569491893, 0.25499175136184743, 0.3496188975350624, 0.1496249653081712], [0.22146523656612999, 0.21558929130035323, 0.3858105654870272, 0.1771349065464896], [0.22389887093012162, 0.46583336096565486, 0.1138528202469922, 0.19641494775723134], [0.2321648219640793, 0.4833521092453673, 0.15405713479340688, 0.1304259338971465], [0.23033021388134778, 0.38204213973039625, 0.1565796732745947, 0.23104797301366126], [0.21834090024521707, 0.3827021660615439, 0.2845037834880791, 0.11445315010516], [0.42928164451725626, 0.167286687856626, 0.10975432222192852, 0.2936773453041892], [0.33229798075214007, 0.15375629065883398, 0.41002956028652693, 0.103916168202499], [0.4330197532351772, 0.154873186624846, 0.17588676068733167, 0.23622029935264513], [0.3450677004151805, 0.1489093541300014, 0.37876992691364625, 0.12725301844117184], [0.4357618818968447, 0.35451386431826093, 0.11761042079972582, 0.0921138328851685], [0.4308576170882686, 0.3191074489230569, 0.1067016765407698, 0.1433332573479047], [0.4041499555325173, 0.20720237800198593, 0.08969624473295068, 0.29895142163254607], [0.37489426690903893, 0.20474289660705464, 0.3207192766452874, 0.09964355973861908], [0.3839640359518692, 0.11945621612139598, 0.2966505387884645, 0.19992920903827036], [0.33356868720341876, 0.1262250672717072, 0.4189050432783921, 0.12130120214648187], [0.3677436085590766, 0.41605660005181416, 0.12083761302784482, 0.09536217826126435], [0.3621351881657806, 0.3616037233704926, 0.0993960835165196, 0.17686500484720716]], "ideal": "C", "sampled": "C", "correct": true}}
{"type": "result", "data": {"idx": 11, "options": ["Price rises, but quantity is ambiguous.", "Price falls, but quantity is ambiguous.", "Price is ambiguous, but quantity rises.", "Price is ambiguous, but quantity falls."], "probs": [[0.45936868959150623, 0.2128998104389142, 0.16217639033890416, 0.16555510953067537], [0.44024494342269116, 0.21724097495337347, 0.14032792651812637, 0.20218615500580903], [0.4783464753888614, 0.1895773921906291, 0.1649969444260283, 0.16707918789448123], [0.4493223890414815, 0.19551143955685296, 0.14556906682081475, 0.20959710448085084], [0.41734218593238687, 0.16931150851940766, 0.23035740850052383, 0.18298889694768164], [0.39678235064432305, 0.16875927884265243, 0.2563163225253064, 0.17814204788771815], [0.4138067117630861, 0.2541820553178488, 0.16823123881140448, 0.16377999400766066], [0.3851368186258109, 0.24992624295128907, 0.1413183978255097, 0.22361854049739036], [0.3780156615294146, 0.19859057366962296, 0.26399442157497915, 0.15939934312598328], [0.38289957093643046, 0.2125618692256478, 0.15811092678780975, 0.24642763295011202], [0.3660886585346344, 0.16575889287721532, 0.2398786693571538, 0.22827377913099647], [0.34425683780276856, 0.18092292006224403, 0.1944325210128746, 0.2803877210221128], [0.46970878096537305, 0.2625383197075965, 0.142973619900658, 0.12477927932637244], [0.45727171893987534, 0.24971860456972245, 0.11894033723314085, 0.17406933915726136], [0.4236318685913957, 0.22075351586934108, 0.21977731108458687, 0.1358373043546764], [0.43791120217434815, 0.2228795985451799, 0.13323498366491238, 0.20597421551555956], [0.42003965999515086, 0.15874296661731094, 0.25490364809621896, 0.16631372519131918], [0.3870042562097737, 0.16581943629513984, 0.2292107641467719, 0.21796554324831452], [0.38830963351881104, 0.28113848387080126, 0.1706933106414647, 0.159858571868923], [0.39133595768686563, 0.287892895186537, 0.15055360795861608, 0.17021753906798132], [0.3899992289749429, 0.22483033759639431, 0.19892924429187953, 0.18624118903678324], [0.3984002529938017, 0.2192577603129498, 0.16315385940758814, 0.2191881271856603], [0.3707064389811789, 0.2240510582699838, 0.24897196886433925, 0.15627053378449807], [0.3653986264518664, 0.21409823636352546, 0.2147308353784775, 0.20577230170613064]], "ideal": "C", "sampled": "A", "correct": false}}
{"type": "result", "data": {"idx": 12, "options": ["A bumper crop of oranges in Florida", "A decrease in the price of Tang", "Expectations of lower future prices for orange juice", "Expectations of higher future income among juice drinkers"], "probs": [[0.3933435858886412, 0.14825994823105854, 0.2804813003116119, 0.17791516546868832], [0.43148003953016556, 0.15637410384525213, 0.2452609499415298, 0.1668849065830525], [0.4544042212984279, 0.30773278150661704, 0.08882577451694534, 0.14903722257800972], [0.3863662606225663, 0.31851629975905377, 0.20295851513389382, 0.09215892438448606], [0.43211852690649505, 0.35340390838473457, 0.08128435387804123, 0.13319321073072912], [0.3733480627960349, 0.36584553664014324, 0.17030331744492697, 0.0905030830188949], [0.2809633826641399, 0.388462233848402, 0.16980564086510497, 0.16076874252235315], [0.28395169970533896, 0.3958079218468633, 0.1651223152710778, 0.15511806307671994], [0.25618583343128265, 0.4042545020810007, 0.18096968799464733, 0.1585899763930693], [0.24176947311705088, 0.3848165078630015, 0.20628975991374154, 0.16712425900620612], [0.2768535295086399, 0.41725992841377635, 0.18242655556742068, 0.12345998641016305], [0.2542551495514642, 0.4142106832777107, 0.1488497279264154, 0.18268443914440965], [0.4677903825988869, 0.30958647686077045, 0.0807325497461794, 0.1418905906941632], [0.4368033869427015, 0.2961190452919959, 0.18720485965543746, 0.07987270800986518], [0.4329546625038956, 0.16957105441825052, 0.2326970512530408, 0.1647772317248131], [0.38614795183474654, 0.15369969833892938, 0.3096002684164431, 0.15055208130988096], [0.30502754219530853, 0.5335916240457195, 0.09397708553643208, 0.06740374812253992], [0.2746655920270675, 0.5530210691657395, 0.07466372791181618, 0.09764961079537689], [0.481202121915961, 0.3339247976362209, 0.06939134694395437, 0.11548173340386374], [0.46469494003335454, 0.34884419513962794, 0.11147691887281794, 0.07498394585419961], [0.44887493393924116, 0.15043527334721377, 0.2737394056564834, 0.12695038695706165], [0.4335892835666701, 0.14644380529585496, 0.2482064516173081, 0.17176045942016688], [0.4453376994481085, 0.33154537282413676, 0.146059478922201, 0.07705744870555369], [0.40105178350592857, 0.3687252346992536, 0.08682361114909835, 0.14339937054571944]], "ideal": "D", "sampled": "D", "correct": true}}
{"type": "result", "data": {"idx": 13, "options": ["Demand is downward-sloping.", "The demand curve lies above the marginal revenue curve.", "Price is determined by the equilibrium in the entire market.", "Average revenue differs from price."], "probs": [[0.2770132422170191, 0.15221525727180393, 0.40036490555574294, 0.170406594855434], [0.29940380304722974, 0.1723156494184831, 0.21499753525204315, 0.313283012182244], [0.32283313041180023, 0.30432916591489334, 0.13177961502484786, 0.24105808854845856], [0.3183189487890445, 0.30958886547618786, 0.17517776002423646, 0.19691442561053116], [0.3055028273529854, 0.2221532728725058, 0.1553379124942367, 0.31700598718027206], [0.28771687408541013, 0.23919276113480817, 0.31338808871318496, 0.15970227596659672], [0.26184526863594837, 0.16433473419497366, 0.393896680849045, 0.179923316220033], [0.299013571455369, 0.17069739828649572, 0.20986281885211436, 0.32042621130602095], [0.32997388136028444, 0.2557544448083357, 0.17343127984206977, 0.24084039388931008], [0.33577067156906953, 0.2643742004424336, 0.19847543831383424, 0.20137968957466265], [0.30319945828263606, 0.19604050789544622, 0.17347079057572812, 0.3272892431461896], [0.30438644144451227, 0.21466149707467747, 0.29245755509279525, 0.18849450628801495], [0.5783130267438281, 0.13938162596404177, 0.12415655891145949, 0.15814878828067058], [0.5872963053730813, 0.1361332691632739, 0.14756224998941983, 0.129008175374225], [0.6002300604663353, 0.13481417799190762, 0.11546858829105756, 0.14948717315069945], [0.5964186635328952, 0.13613822579052332, 0.1343349318321519, 0.13310817874442965], [0.5776701956337571, 0.16918696105787054, 0.119226828749785, 0.1339160144585873], [0.5826410867675048, 0.16945815715950993, 0.1147914944024143, 0.13310926157057096], [0.3160909806200968, 0.17331310131345865, 0.1879456844125701, 0.32265023355387445], [0.2632703898555695, 0.16626415398235145, 0.41126053379508376, 0.1592049222669953], [0.3179978775361751, 0.1771947320700526, 0.1616912508101189, 0.3431161394836534], [0.3118887245343171, 0.17527808247243953, 0.3370788395067737, 0.17575435338646966], [0.34000897404131647, 0.24912345406902076, 0.1856016665511496, 0.22526590523851314], [0.3621622215694953, 0.24935960024010204, 0.16124082619601904, 0.2272373518943836]], "ideal": "C", "sampled": "C", "correct": true}}
{"type": "result", "data": {"idx": 14, "options": ["money.", "plant and equipment.", "where the central government is located.", "the center of the economy."], "probs": [[0.09875433495460177, 0.8583035175906253, 0.029133183047112828, 0.01380896430766016], [0.09406063275046934, 0.8693724565245773, 0.026920773988829243, 0.009646136636124153], [0.07653831486468547, 0.08319458953464018, 0.8115293361145, 0.0287377593861744], [0.08805203797745999, 0.05808818950284567, 0.06989731180293164, 0.7839624606167627], [0.06329027173672461, 0.09111152773430212, 0.8283264723061695, 0.01727172812280376], [0.08854657529010686, 0.05321781705108628, 0.04438186494839638, 0.8138537426104104], [0.9136037322728009, 0.047849517195181074, 0.02342953150652007, 0.015117218925497992], [0.9212569507663243, 0.04498992072909142, 0.022045396060849477, 0.011707732343734772], [0.9005985644933143, 0.05141976322958987, 0.029876890937917844, 0.018104781239177987], [0.9017231488886207, 0.04758781894705156, 0.024982455974462695, 0.025706576089864975], [0.9182199438064002, 0.049236663220192246, 0.02096170182077915, 0.011581691052628395], [0.8972398153168618, 0.0528371752517023, 0.021627011469855115, 0.028295997861580796], [0.05346091250424169, 0.10124451222732044, 0.8001273512078098, 0.045167223960628146], [0.06021064555355925, 0.06147800786860136, 0.07229572129854377, 0.8060156251792956], [0.11151946833446637, 0.8119625215297726, 0.04125805010642517, 0.03525995992933593], [0.11287956978055425, 0.8201720331578997, 0.03890702602008275, 0.02804137094146336], [0.057992111938362505, 0.06600610493169866, 0.06194245794905521, 0.8140593250808836], [0.07039698579783774, 0.10463593699818223, 0.8008699833999633, 0.02409709370401673], [0.047556722263745625, 0.10444666794395556, 0.8246975816791521, 0.023299028013146757], [0.0663246137346886, 0.05707613729458949, 0.047993957812777585, 0.8286052910579443], [0.11605579426479544, 0.8296351447423816, 0.03478759160809209, 0.01952146928473081], [0.13433810127568618, 0.7960360375606566, 0.03581342992553998, 0.03381243113811723], [0.06516460166201439, 0.06398084586047689, 0.06290934796681867, 0.8079452044106901], [0.08379918940609016, 0.09853393418324104, 0.7902891502621944, 0.02737772604847445]], "ideal": "B", "sampled": "B", "correct": true}}
{"type": "result", "data": {"idx": 15, "options": ["Ray pulls weeds, since he has absolute advantage in cooking.", "Dorothy pulls weeds, since she has absolute advantage in cooking.", "Dorothy cooks, since she has comparative advantage in cooking.", "Ray cooks, since he has comparative advantage in cooking."], "probs": [[0.14890128531445604, 0.15575668311736934, 0.3781809170302237, 0.31716111443795086], [0.16110971568403856, 0.14529168604351525, 0.42885357137206215, 0.26474502680038403], [0.21176555119526033, 0.2934552939403067, 0.14636268774110675, 0.3484164670233262], [0.20707134181691292, 0.24534500556761074, 0.42603732738247857, 0.12154632513299776], [0.18485733476562474, 0.4984291194434699, 0.10101368134285262, 0.21569986434805274], [0.15948334572334694, 0.5070814565372243, 0.23964649793562676, 0.09378869970380209], [0.16406500559082654, 0.1730515839189255, 0.37950308105311936, 0.2833803293371286], [0.14025977461514633, 0.13900198248131806, 0.42652375137301385, 0.29421449143052175], [0.19431669676248356, 0.42768570345450435, 0.1488215415818608, 0.22917605810115124], [0.1579662180849633, 0.3730662866199671, 0.3515475804690163, 0.11741991472605327], [0.20517612418758063, 0.3984525083405309, 0.15226963841597813, 0.2441017289559103], [0.15650666782165118, 0.3110323157287846, 0.4170905524942256, 0.11537046385533861], [0.22915610327282632, 0.16996252281810162, 0.18387983463534965, 0.4170015391737224], [0.27418060333582484, 0.1779029448705159, 0.3871300393162985, 0.16078641237736072], [0.22607429129051246, 0.15748659091457978, 0.16252707222512272, 0.45391204546978503], [0.2978704019765769, 0.1917883484140229, 0.3403948595838324, 0.1699463899255678], [0.2866373019134865, 0.3854145349860041, 0.1543500549288708, 0.17359810807163856], [0.30432744644980847, 0.39321320608577154, 0.1434652741685259, 0.1589940731958941], [0.25487093274149875, 0.14603013451561944, 0.1471391832892614, 0.4519597493536204], [0.3589164423260724, 0.1650631476792481, 0.31912703269887627, 0.15689337719580324], [0.2859927245096838, 0.1730006829922837, 0.16383941983495373, 0.37716717256307875], [0.3204452586118961, 0.16691995660304496, 0.35482316340374165, 0.15781162128131732], [0.3820239504355208, 0.3527044539466296, 0.12371949750465115, 0.14155209801319843], [0.325973694380911, 0.3492284766865498, 0.15606934063169325, 0.16872848820084588]], "ideal": "D", "sampled": "D", "correct": true}}
{"type": "result", "data": {"idx": 16, "options": ["The price of apple peelers/corers rises.", "Your aunt\u2019s friends gossip all day, slowing their dough-making process.", "There is a sale on ovens.", "A new study reveals that apples increase your risk of cancer."], "probs": [[0.4102435172720316, 0.2561850883732119, 0.19177390918861234, 0.14179748506614415], [0.4137460948671325, 0.2625942269091604, 0.16153061629007165, 0.16212906183363546], [0.42477771635576134, 0.1864535510353555, 0.25913900134356244, 0.12962973116532073], [0.4154048623534609, 0.18113877147321655, 0.20694621213611095, 0.19651015393721158], [0.40558627889746174, 0.2307456639844995, 0.20834149790779996, 0.1553265591102388], [0.38336038014392454, 0.21641859087540283, 0.21306334116320036, 0.1871576877174723], [0.40338578240329104, 0.2746102973311888, 0.17694772342746581, 0.1450561967380543], [0.39496464121809716, 0.26898703377219874, 0.17877802517381708, 0.157270299735887], [0.28952673074688046, 0.1850764304214414, 0.3894826173392866, 0.13591422139239154], [0.24482636911726385, 0.15058087852340507, 0.20573838930044375, 0.3988543629588873], [0.30994552370786654, 0.21449762580633955, 0.33765545484027315, 0.13790139554552078], [0.258405725750882, 0.16154530929311128, 0.2792425245331736, 0.30080644032283305], [0.2772800293549742, 0.3589848149673994, 0.22078852701500204, 0.14294662856262436], [0.2795739298588872, 0.3374201209842559, 0.1859884643065519, 0.197017484750305], [0.23916807768337384, 0.32704025503702866, 0.28386554119132473, 0.14992612598827276], [0.22016291167896918, 0.23795743001425185, 0.16590988888348868, 0.37596976932329035], [0.19526515899136063, 0.1877846717646688, 0.45836919541543625, 0.1585809737285343], [0.22237733004253582, 0.1813768893298924, 0.22216932473345172, 0.3740764557941201], [0.28931673102565636, 0.3777044938248879, 0.18949362273071438, 0.14348515231874134], [0.29298232749049574, 0.36771678132413954, 0.1845805307788167, 0.15472036030654804], [0.2857081080898473, 0.2482275291500871, 0.30905095660728077, 0.15701340605278483], [0.22605329270128696, 0.18154863332849067, 0.2621934232834089, 0.3302046505868135], [0.21024260786330506, 0.16758174693155115, 0.4860392663577156, 0.13613637874742815], [0.2456212229128612, 0.169987174404359, 0.28719750471815697, 0.2971940978646228]], "ideal": "C", "sampled": "A", "correct": false}}
