{"type": "result", "data": {"idx": 0, "options": ["Needle aspiration", "Mammography", "Mastectomy", "Lumpectomy"], "probs": [[0.12952271989542674, 0.8111170747848724, 0.02697805748153513, 0.032382147738165785], [0.12947787319043808, 0.81771653730121, 0.02656637499482809, 0.02623921441352382], [0.1014969408187557, 0.04454054989159917, 0.8176945325258078, 0.036267976663837326], [0.07073768201233248, 0.03454523892897161, 0.03989855929847964, 0.8548185196602163], [0.09362884375499578, 0.03835423804716395, 0.8423167403816875, 0.025700177716152794], [0.07114361864893055, 0.032146535331573085, 0.043407558743672636, 0.8533022871758237], [0.9398909570737174, 0.02542186489532998, 0.015464700319983959, 0.01922247761096864], [0.9464890562627649, 0.02425318821819421, 0.013439202036390662, 0.015818553382650227], [0.944831524091485, 0.02055365422412792, 0.016170372918549225, 0.018444448665837852], [0.9432813966172334, 0.019573732873995418, 0.014813379155190614, 0.022331491253580478], [0.9439865347999669, 0.0211900887608516, 0.01507200391356404, 0.019751372425617544], [0.934614887976551, 0.021628349815862417, 0.016244798745780942, 0.027511963361805575], [0.07971059408702985, 0.05547965006375082, 0.8373740373640385, 0.027435718385180885], [0.060878349510353105, 0.04293514659764728, 0.036026774759660346, 0.8601597290323393], [0.09819899100905062, 0.8412130771910514, 0.031190431846200826, 0.029397499853697103], [0.10079563301362116, 0.8303103971965174, 0.03201622718355221, 0.0368777425063092], [0.06017984821790665, 0.034928839650237506, 0.04227250814015141, 0.8626188038917044], [0.0732979258322279, 0.036477517604737913, 0.8530695501090575, 0.03715500635397673], [0.06551064220759195, 0.05546080041598689, 0.8566535875655001, 0.02237496971092107], [0.05513758296740707, 0.040122458477350145, 0.03609475304821337, 0.8686452054070294], [0.08725792526265556, 0.8539180508635058, 0.02927112140207214, 0.0295529023717665], [0.09402155235238666, 0.8313447925139894, 0.03152018820388038, 0.04311346682974354], [0.058434839850521544, 0.03472873542312639, 0.04874603040963196, 0.8580903942167201], [0.06611461290226765, 0.036433257701825476, 0.8585674889803788, 0.03888464031552806]], "ideal": "B", "sampled": "B", "correct": true}}
{"type": "result", "data": {"idx": 1, "options": ["vary from person to person", "vary for women depending on the phases of the menstrual cycle", "are mainly on the lower portion of the body", "all of the above"], "probs": [[0.3579583523688495, 0.07321604594642593, 0.09488841999121495, 0.47393718159350967], [0.4773648749911984, 0.08546029902825929, 0.36190045415568023, 0.07527437172486207], [0.3296939533801622, 0.07461425216558969, 0.06907036488138164, 0.5266214294728664], [0.6183288027659635, 0.09031483429160389, 0.24119651045626364, 0.05015985238616904], [0.6647946289057758, 0.19172224319340342, 0.04969917575003219, 0.09378395205078856], [0.7320706360570534, 0.17907990757849238, 0.041950989848373914, 0.046898466416080316], [0.15523516436297807, 0.26412107357180553, 0.09495593181990036, 0.485687830145316], [0.15620927533972243, 0.40571160069708107, 0.3591154565191341, 0.07896366734406235], [0.15994903681986983, 0.0791037392403615, 0.24445055786982295, 0.5164966659699457], [0.2957884028885751, 0.1556473649041072, 0.38452857155935316, 0.1640356605479645], [0.26600429413042775, 0.3755514621359068, 0.17911770938035787, 0.17932653425330758], [0.2594473447099102, 0.37782451390370186, 0.1198745495063888, 0.24285359177999916], [0.12088902178854202, 0.3036657729862979, 0.06674725164722572, 0.5086979534779343], [0.14736694652887455, 0.5789625873494693, 0.22702932407858675, 0.046641141943069446], [0.13979651709497753, 0.05596896903996986, 0.26390103781085256, 0.5403334759542], [0.2726377471935446, 0.09704679300049084, 0.43451333622496396, 0.19580212348100057], [0.24868615903410102, 0.2425790821686902, 0.3869996281996883, 0.12173513049752047], [0.23863641915319173, 0.2440373599285229, 0.09566749631401876, 0.4216587245042666], [0.35683785214573044, 0.3683372276778698, 0.09031953998197206, 0.18450538009442768], [0.34675348318258614, 0.4456698066395367, 0.08916190398579163, 0.1184148060920855], [0.32100378985467537, 0.10664965052358263, 0.3686364535821925, 0.2037101059395495], [0.3811194215083602, 0.10002375169535166, 0.12005637316569322, 0.39880045353059496], [0.26610248683483134, 0.08973280138967352, 0.511684108213186, 0.13248060346230914], [0.30220176415691774, 0.08983607932759646, 0.09362988499525197, 0.5143322714202339]], "ideal": "D", "sampled": "A", "correct": false}}
{"type": "result", "data": {"idx": 2, "options": ["can be treated with antibiotics", "has a high risk of infection with a single exposure", "is asymptomatic (without symptoms) in only a small percentage of those infected", "infections are limited to genital areas"], "probs": [[0.7608237917666286, 0.11805854258007321, 0.0639405603293944, 0.05717710522390374], [0.7693363198066419, 0.11303249408567642, 0.0602872502657908, 0.057343935741890964], [0.7769362925706218, 0.1072782128942023, 0.061352089041296735, 0.05443340539387917], [0.7864429686252116, 0.1044601837435896, 0.05527628772344291, 0.0538205598077559], [0.7692519288040005, 0.1021256582113695, 0.06991831629282312, 0.05870409659180686], [0.7626093539480282, 0.10368066843182147, 0.0661752015725478, 0.06753477594760249], [0.7371280329892524, 0.15769553476663145, 0.05470460009595206, 0.050471832048164], [0.7365535970994032, 0.161279567649863, 0.05552926720734991, 0.046637567943383876], [0.7762981832352467, 0.09535609431556241, 0.08251528855320028, 0.045830433795990666], [0.7746642971505476, 0.09819194111348646, 0.05236925654277394, 0.07477450509319199], [0.7286696407292127, 0.11051028340216526, 0.11356417231931967, 0.047255903449302375], [0.7411519371105755, 0.0976772095650793, 0.061845828532715606, 0.09932502469162956], [0.7354020770297809, 0.15846724157261297, 0.05541338171424459, 0.05071729958336157], [0.7362249896923534, 0.16243761352664346, 0.05174244804834542, 0.04959494863265773], [0.7429666282185253, 0.11987727714772027, 0.09013207692391252, 0.04702401760984189], [0.7465884712582357, 0.11956775976850889, 0.054117281186076185, 0.07972648768717924], [0.7399382507813077, 0.11223897211354297, 0.0971591163646972, 0.050663660640452156], [0.7327602177381795, 0.10856453587975842, 0.0692805318786721, 0.08939471440338997], [0.6741543192201037, 0.19096353225159216, 0.07745774522344372, 0.05742440320486044], [0.6800435324794115, 0.18532543129908832, 0.06898898168037243, 0.06564205444112775], [0.6733011106965343, 0.14064477592261024, 0.12956482363783314, 0.05648928964302236], [0.7010824627392572, 0.12048971562007889, 0.06945230014335757, 0.10897552139730628], [0.7084740705332431, 0.11621368199039217, 0.11398076542896007, 0.06133148194740468], [0.6966390116805427, 0.11790514166822871, 0.08525306112588849, 0.10020278542534017]], "ideal": "A", "sampled": "A", "correct": true}}
{"type": "result", "data": {"idx": 3, "options": ["the id", "the ego", "the superego", "the Oedipus complex"], "probs": [[0.615794213878322, 0.17077399189118933, 0.12220810989898831, 0.09122368423150037], [0.6303705933666701, 0.1542619856195122, 0.09740043067701579, 0.11796699023680182], [0.5306283712461063, 0.16418179501035068, 0.19084864426324175, 0.11434118938030131], [0.5627005141611999, 0.15479612464248005, 0.10482864903972791, 0.17767471205659213], [0.5974644760693234, 0.14277087894284887, 0.14534349031941987, 0.11442115456840776], [0.5698618037490593, 0.14723219807915908, 0.13016871524781445, 0.15273728282396717], [0.20077762909045274, 0.47782593696416703, 0.17171036262110728, 0.1496860712242729], [0.21224802322816086, 0.4668780445396687, 0.15519046884500565, 0.16568346328716482], [0.12935746433886944, 0.20167756366634831, 0.513516455031753, 0.15544851686302924], [0.17498222438837313, 0.1817933808506501, 0.21786767433683898, 0.4253567203241378], [0.16915149228886317, 0.19749737391147756, 0.4726768520295227, 0.16067428167013656], [0.1925698157611062, 0.19845593860799074, 0.2149230933685147, 0.39405115216238834], [0.13809771422859748, 0.6235092691897923, 0.12172423684201611, 0.1166687796395941], [0.15150602160369248, 0.6037426590315752, 0.106433734287109, 0.1383175849776233], [0.1481899089153892, 0.25381709277254255, 0.40383528484099745, 0.19415771337107077], [0.18832004910255004, 0.21478683714448066, 0.18979706716712558, 0.40709604648584374], [0.16570405660402743, 0.17353203890972504, 0.4487266540078617, 0.2120372503783858], [0.18307902315937408, 0.19460648626488555, 0.22977194308296225, 0.3925425473927781], [0.1557956370707793, 0.5185590595561967, 0.1644766655044688, 0.16116863776855508], [0.16184060032774963, 0.494397066567616, 0.1495641447519086, 0.19419818825272575], [0.16992338224117087, 0.23547938199375293, 0.3808549358422972, 0.213742299822779], [0.17692742013543963, 0.18365812573471094, 0.1852814433580345, 0.4541330106718149], [0.1776714000275175, 0.20750750290006306, 0.3892576040048917, 0.22556349296752776], [0.19631591757266037, 0.2071125234687328, 0.21910481336877285, 0.377466745489834]], "ideal": "A", "sampled": "A", "correct": true}}
{"type": "result", "data": {"idx": 4, "options": ["paraphilias guarantee survival of the species", "evolutionary selection has favored the development of males who respond to novel sexual stimuli", "of left brain/right brain differences between the genders", "male brains are better developed than are female brains"], "probs": [[0.11000873475192804, 0.7945785758469228, 0.05058717877916802, 0.04482551052198115], [0.0964595885471392, 0.8212800545234786, 0.04988758208881965, 0.03237277474056248], [0.05816163187073034, 0.07097435076168868, 0.8188713879683344, 0.0519926292992466], [0.08390288861674638, 0.0742421155664746, 0.09905928446151117, 0.7427957112552678], [0.07642972644177759, 0.10412483630593193, 0.7755982297182664, 0.04384720743402405], [0.10450245872577694, 0.09030970661006166, 0.09024635432514039, 0.714941480239021], [0.8816418379275203, 0.05063767546794362, 0.03296333673875226, 0.034757149765783896], [0.8978669970965463, 0.045925708976989686, 0.03182981813142832, 0.024377475695035667], [0.8857351109568002, 0.041522336030368034, 0.04119100870508451, 0.031551544207747154], [0.8881705865656829, 0.04006197884601466, 0.03911197389110077, 0.03265546059720166], [0.8964778417769084, 0.04303193949188459, 0.037102689067732, 0.023387529563475038], [0.8873512247138993, 0.044661071646155244, 0.03533623406685946, 0.032651469473086024], [0.04455833914846396, 0.08356878967916331, 0.8190193236472206, 0.05285354742515205], [0.060070630459706634, 0.076704239020561, 0.08288315493491259, 0.7803419754848198], [0.0632866371503031, 0.8656826855773198, 0.04396819515216943, 0.02706248202020766], [0.059522310354649006, 0.8673210480740281, 0.04072624695709641, 0.03243039451422653], [0.058701391163905305, 0.06932867933621845, 0.09691584673829079, 0.7750540826615855], [0.0429454372890019, 0.06378342979427895, 0.8464999825648104, 0.046771150251908776], [0.06262746172692372, 0.09089228848685572, 0.7977586627210728, 0.048721586965147765], [0.09147621554002014, 0.08689129222222552, 0.08414977662690734, 0.737482715510847], [0.10288858125200027, 0.8099233877056591, 0.05847238212781969, 0.028715648814521], [0.1128482391310619, 0.790398142127719, 0.05444014553284921, 0.04231347310836988], [0.0835067784808921, 0.08058106983100392, 0.10750143092901558, 0.7284107206590884], [0.0537937636774028, 0.05758322967850912, 0.8323121349083893, 0.056310871635698756]], "ideal": "B", "sampled": "B", "correct": true}}
{"type": "result", "data": {"idx": 5, "options": ["felt glad", "felt fear", "experienced guilt", "experienced regret"], "probs": [[0.27714369937138583, 0.16300704312216055, 0.2910059522251032, 0.2688433051813504], [0.22619516329277092, 0.1321891287489407, 0.45551754397121313, 0.18609816388707526], [0.3029100917193629, 0.3834796874100917, 0.09800054950032538, 0.21560967127022004], [0.2194029754002923, 0.30800805410666915, 0.34886602603481487, 0.12372294435822365], [0.2853360558861085, 0.460497005550618, 0.08470142139247687, 0.16946551707079663], [0.23867193285200747, 0.43353192055962764, 0.1902858529666879, 0.137510293521677], [0.28729677197444414, 0.190158709864674, 0.23474051055944983, 0.287804007501432], [0.24766053625939063, 0.16027178107494436, 0.3976008056839191, 0.19446687688174594], [0.2927070303371952, 0.3026779338813826, 0.16025513647764447, 0.24435989920377774], [0.23573795661172126, 0.2188892578528758, 0.37551928681907815, 0.16985349861632482], [0.2627599199932326, 0.4599821796555956, 0.1231295000917344, 0.15412840015943738], [0.23427408233105612, 0.41340963796386687, 0.17706602282344824, 0.17525025678162875], [0.48282660847643505, 0.15786658813963897, 0.10908038574410883, 0.2502264175398171], [0.415258866961762, 0.14579105810230567, 0.3065069110834135, 0.13244316375251883], [0.3953990071273748, 0.0917330465503173, 0.24947540645395969, 0.2633925397683482], [0.3760213535663982, 0.09017365351711396, 0.3683842396654042, 0.16542075315108368], [0.405339300194134, 0.39438223876717915, 0.09318351050402378, 0.10709495043466308], [0.41228687327824604, 0.37081410489735683, 0.07260234136780867, 0.14429668035658844], [0.6946120546090855, 0.12449096652142276, 0.06244945408876103, 0.11844752468073078], [0.6933979884080395, 0.1282191853362374, 0.07880218953891066, 0.09958063661681248], [0.6117127491539491, 0.07841006607217738, 0.18092352015262966, 0.1289536645212438], [0.6493287149717584, 0.07880568602740572, 0.13392468187981094, 0.13794091702102498], [0.6480585239468877, 0.160168451648305, 0.09108041090232669, 0.10069261340248063], [0.6565235828081257, 0.14536949936571816, 0.06090377620406952, 0.13720314152208657]], "ideal": "C", "sampled": "D", "correct": false}}
{"type": "result", "data": {"idx": 6, "options": ["an increased risk of low birth weight babies", "poorer growth and lower intelligence", "smaller head circumference", "all of the above"], "probs": [[0.2146841122391406, 0.13132850726625941, 0.09332857210501129, 0.5606588082895887], [0.32403710239837874, 0.22332431207357556, 0.37941878747559143, 0.07321979795245426], [0.2040493527682297, 0.09271888004641672, 0.11388513492363815, 0.5893466321617155], [0.39853597563221027, 0.15490916380092482, 0.3546041593335171, 0.09195070113334784], [0.34285846604598086, 0.47816500419189917, 0.07496561910181826, 0.10401091056030169], [0.32812025115309695, 0.4754789158511874, 0.07064386132510546, 0.1257569715706102], [0.2697546759741361, 0.08757652276194129, 0.09050442955107123, 0.5521643716128514], [0.4550104540506327, 0.11245501291644344, 0.3712514423487445, 0.06128309058417934], [0.24681567223823767, 0.08199859104235827, 0.08539834299580819, 0.5857873936235959], [0.4092501547057656, 0.11906045230552358, 0.3993186205480049, 0.07237077234070595], [0.40492281048648443, 0.42899218093731845, 0.07269242892605214, 0.09339257955014499], [0.38770300723763074, 0.41063902389829265, 0.0735436539806442, 0.1281143147834324], [0.18947602947751377, 0.0983246497586739, 0.12957541739818668, 0.5826239032656256], [0.37461428804153224, 0.17037674181424406, 0.3718091741030952, 0.08319979594112846], [0.18594889479468116, 0.20127304046281874, 0.07956313400339525, 0.5332149306391049], [0.21644222089146137, 0.4570742708859456, 0.2775495863413546, 0.04893392178123841], [0.2941473787910801, 0.4651675625835308, 0.08387164213127807, 0.15681341639411103], [0.2928380449689116, 0.4668795118103812, 0.09247706140568987, 0.14780538171501736], [0.49342185989187004, 0.2468054927162708, 0.09671081745716635, 0.16306182983469278], [0.5163294114872765, 0.2188262210480063, 0.07169500791082332, 0.19314935945389383], [0.4834813799324873, 0.28286190734774364, 0.08354805224248102, 0.150108660377288], [0.4593795630153785, 0.28147198488854047, 0.07455461883300268, 0.1845938331630783], [0.5060808801668654, 0.1710199262608997, 0.08679325101760081, 0.2361059424546341], [0.4785231720702627, 0.19075708373601638, 0.12732769737352753, 0.2033920467201934]], "ideal": "D", "sampled": "D", "correct": true}}
{"type": "result", "data": {"idx": 7, "options": ["a secure lover", "an avoidant lover", "an anxious-ambivalent lover", "a passionate lover"], "probs": [[0.08901898329882894, 0.7516037028975724, 0.10885736061288549, 0.05051995309071315], [0.07089915093918848, 0.683510252969075, 0.04604774058629912, 0.19954285540543742], [0.08696272158579069, 0.42547285900827064, 0.4305855670226308, 0.056978852283307846], [0.08717956102704125, 0.29465274556438964, 0.04316421822883328, 0.5750034750797358], [0.08930586244276482, 0.05023481305098797, 0.6288550472045848, 0.23160427720166238], [0.07775183542611414, 0.03687770166549348, 0.33410697432218833, 0.551263488486204], [0.3289311674920631, 0.13850412390504607, 0.44311167786063793, 0.0894530306422529], [0.3034446220673809, 0.15514707435562172, 0.10034476663042949, 0.4410635368465679], [0.39663119597608215, 0.41108165718533723, 0.11877108806566389, 0.07351605867291672], [0.3785671063981305, 0.4177134143163855, 0.08156459822688278, 0.12215488095860122], [0.3298951562203202, 0.09106366741254499, 0.22807598752199768, 0.35096518874513716], [0.27446847333343516, 0.08260234198333295, 0.5308803161185487, 0.11204886846468323], [0.24999605675513134, 0.09374328166225288, 0.5753580459829555, 0.0809026154996603], [0.19568802341468267, 0.08703213896837685, 0.05378072315743421, 0.6634991143595063], [0.19455973906476642, 0.6950162622023414, 0.057477125014937895, 0.05294687361795432], [0.1877094877144577, 0.6918553425782151, 0.050105960844045165, 0.07032920876328207], [0.2306608531692091, 0.060814033508023, 0.13647466744077405, 0.5720504457819938], [0.2075278718017765, 0.054772730042591415, 0.6436543203662429, 0.09404507768938908], [0.08778111152310869, 0.08207027112826375, 0.6430124235407958, 0.18713619370783177], [0.0672151756818279, 0.050134790127456766, 0.307456737492347, 0.5751932965983684], [0.07320947862567888, 0.6834131402202522, 0.058671425366441814, 0.18470595568762707], [0.08471496402370166, 0.7200472950215316, 0.13405273853391986, 0.06118500232084683], [0.07120389384505547, 0.4906943664850688, 0.05330315897374048, 0.38479858059613525], [0.06344846197637477, 0.5036424641826469, 0.3783503357633878, 0.054558737977590574]], "ideal": "C", "sampled": "B", "correct": false}}
{"type": "result", "data": {"idx": 8, "options": ["Bruce likely participated in more female-typical play than Chuck.", "Bruce likely participated in more male-typical play than Chuck.", "Bruce and Chuck likely participated in more male-typical play than female-typical play.", "Bruce's father was more likely to have homosexual tendencies than Chuck's father."], "probs": [[0.5897580052214297, 0.22384689256606202, 0.12155655568620435, 0.0648385464263039], [0.5913446433607801, 0.21631981713037635, 0.07273524849944932, 0.11960029090939427], [0.5259711781063058, 0.15340682976952075, 0.2671421487894403, 0.053479843234733114], [0.5481906491849695, 0.18549188831462324, 0.07631733210875358, 0.19000013029165366], [0.4639115423731821, 0.10289453254082634, 0.36808158298261606, 0.06511234200337547], [0.4953571858293857, 0.11898102645989397, 0.16982509671986007, 0.21583669089086027], [0.6753831261293369, 0.13611646705112118, 0.12091839197878394, 0.06758201474075788], [0.6468077608233104, 0.131768310126823, 0.06965158567693559, 0.15177234327293102], [0.6144941379875779, 0.13096557409907764, 0.19204833887033063, 0.062491948943013874], [0.6222034784857622, 0.13077466383422987, 0.06392677222934018, 0.18309508535066776], [0.6605693500403805, 0.10976421504817835, 0.12308434028931431, 0.10658209452212677], [0.625522847220909, 0.10393731962641818, 0.10682858446044911, 0.16371124859222363], [0.3958482402744312, 0.09726390153288601, 0.4502019794034565, 0.05668587868922628], [0.30278563722015706, 0.09507773886473199, 0.0711155613523801, 0.5310210624627308], [0.5953278693462234, 0.1328645696459042, 0.18168440595803717, 0.09012315494983522], [0.6652337412441818, 0.10462917351949182, 0.06269678750776218, 0.16744029762856422], [0.364034240865577, 0.11147237734085767, 0.11251256781455142, 0.4119808138790139], [0.5802789113731464, 0.08243778785098045, 0.2171483852814403, 0.12013491539443284], [0.24518343775106002, 0.47710916258744634, 0.16479940202968804, 0.1129079975318056], [0.24207969776117855, 0.43895150898622315, 0.1503685220815815, 0.1686002710710168], [0.2654937268086663, 0.45580153557854824, 0.1324823529156567, 0.14622238459712877], [0.24933627435043115, 0.4662746543423771, 0.12144804111297178, 0.16294103009421998], [0.22667179860422054, 0.289221751018555, 0.1520549745440405, 0.33205147573318394], [0.30027273741748395, 0.4047073781787073, 0.13969435004527683, 0.15532553425853196]], "ideal": "A", "sampled": "B", "correct": false}}
{"type": "result", "data": {"idx": 9, "options": ["inherently evil", "God's afterthought and has become an aberration", "a gift from God", "primarily a biological function"], "probs": [[0.07797162790257998, 0.026077415160077777, 0.8832967066573374, 0.012654250180004867], [0.10419646059717551, 0.031493712682759196, 0.04953542052511862, 0.8147744060949467], [0.05877839269110746, 0.903925098176716, 0.021618110080133767, 0.015678398952042774], [0.05349774031515323, 0.9179454008920312, 0.018346634751513297, 0.010210223941302173], [0.1115247193599082, 0.03908052673579989, 0.04360228453758716, 0.8057924692667048], [0.09847682236566335, 0.046757308359816147, 0.8290939524752006, 0.02567191669931992], [0.08194058097662368, 0.028720307075925648, 0.8660329272949688, 0.023306184552481866], [0.12023687355473947, 0.031098015652159142, 0.05626392709778426, 0.7924011835953171], [0.0730265674181772, 0.8880070413952905, 0.02425499437411843, 0.014711396712413793], [0.07160315895306155, 0.8990377479882796, 0.020522269155900795, 0.008836823802757996], [0.11590374918684823, 0.038159042308694095, 0.05175133755470863, 0.794185870849749], [0.09260314405469253, 0.03883573600583553, 0.8503008299733911, 0.01826028986608087], [0.9398231155296439, 0.02480545919865199, 0.017635538515341335, 0.01773588665636271], [0.9499961340314764, 0.023013275607334734, 0.015491444947793942, 0.011499145313394844], [0.93793429836014, 0.02515500808251065, 0.019486330218312694, 0.017424363239036653], [0.9484754146590443, 0.02280746715963498, 0.015712558251599715, 0.013004559829721037], [0.9500321240594238, 0.02248968250646562, 0.01561491480867678, 0.011863278525433795], [0.9436055141207572, 0.024527133331022428, 0.017435616465108522, 0.014431735983111801], [0.12289485631703448, 0.030315502346444836, 0.044440590916838114, 0.8023490503196825], [0.10784839432318365, 0.034951187456935075, 0.8263385530149903, 0.030861865104891046], [0.11731749682356878, 0.03228632540787831, 0.04733411114193891, 0.8030620665266139], [0.10492589546032, 0.030029055634189547, 0.8495586700877991, 0.015486378717691316], [0.0902055325952705, 0.841773127180408, 0.03878428298489984, 0.02923705713942169], [0.10591318649937326, 0.8194519449236831, 0.04213404062760027, 0.032500827849343314]], "ideal": "C", "sampled": "C", "correct": true}}
{"type": "result", "data": {"idx": 10, "options": ["birth", "about age 1", "between the ages of 3 and 6", "puberty"], "probs": [[0.11351703106221855, 0.2799990176874542, 0.5415200590545821, 0.06496389209574513], [0.14076964765526293, 0.1871287999432236, 0.12503580934102398, 0.5470657429604895], [0.18172143059415669, 0.6469693062744533, 0.1145204135191582, 0.05678884951223186], [0.18017309633817943, 0.617066493314392, 0.06774864989216174, 0.1350117603552668], [0.10714835166936319, 0.07219401907632564, 0.3817197467389396, 0.43893788241537157], [0.11952343225704175, 0.07367825287802589, 0.6163202935937547, 0.19047802117117765], [0.34886350583351544, 0.19203069601728673, 0.37731262587569225, 0.08179317217350557], [0.3004514753787161, 0.11176716456291975, 0.09432904983584833, 0.49345231012251584], [0.2703743697599867, 0.6175378240416831, 0.059275383910959385, 0.05281242218737078], [0.28243880829880197, 0.5839545595668153, 0.06852182592090099, 0.06508480611348173], [0.27015732144918486, 0.1019028329249629, 0.11309897743295769, 0.5148408680928945], [0.17117808757500713, 0.08235884457003026, 0.6832953690799248, 0.06316769867503776], [0.6564029112187738, 0.12193764109015386, 0.1487195414078767, 0.07293990618319567], [0.6731515074715133, 0.12695915144431308, 0.05330820768706977, 0.14658113329710382], [0.5531880772575668, 0.26724153356202, 0.10064408032120033, 0.07892630875921287], [0.5807098192938839, 0.2476560491646235, 0.06595220465262987, 0.1056819267888627], [0.6450229834490989, 0.11058793133443431, 0.08761331372865111, 0.15677577138781562], [0.5913823510733002, 0.11345140396941979, 0.18048549503453473, 0.11468074982274533], [0.0835378567172283, 0.1275321020039281, 0.2829423079838153, 0.5059877331950283], [0.10733831567515324, 0.14544455082419724, 0.5311812478476806, 0.21603588555296882], [0.10557076685673907, 0.26641582447547546, 0.22559391609581225, 0.4024194924719733], [0.07801699114441837, 0.2936111193415459, 0.5494170415988003, 0.07895484781523537], [0.08620630492844679, 0.778013732214417, 0.05290368748721877, 0.08287627526991734], [0.09859788269907889, 0.7500910646449798, 0.0881148861541418, 0.0631961664017995]], "ideal": "C", "sampled": "C", "correct": true}}
{"type": "result", "data": {"idx": 11, "options": ["intimacy", "commitment", "decision", "passion"], "probs": [[0.39126429540870433, 0.2826861780999467, 0.14657993831628943, 0.17946958807505947], [0.37933130918132857, 0.2342079509796553, 0.14658769526840562, 0.23987304447061047], [0.26333336216558345, 0.20088603498503538, 0.32690374521192045, 0.2088768575374607], [0.2532960157342576, 0.14601628372090994, 0.1135817087061243, 0.48710599173870817], [0.27152070602682543, 0.10905050566484671, 0.4607105885038304, 0.15871819970449746], [0.2311783925430985, 0.08735070731284733, 0.33292351661615427, 0.34854738342789987], [0.5384959022050226, 0.19129058859291023, 0.12054985105195536, 0.14966365805011173], [0.5231886349635075, 0.18281296839039365, 0.1266067884256956, 0.16739160812040324], [0.4341597556633711, 0.10510657726667287, 0.27084368464622494, 0.18988998232373103], [0.4041594383837196, 0.09939138145981508, 0.10646748065774242, 0.3899816993987229], [0.45969409088435903, 0.09966418965404122, 0.2631469388277459, 0.1774947805338538], [0.43903950869940417, 0.08878230650808323, 0.11565942544110934, 0.3565187592514033], [0.22690708932991702, 0.2620908617711237, 0.3617674708004627, 0.14923457799849665], [0.22808622710515453, 0.20682071814473088, 0.1264040154811714, 0.4386890391689432], [0.2610292913788615, 0.2945935892200805, 0.24053067381372756, 0.20384644548733044], [0.2583707493770809, 0.2340360809915848, 0.1087802616016487, 0.39881290792968566], [0.18729578051364684, 0.08406425385347881, 0.2693469621458297, 0.45929300338704465], [0.19640284601591185, 0.09596471385951644, 0.41150039209410894, 0.29613204793046277], [0.21676334090558655, 0.18305210221808185, 0.42683379565876683, 0.17335076111756476], [0.18590128973953451, 0.14766264400384338, 0.2827911460948663, 0.3836449200617558], [0.266670848899179, 0.20992408377926258, 0.2637557645808786, 0.25964930264067976], [0.2464828156212429, 0.18366636060328895, 0.12128919181073979, 0.44856163186472836], [0.16019286987701586, 0.1334116995166181, 0.23965678035350665, 0.46673865015285937], [0.16955543320668387, 0.15488856231609355, 0.34700225351271136, 0.3285537508645112]], "ideal": "B", "sampled": "B", "correct": true}}
{"type": "result", "data": {"idx": 12, "options": ["Orthodox Jews", "Fundamentalist Protestants", "Eastern Orthodox Christians", "all of the above"], "probs": [[0.1972442390801144, 0.33801439359255525, 0.0687597034421614, 0.39598166378516897], [0.2404656713682946, 0.44937819539713103, 0.23961767613770438, 0.07053845699686999], [0.17109072716583734, 0.12406424056434483, 0.3447232646812965, 0.3601217674885213], [0.20283163175201305, 0.11457094036815027, 0.2966530786164099, 0.3859443491634268], [0.2470224164622999, 0.4879636691326151, 0.15519234305271773, 0.10982157125236733], [0.19997096059490474, 0.33483653771781385, 0.08095336562728225, 0.3842391359599992], [0.44136776529232236, 0.09534439230477164, 0.08234643006217088, 0.3809414122407351], [0.6000493674862947, 0.09927593022671104, 0.2435906343873539, 0.05708406779964041], [0.43674331522050985, 0.10857500036912213, 0.0834551726767515, 0.3712265116336165], [0.5834014089156624, 0.10196150268554856, 0.25823701962647105, 0.056400068672317984], [0.5678137371027766, 0.3204375409629121, 0.048119081608040855, 0.06362964022627038], [0.5785773503681857, 0.30907267904679026, 0.05098543410583787, 0.061364536379186214], [0.19096136518061949, 0.08399928548090485, 0.37598276974932815, 0.34905657948914753], [0.21224586414133592, 0.07863651315825368, 0.2824236816879278, 0.4266939409124826], [0.20762411531309705, 0.40009690817530846, 0.06800147398631773, 0.32427750242527675], [0.2521566004594297, 0.4978527126918706, 0.19713578801185186, 0.052854898736847816], [0.22783988410101216, 0.3612537572080466, 0.06237881955366211, 0.3485275390372792], [0.2774063203814065, 0.47603858009979616, 0.15500379288861918, 0.09155130653017814], [0.53646331620467, 0.22868862575472867, 0.10930149919712157, 0.12554655874347972], [0.42050234579549756, 0.12811643801317976, 0.07856714373486211, 0.3728140723564605], [0.5697789575417174, 0.2523980344431266, 0.06397029518552072, 0.11385271272963532], [0.5640582659535478, 0.2537416347333761, 0.07294436799378429, 0.10925573121929179], [0.42562843727078264, 0.15759183252456238, 0.06000561735863363, 0.35677411274602133], [0.4932392908622208, 0.2556319870638321, 0.1311544348340373, 0.11997428713990976]], "ideal": "D", "sampled": "D", "correct": true}}
{"type": "result", "data": {"idx": 13, "options": ["legalism", "asceticism", "situationism", "hedonism"], "probs": [[0.1214567431794597, 0.8373400034465002, 0.024786751899526043, 0.016416501374514125], [0.11443960291478208, 0.8444695242122056, 0.025781843150163224, 0.015309029622849165], [0.12677949524022006, 0.08532119446153229, 0.7603193435767006, 0.02757996662154703], [0.13747054132233424, 0.07777279498733998, 0.0814169782107568, 0.7033396853795689], [0.13507847995439043, 0.06800911080836033, 0.7669022717506413, 0.030010137386607908], [0.14524839084438418, 0.07338416958379926, 0.09131334452307094, 0.6900540949487456], [0.9317666783172192, 0.02886466276880794, 0.020343810090506335, 0.019024848723466544], [0.9352163523444011, 0.029649450902618234, 0.02137472446480262, 0.013759472188178041], [0.9335219384814343, 0.030550687037808135, 0.01856729039731288, 0.017360083983444748], [0.9324902020413541, 0.03219155705313298, 0.021162667107532136, 0.014155573697980758], [0.9260777544596813, 0.035360251804042876, 0.020826644029024004, 0.017735349607251833], [0.9289968601167539, 0.03436940380691464, 0.0197870520347682, 0.016846683941563228], [0.1148000038546267, 0.11758712480091947, 0.7373001788950098, 0.030312692349444045], [0.12392117734563038, 0.09641796277677966, 0.07330857161959631, 0.7063522881579937], [0.12809648071780058, 0.8302057082379928, 0.023830932474710614, 0.01786687846949598], [0.12633892751333056, 0.8245899584296912, 0.028969738305781537, 0.02010137565119669], [0.13573934844399674, 0.06692744394834207, 0.13837020819436224, 0.6589629993132989], [0.1262568412503297, 0.06778188200619736, 0.7644382885326054, 0.041522988110867534], [0.1261434058551047, 0.10240951523911601, 0.7448438709942442, 0.026603207811535124], [0.13032157295784472, 0.08491303721743618, 0.08617421945005509, 0.698591170274664], [0.11993086012930383, 0.8414709339914757, 0.023575307162278063, 0.015022898616942455], [0.11771019810103413, 0.8391539641186517, 0.025216546470755254, 0.01791929120955888], [0.13213986157049573, 0.07592443376020312, 0.12209489195317977, 0.6698408126161214], [0.12420301554535736, 0.0892337143447551, 0.7526043309019372, 0.03395893910795031]], "ideal": "B", "sampled": "B", "correct": true}}
{"type": "result", "data": {"idx": 14, "options": ["are homologous", "produce gametes", "produce sex hormones", "all of the above"], "probs": [[0.2598222079692742, 0.16348692042294288, 0.09784994581034039, 0.4788409256974425], [0.41406523356511554, 0.28389058994817595, 0.23726516706996895, 0.06477900931673956], [0.24738153444168443, 0.1070554389391262, 0.14447554729215642, 0.5010874792270329], [0.37431862946581823, 0.18045042453391877, 0.32957389947456517, 0.11565704642569778], [0.4531766445884907, 0.23775564058761314, 0.1429145868226776, 0.16615312790121847], [0.4477377533464921, 0.21900476513103073, 0.09237417577773463, 0.24088330564474253], [0.3112694667157616, 0.12072964191316722, 0.0995762362913488, 0.46842465497972235], [0.5266040876937266, 0.16897670440037302, 0.23878410389324967, 0.06563510391265073], [0.2909230670844363, 0.11370820448839508, 0.1071198800754805, 0.48824884825168813], [0.3989382266124703, 0.17931332493926022, 0.3408878001626691, 0.0808606481856003], [0.49355139220298444, 0.2890111441097224, 0.07000047556354883, 0.1474369880237443], [0.5169896367348147, 0.3004989854579405, 0.062202653382399456, 0.12030872432484531], [0.24606070516935186, 0.10991382278237541, 0.1567234543002515, 0.4873020176480212], [0.3741419426466981, 0.19049914747059163, 0.30230394903688385, 0.13305496074582643], [0.26122836115197745, 0.14987261853657394, 0.09927610983424134, 0.48962291037720723], [0.350025937672389, 0.28074149549514743, 0.2919404040852492, 0.07729216264721436], [0.3962864426978927, 0.3276906135235345, 0.07271894337697848, 0.2033040003015943], [0.40596994451121404, 0.3715313048920191, 0.10112103743494852, 0.12137771306181835], [0.44747724770919667, 0.21092148041691075, 0.1525675987621865, 0.18903367301170604], [0.4370804959533558, 0.18615077156722534, 0.09909945577733963, 0.27766927660207924], [0.4346676468414514, 0.241224035596567, 0.1447838693712409, 0.17932444809074066], [0.4270380107107042, 0.22421981224991946, 0.1132664448411265, 0.23547573209824985], [0.4158942040996965, 0.17012487096687318, 0.15201043854608293, 0.26197048628734737], [0.41318932688936333, 0.173012454908924, 0.1672904540556001, 0.24650776404611258]], "ideal": "D", "sampled": "D", "correct": true}}
{"type": "result", "data": {"idx": 15, "options": ["the cortical activity of these two groups", "the overall brain weights of these two groups", "the cell structure in the hypothalamus of these two groups", "blood volume and metabolism of sugars in the brains of these two groups"], "probs": [[0.14900450582107666, 0.20036389680779884, 0.5874670207807456, 0.06316457649037888], [0.15292149097039234, 0.1705539597152703, 0.3042732936909523, 0.37225125552338506], [0.18122444230086995, 0.6396892308433383, 0.09680643292317428, 0.08227989383261745], [0.1805516209062021, 0.6374975463666898, 0.10186679901854064, 0.08008403360856747], [0.14476849353010907, 0.443802542102698, 0.12949523521402787, 0.28193372905316505], [0.16018401442767746, 0.5843765269613729, 0.18433110826104337, 0.07110835024990626], [0.16638103373742802, 0.08551199860778655, 0.6724530557981178, 0.0756539117566676], [0.13414424756425467, 0.07643308546697511, 0.3922404675705426, 0.3971821992982276], [0.11943074570244495, 0.7881636891850915, 0.05507302058010704, 0.03733254443235648], [0.12399011935477634, 0.7630405340874452, 0.06127219684889458, 0.05169714960888385], [0.18434259410276901, 0.4686544187900844, 0.12760367037542633, 0.21939931663172027], [0.1493937522023534, 0.473054707003018, 0.3051277100734759, 0.0724238306211527], [0.9125497988414285, 0.03159737770853106, 0.03063813041510983, 0.025214692934930553], [0.9129266056023273, 0.031153520444283395, 0.030670529079566265, 0.025249344773822985], [0.9029065915249396, 0.03799880646907452, 0.03105324861625786, 0.028041353289728017], [0.8887395725343268, 0.04013078868669938, 0.03542296027753713, 0.03570667840143667], [0.9107161417824187, 0.03307892846764627, 0.02897699257936179, 0.027227937070573246], [0.903721544939862, 0.034119748846745464, 0.030340166027051294, 0.0318185400863412], [0.24774223167498485, 0.08541550632320837, 0.1558452708999967, 0.5109969910018101], [0.33259048565677735, 0.10863426683591455, 0.49766341616237647, 0.06111183124493162], [0.28846170850651864, 0.08235450649135662, 0.15884950400381867, 0.47033428089830603], [0.23190334588266337, 0.06902724247300875, 0.6439170100433311, 0.055152401500996734], [0.23760455416469461, 0.64293387419711, 0.07188672893014197, 0.047574842608053364], [0.23124241714802127, 0.6506668120369419, 0.06881619654302253, 0.04927457417201431]], "ideal": "C", "sampled": "C", "correct": true}}
{"type": "result", "data": {"idx": 16, "options": ["sociobiology", "psychoanalytic theory", "script theory", "social learning theory"], "probs": [[0.07054128014862249, 0.06348652628496684, 0.3326456074324499, 0.5333265860339608], [0.06900578942222131, 0.0962338327142872, 0.7607652174893771, 0.07399516027411442], [0.06269487646882828, 0.36771331089027964, 0.060151993046109055, 0.509439819494783], [0.045150809490086215, 0.2650386720448786, 0.6474052143277116, 0.04240530403732361], [0.056207133054513976, 0.8387776831125021, 0.04210110863140828, 0.06291407510157558], [0.056204191078492005, 0.8521318840396943, 0.044851093477344055, 0.046812831304469664], [0.05724834128366732, 0.04042676730426934, 0.4088364136486146, 0.4934884776634487], [0.06185215480557874, 0.07731074551052321, 0.7913743557967735, 0.06946274378712451], [0.05768564851548291, 0.43829144227142947, 0.06077116850721029, 0.44325174060587735], [0.045889455991453006, 0.31760648008093534, 0.5944147131534611, 0.0420893506741506], [0.05806831140082841, 0.8600001738105473, 0.039605143522121, 0.04232637116650337], [0.05836024485555723, 0.8635957208023306, 0.0407598613133505, 0.03728417292876164], [0.1580631018969975, 0.06981191263306047, 0.08133623142202205, 0.6907887539479199], [0.08888567138819761, 0.04462150434008869, 0.824854126212357, 0.041638697959356666], [0.1757116700691543, 0.05295810731885512, 0.09396649606169036, 0.6773637264503002], [0.10190407033878658, 0.04340272331693777, 0.8022667049221601, 0.052426501322115515], [0.09904812799041134, 0.8296461515123116, 0.03740398129288873, 0.033901739104388366], [0.10218041465289125, 0.8229382098607192, 0.03708931085908045, 0.03779206452730915], [0.8831331169718153, 0.03810560834102991, 0.03764128818768142, 0.04111998639947334], [0.8905167809889122, 0.03447480730657165, 0.043403675859400845, 0.03160473574511529], [0.8847227496762011, 0.035833221446874716, 0.037959490299050755, 0.041484538477873374], [0.8821559190519085, 0.03521548575835528, 0.05060415912837159, 0.03202443596136461], [0.8848237108770767, 0.05054928507189608, 0.029872645887344607, 0.0347543580636826], [0.8877117335303316, 0.050671400661011015, 0.030640008760308604, 0.030976856948348726]], "ideal": "D", "sampled": "D", "correct": true}}
