{"type": "result", "data": {"idx": 0, "options": ["It demonstrates the difference between the internal and the external aspect of a rule.", "It refutes the natural lawyer' view of the role of morality in law.", "It explains the nature of power-conferring rules.", "It illuminates the concept of a rule."], "probs": [[0.31198095807321924, 0.1246006470108505, 0.1787830415370638, 0.38463535327886644], [0.253845334027655, 0.09840313344209832, 0.5701537727739477, 0.0775977596562989], [0.2939709424678563, 0.12987712024343623, 0.15920799969034752, 0.41694393749835995], [0.27126337307646425, 0.11443561080901128, 0.5288092133831808, 0.08549180263134364], [0.3108622087098901, 0.4843066560096028, 0.10059755144607052, 0.10423358373443657], [0.30530625351217383, 0.5062718949238437, 0.10426881085583356, 0.08415304060814885], [0.18698303399600355, 0.4379381238976277, 0.14870452879372328, 0.22637431321264548], [0.1789548138861548, 0.41268823469076826, 0.33799091733572123, 0.07036603398735572], [0.15672546390030934, 0.1703766856861105, 0.4626077940208867, 0.21029005629269348], [0.15861307792029977, 0.1865113609773282, 0.5268616911329235, 0.1280138698694486], [0.13172325392446507, 0.6757277795314994, 0.1314840455856264, 0.0610649208584091], [0.13378183348006192, 0.6494511398237052, 0.11695534377433152, 0.09981168282190134], [0.21962309389795143, 0.33948604731654536, 0.1370282707809747, 0.3038625879045285], [0.2038817031521725, 0.39308108411221754, 0.32163535347213085, 0.08140185916347911], [0.16894088683823133, 0.11504273115438166, 0.46485501523137707, 0.25116136667600997], [0.17243802288777776, 0.14493307253858892, 0.5379512825375585, 0.14467762193607484], [0.16375514497262747, 0.6190268854395368, 0.14915123247015796, 0.06806673701767782], [0.1667236064746852, 0.582020683678948, 0.1169950155048063, 0.13426069424156045], [0.4939591398481102, 0.2508380170848024, 0.1313994705113381, 0.12380337245574934], [0.502511132402137, 0.2533465268951659, 0.12858606586244664, 0.11555627474025044], [0.3416958868767517, 0.1193333727349693, 0.42974299927079, 0.10922774101748901], [0.391170484183184, 0.1488099031533546, 0.1841057307488813, 0.2759138818145801], [0.38328355993522983, 0.1667228340986095, 0.3580779455015757, 0.09191566036458503], [0.429512209096995, 0.18659861662009916, 0.1676892215991598, 0.216199952583746]], "ideal": "D", "sampled": "D", "correct": true}}
{"type": "result", "data": {"idx": 1, "options": ["It is misinterpreted as a prediction.", "His concept of status is misrepresented.", "It is taken literally.", "His idea is considered inapplicable to Western legal systems."], "probs": [[0.3491781677640347, 0.42517686202727434, 0.155426786492323, 0.07021818361636796], [0.3023256822078538, 0.43746535010141385, 0.17157372063588242, 0.08863524695484992], [0.3380229199937437, 0.27068677743564307, 0.3002607546465898, 0.09102954782402344], [0.31055386463186613, 0.2566732351222305, 0.18025282707857881, 0.25252007306732455], [0.2696514149459616, 0.2566796560081434, 0.38073700946291417, 0.09293191948298073], [0.310307757064615, 0.26447464830877176, 0.17855366264493402, 0.24666393188167915], [0.27226364204152265, 0.46878974926567457, 0.1794496151707488, 0.07949699342205392], [0.24743764653050815, 0.4565126997486568, 0.18314025213541604, 0.11290940148541898], [0.327643657776081, 0.38638507740232253, 0.20910247846684246, 0.076868786254754], [0.3630785860103036, 0.3251117959360092, 0.1503968626346909, 0.1614127553189963], [0.37413330747518864, 0.23189532063384555, 0.2589462620075005, 0.1350251097834653], [0.4224147263106696, 0.20825593481746843, 0.20993985546426436, 0.1593894833075976], [0.18412582574433614, 0.4603687524335163, 0.27157175538208356, 0.08393366634006397], [0.17801584995922157, 0.4343599780500699, 0.17700882953085936, 0.21061534235984916], [0.19454263728528798, 0.5271105922860474, 0.1968131719873183, 0.0815335983413463], [0.20834903354729153, 0.4980176911736936, 0.16162075386660713, 0.13201252131240773], [0.19415130630723326, 0.25507145357348526, 0.2567922992213383, 0.29398494079794313], [0.17109467047875793, 0.22100369144223214, 0.4596807843272452, 0.14822085365176477], [0.10663010923988249, 0.515111744352328, 0.28495582935344715, 0.0933023169543424], [0.11717660374731471, 0.5613947342849236, 0.15926891089071843, 0.16215975097704324], [0.12704274435688434, 0.6355916450458453, 0.15899305517851003, 0.07837255531876029], [0.13448580910645783, 0.6209883098640536, 0.139186008330807, 0.10533987259868156], [0.136316154475771, 0.3347971836827335, 0.3243326343072758, 0.20455402743421966], [0.12821852777454978, 0.27580993542863724, 0.44521887759230183, 0.1507526591045111]], "ideal": "A", "sampled": "B", "correct": false}}
{"type": "result", "data": {"idx": 2, "options": ["Depression of the 1930", "The rise of Fascism", "The international recognition of human rights after World War II", "The Bolshevik Revolution"], "probs": [[0.1473745024373307, 0.13952513661442806, 0.6364382193244039, 0.07666214152383735], [0.13316438892397225, 0.1111191047450183, 0.12098236200520007, 0.6347341442258094], [0.14004302910332472, 0.7249423723837745, 0.08028058470269638, 0.05473401371020443], [0.13345239658791716, 0.734506786389025, 0.07701396827489128, 0.05502684864816649], [0.1137291159000776, 0.07933722199191351, 0.12659011402681827, 0.6803435479811906], [0.10200674100740477, 0.08198949559624874, 0.7495217284944458, 0.0664820348019007], [0.15694672539283647, 0.10792597564361701, 0.6625110756868898, 0.07261622317665666], [0.13249793746113464, 0.09104883737733066, 0.1195267671191879, 0.6569264579423468], [0.23120141259514534, 0.6424190880028045, 0.08003490268643809, 0.046344596615612056], [0.2303867179155465, 0.639305748834203, 0.08599917357295102, 0.044308359577299505], [0.15288284770488414, 0.09723287840460373, 0.12095244071522501, 0.6289318330752871], [0.1877955375095496, 0.11838051851967096, 0.618339726540299, 0.07548421733048039], [0.8701217595049207, 0.050221434427538986, 0.042215662254655326, 0.03744114371288499], [0.8799519970142058, 0.04766142651592741, 0.03794054615973983, 0.03444603021012692], [0.8868675363200287, 0.0484612814804325, 0.03539840184391807, 0.029272780255620686], [0.8931099358503908, 0.045340259552576895, 0.03523541686255093, 0.026314387634481344], [0.8866369378084197, 0.04872024286599924, 0.034510187862564885, 0.03013263136301614], [0.8995656403728504, 0.04286636427684009, 0.03229761135366048, 0.025270383896649023], [0.11637001448205096, 0.09275677922326346, 0.13690712128578403, 0.6539660849089015], [0.11049342314857719, 0.09532321279701542, 0.7280150651812141, 0.06616829877319329], [0.13381207685834573, 0.09785216811039915, 0.12550356147319414, 0.642832193458061], [0.14557740821692522, 0.11782445887958537, 0.6660418162403093, 0.07055631656318004], [0.1349771995346842, 0.7340975616236343, 0.08122457139445709, 0.04970066734722448], [0.13764010676050892, 0.7367629572778955, 0.0833230484191388, 0.04227388744245672]], "ideal": "C", "sampled": "C", "correct": true}}
{"type": "result", "data": {"idx": 3, "options": ["There is no distinction between the two forms of legal reasoning.", "Judges are appointed to interpret the law, not to make it.", "It is misleading to pigeon-hole judges in this way.", "Judicial reasoning is always formal."], "probs": [[0.22263807719621145, 0.2432000113244047, 0.3455201490032904, 0.18864176237609342], [0.19811060727476917, 0.23219316849482968, 0.1960727095993082, 0.37362351453109294], [0.2587673702393593, 0.3904684839822068, 0.1644825512674261, 0.18628159441100775], [0.25466091197152174, 0.38394327112004073, 0.16811836265189203, 0.1932774541565455], [0.19935586452410245, 0.2228448622348128, 0.261708609384693, 0.3160906637563918], [0.1806374084388931, 0.19267881256329572, 0.45603785176259537, 0.17064592713521579], [0.17960232226837258, 0.336614871935936, 0.3306294630043465, 0.15315334269134495], [0.17338202892000157, 0.3251428007754386, 0.17552800474795777, 0.3259471654566021], [0.20038529036999533, 0.41975126291713655, 0.2181204589703184, 0.1617429876425497], [0.20260821865224338, 0.4379508001090372, 0.1855337983690725, 0.17390718276964695], [0.16280125079911142, 0.24305753407431943, 0.25765550133989606, 0.33648571368667307], [0.1322011649476411, 0.19885662196078144, 0.5412577390129518, 0.1276844739786256], [0.42983722682469205, 0.22879508135414992, 0.16547280548348323, 0.1758948862376748], [0.42497897143882535, 0.23516312239202627, 0.16615581510789615, 0.17370209096125222], [0.3816550601133555, 0.18647306777001726, 0.25468237723440473, 0.1771894947822225], [0.3799390011627715, 0.20865773284308892, 0.2379579316723191, 0.17344533422182049], [0.35882797833669106, 0.25105512139670844, 0.22638192770601476, 0.16373497246058574], [0.4050770937234831, 0.2580178341306841, 0.18380950115556977, 0.15309557089026304], [0.18596601761457354, 0.32238093495693015, 0.223738628957229, 0.2679144183712672], [0.16602791591026464, 0.26816030351820475, 0.41515043486604314, 0.15066134560548747], [0.1676875600740246, 0.21754574125183512, 0.2917087884936452, 0.3230579100804951], [0.13764468244263003, 0.20226619248352945, 0.5207269942456402, 0.13936213072820033], [0.20472049441200676, 0.4462144342342502, 0.19036563873566736, 0.15869943251807564], [0.21839337887983962, 0.4800055479521698, 0.16327224183618747, 0.13832883123180312]], "ideal": "C", "sampled": "C", "correct": true}}
{"type": "result", "data": {"idx": 4, "options": ["The POP will choose wealth over a compassionate society.", "The POP will choose equality over power.", "The POP will be unselfish.", "The POP will choose to protect the disabled."], "probs": [[0.24267828780059297, 0.4208060518086892, 0.16336564445096097, 0.17315001583975687], [0.23102139047330736, 0.3558786298945132, 0.14713766292425878, 0.2659623166079207], [0.2322999858847408, 0.2656746406345113, 0.3295371181588487, 0.17248825522189926], [0.20050550696475689, 0.191354569902439, 0.16252642626140829, 0.44561349677139583], [0.2148528481848903, 0.19895348848041697, 0.3827464764109027, 0.20344718682379], [0.21478465837430838, 0.17133476348995744, 0.20884226882879467, 0.4050383092069395], [0.41293592583805794, 0.14803312771377652, 0.25516187823445774, 0.1838690681137078], [0.37692809662816784, 0.13624586366611025, 0.19600114516445702, 0.2908248944412649], [0.47140315340792915, 0.21530473436916137, 0.13513765422318116, 0.17815445789972834], [0.4793835949326531, 0.19964003858417684, 0.15967282889189247, 0.16130353749127757], [0.4161773559604544, 0.17866185039489224, 0.17400154210374882, 0.23115925144090452], [0.4488113753225908, 0.1648919706642845, 0.24880775436047503, 0.13748889955264967], [0.21981807885898155, 0.17799137000475496, 0.43279214399324795, 0.16939840704301554], [0.20782686148511728, 0.16959434240569451, 0.1923916133333095, 0.4301871826758787], [0.2455320391954848, 0.4714221411041475, 0.13797083033514387, 0.1450749892652238], [0.2705085938090383, 0.43393558118504494, 0.15213035595643928, 0.1434254689494775], [0.2202521133052328, 0.17699930505178804, 0.2244042173158702, 0.37834436422710893], [0.22487863896028495, 0.19546888766718254, 0.45062208171152957, 0.1290303915610029], [0.2284454290108734, 0.16971041513340931, 0.41287580743588576, 0.18896834831983153], [0.24709151314571923, 0.18791076259058997, 0.2273068095917666, 0.3376909145719242], [0.2511481679895929, 0.4081907928802292, 0.1455449334467679, 0.19511610558341003], [0.2842702524933523, 0.40196045630189825, 0.18697131889721658, 0.12679797220753283], [0.26142856476076815, 0.22369103131441526, 0.19174285231103355, 0.32313755151378304], [0.25327501264531643, 0.2236308803252214, 0.4108093174317044, 0.11228478949775776]], "ideal": "A", "sampled": "B", "correct": false}}
{"type": "result", "data": {"idx": 5, "options": ["Law and Economics", "Critical Legal Studies", "Historical", "Natural Law"], "probs": [[0.8725804035550683, 0.04681697883607332, 0.0385307938916602, 0.04207182361719821], [0.8776900105962889, 0.048201638841267005, 0.04090042753927869, 0.03320792292316532], [0.8463598548962293, 0.07028477193144032, 0.03374596471120692, 0.049609408361123375], [0.8508190169323725, 0.07070707739799689, 0.032661569343566156, 0.045812336226064426], [0.8797200124638719, 0.05648073427229915, 0.033469851308623115, 0.030329401855205895], [0.8594527435811077, 0.05967746807807257, 0.037385967460692796, 0.04348382078012699], [0.07424769494500584, 0.8478023345829446, 0.04628346825462077, 0.03166650211742876], [0.07986193357739507, 0.8372027495426899, 0.05018635969593129, 0.032748957083983725], [0.05164466547680282, 0.09985067210816188, 0.8106395804879256, 0.03786508182710969], [0.05309009475606045, 0.06935471683166558, 0.06775737931781203, 0.809797808994462], [0.04904018115626662, 0.0762236140956834, 0.8462672484942569, 0.02846895615379304], [0.0592407036107828, 0.06675755678533506, 0.08180478593761711, 0.7921969535662651], [0.07691077916013436, 0.8187329005811356, 0.04863791831860851, 0.05571840184012158], [0.06706382733293252, 0.83485608300301, 0.04380895085546086, 0.054271138708596636], [0.061292787358664065, 0.0629435006750072, 0.8358169450744142, 0.0399467667919146], [0.0559148275428461, 0.05643633097441617, 0.07359631216951937, 0.8140525292132184], [0.051083776523833724, 0.061352509313432696, 0.8409436846323126, 0.046620029430420935], [0.05457744922625411, 0.054665857806386636, 0.07131730765551693, 0.8194393852118423], [0.06790293752468096, 0.8455911277879079, 0.04756119474293027, 0.038944739844480845], [0.059644218306074734, 0.8545802798959604, 0.043155897243639996, 0.042619604454324896], [0.05469643003811364, 0.05664857131402167, 0.8592934711313079, 0.0293615274165567], [0.05798754586579121, 0.0509036947877199, 0.07885197442463068, 0.8122567848218583], [0.053633291597643254, 0.09370407612813769, 0.8037276950294311, 0.048934937144787916], [0.05618258498108974, 0.06525673206097224, 0.07399388568156265, 0.8045667971763754]], "ideal": "A", "sampled": "A", "correct": true}}
{"type": "result", "data": {"idx": 6, "options": ["All commands include some sanction.", "The concept of a command contains the likelihood that a sanction will follow failure to obey the command.", "Without a sanction the mere expression of a wish is not a command.", "A command confers power to change one's legal status."], "probs": [[0.26943545326419904, 0.29317464111013136, 0.2807518118003081, 0.1566380937253615], [0.27760603607492124, 0.2996183290834869, 0.18760251717475807, 0.23517311756683382], [0.29229174299346644, 0.23275216024263778, 0.2953057112812309, 0.17965038538266487], [0.29772968746442957, 0.22392848620879327, 0.19041543345862394, 0.28792639276815324], [0.2456317169906948, 0.18928090300100392, 0.32359708316657754, 0.2414902967417237], [0.25231059255264693, 0.19169743990333707, 0.32262332782097053, 0.2333686396230455], [0.269824023967463, 0.351523006649583, 0.21683548065586927, 0.16181748862708467], [0.2574182565588842, 0.32788096340660033, 0.19296630587583694, 0.22173447405867855], [0.23156839151905695, 0.22418440388215685, 0.3866431587537342, 0.15760404574505202], [0.2592669907280671, 0.22282308831863692, 0.16323899491410757, 0.35467092593918836], [0.23546464738875364, 0.19801744816707265, 0.35212564464862534, 0.21439225969554837], [0.2401685821845234, 0.1942622301203462, 0.2774295334581554, 0.28813965413697495], [0.26469646084775084, 0.36464278536262035, 0.22484875728245582, 0.145811996407173], [0.2764071102279981, 0.3630007938826317, 0.14423679659249863, 0.2163552991968716], [0.25986060110323883, 0.25180533150590706, 0.3195075940839682, 0.16882647320688593], [0.27176524420785825, 0.2529430800248946, 0.1522630372012748, 0.32302863846597235], [0.23630504226139712, 0.16599720214120775, 0.35604741307795434, 0.24165034241944078], [0.25609528634229434, 0.17579973970384133, 0.2842132406514799, 0.2838917332023844], [0.21362643578379226, 0.2915000406063178, 0.2992779105387241, 0.19559561297116587], [0.2219250152153631, 0.3007475569877682, 0.27240363978419974, 0.20492378791266894], [0.21866753369368633, 0.2851183669711387, 0.30198579573612827, 0.19422830349904674], [0.21906746595296855, 0.26816364720518493, 0.26057353224870244, 0.252195354493144], [0.2166017507277416, 0.2569460647131174, 0.3184253071950927, 0.2080268772640483], [0.23254951381814373, 0.2675897896434904, 0.2579826529654364, 0.24187804347292952]], "ideal": "D", "sampled": "A", "correct": false}}
{"type": "result", "data": {"idx": 7, "options": ["By denying its existence.", "By explaining the difference between the common law and civil law.", "By distinguishing certain features of the English legal system that facilitated the development of capitalism.", "By recognizing the importance of legitimate domination."], "probs": [[0.07758711277662697, 0.19228447971805335, 0.6149330138545224, 0.11519539355079736], [0.048151474979377794, 0.11662797759008864, 0.0981507535719035, 0.73706979375863], [0.12528948671294277, 0.6805545192358999, 0.09477208695018415, 0.09938390700097312], [0.12217007638577139, 0.7238542032344495, 0.10239461981256331, 0.05158110046721575], [0.04636238307657418, 0.13853334759876543, 0.07181274569153541, 0.743291523533125], [0.06280572524617713, 0.38273944306302954, 0.5012780278038967, 0.0531768037868966], [0.10080237460315175, 0.1264958651275531, 0.6730485407398706, 0.09965321942942454], [0.0637350445365494, 0.08397459857854035, 0.12110338178402047, 0.7311869750008898], [0.11714492777535362, 0.7269316802369684, 0.07947826172588479, 0.07644513016179309], [0.1234805681336231, 0.7427330750738375, 0.08919540212892998, 0.04459095456360949], [0.061171063196071254, 0.1745257552467962, 0.08045449226967352, 0.683848689187459], [0.09400889687154466, 0.2812484252216232, 0.5890877374413689, 0.035654940365463225], [0.7021065876755295, 0.11408594354486615, 0.0884144968014828, 0.09539297187812161], [0.7483428576521484, 0.10009874961085337, 0.09578769474659206, 0.0557706978904062], [0.6880805728897507, 0.12675245934003251, 0.09158758340520895, 0.09357938426500789], [0.7054360017285034, 0.11487382820401972, 0.109934815901474, 0.06975535406600288], [0.7117423706131443, 0.16079447330692007, 0.07096043519176527, 0.05650272078817038], [0.6862464802117777, 0.16270727523678954, 0.07760053416312586, 0.07344571028830692], [0.08491473391057072, 0.06940740884422357, 0.08230933300895937, 0.7633685241362463], [0.16802437351417593, 0.12196615900420159, 0.6439627908425875, 0.06604667653903502], [0.08153624345820912, 0.10006686447651691, 0.07911724869906989, 0.7392796432662041], [0.10538059471983914, 0.11141651122647965, 0.7492634653295841, 0.03393942862409705], [0.19827810149457983, 0.6689820363707403, 0.07789784011096682, 0.054842021923713055], [0.20216153936602535, 0.6610108736429754, 0.08587918589670444, 0.05094840099429477]], "ideal": "C", "sampled": "C", "correct": true}}
{"type": "result", "data": {"idx": 8, "options": ["It is a sin for humans not to apply reason.", "The principles of natural law are discoverable by reason.", "Natural law does not apply without good reason.", "The law of nature is the basis of all positive law."], "probs": [[0.062207244660544836, 0.8421744060346676, 0.06559254656027566, 0.03002580264451186], [0.05988553009626921, 0.8559835329098167, 0.06310480667863934, 0.021026130215274812], [0.05330102045857947, 0.10703973271670941, 0.8084159342058732, 0.031243312518837885], [0.039616425950354854, 0.06411629532433363, 0.08734068498091588, 0.8089265936443957], [0.034290519885661896, 0.08240840145152763, 0.8657715046199957, 0.017529573942814704], [0.04364556916319509, 0.07009204633038774, 0.09935952199060459, 0.7869028624158125], [0.8175622363188124, 0.06251047201702341, 0.06221815595424736, 0.05770913560991678], [0.8495468717963369, 0.055591864092837145, 0.05843671190548068, 0.036424552105345204], [0.8390760012415507, 0.05281032739372681, 0.0529336941099958, 0.055179977154726674], [0.8778198776708054, 0.044401361624153785, 0.04848217491822915, 0.029296585686811635], [0.8611132098122087, 0.061890640741893946, 0.04613185404074483, 0.03086429530515248], [0.869133997465299, 0.05727925076330097, 0.04437614546527072, 0.02921060620612935], [0.04526277656361145, 0.05388699501523366, 0.8757007766144136, 0.025149451706741294], [0.040086514049141944, 0.04189851009729212, 0.09330236632777938, 0.8247126094257865], [0.0794271221207998, 0.8058553401648457, 0.0720444380605359, 0.0426730995538186], [0.07171118562981656, 0.8372598967058088, 0.06609637628359917, 0.024932541280775485], [0.04162051015790705, 0.05890853659080988, 0.07600228167323043, 0.8234686714780526], [0.04276594710366195, 0.07401937576474833, 0.8601867344198761, 0.023027942611713557], [0.03985685549037885, 0.05502728464508672, 0.887547984608043, 0.017567875156491452], [0.05044300274466314, 0.04798051517801868, 0.0996423322754338, 0.8019341497018844], [0.08489321074646707, 0.821623089988597, 0.06845482960897102, 0.025028869555964926], [0.08239996993313832, 0.8294244818433688, 0.06536920966964216, 0.02280633845385077], [0.045575545422007924, 0.0569303534812639, 0.0769265314058242, 0.8205675695909039], [0.05462532107241825, 0.08537631465129569, 0.8348528130358576, 0.025145551140428442]], "ideal": "B", "sampled": "B", "correct": true}}
{"type": "result", "data": {"idx": 9, "options": ["Women can achieve equality through political pressure.", "Equality is impossible because men define women as different.", "The idea of 'woman' needs to be redefined.", "The world is phallocentric and oppressive."], "probs": [[0.3487042136334728, 0.27230259367629905, 0.18459053060666775, 0.19440266198356038], [0.3303596079019158, 0.2834241091921623, 0.17079131303509829, 0.21542496977082354], [0.3063857418117919, 0.23019063931529668, 0.26349805605020415, 0.1999255627227073], [0.27802083802267974, 0.21356245772174773, 0.22087056777126973, 0.2875461363843028], [0.3167232917934328, 0.2396173661650616, 0.22730188408160934, 0.21635745785989624], [0.3051574825935382, 0.21347589788686316, 0.17305411396680256, 0.3083125054527961], [0.366149414557874, 0.2386560368699779, 0.18473250611566408, 0.21046204235648405], [0.35927415961231696, 0.23234146033411776, 0.17434815090188788, 0.2340362290516774], [0.3637881061793303, 0.23358674442895425, 0.21655500132332323, 0.18607014796839225], [0.3543821976540413, 0.21519734604582977, 0.1995064526449746, 0.23091400355515435], [0.357655392148584, 0.2121705060465286, 0.22299289207879, 0.20718120962609737], [0.3679390470577328, 0.20338862854524845, 0.18137073105969675, 0.24730159323732198], [0.2909589918871138, 0.21674496777438393, 0.29026751842375115, 0.20202852181475112], [0.2728012041295237, 0.1967727871475865, 0.22530383016575412, 0.30512217845713563], [0.32586593403734293, 0.29987151321367356, 0.20490357888388744, 0.16935897376509604], [0.309783770550376, 0.3056686954938587, 0.18426022755420407, 0.2002873063015612], [0.28157136260988963, 0.21282485442454532, 0.21674503706828482, 0.28885874579728016], [0.3096818579471097, 0.24345725409550864, 0.2403144651364209, 0.2065464227209608], [0.29356123681882373, 0.23636398150506382, 0.24453469015292653, 0.22554009142318593], [0.27830362317163254, 0.22753928599466397, 0.1705594807692676, 0.3235976099644359], [0.3101223064630702, 0.2554650566402159, 0.23868685602711653, 0.19572578076959737], [0.3365150241285058, 0.24841796238838149, 0.18355836641927153, 0.23150864696384119], [0.26854174126047825, 0.18921317802504714, 0.23240253778148828, 0.3098425428329863], [0.3139427099492935, 0.20623264329256538, 0.2515459433407156, 0.22827870331742547]], "ideal": "A", "sampled": "B", "correct": false}}
{"type": "result", "data": {"idx": 10, "options": ["John Rawls", "Stammler", "Jerome Hall", "John Finns"], "probs": [[0.14105018637820263, 0.6913837760384526, 0.08846937099081029, 0.07909666649253454], [0.1292660303646865, 0.679497217739824, 0.07731536433227242, 0.11392138746321712], [0.19094912421359775, 0.22871067776910173, 0.46095179819993387, 0.11938839971736667], [0.2703878919567667, 0.35594657590326456, 0.11820484872775658, 0.25546068331221217], [0.1479647915510747, 0.10255869553373885, 0.5895419164123328, 0.15993459640285365], [0.24756493793090703, 0.13156391482879481, 0.3534320539861337, 0.2674390931541645], [0.6147684408499321, 0.16148239252232185, 0.14073569966387284, 0.08301346686387319], [0.6306979828719278, 0.15070416511326876, 0.07839192668661848, 0.14020592522818492], [0.6011141999705835, 0.2158124994461679, 0.10064450425442799, 0.08242879622882061], [0.585998309777154, 0.2119546728806139, 0.0851966534141188, 0.11685036382811333], [0.5729614495658117, 0.16137555239971021, 0.1045155525103004, 0.1611474454241776], [0.522898153100717, 0.172248845448222, 0.16766872009951225, 0.13718428125154875], [0.2790705540566431, 0.1515739995717377, 0.4522478248304293, 0.11710762144118984], [0.46369680974037863, 0.2053501483383972, 0.10926843527246968, 0.22168460654875446], [0.2157729272182852, 0.6066158602559224, 0.09447626135085231, 0.08313495107494012], [0.19762402329203088, 0.6007141932084766, 0.09427454110913758, 0.10738724229035486], [0.4191344851094226, 0.1368506062832534, 0.1863390598605779, 0.25767584864674614], [0.29528004368094285, 0.11917089102225227, 0.42884934583263673, 0.15669971936416813], [0.17789753574876124, 0.18785601202111477, 0.4463904401090092, 0.18785601202111477], [0.23527512039721926, 0.24664966779568925, 0.2737509146803503, 0.2443242970267412], [0.14442182016185584, 0.5951115665767999, 0.10330096194011991, 0.1571656512212244], [0.14372519728036914, 0.569756967499275, 0.14064341339876094, 0.14587442172159495], [0.22409428165523668, 0.33375041185336524, 0.17454379085391802, 0.2676115155374801], [0.19200266550067296, 0.28149210101484273, 0.3572868917398133, 0.16921834164467098]], "ideal": "B", "sampled": "B", "correct": true}}
{"type": "result", "data": {"idx": 11, "options": ["Historical", "Analytical", "Command", "Sociological"], "probs": [[0.10779787518646781, 0.07702773006214515, 0.12230896857417693, 0.6928654260772101], [0.11553519390165583, 0.09506631783289221, 0.714116226275621, 0.07528226188983099], [0.1038920627680269, 0.10548678511012265, 0.08030732334230894, 0.7103138286795415], [0.10820226370206276, 0.11890977619889394, 0.7187907099005025, 0.05409725009854077], [0.15502383956944785, 0.7148986894317622, 0.061349144690701005, 0.06872832620808904], [0.13346353916251763, 0.7488007126297386, 0.06790113814048551, 0.04983460996725825], [0.1126385587103322, 0.08175415240326488, 0.1415703243780751, 0.6640369644083278], [0.11714011865949903, 0.10753348869252319, 0.7019188664866487, 0.07340752606132903], [0.09588869057961096, 0.11212100254548447, 0.09903700796324584, 0.6929532988116587], [0.11063103122994754, 0.12337601817387601, 0.7172177638757238, 0.048775186620452625], [0.15309029937432456, 0.7003042667131831, 0.06545212279033692, 0.08115331102215534], [0.13063643920097387, 0.7380265024237903, 0.07698562024131064, 0.05435143803392519], [0.12325829174434665, 0.11397171679510609, 0.08610558444811944, 0.6766644069124278], [0.12411753277204131, 0.12320508255895879, 0.693958787820735, 0.05871859674826497], [0.11449967261001909, 0.10108304625233752, 0.08253052576733008, 0.7018867552703133], [0.12237642232691316, 0.10882659498616412, 0.705272332626216, 0.06352464996070666], [0.1226310132067081, 0.7564354800333222, 0.05637383139934499, 0.06455967526062469], [0.12252937468099738, 0.7551268742836164, 0.060837459917806196, 0.061506291017580046], [0.6900123850309404, 0.12253233606584911, 0.1011923089344591, 0.0862629698687513], [0.6994614235638232, 0.11578808119840436, 0.11924830946073912, 0.06550218567703325], [0.6687114188247419, 0.13246519763586584, 0.10034486575654393, 0.09847851768284832], [0.6818482380698984, 0.1268340516981912, 0.12650990673394372, 0.06480780339796671], [0.6463223646953914, 0.1848910884009849, 0.09115540167407044, 0.07763114512955328], [0.6508462379903961, 0.18607850232291218, 0.09466388750125136, 0.06841137208544035]], "ideal": "D", "sampled": "D", "correct": true}}
{"type": "result", "data": {"idx": 12, "options": ["Conflict.", "Love.", "War.", "Reciprocity."], "probs": [[0.09311345478114537, 0.07971584380357835, 0.13915015029967803, 0.6880205510155982], [0.15750742309099613, 0.1382871598974274, 0.6352903388242743, 0.06891507808730209], [0.08719249294169082, 0.08326119432444075, 0.1282730323977328, 0.7012732802361357], [0.06577459418094557, 0.08085334842350289, 0.8376415336693165, 0.015730523626234987], [0.15532450535364054, 0.7575283854053327, 0.05747565119159672, 0.02967145794942999], [0.1484849764675892, 0.7715144228491033, 0.05717165448291021, 0.022828946100397242], [0.08204992664864721, 0.1194065367658152, 0.13786629765440725, 0.6606772388311304], [0.07305525419450584, 0.1400066945935981, 0.7586721960865104, 0.0282658550253857], [0.09504392351168364, 0.1461211348224019, 0.17690571309740974, 0.5819292284685047], [0.06569794649031713, 0.1076176058181964, 0.8042138601267257, 0.022470587464760796], [0.11388570880432264, 0.7889337068642784, 0.06946352454542726, 0.027717059685971667], [0.12194106999178636, 0.7818314607068957, 0.06513400520777554, 0.03109346399354236], [0.09106874329328693, 0.12549984266844305, 0.11637665156785187, 0.6670547623704182], [0.07270089454928698, 0.13296124189178318, 0.7785193832350658, 0.015818480223864076], [0.09423581580051038, 0.09657736193598153, 0.1499302398258292, 0.6592565823376789], [0.07732679809343616, 0.0942169516322713, 0.8038016676665461, 0.024654582507746346], [0.0806312119176246, 0.8723831232758336, 0.03358702383144087, 0.01339864087510092], [0.08846660109321186, 0.8577379604343026, 0.037407369634744524, 0.016388068737740995], [0.8308091843705632, 0.07276953607416302, 0.05913267768670461, 0.037288601768569206], [0.8359756473229161, 0.06993664305406226, 0.05682200163176904, 0.03726570789125266], [0.8192693956540549, 0.06637510953366596, 0.07036951498145316, 0.043985979730825936], [0.8245219587455203, 0.0637168586190403, 0.06500239669626617, 0.046758785839173304], [0.8362767010162173, 0.06828335112308453, 0.057313035195971807, 0.0381269125647264], [0.8306250509487576, 0.06776307472085524, 0.06346819501876794, 0.038143679211619236]], "ideal": "D", "sampled": "D", "correct": true}}
{"type": "result", "data": {"idx": 13, "options": ["That there is no distinction between law and morality.", "That there is a distinction between right and wrong.", "That facts about the world or human nature cannot normally ordain what ought to be", "That human rights are fundamentally unsound."], "probs": [[0.23068404882878069, 0.20516071332908595, 0.5002265125080356, 0.06392872523409772], [0.15702988119610364, 0.10548198420083564, 0.09604244046822358, 0.6414456940348371], [0.18699251670733313, 0.621700066912591, 0.12210839604433382, 0.06919902023574194], [0.20556249335028948, 0.522575334335025, 0.08508596076966701, 0.1867762114450185], [0.12444388398275819, 0.0585568113243915, 0.36084655730200166, 0.45615274729084865], [0.1229061750186888, 0.05373793327209335, 0.6444913576217743, 0.17886453398744354], [0.2515966222866073, 0.1584276698455636, 0.5369682195515303, 0.05300748821629885], [0.17577111195442371, 0.11602698664616619, 0.0954411969852017, 0.6127607043142084], [0.1420491923097093, 0.7437596264947787, 0.06078868313428331, 0.05340249796122868], [0.13662795415731033, 0.73730318083014, 0.05487862851193209, 0.0711902364006176], [0.16636220114839023, 0.07277378656058306, 0.16940919067981086, 0.5914548215112159], [0.09696075283153532, 0.05572571211598222, 0.7881235450160519, 0.05918998993643053], [0.8349456159123834, 0.05610131823417814, 0.060318801321320344, 0.04863426443211816], [0.7797323595857302, 0.06459407867774668, 0.048475210454670285, 0.10719835118185281], [0.8374965186787862, 0.06124661550686366, 0.04560333440169394, 0.05565353131265624], [0.8380849363427201, 0.05756407568133376, 0.03873201557640731, 0.06561897229953885], [0.6791661431644151, 0.06480041193910446, 0.11780517634916322, 0.13822826844731717], [0.784085333268912, 0.052252791816731356, 0.09346292912025424, 0.07019894569410239], [0.10041139127271943, 0.21201841304675967, 0.2666985253245282, 0.4208716702559927], [0.09970692843511839, 0.2548488860390049, 0.4324153467990766, 0.21302883862680005], [0.11385855756208507, 0.2810497153149958, 0.1467168418449576, 0.45837488517796154], [0.06418292853121338, 0.45065662177005555, 0.43818399389689344, 0.046976455701837616], [0.08681239608505996, 0.620381034089388, 0.13692500675869873, 0.1558815629668532], [0.0993671968291335, 0.6672527988259157, 0.137217510841998, 0.09616249340295271]], "ideal": "C", "sampled": "C", "correct": true}}
{"type": "result", "data": {"idx": 14, "options": ["Individual stories are suspect.", "The law is static.", "Universal values are meaningless.", "Literature reproduces repression."], "probs": [[0.13520002162296574, 0.1928814173612621, 0.598400822245827, 0.07351773866994518], [0.09945046155650317, 0.1189180165410333, 0.10363905875838533, 0.6779924630440782], [0.2686441162364025, 0.5546862317160531, 0.10045542267583325, 0.07621422927171105], [0.2574257235163388, 0.5401559431299136, 0.10566720286693093, 0.0967511303868167], [0.07800363119662043, 0.12175025971134316, 0.11738941992225696, 0.6828566890697795], [0.13011901273199616, 0.17570650837611201, 0.6256317588900508, 0.06854271990184095], [0.10875915669611612, 0.30376852272627997, 0.5188608974548206, 0.06861142302278342], [0.09291227559888046, 0.19977188854261685, 0.116893823548868, 0.5904220122096346], [0.14185418715601414, 0.6357006666807168, 0.1523032095988979, 0.07014193646437118], [0.1342539330120693, 0.5129292568578298, 0.12095119712818729, 0.23186561290191365], [0.0800167298231953, 0.14169811778743333, 0.29289638120296063, 0.4853887710864107], [0.09772114454722709, 0.14916667340694306, 0.6076202391970504, 0.14549194274877936], [0.5614804028903241, 0.25874161717688465, 0.10122551768005918, 0.07855246215273207], [0.5344553629106434, 0.2541984040348724, 0.10827940782030006, 0.10306682513418411], [0.4847381268034983, 0.21169544123393974, 0.21904737592392037, 0.08451905593864158], [0.3738871923873614, 0.19823091320889474, 0.12486477567093965, 0.3030171186328042], [0.4408111508575147, 0.2397835653957908, 0.23285607572986056, 0.08654920791683397], [0.3786815887703826, 0.21404097334268166, 0.14692227103068647, 0.26035516675624926], [0.08042879727422388, 0.2186308239895837, 0.12202135580936645, 0.578919022826826], [0.11983201696207858, 0.3768597258878629, 0.4480250792056266, 0.05528317784443192], [0.07853313359131325, 0.11888763041601648, 0.23226788118540428, 0.570311354707266], [0.08926022876947881, 0.13528094176482314, 0.6352019432146477, 0.14025688615105034], [0.14810388450798012, 0.6234999577152078, 0.15637930435074074, 0.07201685332607125], [0.15452043710593924, 0.5301778912014072, 0.11552762984074216, 0.19977404175191132]], "ideal": "C", "sampled": "C", "correct": true}}
{"type": "result", "data": {"idx": 15, "options": ["Law as medium' describes law as a body of formal, general rules that control the state and the economy; 'law as institution' inhabits the 'lifeworld' and expresses its shared values and norms in institutional form.", "Law as medium' consists of the manner in which law is presented by the media; 'law as institution' describes the courts.", "Law as medium' concerns the manner in which the law expresses its rules in simplified terms; 'law as institution' refers to the formal declaration of laws by legislative bodies.", "Law as medium' is defined as the intermediate stage of legal development; 'law as institution' is the advanced stage."], "probs": [[0.8671452660630825, 0.04738235241840373, 0.05198134636303561, 0.03349103505547815], [0.8457115165682585, 0.05115284693991947, 0.05745098653679291, 0.04568464985502907], [0.8705712531402554, 0.046851294805813425, 0.04866769816998661, 0.03390975378394454], [0.8742245216701913, 0.04590130541933779, 0.04767859282625957, 0.03219557998421139], [0.8420210511156104, 0.05421308458896883, 0.05718918570223657, 0.04657667849318417], [0.8747643804400973, 0.04560842786809645, 0.04885721605420632, 0.030769975537599956], [0.03616870126942395, 0.8608369070019855, 0.06743604563552719, 0.03555834599306344], [0.03746064994637305, 0.8507850816432349, 0.0677059797971221, 0.04404828851327002], [0.024943058746059472, 0.043112377086341344, 0.8998589984099216, 0.03208556565767761], [0.01630750859191647, 0.04559749890975083, 0.0714721464131697, 0.8666228459851629], [0.02099741312643759, 0.043408044971894974, 0.9066109330525652, 0.028983608749102233], [0.016892710919197754, 0.0407279735112735, 0.07175750378230601, 0.8706218116872227], [0.05699904434195066, 0.8296132444522255, 0.07141372587499173, 0.04197398523083205], [0.051995819116275016, 0.8376239786986523, 0.07150409583044552, 0.0388761062546271], [0.025885019418301146, 0.03798709705745852, 0.9051083966075004, 0.03101948681673995], [0.01704319591714175, 0.036285616994531575, 0.06911574406403179, 0.8775554429242949], [0.021017150772007432, 0.04479692117099202, 0.9071704278879335, 0.027015500069067104], [0.016950890546466257, 0.04023164540299524, 0.06357146101235017, 0.8792460029381883], [0.03264134279635939, 0.8724831677850862, 0.061270551786537716, 0.033604937532016724], [0.028588399555536274, 0.8858764234697387, 0.05935183981598758, 0.026183337058737453], [0.019630675879671843, 0.03815494417542427, 0.9167579566838816, 0.02545642316102225], [0.015426044623775862, 0.03580235752873173, 0.06820891917557044, 0.8805626785719219], [0.0197827585102669, 0.03993454053842504, 0.9152468697092042, 0.025035831142103813], [0.015082093506272926, 0.04027347910058846, 0.06461447314216877, 0.8800299541509699]], "ideal": "A", "sampled": "A", "correct": true}}
