{"type": "result", "data": {"idx": 0, "options": ["Wrong, Wrong", "Wrong, Not wrong", "Not wrong, Wrong", "Not wrong, Not wrong"], "probs": [[0.23497361642674136, 0.2516558841112693, 0.23272699808913755, 0.28064350127285176], [0.2329536492449496, 0.24568891156706657, 0.19582819644894633, 0.3255292426390375], [0.24760707089223574, 0.25107905640295286, 0.23409271586718777, 0.2672211567376236], [0.2537428996645549, 0.2655326386196226, 0.2554266116449125, 0.22529784997090999], [0.2552480139365058, 0.22838689724883762, 0.24509907131573913, 0.2712660173989174], [0.25508785625362385, 0.22469142411922732, 0.22476031218844608, 0.29546040733870277], [0.3436554227569705, 0.17923619652548067, 0.13418558838451297, 0.34292279223303584], [0.37922471912699146, 0.21070055581753303, 0.1858915696933069, 0.2241831552621686], [0.4013220667437728, 0.20141007004154265, 0.16186025737097523, 0.2354076057437093], [0.39491456743105907, 0.21107636390005782, 0.18628676233812944, 0.20772230623075363], [0.4170002353519609, 0.17082153041603101, 0.20933556624163693, 0.20284266789037117], [0.3384518971470086, 0.1726162161150248, 0.23969966527955336, 0.24923222135841328], [0.34285721690291676, 0.24443941180108497, 0.15657073491096507, 0.2561326362850332], [0.34292408309541034, 0.25219571212100733, 0.1788469377153045, 0.22603326696827783], [0.33807871246054627, 0.22289362879690253, 0.21957324770241554, 0.21945441094013568], [0.3573825657010324, 0.23937143383016593, 0.16580775378476506, 0.23743824658403662], [0.2967780232132726, 0.18240976331794068, 0.2533065378412617, 0.26750567552752497], [0.30059217507836833, 0.1906543466063119, 0.1382620740316509, 0.3704914041836689], [0.2553575672752245, 0.2909891946470201, 0.2162107112222872, 0.2374425267554682], [0.27479810748324074, 0.2941183579024863, 0.17150446047428897, 0.259579074039984], [0.21898458569565168, 0.25346630431462397, 0.3255630086697962, 0.20198610121992816], [0.22744420641870838, 0.24917722122067415, 0.22507420663933356, 0.2983043656212839], [0.20558592368713635, 0.2270975078847776, 0.24939851088714307, 0.317918057440943], [0.20383604476309075, 0.2512136176338996, 0.18219166045130272, 0.36275867705170695]], "ideal": "D", "sampled": "B", "correct": false}}
{"type": "result", "data": {"idx": 1, "options": ["Wrong, Wrong", "Wrong, Not wrong", "Not wrong, Wrong", "Not wrong, Not wrong"], "probs": [[0.21958821028115955, 0.24644005684593318, 0.2503209299945434, 0.28365080277836385], [0.21585203383415055, 0.24037839111698353, 0.19925440548968942, 0.3445151694591765], [0.23311590003298946, 0.2496056295622968, 0.26374212297755745, 0.25353634732715624], [0.22981084196025253, 0.2559336049320586, 0.26616369882056723, 0.24809185418712162], [0.2197602340252089, 0.20119363966928022, 0.288401854981037, 0.2906442712244739], [0.22477521820278648, 0.194876337184601, 0.24070125098499923, 0.33964719352761324], [0.34697044409277983, 0.19871560033235017, 0.14876441877731797, 0.305549536697552], [0.352551370823891, 0.22363416848330522, 0.178218647819817, 0.2455958127729868], [0.40740920875143266, 0.21584896097859055, 0.17077731575517804, 0.2059645144147987], [0.3818875493936188, 0.22232485974107896, 0.17862944036978182, 0.21715815039552042], [0.39013888773228783, 0.16350195784733576, 0.23799419329136046, 0.20836496102901594], [0.32726722464764896, 0.16169754918243462, 0.25649603816542993, 0.2545391879044865], [0.31317986921396496, 0.293429213341291, 0.16846312094810525, 0.22492779639663876], [0.29633877450700746, 0.28638131270068234, 0.16056937271469196, 0.2567105399776182], [0.30612520535953053, 0.2376941151563585, 0.25124247362232277, 0.2049382057617882], [0.33868401782434016, 0.26723574600197886, 0.15458988803493984, 0.23949034803874117], [0.24482799303550978, 0.16134626152529935, 0.2992324619957329, 0.29459328334345797], [0.2769388730425369, 0.1797067591499348, 0.1535714497902252, 0.38978291791730313], [0.21305883563589836, 0.29742030192680136, 0.25239674006551016, 0.23712412227179008], [0.23503066947241733, 0.3105435417362976, 0.1781991746575132, 0.27622661403377186], [0.19911535682257547, 0.2590523246095263, 0.34327460777569563, 0.1985577106922026], [0.20015561578656402, 0.2644430100653373, 0.2425723075624127, 0.29282906648568596], [0.17728991107165754, 0.2133220082303054, 0.2654835104147926, 0.34390457018324444], [0.18489585539494946, 0.24628916013327273, 0.1871552737293951, 0.3816597106423827]], "ideal": "A", "sampled": "B", "correct": false}}
{"type": "result", "data": {"idx": 2, "options": ["Wrong, Wrong", "Wrong, Not wrong", "Not wrong, Wrong", "Not wrong, Not wrong"], "probs": [[0.22324236559893362, 0.24073114271346024, 0.250121794612376, 0.28590469697523013], [0.21938794012820115, 0.22941378440392016, 0.19000767735749832, 0.3611905980103804], [0.23543038173438335, 0.2479803337797001, 0.24210008207821038, 0.2744892023077062], [0.2417806535717463, 0.2628867029880851, 0.2669327258796788, 0.2283999174604898], [0.24221885201892998, 0.20821076629463914, 0.2510871886955944, 0.29848319289083647], [0.24147423328947962, 0.20275332635858653, 0.231454111059829, 0.32431832919210485], [0.35155684800080117, 0.17211778973162944, 0.13916297670292924, 0.33716238546464017], [0.36736134238386187, 0.19925077554454843, 0.1854865876472266, 0.24790129432436311], [0.41162791230693013, 0.20315777950702388, 0.15322310992700797, 0.23199119815903804], [0.39548546038230126, 0.21285492275426043, 0.18051874490651912, 0.21114087185691918], [0.4113533014532857, 0.17099637517129387, 0.19977562724549244, 0.217874696029928], [0.3287093341021846, 0.1623690426187271, 0.2553553580982438, 0.25356626508084457], [0.35038870047420084, 0.21506669794753214, 0.1647347634160477, 0.2698098380622193], [0.35677582553597603, 0.22593848741683722, 0.17857282127997934, 0.2387128656672074], [0.3445520205317705, 0.21148418518229015, 0.20977463451238715, 0.23418915967355225], [0.37464235534606505, 0.22822335830030357, 0.1616904067075803, 0.2354438795460511], [0.30333142113641076, 0.180478520055909, 0.24084933513158086, 0.2753407235760994], [0.3116275257530631, 0.185443173952821, 0.13969323870294525, 0.36323606149117066], [0.2579587293872612, 0.26948859312585677, 0.2232102172755174, 0.2493424601113646], [0.27227741477150885, 0.267122685882559, 0.1847849190050353, 0.2758149802408969], [0.22890174045506306, 0.2505702338777217, 0.31916781781152315, 0.2013602077556921], [0.2333564941851864, 0.24357833328759232, 0.23581473878372033, 0.28725043364350095], [0.21724344916283114, 0.2287390402281308, 0.22848803014914384, 0.3255294803598942], [0.22125229237251284, 0.25190797445639185, 0.17411735652136084, 0.3527223765497345]], "ideal": "D", "sampled": "B", "correct": false}}
{"type": "result", "data": {"idx": 3, "options": ["Wrong, Wrong", "Wrong, Not wrong", "Not wrong, Wrong", "Not wrong, Not wrong"], "probs": [[0.2632093468523469, 0.22983695906839594, 0.2604393699570237, 0.2465143240222334], [0.2334687515920322, 0.2104394231722658, 0.17166271081322615, 0.38442911432247584], [0.2740670185123054, 0.2319693450691197, 0.2508820034444088, 0.24308163287416606], [0.27097297923416597, 0.24420575396684446, 0.24811033521094866, 0.2367109314880409], [0.24801882729406277, 0.17533151542383216, 0.2781468290088558, 0.29850282817324925], [0.26043420639363, 0.17846649617457144, 0.22738952593631281, 0.3337097713954857], [0.38230256513545985, 0.2054832038606914, 0.13780608155812255, 0.2744081493457262], [0.3761368989568321, 0.2347858547929582, 0.15621887145864416, 0.23285837469156553], [0.4379743104433285, 0.1922026007013433, 0.179169463783012, 0.19065362497231617], [0.4102950745234826, 0.20730209603012256, 0.14574623727853542, 0.2366565920678594], [0.40795695836912155, 0.1394370600022309, 0.24484481249125206, 0.20776116903739547], [0.2993911549058851, 0.13667763971925395, 0.26977596086212285, 0.2941552444127381], [0.3408470654651653, 0.2838198711480916, 0.16288758293475525, 0.21244548035198785], [0.3432433357974867, 0.2835021656989994, 0.14019210844116353, 0.23306238996235035], [0.3044367088902034, 0.202079531499212, 0.30366611025178464, 0.18981764925879993], [0.35459551211625856, 0.22639577088476245, 0.14600439368218454, 0.2730043232167944], [0.27590489795883494, 0.14829568784386654, 0.30928415517819796, 0.26651525891910055], [0.25461192833410157, 0.15386092317509759, 0.12829128862314665, 0.4632358597676542], [0.21243400869629353, 0.3205744027770856, 0.2325722425943499, 0.23441934583227095], [0.23026178314149512, 0.31866629352957526, 0.1677041873631942, 0.2833677358657354], [0.1694173567623185, 0.23090947934577208, 0.41855200150023636, 0.18112116229167305], [0.1670200948694207, 0.22209629083295535, 0.28741395042325923, 0.3234696637743647], [0.17388039825607998, 0.20422050354822724, 0.29262062904292724, 0.32927846905276553], [0.17033767411847658, 0.23382708969177582, 0.17211191049309973, 0.4237233255966479]], "ideal": "B", "sampled": "A", "correct": false}}
{"type": "result", "data": {"idx": 4, "options": ["Wrong, Wrong", "Wrong, Not wrong", "Not wrong, Wrong", "Not wrong, Not wrong"], "probs": [[0.21588315389207582, 0.2514745928315368, 0.23628032557211331, 0.2963619276042741], [0.2136470792430514, 0.24321479730536066, 0.21301735618044598, 0.33012076717114197], [0.23181580458576823, 0.2576829675618085, 0.2403432470166287, 0.27015798073579456], [0.23389716792594656, 0.26425362024426824, 0.29275888637891734, 0.20909032535086786], [0.2440206335532835, 0.2412359046326471, 0.2432908045021548, 0.27145265721191464], [0.23841743237868365, 0.23023015376231576, 0.237717360966433, 0.2936350527925676], [0.33811660632785207, 0.17058623852134003, 0.13808722125622924, 0.35320993379457866], [0.3677993550022494, 0.19767936178498433, 0.21046417008631063, 0.22405711302645562], [0.4070538640666332, 0.2136544020804851, 0.14457807158839442, 0.23471366216448733], [0.38286353422463004, 0.2174935094425067, 0.20922951952974983, 0.19041343670311342], [0.42376010974341755, 0.1801469149983546, 0.19184307466252876, 0.20424990049569908], [0.3187494480663838, 0.16747724509122355, 0.26991041687679035, 0.2438628898656023], [0.3503499396160009, 0.21309114232969234, 0.1584115491482282, 0.27814736880607854], [0.3597734379341077, 0.2240542239934928, 0.190257346320717, 0.22591499165168247], [0.3528496079218637, 0.2303460721492804, 0.18812459985706384, 0.22867971997179204], [0.3626081699158959, 0.24238230646782677, 0.17601545415571682, 0.21899406936056054], [0.30495307300845637, 0.20059250592062403, 0.21358925420278133, 0.2808651667681383], [0.3075028405403975, 0.20074703096449137, 0.1336080153690485, 0.3581421130260626], [0.24280706407394428, 0.2655329445563403, 0.2515667118114006, 0.2400932794583148], [0.2665014703900465, 0.27374382172804546, 0.2003311991293848, 0.2594235086525232], [0.2260082296500627, 0.2570385856061857, 0.31514363538619633, 0.20180954925755532], [0.2181395189072669, 0.24612768702379445, 0.25213515030024725, 0.2835976436686914], [0.20644768810876168, 0.25987564083574066, 0.22228342127266476, 0.3113932496828329], [0.20214784745781278, 0.2773505829697832, 0.1641275037400956, 0.3563740657323084]], "ideal": "D", "sampled": "B", "correct": false}}
{"type": "result", "data": {"idx": 5, "options": ["Wrong, Wrong", "Wrong, Not wrong", "Not wrong, Wrong", "Not wrong, Not wrong"], "probs": [[0.2377008128613709, 0.21732001846882035, 0.25225254139009234, 0.29272662717971637], [0.20867669580280176, 0.19536764917804167, 0.1879593580773268, 0.40799629684182975], [0.2507437616779258, 0.24402494690510876, 0.23485033121444687, 0.27038096010251855], [0.2542957029342316, 0.25543287013252003, 0.25566240761610676, 0.23460901921714167], [0.2453162855456769, 0.18447041784573284, 0.258384261379395, 0.31182903512919524], [0.2361180895909272, 0.1845960291350658, 0.2391129696262236, 0.3401729115477834], [0.34257059858074845, 0.16619200750954063, 0.13883384605106014, 0.35240354775865074], [0.3552574918885662, 0.20008442400136744, 0.17937046822215916, 0.2652876157879072], [0.40453572282726546, 0.18584734753441057, 0.1816874945484952, 0.2279294349898288], [0.37861731080475197, 0.20350506596459797, 0.1741427008016206, 0.24373492232902944], [0.3855925751307142, 0.14925441300082046, 0.24437687593845664, 0.2207761358300087], [0.3058622570286975, 0.1544938431374862, 0.25288409745799184, 0.2867598022758244], [0.32144868955909234, 0.263140330948419, 0.16994509323141055, 0.24546588616107815], [0.30983045694113914, 0.2719956636156837, 0.16243150828644545, 0.25574237105673164], [0.29666816301156235, 0.20604201535185046, 0.27770139936705796, 0.21958842216952923], [0.33107328904943906, 0.23364672410605472, 0.16187380493860673, 0.2734061818058995], [0.2470634130626267, 0.16248647345387138, 0.27672122575384167, 0.3137288876296602], [0.25404356014843793, 0.16971755251695636, 0.13522382561822832, 0.4410150616163774], [0.22963986946372753, 0.2714565355587266, 0.24357977144100654, 0.25532382343653925], [0.24553483356263353, 0.266247208892793, 0.1788204434510993, 0.30939751399347415], [0.19477181424893025, 0.2338420634310361, 0.3599580281606673, 0.21142809405936636], [0.1882595512601362, 0.22419790253191632, 0.2502695247200343, 0.33727302138791315], [0.1816673536167946, 0.18515674326807605, 0.2782538540714337, 0.35492204894369567], [0.17636266348982527, 0.21340848503362894, 0.17142952976896697, 0.4387993216075788]], "ideal": "C", "sampled": "A", "correct": false}}
{"type": "result", "data": {"idx": 6, "options": ["Wrong, Wrong", "Wrong, Not wrong", "Not wrong, Wrong", "Not wrong, Not wrong"], "probs": [[0.2632226449567127, 0.2542430270772974, 0.22439178640447854, 0.2581425414615114], [0.2505602128970561, 0.24786799010152424, 0.18566170226130718, 0.31591009464011244], [0.26696632900943956, 0.24606107149411735, 0.23310072616992283, 0.2538718732265202], [0.27501761090933036, 0.2576245886537721, 0.2328301151510667, 0.2345276851858309], [0.2708620307683376, 0.2168875537497078, 0.24216661262325956, 0.27008380275869504], [0.2688673138349602, 0.21360915897140642, 0.2137390672946814, 0.303784459798952], [0.41070649555948097, 0.19928598704216877, 0.12178517150941533, 0.26822234578893495], [0.41358130651041464, 0.22063967408356083, 0.14353255291531952, 0.22224646639070503], [0.4475955366640722, 0.19177585838307462, 0.16282081602375698, 0.19780778882909617], [0.4321135708887469, 0.2051026435021887, 0.15124717804013718, 0.21153660746892716], [0.42223383879464793, 0.16097820523164136, 0.2100506816617015, 0.2067372742120092], [0.356685261591924, 0.17065527051933546, 0.22620255426894262, 0.24645691351979795], [0.36715996808850765, 0.2738425772190817, 0.1524163507132754, 0.20658110387913528], [0.356698030842963, 0.2702464122763275, 0.14015939621478335, 0.23289616056592613], [0.36398301609640393, 0.2214938169941487, 0.22354411252719233, 0.190979054282255], [0.3797680606954634, 0.23854960075092202, 0.14133598540811937, 0.24034635304549518], [0.2873207671253769, 0.15925492582002557, 0.2648734489544617, 0.2885508580001358], [0.3152349496992617, 0.17889022292225126, 0.14139958793300253, 0.36447523934548454], [0.2595556416781812, 0.3244653988225452, 0.19825786645602256, 0.217721092943251], [0.27080997821960784, 0.3154191374463328, 0.15844890473688644, 0.2553219794971729], [0.21813520597036098, 0.26840852308024216, 0.3291189866403828, 0.18433728420901402], [0.22672485627276842, 0.2638576845901297, 0.21031301584784062, 0.2991044431892612], [0.20276430830875555, 0.22898021804575153, 0.24761271857470488, 0.32064275497078804], [0.19492291745655588, 0.25135013474694334, 0.16724138463748603, 0.3864855630590147]], "ideal": "D", "sampled": "B", "correct": false}}
{"type": "result", "data": {"idx": 7, "options": ["Wrong, Wrong", "Wrong, Not wrong", "Not wrong, Wrong", "Not wrong, Not wrong"], "probs": [[0.23154648101041728, 0.23067777315405946, 0.24372372429360784, 0.29405202144191545], [0.22305368710153903, 0.22061506744160267, 0.1977580577605479, 0.3585731875963104], [0.24247138561076206, 0.24726429947622025, 0.23422378648298886, 0.27604052833002884], [0.24505597350531008, 0.2540092169984486, 0.2622239291405714, 0.23871088025566992], [0.25388734395256873, 0.2113540077882946, 0.2340787693290832, 0.3006798788300534], [0.25488555049008044, 0.20887745603502975, 0.19936880170245852, 0.3368681916724313], [0.36112915389713934, 0.19082278932741034, 0.13309691448380012, 0.31495114219165016], [0.36514179806807606, 0.21559750389096352, 0.1691366979567937, 0.25012399998416673], [0.406963080645864, 0.21187697437350436, 0.16248659508440713, 0.2186733497962245], [0.39481419320926736, 0.21566246447790732, 0.16531838475004684, 0.22420495746277846], [0.38754206799134, 0.16477086875958122, 0.234328525812478, 0.21335853733660073], [0.3238322782763701, 0.16616146512398683, 0.23998198268371063, 0.27002427381593247], [0.34080576893259423, 0.2662989794941678, 0.15048305688783714, 0.2424121945854008], [0.3336356083308492, 0.27102080792520683, 0.1580298440903301, 0.23731373955361387], [0.32331717011079575, 0.2143095433497696, 0.23936790225496335, 0.2230053841844713], [0.35940653617672025, 0.24014705774985937, 0.15264675247106488, 0.2477996535023555], [0.2727613868780984, 0.16854207969449717, 0.28696791617539436, 0.2717286171520101], [0.2872431704372444, 0.1761451144107171, 0.12665780453567843, 0.40995391051636004], [0.2553887626960479, 0.30921402109728574, 0.19645511809328933, 0.238942098013377], [0.26909551823713135, 0.30352194018672374, 0.16357630977116341, 0.26380623170498146], [0.21328819968224239, 0.24255749219379918, 0.34774884059902217, 0.19640546742493625], [0.21815630466311683, 0.24599103260573968, 0.23650130274760073, 0.2993513598835428], [0.2126463226674149, 0.22536184038281828, 0.2535023835940546, 0.30848945325571225], [0.20963422399008036, 0.24594397449763747, 0.1661121770325567, 0.37830962437972543]], "ideal": "D", "sampled": "B", "correct": false}}
{"type": "result", "data": {"idx": 8, "options": ["Wrong, Wrong", "Wrong, Not wrong", "Not wrong, Wrong", "Not wrong, Not wrong"], "probs": [[0.2714191215113111, 0.21766887795722092, 0.2565086926854227, 0.25440330774604525], [0.25408951911235983, 0.2118883006427413, 0.18992413936598423, 0.3440980407789146], [0.28102257844975725, 0.22184787688421018, 0.25347733495084857, 0.24365220961518402], [0.2743487872103051, 0.22694902933506536, 0.2513142152977739, 0.24738796805685567], [0.2630766810328436, 0.1694443895001666, 0.2605160358056962, 0.3069628935612936], [0.2640168031187566, 0.17135755460698135, 0.22888534917799572, 0.33574029299626634], [0.3930107657955396, 0.22863697790027787, 0.12919782628333326, 0.24915442992084924], [0.37898382384144963, 0.25585322495623114, 0.1411918357761451, 0.2239711153261741], [0.432063798619942, 0.17410091275764839, 0.20850581486647274, 0.18532947365593694], [0.39072045749091555, 0.18562813208421483, 0.1514643466720254, 0.27218706365284423], [0.39153013796259106, 0.12682883818159316, 0.2882253911274155, 0.19341563262840025], [0.3234657040033263, 0.13251420548850215, 0.24760130768934221, 0.29641878271882927], [0.30819489405619077, 0.3679870586019563, 0.14179136702737097, 0.18202668021448196], [0.3091246508432601, 0.3575699355659687, 0.1215768539901456, 0.21172855950062563], [0.27652839235473636, 0.18511191284462283, 0.3517703466029414, 0.1865893480976994], [0.32481106704686225, 0.21745809132358468, 0.14368192841503424, 0.3140489131145188], [0.24533734144258765, 0.12395766573346367, 0.38220094624204143, 0.24850404648190724], [0.25032691283972297, 0.13893832886044066, 0.1254043635036277, 0.48533039469620864], [0.1999800264629425, 0.4255865938710738, 0.17044155805914554, 0.20399182150683814], [0.20881712344699663, 0.4109123028270569, 0.12131573327044641, 0.25895484035550004], [0.15602041546899897, 0.224593621103453, 0.44722189828420944, 0.17216406504333856], [0.16509768365162683, 0.24326613542985123, 0.21459123490094995, 0.377044945917572], [0.16898847611083068, 0.19852031173746482, 0.3150102699974993, 0.3174809420542052], [0.16223138850561292, 0.22112475175995078, 0.15541105303021951, 0.4612328066042168]], "ideal": "A", "sampled": "A", "correct": true}}
{"type": "result", "data": {"idx": 9, "options": ["Wrong, Wrong", "Wrong, Not wrong", "Not wrong, Wrong", "Not wrong, Not wrong"], "probs": [[0.2485499790904216, 0.24392735555984227, 0.2438018728758319, 0.2637207923739042], [0.23963058830214048, 0.23708299660550033, 0.19644270569124014, 0.32684370930111906], [0.26254186422795023, 0.251602504401118, 0.24579790598375179, 0.24005772528718003], [0.24976656210557233, 0.2490602768568525, 0.2672026792974697, 0.23397048164010542], [0.2518454900247223, 0.2048533555024635, 0.26310441915262106, 0.28019673522019317], [0.2555432205148848, 0.19835933154211696, 0.22128579519178854, 0.32481165265120965], [0.3876982686683009, 0.2019245803441031, 0.13431924780335794, 0.276057903084238], [0.3898202834606803, 0.2284860942803733, 0.15685864025065271, 0.22483498190829365], [0.4442663589748666, 0.19487956783255161, 0.1705883366926043, 0.1902657363999775], [0.40646786051095724, 0.20702652887261738, 0.16623610755711762, 0.2202695029593078], [0.4157249567133957, 0.1548296934981832, 0.2306400949926988, 0.19880525469572224], [0.31888665795455384, 0.1513954057722269, 0.27203436872520553, 0.25768356744801374], [0.32155864469296885, 0.31540181289732083, 0.1673486778762875, 0.19569086443342287], [0.32171467526655845, 0.30336276413724345, 0.1442377459681527, 0.23068481452804546], [0.3124323282058233, 0.22411674926771932, 0.2747462175436116, 0.1887047048828458], [0.3511888839484731, 0.25199554494463683, 0.14683473765133057, 0.2499808333555595], [0.25803279874128654, 0.15352213381185725, 0.3251082598837947, 0.2633368074630615], [0.2780309484937483, 0.17328696984030262, 0.13897603087084698, 0.4097060506951021], [0.2268464233224278, 0.32644599186425305, 0.22769108073086902, 0.2190165039824501], [0.24073795971847228, 0.33303445574291113, 0.16077236829580477, 0.26545521614281176], [0.1928009419367772, 0.26459637675912234, 0.3732246811795237, 0.16937800002457684], [0.19821083839059872, 0.2615900972460895, 0.2435789293340489, 0.29662013492926287], [0.18701016901053483, 0.21966138479897196, 0.27328464386114504, 0.32004380222934814], [0.1819241466649619, 0.2496265731557937, 0.1753198478147924, 0.39312943226445196]], "ideal": "C", "sampled": "B", "correct": false}}
{"type": "result", "data": {"idx": 10, "options": ["Wrong, Wrong", "Wrong, Not wrong", "Not wrong, Wrong", "Not wrong, Not wrong"], "probs": [[0.21831207164059052, 0.2469357104688883, 0.25074650340275845, 0.28400571438776273], [0.22870278015378745, 0.25278743722313846, 0.2230530496753762, 0.2954567328476979], [0.2338364273075871, 0.23519445953401383, 0.26037335393209254, 0.2705957591263065], [0.23974922296987577, 0.24315288660478931, 0.2888099252888833, 0.2282879650364516], [0.2475196271887261, 0.22843892870049137, 0.2548919021828391, 0.26914954182794343], [0.2528884112582042, 0.22449985144277523, 0.22980871794309884, 0.2928030192559217], [0.3343548128515686, 0.17438782489958224, 0.13892784506290892, 0.35232951708594024], [0.3676674012819711, 0.20426295391270907, 0.20738666938575478, 0.22068297531956502], [0.38864607688657016, 0.2075858034447959, 0.1554508222209296, 0.24831729734770436], [0.3737520965003441, 0.20607235194926762, 0.21426542845994365, 0.20591012299044462], [0.40579605098481103, 0.18538281319671746, 0.20043268797777472, 0.20838844774069679], [0.34933267979309424, 0.18234793296576168, 0.23050937857380988, 0.23781000856733422], [0.34159634531885796, 0.21153382095170115, 0.1753400318250563, 0.2715298018043846], [0.3450469127704403, 0.2203862252668625, 0.20545542544240708, 0.2291114364202901], [0.3333363582357671, 0.21971789327626515, 0.2113352449225932, 0.23561050346537454], [0.3568880451296102, 0.23719371145994658, 0.1762238986249206, 0.22969434468552258], [0.28927300670560807, 0.18483354975670951, 0.2506714873065387, 0.27522195613114364], [0.31769718156694643, 0.201432803317109, 0.13827826699475693, 0.34259174802118764], [0.2493896223264336, 0.2797094624911601, 0.2354795073553805, 0.23542140772702577], [0.2800057744698132, 0.2904187056007031, 0.17740752762547707, 0.2521679922040067], [0.22495963012352513, 0.24839295814523132, 0.3240499246399889, 0.20259748699125465], [0.2368081623554624, 0.2553806266621581, 0.22524130006502763, 0.28256991081735183], [0.20800757155767635, 0.22609937046289674, 0.24443070554856175, 0.3214623523308651], [0.21481282366712046, 0.25851439656669417, 0.18163586609824495, 0.3450369135679404]], "ideal": "D", "sampled": "B", "correct": false}}
{"type": "result", "data": {"idx": 11, "options": ["Wrong, Wrong", "Wrong, Not wrong", "Not wrong, Wrong", "Not wrong, Not wrong"], "probs": [[0.22385059961973075, 0.25081894546679667, 0.24108519376147527, 0.2842452610519973], [0.21209661886379375, 0.23772707652295133, 0.1984752745146596, 0.3517010299985953], [0.2379214238263098, 0.256405987010766, 0.2389733564308731, 0.2666992326320511], [0.23756465667442064, 0.2662722805810773, 0.26838642756022985, 0.2277766350842722], [0.23653783606720408, 0.21794711700724984, 0.2609925943647876, 0.28452245246075847], [0.2429719156226718, 0.2120189251094474, 0.22389571700085964, 0.32111344216702115], [0.3514403438633651, 0.20899020066330562, 0.1401049539228529, 0.2994645014504764], [0.36351125615247404, 0.23572386713793206, 0.16694928209001944, 0.23381559451957445], [0.4053953466786257, 0.2094986227094655, 0.18050403353244945, 0.2046019969794593], [0.3821483552073754, 0.22228959200543522, 0.17159873245430618, 0.2239633202328832], [0.3839646038619855, 0.1684004242311464, 0.24122247456913676, 0.2064124972377313], [0.3081811872358539, 0.16969838231003895, 0.2507257386575033, 0.27139469169660385], [0.31049828792988815, 0.30675323880366884, 0.16019512233934854, 0.22255335082709443], [0.3117280397022383, 0.31036833850523576, 0.15101971180775683, 0.22688390988476914], [0.30696722862035003, 0.22713480887525864, 0.25746735927868136, 0.20843060312571], [0.3375684622398822, 0.24981974806252086, 0.1549225885941962, 0.2576892010034007], [0.246311433698597, 0.16850672158383917, 0.3027867286264088, 0.282395115991155], [0.26304751631967305, 0.18571171162655517, 0.13558924196794742, 0.4156515299858244], [0.2268899049101392, 0.3315020153861241, 0.2121200827726186, 0.2294879968311181], [0.2405099051798307, 0.3326112826547819, 0.16179646067800046, 0.2650823513873869], [0.1845177058834778, 0.25313835579193394, 0.37429319693001756, 0.18805074129457072], [0.1815090165484994, 0.2509615608025138, 0.24490629468691252, 0.32262312786207425], [0.18455371808810409, 0.22700355131154817, 0.28024742839655503, 0.30819530210379276], [0.17815560794379703, 0.24837091942460018, 0.1637235359509388, 0.409749936580664]], "ideal": "B", "sampled": "A", "correct": false}}
{"type": "result", "data": {"idx": 12, "options": ["Wrong, Wrong", "Wrong, Not wrong", "Not wrong, Wrong", "Not wrong, Not wrong"], "probs": [[0.25228056685011896, 0.22697268762364237, 0.2512100078094626, 0.26953673761677605], [0.23544546959429907, 0.22044311461628424, 0.19147203860752363, 0.352639377081893], [0.2611135619949523, 0.2481382264883999, 0.2386781942211784, 0.25207001719546945], [0.2591952306012826, 0.2523661180373157, 0.2604242783397997, 0.22801437292160207], [0.2571862378039999, 0.18883766513422723, 0.25424182791315975, 0.2997342690486131], [0.25578053708651916, 0.18492565934937122, 0.20791751203227415, 0.35137629143183546], [0.3860217102367075, 0.18436608107832694, 0.1326230238172097, 0.2969891847677559], [0.4014128029576625, 0.21068556056384435, 0.16016133843972072, 0.22774029793877235], [0.44643621967088876, 0.18820535854297304, 0.16348339372008275, 0.20187502796605544], [0.4192911246739076, 0.2005247264352622, 0.15126463681656752, 0.22891951197426263], [0.4237412746759511, 0.14244651580747278, 0.23127860974027672, 0.2025335996762994], [0.332886497173012, 0.14379601812140538, 0.23707957640425384, 0.2862379082013288], [0.33367371058593753, 0.28626384901724855, 0.15549148385919676, 0.22457095643761715], [0.3389833271164465, 0.2862260937404509, 0.14490020273666965, 0.22989037630643297], [0.32517263774559557, 0.22415088448891987, 0.24819517502977798, 0.20248130263570657], [0.363434333662575, 0.24284470845283387, 0.13930545330724464, 0.2544155044773465], [0.27296339516319557, 0.15232821942297875, 0.30078157040311904, 0.27392681491070664], [0.2849781726022243, 0.164057130676281, 0.13161074721657157, 0.4193539494049231], [0.2285907221471983, 0.32107217551859984, 0.21369654893361856, 0.23664055330058323], [0.2387848538464752, 0.3148553826409711, 0.1618466602768583, 0.2845131031356954], [0.19245068097204757, 0.2537964695645304, 0.3637503249765916, 0.19000252438683043], [0.18964140757624975, 0.24042338545793876, 0.23841359143196433, 0.33152161543384717], [0.18513954235667934, 0.20562035456092378, 0.27237356518088673, 0.33686653780151016], [0.19074043629646245, 0.23265513775406296, 0.1647003590895938, 0.4119040667598808]], "ideal": "C", "sampled": "B", "correct": false}}
{"type": "result", "data": {"idx": 13, "options": ["Wrong, Wrong", "Wrong, Not wrong", "Not wrong, Wrong", "Not wrong, Not wrong"], "probs": [[0.2650723636597997, 0.242821175901695, 0.23168564294857166, 0.26042081738993367], [0.24643575019809527, 0.23293039547454158, 0.18422842298436296, 0.3364054312430002], [0.2755317646655317, 0.24084488686232017, 0.2390162908938482, 0.24460705747829992], [0.2642108539110089, 0.24778470763745683, 0.23829223568280167, 0.2497122026687326], [0.257929484674657, 0.18682995534831925, 0.26569862171596015, 0.2895419381610636], [0.25924559266155145, 0.1806183078428055, 0.2145023994900778, 0.34563369990556525], [0.3995521604681982, 0.19415707594960865, 0.130274830294414, 0.2760159331877791], [0.39419919835856215, 0.22064917116118102, 0.15396255482627944, 0.23118907555397736], [0.45036932821538483, 0.18151089547249527, 0.17190282045075864, 0.19621695576136128], [0.4219863460842179, 0.19583808206518627, 0.15857099540012876, 0.22360457635046704], [0.4177381395875902, 0.14179751275551936, 0.23571442065265993, 0.20474992690423052], [0.3416888764410591, 0.14440247630228709, 0.24189706504752817, 0.2720115821091256], [0.33832610154234816, 0.30492958877806725, 0.1569036268569628, 0.1998406827226218], [0.3199448489839314, 0.29746433203034234, 0.13608257065596616, 0.24650824822976014], [0.322108208097333, 0.20901446420973707, 0.28153231274045326, 0.18734501485247668], [0.35820633703175864, 0.23615396372331918, 0.1443022063871296, 0.26133749275779256], [0.25082414218551397, 0.1381535319181125, 0.3091277639648644, 0.3018945618315091], [0.28072695196117353, 0.15459922645628724, 0.13419022264585095, 0.43048359883668824], [0.22219831742500967, 0.35164000172257703, 0.2114418690339721, 0.21471981171844118], [0.23664910304114342, 0.34888137423130045, 0.14078954280367886, 0.27367997982387726], [0.1882042884638456, 0.2648552357885627, 0.36503997441456104, 0.18190050123303064], [0.19443520570451006, 0.2671184102696335, 0.2111660814769151, 0.3272803024489413], [0.1862225560094839, 0.20087488292942693, 0.2682678143153712, 0.34463474664571797], [0.18870641935787133, 0.2306630210051385, 0.1659598127157513, 0.41467074682123883]], "ideal": "A", "sampled": "A", "correct": true}}
{"type": "result", "data": {"idx": 14, "options": ["Wrong, Wrong", "Wrong, Not wrong", "Not wrong, Wrong", "Not wrong, Not wrong"], "probs": [[0.21546224605485148, 0.2472382262924963, 0.2549953980490261, 0.2823041295036261], [0.19608374230217704, 0.22680093683717997, 0.19092531784838498, 0.38619000291225797], [0.22729499635807646, 0.2629434466099056, 0.24890811738863, 0.2608534395433879], [0.23591106340645185, 0.27942908640180464, 0.25840837530914845, 0.22625147478259505], [0.23123148081374514, 0.20339918134562687, 0.2738310396397464, 0.29153829810088155], [0.22188921931817182, 0.19827016286864516, 0.2526613548938502, 0.3271792628193328], [0.33952298251090224, 0.1897523225691061, 0.1453226782933187, 0.32540201652667294], [0.32954324761656245, 0.22234439351470847, 0.17993731109208455, 0.26817504767664446], [0.40329604760524207, 0.20849157620321426, 0.1714544249276383, 0.21675795116390537], [0.3867009993017747, 0.2146919880500913, 0.17374533930904706, 0.22486167323908696], [0.3735088387882355, 0.15523016117675711, 0.2540017555401355, 0.21725924439487188], [0.3038373453385971, 0.15478495559999927, 0.2738076921811615, 0.2675700067802421], [0.3177134550322219, 0.281515466474956, 0.16929136948272283, 0.23147970891009925], [0.30629964505349155, 0.28664930380394377, 0.15812532054543676, 0.2489257304971279], [0.30449953218485426, 0.22188073063835878, 0.2635675927201455, 0.21005214435664146], [0.3308875163794222, 0.25077014411653314, 0.15558853280214663, 0.262753806601898], [0.24380434320502237, 0.1617196898978254, 0.2751462675312309, 0.31932969926592136], [0.26204713785937866, 0.17115254443435177, 0.14282744908651787, 0.4239728685197517], [0.23274382599732663, 0.3072476340933213, 0.22995958877350656, 0.23004895103584552], [0.23626484678602439, 0.30460087369617234, 0.1860366965953249, 0.27309758282247837], [0.19959181842583984, 0.261372927719636, 0.3463681689507325, 0.1926670848037916], [0.19139315186017128, 0.24484817681248264, 0.24666967985547525, 0.3170889913718708], [0.1938785550048138, 0.2223336795793322, 0.2724356772821955, 0.3113520880336585], [0.18316485531777907, 0.24178031805065386, 0.16985939947633283, 0.4051954270552342]], "ideal": "D", "sampled": "B", "correct": false}}
{"type": "result", "data": {"idx": 15, "options": ["Wrong, Wrong", "Wrong, Not wrong", "Not wrong, Wrong", "Not wrong, Not wrong"], "probs": [[0.25358457839429244, 0.2161961962843589, 0.2733915881007753, 0.2568276371205734], [0.22463469874504058, 0.1945370344485127, 0.18999162880641587, 0.3908366379000308], [0.26185292002920413, 0.23394931850478043, 0.2550530135376508, 0.24914474782836463], [0.2619337620204822, 0.24151306262373992, 0.2491795159993952, 0.24737365925638266], [0.251792140333273, 0.17375615755239512, 0.27142495723111054, 0.30302674478322134], [0.2602362036444781, 0.17819079754954847, 0.2200803458470563, 0.3414926528589171], [0.3838249260943241, 0.2077610405404541, 0.13935678121117287, 0.26905725205404896], [0.36169511076171257, 0.22558891770967987, 0.1610240638095049, 0.25169190761910265], [0.41136662393767554, 0.1951091496483824, 0.19215134356935593, 0.2013728827445861], [0.3853935473202811, 0.20568997585310883, 0.15880306773399552, 0.2501134089926145], [0.36305705791231513, 0.12697777529214943, 0.2954878298788171, 0.2144773368167183], [0.2722110490558188, 0.12621112354642353, 0.3006006821778921, 0.30097714511986556], [0.3282892058716369, 0.2908723906751811, 0.16818427787254836, 0.21265412548063362], [0.3150591551942479, 0.2789845168311561, 0.15388286112200186, 0.2520734667525942], [0.29468454683960366, 0.19549347133430764, 0.31279527022066633, 0.19702671150542234], [0.3363567640498208, 0.23019981724999805, 0.15562813214337423, 0.277815286456807], [0.24296684198681467, 0.1264757495027108, 0.3496254630093014, 0.2809319454011731], [0.24658435764368444, 0.13884483379856713, 0.12131989836463011, 0.49325091009311833], [0.22920062670206637, 0.33498518172960723, 0.21100392388695102, 0.22481026758137534], [0.22879425370772324, 0.3214176988702774, 0.1704226484850289, 0.2793653988369704], [0.18420361137368527, 0.22481656592176374, 0.40455365813683025, 0.18642616446772073], [0.17645487362953222, 0.21860186614876473, 0.26571507259669086, 0.3392281875250122], [0.18691188554657778, 0.20284583298205666, 0.2929877646110675, 0.317254516760298], [0.17240087686245198, 0.21710802612517793, 0.15355861185445616, 0.45693248505791395]], "ideal": "A", "sampled": "A", "correct": true}}
{"type": "result", "data": {"idx": 16, "options": ["Wrong, Wrong", "Wrong, Not wrong", "Not wrong, Wrong", "Not wrong, Not wrong"], "probs": [[0.2443154228775393, 0.24525947107185472, 0.24923212076413145, 0.26119298518647455], [0.2369386894642392, 0.23798002726529333, 0.1942719432097738, 0.33080933996069367], [0.2594707569299335, 0.25453534340495615, 0.24493254353737445, 0.2410613560277359], [0.25490381931343004, 0.26419210037641133, 0.2685595412498442, 0.2123445389603144], [0.26166120948741495, 0.21606600926342642, 0.25091580301743355, 0.27135697813172505], [0.25472112348865306, 0.20870407480727413, 0.23484749039831004, 0.30172731120576274], [0.38375034924484336, 0.18609987197445488, 0.1393225341895971, 0.29082724449110464], [0.38552804054064516, 0.20878972667797888, 0.17445035987314886, 0.2312318728082271], [0.4404112731724882, 0.20387840543863436, 0.16259858531526444, 0.19311173597361303], [0.41687236348666734, 0.21055311511349167, 0.1652650312050556, 0.2073094900947854], [0.42140635843831287, 0.1568444669089829, 0.22484672067301092, 0.1969024538796933], [0.32542284834970947, 0.14620537836571715, 0.2754926640191456, 0.2528791091654278], [0.35969129737134947, 0.2383856957671928, 0.1651795679937462, 0.23674343876771153], [0.3652903248090927, 0.24785514912079232, 0.1730694077160562, 0.2137851182540588], [0.3325364589358626, 0.20222410557631995, 0.25803050396246296, 0.20720893142535454], [0.37642101010523576, 0.22905682366370633, 0.156203167962356, 0.23831899816870192], [0.31092161400370383, 0.1735351856406124, 0.26279032619337395, 0.25275287406230984], [0.3054970664003289, 0.17873685751244342, 0.13689521831863607, 0.3788708576685916], [0.2530363760183085, 0.29683985860896234, 0.2259278263532519, 0.22419593891947728], [0.26381889769237243, 0.29523087424755823, 0.1861997898094358, 0.2547504381506335], [0.21041352495295573, 0.25071714446647314, 0.3624271912105287, 0.1764421392700424], [0.2105156724174957, 0.24691067247204523, 0.24890859045170804, 0.293665064558751], [0.20699732620426292, 0.2409765344908223, 0.258618988327718, 0.29340715087719677], [0.20158831172392577, 0.2597454410607516, 0.16613529125771676, 0.37253095585760587]], "ideal": "D", "sampled": "B", "correct": false}}
{"type": "result", "data": {"idx": 17, "options": ["Wrong, Wrong", "Wrong, Not wrong", "Not wrong, Wrong", "Not wrong, Not wrong"], "probs": [[0.23457639266553784, 0.24900997053591747, 0.24510601525695824, 0.27130762144158643], [0.22740748048866294, 0.23777044879966522, 0.21470210913815327, 0.32011996147351857], [0.2445450388463415, 0.2477857135318432, 0.24392424157915726, 0.26374500594265804], [0.2480706460238378, 0.25737929725128494, 0.27615005186642466, 0.2184000047584526], [0.2538923881114091, 0.22695207255370733, 0.2473567538109908, 0.2717987854238928], [0.25669678660602196, 0.22765072838696143, 0.22766832665806735, 0.28798415824894924], [0.3484800159582703, 0.1902694999981392, 0.14236703513629126, 0.3188834488072993], [0.37059504561324114, 0.21724073781936126, 0.19156216431358145, 0.22060205215381617], [0.41421936192600345, 0.21586855397058186, 0.15910076077481827, 0.2108113232285964], [0.3916456161292989, 0.2225892129703677, 0.18159379333816675, 0.20417137746216665], [0.4073845445702387, 0.17602373657850512, 0.21397230026966416, 0.202619418481592], [0.31393476849732477, 0.16632918763987117, 0.26794305041818045, 0.25179299334462363], [0.3399873280177667, 0.24588856074071097, 0.16628324484850573, 0.24784086629301658], [0.33811815058255906, 0.25622500821360167, 0.17600045309688928, 0.22965638800694999], [0.33595766612634204, 0.2300590058913542, 0.21952384053884624, 0.21445948734345752], [0.3579675363530635, 0.2471755220397156, 0.16453037154609856, 0.23032656996112233], [0.2905132130911527, 0.19431204802369992, 0.2494776509530564, 0.265697087832091], [0.2982957958876814, 0.20108810065165938, 0.13907760380307832, 0.3615384995575809], [0.2518015095191857, 0.28217380358242067, 0.23021130486595037, 0.23581338193244328], [0.2726922509088105, 0.2891932894360928, 0.1807926961244439, 0.25732176343065283], [0.22279323805080428, 0.25558068269771694, 0.32568555513385145, 0.19594052401762732], [0.22631931781058376, 0.25150071447804667, 0.23247383983460626, 0.2897061277767633], [0.21161386597341925, 0.23535689796496861, 0.2504878490621985, 0.3025413868994136], [0.20263853365185233, 0.26144051159627724, 0.1698342387233082, 0.36608671592856223]], "ideal": "C", "sampled": "B", "correct": false}}
