{"type": "result", "data": {"idx": 0, "options": ["164%", "1.64%", "0.45%", "183%"], "probs": [[0.3407405512963567, 0.30459373278570834, 0.1569084031154245, 0.19775731270251046], [0.36453319942882745, 0.2786110514744687, 0.17873198483295136, 0.17812376416375247], [0.3227740727705621, 0.2094430860833567, 0.24349709617155382, 0.22428574487452738], [0.33920048705526606, 0.18821896242518327, 0.2725143594775889, 0.20006619094196174], [0.3517347783532539, 0.3144283183753964, 0.17114379530290744, 0.16269310786844218], [0.3379965575295898, 0.31182603438772966, 0.15697216197644268, 0.19320524600623787], [0.2644646206898962, 0.40224442481316636, 0.14229104133451198, 0.19099991306242547], [0.23066526190113748, 0.3824475578185336, 0.23036056294345506, 0.1565266172368738], [0.2948005672875627, 0.1883181445599913, 0.2901034825811845, 0.22677780547126147], [0.2585258676244974, 0.1785877777895392, 0.33200278368273206, 0.2308835708032313], [0.2183845327289668, 0.39163476287123516, 0.23221580441836423, 0.15776489988143383], [0.23197051081634004, 0.3876622434366186, 0.15662971604180795, 0.2237375296052334], [0.19163039324751482, 0.38339295979480587, 0.2203135490197167, 0.20466309783796263], [0.18262567842228325, 0.35708775580698054, 0.2783566373553178, 0.18192992831541838], [0.20085397952929368, 0.3253185007253486, 0.287469403977135, 0.1863581156682227], [0.20199617756344845, 0.28644438729136645, 0.31037657782137373, 0.2011828572238113], [0.1869482668011955, 0.39222806103735774, 0.24180020029212693, 0.1790234717693198], [0.20354164277651243, 0.3825350504395098, 0.21134329554415893, 0.20258001113981883], [0.34981347169398347, 0.2634019929921079, 0.21706231583160088, 0.16972221938230772], [0.35798642882185994, 0.27381221805384165, 0.1729265944232513, 0.1952747586010471], [0.3373134387180734, 0.2499245442143903, 0.24660572754403493, 0.16615628942350136], [0.3279170989662317, 0.279794722767507, 0.1880680024435803, 0.204220175722681], [0.34974028614420233, 0.19715743667426744, 0.2402324008632157, 0.2128698762183145], [0.3239615809003167, 0.21352462150219736, 0.24249754482321562, 0.22001625267427033]], "ideal": "A", "sampled": "D", "correct": false}}
{"type": "result", "data": {"idx": 1, "options": ["No effect No effect", "No effect Understated", "Understated No effect", "Understated Understated"], "probs": [[0.20782191429974886, 0.25993873891797814, 0.21375576512595978, 0.3184835815563132], [0.2299621265919245, 0.2680904407179223, 0.32398478242586026, 0.17796265016429294], [0.27536357677344675, 0.2996914222398858, 0.19612155239356321, 0.22882344849310424], [0.20581344994712783, 0.24954710895588628, 0.3582947467382924, 0.18634469425869343], [0.24486600954763235, 0.4365208641683035, 0.17691323950219862, 0.14169988668186556], [0.2630569895383368, 0.4269835884891595, 0.15518310433291613, 0.15477631753958757], [0.29594633421242644, 0.2195172491378202, 0.19372329402600585, 0.2908131225237475], [0.28753685091430947, 0.20496539158662733, 0.33128567539461595, 0.17621208200444724], [0.321492875760043, 0.2662785311331526, 0.190013867746457, 0.22221472526034738], [0.2520132472849269, 0.2619715137538965, 0.3188740671201011, 0.16714117174107546], [0.310210223312795, 0.3382719704428006, 0.18885692670756096, 0.16266087943684343], [0.2822238122471929, 0.33812244715520745, 0.20255766203292214, 0.1770960784646775], [0.3437425247048692, 0.20171447396816003, 0.2167956861159324, 0.2377473151110384], [0.32927976563499783, 0.1663229241954543, 0.348394020683764, 0.15600328938578384], [0.37598111101261694, 0.2483556196335267, 0.15523026419427602, 0.22043300505958033], [0.37176088813278807, 0.23256583959969518, 0.22747970098308185, 0.16819357118443487], [0.309106414124847, 0.3450532904675257, 0.17717536056021388, 0.16866493474741345], [0.2984094245738466, 0.35172572368783095, 0.1820702539254638, 0.1677945977128586], [0.4576304647928104, 0.23337986019692172, 0.15649976625219655, 0.15248990865807133], [0.4746148045344492, 0.2184049053573435, 0.15849890994177582, 0.14848138006643144], [0.44342406919002775, 0.24680268394263166, 0.1653511499395847, 0.14442209682775592], [0.478600768911708, 0.20881847789693705, 0.14669565239247906, 0.16588510069887588], [0.4717449036478916, 0.1901197646314626, 0.16256827877766172, 0.17556705284298407], [0.4678170680531939, 0.18999713657386527, 0.1827770024355263, 0.15940879283741452]], "ideal": "B", "sampled": "D", "correct": false}}
{"type": "result", "data": {"idx": 2, "options": ["Nonsampling risk arises from the possibility that, when a substantive test is restricted to a sample, conclusions might be different than if the auditor had tested each item in the population.", "Nonsampling risk can arise because an auditor failed to recognize misstatements.", "Sampling risk is derived from the uncertainty in applying audit procedures to specific risks.", "Sampling risk includes the possibility of selecting audit procedures that are not appropriate to achieve the specific objective."], "probs": [[0.4536753059788326, 0.26540641589904473, 0.16140387108926904, 0.11951440693285358], [0.4084234358982144, 0.2585990803757717, 0.1647358287627419, 0.168241654863272], [0.5970935046941931, 0.12521901352288786, 0.1816218441059808, 0.09606563757693826], [0.5645384787948645, 0.13528776167470363, 0.15262587366962052, 0.14754788576081132], [0.5304767646997207, 0.13755454531589117, 0.2026509851804674, 0.12931770470392068], [0.525341837035226, 0.13828212687288965, 0.1855026372782076, 0.1508733987136768], [0.24691467518171217, 0.5814033626588696, 0.09925539113936661, 0.07242657092005154], [0.2431024109380685, 0.5300969958498639, 0.11619794852917323, 0.11060264458289432], [0.29371147250757, 0.17300685593965398, 0.43462411925975963, 0.0986575521930164], [0.24769676098278903, 0.17601901553329485, 0.14944242162167326, 0.42684180176224285], [0.23578136369556824, 0.13162854704817756, 0.5163382445158273, 0.11625184464042689], [0.23430338499587203, 0.14466512201769902, 0.26485475895140453, 0.3561767339350244], [0.29612486227807633, 0.4363049073242737, 0.15675706459100286, 0.11081316570664716], [0.352137150968692, 0.39768034512059963, 0.1311133364539859, 0.11906916735672242], [0.23541087786774903, 0.1292460757828926, 0.539895137341539, 0.09544790890781928], [0.2667963107256757, 0.1453503627445755, 0.1756285559678697, 0.41222477046187905], [0.30380206580417674, 0.13623287797346928, 0.4502643681809331, 0.10970068794142084], [0.23015552585389748, 0.12843339048208896, 0.11965127944009593, 0.5217598041239176], [0.2614830991143304, 0.4337510699531149, 0.16978941603110947, 0.1349764148014452], [0.2944614422531162, 0.4241320978038012, 0.14311806005826191, 0.1382883997848207], [0.2049359751684183, 0.12666148964310087, 0.5538662465157725, 0.11453628857270834], [0.27131286665040427, 0.15490661790768886, 0.28841144273394265, 0.2853690726079642], [0.26785640708555614, 0.22126341364867813, 0.38468067114616095, 0.12619950801960475], [0.20253429871068687, 0.18933836611231644, 0.11930583293392907, 0.4888215021430676]], "ideal": "B", "sampled": "A", "correct": false}}
{"type": "result", "data": {"idx": 3, "options": ["Inspect inventory items that were ordered before the year end but arrived after the year end.", "Test internal control activities that were previously reported to management as inadequate.", "Review the client's cutoff bank statements for several months after the year end.", "Compare the latest available interim financial statements with the statements being audited."], "probs": [[0.17623307642690283, 0.11410011669969551, 0.5235329074808115, 0.18613389929259014], [0.20704960768464917, 0.13196152954260668, 0.4539498348117533, 0.20703902786099085], [0.2328076116390388, 0.3765426659924844, 0.09888876449569338, 0.2917609577727834], [0.2529009448461161, 0.4392628142182873, 0.21775214726338052, 0.09008409357221615], [0.2668621222115155, 0.2216130726010246, 0.10158773825216925, 0.4099370668352906], [0.31519210335440606, 0.26814264056385345, 0.325197368827725, 0.09146788715401544], [0.12167017251280801, 0.117315270868992, 0.5920039458875224, 0.16901061063067754], [0.1416029589748949, 0.13332111734841856, 0.5330145199655586, 0.1920614036111279], [0.1366002122667938, 0.3265291476409625, 0.11902112601268032, 0.4178495139795634], [0.14509241065284448, 0.4027435123108882, 0.35097264717030546, 0.10119142976596185], [0.12526565042282276, 0.24389354918582828, 0.09029012379398313, 0.5405506764973659], [0.1948592989675942, 0.3952474056570969, 0.25372919815818146, 0.15616409711712745], [0.3157144251362853, 0.1616247920809894, 0.11384411796950422, 0.4088166647132211], [0.36957696902580955, 0.18941621903856362, 0.3424385266208608, 0.09856828521476607], [0.2732248170832647, 0.1442561980494366, 0.14221500706532061, 0.4403039777019781], [0.288671744516131, 0.15622635743090738, 0.44482589092420427, 0.11027600702875737], [0.5303965526525196, 0.26530312090265845, 0.0953607615948184, 0.10893956475000348], [0.523137811691436, 0.25537738391719583, 0.09394808927690342, 0.12753671501446476], [0.30887809622833434, 0.12484627308823626, 0.10623437244302421, 0.4600412581404052], [0.3528937802228232, 0.13310817279403017, 0.4263891406344895, 0.0876089062486571], [0.26927666449136417, 0.12434961742076044, 0.11070411073852612, 0.4956696072493492], [0.37322523630067844, 0.13008090658554636, 0.34517690021554615, 0.15151695679822907], [0.5507963998843024, 0.20443154531775135, 0.11761375208986095, 0.12715830260808528], [0.5394580283302326, 0.20165867800992748, 0.10395100556837605, 0.15493228799146383]], "ideal": "D", "sampled": "C", "correct": false}}
{"type": "result", "data": {"idx": 4, "options": ["Accounting Standards Updates.", "Emerging Issues Task Force Releases.", "Statements of Financial Accounting Standards.", "Staff Technical Bulletins."], "probs": [[0.8663069056329423, 0.05552464743923588, 0.04046835493650903, 0.03770009189131272], [0.8398482091542435, 0.05643771541591585, 0.029203027307476887, 0.07451104802236372], [0.86973341058984, 0.060247533824908744, 0.02971636732254003, 0.040302688162711216], [0.871575425948845, 0.06281738376637176, 0.029357442851551993, 0.03624974733323126], [0.8446098941007942, 0.05540760461486664, 0.02450297336213827, 0.07547952782220083], [0.8643594028433487, 0.06326360122544844, 0.03702650949990498, 0.03535048633129788], [0.12814507173534692, 0.805800575067002, 0.03620314306112765, 0.029851210036523447], [0.11670046857700274, 0.8057221477852613, 0.03484777005202198, 0.04272961348571401], [0.11662025748517177, 0.19331343470070803, 0.6649211048414974, 0.02514520287262281], [0.09416401823070555, 0.17259346998320102, 0.07241357797998496, 0.6608289337061085], [0.10713804392408544, 0.1028289708821207, 0.7571849141572405, 0.032848070936553286], [0.08755270912681938, 0.11836013157138564, 0.24777795358671253, 0.5463092056150824], [0.15966304953508514, 0.7685936126426894, 0.03792265367984922, 0.03382068404237621], [0.15513126492762738, 0.7769969672044578, 0.03600960956150206, 0.03186215820641275], [0.13572770229368408, 0.10611364145527567, 0.7388054062916127, 0.019353249859427532], [0.11247634551364918, 0.08863200727315525, 0.06322920878406255, 0.735662438329133], [0.1250103914511623, 0.12255534337582305, 0.7297308483009377, 0.02270341677207692], [0.10954471032806909, 0.09478418415054246, 0.05691398388936221, 0.7387571215320262], [0.11935337765088776, 0.7984738438352483, 0.03643395419539454, 0.045738824218469414], [0.12362911312506199, 0.808178100244197, 0.03684659825385916, 0.03134618827688183], [0.0908436675283061, 0.07632504309103785, 0.8049865671667739, 0.027844722113882177], [0.07671070326725557, 0.09086706014162782, 0.22209926609259917, 0.6103229703985175], [0.10118070346806116, 0.23619758079985226, 0.6321912937139491, 0.030430421918137492], [0.08379001231987329, 0.20009389666772098, 0.06685699571639044, 0.6492590951960153]], "ideal": "A", "sampled": "A", "correct": true}}
{"type": "result", "data": {"idx": 5, "options": ["\u2212$3", "\u2212$27", "$3", "$500"], "probs": [[0.32050454135752604, 0.19309134491701188, 0.2221620645574783, 0.2642420490679838], [0.31636502864229504, 0.21263751068615172, 0.2864157514521799, 0.18458170911937333], [0.3309008926909668, 0.2602099063638455, 0.17044863831267093, 0.23844056253251678], [0.31318002936092443, 0.272923260899908, 0.22972647843447822, 0.18417023120468937], [0.34292095470880674, 0.2822789163813031, 0.2079224145146717, 0.1668777142952185], [0.3308654673711499, 0.29488953161938025, 0.1842142480587214, 0.19003075285074844], [0.30741453625785575, 0.17818837131548776, 0.23802423829476363, 0.2763728540318928], [0.37235691378904595, 0.16914601140393207, 0.3046608152478742, 0.15383625945914775], [0.3638082986138795, 0.2041421651018837, 0.16786995278304057, 0.26417958340119624], [0.35027377228182605, 0.20452160216961313, 0.29816462253786896, 0.14704000291069183], [0.38163488530820616, 0.26635309654264805, 0.1664912973700672, 0.18552072067907857], [0.37102280937827364, 0.27181976220810894, 0.1807624047586637, 0.17639502355495373], [0.3571339281191479, 0.19895757740552622, 0.18252617249107697, 0.2613823218842489], [0.3737342524333994, 0.20340339256592335, 0.21658336592162597, 0.20627898897905128], [0.32430348280261634, 0.26130476980732653, 0.17506030461021505, 0.23933144267984205], [0.3400892710292431, 0.245452091344363, 0.26125524868407474, 0.15320338884231915], [0.36920137539384074, 0.29059209117701046, 0.15147691286433812, 0.18872962046481065], [0.3421065807000423, 0.26106607911360286, 0.21771773693768562, 0.17910960314866925], [0.3101441813673746, 0.21538377975181944, 0.27687528314093707, 0.1975967556398689], [0.28481208426452415, 0.21750494187370636, 0.32448618633821663, 0.17319678742355288], [0.3358587026260211, 0.264366447899131, 0.19602786002583025, 0.2037469893490177], [0.32958610369309593, 0.26366903196608205, 0.20819557270431674, 0.19854929153650527], [0.3023381648751852, 0.25182448314148337, 0.22906778875278827, 0.2167695631305431], [0.2973444385040812, 0.23084376979872112, 0.29641105949977214, 0.17540073209742554]], "ideal": "C", "sampled": "D", "correct": false}}
{"type": "result", "data": {"idx": 6, "options": ["Overstated Understated", "Understated Overstated", "Overstated No effect", "No effect No effect"], "probs": [[0.4765489029922043, 0.220134865915594, 0.14123756971679033, 0.16207866127541135], [0.45175700702088034, 0.23531640713072435, 0.1685363625039549, 0.14439022324444042], [0.4397204655260716, 0.16701917096592422, 0.2054073596115413, 0.18785300379646291], [0.44115861281883356, 0.1719976360627998, 0.17930176739373985, 0.2075419836246268], [0.42468976337403347, 0.1841501565965121, 0.2512488029459878, 0.13991127698346667], [0.44081457788090656, 0.1769661131776316, 0.1817612173709125, 0.20045809147054935], [0.46634049114359866, 0.22074209654766822, 0.14384640108787208, 0.16907101112086104], [0.48278269783666117, 0.22334574334665938, 0.15875616360776756, 0.13511539510891185], [0.4025766133091618, 0.18204880706490095, 0.24447054429975595, 0.17090403522618133], [0.4130336878328694, 0.19595779184590514, 0.18896229281678203, 0.20204622740444336], [0.44514831569203617, 0.17868277003663718, 0.2306071210038797, 0.1455617931674469], [0.40421044822465463, 0.17997722325909427, 0.18644139168782253, 0.22937093672842856], [0.32208283292636336, 0.30911664769911185, 0.19839341049624046, 0.17040710877828436], [0.3089411808399193, 0.3181890499543491, 0.18008415130834765, 0.19278561779738396], [0.3527845739965514, 0.27150869366791747, 0.20216965673332307, 0.17353707550220807], [0.3443569540633121, 0.28046703335818374, 0.17974224684825196, 0.19543376563025217], [0.29103457924793513, 0.17290383575617763, 0.3549863695743341, 0.18107521532155313], [0.31945963138692135, 0.18138165090870442, 0.30318365853304186, 0.19597505907133236], [0.3424041074888465, 0.2892372098048535, 0.22567123844963347, 0.14268744415666654], [0.3520340411290731, 0.279333634388311, 0.16797477494140925, 0.20065754944120665], [0.36238942366853877, 0.28504808035336066, 0.20738326265029944, 0.1451792332278011], [0.3141621993788167, 0.2786368172879058, 0.18003781406327488, 0.22716316917000268], [0.22431337162655465, 0.20652469375080837, 0.37061711037574124, 0.1985448241468957], [0.27180548284589495, 0.2090637441188956, 0.3053408724356931, 0.2137899004995164]], "ideal": "D", "sampled": "A", "correct": false}}
{"type": "result", "data": {"idx": 7, "options": ["$100", "$104.29", "$96.71", "$97.33"], "probs": [[0.17411993442224713, 0.6028691529624792, 0.14555083213781156, 0.07746008037746212], [0.1689058256643922, 0.6032392426963352, 0.14006079836324553, 0.08779413317602709], [0.14028956987610444, 0.7064531348781505, 0.09414568463802638, 0.0591116105077186], [0.14630218139821566, 0.6759070199426331, 0.10955120469232184, 0.06823959386682936], [0.1453015619793251, 0.6980252215258486, 0.09595508133054127, 0.06071813506428505], [0.1448235850767818, 0.6689335204786548, 0.11817560953391923, 0.06806728481064415], [0.42554568288960587, 0.2535056712931431, 0.2179017018032839, 0.10304694391396713], [0.3736281636933157, 0.24438848724918738, 0.24192215139350795, 0.14006119756398897], [0.4155509378594887, 0.2916659051260919, 0.1890655415524973, 0.10371761536192209], [0.3642695004019876, 0.29886037553630407, 0.16164361179707706, 0.17522651216463128], [0.4022009612039435, 0.30286483778695555, 0.18294165626971312, 0.11199254463938786], [0.33671047306928437, 0.2963611361899331, 0.17758182747864096, 0.18934656316214157], [0.3932671751647583, 0.2611904578270582, 0.2392532204952936, 0.10628914641288993], [0.4582360156649477, 0.2663379052959463, 0.16874739777468076, 0.10667868116442521], [0.4407231410735495, 0.22791906679558546, 0.21693439294610303, 0.11442339908476203], [0.4418199526279433, 0.23003511933067472, 0.1346723695062323, 0.19347255843514966], [0.42152871421148985, 0.2469544783895278, 0.1995409518417567, 0.13197585545722565], [0.42464353997270354, 0.23339612431880208, 0.14105160322788082, 0.20090873238061357], [0.38522086691642643, 0.26191363516553634, 0.24953908469384226, 0.10332641312419495], [0.48496676298745206, 0.2627499283848245, 0.15641718402056023, 0.09586612450716317], [0.4349557400468661, 0.23378900755333196, 0.21923263062163123, 0.1120226216781707], [0.44054122744004814, 0.22924784848399593, 0.12809722696888498, 0.2021136970070709], [0.4355870186846975, 0.24929834899793546, 0.20463652906755667, 0.11047810314981034], [0.43015639687777274, 0.24394854173758337, 0.13314610321543016, 0.19274895806921374]], "ideal": "D", "sampled": "C", "correct": false}}
{"type": "result", "data": {"idx": 8, "options": ["It will be reclassified as an asset held for sale.", "It will be classified as a current asset.", "It will no longer be depreciated.", "It will be valued at historical cost."], "probs": [[0.37921331459107654, 0.22609215156237816, 0.20336729892149305, 0.19132723482505223], [0.3948058011074826, 0.20261864946461172, 0.20514841948714874, 0.19742712984075694], [0.382106805076136, 0.2642634769374591, 0.15804625810523498, 0.19558345978116992], [0.3828120231245606, 0.2818327843861081, 0.19866293666760318, 0.1366922557217281], [0.38224678088637026, 0.22069615955839475, 0.18363476740566065, 0.2134222920495743], [0.3789914548018073, 0.2600782513358391, 0.2179123908063414, 0.14301790295601224], [0.3516408011454609, 0.25734586287982325, 0.1961536614744508, 0.19485967440026503], [0.3612043911036907, 0.23103952749802242, 0.20142874419803886, 0.206327337100248], [0.3273561152180255, 0.24137728324902497, 0.2440423111056585, 0.18722429032729102], [0.3535088843720966, 0.19327862270808677, 0.18339800559537456, 0.269814487224442], [0.3457819973681195, 0.19660810513056667, 0.24216644055953876, 0.2154434568417751], [0.34518108282781557, 0.18007396428086622, 0.1804821219931681, 0.2942628307981501], [0.336801817192838, 0.27071200431929976, 0.19689251163972502, 0.19559366674813716], [0.3631712224571427, 0.27645471180786213, 0.20737950865753518, 0.15299455697745998], [0.3037000135937623, 0.22596626991603339, 0.2824112004837151, 0.1879225159064892], [0.34098026661115866, 0.1809413012821529, 0.1960910289701087, 0.28198740303657976], [0.33255682878850007, 0.22671666262490328, 0.2855183013474766, 0.15520820713912006], [0.3193960439929444, 0.18031388250702696, 0.1864657523078158, 0.3138243210922128], [0.32685910678041386, 0.25045757736867746, 0.22202558151571228, 0.20065773423519642], [0.31590699675638956, 0.29704820664164927, 0.2507140002787633, 0.13633079622319794], [0.3124968502357091, 0.21464376789103576, 0.2687034686744764, 0.2041559130987787], [0.3140724254223685, 0.1932177216632011, 0.18923608674845058, 0.3034737660659798], [0.302198499410927, 0.2543987631543392, 0.28489148613941856, 0.15851125119531526], [0.3015338390306944, 0.19609909663328243, 0.2013447820538168, 0.30102228218220634]], "ideal": "D", "sampled": "A", "correct": false}}
{"type": "result", "data": {"idx": 9, "options": ["$28,000", "$132,000", "$160,000", "$188,000"], "probs": [[0.30831679239294124, 0.3545837051128853, 0.16494084647226712, 0.17215865592190632], [0.3183931863707861, 0.34939531906648413, 0.16768790030197747, 0.16452359416075227], [0.31480802978753264, 0.3048022868806668, 0.20987695214300375, 0.17051273108879675], [0.32659408933523826, 0.3016434952559948, 0.1921010045828199, 0.17966141072594707], [0.33022659029559354, 0.3349752624005302, 0.17949197649674858, 0.15530617070712768], [0.3168692432117649, 0.3314502983112122, 0.17480117862269975, 0.1768792797543231], [0.31361394006537097, 0.4215742898504141, 0.1263277158806189, 0.138484054103596], [0.3153516492834487, 0.42367421490221346, 0.1260274257844168, 0.134946709929921], [0.3087291143172006, 0.2221411714801521, 0.30947882147208144, 0.15965089263056584], [0.2780075751863341, 0.24108541727889982, 0.17638186144203014, 0.3045251459927359], [0.30886519412387065, 0.24015438912127524, 0.2862221640989387, 0.1647582525559154], [0.2876189605958888, 0.24574349451970084, 0.1797897788733791, 0.2868477659110312], [0.2599219122257472, 0.44888294407532425, 0.15265043305793424, 0.1385447105409943], [0.2683682045346504, 0.4495470560300115, 0.13901981255659634, 0.1430649267787418], [0.23419034827677493, 0.34637836134514, 0.28753909894242075, 0.13189219133566435], [0.23041485934381828, 0.3458936317185463, 0.1508355036476071, 0.27285600519002834], [0.25877543124462804, 0.2586396518699131, 0.3080610196851131, 0.17452389710034577], [0.23542229828864497, 0.2707585692134942, 0.19214607773289874, 0.3016730546649621], [0.2883426122581276, 0.4192021440564894, 0.14815465497410849, 0.1443005886112745], [0.2883632397633944, 0.4122828551925345, 0.14345022613239963, 0.15590367881167147], [0.268273762787165, 0.28542383651788356, 0.29985903796955354, 0.1464433626253979], [0.2645625471804224, 0.28123754260111816, 0.16015830634422892, 0.2940416037742305], [0.2827764324810061, 0.2695397613878826, 0.2921550739046061, 0.1555287321265052], [0.2599706831327575, 0.2678619503172719, 0.1784345278665269, 0.29373283858344373]], "ideal": "C", "sampled": "A", "correct": false}}
{"type": "result", "data": {"idx": 10, "options": ["$100", "$2", "$500", "$200"], "probs": [[0.44084174093430195, 0.2278063181978097, 0.17382085580608791, 0.15753108496180046], [0.45808240766712816, 0.23132067916464258, 0.17794980106958447, 0.13264711199864476], [0.4086189208721948, 0.22819943383737126, 0.20531370927853068, 0.15786793591190323], [0.42713787713177553, 0.22237941455878757, 0.17766356035265268, 0.17281914785678418], [0.42701407425179944, 0.24628566981305458, 0.19097250480776096, 0.135727751027385], [0.403658545303976, 0.22202434138441188, 0.18315468874125185, 0.19116242447036025], [0.2777131878370445, 0.3396431308538758, 0.19539563938200474, 0.18724804182707494], [0.27320808576605643, 0.367022549577944, 0.1984585254956289, 0.16131083906037064], [0.2783081274694269, 0.35953224237441217, 0.21017279041949427, 0.15198683963666668], [0.28599297997475764, 0.36372232433496565, 0.17338529227430272, 0.176899403315974], [0.2842024818555659, 0.3449715087937413, 0.2215399641953864, 0.14928604505530638], [0.27572397216554867, 0.31664116131003767, 0.2001541167343411, 0.20748074969007252], [0.4037689208018993, 0.2537567279419354, 0.19822668731872792, 0.14424766383743742], [0.42816207446588167, 0.246811900215679, 0.16853903483462315, 0.1564869903838161], [0.42461842294261504, 0.22844508288006382, 0.20866478977500907, 0.13827170430231206], [0.41052259845752753, 0.22594305390585787, 0.18786157015448798, 0.17567277738212664], [0.42396882625340654, 0.1995995521584496, 0.19083330385962313, 0.18559831762852072], [0.43141116810795427, 0.20466440574288497, 0.19592913721666214, 0.16799528883249865], [0.4486877784075342, 0.2546643240595211, 0.1648276249950917, 0.131820272437853], [0.4380704694835795, 0.2334258670360988, 0.16074381527569073, 0.16775984810463093], [0.4485001995264078, 0.21616136179673803, 0.19602774665862283, 0.13931069191823134], [0.431070361626531, 0.2175173033546068, 0.16993059693481366, 0.18148173798404849], [0.4193897953482887, 0.22713508184359188, 0.19024469596131446, 0.163230426746805], [0.4133368668539714, 0.22395923397746387, 0.1952465147293092, 0.1674573843392555]], "ideal": "D", "sampled": "A", "correct": false}}
{"type": "result", "data": {"idx": 11, "options": ["$0", "$15,000", "$20,000", "$40,000"], "probs": [[0.3150220466086846, 0.29969098714437814, 0.14624996263934031, 0.23903700350759693], [0.28535730494260203, 0.29374111571179284, 0.26464501809349705, 0.15625656115210804], [0.3465308197013088, 0.28641908931223725, 0.12730763661620045, 0.2397424542702535], [0.2856721707492203, 0.28052069062046253, 0.2822123299428342, 0.15159480858748303], [0.34717487374498907, 0.3516658157751452, 0.1588917171135629, 0.1422675932663028], [0.32178721308153474, 0.3637526089148448, 0.15794544155725074, 0.15651473634636973], [0.24768151894003326, 0.4407079317883306, 0.12052002072291426, 0.19109052844872185], [0.22485583048501612, 0.4535366999831284, 0.1925088488125978, 0.12909862061925764], [0.2778156697472276, 0.17594003675608763, 0.3065721094301735, 0.2396721839665113], [0.2180740502545607, 0.16922926648907446, 0.3855983557077339, 0.22709832744863095], [0.24136678872078976, 0.41640153523095813, 0.20364369449963227, 0.13858798144861983], [0.23394804667693272, 0.42270438914159975, 0.11487490425879852, 0.22847265982266898], [0.24368176588011103, 0.4544310704739765, 0.10464707327770996, 0.1972400902682025], [0.22376912506953253, 0.47329070647569405, 0.18132517685623864, 0.12161499149853476], [0.2790822254785301, 0.18253027988815576, 0.2940308924637789, 0.24435660206953524], [0.23290181851745634, 0.17518918736581057, 0.3746338001899939, 0.21727519382673915], [0.2453496194437609, 0.423156595532847, 0.20226876737045296, 0.1292250175529391], [0.2409259206298574, 0.44233223118177606, 0.09216238292976989, 0.22457946515859664], [0.273529589148825, 0.4721827804570084, 0.12218081949919549, 0.13210681079497108], [0.2638578853428027, 0.4771709157245472, 0.12443820389229199, 0.13453299494035817], [0.27594622144484093, 0.29809298219999025, 0.2860199127501358, 0.13994088350503303], [0.2658539692355528, 0.3464083645413981, 0.12375423963803618, 0.26398342648501283], [0.2655725558007193, 0.29113692909956085, 0.2977497368082599, 0.1455407781914599], [0.2497400119728446, 0.315206935517055, 0.1359128166327219, 0.2991402357773786]], "ideal": "B", "sampled": "A", "correct": false}}
{"type": "result", "data": {"idx": 12, "options": ["Engagement performance.", "Risk analysis.", "Safeguarding of assets.", "Information processing."], "probs": [[0.32429592831778276, 0.23405077353608258, 0.1497484996840068, 0.2919047983621279], [0.3431107844168703, 0.24757600211516825, 0.1854747003664255, 0.22383851300153593], [0.3019916043867378, 0.16830184817880073, 0.2784058360779409, 0.25130071125652054], [0.3027739732328083, 0.17679768272069343, 0.2501110061719942, 0.27031733777450406], [0.32773402818344, 0.29665488443768123, 0.18569460786057163, 0.1899164794183071], [0.3095845214403424, 0.2693482539792911, 0.13627093554199007, 0.28479628893837644], [0.4734343587878769, 0.18278391657431955, 0.11416906117251253, 0.229612663365291], [0.4826723418942662, 0.19377810384877422, 0.1496672563253914, 0.17388229783156814], [0.4357034265559322, 0.16308078168191886, 0.17775875328193727, 0.22345703838021166], [0.4476568960951469, 0.1599256724014639, 0.153648245792503, 0.2387691856108862], [0.4519547819639293, 0.18434165416304624, 0.19033271072391716, 0.17337085304910732], [0.44500850304268086, 0.16255276509063005, 0.10396261154426407, 0.288476120222425], [0.25996311334321015, 0.3566826720171917, 0.18033627357752566, 0.2030179409620724], [0.26150423285730295, 0.34505534168607555, 0.17438232896968334, 0.21905809638693818], [0.3006256177627581, 0.2768042046031087, 0.19456082290609927, 0.22800935462803393], [0.294555020627427, 0.26899184170704277, 0.15173258471565546, 0.2847205528498748], [0.2323655714647394, 0.24239008893956496, 0.29740147893430613, 0.2278428605613895], [0.2691643277907073, 0.23258498655295573, 0.20349367264103962, 0.2947570129152973], [0.2864996662524094, 0.4088239486632434, 0.14994242115566864, 0.15473396382867852], [0.26923019866134723, 0.35769951921629434, 0.10952371368420552, 0.26354656833815293], [0.30119965213508043, 0.24642647454461286, 0.25885660505264724, 0.19351726816765943], [0.28596679225585603, 0.21617684410367832, 0.12880373383675636, 0.36905262970370933], [0.23619724373529313, 0.16390203670570525, 0.36274208256292234, 0.23715863689607927], [0.26723601615033415, 0.15977489470508663, 0.2662726561079586, 0.30671643293662065]], "ideal": "A", "sampled": "A", "correct": true}}
{"type": "result", "data": {"idx": 13, "options": ["$18,000", "$22,500", "$25,000", "$40,500"], "probs": [[0.3181829154173242, 0.3184946179071459, 0.17513474820293026, 0.18818771837259968], [0.3118639746653317, 0.2975694403841305, 0.19590841846108475, 0.194658166389453], [0.3214567303336075, 0.2795405387598877, 0.22046066818416885, 0.1785420626223359], [0.3168399442808918, 0.26687957243160476, 0.20553878212668783, 0.21074170106081563], [0.3047618178789488, 0.29546230147916946, 0.22931321769706411, 0.17046266284481762], [0.32584533510700814, 0.2811526651111524, 0.21480388197579459, 0.17819811770604485], [0.35228473300057933, 0.3181419731252658, 0.1556929680778134, 0.1738803256963414], [0.3372813014074063, 0.30696292336361464, 0.18548204663856493, 0.1702737284904141], [0.3473384678016462, 0.2502207159745812, 0.21534715590707704, 0.1870936602166956], [0.3243366825902476, 0.2543508746123903, 0.22044550208696898, 0.20086694061039306], [0.33801443892381994, 0.27806336927896824, 0.2143273151150885, 0.1695948765821233], [0.32987293597737344, 0.2799961566645053, 0.20261426267981944, 0.18751664457830186], [0.30524772402571915, 0.34353229400060464, 0.18440076706949632, 0.16681921480417988], [0.302626903285715, 0.31973909852080296, 0.19459642177965736, 0.18303757631382464], [0.31608748432813244, 0.33156415816806123, 0.1794996112405568, 0.1728487461632495], [0.309023643864729, 0.3313465664748818, 0.18957219733529695, 0.1700575922250922], [0.30917974381991686, 0.3022340445742555, 0.21540039133658542, 0.17318582016924217], [0.29384483217541185, 0.3105953772321606, 0.22460188973394618, 0.17095790075848136], [0.3362561614291654, 0.32610417866891755, 0.18783035222039443, 0.1498093075815226], [0.34412665197169645, 0.31840647212678425, 0.17794341377455994, 0.15952346202695936], [0.33776260889240334, 0.31757067211205964, 0.1844071663251663, 0.16025955257037072], [0.3377677004526359, 0.3198437189689428, 0.17312102533996485, 0.16926755513845645], [0.3468872113741413, 0.2810581409965475, 0.19400644878612372, 0.17804819874318742], [0.3352396687672871, 0.29124228899202736, 0.19332840698981618, 0.1801896351508693]], "ideal": "B", "sampled": "B", "correct": true}}
{"type": "result", "data": {"idx": 14, "options": ["$100 billion", "$80 billion", "$20 billion", "$10 billion"], "probs": [[0.3748794756562616, 0.3440024842869719, 0.14613251570201258, 0.1349855242547539], [0.3987145243335656, 0.33786979858310795, 0.13387288058119653, 0.12954279640212996], [0.37911928261183286, 0.2223457577951792, 0.2462254650082152, 0.1523094944847727], [0.3994869291382892, 0.251399576638831, 0.15567524729602458, 0.1934382468268552], [0.3655654733178207, 0.20773535655246012, 0.26913675262119025, 0.15756241740852892], [0.3958058775950396, 0.24147306790888753, 0.15191956673893012, 0.21080148765714277], [0.4558119909251493, 0.29146928460870014, 0.12000404654745399, 0.13271467781869653], [0.4498976867173212, 0.28320670758052907, 0.12412535675399071, 0.14277024884815898], [0.4700482855274356, 0.21963143673773877, 0.1680345709161, 0.14228570671872562], [0.4693729737118504, 0.23182462952725577, 0.13901978315453958, 0.15978261350635425], [0.4737059473517688, 0.20298765597697754, 0.17753215132368508, 0.14577424524756857], [0.47969494694725745, 0.21044657259405944, 0.14658058125045115, 0.16327789910823196], [0.2891613503251608, 0.28221490519338127, 0.27571832615822023, 0.15290541822323767], [0.3387301462928433, 0.29856701792571416, 0.14848877045550896, 0.21421406522593353], [0.282955931860705, 0.36042015129805816, 0.1924129191260037, 0.16421099761523314], [0.3097656368899524, 0.3706189691649797, 0.13571780918671508, 0.1838975846583528], [0.3407823189169385, 0.2650985519994526, 0.181807012703193, 0.21231211628041588], [0.36071678699796206, 0.26157083073405596, 0.19862574326687696, 0.179086638901105], [0.24055441853152584, 0.31352227455934456, 0.29005610507722734, 0.15586720173190222], [0.29017216829057074, 0.32595784440231657, 0.15343547323109594, 0.23043451397601675], [0.24585263428613707, 0.40271028872277526, 0.19705323872979877, 0.15438383816128892], [0.2786190724505793, 0.39953510758651123, 0.15095459963497165, 0.17089122022793782], [0.3059984788886451, 0.27186811372702774, 0.19545828095296894, 0.2266751263313582], [0.28210577786285573, 0.28648862666735103, 0.24112305402017986, 0.1902825413496133]], "ideal": "C", "sampled": "B", "correct": false}}
{"type": "result", "data": {"idx": 15, "options": ["Receivable confirmations received from the client\u2019s customers.", "Prenumbered receiving reports completed by the client\u2019s employees.", "Prior months\u2019 bank statements obtained from the client.", "Municipal property tax bills prepared in the client\u2019s name."], "probs": [[0.3217226314479647, 0.25684026263828036, 0.21803988839055072, 0.2033972174232042], [0.30656917270496736, 0.23339075891086486, 0.22798424485955773, 0.23205582342461004], [0.30942773815875446, 0.2340197562937367, 0.25133025643696416, 0.20522224901054467], [0.3083002360840366, 0.21557568653977915, 0.23881792241384334, 0.2373061548623409], [0.28455555436149804, 0.2764632105550868, 0.22017189858142214, 0.21880933640199296], [0.2951501353557321, 0.28021422443291155, 0.21134198024755252, 0.21329365986380383], [0.3190971064113927, 0.28630602783537895, 0.2124648870682576, 0.1821319785849707], [0.3203684687294072, 0.25754219291018937, 0.21824377773009823, 0.20384556053030514], [0.3627999234671166, 0.2083777400159401, 0.22164947452860304, 0.20717286188834028], [0.36055422362885753, 0.20227052570749984, 0.2343784009338247, 0.20279684962981795], [0.330891947063977, 0.2517217247400258, 0.20011423823535596, 0.21727208986064125], [0.3364226121440095, 0.25199361882093047, 0.21347890155925697, 0.19810486737580307], [0.3049341783357829, 0.2532539405160305, 0.2397128677085665, 0.20209901333962008], [0.29543541538284895, 0.23227504345202593, 0.23580620126424623, 0.23648333980087888], [0.31515980702943525, 0.257676847482092, 0.2183863287464841, 0.20877701664198867], [0.3254376947554354, 0.2519121169792033, 0.2084773778706928, 0.21417281029466853], [0.31253515739489046, 0.24597866097676668, 0.2151068533710053, 0.22637932815733758], [0.2982217878334983, 0.24976503102174094, 0.24943875520599684, 0.20257442583876392], [0.3232514310044367, 0.2332895432669515, 0.24043856917060932, 0.20302045645800246], [0.3212269794436887, 0.2373570764221258, 0.24109489854108007, 0.2003210454931054], [0.3375415453343578, 0.26130094732262926, 0.17904543608059004, 0.2221120711624229], [0.3448438746835819, 0.26482788514909955, 0.20091370344875897, 0.18941453661855956], [0.3404820656148613, 0.2167556603479793, 0.22011149105544228, 0.22265078288171714], [0.33329225079798047, 0.2172101917229968, 0.266131494408034, 0.18336606297098867]], "ideal": "B", "sampled": "B", "correct": true}}
{"type": "result", "data": {"idx": 16, "options": ["$10,000", "$25,000", "$44,000", "59000"], "probs": [[0.1744367532089782, 0.3156830464191374, 0.3134169969667597, 0.1964632033051247], [0.19623706648065065, 0.3405898707588702, 0.29331313686676824, 0.16985992579371093], [0.19518402834442342, 0.3241365108700875, 0.2463246622588181, 0.23435479842667098], [0.18685809054380814, 0.309437696745412, 0.32248324633120146, 0.1812209662795784], [0.1831888407285607, 0.4894257485377121, 0.14323873816488297, 0.18414667246884425], [0.18216071749652657, 0.4688120116001642, 0.19100920569463004, 0.15801806510867913], [0.26959836480305727, 0.18246379492842416, 0.3245021700534568, 0.22343567011506182], [0.3108777449844998, 0.1989286571382533, 0.27699780874161284, 0.21319578903563405], [0.261825110560921, 0.3897504152005019, 0.13008659882903703, 0.2183378753095401], [0.2332980106030462, 0.35176007004319904, 0.24863684915907866, 0.1663050700946761], [0.2864067511509539, 0.4022911130638295, 0.12441877834120782, 0.18688335734400882], [0.2283714847557748, 0.3754655644199632, 0.22147223181132453, 0.17469071891293744], [0.35327773756312514, 0.18886103942798876, 0.2091773418995573, 0.2486838810093288], [0.33375719186306285, 0.18795856831578361, 0.28565761444096244, 0.19262662528019106], [0.35152434251594955, 0.3188887739193801, 0.14486176832473743, 0.18472511513993295], [0.30988478657484647, 0.32266837355248046, 0.20104274151698984, 0.1664040982556832], [0.325510673367225, 0.38477685183662963, 0.12277812235070566, 0.1669343523454397], [0.300594057103823, 0.37847443847336865, 0.1591870164833173, 0.1617444878394911], [0.4002616226350834, 0.2062111856198089, 0.17824490897795017, 0.21528228266715752], [0.4033201754679339, 0.195036208462172, 0.20881432915072634, 0.1928292868191677], [0.4411014186566618, 0.2658587614670147, 0.11868279817458893, 0.17435702160173455], [0.31619756939531063, 0.2570693752349237, 0.2620060702597445, 0.1647269850100212], [0.34067821499278766, 0.3819731175517532, 0.12055811284767014, 0.15679055450778895], [0.31180687149357966, 0.36368133259718677, 0.1797883888804708, 0.14472340692876276]], "ideal": "C", "sampled": "D", "correct": false}}
