{"type": "result", "data": {"idx": 0, "options": ["Cerebral infarction during the hospitalization", "Complication of the IVC filter placement", "Compression of the lateral femoral cutaneous nerve", "Hematoma of the left thigh"], "probs": [[0.042621914451859116, 0.10135860777883896, 0.7859780220869168, 0.07004145558238511], [0.03633825311101358, 0.06374664215180444, 0.18364694248800875, 0.7162681621491732], [0.054423272604268366, 0.6801020502364026, 0.16607664523848115, 0.09939803182084786], [0.04904642689491978, 0.6685576511261719, 0.16721847833664424, 0.11517744354226409], [0.04430427104731589, 0.13839942777564812, 0.08821024898382888, 0.7290860520932071], [0.04414118376879544, 0.18127301058936185, 0.6904843315861483, 0.0841014739556944], [0.055444746377813374, 0.09503355479730198, 0.7721567634144632, 0.07736493531042155], [0.04690825828300674, 0.06261723837844173, 0.15906932347182134, 0.7314051797667301], [0.06830381906707701, 0.725108000195889, 0.1144362292072284, 0.09215195142980565], [0.06525479402310064, 0.7374684974738014, 0.12013898312154764, 0.07713772528155037], [0.055074094252052355, 0.10283568921846191, 0.07839947514343898, 0.7636907412860467], [0.0566474800883501, 0.13063197596748818, 0.7467352925946027, 0.06598525124955905], [0.7060269432267958, 0.09636287075939673, 0.10527873508825439, 0.09233145082555304], [0.6838904822348275, 0.09786744706449087, 0.12803075097802732, 0.09021131962265434], [0.7092963403551552, 0.11231867884228978, 0.09190085460890586, 0.08648412609364914], [0.726599086352062, 0.10812684731405267, 0.09569929396597264, 0.06957477226791262], [0.7010596058956426, 0.11914758826895631, 0.09088817576483636, 0.08890462997056463], [0.7307325652455287, 0.11043102960443142, 0.08833196100216223, 0.07050444404787767], [0.07831877980883199, 0.07017054944020501, 0.09317403008083491, 0.7583366405701281], [0.06714245531565169, 0.09100493111340498, 0.7572567543157736, 0.08459585915516975], [0.07222600235021584, 0.07109685930091832, 0.08868128919352963, 0.7679958490553362], [0.059948150580397395, 0.08257116960970953, 0.7967706289785125, 0.060710050731380624], [0.08395720454497863, 0.7051490071728422, 0.1061838495948924, 0.10470993858728676], [0.08636887885475016, 0.724827928758375, 0.10750939591699989, 0.08129379636987495]], "ideal": "C", "sampled": "C", "correct": true}}
{"type": "result", "data": {"idx": 1, "options": ["Braxton Hicks contractions", "lower uterine retraction ring", "hypotonic uterine dysfunction", "primary dysfunctional labor"], "probs": [[0.09816265310940872, 0.11516780775514054, 0.48807020737500434, 0.2985993316604464], [0.11078729066682297, 0.12686258080590052, 0.5742028737163455, 0.188147254710931], [0.10193512511772457, 0.41813379210423013, 0.13483312624213975, 0.3450979564359055], [0.10759097520574265, 0.36348722465865896, 0.37519220537408304, 0.1537295946615153], [0.12955325647558757, 0.544134966317019, 0.1357540765901639, 0.19055770051722956], [0.13315240640642667, 0.49771942200095975, 0.2082303849181804, 0.16089778657443315], [0.14435342060339407, 0.08641647611004571, 0.42447385503930346, 0.34475624814725675], [0.16609666992409042, 0.10258793676977765, 0.526312522145442, 0.20500287106068996], [0.11526964775467047, 0.5327698667227404, 0.09458127757827273, 0.25737920784431645], [0.10660133808515332, 0.4918339000336097, 0.29270145003162085, 0.10886331174961615], [0.13518589935121958, 0.6376808976143821, 0.08978364004464615, 0.13734956288975217], [0.12623041960996526, 0.6282747434067889, 0.12879577373763254, 0.11669906314561333], [0.4383550583877899, 0.11164575814084347, 0.1409626901008787, 0.30903649327048793], [0.40309148144893475, 0.09357796351454975, 0.35538824262431085, 0.14794231231220467], [0.4248974449477114, 0.18757701477252278, 0.11894390340282898, 0.26858163677693686], [0.24253085297717142, 0.10589679443392397, 0.526330320405164, 0.12524203208374063], [0.27985285250301595, 0.49594173224085164, 0.097136023035229, 0.12706939212090343], [0.26162445542580287, 0.5018120407556355, 0.11673103271747576, 0.1198324710010859], [0.647347371294513, 0.09234924338283788, 0.1096674469102791, 0.15063593831236993], [0.6334888338409175, 0.08296901731853491, 0.16520950196521428, 0.11833264677533332], [0.6454634954342076, 0.15813093592720642, 0.07755627083999427, 0.11884929769859179], [0.612454840665232, 0.14543169952117985, 0.14783986131619997, 0.09427359839738815], [0.5834787239134198, 0.24143896943532836, 0.0694687184305292, 0.10561358812072265], [0.5620547961014289, 0.2439090089581182, 0.09683322616940306, 0.09720296867104984]], "ideal": "C", "sampled": "D", "correct": false}}
{"type": "result", "data": {"idx": 2, "options": ["The findings are clinically and statistically significant", "The findings are clinically insignificant but statistically significant", "The findings are clinically significant but statistically insignificant", "The findings are neither clinically nor statistically significant"], "probs": [[0.33737830832408094, 0.3392888756929293, 0.18371086641996706, 0.13962194946302267], [0.31164624819550407, 0.33370223140803473, 0.22854184761530807, 0.1261096726811531], [0.33779225716835387, 0.25245971960525054, 0.25362126505096133, 0.15612675807543425], [0.37270706332909675, 0.2458829991887049, 0.24721784518842554, 0.1341920921937728], [0.3390802442688416, 0.3077014982392646, 0.2060861289295104, 0.14713212846238335], [0.3660391081813241, 0.3246266938310095, 0.16133946659559312, 0.14799473129207322], [0.4024869563016399, 0.36300480627406767, 0.13500266982778952, 0.09950556749650291], [0.38112130757335333, 0.36034667488309374, 0.15809737144319752, 0.1004346460003554], [0.4161611434973187, 0.22055413988181571, 0.2493219040185947, 0.11396281250227087], [0.4186350404797582, 0.21693360803342138, 0.1580134033998786, 0.20641794798694182], [0.3832266399938114, 0.1580872590331742, 0.3560907330102829, 0.10259536786273156], [0.43398510365252024, 0.183498793084397, 0.17998523322862148, 0.20253086993446123], [0.2040281550992926, 0.5449928328963746, 0.1338893691854816, 0.11708964271885118], [0.19061954459593514, 0.5503234903733222, 0.14523042845190448, 0.1138265364788382], [0.22889749021334818, 0.31701435690885543, 0.313971480279416, 0.14011667249838036], [0.2361003756287032, 0.3402639925139625, 0.18128481505488483, 0.24235081670244948], [0.18854568334882446, 0.20008831617952283, 0.4883368167288481, 0.12302918364280459], [0.2218073225338179, 0.24694036680793083, 0.2519682720638158, 0.27928403849443545], [0.2156629614765022, 0.48802331883691213, 0.17902065011466536, 0.1172930694719203], [0.22755111412587486, 0.5232990901647375, 0.14252173686805092, 0.10662805874133666], [0.22352629398123175, 0.2623426259268151, 0.41317986514355837, 0.10095121484839477], [0.2396074270903982, 0.30206689685642363, 0.2085312188734381, 0.2497944570797401], [0.21162800260024964, 0.18319779234471545, 0.5026613176952596, 0.10251288725977535], [0.2195743471164474, 0.22949911651700522, 0.26771134135430186, 0.2832151949122455]], "ideal": "B", "sampled": "A", "correct": false}}
{"type": "result", "data": {"idx": 3, "options": ["Atrial fibrillation", "Cor pulmonale", "Systemic hypertension", "Tricuspid valve regurgitation"], "probs": [[0.0934877018155325, 0.5145488764240042, 0.16145188817644052, 0.23051153348402278], [0.09480485884224192, 0.5094533865808645, 0.1727998508518899, 0.22294190362500366], [0.08896775211369347, 0.11762862213163156, 0.6024272216839958, 0.1909764039706792], [0.0897542923018836, 0.10872892305240302, 0.11647236310083767, 0.6850444214448758], [0.0942147309281844, 0.13876773166172407, 0.5845652148644378, 0.18245232244565365], [0.09696654518369376, 0.11745318374213803, 0.14274886674493198, 0.6428314042292362], [0.5075567960231578, 0.1320570260154274, 0.151210218652863, 0.2091759592085517], [0.4939779936773325, 0.13570834694935793, 0.1602831184703761, 0.2100305408029334], [0.5044148193278818, 0.17947741653364593, 0.12843324816879398, 0.18767451586967834], [0.49773285529602507, 0.175809743622391, 0.15784697468262437, 0.16861042629895956], [0.5057618391412552, 0.16885989147852548, 0.1297456414981539, 0.1956326277820654], [0.503666460463702, 0.16193369029333116, 0.1610726117926696, 0.1733272373502973], [0.10829744225987128, 0.10808198636055937, 0.5752365845717401, 0.2083839867078292], [0.10211062962862776, 0.09703548012633602, 0.12939513403199038, 0.6714587561130458], [0.10619802626923532, 0.5753839148119381, 0.11466614118058516, 0.2037519176382414], [0.10797358908386025, 0.5850139376297203, 0.1270733371413331, 0.17993913604508638], [0.11240309559475219, 0.11459009433576534, 0.12090618252220309, 0.6521006274472794], [0.10073960265735879, 0.10949845958912299, 0.6353823475250541, 0.15437959012846417], [0.09965242367635892, 0.11518422540360727, 0.5762799172012847, 0.20888343361874906], [0.1041522743069808, 0.10541392587921555, 0.14627654012811148, 0.6441572595856921], [0.0739740903171921, 0.6497293274381424, 0.0869065166762092, 0.1893900654684563], [0.07267465279251799, 0.6589038820150844, 0.10549907149439157, 0.162922393598006], [0.10473190438283357, 0.13395443264883225, 0.1189870717096913, 0.6423265911586429], [0.09485592795161904, 0.13142026644408183, 0.5982989011075838, 0.17542490439671532]], "ideal": "C", "sampled": "B", "correct": false}}
{"type": "result", "data": {"idx": 4, "options": ["Median nerve at the wrist", "Musculocutaneous nerve at the forearm", "Radial nerve at the forearm", "Ulnar nerve at the elbow"], "probs": [[0.268411570721587, 0.08592947379543076, 0.12567865566370787, 0.5199802997192744], [0.1869409829191187, 0.06331143527589923, 0.6467353104898309, 0.10301227121515119], [0.2709233998029942, 0.0952709966369592, 0.08334474078451949, 0.5504608626755271], [0.1875770641222856, 0.07100867483709372, 0.6500471151666015, 0.09136714577401914], [0.20462397127334828, 0.6477769984237605, 0.0627305651660147, 0.08486846503687656], [0.1991913527412592, 0.6519739335731101, 0.06927367734483005, 0.07956103624080071], [0.12734731745905295, 0.467075307611414, 0.1029602787624095, 0.3026170960671235], [0.10157429489842086, 0.23341861289813812, 0.5659668065510873, 0.09904028555235367], [0.17055313287459967, 0.23568032679585182, 0.20443928239685344, 0.38932725783269506], [0.1276646925283147, 0.1911819314060997, 0.5374884284502158, 0.14366494751536982], [0.08304222796089859, 0.7622981780347597, 0.07018582626752283, 0.0844737676368188], [0.07951732842599893, 0.7657092923010991, 0.062291384665270955, 0.09248199450763103], [0.18762397065283284, 0.2719986337151835, 0.08140552484899587, 0.4589718706829878], [0.14004202290000328, 0.15678814168783847, 0.5942232056427574, 0.10894662966940084], [0.19381353112746139, 0.09324299473692119, 0.2218748463328719, 0.4910686277027455], [0.13694941832500945, 0.07908578237186148, 0.6285302055065086, 0.15543459369662038], [0.14514131842592318, 0.6144117116313689, 0.1269953995816074, 0.11345157026110052], [0.14698462405798177, 0.6172466369435842, 0.07989627241134789, 0.15587246648708616], [0.7639454063303165, 0.1078790657701428, 0.0565611500725299, 0.07161437772701074], [0.7694913033447374, 0.0975393787295527, 0.06774813580210826, 0.06522118202360162], [0.7695677933040174, 0.06764840384379359, 0.0646707494840231, 0.0981130532681659], [0.7463124044438622, 0.07592269560914604, 0.06660968711034432, 0.11115521273664745], [0.7855637072731282, 0.06797397136008493, 0.07031617312920267, 0.0761461481375842], [0.7685523404574013, 0.07525776690367901, 0.05520569427382987, 0.10098419826508985]], "ideal": "D", "sampled": "D", "correct": true}}
{"type": "result", "data": {"idx": 5, "options": ["Fatty acid oxidation", "Fatty acid synthesis", "Gluconeogenesis", "Glycogenolysis"], "probs": [[0.8017204255025289, 0.11147852863812988, 0.04418222107569616, 0.042618824683645105], [0.8177942050022319, 0.10274981726794756, 0.04135675290981269, 0.03809922472000784], [0.8345667973062489, 0.05975588165626392, 0.06494484575041885, 0.040732475187068316], [0.7954988238387998, 0.0574948068275836, 0.049757050707001066, 0.0972493185266156], [0.8380523450922911, 0.06539023301523625, 0.05927642475538864, 0.03728099703708399], [0.8014402954915397, 0.06661135677844494, 0.048169817591224365, 0.08377853003879099], [0.3347490156461007, 0.525556687403491, 0.06447058963481546, 0.0752237072155928], [0.34531154196053104, 0.5256784401106142, 0.06153251791778246, 0.06747749991107235], [0.2970134317577895, 0.07066057621726103, 0.5464318990160966, 0.08589409290885291], [0.21542402813426284, 0.05318425519889658, 0.07977570293282747, 0.6516160136340131], [0.25839254449996696, 0.08534614804536589, 0.5913076444221381, 0.06495366293252908], [0.252743700269066, 0.07342711978641271, 0.07881280878187191, 0.5950163710626494], [0.07515791057788765, 0.7084186076409501, 0.1287447363009454, 0.0876787453802168], [0.07031826400697663, 0.6994716993410672, 0.06897706255218214, 0.16123297399977396], [0.07996128737011497, 0.5178035651465089, 0.30340219445181327, 0.0988329529315628], [0.07500869370285729, 0.4127527957482405, 0.08015142738694542, 0.4320870830619568], [0.06575930068908702, 0.07656646462087242, 0.7135008519658648, 0.1441733826241758], [0.0643599062062473, 0.07544626632083189, 0.5871457123383413, 0.2730481150345795], [0.11127027868111845, 0.7154912947892907, 0.09145539998093624, 0.08178302644865458], [0.10808001437238979, 0.7108864068123423, 0.06488696920209992, 0.11614660951316798], [0.11701336105527667, 0.3865144963627329, 0.40289728050069157, 0.09357486198129883], [0.13639407942140871, 0.3151659573249972, 0.08859044048524795, 0.4598495226683461], [0.11130734201552546, 0.07992168812852911, 0.6358176706027578, 0.17295329915318755], [0.11464120849889872, 0.08145651722759485, 0.4477783009624244, 0.356123973211082]], "ideal": "A", "sampled": "A", "correct": true}}
{"type": "result", "data": {"idx": 6, "options": ["Reassurance", "Assess for suicidal ideation", "Begin dextroamphetamine therapy", "Increase oxycodone dosage"], "probs": [[0.18158655545147848, 0.4656045824298506, 0.15931253911544763, 0.19349632290322333], [0.1939922753383076, 0.42168096170494407, 0.13883859580328892, 0.2454881670534594], [0.17363556503864297, 0.21179918399417685, 0.4127338414703565, 0.20183140939682365], [0.17728667392825415, 0.1982132376107106, 0.1694750982666355, 0.45502499009439973], [0.17285122748305942, 0.17870784602946416, 0.3946456489158947, 0.2537952774715817], [0.18539125110493385, 0.1885996944358282, 0.1931112144330024, 0.43289783992623554], [0.30767305077544443, 0.23498013173585341, 0.2298227502096584, 0.22752406717904378], [0.3098342166506492, 0.21688741766559944, 0.1743812139810765, 0.2988971516026748], [0.2836782931997816, 0.2596503793933617, 0.251713395093542, 0.20495793221331463], [0.26723500685351503, 0.23660526814769062, 0.16242590302950255, 0.3337338218692918], [0.2834649001235947, 0.20010157821258878, 0.2513943239379566, 0.2650391976258599], [0.272447577912755, 0.18476648076217012, 0.22829554292376114, 0.3144903983013137], [0.17698491672801883, 0.2581700836263267, 0.3170422802275641, 0.2478027193180904], [0.1591589945144935, 0.2265010543388439, 0.19377576390282988, 0.4205641871438327], [0.18301842286760384, 0.4966828898581586, 0.13972757130681857, 0.18057111586741895], [0.17890748246529148, 0.45563915027860824, 0.11841117501258505, 0.24704219214351522], [0.14602752061505125, 0.1396231945816482, 0.3574430718973688, 0.35690621280593177], [0.1484356373400072, 0.12546141444382136, 0.4603997766511188, 0.2657031714650526], [0.1601027774604743, 0.24061537201015862, 0.29535295236049686, 0.3039288980688702], [0.15498086242203996, 0.24780179544604142, 0.19450187350365838, 0.40271546852826023], [0.16817945490853223, 0.46289814203667173, 0.13862188365595948, 0.23030051929883658], [0.16171839064463822, 0.4446717699025745, 0.14275259416252056, 0.2508572451902667], [0.14785751478597864, 0.15636922184499208, 0.36433037568963533, 0.33144288757939394], [0.14531234121825048, 0.1503888539877476, 0.4502263731838011, 0.2540724315102008]], "ideal": "B", "sampled": "B", "correct": true}}
{"type": "result", "data": {"idx": 7, "options": ["Defect in thyroxine (T4) biosynthesis", "Graves' disease", "Multinodular goiter", "Riedel's thyroiditis"], "probs": [[0.11683737746584391, 0.6955920612621315, 0.10361878059406276, 0.08395178057796181], [0.11907182810116933, 0.6723339061114483, 0.11078397348583512, 0.0978102922015473], [0.12755692669143115, 0.15772158728490923, 0.6270769564891027, 0.08764452943455697], [0.15645255379978742, 0.16537830478353008, 0.14213431091875528, 0.5360348303979272], [0.1371090401787364, 0.11960395335250161, 0.6143808318478844, 0.12890617452087758], [0.1538918144267117, 0.12109093186402978, 0.20559151162250022, 0.5194257419867583], [0.5470856779079368, 0.17010531557414674, 0.18219266015588262, 0.10061634626203382], [0.5394439777109598, 0.17736277246732282, 0.13546316526165736, 0.14773008446006006], [0.5470025579606057, 0.2554508466424215, 0.10606678653242575, 0.09147980876454702], [0.4895010699475798, 0.25541899176559446, 0.15785169952687955, 0.09722823865994618], [0.4470594919331915, 0.2921158642645279, 0.12216024969485885, 0.13866439400742178], [0.4795885097746178, 0.283366484413034, 0.13642705162430177, 0.10061795408804637], [0.14416364894368106, 0.11006531535283824, 0.6504335208947655, 0.09533751470871525], [0.16893396283290132, 0.12089662612947716, 0.12229909366037625, 0.5878703172772453], [0.18045514002333338, 0.6424092889087213, 0.0920566652644259, 0.08507890570351942], [0.16565466428204853, 0.6333909848658061, 0.1164752473431432, 0.08447910340900208], [0.17676830380296038, 0.148919714875801, 0.13110983052520633, 0.5432021506960323], [0.15705336862801614, 0.15250995980928067, 0.5824683990859914, 0.1079682723767118], [0.16457561392519465, 0.13679317250045409, 0.5473591333389899, 0.15127208013536142], [0.20342521367422992, 0.16232232747838904, 0.20178481934436926, 0.43246763940301175], [0.1843599539542647, 0.5477035233051599, 0.12449972892799753, 0.14343679371257786], [0.18142119048211727, 0.5696244239237505, 0.13374085723016382, 0.11521352826396845], [0.18202986906316718, 0.15583864781720602, 0.14496513573658018, 0.5171663472830466], [0.15851064024770636, 0.1745633482758481, 0.5394971370157524, 0.12742887436069308]], "ideal": "C", "sampled": "B", "correct": false}}
{"type": "result", "data": {"idx": 8, "options": ["Inferior deep cervical", "Parotid", "Retropharyngeal", "Submental"], "probs": [[0.3141365787431836, 0.18109455022317686, 0.2843148239111374, 0.2204540470225021], [0.3171743452231806, 0.16630202530151555, 0.1848966479116556, 0.3316269814636482], [0.32590945580592673, 0.300315222104701, 0.17260917505060566, 0.20116614693876658], [0.317452013460839, 0.2768900990209255, 0.15185454486282052, 0.253803342555415], [0.30988397267688006, 0.14015370188283982, 0.2306987574257596, 0.31926356791452054], [0.313476771084909, 0.15209615229039342, 0.2772315144261648, 0.2571955620985328], [0.1505493982984616, 0.36165103059510617, 0.2977415950827646, 0.19005797592366766], [0.18159777465428215, 0.36724377769266103, 0.15892634267786368, 0.29223210487519313], [0.13904750552943906, 0.24794528255285844, 0.41388369219163307, 0.19912351962606942], [0.17327254750675916, 0.22948971046462968, 0.1804610314716088, 0.4167767104570023], [0.12355024935930403, 0.11679912977249213, 0.48071190108678474, 0.2789387196814191], [0.149041637763378, 0.11955372987982167, 0.3403424620288014, 0.3910621702279989], [0.23251133461917897, 0.41187303026750544, 0.1558378739249474, 0.19977776108836817], [0.24696660021258945, 0.394879990471452, 0.12877265385130698, 0.22938075536465158], [0.16095423456975252, 0.1342690864925064, 0.49479579183285965, 0.20998088700488143], [0.2567815711940258, 0.13812535744645002, 0.14973872747164196, 0.4553543437878822], [0.17831292215254185, 0.10545226616245194, 0.4801353668646087, 0.2360994447203975], [0.21574597701496045, 0.09328289607077511, 0.2179091339462385, 0.4730619928680259], [0.1699462485111431, 0.34647782718518577, 0.18985417124841503, 0.2937217529552561], [0.16532847788299007, 0.3346324959281733, 0.2777463329903892, 0.22229269309844743], [0.11703169558776824, 0.15011754370688005, 0.4622810265338917, 0.27056973407146], [0.15038518606112572, 0.15992368756125525, 0.2888672649571515, 0.40082386132046754], [0.13777440116067255, 0.20844603825189614, 0.440390374639721, 0.21338918584771027], [0.160112229567964, 0.18563817162984655, 0.19968810377973037, 0.45456149492245906]], "ideal": "D", "sampled": "A", "correct": false}}
{"type": "result", "data": {"idx": 9, "options": ["Carbonic anhydrase inhibitor", "Na+ \u2013Cl\u2212 symport inhibitor", "Na+ \u2013K + \u20132Cl\u2212 symport inhibitor", "Osmotic diuretic"], "probs": [[0.18964675349554502, 0.22155325442651563, 0.2775118690080869, 0.3112881229698524], [0.16709786402852478, 0.1866701962363285, 0.3858895243930938, 0.2603424152420529], [0.20062527955367365, 0.20360376848943448, 0.2960339618640428, 0.2997369899928491], [0.17641123864658007, 0.17658553752644982, 0.39488857392164134, 0.2521146498053288], [0.15222594820940902, 0.4245131801171702, 0.20433306115311275, 0.21892781042030798], [0.16525229563770763, 0.4162823793429732, 0.1970609396936984, 0.22140438522562078], [0.26466239284796517, 0.15177000019731357, 0.2683197935646612, 0.3152478132900601], [0.2420903146024847, 0.13705566524088733, 0.3337512313985859, 0.28710278865804206], [0.3565836548448653, 0.25857290622986473, 0.11966073511834398, 0.2651827037069259], [0.3128272341300232, 0.24591197437437903, 0.2759175043413915, 0.16534328705420623], [0.29187250134410375, 0.35840624567262497, 0.1231976151343172, 0.2265236377489541], [0.28093782901749487, 0.4131042185937783, 0.18100375474680683, 0.12495419754191997], [0.2681631703680339, 0.14213333810735973, 0.28498750497549735, 0.304715986449109], [0.227372348285826, 0.13371056316945976, 0.3334195017481217, 0.30549758669659255], [0.33162540688216546, 0.3416670909430713, 0.10604489006598644, 0.22066261200877682], [0.3145995092882104, 0.2958990291076187, 0.2370039636106123, 0.15249749789355857], [0.24822904721912345, 0.4263064062088536, 0.11402649686149548, 0.21143804961052742], [0.23382041552769675, 0.4960480777735596, 0.15048015564606274, 0.11965135095268094], [0.27961695191448216, 0.18071126936059098, 0.25834408399859493, 0.28132769462633195], [0.28740030095981045, 0.16783889876357844, 0.24158273274892617, 0.30317806742768494], [0.3275117082559358, 0.2985431671712375, 0.12777542305053505, 0.24616970142229166], [0.29890438465907726, 0.3697248641817861, 0.20351437919020443, 0.12785637186893223], [0.37543205445212613, 0.2837190181773816, 0.11762243639725628, 0.22322649087323598], [0.31978017326808095, 0.3382331157750892, 0.2193610237271846, 0.12262568712964529]], "ideal": "B", "sampled": "D", "correct": false}}
{"type": "result", "data": {"idx": 10, "options": ["Chest x-ray", "Complete blood count", "Determination of serum albumin concentration", "Determination of serum digoxin level"], "probs": [[0.07555634415055223, 0.12334374898416557, 0.6767636436029475, 0.12433626316233472], [0.10244231899046898, 0.17351007847637998, 0.21794312187212841, 0.5061044805610226], [0.11199072002244656, 0.6440656780552528, 0.12346431611733802, 0.12047928570496257], [0.11215641919355132, 0.6105603074702756, 0.12357353150123788, 0.1537097417349352], [0.10866578764628776, 0.14327003696498847, 0.27073146276559384, 0.4773327125231299], [0.10972592233514251, 0.17102248964983652, 0.5298268198437153, 0.18942476807130562], [0.10122065405018096, 0.0811795888324491, 0.6899121423787316, 0.12768761463863837], [0.1392432887769328, 0.11670356155730836, 0.22896197265360468, 0.5150911769121541], [0.163749179628178, 0.5664891304595232, 0.12021108088574549, 0.1495506089265533], [0.17019953592801718, 0.5233482951899283, 0.13711131230613288, 0.1693408564759216], [0.1628016531304636, 0.14418138562191152, 0.22037829456509747, 0.4726386665825274], [0.1619019536585171, 0.14374669313880603, 0.512481770428299, 0.18186958267437786], [0.45098811091372243, 0.17990612564112504, 0.20249785197723608, 0.16660791136791644], [0.4772879636618651, 0.17873151065912146, 0.15779850905156156, 0.1861820165274519], [0.4509765408918734, 0.22926671335490878, 0.1491546548375935, 0.1706020908156243], [0.4516226821888683, 0.222362019941835, 0.15395978207417232, 0.17205551569512434], [0.4771035313129159, 0.17458291350049368, 0.16935749350284726, 0.1789560615837432], [0.4591685073860822, 0.16939764227954263, 0.20451421153032706, 0.16691963870404808], [0.15111635511260774, 0.11619060398824448, 0.23162749234783392, 0.5010655484513138], [0.1664567366169798, 0.14198117812132308, 0.5104264984323843, 0.18113558672931282], [0.1624040506674934, 0.19966753125175726, 0.17770328056803839, 0.460225137412711], [0.16805008052099102, 0.227254986740275, 0.44343501324987644, 0.16125991938885753], [0.1894668127168558, 0.5392576100551179, 0.1266176459044698, 0.14465793122355655], [0.1961226287774454, 0.5040355469644694, 0.16567452259124876, 0.13416730156683637]], "ideal": "D", "sampled": "C", "correct": false}}
{"type": "result", "data": {"idx": 11, "options": ["Amoxicillin", "Cefaclor", "Ciprofloxacin", "Erythromycin"], "probs": [[0.261974744115657, 0.23622448036023622, 0.3412687378402398, 0.1605320375838669], [0.24450929460464604, 0.15506397186159168, 0.2852062880707683, 0.31522044536299393], [0.31441307064726964, 0.2951661944094177, 0.2241666763796753, 0.16625405846363736], [0.3055237440303292, 0.29618977614689995, 0.2589022141763286, 0.13938426554644223], [0.22567565255630723, 0.15467216764358455, 0.27139801997501756, 0.34825415972509066], [0.27310247447303926, 0.24284611235422826, 0.3503494418963368, 0.13370197117639562], [0.25106588377626254, 0.4513833291583381, 0.20127182006718378, 0.09627896689821555], [0.2309305220611431, 0.4053867756915017, 0.1970188766520892, 0.16666382549526598], [0.2876226434251327, 0.2596635338253979, 0.325691029055229, 0.12702279359424032], [0.26073430800508435, 0.25235192837194664, 0.2580417577049589, 0.2288720058180101], [0.23729374724535365, 0.20596979511929728, 0.345015023240589, 0.21172143429476006], [0.2449459509322687, 0.21914749682298798, 0.2903232487649497, 0.24558330337979364], [0.2762997283480595, 0.43157351420536194, 0.17383955871276777, 0.11828719863381078], [0.28881141540500255, 0.4273963570167391, 0.18039762971981424, 0.1033945977584441], [0.28433419965846335, 0.23185752221754372, 0.3403817021733902, 0.14342657585060276], [0.28652668423360345, 0.21088479771419724, 0.2369479572081242, 0.26564056074407516], [0.2947759969949393, 0.29729608141334296, 0.27451175857587967, 0.1334161629158381], [0.26694772042566933, 0.23327492522760396, 0.22581002450428364, 0.27396732974244303], [0.22473231960369358, 0.3218396151566359, 0.23489020322403742, 0.21853786191563312], [0.26319773609998276, 0.37459377477180855, 0.2609761518960012, 0.10123233713220747], [0.2203963696736238, 0.22366058824209928, 0.357655137741563, 0.19828790424271392], [0.23466839942977377, 0.23439053746459848, 0.29378889321379503, 0.23715216979183268], [0.29388480061849015, 0.3060217064601362, 0.28256173656014427, 0.11753175626122934], [0.2616652509060315, 0.2634778877311042, 0.23398476488061234, 0.24087209638225196]], "ideal": "D", "sampled": "A", "correct": false}}
{"type": "result", "data": {"idx": 12, "options": ["Facial nerve", "Frontal sinus", "Mastoid sinus", "Olfactory nerve"], "probs": [[0.20499647540794821, 0.12658920505601262, 0.15940896690059142, 0.5090053525354478], [0.17879077790379755, 0.1429542004919149, 0.5367758869588041, 0.14147913454548344], [0.18956369505661544, 0.10500711473586492, 0.1331037262720015, 0.5723254638355181], [0.1810132942535282, 0.12484687845475928, 0.5486027989508419, 0.14553702824087064], [0.15980956851547382, 0.6341251494054733, 0.11027830427235624, 0.0957869777066967], [0.16655209285567263, 0.6260244073407152, 0.11139500141933481, 0.09602849828427741], [0.20464447596063268, 0.11597008516157964, 0.1338892012824906, 0.5454962374952971], [0.16154894878707143, 0.1204558473467256, 0.5764110979243059, 0.14158410584189704], [0.17814087202328946, 0.08441107404836777, 0.13315431276292555, 0.6042937410654172], [0.1609517407681807, 0.10101800117457037, 0.6308458728835595, 0.10718438507368941], [0.20043185055825602, 0.6233318818978133, 0.09356141647126952, 0.08267485097266111], [0.20050080865482217, 0.6337243554004734, 0.09219473942917794, 0.07358009641552647], [0.16423990341928885, 0.09987304508444045, 0.12854627497423055, 0.6073407764220401], [0.14694356259976613, 0.11571034270662744, 0.5759136418758956, 0.16143245271771084], [0.16868839276520278, 0.09052129361879817, 0.14164230977447884, 0.5991480037415202], [0.13507594267474848, 0.10463904666330372, 0.6534631300322152, 0.10682188052973257], [0.1692176211177396, 0.6402324651893021, 0.09525194940496948, 0.09529796418798878], [0.16325591259670996, 0.6625165243899435, 0.09185241770045714, 0.08237514521288938], [0.5159887920679743, 0.13417413048468543, 0.1638891369354824, 0.1859479404118578], [0.5215721052129222, 0.13453666664005032, 0.1544610387757777, 0.18943018927124985], [0.5668277355025026, 0.18195670029030234, 0.09469785893126041, 0.15651770517593458], [0.5334221561189882, 0.1972066999117012, 0.12776934718495397, 0.14160179668435652], [0.560061016620531, 0.17160739853724638, 0.0972096809196984, 0.17112190382252426], [0.5460621158684268, 0.18392555550826303, 0.12383440972993025, 0.1461779187933799]], "ideal": "D", "sampled": "D", "correct": true}}
{"type": "result", "data": {"idx": 13, "options": ["anterior scalene", "latissimus dorsi", "pectoralis minor", "supraspinatus"], "probs": [[0.1660796279454989, 0.1326423456035882, 0.1633465761281606, 0.5379314502227522], [0.17807323963540392, 0.16284243518210573, 0.4722355831354156, 0.1868487419470748], [0.16727136566925047, 0.25990073321242485, 0.154600521632439, 0.41822737938588567], [0.14856517313425238, 0.34743675586087097, 0.37805834408794187, 0.12593972681693483], [0.2179998820206045, 0.5027732402409975, 0.11763680330640315, 0.1615900743319949], [0.20430000701142764, 0.442632923560303, 0.18780704491315056, 0.16526002441511878], [0.1543165021133557, 0.14194894047076012, 0.16293850782282718, 0.5407960494930569], [0.20031628901424522, 0.2282857805560162, 0.37368308576510334, 0.19771484456463526], [0.1696880856079619, 0.16368385659953688, 0.16979641704660178, 0.49683164064589946], [0.1578410267672054, 0.17844977973107165, 0.46388050909171924, 0.1998286843100037], [0.17578324935739617, 0.5458557090489944, 0.1306689698963175, 0.14769207159729192], [0.17377127705266834, 0.5310878753131022, 0.12709684668700497, 0.16804400084722454], [0.19125158732716563, 0.31400601944203405, 0.14297688858133634, 0.351765504549464], [0.21352402444814023, 0.5007690339092193, 0.16624717416467202, 0.11945976737796835], [0.21731774182951247, 0.149830473201931, 0.16404004148928977, 0.4688117433792668], [0.2213259869197418, 0.16788920258127019, 0.35548936257713476, 0.25529544782185326], [0.1786489622216914, 0.5584948616773572, 0.14343334626139345, 0.11942282973955798], [0.18767461969783883, 0.5596732288161073, 0.10023619605208689, 0.15241595533396698], [0.19499747125329492, 0.5477218953849655, 0.1307601708496089, 0.1265204624121306], [0.1767180859865854, 0.5159766077479324, 0.18238151071631994, 0.12492379544916228], [0.267746597501683, 0.1777850240291194, 0.34026116129333595, 0.21420721707586168], [0.2874989254112475, 0.1823451993036494, 0.28896993826375444, 0.24118593692134865], [0.16402246422965766, 0.4216314946058053, 0.29075349024204944, 0.12359255082248763], [0.19863540830308443, 0.46170185615864184, 0.16868255528066872, 0.17098018015760497]], "ideal": "D", "sampled": "D", "correct": true}}
{"type": "result", "data": {"idx": 14, "options": ["anteriorly deviated distal femur", "plantar flexed cuboid", "posteriorly deviated fibular head", "unilateral sacral shear"], "probs": [[0.1790403765832927, 0.1873129345400814, 0.2706876831566202, 0.3629590056200057], [0.1620658462769769, 0.21788324088833586, 0.3823970498895157, 0.23765386284517154], [0.18013222245363789, 0.22915674402274805, 0.1898489416968376, 0.4008620917267765], [0.17021397483670397, 0.26556961538655977, 0.3353665320821076, 0.22884987759462866], [0.19187304089724005, 0.3978718161502199, 0.18799680189403256, 0.2222583409585075], [0.20598919994543238, 0.4168795706939986, 0.1581775867509257, 0.21895364250964328], [0.18410386536045428, 0.16601793966910414, 0.25546584988269505, 0.3944123449877465], [0.19395620875002637, 0.18177579206415073, 0.39782484785290295, 0.22644315123291997], [0.24805289874059325, 0.2419161385341386, 0.1430046877569705, 0.36702627486829764], [0.216405570485409, 0.2369937598468298, 0.3532215058450337, 0.1933791637227275], [0.2570805472748528, 0.4047456560700012, 0.12737017489082939, 0.21080362166431663], [0.25211467960765077, 0.39966144558275446, 0.16305409127252804, 0.18516978343706672], [0.23613677482047138, 0.21430187883179605, 0.17760209041259295, 0.3719592558351396], [0.21486862321833766, 0.21740390682138405, 0.35025516670800216, 0.21747230315227614], [0.25046541911145653, 0.20200982386819288, 0.16226668412453477, 0.3852580727958158], [0.2130135202337791, 0.2225200285158546, 0.35859523597073256, 0.20587121517963375], [0.2461391540436681, 0.40570560655675725, 0.1402038550115181, 0.20795138428805657], [0.21528482434980942, 0.4020113944605313, 0.1978947073023312, 0.1848090737873281], [0.39357687798275626, 0.21142152894803526, 0.18350169881095943, 0.21149989415824905], [0.36817764446496637, 0.20881420126341993, 0.205576834394451, 0.2174313197771627], [0.45647353609517505, 0.21961391297191543, 0.13603142105219557, 0.18788112978071392], [0.41349651889817635, 0.22896608582627442, 0.16471847381842863, 0.19281892135712056], [0.4283179597615815, 0.23354484040457113, 0.15776764795201764, 0.1803695517818297], [0.3924391689903867, 0.23868835393090737, 0.18869846213815034, 0.18017401484055562]], "ideal": "C", "sampled": "D", "correct": false}}
{"type": "result", "data": {"idx": 15, "options": ["Administer amobarbital and then interview the patient", "Ask the patient to provide a narrative with detailed description of the incident and of his symptoms", "Interview the patient under hypnosis", "Interview the patient while paying close attention to his willingness to make eye contact"], "probs": [[0.07780742131311723, 0.6703903874200859, 0.0766206480969057, 0.1751815430698911], [0.10116370946105109, 0.7823750534779298, 0.07359766548149062, 0.04286357147952846], [0.050530034855431165, 0.07681685656726772, 0.7876509993940802, 0.08500210908322085], [0.05482652767309634, 0.07462793804729692, 0.4115641123400406, 0.45898142183956614], [0.10952312171785175, 0.3589123678172625, 0.46173296978228423, 0.06983154058260153], [0.06784738650125827, 0.15819740411694433, 0.07829205004305566, 0.6956631592387418], [0.42803364987861386, 0.11014251409859725, 0.10256950556206208, 0.3592543303607268], [0.7571702768009027, 0.09658827847591378, 0.09663556731201471, 0.049605877311168854], [0.5382583736835094, 0.08088774233247595, 0.09378444402472114, 0.28706943985929356], [0.7820550682052471, 0.07409312464907236, 0.09753455075339833, 0.04631725629228225], [0.7701017380948036, 0.1166695837438396, 0.05466547371882732, 0.058563204342529415], [0.8182617011949612, 0.09140829945354191, 0.03993332847404487, 0.05039667077745199], [0.04667702853166566, 0.0918117794982869, 0.7675513281255225, 0.09395986374452493], [0.05372727116879255, 0.09252175287430703, 0.45378066795179844, 0.39997030790510196], [0.055484429198185935, 0.7304536024444196, 0.06548848466025019, 0.14857348359714428], [0.07439426221112141, 0.8180763002698672, 0.059448360504995114, 0.04808107691401625], [0.05769935199596519, 0.21509247727920605, 0.08284431412980287, 0.6443638564950259], [0.08509974973470393, 0.36897796344973194, 0.4746482578851174, 0.07127402883044674], [0.15013228690908714, 0.09891586970850813, 0.6745895297431529, 0.07636231353925185], [0.11013815468835529, 0.07826948106795552, 0.09366318512767322, 0.7179291790160159], [0.1859311908297574, 0.653170347148428, 0.08334840833307293, 0.07755005358874158], [0.20057944806309716, 0.6620800938444924, 0.06632771042033403, 0.0710127475720764], [0.12283199187755127, 0.0674990112453329, 0.10869376279299985, 0.700975233984116], [0.15652246305204434, 0.0772329545768468, 0.6926281245067061, 0.07361645776440282]], "ideal": "B", "sampled": "B", "correct": true}}
{"type": "result", "data": {"idx": 16, "options": ["Failure of leukocytes to migrate between endothelial cells", "Failure of leukocytes to roll along the endothelial surface", "Inability of leukocytes to ingest microorganisms", "Inability of leukocytes to kill intracellular microorganisms"], "probs": [[0.3007648288902879, 0.23696756360545362, 0.21764127907960765, 0.24462632832465084], [0.26463977682804113, 0.21343069730490122, 0.25179399182933887, 0.2701355339377188], [0.2639972449278326, 0.2019529103157816, 0.299556808163513, 0.23449303649287276], [0.2155335428429711, 0.17026967062245324, 0.31897968525944725, 0.2952171011751284], [0.2309283613927702, 0.29625889655965326, 0.2513948678718942, 0.2214178740756823], [0.2757316570562311, 0.26290920765913806, 0.16025848923896271, 0.3011006459456681], [0.26428395507077007, 0.25525000688861377, 0.195505410413265, 0.28496062752735113], [0.24008405563939927, 0.21948014524589834, 0.27127343817730176, 0.2691623608374006], [0.2535784542306999, 0.22507458922996446, 0.24545839426447089, 0.27588856217486474], [0.2103703084488041, 0.20213190321486177, 0.33962101753000734, 0.2478767707063268], [0.241675585484179, 0.2631639539932301, 0.2631912529205345, 0.23196920750205638], [0.28023783204846114, 0.2588961499341559, 0.18925020660803282, 0.27161581130935014], [0.24232492209521989, 0.168569090477196, 0.3394274463824866, 0.24967854094509745], [0.19194264075964415, 0.13374335170287666, 0.4275129628132268, 0.2468010446242523], [0.2064728079090829, 0.15183373831679797, 0.2955583245590313, 0.3461351291150878], [0.1783302085418117, 0.15111387675168214, 0.4433573152192524, 0.22719859938725373], [0.2289235306198835, 0.39508918549108296, 0.18593246124718163, 0.1900548225418519], [0.2096602587242832, 0.38528260010677295, 0.23504359667567987, 0.17001354439326397], [0.3374526353194311, 0.15751651632029523, 0.26656894084688887, 0.23846190741338477], [0.3948170836483813, 0.16793858764418843, 0.21936126195392314, 0.21788306665350712], [0.3113267487477806, 0.16101476838954695, 0.2534842004012748, 0.2741742823613977], [0.35262359063534765, 0.17832754977782167, 0.2791387272115323, 0.18991013227529832], [0.42542628083484313, 0.15816521878695175, 0.1878678677470551, 0.22854063253115], [0.41511759157797984, 0.15554310379857075, 0.22490300235883445, 0.20443630216461497]], "ideal": "D", "sampled": "D", "correct": true}}
