{"type": "result", "data": {"idx": 0, "options": ["paralysis of the facial muscles.", "paralysis of the facial muscles and loss of taste.", "paralysis of the facial muscles, loss of taste and lacrimation.", "paralysis of the facial muscles, loss of taste, lacrimation and decreased salivation."], "probs": [[0.3133869766875639, 0.21205125746990663, 0.21878184375959306, 0.2557799219829364], [0.07081112607808343, 0.059629886499002006, 0.6614325962248018, 0.20812639109811273], [0.3089365064788872, 0.38448467846840273, 0.07337963580351409, 0.23319917914919594], [0.3142874977104864, 0.2952498925293727, 0.22993987334186614, 0.1605227363182747], [0.1876509035626162, 0.7081995621345901, 0.028331381737996215, 0.07581815246479741], [0.19730850591146432, 0.6886839629079727, 0.03428737252616443, 0.07972015855439844], [0.28786841032010535, 0.19176523385514446, 0.21392892298943322, 0.30643743273531693], [0.09830741131238778, 0.07305706509387273, 0.6614081459995755, 0.16722737749416397], [0.3567143744751677, 0.39795161030842224, 0.05139021298129696, 0.19394380213511314], [0.5268621569170259, 0.28201213935069164, 0.07356698152578489, 0.11755872210649765], [0.19666259171954303, 0.7082232898158841, 0.022765657142933576, 0.0723484612216393], [0.3265089416662351, 0.5468074123521767, 0.04282907428036803, 0.08385457160122017], [0.40804533778368896, 0.12444851128988996, 0.04650270409966769, 0.4210034467267534], [0.3471161424766562, 0.1338268965348885, 0.393339604099994, 0.12571735678846127], [0.4933073579287612, 0.10022263487583181, 0.03409882841929755, 0.3723711786761094], [0.6044610052031655, 0.09126076710413086, 0.20247064227119982, 0.10180758532150382], [0.5769915644656353, 0.3236650264349087, 0.032551881286434214, 0.06679152771302187], [0.7474441580652255, 0.18033020376682402, 0.022926446245308485, 0.049299191822642065], [0.8418213159361067, 0.06098171777277212, 0.020109587913945116, 0.07708737827717613], [0.8715899926733164, 0.05400490226448249, 0.01780888693971656, 0.056596218022484504], [0.8693176183234462, 0.04607239566012955, 0.018614906122353853, 0.06599507979407035], [0.9167929851067059, 0.024053078347341644, 0.01627506575910152, 0.042878870686850964], [0.9064375720171761, 0.033537121006394645, 0.015596182857278417, 0.04442912401915077], [0.9327868039825186, 0.019664372862257737, 0.011380825899337092, 0.03616799715588666]], "ideal": "A", "sampled": "D", "correct": false}}
{"type": "result", "data": {"idx": 1, "options": ["a protruding mandible due to reactivation of the condylar cartilage by acromegaly.", "a recessive maxilla due to failure of elongation of the cranial base.", "an enlarged frontal bone due to hydrocephaly.", "defective development of the maxillary air sinus."], "probs": [[0.6277858018247336, 0.19754287598541845, 0.054856695229289876, 0.11981462686055806], [0.6636854508404663, 0.14579320169709326, 0.05983439176429584, 0.1306869555981447], [0.6040327593380628, 0.15757198747588017, 0.08567250582965187, 0.1527227472564052], [0.5952102122668331, 0.16528463854581224, 0.0793064856243246, 0.16019866346303005], [0.6384375452938923, 0.1446988528561862, 0.06522198522846907, 0.1516416165214525], [0.5910908867003791, 0.19190018366368916, 0.060385410312500956, 0.15662351922343076], [0.54929775812643, 0.23625193885961887, 0.049521730083069135, 0.164928572830882], [0.45748620967380255, 0.3193812262323733, 0.06001071989000074, 0.16312184410382335], [0.26462100136409944, 0.12896870651901698, 0.4035177708841167, 0.20289252113276682], [0.20081042642938393, 0.14240057340626744, 0.11090249981657782, 0.5458865002477707], [0.3370299238514659, 0.15191405557323115, 0.27941816209686593, 0.23163785837843698], [0.25424666346659913, 0.18601695532802534, 0.09208552950082143, 0.4676508516045541], [0.09218553923085741, 0.7138898159180512, 0.07179710799342337, 0.12212753675766799], [0.10081594361238873, 0.7220476811249641, 0.0592690552766282, 0.11786731988601902], [0.09263346136254304, 0.5331041097159123, 0.1871346640295113, 0.18712776479203344], [0.1112251794957265, 0.3882377080670806, 0.09366532227445709, 0.4068717900627358], [0.10576090251454993, 0.19759746059008498, 0.3808877510346327, 0.3157538857607324], [0.09601109545471113, 0.1510548751728792, 0.17386226483828368, 0.579071764434126], [0.1398494583183587, 0.6672142942242472, 0.07143140796398294, 0.12150483939341118], [0.20731751927623504, 0.6093636245321371, 0.05757278289178638, 0.12574607319984146], [0.16373898331284745, 0.39899239534608727, 0.21693083964996102, 0.22033778159110426], [0.13277702230045155, 0.39027658682551214, 0.09867736843250924, 0.3782690223415271], [0.10166325128536677, 0.12851945139014534, 0.4416359859994678, 0.3281813112250201], [0.08747978442420126, 0.10552572379304419, 0.24535870366802923, 0.5616357880147254]], "ideal": "B", "sampled": "A", "correct": false}}
{"type": "result", "data": {"idx": 2, "options": ["Bladder", "Kidney", "Ureter", "Urethra"], "probs": [[0.7444333710485436, 0.06015941242334196, 0.007185009930951575, 0.18822220649716284], [0.8889614404847467, 0.06241487009582089, 0.007691015076690164, 0.04093267424274231], [0.8191996959820478, 0.04621607111869801, 0.00697757599834767, 0.12760665680090652], [0.7915566430119683, 0.07248477515530871, 0.02012827399701794, 0.11583030773570507], [0.8857677776024845, 0.07158099274175043, 0.006658062486982527, 0.035993167068782514], [0.653881804096637, 0.09274015155604193, 0.009040144383914048, 0.244337899863407], [0.008748225910127203, 0.6229596697078145, 0.029594884040746755, 0.3386972202413116], [0.020319604138473387, 0.4482458400369655, 0.15982637403150438, 0.3716081816930567], [0.001639486981589718, 0.0070112151707931464, 0.9182909089508628, 0.07305838879675425], [0.0056441020173747854, 0.021976863584544766, 0.06664385531091396, 0.9057351789871665], [0.0022429542477109413, 0.004674731356208281, 0.9048768413762095, 0.0882054729198713], [0.009309328484672518, 0.023772318226644017, 0.04654378140060017, 0.9203745717880834], [0.008791325312096707, 0.8691535618449557, 0.014954573614426361, 0.10710053912852116], [0.01497185972084672, 0.7922895636846764, 0.034270995884781205, 0.15846758060969562], [0.003282327390827304, 0.010762366312293627, 0.8684270257719244, 0.11752828042495457], [0.007582536051213987, 0.024476815286179638, 0.02029193401460012, 0.9476487145480063], [0.004208794315175436, 0.011440721302040888, 0.8405499430073629, 0.14380054127542083], [0.018086290567647587, 0.05570995785301681, 0.06825711839378806, 0.8579466330855475], [0.010546899908549002, 0.9201951253533405, 0.013125846566799302, 0.05613212807131126], [0.010525479450908348, 0.8361455575052708, 0.012499333916814926, 0.14082962902700596], [0.004091664269208059, 0.011656101545376161, 0.8835590780144265, 0.10069315607098929], [0.01747966446867767, 0.03643097124880385, 0.07712421077049572, 0.8689651534120227], [0.004948348629256426, 0.015973511371977618, 0.8321887258489343, 0.14688941404983163], [0.027224408395608666, 0.044189844873572644, 0.16939685038072105, 0.7591888962500977]], "ideal": "A", "sampled": "A", "correct": true}}
{"type": "result", "data": {"idx": 3, "options": ["Motor neurons", "Skeletal muscles", "Melanocytes", "Sweat glands"], "probs": [[0.12510195373237812, 0.2863660454463695, 0.22653368113159772, 0.36199831958965467], [0.11705216240969284, 0.21529615450898867, 0.18999745590586337, 0.47765422707545513], [0.10534961991521523, 0.14176566041030897, 0.3735029565990319, 0.3793817629754439], [0.09873996600460089, 0.11015412873303448, 0.13708810404741711, 0.6540178011149475], [0.12259521531152176, 0.20531252596802402, 0.20212834167865684, 0.46996391694179734], [0.12480142059271308, 0.14364789531916294, 0.12676791939933948, 0.6047827645887844], [0.21015286918530962, 0.16886496019284553, 0.2344474363751286, 0.38653473414671624], [0.16844741998418522, 0.14408338068474938, 0.20004092154886646, 0.48742827768219893], [0.21076670286931945, 0.27922421691009636, 0.07753780483424146, 0.4324712752863427], [0.23246720257708933, 0.1782410876405731, 0.10478266249456233, 0.48450904718777527], [0.16960633531276562, 0.20458773352002851, 0.09514186850094658, 0.5306640625662593], [0.23892377314562513, 0.17480264602343618, 0.11111131309351839, 0.4751622676374203], [0.15315366018006002, 0.13306431669252122, 0.21938699808589693, 0.4943950249415218], [0.1221006879407875, 0.107755289723827, 0.21429740156283916, 0.5558466206725463], [0.20394766176726667, 0.21710435882197107, 0.06621315280272178, 0.5127348265080405], [0.19791169447049958, 0.18592354548528814, 0.133916387985397, 0.48224837195881526], [0.1451386001643597, 0.13423315489339524, 0.10955757554613163, 0.6110706692961134], [0.20173433721632542, 0.19553059628931302, 0.16210098804553072, 0.44063407834883084], [0.24085283222489048, 0.1415921980950025, 0.11556414457382322, 0.5019908250062838], [0.2112728396984817, 0.12615842753803627, 0.18645027454868557, 0.4761184581147965], [0.2491199532241847, 0.16337886511904448, 0.06010360665056934, 0.5273975749062015], [0.2424614162844412, 0.12383840409459107, 0.2970742804315354, 0.3366258990894323], [0.18812282381560697, 0.1398025452950865, 0.08347965776085522, 0.5885949730284513], [0.303616328668765, 0.16507502636488197, 0.16507542869625216, 0.36623321617010085]], "ideal": "C", "sampled": "B", "correct": false}}
{"type": "result", "data": {"idx": 4, "options": ["Afferent arteriole", "Glomerulus", "Loop of Henle", "Renal pelvis"], "probs": [[0.07048144282696052, 0.8322294462116923, 0.01988028201850999, 0.07740882884283726], [0.07694108253342191, 0.44276980798277277, 0.023465837073936582, 0.45682327230986874], [0.015709432293945565, 0.009985558044612508, 0.9274052648339269, 0.04689974472751493], [0.007831211837003986, 0.004977850520855339, 0.008467567764366331, 0.9787233697777743], [0.0192931340299536, 0.00720934974520904, 0.8870315947404804, 0.08646592138435694], [0.0070007082487205914, 0.0038661855597993044, 0.013079061597923564, 0.9760540444935565], [0.9825539500441652, 0.013584188063296126, 0.0006353413279692915, 0.0032265204645692863], [0.9745546791260539, 0.01784961632353297, 0.0007140752287258221, 0.006881629221687368], [0.9886606635766164, 0.008825120251972952, 0.00048256154706807417, 0.0020316545243425467], [0.9904634658967952, 0.0073296243946314454, 0.0003536933404331206, 0.001853216268140179], [0.9825862410709209, 0.010915559724197636, 0.0006555306636171463, 0.005842668441264413], [0.991185226515836, 0.006176659798349227, 0.00040107903984597286, 0.0022370345459688905], [0.016661531779316556, 0.007748369386735836, 0.9096924420223459, 0.06589765671160172], [0.007708066485948136, 0.005055107561424732, 0.008734389069096685, 0.9785024367835304], [0.04393458877784293, 0.8963515877832793, 0.011461064541236217, 0.048252758797641515], [0.045300482264644934, 0.895783336318268, 0.00837977390195049, 0.05053640741513655], [0.006020652018902507, 0.0037092367898154044, 0.008897951639546124, 0.981372159451736], [0.004666987479019983, 0.0017992883123553892, 0.9616406481091733, 0.03189307599945137], [0.003771226401875288, 0.0033805207237263494, 0.9227936276773611, 0.0700546250970373], [0.0021601221552513365, 0.0021941557126391323, 0.008152218493607156, 0.9874935035385024], [0.013997937823411606, 0.7407532684025946, 0.012161653037157358, 0.23308714063683647], [0.011114781048778524, 0.9109900208906584, 0.00980878085286013, 0.06808641710770288], [0.0016362735902665548, 0.00203638604127363, 0.005365135741678309, 0.9909622045267815], [0.0013979435569306561, 0.00158408049178038, 0.9744563088791318, 0.022561666972157137]], "ideal": "B", "sampled": "B", "correct": true}}
{"type": "result", "data": {"idx": 5, "options": ["They will be unable to breathe without life support.", "They will only be able to breathe quietly.", "It is impossible to predict an effect on breathing.", "Breathing will be unaffected."], "probs": [[0.4199250481630759, 0.07890360507684162, 0.13633338597791816, 0.3648379606821643], [0.7726207748924575, 0.059578730810151234, 0.03968817187428796, 0.12811232232310324], [0.6469927513864154, 0.14663851450867393, 0.02670550567191988, 0.17966322833299078], [0.7922250391577689, 0.11960863709420035, 0.03591360789435762, 0.052252715753673115], [0.6616542815948452, 0.1282690177737001, 0.0479313418593423, 0.16214535867211238], [0.6285863611752985, 0.08777119349214689, 0.18874015193393137, 0.09490229329862318], [0.14316615034203123, 0.37136327109905004, 0.13661694118155981, 0.3488536372773589], [0.17372948447306588, 0.6556673840721646, 0.028808087966186526, 0.141795043388583], [0.08858225823731988, 0.13720556113262672, 0.4292858104457503, 0.34492637008430305], [0.04291487745360982, 0.037286630786928086, 0.030431649782365403, 0.8893668418770967], [0.06507302820031795, 0.034832522269580404, 0.6174267529823857, 0.2826676964477159], [0.013483431527954413, 0.005983450599862912, 0.06432661575256997, 0.9162065020196127], [0.38431920192090696, 0.4934778117202566, 0.020369131950712473, 0.10183385430812394], [0.4003902535350705, 0.5646427674662224, 0.013073558467323495, 0.021893420431383565], [0.12114197872862376, 0.03694713667686393, 0.5021567082268239, 0.33975417626768845], [0.026610247932907966, 0.006521329775012554, 0.014022776982131648, 0.9528456452099479], [0.019406769729993584, 0.00861184591937502, 0.9063288712038421, 0.06565251304678929], [0.02596133397990629, 0.009257029775561908, 0.020537307560391772, 0.94424432858414], [0.039090148857772816, 0.9037184989057925, 0.010039441198690732, 0.04715191093774401], [0.03220593015341569, 0.9266214956629709, 0.017239038991186416, 0.023933535092426968], [0.0466241061137798, 0.04114713208185134, 0.6640867093150332, 0.24814205238933562], [0.030197791977170735, 0.017206989355206797, 0.11046109429730855, 0.8421341242703139], [0.043407066675852736, 0.12758321376699897, 0.7341993915352267, 0.0948103279219215], [0.04368327054888465, 0.4080418822344827, 0.032463300002448896, 0.5158115471141838]], "ideal": "B", "sampled": "A", "correct": false}}
{"type": "result", "data": {"idx": 6, "options": ["Epigastric", "Hypochondriac", "Hypogastric", "Lumbar"], "probs": [[0.02720692049003151, 0.02637013086964434, 0.6800968747665408, 0.2663260737737833], [0.03883699045233865, 0.030722845279821526, 0.07370006425836564, 0.8567400999094742], [0.1620878971705412, 0.46902856041441326, 0.07537889929130283, 0.2935046430237427], [0.16831771526090814, 0.48705507848592505, 0.05379827159706388, 0.2908289345561029], [0.03854981179298342, 0.0510707140236899, 0.07315520414441037, 0.8372242699389163], [0.029917477197295265, 0.04285533797628668, 0.6297558054961124, 0.29747137923030564], [0.015099707567493854, 0.01969396454008896, 0.6321117700718105, 0.3330945577206067], [0.013532510241498602, 0.01821014439237103, 0.04873271699011755, 0.9195246282760128], [0.10763826300348019, 0.27061039408280196, 0.154187412203237, 0.46756393061048085], [0.0799622887267721, 0.24630689780008946, 0.09203748276160686, 0.5816933306115316], [0.008970075256636545, 0.010820071915658128, 0.050819223886665495, 0.9293906288410398], [0.021754726645136807, 0.02175500790457684, 0.4041243220784694, 0.552365943271817], [0.25047943740007184, 0.26250515167785676, 0.07404268007857305, 0.41297273074349833], [0.24112418561018978, 0.26899883448994016, 0.0600215091498693, 0.42985547065000074], [0.18129560894144645, 0.10825877070974992, 0.23279208218552874, 0.4776535380632749], [0.1420278496142811, 0.11235488531528094, 0.08887978311187149, 0.6567374818585665], [0.2159740296390145, 0.13099770051424486, 0.20289256864407423, 0.4501357011026664], [0.17510973883577258, 0.1342634518529783, 0.09822919671062233, 0.5923976125006267], [0.027515435639840016, 0.048291541721111, 0.05472135180939645, 0.8694716707296526], [0.025792045179886713, 0.04670402346284023, 0.5601525829152371, 0.367351348342036], [0.023534829189162602, 0.020447645677125148, 0.176640468799101, 0.7793770562346112], [0.025511201240378475, 0.022513799384579296, 0.5204848220026577, 0.43149017727238453], [0.11604416821831809, 0.1537373375377694, 0.3057416701838103, 0.4244768239601022], [0.12291294988570615, 0.19037470077775517, 0.10032001061986026, 0.5863923386166784]], "ideal": "A", "sampled": "C", "correct": false}}
{"type": "result", "data": {"idx": 7, "options": ["Hair in the nose", "Mucous membranes", "Osteoblasts", "Saliva"], "probs": [[0.004181116192189393, 0.9916203830998691, 0.000565863308987251, 0.00363263729895426], [0.004170694706056084, 0.989145831093291, 0.0011581775915822312, 0.0055252965090706735], [0.01933757054493728, 0.03786157493106713, 0.8753058427575012, 0.06749501166649437], [0.007082834455906337, 0.016213102453316478, 0.019556453677225683, 0.9571476093135515], [0.00189686829218329, 0.007986133751194929, 0.9826147304670726, 0.007502267389549136], [0.0066208405821942574, 0.021041291049003843, 0.004920227067705822, 0.9674176412010961], [0.9661889462288457, 0.02005267719607972, 0.002509911566915306, 0.011248464908159334], [0.9406780494478149, 0.032695188749718586, 0.00966479059586745, 0.01696197110659915], [0.9544229386493657, 0.019808504479432727, 0.0053314393641921785, 0.02043711740700947], [0.9591347679394232, 0.019293838657899458, 0.007674653177742115, 0.013896740124935237], [0.9582983220647069, 0.024368395593569042, 0.005270092125469756, 0.012063190116254336], [0.9589977705303725, 0.026367749816065468, 0.003980989256100214, 0.010653490297461772], [0.0025550627854395965, 0.006323871372546151, 0.9683480043687009, 0.02277306137331332], [0.001705359103755735, 0.005591736235100334, 0.007179848926788954, 0.9855230556343549], [0.004274120064422858, 0.9824904026006727, 0.0021491937696279406, 0.01108628346527655], [0.006372425149874192, 0.9757860761680032, 0.003254769789827033, 0.014586728792295632], [0.0011073960689474028, 0.004448869173963422, 0.0032548271527565267, 0.9911889075043326], [0.0028208104775110394, 0.007548926399269184, 0.9733975535504702, 0.016232709472749574], [0.0011790722223225427, 0.002381796779039492, 0.9913968707176717, 0.005042260180966266], [0.0034942523814112873, 0.007874530059091575, 0.004486734125179844, 0.9841444833343173], [0.005202525310543916, 0.9914365439822097, 0.00078547699606834, 0.002575453611178032], [0.0099701938151104, 0.9857129593322811, 0.0008712061055560942, 0.0034456406470523802], [0.003589858769995207, 0.008478280714645993, 0.007964499818750826, 0.9799673605966079], [0.00816853232207671, 0.013258972826508812, 0.9441814201828873, 0.03439107456852721]], "ideal": "B", "sampled": "B", "correct": true}}
{"type": "result", "data": {"idx": 8, "options": ["six weeks post-fertilization.", "eight weeks post-fertilization.", "ten weeks post-fertilization.", "twelve weeks post-fertilization."], "probs": [[0.4110010510868732, 0.2571986768702965, 0.14654759444604684, 0.18525267749678345], [0.4242383385721051, 0.25731426178623773, 0.14434033646305955, 0.1741070630785976], [0.42193084950996146, 0.26403835413199767, 0.14355528353209224, 0.17047551272594866], [0.4618024802820506, 0.23958054120413017, 0.1365090242791176, 0.1621079541347016], [0.39930036070224906, 0.2205154102359367, 0.16645386815309135, 0.2137303608087229], [0.5075389146297271, 0.16736899314637194, 0.12633688746619473, 0.19875520465770627], [0.4453986651064403, 0.2701487283160655, 0.11801934416930869, 0.1664332623081855], [0.5689527818303742, 0.26458805008304537, 0.0628452505750619, 0.10361391741151846], [0.34532221119162676, 0.24487122161111613, 0.21609816799094458, 0.1937083991063125], [0.3720294313041214, 0.23281096022119807, 0.17301041344996232, 0.22214919492471819], [0.3496778256889511, 0.2293254698684149, 0.21543135915879763, 0.20556534518383635], [0.4376972219424968, 0.18533330739671422, 0.11966015874902511, 0.2573093118117639], [0.5104875526030421, 0.2487923633148402, 0.09896293952844144, 0.1417571444536762], [0.5853867995439669, 0.24024272915756203, 0.067763684658702, 0.10660678653976909], [0.5188568829971255, 0.1737957447593462, 0.14408190546979133, 0.16326546667373693], [0.49535017434844797, 0.1939824161029675, 0.11052792267265957, 0.20013948677592497], [0.4338782299955462, 0.1866094712246767, 0.18086820299997639, 0.19864409567980068], [0.4621724050127507, 0.17542147111862635, 0.1263513676293095, 0.23605475613931345], [0.39006956826616407, 0.280957605200364, 0.15038592887826038, 0.17858689755521157], [0.41178795603359875, 0.26174933745707185, 0.1379323349805575, 0.18853037142877185], [0.343783889394603, 0.21179994850723285, 0.21180014222231391, 0.2326160197758502], [0.3790268671713609, 0.20607409140945515, 0.14612845204033761, 0.2687705892788463], [0.3131349244489344, 0.1756537924984072, 0.25959955482869135, 0.25161172812396704], [0.3547070271210756, 0.17287115493370184, 0.17835879058307802, 0.2940630272621445]], "ideal": "C", "sampled": "A", "correct": false}}
{"type": "result", "data": {"idx": 9, "options": ["bilateral contraction of antigravity limb muscles.", "bilateral contraction of limb musculature.", "contraction of ipsilateral limb musculature.", "contraction of contralateral limb musculature."], "probs": [[0.5393106066230412, 0.2356091728933982, 0.09083515946166297, 0.13424506092189759], [0.4324386336885342, 0.17747373546610512, 0.058524432427461574, 0.3315631983178991], [0.4848764664721469, 0.37762690571416724, 0.05191075564169072, 0.08558587207199513], [0.5149073907162857, 0.27561314553920885, 0.06649451353448356, 0.1429849501100219], [0.43539120708781126, 0.27675534529102985, 0.07566014269698682, 0.2121933048241721], [0.41054788839508216, 0.20643912561317884, 0.17657593153999673, 0.20643705435174226], [0.6030370221070296, 0.16230628497416516, 0.08687614972304342, 0.14778054309576183], [0.4605082547507077, 0.12589684877906018, 0.04930174644106816, 0.3642931499291639], [0.4848808275441109, 0.3896167219842762, 0.04510125450188035, 0.08040119586973252], [0.5589311288909813, 0.2024329811857262, 0.04243216044574325, 0.19620372937754926], [0.4682904901559012, 0.27102843631030504, 0.06239404318885291, 0.19828703024494082], [0.383807957134013, 0.1757219433608763, 0.13685190676274303, 0.30361819264236767], [0.929959937148604, 0.01625288995513957, 0.01991342533325791, 0.033873747462998496], [0.8761930464822049, 0.05344833060564569, 0.026048608121651273, 0.04431001469049812], [0.9590230545088545, 0.010165943090921715, 0.011519513261390533, 0.019291489038833296], [0.9260244808418838, 0.02429518777546091, 0.013209059529233467, 0.03647127175342178], [0.8706273723604874, 0.06112786538021412, 0.0183538918388834, 0.049890870320415066], [0.9710945655626735, 0.01594349769617306, 0.0031394616780130277, 0.009822474963140418], [0.650828528137456, 0.05776471163938132, 0.06648652131029464, 0.2249202388128681], [0.6117677141023906, 0.14530861567218833, 0.14305538148742442, 0.09986828863799667], [0.775606258262969, 0.0357133319032986, 0.033549508088611193, 0.1551309016451212], [0.7020746227903883, 0.07634743137222812, 0.12200267647444966, 0.09957526926293385], [0.7099176869364218, 0.20659894403273305, 0.024292136377956988, 0.05919123255288815], [0.9189087563611518, 0.06253267698812583, 0.004822005886406745, 0.013736560664315701]], "ideal": "D", "sampled": "C", "correct": false}}
{"type": "result", "data": {"idx": 10, "options": ["hard palate.", "hard palate and upper lip.", "hard palate, upper lip and upper central incisor.", "hard palate, upper lip, upper central incisor and lower first molar."], "probs": [[0.12845787213265988, 0.28058212574623403, 0.2362744027695058, 0.3546855992516003], [0.021006973497344497, 0.044472184110590444, 0.7640429152604633, 0.17047792703160172], [0.10213466504383964, 0.5608403556790311, 0.11394129437690095, 0.22308368480022822], [0.06870743631629515, 0.42089107628428113, 0.3177059590498792, 0.19269552824954453], [0.032465509704247046, 0.8504923486176607, 0.039161268180105714, 0.07788087339798652], [0.02566400418644844, 0.8768629684109206, 0.03295355609025012, 0.06451947121238083], [0.14255898973937692, 0.1258093678058969, 0.29251613845130486, 0.4391155039034213], [0.02262203924438211, 0.03503798647383788, 0.7375365398780406, 0.2048034343037394], [0.1872839429115796, 0.3903401101167628, 0.11359466458587356, 0.30878128228578405], [0.18545157929217632, 0.28723871277024837, 0.2574781140803394, 0.269831593757236], [0.043774107234798444, 0.8521856386176523, 0.03517376762179095, 0.06886648642575831], [0.07211858140877786, 0.7170930610936989, 0.09554286442550551, 0.11524549297201772], [0.25788828053472973, 0.15160722894409231, 0.09340152978572804, 0.4971029606354499], [0.10701895105443046, 0.11753862657196291, 0.5105669903778458, 0.26487543189576074], [0.2957931590884096, 0.19398910672464192, 0.09307630775279252, 0.41714142633415596], [0.15693246294277563, 0.1497482254876421, 0.46852327784750386, 0.2247960336220784], [0.2058376165648028, 0.3727299439264608, 0.23692042692260942, 0.184512012486127], [0.17150847867663957, 0.2495476044397491, 0.36880702326196435, 0.210136893521647], [0.47054554780675373, 0.16009649691502198, 0.060765573903899875, 0.3085923812743244], [0.4483833777598946, 0.21180314612517473, 0.08829253494946385, 0.25152094106546674], [0.5374828656595332, 0.21379730421844922, 0.05405643662353858, 0.19466339339847907], [0.3930308999314996, 0.2170545095866077, 0.15152872645744167, 0.23838586392445105], [0.504527874307961, 0.21699621104508598, 0.10411583041276218, 0.17436008413419088], [0.4218813776548028, 0.18430769441668884, 0.14579939840766126, 0.24801152942084703]], "ideal": "D", "sampled": "D", "correct": true}}
{"type": "result", "data": {"idx": 11, "options": ["Pupillary constriction and a medial strabismus", "Pupillary dilatation and a medial strabismus", "Pupillary constriction and a lateral strabismus", "Pupillary dilatation and a lateral strabismus"], "probs": [[0.666446988693371, 0.1685060276710742, 0.0659889046622073, 0.09905807887334742], [0.719123845618009, 0.12112146705013366, 0.04597339812931682, 0.11378128910254048], [0.7637929857233853, 0.16778467646408268, 0.025332336934939925, 0.04309000077759211], [0.7389754756936132, 0.1674861065290975, 0.02691822661462228, 0.06662019106266696], [0.46462540218431886, 0.13734528830303055, 0.2160794054077376, 0.181949904004913], [0.4211179237137196, 0.1304586561973776, 0.23995452461633898, 0.20846889537256386], [0.48218324416387826, 0.22076237035002266, 0.07629435451836616, 0.2207600308677329], [0.502922385706535, 0.25288896242897274, 0.07834244796789379, 0.16584620379659845], [0.35050522233005393, 0.1655698965154452, 0.21934750020255123, 0.2645773808519496], [0.3291596272008166, 0.16042341768399257, 0.2059902460962253, 0.3044267089189655], [0.4907061724145584, 0.2884749576438482, 0.06641152800176209, 0.15440734183983135], [0.47846094610402384, 0.26839651454998964, 0.06577440801613586, 0.18736813122985066], [0.8647621965750081, 0.08043610948032574, 0.01739587960222529, 0.03740581424244084], [0.867309443107506, 0.08454467859285093, 0.018000939069434316, 0.03014493913020875], [0.7527102203186019, 0.09569720887293644, 0.04812041279147515, 0.10347215791698651], [0.5499035961332984, 0.08046976090772837, 0.2852963038381088, 0.08433033902086445], [0.8458177210154472, 0.09489888431769217, 0.02437245591190583, 0.03491093865495483], [0.8595146628338577, 0.07166484571572558, 0.022550787717985334, 0.04626970363243142], [0.5398181160717526, 0.14757995525880996, 0.07305830825221572, 0.23954362031722173], [0.38597470413570534, 0.12530953624407565, 0.30060609431584384, 0.18810966520437514], [0.628211216556337, 0.17719673080600995, 0.04769245286497077, 0.14689959967268218], [0.6337435604838746, 0.19328265660250574, 0.05202203049653485, 0.12095175231708476], [0.6662671913185831, 0.1658480701486295, 0.044638132871763506, 0.12324660556102383], [0.6933369558355864, 0.18086941336295226, 0.04035810708195837, 0.08543552361950292]], "ideal": "D", "sampled": "C", "correct": false}}
{"type": "result", "data": {"idx": 12, "options": ["It has an articular disc of hyaline cartilage", "Its articular surfaces are covered by hyaline cartilage", "Proprioceptive information is carried by the chorda tympani and deep temporal nerves", "Proprioceptive information is carried by the masseteric and auriculotemporal nerves."], "probs": [[0.2522369400081209, 0.2727426967569448, 0.1136961911116448, 0.3613241720232895], [0.26469531849878014, 0.34524303928471556, 0.12119137584838847, 0.2688702662681159], [0.2687942643374486, 0.13945209770816647, 0.18188054586796276, 0.4098730919864222], [0.2756925636162359, 0.1062924790527005, 0.06970811167129419, 0.5483068455597694], [0.3315480797353276, 0.20748386712460518, 0.15908389503038065, 0.30188415800968654], [0.2732982821255274, 0.09593993031265363, 0.05216128537366415, 0.5786005020881548], [0.19670260854474803, 0.17910654307283386, 0.13732543177049697, 0.4868654165119211], [0.2127739872488994, 0.23737861996367185, 0.1764042771757784, 0.3734431155116504], [0.18491875847936082, 0.16837697968621643, 0.14401961646994776, 0.502684645264475], [0.22464896385257102, 0.13002270883325537, 0.11474379700629538, 0.5305845302078782], [0.21274036483932568, 0.2862864477092804, 0.1556508713156926, 0.3453223160357013], [0.21668274177006025, 0.1314302294464212, 0.08097088698102943, 0.5709161417024892], [0.1844300560959053, 0.23314992633290793, 0.16024044870802745, 0.4221795687631593], [0.15232261431616897, 0.25114925210046135, 0.07308744329004424, 0.5234406901933254], [0.19310041396920208, 0.2188201597641564, 0.13908907147943042, 0.4489903546872111], [0.1469750149989679, 0.1887287106542421, 0.09197734569515946, 0.5723189285516305], [0.15735807109384486, 0.11158652273144516, 0.2150893291276676, 0.5159660769470423], [0.16332810142027612, 0.14871673888169265, 0.13540749933512952, 0.5525476602629017], [0.21706873176311367, 0.3013844191726661, 0.20713895557239523, 0.274407893391825], [0.1615107321240011, 0.20739647280444914, 0.06732984481086418, 0.5637629501606856], [0.21015845474534975, 0.24571748100938043, 0.21348257578368543, 0.33064148836158436], [0.15609923679538232, 0.18251297414272677, 0.0903471288558653, 0.5710406601060256], [0.12293070461913456, 0.07693196029987541, 0.39070084396045845, 0.40943649102053153], [0.14441519759022667, 0.09926192313539894, 0.28277489118765947, 0.47354798798671494]], "ideal": "D", "sampled": "A", "correct": false}}
{"type": "result", "data": {"idx": 13, "options": ["cricothyroid muscle is still functional but the interarytenoid muscles are fully active.", "cricothyroid muscle is still functional but the interarytenoids are weak.", "cricothyroid muscle is paralyzed but the interarytenoids are fully active.", "cricothyroid muscle is paralyzed but the interarytenoids are weak."], "probs": [[0.24912746062523727, 0.43046465191064587, 0.12332994397740625, 0.19707794338671059], [0.28233626482047547, 0.4511814713026907, 0.1880802362969192, 0.07840202747991462], [0.2807960081294126, 0.455787208975704, 0.13685187021626657, 0.12656491257861685], [0.30331187716907104, 0.42774731123247733, 0.11158406074600631, 0.15735675075244532], [0.32046000415357817, 0.23082077744194374, 0.41796568754418884, 0.030753530760289246], [0.3313895885087558, 0.32625789662383886, 0.1110034700745902, 0.23134904469281517], [0.35197010108333626, 0.2698693234968128, 0.1040437354930943, 0.2741168398267566], [0.34281206127553326, 0.3482159971842641, 0.2393254786490487, 0.06964646279115394], [0.37640315466311913, 0.31205425318531055, 0.09369584218996774, 0.21784674986160257], [0.31097587650348474, 0.23843632414008942, 0.42506137090152657, 0.025526428354899246], [0.20672587578582988, 0.7801879432668807, 0.0064409247978380185, 0.006645256049451457], [0.25836304456620957, 0.7246072111774958, 0.008980148794183586, 0.008049595362110981], [0.16329249738013987, 0.6875028013495541, 0.09450834243544587, 0.054696358734860104], [0.1692232613212034, 0.7124718320779033, 0.07747771474722535, 0.04082719175366791], [0.20098830757515415, 0.5636988877686423, 0.08120846747539966, 0.15410433708080387], [0.1825333085053917, 0.5199972380922839, 0.28271844927613293, 0.014751004026191415], [0.1974894790521727, 0.31070311263239747, 0.2535875552752743, 0.23821985294015546], [0.18487361459828727, 0.2566787149244934, 0.42319086647624593, 0.13525680390097336], [0.18243718315361326, 0.34084263757972855, 0.4586564344701511, 0.018063744696507105], [0.2527080940280225, 0.5267010055931188, 0.12316281449949172, 0.09742808577936696], [0.13645016567489712, 0.8490339753011147, 0.009141767009224753, 0.005374091914763468], [0.10412289454097207, 0.8855560002503424, 0.006867805636228471, 0.003453299472457037], [0.1948008566125269, 0.18881251197375973, 0.2349796627968958, 0.38140696851681755], [0.16451996563219912, 0.1864309608749879, 0.5394548177179661, 0.10959425567484685]], "ideal": "B", "sampled": "B", "correct": true}}
{"type": "result", "data": {"idx": 14, "options": ["The mental symphysis closes at about 1 year postnatally", "The condylar growth cartilage ceases activity at puberty", "The ossification centre appears about 8 weeks I.U.L medial to Meckel's cartilage", "The functional matrix acting on the angle of the mandible is the lateral pterygoid muscle"], "probs": [[0.18756987991110802, 0.21931482339609673, 0.2371442721760477, 0.35597102441674755], [0.19823758597533755, 0.2045464098926443, 0.1362621655366976, 0.4609538384953205], [0.1835587459290309, 0.2284682563067683, 0.21130183421211166, 0.3766711634520891], [0.1788549055958456, 0.18169011986033703, 0.11369877070685167, 0.5257562037369656], [0.17160110429599149, 0.12360938076346892, 0.2309434895127066, 0.473846025327833], [0.172709798728774, 0.12248012528564947, 0.18101777680550502, 0.5237922990800715], [0.2325425113126177, 0.17282505074165969, 0.19280799934116136, 0.40182443850456123], [0.2882604810825669, 0.15919960559207824, 0.10605360250444831, 0.44648631072090655], [0.22633632340741808, 0.2817031060860054, 0.10692435183277338, 0.38503621857380316], [0.33436470473124175, 0.2950873010663502, 0.0845468248816189, 0.28600116922078916], [0.3164824317783083, 0.17753722168675662, 0.09959446860437596, 0.40638587783055913], [0.32188359859000254, 0.18340974100811244, 0.15205826316917062, 0.3426483971327144], [0.20074565407495445, 0.13166701596154842, 0.2007763057630704, 0.46681102410042674], [0.20637285707317374, 0.13535720108586002, 0.13119554518341364, 0.5270743965575526], [0.21439662680841004, 0.2753222789580187, 0.12804074048019104, 0.3822403536533802], [0.27644567237175927, 0.30363954507148117, 0.10171126042795205, 0.3182035220288075], [0.1924087909389488, 0.13225563263332415, 0.15222582673177246, 0.5231097495959546], [0.22587808291208733, 0.11903819085843513, 0.27678619987622083, 0.37829752625325674], [0.2051584663107783, 0.13667739047281363, 0.19579044857706754, 0.4623736945393405], [0.19753263870384655, 0.14453279557368212, 0.16898141568560993, 0.4889531499368614], [0.22319042015256516, 0.2777914619826205, 0.12521594388377372, 0.37380217388104064], [0.22926211820058665, 0.318323806567376, 0.1625891255012379, 0.2898249496307994], [0.1957803099522956, 0.20201890469585626, 0.13248768644926812, 0.46971309880258005], [0.226016077764322, 0.24440269533935988, 0.2058127850954473, 0.3237684417008708]], "ideal": "A", "sampled": "B", "correct": false}}
{"type": "result", "data": {"idx": 15, "options": ["Its efferent limb is carried in the optic nerve", "It is mediated by the inferior colliculi in the midbrain", "It is a consensual reflex", "Its afferent limb is carried in the oculomotor nerve"], "probs": [[0.2531623617503908, 0.2531684116220152, 0.06301826425811083, 0.43065096226948313], [0.22810567573254603, 0.2076974778012736, 0.266687925629651, 0.2975089207365294], [0.18098852575961438, 0.12439446520737012, 0.12834246837830016, 0.5662745405547154], [0.12486103921708337, 0.11729884937431549, 0.24832074351684114, 0.50951936779176], [0.2360772419908826, 0.28035541530561053, 0.19880115391408743, 0.28476618868941944], [0.20447846483337292, 0.4536662528334538, 0.062363629693871894, 0.2794916525393014], [0.3173593949364026, 0.2631053983106081, 0.06549192365703548, 0.35404328299595383], [0.29597571489235375, 0.1767383217634846, 0.278048098059506, 0.24923786518465568], [0.2113655531569137, 0.07191487990393082, 0.20168973666340165, 0.5150298301757538], [0.3251408941592671, 0.0991638065032912, 0.24543278702730248, 0.33026251221013925], [0.35155282305820995, 0.20346690989683444, 0.14427896472686383, 0.30070130221809177], [0.36709510210706775, 0.3787534732087759, 0.05456456080987731, 0.19958686377427903], [0.12048366009344574, 0.1672793937104509, 0.2715196629455342, 0.4407172831505692], [0.10540176103400857, 0.1374731649509199, 0.34024798613179685, 0.41687708778327465], [0.1098557362563368, 0.16491724917693634, 0.2554272768114026, 0.46979973765532423], [0.1302849760436374, 0.24341035651483817, 0.29360725597761755, 0.3326974113639069], [0.13034958811436248, 0.1867221760612724, 0.16737489406952455, 0.5155533416548406], [0.13431045011397835, 0.21463229610465517, 0.30267902303652033, 0.34837823064484613], [0.21316118536248058, 0.13549597560004445, 0.30534490939901565, 0.34599792953845926], [0.20978709584342686, 0.20333700915619604, 0.09909798727464651, 0.4877779076257306], [0.2626523116363538, 0.18052217631505002, 0.19216363416424462, 0.3646618777843516], [0.3003682493863145, 0.24515800175599414, 0.07476867734638208, 0.37970507141130927], [0.1658104596191811, 0.11943139434784686, 0.17107654468954447, 0.5436816012434276], [0.23736268633260985, 0.12705372461976233, 0.1485402606061611, 0.48704332834146674]], "ideal": "C", "sampled": "D", "correct": false}}
{"type": "result", "data": {"idx": 16, "options": ["External and internal intercostal muscles", "External intercostal muscles and diaphragm", "Internal intercostal muscles and diaphragm", "External and internal intercostal muscles and diaphragm"], "probs": [[0.14987906773698506, 0.737735879277175, 0.025641458727380703, 0.08674359415845924], [0.3500207934177019, 0.36682143530439715, 0.2025782897673752, 0.08057948141052573], [0.12772618708697425, 0.7236232430368953, 0.02677302907039079, 0.12187754070573964], [0.3779103344923737, 0.3084438350952029, 0.2087037351905099, 0.10494209512191348], [0.07304248158616691, 0.8898432783649374, 0.006186047522209024, 0.030928192426686707], [0.11790143146642625, 0.8576767097246423, 0.006056328569262228, 0.018365530139669274], [0.9924282818695553, 0.006184413433248784, 0.0005237668409561804, 0.0008635377562396962], [0.9179866894376714, 0.01604360815998417, 0.05777544893559714, 0.00819425336674729], [0.9842988294052833, 0.010598198555296935, 0.001870711458335793, 0.003232260481083899], [0.9861932871207696, 0.009225574765757569, 0.003188286362822614, 0.0013928516506501627], [0.9845953670406452, 0.01298906278526625, 0.0009119788933559352, 0.0015035911807325395], [0.9928557905085759, 0.006689819930687132, 0.0002325193055913585, 0.00022187015514561377], [0.9886242294010539, 0.009104937828837235, 0.0007131613929656999, 0.001557671277143196], [0.7820290092050314, 0.02474862260371415, 0.17724349701330994, 0.015978871077944504], [0.9830595162360459, 0.011444950368554894, 0.0014779874915829183, 0.004017545803816208], [0.9875027327177323, 0.010145766738093856, 0.0011206807053204795, 0.0012308197388534445], [0.9849594263258143, 0.0127924209240708, 0.0008570432697647959, 0.00139110938035005], [0.9941755917918165, 0.00546733371466581, 0.00017574843867993383, 0.00018132595483775365], [0.9958942454985259, 0.003883619296065757, 8.715210672023293e-05, 0.00013498299868812372], [0.996377970546497, 0.003428946104457186, 9.880415272275253e-05, 9.427909632303369e-05], [0.9969824889197912, 0.0028003229962397175, 0.0001102909417068283, 0.00010689704226216092], [0.9962828048306922, 0.0035374546453246425, 0.00010516660484024671, 7.45738191428649e-05], [0.996608096659716, 0.003171991192206236, 0.00012108554298370511, 9.882650509410804e-05], [0.9953419172879967, 0.004467540779137336, 0.00010343849965249786, 8.71033332133962e-05]], "ideal": "B", "sampled": "D", "correct": false}}
