{"type": "result", "data": {"idx": 0, "options": ["This type occurs in binary systems.", "This type occurs in young galaxies.", "This type produces gamma-ray bursts.", "This type produces high amounts of X-rays."], "probs": [[0.4508125126879625, 0.3510980726246298, 0.10059283381801253, 0.0974965807693952], [0.48615454815627807, 0.36697362510052556, 0.07573067734664399, 0.07114114929655235], [0.41422722559310315, 0.32768569664509595, 0.15002756526912306, 0.10805951239267783], [0.4537939001834302, 0.3372368937854331, 0.10285286242428306, 0.10611634350685364], [0.43900323890982207, 0.32118723511137665, 0.13389316499145634, 0.10591636088734491], [0.45681382922781927, 0.31396938536787705, 0.11371390198948433, 0.11550288331481935], [0.09228028699877017, 0.7726729203238634, 0.06857873009125294, 0.06646806248611356], [0.06966838188019801, 0.8487551744271296, 0.044285080992583443, 0.03729136260008902], [0.09947787302258591, 0.2009540959351955, 0.563595793545793, 0.13597223739642555], [0.147144394310667, 0.30192992538070246, 0.13823348488369308, 0.41269219532493745], [0.08682130017540979, 0.16735539829978496, 0.6026769696265692, 0.14314633179823605], [0.10903916263147453, 0.19438914518224834, 0.1513900126799795, 0.5451816794062976], [0.11708636882502525, 0.7516782955084047, 0.07327255515968215, 0.05796278040688784], [0.1142377261488556, 0.8054701715106088, 0.042026706192264555, 0.03826539604827098], [0.14754732171531243, 0.21468340178195663, 0.49915919446661167, 0.1386100819361193], [0.20720571740594568, 0.36366675113230346, 0.11806554609993092, 0.3110619852618199], [0.13852977499736835, 0.13853199527058452, 0.5394134407171711, 0.18352478891487597], [0.11433818275335104, 0.14009353621462906, 0.19148445270146722, 0.5540838282305527], [0.1142568679673985, 0.6783941488540399, 0.11974354265540775, 0.0876054404231538], [0.1186560440245218, 0.7268759445072428, 0.07904420615588477, 0.07542380521235066], [0.10136739304438476, 0.1545695570213269, 0.5743017449816904, 0.16976130485259788], [0.11806552369518593, 0.23116782874277023, 0.16138121290875224, 0.48938543455329164], [0.12466865310320768, 0.13480125667597725, 0.5947753919388595, 0.14575469818195558], [0.10558310307375411, 0.16611048825078814, 0.21664809011212274, 0.511658318463335]], "ideal": "A", "sampled": "A", "correct": true}}
{"type": "result", "data": {"idx": 1, "options": ["Its speed relative to you", "Its composition", "Its size", "Its distance from you"], "probs": [[0.0539476071969715, 0.08226381547909194, 0.3356841927313468, 0.5281043844925897], [0.03536502109799912, 0.049101128370687384, 0.6884969882572819, 0.22703686217403157], [0.05375210900251897, 0.17625397310689378, 0.09433992880876259, 0.6756539889818246], [0.05513574100277199, 0.1386157998510296, 0.631024947237079, 0.17522351180911933], [0.07990461646640416, 0.35812473560361613, 0.09489154140366561, 0.46707910642631406], [0.09423932545320103, 0.3341198637220021, 0.2902888460718408, 0.2813519646529561], [0.06866577215800145, 0.08817318760337958, 0.25915038389989253, 0.5840106562387264], [0.05512784585186444, 0.058685885622768656, 0.49136783151981456, 0.39481843690555235], [0.07249859557696546, 0.19402551215379907, 0.10714874921080192, 0.6263271429584335], [0.05822329313134503, 0.08605171322456671, 0.6067303124674378, 0.2489946810766505], [0.09837622353188566, 0.26742701125885965, 0.08547274258040535, 0.5487240225288493], [0.09128988601315478, 0.22951467503930764, 0.2367982881785932, 0.4423971506689444], [0.06407432811590058, 0.12545746189718165, 0.11071351584538791, 0.6997546940415299], [0.06802409344303138, 0.09298158713190534, 0.543505386760285, 0.2954889325647782], [0.06639047810353248, 0.15436969925960514, 0.09812138374839577, 0.6811184387884666], [0.06225692177228469, 0.08509866987545661, 0.6387102674655079, 0.21393414078675088], [0.11174579134362846, 0.45601300157623376, 0.09861905189965611, 0.33362215508048165], [0.09283123494510823, 0.4498702682162846, 0.1229871456356825, 0.33431135110292465], [0.10339390048524642, 0.17865641945770228, 0.11355868319206368, 0.6043909967649876], [0.1184480846966011, 0.19529436561789473, 0.32705936376017813, 0.35919818582532603], [0.10552122401722877, 0.2341184292411314, 0.08090769640979999, 0.5794526502318398], [0.11691256350050222, 0.19888373762875358, 0.2761227426523396, 0.40808095611840456], [0.12171029116918035, 0.4117566881400356, 0.11434020675558551, 0.35219281383519857], [0.135722865469379, 0.2964597719268744, 0.1562232109581761, 0.4115941515455705]], "ideal": "D", "sampled": "D", "correct": true}}
{"type": "result", "data": {"idx": 2, "options": ["Because the molecules that compose the Earth's atmosphere have a blue-ish color.", "Because the sky reflects the color of the Earth's oceans.", "Because the atmosphere preferentially scatters short wavelengths.", "Because the Earth's atmosphere preferentially absorbs all other colors."], "probs": [[0.015577816156208953, 0.04301342672123873, 0.9341642111715891, 0.007244545850963186], [0.03885464717249772, 0.5983989177104491, 0.22712605239796782, 0.13562038261908535], [0.011616553665602204, 0.9823680930781021, 0.002937202231826932, 0.0030781509244686717], [0.013361302635511949, 0.9816929418672075, 0.0025501356817254762, 0.002395619715555159], [0.025298002349482623, 0.9493480739345997, 0.010712224526632891, 0.014641699089284723], [0.047156434940640785, 0.8102007582923518, 0.11855711152110356, 0.024085695145903873], [0.015559637642182579, 0.7980897284584129, 0.17531695649973425, 0.011033677299670315], [0.009698544600850895, 0.9739821525043556, 0.009548473144256808, 0.0067708296505366436], [0.004103199620852307, 0.9884829096676597, 0.004167927930089137, 0.0032459626813988204], [0.003420748447677821, 0.9940294943100221, 0.0011458468083517018, 0.0014039103339483926], [0.009790550048912501, 0.9529752196450733, 0.022764455673198097, 0.014469774532816133], [0.016170517692846224, 0.7791778966944152, 0.182200578133462, 0.02245100737927656], [0.5823236423989813, 0.4002271400255414, 0.012086116127918737, 0.005363101347558593], [0.6056468252537565, 0.38497462188199455, 0.0073896823208719755, 0.0019888704433770597], [0.671109778627731, 0.18062820574608038, 0.13634825898702882, 0.011913756539159773], [0.8175480976210093, 0.158489421289378, 0.015693005202059622, 0.008269475787553026], [0.7787055307142784, 0.18209193492459191, 0.032142024214631464, 0.0070605100464981915], [0.807073175450605, 0.17729072262748907, 0.009847296396288095, 0.005788805425617871], [0.17254570129162006, 0.797869810942767, 0.01708501538920397, 0.012499472276408971], [0.12243305457234176, 0.7500253649600808, 0.1114815806520448, 0.01605999971553272], [0.15865454076134097, 0.3306775986817607, 0.35200873013791006, 0.1586591303189882], [0.03956879914856941, 0.047731021676732356, 0.900632112734522, 0.012068066340176214], [0.04779434515207287, 0.9160479307407469, 0.023293843146476766, 0.012863880860703449], [0.04218417095292453, 0.945250799156438, 0.006674692939950682, 0.005890336850686855]], "ideal": "C", "sampled": "C", "correct": true}}
{"type": "result", "data": {"idx": 3, "options": ["The first time you drop a bowling ball and it falls to the ground proving your hypothesis.", "After you\u2019ve repeated your experiment many times.", "You can never prove your theory to be correct only \u201cyet to be proven wrong\u201d.", "When you and many others have tested the hypothesis."], "probs": [[0.010292683602394485, 0.732974997155948, 0.1443294418120943, 0.1124028773295632], [0.028166520681824157, 0.21474967324680314, 0.611781504076216, 0.14530230189515667], [0.014538105681179591, 0.035426823268793387, 0.6086297284888433, 0.34140534246118365], [0.010108239721801955, 0.01888568656958238, 0.9388807801213579, 0.03212529348725782], [0.014478001633289769, 0.8682441607766476, 0.06001364035009234, 0.05726419713997033], [0.007702189607466197, 0.9626441749238877, 0.01790884054413945, 0.011744794824506686], [0.1846413910204305, 0.15793894229740038, 0.15548710523480988, 0.5019325613473592], [0.05378418254957639, 0.07125662799192292, 0.7310187598028287, 0.14394042955567202], [0.2555087208492355, 0.18118965623951042, 0.20854741332829688, 0.3547542094829572], [0.1646398926308008, 0.1646492952636533, 0.3949774264145907, 0.27573338559095517], [0.20252392580498804, 0.5420092778257144, 0.09272755405191492, 0.16273924221738265], [0.19596317408509423, 0.4628253876700108, 0.13260225950345578, 0.20860917864143919], [0.028873291313650837, 0.06609549157052796, 0.5363837313572011, 0.36864748565862004], [0.024517810928742848, 0.0465291011605656, 0.8119804579913555, 0.11697262981933598], [0.02780535092526789, 0.1306031951967647, 0.20869794641358294, 0.6328935073643844], [0.05619391840278876, 0.11176379852193392, 0.3389148141023962, 0.4931274688728811], [0.01853726162598028, 0.7882698617983162, 0.05621507704897651, 0.13697779942672708], [0.036993752747869854, 0.6257594157231009, 0.10705029843738487, 0.23019653299164441], [0.37934215722635334, 0.08464439705227564, 0.4166459614621403, 0.11936748415923074], [0.7044942149669225, 0.09837051248008967, 0.04946349073633959, 0.14767178171664816], [0.4849912785626894, 0.2806941249634211, 0.07437816951143401, 0.1599364268624555], [0.42654319202148167, 0.30246968201017926, 0.10131652284579551, 0.1696706030225436], [0.662001043283351, 0.14316881341555193, 0.05606565129489755, 0.1387644919061995], [0.5490289534462677, 0.22183082331848705, 0.09247403935439162, 0.13666618378085357]], "ideal": "C", "sampled": "D", "correct": false}}
{"type": "result", "data": {"idx": 4, "options": ["Titan is the only outer solar system moon with a thick atmosphere", "Titan is the only outer solar system moon with evidence for recent geologic activity", "Titan's atmosphere is composed mostly of hydrocarbons", "A and D"], "probs": [[0.22204726105022002, 0.11166244328162875, 0.06263623152656968, 0.6036540640415815], [0.07930365889990289, 0.054508208816947, 0.764355236481024, 0.10183289570212607], [0.19513560248046014, 0.2110095855081792, 0.06335638274046863, 0.5304984291708921], [0.1286679689158307, 0.10339385090683445, 0.6848597509599548, 0.08307842911738002], [0.2464061099521734, 0.6803876211587758, 0.01991465702390199, 0.053291611765148815], [0.20799062506226326, 0.692763476080455, 0.04498535578560586, 0.05426054297167594], [0.21196894719948897, 0.0970544621147121, 0.0380063568978384, 0.6529702336879606], [0.05777032063519848, 0.035593239991064785, 0.8358520522087447, 0.07078438706499203], [0.22167863114702188, 0.14768278707340823, 0.037339069223686405, 0.5932995124558835], [0.09975925462150749, 0.07769737268609235, 0.7372111449535053, 0.08533222763889488], [0.2121893211936297, 0.740649171643045, 0.01611014788696978, 0.031051359176355493], [0.2182247161611852, 0.7268367409336598, 0.020944381276746804, 0.033994161528408236], [0.20163047011221066, 0.16202911491518507, 0.07078455282360942, 0.5655558620489949], [0.10431432489795195, 0.0935137623414665, 0.7129419881970069, 0.08922992446357461], [0.21917429564191618, 0.11917376517057773, 0.06581273674306777, 0.5958392023444383], [0.09634603989707756, 0.07504061199155818, 0.7009678795665432, 0.1276454684448211], [0.2458252337980154, 0.6579130960854834, 0.04140760795441008, 0.05485406206209104], [0.27631090833564076, 0.6130691492062555, 0.03624776588400375, 0.07437217647409987], [0.5070398004453914, 0.232171393376361, 0.08278641350593055, 0.17800239257231698], [0.47179037679328106, 0.2773904522781624, 0.11563766832713489, 0.13518150250142164], [0.48093709344822894, 0.253468304847166, 0.11425064503004069, 0.1513439565745644], [0.4655773986095571, 0.26531194634406646, 0.1398153111061196, 0.12929534384025682], [0.47379801731582616, 0.2874137823163252, 0.10089423731959263, 0.13789396294825604], [0.4793162393447239, 0.26891176487511675, 0.08867979331352716, 0.1630922023666322]], "ideal": "D", "sampled": "D", "correct": true}}
{"type": "result", "data": {"idx": 5, "options": ["m*v", "0.5*m/(R^3)", "0.5*m*(2GM/R)", "0.6*G(M^2)/R"], "probs": [[0.06459150607070017, 0.395712444050805, 0.26774263977732016, 0.2719534100011746], [0.061832783757440446, 0.449847178120714, 0.10355555701544786, 0.3847644810063977], [0.06000764056457216, 0.5024894587749547, 0.18484890872289036, 0.2526539918375828], [0.04515215989544315, 0.7063569198177596, 0.08840763284017773, 0.16008328734661945], [0.06580442885542183, 0.14151604366738021, 0.1874708966166743, 0.6052086307605237], [0.0516174831167765, 0.08781127278275083, 0.5132802953779149, 0.34729094862255777], [0.05916646100299545, 0.05387556904807023, 0.6771866653287234, 0.20977130452021095], [0.09465392144539461, 0.10235462565489185, 0.15606718112607929, 0.6469242716736342], [0.18942301475626605, 0.2888621834970092, 0.10793776991208565, 0.4137770317346391], [0.27452900477247977, 0.3416772789920973, 0.12182710662700343, 0.2619666095084195], [0.05615620272673727, 0.08698327028639063, 0.11704505891638986, 0.7398154679704823], [0.09166245291983821, 0.08477922704703413, 0.6264468010781017, 0.19711151885502595], [0.13688789714659982, 0.07679321099923657, 0.47782452333632736, 0.30849436841783623], [0.25923200666600926, 0.1150405670575327, 0.3226447902999101, 0.30308263587654793], [0.2192963394198517, 0.31910065288780937, 0.09432412823574438, 0.3672788793565946], [0.33737539020999935, 0.38231353961723635, 0.11843396594709282, 0.16187710412567147], [0.2926042166835785, 0.2042840928911754, 0.10934566286142944, 0.3937660274638166], [0.38707486271637026, 0.16136383961290335, 0.25386052610664855, 0.19770077146407786], [0.06629961279710991, 0.08648088215086286, 0.227835844188609, 0.6193836607634182], [0.04114379238242364, 0.05120831202327792, 0.6745428241251047, 0.23310507136919373], [0.08481268154773915, 0.16350159656490015, 0.1535861102183845, 0.5980996115689762], [0.09597453146497816, 0.19389560139897136, 0.4798871636036903, 0.23024270343236017], [0.07305269323578742, 0.557011275675914, 0.11493569465731994, 0.25500033633097857], [0.07768144508287338, 0.6016094146118489, 0.1428856870789377, 0.17782345312634004]], "ideal": "C", "sampled": "C", "correct": true}}
{"type": "result", "data": {"idx": 6, "options": ["it was stripped away by the magnetic field when it rapidly decreased in strength", "it was broken into hydrogen and oxygen by ultraviolet light and the hydrogen was lost through thermal escape", "it was consumed by a civilization of thirsty Martians", "it was vaporized during a period of intense volcanism and was lost to space through thermal escape"], "probs": [[0.05287540271861266, 0.6647947951695702, 0.08584882967229569, 0.1964809723395215], [0.05883234037490715, 0.6840902617194397, 0.12654303107294887, 0.13053436673270438], [0.026655438762653236, 0.09601121877720271, 0.6359959563943484, 0.24133738596579565], [0.04219166871197801, 0.14277520561615595, 0.38209849022831455, 0.4329346353435515], [0.07303732415192137, 0.5928606213673969, 0.14757868206280844, 0.18652337231787322], [0.05140778345238007, 0.43734660088596367, 0.12529600968753016, 0.3859496058741261], [0.19938537030792075, 0.40281771709129455, 0.12095670875539198, 0.2768402037453927], [0.3015530407127188, 0.38720816369952993, 0.16656094787839396, 0.14467784760935729], [0.18782954755765408, 0.34016065326629846, 0.17648623180798167, 0.2955235672680658], [0.21955155161139617, 0.33479959268201576, 0.2607750931236902, 0.18487376248289786], [0.321823706540359, 0.37625466652163364, 0.15687585898035028, 0.14504576785765705], [0.2658293803391854, 0.4315121705173254, 0.13369670309731474, 0.1689617459461744], [0.023289499414325943, 0.14269296237062654, 0.6296468179192168, 0.20437072019583064], [0.032118999437990875, 0.2648412656096429, 0.37348991408834675, 0.32954982076401945], [0.011317688604720454, 0.8853018857704561, 0.04407818825391109, 0.05930223727091231], [0.015129097875381785, 0.8261920797656163, 0.10504102704286515, 0.05363779521613673], [0.02093587804770195, 0.6827280496919687, 0.109725193924723, 0.18661087823560635], [0.023536119104095, 0.7674977029696555, 0.11587789577617053, 0.09308828205007894], [0.3027342074335203, 0.43365894379075054, 0.1113908406753774, 0.15221600800035173], [0.12871245315650162, 0.3965513942173774, 0.12478411940185823, 0.34995203312426276], [0.31414546685734995, 0.4361612492769747, 0.10361298867409101, 0.14608029509158432], [0.24785098615679432, 0.48531571387351985, 0.10173875913302037, 0.16509454073666543], [0.10743873349795624, 0.3258855051174758, 0.19158012940337585, 0.3750956318811921], [0.17337535836677573, 0.3907547709180002, 0.24841038130452794, 0.18745948931069611]], "ideal": "B", "sampled": "B", "correct": true}}
{"type": "result", "data": {"idx": 7, "options": ["Lunar rocks are composed of fragments pulverized by many impacts.", "Radioactive dating of lunar samples shows that they are older.", "The Moon's surface is more heavily eroded than the Earth's surface.", "The Moon's surface has more impact craters than the Earth's surface."], "probs": [[0.004719643151212868, 0.9878446560327715, 0.0025661467684377666, 0.004869553947577822], [0.0057761744748310384, 0.9867412036988501, 0.003190052988246124, 0.004292568738072744], [0.003836810718878747, 0.004926731976956793, 0.983955357045605, 0.007281100158559488], [0.004476134175425024, 0.007856293424892743, 0.02102396472011025, 0.966643607579572], [0.014863445910414476, 0.0666170025813421, 0.9054022756683736, 0.013117275739869773], [0.011202103321598694, 0.08277927983084787, 0.016047013727636807, 0.8899716030199166], [0.6409421227352771, 0.22853855446301993, 0.036730272943278346, 0.09378904975842471], [0.637637286016833, 0.25363693772567336, 0.0704336719338349, 0.038292104223658724], [0.6262117167579403, 0.14874123367836573, 0.06917318110608396, 0.15587386835760997], [0.6699069937365997, 0.14487989677172186, 0.1076681049855599, 0.07754500440611858], [0.5845254876820897, 0.31780467618076413, 0.059714967740873676, 0.037954868296272454], [0.6084194257483672, 0.29652387340363545, 0.0427191816878024, 0.052337519060195], [0.004827063544058997, 0.06560704987444634, 0.9199658366336048, 0.00960004984788987], [0.004989215650924946, 0.17865999264902974, 0.6139144293659066, 0.20243636223413877], [0.002239200472466843, 0.9921990264646956, 0.002038934670161447, 0.003522838292676076], [0.0021404880067868717, 0.9939789272428157, 0.0015661048839240692, 0.002314479766473409], [0.004258768529458657, 0.2635039623087304, 0.06981927731745131, 0.6624179917443596], [0.002742922916948237, 0.04712741538980207, 0.9466075480951122, 0.003522113498137465], [0.022808964819242036, 0.053871026326345973, 0.8970663819707708, 0.02625362678364114], [0.01837510244316973, 0.05749520080568717, 0.024727228401977816, 0.8994024682491653], [0.008371098763352267, 0.9828567843805744, 0.004998874860441502, 0.0037732418956317334], [0.00728657423112031, 0.9847078959750631, 0.0042838079829371385, 0.0037217217108793947], [0.007209767941632016, 0.010994183660871794, 0.02255783195176501, 0.9592382163457311], [0.0042925040261439906, 0.004428961878474363, 0.9867799501649701, 0.004498583830411527]], "ideal": "B", "sampled": "B", "correct": true}}
{"type": "result", "data": {"idx": 8, "options": ["Iron", "Hydrogen", "Methane", "Helium"], "probs": [[0.04056025865001448, 0.8020344764177454, 0.05544109165387584, 0.10196417317836423], [0.036249821894893834, 0.6947458126136888, 0.1624637473660246, 0.10654061802539269], [0.04474601638324921, 0.22723231309848455, 0.5366736789878813, 0.19134799143038497], [0.06175138258236251, 0.32354638010253894, 0.24807909948869855, 0.3666231377264], [0.043008636839144423, 0.38936284325611203, 0.441223026921522, 0.1264054928832215], [0.04778336378373462, 0.6805606509085446, 0.09958987719162006, 0.1720661080161007], [0.01667475386604643, 0.8963060885729832, 0.048250705039372024, 0.03876845242159829], [0.016574852640259593, 0.8635249605309528, 0.06555544034854639, 0.05434474638024122], [0.06676910518474287, 0.3666243686924356, 0.36095400027507063, 0.20565252574775086], [0.04771152350796588, 0.42523537636349645, 0.17452257284750058, 0.3525305271810371], [0.03279872904080548, 0.8327843098508885, 0.08118059466091952, 0.05323636634738646], [0.04103662527800557, 0.811459901036618, 0.05787392667994593, 0.08962954690543053], [0.009410620948861904, 0.6701296105407684, 0.20759680924522278, 0.11286295916514699], [0.008140309174697836, 0.7679480401736045, 0.07032187562398247, 0.15358977492771522], [0.017750135582500524, 0.8160874657156844, 0.05911913438335563, 0.10704326421845944], [0.018337713791764337, 0.5113594598175265, 0.2571415040384705, 0.21316132225223863], [0.009764158375120931, 0.19920403189985394, 0.6739304209389136, 0.11710138868611145], [0.016764652502201306, 0.12006247570899825, 0.7588632690313054, 0.10430960265749507], [0.012342634758802491, 0.8002638920572382, 0.12272510260621285, 0.06466837047774635], [0.007075880409621315, 0.8982625889292304, 0.04071962692681846, 0.05394190363432988], [0.02885344006319177, 0.8836961802689339, 0.03269703246388069, 0.054753347103993655], [0.026541568500510173, 0.8927837099064163, 0.022703828159045526, 0.05797089333402801], [0.027633552637797952, 0.1948298146497385, 0.6001478678938614, 0.1773887647186021], [0.037675830199964996, 0.15615774165983684, 0.5893661181624392, 0.21680030987775892]], "ideal": "D", "sampled": "B", "correct": false}}
{"type": "result", "data": {"idx": 9, "options": ["Near-Earth asteroids gradually disintegrate and spread out along their orbital path. When the Earth passes through the orbit of an asteroid we are bombarded by sand-sized particles which cause a meteor shower.", "Near-Earth asteroids disintegrate as they enter Earth's atmosphere creating hundreds of bright meteors that appear to radiate from a single location in the sky.", "The nuclei of comets disintigrate as they enter Earth's atmosphere creating hundreds of bright meteors that appear to radiate from a central location in the sky.", "The nuclei of comets gradually disintegrate and spread out along the comet's orbital path. When the Earth passes through the orbit of a comet we are bombarded by sand-sized particles which cause a meteor shower."], "probs": [[0.4431494274996253, 0.33978862326447146, 0.05904721600077398, 0.15801473313512923], [0.18416963721649776, 0.6231162617080738, 0.13475939780719867, 0.05795470316822976], [0.22549439292398016, 0.21857185008212163, 0.366041440747092, 0.1898923161468062], [0.3678089811519493, 0.16840399047222568, 0.36783580324089654, 0.09595122503492842], [0.2315129270467235, 0.6196118407937612, 0.09958146959794731, 0.04929376246156797], [0.13533934243625484, 0.6065995972280293, 0.1509942184464176, 0.10706684178929836], [0.019959004824575046, 0.946908606104095, 0.015790737261665872, 0.017341651709664084], [0.05597585605943299, 0.7490565403265692, 0.10960906324509609, 0.08535854026890172], [0.017979216988144798, 0.04052029763701993, 0.8529991173021932, 0.08850136797264198], [0.007214264983787168, 0.021539289622495857, 0.9303728989160986, 0.04087354637761834], [0.05472130496545895, 0.8297602224354598, 0.07962967157947176, 0.03588880091960955], [0.03158928430070528, 0.8539133603470446, 0.07698262424755195, 0.03751473100469824], [0.03968699246481312, 0.5742286400352731, 0.27123993430375715, 0.11484443309615665], [0.06909919375013548, 0.5268404961556746, 0.34015121292308664, 0.06390909707110327], [0.01645170579710502, 0.04542783799630067, 0.8308365622730048, 0.10728389383358942], [0.01016298692182535, 0.02555106931767747, 0.929362042849616, 0.034923900810881245], [0.031625052888506, 0.8958692015783655, 0.03936166453792438, 0.0331440808952041], [0.015830779667721947, 0.9643147721525087, 0.012138867919128032, 0.007715580160641343], [0.2981648191238026, 0.22862498800591693, 0.21816110933865687, 0.2550490834316235], [0.6009113191957377, 0.2280877232323487, 0.09810125826808294, 0.07289969920383063], [0.5351815659708579, 0.16579758625167876, 0.2231143944304275, 0.07590645324703595], [0.4049559714220509, 0.19129786748602723, 0.31051735474866954, 0.09322880624325232], [0.5751880749596995, 0.24739454668638036, 0.10978506413703414, 0.06763231411688601], [0.8022583275651789, 0.09001247751580974, 0.038714994462340044, 0.06901420035667127]], "ideal": "D", "sampled": "D", "correct": true}}
{"type": "result", "data": {"idx": 10, "options": ["Radiation pressure from the Sun's light pushes the ions away.", "The conservation of the angular momentum in the tail keeps it always pointing away from the Sun.", "The ions are following Keplerian orbits that lead away from the Sun.", "The solar wind electromagnetically \"blows\" the ions directly away from the Sun."], "probs": [[0.07913273690047393, 0.5667517269097019, 0.07790769751943451, 0.2762078385703897], [0.08473841182223958, 0.7671903962955161, 0.061997233690298595, 0.08607395809194576], [0.10541565362858328, 0.3247168184759156, 0.146359225584803, 0.42350830221069813], [0.10364074849581316, 0.2952592030578754, 0.2160131302854006, 0.38508691806091083], [0.10572828072393901, 0.47386281068193453, 0.26168945874664706, 0.1587194497474794], [0.09551110615801674, 0.448616528021503, 0.08972688486340567, 0.3661454808570746], [0.12618998241727414, 0.33771795495068785, 0.12231086772121261, 0.41378119481082537], [0.2856986735267246, 0.34462877077504533, 0.14366161393691115, 0.22601094166131888], [0.15038218644598766, 0.500871583743327, 0.0677844563719063, 0.2809617733387791], [0.14182999083948372, 0.4168828377833023, 0.20001850722330403, 0.24126866405390993], [0.2871525819203865, 0.6370900726331689, 0.028880338467444176, 0.04687700687900041], [0.11609214317049606, 0.6475377967695569, 0.07265033896958037, 0.1637197209903666], [0.05493991886983229, 0.5052471474101028, 0.1381237131522468, 0.3016892204678181], [0.07419208491739851, 0.3768038479368871, 0.18946389993221283, 0.35954016711350156], [0.07081235061132614, 0.7733286088921097, 0.03910712114875768, 0.11675191924780647], [0.06323152129064771, 0.6692980030895236, 0.11813474621388252, 0.14933572930594613], [0.08298442323316642, 0.7513171937448586, 0.043052914641040455, 0.1226454682809345], [0.047151117070387376, 0.7149083363809351, 0.08809198864859026, 0.14984855780008727], [0.14080636831334487, 0.1894808198090028, 0.5150652757546199, 0.15464753602303247], [0.13146441075275211, 0.22016961036416421, 0.14438878428650784, 0.5039771944965759], [0.06023180755727005, 0.913224681712593, 0.014306552466886027, 0.012236958163251], [0.09349931156252674, 0.7707547666437156, 0.05943300755407585, 0.07631291413968185], [0.18454034762131788, 0.3846296398301961, 0.08062154858961303, 0.350208463858873], [0.1871179248836655, 0.33883894496268, 0.18422164570103586, 0.2898214843526186]], "ideal": "D", "sampled": "B", "correct": false}}
{"type": "result", "data": {"idx": 11, "options": ["By observing the duration of a solar eclipse.", "By measuring the size of Earth's shadow on the Moon in a lunar eclipse.", "By comparing the maximum altitude of the Sun in two cities at different latitudes at the same time on the same day.", "By sending fleets of ships around Earth."], "probs": [[0.015169285631842173, 0.08073472441351363, 0.8816768756064429, 0.022419114248201217], [0.004157798896823333, 0.03169810467557205, 0.02319075317016089, 0.9409533431574437], [0.0025448699078756748, 0.9951058650665846, 0.0012021787727036594, 0.0011470861528360466], [0.0022840071962743178, 0.9963246622636164, 0.0005510760919155365, 0.0008402543481938011], [0.002247601883306241, 0.012150644731454566, 0.020348382235227554, 0.9652533710500116], [0.00253706172301911, 0.015063380999901043, 0.9766821380218741, 0.0057174191552057775], [0.018154832787678883, 0.06141810262266656, 0.8747851521844645, 0.04564191230518999], [0.004652054893280744, 0.023997580183177884, 0.0276209222568346, 0.9437294425667068], [0.02555344599873602, 0.9440509579275481, 0.011699995836283795, 0.018695600137432083], [0.01744285849467053, 0.967372453390646, 0.004768932415400852, 0.010415755599282534], [0.002050896197921169, 0.013166415650940738, 0.017442565604520874, 0.9673401224466172], [0.005324160474302943, 0.029696229431651008, 0.9531673062024061, 0.011812303791639965], [0.8927731025127597, 0.08175344118291189, 0.012538061627790831, 0.01293539457653761], [0.9205621767230223, 0.05884965692194605, 0.005474229047818931, 0.015113937207212718], [0.8827013228589607, 0.09450124687275066, 0.00980655899113768, 0.012990871177150896], [0.9126230166059722, 0.070374111039542, 0.005868003420483361, 0.011134868834002417], [0.9424046111075542, 0.041406499244712736, 0.00486891925153718, 0.011319970296195775], [0.9393841789545806, 0.04462763373100495, 0.006633672979965342, 0.009354514234449097], [0.0028126339714161274, 0.016185896367772717, 0.025463858456709232, 0.955537611104102], [0.0022773659861929285, 0.015084301787321149, 0.9780378773359425, 0.004600454790543423], [0.0037781421938084753, 0.032132769441952015, 0.02502493553257827, 0.9390641527316612], [0.006684291590457855, 0.08143270130487347, 0.9033000962148429, 0.008582910789825787], [0.0025877401817348254, 0.9961790250741013, 0.0005257703228044667, 0.0007074643213594184], [0.0023196044219777885, 0.9961675729729512, 0.0006857235551384057, 0.0008270989499326169]], "ideal": "C", "sampled": "C", "correct": true}}
{"type": "result", "data": {"idx": 12, "options": ["a dwarf galaxy orbiting the Milky Way.", "the closest planetary nebula to the Earth.", "a bright star cluster discovered by Magellan.", "the outer arm of the Milky Way named after Magellan."], "probs": [[0.925994112638179, 0.06603900021162941, 0.004355834584627244, 0.003611052465564362], [0.9406139798948752, 0.0539015786252782, 0.003040982353477393, 0.002443459026369229], [0.9446222000414056, 0.0516524532905767, 0.002165567183469782, 0.0015597793845479372], [0.954934821535468, 0.04195701531719527, 0.001626886970931658, 0.0014812760764049992], [0.9468028054199847, 0.05017880778457763, 0.0018565814449262139, 0.0011618052505114258], [0.9620110384888915, 0.035593129666040994, 0.0013376667619246236, 0.001058164983142872], [0.0011076455209320353, 0.9914103900582548, 0.0019440173934813889, 0.005537946927331762], [0.0010921234204286578, 0.992910120028277, 0.0017452380383731916, 0.004252518412921098], [0.0039440213140000315, 0.02492739342362239, 0.9501377657315419, 0.020990819430835746], [0.008923291202887889, 0.0712940094791938, 0.037568870823140685, 0.8822138283947776], [0.003959301659625567, 0.019795502469797936, 0.9538140412342052, 0.022431154536371237], [0.006347114503364991, 0.04074748042179629, 0.025498873760186155, 0.9274065312146526], [0.0004366643639466682, 0.9980453383089684, 0.00038536153099550454, 0.0011326356960894533], [0.00035090371919959865, 0.9981424795303151, 0.0003195070308133403, 0.0011871096196719015], [0.0025912951144513386, 0.014912072262105754, 0.9668689767132194, 0.015627655810223486], [0.00432626608709211, 0.027343341135755563, 0.01938913509298126, 0.948941257584171], [0.0016931856862757106, 0.009443924673294876, 0.9784907975306181, 0.010372092009811314], [0.003976329002572471, 0.03772695588817611, 0.015242936072435861, 0.9430537789368155], [0.0008410311272254185, 0.9972634139767863, 0.000551572525468019, 0.0013439822705202033], [0.0005692065765792402, 0.9975014439766587, 0.0004296689667341949, 0.0014996803800278653], [0.0030376659987517303, 0.015669637235054927, 0.9694646539651633, 0.011828042701030045], [0.004972141921187622, 0.026879620993412862, 0.02060916365750356, 0.947539073327896], [0.0014803873455956965, 0.006430555372428243, 0.9846875435072927, 0.007401513674683345], [0.003909162019577074, 0.02589277214544631, 0.013644423477892471, 0.9565536422570842]], "ideal": "A", "sampled": "A", "correct": true}}
{"type": "result", "data": {"idx": 13, "options": ["Actually water-ice is all over Mercury and not just at the poles.", "The pole is the only place fortunate enough to have had comet impacts", "Radar from the earth can only see Mercury's poles.", "These craters contain the only permanently shadowed regions on Mercury"], "probs": [[0.0017217792185707439, 0.014193783388854223, 0.034583110056882735, 0.9495013272356922], [0.0012358948880644668, 0.007453926549548998, 0.9762537114225749, 0.015056467039811642], [0.0019761646848278393, 0.033954488747397184, 0.03189392272446855, 0.9321754237433064], [0.0018179060506504539, 0.010300330203920993, 0.9716785567157893, 0.016203206929639308], [0.0007647534365314009, 0.9805613008072056, 0.011963255722049248, 0.006710689934213762], [0.0015206813315828444, 0.9355644111971212, 0.055311617245120424, 0.007603290126175525], [0.005875530996851225, 0.03599342542115695, 0.02983859542443195, 0.9282924480575598], [0.014535503706920971, 0.03379814972803926, 0.8993213904503705, 0.0523449560146692], [0.01648634562506068, 0.10099573902687302, 0.04999470943060455, 0.8325232058174618], [0.016724735970529345, 0.04764679366899935, 0.7933864508967645, 0.14224201936370673], [0.012787407593887455, 0.9693578841610362, 0.008927443945175485, 0.008927264199900857], [0.01718830550801663, 0.9096248789760862, 0.02790053009100407, 0.04528628532489303], [0.004382005710228237, 0.02521843253632379, 0.02406215823230924, 0.9463374034211387], [0.0049030025639780804, 0.008341064543748543, 0.9640841330467276, 0.022671799745545756], [0.014317145825073763, 0.07047527866878786, 0.029377159300644724, 0.8858304161054936], [0.015702226026756447, 0.04268539530696091, 0.8181026973328527, 0.12350968123342998], [0.019349890447016693, 0.9619991756219072, 0.010197275593218449, 0.008453658237857629], [0.011989403231160748, 0.9524999178412569, 0.008910214077528277, 0.02660046475005406], [0.8858086185412425, 0.08634817325965552, 0.011870311196087724, 0.01597289690301421], [0.8907569995621719, 0.0790605554398282, 0.015327274562477643, 0.014855170335522253], [0.876515261028644, 0.07194977185947517, 0.023359112221655168, 0.02817585479022571], [0.6840554765350066, 0.12654026775851845, 0.058847782359447064, 0.13055647324702785], [0.8234180958506992, 0.13233711599394463, 0.022641262676916716, 0.021603525378439452], [0.6115815847616495, 0.26304404259171427, 0.02860564929595621, 0.09676872325068]], "ideal": "D", "sampled": "D", "correct": true}}
{"type": "result", "data": {"idx": 14, "options": ["Virgo", "Laniakea", "Sculptor", "Bo\u00f6tes"], "probs": [[0.01411743492184687, 0.8734339661851497, 0.011343972067994352, 0.10110462672500907], [0.01168182110474863, 0.871796054726059, 0.00909806801360539, 0.10742405605558693], [0.028135199487773852, 0.053392258087174266, 0.6206826468110666, 0.2977898955139854], [0.0142824041246627, 0.08613673587692712, 0.015933257062512463, 0.8836476028358977], [0.01950605607775806, 0.03940379663241525, 0.6359661887989453, 0.30512395839088136], [0.014817660065770077, 0.09077146276487888, 0.019630377305816488, 0.8747804997635346], [0.3148509981810425, 0.45810789285631615, 0.04195118833186499, 0.1850899205307764], [0.327230742402891, 0.4403384904337454, 0.033956138701524044, 0.1984746283618395], [0.3675090670218123, 0.3506813048965725, 0.04820796846861365, 0.23360165951300152], [0.3462749720602497, 0.3517295118450357, 0.0364979138954291, 0.26549760209928547], [0.42602998366651496, 0.29280617140631987, 0.04218374149771858, 0.23898010332944652], [0.37691837513881943, 0.32239624396587485, 0.04163433564157574, 0.25905104515373], [0.027619545299086397, 0.04698332977442878, 0.6093102477311961, 0.3160868770952887], [0.019058059047131634, 0.09528745283928779, 0.022988694621319198, 0.8626657933922613], [0.03287668953486746, 0.7720398435497843, 0.028121943122870665, 0.16696152369247755], [0.0244605512554844, 0.7974822789664853, 0.016042066079030363, 0.16201510359899998], [0.012318750293514221, 0.06063678504092982, 0.021960797873045366, 0.9050836666925106], [0.021601887699316202, 0.040993616515313254, 0.5233905979164594, 0.4140138977689111], [0.012988626060723738, 0.026238102555490014, 0.6873716627395964, 0.2734016085441899], [0.012817932172160934, 0.08101386500630765, 0.021466184205406573, 0.8847020185161248], [0.012177649647364877, 0.8020088498545563, 0.01236976750622108, 0.17344373289185774], [0.011101680609423006, 0.8156520070728962, 0.010108403597596356, 0.16313790862008437], [0.010035577288543462, 0.06751925419065274, 0.0190443601614398, 0.903400808259364], [0.022069064281469604, 0.05377533881083667, 0.4945255975342661, 0.4296299992734276]], "ideal": "B", "sampled": "B", "correct": true}}
{"type": "result", "data": {"idx": 15, "options": ["Venus", "Mars", "Jupiter", "Saturn"], "probs": [[0.00017490936761146, 0.0009755761307114082, 0.9894479096975868, 0.009401604704090396], [0.0003397144900266482, 0.0014528074531042993, 0.0012233540179929644, 0.996984123938876], [0.0002136717406622285, 0.9865415758655277, 0.0029496225341611795, 0.010295129759648837], [0.00022649989388083362, 0.9824137210454734, 0.0026744152742726375, 0.014685363686373134], [0.00027701544918993615, 0.0009371510011646801, 0.002711655906896016, 0.9960741775427494], [0.000287771425733909, 0.0017085948317082519, 0.9873725670052123, 0.010631066637345577], [0.00012393497485105806, 0.0005383551862580756, 0.9886924153319603, 0.010645294406930529], [0.000223006246507248, 0.0007312254226865375, 0.0010976696597091704, 0.997948098571097], [0.00015895805755409295, 0.9876011788460519, 0.0014390827246564715, 0.01080078027173754], [0.00018593103291558467, 0.9880834624111595, 0.002487717913355213, 0.00924288854256969], [0.00027755198001285517, 0.0009100799031597342, 0.0008031195380589752, 0.9980092484787684], [0.0002320676288793514, 0.0012545597670175232, 0.9909475435299322, 0.007565828974170904], [0.0025011284268308363, 0.020942372804198674, 0.09990469176899903, 0.8766518068999715], [0.0035479045386885154, 0.034730601971451495, 0.008248941021498223, 0.9534725523683618], [0.0029615236499367374, 0.12992613713805312, 0.006570213538543826, 0.8605421255734663], [0.010208580033438969, 0.3126528076423793, 0.03562983285250605, 0.6415087793716757], [0.0058178395176286864, 0.0938952879913422, 0.009442999377612124, 0.8908438730134169], [0.008343161190607653, 0.06877231663349091, 0.4147390611405738, 0.5081454609353276], [0.00024097969692427586, 0.0006973123973045739, 0.0017258164834373058, 0.9973358913223338], [0.00022471784876330065, 0.000917000054606199, 0.9900211679196933, 0.008837114076937222], [0.0003244053734908326, 0.001263185955839524, 0.0006656346829830345, 0.9977467738876866], [0.0002552835621024719, 0.001217903043288206, 0.9925321797130355, 0.005994633581573789], [0.0002750110509265618, 0.9888875231361232, 0.0009903604842559832, 0.009847105228694314], [0.0003272248888269899, 0.9908275819233615, 0.0015130858519275766, 0.0073321072358838784]], "ideal": "C", "sampled": "C", "correct": true}}
