{"type": "result", "data": {"idx": 0, "options": ["Cryptocurrencies, Expensive, Secure, Financial Crime", "Traditional currency, Cheap, Unsecure, Charitable giving", "Cryptocurrencies, Cheap, Secure, Financial crime", "Traditional currency, Expensive, Unsecure, Charitable giving"], "probs": [[0.2962936217843993, 0.09470650521634008, 0.5200358202504082, 0.0889640526488525], [0.5596813809169559, 0.1371623189831745, 0.09726027088058159, 0.20589602911928806], [0.7036690887582817, 0.26709037141158604, 0.008321363208159063, 0.02091917652197318], [0.6424008218338427, 0.3130913783008628, 0.012525018476442374, 0.03198278128885207], [0.6530337211389157, 0.11708776433549124, 0.036842349226770085, 0.19303616519882305], [0.5251040175094032, 0.1601561254195826, 0.2366903714116377, 0.07804948555937649], [0.08447821374526575, 0.6964058227408467, 0.16284105058739584, 0.056274912826491726], [0.06543714099932137, 0.7848735205732787, 0.07893439734389592, 0.07075494098350397], [0.06063864548536682, 0.81137947472946, 0.09842887329839747, 0.029553006386775632], [0.0318935627005406, 0.8894290972883561, 0.05096755949811335, 0.02770978041299001], [0.11096451844761211, 0.16659178831723995, 0.5051801053620812, 0.21726358777306665], [0.13973050026286818, 0.24911702047951853, 0.39808434837181644, 0.21306813078579687], [0.8333746774529738, 0.14257833333642603, 0.008298948390885266, 0.015748040719714935], [0.8088128219430937, 0.1568003080509133, 0.010341979119142981, 0.024044890786850102], [0.5892499352067025, 0.1610992026659323, 0.1913074638342641, 0.05834339819310097], [0.6855150460511384, 0.11728223412056166, 0.036904014643316586, 0.1602987050849833], [0.32776862868024426, 0.09842001792430181, 0.4769222806948678, 0.09688907260058613], [0.5848704997648895, 0.13256421288821027, 0.08969543606053579, 0.19286985118636443], [0.035264998098512426, 0.8954449499645899, 0.043889437065155586, 0.025400614771742047], [0.07452902997679053, 0.7766560373174544, 0.11014964512490662, 0.03866528748084851], [0.151556970932184, 0.23111655160137348, 0.37513271529399217, 0.24219376207245033], [0.1535419225539207, 0.24537949261595735, 0.3741534351928398, 0.22692514953728216], [0.06535420001188391, 0.7597626926399306, 0.13202257831884184, 0.04286052892934371], [0.03692669848619234, 0.8404941683240787, 0.07940715668908155, 0.04317197640064738]], "ideal": "C", "sampled": "C", "correct": true}}
{"type": "result", "data": {"idx": 1, "options": ["Unsafe practices, Wants, Fear, Trivial", "Unsafe practices, Distress, Fear, Serious", "Safe practices, Wants, Jealousy, Trivial", "Safe practices, Distress, Jealousy, Serious"], "probs": [[0.5878687949312099, 0.3916118443665302, 0.004853226614597693, 0.015666133987662242], [0.46341836275213155, 0.49331491996885374, 0.010729696560585053, 0.03253702061842967], [0.6338513610968067, 0.18736972261897827, 0.045916673646683996, 0.13286224253753096], [0.5179710752160955, 0.17623496756125098, 0.07232600126470067, 0.23346795585795277], [0.6004115804337462, 0.27489327767216126, 0.04085893837269236, 0.08383620342140018], [0.6483531835158457, 0.2104933042052487, 0.028486886188775946, 0.1126666259901296], [0.9827491402095188, 0.008370777388532629, 0.0023610819488375915, 0.0065190003531109715], [0.9698958138627477, 0.015194820769293464, 0.005251180097791751, 0.009658185170167036], [0.9747207921785548, 0.012270143277234833, 0.005795992895348991, 0.00721307154886143], [0.9404092132347739, 0.023178101712331, 0.018917364398742444, 0.01749532055415265], [0.9739703536968329, 0.01346581533229278, 0.00535631100515509, 0.007207519865719179], [0.9650372719678675, 0.015118810126442967, 0.00670888259827924, 0.013135035207410262], [0.46647003140679644, 0.2657935738883198, 0.057481486215406066, 0.21025490838947766], [0.5200058236191664, 0.28272822316946045, 0.0737537733666859, 0.12351217974468731], [0.5091829795879166, 0.4287835871330503, 0.01467204158223395, 0.04736139159679914], [0.4506593707154375, 0.42336399131096725, 0.05467187327566068, 0.07130476459793457], [0.4411490631191372, 0.5405177196613399, 0.006391863941923866, 0.011941353177599033], [0.3486228825158069, 0.6214992831686642, 0.009585530225466935, 0.020292303990061978], [0.8725008302613247, 0.045524727209391075, 0.04481895979180552, 0.037155482637478594], [0.9283413739633481, 0.029841940429598698, 0.015481765198884018, 0.02633492030816913], [0.9289652411025358, 0.04413319522507774, 0.0073179837831702736, 0.019583579789216186], [0.9323579954613956, 0.04789373425333824, 0.0081936244568879, 0.01155464572837822], [0.9638085185676887, 0.02231554410911788, 0.003817740527088761, 0.010058196696104627], [0.9497433174579125, 0.033530456243923194, 0.006500181244953709, 0.01022604495321056]], "ideal": "B", "sampled": "B", "correct": true}}
{"type": "result", "data": {"idx": 2, "options": ["Employee rights", "Employee rights", "Employer duties", "Employee duties"], "probs": [[0.6999017354366225, 0.2656561044437806, 0.007304205306768529, 0.027137954712828396], [0.649992442904501, 0.2975929571869912, 0.0081822925137303, 0.04423230729477751], [0.2789328600545105, 0.6691403760007565, 0.034371665454403885, 0.017555098390329156], [0.4333638622442014, 0.5393407661548594, 0.007340948182893123, 0.019954423318046068], [0.22600037000301268, 0.7182471919386261, 0.0315570477181678, 0.024195390240193404], [0.2959870002933495, 0.667041108591834, 0.010287819197314004, 0.026684071817502437], [0.6999017354366225, 0.2656561044437806, 0.007304205306768529, 0.027137954712828396], [0.649992442904501, 0.2975929571869912, 0.0081822925137303, 0.04423230729477751], [0.2789328600545105, 0.6691403760007565, 0.034371665454403885, 0.017555098390329156], [0.4333638622442014, 0.5393407661548594, 0.007340948182893123, 0.019954423318046068], [0.22600037000301268, 0.7182471919386261, 0.0315570477181678, 0.024195390240193404], [0.2959870002933495, 0.667041108591834, 0.010287819197314004, 0.026684071817502437], [0.3746696763978273, 0.589450857299518, 0.0180799632635538, 0.017799502939100924], [0.23061526694795276, 0.7329156921203862, 0.013634993380221169, 0.022834047451439837], [0.3746696763978273, 0.589450857299518, 0.0180799632635538, 0.017799502939100924], [0.23061526694795276, 0.7329156921203862, 0.013634993380221169, 0.022834047451439837], [0.13520579051290468, 0.8413144357045916, 0.01109858137546748, 0.012381192307036158], [0.13520579051290468, 0.8413144357045916, 0.01109858137546748, 0.012381192307036158], [0.41469569928137645, 0.5668313357525274, 0.007247659657067757, 0.011225305209028346], [0.1943781646896665, 0.7932023307829982, 0.004643388383956753, 0.007776116043378486], [0.41469569928137645, 0.5668313357525274, 0.007247659657067757, 0.011225305209028346], [0.1943781646896665, 0.7932023307829982, 0.004643388383956753, 0.007776116043378486], [0.18034094309932686, 0.8082600118454393, 0.004514842694192343, 0.006884202261041551], [0.18034094309932686, 0.8082600118454393, 0.004514842694192343, 0.006884202261041551]], "ideal": "D", "sampled": "D", "correct": true}}
{"type": "result", "data": {"idx": 3, "options": ["Presenteeism", "Absenteeism", "Work-play balance", "Work-life balance"], "probs": [[0.096224798667217, 0.09774125257191256, 0.7568870101460123, 0.049146938514858136], [0.083590801473989, 0.08760326675625872, 0.8055935111107654, 0.02321242055898692], [0.12412101952800773, 0.8615840875449291, 0.005715287960448503, 0.008579604866614689], [0.2028794450670221, 0.7421153831436519, 0.043196153172976266, 0.011809018516349742], [0.1371290676995804, 0.8532563737095035, 0.004994981509078393, 0.004619576981837684], [0.1652142501271969, 0.8260307045776828, 0.004989099062364904, 0.003765946132755366], [0.028924092993764135, 0.3930987717508251, 0.5543699687335756, 0.023607166421835166], [0.02609496991837619, 0.3602335529836751, 0.6032915840027188, 0.010379892995229928], [0.02929438627124974, 0.955077342483487, 0.0055043207971586395, 0.010123950348104696], [0.12340764332348911, 0.6883334311651261, 0.15120517755411453, 0.03705374785727025], [0.04281834024346485, 0.9445751053336067, 0.00561660512957291, 0.006989949193355566], [0.06146864540891912, 0.9175193231960835, 0.00928047757174747, 0.01173155372324991], [0.8782401634043518, 0.1065426539862172, 0.0028839803052115075, 0.0123332022042194], [0.5850595148058864, 0.17026266200236564, 0.23272360512188991, 0.01195421796985803], [0.8290673030232465, 0.12323001827389671, 0.00892672637797698, 0.03877595222487983], [0.17655951046011806, 0.06807028602977803, 0.7433551659936696, 0.012015037416434376], [0.32095444841874615, 0.6689328684566826, 0.005878555239883934, 0.004234127784687198], [0.29318585176602036, 0.7033209605148835, 0.0020703006891405746, 0.001422886929955643], [0.9557277980958894, 0.041991917402351496, 0.001229037002747563, 0.0010512473990115976], [0.9659813065134214, 0.03254179863593094, 0.0008808705584984236, 0.0005960241921491996], [0.9512640889637707, 0.045192071463987404, 0.0021136674295212533, 0.0014301720427206841], [0.9592829411286611, 0.038376370181592546, 0.0013338505948515607, 0.0010068379948948375], [0.9709817681278305, 0.0275448126434911, 0.000927923003689328, 0.0005454961249889896], [0.9706497601576071, 0.02796901149850716, 0.0008186094188871293, 0.0005626188249986056]], "ideal": "D", "sampled": "D", "correct": true}}
{"type": "result", "data": {"idx": 4, "options": ["Industrial supply loops", "Industrial ecosystems", "Ecological ecosystems", "Corporate ecosystems"], "probs": [[0.009533879522234836, 0.9878240040197539, 0.0007351913953980816, 0.0019069249626132109], [0.010445097519880802, 0.9853920395762851, 0.0009270777279313718, 0.0032357850759027], [0.031384787734321115, 0.9463429830157981, 0.005989965379799418, 0.01628226377008133], [0.030315245441072745, 0.9431131190101699, 0.011328137344347107, 0.015243498104410183], [0.013745680354009358, 0.9788514172012264, 0.0038171006977313526, 0.0035858016470329142], [0.010955686119972137, 0.9862273426492505, 0.0016801387841086654, 0.0011368323466687078], [0.8735041666284513, 0.070590198427403, 0.03334403801381955, 0.022561596830326176], [0.8558743356092564, 0.061038503574478375, 0.05557557039592928, 0.02751159032033594], [0.722965882943996, 0.25778088358415807, 0.009100673735281508, 0.0101525596365644], [0.6742097364265778, 0.2991791500861813, 0.015367820012987136, 0.011243293374253857], [0.7655079772020982, 0.22984674006059078, 0.00327856271823484, 0.0013667199190762003], [0.6041345863668632, 0.3900601142409542, 0.004134713389418799, 0.0016705859027637874], [0.304880712968628, 0.14859138649097392, 0.4505929417545954, 0.09593495868580267], [0.18986906033860312, 0.10989147497296192, 0.6423328996800464, 0.05790656490838856], [0.6462583294264894, 0.3199218386049525, 0.015198388025047808, 0.018621443843510263], [0.5607155446000878, 0.39761101380909286, 0.022784515746211806, 0.018888925744607533], [0.2862508533387393, 0.6975065915681926, 0.008248175316868655, 0.007994379676199403], [0.34133088489934543, 0.6477451305717356, 0.00635015264178412, 0.004573831787134887], [0.2990734785772263, 0.06367818820798823, 0.5764881200068446, 0.06076021310794084], [0.624174409027106, 0.07572173241824717, 0.27268007090181146, 0.027423787552835366], [0.8178745111277209, 0.17143562853501876, 0.007075857543369286, 0.003614002693891078], [0.6249270223692236, 0.35607423566712926, 0.013592157409365162, 0.005406584454281958], [0.4941051698505454, 0.4864478801965467, 0.010254717631496468, 0.009192232221411419], [0.3994944847522983, 0.5812700617601435, 0.012253618345909052, 0.006981835041649083]], "ideal": "B", "sampled": "B", "correct": true}}
{"type": "result", "data": {"idx": 5, "options": ["Power imbalance, Benefits, Hoodwinked", "Power imbalance, Resources, Co-opted", "Informational asymmetries, Benefits, Hoodwinked", "Informational asymmetries, Resources, Co-opted"], "probs": [[0.24583738465523236, 0.4314755361645409, 0.10573511963528727, 0.21695195944493947], [0.25514543814329244, 0.35424999454800277, 0.05782777242761059, 0.33277679478109423], [0.2700812608878367, 0.5717840981882369, 0.04014451563441388, 0.11799012518951242], [0.2629892816020219, 0.5396407821993282, 0.04033120333621712, 0.1570387327624328], [0.23714092371476553, 0.3504888116962896, 0.1351211368902507, 0.27724912759869413], [0.20808156452725407, 0.31238345239565574, 0.22853823684964744, 0.2509967461274427], [0.26791705295250196, 0.20866358031710988, 0.18998741743973918, 0.333431949190649], [0.3017856135396531, 0.2581418117899571, 0.1565688675996723, 0.2835037069707175], [0.2332261512507534, 0.14369387066752023, 0.2561568166859998, 0.3669231612957265], [0.2107560077774776, 0.14261261902330305, 0.42575854885122294, 0.2208728242479964], [0.399707506549444, 0.4821528917630298, 0.05081794915482964, 0.06732165243269658], [0.35420770900985826, 0.4841612179308265, 0.056927351745489005, 0.10470372121382622], [0.10262208784136496, 0.8592716722540538, 0.011335524296412582, 0.02677071550816873], [0.09494110563051454, 0.8730874816180605, 0.012070565918220264, 0.019900846733204674], [0.18854619139306844, 0.5125450972876359, 0.11616202183034148, 0.18274668938895425], [0.18674383220844398, 0.4274822281999071, 0.2019236295353476, 0.18385030995630133], [0.1740647133126346, 0.3303308833854507, 0.31031245452508305, 0.18529194867683166], [0.18686456043236097, 0.33838538340478985, 0.18981221882031304, 0.2849378372425361], [0.2002969622544455, 0.16348653270844307, 0.39835517395127124, 0.23786133098584014], [0.19794438467099004, 0.14258150114669138, 0.3065932873534506, 0.35288082672886795], [0.1435224650265239, 0.8259399774652686, 0.016103034147556292, 0.01443452326065119], [0.1206215896037662, 0.8638808569512934, 0.009301484392604153, 0.006196068952336309], [0.15714950304543077, 0.17808122502460802, 0.38896089126517314, 0.275808380564788], [0.17013452184877814, 0.1868643527947801, 0.42110220691364125, 0.22189891834280054]], "ideal": "B", "sampled": "B", "correct": true}}
{"type": "result", "data": {"idx": 6, "options": ["hedonistic utilitarianism", "preference utilitarianism", "The Categorical Imperative", "ethics of care"], "probs": [[0.20036477445639556, 0.4807026827064071, 0.10894835318871686, 0.2099841895484805], [0.24251627512517657, 0.4602490601033532, 0.047017186922494195, 0.25021747774897607], [0.23442814985343857, 0.43121483685123896, 0.19437283317493528, 0.1399841800203872], [0.31591337209954684, 0.41854517712255457, 0.10418785129515871, 0.16135359938273988], [0.26859849688705006, 0.21248979864379772, 0.3343060314320998, 0.18460567293705243], [0.2829689341058149, 0.2006686448750599, 0.31570580128096837, 0.20065661963815684], [0.4077854752132803, 0.24734422562033087, 0.13659843801086102, 0.20827186105552778], [0.4975576213448849, 0.2173754770249789, 0.05004219077121405, 0.23502471075892212], [0.5976322799676221, 0.30051025297452594, 0.03267940829845196, 0.06917805865939998], [0.6230368520734015, 0.2808291869951218, 0.04656668682576432, 0.049567274005712356], [0.6879490927386768, 0.20020744872221272, 0.0370347521887108, 0.07480870625039972], [0.6540031554269046, 0.1760263922639444, 0.11544272517455642, 0.054527727034594554], [0.2391347777991125, 0.3268815728599074, 0.18336892796550167, 0.25061472127547846], [0.2670824269248555, 0.3538473896901721, 0.12421529178890134, 0.25485489149607105], [0.28556408837046443, 0.5012203342438618, 0.06273542948776253, 0.15048014779791122], [0.27295778012400523, 0.5261773027304335, 0.09886780674863045, 0.10199711029693082], [0.24376135661673867, 0.3081647593144509, 0.23628744046802258, 0.21178644350078785], [0.19838359198909478, 0.25474686376985284, 0.44711493126730306, 0.09975461287374929], [0.19334929027118225, 0.5015426574716505, 0.1680027742216208, 0.1371052779355465], [0.16112491917488073, 0.5451228075820834, 0.1537628804008835, 0.13998939274215236], [0.1664147569255387, 0.7229185292162895, 0.0454984132843746, 0.06516830047379715], [0.14698218421764497, 0.7349234976675215, 0.06729872867991703, 0.05079558933491646], [0.16237913955692118, 0.622517085664416, 0.12258266199709038, 0.09252111268157243], [0.15086536782359575, 0.5694107071222495, 0.2127775942818054, 0.06694633067234937]], "ideal": "B", "sampled": "B", "correct": true}}
{"type": "result", "data": {"idx": 7, "options": ["The only social responsibility of business is to its shareholders", "Managers should act in ways that balance the interest of society and shareholders", "The primary responsibility organizations have is to its employees", "The primary responsibility organizations have is to its stakeholders"], "probs": [[0.9865489896817599, 0.010622257973667594, 0.0007695235891859706, 0.0020592286553865816], [0.9906436556628011, 0.007105337280625291, 0.0011782524816664653, 0.0010727544749071026], [0.990946536000854, 0.006781993816236228, 0.0009770967356790405, 0.001294373347230662], [0.9901200510022711, 0.005887401276626873, 0.0025721422802796406, 0.0014204053408224345], [0.9914396665166495, 0.007452274850443078, 0.0005151534432148233, 0.0005929050896925301], [0.9852746656996998, 0.012402626600092344, 0.0008180927777940915, 0.0015046148224137233], [0.032927094629456845, 0.9622976411529545, 0.002072419426225386, 0.002702844691363305], [0.0300491049926199, 0.9645007493136405, 0.003645541935770309, 0.0018046036579692322], [0.03340631068236757, 0.015294711517081016, 0.9316604984161613, 0.01963847928439009], [0.1378633600711312, 0.04690756892951876, 0.2699543080185122, 0.5452747628808378], [0.2528986841092773, 0.35665194914576664, 0.3680035639334009, 0.022445802711555173], [0.3155580407810141, 0.3927290969423086, 0.013230459541483892, 0.27848240263519336], [0.0038199182366944065, 0.9950229464915581, 0.0006638305454098736, 0.0004933046263376096], [0.0033202002015013834, 0.9954332309852232, 0.0007293747183554644, 0.0005171939949199219], [0.0115541389812758, 0.05512366933927455, 0.9180154400093331, 0.015306751570116482], [0.013704629332783288, 0.8090874386142951, 0.055059353618679814, 0.1221485783342418], [0.011207569243284527, 0.04099657332677953, 0.9187255977086669, 0.02907025962126904], [0.023323448155318557, 0.15939730255763215, 0.056834615232005045, 0.7604446339550442], [0.10179806537578048, 0.8932747873265152, 0.002712984113544814, 0.00221416308415952], [0.09970304132147405, 0.8886683967369943, 0.004736811275317055, 0.006891750566214662], [0.34184702233544545, 0.1887905424749976, 0.43218875245660493, 0.037173682632951996], [0.4536903711369298, 0.25450451364545007, 0.020891591014653755, 0.2709135241029664], [0.03874597827968644, 0.012579095039048001, 0.9099290079062259, 0.038745918675039674], [0.08318100247715092, 0.026587248242032888, 0.08855099362070468, 0.8016807555601115]], "ideal": "A", "sampled": "A", "correct": true}}
{"type": "result", "data": {"idx": 8, "options": ["Legal, Interactions, Mechanics", "Civil, Relations, Outcomes", "Political, Interactions, Outcomes", "Environmental, Relations, Mechanics"], "probs": [[0.4498185552071645, 0.24457718761629774, 0.24841732144980888, 0.05718693562672888], [0.4646434287515513, 0.26893322981240286, 0.22645347268265134, 0.039969868653394455], [0.32614937600168875, 0.6093518131479247, 0.03895315904817169, 0.02554565170221481], [0.3554729441464699, 0.5953303441853716, 0.03519669096125309, 0.014000020606905469], [0.36896634141860585, 0.5626327259943519, 0.03950168515733148, 0.028899247329710734], [0.34756124534053806, 0.5730605210246857, 0.048530929508883415, 0.030847304025892783], [0.18113304402904798, 0.6127989200217822, 0.16236816103074259, 0.04369987481842727], [0.1910173062757707, 0.7097562788752992, 0.06705413237842626, 0.03217228237050371], [0.11534367407747403, 0.813288987126325, 0.04310132249581523, 0.028266016200385706], [0.12924856259169493, 0.8297752938094187, 0.02428536734433093, 0.0166907761545554], [0.2810424351721827, 0.5010407715844977, 0.15520869656467148, 0.06270809657864819], [0.2924555837815607, 0.5213861464932715, 0.1219152435538447, 0.06424302607132304], [0.4727127381208467, 0.48773501635710276, 0.025052952322965095, 0.014499293099085474], [0.4672782140029028, 0.4821307378604585, 0.03603277741024468, 0.014558270626393985], [0.5953709449282353, 0.31869014916349203, 0.05895029347387003, 0.02698861233440269], [0.6089784457001685, 0.32092043515125096, 0.038327440330074264, 0.03177367871850626], [0.5616776126895385, 0.28244148577296235, 0.13341141714006247, 0.022469484297436677], [0.6151614520822761, 0.3142051866186441, 0.041862452797151464, 0.028770908401928315], [0.18665394284542908, 0.7382616445979087, 0.04364710348057109, 0.03143730897609119], [0.18593622118824282, 0.701749360805073, 0.0751253415713284, 0.03718907633535574], [0.29318431594250705, 0.4541154429214827, 0.18929579790834739, 0.06340444312766289], [0.2924591360913529, 0.4673729155408215, 0.12383655187588799, 0.11633139639193762], [0.21328879731780653, 0.48824920881686823, 0.2493608724124153, 0.049101121352909914], [0.24410380966242495, 0.5948242677486629, 0.08305236136944871, 0.07801956111946347]], "ideal": "B", "sampled": "C", "correct": false}}
{"type": "result", "data": {"idx": 9, "options": ["Dynamic", "Fluid", "Flexible", "Modern"], "probs": [[0.4430595717522385, 0.4162207602035427, 0.04186031953120108, 0.09885934841301768], [0.3332009116435908, 0.47729848252823753, 0.008341595778274716, 0.18115900994989698], [0.2061278460377605, 0.7539981378159483, 0.006224591098860581, 0.03364942494743068], [0.16958605264624352, 0.7482626067830163, 0.005713008050862078, 0.07643833241987816], [0.3554169237258261, 0.1602023839790359, 0.15049636362478191, 0.33388432857035605], [0.1593778282244568, 0.06962849944133656, 0.6815909146580982, 0.0894027575761084], [0.4413146836495574, 0.3228751757436909, 0.13886725859550964, 0.09694288191124202], [0.41941627648986984, 0.3116887715611937, 0.010499948397622362, 0.2583950034513141], [0.4418533269391918, 0.4630612263848222, 0.020665782147789833, 0.07441966442819609], [0.49056492667164536, 0.3761315453980966, 0.009270222192985476, 0.12403330563727254], [0.3477606423185106, 0.20766186402655454, 0.1279366444230793, 0.31664084913185553], [0.22617055162905345, 0.130899793763024, 0.542567281355625, 0.10036237315229751], [0.6414936022933506, 0.3030223471912181, 0.012507120762918888, 0.04297692965251234], [0.5371033566279251, 0.32577279313022756, 0.007542577130337378, 0.12958127301151004], [0.6981856653207965, 0.24894753983303292, 0.010937886046655956, 0.041928908699514614], [0.6886144658125136, 0.2455356702769551, 0.0075311897727954585, 0.05831867403773577], [0.5194869923377903, 0.20343706287274518, 0.03168900121795139, 0.24538694347151313], [0.6587443400167139, 0.22412899301291098, 0.025146238690679754, 0.09198042817969536], [0.1929234715037575, 0.6526800307957843, 0.03919584237806698, 0.1152006552223912], [0.20011588184456153, 0.4303315739771877, 0.2735357386172366, 0.09601680546101415], [0.3076598873204812, 0.5484845515130811, 0.03242771999747755, 0.11142784106896012], [0.3063337436086478, 0.4972461052357238, 0.10586807639133061, 0.09055207466429775], [0.11194122873464116, 0.8401910284861307, 0.009781491265475261, 0.038086251413752846], [0.117515661075931, 0.8548951709441057, 0.005850855178997907, 0.021738312700965358]], "ideal": "C", "sampled": "C", "correct": true}}
{"type": "result", "data": {"idx": 10, "options": ["Breadth, Clarity, Accuracy", "Disclosure, Detail, Accuracy", "Disclosure, Clarity, Accuracy", "Disclosure, Clarity, Efficiency"], "probs": [[0.7306202632987188, 0.2228275350496135, 0.03015680544325099, 0.016395396108416754], [0.8602105830884851, 0.12200342014440635, 0.005706308243604102, 0.012079688423504447], [0.4070460664726055, 0.5830741167000066, 0.005286733835980883, 0.0045930828914069275], [0.4698634994202444, 0.5241765922948891, 0.003165998464101525, 0.0027939097207649393], [0.8635879986517474, 0.10154135753201032, 0.010373320493230767, 0.024497323223011486], [0.1260491507392671, 0.04637190126804347, 0.7966892419215532, 0.030889705971136206], [0.2931430041496865, 0.6015062927598261, 0.07297099380955548, 0.0323797091809318], [0.3718202522349226, 0.6035391754962673, 0.010223604929901315, 0.01441696723890875], [0.14338487126043628, 0.8381388356106524, 0.011770066299343029, 0.006706226729568302], [0.11188025818393534, 0.8800326631807897, 0.005151772083973608, 0.002935306451301362], [0.6752294301311464, 0.12887102364205064, 0.04523843526387825, 0.1506611108629246], [0.14400749968019996, 0.07241402349898206, 0.7088680651412418, 0.0747104115795762], [0.8485526950183131, 0.13426098634675937, 0.011194482474099163, 0.005991836060828354], [0.8934366029268, 0.09715699513733954, 0.005396302953813575, 0.0040100988820468446], [0.8970012956287066, 0.08881520768534001, 0.008932480878827826, 0.005251015707125632], [0.9251711137148861, 0.06701923739168725, 0.004420454968957405, 0.0033891938244692546], [0.9493974017466281, 0.04237052606463431, 0.005303345380554261, 0.0029287267081833305], [0.9492920567663918, 0.043710726924751385, 0.004607123289071124, 0.002390092919785665], [0.6551323859988066, 0.256556232165525, 0.03016642729699435, 0.05814495443867402], [0.2917423887518725, 0.13998300044303522, 0.47355983362170795, 0.09471477708338435], [0.8141660583338279, 0.13290883426089337, 0.017708530416878997, 0.03521657688839973], [0.6866993460869887, 0.17362662046067032, 0.08330712652804889, 0.056366906824292067], [0.6449727030959852, 0.3094643169651322, 0.0220700656856839, 0.023492914153198676], [0.6257297068055526, 0.3297403297691136, 0.022091311415497483, 0.02243865190983625]], "ideal": "C", "sampled": "C", "correct": true}}
{"type": "result", "data": {"idx": 11, "options": ["Indistinguishable, Perpetual, Does not own its own assets", "Independent, Limited, Owns its own assets", "Independent, Perpetual, Owns its own assets", "Indistinguishable, Perpetual, Owns its own assets"], "probs": [[0.34156440412695394, 0.2876355540600542, 0.09634337214373082, 0.27445666956926107], [0.2913396975951597, 0.35696691537034353, 0.09458499471333248, 0.2571083922211643], [0.32845139255479133, 0.4560223187346537, 0.05036997012014669, 0.1651563184904083], [0.2602433465070303, 0.5339979329917068, 0.07692830722276829, 0.12883041317849458], [0.361872052686621, 0.3912859594313399, 0.06488064240815793, 0.18196134537388123], [0.33083454902694, 0.4522070631561995, 0.05572193176550883, 0.1612364559513517], [0.48673692340751834, 0.07012283801331243, 0.33453440662853384, 0.10860583185063538], [0.507342078287984, 0.10634761349893183, 0.1780963225556378, 0.2082139855574463], [0.6590343378594753, 0.326249314643798, 0.0031984432836448876, 0.01151790411308175], [0.544427760806494, 0.42400617054717105, 0.007645530277239454, 0.023920538269095525], [0.7703947732637215, 0.1565167668400473, 0.009850626273564275, 0.06323783352266693], [0.5203573068429423, 0.21355926829259386, 0.10738282569628885, 0.15870059906817494], [0.6858063135115058, 0.11022098032859502, 0.10517310036641352, 0.09879960569348567], [0.5835152776922109, 0.15461922950063853, 0.09982865899058285, 0.16203683371656769], [0.7580269810363943, 0.1916615871756147, 0.006873040132910913, 0.043438391555080065], [0.6644446017963448, 0.26430117145942184, 0.010409419986721442, 0.060844806657511914], [0.8244440093070698, 0.12447330557267892, 0.006700726800172808, 0.04438195822007841], [0.5899535570809188, 0.23836692296776862, 0.044093032581611034, 0.12758648726970157], [0.47937947026805705, 0.22644827948584123, 0.10048474149439117, 0.19368750865171053], [0.4319364661747941, 0.28327756695183204, 0.10751874583601516, 0.17726722093735872], [0.45126323962933823, 0.4729267857455002, 0.015684747745517095, 0.060125226779644485], [0.39897701140228675, 0.3256440758379495, 0.06513179838006061, 0.21024711427970313], [0.1697699991851567, 0.8226919490090655, 0.0030138123830299166, 0.0045242393227479145], [0.2708107308440319, 0.6808306764362535, 0.012276431887387097, 0.03608216073232752]], "ideal": "C", "sampled": "C", "correct": true}}
{"type": "result", "data": {"idx": 12, "options": ["Private services, social, economic and environmental", "Public services, social, cultural and environmental", "Private services, cultural, economic and environmental", "Public services, social, economic and environmental"], "probs": [[0.9627329211923993, 0.021944897983159108, 0.0015896819878351777, 0.013732498736606437], [0.8626403036470577, 0.06863184403998189, 0.04500978409706414, 0.023718068115896315], [0.9457201554479986, 0.02442738277351442, 0.005040878532787848, 0.02481158314569919], [0.8310733947682245, 0.031725001712137275, 0.09771997424787811, 0.039481629171760124], [0.33990388844096664, 0.6551909395720104, 0.0021854142953973963, 0.0027197575916256458], [0.3684721455416629, 0.6268022936016393, 0.00212365468191672, 0.002601906074781077], [0.9627108335164583, 0.015319637557145929, 0.004059303199917951, 0.0179102256264779], [0.30451672500497773, 0.020401663563181155, 0.6651387642788092, 0.009942847053031926], [0.9555018987661387, 0.019523552665344647, 0.00801245103521232, 0.016962097433304412], [0.09790843038437139, 0.010159655534612832, 0.8864082746826824, 0.005523639298333376], [0.753638277794461, 0.24087879390185515, 0.0026344480352245613, 0.0028484801684592193], [0.7507487083761252, 0.24373394719446886, 0.002543607775593869, 0.0029737365538121487], [0.5341324805679246, 0.24839907882113788, 0.08451353012670337, 0.1329549103842341], [0.3713433278125223, 0.22523573521943782, 0.2360442175013316, 0.16737671936670834], [0.051238565152606726, 0.9370851245240703, 0.0026320926082530156, 0.00904421761506995], [0.10181612804862802, 0.8134773004026827, 0.05365437791111902, 0.031052193537570164], [0.03547666650199709, 0.9440259485943961, 0.0037393058307158707, 0.016758078972890934], [0.0629880848301433, 0.9112741555865309, 0.009811827491598575, 0.01592593199172718], [0.983739938399599, 0.008919569748897148, 0.0060352858950026575, 0.0013052058565012725], [0.9869516814645224, 0.008021550962236007, 0.0017347804488808461, 0.003291987024360718], [0.9828860144398095, 0.013588895994576728, 0.0015977999396928006, 0.0019272895259209721], [0.983985062038939, 0.012581722585736354, 0.0013469885626619708, 0.0020862267126626624], [0.9803227584658744, 0.01234056571365771, 0.0027969077900651842, 0.004539767930402786], [0.9841771107623286, 0.010432658697775161, 0.0036054346643878887, 0.0017847957755083841]], "ideal": "D", "sampled": "D", "correct": true}}
{"type": "result", "data": {"idx": 13, "options": ["Predatory pricing", "Deceptive pricing", "Price fixing", "Skimming"], "probs": [[0.014131840590285672, 0.9754414103209901, 0.0014437231492799, 0.008983025839444402], [0.021806468936176323, 0.9567704090632778, 0.003344267801077693, 0.018078854099468175], [0.020491949677490726, 0.0247195431079702, 0.8990841868604573, 0.0557043202540817], [0.04491582822188714, 0.026407844946763296, 0.012089463712051463, 0.9165868630192981], [0.03318855799888104, 0.036453324075570503, 0.8297111709055568, 0.10064694691999165], [0.048539062966300714, 0.026808830814398228, 0.008568090058666017, 0.916084016060635], [0.9079919131208921, 0.061790531805618484, 0.0032239554730330282, 0.026993599500456388], [0.8871952581748901, 0.0716973842507582, 0.005615644980672653, 0.0354917124936791], [0.9269000923222924, 0.04201857286817278, 0.003091688245659877, 0.02798964646387495], [0.9286662621050242, 0.035450670490447964, 0.003097559152235888, 0.032785508152291885], [0.9064309822826807, 0.060727839671668046, 0.003704355645493314, 0.029136822300157957], [0.940822145744711, 0.03763820316026903, 0.0017061733327850476, 0.019833477662234953], [0.011276784470740344, 0.0169297714635351, 0.8959230422006037, 0.07587040176512082], [0.03855944180285341, 0.0351136006494098, 0.02064063641635743, 0.9056863210313794], [0.0056811945676017404, 0.9858413266183189, 0.001067527083649263, 0.007409951630430081], [0.006603345378433371, 0.9801276885602488, 0.0014966943287606411, 0.011772271632557202], [0.03635018843398933, 0.029211906074918033, 0.01126139937485921, 0.9231765060162335], [0.006358468761531461, 0.008691631697826711, 0.9291542643114368, 0.055795635129205046], [0.08566315215973287, 0.07560461533491902, 0.6952659875870075, 0.1434662448183406], [0.1496403758968022, 0.0664086383848049, 0.011905860908627658, 0.7720451247097652], [0.02681239194832011, 0.9452563672575571, 0.003517205427516408, 0.02441403526660639], [0.01390112929721512, 0.9746292129047087, 0.0009760670244479836, 0.010493590673628195], [0.11109674658765141, 0.039617296082938416, 0.015272917139085549, 0.8340130400903246], [0.01918408505841848, 0.015177061594447596, 0.9101253673456349, 0.05551348590149907]], "ideal": "B", "sampled": "B", "correct": true}}
{"type": "result", "data": {"idx": 14, "options": ["Normative, Descriptive and Economic", "Normative, Moral and Instrumental", "Political, Descriptive and Instrumental", "Normative, Descriptive and Instrumental"], "probs": [[0.26145851999080033, 0.38043296900212653, 0.04761646758462368, 0.3104920433224494], [0.33169878267231856, 0.4326295054859062, 0.16165987016864009, 0.07401184157313521], [0.18465950418620233, 0.14608312304718826, 0.44996817926890925, 0.21928919339770012], [0.07252945101762648, 0.062039734830636524, 0.7211881826524599, 0.1442426313992771], [0.2805804045282656, 0.603359050280902, 0.08038879274952582, 0.03567175234130658], [0.30462338269116584, 0.6153719768464173, 0.02276762853914843, 0.05723701182326833], [0.45034188491397703, 0.13312488049102295, 0.04897361347109516, 0.3675596210239048], [0.20452896825192599, 0.15199784235615146, 0.530521718461301, 0.11295147083062147], [0.31410026719108974, 0.27290672601354415, 0.1085532210462121, 0.30443978564915397], [0.10347529962258768, 0.09570163170192618, 0.6853876419598366, 0.11543542661564955], [0.2836573769391971, 0.6595410722608879, 0.03387850226069159, 0.022923048439223416], [0.309931419127287, 0.6068335016663221, 0.030212051375600107, 0.053023027730790824], [0.2080036010532574, 0.24319193167674796, 0.3594143527648591, 0.18939011440513553], [0.07485994695868527, 0.08752299844343428, 0.7102752327208731, 0.12734182177700734], [0.2455101023980842, 0.6468542639262443, 0.021453108172318023, 0.08618252540335339], [0.16438769047386204, 0.5737894262364327, 0.16960948956714958, 0.09221339362255573], [0.11184833681778435, 0.8661418912110309, 0.010403738568093682, 0.011606033303091061], [0.11246420002023488, 0.8441154029746697, 0.028435927631927427, 0.014984469273167983], [0.4881418157955536, 0.20033669917524774, 0.2654024421620753, 0.04611904276712335], [0.6220652448843007, 0.2892920369192524, 0.02608031960673538, 0.06256239848971144], [0.5663250594508511, 0.41433855231083494, 0.01087052916552293, 0.008465858972791007], [0.5264537226050073, 0.43645327384692073, 0.013598052504828912, 0.023494950943243064], [0.4966035484771036, 0.4117071926182073, 0.046919271345214994, 0.04476998745947411], [0.46408063300324165, 0.367125178122514, 0.12887213496952893, 0.03992205380471542]], "ideal": "D", "sampled": "D", "correct": true}}
{"type": "result", "data": {"idx": 15, "options": ["Work-life balance", "Healthy and safe working conditions", "Employee privacy", "Free Speech"], "probs": [[0.0057273516846610365, 0.9937970114266234, 0.0002637275921205599, 0.00021190919659504892], [0.0038824944198849885, 0.9956383444671817, 0.00026012022386721727, 0.00021904078906606188], [0.008407130687834516, 0.010141120111783803, 0.9717750972434223, 0.009676651856959418], [0.013247119791995504, 0.017010106453307094, 0.011509378900441791, 0.9582333947542556], [0.006654841575136422, 0.010147607992540383, 0.9723955791994031, 0.010801971132920097], [0.008498135219831858, 0.01041243528872063, 0.014011138443624626, 0.9670782909478228], [0.9919683912923135, 0.007226950939830936, 0.0006120646709136382, 0.00019259299694195288], [0.9916509652888134, 0.007571350994495026, 0.0006023818657526832, 0.00017530175093890293], [0.9906862458868377, 0.00843823623293819, 0.0006609430105243587, 0.00021457476969965672], [0.9891593515143026, 0.009850086109374242, 0.000747791741877692, 0.00024277053444546548], [0.990864521304706, 0.00843975139304555, 0.0005311769814730744, 0.00016455022077533013], [0.9904528471111458, 0.008841106856353457, 0.0005309560332804783, 0.00017508989922031387], [0.00871160251766964, 0.008183985928689396, 0.9759941077374091, 0.007110303716231862], [0.016462261238870127, 0.01262249640580926, 0.01408102302859876, 0.9568342192267218], [0.012611837181836942, 0.9863832172691599, 0.0005455510535611811, 0.0004593943954419591], [0.007336613813406946, 0.9914485306234122, 0.0005837155906626746, 0.0006311398725181539], [0.008052012529867545, 0.007564399059546202, 0.008982706420913606, 0.9754008818896727], [0.007208717799175306, 0.010326251785671968, 0.9741677421362706, 0.008297288178882138], [0.00978704067047566, 0.009194285522280183, 0.9676412252892629, 0.01337744841798127], [0.009723165098694598, 0.008992757672455798, 0.019950799697740187, 0.9613332774311094], [0.005638176536505699, 0.9937335184381124, 0.0003604460773866618, 0.00026785884799518774], [0.0056379545240418175, 0.9936950328674307, 0.000343926109635122, 0.0003230863988923841], [0.0073458659113216345, 0.005902755511787179, 0.009432321369485562, 0.9773190571074056], [0.01636803024724471, 0.013152411696207001, 0.9513432140942466, 0.019136343862301675]], "ideal": "B", "sampled": "B", "correct": true}}
{"type": "result", "data": {"idx": 16, "options": ["To make a profit", "To procure resources", "To communicate with shareholders", "To mediate between the organisation and the environment"], "probs": [[0.9981194387486791, 0.0017272152004377751, 7.129098284467373e-05, 8.205496803837846e-05], [0.9981842956793947, 0.0016741840307820182, 7.241832582179062e-05, 6.910186400144522e-05], [0.9981913188154928, 0.0016482384303420582, 7.708939833522585e-05, 8.335325582991719e-05], [0.9984584383432518, 0.0014101929169105817, 6.0053574593444814e-05, 7.131506524416077e-05], [0.998223760121099, 0.0016742522769485912, 4.900285972199757e-05, 5.298464223041029e-05], [0.9983464537363469, 0.001548622418540089, 4.393136386749205e-05, 6.099238124554951e-05], [0.009381970327483564, 0.987404280210587, 0.0015316086252432626, 0.0016821407366861857], [0.010933976858644215, 0.9842819189885059, 0.0025971171546293327, 0.002186986898220485], [0.002788732622966413, 0.0014696087962029767, 0.9929089292466, 0.0028327292342306214], [0.042473020123181854, 0.016121451553218834, 0.004407296625606672, 0.9369982315979927], [0.009780327633660543, 0.0044778929309873, 0.9821994744214658, 0.003542304913886324], [0.06669587340027906, 0.024536835781604836, 0.0022822510349245462, 0.9064850396831915], [0.00979729730080113, 0.9838907600843798, 0.0027635171678554505, 0.0035484253469636362], [0.008151449731613714, 0.9874260333125284, 0.002228533300501394, 0.002193983555356403], [0.006109048161244593, 0.0038832992573471937, 0.980396467017226, 0.009611185464182104], [0.035528466532058295, 0.024419222320269697, 0.009268312826280378, 0.9307839982213916], [0.006348413538779158, 0.0025253084513920587, 0.9874519897908577, 0.003674288118971071], [0.02031155844750213, 0.011940996225398973, 0.004191611776779576, 0.9635558334503193], [0.0020496699248404616, 0.9974527693014031, 0.00025655097255885835, 0.00024100970119753304], [0.0019869336793109055, 0.9976164922703316, 0.00019673698535455295, 0.00019983696500294474], [0.0037959108763869027, 0.003737177247185273, 0.9887876565107669, 0.0036792552656608195], [0.008754315182027591, 0.009174751460830322, 0.00128105636818797, 0.9807898768889541], [0.005263418540769289, 0.0024863498367218664, 0.9875319817549075, 0.004718249767601317], [0.0164149529239886, 0.011282270450013464, 0.0031822423001791897, 0.9691205342258188]], "ideal": "A", "sampled": "A", "correct": true}}
