{"type": "result", "data": {"idx": 0, "options": ["99% of the time in repeated samples, the interval would contain the true value of the parameter", "99% of the time in repeated samples, the interval would contain the estimated value of the parameter", "99% of the time in repeated samples, the null hypothesis will be rejected", "99% of the time in repeated samples, the null hypothesis will not be rejected when it was false"], "probs": [[0.24761742060027844, 0.6128892598714987, 0.03299290473767413, 0.10650041469054872], [0.20188115069892584, 0.6218928091753019, 0.05184971783502216, 0.1243763221907501], [0.3938920971607108, 0.16420031326262668, 0.2209562757817807, 0.22095131369488183], [0.16768416011068538, 0.11346515504782026, 0.04513226247281336, 0.673718422268681], [0.3730426056633439, 0.3789237069063174, 0.09731463176914244, 0.15071905556119627], [0.25557656236014575, 0.19596365968251064, 0.04802213823414063, 0.500437639623203], [0.13805651227553403, 0.7233965948604482, 0.027613915746450488, 0.11093297701756728], [0.14648858748134558, 0.6774109484725591, 0.04682270395895275, 0.12927775998714255], [0.1428803237283473, 0.0951831883510354, 0.5922594202222607, 0.16967706759835657], [0.15803466088092522, 0.10527710929187307, 0.039338292800720036, 0.6973499369264817], [0.18999566985237554, 0.1991269826299642, 0.45580776578730975, 0.1550695816303505], [0.20716394404796898, 0.17999279430201487, 0.04079358636629346, 0.5720496751837226], [0.05400721154540084, 0.8061914142833829, 0.03890153247840859, 0.1008998415928076], [0.026915318108168763, 0.8505458466555591, 0.014407580099724525, 0.10813125503654755], [0.10673419464604282, 0.5506362955514027, 0.15530228728963327, 0.18732722241292118], [0.07359607571816658, 0.6067052528155014, 0.04193560064861738, 0.2777630707177147], [0.036507412651600686, 0.03886449694667847, 0.733337995584967, 0.19129009471675382], [0.0625527691937316, 0.06978764765374208, 0.5076765152771061, 0.3599830677754202], [0.06881605267474465, 0.8126262637472528, 0.03683586141788298, 0.08172182206011955], [0.04062053180709233, 0.8287820799773987, 0.016671394896569786, 0.1139259932189391], [0.1314930002037371, 0.5536625898275054, 0.15373484559705045, 0.16110956427170706], [0.12999040613460053, 0.49061336869757893, 0.04220292580094565, 0.33719329926687486], [0.03778986554484773, 0.04150654997928522, 0.7590934324586146, 0.1616101519172525], [0.07485987524162697, 0.07604304983611865, 0.48061032888741045, 0.3684867459348439]], "ideal": "A", "sampled": "A", "correct": true}}
{"type": "result", "data": {"idx": 1, "options": ["ADF is a single equation approach to unit root testing while PP is a systems approach", "PP tests reverse the DF null and alternative hypotheses so that there is stationarity under the null hypothesis of the PP test", "The PP test incorporates an automatic correction for autocorrelated residuals in the test regression", "PP tests have good power in small samples whereas DF tests do not."], "probs": [[0.12832064829734757, 0.484298314967763, 0.06976865924369485, 0.3176123773911946], [0.11626130687806602, 0.4972289054262782, 0.15164289328855468, 0.23486689430710112], [0.12944865032557598, 0.24566311765742696, 0.15134599577841668, 0.4735422361385804], [0.10079487856825918, 0.16881171854203472, 0.09322191496089947, 0.6371714878288066], [0.09121710738210825, 0.24413621241291647, 0.3608211549694537, 0.3038255251355216], [0.09302882104181788, 0.18793760238198595, 0.0930322781112145, 0.6260012983649816], [0.16685778026961995, 0.4328123451825334, 0.0684798798659393, 0.33184999458190734], [0.16131449753475846, 0.32083125943220286, 0.2347258110191399, 0.2831284319138988], [0.1898909963558716, 0.18405571696886774, 0.14111833711655863, 0.484934949458702], [0.19181930098461097, 0.17741333475166662, 0.10929835167323372, 0.5214690124904887], [0.16255765388283216, 0.5763657946173766, 0.07102021891748977, 0.19005633248230144], [0.17440695863998465, 0.3309892974724888, 0.0491957323666372, 0.4454080114208893], [0.11768936014460088, 0.30528035733511477, 0.19710275947816971, 0.3799275229421146], [0.10581800813591319, 0.18573004835760193, 0.0994093909496225, 0.6090425524568623], [0.15654216471921353, 0.19180933843409198, 0.1541202492243866, 0.4975282475223079], [0.16689652202844585, 0.16431902347352018, 0.12998409567963617, 0.5388003587183978], [0.10127974149645241, 0.1473731227463167, 0.09078975630702024, 0.6605573793502106], [0.13362584708131078, 0.21024100010436172, 0.1107863088410655, 0.545346843873262], [0.09851054614969817, 0.120707696999116, 0.4627565982422618, 0.318025158508924], [0.0921231535617721, 0.13197082673096674, 0.09505036755595897, 0.6808556520513022], [0.16333747911794338, 0.4581289452413866, 0.13332146007511578, 0.24521211546555427], [0.1729883461204154, 0.2597025497153139, 0.06669526198683677, 0.5006138420774339], [0.10319409388428705, 0.12065367373533549, 0.09250455900128854, 0.6836476732790889], [0.14693296282609394, 0.14242068249993406, 0.09195102210804015, 0.6186953324659319]], "ideal": "C", "sampled": "B", "correct": false}}
{"type": "result", "data": {"idx": 2, "options": ["It would rise more quickly for negative disturbances than for positive ones of the same magnitude", "It would be symmetrical about zero", "It would rise less quickly for negative disturbances than for positive ones of the same magnitude", "It would be zero for all positive disturbances"], "probs": [[0.34372206494583474, 0.19585041116155458, 0.3894957485555804, 0.0709317752370303], [0.446526967880842, 0.16685583565943948, 0.03337257529169402, 0.35324462106802446], [0.4763782371503003, 0.4617241677771037, 0.029982095880232124, 0.031915499092363894], [0.4486262207366467, 0.4927212572252438, 0.02065769634371917, 0.03799482559439032], [0.41540782441510904, 0.12279444441666365, 0.05281218727176367, 0.4089855437964637], [0.41575300379594304, 0.20262218858792083, 0.2813187220313063, 0.10030608548482976], [0.07872490132278114, 0.8076547088282807, 0.06733914714896623, 0.046281242599971864], [0.028855715731785643, 0.926206911776469, 0.010129568719984588, 0.034807803671760854], [0.09294252945606664, 0.676149375775076, 0.17364652647181708, 0.057261568197040265], [0.03347599161573636, 0.904831238134136, 0.01373888470435027, 0.04795388544577729], [0.039237225679074415, 0.05363218265997735, 0.7881419334906422, 0.11898865807030605], [0.03913735437556549, 0.053495498039251244, 0.750134079636592, 0.15723306784859137], [0.5206785409616392, 0.3809351338858592, 0.04919331898843161, 0.04919300606406988], [0.5698512291499738, 0.35659933684440187, 0.027498519506324752, 0.046050914399299564], [0.2971790444591489, 0.09800162442555567, 0.5639665118453036, 0.040852819169991846], [0.5470347261282524, 0.14270202441981136, 0.030860851642286868, 0.2794023977096493], [0.6318471195718937, 0.17821841766324567, 0.11328316801833882, 0.07665129464652189], [0.5838354381590182, 0.11861127923091876, 0.046448205872962646, 0.25110507663710036], [0.05918015014459527, 0.5793429828356139, 0.11230789542222101, 0.24916897149756975], [0.0805919399821032, 0.45661944486566486, 0.2948127410624611, 0.16797587398977085], [0.07304775241209814, 0.25497464292832467, 0.3595741524774182, 0.312403452082159], [0.04698574967569107, 0.14027884757917733, 0.5814541642693959, 0.23128123837573566], [0.05272563743452781, 0.7628296840994946, 0.11882456929505929, 0.06562010907091828], [0.03785371610797673, 0.7485608719184083, 0.07072221915958425, 0.14286319271403078]], "ideal": "A", "sampled": "C", "correct": false}}
{"type": "result", "data": {"idx": 3, "options": ["There is nothing in the model to ensure that the estimated probabilities lie between zero and one", "Even if the probabilities are truncated at zero and one, there will probably be many observations for which the probability is either exactly zero or exactly one", "The error terms will be heteroscedastic and not normally distributed", "The model is much harder to estimate than a standard regression model with a continuous dependent variable"], "probs": [[0.19502018535437188, 0.4980237520585909, 0.06041375592055094, 0.2465423065664863], [0.16301099104236935, 0.3673851596070299, 0.04670364165639626, 0.4229002075942045], [0.16749461984465602, 0.23993026492788383, 0.21508085084549955, 0.3774942642819606], [0.09054380179166756, 0.1665563036798666, 0.041454353669740436, 0.7014455407587254], [0.11022773964751563, 0.2297550256357061, 0.11734168800519176, 0.5426755466115865], [0.09068517284657869, 0.19502807933718158, 0.03336096889906215, 0.6809257788171775], [0.10667827803825189, 0.5858510179667761, 0.07805074063690871, 0.22941996325806335], [0.0970289254223741, 0.39599546608807124, 0.051132216938359856, 0.45584339145119485], [0.11498182668186302, 0.2982598453980494, 0.2434403525514244, 0.3433179752686632], [0.09718665458680785, 0.28126608437959666, 0.03519880288478433, 0.5863484580488111], [0.07093410298910845, 0.1573929213931661, 0.19587058118814402, 0.5758023943295814], [0.09387549606473551, 0.2397601160015388, 0.04434404430038632, 0.6220203435333393], [0.13410761551387293, 0.250551544088356, 0.22112669879589447, 0.39421414150187656], [0.10255294846177986, 0.22054452781139747, 0.048443856673241824, 0.6284586669535809], [0.13983318239792167, 0.28248265416511464, 0.1535814542159312, 0.42410270912103254], [0.1552041716836252, 0.29919298477184675, 0.0444661997206903, 0.5011366437238377], [0.08896286055605482, 0.1769412312751382, 0.06611237132457323, 0.6679835367442337], [0.1224165335175168, 0.2216891497151892, 0.06252381949991598, 0.593370497167378], [0.09738733163656454, 0.19369610229272144, 0.1395118277980001, 0.5694047381727139], [0.09570732779425252, 0.24063968442896894, 0.03927894030751939, 0.6243740473692592], [0.07391813837254789, 0.14702690522552936, 0.1199862730374914, 0.6590686832644314], [0.10581529336510602, 0.22057152203074354, 0.05489645627516756, 0.6187167282289828], [0.09315649886521458, 0.15848595920152217, 0.0703194418384017, 0.6780380999948615], [0.11374506116616508, 0.1965580074243984, 0.07459556644091155, 0.615101364868525]], "ideal": "D", "sampled": "B", "correct": false}}
{"type": "result", "data": {"idx": 4, "options": ["The population is the total collection of all items of interest", "The population can be infinite", "In theory, the sample could be larger than the population", "A random sample is one where each individual item from the population is equally likely to be drawn."], "probs": [[0.0728794750701262, 0.11831246531409953, 0.0838837660519148, 0.7249242934638594], [0.09227753979699158, 0.16974511262538, 0.06646458455044481, 0.6715127629271835], [0.07837839248636995, 0.12924109109149934, 0.07136341024154384, 0.7210171060805869], [0.08346540573297333, 0.16600957696725593, 0.0514218328628136, 0.6991031843369572], [0.11597812314775963, 0.1141901254589594, 0.17141128180787255, 0.5984204694854084], [0.08382750203612155, 0.15909200795086173, 0.05497623053999997, 0.7021042593730168], [0.06182140883438051, 0.09427931377023273, 0.11370737214139517, 0.7301919051539916], [0.09144429257175668, 0.15801842549531642, 0.07463353849376951, 0.6759037433391574], [0.0787772134323165, 0.15915458799966367, 0.07061601911464417, 0.6914521793533757], [0.09748382483505248, 0.15825005463604835, 0.2412979692462921, 0.5029681511826071], [0.09454560842436475, 0.15347989816799174, 0.06397162758495217, 0.6880028657226913], [0.12788913033783453, 0.20760954043009633, 0.125902894898666, 0.5385984342334031], [0.12848260901714062, 0.20857833168374135, 0.08693253183290868, 0.5760065273662094], [0.08635245718251869, 0.21374855216788224, 0.051562721038428634, 0.6483362695111704], [0.10990861188031914, 0.17565437168057724, 0.061651990091671015, 0.6527850262474326], [0.11222737691986712, 0.19698407657012207, 0.30509688537953433, 0.3856916610304765], [0.1039078279061173, 0.17677416868903267, 0.07254116765306665, 0.6467768356517833], [0.15252316905661092, 0.2151126244516209, 0.1839800139469711, 0.44838419244479705], [0.15132671593106484, 0.24184279141391843, 0.07850565015484627, 0.5283248424001704], [0.10271025371485347, 0.24259508963040152, 0.0541240419831091, 0.6005706145716359], [0.13498962326457123, 0.22257759338112912, 0.04665006835739424, 0.5957827148969054], [0.21349138077879057, 0.32555050451812145, 0.06823160041123486, 0.39272651419185317], [0.10102050833306996, 0.1829428673529336, 0.06729526623595287, 0.6487413579780436], [0.2069974382236501, 0.27856327968337163, 0.07614740494120577, 0.43829187705177247]], "ideal": "C", "sampled": "D", "correct": false}}
{"type": "result", "data": {"idx": 5, "options": ["Asymptotically, the values of the two test statistics will be equal", "The Q test has better small-sample properties than the Q*", "The Q test is sometimes over-sized for small samples", "As the sample size tends towards infinity, both tests will show a tendency to always reject the null hypothesis of zero autocorrelation coefficients."], "probs": [[0.10242612219102493, 0.11607619719763726, 0.18260288780898376, 0.598894792702354], [0.08232146080424893, 0.16893087914620297, 0.05929451340890234, 0.6894531465406457], [0.12028013689581517, 0.21113203070563194, 0.04784445002486346, 0.6207433822736894], [0.13527762586140227, 0.35092052029466975, 0.07018252304576678, 0.4436193306981612], [0.10630684305295164, 0.20175862235138364, 0.06057388684824144, 0.6313606476474233], [0.18840264905015003, 0.28729973952875915, 0.1884137653170621, 0.3358838460040287], [0.09902180723018217, 0.09598331122506296, 0.3098345629437797, 0.4951603185009752], [0.0848982073981297, 0.13357866406201663, 0.059269296786340187, 0.7222538316535135], [0.09477522968298158, 0.17987781761278004, 0.06720659136100089, 0.6581403612432375], [0.2056087480879136, 0.30868096306370024, 0.08307645778557103, 0.4026338309628151], [0.06403361427231286, 0.12344304792876425, 0.032198500724603174, 0.7803248369743198], [0.21959356634218644, 0.17645913097793864, 0.2690771181749871, 0.33487018440488786], [0.12960942957360505, 0.19460463336728334, 0.0761953568811382, 0.5995905800779734], [0.14270425373022202, 0.1861459831016623, 0.12398786558415884, 0.5471618974839568], [0.08620694343037824, 0.1377844671602186, 0.07607851233376119, 0.6999300769756419], [0.21728950412947373, 0.2139413175675712, 0.12975460096261845, 0.4390145772403366], [0.1657705325367366, 0.26493078763664024, 0.05055837761729198, 0.5187403021093312], [0.27554154800427916, 0.3026484920802566, 0.0509712423409624, 0.37083871747450176], [0.09506807296923252, 0.17217321228291713, 0.051687869525024396, 0.681070845122826], [0.1864906428044904, 0.1985366373837632, 0.3074889824602821, 0.3074837372514643], [0.0645929594063313, 0.16496531740341128, 0.03099222587923282, 0.7394494972110246], [0.2188953044627059, 0.2155198933791155, 0.19318653929069768, 0.3723982627674809], [0.1585028135952664, 0.3462439101682683, 0.05066089963419245, 0.4445923765022729], [0.2309438253567567, 0.3748992327240834, 0.030770226851452556, 0.36338671496770736]], "ideal": "B", "sampled": "C", "correct": false}}
{"type": "result", "data": {"idx": 6, "options": ["Includes too many variables", "Includes as few variables as possible to explain the data", "Is a well-specified model", "Is a mis-specified model"], "probs": [[0.04612634247029569, 0.898023376426823, 0.013850152614932837, 0.04200012838794854], [0.002176852603891011, 0.9951765262562194, 0.0004354058935727629, 0.0022112151463167975], [0.07159678797296738, 0.07387366310230996, 0.6688116937686387, 0.18571785505608396], [0.006703833770900572, 0.023037341397595303, 0.0058243602888570925, 0.964434464442647], [0.00408371197562794, 0.002400786764093225, 0.7904979903938452, 0.20301751076643368], [0.0025754803471251812, 0.002785034675895469, 0.01844463846984139, 0.9761948464071379], [0.9375209158977577, 0.032079800780933955, 0.0163846294395001, 0.014014653781808228], [0.9571938435749858, 0.011319269332793537, 0.0021267996459846754, 0.02936008734623596], [0.8550668502500327, 0.1212732673300358, 0.007998827605538163, 0.015661054714393333], [0.6692975980884198, 0.2207112188764179, 0.02219715962725414, 0.08779402330790813], [0.9480897480828536, 0.02526566836738083, 0.0036398385377915637, 0.023004744911973973], [0.4022362709642865, 0.18706461131481028, 0.0444299896507234, 0.3662691279701798], [0.04001848846308218, 0.03476995294137454, 0.8038512021216668, 0.12136035637387647], [0.003776216278048423, 0.007994793068004801, 0.004484345043889445, 0.9837446455100574], [0.02123209295484813, 0.9762022588050616, 0.0008763743764194761, 0.00168927376367082], [0.015112197471959153, 0.9798666527546512, 0.0020452675546683706, 0.002975882118721236], [0.0023312365432170043, 0.005092192337853782, 0.006851813312087218, 0.985724757706842], [0.05145431090240654, 0.033222627881501654, 0.7328945019970928, 0.18242855911899897], [0.0035664845284499674, 0.003147507924122533, 0.914608324087801, 0.07867768335962647], [0.0018580673110585215, 0.003016150959715064, 0.017355354143445634, 0.9777704274857808], [0.005548744831450501, 0.9933668202002753, 0.0002850305414009918, 0.000799404326873124], [0.061149461409709595, 0.7334584693741141, 0.02843800643237601, 0.17695406268380032], [0.002430931285130204, 0.010560023971038906, 0.006207546903956916, 0.980801497739874], [0.043664982611362146, 0.05267311788790587, 0.46946803787071034, 0.43419386153002165]], "ideal": "A", "sampled": "B", "correct": false}}
{"type": "result", "data": {"idx": 7, "options": ["They can be interpreted as continuously compounded changes in the prices", "They can be added over time to give returns for longer time periods", "They can be added across a portfolio of assets to give portfolio returns", "They are usually fat-tailed"], "probs": [[0.06034503571471286, 0.10107854865685977, 0.12578532239042015, 0.7127910931380073], [0.07079831773818544, 0.0983207411340182, 0.22859863296095256, 0.6022823080668438], [0.06530817256842733, 0.1472035122483945, 0.07400901228892491, 0.7134793027942532], [0.09332059322854483, 0.14012400804548925, 0.24592730400487198, 0.5206280946210939], [0.08512255310891516, 0.18310294644807282, 0.12195487301053207, 0.60981962733248], [0.08930086396941388, 0.18617603355358237, 0.10441801884483361, 0.6201050835321702], [0.07231571416853343, 0.1036022811487683, 0.1483957745225483, 0.6756862300601499], [0.08702188016169764, 0.11531134493669512, 0.09120665487276496, 0.7064601199288423], [0.08421885535094076, 0.16751821961509217, 0.08555139919078905, 0.662711525743178], [0.07194807218901897, 0.10802963133499888, 0.3126037944703767, 0.5074185019056054], [0.08515816530009311, 0.17477031766542062, 0.05945516993258477, 0.6806163470019015], [0.052671272888205015, 0.08551287885568466, 0.31280572334942075, 0.5490101248066895], [0.09290786900863708, 0.18480554358903412, 0.06692266513425443, 0.6553639221680744], [0.12765895304516967, 0.18006998969564653, 0.11092535818470997, 0.5813456989744739], [0.09089253909641952, 0.15955366311529406, 0.09828829092509365, 0.6512655067631927], [0.0825161101226031, 0.10433407904163332, 0.2748926486465107, 0.5382571620892529], [0.12590480917497346, 0.27506198554135297, 0.06041686406219907, 0.5386163411214745], [0.0940028603428475, 0.18700317061296023, 0.12455824856773368, 0.5944357203764585], [0.20055193151119885, 0.19749090533638733, 0.0651159177967504, 0.5368412452556635], [0.17883039318458838, 0.18455427218115766, 0.0769222115017536, 0.5596931230325003], [0.12816223309900887, 0.1752237204253729, 0.07535496241061894, 0.6212590839649993], [0.09633665072957869, 0.1237356401479379, 0.11090137393859775, 0.6690263350838856], [0.13574808733485588, 0.18271897595248082, 0.08234777239372562, 0.5991851642189376], [0.10051650261070529, 0.14179465373464914, 0.09153408157316413, 0.6661547619814814]], "ideal": "C", "sampled": "D", "correct": false}}
{"type": "result", "data": {"idx": 8, "options": ["(ii) and (iv) only", "(i) and (iii) only", "(i), (ii), and (iii) only", "(i), (ii), (iii), and (iv)"], "probs": [[0.05719159244664938, 0.11024636199173156, 0.42928705356440566, 0.4032749918972134], [0.04859249683949389, 0.06539101177318277, 0.681424799051631, 0.20459169223569232], [0.06850844672016011, 0.6106475636545687, 0.09968275650102523, 0.22116123302424592], [0.0817768822959613, 0.31350312745397696, 0.4780552101816384, 0.12666477996842335], [0.06049852909117438, 0.8351952722553816, 0.045667669454260554, 0.05863852909918349], [0.06802903556013641, 0.7665177836314236, 0.08078797544678919, 0.08466520526165076], [0.0661903739122254, 0.0978292182960484, 0.4891430516434947, 0.3468373560482315], [0.05535337784724991, 0.06175419365534032, 0.6639543424800646, 0.21893808591734515], [0.09511330615537737, 0.6011779114792669, 0.08935420813402967, 0.214354574131326], [0.1167491757510766, 0.3028472386209852, 0.4618097875685355, 0.11859379795940264], [0.06680620685019548, 0.8139142666137965, 0.054527005140778975, 0.06475252129522899], [0.07563378028759674, 0.7404164781488125, 0.09413005550948321, 0.08981968595410758], [0.20106297729388906, 0.1615655124025904, 0.12387469409657555, 0.513496816106945], [0.09858597593694086, 0.09118143264377032, 0.6231398442552747, 0.1870927470640141], [0.20648432083574872, 0.20649259098033373, 0.09162867204865459, 0.49539441603526296], [0.11417688343145445, 0.11066957479599895, 0.5983036711340102, 0.17684987053853637], [0.21298005954162708, 0.6560510787338262, 0.0670187513176389, 0.06395011030690788], [0.1875788625165657, 0.6650544006473675, 0.07942798969630818, 0.06793874703975863], [0.5704861282731821, 0.17398628590751286, 0.076010063282995, 0.17951752243631003], [0.40461371852187783, 0.17402379861312572, 0.3054340595235737, 0.1159284232414227], [0.5125326842471369, 0.2310144780561181, 0.055735234984049864, 0.20071760261269506], [0.3778601445676962, 0.2291865263208097, 0.27217697080569003, 0.12077635820580405], [0.4821486128014997, 0.3064706783084673, 0.07748876170353067, 0.13389194708650232], [0.4614032861887227, 0.3122000233114478, 0.10789500358169402, 0.11850168681813546]], "ideal": "B", "sampled": "D", "correct": false}}
{"type": "result", "data": {"idx": 9, "options": ["Less than -1", "Between -1 and 0", "Between 0 and 1", "Bigger than 1"], "probs": [[0.30435726723810125, 0.21248326178340526, 0.11023343599752172, 0.3729260348809717], [0.2144322459016064, 0.3071719797295714, 0.08397495996037682, 0.3944208143084454], [0.2670654137781051, 0.19236779784328695, 0.16976249722221104, 0.3708042910563969], [0.2635139740639693, 0.21847082972710477, 0.10985191320550917, 0.40816328290341675], [0.1423127449045046, 0.09935497121432144, 0.306034136308147, 0.45229814747302693], [0.15795384228174492, 0.08723439955409437, 0.2905332424161381, 0.46427851564802264], [0.4584013027627122, 0.2653056144144831, 0.08218807909981256, 0.19410500362299216], [0.5959567423655479, 0.20595918012251505, 0.0325876255305832, 0.1654964518813539], [0.4723335013587844, 0.2568075714035027, 0.08875151921110865, 0.1821074079266043], [0.6829725554123957, 0.1809711171578032, 0.03453929747697501, 0.10151702985282608], [0.5031113046765552, 0.15106377060342088, 0.04065829157667934, 0.3051666330433446], [0.5183119254534482, 0.13950292972574743, 0.1936833887157381, 0.1485017560050663], [0.4397324555712424, 0.16953405483556125, 0.1362264582940838, 0.25450703119911255], [0.40898407653425817, 0.16785008453314487, 0.07332801490312606, 0.3498378239294709], [0.5943301341622181, 0.19295208226059588, 0.05275106076648472, 0.15996672271070125], [0.5308368462571109, 0.1922599021129973, 0.062417938596597625, 0.21448531293329418], [0.5268172981740936, 0.23745836743759127, 0.04191396942700165, 0.19381036486131348], [0.5292854052226313, 0.28777183685914165, 0.05323273057693819, 0.12971002724128874], [0.1034394384352074, 0.11906351502728474, 0.2683116575304077, 0.5091853889071002], [0.06401538293959448, 0.07141635779073012, 0.6073883952304822, 0.25717986393919323], [0.14334086223037007, 0.21518948143905897, 0.14112291369470478, 0.5003467425358662], [0.15148114117899103, 0.12558724359172113, 0.38684080200024784, 0.33609081312904], [0.05136466217140783, 0.8824763625900255, 0.020115141572845927, 0.046043833565720754], [0.14040420816727206, 0.6492478693123458, 0.05853090131271959, 0.15181702110766263]], "ideal": "C", "sampled": "C", "correct": true}}
{"type": "result", "data": {"idx": 10, "options": ["(ii) and (iv) only", "(i) and (iii) only", "(i), (ii), and (iv) only", "(i), (ii), (iii), and (iv)"], "probs": [[0.08598285231611737, 0.14176586374538477, 0.36202347544703245, 0.41022780839146544], [0.04979587103141248, 0.07133248633672516, 0.543832793057826, 0.3350388494740364], [0.1340693116218484, 0.43279806742508176, 0.11648234239133914, 0.31665027846173066], [0.09178445965989908, 0.2036425428298455, 0.4589315891739834, 0.245641408236272], [0.07564269468762924, 0.7065899108168986, 0.08706494840612033, 0.1307024459893518], [0.07439337312992753, 0.642702136116391, 0.132621772040221, 0.15028271861346043], [0.10391838025068381, 0.1584630298570552, 0.3201095139652047, 0.41750907582705626], [0.05456879097648299, 0.0745908209246287, 0.5259331209538561, 0.3449072670450322], [0.12524116411271466, 0.4303777643720405, 0.11950689909177722, 0.3248741723234676], [0.10719490183670204, 0.22342494468894328, 0.4239950229097492, 0.24538513046460547], [0.07327305833125174, 0.6738549664625223, 0.10015341041556358, 0.1527185646906624], [0.07997348009542685, 0.6389953969521636, 0.1339323620313854, 0.1470987608210242], [0.16603020079308733, 0.19717316621318398, 0.12532660550602603, 0.5114700273877026], [0.07450708357580302, 0.09129183262386824, 0.5253617488996422, 0.3088393348006866], [0.14410269366330342, 0.20642616006475356, 0.11399421924698512, 0.5354769269249579], [0.07826906105006425, 0.10050406085088465, 0.5349144021959701, 0.286312475803081], [0.1152044216633224, 0.5943023670814735, 0.1305442494322443, 0.15994896172295975], [0.13421391349326273, 0.6206303423210339, 0.11302028932097721, 0.1321354547647262], [0.3720642217006486, 0.2722091295384612, 0.11171301865315839, 0.2440136300077318], [0.2626505831016297, 0.25457358737089, 0.25457418341734656, 0.2282016460101338], [0.3562668375771523, 0.31935624599620666, 0.08330743324555333, 0.24106948308108775], [0.2696397086600944, 0.3103589805757281, 0.2099983009485502, 0.21000300971562733], [0.26044611567955783, 0.3672920842225374, 0.16298197726873065, 0.20927982272917414], [0.3010707631884789, 0.374692337536253, 0.14445476878277788, 0.17978213039249022]], "ideal": "B", "sampled": "D", "correct": false}}
{"type": "result", "data": {"idx": 11, "options": ["(ii) and (iv) only", "(i) and (iii) only", "(i), (ii), and (iii) only", "(i), (ii), (iii), and (iv)"], "probs": [[0.028076294074625797, 0.08514495716132114, 0.3315380128858024, 0.5552407357782506], [0.022165917023035966, 0.04548287425095151, 0.6580471444816514, 0.27430406414436115], [0.044385306863409114, 0.4345110090723567, 0.10647878129072225, 0.414624902673512], [0.043407157388644264, 0.1743904513609382, 0.5718453078564188, 0.2103570832939987], [0.04055995639604286, 0.8405730849833778, 0.03693069310876821, 0.08193626541181116], [0.04425900396069111, 0.7723881543967502, 0.06855047442413462, 0.11480236711842404], [0.03200247424543024, 0.08045984778134718, 0.40228778736333576, 0.4852498905098868], [0.02448598749098872, 0.043652741226634685, 0.6516169625852749, 0.28024430859710164], [0.05771550528561436, 0.4908959579916816, 0.09223411070370671, 0.3591544259189973], [0.05319481929024126, 0.17717593378512747, 0.5719733067186913, 0.19765594010594], [0.03895745755017501, 0.8200863507305344, 0.04147098166672076, 0.09948520995256988], [0.04452598209238591, 0.7531512504817368, 0.07937797524596063, 0.1229447920799167], [0.0686786829906863, 0.11323861523542025, 0.12436535675253516, 0.6937173449213583], [0.038560320396714566, 0.06162167230356759, 0.6522584642658507, 0.2475595429338672], [0.07797427194377499, 0.1479777334767263, 0.08975074974299509, 0.6842972447365037], [0.038846105515219574, 0.06608213403241239, 0.6570974652617899, 0.2379742950905781], [0.08743475539545237, 0.7436524171318852, 0.06009448058478256, 0.10881834678787985], [0.07972845256138254, 0.7564838954835754, 0.06609890461576076, 0.09768874723928125], [0.42015772114610356, 0.16453630852835405, 0.08807004045402872, 0.32723592977151367], [0.23755063896334985, 0.1440854029485919, 0.3916805567444915, 0.22668340124356673], [0.3853308461021192, 0.19990787950658825, 0.0638940442085321, 0.3508672300827604], [0.2490900419538966, 0.1939964861378316, 0.3404884883348127, 0.21642498347345906], [0.3676385964602678, 0.2732086764369497, 0.11038617449942875, 0.2487665525033537], [0.3531974711600266, 0.29742498532353295, 0.1449546878619684, 0.20442285555447204]], "ideal": "D", "sampled": "D", "correct": true}}
{"type": "result", "data": {"idx": 12, "options": ["Forecasts can only be made for time-series data", "Mis-specified models are certain to produce inaccurate forecasts", "Structural forecasts are simpler to produce than those from time series models", "In-sample forecasting ability is a poor test of model adequacy"], "probs": [[0.2043271500753052, 0.3877573901663945, 0.04929633424972628, 0.35861912540857405], [0.18559127145384083, 0.1612498085924386, 0.05401013901985574, 0.5991487808338648], [0.22783165319102874, 0.11103961947047378, 0.11456071157499279, 0.5465680156635047], [0.13735758438181686, 0.07468242497398131, 0.03366093136564463, 0.7542990591785572], [0.1341051836271866, 0.06536004350783264, 0.1299801102906068, 0.6705546624743739], [0.08956989822874724, 0.04503997502144945, 0.041653868894152686, 0.8237362577556506], [0.6520846996463808, 0.12062359442777729, 0.025283684621857108, 0.20200802120398476], [0.5093111706773219, 0.12877429300892668, 0.03307146766424265, 0.3288430685495088], [0.7041816442585282, 0.07422001259683754, 0.02605325663449744, 0.19554508641013674], [0.7157990402366333, 0.06254587380098452, 0.01657272704313303, 0.20508235881924913], [0.454046542936973, 0.07890162312018256, 0.04711375275791284, 0.4199380810849316], [0.6654451190213804, 0.052121798038715285, 0.017733284131897186, 0.26469979870800714], [0.1710706102038849, 0.12516287712020482, 0.18497349707580618, 0.518793015500104], [0.1079824888892334, 0.07081935712328218, 0.03560885866246106, 0.7855892952250234], [0.1789610723739955, 0.25636059616238605, 0.07818249787016321, 0.4864958334934552], [0.2500986745327256, 0.16402479943473708, 0.03957140803101046, 0.5463051179015268], [0.08196433510609882, 0.04121548248094209, 0.04894326926362929, 0.8278769130493298], [0.2032058039166804, 0.05555499986083696, 0.10542241248362307, 0.6358167836388596], [0.17326962230572215, 0.14142418538515977, 0.17600152681504866, 0.5093046653940694], [0.1388548603108297, 0.09250082260012314, 0.04104545752378384, 0.7275988594652633], [0.18044668703132466, 0.15925099191341216, 0.10443630969130173, 0.5558660112639614], [0.2832325654457017, 0.14925849213808554, 0.0383313441486868, 0.529177598167526], [0.13418862072315826, 0.04860180934105041, 0.04494754174333372, 0.7722620280924576], [0.27418076580731926, 0.06214292254209583, 0.15141802799054715, 0.5122582835600378]], "ideal": "D", "sampled": "B", "correct": false}}
{"type": "result", "data": {"idx": 13, "options": ["An AR and an MA model", "An AR and an ARMA model", "An MA and an ARMA model", "Different models from within the ARMA family"], "probs": [[0.20225054325004313, 0.2942898913072787, 0.06168474348292923, 0.441774821859749], [0.4047385661330222, 0.35719122680747645, 0.05563912415754685, 0.18243108280195447], [0.21760000610559757, 0.24658741421897104, 0.08930517865279111, 0.44650740092264024], [0.49563932624498525, 0.2234077179539471, 0.04682827851295018, 0.23412467718811744], [0.31952605600517703, 0.24500031006867365, 0.13529909058943695, 0.30017454323671233], [0.33044334478344745, 0.2035898851571711, 0.11420072634722114, 0.3517660436121603], [0.19549345027122225, 0.14990156960941872, 0.10629142438362034, 0.5483135556357387], [0.3571272114204249, 0.23790995242504007, 0.08482719022318645, 0.32013564583134857], [0.20392867464927503, 0.17173565538591173, 0.05237451823185001, 0.5719611516329632], [0.5217909644000027, 0.18317115316111002, 0.07061749529722806, 0.2244203870416592], [0.4927330814556673, 0.20540698712305355, 0.05793691290822182, 0.24392301841305733], [0.5620211111033708, 0.1610252338028502, 0.0426667313533049, 0.23428692364047402], [0.2002616017973553, 0.10390133129070288, 0.10719474138118107, 0.5886423254307608], [0.4755048928494926, 0.16178748612676527, 0.06045418457284212, 0.30225343635089996], [0.2542418567683578, 0.19494557596595471, 0.03720464226087638, 0.5136079249048111], [0.45597514335730993, 0.28093057763400764, 0.06075390032535512, 0.20234037858332726], [0.5404787103326956, 0.22885820437808724, 0.03794794557570381, 0.19271513961351336], [0.5343810120293692, 0.2028335555129486, 0.0599562279836397, 0.20282920437404253], [0.28108701944779896, 0.25197846445837513, 0.1901985165345763, 0.2767359994592496], [0.23691623616580001, 0.22607930676104757, 0.27269861912082416, 0.26430583785232825], [0.31268998210398835, 0.44792556948424095, 0.05266643315273701, 0.18671801515903366], [0.2830021275668664, 0.4383444324314183, 0.08108285511655695, 0.1975705847851584], [0.19535394811499654, 0.6818759124067838, 0.02903734638777131, 0.09373279299044833], [0.1828583980275639, 0.6585284071063624, 0.04770249270029157, 0.11091070206578217]], "ideal": "B", "sampled": "C", "correct": false}}
{"type": "result", "data": {"idx": 14, "options": ["A cyclical pattern in the residuals", "An alternating pattern in the residuals", "A complete randomness in the residuals", "Residuals that are all close to zero"], "probs": [[0.4570399045460327, 0.3909323019014005, 0.023113001738379067, 0.12891479171418777], [0.41994770348094657, 0.35920711916154646, 0.028577703127642882, 0.19226747412986409], [0.19705379227501063, 0.056458149730633615, 0.5613691272923285, 0.18511893060202728], [0.36809727477308485, 0.09907382707224635, 0.021763117941223986, 0.5110657801134448], [0.10614646620532615, 0.03726205368198563, 0.69218507000532, 0.16440641000736822], [0.5411535398801239, 0.1433926951485569, 0.016598552116077255, 0.2988552127552419], [0.5839486652332497, 0.3125675881427035, 0.015320401465995392, 0.0881633450580513], [0.5167138941723614, 0.27229254382196455, 0.029609745598548412, 0.18138381630712572], [0.14865936941452154, 0.02973422230576825, 0.7432671937636024, 0.07833921441610779], [0.6058865476727089, 0.052121470358780106, 0.012574677951595168, 0.32941730391691587], [0.14215373295728148, 0.030266990710766568, 0.7219376966718066, 0.10564157956014536], [0.6907360739607168, 0.1026693312138194, 0.00869499449731896, 0.19789960022814487], [0.05507691825948667, 0.772335094754611, 0.07889615567216729, 0.09369183121373502], [0.016159500514768704, 0.939222360527245, 0.005852656498693794, 0.03876548235929258], [0.08293958690723194, 0.4212311474465965, 0.3229614173822393, 0.17286784816393225], [0.04310900778616224, 0.8659041797972058, 0.009178505270083468, 0.08180830704654853], [0.007022206218252339, 0.005384290134711607, 0.8374483600118909, 0.15014514353514516], [0.011259197088558133, 0.006415502071998183, 0.7300327310721293, 0.25229256966731434], [0.026562026114218207, 0.8393956531411128, 0.08441643526103901, 0.04962588538363004], [0.00316667290147682, 0.9949764279383253, 0.0003135503398583231, 0.0015433487203395037], [0.023219146005120157, 0.8185665667621788, 0.10905794879491774, 0.049156338337783316], [0.003268673301243347, 0.9954345063748327, 0.0002520583319710974, 0.001044761891952887], [0.00356789242294738, 0.0028225667789681017, 0.9293694671675885, 0.06424007353049595], [0.006800789207877293, 0.003998144698782159, 0.8110391244433778, 0.1781619415499627]], "ideal": "B", "sampled": "A", "correct": false}}
{"type": "result", "data": {"idx": 15, "options": ["(ii) and (iv) only", "(i) and (iii) only", "(i), (ii), and (iii) only", "(i), (ii), (iii), and (iv)"], "probs": [[0.06475815176316224, 0.13288417457205398, 0.32380497452358875, 0.478552699041195], [0.049838046912655344, 0.07481920634781557, 0.5794215136996721, 0.29592123293985695], [0.07796717947039622, 0.5005575268793965, 0.10329569567315881, 0.3181795978770485], [0.07502969409542279, 0.2499009836207842, 0.47426826110409753, 0.20080106107969548], [0.06038757287950175, 0.7954856482483017, 0.05762385812519346, 0.08650292064700306], [0.06740097006035096, 0.7246676140646733, 0.09505371074213029, 0.11287770503284549], [0.06643616206874021, 0.12031096459780502, 0.35919871886346355, 0.4540541543699912], [0.05374944481927883, 0.06794951728890988, 0.5689731729770484, 0.3093278648147628], [0.08106775903282772, 0.5204758968180643, 0.08766093392071797, 0.31079541012839007], [0.09170615132069286, 0.30071753932622414, 0.43079553013000305, 0.17678077912307996], [0.06358375494416135, 0.7626490109791004, 0.06560424067324368, 0.1081629933034945], [0.07107526645715516, 0.6957987520430045, 0.10838124298109862, 0.12474473841874173], [0.1230599124712326, 0.16821453850898171, 0.1484474020983233, 0.5602781468214624], [0.07465504854170976, 0.08728525786719081, 0.5692018269923352, 0.26885786649876425], [0.13739409165472147, 0.2301078839418206, 0.09743217068378114, 0.5350658536196767], [0.09044019607473423, 0.10574178081463005, 0.5540882779375467, 0.24972974507308904], [0.12433333041269001, 0.7044379166884952, 0.06974785081156873, 0.10148090198724603], [0.11527658568374705, 0.7061950896646542, 0.07679425638167563, 0.10173406816992318], [0.3347689012779475, 0.22300729817923934, 0.13739628007815047, 0.30482752036466265], [0.20350140357228136, 0.19418972685404792, 0.411128432346629, 0.19118043712704175], [0.28427314331858056, 0.27987142977491597, 0.09824643881759405, 0.3376089879889094], [0.20873540015709996, 0.2478894815229994, 0.3441878454285041, 0.19918727279139656], [0.2732005241180681, 0.350802854449367, 0.131090229636296, 0.24490639169626885], [0.26991666567234124, 0.3520457007553363, 0.17428448083525655, 0.20375315263706584]], "ideal": "A", "sampled": "D", "correct": false}}
