{"type": "result", "data": {"idx": 0, "options": ["Loop gain should be unity", "Loop gain should be less than unity", "The phase of a feedback signal with respect to input should be 0\u00b0 or 360\u00b0", "Both A and C"], "probs": [[0.09527259851175157, 0.20170487010611707, 0.07191986429151233, 0.631102666990619], [0.2479004561653192, 0.2809179722981869, 0.2557944357139378, 0.21538713572255613], [0.09367955824092362, 0.14285417431856332, 0.10289317751739084, 0.6605730898231222], [0.11016286990556336, 0.07454348410325481, 0.37270313775316477, 0.44259050813801704], [0.14652193644602352, 0.5035081951261255, 0.20344171809779538, 0.14652815023005553], [0.1392540931562406, 0.5682694911388517, 0.11366249619777834, 0.1788139194071293], [0.09025547859627592, 0.19409306678660507, 0.06920502666705051, 0.6464464278500685], [0.3409552726235644, 0.18250439385009432, 0.26973576556737916, 0.20680456785896215], [0.10470025474351273, 0.15234978836033167, 0.11146036783520212, 0.6314895889609535], [0.2346943248664788, 0.0978388161013392, 0.39306928532158714, 0.2743975736105949], [0.20473100242951622, 0.574203789176741, 0.11484938858791081, 0.10621581970583197], [0.203855977960824, 0.5898982329814192, 0.09188962050271257, 0.11435616845504422], [0.08215626950997694, 0.17393707968139124, 0.08745835590295077, 0.656448294805681], [0.09731211677340391, 0.09142118146571154, 0.47159549758513547, 0.339671204075749], [0.09268238863368693, 0.2258541516479256, 0.09562974882272991, 0.5858337107956576], [0.11109036537302393, 0.15424292703505718, 0.5137250827586612, 0.22094162473325765], [0.09634628890981423, 0.618548095164433, 0.1358761042220615, 0.14922951160369125], [0.08967538845204026, 0.5940033639375945, 0.18985405486816445, 0.12646719264220083], [0.5758390597673316, 0.18989702133118608, 0.15259051776166288, 0.08167340103981943], [0.5218076692529876, 0.2503742259163627, 0.1076865763504304, 0.12013152838021925], [0.6104363753003663, 0.2281094027223361, 0.09811087623664962, 0.06334334564064796], [0.5386310179094941, 0.3117445683782642, 0.08006469099864884, 0.06955972261359292], [0.5279270410009793, 0.21330955622447287, 0.1293836682905513, 0.12937973438399653], [0.5103087158574889, 0.21273816010339228, 0.16829744592054954, 0.10865567801856922]], "ideal": "D", "sampled": "D", "correct": true}}
{"type": "result", "data": {"idx": 1, "options": ["It loads the circuit moderately.", "It loads the circuit to maximum extent.", "It uses centre zero galvanometer instead of voltmeter.", "It does not load the circuit at all."], "probs": [[0.4705557594805645, 0.28098342238512297, 0.17043428375259814, 0.07802653428171437], [0.6418170667000498, 0.27176247461654085, 0.051869290786898566, 0.03455116779651073], [0.43214052911251716, 0.4254448413423432, 0.07509921490395095, 0.06731541454118868], [0.4676658564810611, 0.3938171955793642, 0.09501689175968217, 0.04350005607989251], [0.549898599585574, 0.33353128157957873, 0.06776314657239053, 0.04880697216245672], [0.4588287804474718, 0.3009102366631589, 0.17415970691906046, 0.06610127587030887], [0.17793850598940067, 0.43359261746839, 0.24323564765405167, 0.14523322878815764], [0.27072855625776787, 0.5821712569148464, 0.07756990880808953, 0.0695302779192962], [0.16119128464040552, 0.4181146621285987, 0.2169224619648495, 0.20377159116614627], [0.18432700515386505, 0.4285906276118296, 0.2294145099153068, 0.1576678572189986], [0.21332651374590977, 0.24173861739602268, 0.2915963828272094, 0.25333848593085817], [0.2059975862297054, 0.2686824500292078, 0.2729179560865235, 0.25240200755456327], [0.12839436529782952, 0.6833500861438232, 0.11509755252640834, 0.07315799593193896], [0.1214637997843127, 0.698995004509451, 0.1272995341784543, 0.05224166142778208], [0.2334903811204948, 0.3560389631040339, 0.2524797655759067, 0.15799089009956466], [0.2325661137124541, 0.38948615142471577, 0.225423793118575, 0.15252394164425512], [0.13138500561681787, 0.16098262898607774, 0.4806140970337132, 0.22701826826339117], [0.1710772463187192, 0.27769794229776434, 0.2820742045932803, 0.26915060669023616], [0.11444870955919084, 0.6091354993995527, 0.14468237540642437, 0.13173341553483212], [0.09623453063732534, 0.5202664562757918, 0.22728917373068844, 0.15620983925619436], [0.15702910165582004, 0.2799438106700267, 0.2357385298814193, 0.3272885576927339], [0.12937903017362493, 0.30082713658104704, 0.2782229697955688, 0.2915708633497592], [0.09253453117672628, 0.18118045547355682, 0.40830416942387066, 0.3179808438258463], [0.1272139400116545, 0.36812046166553475, 0.22679488358613856, 0.2778707146366722]], "ideal": "D", "sampled": "A", "correct": false}}
{"type": "result", "data": {"idx": 2, "options": ["NOR, NAND.", "XOR, NOR, NAND.", "OR, NOT, AND.", "NOR, NAND, XNOR."], "probs": [[0.027221224097268532, 0.9300984403147219, 0.011348210591103707, 0.03133212489690584], [0.029523039515714226, 0.9042332828353203, 0.04099088087015538, 0.025252796678810047], [0.02338224215692521, 0.051074071381652694, 0.837297417657234, 0.08824626870418815], [0.016880244258921807, 0.024561520003347104, 0.9216875391147703, 0.03687069652296079], [0.021832779129023514, 0.9578577910816128, 0.010313510000842284, 0.009995919688521301], [0.020849488170096162, 0.9291276344462951, 0.014556017720474209, 0.035466859563134556], [0.049845319607677366, 0.1910862042644731, 0.0490748103590022, 0.7099936656688474], [0.0567409938793138, 0.10767903578989159, 0.7592253967071834, 0.07635457352361123], [0.038587918638844566, 0.10009435115821995, 0.20861453373367206, 0.6527031963692634], [0.04329326620976107, 0.08215959910618877, 0.8042736315948064, 0.07027350298924379], [0.23252494674183682, 0.7051405919106373, 0.02777223107643653, 0.034562230171089406], [0.16381035016191053, 0.7574795836514285, 0.02716368004238915, 0.0515463860442718], [0.03978848666421541, 0.11695115532874281, 0.6032966127527604, 0.23996374515428143], [0.03041789274597551, 0.07072683033687491, 0.8094497133264044, 0.08940556349074522], [0.026519613733018095, 0.8782552014643152, 0.029586723512234844, 0.06563846119043185], [0.02976246911823228, 0.8563560810709606, 0.0582763252413248, 0.05560512446948229], [0.02314015013694945, 0.9243769427513063, 0.017197525831725975, 0.03528538118001822], [0.02409881582026202, 0.9185991334831544, 0.02730977185931265, 0.029992278737270985], [0.6254155881776579, 0.2161412118080252, 0.10868507760318497, 0.049758122311131955], [0.08292243424399445, 0.1549248647206515, 0.023027877890950864, 0.7391248230444032], [0.48747812788756084, 0.4874838201310303, 0.010770265742613224, 0.014267786138795582], [0.411983495704379, 0.5457984880808486, 0.012836340061544263, 0.029381676053228143], [0.07608434962088402, 0.12942949847642954, 0.10563750836817255, 0.6888486434345139], [0.1137004577530503, 0.12884524559315974, 0.6646524120549232, 0.09280188449886678]], "ideal": "A", "sampled": "D", "correct": false}}
{"type": "result", "data": {"idx": 3, "options": ["30\u00b0 to 150\u00b0.", "30\u00b0 to 180\u00b0.", "60\u00b0 to 120\u00b0.", "60\u00b0 to 180\u00b0."], "probs": [[0.24452337255829065, 0.38469755072475653, 0.20272110098478885, 0.168057975632164], [0.2221088011888124, 0.3494323633515523, 0.31323070910879697, 0.11522812625083831], [0.24811381480088074, 0.3444812441504671, 0.27250845999488005, 0.1348964809537721], [0.25172699975077345, 0.3182209540155625, 0.25972525714868283, 0.1703267889849812], [0.2627689798991026, 0.2841254430110428, 0.3270281802233632, 0.1260773967664914], [0.2789015173633147, 0.36376166340051347, 0.2276365607749277, 0.12970025836124416], [0.2830756177068171, 0.2577483211347992, 0.2421337808208196, 0.21704228023756406], [0.25724064917911643, 0.22701701181321596, 0.3801866712758234, 0.13555566763184418], [0.25544194842156714, 0.3129806033667506, 0.24758912634822655, 0.1839883217634557], [0.21887701421460698, 0.1931619466176892, 0.4421575003098731, 0.14580353875783073], [0.2583386330291016, 0.4605463858408425, 0.18607803726501748, 0.09503694376503842], [0.2901623503549457, 0.384407186702089, 0.20256887072431612, 0.12286159211864915], [0.19278444347837934, 0.2554073333484827, 0.3228675424729775, 0.22894068060016043], [0.22259772321719692, 0.3042631122996926, 0.3502092972234721, 0.12292986715963833], [0.2499329447496344, 0.4386549591579472, 0.1857382058911552, 0.12567389010126317], [0.24230790316355005, 0.2661276479255836, 0.3753041950633149, 0.1162602537475514], [0.19878657752631784, 0.3176682387769914, 0.28475759279138163, 0.19878759080530914], [0.19923836144939522, 0.3134517161155304, 0.36646584195560816, 0.12084408037946623], [0.1582279432453859, 0.16843654950797546, 0.5269984366814503, 0.1463370704651883], [0.24336539529552725, 0.3174132046838984, 0.28452952833083567, 0.1546918715897387], [0.2749755721260643, 0.4751212071170319, 0.15185822771249896, 0.09804499294440484], [0.2559278480702313, 0.4491732421258873, 0.1962304842728421, 0.09866842543103936], [0.22640806434274616, 0.24101644751999626, 0.23727983233940067, 0.29529565569785693], [0.25034794954979184, 0.28368536480466944, 0.3164775167529462, 0.14948916879259247]], "ideal": "A", "sampled": "B", "correct": false}}
{"type": "result", "data": {"idx": 4, "options": ["Data Box.", "Logical box.", "Decision box.", "State box."], "probs": [[0.39146556863050685, 0.4039121805634679, 0.12127678659423201, 0.08334546411179325], [0.319159746138128, 0.3972307443221544, 0.09002716838413236, 0.1935823410555853], [0.41263451434111936, 0.3999564259789222, 0.08785830805012601, 0.09955075152983239], [0.34048920105369707, 0.3458709639142819, 0.0796222594385188, 0.2340175754935022], [0.25682161322487046, 0.3737041075374421, 0.14634101491142582, 0.22313326422626162], [0.2808222305003779, 0.3720541374279058, 0.14799084375863486, 0.1991327882130815], [0.4004730283813547, 0.2930008768742339, 0.18051481245143094, 0.12601128219298052], [0.29559005184764314, 0.24126925291000867, 0.1533580616963946, 0.3097826334459536], [0.5211669225513077, 0.3161096584335869, 0.0500159153665353, 0.1127075035485701], [0.4994833022010538, 0.2982623487930551, 0.07195915066598041, 0.1302951982399107], [0.3011271222620875, 0.31559799687695606, 0.1336308061809957, 0.24964407457996074], [0.44471776482828695, 0.35735219129453166, 0.08895105719093706, 0.10897898658624432], [0.1877993615111759, 0.12907895252190252, 0.5520170248192318, 0.13110466104768978], [0.13975454104249205, 0.0861053884147259, 0.3568982667736535, 0.41724180366912855], [0.2869509670760091, 0.45146931847977045, 0.10556867403021741, 0.15601104031400304], [0.2840845626917199, 0.40696177488909213, 0.15206857250702466, 0.1568850898121633], [0.16820247455919332, 0.18188492815896604, 0.10692035194874343, 0.5429922452330972], [0.21467071980053917, 0.28000335213702204, 0.32735795808391727, 0.17796796987852154], [0.19318834283873682, 0.2767556740510468, 0.19624615034011622, 0.33380983267010017], [0.22615924138312085, 0.3043533815980574, 0.20917720778910856, 0.26031016912971316], [0.2333852991205138, 0.37885717840322847, 0.1506954215005403, 0.2370621008757174], [0.3317874544714317, 0.4535260436579226, 0.12398471583596554, 0.09070178593468012], [0.2417252379542653, 0.26968619425644375, 0.11418815786134862, 0.3744004098279423], [0.2723086380916202, 0.3085875144730013, 0.2639489072259248, 0.1551549401094537]], "ideal": "C", "sampled": "B", "correct": false}}
{"type": "result", "data": {"idx": 5, "options": ["same as that produced by one plate.", "double the field produced by one plate.", "dependent on coordinates of field points.", "zero."], "probs": [[0.38008273068832393, 0.39215729074904687, 0.18236695431994457, 0.045393024142684646], [0.32233513697480953, 0.5151014058841511, 0.07305525606596974, 0.08950820097506966], [0.4004827908618223, 0.5142386988370384, 0.06046474905470962, 0.024813761146429705], [0.37543868595214874, 0.5462665496265017, 0.0469919288820132, 0.03130283543933635], [0.27011233967989157, 0.1885753599898495, 0.4054927885945376, 0.13581951163572137], [0.17766812574329602, 0.11652157541332878, 0.6499051499454847, 0.05590514879789056], [0.09577982769406596, 0.8537083704080792, 0.03692728326464356, 0.013584518533211307], [0.0665212906911782, 0.9040883273422947, 0.01818626458465251, 0.011204117281874577], [0.12964271007671926, 0.14018262921361999, 0.6900138258244007, 0.04016083478526004], [0.144742068378859, 0.23130425291495568, 0.06033813072871985, 0.5636155478774655], [0.06612514722386201, 0.07731088397861312, 0.8182934274715571, 0.038270541225967784], [0.15427929966065582, 0.12015721082305723, 0.4903133766771314, 0.23525011273915555], [0.18695601749429636, 0.6226959800742143, 0.13678459770807483, 0.05356340462341444], [0.12042963710282592, 0.7263181480194825, 0.08674394695738002, 0.06650826782031159], [0.13995179667136254, 0.18541648676318714, 0.5985424534299567, 0.07608926303549356], [0.09604333841066284, 0.31989292975483075, 0.10384976659383266, 0.48021396514067377], [0.07675925469914072, 0.10011842622087117, 0.663138672722008, 0.15998364625798014], [0.0715667323157593, 0.0823777697439408, 0.504619258958215, 0.34143623888208485], [0.09046194094887652, 0.5541783795129994, 0.20386292161418126, 0.15149675782394278], [0.09791658437452247, 0.4187565899503417, 0.39957420522353077, 0.08375262035160506], [0.07567376586281178, 0.11011077380486835, 0.5952435686943472, 0.21897189153797267], [0.0754845635709468, 0.14103288421737156, 0.5158629820776082, 0.26761957003407344], [0.10157927718369716, 0.24368913106136766, 0.5158873719073916, 0.13884421974754352], [0.09795426357405253, 0.3814373228741323, 0.25014095936879355, 0.27046745408302164]], "ideal": "D", "sampled": "A", "correct": false}}
{"type": "result", "data": {"idx": 6, "options": ["Low.", "Very low.", "High.", "Almost zero."], "probs": [[0.13627660476210815, 0.15686528616864354, 0.15933490035333667, 0.5475232086159116], [0.24285140631154556, 0.2709389924732113, 0.27520930764307233, 0.21100029347217084], [0.12143581268887448, 0.1559359270481105, 0.25709444090317857, 0.46553381925983645], [0.1447035903471431, 0.14246631520457534, 0.5211252336670024, 0.19170486068127912], [0.329327506141494, 0.39725969717626686, 0.17905866274900756, 0.09435413383323155], [0.2543848194580923, 0.4065258265107524, 0.1642491096727081, 0.17484024425844716], [0.22241161594464393, 0.20571158781739404, 0.1993803084158963, 0.37249648772206573], [0.2695078173156936, 0.28690313435000714, 0.26122771912502485, 0.18236132910927438], [0.14816157959891652, 0.16789787016315752, 0.40276758078980796, 0.281172969348118], [0.17969541785396517, 0.2574135141536527, 0.3357299665988518, 0.22716110129353032], [0.19312475280766148, 0.22935552769724923, 0.3552286836286014, 0.2222910357664879], [0.20976202500394486, 0.26517796908912644, 0.20016148982671245, 0.32489851598021624], [0.06792650775984203, 0.11555269303076433, 0.2904994064576643, 0.5260213926517293], [0.08396952291324467, 0.10450549222630111, 0.6814682838405034, 0.13005670091995086], [0.06628481495566368, 0.10107814820823033, 0.4390683006523559, 0.3935687360837501], [0.12219642499091332, 0.1670294254526873, 0.5563006499180619, 0.15447349953833742], [0.11552890587982394, 0.30439158849448483, 0.4428831141502336, 0.13719639137545758], [0.16751834498878507, 0.3956417083994029, 0.271916653607168, 0.16492329290464408], [0.5286183952756599, 0.20380441842425304, 0.1514562368241488, 0.11612094937593825], [0.41478288787602374, 0.22552034592638767, 0.17563513181293702, 0.18406163428465153], [0.44173906912740174, 0.20224765828471514, 0.19602620015490188, 0.15998707233298123], [0.2612414800119537, 0.32512972797899214, 0.13553275848864646, 0.27809603342040773], [0.08944647363121402, 0.02297215812128412, 0.6406077992513244, 0.2469735688961775], [0.1274019446401539, 0.05310999835582208, 0.6369908881335135, 0.1824971687705105]], "ideal": "C", "sampled": "D", "correct": false}}
{"type": "result", "data": {"idx": 7, "options": ["Amplitude stability", "Frequency stability", "Power stability", "Both A and B"], "probs": [[0.0770134226610789, 0.07946515556167573, 0.028332846062499965, 0.8151885756147453], [0.12138208203076083, 0.14642522573086142, 0.5191499954322883, 0.21304269670608944], [0.047317056785626345, 0.0392304948105065, 0.04806389551731356, 0.8653885527865536], [0.09325469095100376, 0.06717253131031004, 0.6784382270157335, 0.16113455062295268], [0.21279214637524071, 0.48713440424003157, 0.12907724273519247, 0.17099620654953526], [0.2543412631045186, 0.6007141797814688, 0.042176356512127665, 0.10276820050188501], [0.10484084229058112, 0.08294300375342765, 0.025295152572953686, 0.7869210012830375], [0.1701435024887575, 0.1346041282072785, 0.4698367784423196, 0.2254155907616444], [0.08801887682637455, 0.05423083749343816, 0.022605968005390522, 0.8351443175747968], [0.18786842979200216, 0.09156616708043853, 0.5787488178423297, 0.14181658518522966], [0.2529392261024142, 0.597408537487613, 0.05059468783375336, 0.09905754847621932], [0.3086926054224603, 0.5950643441792232, 0.03253805276626578, 0.06370499753205079], [0.06669940923045053, 0.07798528070685641, 0.05529793826865143, 0.8000173716940416], [0.10554965584414704, 0.11593145875963565, 0.4730861186508115, 0.3054327666454058], [0.07098146231762865, 0.0856257209678693, 0.031010484421051306, 0.8123823321934507], [0.121325500516352, 0.14635716994984646, 0.535377589686167, 0.19693973974763454], [0.14453617706064628, 0.6278901520563958, 0.06120434068156477, 0.16636933010139315], [0.15739052548083168, 0.5668409724359528, 0.11337273636085127, 0.16239576562236424], [0.3750572744373345, 0.3992783069318858, 0.09192177515419346, 0.1337426433765862], [0.45886842853526205, 0.3986967667975525, 0.031720514273881464, 0.11071429029330396], [0.4154464396891243, 0.46348930436556834, 0.0392536976727414, 0.08181055817256594], [0.43649904452186605, 0.4574714745226375, 0.03017381849745535, 0.07585566235804111], [0.40977130251984334, 0.38497129939307945, 0.04971452913043149, 0.1555428688566457], [0.38081792276879156, 0.369126680226418, 0.10091499313384693, 0.14914040377094354]], "ideal": "D", "sampled": "D", "correct": true}}
{"type": "result", "data": {"idx": 8, "options": ["1.5 KV.", "15 KV.", "33 KV.", "66 KV."], "probs": [[0.33989439424138956, 0.3452649219067813, 0.170915027568982, 0.14392565618284708], [0.36517015640019684, 0.33250698939376433, 0.15706271165622296, 0.14526014244981583], [0.2691205917422799, 0.2649626017113635, 0.36215792463862634, 0.1037588818077302], [0.2872939343322978, 0.3011012307752296, 0.11976533114236998, 0.29183950365010264], [0.2000383019252996, 0.16074492275217447, 0.4951281918854332, 0.1440885833370927], [0.21941342947673115, 0.20613518355215565, 0.21267107126970275, 0.36178031560141044], [0.2897282583681334, 0.389899200011531, 0.15268293249097906, 0.1676896090293566], [0.31722250577615435, 0.40734377499321645, 0.13019329308161567, 0.14524042604901355], [0.21042827005497752, 0.24990843234493082, 0.4120270661879579, 0.1276362313121337], [0.1700769066640531, 0.2513773143040096, 0.1304079592097528, 0.4481378197221845], [0.18387801669371126, 0.18678457754793662, 0.46957495104184427, 0.15976245461650784], [0.15416417325247678, 0.20424900033894638, 0.13605392859764653, 0.5055328977109304], [0.22261873048590286, 0.4640158435824911, 0.15301123838019676, 0.16035418745140928], [0.19742830997434946, 0.4886765333915871, 0.12549861890316838, 0.18839653763089503], [0.20820364913332196, 0.377039147412066, 0.2551137988708401, 0.15964340448377187], [0.1747662372782035, 0.3265326819530623, 0.19195371292240015, 0.30674736774633404], [0.09879050402845484, 0.1068256422770486, 0.5340918302001919, 0.2602920233943047], [0.10771695443121562, 0.13406661051611585, 0.44650584122166975, 0.31171059373099874], [0.20313698330653962, 0.5269350094903076, 0.12130378952578881, 0.148624217577364], [0.1649165227061932, 0.5001453980368342, 0.12645163206020435, 0.2084864470967682], [0.20304652721223554, 0.45051102778182184, 0.19075450083900783, 0.15568794406693476], [0.16123824540723392, 0.39291368687308226, 0.15386242360703226, 0.2919856440126516], [0.1439438526461358, 0.2264726859017942, 0.4100850705430385, 0.21949839080903147], [0.13262988823264574, 0.2401807045723331, 0.32828480491163914, 0.298904602183382]], "ideal": "A", "sampled": "A", "correct": true}}
{"type": "result", "data": {"idx": 9, "options": ["1MHz to 500 MHz", "100 KHz to 500 MHz", "1 KHz to 1 MHz", "1MHz to 100 GHz"], "probs": [[0.5276514730029709, 0.31019472148312444, 0.08614016066702607, 0.07601364474687862], [0.5202545302664461, 0.45912445621615194, 0.013649732226013723, 0.006971281191388304], [0.27971181333273937, 0.15448324259490642, 0.38235973299914444, 0.1834452109732098], [0.4385882848272979, 0.156387326755571, 0.3159204972082286, 0.08910389110890243], [0.3704465053272463, 0.4399301379531173, 0.10950909483014976, 0.08011426178948661], [0.2781210119094033, 0.5531335821283941, 0.07845204717095756, 0.09029335869124495], [0.7093685002925406, 0.24514697141109604, 0.020441231336320476, 0.02504329686004281], [0.7841799883661039, 0.17772740190087472, 0.021561641324247607, 0.016530968308773705], [0.6643587053189494, 0.16797716163011253, 0.06578261110500555, 0.10188152184593259], [0.7527634009677104, 0.14592915640887488, 0.05538973355016292, 0.045917708973251765], [0.6076261906071916, 0.31523102049013224, 0.0400782258756878, 0.03706456292698832], [0.47349722070535927, 0.4589318122056861, 0.034841944177726056, 0.0327290228112286], [0.6166568238285423, 0.20020006521950348, 0.12926139851099527, 0.053881712340959], [0.7945036128494994, 0.17727465562608358, 0.013670295195454422, 0.014551436228962572], [0.24743473911337965, 0.6832131437327803, 0.043677033762273, 0.02567508329156708], [0.09338549325023479, 0.9000071568904313, 0.0040396727260777286, 0.0025676770332561244], [0.7582501624213475, 0.11997126756727632, 0.06421689326221676, 0.05756167664915944], [0.6055801500708907, 0.12303256688842218, 0.21593413356129465, 0.055453149379392434], [0.6293515609272163, 0.17476672062591495, 0.0865180498760702, 0.10936366847079854], [0.6013958587953133, 0.21111138634756707, 0.0633891686001175, 0.12410358615700207], [0.5264119740680342, 0.19670931382190954, 0.14168671405478267, 0.13519199795527362], [0.5286451099726556, 0.22384605309764855, 0.117960388603046, 0.12954844822664988], [0.5543497676365848, 0.21041032199520585, 0.09939253852135212, 0.13584737174685727], [0.5216349881122169, 0.18893086626829564, 0.12783916102801152, 0.16159498449147597]], "ideal": "A", "sampled": "B", "correct": false}}
{"type": "result", "data": {"idx": 10, "options": ["High resistance when forward or reverse biased", "Low resistance when forward biased, while high resistance when reverse bias", "High resistance when forward biased, while low resistance when reverse bias", "Low resistance when forward or reverse biased"], "probs": [[0.33618649836993053, 0.30612143871107184, 0.1337358057365196, 0.22395625708247802], [0.28832624621331826, 0.14958991707319694, 0.400344288288596, 0.16173954832488882], [0.29867961554700106, 0.09697167429890573, 0.23262518295368098, 0.37172352710041223], [0.52881991463961, 0.15632448972446739, 0.09782614485070747, 0.2170294506852152], [0.5015717650900677, 0.35016732752235097, 0.03807960751868699, 0.11018129976889433], [0.46169603782614316, 0.3595876830641001, 0.0464369484838474, 0.13227933052590932], [0.6907075381303465, 0.08919682039754206, 0.16927323563399974, 0.05082240573811166], [0.6891273208083464, 0.0823044025643984, 0.11250139687946911, 0.11606687964778614], [0.9027259903801473, 0.07526690229730106, 0.00972023107157233, 0.012286876150979224], [0.8010753243961415, 0.11540584909912137, 0.048868290080549395, 0.03465053632418775], [0.7634588976950822, 0.14122630084927845, 0.01609506004017406, 0.07921974131546518], [0.6852053284490759, 0.23313208470509775, 0.04115109833577501, 0.04051148841005136], [0.5809540791299689, 0.15882718679827038, 0.18281428650290216, 0.07740444746885852], [0.6914768041563563, 0.12205443656105745, 0.04152790737542519, 0.14494085180716113], [0.8573221313505967, 0.13147444976481432, 0.005776886996861899, 0.005426531787727104], [0.7238199168004466, 0.17463146278476416, 0.05941809384987203, 0.04213052646491721], [0.7648875584359232, 0.11192811091735569, 0.011257337216436101, 0.111926993330285], [0.633749584692459, 0.18157514587753773, 0.1247998107904446, 0.05987545853955867], [0.5142122813075528, 0.1112097120894869, 0.14280226186291453, 0.23177574464004572], [0.48501494794059374, 0.1152051987893919, 0.08169389318040432, 0.31808595998961003], [0.8857662683034587, 0.046944111047200414, 0.01409545543366555, 0.053194165115675304], [0.7970704166083723, 0.07530743191525427, 0.040944760476400194, 0.08667739089997326], [0.7880253928880446, 0.07925443343532594, 0.03408766482500951, 0.09863250875161987], [0.5165536326166963, 0.08432706318955165, 0.29897999314984064, 0.10013931094391146]], "ideal": "B", "sampled": "B", "correct": true}}
{"type": "result", "data": {"idx": 11, "options": ["Zinc silicate.", "Calcium silicate.", "Zinc sulphide.", "Magnesium silicate."], "probs": [[0.01901304257035281, 0.031841790620990004, 0.8212269742116507, 0.1279181924970065], [0.053070000112635685, 0.10071458441394925, 0.09027636593549872, 0.7559390494379163], [0.02665297843264641, 0.8965582746500461, 0.0292735338635504, 0.04751521295375706], [0.029407212507475983, 0.8867195213229551, 0.03384869759723261, 0.050024568472336335], [0.05488181449804637, 0.12962036357862225, 0.08111137291638264, 0.7343864489069487], [0.022727971301635615, 0.04246267168149436, 0.8138464547166612, 0.12096290220020883], [0.0036636638066035116, 0.01164338289298483, 0.8689230809076404, 0.11576987229277125], [0.013436473886873445, 0.040747388238258776, 0.04689822291818877, 0.898917914856679], [0.011656750413478441, 0.9554290948363432, 0.01568625798547787, 0.017227896664700496], [0.011515754604601532, 0.9438724620656991, 0.01783640216965816, 0.026775381060041185], [0.007393918563236398, 0.03113072798652686, 0.022774904409798583, 0.9387004489404381], [0.010245770577564045, 0.023089769179869428, 0.8530144396451832, 0.11365002049738326], [0.8727652953934382, 0.11270701816072766, 0.008827943884259544, 0.005699742461574621], [0.8486947334129641, 0.13015162241261502, 0.012296692280065875, 0.008856951794355045], [0.783786719108325, 0.16687804567648837, 0.034979649112654505, 0.014355586002532098], [0.7765021861573739, 0.17598923907912278, 0.026158651139514547, 0.021349923523988745], [0.6609283113598327, 0.2670398364211304, 0.04640480892792023, 0.02562704319111676], [0.6774252359230755, 0.26528338781103306, 0.029764202819658282, 0.027527173346233193], [0.021208600234771106, 0.06042091095391635, 0.04420294453744484, 0.8741675441738677], [0.006485338633812504, 0.017907095645970015, 0.8233140510666082, 0.1522935145536093], [0.018047159233329196, 0.059177371606652804, 0.03941891275926213, 0.8833565563007558], [0.016745344301735052, 0.03490141137791579, 0.7943638203054183, 0.15398942391493084], [0.010310935085820603, 0.9576510134978676, 0.014770152904272922, 0.01726789841203884], [0.010063278890811331, 0.9493658921875022, 0.014872952027190444, 0.025697876794496005]], "ideal": "D", "sampled": "C", "correct": false}}
{"type": "result", "data": {"idx": 12, "options": ["1", "2", "3", "4"], "probs": [[0.06849539667079518, 0.4681615286811124, 0.2884141950102866, 0.1749288795378058], [0.050310648058761676, 0.3660474921795963, 0.2555235170796275, 0.3281183425820145], [0.04294251033062992, 0.19550103529825932, 0.611661929178522, 0.14989452509258874], [0.029969284475406425, 0.1671784082289038, 0.3484090585755596, 0.45444324862013014], [0.03464445934288664, 0.13703054545646695, 0.595228210652692, 0.2330967844479544], [0.03923963966708866, 0.1576578254309737, 0.5589215525867771, 0.24418098221516055], [0.17232754696428412, 0.5739896254115284, 0.1406602848876402, 0.1130225426365472], [0.1220541352829831, 0.5556565770989773, 0.1361679942546811, 0.1861212932633585], [0.13252345516092287, 0.38351120846675535, 0.28500731495196535, 0.19895802132035645], [0.1339816560020678, 0.36425145371336703, 0.18031610009309232, 0.32145079009147287], [0.10232666192715345, 0.3007781005573282, 0.29611496128880205, 0.3007802761267164], [0.06538810127564507, 0.14736551703673, 0.5920208956612603, 0.19522548592636468], [0.11806136368524586, 0.40571251507516665, 0.35249292846969454, 0.12373319266989291], [0.1119992683417691, 0.39094505583932987, 0.25240848030028995, 0.24464719541861107], [0.10500146682258765, 0.5168649073217622, 0.2810196044987964, 0.0971140212568538], [0.10340158280447186, 0.5590227453977663, 0.14134203422675365, 0.1962336374710082], [0.07769263708617641, 0.3649418733263571, 0.21453431726041078, 0.34283117222705567], [0.08614918588730489, 0.31025275584933054, 0.38013213869108226, 0.2234659194722823], [0.11406988564430992, 0.27797952084458993, 0.410831507918644, 0.19711908549245616], [0.08004961668496673, 0.2109267052520973, 0.5139483655788634, 0.19507531238407264], [0.10941344824571364, 0.4827824676383292, 0.28381667384100984, 0.1239874101749473], [0.08176626020548873, 0.40883709757897474, 0.3038212864148396, 0.20557535570069693], [0.07591799127051987, 0.39780915965063374, 0.25286478555251096, 0.2734080634263354], [0.06059567799051216, 0.49951953996313836, 0.2216631248559119, 0.21822165709043756]], "ideal": "D", "sampled": "B", "correct": false}}
{"type": "result", "data": {"idx": 13, "options": ["collecting of current", "reduce losses", "increase efficiency", "convert AC armature current in to DC"], "probs": [[0.6957489951115832, 0.1504711978057236, 0.0744898404775552, 0.07928996650513799], [0.6409466515819291, 0.2589785614529958, 0.028162502090959766, 0.07191228477411526], [0.7540324582384944, 0.18478786072928602, 0.01589648851246267, 0.04528319241975684], [0.5951475899542896, 0.37245067467583065, 0.012352513976446041, 0.02004922129343372], [0.5627861282986207, 0.2874552435912184, 0.03542143640036203, 0.11433719160979881], [0.5516103382242128, 0.29068964067123465, 0.100462143847832, 0.05723787715672057], [0.7193425564993764, 0.23353863630115002, 0.021722921046041288, 0.025395886053432317], [0.8331562627568283, 0.1381519544537212, 0.009401550235357981, 0.01929023245409251], [0.6909405433975512, 0.21404741223890236, 0.04417211090691983, 0.050839933356626614], [0.734401419831417, 0.20715088074568352, 0.027172959032363653, 0.031274740290535785], [0.8746958315707791, 0.09364484825218557, 0.011721265290253746, 0.019938054786781578], [0.7451515349683573, 0.20055661014347415, 0.026722282716092595, 0.02756957207207598], [0.735508417866624, 0.21741964973739955, 0.015750107185276616, 0.031321825110699746], [0.7907178489077518, 0.17643598076605485, 0.010762857511832546, 0.022083312714360884], [0.6618773192575907, 0.15237772122637672, 0.07426542622005156, 0.11147953319598099], [0.7364686589609357, 0.1722190943892358, 0.04708374576016283, 0.0442285007896656], [0.8295664858294516, 0.12721985349381446, 0.01299658707724826, 0.030217073499485672], [0.7387258606726117, 0.21498427121697786, 0.01938187039808408, 0.026907997612326325], [0.276795187803604, 0.5012683494432911, 0.09717313220325442, 0.12476333044985048], [0.2619320603608635, 0.5291652979266489, 0.15399815770199066, 0.054904483910496946], [0.3732087611778891, 0.4944567977887654, 0.05998441576357858, 0.07235002516976695], [0.5215745334591891, 0.3213470732242205, 0.07059233319385742, 0.08648606002273294], [0.37559109152915626, 0.5638632658258674, 0.027209763786255912, 0.03333587875872036], [0.6546341969853753, 0.2604033488644458, 0.023112811587818635, 0.061849642462360244]], "ideal": "D", "sampled": "C", "correct": false}}
{"type": "result", "data": {"idx": 14, "options": ["1 ohm of resistance", "ratio of 1 V to 1 C", "ratio of 1 C to 1 V", "none of these"], "probs": [[0.17418592647402295, 0.2381715703317302, 0.13568654250675943, 0.45195596058748744], [0.09351481614344954, 0.11107141523708766, 0.5911413034185328, 0.20427246510093], [0.17919773150097776, 0.24887700197671808, 0.12127633323434932, 0.45064893318795485], [0.10578264645984006, 0.1423696375358176, 0.5207772656464869, 0.23107045025785544], [0.12611695478379636, 0.7035639757114105, 0.06243729264361869, 0.1078817767611744], [0.13377104304496965, 0.658570701147903, 0.08773677769248911, 0.11992147801463827], [0.19185798214794, 0.2464066596734487, 0.14260067684412472, 0.41913468123448655], [0.16872678462418342, 0.15606230168438243, 0.44457641571609047, 0.23063449787534368], [0.23242376327677863, 0.4695903869584427, 0.08962170789359757, 0.2083641417711811], [0.2976309821771038, 0.3647071555768106, 0.22468781954688857, 0.11297404259919697], [0.21681242335095768, 0.6081381024747351, 0.0726289100165727, 0.10242056405773454], [0.24512810214048006, 0.4800112378127296, 0.20009571610736068, 0.07476494383942968], [0.20496109125948742, 0.24727855620295616, 0.120506897556652, 0.42725345488090444], [0.17340972044550937, 0.1460385514959254, 0.4359905849256409, 0.24456114303292428], [0.3149666825766793, 0.41731032285083386, 0.07366156718681821, 0.19406142728566864], [0.36083663312842573, 0.323474384591591, 0.21548477294714846, 0.1002042092328348], [0.23572026366410018, 0.6019996448898296, 0.062464386683896214, 0.09981570466217399], [0.28382631604838937, 0.5645230306768084, 0.09215393489881078, 0.05949671827599148], [0.3981176538805586, 0.42385142425594363, 0.044669217127707515, 0.13336170463579025], [0.411998955819538, 0.3993713542443071, 0.048445138894969306, 0.14018455094118565], [0.23916149047918084, 0.5561246254628412, 0.04288044928002539, 0.16183343467795247], [0.2999869718841871, 0.49465068400848666, 0.09149373730819237, 0.11386860669913383], [0.24518553362155387, 0.5355868815336439, 0.04535607146712412, 0.17387151327767816], [0.3424782429108403, 0.490624811521099, 0.07178933864270987, 0.09510760682535083]], "ideal": "C", "sampled": "D", "correct": false}}
{"type": "result", "data": {"idx": 15, "options": ["3", "6", "8", "9"], "probs": [[0.0777148444490151, 0.2713012619366686, 0.3483515070914558, 0.3026323864228605], [0.048798493672509075, 0.225690690959097, 0.24023096082020337, 0.48527985444819055], [0.08473290249653997, 0.22679562188516195, 0.4581274551253117, 0.23034402039298635], [0.05244641986290818, 0.20426400961230978, 0.2971696477824277, 0.4461199226423543], [0.04536066728468375, 0.12140994179781676, 0.5032261182201158, 0.3300032725973837], [0.049119652776564195, 0.12742746254801413, 0.46609730912844377, 0.3573555754469779], [0.06308779582848009, 0.793070817224165, 0.06408809583344496, 0.07975329101391004], [0.04718560563385724, 0.8364886418559007, 0.05182820417190789, 0.06449754823833419], [0.0996434814942403, 0.15435334353448235, 0.6010171487856905, 0.14498602608558694], [0.0689132565514895, 0.15293368239859215, 0.09274258187252955, 0.6854104790773888], [0.0693510842234114, 0.10091836366705627, 0.6580775836110389, 0.17165296839849342], [0.05655763874210672, 0.1008432924395303, 0.2344514657486035, 0.6081476029697594], [0.09653729487101345, 0.6495781137764004, 0.09961124060383442, 0.15427335064875172], [0.07334044793529386, 0.7069165916605167, 0.08055816830062448, 0.13918479200356498], [0.11193918179890064, 0.17339752552585597, 0.5775062520963983, 0.1371570404788451], [0.09091798621630398, 0.21143647481337932, 0.10465731938585066, 0.592988219484466], [0.12688624101286405, 0.24463148444641183, 0.32407150717883054, 0.30441076726189353], [0.09188642557282745, 0.18565495725328515, 0.27011281852955416, 0.4523457985443332], [0.06747497718069197, 0.5144795255516009, 0.15937134859415628, 0.2586741485735508], [0.06509624517946529, 0.571288832537159, 0.12548963911306102, 0.2381252830703147], [0.05015524067524071, 0.09820837440011829, 0.7487217689189818, 0.10291461590565924], [0.04477277597811614, 0.1255890038002163, 0.16124898914493388, 0.6683892309767336], [0.09778652176990886, 0.200678300877906, 0.43152045791128196, 0.27001471934090315], [0.06134811424777273, 0.1591575937268445, 0.16940789515492705, 0.6100863967704557]], "ideal": "C", "sampled": "A", "correct": false}}
{"type": "result", "data": {"idx": 16, "options": ["First digit from left to right", "First digit from right to left", "Middle digit", "Mean of all digits"], "probs": [[0.4613692616669035, 0.4267164313383151, 0.042253529202742605, 0.06966077769203878], [0.4564789934078443, 0.4424549458806571, 0.03632059673118487, 0.06474546388031374], [0.544414606179207, 0.31509752604294383, 0.04133532768580941, 0.0991525399920397], [0.5054892225730195, 0.3114388836394412, 0.04486861757681182, 0.13820327611072744], [0.6069320292720556, 0.324873648135366, 0.023534869202940133, 0.04465945328963822], [0.48708339976398185, 0.35637718037255867, 0.03528685455468376, 0.12125256520877575], [0.15968869208504463, 0.7501269978619178, 0.03914077850045217, 0.05104353145258535], [0.19020182069539598, 0.7406988212163153, 0.031054457935700316, 0.0380449000525884], [0.2835353314593021, 0.14942811428006297, 0.4749781488897275, 0.09205840527090738], [0.30646477756722296, 0.22776885800309324, 0.04020209430342801, 0.4255642700262558], [0.4223040184588122, 0.170635142509148, 0.32893984281186633, 0.07812099612017347], [0.3230220677959943, 0.2290812198850555, 0.04581709259822004, 0.40207961962073013], [0.08748557585197575, 0.7678264583592477, 0.06502558968577904, 0.07966237600299755], [0.1000765472539045, 0.7872950912627795, 0.051926321502405504, 0.06070203988091045], [0.09020447461285738, 0.5032641737177119, 0.2530698402548134, 0.15346151131461733], [0.10836887681499872, 0.6639659601967949, 0.06997704713768492, 0.1576881157505215], [0.12867793439532008, 0.23305132982784538, 0.3783041834452934, 0.2599665522315412], [0.10607275997965332, 0.21432034456496088, 0.29755257350524444, 0.3820543218501413], [0.3351132758621257, 0.5190794757465206, 0.04828200386067479, 0.09752524443067886], [0.19677935978544467, 0.5784586796731658, 0.06908542816586073, 0.15567653227552877], [0.20646549807402378, 0.41713738564979386, 0.21306119954401506, 0.16333591663216732], [0.17869692506502471, 0.4564006192108379, 0.07930698753675527, 0.28559546808738207], [0.14431466805898435, 0.14210567512159603, 0.4309898509096686, 0.282589805809751], [0.11651177703169141, 0.1383934914927372, 0.24671454725182543, 0.49838018412374596]], "ideal": "A", "sampled": "A", "correct": true}}
