{"type": "result", "data": {"idx": 0, "options": ["It is hard not to verify in our peers the same weakened intelligence due to emotions that we observe in our everyday patients.", "The arrogance of our consciousness, which in general, belongs to the strongest defense mechanisms, blocks the unconscious complexes.", "Because of this, it is difficult to convince people of the unconscious, and in turn to teach them what their conscious knowledge contradicts.", "It is difficult to convince people of the unconscious, and in turn to teach them what their conscious knowledge contradicts."], "probs": [[0.294799315589948, 0.40929006985446187, 0.07338136871208281, 0.22252924574350735], [0.3111461814608781, 0.39952068025053383, 0.06521974001246196, 0.2241133981761261], [0.31039777915350286, 0.5117611374303238, 0.031217454521509105, 0.14662362879466426], [0.2531580636142284, 0.4879768508481898, 0.052241977493612535, 0.20662310794396926], [0.294795683000999, 0.5507530363258851, 0.031560508902380144, 0.12289077167073577], [0.26468007077773603, 0.4718451796694321, 0.04058995958000834, 0.22288478987282348], [0.4306652449237106, 0.3101962437126628, 0.06502074602294763, 0.19411776524067892], [0.34120123812419745, 0.30110933700673703, 0.05657677970461771, 0.3011126450644478], [0.13135549033295374, 0.7101080205294267, 0.037050760174540225, 0.12148572886307933], [0.10744025381650807, 0.608695752857842, 0.04918982784194324, 0.23467416538370664], [0.1609527510492083, 0.636585132923006, 0.04400228450758313, 0.15845983142020253], [0.11412410031977782, 0.5530338451617411, 0.05475749983113301, 0.27808455458734804], [0.6179885302126177, 0.26997906117782516, 0.0172591601514274, 0.0947732483581298], [0.5710656599795045, 0.265570400140175, 0.03594090762419031, 0.1274230321561301], [0.4158096235610175, 0.3669516971535654, 0.04117077884465805, 0.17606790034075906], [0.27114479519048323, 0.35921038567957614, 0.07184610938995363, 0.297798709639987], [0.50753183302122, 0.31760553232247957, 0.04037893653359154, 0.13448369802270893], [0.33824251484717444, 0.2760666721661493, 0.05268796376196023, 0.33300284912471606], [0.6716211770845538, 0.1752023479181241, 0.020924949197941772, 0.13225152569938034], [0.6611416684025376, 0.14984349196324706, 0.029505917475710814, 0.15950892205850453], [0.5185087245406452, 0.26072206702125456, 0.0387529277948589, 0.18201628054324134], [0.25587198015038254, 0.25587293382480547, 0.08570648941730714, 0.4025485965075048], [0.6153947779151236, 0.18768449335551024, 0.03638430352574672, 0.16053642510361935], [0.3240410950787577, 0.18177103994072788, 0.0512707200891508, 0.4429171447913636]], "ideal": "D", "sampled": "D", "correct": true}}
{"type": "result", "data": {"idx": 1, "options": ["Tdc", "Tcd", "Tcc", "dTc"], "probs": [[0.12289318990491103, 0.1963878510571363, 0.3138225814605015, 0.36689637747745113], [0.09214037508471636, 0.13406546604148706, 0.42605753582368483, 0.34773662295011176], [0.13248066099754338, 0.20201405895821156, 0.2761165109087462, 0.3893887690354988], [0.08538125154765541, 0.10626063303946126, 0.40733673308707735, 0.40102138222580597], [0.12491516023130815, 0.24078497343129257, 0.27284158627394806, 0.36145827996345126], [0.12876030993306956, 0.24434905115826805, 0.27688000015947056, 0.3500106386491918], [0.10373363256409428, 0.18784152759813663, 0.33486081899107606, 0.37356402074669304], [0.08238919946307384, 0.11987721352387563, 0.445397145187976, 0.3523364417250745], [0.10092056316050721, 0.16901401795960574, 0.3309100792022672, 0.3991553395776198], [0.08253401332564807, 0.11106355984001347, 0.39375229785932786, 0.41265012887501057], [0.11207819972952093, 0.19670655442119034, 0.3294185550441391, 0.36179669070514964], [0.11595437307544453, 0.20671465012815576, 0.3201625954942151, 0.3571683812021846], [0.08362638266760088, 0.13156631685644735, 0.3466277147976708, 0.43817958557828096], [0.058952387196813234, 0.06275553232267457, 0.44943705029226266, 0.42885503008824954], [0.06956649344214222, 0.10774921682511257, 0.3760790806691584, 0.4466052089635868], [0.0656781295501376, 0.07101612056886733, 0.4350252611136995, 0.42828048866729557], [0.08360063779708281, 0.15864938023144842, 0.30580147186435547, 0.4519485100071133], [0.10022680832088543, 0.1843491574807459, 0.2519718314465801, 0.46345220265178855], [0.1011360317706071, 0.25826434068077053, 0.27065584867440695, 0.36994377877421536], [0.10142950259194985, 0.2510450369891547, 0.2934982645144399, 0.3540271958044555], [0.11165061924683994, 0.20536015047642817, 0.3281615175920841, 0.3548277125846478], [0.11251599424336724, 0.20374386162317737, 0.3205305063443513, 0.3632096376891041], [0.10273180635519369, 0.19802477334244944, 0.31153301134963973, 0.3877104088527171], [0.12002778886569145, 0.22424565420475512, 0.2621663530070157, 0.3935602038225377]], "ideal": "A", "sampled": "D", "correct": false}}
{"type": "result", "data": {"idx": 2, "options": ["Some large houses are bigger than some apartments.", "Some houses are bigger than all large apartments.", "Some large apartments are bigger than some houses.", "Some houses are bigger thatn some large apartments."], "probs": [[0.3461053926975174, 0.3407426431987663, 0.09315290250091812, 0.2199990615027982], [0.29951789079538266, 0.3341393370848738, 0.15060704496167904, 0.21573572705806446], [0.36554309978829896, 0.3952502909466038, 0.10473021083542873, 0.13447639832966854], [0.40549492529826325, 0.33095669496507407, 0.11437506142325567, 0.14917331821340704], [0.20835061927959211, 0.5320499897044824, 0.10476545520127661, 0.15483393571464896], [0.23665312811798853, 0.5010004229715302, 0.07803988001608823, 0.18430656879439297], [0.3415953294947831, 0.34697748002615114, 0.10097531453945247, 0.2104518758396133], [0.32294791452415017, 0.3835129382299386, 0.12067688820530866, 0.17286225894060256], [0.3431464475686095, 0.1836746794044075, 0.20172592982674525, 0.27145294310023776], [0.3740561417579954, 0.1851723547146028, 0.13547420904098847, 0.3052972943864133], [0.40103592874783883, 0.18943652147762177, 0.1546129825325957, 0.25491456714194366], [0.4338250845676535, 0.14760203487607343, 0.07538736539808327, 0.3431855150581898], [0.18062635043217629, 0.6206895888258737, 0.09082588688543419, 0.1078581737565159], [0.19762697077700975, 0.5808672687997475, 0.09783317528308204, 0.12367258504016078], [0.23340977824918183, 0.2686576980883818, 0.19350497759404034, 0.30442754596839605], [0.2250104199874586, 0.2250139366616572, 0.16721432656825816, 0.38276131668262603], [0.20445314014497754, 0.37022179583320775, 0.1668703133542625, 0.25845475056755224], [0.2011244370913384, 0.3585493132653912, 0.12390946134023077, 0.31641678820303965], [0.2118056479422732, 0.5757547191924693, 0.0954687549218063, 0.11697087784345116], [0.23370663799253172, 0.510467713110892, 0.0901021251866728, 0.16572352360990344], [0.31579094651475276, 0.3361597010729368, 0.12759104179669484, 0.22045831051561562], [0.32652889949106206, 0.30199199236907626, 0.07877873452459608, 0.29270037351526557], [0.3046666726860715, 0.23727639370685905, 0.20939453256114288, 0.24866240094592654], [0.3120184698976676, 0.29311700342121594, 0.13211719099822347, 0.262747335582893]], "ideal": "C", "sampled": "A", "correct": false}}
{"type": "result", "data": {"idx": 3, "options": ["Valid", "Invalid. Counterexample when G and H are true", "Invalid. Counterexample when G is true and H is false", "Invalid. Counterexample when H is true and G is false"], "probs": [[0.05707097936677649, 0.623240624098566, 0.19307000141980984, 0.1266183950148477], [0.05969277724255651, 0.5752748207524715, 0.21496364311986538, 0.15006875878510664], [0.07094455245379386, 0.5580310613092402, 0.18985914474841975, 0.18116524138854617], [0.0700176240441649, 0.5594124447477338, 0.20260460088333704, 0.16796533022476426], [0.07425881700193918, 0.5154664362312539, 0.21154561006261588, 0.19872913660419103], [0.07459852209833115, 0.4864513648031182, 0.24845372508147925, 0.1904963879170714], [0.5955909819786267, 0.24064122552367162, 0.08316328748989162, 0.08060450490781006], [0.559729413922169, 0.24837926767903104, 0.10193454031921938, 0.08995677797958056], [0.5556191081232226, 0.19504116037680747, 0.14494208666107328, 0.10439764473889666], [0.22304122646249883, 0.14400694094663855, 0.04531356048086653, 0.5876382720099961], [0.5343726237003144, 0.20926390430277142, 0.14608955272994686, 0.11027391916696734], [0.2205243234802312, 0.14690157605466214, 0.051567043527642735, 0.5810070568374639], [0.5545556255479716, 0.2385121459306309, 0.0994265549084517, 0.10750567351294583], [0.6179709249721619, 0.23091927970367324, 0.06615941773708427, 0.08495037748708058], [0.6359635421271334, 0.19701267607860137, 0.07960020538667942, 0.08742357630758589], [0.23153089957162548, 0.1542336459102405, 0.05007208026283758, 0.5641633741552964], [0.5093137139164302, 0.2156576413220049, 0.11725069098307461, 0.15777795367849023], [0.22883192043447875, 0.15243576692659835, 0.06978979810061227, 0.5489425144383107], [0.5488884594653538, 0.23979238688249369, 0.10153438062786342, 0.10978477292428904], [0.614971844009631, 0.22272849409215995, 0.07230928162384413, 0.08999038017436496], [0.6372611522037299, 0.20052355525872573, 0.07730857282103883, 0.08490671961650552], [0.258322769564126, 0.15914889812780353, 0.052481463863337144, 0.5300468683447334], [0.5263506887256169, 0.21266560729699188, 0.10045581534519159, 0.16052788853219968], [0.2639344593032346, 0.1551599330276073, 0.07215565334797082, 0.5087499542211873]], "ideal": "A", "sampled": "B", "correct": false}}
{"type": "result", "data": {"idx": 4, "options": ["If it's not the case that both Izzy plays Minecraft and Ashleigh stops by then Russell makes dinner.", "If it's both not the case that Izzy plays Minecraft and Ashleigh stops by then Russell makes dinner.", "Izzy playing Minecraft and Ashleigh stopping by entails that Russell makes dinner.", "Russell's making dinner is a sufficient condition for Izzy not playing Minecraft and Ashleigh stopping by."], "probs": [[0.09258678678777993, 0.09552689745259123, 0.383764986254009, 0.42812132940561987], [0.07647823655553161, 0.08269368979541572, 0.4007209896748036, 0.44010708387424907], [0.1476107907648628, 0.30288247671542645, 0.1223737011979641, 0.4271330312217466], [0.1615063721004504, 0.28792018124443264, 0.213962021656724, 0.3366114248983929], [0.14981803742990885, 0.29795432975752834, 0.1385595839647846, 0.4136680487477782], [0.15357211917170513, 0.37420730471775904, 0.19413491459342727, 0.2780856614171085], [0.09540008929013347, 0.11872872001362361, 0.3714682238047454, 0.41440296679149746], [0.08050666123578534, 0.10019342004539122, 0.3840796408281047, 0.43522027779071876], [0.1273254827923695, 0.22346655864069723, 0.16867909839130055, 0.4805288600756327], [0.13957761676870625, 0.20628532718403647, 0.23743046538910723, 0.41670659055815007], [0.13232489323261037, 0.23589866563997033, 0.16990933326897656, 0.4618671077584427], [0.1415219562650673, 0.32905357092148985, 0.18458076759576447, 0.34484370511767837], [0.1371220791181079, 0.26021694868463807, 0.14596596391174474, 0.4566950081855093], [0.15172127339876237, 0.2924547878346882, 0.2540872172485185, 0.3017367214180309], [0.12198116429336207, 0.17748465435598618, 0.1949258384625523, 0.5056083427880995], [0.13696545157008452, 0.19619647864232762, 0.2945240393802441, 0.3723140303073438], [0.15114580093302843, 0.18232029674614175, 0.24920009074103305, 0.41733381147979676], [0.15789184756971691, 0.22973584099487582, 0.20917477266597648, 0.40319753866943076], [0.16050398348156922, 0.14844468234485098, 0.19665420053422863, 0.49439713353935116], [0.18396148632002515, 0.17830372386292923, 0.3658552874513769, 0.2718795022656687], [0.14678976703851065, 0.11432191579579568, 0.21026733122057586, 0.5286209858451177], [0.18375460954449327, 0.14536337362534887, 0.34330177392820693, 0.3275802428019509], [0.16732952121707545, 0.0828351310023914, 0.32253882526017563, 0.4272965224203575], [0.18230797080937655, 0.1022668772863544, 0.257096844244159, 0.45832830756011]], "ideal": "B", "sampled": "D", "correct": false}}
{"type": "result", "data": {"idx": 5, "options": ["Some houses are smaller than all apartments.", "Every house is bigger than every apartment.", "Some apartment is smaller than every house.", "Some houses are bigger than every apartment."], "probs": [[0.11325558765763899, 0.593427585152927, 0.06453127269104166, 0.22878555439839235], [0.0968661329842976, 0.4207764957597995, 0.35990569796328636, 0.12245167319261656], [0.12874959407949413, 0.1190765350937976, 0.28121736642886375, 0.4709565042978445], [0.09618137202604189, 0.09469258219889104, 0.23805308410808618, 0.5710729615669808], [0.08639391768288696, 0.5812560492547059, 0.21051371722839327, 0.12183631573401395], [0.05934003477956085, 0.56301266998034, 0.03078524080328576, 0.34686205433681333], [0.2423760330788713, 0.1277243513892175, 0.07508449367553904, 0.5548151217563722], [0.06621853587220367, 0.08113336793539985, 0.7942097279321969, 0.05843836816019955], [0.07541237826943555, 0.0953310511563088, 0.06759926726439569, 0.7616573032098599], [0.22523140421782, 0.16737943144165024, 0.37134634124557614, 0.23604282299495358], [0.2603911294280029, 0.644477564940532, 0.043857012887498374, 0.05127429264396668], [0.2902094071401757, 0.6240512611828445, 0.03205577596597608, 0.053683555611003804], [0.07819313205623415, 0.10522270476260406, 0.34500811938435333, 0.47157604369680844], [0.04567855664151926, 0.0685727755444138, 0.5831925359260857, 0.30255613178798124], [0.08267975283897341, 0.28858749580561455, 0.10616330610005738, 0.5225694451553546], [0.09423281505037488, 0.5338788349604797, 0.16282098634591513, 0.2090673635432303], [0.08080728614670883, 0.40402061315188126, 0.07832140007896414, 0.4368507005224458], [0.08466407781982282, 0.502687104036117, 0.20954773140164434, 0.2031010866424158], [0.31876222245969277, 0.13288057245119508, 0.3905577775611664, 0.15779942742794575], [0.15715728028112377, 0.06349793407047752, 0.05264110392169051, 0.7267036816267082], [0.36685381839254627, 0.5093280285184687, 0.058044715363285475, 0.06577343762569957], [0.3476611064627803, 0.5384706968897909, 0.048544409996386824, 0.0653237865510419], [0.17891105450671968, 0.07694950355301593, 0.0793913346132172, 0.6647481072270471], [0.26691653131444965, 0.1112681329244359, 0.4265342342338209, 0.19528110142729352]], "ideal": "D", "sampled": "D", "correct": true}}
{"type": "result", "data": {"idx": 6, "options": ["Valid", "Invalid. Counterexample when K and L are true", "Invalid. Counterexample when K is true and L is false", "Invalid. Counterexample when L is true and K is false"], "probs": [[0.05360389347450401, 0.6429112220360541, 0.16003259180509546, 0.1434522925843464], [0.05564569102105424, 0.626964349295515, 0.15126155766111637, 0.1661284019223144], [0.06475395446025156, 0.6048512312799256, 0.14592633737105715, 0.18446847678876574], [0.06892514921836371, 0.5421454865528491, 0.173279284122549, 0.21565008000623817], [0.06900034047718012, 0.5427370030431338, 0.16552452618072808, 0.222738130198958], [0.07349534255700874, 0.45730961214168303, 0.21266788845604132, 0.2565271567452669], [0.43125103935941106, 0.3411489052472596, 0.10404450212769234, 0.123555553165637], [0.4197986612989229, 0.3426310683876082, 0.10128150643394171, 0.1362887637795272], [0.3668324892328045, 0.22249598467366202, 0.2601238450129404, 0.15054768098059312], [0.13404615122195118, 0.16682404153747024, 0.0695422808045472, 0.6295875263360313], [0.35480108324912024, 0.23634944501615227, 0.24385167292523185, 0.16499779870949566], [0.13706095004719235, 0.17057602960490004, 0.07809503829834338, 0.6142679819495642], [0.44815857833566813, 0.31779312986451363, 0.1015727347000775, 0.13247555699974076], [0.4577795139160257, 0.31462768889155673, 0.09014235026763291, 0.1374504468247846], [0.4641818217577364, 0.25237211930307035, 0.14836162269820277, 0.13508443614099042], [0.13713927974340667, 0.1706735989481483, 0.06788894735756963, 0.6242981738508754], [0.31748761635750294, 0.23965345259019022, 0.19559892685835162, 0.24726000409395518], [0.14679330367180085, 0.17161987464470274, 0.09186103802207847, 0.5897257835614179], [0.42214590621352166, 0.3137135826759263, 0.11361944013904382, 0.1505210708715082], [0.44638060866797746, 0.3020371951923258, 0.10438123143663733, 0.1472009646030594], [0.4513921208435726, 0.25320887940391335, 0.14654579975548904, 0.14885319989702497], [0.1413022013158357, 0.17044401548090865, 0.07446111159312677, 0.6137926715101288], [0.31973580475637164, 0.24515134824302068, 0.1821804398765905, 0.25293240702401715], [0.14872316793022702, 0.16852660224351934, 0.09453435100363553, 0.588215878722618]], "ideal": "D", "sampled": "A", "correct": false}}
{"type": "result", "data": {"idx": 7, "options": ["The university increases financial aid.", "The university does not increase financial aid.", "The board of trustees prevents it.", "The president fails to approve it."], "probs": [[0.09652206156894848, 0.7474371678761671, 0.039612590672397224, 0.1164281797824872], [0.08917727187610074, 0.746675241713433, 0.0441459857755565, 0.12000150053490971], [0.10408277808579075, 0.13788783548883574, 0.6179702281333934, 0.14005915819198012], [0.0910128808751056, 0.1524186592576871, 0.10475524591914746, 0.6518132138480598], [0.09177329390323341, 0.13145975767251533, 0.7106648682837309, 0.06610208004052037], [0.10896125191192173, 0.22357509528304592, 0.0875529105675679, 0.5799107421374644], [0.662960516581139, 0.1729435595917896, 0.03149530886696809, 0.13260061486010333], [0.6703876281246247, 0.18327370352429892, 0.04353126526759092, 0.1028074029834855], [0.6474630795844837, 0.238188280300512, 0.02672392673491219, 0.08762471328009208], [0.7162344161502836, 0.15249500542305944, 0.04301312761642401, 0.08825745071023293], [0.7176308690111806, 0.21547160026904263, 0.023800410637524624, 0.04309711998225212], [0.7543635508103965, 0.14854288376393543, 0.03419646311575309, 0.06289710220991496], [0.07699337486843567, 0.06186616927159956, 0.7080203874313934, 0.1531200683285714], [0.08900981727134001, 0.10086183624681411, 0.13154809665661213, 0.6785802497252338], [0.09298848359568512, 0.8418509441509733, 0.01615897509077266, 0.049001597062568965], [0.12677614484037894, 0.788829272823347, 0.03989188402411688, 0.04450269821215714], [0.10973538906925764, 0.23968526210674598, 0.03852074378242399, 0.6120586049415724], [0.1525282561626494, 0.11513471602242208, 0.6835859417231758, 0.0487510859917527], [0.10633734533366128, 0.08153194127510306, 0.7266859953370735, 0.08544471795416222], [0.11917667711255832, 0.14152642331112494, 0.07457889259644797, 0.6647180068798687], [0.09655579752761148, 0.8741465055359114, 0.011713546492331554, 0.017584150344145538], [0.10563430776680696, 0.8439642660375235, 0.02284501831235992, 0.027556407783309582], [0.09736686835171925, 0.21942060938420946, 0.05814040759212554, 0.6250721145719458], [0.11607355180903911, 0.11075850863880071, 0.7110380715063949, 0.06212986794576529]], "ideal": "B", "sampled": "B", "correct": true}}
{"type": "result", "data": {"idx": 8, "options": ["E \u2283 F", "F \u2283 G", "H \u2283 ~E", "~H"], "probs": [[0.21799973816480175, 0.12616887499368817, 0.49127583958845233, 0.16455554715305773], [0.24381310182321198, 0.19899528631117286, 0.16757081189572465, 0.3896207998698905], [0.290546966637538, 0.4716061266013009, 0.10688655555162374, 0.13096035110953738], [0.3321401302236523, 0.41986559401223533, 0.10289235050291386, 0.14510192516119852], [0.2886793229088792, 0.21452864363049023, 0.12611460308618028, 0.37067743027445027], [0.33938803308121174, 0.17065496268085545, 0.3138842471455119, 0.1760727569924209], [0.19978769121556353, 0.3911675810422736, 0.2605744600035446, 0.14847026763861823], [0.16783183071567404, 0.39022414636691943, 0.16523087761675995, 0.2767131452006466], [0.10921662543851134, 0.7463672327182004, 0.07051596202404377, 0.07390017971924445], [0.11180147115666651, 0.717741272310404, 0.07332162776814703, 0.09713562866478251], [0.12884157510775637, 0.1603466224406762, 0.3968651772082795, 0.3139466251432879], [0.10590614342491211, 0.13812842399851893, 0.48971399963537726, 0.2662514328411917], [0.38446185275392003, 0.3611693408811227, 0.10844285120805618, 0.14592595505690106], [0.3504970151691642, 0.3789790059018913, 0.11740226559811123, 0.15312171323083323], [0.3600400709781682, 0.17546978669823948, 0.27177383942632666, 0.19271630279726565], [0.3861478605828171, 0.21660985088053386, 0.12342050587802325, 0.2738217825586258], [0.3255641654144501, 0.14002367197208113, 0.380625866650777, 0.1537862958626917], [0.3967446445536932, 0.21570669433860645, 0.1392706206192969, 0.24827804038840345], [0.16198603041277856, 0.4072367432561116, 0.12814207946607906, 0.3026351467650308], [0.17982768592393308, 0.4246993913642683, 0.2575935874677549, 0.13787933514404369], [0.1590698110620994, 0.21742413093729546, 0.2705887040400731, 0.352917353860532], [0.10831878594035993, 0.1434997851928716, 0.5855746006868254, 0.16260682807994306], [0.1545910938051398, 0.5480765536452653, 0.18940992086990252, 0.10792243157969239], [0.14082373992041583, 0.6022309794918442, 0.1364916593405829, 0.12045362114715696]], "ideal": "D", "sampled": "C", "correct": false}}
{"type": "result", "data": {"idx": 9, "options": ["L", "~L", "L \u2022 ~L", "L \u2228 ~L"], "probs": [[0.06017372540980876, 0.08619669303694005, 0.3803142109959963, 0.47331537045725486], [0.05366215734402304, 0.07930894017971094, 0.5769306887795367, 0.2900982135967294], [0.11373032137501614, 0.24456453867562955, 0.21247774835364086, 0.42922739149571343], [0.10891135862059574, 0.16868865613955672, 0.47309613575597365, 0.24930384938387387], [0.0872414747050249, 0.6862200208612519, 0.0757972482872468, 0.15074125604647637], [0.09929711365430349, 0.6892728126308089, 0.10736668908764302, 0.10406338452724465], [0.061207078696231564, 0.24589760715117726, 0.28747938454185523, 0.4054159295107359], [0.059890867098462, 0.19637924969866216, 0.4710864196093042, 0.27264346349357166], [0.057657272477006034, 0.5385733922564847, 0.23163377091406737, 0.17213556425244186], [0.08463415754884995, 0.5349215427972867, 0.17096861214622666, 0.20947568740763675], [0.06027680275571761, 0.6686278182417399, 0.17171483206731547, 0.09938054683522703], [0.0819720346094362, 0.6971720016163492, 0.10525553907717691, 0.11560042459703766], [0.12897943103728318, 0.3242644329067002, 0.190621341234019, 0.3561347947219976], [0.12393353139511004, 0.2792963516852299, 0.3758309557162824, 0.2209391611033776], [0.10750310602468069, 0.24996091050215472, 0.27884591869512876, 0.36369006467803583], [0.14671140292079818, 0.2741012736345177, 0.22723483901343358, 0.35195248433125054], [0.09287458934077483, 0.624867100202155, 0.1630033005015955, 0.11925500985547473], [0.12035565139044431, 0.6208656249899976, 0.11131314188483549, 0.14746558163472254], [0.4156363052608131, 0.3966066267888973, 0.06679910968164834, 0.12095795816864124], [0.4224968896385597, 0.3787270558260408, 0.08856045671051523, 0.11021559772488422], [0.38560512765328003, 0.2609176739105678, 0.16845950717586206, 0.18501769116029013], [0.43678747678315505, 0.25279653789884277, 0.1104378005360374, 0.19997818468196482], [0.35729217525723955, 0.34093561765122443, 0.16615800557859142, 0.1356142014129446], [0.37552380837860416, 0.3935511737187879, 0.09060026026803437, 0.1403247575345736]], "ideal": "D", "sampled": "D", "correct": true}}
{"type": "result", "data": {"idx": 10, "options": ["(\u2200x)[Kx \u2283 (\u2200y)(Py \u2283 Lxy)]", "(\u2200x)[Kx \u2283 (\u2200y)(Lxy \u2283 Py)]", "(\u2200x)(\u2200y)[(Kx \u2022 Py) \u2283 Lyx]", "(\u2200x)[(Kx \u2022 (\u2200y)(Py)) \u2283 Lxy]"], "probs": [[0.14753367225145683, 0.20483205025579698, 0.2589309551893666, 0.38870332220337955], [0.11437445729290018, 0.14234299208589232, 0.19762214556859864, 0.5456604049526088], [0.14450375105508054, 0.2742219134427217, 0.18846885491327384, 0.39280548048892394], [0.16504608599406556, 0.24014246520129695, 0.15996826230069133, 0.43484318640394615], [0.13369296888245255, 0.22042452453627892, 0.14914572681919566, 0.49673677966207286], [0.19938063322426894, 0.33390154933717364, 0.1328162680013838, 0.33390154933717364], [0.13201140062697958, 0.14958977920690028, 0.31177130802987585, 0.4066275120362443], [0.10525461677357838, 0.09583641944748016, 0.22989826758508158, 0.5690106960938599], [0.14848663796410075, 0.3094748144719363, 0.15082510713172345, 0.3912134403322394], [0.1844498989464652, 0.268374387421807, 0.15054351314206768, 0.3966322003896601], [0.13076731756165255, 0.20896749507732895, 0.13491860231776803, 0.5253465849432505], [0.21598490063142628, 0.37318975563764867, 0.1156083296632269, 0.2952170139676981], [0.13538009128677206, 0.17657059692421037, 0.18504302477540407, 0.5030062869136135], [0.13380910454842482, 0.20403629539356732, 0.24998922643545793, 0.41216537352254995], [0.13928151959466004, 0.20908815912827058, 0.15782685026896362, 0.4938034709081057], [0.13992620169157036, 0.23433414192633095, 0.2271233065423753, 0.3986163497397234], [0.13313217063013053, 0.2566218597446996, 0.19370693879255915, 0.4165390307326107], [0.14110979436416965, 0.26363030073390614, 0.18694075940170082, 0.4083191454002234], [0.12885597154914274, 0.1350411752470222, 0.1308854053651726, 0.6052174477386625], [0.17815770472529693, 0.30783126213797096, 0.1596998595986982, 0.3543111734380339], [0.14354636622067657, 0.1626607106764059, 0.13484955719927502, 0.5589433658036426], [0.1896223319047833, 0.37126482359179436, 0.11147325733992161, 0.3276395870635007], [0.15768242665968138, 0.31359158541442106, 0.150461994820897, 0.3782639930050006], [0.16356850183946345, 0.2915945773074751, 0.15853638000474216, 0.3863005407483193]], "ideal": "A", "sampled": "C", "correct": false}}
{"type": "result", "data": {"idx": 11, "options": ["Logically equivalent", "Contradictory", "Neither logically equivalent nor contradictory, but consistent", "Inconsistent"], "probs": [[0.16281370331764175, 0.22254128088688835, 0.32889618486166666, 0.28574883083380326], [0.05989232562725782, 0.08714387628301735, 0.20904581101397587, 0.643917986975749], [0.18958966354542975, 0.4841376307225102, 0.1453641016162185, 0.18090860401584152], [0.1878042290844059, 0.397585585583684, 0.0901097316245677, 0.32450045360734237], [0.0716998257654783, 0.1517901524216093, 0.16670749583045025, 0.6098025258824622], [0.12746844994539205, 0.34112733090793196, 0.2698528428127796, 0.26155137623389635], [0.26224871294936447, 0.43918711959557694, 0.1666965856968099, 0.1318675816582487], [0.1002950787356015, 0.24823627623709382, 0.1577874672914471, 0.49368117763585756], [0.18972104285285551, 0.5489818143509656, 0.1224934149966376, 0.1388037276995413], [0.17250225793699492, 0.4914183135055954, 0.07304208452857452, 0.2630373439288352], [0.08039211720592875, 0.12068496257901225, 0.2986962287930837, 0.5002266913219753], [0.13655133340555856, 0.20181289012480924, 0.28459965755776206, 0.37703611881187016], [0.45272670485295413, 0.3581370279528799, 0.0799108564806966, 0.1092254106134694], [0.3199686586548549, 0.42389212455488734, 0.08217478236573306, 0.17396443432452469], [0.4383689034032874, 0.2874905083043824, 0.1295815071458724, 0.14455908104645787], [0.3319368958141269, 0.2839230000688825, 0.0865909457120135, 0.29754915830497713], [0.3688897545101371, 0.26570326483130696, 0.1884109256736416, 0.17699605488491438], [0.3693369246053105, 0.27021461118556117, 0.11441523324861112, 0.2460332308605172], [0.1585220043811827, 0.2739053233531586, 0.11597757731574769, 0.45159509484991095], [0.22130766020221812, 0.4199751239617296, 0.1723557407365575, 0.18636147499949485], [0.13196926521118443, 0.17212386891766518, 0.2280246479268545, 0.46788221784429584], [0.14645507712009667, 0.234039645856466, 0.2736175913296072, 0.34588768559383004], [0.17165621601843242, 0.5628478954810947, 0.12756493306180924, 0.13793095533866362], [0.136450012279067, 0.6408848880421318, 0.08406486480104217, 0.13860023477775896]], "ideal": "B", "sampled": "C", "correct": false}}
{"type": "result", "data": {"idx": 12, "options": ["E \u2283 F", "F \u2283 G", "G \u2283 E", "~~F"], "probs": [[0.4351815651944886, 0.2558304831814238, 0.10018439812484801, 0.20880355339923956], [0.44318893869177256, 0.23722210801420465, 0.1289751923681859, 0.19061376082583692], [0.4455624486386424, 0.23479483760073974, 0.14241004417827846, 0.17723266948233937], [0.37412615856519216, 0.2415543342321559, 0.14650961138390356, 0.2378098957187484], [0.4534995921024115, 0.23897759970089566, 0.12992946995880497, 0.17759333813788786], [0.4340988332478401, 0.2512374184590065, 0.1063801779285955, 0.20828357026455793], [0.2833632293811921, 0.43888295673398886, 0.10588500884349542, 0.17186880494132362], [0.29538352073878216, 0.4504069647929452, 0.12313397800182956, 0.13107553636644312], [0.25501891588076475, 0.21812988490471646, 0.34316759786798723, 0.1836836012465316], [0.2055077881236173, 0.2597883680171513, 0.16256992759524194, 0.37213391616398944], [0.24857320259369994, 0.18472412501997446, 0.42283955842259424, 0.1438631138637314], [0.2265395968925911, 0.2954649030866797, 0.16834972797140813, 0.3096457719493211], [0.22265201638906895, 0.48632010450327856, 0.12296043988607237, 0.16806743912158012], [0.22129711665213828, 0.4612254247521146, 0.1451304215889894, 0.1723470369067577], [0.24425273767274783, 0.2900583998560168, 0.2600067516900356, 0.20568211068119974], [0.21616668030693068, 0.3096465627697454, 0.18780901186634003, 0.28637774495698387], [0.18455868957581292, 0.17610773442414643, 0.47129049892481, 0.1680430769752306], [0.18132327224999498, 0.2989533498740257, 0.2517428956414414, 0.26798048213453785], [0.21323546545968744, 0.6074537996312774, 0.08615491306843573, 0.0931558217405994], [0.19573537889334347, 0.6124039981911814, 0.07314089085510761, 0.11871973196036756], [0.21007751552380957, 0.3573546813772797, 0.27399311283450556, 0.15857469016440515], [0.18501749245566634, 0.42351188795574624, 0.14636079347820524, 0.24510982601038217], [0.167966728314845, 0.2561198618084455, 0.3668749411409822, 0.20903846863572734], [0.16655915973905086, 0.2661622464390668, 0.2969247400463726, 0.2703538536755098]], "ideal": "D", "sampled": "A", "correct": false}}
{"type": "result", "data": {"idx": 13, "options": ["Valid", "Invalid. Counterexample when E, F, and G are true", "Invalid. Counterexample when E and F are true and G is false", "Invalid. Counterexample when E, F, and G are false"], "probs": [[0.03759513049941813, 0.7670141457744338, 0.11580157278810246, 0.07958915083804557], [0.05260764453836052, 0.6115470983629148, 0.1522257739321485, 0.18361948306657622], [0.04372776881437191, 0.7396042666737129, 0.12263808686408062, 0.09402987754783455], [0.04453072397877129, 0.7531851620318328, 0.1019321984145202, 0.10035191547487572], [0.07313027323376524, 0.38317733553595135, 0.26335359242724043, 0.28033879870304296], [0.06761251087052714, 0.51545409038929, 0.23599213794529245, 0.18094126069489033], [0.45220596656502926, 0.3257119350446134, 0.13577709814535682, 0.08630500014500049], [0.4271777132910124, 0.29821823155200883, 0.10468448342395846, 0.16991957163302032], [0.3173889219443506, 0.22506272790565535, 0.30762442943357776, 0.1499239206164163], [0.12778235494623452, 0.15902822615745982, 0.06425305215919278, 0.6489363666371128], [0.3071805834463022, 0.22473852334159322, 0.22125419972114546, 0.2468266933909591], [0.1253688968702623, 0.15360571900279235, 0.10393460403638653, 0.6170907799905588], [0.5000437609361098, 0.28491640724931017, 0.12254107271118835, 0.0924987590033917], [0.5003952830411693, 0.29879968464963763, 0.08560754102782034, 0.11519749118137271], [0.4538324142998185, 0.26265820662540534, 0.1669556485921406, 0.11655373038263553], [0.13756397672627552, 0.16336176162878185, 0.06298140576555501, 0.6360928557793876], [0.3732639308386892, 0.18191445143064328, 0.28175470649993245, 0.1630669111307351], [0.13403436048734654, 0.12991097045962563, 0.08653917062454072, 0.6495154983284871], [0.29891462467220264, 0.34946732291663785, 0.17031686767649093, 0.18130118463466857], [0.3403058850607244, 0.37375342089690966, 0.18215317617938362, 0.10378751776298233], [0.23376914508137192, 0.2567458710302582, 0.2230644937670014, 0.2864204900213685], [0.0999240904923916, 0.1453892184764556, 0.10309614547342694, 0.6515905454577259], [0.22796919939622468, 0.21415771541838066, 0.3369175195357052, 0.22095556554968943], [0.11754462516489507, 0.14401919709138736, 0.09298554529853006, 0.6454506323451875]], "ideal": "C", "sampled": "A", "correct": false}}
{"type": "result", "data": {"idx": 14, "options": ["Valid", "Invalid. Counterexample when H, I, and J are false", "Invalid. Counterexample when H and I are true and J is false", "Invalid. Counterexample when I is true and H and J are false"], "probs": [[0.05870671219054913, 0.5151390451986748, 0.211412385872518, 0.21474185663825804], [0.059221680564857306, 0.6075410563098871, 0.14206608379301286, 0.1911711792322427], [0.048846425440732553, 0.7291023406067927, 0.10669082799570381, 0.11536040585677093], [0.04041137756658532, 0.7867176942263895, 0.09250294898658312, 0.08036797912044207], [0.0682732789562951, 0.5454719296353417, 0.20066753172352092, 0.18558725958484226], [0.055137907067646104, 0.6116103806385281, 0.1924514073897683, 0.14080030480405745], [0.3554154985104553, 0.31365347372812896, 0.15771503979946125, 0.1732159878619545], [0.3778839110950241, 0.3232215344582632, 0.12856872378494127, 0.17032583056177142], [0.3230067587471881, 0.28063360690152517, 0.18119052590675805, 0.21516910834452868], [0.10480299044379908, 0.15980597495446575, 0.06258075357299134, 0.6728102809287438], [0.3123920717943811, 0.2714114067546184, 0.20809828302724104, 0.20809823832375945], [0.09590049617745994, 0.15087312121209243, 0.07705825394236282, 0.6761681285680848], [0.5396286168210208, 0.27995544252046656, 0.07078381521614138, 0.10963212534237125], [0.5671811783816649, 0.2807748359276442, 0.06774010609515771, 0.0843038794955332], [0.40166840551753125, 0.21166457549101292, 0.22182259291908096, 0.1648444259723749], [0.09778299618799653, 0.13158177426252204, 0.05930841978679966, 0.7113268096626817], [0.43022754143007474, 0.2529179117885945, 0.17934560506717603, 0.13750894161415475], [0.11207399808432729, 0.1630672109763815, 0.048961532642753526, 0.6758972581965377], [0.42451266398906917, 0.32043907759350815, 0.12354033715250254, 0.13150792116492013], [0.4603438835773307, 0.3264326951644414, 0.09499736591231453, 0.11822605524591338], [0.386190641299293, 0.22702997244024997, 0.20996839670321543, 0.17681098945724164], [0.10256267337965538, 0.13801355658581566, 0.06939742713472667, 0.6900263427998022], [0.37989255216059137, 0.29586100134482246, 0.1608567213723628, 0.16338972502222338], [0.1202085627518552, 0.17765736776666027, 0.06236343527367804, 0.6397706341078065]], "ideal": "D", "sampled": "A", "correct": false}}
{"type": "result", "data": {"idx": 15, "options": ["(\u2203x){Fx \u2022 (\u2200y)[Dy \u2283 (\u2203z)(Vz \u2022 Rxyz)]}", "(\u2203x){Fx \u2022 (\u2203y)[Vy \u2022 (\u2203z)(Dz \u2022 Rxyz)]}", "(\u2203x){Fx \u2022 (\u2203y)(\u2203z)[(Vy \u2022 Dz) \u2022 Rxzy]}", "(\u2200x){Fx \u2283 (\u2203y)[Vy . (\u2203z)(Dz \u2022 Rxyz)]}"], "probs": [[0.14734226902865977, 0.2930296746506223, 0.18337053605184694, 0.376257520168871], [0.13364039463142025, 0.2135620967606244, 0.1562420315874775, 0.49655547692047786], [0.16549179706594366, 0.3189979946742245, 0.1483454339797522, 0.36716477418007964], [0.16969888289882978, 0.4007825642598307, 0.12222951177543401, 0.3072890409659055], [0.12202406218828193, 0.18318449766649939, 0.18899574169877642, 0.5057956983464422], [0.1416628404071199, 0.23724503535304514, 0.2299422152153523, 0.39114990892448265], [0.17724680634682938, 0.17724843057337517, 0.2702695686804754, 0.37523519429932006], [0.11618352593673084, 0.12961435220126802, 0.13583260672050923, 0.618369515041492], [0.16552883014970882, 0.4570462899113205, 0.09141345861951033, 0.2860114212194603], [0.17181411511829545, 0.5460310022436253, 0.09637866240058161, 0.1857762201374976], [0.1262622922532658, 0.15961351989103634, 0.13027070461400997, 0.5838534831416878], [0.14841526302953773, 0.13726317472089072, 0.4097910698900789, 0.30453049225949264], [0.2270280251404094, 0.3007659389697298, 0.13139328870403455, 0.3408127470858262], [0.23389988690808394, 0.29567988045596133, 0.1353705287755002, 0.3350497037604545], [0.14404476868032753, 0.5269029571776134, 0.09156042341840084, 0.23749185062365827], [0.17175571490778788, 0.572041864844265, 0.09485232013370538, 0.16135010001424174], [0.23924535688783422, 0.3427064145960412, 0.12029992877457507, 0.29774829964154953], [0.2572653293352354, 0.23793320355420197, 0.2915205061144179, 0.21328096089614473], [0.0877584448947055, 0.15891377744660432, 0.2072587475514186, 0.5460690300072716], [0.09161371941575065, 0.17385572581912373, 0.26926893595004636, 0.46526161871507926], [0.1052857005969836, 0.2372708408770681, 0.13103065381493126, 0.526412804611017], [0.10384361290126301, 0.26517945130230425, 0.257017012555274, 0.3739599231411587], [0.11282081071782808, 0.41918891351807736, 0.125860809329524, 0.3421294663345706], [0.109403573780769, 0.3266248130965302, 0.26657939153165683, 0.29739222149104394]], "ideal": "B", "sampled": "C", "correct": false}}
{"type": "result", "data": {"idx": 16, "options": ["The university raises tuition.", "The governor approves of it.", "The board of trustees recommends it.", "None of the above"], "probs": [[0.18061585991686235, 0.34275237233120504, 0.1834602681134505, 0.2931714995384821], [0.20349909237593794, 0.45148503823061, 0.12151476809383906, 0.223501101199613], [0.14880336376122638, 0.41733362022835135, 0.20339016008160637, 0.23047285582881585], [0.12806911574410537, 0.37641971738717217, 0.136328754764145, 0.35918241200457746], [0.12043902573129807, 0.24712621242591787, 0.2672060330240686, 0.3652287287187155], [0.08711013197027763, 0.19326347110723005, 0.3040446042710482, 0.4155817925514441], [0.3296300943749048, 0.28194873471909815, 0.11938387454657468, 0.2690372962594223], [0.3559545039507145, 0.3343889786750905, 0.10040134262323643, 0.20925517465095858], [0.18385825775426462, 0.5156475824250574, 0.0953842983242212, 0.2051098613964568], [0.1612400537383241, 0.6278344894640473, 0.09478803581857462, 0.11613742087905397], [0.3503502047940763, 0.2904509089260738, 0.10685060121163624, 0.25234828496821365], [0.23989591357538104, 0.2020130634405818, 0.42766166366326325, 0.13042935922077392], [0.29362907784007414, 0.3275685881676887, 0.11144883101474738, 0.26735350287748977], [0.27956154523137733, 0.36461847473583536, 0.12405451946128852, 0.2317654604714988], [0.24154148453573607, 0.4173497165914571, 0.11771791164030344, 0.22339088713250335], [0.2253110605858979, 0.4921280819224289, 0.10980776950478231, 0.17275308788689092], [0.24844533563493773, 0.32403492358326996, 0.1415597603745581, 0.2859599803072342], [0.21777538760960227, 0.1833859344171443, 0.4005512833523315, 0.19828739452092192], [0.10600015554261126, 0.4325497754011038, 0.19496406795610952, 0.26648600100017544], [0.09690045108125529, 0.2634047646081723, 0.2253003932399872, 0.41439439097058517], [0.0857439526417321, 0.6045570643188667, 0.13917615140370218, 0.170522831535699], [0.07747683961946011, 0.39965857560134493, 0.36389170448910035, 0.1589728801900946], [0.03594009765310812, 0.7106882107651142, 0.10898695708398447, 0.14438473439779312], [0.04549172655758505, 0.6279977746573259, 0.1885580178476966, 0.13795248083739248]], "ideal": "D", "sampled": "C", "correct": false}}
