{"type": "result", "data": {"idx": 0, "options": ["temporary dipoles created by the position of electrons around the nuclei in a molecule", "the three-dimensional intermolecular bonding present in all covalent substances", "the uneven electron-to-proton ratio found on individual atoms of a molecule", "the electronegativity differences between the different atoms in a molecule"], "probs": [[0.8693766905725628, 0.055577395529321935, 0.008006679563696035, 0.06703923423441921], [0.8758886684019443, 0.06860492556688517, 0.01761917443149261, 0.03788723149967787], [0.8355901056868534, 0.06443373431271818, 0.010518524382591597, 0.08945763551783677], [0.8054271515548205, 0.09178936001839119, 0.025488963881396844, 0.07729452444539144], [0.7934199551134963, 0.13363378719341623, 0.01895328189835036, 0.05399297569473707], [0.7743802062631318, 0.12641397105531063, 0.012322627926575243, 0.08688319465498234], [0.0068725935317721625, 0.9886115199049147, 0.001005690424152997, 0.0035101960391601132], [0.009651938802755517, 0.9845378401396127, 0.001527171606330719, 0.004283049351301088], [0.1875454420056601, 0.2523725741419804, 0.29969943906496566, 0.26038254468739386], [0.14524398118259324, 0.22850426901107446, 0.05178834806093345, 0.5744634016453989], [0.2049075869307239, 0.288969533609631, 0.3652916983019333, 0.14083118105771175], [0.11960530824424878, 0.22345479946007982, 0.03024093196952355, 0.6266989602261478], [0.1643162473625145, 0.7250054937065827, 0.019933854558842005, 0.09074440427206074], [0.1754616012518122, 0.70490299072735, 0.030018001120858652, 0.08961740679997918], [0.15066942571086994, 0.04316776990458825, 0.6752586364070835, 0.1309041678774583], [0.12779867504974232, 0.07512991045636504, 0.05004664826585586, 0.7470247661280368], [0.258432228720588, 0.14050837906597494, 0.3216258824761363, 0.2794335096373007], [0.14391536794779944, 0.1331014315188727, 0.03638747279894851, 0.6865957276343794], [0.23950789598765623, 0.693045846753786, 0.020284175644080988, 0.04716208151447683], [0.20328824541910762, 0.7207247728248443, 0.012019186469759437, 0.06396779518628869], [0.3899057325302787, 0.14121519448582395, 0.36060605524170586, 0.10827301764219147], [0.2582701290664041, 0.22439099609792787, 0.027221446512605912, 0.49011742822306203], [0.33637975640569745, 0.13380297618353532, 0.3160007203501152, 0.213816546960652], [0.21008800163708813, 0.14215371143657107, 0.03026602258850861, 0.6174922642378322]], "ideal": "A", "sampled": "A", "correct": true}}
{"type": "result", "data": {"idx": 1, "options": ["70 pm, 1402 kJ/mol", "86 pm, 898 kJ/mol", "135 pm, 523 kJ/mol", "40 pm, 995 kJ/mol"], "probs": [[0.40918481955586117, 0.2641973236564446, 0.074518905192894, 0.2520989514948002], [0.43050268381608825, 0.26940957882775246, 0.06602052155829365, 0.23406721569786565], [0.4045586880220713, 0.21996117977377722, 0.1376457558698579, 0.23783437623429357], [0.3540870301680385, 0.2286232743723543, 0.09987594335087668, 0.3174137520087305], [0.4014350949888799, 0.20826753351192584, 0.11866527440954897, 0.27163209698964524], [0.38555126121739136, 0.24507848521457257, 0.07833035639621919, 0.2910398970718169], [0.49485504253583495, 0.2864060678314407, 0.052979029315038756, 0.1657598602176856], [0.46496090288280995, 0.29097175595234814, 0.05911357700233602, 0.1849537640625059], [0.41219980134715994, 0.23122907027121362, 0.1359302421661918, 0.22064088611543461], [0.3566383096469564, 0.23757906078720248, 0.07593315037375459, 0.3298494790920865], [0.36796345754812926, 0.19696300926380148, 0.16585631419763927, 0.26921721889042993], [0.38070497624017635, 0.22733500732681677, 0.061185281795982496, 0.33077473453702433], [0.41725057670213533, 0.2570688147367425, 0.11586742933327171, 0.2098131791278505], [0.3895390041126434, 0.267734895043504, 0.07914040392289874, 0.26358569682095384], [0.38547645164081473, 0.2608358937490187, 0.1374478082950893, 0.21623984621507722], [0.36399788742608796, 0.2705093182832305, 0.06839384526256559, 0.297098948928116], [0.32346865531547725, 0.17314726112541598, 0.20885068176088373, 0.29453340169822306], [0.3614927989550301, 0.19349964826107607, 0.13092533337916992, 0.31408221930472385], [0.3386812583468711, 0.3231824410349849, 0.10169162827514114, 0.23644467224300286], [0.3309435174072355, 0.341459892474393, 0.07384430451300714, 0.2537522855053644], [0.3368315398356253, 0.27492320534817904, 0.13398391007037236, 0.25426134464582323], [0.32391639092679414, 0.2814323776038618, 0.07574484903003481, 0.3189063823393093], [0.29846469321360547, 0.20195829851706606, 0.1867770115265474, 0.3127999966427811], [0.32497150745888237, 0.237761840929941, 0.10716506198973327, 0.33010158952144336]], "ideal": "A", "sampled": "A", "correct": true}}
{"type": "result", "data": {"idx": 2, "options": ["ionic bonding", "nonpolar covalent bonding", "covalent network bonding", "metallic bonding"], "probs": [[0.28697805738624943, 0.26541327636528445, 0.08483105644238882, 0.3627776097060773], [0.27192773196685205, 0.22194280226055027, 0.3437529946332295, 0.16237647103936817], [0.3017653181584115, 0.2790894764518378, 0.08249853427630406, 0.33664667101344664], [0.2362343354268274, 0.18982183213980175, 0.39562361184260114, 0.1783202204907697], [0.30649833029790147, 0.5463962161887249, 0.06838968650274367, 0.07871576691062994], [0.33689614374033977, 0.5217991354137593, 0.06844532336104939, 0.07285939738485146], [0.16589689253101772, 0.58816230291207, 0.07477629183975137, 0.1711645126171609], [0.18096263435219148, 0.5236393134720118, 0.14769929425879585, 0.14769875781700093], [0.18454296060104178, 0.12683632401585346, 0.4158807508582893, 0.27273996442481546], [0.19664151646564046, 0.15555850597009194, 0.28611563358519143, 0.3616843438790761], [0.18092756241132882, 0.22517116701096399, 0.3951889036973839, 0.19871236678032325], [0.1932495822881225, 0.3843278867545343, 0.1136065404773001, 0.30881599038004315], [0.1427192836857174, 0.6396310924844072, 0.06333188711963575, 0.15431773661023962], [0.16342158097907336, 0.4955776330677385, 0.20338466483613502, 0.1376161210170531], [0.14825787863766238, 0.10189743429052929, 0.5015572720050678, 0.2482874149667405], [0.1605400788784443, 0.12899920727510325, 0.3911854442916168, 0.31927526945483564], [0.16175299355278117, 0.29290132477342595, 0.40034961102473354, 0.14499607054905936], [0.1436779881716047, 0.5682641609220797, 0.0757135416917692, 0.21234430911454638], [0.5488484954212886, 0.3381367535291833, 0.049480589674069125, 0.06353416127545904], [0.5580987028718013, 0.33850531551982366, 0.04726619146934855, 0.0561297900390265], [0.25574099252822646, 0.17576981555343862, 0.4418871866652395, 0.1266020051530954], [0.3619113375377889, 0.26067699619950563, 0.08202548641503354, 0.2953861797476719], [0.2984241104495778, 0.16740314043741775, 0.43421214098972893, 0.09996060802327549], [0.39977985317001435, 0.27476637414998945, 0.0673342615746305, 0.2581195110053657]], "ideal": "C", "sampled": "A", "correct": false}}
{"type": "result", "data": {"idx": 3, "options": ["Ag+(aq) + Br-(aq) \u2192 AgBr(s)", "NH4+(aq) + Ag+(aq) \u2192 Ag(NH4)3+2(aq)", "Br-(aq) + NO3-(aq) \u2192 NO3Br(aq)", "NH4Br(aq) + NO3-(aq) \u2192 NH4NO3(aq) + Br-(aq)"], "probs": [[0.35325682686099646, 0.27511889149654806, 0.044911638567004225, 0.3267126429754512], [0.48819528550406105, 0.29151537142713263, 0.07370643097300086, 0.14658291199580542], [0.4347331967239417, 0.24386432091978455, 0.053569627853813216, 0.2678328544024606], [0.43690370857960403, 0.12323467248586288, 0.2302325333389998, 0.2096290854955333], [0.4254205353257972, 0.49736879753172114, 0.020528823747037066, 0.05668184329544457], [0.4480799090458847, 0.40165790175678806, 0.02776352843533328, 0.12249866066199397], [0.2819965428950172, 0.2567641388970868, 0.057291197448991665, 0.4039481206589043], [0.3929346027755626, 0.2920062113109491, 0.1587603319086668, 0.15629885390482148], [0.26482149364040153, 0.23370718431280316, 0.07828127417046953, 0.42319004777632574], [0.2284294149519236, 0.15456456973900787, 0.38857551247241034, 0.22843050273665821], [0.294213728835946, 0.5760504345295263, 0.03859258270208927, 0.09114325383243839], [0.3367165838001045, 0.45310664061699024, 0.03548972160507961, 0.17468705387782565], [0.20852497528680544, 0.39571691145094184, 0.06769828598564819, 0.3280598271766045], [0.2238677043750068, 0.2497446276111917, 0.3749109338633897, 0.1514767340504118], [0.21741084590309198, 0.27057623658919444, 0.07282363568394588, 0.43918928172376764], [0.18655181863374165, 0.14757620847012423, 0.4763818538790844, 0.1894901189170497], [0.10821147725555005, 0.8511623507943705, 0.01195285147852054, 0.028673320371558855], [0.0929572765196358, 0.8958528246941874, 0.003439313814828904, 0.007750584871347942], [0.5681981507291719, 0.26839831768717687, 0.04052199840723813, 0.12288153307641306], [0.5414982518235493, 0.24028902111465436, 0.04241344395471829, 0.1757992830070781], [0.5512029261125837, 0.2445953071627587, 0.03870050793831996, 0.1655012586863376], [0.550827873089094, 0.2406393641135714, 0.043144159979026084, 0.16538860271830857], [0.5256416651444443, 0.26021241388432864, 0.03807742101981696, 0.17606849985141007], [0.6520005269590533, 0.2436351405247258, 0.02649409244707251, 0.07787023996914837]], "ideal": "A", "sampled": "D", "correct": false}}
{"type": "result", "data": {"idx": 4, "options": ["W", "Sb", "Fe", "An"], "probs": [[0.0006958636987704376, 0.9952984477807603, 0.0006336028673732571, 0.0033720855530960663], [0.0006336881511080673, 0.9954559977972077, 0.0008395174745183642, 0.003070796477165828], [0.0005388389390758335, 0.0008884098962258454, 0.9896002929849633, 0.008972458079734943], [0.004693559489034893, 0.0009388233538389002, 0.08583676285958433, 0.9085308541975419], [0.0005230967825939968, 0.0015136511042678515, 0.9911796269682567, 0.006783625044881491], [0.0007407957725627268, 0.003070635367543107, 0.0008136144321391882, 0.9953749543277549], [0.9921033805381024, 0.005455933881734875, 0.0006415167478684971, 0.001799168732294159], [0.9932932254296638, 0.0047458896343509464, 0.0009345181770138557, 0.001026366658971367], [0.9878816011030065, 0.007425635589274849, 0.0009589329131475047, 0.0037338302945711366], [0.9935150150117275, 0.004600910005910728, 0.0008248934758118115, 0.001059181406549981], [0.994773978521813, 0.004129442582007953, 0.0004633107443573558, 0.0006332680518216182], [0.9969756993895774, 0.0026306442725959433, 0.00020604795138000193, 0.0001876082864466004], [0.0005340860823279368, 0.0014518090799946625, 0.9808717995358794, 0.017142305201797974], [0.002401456893483838, 0.0009404365721217806, 0.6870052168752806, 0.30965288955911374], [0.001317732757426366, 0.9932050562316594, 0.0009491414951020551, 0.004528069415812087], [0.0009363021898258286, 0.9952221598114308, 0.0008659513042971405, 0.0029755865944462354], [0.003026697129911886, 0.013995540530586206, 0.001807332181414128, 0.9811704300580878], [0.0006279705076518577, 0.003239332284529805, 0.9864618936294699, 0.009670803478348432], [0.00044202724866194314, 0.0005249290474165845, 0.99463794686299, 0.004395096740931436], [0.0007081771181793972, 0.000895284382832128, 0.0011859929708546298, 0.9972105454281338], [0.001062069585805898, 0.9962461990311509, 0.0007075018967178436, 0.001984229386325344], [0.0005971740316588403, 0.9985917557430076, 0.00022315052945232918, 0.0005879195958811496], [0.0007190626335417601, 0.0008407193804076076, 0.0015953318189238944, 0.9968448860671267], [0.0001439600690407261, 0.00016830878376350276, 0.9977914303021544, 0.0018963007450413312]], "ideal": "B", "sampled": "B", "correct": true}}
{"type": "result", "data": {"idx": 5, "options": ["0.33 atm", "0.40 atm", "0.50 atm", "2.0 atm"], "probs": [[0.37042050998052417, 0.28848748966420446, 0.13003067477191543, 0.2110613254833559], [0.35054078172306385, 0.2730047959858641, 0.21596380744258886, 0.16049061474848317], [0.3958055913677544, 0.22907673968949843, 0.1599206304402077, 0.21519703840253948], [0.3253553710446631, 0.22014912304616507, 0.23434688940247217, 0.22014861640669964], [0.2548833001237066, 0.4761908891178651, 0.1407611265070697, 0.12816468415135862], [0.26098717681020256, 0.458052369426438, 0.11763713551554096, 0.1633233181478185], [0.2814749777035572, 0.20917689798170683, 0.24076008794284293, 0.26858803627189304], [0.3228186166803663, 0.18108648599621238, 0.31781638612598095, 0.17827851109744036], [0.36724524347888216, 0.2604187247083863, 0.14608100708220434, 0.22625502463052724], [0.3259540199907505, 0.2008166610993794, 0.26603850719652544, 0.20719081161334463], [0.2338191831799102, 0.4950013086449622, 0.14405305467516513, 0.12712645339996242], [0.2391544293551146, 0.5062957148988996, 0.10949382173996265, 0.14505603390602317], [0.24010986386147096, 0.21862517433850023, 0.2516345568967476, 0.2896304048032812], [0.2239300839697877, 0.15632982084589073, 0.4453420207847255, 0.17439807429959603], [0.3502627208400366, 0.28587879875784966, 0.12685736634483846, 0.23700111395727522], [0.24715846037901085, 0.14758620714898632, 0.44061137908429426, 0.16464395328770856], [0.17490130213545957, 0.5303888040482377, 0.15195820639748947, 0.1427516873188132], [0.18953068192080869, 0.5747507556549599, 0.1242982744628034, 0.111420287861428], [0.3120035985394624, 0.3882987027242491, 0.1696342898899128, 0.13006340874637565], [0.30526679751204533, 0.385897368154083, 0.1375952213865014, 0.17124061284737027], [0.3428847235929269, 0.36500209827035696, 0.1619680105011612, 0.13014516753555497], [0.3554802185615032, 0.37254326976771107, 0.13492569124950227, 0.13705082032128343], [0.34399762233635556, 0.27212646195363, 0.2054113267840472, 0.17846458882596725], [0.39300200339201996, 0.27868163582876027, 0.20072671769042233, 0.12758964298879744]], "ideal": "C", "sampled": "D", "correct": false}}
{"type": "result", "data": {"idx": 6, "options": ["very soluble", "very electronegative", "isoelectronic with a noble gas", "highly colored"], "probs": [[0.446436100461601, 0.31166484484439505, 0.06431497536977253, 0.17758407922423144], [0.2664293845316553, 0.1641453592260933, 0.05584674119961807, 0.5135785149426333], [0.4711066080656431, 0.35009776759898487, 0.04381944885815321, 0.13497617537721882], [0.40745558268157156, 0.38277139257760834, 0.05020816120205487, 0.15956486343876522], [0.309246232949685, 0.15071705992840714, 0.07578414440929995, 0.46425256261260783], [0.32727215232615103, 0.23207427319990412, 0.10298085934526638, 0.3376727150286785], [0.5262242398265018, 0.2605013471431898, 0.06484342917618133, 0.14843098375412717], [0.2808284309657648, 0.15268635054495283, 0.057952429390618065, 0.5085327889986643], [0.5916346708663046, 0.2505141114393186, 0.050105543984864255, 0.10774567360951252], [0.593968826293224, 0.2594857590977868, 0.041702711330735096, 0.10484270317825405], [0.30232427370142134, 0.13841656112092543, 0.06852029386107125, 0.49073887121658194], [0.453709927377029, 0.204504800090891, 0.09510246485131439, 0.24668280758076563], [0.5413592537898757, 0.28527650659325793, 0.03860771713180281, 0.13475652238506355], [0.5242985564586528, 0.2850561780205846, 0.04042929470774499, 0.1502159707130177], [0.5820017163917461, 0.21747827171853898, 0.04630349072443664, 0.15421652106527825], [0.5669549555186042, 0.24006349710044028, 0.03798324887863417, 0.15499829840232138], [0.5573249168041743, 0.20502828480340662, 0.045038422078837084, 0.192608376213582], [0.5939226834466597, 0.17284129815818935, 0.03737920578015384, 0.19585681251499712], [0.13799335934361612, 0.11088309685299673, 0.08239987123381212, 0.668723672469575], [0.2026093869809944, 0.21907807557957942, 0.12878706858081604, 0.44952546875861016], [0.13962857735910764, 0.10539931293415497, 0.0783248486662156, 0.6766472609405217], [0.2612675032776282, 0.22001420629751672, 0.09462488089207978, 0.4240934094327753], [0.23987210569748332, 0.38935773400472995, 0.1031676052953667, 0.26760255490242], [0.277652142335633, 0.3678349824788274, 0.06804121234301891, 0.2864716627425207]], "ideal": "C", "sampled": "C", "correct": true}}
{"type": "result", "data": {"idx": 7, "options": ["no two electrons can have the same four quantum numbers", "no two electrons with the same spin can occupy an orbital", "no two electrons can occupy separate orbitals", "no two electrons can pair up if there is an empty orbital at the same energy level available"], "probs": [[0.15941554187569631, 0.2145186944499767, 0.06964353419409489, 0.5564222293802321], [0.1862769508001323, 0.1952184376768056, 0.14282382171620414, 0.47568078970685795], [0.13875706905995241, 0.1454170091429076, 0.08416049432391222, 0.6316654273732277], [0.11359522473900265, 0.07334296657837114, 0.11720129060458642, 0.6958605179780398], [0.1905449912465927, 0.18468400696543757, 0.08195245949139889, 0.5428185421965709], [0.12642374868961082, 0.11692340143575657, 0.04040748328325427, 0.7162453664913784], [0.18153978744865423, 0.24429032534081074, 0.048860762178538915, 0.5253091249319961], [0.23373829425664505, 0.23742144440018173, 0.07829252584620927, 0.4505477353969639], [0.1752205406033599, 0.4074043731868527, 0.04642887560717129, 0.3709462105026161], [0.19924901720750152, 0.21883377756722583, 0.21544006785741857, 0.3664771372678541], [0.15767064373634918, 0.6044198128289412, 0.025739045866169, 0.2121704974685406], [0.20423982502832524, 0.5381041624353313, 0.03334123926504078, 0.2243147731713026], [0.15553588816005565, 0.1935689405850704, 0.08196175659458829, 0.5689334145602857], [0.13368924558416848, 0.12172619796338235, 0.07617392730728667, 0.6684106290451625], [0.16922846876105885, 0.48209284008185865, 0.04699317115430063, 0.30168551990278186], [0.1729448509217029, 0.22911642955412176, 0.2896295954163006, 0.30830912400787475], [0.12930767357274184, 0.6073333080933626, 0.021779006547715106, 0.2415800116861804], [0.15854414705299824, 0.5620925812571705, 0.04135875994452158, 0.2380045116453096], [0.4351091834617312, 0.14574376748648962, 0.035162138501543094, 0.3839849104502361], [0.41623334289395575, 0.10524054164777973, 0.02138083150068857, 0.4571452838575759], [0.4705170935891552, 0.28538418128806686, 0.032019026546665726, 0.2120796984761122], [0.5335573434496436, 0.22592281332642938, 0.041143435933955114, 0.19937640718997196], [0.5437614331293263, 0.1684497150767709, 0.01860646720530007, 0.26918238448860266], [0.5762989944746276, 0.17576139639761584, 0.0392175454095263, 0.20872206361823026]], "ideal": "D", "sampled": "D", "correct": true}}
{"type": "result", "data": {"idx": 8, "options": ["Rb+", "Se2-", "As5+", "Sr2+"], "probs": [[0.19146000132225655, 0.3308203269332681, 0.1255653519142076, 0.35215431973026773], [0.16421791153478155, 0.30680622038781225, 0.08257544408995178, 0.4464004238874544], [0.21859828799865727, 0.42800342394596774, 0.08971434697037324, 0.2636839409850017], [0.19964320806918462, 0.37299230413139967, 0.07697080762681445, 0.35039368007260124], [0.19988275763675034, 0.35081185997863384, 0.07586810444240683, 0.373437277842209], [0.19936815352549442, 0.3236138949570005, 0.09271639846072191, 0.3843015529567832], [0.2094086824236214, 0.3733201864983813, 0.09292664984538748, 0.32434448113260983], [0.20666553952220099, 0.31024976637092855, 0.07844292882960618, 0.4046417651772643], [0.20979621295754036, 0.42381022955002534, 0.07963169661976162, 0.2867618607726727], [0.2040655387709542, 0.405841454605353, 0.08375047579499738, 0.30634253072869544], [0.18596814155280256, 0.31635063176380185, 0.06528208258209788, 0.4323991440012977], [0.18533185013257727, 0.3923555308452934, 0.07606161206659108, 0.3462510068555382], [0.27689103733391235, 0.4222152452903974, 0.08185104706778186, 0.21904267020790838], [0.2768911081738875, 0.33926116911265386, 0.08444933466589355, 0.29939838794756507], [0.271301746341278, 0.36508348580524275, 0.09230840205223156, 0.27130636570124766], [0.25790092922926916, 0.33637262139173707, 0.1042046644629194, 0.30152178481607433], [0.27152909059472485, 0.3379304559755855, 0.073082852643104, 0.31745760068658563], [0.2700695753588074, 0.40542868681881195, 0.07859672035824697, 0.24590501736413367], [0.20073461530585426, 0.34684482213366574, 0.07739159464062205, 0.37502896781985795], [0.20224019280318026, 0.318175663970611, 0.08974548905948922, 0.3898386540667195], [0.1543412391912355, 0.30695048657604784, 0.07066389330508742, 0.4680443808276292], [0.1914078166690515, 0.3205535196566278, 0.10737282061728448, 0.3806658429570362], [0.1892350152747714, 0.3426689777726814, 0.06747525134398871, 0.40062075550855847], [0.21887940840918726, 0.42855258175347116, 0.08438756001688219, 0.2681804497204594]], "ideal": "C", "sampled": "C", "correct": true}}
{"type": "result", "data": {"idx": 9, "options": ["the O\u2013H bonds in sulfuric acid are much weaker than in sulfurous acid due to the electron withdrawing of the oxygen atoms on sulfuric acid", "sulfuric acid has more oxygen atoms in its formula", "the sulfur in sulfuric acid is more electronegative than the sulfur in sulfurous acid", "sulfuric acid has the hydrogen atoms bound directly to the sulfur atom"], "probs": [[0.7121128823011417, 0.1946823091704978, 0.0338302542584011, 0.05937455416995936], [0.5585824125763446, 0.19917201548673744, 0.043073139117676504, 0.19917243271924148], [0.7073848618873952, 0.19039110234590195, 0.03108010528603496, 0.07114393038066788], [0.6988671913212954, 0.1880983682072062, 0.038214034758948016, 0.07482040561255042], [0.5586508040760035, 0.2557730731657616, 0.03984094499787762, 0.14573517766035726], [0.6650289345987369, 0.24465245188302384, 0.0331096577097868, 0.057208955708452386], [0.012785739911875418, 0.9844733257326501, 0.0009556094088050939, 0.001785324846669337], [0.011089968579170727, 0.982839114966701, 0.0021165909871781324, 0.003954325366950214], [0.023122150319427603, 0.027458511136752177, 0.9236244506752862, 0.025794887768533982], [0.030291986621496046, 0.06616567948491085, 0.04547382839744393, 0.8580685053961492], [0.013629045293265732, 0.01520439801986823, 0.955479505267899, 0.01568705131896698], [0.029853814848223033, 0.07161798538907548, 0.0395500518677283, 0.8589781477949732], [0.0668883608480184, 0.9233899962667063, 0.004144533917113742, 0.0055771088681615755], [0.0774641970134682, 0.9005189722197855, 0.010321264614490603, 0.01169556605225565], [0.020042707245608776, 0.019125077016598324, 0.9507540038430331, 0.010078211794759793], [0.0246526969597967, 0.047520357756628356, 0.0311640014381537, 0.8966629437454212], [0.03536692132554453, 0.0630491791841289, 0.884075821681585, 0.017508077708741496], [0.04980259119169991, 0.12717918363395295, 0.019200698364803415, 0.8038175267095438], [0.09918571946126711, 0.8703566196495072, 0.010618877396599141, 0.019838783392626604], [0.09900379555144413, 0.8824342890838305, 0.006737385241192659, 0.011824530023532686], [0.024569990202450917, 0.018546551533224792, 0.9365140233612607, 0.020369434803063597], [0.0447933188984193, 0.06517581430121647, 0.044793482811205855, 0.8452373838891584], [0.07144915444898539, 0.06817823029704767, 0.8177078517771851, 0.04266476337678188], [0.08165415010585753, 0.15255483301448408, 0.03797291794160625, 0.7278180988380522]], "ideal": "A", "sampled": "A", "correct": true}}
{"type": "result", "data": {"idx": 10, "options": ["0.0641 M", "1.64 M", "0.115 M", "0.400 mol/L"], "probs": [[0.1037356480852342, 0.11042759566394884, 0.2162052988789837, 0.5696314572718333], [0.09281301443937741, 0.057180908106577485, 0.5685526555619804, 0.28145342179206473], [0.12217694536555265, 0.20461036533393595, 0.07182450908750232, 0.6013881801130091], [0.10513201863096087, 0.0899253073155728, 0.4861309809354764, 0.3188116930179899], [0.11349464951810763, 0.43507769699514276, 0.22571396825440615, 0.2257136851323435], [0.12415168623196741, 0.47593132509309205, 0.19839636092602464, 0.20152062764891587], [0.13216445144056882, 0.2628442703560365, 0.10619778422391407, 0.4987934938794806], [0.1314925441459217, 0.12945564475718926, 0.4518430665232817, 0.2872087444736073], [0.13498342035851094, 0.1733244806354767, 0.15781258045048918, 0.5338795184555232], [0.1138891852036604, 0.09009477152943163, 0.5433399919625176, 0.2526760512043904], [0.11165374689978619, 0.6947448692140927, 0.07097232653568653, 0.1226290572504345], [0.11391046302638402, 0.6763297117173941, 0.08465216800760586, 0.12510765714861605], [0.14730006619522773, 0.40671319219925234, 0.032867301619498544, 0.41311943988602134], [0.15427169202215524, 0.1748150884930318, 0.40015524621776644, 0.27075797316704653], [0.12851807761065134, 0.09550766114325152, 0.31315676074674104, 0.4628175003993561], [0.11207827095998406, 0.0581459249636058, 0.5691845374045967, 0.26059126657181336], [0.13892310028337393, 0.6324253300734541, 0.09400124286657865, 0.13465032667659327], [0.11874098608811205, 0.6419173838923276, 0.08687365603675784, 0.15246797388280248], [0.2226867062920663, 0.4788581990801891, 0.07576588484061661, 0.22268920968712796], [0.21463211198436827, 0.3594472461497044, 0.1864776042882528, 0.2394430374776745], [0.2163773347890165, 0.31483135727885025, 0.19095401815924729, 0.27783728967288596], [0.22034157153722897, 0.3521097197147845, 0.18554800193993456, 0.24200070670805196], [0.24095590284588053, 0.4644609079779531, 0.10692447450939278, 0.1876587145667736], [0.2077251436420719, 0.5735544136652316, 0.06435078573628844, 0.15436965685640808]], "ideal": "C", "sampled": "D", "correct": false}}
{"type": "result", "data": {"idx": 11, "options": ["SF4", "PCl5", "BF3", "CO2"], "probs": [[0.4371384279203668, 0.29119743215498484, 0.14642227349108752, 0.12524186633356088], [0.3809804944364121, 0.36353579567023103, 0.0515598580948213, 0.2039238516985356], [0.38926275110588704, 0.4695415321438779, 0.06454566625062638, 0.07665005039960868], [0.41803657692933555, 0.4520067240441333, 0.04764072561055311, 0.08231597331597805], [0.3447541388671076, 0.3042456922080438, 0.09877308613426686, 0.2522270826905817], [0.29361784017699544, 0.2758293706524308, 0.2758273738968608, 0.15472541517371297], [0.23340640884793992, 0.5867884957121894, 0.07460084801607647, 0.10520424732379427], [0.23177234135419011, 0.5918581308768964, 0.0463572279658086, 0.13001229970310482], [0.3214983737593771, 0.2543281392298566, 0.28372142561582964, 0.14045206129493662], [0.26323898839586163, 0.3126070107920186, 0.07541903627896009, 0.34873496443315966], [0.26250744254508296, 0.22807225922557253, 0.26664075650053265, 0.24277954162881188], [0.24560265606573886, 0.23804772252515274, 0.2380457257695232, 0.2783038955395852], [0.2463878218532259, 0.5552481615371261, 0.06229624828211602, 0.136067768227532], [0.22569349574047542, 0.5946304245788562, 0.06074430838174382, 0.1189317711989246], [0.2914451447268491, 0.25321386016500635, 0.24542123808258, 0.2099197569255645], [0.2700011351434258, 0.3466913596434992, 0.07735639579248545, 0.30595110932058955], [0.2954819842204308, 0.2648698130710766, 0.20952718270005388, 0.23012101990843867], [0.24745092914832317, 0.2938570932175348, 0.16483714929307472, 0.2938548282410673], [0.13770594268141878, 0.5532179699362301, 0.07846214095344864, 0.2306139463289025], [0.11827472283777497, 0.5642609091199615, 0.1426659992791204, 0.17479836866314316], [0.15834040702278895, 0.3858237804708928, 0.18224820221258328, 0.27358761019373495], [0.20029620527983688, 0.3407172465411197, 0.1535717936345424, 0.305414754444501], [0.197966548750371, 0.3420572927558688, 0.2174229952091559, 0.2425531631846043], [0.17129561048082775, 0.39210184820393923, 0.1712950889401938, 0.26530745227503927]], "ideal": "A", "sampled": "A", "correct": true}}
{"type": "result", "data": {"idx": 12, "options": ["Fluorine has a very high electronegativity; therefore the H-F bond is stronger than any other H-X bond.", "HF is smaller than any other H-X molecule; therefore it exhibits stronger London dispersion forces.", "The dipoles in a HF molecule exhibit a particularly strong attraction force to the dipoles in other HF molecules.", "The H-F bond is the most ionic in character compared to all other hydrogen halides."], "probs": [[0.31189523770720123, 0.11474189014474445, 0.2143638394599388, 0.3589990325881155], [0.30819296374527794, 0.13049985272622672, 0.2850364105858019, 0.2762707728426934], [0.42655107176873247, 0.2627935511509875, 0.047857832318390456, 0.26279754466188954], [0.3909635659948501, 0.3344150284914052, 0.14159910801422537, 0.13302229739951935], [0.36413176491784527, 0.31636865358029076, 0.06528576009600096, 0.254213821305863], [0.35955658551435254, 0.29346781966135754, 0.20169684288868955, 0.1452787518356003], [0.07932711332744491, 0.6239718747709193, 0.12876191638044918, 0.16793909542118657], [0.08522947622789565, 0.6200209074586227, 0.09657864728859927, 0.1981709689248824], [0.08303290416435666, 0.6232124984305193, 0.14802406229249995, 0.14573053501262406], [0.0808717793535086, 0.5702160255137297, 0.14874779351420925, 0.20016440151855236], [0.09070791032873762, 0.4002351343161434, 0.24657509483687687, 0.2624818604182421], [0.07708185222780166, 0.2954923830295082, 0.28195861189197174, 0.3454671527507184], [0.16444787258911836, 0.5308595259637787, 0.0654135863014195, 0.23927901504568336], [0.1990861117776907, 0.5497143186121674, 0.12854215309910796, 0.12265741641103392], [0.1536256865593852, 0.10893954660218973, 0.38023437198872917, 0.35720039474969595], [0.12722218956768003, 0.10383826028985339, 0.4440582791692784, 0.3248812708731882], [0.1611706042302997, 0.3575861208913684, 0.34121108560146773, 0.14003218917686416], [0.140290473098151, 0.4059556247172792, 0.10104880037038734, 0.3527051017141825], [0.12045295562416064, 0.6614378295810498, 0.056016568475332935, 0.16209264621945663], [0.135088364204355, 0.6649545182757269, 0.10854886811821715, 0.09140824930170098], [0.1414338521726093, 0.11910294420395863, 0.41570752118475895, 0.32375568233867313], [0.12977460742042463, 0.10758993877348633, 0.2879214412924949, 0.4747140124135941], [0.16068263110874662, 0.28201707774535323, 0.403970831533047, 0.1533294595128531], [0.15814553435272333, 0.3145188139737861, 0.0974315121289739, 0.4299041394445166]], "ideal": "C", "sampled": "A", "correct": false}}
{"type": "result", "data": {"idx": 13, "options": ["3.8 \u00d7 10^-3 mol/L", "5.77 \u00d7 10^-3 mol/L", "1.97 \u00d7 10^-3 M", "9.9 \u00d7 10^-4 M"], "probs": [[0.30029461080159386, 0.15337886033501522, 0.2412979386835254, 0.30502859007986555], [0.2368537073621781, 0.13495791158157922, 0.2726219038783367, 0.355566477077906], [0.3323651948943723, 0.27988422748282826, 0.19539058788820998, 0.19235998963458945], [0.28917104433820323, 0.24351026478225135, 0.1344783326026181, 0.3328403581769273], [0.28321753637447217, 0.2205734086157887, 0.29221321891087093, 0.20399583599886822], [0.22241012086998208, 0.15286348303030706, 0.28558462004235735, 0.3391417759573535], [0.35017517727352965, 0.14827646534564196, 0.21573999843436764, 0.2858083588464608], [0.25624690029994707, 0.11916820225048928, 0.2903707092047843, 0.3342141881447793], [0.36796746750869674, 0.26921448911163676, 0.16585782662931978, 0.19696021665034674], [0.32410546651064603, 0.2298286075685775, 0.14159244086529835, 0.30447348495547816], [0.34457225630927274, 0.2993729501476413, 0.16276619321763636, 0.19328860022544955], [0.268109190372723, 0.19012183589277576, 0.2518690115616128, 0.28989996207288843], [0.30196716928491535, 0.2706865031644248, 0.15666065875124946, 0.2706856686994104], [0.2904017014570959, 0.2771071534640717, 0.16807385037758835, 0.264417294601244], [0.3320949722806561, 0.2668505350509246, 0.16185251117894556, 0.23920198138947374], [0.28235521909751216, 0.32499414679138366, 0.15113621948638173, 0.24151441452472247], [0.25205544010347014, 0.1328265239586702, 0.3339261164022263, 0.2811919194356333], [0.17132077385205935, 0.09761776465472866, 0.4657111673654343, 0.2653502940277777], [0.23083336419290426, 0.28728259446709015, 0.18548289047689429, 0.2964011507631113], [0.24821127578799437, 0.2601282557565876, 0.2190495696586432, 0.27261089869677485], [0.2504336517021439, 0.4065023927989723, 0.12205392775168934, 0.22101002764719446], [0.23758368545754682, 0.4105176092350881, 0.14867921393635042, 0.20321949127101463], [0.2156579941295496, 0.28570771214489116, 0.27262338993207297, 0.22601090369348625], [0.18188612161248002, 0.21265278754491973, 0.3790957927324762, 0.2263652980101241]], "ideal": "A", "sampled": "B", "correct": false}}
{"type": "result", "data": {"idx": 14, "options": ["The N-H bonds within the NH3 molecules break apart.", "The overall temperature of the solution rises as the NH3 molecules speed up.", "The amount of energy within the system remains constant.", "The hydrogen bonds holding separate NH3 molecules together break apart."], "probs": [[0.4877760086340699, 0.28230662728481476, 0.0358909574799274, 0.1940264065011879], [0.4753053990398434, 0.28829241413559054, 0.16684919716730282, 0.06955298955726319], [0.5409717801106713, 0.10164660668757083, 0.07672621651982886, 0.28065539658192906], [0.4976756982873516, 0.09063470770128058, 0.26225866887857524, 0.1494309250327926], [0.5609984784385413, 0.25286497721285534, 0.09597570090616742, 0.09016084334243585], [0.531289444138838, 0.2934097302725451, 0.04096879788183646, 0.1343320276067804], [0.16159369832418982, 0.7356317398826243, 0.024018985448785335, 0.0787555762444005], [0.23783532845839708, 0.5979330806402352, 0.09169488064153922, 0.07253671015982843], [0.06021402122716746, 0.023951691388938236, 0.8443277680249444, 0.07150651925894998], [0.08121284017153994, 0.03896678558075158, 0.7705354725237805, 0.10928490162392795], [0.33879321305354215, 0.4282841022140046, 0.12463630548905245, 0.10828637914340083], [0.2067653544292414, 0.5983070752853393, 0.03885040818828168, 0.1560771619971376], [0.03405622316430685, 0.8647154971528611, 0.042383885922130014, 0.05884439366070198], [0.04213435574944677, 0.6095706223831958, 0.28793957826596006, 0.06035544350139739], [0.04858613132867939, 0.33725870873527547, 0.5648033323794306, 0.04935182745661452], [0.0384825618470071, 0.5312421937174416, 0.38866523049113183, 0.04161001384441947], [0.05875100808100404, 0.38311062829171444, 0.37717019073198554, 0.18096817279529598], [0.049034729595049224, 0.5109610557045191, 0.20969668028641864, 0.23030753431401302], [0.3662000976032409, 0.4281398451229419, 0.12266245012239368, 0.08299760705142353], [0.31901639934431486, 0.5018931068119169, 0.04816465860246273, 0.13092583514130546], [0.26564639198922557, 0.19435468561684818, 0.46623097053553164, 0.07376795175839457], [0.3324424140320713, 0.31722508085186907, 0.061495982393285235, 0.2888365226227744], [0.1659606818659554, 0.04397575139378966, 0.6667309303459569, 0.12333263629429803], [0.24335296942511528, 0.06249914434116972, 0.2250657883220716, 0.4690820978116434]], "ideal": "D", "sampled": "A", "correct": false}}
{"type": "result", "data": {"idx": 15, "options": ["a strong acid", "a weak acid", "a weak base", "a strong base"], "probs": [[0.18859220336755916, 0.6686249125592508, 0.06416541843348514, 0.0786174655397049], [0.21120884382970503, 0.64048985711816, 0.07299197991976439, 0.07530931903237059], [0.18264216182789667, 0.6374915837604086, 0.0836198851382559, 0.09624636917343887], [0.20317876336926952, 0.4369084536592358, 0.22666348514674436, 0.13324929772475033], [0.21246030924579803, 0.3290684520869204, 0.29040020701365404, 0.16807103155362746], [0.1862127929739706, 0.3070160448244162, 0.30225473639326694, 0.20451642570834627], [0.10892254026295266, 0.8567510188132743, 0.015691852859764516, 0.018634587964008482], [0.11796135287409808, 0.8581184676699596, 0.011679805842528125, 0.012240373513414244], [0.22730152645373541, 0.20059535204245418, 0.4663972923646473, 0.10570582903916313], [0.21941094425228985, 0.34518656645521606, 0.15803659196162262, 0.2773658972308714], [0.27965538440878857, 0.18629253566074677, 0.45392892711113325, 0.08012315271933144], [0.28280576639319, 0.3519610113751444, 0.17976289717898866, 0.18547032495267696], [0.20326335093270081, 0.7094651087163903, 0.03587822285019535, 0.05139331740071349], [0.20980628624480976, 0.6564335137689137, 0.07364924228133339, 0.0601109576049432], [0.27023150144685076, 0.36363967436728406, 0.23847943473335104, 0.1276493893525141], [0.27347584817233533, 0.46520257823902755, 0.09018300466837463, 0.17113856882026252], [0.22107730474232243, 0.5303434650018433, 0.17217637340230005, 0.07640285675353427], [0.17005484184534914, 0.6220430870188798, 0.07546179909536664, 0.13244027194040442], [0.1467343961027159, 0.7569222167523927, 0.03888092044795712, 0.05746246659693434], [0.14012584349836313, 0.7694506787754544, 0.03380708086538278, 0.05661639676079973], [0.208994025373154, 0.45649199733752793, 0.20575498962229744, 0.1287589875670206], [0.19144731123830605, 0.5453911666946626, 0.13158032884982176, 0.13158119311720956], [0.14315597818221576, 0.6218519852571609, 0.09839012546144095, 0.1366019109991824], [0.15464308741153276, 0.611634309442017, 0.06651142934408687, 0.16721117370236335]], "ideal": "C", "sampled": "A", "correct": false}}
{"type": "result", "data": {"idx": 16, "options": ["at equilibrium there are more products than reactants", "the value of \u0394G\u00b0 is greater than zero", "the value of \u0394S\u00b0 is greater than zero", "the value of Keq is less than one"], "probs": [[0.09439172229944426, 0.8955667974772893, 0.003717612391698696, 0.006323867731567714], [0.07386624473163589, 0.9140490794840739, 0.005105835200004318, 0.006978840484285952], [0.0605702371919715, 0.03242101940815815, 0.862694455041066, 0.04431428825880438], [0.18036453356889576, 0.09806301407256957, 0.0408785900399986, 0.6806938622185361], [0.072859169538206, 0.0272255489565793, 0.8603023466042032, 0.039612934801011496], [0.11276593111278732, 0.07996345131531012, 0.060359336976733596, 0.746911280495169], [0.9668427653519188, 0.02742724833675059, 0.002018112337104141, 0.003711873874226408], [0.9572251050341192, 0.03125453613425768, 0.0036179771108827722, 0.007902381620740414], [0.9869903132302899, 0.009378424296594565, 0.0014382281228414089, 0.0021930342502742097], [0.973856838770868, 0.013891346196896222, 0.0017660866057554966, 0.01048572832648026], [0.9683904331847928, 0.02313302666619695, 0.002895439538425393, 0.005581100510584897], [0.948324317085694, 0.034542761538549085, 0.003815505863859692, 0.013317415411897196], [0.2528770622256184, 0.07833784992964653, 0.587960554331468, 0.08082453341326708], [0.32430674354014416, 0.09147525220012043, 0.02386272046268312, 0.5603552836970523], [0.10468753981958052, 0.8629525761079397, 0.011745650012270428, 0.02061423396020932], [0.10702831341965886, 0.8551043901539035, 0.011638823702120353, 0.0262284726243173], [0.3523168933700229, 0.07157774415521395, 0.021829957587565382, 0.5542754047871977], [0.04180499866826121, 0.011791666724742893, 0.9222083959958333, 0.024194938511162688], [0.18904017262207848, 0.04420493252515065, 0.7134335769266515, 0.05332131782611927], [0.13302960098496153, 0.08861725927334477, 0.03636834526208613, 0.7419847943796076], [0.07562656379385944, 0.9070394845980321, 0.007257675909433941, 0.010076275598674573], [0.10534837968481447, 0.8683993920646127, 0.008783725195792767, 0.017468502954780005], [0.2621151921836518, 0.08509666107176109, 0.024002568004230045, 0.6287855786403571], [0.03966411829599115, 0.010186614164090313, 0.9314132054287639, 0.0187360620111546]], "ideal": "A", "sampled": "B", "correct": false}}
