{"type": "result", "data": {"idx": 0, "options": ["P(t > 1.54) with df = 6", "2P(t > 1.54) with df = 6", "P(t > 1.54) with df = 7", "2P(t > 1.54) with df = 7"], "probs": [[0.37620252927657777, 0.20776048610160097, 0.13206060426196994, 0.28397638025985134], [0.3363131780194742, 0.1800166463666951, 0.10257054558650508, 0.3810996299273256], [0.34080373729630065, 0.234233390751402, 0.09463855482230092, 0.33032431702999643], [0.36140388246736915, 0.19958801565558593, 0.0832004696047552, 0.3558076321722897], [0.25399265447677366, 0.12573655323131833, 0.2206753110866203, 0.3995954811052877], [0.27217163821801854, 0.13264731666170337, 0.2401941197812534, 0.35498692523902464], [0.2745671272003265, 0.34709161516533354, 0.09944283961255328, 0.27889841792178666], [0.2298830139337381, 0.3910502428051334, 0.11030041337700844, 0.26876632978412], [0.24046826718530823, 0.1481506101363359, 0.25598147890364553, 0.35539964367471033], [0.2475857249065586, 0.18114038619705358, 0.13673124327177022, 0.4345426455246176], [0.269430893509078, 0.19105841853533048, 0.1880959635145935, 0.35141472434099796], [0.28445936094238977, 0.16208267693337255, 0.16463467967755369, 0.38882328234668395], [0.3336809525501691, 0.17042921227853083, 0.08704659212185813, 0.4088432429494419], [0.3985793471361173, 0.19124212289202736, 0.08486306413567611, 0.32531546573617925], [0.2777507222091347, 0.13966324507797132, 0.19695752270166866, 0.3856285099112253], [0.22451286350199853, 0.12206670822572012, 0.3216055083192475, 0.33181491985303385], [0.36141199695954646, 0.21581064366264857, 0.0988053322451651, 0.3239720270326399], [0.3314555659139006, 0.1830482076606735, 0.09797885486946638, 0.38751737145595955], [0.21337788122811804, 0.1636051261798619, 0.1421419701157223, 0.48087502237629776], [0.1692137829220854, 0.11813232782496118, 0.38133873679388725, 0.3313151523590662], [0.26143646627190703, 0.1610691124199062, 0.16618144758144354, 0.41131297362674324], [0.2752778745829596, 0.1695964583705208, 0.228217296928672, 0.3269083700178476], [0.263196488324441, 0.34327905087916055, 0.09989932551356066, 0.2936251351828378], [0.21881284143543858, 0.3840345499136647, 0.11176008151486623, 0.28539252703603046]], "ideal": "B", "sampled": "C", "correct": false}}
{"type": "result", "data": {"idx": 1, "options": ["0 to 31.7 minutes", "31.7 to 39.3 minutes", "25.3 to 44.7 minutes", "25.3 to 35 minutes"], "probs": [[0.1774551653142453, 0.08124585891276778, 0.2663950820598684, 0.4749038936131185], [0.18339052260869915, 0.07765316622354031, 0.40687536331017726, 0.33208094775758323], [0.20495692314617822, 0.10146206832232864, 0.32244689567792356, 0.37113411275356956], [0.15317343858618118, 0.09889731252235545, 0.39730750306332446, 0.3506217457281389], [0.26364347336040017, 0.17022264002051435, 0.2941191196147531, 0.27201476690433235], [0.2882642106682253, 0.19812294543605258, 0.19202734241908764, 0.32158550137663444], [0.32221182598019843, 0.1204029113234065, 0.22494176213740188, 0.3324435004589932], [0.43386509363685977, 0.13652258906604683, 0.21816230983098786, 0.21145000736610556], [0.4414125579785616, 0.1928403165523234, 0.13674396886399737, 0.22900315650511766], [0.2519093939342563, 0.11354573915849184, 0.4352664377303595, 0.1992784290768923], [0.4956747071392754, 0.25316729007362054, 0.09760464290575768, 0.15355335978134635], [0.47008492837489224, 0.17842568189467375, 0.18123519148749948, 0.17025419814293452], [0.24081672366808626, 0.13093116683051242, 0.3092183126316452, 0.31903379676975613], [0.32876230752588265, 0.1627503855103099, 0.24431757228543058, 0.2641697345783769], [0.351415078348992, 0.13761742821799697, 0.24152611913429772, 0.2694413741987133], [0.4454162285652519, 0.1664409736693067, 0.21371465282345534, 0.17442814484198604], [0.4020558177410098, 0.20216783276658667, 0.17024230447967223, 0.2255340449127313], [0.41997566666160907, 0.1922804420785221, 0.15940578582735832, 0.2283381053325105], [0.38439786430329603, 0.1370623856645851, 0.22247411308448017, 0.25606563684763867], [0.43234016198543146, 0.17743326193008932, 0.12386820839989658, 0.26635836758458264], [0.4262534912062581, 0.15438003606474304, 0.19822795391741038, 0.22113851871158846], [0.5113839354187293, 0.16863779219378094, 0.13763808792531715, 0.18234018436217259], [0.43404408245115617, 0.1647461130191795, 0.1500027693659314, 0.25120703506373293], [0.44029003733225336, 0.12813302109551475, 0.1645256778716024, 0.2670512636006295]], "ideal": "C", "sampled": "D", "correct": false}}
{"type": "result", "data": {"idx": 2, "options": ["The possible outcomes must all be numerical.", "The possible outcomes must be mutually exclusive.", "The mean (expected value) always equals the sum of the products obtained by multiplying each value by its corresponding probability.", "Approximately 95% of the outcomes will be within two standard deviations of the mean."], "probs": [[0.24049333688089358, 0.07567456939787123, 0.2682917355859566, 0.4155403580352786], [0.302298426597883, 0.10778784750814212, 0.20776796338864703, 0.3821457624053279], [0.43391453568895927, 0.15231780479341755, 0.19558097128728788, 0.2181866881303353], [0.33994102474627935, 0.18773256240397912, 0.12702687083404565, 0.3452995419156959], [0.4772088286704071, 0.198929846187148, 0.1455409486104255, 0.1783203764320194], [0.3056900823683747, 0.19430833805868014, 0.12545541296043403, 0.37454616651251116], [0.2574675640583724, 0.07376563438384731, 0.23079387497391243, 0.4379729264838679], [0.2985804587727091, 0.09543209982656488, 0.26764809284966673, 0.33833934845105923], [0.344441043385653, 0.0912675897958657, 0.35537694557268534, 0.20891442114579598], [0.25622659346372784, 0.12103274937925694, 0.1288389385622288, 0.49390171849478637], [0.3595133530589052, 0.14300458557977502, 0.32226882342062796, 0.1752132378406918], [0.21320161637334414, 0.12147883665647789, 0.12931370399913808, 0.5360058428710398], [0.37666808151903775, 0.17245135557225807, 0.10791690989559154, 0.3429636529131126], [0.2957836775419471, 0.22678620296791896, 0.26102880418756413, 0.21640131520256975], [0.38940811443464135, 0.14780278612538436, 0.1244624340742225, 0.3383266652657518], [0.28718680996367846, 0.1636346031154852, 0.21341986098002622, 0.3357587258408101], [0.19596485937636096, 0.09550597588884917, 0.5244364180967029, 0.18409274653808694], [0.25331505375608687, 0.10894956859007053, 0.417650567917467, 0.22008480963637556], [0.32085196965510954, 0.2876111459589304, 0.09939521924920264, 0.2921416650367574], [0.22081463365752654, 0.2502172030290667, 0.2748096029902307, 0.25415856022317607], [0.34880448805161934, 0.16999434663170795, 0.17815247870008652, 0.3030486865165862], [0.22114419934922347, 0.13413122294992, 0.26261654493566766, 0.38210803266518883], [0.141075937874843, 0.08038284568889643, 0.5667602377059522, 0.2117809786303084], [0.20244555173279957, 0.09713453053456755, 0.4562228023549667, 0.24419711527766616]], "ideal": "D", "sampled": "A", "correct": false}}
{"type": "result", "data": {"idx": 3, "options": ["If there is sufficient evidence to reject a null hypothesis at the 10% level, then there is sufficient evidence to reject it at the 5% level.", "Whether to use a one- or a two-sided test is typically decided after the data are gathered.", "If a hypothesis test is conducted at the 1% level, there is a 1% chance of rejecting the null hypothesis.", "The power of a test concerns its ability to detect an alternative hypothesis."], "probs": [[0.2747927760538635, 0.09496659289270065, 0.19792759874351523, 0.4323130322099206], [0.33626732727901154, 0.08370406304511926, 0.10581190295669156, 0.47421670661917764], [0.2699204566006459, 0.17427543972536827, 0.1107759773395731, 0.44502812623441274], [0.3546332358340868, 0.23257580466613667, 0.11878804912789237, 0.29400291027188413], [0.35946161856175424, 0.09088666329508091, 0.08809040045934974, 0.4615613175838151], [0.37777154508116434, 0.13897522868390225, 0.1550381435287486, 0.32821508260618476], [0.17342086263815498, 0.11734334465688756, 0.25232851690755653, 0.4569072756974009], [0.26446958388464475, 0.15306433463561483, 0.10356855750655486, 0.47889752387318557], [0.18979504985394116, 0.3178497003870703, 0.14326606902934055, 0.349089180629648], [0.23313471846286682, 0.36108890441240704, 0.08711674128433675, 0.31865963574038936], [0.22311874070250615, 0.09596270363257639, 0.2302033046569423, 0.45071525090797515], [0.21083175662662829, 0.07878240021016747, 0.3164985406864912, 0.39388730237671304], [0.34363176739270807, 0.11691559888922554, 0.08421113160826207, 0.45524150200980434], [0.45425129204908615, 0.15698579506580987, 0.09085650199598468, 0.29790641078911934], [0.3457153310387077, 0.10060944032372864, 0.19698417941060087, 0.35669104912696276], [0.4316875282350419, 0.12368116257970922, 0.08111220677701425, 0.3635191023082346], [0.4730149471807208, 0.1293156435262316, 0.11959756075439772, 0.2780718484386499], [0.42644756589723265, 0.10782332614913158, 0.08938878561489678, 0.37634032223873903], [0.38083089104474666, 0.1275630666150402, 0.07982699096435794, 0.4117790512758552], [0.38622172039202374, 0.19420557387250836, 0.12344473617693315, 0.29612796945853476], [0.32382223645588215, 0.08187547495240875, 0.2157139869989048, 0.37858830149280426], [0.30477270480922913, 0.08202880620136133, 0.2731987833703547, 0.33999970551905484], [0.3461392767956528, 0.2378992700651916, 0.13344947793565629, 0.2825119751034993], [0.3256116308128553, 0.2037638188326389, 0.10737610182213209, 0.3632484484323737]], "ideal": "D", "sampled": "C", "correct": false}}
{"type": "result", "data": {"idx": 4, "options": ["is seen more frequently than the other observations in the data set", "is seen less frequently than the other observations in the data set", "is always smaller than the other observations in the data set", "is significantly different from the other observations in the data set"], "probs": [[0.02349279710997397, 0.011272271530068621, 0.01199903564404497, 0.9532358956159124], [0.01032708032777901, 0.005192834918294882, 0.9442686155721653, 0.04021146908176074], [0.015486838483032707, 0.0028648416997427515, 0.038330594098063824, 0.9433177256191607], [0.0014187879163908119, 0.0007594271114823591, 0.9889937369181637, 0.008828047953963091], [0.02223092755106016, 0.9601806682931189, 0.005117885452382139, 0.012470518603438813], [0.009391626542271152, 0.9883924336203831, 0.000505580577543815, 0.0017103591598019165], [0.08283859162068853, 0.3890817658683639, 0.02062039367043149, 0.5074592487405161], [0.03160476862517347, 0.01800811738663413, 0.881355112172596, 0.06903200171559642], [0.02447191022922106, 0.0031603138789763874, 0.10967674653692747, 0.8626910292548751], [0.0012170345811220278, 0.0005748900831258639, 0.9918312259406953, 0.006376849295056858], [0.01786993045045978, 0.9756768797788086, 0.002004966808675314, 0.004448222862056332], [0.006482975408495188, 0.9927120214661105, 0.0002019852061506998, 0.0006030178192435996], [0.026677391936751817, 0.006745266610419405, 0.06919652580560862, 0.8973808155472202], [0.0028463149953121204, 0.0011681343930090276, 0.9821926002528795, 0.013792950258799385], [0.012755286765708763, 0.0029827323475328966, 0.41585427150571014, 0.5684077092810482], [0.0014451080392616639, 0.0006513650519968027, 0.9917235409196119, 0.006179985889129623], [0.007088517608887802, 0.9883012057077584, 0.0009897852926060143, 0.003620491290747757], [0.005797410566115872, 0.9903380386761469, 0.0008095051930427975, 0.0030550454646944636], [0.9713287839033261, 0.014073444437943594, 0.005511249014670785, 0.009086522544059514], [0.980337908918955, 0.013766961047439635, 0.0016964283850879633, 0.00419870154851737], [0.9724912583589427, 0.013445037334378443, 0.006867071571412206, 0.0071966326352666645], [0.9817214723174909, 0.013362218662302961, 0.001430551741505612, 0.003485757178700585], [0.9821691169866672, 0.010411257192301087, 0.0020183220559654024, 0.005401303665066339], [0.9812298528055725, 0.010731468098525146, 0.0019240544860838666, 0.006114624509818477]], "ideal": "D", "sampled": "D", "correct": true}}
{"type": "result", "data": {"idx": 5, "options": ["95 percent of the students in her school are from families whose income is between $35,095 and $45,005.", "There is a 95% probability that the families of all the students in this school have an income of between $35,095 and $45,005.", "If we were to take another sample of the same size and compute a 95 percent confidence interval, we would have a 95% chance of getting the interval ($35,095, $45,005).", "There is a 95% probability that the mean income per family in the school is between $35,095 and $45,005."], "probs": [[0.15478219666953036, 0.10976184567314408, 0.24351383160278775, 0.4919421259545378], [0.06811668976894916, 0.04067582043136031, 0.5112661909272437, 0.37994129877244687], [0.14731369252607698, 0.37036643753074405, 0.10610815407281306, 0.3762117157703659], [0.1852794504600504, 0.3102971772406414, 0.27383198107281925, 0.23059139112648896], [0.14599893039491094, 0.40947960348354334, 0.0942658146475543, 0.3502556513739914], [0.14836812681121675, 0.43609388627641027, 0.19965755339909763, 0.21588043341327534], [0.1723707446559811, 0.07530633175412248, 0.2213346675811408, 0.5309882559087556], [0.047494947630452165, 0.021076388323395725, 0.7314625317002994, 0.19996613224585272], [0.2029123945302501, 0.2605574888929757, 0.1069291550670619, 0.4296009614097123], [0.16760437679972826, 0.09112938694463511, 0.5326741615791416, 0.20859207457649506], [0.13335132001416586, 0.39195875557502124, 0.12333256943784089, 0.351357354872972], [0.14323579409860945, 0.5405915056765993, 0.1264092995750082, 0.18976340054978308], [0.27877500442775593, 0.0994031943325895, 0.10096613986550805, 0.5208556612741465], [0.24189629968149232, 0.09472996670006655, 0.3805635244721818, 0.28281020904625936], [0.28828979153143564, 0.09071683884335452, 0.09071496874777815, 0.5302784007774317], [0.1365912874888575, 0.06762014429519107, 0.5155135469444692, 0.2802750211714823], [0.36193862014461237, 0.3047876312310543, 0.09590445315021191, 0.23736929537412146], [0.353776040293483, 0.3323474848858028, 0.05096649416001464, 0.2629099805606996], [0.3170415593419509, 0.09519482651620009, 0.09669307114072673, 0.4910705429011223], [0.2873942000488271, 0.06933815879930315, 0.3690306896947945, 0.27423695135707526], [0.29902133119825475, 0.06568736533396687, 0.12661459946398443, 0.5086767039037939], [0.3303474347503817, 0.057406618240270914, 0.28701572017185334, 0.3252302267374941], [0.4035373477406582, 0.39112649887143, 0.06587610147696225, 0.1394600518109496], [0.5527755956182875, 0.28677801939687364, 0.03118558268749373, 0.12926080219734518]], "ideal": "D", "sampled": "D", "correct": true}}
{"type": "result", "data": {"idx": 6, "options": ["The probability of a Type I error and the probability of a Type II error would both decrease.", "The probability of a Type I error and the power would both increase.", "The probability of a Type II error and the power would both increase.", "The probability of a Type I error would stay the same and the power would increase."], "probs": [[0.42666866099535455, 0.18933484882205273, 0.09977210759798029, 0.2842243824846124], [0.41399841367031553, 0.1725814568487733, 0.19863978914300082, 0.21478034023791037], [0.4766550468174188, 0.13236329253996407, 0.10635672001274425, 0.28462494052987286], [0.3382173205441076, 0.10980432561286209, 0.12442424984838259, 0.4275541038946477], [0.4861769377699095, 0.2191385626573769, 0.1392926871637288, 0.15539181230898474], [0.40837902193284087, 0.15260202941726247, 0.08970986295941791, 0.34930908559047874], [0.5504069368766211, 0.2024848476034935, 0.08440809758957618, 0.16270011783030922], [0.4966619832314984, 0.17709150210151173, 0.20067063869037088, 0.12557587587661895], [0.46382334823738536, 0.16538295148149332, 0.1482480913252402, 0.22254560885588112], [0.49020646536793333, 0.16165391617428254, 0.188992688368951, 0.15914692998883312], [0.5749099614491977, 0.2936366973896104, 0.07541208404467534, 0.05604125701651658], [0.5344327488591016, 0.3093075338699734, 0.0690158579796135, 0.08724385919131142], [0.3970708905817001, 0.2408385610464561, 0.1655252451362375, 0.19656530313560627], [0.3778297220277763, 0.14118617456068477, 0.09115626458307897, 0.38982783872845994], [0.4087135906683862, 0.20551643344866488, 0.16005583880481672, 0.22571413697813222], [0.3749128859050338, 0.19450417118095698, 0.18851959617931913, 0.24206334663469006], [0.4745519827510017, 0.20410406891605778, 0.0864229513085332, 0.23492099692440732], [0.44397859437858045, 0.18799344633149362, 0.2097221252195288, 0.1583058339703971], [0.37984585758225464, 0.24911132452381018, 0.23770380017764564, 0.13333901761628952], [0.4553779464961727, 0.18113878772396713, 0.08293120002508549, 0.2805520656547747], [0.44195724171100415, 0.3607175347436325, 0.09558063782829161, 0.10174458561707175], [0.39448680546963905, 0.359187472682382, 0.08940884191290936, 0.1569168798350696], [0.4386462634161496, 0.19771540457589268, 0.09339411694954872, 0.270244214958409], [0.4718964906412755, 0.23728619084158795, 0.13520171351280535, 0.1556156049043312]], "ideal": "D", "sampled": "B", "correct": false}}
{"type": "result", "data": {"idx": 7, "options": ["It cannot be determined, because the mean heights for the two groups are different.", "It cannot be determined, because the standard deviations of the heights for the two groups are different.", "The man, because he is 74 inches tall and the woman is only 70 inches tall.", "The woman, because her height is 1.33 standard deviations above the mean height of all women, whereas the man\u2019s height is only one standard deviation above the mean height of all men."], "probs": [[0.010766738684923866, 0.022092205752681948, 0.4797927702369691, 0.4873482852254251], [0.017398337142819683, 0.022340094450481053, 0.8785448447346524, 0.08171672357204685], [0.04885693529824501, 0.10839715356643242, 0.1787131090571137, 0.6640328019782088], [0.06333171528442398, 0.11648924560805606, 0.3940719634342111, 0.42610707557330885], [0.06671332940052867, 0.812747166191751, 0.0527750692896894, 0.06776443501803088], [0.10163907945114267, 0.612985968296157, 0.09548240333787873, 0.18989254881482154], [0.01386098587872591, 0.03123670149518719, 0.3746412713566133, 0.5802610411694736], [0.01882215117950602, 0.027386320164776802, 0.8653873607296941, 0.08840416782602302], [0.05501501073560975, 0.14049037270487136, 0.17483953225933938, 0.6296550842001795], [0.06903427865048958, 0.1289773578415011, 0.3790816491926967, 0.42290671421531256], [0.0798070859692705, 0.7935409510730826, 0.058388770028275506, 0.06826319282937138], [0.10719032265096921, 0.6265725306071354, 0.09759935444811453, 0.16863779219378094], [0.04225394050626476, 0.046408313388797154, 0.13854691126773638, 0.7727908347372017], [0.07084156460425224, 0.10307702597633626, 0.5749209440599, 0.2511604652595115], [0.04943126025958275, 0.07656288659601189, 0.14757663999653622, 0.7264292130478691], [0.07395323420286663, 0.1615333718014159, 0.5726901334896953, 0.19182326040602216], [0.10814780660272134, 0.6943086333302596, 0.10647311726285387, 0.09107044270416521], [0.10935930068348802, 0.6195888291924794, 0.17751107676108258, 0.09354079326295005], [0.4475802280642935, 0.12624728114025183, 0.06652722954708121, 0.3596452611483735], [0.2530686930483441, 0.2611094492743406, 0.16086283803948975, 0.3249590195378255], [0.4099785119628599, 0.19366243623989182, 0.06692775388083953, 0.3294312978164088], [0.2713505463715913, 0.38869825665054414, 0.14753266288160194, 0.19241853399626263], [0.24975154547126374, 0.33608745523645944, 0.2038448690018398, 0.21031613019043702], [0.20593452451553937, 0.24455845353541963, 0.3787792622664281, 0.17072775958261288]], "ideal": "D", "sampled": "D", "correct": true}}
{"type": "result", "data": {"idx": 8, "options": ["There are different t-distributions for different values of df (degrees of freedom).", "t-distributions are bell-shaped and symmetric.", "t-distributions always have mean 0 and standard deviation 1.", "t-distributions are more spread out than the normal distribution."], "probs": [[0.32996847238911203, 0.1909732165451641, 0.26931574135364844, 0.2097425696120754], [0.3172031891445532, 0.17246396580902706, 0.14522772809561588, 0.3651051168508039], [0.3995747029635264, 0.38128141272538324, 0.10102906219967837, 0.11811482201141203], [0.3318197926004769, 0.3644381354552213, 0.18906731338197832, 0.11467475846232346], [0.36838232133797993, 0.2571770365507189, 0.07843362144789852, 0.29600702056340267], [0.3379640553705384, 0.3125694966557269, 0.22513554820301185, 0.12433089967072278], [0.15668048429950332, 0.18899645472652576, 0.26652682619191737, 0.38779623468205354], [0.15773457052121895, 0.16274709755421765, 0.14588206787614427, 0.5336362639484191], [0.20456522430312757, 0.23180726059784607, 0.28401591083642314, 0.2796116041626032], [0.18714631534295456, 0.32845907421227694, 0.24030455228355882, 0.24409005806120967], [0.1654426890040694, 0.11021133429042573, 0.22263109515891075, 0.5017148814465942], [0.18127477167224118, 0.22560375926622747, 0.2988775670229534, 0.2942439019385779], [0.5366287946901014, 0.23443763479714347, 0.0932525342591553, 0.13568103615359983], [0.48976996536125555, 0.23135350642274935, 0.14705651997049332, 0.13182000814550177], [0.5301743946309401, 0.1426954460973316, 0.17758761511549584, 0.14954254405623252], [0.519532286451911, 0.16094493093721135, 0.13135937442178405, 0.18816340808909357], [0.5474377543713925, 0.20778492342629856, 0.1300283443780842, 0.11474897772422465], [0.5466089085208469, 0.2208518319847319, 0.06841650400620485, 0.16412275538821638], [0.374106751677538, 0.1940869775557285, 0.07482634818519493, 0.3569799224815386], [0.39983503217975525, 0.25415269295274906, 0.22782114824821673, 0.11819112651927897], [0.35675920437765446, 0.12138264827486082, 0.19702309977424892, 0.3248350474732358], [0.37227006078796915, 0.17312290488883073, 0.29449434749097586, 0.16011268673222426], [0.46313477593055546, 0.3335861935934518, 0.11349638058964773, 0.08978264978634497], [0.42059735246131846, 0.3829634287514981, 0.07780318300674455, 0.1186360356804389]], "ideal": "C", "sampled": "C", "correct": true}}
{"type": "result", "data": {"idx": 9, "options": ["This study was an observational study.", "Lack of blocking makes this a poorly designed study.", "The placebo effect is irrelevant in this type of study.", "This study was an experiment in which the subjects were used as their own controls."], "probs": [[0.2844604040237043, 0.22502960933072969, 0.13648666846837684, 0.3540233180771891], [0.23610154661247537, 0.14320428877790628, 0.3489398643973338, 0.2717543001122845], [0.25852469377688253, 0.14502118958635865, 0.18332295664274176, 0.41313115989401705], [0.21250032203010108, 0.13936266509335365, 0.31900442118739514, 0.32913259158915015], [0.2724992496992392, 0.31364758688934885, 0.1843835523172741, 0.22946961099413782], [0.244777720786165, 0.3732457180509955, 0.15559131236373308, 0.22638524869910642], [0.24096435306046776, 0.18766595421344928, 0.1484549492449125, 0.4229147433811704], [0.2216847621670779, 0.14313204158507845, 0.32255320776595126, 0.31262998838189243], [0.22331684832911436, 0.11585693092016408, 0.1880530542876831, 0.47277316636303846], [0.20106315602861208, 0.10931732435047271, 0.4190565929100632, 0.270562926610852], [0.26883148343165125, 0.26466631097929527, 0.18476598902386543, 0.2817362164651881], [0.26435940667252394, 0.3670311460416705, 0.14599401812303386, 0.2226154290627717], [0.2208619365260546, 0.1403902086649609, 0.23881053499622604, 0.3999373197127584], [0.19524901486093924, 0.13845399639655412, 0.30717266976023627, 0.35912431888227037], [0.23432591904332317, 0.09922109691135936, 0.20043090282508483, 0.46602208112023263], [0.20120565741140486, 0.08387569399736772, 0.46056896786680307, 0.25434968062442437], [0.23986284910664504, 0.27180370830819006, 0.17548827484852664, 0.3128451676366383], [0.2730782248379432, 0.3192644321818439, 0.18477500422611814, 0.2228823386540947], [0.2728617611043772, 0.24459389943093443, 0.25633196185940016, 0.22621237750528822], [0.2820144891456877, 0.29555177685643114, 0.1849508583360734, 0.23748287556180775], [0.2992505222036363, 0.24045721410663048, 0.2122020635452876, 0.24809020004444562], [0.3378196954389353, 0.2935057878200757, 0.1364922523362043, 0.2321822643047847], [0.2788499766823462, 0.23117752827578797, 0.19773558386364978, 0.2922369110782161], [0.3410376259188907, 0.2456424795494831, 0.17148543637042857, 0.24183445806119766]], "ideal": "D", "sampled": "D", "correct": true}}
{"type": "result", "data": {"idx": 10, "options": ["It describes a process that creates estimates that are too high on average or too low on average.", "It describes a process that results in a sample that does not represent the population.", "It describes a lack of randomization in the sampling process.", "It describes a sample that is not representative of the population."], "probs": [[0.3634989017406032, 0.2701304892944943, 0.25376364964337156, 0.11260695922153095], [0.4157615768227234, 0.20905899355619373, 0.07571591537239021, 0.29946351414869266], [0.30934082536760565, 0.2687615075807774, 0.23718086665938157, 0.1847168002922354], [0.3737269416836529, 0.37961352585253644, 0.08338981368960627, 0.16326971867420437], [0.3184001171151297, 0.0657059331597689, 0.22578008638880936, 0.39011386323629205], [0.30090365931749075, 0.06714093189540139, 0.4733900603696448, 0.15856534831746305], [0.3087414296777685, 0.3842369432135718, 0.13916099484843159, 0.16786063216022806], [0.23541661130704078, 0.4681846007575835, 0.07524391431154188, 0.2211548735238338], [0.08195611271834628, 0.05049200468360127, 0.7191480558201069, 0.14840382667794552], [0.062257131794575135, 0.05409024141697711, 0.07627912411093164, 0.8073735025775162], [0.05499818466056479, 0.03721382785642794, 0.8081989167090856, 0.09958907067392168], [0.07121487812305932, 0.05292271901022733, 0.07347557057414181, 0.8023868321925716], [0.07571782396625748, 0.7183962081666491, 0.11016925751565668, 0.09571671025143677], [0.05737594929788904, 0.8431382241235809, 0.03647047680602206, 0.06301534967250803], [0.07251902831035667, 0.15352371676646612, 0.636339797828187, 0.13761745699499026], [0.06386321418023523, 0.08460559454343616, 0.07350623299973667, 0.7780249581765919], [0.011963587743335665, 0.008617073649751013, 0.9356582547244594, 0.043761083782453906], [0.024289471317226974, 0.014503987262161445, 0.1313077869662997, 0.8298987543543118], [0.041748145120803846, 0.8127402208264167, 0.06991524602992287, 0.07559638792285661], [0.042701180542819975, 0.8184057977900419, 0.06511173323883478, 0.07378128832830333], [0.039457961618993, 0.09318770397872889, 0.7681568206960943, 0.09919751360618383], [0.049054277837916126, 0.10384858001712544, 0.09164561637621542, 0.755451525668743], [0.01854898673293287, 0.017699641083108047, 0.8937480528761216, 0.07000331920783749], [0.03108485037932374, 0.025370879399401865, 0.19041823168466865, 0.7531260384366057]], "ideal": "A", "sampled": "A", "correct": true}}
{"type": "result", "data": {"idx": 11, "options": ["Halting the production process when sufficient customer complaints are received.", "Halting the production process when the tissue strength is below specifications.", "Halting the production process when the tissue strength is within specifications.", "Allowing the production process to continue when the tissue strength is below specifications."], "probs": [[0.2855805690543748, 0.5091058497566681, 0.08055218873368412, 0.12476139235527295], [0.29632802139215825, 0.5200749271621498, 0.09179868213504547, 0.09179836921064644], [0.29477060497071944, 0.11725238971548851, 0.32374498968489274, 0.2642320155288993], [0.27527218644142887, 0.08395394556943549, 0.11839376212375925, 0.5223801057653764], [0.4368199244889429, 0.35099654078711795, 0.1374523737348115, 0.07473116088912764], [0.4030053973242771, 0.3727216775748191, 0.08715663979309413, 0.13711628520780972], [0.7775911630091978, 0.10689292767399833, 0.04318868336254096, 0.07232722585426282], [0.7443762795068624, 0.11064191576799248, 0.06403467612714944, 0.08094712849799568], [0.7946908358711288, 0.12771869052694368, 0.029865586319656037, 0.04772488718227149], [0.7421300299896243, 0.1269637923268105, 0.06902911410492121, 0.06187706347864399], [0.7687636369648305, 0.17976682807190858, 0.027140795322413314, 0.024328739540847556], [0.7545398737487556, 0.17921935797091687, 0.0369840814863612, 0.029256686693966336], [0.20823703859330808, 0.07541892732982838, 0.476663682388261, 0.23968035158860249], [0.2461711855795374, 0.06730007630286437, 0.13176671160060924, 0.554762026416989], [0.1987944476511837, 0.7158913371628557, 0.04796171399599728, 0.03735250108996338], [0.1991380802863128, 0.6529545357568344, 0.09260852875476241, 0.05529885510209042], [0.22943355140775884, 0.1731870174234772, 0.0721949189829157, 0.5251845120858483], [0.3602699204818527, 0.28499944933636157, 0.25151120676896155, 0.10321942331282419], [0.672108198341132, 0.08544915486945878, 0.18089606539944098, 0.061546581289968205], [0.6454459668589145, 0.11216206520277941, 0.06593664235471357, 0.17645532548359247], [0.7653002852225965, 0.18754518309662624, 0.025781212756159872, 0.02137331882461734], [0.6947459682121022, 0.22555147002811532, 0.04511318408563176, 0.03458937757415073], [0.5405302896964376, 0.13666804758077314, 0.05521884582861271, 0.26758281679417656], [0.6183503730237809, 0.15153374905365435, 0.15392012549292575, 0.0761957523296389]], "ideal": "C", "sampled": "B", "correct": false}}
{"type": "result", "data": {"idx": 12, "options": ["75 - 0.30(14)", "75 + 0.30(14)", "75 - 0.4756(14)", "75 - 0.5244(14)"], "probs": [[0.3091573072786327, 0.17892823844955852, 0.3091628505105137, 0.20275160366129508], [0.32528236020408136, 0.19729540946156626, 0.2573237678550089, 0.22009846237934352], [0.4141555962423243, 0.3077760590636505, 0.08546715846597078, 0.1926011861280544], [0.4400751494854064, 0.2283101771564301, 0.13633106918780033, 0.1952836040703632], [0.412647896775348, 0.2880767838655407, 0.09499847746437785, 0.2042768417947334], [0.4314998428688181, 0.18851049609024736, 0.18851137525870532, 0.19147828568222922], [0.2610539197660699, 0.2198325395364274, 0.29581978914163687, 0.2232937514558658], [0.27094642690414195, 0.2391124970010721, 0.25453598767739366, 0.23540508831739232], [0.2763249452288565, 0.25159998600947237, 0.285102712255397, 0.18697235640627416], [0.2978527754887282, 0.2508212849002212, 0.1342557330517107, 0.3170702064593399], [0.27662839246181253, 0.24034201022030505, 0.2899100650597252, 0.19311953215815722], [0.28559943605190424, 0.24050283071224662, 0.15528107946629593, 0.31861665366955316], [0.49664632591063607, 0.18270649422457247, 0.08235287104512223, 0.23829430871966922], [0.43129821322126954, 0.17155992471767711, 0.23086086715354, 0.16628099480751332], [0.43460844257921394, 0.17287621415543966, 0.1598853069349772, 0.23263003623036918], [0.40362783113589806, 0.1735994426553031, 0.15806521867902565, 0.26470750742977317], [0.43680483372647794, 0.19998534021652672, 0.19998723266413915, 0.16322259329285618], [0.46455298599995526, 0.23359341297173372, 0.1020507328874168, 0.1998028680408942], [0.49021228047299115, 0.17208122820739954, 0.09503298039455375, 0.24267351082505553], [0.3879942181916204, 0.159234131581532, 0.2751338697654883, 0.1776377803613593], [0.41605696697927796, 0.17343935627155638, 0.17344057816679237, 0.23706309848237328], [0.3830546324151769, 0.1726577081311628, 0.17265898963098714, 0.2716286697226732], [0.4456372459817099, 0.25791717726023017, 0.14243674913576798, 0.15400882752229195], [0.43961368316824984, 0.2625072080381626, 0.10280053622888312, 0.19507857246470445]], "ideal": "D", "sampled": "C", "correct": false}}
{"type": "result", "data": {"idx": 13, "options": ["increases the interval size by 9%.", "decreases the interval size by 9%.", "increases the interval size by 57%.", "decreases the interval size by 57%."], "probs": [[0.2661496658930813, 0.4527430168422859, 0.18008817462180962, 0.1010191425428231], [0.24845505128484513, 0.4096414805485669, 0.2446068412507372, 0.09729662681585073], [0.3188577795050237, 0.30905183225605376, 0.2261063388924293, 0.14598404924649327], [0.20743218989527995, 0.2971386147949365, 0.2879946062274444, 0.20743458898233916], [0.27222429751298755, 0.2365168062000989, 0.36064389051197787, 0.13061500567493567], [0.2336155036683413, 0.24103690734855532, 0.2647255203026738, 0.2606220685804296], [0.23849969389140707, 0.3752186484194495, 0.24607431152760983, 0.14020734606153357], [0.2684301235682961, 0.38451397530510567, 0.23689239939970144, 0.11016350162689681], [0.2426561153088164, 0.19805321390515718, 0.3817585465192289, 0.17753212416679748], [0.23515351114305721, 0.20430818198068307, 0.35301396247194655, 0.20752434430431319], [0.26700679058085985, 0.37654530611934084, 0.21792634861140592, 0.1385215545883934], [0.2328297679315101, 0.32325748087597095, 0.24784842500366483, 0.19606432608885407], [0.2573953568677999, 0.3009306192097141, 0.23805516955856143, 0.20361885426392462], [0.2739523350918522, 0.32028621431962545, 0.23432572183649938, 0.171435728652023], [0.2550240310785873, 0.2889839582740738, 0.251072779336664, 0.20491923121067487], [0.24530791685569123, 0.21313130377043402, 0.4238599741662378, 0.11770080510763699], [0.2871865033816207, 0.45181310172331235, 0.1586008220752425, 0.10239957271982443], [0.3056405921013178, 0.41128901478243374, 0.18538192435978632, 0.09768846865646219], [0.2573323287905067, 0.17142208174275886, 0.4377430146158542, 0.1335025747508802], [0.2715961675312149, 0.23596930853107193, 0.3327706207415079, 0.15966390309620523], [0.29632622000592035, 0.33057865497144345, 0.20687063036280445, 0.1662244945598317], [0.2854070748224678, 0.3722440412937104, 0.18717547316990543, 0.15517341061391637], [0.32750574727078735, 0.3653622676174735, 0.18086728990854026, 0.1262646951031989], [0.3039192968272965, 0.39638836664424537, 0.1843377867282539, 0.11535454970020417]], "ideal": "C", "sampled": "D", "correct": false}}
{"type": "result", "data": {"idx": 14, "options": ["The number of tosses before a \"5\" appears when tossing a fair die.", "The number of points a hockey team receives in 10 games, where two points are awarded for wins, one point for ties, and no points for losses.", "The number of hearts out of five cards randomly drawn from a deck of 52 cards, without replacement.", "The number of motorists not wearing seat belts in a random sample of five drivers."], "probs": [[0.30612802502431885, 0.2204997539299764, 0.3310084938671982, 0.14236372707850656], [0.19691457462213643, 0.1710880471108512, 0.1291414441422971, 0.5028559340247153], [0.3672743603491536, 0.21591238150429995, 0.226273159344509, 0.1905400987020374], [0.2398557400442078, 0.1501017235084535, 0.15486450722553177, 0.45517802912180694], [0.16960194352374325, 0.11298196029157359, 0.4005537897319195, 0.31686230635276363], [0.1459605617546813, 0.11191453199905295, 0.4426288075421563, 0.2994960986041094], [0.2607928397636314, 0.32968257380634275, 0.24885362761868668, 0.1606709587113392], [0.1566066145740305, 0.21074427662172496, 0.11105225979171307, 0.5215968489125314], [0.3532649138185981, 0.33709539486503565, 0.1320060550441189, 0.17763363617224737], [0.3691295522503062, 0.28302873232472625, 0.10575802272089313, 0.24208369260407442], [0.14547388470914402, 0.15486124387118202, 0.18389877949155353, 0.5157660918281204], [0.24725243078303763, 0.18374821268049887, 0.354180300883097, 0.2148190555533665], [0.4052398023241918, 0.16631192713898596, 0.24579209478161085, 0.18265617565521133], [0.28621887736607315, 0.13520292655095797, 0.1211938370220319, 0.45738435896093693], [0.39532142249692576, 0.2149356880530766, 0.25524129002172147, 0.1345015993282761], [0.43119783168886644, 0.21682326978116973, 0.1024189539691971, 0.24955994446076674], [0.2666640797984941, 0.1183337235829, 0.2505106553032628, 0.3644915412153431], [0.2632423521355741, 0.1080360662216959, 0.447797010147629, 0.18092457139510099], [0.19495131363932813, 0.20114535391025976, 0.3019521877158555, 0.3019511446345565], [0.13039170009990417, 0.13244911829623626, 0.3656996433711974, 0.37145953813266214], [0.18428875778692985, 0.251901928338579, 0.24036401866005305, 0.3234452951144381], [0.23584286866213805, 0.3173719346205913, 0.26310798523179163, 0.18367721138547902], [0.1956676335238163, 0.186712333937322, 0.2633042852822605, 0.35431574715660114], [0.24847369263777455, 0.17897293236511744, 0.32407689574214893, 0.24847647915495905]], "ideal": "D", "sampled": "C", "correct": false}}
{"type": "result", "data": {"idx": 15, "options": ["I only", "II only", "III only", "I and II"], "probs": [[0.28434839418148067, 0.42024471725426715, 0.09377102413177027, 0.20163586433248193], [0.2284248654081215, 0.37661377152929243, 0.31223083004557317, 0.08273053291701284], [0.3044059091653219, 0.3970250932857147, 0.09578837065142545, 0.20278062679753794], [0.22185016998517318, 0.3382860027383836, 0.3382927678659681, 0.10157105931047507], [0.2549019734686374, 0.5926724031520849, 0.09982338472334153, 0.05260223855593611], [0.24505896863870974, 0.5878747105010574, 0.0990154147049117, 0.06805090605532108], [0.16705032932502947, 0.5065870209040244, 0.14289076411948073, 0.18347188555146537], [0.14183034646103987, 0.41040799551626767, 0.34560445867870526, 0.10215719924398717], [0.1479630448079704, 0.5005643888723311, 0.17299252488980504, 0.17848004132989345], [0.14524321256615652, 0.44045355911618717, 0.27997410294594055, 0.1343291252717157], [0.14475142111305672, 0.6487461617869857, 0.13812654336471378, 0.06837587363524375], [0.1282727569213387, 0.6616980432802352, 0.11320310829937916, 0.09682609139904694], [0.14600191824185413, 0.4427540697686843, 0.1628818657427745, 0.24836214614668706], [0.12836692843444178, 0.3832397048316704, 0.3600254845251581, 0.12836788210872968], [0.14415731380225175, 0.38579283416319615, 0.21305764257009724, 0.2569922093644548], [0.11957182288569226, 0.3053420668035107, 0.4239322980839654, 0.15115381212683163], [0.14908620602572556, 0.5715172247649133, 0.19444954248473495, 0.08494702662462617], [0.16020139811521036, 0.5952325970049629, 0.14586816509295897, 0.09869783968686775], [0.2369737546497167, 0.6051457704041969, 0.11194087152377546, 0.04593960332231091], [0.2513661030123227, 0.5844556558041916, 0.1098162507197061, 0.05436199036377962], [0.3078196770490776, 0.4142238563877453, 0.21828274697027844, 0.05967371949289871], [0.2996818952033822, 0.4569681780260961, 0.14605676799915251, 0.09729315867136923], [0.2815685930917161, 0.45703838292495075, 0.19657203992514144, 0.06482098395819172], [0.32030693764422397, 0.5039208230515563, 0.11069765026072442, 0.0650745889434954]], "ideal": "D", "sampled": "D", "correct": true}}
