{"type": "result", "data": {"idx": 0, "options": ["It demonstrates the difference between the internal and the external aspect of a rule.", "It refutes the natural lawyer' view of the role of morality in law.", "It explains the nature of power-conferring rules.", "It illuminates the concept of a rule."], "probs": [[0.7081695145541846, 0.06690877625490121, 0.06690772572304497, 0.15801398336786918], [0.18355454864510407, 0.026444282617269003, 0.7490446106368933, 0.040956558000733605], [0.7751646098849216, 0.059775241158701115, 0.028235644309644935, 0.13682450454673228], [0.6870701959568895, 0.06491466659339813, 0.16066523014388098, 0.08734990720583138], [0.6752252947719652, 0.19959832056707585, 0.05288820908437077, 0.07228817547658813], [0.6379607414257445, 0.2136916698851825, 0.06724101404532443, 0.08110657454374846], [0.044608291635799116, 0.7428681296210594, 0.1104117773056053, 0.10211180133753617], [0.04926702245752808, 0.3584272140634519, 0.425634643144253, 0.16667112023476705], [0.06259096319957072, 0.08827821032895691, 0.5159987729868057, 0.33313205338466667], [0.04928583150236373, 0.05498983567057188, 0.3316123994805349, 0.5641119332465295], [0.042600581142538264, 0.11401652223283282, 0.5612073153145922, 0.28217558121003666], [0.055367344140867365, 0.14589258786891865, 0.24815498926082027, 0.5505850786293937], [0.16697070498497618, 0.4132876816958463, 0.10287139125246442, 0.3168702219667131], [0.17479248864072508, 0.3317144611657087, 0.21416880826503565, 0.2793242418285306], [0.08706886223128503, 0.04049364059206875, 0.5334015428478903, 0.3390359542287559], [0.0579907707259239, 0.03056143583489394, 0.4025614296807677, 0.5088863636584144], [0.17839565605531857, 0.2326846534871135, 0.3082562340747579, 0.28066345628281003], [0.12456581366502763, 0.25964317496931427, 0.14563927486987682, 0.4701517363957813], [0.35216437979623816, 0.5627718441496125, 0.034329469476273876, 0.05073430647787553], [0.38801958719464175, 0.5221463382972208, 0.044917631387864636, 0.04491644302027283], [0.12842146661224382, 0.039167634769544754, 0.7275956299721011, 0.10481526854611026], [0.2845521260343845, 0.06058799079725747, 0.10633133311128004, 0.5485285499570779], [0.429014331491817, 0.17334135133293385, 0.22964045745282421, 0.16800385962242492], [0.37925171283190207, 0.12507058492437126, 0.065905391181295, 0.4297723109624317]], "ideal": "D", "sampled": "A", "correct": false}}
{"type": "result", "data": {"idx": 1, "options": ["It is misinterpreted as a prediction.", "His concept of status is misrepresented.", "It is taken literally.", "His idea is considered inapplicable to Western legal systems."], "probs": [[0.4530398333558365, 0.35283330736568286, 0.13184905296454566, 0.06227780621393499], [0.43759746659186877, 0.3303233185176533, 0.07604642438266442, 0.15603279040781354], [0.4561732488032522, 0.42854572243020655, 0.07218166090436576, 0.043099367762175496], [0.45064118835771666, 0.4103222817541288, 0.09300047972613758, 0.04603605006201688], [0.476729012631323, 0.3328201223997266, 0.07543368749212415, 0.11501717737682626], [0.4463925609321876, 0.311638292136489, 0.18609672574965033, 0.05587242108167307], [0.14356774296805375, 0.6536235820333974, 0.12474902347726646, 0.07805965142128232], [0.1100763785751767, 0.6536403492524354, 0.09270536429865052, 0.14357790777373733], [0.15528337424508537, 0.5013099833626417, 0.222464885950717, 0.12094175634155598], [0.1576262519994426, 0.6332934326763524, 0.12470629901202702, 0.084374016212178], [0.1476747100462309, 0.25518917716460965, 0.3952769452972108, 0.20185916739194867], [0.14042581825678702, 0.21751444363675607, 0.4902169478971833, 0.15184279010927365], [0.0868053745533848, 0.8366249907975252, 0.04794319036049471, 0.028626444188595262], [0.08508554670864901, 0.8329590983553431, 0.057577206499054234, 0.024378148336953627], [0.1604427420998518, 0.5020169094003428, 0.24467891816849865, 0.09286143023130666], [0.23360132200769054, 0.543164682553737, 0.14619852927799035, 0.07703546606058215], [0.1688990072244936, 0.30111534746475954, 0.4381535546708146, 0.0918320905399322], [0.26655569471319507, 0.475211259114821, 0.16169005510315132, 0.0965429909688326], [0.03406047926774484, 0.8515014577493522, 0.05275996361160464, 0.06167809927129841], [0.04310385124515932, 0.8392134153706974, 0.0710747029345454, 0.04660803034959788], [0.06844046813221533, 0.3020094677803325, 0.44638291662018437, 0.1831671473672678], [0.06536067729412526, 0.3217475270122023, 0.46091628989812694, 0.15197550569554555], [0.06385292999969251, 0.2999345428927092, 0.4945405235661861, 0.14167200344141215], [0.06776157222790129, 0.5854365403494877, 0.21203396354086684, 0.13476792378174418]], "ideal": "A", "sampled": "A", "correct": true}}
{"type": "result", "data": {"idx": 2, "options": ["Depression of the 1930", "The rise of Fascism", "The international recognition of human rights after World War II", "The Bolshevik Revolution"], "probs": [[0.13397909906392133, 0.10273562926893534, 0.5912406596776524, 0.1720446118894909], [0.1473440389734985, 0.13843229514788305, 0.12216655254756556, 0.5920571132310529], [0.12483151629825193, 0.7072898112463145, 0.07935501669849988, 0.0885236556569337], [0.1247498201798541, 0.8135326008849283, 0.029173186682910406, 0.03254439215230723], [0.0832057495980802, 0.06480755628801337, 0.11023833032479227, 0.7417483636891141], [0.09883423213548975, 0.06482384139442596, 0.6969544265951538, 0.1393874997749304], [0.11134097974447432, 0.10792639325311895, 0.6308953133395018, 0.1498373135629049], [0.1626340436576539, 0.16781426839480823, 0.10178532374537391, 0.567766364102164], [0.03518337913325467, 0.9217806869619503, 0.025343508658713827, 0.017692425146081204], [0.03230793964870752, 0.9591782659337194, 0.004654804519452416, 0.003858989798120685], [0.09855296828927164, 0.09259304748268779, 0.1456652039764146, 0.663188780151626], [0.04958421714890417, 0.03252823135690101, 0.8521859652126492, 0.06570158618154553], [0.49313813810437435, 0.26397207573375925, 0.09711230617619221, 0.1457774798856742], [0.6677547642833201, 0.21679510012488906, 0.04615873808578946, 0.0692913974060013], [0.379842037224902, 0.4304467077056261, 0.08087971685197216, 0.10883153811749974], [0.6648607550579378, 0.2408085125805363, 0.04385545300352648, 0.05047527925799942], [0.7512946444261303, 0.14564993433501905, 0.05793566785413073, 0.045119753284719934], [0.7990100919475092, 0.12063785551296898, 0.04578959162232154, 0.03456246081720032], [0.06374745450261259, 0.08315341669403961, 0.11189088891167445, 0.7412082397916734], [0.06653779794011074, 0.08027134149666099, 0.7382116968058317, 0.11497916365739658], [0.07024333951704571, 0.08474187046980597, 0.14641453941701757, 0.6986002504961307], [0.026301425535613782, 0.025501441777959846, 0.8990471563121278, 0.0491499762742985], [0.018482986508718376, 0.9481192658505686, 0.021275430539140838, 0.012122317001572208], [0.01654047160138211, 0.9614966591356602, 0.012683513679345828, 0.009279355483611893]], "ideal": "C", "sampled": "C", "correct": true}}
{"type": "result", "data": {"idx": 3, "options": ["There is no distinction between the two forms of legal reasoning.", "Judges are appointed to interpret the law, not to make it.", "It is misleading to pigeon-hole judges in this way.", "Judicial reasoning is always formal."], "probs": [[0.10024344548487502, 0.14586636966000543, 0.5171426726786226, 0.236747512076497], [0.08451684626476824, 0.13507108489616357, 0.2027573451402484, 0.5776547235988198], [0.08909587907961682, 0.5994751780860343, 0.20395726541816397, 0.1074716773161849], [0.1009738451978575, 0.6185994924925406, 0.1424072587223598, 0.13801940348724204], [0.08253966770122573, 0.11641142169231077, 0.2542624397541403, 0.5467864707523232], [0.0673093567176702, 0.10105281991951817, 0.5815421298939925, 0.2500956933688192], [0.13856817161091523, 0.13431435221665464, 0.4762002314359483, 0.25091724463648185], [0.10801590393917294, 0.11680304431943882, 0.17261956887634305, 0.6025614827650452], [0.18773720317376416, 0.4794381344090125, 0.18197181005572347, 0.15085285226149986], [0.18781029616473666, 0.42993100192029443, 0.15570908319260013, 0.22654961862236878], [0.10550535821212187, 0.10068275403406388, 0.2233703649055224, 0.5704415227482919], [0.11565086447154932, 0.10530876485245662, 0.4646584175900076, 0.3143819529859865], [0.3754060929659053, 0.26208200606367343, 0.24621797500199818, 0.11629392586842302], [0.41287618871374776, 0.2793710529524859, 0.13830700515317673, 0.1694457530805896], [0.3429086412390075, 0.4136413879959233, 0.14520532756815632, 0.09824464309691286], [0.35120867996189475, 0.35675015301041035, 0.13124461591850103, 0.16079655100919388], [0.3619117872690542, 0.25663836640659915, 0.19073181489891672, 0.19071803132542997], [0.3470923304210708, 0.2539455592378348, 0.20727761087729013, 0.19168449936380427], [0.08832818137227086, 0.134697956806393, 0.21863445311633223, 0.558339408605004], [0.07736814078934284, 0.1108333998124735, 0.5287863651043856, 0.2830120941937981], [0.0855040388393723, 0.11872204960109621, 0.2552881798594983, 0.5404857316000332], [0.09981108009661643, 0.1113572443303609, 0.4404368203242692, 0.34839485514875346], [0.08288986107547643, 0.6623170868626341, 0.12839519442788253, 0.12639785753400692], [0.0827021443559814, 0.6608166048699176, 0.12223770377130545, 0.13424354690279564]], "ideal": "C", "sampled": "C", "correct": true}}
{"type": "result", "data": {"idx": 4, "options": ["The POP will choose wealth over a compassionate society.", "The POP will choose equality over power.", "The POP will be unselfish.", "The POP will choose to protect the disabled."], "probs": [[0.020502169637854284, 0.9725826834558545, 0.004720125566701832, 0.002195021239589316], [0.017891466440251, 0.9768954839611187, 0.0031092691370096476, 0.002103780361620588], [0.015826489553696754, 0.015102231662576026, 0.964012728479038, 0.005058550204689232], [0.04373767631613194, 0.07211528026422385, 0.04583798755126268, 0.8383090557683816], [0.012638501515651039, 0.008686616805582536, 0.9731534482850868, 0.005521433293679613], [0.02715150678744282, 0.01955753831524663, 0.12168800917363662, 0.8316029456236739], [0.9355323568413529, 0.024931700536369984, 0.03007315537323763, 0.009462787149039472], [0.9452125150022648, 0.0344301436429734, 0.010019768364388306, 0.010337572890373539], [0.9609803668307794, 0.025609823239383246, 0.008445218302922724, 0.004964591526914691], [0.9565597712901859, 0.029340917095814028, 0.007654073589112368, 0.006445237924887761], [0.9452724922429251, 0.026815892586822595, 0.011899510053355556, 0.01601210501689676], [0.9590098769968283, 0.022204426362428926, 0.010488662493161438, 0.008297034047581305], [0.014781535396481712, 0.008163462793218081, 0.9735439897048398, 0.0035110120054603474], [0.060011434883540625, 0.0204190579120044, 0.051332190815271926, 0.868237316289183], [0.04318486080750375, 0.9526861374013343, 0.002804349370880903, 0.0013246523202810104], [0.046546592323002824, 0.9496716059853413, 0.002354037432453726, 0.0014277641592021389], [0.01813362313031976, 0.009859721974224906, 0.027222533119318434, 0.9447841216761369], [0.02975050038396364, 0.01060819644025768, 0.9549340173264445, 0.004707285749334232], [0.012376121434268661, 0.014245359444542645, 0.967971697326375, 0.005406821694813674], [0.014678497029995427, 0.015872240242327203, 0.16799327917199694, 0.8014559834556804], [0.009657405064027479, 0.9851280192943646, 0.0028105975789963103, 0.002403977962611701], [0.010931630966472053, 0.9840726569283982, 0.003035731942996252, 0.0019599800621335076], [0.01400217251515145, 0.02535646842176518, 0.06680305716792591, 0.8938383017951574], [0.010658849283483858, 0.011706787347565178, 0.9746278499970207, 0.003006513271930299]], "ideal": "A", "sampled": "B", "correct": false}}
{"type": "result", "data": {"idx": 5, "options": ["Law and Economics", "Critical Legal Studies", "Historical", "Natural Law"], "probs": [[0.9669510384052479, 0.030126736377268537, 0.0027160326931876077, 0.000206192424295965], [0.9724938146224681, 0.02472973768848362, 0.0025263069798409344, 0.000250140609207383], [0.9703513922438209, 0.025859344323265403, 0.003554796764488129, 0.0002344665684254944], [0.9710139095543153, 0.025475798330489453, 0.003289880949628005, 0.00022041106556718108], [0.9738422409602063, 0.02254788477754575, 0.0033514358922760983, 0.00025843826997178163], [0.9628871691374166, 0.03294862438397542, 0.003935149875744927, 0.00022905650286306905], [0.000686835989736469, 0.9978662517602751, 0.0011324459191779804, 0.0003144662308103926], [0.0009239679636454706, 0.9975836181964717, 0.0011680586151075626, 0.00032435512477522153], [0.00019684113730879927, 0.0005350802262837969, 0.9981701795744183, 0.0010978989619890415], [0.0003393194232358043, 0.0011479563157066669, 0.0026689897319729884, 0.9958437344290846], [0.0003401562736792616, 0.0005786406477236336, 0.998314641756738, 0.000766561221859099], [0.0005663131859664358, 0.0018569491502345252, 0.0051270502207819355, 0.9924496873430171], [0.00026089210611434917, 0.9986360121441066, 0.0008421929207671597, 0.0002609027290118832], [0.00021630858003811448, 0.9987315230913314, 0.000791240273778939, 0.00026092795485156185], [0.00019386640338120488, 0.0004301207016355868, 0.9985724535453848, 0.0008035592495984218], [0.0001485309735110337, 0.0007197951166596317, 0.0013238565143714254, 0.9978078172954579], [0.000233828551856136, 0.0003977690581789958, 0.9984996150722699, 0.0008687872176949814], [0.00012125223298814454, 0.00045053500820250113, 0.0014095301746666518, 0.9980186824841427], [0.0002198167319306877, 0.9992165496047628, 0.0004581575290543865, 0.00010547603425213259], [0.00019100516812133083, 0.9993314900770633, 0.0003858543120223972, 9.165034279294971e-05], [0.00013540746014502098, 0.0003404247695239038, 0.9990870627325058, 0.0004371049378252881], [0.000134987234731079, 0.0009370400941311033, 0.0029777954771545503, 0.9959501770939833], [0.00013122853480549177, 0.00025694203972051797, 0.998975908529575, 0.0006359207958990203], [0.00011186308881728368, 0.00039047026459069513, 0.003943357998891039, 0.995554308547701]], "ideal": "A", "sampled": "A", "correct": true}}
{"type": "result", "data": {"idx": 6, "options": ["All commands include some sanction.", "The concept of a command contains the likelihood that a sanction will follow failure to obey the command.", "Without a sanction the mere expression of a wish is not a command.", "A command confers power to change one's legal status."], "probs": [[0.1445546128522649, 0.133696568986866, 0.3749692979829658, 0.3467795200779033], [0.19104066422464355, 0.21648828805966097, 0.16859982672136545, 0.42387122089433005], [0.20157815802595913, 0.20476182072726762, 0.18643515189004312, 0.4072248692567301], [0.19598146979068698, 0.2988513961306668, 0.15026928259018477, 0.3548978513884614], [0.15112904163068344, 0.13761251083465695, 0.15838797860910048, 0.5528704688255591], [0.11412846210852065, 0.11775679797427875, 0.3571000668265448, 0.41101467299065575], [0.26476460692619075, 0.1967614888948136, 0.2566302120428947, 0.2818436920361009], [0.3080421479644933, 0.2436895591876469, 0.13043792933226384, 0.31783036341559595], [0.2845474779321318, 0.23224706945481027, 0.19865272937218642, 0.2845527231408715], [0.2342413654237016, 0.2532847972428713, 0.1972571579769978, 0.31521667925642927], [0.2672406514389497, 0.198604708848545, 0.14530161454719492, 0.38885302506531033], [0.16414127241344767, 0.13397255937823718, 0.39997915621510294, 0.3019070118932122], [0.2640342273468525, 0.17589112672782126, 0.17589079890225548, 0.3841838469230707], [0.2834499776079923, 0.22776830194102932, 0.13600584863256335, 0.352775871718415], [0.27672894549304344, 0.20889269369721508, 0.2056561169274377, 0.3087222437823038], [0.23886648952261366, 0.2209243294238012, 0.19803489447587902, 0.34217428647770615], [0.2666759868198982, 0.20130625965090954, 0.16175315264494416, 0.37026460078424805], [0.18500358527522842, 0.13749035576889293, 0.22667973218023152, 0.45082632667564715], [0.1618290221256757, 0.156858650477062, 0.16697264957289124, 0.5143396777243711], [0.12130669774332599, 0.1353336304737961, 0.3455920296321633, 0.39776764205071463], [0.17337747889878638, 0.19342673736584873, 0.1904279383699027, 0.44276784526546215], [0.10660096922493172, 0.10332519483035801, 0.4350282218987713, 0.355045613945939], [0.17261597255208525, 0.23966452119837875, 0.19257361898025932, 0.3951458871692767], [0.1406842574846323, 0.15451886909540574, 0.2213335797962927, 0.48346329352366924]], "ideal": "D", "sampled": "C", "correct": false}}
{"type": "result", "data": {"idx": 7, "options": ["By denying its existence.", "By explaining the difference between the common law and civil law.", "By distinguishing certain features of the English legal system that facilitated the development of capitalism.", "By recognizing the importance of legitimate domination."], "probs": [[0.0007157946818384843, 0.003750571819363027, 0.9923256247768364, 0.0032080086219620834], [0.0014343337425993493, 0.017203221608681044, 0.09899657186950477, 0.8823658726792148], [0.0003401521072975843, 0.9982988928242202, 0.000910312124370358, 0.00045064284411179534], [0.00037951460380523466, 0.998425461890765, 0.0008034484648651027, 0.00039157494056470116], [0.0017374389812158625, 0.052388382151943684, 0.15159011571024222, 0.7942840630565983], [0.0007139420387682667, 0.007324276856741165, 0.9897626502035056, 0.002199130800984927], [0.0012710386491805517, 0.0023746771899890566, 0.9884455077595045, 0.007908776301325974], [0.0014455963761874416, 0.0031575535552203606, 0.06342022517633117, 0.9319766247922611], [0.002711928140067479, 0.9961943940801118, 0.0005596516844913777, 0.0005340259953293699], [0.01218753466901219, 0.9682321474454378, 0.012187981703872107, 0.0073923360816778114], [0.009419425924842784, 0.034456087367722425, 0.02481735638453997, 0.9313071302228948], [0.004109643218784733, 0.010827750717759885, 0.974730737984906, 0.010331867978549365], [0.9848279769726087, 0.011646093583929725, 0.002898984301901805, 0.0006269450415597759], [0.9873449168942562, 0.01014417251682087, 0.0020289859829712167, 0.00048192450595170615], [0.985802783175923, 0.012409503922824704, 0.0013285745478273036, 0.0004591382534250091], [0.9571897237453798, 0.03275326623452389, 0.0071950539397529776, 0.0028619559803433245], [0.9853164993701286, 0.012797115942172059, 0.0014813948152963769, 0.00040498977240299385], [0.9691481507731444, 0.022792267889447482, 0.0063292736747199655, 0.0017303075626881241], [0.0019026465872070298, 0.003965562145382402, 0.03881794524027258, 0.955313845927138], [0.0011081359995596808, 0.0022738114346061247, 0.9918790800653613, 0.004738972400472887], [0.006171820977949703, 0.017310012203389777, 0.016516916607365727, 0.9600012501112948], [0.004727127072844287, 0.010007615345348615, 0.9741010520645215, 0.011164205417285652], [0.002629907455996636, 0.9967360045272419, 0.00033436335917023675, 0.00029972455759124755], [0.006664948295853673, 0.9892198179190506, 0.002376519921791372, 0.001738713763304373]], "ideal": "C", "sampled": "C", "correct": true}}
{"type": "result", "data": {"idx": 8, "options": ["It is a sin for humans not to apply reason.", "The principles of natural law are discoverable by reason.", "Natural law does not apply without good reason.", "The law of nature is the basis of all positive law."], "probs": [[0.018346125412189922, 0.9709229756178803, 0.00429049699612857, 0.006440401873801164], [0.019368663405901734, 0.9480060607488968, 0.028628175151796796, 0.0039971005934046604], [0.004395586503536823, 0.003879303170044267, 0.979397132587798, 0.012327977638620823], [0.01154130715407709, 0.008184894116841587, 0.3882688941051077, 0.5920049045239737], [0.009898198315541727, 0.007242040592998734, 0.9786684986070526, 0.00419126238440686], [0.027323196115193266, 0.027326846899739795, 0.04038472160866416, 0.9049652352764028], [0.9512909882654672, 0.024190695030227347, 0.010735076441158722, 0.013783240163146694], [0.9516606309970442, 0.023455474080599194, 0.0182680796696466, 0.006615815152709947], [0.9616484186909888, 0.02407481072986191, 0.006582061217843973, 0.007694709261305288], [0.9394759962501155, 0.03265381214859881, 0.01775460883545023, 0.010115582665835525], [0.9522321678113814, 0.034685656527547126, 0.008239013120009003, 0.004843162441062479], [0.9292624445835764, 0.04699465859558082, 0.013892360703005526, 0.009850536017837171], [0.006040677800476741, 0.004704769627997773, 0.9694474785588896, 0.019807073912635923], [0.013565991691571619, 0.007852356307136191, 0.1391851965385766, 0.8393964553627156], [0.021781695537904475, 0.9707066803886718, 0.0027265813546216715, 0.004785042618802031], [0.03406229083726932, 0.9352381389007649, 0.019109898286362344, 0.011589671875603473], [0.02291219903194208, 0.022915212792085138, 0.02439183605288332, 0.9297807520230894], [0.021587065505818796, 0.01734689555090645, 0.932467006832606, 0.028599032010668757], [0.04004816099762326, 0.01077936625750713, 0.9405112580930988, 0.008661214551770812], [0.05456430877619951, 0.01717147988782084, 0.0336189905790073, 0.8946452206569724], [0.06715710531604566, 0.9271585009983914, 0.0029975803817518533, 0.0026868132038110706], [0.07963298149123299, 0.911448108246934, 0.004564215364909443, 0.004354694796923545], [0.05292802488715569, 0.021056105566776458, 0.030635761872447615, 0.8953801075736202], [0.048678351157210434, 0.020613082653966316, 0.8903518499683651, 0.04035671612045814]], "ideal": "B", "sampled": "B", "correct": true}}
{"type": "result", "data": {"idx": 9, "options": ["Women can achieve equality through political pressure.", "Equality is impossible because men define women as different.", "The idea of 'woman' needs to be redefined.", "The world is phallocentric and oppressive."], "probs": [[0.14132158667405237, 0.517014511131419, 0.1327770670039358, 0.20888683509059278], [0.1158492994811125, 0.47280334717070643, 0.2693941254734695, 0.14195322777471156], [0.12572638689214385, 0.14248056708341583, 0.42540270085849125, 0.3063903450659491], [0.1250511426361194, 0.14171378524247943, 0.40373084546657584, 0.3295042265548253], [0.12429125050145602, 0.2757848079621019, 0.401287835738711, 0.19863610569773105], [0.14533335293866267, 0.5316746353200665, 0.12432507702191598, 0.19866693461935475], [0.2840302884294674, 0.2391958385466752, 0.16962145267220868, 0.30715242025164863], [0.1920437365578296, 0.1472533196063608, 0.4396472870863911, 0.22105565664941848], [0.2803401177993271, 0.25929091537196447, 0.15243684435319224, 0.30793212237551615], [0.2812203555108754, 0.26835645223285004, 0.2901802442543419, 0.16024294790193272], [0.2642529786447837, 0.4495560325431076, 0.13083272586202352, 0.1553582628500852], [0.29862658966336114, 0.4483325152147018, 0.13047743620029278, 0.12256345882164427], [0.09820009035379497, 0.08666893193235568, 0.5309545001635599, 0.2841764774502894], [0.09365631918138446, 0.07294468798339147, 0.49078832534377315, 0.3426106673914509], [0.17818915842181732, 0.4342498778862625, 0.1477454155535772, 0.23981554803834296], [0.1589673364618993, 0.42547929726879996, 0.254066452116209, 0.16148691405309176], [0.17168496035751582, 0.37504302333887046, 0.14234919420400743, 0.3109228219996063], [0.1530316873328335, 0.26861073763632637, 0.3908424856616874, 0.18751508926915272], [0.13326448200800534, 0.12326110898215784, 0.5271496772238964, 0.21632473168594046], [0.3238080586381426, 0.20265025804327147, 0.12881155886605736, 0.3447301243525286], [0.29886340423970303, 0.47022428052884274, 0.10825220252417368, 0.1226601126072805], [0.2859006949630892, 0.4863848903162866, 0.1191928439852393, 0.10852157063538485], [0.32592534287161734, 0.2071853978608773, 0.1199112284083433, 0.34697803075916206], [0.2494236938491829, 0.23801815152741276, 0.33568122479418006, 0.17687692972922428]], "ideal": "A", "sampled": "B", "correct": false}}
{"type": "result", "data": {"idx": 10, "options": ["John Rawls", "Stammler", "Jerome Hall", "John Finns"], "probs": [[0.05589384626704195, 0.888145870538245, 0.02258439751178976, 0.03337588558292331], [0.07205963704615095, 0.877913692109267, 0.022675707384941002, 0.027350963359641066], [0.02428027659094067, 0.04130512122873893, 0.85603489654478, 0.07837970553554037], [0.06997927944430586, 0.1287231728821065, 0.048858057156630996, 0.7524394904169567], [0.03958568751107437, 0.07873188017066686, 0.7952169834415895, 0.08646544877666927], [0.04799706965221295, 0.12067699501889079, 0.04439458375010467, 0.7869313514787916], [0.7143261378711935, 0.16703851394891392, 0.04566525633425888, 0.07297009174563378], [0.7334056960352123, 0.17694480345886884, 0.04202752453587856, 0.04762197587004023], [0.7543310578480854, 0.1103850387700161, 0.07239187562033719, 0.06289202766156125], [0.7779615886778066, 0.11207794697124489, 0.029237850256027355, 0.08072261399492107], [0.7218472118824651, 0.1466555993116008, 0.07036553831704444, 0.0611316503888896], [0.7897157668277667, 0.12495247273387697, 0.0234785452461606, 0.06185321509219572], [0.011894113194684456, 0.0259807757619183, 0.9017206882815126, 0.06040442266188463], [0.06197057479087968, 0.1440992908304093, 0.050583942212054915, 0.7433461920666561], [0.04367791423244727, 0.877364741515329, 0.046498223441686214, 0.03245912071053758], [0.05862057339455879, 0.8750589684652691, 0.019946668740900505, 0.04637378929927163], [0.049154105607084934, 0.06825101247769906, 0.12553281847002418, 0.7570620633451918], [0.025311277563097756, 0.03053395638913259, 0.8649602402764162, 0.0791945256713535], [0.044255952947959705, 0.056831646281522305, 0.8095102249057942, 0.08940217576472378], [0.08018764137489766, 0.13222511160625414, 0.06149174667835642, 0.7260955002404917], [0.16909821581786003, 0.7009599312581997, 0.07504319510667903, 0.0548986577172613], [0.2019290655936888, 0.7159579502217954, 0.026907910059799763, 0.05520507402471601], [0.06478981938566575, 0.05808625980239219, 0.1119676203602486, 0.7651563003516935], [0.037057373254869616, 0.027542300211764, 0.8569455050161482, 0.07845482141721818]], "ideal": "B", "sampled": "B", "correct": true}}
{"type": "result", "data": {"idx": 11, "options": ["Historical", "Analytical", "Command", "Sociological"], "probs": [[0.0033685300348806732, 0.006912116587218579, 0.01087379387642935, 0.9788455594014713], [0.0010778877622188404, 0.0018624913552796512, 0.9954160375985152, 0.0016435831839863105], [0.002493316631967471, 0.005036822239322265, 0.0021662487046180522, 0.9903036123240923], [0.0010721856272202822, 0.003251473443308512, 0.990145619676825, 0.00553072115264621], [0.0007421814259132554, 0.9972438662077228, 0.00023354164671493782, 0.0017804106196490901], [0.0006453395998120769, 0.9980501446158154, 0.0002732576662302989, 0.0010312580181421585], [0.007816160788476486, 0.009881040023302505, 0.020592976318785546, 0.9617098227694354], [0.001260307692773123, 0.001777376620104167, 0.9955117105084799, 0.001450605078642833], [0.016625682498826226, 0.01715414282742191, 0.01490335333275436, 0.9513168212409975], [0.0031165618104998347, 0.00759429078633165, 0.9792288119343023, 0.01006033536886621], [0.0017524274463436465, 0.9970381353518645, 0.00016300525902129107, 0.0010464318427705808], [0.002584844496464395, 0.9950882413827883, 0.0005503573711159108, 0.001776556649631411], [0.0025613291380369137, 0.00456624804231214, 0.006854520879798779, 0.9860179018398522], [0.001125332735308628, 0.002419931711569205, 0.9916423139141437, 0.004812421538978482], [0.009774651359209002, 0.02698999638028627, 0.026570713095372137, 0.9366646390651325], [0.0023696302600565143, 0.00501672152409247, 0.9863705121948693, 0.00624313592098171], [0.0018276707331254338, 0.9922310147567898, 0.0011260153298281621, 0.004815299080256683], [0.0035955143816777204, 0.981526835371865, 0.00271409994794831, 0.01216355019850897], [0.9184434864769783, 0.05516032385753177, 0.005461247794717977, 0.02093494177077198], [0.9041326375889978, 0.07538914458560488, 0.005634173119364848, 0.014844044606032527], [0.8467582477821589, 0.1258672836271794, 0.003354051618164922, 0.024020416872496793], [0.7117182439878094, 0.24216589282510315, 0.007198971193247635, 0.038916891893839844], [0.8968464370026192, 0.09162261712130523, 0.0020241254588954476, 0.009506820317180115], [0.7966310569082892, 0.15444119972097783, 0.005367680177279972, 0.043560063093453]], "ideal": "D", "sampled": "D", "correct": true}}
{"type": "result", "data": {"idx": 12, "options": ["Conflict.", "Love.", "War.", "Reciprocity."], "probs": [[0.00028159831265369274, 0.000730451164469959, 0.0021135225720144498, 0.9968744278508619], [0.00016074761797619012, 0.0009396186961865237, 0.998720305805685, 0.00017932778015226745], [0.0001992545022676862, 0.0006741057797682731, 0.0043955017308582025, 0.9947311378871059], [0.00019673782031016425, 0.0019258773691682464, 0.9976325396041248, 0.0002448451063968112], [0.0003352745379535487, 0.9994684809621284, 0.0001214330156473736, 7.481138427069991e-05], [0.0002268924718346923, 0.9996169812008381, 9.311942100921538e-05, 6.300680631804076e-05], [0.00022651909894687563, 0.00035085817761381814, 0.0014541950260383086, 0.997968427597401], [0.00010548354518846663, 0.00045110128104529, 0.9993100709937383, 0.00013334408002802447], [0.0001508150868586932, 0.0002264109611722509, 0.0021818538352205365, 0.9974409200167486], [8.344866092864004e-05, 0.0004654445941394085, 0.9993594559573229, 9.165068760905921e-05], [0.00023778911940093396, 0.9996532131062947, 6.501016083022504e-05, 4.3987513474065646e-05], [0.00017128898614175844, 0.9997454112801267, 4.682936030778518e-05, 3.6470273423717236e-05], [0.0001930276471212126, 0.0004350161694157438, 0.005136284087829164, 0.9942356719956339], [0.00020633737039840388, 0.0011154649644595214, 0.9983961670100329, 0.00028203055510915293], [0.00024079856871738774, 0.0004864503468705969, 0.0026710115942198158, 0.9966017393901921], [0.00011765605281942226, 0.0006261888490812044, 0.9991438864065237, 0.00011226859157561947], [0.0003199475345018395, 0.9995469662364637, 8.478040800850529e-05, 4.830572102599699e-05], [0.0002913329301113883, 0.9996087807367274, 6.106905650203353e-05, 3.88171766590884e-05], [0.9947749965992594, 0.004679357164345965, 0.00042850172003383043, 0.00011714441636083424], [0.9963563461954614, 0.003323437073408721, 0.00023701688939569874, 8.319974173410419e-05], [0.9947954698000011, 0.0043959367402575415, 0.0006533991148404071, 0.00015519424490089112], [0.9947602863681428, 0.004465000755463805, 0.0006042717792918105, 0.0001704409971015635], [0.9958032360865242, 0.0037054908429315007, 0.0003845017923855176, 0.00010677117815872793], [0.9949384370257405, 0.00453611399108731, 0.00041538409744217193, 0.00011006478573003623]], "ideal": "D", "sampled": "D", "correct": true}}
{"type": "result", "data": {"idx": 13, "options": ["That there is no distinction between law and morality.", "That there is a distinction between right and wrong.", "That facts about the world or human nature cannot normally ordain what ought to be", "That human rights are fundamentally unsound."], "probs": [[0.07092781602012511, 0.786858108120415, 0.10483660154311071, 0.03737747421634914], [0.06029099768311753, 0.6382192158657871, 0.035446400493498474, 0.2660433858575969], [0.0822066845256824, 0.11776435504905065, 0.7560260496860031, 0.0440029106392639], [0.11454511347351587, 0.6389417600071617, 0.06629830548772107, 0.18021482093160135], [0.014011888132215395, 0.009047906107390606, 0.44281111111595206, 0.5341290945444419], [0.03922365232834207, 0.024548071896155214, 0.7174446496587347, 0.2187836260167681], [0.3091933485069865, 0.19964460954853905, 0.4293197355149727, 0.061842306329501794], [0.07206900605018607, 0.05791464225891181, 0.045101695934314956, 0.8249146556565872], [0.5462585707440788, 0.3161608290213121, 0.10425888784773726, 0.03332171228687182], [0.5051917884910173, 0.39345890817214535, 0.05580477169832782, 0.0455445315385095], [0.04340264451993661, 0.024349608707145993, 0.07383371682563858, 0.8584140298472788], [0.14671760617674934, 0.04475005370676532, 0.7222797919635715, 0.0862525480529138], [0.11831006666799412, 0.05332858641428508, 0.7960168392302351, 0.032344507587485666], [0.7143625909045803, 0.12808189319619034, 0.040937674973962876, 0.11661784082526644], [0.31536312846476644, 0.5891963009011851, 0.06610708344352367, 0.029333487090524742], [0.2799000033389276, 0.6508129674835625, 0.03788278133002354, 0.0314042477474863], [0.6309842340750501, 0.0741944219242662, 0.13021718934494367, 0.16460415455573996], [0.032897785915456106, 0.010352063184538594, 0.9465587910539842, 0.01019135974602113], [0.009858711502308192, 0.00911935966505589, 0.3316511471317376, 0.6493707816008983], [0.024943746573230174, 0.023435635329655532, 0.6957130936821174, 0.2559075243149968], [0.03520744293576072, 0.1874075978806962, 0.05896481125957211, 0.718420147823971], [0.0381157101917419, 0.510049951207115, 0.3972340749892777, 0.05460026351186539], [0.05703784077241522, 0.36620893000474075, 0.3837869665127819, 0.19296626261006214], [0.0133809905209968, 0.02008860069545895, 0.9529383823419915, 0.013592026341552784]], "ideal": "C", "sampled": "C", "correct": true}}
{"type": "result", "data": {"idx": 14, "options": ["Individual stories are suspect.", "The law is static.", "Universal values are meaningless.", "Literature reproduces repression."], "probs": [[0.6003677844400853, 0.0920710414555985, 0.16934636233543657, 0.13821481166887964], [0.28879019722729193, 0.05686832985036739, 0.042925786382606274, 0.6114156864397344], [0.6479400246199125, 0.29205523951046963, 0.02512389035566731, 0.03488084541395051], [0.4416830804376956, 0.4149372844360286, 0.06167498184365951, 0.08170465318261627], [0.4986116196720205, 0.11659768750474478, 0.036688695905997104, 0.3481019968172376], [0.41743334371743485, 0.15356998261138072, 0.2824615583320719, 0.1465351152391125], [0.049121225947061836, 0.6996790534880939, 0.1714640647019975, 0.07973565576284675], [0.0500332647915503, 0.55503248371524, 0.04213483278542672, 0.35279941860778286], [0.03829923644278911, 0.046200018371491985, 0.8318446277740238, 0.08365611731169512], [0.052288571866513735, 0.0506841601574806, 0.06610182499704069, 0.830925442878965], [0.03504388412584341, 0.023713706758100302, 0.2589623313507294, 0.6822800776653268], [0.030486354930757905, 0.019994803628077432, 0.31769968458461045, 0.6318191567565542], [0.2478244838138381, 0.7284250075503352, 0.011411648886893097, 0.012338859648933555], [0.33689045683498203, 0.5642093285823607, 0.04559510946969864, 0.05330510501295854], [0.22146410742875364, 0.07078641494133082, 0.5835154521586138, 0.12423402537130179], [0.2270720937921381, 0.060170688540361277, 0.055647571664630587, 0.65710964590287], [0.5511649846479475, 0.1761664300980831, 0.1437844037865859, 0.1288841813673835], [0.45325028722950395, 0.12784890781610897, 0.03720577419473041, 0.38169503065965665], [0.11858100222018307, 0.3124422968529219, 0.045719991513240174, 0.5232567093136549], [0.10672201880697595, 0.17873826488005184, 0.5592536287996187, 0.15528608741335345], [0.047317021054643964, 0.023425396777694445, 0.14127260961631113, 0.7879849724513505], [0.04745652439019257, 0.022418418588188764, 0.1877069589293761, 0.7424180979922426], [0.12357023164453251, 0.5538400062591323, 0.21689095570470893, 0.10569880629162619], [0.10731639126831596, 0.5801837530179352, 0.04268977109198697, 0.2698100845217618]], "ideal": "C", "sampled": "A", "correct": false}}
{"type": "result", "data": {"idx": 15, "options": ["Law as medium' describes law as a body of formal, general rules that control the state and the economy; 'law as institution' inhabits the 'lifeworld' and expresses its shared values and norms in institutional form.", "Law as medium' consists of the manner in which law is presented by the media; 'law as institution' describes the courts.", "Law as medium' concerns the manner in which the law expresses its rules in simplified terms; 'law as institution' refers to the formal declaration of laws by legislative bodies.", "Law as medium' is defined as the intermediate stage of legal development; 'law as institution' is the advanced stage."], "probs": [[0.9689660046541146, 0.02314653800228767, 0.003605687282697486, 0.004281769960900192], [0.9820169661882655, 0.013366162700184071, 0.0017261574838419154, 0.002890713527708459], [0.9718427307702262, 0.022855371814551582, 0.002485507230705761, 0.002816390084516464], [0.9744852819352702, 0.02086666479433692, 0.0019108788180301278, 0.002737174352362773], [0.961434999727159, 0.024832961557984302, 0.004452458023411795, 0.009279580591444903], [0.9488801721503975, 0.03349937998678313, 0.00691320773465486, 0.010707240028164498], [0.014407664267625384, 0.9638613281951096, 0.01213311101872008, 0.009597896418544935], [0.008006777876409887, 0.985211464225238, 0.0033379275047253232, 0.0034438302936267476], [0.01493697235307229, 0.03065100305501564, 0.924238020673167, 0.0301740038187451], [0.024541297684950298, 0.22220430852225478, 0.1001463297529002, 0.6531080639398947], [0.0017026459243355125, 0.0039590371262345145, 0.984069884445375, 0.010268432404054938], [0.005710675593292196, 0.015284204492091249, 0.10443841308944163, 0.8745667067251749], [0.03812058276944718, 0.9529384131190266, 0.0049230205139467395, 0.0040179834975794014], [0.03880156890052205, 0.9549261186084861, 0.0030871806195954155, 0.0031851317713964804], [0.0029934642186158563, 0.005013354015992912, 0.9857542028624835, 0.006238978802907712], [0.009622688118182418, 0.020693949877975876, 0.06177527871093433, 0.9079080831929074], [0.006202111089378024, 0.012144152209559323, 0.9647944080400642, 0.016859328560998373], [0.005518738766808, 0.017816268656772556, 0.04842570493954988, 0.9282392875368696], [0.0056194289296352265, 0.9904600166393954, 0.002067382169618626, 0.0018531721613507387], [0.009191986771721478, 0.9826715036122983, 0.004480043717773649, 0.0036564657982066234], [0.0012706382896448501, 0.0024879381017265776, 0.9882106311544334, 0.008030792354195146], [0.004489866415241129, 0.011288721943830063, 0.08740717814842407, 0.8968142333925048], [0.006762684343852676, 0.014543360074173225, 0.9578630890397378, 0.02083086644223632], [0.008205273051250133, 0.041028417891403726, 0.05968977715943724, 0.8910765317979089]], "ideal": "A", "sampled": "A", "correct": true}}
