{"type": "result", "data": {"idx": 0, "options": ["includes two or more alternatives", "classifies subjects", "affirms the antecedent or denies the consequent", "leads to a valid conclusion"], "probs": [[0.25121156969611824, 0.03295256778340447, 0.032951960561047426, 0.6828839018594298], [0.5227272128163557, 0.018745255491489997, 0.42664079622028844, 0.031886735371865836], [0.3827971112681405, 0.02773036357491423, 0.02371854454828138, 0.5657539805086639], [0.4655839053726393, 0.019519728293246448, 0.5034213225005851, 0.011475043733529153], [0.7272234477058366, 0.1345237627357901, 0.033485497901754965, 0.10476729155661836], [0.8266072144826553, 0.11723858580643734, 0.033068575792017545, 0.023085623818889782], [0.065715148059187, 0.28546240497562125, 0.07217499505491028, 0.5766474518102814], [0.024357480560409234, 0.16133340693142434, 0.7941158901214425, 0.020193222286723964], [0.0499080615051113, 0.06929227093086132, 0.335776990912376, 0.5450226765516514], [0.03677788355889144, 0.02819920128935662, 0.6318558418573997, 0.3031670731943522], [0.04161916331246913, 0.03849190874379336, 0.8102359831285565, 0.10965294471518106], [0.040005568261893616, 0.05136934648175433, 0.07956107675397106, 0.829064008402381], [0.26866546470716224, 0.10855292608660425, 0.0628249351827928, 0.5599566739234407], [0.15266429438047519, 0.06464261908703128, 0.7632839209784793, 0.01940916545401424], [0.15086740759669562, 0.04822122839352722, 0.13523826455143878, 0.6656730993583384], [0.09080293791480125, 0.028572778720104185, 0.7485059495532123, 0.1321183337118823], [0.4309074823128741, 0.09319099764263807, 0.45159130563165606, 0.024310214312831733], [0.114038296032469, 0.09603191911213906, 0.06916830688023298, 0.720761477875159], [0.10351949196439543, 0.696473191485977, 0.0562831682306117, 0.14372414821901588], [0.07118384300706754, 0.8672142929278026, 0.04055977103811984, 0.021042092927010057], [0.04880059546340708, 0.03860484092002135, 0.7284212762016399, 0.1841732873149317], [0.04299630116282698, 0.0518645697931598, 0.1064174279742708, 0.7987217009697424], [0.07268294027484117, 0.23098933952587636, 0.6580262257025201, 0.03830149439676231], [0.023459257178670326, 0.04182142283708436, 0.04053407791253644, 0.8941852419717089]], "ideal": "A", "sampled": "A", "correct": true}}
{"type": "result", "data": {"idx": 1, "options": ["Changing the meaning of a word or phrase from one part of the argument to another.", "Confusing figurative language with literal language.", "Reasoning that ideas presented in an appealing manner are correct, regardless of the content of the message.", "Using emotionally charged language to create an impression about the subject of a claim, without making an argument that the language fits the subject."], "probs": [[0.005006271860969596, 0.004282094987492853, 0.8962499465036822, 0.09446168654785539], [0.0009511132688289056, 0.0013000162280441606, 0.9952818482773685, 0.002467022125758419], [0.017526256712291684, 0.9420802613651266, 0.004431409024882028, 0.035962072797699675], [0.016610762334780645, 0.12467270517414804, 0.8520050166999846, 0.006711515691086735], [0.03884810688146192, 0.9412166137852033, 0.005865278348695423, 0.014070000884639352], [0.0367892583683249, 0.8775185361522819, 0.07667652009775303, 0.009015685281640191], [0.006428359819788944, 0.011282134357288328, 0.8962784796773569, 0.08601102604556582], [0.001144693185251271, 0.0028331385673143372, 0.9930530371649641, 0.0029691309824703077], [0.005163571935052293, 0.9840148353807336, 0.0018996114883663702, 0.008921981095847641], [0.0034912549192651072, 0.08458584196991867, 0.9094081945718404, 0.002514708438975815], [0.0015462186568193088, 0.996826837058221, 0.0004227237117852726, 0.0012042204731744577], [0.001569714617998335, 0.9962861318783057, 0.0010135051896386735, 0.0011306482140572898], [0.7830552472290561, 0.019603316515646403, 0.005443670433259304, 0.1918977657220382], [0.022373903710132412, 0.009039929383001367, 0.9663708073819136, 0.00221535942495258], [0.77955936295822, 0.015928304244991576, 0.007407374941454521, 0.19710495775533385], [0.0018051749858204716, 0.0018624842698998275, 0.9954386985047305, 0.0008936421395491453], [0.2709306838702815, 0.7250546383366455, 0.002614981322027749, 0.0013996963710451442], [0.22493312771326993, 0.7729270208726976, 0.0012762781106339578, 0.0008635732033985496], [0.9308864046375562, 0.023304157379948353, 0.00678195490643374, 0.039027482976061637], [0.6540932569396325, 0.026579122641159567, 0.31384265010478374, 0.005484970214424164], [0.8758845471161717, 0.01905068786008422, 0.006792774999648513, 0.09827198992409553], [0.71648414225241, 0.018797593826567805, 0.25949828122487, 0.005219982596152208], [0.8773689310444238, 0.10811256656532334, 0.01005612386697707, 0.004462378423275773], [0.9155297009045548, 0.07515075091657185, 0.006168818448858853, 0.00315072963001452]], "ideal": "C", "sampled": "D", "correct": false}}
{"type": "result", "data": {"idx": 2, "options": ["significance", "snob appeal", "poisoning the well", "appeal to anonymous authority"], "probs": [[0.0017131636391540949, 0.0026533750165867245, 0.9900162474096722, 0.0056172138345870195], [0.00014408670883905842, 0.0004951116979799752, 0.0007092135661773884, 0.9986515879270036], [0.020233239475338744, 0.9748959004241509, 0.0017679812177520315, 0.003102878782758324], [0.022880133939653324, 0.9728947578737991, 0.0017369994259600968, 0.0024881086605874946], [0.00023380340011072196, 0.0009247072332036213, 0.0004949596300607864, 0.9983465296366248], [0.015227023425514689, 0.018367232650354913, 0.942073101407296, 0.024332642416834315], [0.0025430505384324807, 0.006912701230871087, 0.9789676571827993, 0.011576590947897095], [0.00034447419293690565, 0.002211414304428241, 0.0021771253351206316, 0.9952669860675142], [0.015806861787381502, 0.9627810522652134, 0.012119685236519536, 0.009292400610885567], [0.013749853901197342, 0.9791267517615181, 0.0034226519557014837, 0.0037007422815830944], [0.00013100819726917016, 0.0006348427684662455, 0.001986240683312551, 0.997247908250952], [0.005216962563374517, 0.008874324781757753, 0.9635987371316531, 0.022309975423214588], [0.9694774629542542, 0.027934817113948688, 0.0017308757796575542, 0.0008568440521395181], [0.9350870437957042, 0.057938513569028065, 0.004830795902147339, 0.0021436466331204683], [0.9607241359589092, 0.029467924232577162, 0.007109485743543129, 0.002698453964970548], [0.9686634928143865, 0.02541354988958649, 0.0038368822181036014, 0.00208607497792345], [0.9456541578492608, 0.042203058802220764, 0.009270825809745609, 0.00287195743877283], [0.9675920232804093, 0.02744825992717243, 0.0031773737433329263, 0.001782342949085313], [0.000367247392457833, 0.0019853120243724692, 0.0008673176273739895, 0.9967801228557956], [0.015279692787505062, 0.03901805911853108, 0.9162499459987704, 0.029452301995193473], [0.00018466538197991044, 0.0008147765394091418, 0.002214783934392052, 0.9967857740442189], [0.005889594373876711, 0.007802415550581953, 0.975131558815145, 0.011176431160396301], [0.06147003941170858, 0.8755101593286111, 0.03968843459570056, 0.023331366563979796], [0.06040288760479934, 0.9157973314752308, 0.012271679519589913, 0.011528101300379949]], "ideal": "C", "sampled": "C", "correct": true}}
{"type": "result", "data": {"idx": 3, "options": ["a specific type of false cause fallacy that argues that since two event happened at the same time one event must have caused the other", "arguing that an event that preceded another event necessarily is the cause of the second event", "arguing that since something is new it is necessarily good", "drawing a conclusion based on a comparison when the items being compared are not similar enough to support the conclusion."], "probs": [[0.09148698742268607, 0.07125479327291094, 0.0590715623138272, 0.7781866568905758], [0.047827200683913156, 0.04858263736853086, 0.88853998971607, 0.015050172131485993], [0.042289281681401246, 0.02773594074482698, 0.05346035500519008, 0.8765144224685817], [0.04464159705900586, 0.024654199195980293, 0.9108938762725214, 0.01981032737249245], [0.08289825182013674, 0.9053500088812205, 0.007358130347158335, 0.0043936088514843945], [0.1446940178727861, 0.832716453169169, 0.013045673070845481, 0.00954385578719946], [0.12422503344627181, 0.13432884014799734, 0.08021098254994646, 0.6612351437557844], [0.07731288728322991, 0.09773773026783703, 0.8057036459065204, 0.01924573644241262], [0.09404141919741124, 0.05193726563121265, 0.47024251604615486, 0.3837787990252213], [0.16876839728338133, 0.05924681794225344, 0.4310369651719894, 0.3409478195023758], [0.11567518016929072, 0.8415667939330789, 0.030178624880641672, 0.012579400916988672], [0.27340640189115395, 0.37963632745631276, 0.08604274985600936, 0.26091452069652393], [0.037182111303951236, 0.022553483427832414, 0.05326184793055116, 0.8870025572376652], [0.02125586985177063, 0.018758764872959462, 0.9472923471952945, 0.012693017979975317], [0.03209951196779129, 0.024613255019416688, 0.06187553080804538, 0.8814117021047466], [0.09881028421564672, 0.04595284484665069, 0.7652673038976475, 0.08996956694005503], [0.04179943845727892, 0.9366857082924629, 0.013154127082196553, 0.008360726068061573], [0.12198352767058462, 0.7590930432846033, 0.06039355672145361, 0.05852987222335852], [0.8621733027174685, 0.08807693256903827, 0.03395842324680209, 0.015791341366691133], [0.8558611811394671, 0.09453740738125678, 0.028834297910790434, 0.02076711346848574], [0.8396512990298345, 0.10186192544070395, 0.035758346848463664, 0.022728428580997894], [0.752823043497277, 0.13082256716936078, 0.041814669339429095, 0.07453971989393313], [0.8282404813216703, 0.10366694967714786, 0.031129070268232924, 0.03696349863294897], [0.7573876411911704, 0.13368750111260017, 0.04478151017117389, 0.06414334742505556]], "ideal": "D", "sampled": "D", "correct": true}}
{"type": "result", "data": {"idx": 4, "options": ["arguing that something should be done because that's the way it's been done in the past.", "arguing that an act should be carried out because it will not have any significant consequences, when there is no evidence of the effects", "reasoning that a conclusion is true because it's been claimed so often", "reasoning that a claim is true because so many people believe it is true"], "probs": [[0.19374146406026974, 0.05638317946731247, 0.6977299813244515, 0.052145375047966305], [0.29094061414798406, 0.11755393050775767, 0.1938136479096208, 0.39769180733463744], [0.31748406337596574, 0.602487885616533, 0.06154824288414559, 0.018479808023355606], [0.5109993719730008, 0.417069516716364, 0.05302489449624773, 0.01890621671438741], [0.36465126272369724, 0.18051847813708427, 0.16181626914313538, 0.2930139898960831], [0.4310293004515694, 0.13563039291200968, 0.2697396455551814, 0.16360066098123954], [0.19144341632960232, 0.043390282140658716, 0.7339137305168587, 0.03125257091288028], [0.37819511258091165, 0.1552145653094789, 0.14810645799506503, 0.3184838640145444], [0.23708105261825313, 0.7189775614120124, 0.038703530019112635, 0.005237855850621784], [0.2743212486768559, 0.6896791375244756, 0.028914029067398705, 0.007085584631269762], [0.3904280371254637, 0.20898562600716042, 0.21901799594521842, 0.18156834082215742], [0.23556019889949978, 0.08014847516543933, 0.6016009583825493, 0.08269036745251157], [0.9144052462029617, 0.054061361809826014, 0.020201579167011374, 0.01133181272020093], [0.9032988496899753, 0.058653197848967255, 0.02685393750294387, 0.011194014858113567], [0.8631499931328646, 0.05103205080293471, 0.07425196917579067, 0.011565986788409997], [0.823467842933631, 0.06973972105897455, 0.08153467548629131, 0.025257760421103205], [0.8918424114908655, 0.0527279741602864, 0.038576948809089746, 0.016852665439758274], [0.7979158820874154, 0.09236480477324881, 0.05871096539276579, 0.05100834764657], [0.6476805185337865, 0.12753441881031582, 0.05316393429565786, 0.17162112826023979], [0.6194391499898761, 0.1494450634506062, 0.18027031902635887, 0.050845467433158736], [0.6998915463018419, 0.13567904722290305, 0.07262354126968308, 0.09180586510557191], [0.49565084681800137, 0.07720859460286188, 0.39829045246138617, 0.028850106017750607], [0.5965895518826251, 0.29075380506989473, 0.08201215232061441, 0.03064449062686581], [0.5152236377299797, 0.3224239370807798, 0.1063246412265268, 0.056027783862713676]], "ideal": "C", "sampled": "C", "correct": true}}
{"type": "result", "data": {"idx": 5, "options": ["false criteria", "hasty generalization", "ad crumenam", "division"], "probs": [[0.25293301591232503, 0.2911290417644927, 0.0821172638856733, 0.373820678337509], [0.2804546810660206, 0.2218622241987951, 0.44817959781983213, 0.049503496815352155], [0.16540739689272313, 0.20266675041079038, 0.16801705203684122, 0.4639088005596453], [0.1935266732011428, 0.15309572446448083, 0.5688308561595306, 0.08454674607484583], [0.29778502981995614, 0.5922282061772418, 0.08666256410774446, 0.023324199795057617], [0.26598350102719504, 0.6281813593088449, 0.056632908091604504, 0.04920223147235558], [0.2714794575896581, 0.18952600656044652, 0.09832604228466965, 0.44066849346522574], [0.21289476274295366, 0.1291291386699635, 0.6160542826620385, 0.04192181582504427], [0.226135631204777, 0.24072282427871322, 0.061823350401447104, 0.4713181940150627], [0.27583157807935976, 0.2049851849098768, 0.48411491147717395, 0.03506832543358948], [0.4177726156596156, 0.5118695067956883, 0.05311446936241783, 0.017243408082278238], [0.4064081891726046, 0.521846769244019, 0.05086897666664988, 0.020876064816726547], [0.1542095380946748, 0.1667453919598944, 0.18894852215189237, 0.49009654769353844], [0.13512325587538015, 0.1249714074525005, 0.6346702120862323, 0.10523512448588708], [0.18974694814098356, 0.25533797637096517, 0.07787474195250635, 0.4770403334355449], [0.2036091985803782, 0.33049985245289376, 0.4310574554263726, 0.03483349344035541], [0.2212178548975485, 0.6604503810775565, 0.05593444388130332, 0.06239732004359169], [0.17708959250149128, 0.6895718214194624, 0.11082426624553411, 0.022514319733512252], [0.6445581176478491, 0.20601324703068125, 0.12110918126189502, 0.028319453959574664], [0.6614817030618358, 0.2181343815307629, 0.06348092344814979, 0.05690299185925141], [0.7252949176683076, 0.19218341301701464, 0.05770386618820411, 0.024817803026473653], [0.6947602576438918, 0.22910824717999664, 0.05702936722370178, 0.019102127852409764], [0.6699284039914768, 0.21412180974674339, 0.05165953349455597, 0.06429025266722382], [0.6192058335728244, 0.16665892332366014, 0.19484350119602478, 0.01929174180749063]], "ideal": "D", "sampled": "D", "correct": true}}
{"type": "result", "data": {"idx": 6, "options": ["responding to an argument with an expression of derision instead of a counter argument", "attempts to gain agreement based solely the feelings aroused by the message", "characterizing an opponent's position in such way to make it or its consequences appear to be ridiculous", "arguing actions should be taken to avoid negative results, when those results are exaggerated, unlikely, or irrelevant"], "probs": [[0.004101421797861166, 0.005025229451376303, 0.9881410347157381, 0.00273231393502442], [0.005077967949218419, 0.005078210093090839, 0.006727480879145334, 0.9831163409785454], [0.018729733405976844, 0.9758371764330597, 0.0035196079600041106, 0.00191348210095934], [0.026638228827002782, 0.9688915667364433, 0.0030361063020733765, 0.0014340980344805117], [0.007027718933529707, 0.005736135684776308, 0.007251239137888695, 0.9799849061438053], [0.008378291785439635, 0.00632437735274211, 0.9837714268279634, 0.0015259039338548954], [0.007824071481821994, 0.08544257808584234, 0.904456294169963, 0.0022770561623726587], [0.00892879204303927, 0.19392321432871892, 0.01803812097572474, 0.7791098725525171], [0.0012427852178197843, 0.997148727270964, 0.0011141083390246848, 0.000494379072191451], [0.0013447961962434686, 0.9979129749203666, 0.00039139129294989686, 0.00035083749044009587], [0.0028344933699698495, 0.003472962742182214, 0.2891517954711492, 0.7045407483166988], [0.0009824418987134955, 0.0016197821152845824, 0.9964891259314472, 0.0009086499545547112], [0.7638287224874876, 0.21210411959261274, 0.013990709133572332, 0.010076448686327365], [0.8429640655700522, 0.1419758717214718, 0.009968756140027422, 0.005091306468448543], [0.2621722089122605, 0.01959458489932848, 0.7127061936887865, 0.00552701239962446], [0.6374330831990592, 0.017802085130409706, 0.003560831511136505, 0.3412040000593946], [0.37895229605013275, 0.012766105172117424, 0.605605604600904, 0.002675994076845834], [0.302089877662722, 0.010833087515495192, 0.006269911310764715, 0.6808071234110181], [0.031978329656561756, 0.07206796437878904, 0.017939549764452195, 0.8780141561001971], [0.03509163151132367, 0.056077603884906846, 0.9051320059138157, 0.0036987585899537815], [0.0028835972956154097, 0.0038202572859186716, 0.04372107265643123, 0.9495750726620347], [0.001164739400620374, 0.002316374626603535, 0.9948241381149073, 0.0016947477578687195], [0.004530117371671131, 0.9936932474753883, 0.0011635125790789575, 0.0006131224738616199], [0.003478523621656664, 0.995155115939762, 0.000752334834100653, 0.0006140255044805908]], "ideal": "A", "sampled": "C", "correct": false}}
{"type": "result", "data": {"idx": 7, "options": ["Appeal to ignorance", "Double negative", "Equivocation", "Burden of proof"], "probs": [[0.992110161888328, 0.006479130779739655, 0.0004014549311038756, 0.0010092523008284051], [0.9884764768617413, 0.008419432861735179, 0.0017925980893500626, 0.0013114920871734434], [0.9932886855179547, 0.005999339787929217, 0.00019588630024691426, 0.0005160882938691516], [0.9923055769943233, 0.006087776640346603, 0.0008908378031493836, 0.0007158084621806412], [0.9845447092826207, 0.014043814714608513, 0.000667182680509779, 0.0007442932222610016], [0.9854986957480878, 0.012405615664805195, 0.0011539023010436258, 0.0009417861860634072], [0.01110116300164646, 0.9838190682960509, 0.001899207245274709, 0.0031805613570278987], [0.0071339629783857645, 0.9792240756781695, 0.01021902438857916, 0.0034229368548655504], [0.0025676340208901052, 0.0040395008941544455, 0.9884436263016418, 0.004949238683313635], [0.015789407470501435, 0.03140157308778398, 0.8098635876552528, 0.14294543168646182], [0.0071759530057327724, 0.03587801041673533, 0.9546880011012883, 0.002258035376243605], [0.02261481228529248, 0.9467197988118663, 0.007694369879525862, 0.022971018923315368], [0.01994487148333015, 0.9761470868925205, 0.0008493692420535148, 0.0030586722820957857], [0.02643891119220611, 0.9616021083107661, 0.007574943951879942, 0.0043840364451478405], [0.0017744110349487909, 0.00207451205385348, 0.9938726900869304, 0.0022783867242674124], [0.008107660896234542, 0.014229510958731107, 0.9518967925926237, 0.025766035452410595], [0.013820164863130407, 0.029718321013100384, 0.953864759728782, 0.0025967542949871815], [0.049647616115068495, 0.9079733130649117, 0.00548399823377024, 0.03689507248624958], [0.06455553474113723, 0.9339427684724719, 0.0008384385538907429, 0.0006632581325001049], [0.1417444446870848, 0.8548378346556245, 0.002401051278431688, 0.0010166692788590346], [0.015267799980099762, 0.00804567307545192, 0.9745877027910083, 0.002098824053440053], [0.511417953475846, 0.2034311467331844, 0.019829869912098504, 0.2653210297788711], [0.09346127400332944, 0.028504427187735232, 0.8730029957310526, 0.0050313029778827735], [0.6167859567940138, 0.28238815426172165, 0.00623872297969455, 0.09458716586456992]], "ideal": "A", "sampled": "A", "correct": true}}
{"type": "result", "data": {"idx": 8, "options": ["ignoring another person's arguments and attacking her character instead", "asserting an opposing arguer has taken an easily defeated position, which she has not really taken", "causing confusion during an argument by a lack of ability to engage in refutation", "using threats of harm instead of reasoning to gain agreement"], "probs": [[0.9064217403974766, 0.07211396523457345, 0.014650983086326314, 0.006813311181623624], [0.9465953429048944, 0.04496961699670971, 0.004967325220812013, 0.003467714777583854], [0.6615800505680036, 0.028617127207807274, 0.3028985994888994, 0.006904222635289631], [0.9163632076197933, 0.0303907886820637, 0.006174462634028778, 0.047071540964114214], [0.8554304498208508, 0.01566770347170637, 0.1251804121058687, 0.0037214345015740735], [0.9554711019177168, 0.01593353245138808, 0.005771006267312176, 0.02282435926358293], [0.1358215815373506, 0.8584402244674385, 0.0035082309209197005, 0.0022299629742911693], [0.0510046242284384, 0.9475057514620869, 0.0008374291699997359, 0.0006521950394749657], [0.14003335942284456, 0.04690596052140228, 0.8058673720483279, 0.007193307907425178], [0.5946067399376497, 0.11348353742605553, 0.006605691085117213, 0.28530403145117755], [0.012148941093618318, 0.006502950150031041, 0.9803662868074466, 0.000981821848904003], [0.35678646253606944, 0.03702265862113738, 0.008657519051629457, 0.5975333596911637], [0.315051662027061, 0.5794725134476884, 0.09913830248580933, 0.006337521939441363], [0.13608461960193696, 0.8467664004086702, 0.00488030450214485, 0.012268675387247968], [0.09324325307573282, 0.06612077133036458, 0.831110330289964, 0.009525645203938674], [0.17169267073362351, 0.7342598495654465, 0.006352744580541, 0.08769473502038894], [0.03206672551975664, 0.009044898765648434, 0.9519532419454962, 0.0069351336690986675], [0.08561511300553201, 0.01880735918400751, 0.7873477812440848, 0.10822974646637566], [0.020764722644520457, 0.9697476263213615, 0.006847662595434332, 0.002639988338683732], [0.026053351174830517, 0.9625155516920547, 0.004527516470767429, 0.0069035805623473764], [0.011713788352554445, 0.024798464850901036, 0.9601316048679728, 0.0033561418285716835], [0.06958629255033205, 0.5826534086502829, 0.015771752368681176, 0.33198854633070385], [0.022769709050076824, 0.011998852188480626, 0.9532324253541635, 0.011999013307278967], [0.06595255826961448, 0.03757907673812089, 0.26085643532388153, 0.6356119295683831]], "ideal": "A", "sampled": "A", "correct": true}}
{"type": "result", "data": {"idx": 9, "options": ["Laudatory personality", "Guilt by association", "Reprehensible personality", "Circular reasoning"], "probs": [[0.06828932676648027, 0.9281099907002849, 0.0030005490395770456, 0.0006001333936577719], [0.039899423779414085, 0.9369603688543218, 0.020063446875957108, 0.0030767603903070046], [0.018959970304409476, 0.01726352889037786, 0.9574256459510743, 0.00635085475413842], [0.019728364310703704, 0.04111859551525987, 0.5948774184723021, 0.34427562160173425], [0.03863837229422907, 0.1135671371686366, 0.839172966277647, 0.008621524159487326], [0.05656260068545142, 0.7808502577494514, 0.037096293020512316, 0.12549084844458483], [0.9763199894208897, 0.017331835503915025, 0.003928134780853033, 0.0024200401943422294], [0.9062036786607097, 0.02002085167695001, 0.07097994469346398, 0.0027955248688762858], [0.9824033907895278, 0.0116174504418848, 0.002323624943901199, 0.0036555337246862597], [0.9198926404489394, 0.01879592239395581, 0.05880714044155954, 0.0025042966155452828], [0.9610310604272897, 0.029942150565698374, 0.007337587730949347, 0.001689201176062624], [0.9544115124461214, 0.03818167396714339, 0.005855317263084247, 0.0015514962236509396], [0.018464544192879098, 0.013721900549829988, 0.9620033788565445, 0.005810176300746439], [0.015510968284584387, 0.024402751607140255, 0.7711227844211179, 0.18896349558715744], [0.10324394874955094, 0.8919243365143131, 0.0037025386153237316, 0.0011291760208121725], [0.08224857942420495, 0.8842909109761389, 0.029789793619273284, 0.0036707158803828753], [0.06306054395506584, 0.8051406084303034, 0.021123647530323534, 0.11067519998430717], [0.04763393360786426, 0.08761466826555418, 0.8576711207707032, 0.0070802772558783665], [0.06117220270763655, 0.01985999026026341, 0.9130972099148512, 0.005870597017248835], [0.2710719093289013, 0.13845285663099915, 0.042890286703593225, 0.5475849472365063], [0.1319766392190633, 0.8606170363342182, 0.006570935219787758, 0.0008353891269307741], [0.16793204071637458, 0.8266068454227956, 0.004763998760499444, 0.0006971150003303195], [0.3975622383344817, 0.06490167016571222, 0.02705475164383013, 0.510481339755976], [0.23484633051368345, 0.024753025808818833, 0.7347905381897953, 0.005610105387702324]], "ideal": "B", "sampled": "B", "correct": true}}
{"type": "result", "data": {"idx": 10, "options": ["Appeal to ignorance", "Extension", "a priori", "Complex question"], "probs": [[0.7583358030009016, 0.18295445364170632, 0.015254192734661833, 0.043455550522730146], [0.7512081365388542, 0.15746163522738738, 0.052742756685676746, 0.03858747144808169], [0.6814496440342014, 0.12410007277268356, 0.0493631320096013, 0.1450871510835137], [0.6206267198019457, 0.17234145822851452, 0.06855216315215028, 0.13847965871738943], [0.7893375076063639, 0.14601174947353507, 0.028305552879673818, 0.03634518994042721], [0.5221367302788549, 0.3820038607407768, 0.025195772843665257, 0.07066363603670305], [0.12856950923585578, 0.8253902515371566, 0.01823507746828649, 0.027805161658701137], [0.18659999999512358, 0.715320826837639, 0.0777872727692334, 0.020291900298004015], [0.17596799836926316, 0.21226168217942848, 0.4028030453456595, 0.20896727400564882], [0.11913909318078664, 0.18452677931554187, 0.5256761116129454, 0.17065801579072615], [0.10549380355735799, 0.6667526661721394, 0.17945461775600244, 0.048298912414500246], [0.09297130377182321, 0.77845282369736, 0.03114167827427358, 0.09743419415654317], [0.07506363670380117, 0.36376329439750144, 0.369489154864649, 0.1916839139340484], [0.09237978537664052, 0.4012920826175948, 0.30767804151916783, 0.19865009038659687], [0.0990956767890157, 0.4582413639373911, 0.28675912109543317, 0.15590383807816], [0.08457431626314879, 0.4098538305255017, 0.36169992526356665, 0.14387192784778285], [0.06644046305945703, 0.3374262451788123, 0.33742249008619185, 0.25871080157553883], [0.10108902312467573, 0.3998295366237234, 0.2747966553589575, 0.2242847847926434], [0.20986286824639636, 0.41089542777686394, 0.27371537070855606, 0.10552633316818363], [0.09787091575377391, 0.48933175019000785, 0.043429646474885, 0.3693676874813332], [0.15669053324412408, 0.3700567969292849, 0.3531129552633224, 0.12013971446326863], [0.18452106689338038, 0.5339276869646394, 0.05897547391920829, 0.2225757721227719], [0.0773695477961899, 0.1689934568758186, 0.1637901502401493, 0.5898468449878421], [0.13574551044537167, 0.20062096414944017, 0.2829182743743266, 0.38071525093086156]], "ideal": "D", "sampled": "A", "correct": false}}
{"type": "result", "data": {"idx": 11, "options": ["Attacking the Person (ad hominem)", "Equivocation", "Begging the Question", "Appeal to Pity"], "probs": [[0.507418952278793, 0.37124103518282575, 0.05782915220359197, 0.06351086023478932], [0.4561190928885738, 0.41531056666330446, 0.06077414388202989, 0.06779619646609189], [0.45589137505513294, 0.42163709425972906, 0.05980162360284611, 0.06266990698229191], [0.44072556137956065, 0.42717134514180843, 0.07779516742614799, 0.05430792595248296], [0.4099553219159933, 0.45025757157358287, 0.05906170651535317, 0.08072539989507065], [0.42635084903891546, 0.38820292384906063, 0.10780204510200712, 0.07764418191001676], [0.25470578098642865, 0.5563638681429699, 0.09668060175076551, 0.09224974901983587], [0.25847957883691636, 0.5734985769301106, 0.08007757037481822, 0.08794427375815472], [0.2356624068676373, 0.4542780030164035, 0.1671202779054663, 0.14293931211049293], [0.23665242326936994, 0.3902024749930795, 0.13275902868556952, 0.24038607295198108], [0.24238720217998858, 0.4188381121009389, 0.14702569341487975, 0.19174899220419278], [0.1917058761988746, 0.3526335813929775, 0.154050625281305, 0.30160991702684287], [0.26287642510402637, 0.5479030094180419, 0.0997803747521454, 0.0894401906257863], [0.2956353811813412, 0.4951135961250147, 0.08209812884994308, 0.12715289374370095], [0.26940782481168707, 0.4373110792981024, 0.1397743606293117, 0.15350673516089877], [0.24322483484752472, 0.3948157517548511, 0.11489735054336432, 0.24706206275425982], [0.30161982322269737, 0.38129808926795516, 0.09640738223412094, 0.2206747051752265], [0.21706641237950405, 0.36353640119658626, 0.11802112527407106, 0.3013760610498386], [0.2532439046804938, 0.5618770373144808, 0.08094621065699177, 0.10393284724803359], [0.2902198601870654, 0.5093726287553276, 0.08851629099036909, 0.11189121996723787], [0.24499739309173865, 0.45065554006311775, 0.14861237175523928, 0.15573469498990428], [0.22293290659741127, 0.4037198155991821, 0.09588860790879736, 0.27745866979460926], [0.24758729336170063, 0.5001658200717486, 0.11335965989886605, 0.13888722656768476], [0.2094123441297638, 0.4230564691841914, 0.09439420305717049, 0.27313698352887433]], "ideal": "C", "sampled": "A", "correct": false}}
{"type": "result", "data": {"idx": 12, "options": ["Equivocation", "Affirming the Consequent", "Gambler's Fallacy", "Inconsistency"], "probs": [[0.34623436052708356, 0.3008238195581127, 0.07034533795932782, 0.2825964818554759], [0.35497689243581576, 0.2556912600738419, 0.18707096574819965, 0.20226088164214268], [0.3229067454883367, 0.3081329899946852, 0.06560631498601469, 0.30335394943096344], [0.33217147484335763, 0.27972749289647153, 0.1834541586372706, 0.2046468735229002], [0.35090304201840894, 0.4367242254638006, 0.07708732210269062, 0.1352854103150998], [0.3140452755070806, 0.4569518199560289, 0.08065758524538771, 0.14834531919150282], [0.23119186207116185, 0.36373392285843115, 0.07389593233764209, 0.33117828263276494], [0.2718975584219826, 0.3129680501053893, 0.13460375567824312, 0.28053063569438497], [0.25145741732606847, 0.2761846718768708, 0.10647784679485364, 0.36588006390220706], [0.2912778984290207, 0.2693986118791689, 0.19404208035504888, 0.2452814092367615], [0.30113905665247276, 0.31560319658938085, 0.10906788705688801, 0.27418985960125836], [0.30290437418704935, 0.39507571741882364, 0.09383767306993568, 0.20818223522419133], [0.32281976935019485, 0.42768412824168595, 0.05971872805951885, 0.1897773742486004], [0.353899018658362, 0.3594854935835868, 0.08809641419601082, 0.1985190734620404], [0.3705352660496216, 0.32193783540089843, 0.10289806531436671, 0.20462883313511324], [0.3879106813837412, 0.32159917000888727, 0.11289342251304764, 0.17759672599432388], [0.3773047158949644, 0.3832560307928908, 0.0720124212425868, 0.16742683196955802], [0.3584490502446635, 0.4391950702707817, 0.06841405817694438, 0.13394182120761047], [0.4179121175391652, 0.4114473080233395, 0.0682260280599183, 0.10241454627757697], [0.4088235290421803, 0.3962584822137427, 0.07216549825316597, 0.12275249039091106], [0.46359654091759933, 0.2768346717526639, 0.12674570439271923, 0.13282308283701752], [0.4334583508103391, 0.34830026651492013, 0.07076312224859066, 0.14747826032615008], [0.42745832878422785, 0.2984211831515982, 0.11686595131378812, 0.1572545366503858], [0.42437732982384263, 0.3573698512734063, 0.06928089644092211, 0.14897192236182896]], "ideal": "D", "sampled": "D", "correct": true}}
{"type": "result", "data": {"idx": 13, "options": ["arguing that something is necessarily bad because it doesn't cost very much", "substituting individual stories for a larger sample when supporting a generalization", "arguing that what is true in nature must be true about humans", "the same thing as the  post hoc  fallacy"], "probs": [[0.20328127754449302, 0.0670354768731678, 0.6877338596967798, 0.041949385785559415], [0.26515346367757203, 0.06809845464593983, 0.06917004183479794, 0.5975780397416902], [0.32729405771078374, 0.5744216548528104, 0.06968614588141481, 0.02859814145499107], [0.2232280284628681, 0.743474682309605, 0.0210910556925237, 0.012206233435003213], [0.11641193716158149, 0.02943463009464744, 0.058536632771129714, 0.7956167998726413], [0.1275910183398895, 0.03891394713092065, 0.7939685527659167, 0.039526481663273175], [0.18852158887419213, 0.05749638973169723, 0.7227217961905412, 0.031260225103569364], [0.24566064889913747, 0.05567872585104591, 0.08101205819340228, 0.6176485669564143], [0.28104790221552794, 0.695606106252236, 0.01585625978786394, 0.007489731644372136], [0.22285055493544312, 0.765774399116915, 0.007163756340843219, 0.0042112895067985875], [0.12267914321775947, 0.03982998400654962, 0.037416062966598176, 0.8000748097090927], [0.10258359422639984, 0.022185539992902025, 0.8589992462376388, 0.016231619443059293], [0.7845729278667961, 0.10453095568990109, 0.08141178441811094, 0.0294843319251919], [0.8570054550593936, 0.10235149930152777, 0.02393452036763446, 0.016708525171444163], [0.7959367661720924, 0.1340535734983351, 0.039627105141294645, 0.03038255508827783], [0.8924185458229741, 0.06881365044743244, 0.02341325721313024, 0.015354546416463184], [0.8059872623775799, 0.1315686941804137, 0.025908606828753795, 0.03653543651325263], [0.8331909688093994, 0.08781399602344203, 0.050036806232657646, 0.028958228834501], [0.09041744928443639, 0.02981776090617708, 0.07379849765722363, 0.8059662920521629], [0.05264003878216005, 0.02228970796386781, 0.9044555306811886, 0.020614722472783547], [0.06922711121818559, 0.041339235390795336, 0.032701323206373686, 0.8567323300846454], [0.0641436971411383, 0.021824027230167454, 0.8994940828389475, 0.014538192689746715], [0.10972630107913411, 0.8766938349109978, 0.008201454116027592, 0.005378409793840409], [0.12489025736829903, 0.8534920691457305, 0.014233555381606984, 0.007384118004363511]], "ideal": "C", "sampled": "C", "correct": true}}
{"type": "result", "data": {"idx": 14, "options": ["Style over substance", "Question begging epithets", "Hypostatization", "Amphiboly"], "probs": [[0.5053149235347527, 0.3064894538890544, 0.12191301038031019, 0.06628261209588272], [0.4467476111276089, 0.3372232321065117, 0.13839630528463528, 0.07763285138124411], [0.5444178256195064, 0.2612148069350092, 0.13134678414063766, 0.06302058320484673], [0.5505115039324774, 0.29009862047953966, 0.09566406587288091, 0.06372580961510199], [0.46806926037676844, 0.2505392916651833, 0.20131462820205304, 0.08007681965599525], [0.5092142072044955, 0.27685402995994696, 0.1370525319125532, 0.07687923082300441], [0.6346025825922906, 0.2334558280526658, 0.07819763278933081, 0.053743956465712776], [0.6230326611805098, 0.24019875046300593, 0.0721206036680072, 0.06464798458847702], [0.6187520345984626, 0.16395223896269528, 0.17452650480343787, 0.042769221535404266], [0.5101115297057558, 0.19361615900309476, 0.059049377549099474, 0.23722293364205], [0.6219238638255945, 0.19569595156143169, 0.11150425671416085, 0.07087592779881298], [0.505291785639465, 0.23868189639344362, 0.06424030975233759, 0.1917860081147538], [0.13249952003901377, 0.6420809099710891, 0.15982769608311484, 0.06559187380678227], [0.08879629323198882, 0.7670901841553579, 0.08212386632357652, 0.06198965618907675], [0.10838089559243436, 0.5590780210210688, 0.2519991918550503, 0.08054189143144652], [0.07820892682823433, 0.596243229280835, 0.07699777529353802, 0.24855006849739275], [0.043349452312426075, 0.08894764631097142, 0.792801797310704, 0.07490110396589857], [0.06822307017926735, 0.13998552395418148, 0.5536681701857298, 0.23812323558082144], [0.10519689869110556, 0.49409186431774094, 0.2904656084579281, 0.11024562843322536], [0.06369356160262407, 0.643289694770763, 0.17586636803576572, 0.11715037549084711], [0.09630976373609676, 0.46670990631509773, 0.28307731433020383, 0.15390301551860167], [0.06612883464285045, 0.536662752972491, 0.10083633203257088, 0.29637208025208767], [0.03077303549101848, 0.06827318515080286, 0.8061662731370405, 0.09478750612113822], [0.04314262840252289, 0.10512412455883052, 0.5955827302141511, 0.25615051672449546]], "ideal": "B", "sampled": "A", "correct": false}}
{"type": "result", "data": {"idx": 15, "options": ["Tu quoque", "Composition", "Appeal to the masses", "Appeal to reason"], "probs": [[0.22112905935756708, 0.180482864025659, 0.5735779989429345, 0.024810077573839465], [0.2525536938488149, 0.46452696722490605, 0.03813017790740366, 0.24478916091887543], [0.16420762392174879, 0.7712598514089222, 0.05167075294177926, 0.012861771627549728], [0.049994592846594056, 0.9433444969164396, 0.004950172388953414, 0.0017107377480128957], [0.24291592067780585, 0.2585882025277771, 0.0852717335517886, 0.41322414314262845], [0.00702713926214477, 0.010549163206527087, 0.9797564522695779, 0.0026672451617502715], [0.2174849445159822, 0.18895652325181495, 0.5641250441665073, 0.02943348796569555], [0.16241109127549808, 0.4626752366754383, 0.05191023569913805, 0.32300343624992556], [0.25465296613508287, 0.6605281129212355, 0.0685394680833426, 0.016279452760338996], [0.20019358950977933, 0.7795132646146938, 0.014055892053269589, 0.0062372537222572565], [0.25284151182185094, 0.08208697594205384, 0.4650545293020516, 0.2000169828340436], [0.04236549317794095, 0.02957630767262093, 0.9200978454355251, 0.007960353613913], [0.8534879333850819, 0.10353969357268511, 0.030606320733237602, 0.012366052208995362], [0.9502113315823951, 0.03983744422665997, 0.0063032031252855045, 0.0036480209656594006], [0.7979795930466476, 0.14761119689144764, 0.03732199499546753, 0.017087214966437288], [0.9237718238980319, 0.06092921438707933, 0.007053088124197703, 0.008245873490691068], [0.9668096060338119, 0.024203545364914758, 0.006514292913476499, 0.002472555587796791], [0.9413441637833864, 0.040087205355871285, 0.012225910373344097, 0.006342720387398233], [0.030969152149522814, 0.13244105148792681, 0.02527635876500999, 0.8113134374975404], [0.004787481838959573, 0.022485915493289148, 0.9711964096642394, 0.0015301929035119223], [0.09037143054041431, 0.24185331835593074, 0.0875915739679579, 0.5801836770356971], [0.07077187767250656, 0.13430351982343144, 0.7850424935518968, 0.009882108852165141], [0.00896239065654156, 0.9884896556982117, 0.0017648169902571664, 0.000783136554989584], [0.02348692532832881, 0.9679802500751876, 0.005938488529048105, 0.00259433596743547]], "ideal": "C", "sampled": "C", "correct": true}}
