{"type": "result", "data": {"idx": 0, "options": ["ADD.", "AIDA.", "PESTLE.", "SWOT."], "probs": [[0.07151244203734065, 0.9130170460012764, 0.008278257708428025, 0.007192254152954908], [0.0675456187116837, 0.917989737768716, 0.007345325357721925, 0.007119318061878446], [0.03631151256149244, 0.008898582704320406, 0.9512502973154764, 0.00353960731871071], [0.0416483786295155, 0.004600466904164205, 0.0058154703903325064, 0.9479356839759878], [0.054551884052774974, 0.01663749577758209, 0.9226900292123563, 0.006120590857286585], [0.05678173838558204, 0.006370855379101263, 0.005984809112233225, 0.9308625970230835], [0.9626444749642958, 0.03242928764245854, 0.0025400732454925784, 0.0023861640477530065], [0.9550392695808566, 0.039419291224493065, 0.002900510400378442, 0.0026409286942718616], [0.9522940878756608, 0.03869660476228139, 0.005574790158367874, 0.0034345171036898603], [0.9537087644647699, 0.03528604643781531, 0.0031318243014806712, 0.007873364695934101], [0.943655968182832, 0.046253600857031944, 0.005438583684346862, 0.004651847175789199], [0.9502257721084161, 0.039838316577659794, 0.0031203900793876195, 0.0068155211345364885], [0.017307274464944004, 0.02087670988009499, 0.9598435993239582, 0.0019724162310027884], [0.02629885006064748, 0.013019138584380592, 0.004161114054848965, 0.9565208972001229], [0.015839046758489655, 0.9799355859533097, 0.002211644644240747, 0.002013722543959991], [0.012936354550249043, 0.9806126903244209, 0.0013849663013408122, 0.005065988723989206], [0.015933110955988813, 0.002768812406755431, 0.02586216608341469, 0.955435910453841], [0.010249927878174607, 0.007155657727687137, 0.9669650735251653, 0.015629340768972978], [0.010987934853521631, 0.013462776769426121, 0.973783354625831, 0.0017659336512212745], [0.025887631914008884, 0.013430573582716814, 0.0042926270366851664, 0.9563891673665891], [0.022403552609145252, 0.9676328881722153, 0.006418778014669168, 0.0035447811039702624], [0.01834570529162807, 0.9708359375438881, 0.0032892355992419696, 0.007529121465241883], [0.019399267812745126, 0.0028387959361171663, 0.043039518105414384, 0.9347224180457233], [0.010167627504389544, 0.005358010016869375, 0.9743066938961586, 0.010167668482582461]], "ideal": "B", "sampled": "B", "correct": true}}
{"type": "result", "data": {"idx": 1, "options": ["The realm of understanding.", "Personal selling.", "Noise.", "Feedback."], "probs": [[0.09237891660107314, 0.04296398691803282, 0.01508115677298105, 0.849575939607913], [0.07295792021492463, 0.04494965209957439, 0.8481636299287577, 0.033928797656743274], [0.05979826550746092, 0.02960488884291951, 0.017955379190904754, 0.8926414663587148], [0.0143454423270156, 0.013689123501326962, 0.9596949448338344, 0.012270489237822972], [0.028249532633915758, 0.9502842614286467, 0.00931603328367897, 0.012150172553758554], [0.026156234046419792, 0.9513647032597387, 0.00932664838500908, 0.013152414208832506], [0.004760503365824811, 0.9809511796320782, 0.002320172289788182, 0.011968144612308754], [0.011167461410714802, 0.9592704876671753, 0.020864634635117625, 0.008697416186992294], [0.00730094533130749, 0.01113306129754018, 0.9414754342578409, 0.040090559013311475], [0.005538295000825499, 0.008989930292113034, 0.9610354649638367, 0.02443630964322473], [0.014483041655229074, 0.8158899316896652, 0.15816977176621883, 0.011457254788886888], [0.005048765835653652, 0.9621786541426803, 0.005048965604347282, 0.02772361431731871], [0.0024445229161982195, 0.9862301330283695, 0.002522170073059242, 0.008803173882373068], [0.005131499138771217, 0.6514401139396758, 0.3379658593635353, 0.0054625274580176264], [0.003625440483211451, 0.009552064245714685, 0.9743645325134604, 0.012457962657613389], [0.0032131668008777707, 0.008334650855174913, 0.9785548679978379, 0.009897314246109498], [0.0047429998279011005, 0.9622020070533321, 0.026045182322093238, 0.007009810696673463], [0.0025925955176347762, 0.9826061690316725, 0.005752067526627447, 0.009049167824065289], [0.8123258389294207, 0.17568326076450985, 0.005388659915295147, 0.006602240290774304], [0.8271416269846984, 0.16035376521599481, 0.005235688284931904, 0.00726891941437485], [0.8506138567568128, 0.10001853349732714, 0.03402963616278724, 0.01533797348307286], [0.8353396785548708, 0.12224082841069304, 0.005717228256705215, 0.03670226467773097], [0.8833302225655245, 0.09606042467564707, 0.012600270051738225, 0.008009082607090195], [0.8656977237993475, 0.11355825354917601, 0.006307101616652295, 0.014436920934824167]], "ideal": "A", "sampled": "D", "correct": false}}
{"type": "result", "data": {"idx": 2, "options": ["In the late 1800s.", "In the early 1900s.", "In the 1920s.", "After the end of the Second World War."], "probs": [[0.14435172079550135, 0.2782514989097817, 0.22011569140140458, 0.35728108879331244], [0.13661604442518, 0.21493243959974306, 0.3891956441725899, 0.25925587170248704], [0.144746516473914, 0.19176218483205848, 0.21060962110468545, 0.45288167748934205], [0.13586081360619426, 0.14690392989084444, 0.4250839288840202, 0.29215132751894113], [0.18891417696800888, 0.47494035246778094, 0.16413525990789007, 0.17201021055632007], [0.21422876947933475, 0.49810562286288146, 0.14270990447569754, 0.14495570308208627], [0.15389473734747217, 0.38690069313948683, 0.17168612776469935, 0.28751844164834167], [0.13344771959866178, 0.2695793469043305, 0.3627611344278517, 0.23421179896915603], [0.1371174244244031, 0.16539945457416266, 0.2684709309456576, 0.4290121899557766], [0.13094639484139742, 0.12495331930714061, 0.33439471566921236, 0.4097055700822496], [0.1656437292072113, 0.3973696707105981, 0.295302404223762, 0.14168419575842858], [0.18220501460719535, 0.3738697635993405, 0.19095424669357042, 0.2529709749998937], [0.09469879629332843, 0.25742465830459355, 0.2167725611284987, 0.4311039841735793], [0.07321073586466686, 0.1756282681189583, 0.5325904289625552, 0.21857056695381968], [0.09891869503318415, 0.1290178995816324, 0.23729943342743706, 0.5347639718577464], [0.08059791234527963, 0.10677786597203752, 0.4785486614658116, 0.33407556011687123], [0.11329727703166474, 0.3032081745500757, 0.40801379384500924, 0.1754807544732503], [0.13058336789593397, 0.42153972850758104, 0.2291877430932369, 0.21868916040324807], [0.19625074894992248, 0.45630576102589393, 0.1601781701722151, 0.18726531975196847], [0.20262888675776056, 0.5772456698211657, 0.09722403725677155, 0.12290140606430225], [0.23322732396733037, 0.2769697863038108, 0.26018970814442915, 0.2296131814844297], [0.2610183241247142, 0.356776012886728, 0.12921566682287824, 0.25298999606567957], [0.19138732265425173, 0.16628366459310687, 0.3927104414202887, 0.24961857123235265], [0.24967634673461075, 0.2309168714600478, 0.2037832411194652, 0.3156235405858762]], "ideal": "C", "sampled": "D", "correct": false}}
{"type": "result", "data": {"idx": 3, "options": ["The level of tangibility associated with the type of product.", "Performance-value.", "Variations in supply and demand.", "The way in which the service is delivered."], "probs": [[0.06443655520236488, 0.05959722426867757, 0.8622463384816876, 0.013719881947269894], [0.11699586447645405, 0.1574490826974499, 0.5326589981131984, 0.1928960546128977], [0.14129851836023788, 0.6234798465612655, 0.2188646805376631, 0.016356954440833453], [0.14361356349962134, 0.5420264692410393, 0.2856350572834019, 0.028724909875937458], [0.1553768205831777, 0.19338272365943893, 0.533955391190037, 0.11728506446734638], [0.11264786469497315, 0.09194460184893818, 0.7698759163376413, 0.025531617018447365], [0.050817603615635594, 0.04925648700541676, 0.886874362501262, 0.013051546777685634], [0.11967062114717951, 0.15367299202281567, 0.5198812445487159, 0.20677514218128895], [0.12293248726295394, 0.4567788302631483, 0.4031229702586575, 0.01716571211524025], [0.0961697825059286, 0.26555159091786334, 0.5622006528515541, 0.07607797362465395], [0.11235872403842043, 0.166073035445451, 0.3861227246854408, 0.3354455157306878], [0.05499070964189877, 0.052475296737598494, 0.8469439870306885, 0.04559000648981418], [0.34882107438537086, 0.25521191999597537, 0.37718883223261435, 0.018778173286039434], [0.28300249995445165, 0.23462348033560737, 0.44525236550367364, 0.03712165410626732], [0.2392774241869591, 0.20150022356805006, 0.5392715970578315, 0.01995075508715943], [0.1512551501616127, 0.14660977262609695, 0.6172872965102203, 0.08484778060207006], [0.3038585208340004, 0.20241780727878958, 0.47065615999951305, 0.023067511787696966], [0.23466863176851377, 0.1885703717622669, 0.5126057633570235, 0.06415523301219586], [0.14762844143821718, 0.19866695998112513, 0.5234218239260818, 0.1302827745545758], [0.08699319947968945, 0.06990340103969438, 0.8254291122267619, 0.01767428715385434], [0.10810505194979741, 0.17008518537350914, 0.5490561518620695, 0.17275361071462397], [0.05906081090548757, 0.05906369800559765, 0.8412824052304247, 0.040593085758489994], [0.14053250051395313, 0.46806650679303946, 0.3761184996868438, 0.015282492906163613], [0.11946722329849897, 0.4652066618391583, 0.36231170461525697, 0.05301441014708572]], "ideal": "B", "sampled": "C", "correct": false}}
{"type": "result", "data": {"idx": 4, "options": ["found guilty under the Sherman Antitrust Act and face prison time", "found guilty under the Magnuson-Moss Warranty Act and face large fines", "found guilty under the Adamson Act and face prison time and fines", "found not guilty because retailers are allowed to set their own price levels"], "probs": [[0.9862915618389738, 0.010619608473344094, 0.0019339937230286102, 0.0011548358646534288], [0.9883781049175504, 0.008961576944583488, 0.0020311057979207213, 0.0006292122399454053], [0.9885731450098587, 0.009104495038664355, 0.0013322883900356883, 0.0009900714614412825], [0.988688633104591, 0.009105711658143481, 0.0016325580232944468, 0.0005730971139710435], [0.98990349456548, 0.00883638193433744, 0.0009760650424888739, 0.0002840583576936535], [0.9890732746073614, 0.009546531345863096, 0.0011051002635673382, 0.0002750936832082191], [0.09769823464881384, 0.8845470604457445, 0.008808064331031117, 0.008946640474410582], [0.08913692588282182, 0.9003147832761724, 0.007092009570260739, 0.0034562811707450638], [0.14783617632346915, 0.0743433225923444, 0.6322715187592116, 0.14554898222497487], [0.19526133483782834, 0.14513488899674457, 0.04860702293665676, 0.6109967531287703], [0.03436975167955325, 0.027619138254372278, 0.9290448987708101, 0.008966211195264398], [0.3197786569028188, 0.22328496982364107, 0.077155501814909, 0.3797808713586311], [0.10575831286451945, 0.8583351053059406, 0.018093607643910596, 0.017812974085629343], [0.12237186962318024, 0.8494987053084273, 0.02194085758871557, 0.006188567379676866], [0.06724137148372329, 0.026749386602726605, 0.8858189303503179, 0.020190311463232215], [0.1702199194492023, 0.09550986048778437, 0.05032108166016646, 0.6839491383028469], [0.05865082337518153, 0.03787191228090822, 0.8893264886760469, 0.01415077556786336], [0.14404037700673267, 0.1104690142645413, 0.05820351136790452, 0.6872870972608215], [0.025533678581247422, 0.9733401754659788, 0.0008468685162624076, 0.00027927733651136844], [0.022248136526212003, 0.9761464283436277, 0.0012165807773951032, 0.00038885425276518416], [0.036054261327364535, 0.02364735138629288, 0.9299681859741538, 0.0103302012121888], [0.23407973790451742, 0.13764716068111038, 0.10886811722315917, 0.519404984091213], [0.1005670863971083, 0.0713208905761049, 0.7911138445340923, 0.03699817839269453], [0.19752916691712147, 0.22388491032268903, 0.0661702752047172, 0.5124156474554723]], "ideal": "A", "sampled": "A", "correct": true}}
{"type": "result", "data": {"idx": 5, "options": ["A composite analysis of all environmental factors inside and outside the firm.", "A series of business decisions that aid in selling a product.", "The relationship between a firm's marketing strengths and its business weaknesses.", "A blending of four strategic elements to satisfy specific target markets."], "probs": [[0.01589289606190623, 0.016143418126894526, 0.014930111480024983, 0.9530335742311743], [0.008983464530005838, 0.008983550211679063, 0.9754604878945355, 0.006572497263779545], [0.010516145020692806, 0.0070053784401280265, 0.020914017665110467, 0.9615644587740687], [0.004231663049296981, 0.003347545471025306, 0.9880547743357933, 0.004366017043884482], [0.01339913789710209, 0.9844511079174665, 0.0008837923412231869, 0.0012659617442082412], [0.009256854677190937, 0.9895581825035804, 0.0004131343916635743, 0.0007718283275650376], [0.024073891204755508, 0.022615628188362248, 0.02124529692367373, 0.9320651835832086], [0.010842038983861374, 0.008988433137788868, 0.9759895208389613, 0.00418000693938847], [0.01761610281471782, 0.009429377687167805, 0.026035119354670875, 0.9469194000434435], [0.002835278854104177, 0.0019184597694502845, 0.9937981329095542, 0.00144812836689129], [0.0038226715722401677, 0.9957268472240262, 0.00016027126197905284, 0.0002902098417546406], [0.004068597465626004, 0.9955773358854817, 0.00011723981859713793, 0.00023682673029513782], [0.007527269660605987, 0.0116586893751692, 0.04006150491329804, 0.9407525359509268], [0.0025711960807914746, 0.004512626244209999, 0.9898147057413901, 0.0031014718336084754], [0.00857133330691512, 0.025193067429257917, 0.035527482856882404, 0.9307081163069445], [0.0018000564255114255, 0.004386153525597275, 0.992614683732066, 0.001199106216825374], [0.0013667165459864653, 0.9984350234210069, 6.293393774925103e-05, 0.00013532599525739193], [0.0019564563571664623, 0.9977837288149435, 9.150859917930423e-05, 0.000168306128710697], [0.9791450822093732, 0.017933680333642593, 0.0012789986050755198, 0.0016422387519086355], [0.9765194582083386, 0.020586182535956597, 0.0009187570450847468, 0.001975602110620046], [0.9715007188574691, 0.025093109038235913, 0.0015307235678494863, 0.0018754484364454363], [0.9677003799082492, 0.028769044731836377, 0.0011690596798094007, 0.0023615155801050055], [0.9777894331713343, 0.01997876295448821, 0.0008508161161346293, 0.0013809876580429046], [0.9753027341704086, 0.02188659864520589, 0.0012739797931313843, 0.0015366872912541806]], "ideal": "D", "sampled": "D", "correct": true}}
{"type": "result", "data": {"idx": 6, "options": ["Gatekeepers.", "Buyers.", "Users.", "Initiators."], "probs": [[0.9051499291727234, 0.08033795059146984, 0.008600897449352907, 0.005911222686453801], [0.8965175447540642, 0.09449370750729338, 0.003133917612536656, 0.005854830026105812], [0.7793582812293096, 0.2130694738066488, 0.003286244422883045, 0.0042860004411585054], [0.7270220171862759, 0.2592350333592492, 0.007353879298366529, 0.006389070056108359], [0.8638917709705196, 0.12445816375806149, 0.003938670499011869, 0.0077113946724069885], [0.8500858191566724, 0.12247018233750871, 0.016574438433266066, 0.010869559972552812], [0.011588648011723306, 0.9800300044472446, 0.006812939915461401, 0.0015684075255706247], [0.010271752408796013, 0.9843261987088716, 0.0038989082103837096, 0.001503140571948633], [0.008112516653809984, 0.016388685318492913, 0.9675118207691616, 0.007986977158535453], [0.013546060668469423, 0.03513823795609284, 0.04511655087976087, 0.9061991503956769], [0.005780704518095934, 0.01167804136018605, 0.9722357726360956, 0.010305481385622423], [0.012176810511668357, 0.020393788089451862, 0.11374373623394503, 0.8536856650649347], [0.02259408343984207, 0.9758981821318606, 0.0008359978906633467, 0.0006717364376338801], [0.025460513242597356, 0.9705063789458611, 0.002683688377343767, 0.0013494193341976955], [0.00923724511573353, 0.011142799170502381, 0.9721973949396914, 0.007422560674072727], [0.016325537782693952, 0.016583696685640133, 0.01821297481601619, 0.9488777906156497], [0.009909611554267643, 0.015111257869486229, 0.9645935646403363, 0.01038556583590985], [0.02483462392789068, 0.050960925230665984, 0.020913569566208438, 0.9032908811752349], [0.012966872081295556, 0.9829735451388648, 0.0024365290083647267, 0.001623053671474878], [0.016189916619412614, 0.9708866812859482, 0.009974887008307032, 0.002948514986332123], [0.006259306430212206, 0.013460358881838002, 0.9736171642779512, 0.006663170309998545], [0.014795630444163259, 0.024017306377813925, 0.21406041382618402, 0.7471266492518388], [0.007628326979057066, 0.018588741616168386, 0.9684573086272455, 0.005325622677528997], [0.02490090094700739, 0.15739148150040685, 0.043026560852402015, 0.7746810566001837]], "ideal": "A", "sampled": "A", "correct": true}}
{"type": "result", "data": {"idx": 7, "options": ["Motive development.", "An attitude.", "A self-concept.", "Product evaluation."], "probs": [[0.381157171126551, 0.3062763305082511, 0.12968422857669235, 0.1828822696885055], [0.3775502870204365, 0.19587524847775337, 0.13253472151616827, 0.29403974288564183], [0.3763815293957227, 0.27971042929577244, 0.12607390613752922, 0.21783413507097563], [0.3993279784268156, 0.24221026307195742, 0.1237077535456299, 0.23475400485559708], [0.37866233488091594, 0.17887175880990755, 0.16542806469163335, 0.2770378415175431], [0.4165229610746485, 0.21949808806229695, 0.17914736958378036, 0.1848315811792742], [0.24128661276331512, 0.29564184828549145, 0.17653281020940734, 0.2865387286417861], [0.2185308155417837, 0.12258930320423862, 0.13463552094192735, 0.5242443602120503], [0.15427112237096302, 0.14493028407810346, 0.3531390691299061, 0.34765952432102737], [0.1635316114401718, 0.13988139807132596, 0.2379423159736181, 0.45864467441488416], [0.16467674092701715, 0.06449101288052098, 0.20494764698950554, 0.5658845991029563], [0.1295082698706182, 0.0661492337794132, 0.3155731809483326, 0.488769315301636], [0.21095615780446494, 0.5558105151977432, 0.10121964737669453, 0.1320136795210974], [0.23852565704489428, 0.4670238459610035, 0.11994033216275167, 0.17451016473135053], [0.21304385996845374, 0.15345608153763915, 0.2822449291139207, 0.3512551292799864], [0.20205158595364134, 0.12448524308405935, 0.1811218166504524, 0.4923413542118469], [0.23361369519342975, 0.1439310674492612, 0.2606216487305752, 0.3618335885267338], [0.22465828058857237, 0.15684247015338312, 0.19216436145768176, 0.4263348877003627], [0.1924137954272859, 0.271356655847316, 0.19852619177941896, 0.33770335684597913], [0.1978965789508638, 0.36400168045690456, 0.2462925390267682, 0.19180920146546346], [0.18567126987507912, 0.1515455543843358, 0.23107591269089692, 0.43170726294968814], [0.15621014729620888, 0.17701543074497247, 0.3255765292210207, 0.34119789263779793], [0.1748672205720566, 0.36446787552472537, 0.26251311280992096, 0.19815179099329708], [0.16823374471321356, 0.4035859821220284, 0.15080658415806594, 0.2773736889066921]], "ideal": "A", "sampled": "A", "correct": true}}
{"type": "result", "data": {"idx": 8, "options": ["Promotion.", "Product.", "Target market.", "Pricing."], "probs": [[0.09633613017966113, 0.14922603407403046, 0.6794062003035111, 0.07503163534279739], [0.10256249743140075, 0.2460778245347012, 0.2702652690915834, 0.38109440884231466], [0.10921135706422407, 0.3417450538195914, 0.4599040516736759, 0.08913953734250861], [0.10959376903924219, 0.2509180082799206, 0.3272635047766975, 0.3122247178041397], [0.10901964048622967, 0.1974378005427199, 0.46631695078429913, 0.22722560808675132], [0.09431052179126774, 0.12111562986748282, 0.605597803967416, 0.17897604427383346], [0.09118326750219029, 0.1049628618657569, 0.7401922333832885, 0.06366163714876427], [0.10067008654742109, 0.1971371070846492, 0.29135961798259696, 0.4108331882853327], [0.13979676364454388, 0.32508459683982127, 0.374202102385294, 0.16091653703034084], [0.1537832846821766, 0.3359382029403637, 0.3867019020149342, 0.12357661026252549], [0.10694772828752026, 0.23364013605195486, 0.21609167913490046, 0.4433204564256244], [0.11982180980435064, 0.14010309620981987, 0.6685197204925475, 0.071555373393282], [0.14150248677362323, 0.21580039284158023, 0.5341962654979726, 0.10850085478682396], [0.1314814537632114, 0.21683095393396723, 0.3411415218965804, 0.31054607030624093], [0.1935359354741118, 0.3292623358195976, 0.3142168708854736, 0.162984857720817], [0.22450387627598456, 0.32669214443920597, 0.3267349405715996, 0.12206903861320993], [0.13268246348436138, 0.22932601997910557, 0.2479708901382769, 0.3900206262982561], [0.18666816173120637, 0.2937111323862618, 0.43415359628672656, 0.08546710949580527], [0.0982743367197339, 0.13645996355331236, 0.5927836982727884, 0.17248200135416528], [0.0799556052618059, 0.08646568397415237, 0.7017498998610799, 0.13182881080296174], [0.11163212357835248, 0.28069657084519084, 0.21187554297712635, 0.39579576249933035], [0.13608845864233773, 0.17751481862804144, 0.6100536493338995, 0.07634307329572136], [0.1169215423210533, 0.24375448755338347, 0.24374436966508461, 0.3955796003604786], [0.13646959815357604, 0.3274236155640833, 0.4546135317999212, 0.08149325438241946]], "ideal": "C", "sampled": "C", "correct": true}}
{"type": "result", "data": {"idx": 9, "options": ["Classical conditioning.", "Operant conditioning.", "Social learning.", "Behavioural learning."], "probs": [[0.12309412187062371, 0.26887217762327037, 0.38513732813479573, 0.22289637227131018], [0.11617354215880635, 0.29207417148355896, 0.26593011416867846, 0.3258221720889562], [0.12854784151157447, 0.4486941792205919, 0.189984476995045, 0.23277350217278864], [0.13379308380647073, 0.3694306556595882, 0.2619594892305513, 0.23481677120338976], [0.10862215364482729, 0.27308892590603145, 0.273082727023114, 0.34520619332602726], [0.09263923239488803, 0.2087743499877958, 0.4930557526362155, 0.20553066488110067], [0.15135129833641203, 0.31545462261101265, 0.3357942003929335, 0.19739987855964175], [0.13289807037562754, 0.33411990604158315, 0.21911595575501563, 0.31386606772777365], [0.15573825868826946, 0.5268742159599226, 0.13530942112698613, 0.1820781041248219], [0.157328265253789, 0.4276805285336139, 0.24751600989483233, 0.16747519621776474], [0.13708629121262747, 0.35007841434787945, 0.17879741424910633, 0.3340378800903867], [0.11841304550091383, 0.25864882520354576, 0.46108627203132924, 0.16185185716421116], [0.16013890264610087, 0.27670511188265606, 0.2293919737498254, 0.33376401162141767], [0.14098618923207906, 0.24744726714997603, 0.3177237212340205, 0.29384282228392444], [0.1834987632820733, 0.3482306158893542, 0.22134424243192838, 0.2469263782966441], [0.1662330627275173, 0.3057604133777034, 0.33060023185285003, 0.1974062919419293], [0.16709576047490712, 0.47602792150899154, 0.1521445914311676, 0.20473172648493373], [0.18145222689703208, 0.4153618452228711, 0.21887612014494875, 0.184309807635148], [0.1278864630299016, 0.2707486233067555, 0.24269127076497476, 0.35867364279836816], [0.09313811758949855, 0.1767526351948417, 0.5359914698664001, 0.19411777724925958], [0.15041092854377364, 0.34973145944563466, 0.21884991738172727, 0.2810076945288644], [0.12101517977145672, 0.2522277310902296, 0.4639130074488036, 0.16284408158951008], [0.11162706629750058, 0.6423965191555838, 0.10486541098597156, 0.14111100346094405], [0.14141196432523323, 0.5421092671242431, 0.17057742685094665, 0.14590134159957702]], "ideal": "A", "sampled": "C", "correct": false}}
{"type": "result", "data": {"idx": 10, "options": ["To break down large markets into smaller markets.", "To provide an opportunity to surpass competitors.", "By grouping together customers with similar needs, it provides a commercially viable method of serving these customers.", "To allow the achievement of greater market share."], "probs": [[0.0008154935241006914, 0.001063618889795768, 0.997684375747309, 0.00043651173879456014], [0.007456215979660698, 0.004182735021000942, 0.011730484188079779, 0.9766305647112585], [0.0030738396167941384, 0.9964554187253022, 0.00022618127315233606, 0.0002445602847513604], [0.002933238460495471, 0.9965081224980281, 0.0002815011082928696, 0.00027713783318353676], [0.009405732550882158, 0.00535944632487214, 0.010658284042682731, 0.974576536981563], [0.0017757409795667032, 0.002665728714928438, 0.994622763888463, 0.0009357663170418134], [0.001814770046651351, 0.02708820439919592, 0.9699434638182596, 0.0011535616358931478], [0.006808939370179621, 0.0869345066415723, 0.01441478725076454, 0.8918417666374835], [0.0006872932186316603, 0.9985372920655906, 0.00045075045695225753, 0.000324664158825457], [0.0010637247075039977, 0.9978063928824106, 0.00041011311922185123, 0.0007197691908635903], [0.0032100480440810527, 0.003525662517046831, 0.1571079604610984, 0.8361563288777737], [0.0016907894523872842, 0.003310467775441483, 0.9924998658758756, 0.0024988767962956875], [0.30896469724583325, 0.6854759404565758, 0.0028013991918306408, 0.002757963005760361], [0.37444817163155636, 0.6077962266377249, 0.008669769883086023, 0.009085831747632616], [0.14673108305130625, 0.0413878535299201, 0.8057292942886125, 0.006151769030161157], [0.09682258001143283, 0.07308699771581627, 0.04432920266998869, 0.7857612195027622], [0.42995216820483295, 0.09154291953072223, 0.464898254144079, 0.013606658020365816], [0.12388805391062242, 0.07998967229512385, 0.03719837990924054, 0.7589238937850131], [0.007105846122729749, 0.09360551306054649, 0.011179293765017742, 0.888109346951706], [0.0031188999230584743, 0.045121957542882195, 0.9498073465524489, 0.001951795881610365], [0.00335184175685542, 0.0031984741193125635, 0.13389201208419185, 0.8595576719396402], [0.0019141097544418328, 0.003412344641244476, 0.9915665738443072, 0.0031069716600064584], [0.0009688662644024054, 0.998152474832057, 0.00048718906099996, 0.0003914697425405847], [0.002210698291448077, 0.9949686383786828, 0.00104428290746363, 0.0017763803224055236]], "ideal": "C", "sampled": "C", "correct": true}}
{"type": "result", "data": {"idx": 11, "options": ["Repeat purchases.", "Buyphases.", "Buyclasses.", "Tenders."], "probs": [[0.03330529927811683, 0.38116908921592907, 0.5633391863290709, 0.022186425076883242], [0.01753862535319272, 0.43162869438022894, 0.04620933801495861, 0.5046233421516197], [0.0080696497995224, 0.03790190967457458, 0.9474421187146909, 0.00658632171121211], [0.006887948499628586, 0.05858192874780669, 0.018147526028209595, 0.9163825966243552], [0.006969563774215451, 0.026303347725088938, 0.805600721396748, 0.16112636700394767], [0.005190130950242375, 0.022545504153569772, 0.21390484938662926, 0.7583595154095586], [0.027398338615125438, 0.06078726401400243, 0.8932755006242545, 0.01853889664661757], [0.01069644309556556, 0.035073631488199294, 0.020943053649778352, 0.9332868716664567], [0.03127485951439126, 0.9578842720478252, 0.005969090511709089, 0.004871777826074415], [0.061844038895837034, 0.8947363974318083, 0.021709929866464712, 0.021709633705889873], [0.014528834169467217, 0.046901578213154084, 0.025499453151310216, 0.9130701343660684], [0.031030222365860866, 0.06467411582136345, 0.8789691809565321, 0.02532648075624356], [0.008192088431254137, 0.019961478130866045, 0.9618092151463953, 0.010037218191484554], [0.004254391027982122, 0.010864264785533524, 0.006905612484856906, 0.9779757316016274], [0.012973169389600076, 0.9834246813348031, 0.0015494587863094638, 0.002052690389287397], [0.019818592327048187, 0.9699826912577817, 0.004154293154411741, 0.006044423160758345], [0.007129855039867694, 0.01849397778561757, 0.010871842360902903, 0.9635043247136118], [0.013216250160395562, 0.03322608526044335, 0.941142059328884, 0.012415605150277075], [0.014399613921426435, 0.036201380914254115, 0.6317440343154109, 0.31765497074890847], [0.005831235943116781, 0.01687379531744407, 0.08436244615341296, 0.8929325224860262], [0.014189291162553826, 0.6422790025088561, 0.030512532828536162, 0.3130191734000539], [0.030449882997411266, 0.7493708938366396, 0.2048678604178487, 0.015311362648100438], [0.00856148929102631, 0.04628436704100646, 0.01550304911181434, 0.9296510944561529], [0.022302287278761487, 0.09840412693540518, 0.8634787426187559, 0.015814843067077453]], "ideal": "C", "sampled": "B", "correct": false}}
{"type": "result", "data": {"idx": 12, "options": ["Winner's curse.", "Winner's price.", "Winner's reward.", "Loss-leader pricing."], "probs": [[0.8878778901206168, 0.0950556034109344, 0.011176803257461948, 0.0058897031109868365], [0.9119349418743509, 0.07142836922467839, 0.01095390978866505, 0.005682779012305755], [0.781090995098165, 0.14224782955615362, 0.049933818534747994, 0.0267273567109333], [0.787953168523747, 0.1348034391118102, 0.03862181161621637, 0.03862158064822649], [0.8845267888074307, 0.07260648647311234, 0.02588862726576756, 0.016978097353689374], [0.8941003008346018, 0.07935605130835878, 0.012753693278736754, 0.013789954478302714], [0.10405225847263824, 0.8577270935248894, 0.02981185295688926, 0.008408794945583137], [0.06728016493582488, 0.9002112623772371, 0.02634751760878782, 0.0061610549781500965], [0.0351855999962162, 0.02962959180806913, 0.8934005451095364, 0.04178426298617833], [0.04321797886192595, 0.03696688167134416, 0.09149272675588185, 0.828322412610848], [0.04579871482998671, 0.026923883159101276, 0.9056435608872915, 0.02163384102362054], [0.05806921491575318, 0.054551810900905294, 0.14598657918076624, 0.7413923949025752], [0.04383330767256542, 0.8804359385956528, 0.05717034977938913, 0.01856040385239261], [0.03114449052670735, 0.9245255650767542, 0.03213347308735769, 0.012196471209180727], [0.045769852161708965, 0.06354617397834628, 0.8240885825833093, 0.06659539117663546], [0.047951060380628414, 0.07662703698429418, 0.10151288468282897, 0.7739090178522484], [0.025711176818604187, 0.021651206455259017, 0.9206393921920932, 0.03199822443404358], [0.04997725895986701, 0.04015862286043814, 0.16387001044609104, 0.7459941076336039], [0.055932844273101565, 0.861389728601182, 0.07409978188205033, 0.008577645143666107], [0.07478718625813101, 0.8559116654726014, 0.0538678090304023, 0.0154333391388652], [0.0552673432630848, 0.10007789991578778, 0.81216456706316, 0.03249018965796742], [0.11659833440215667, 0.22127077811916948, 0.186325082571796, 0.47580580480687784], [0.03615151919909698, 0.06649402154842536, 0.8623149279936266, 0.03503953115885102], [0.09665979923247725, 0.1723200151855306, 0.3426940576821522, 0.3883261277998399]], "ideal": "A", "sampled": "A", "correct": true}}
{"type": "result", "data": {"idx": 13, "options": ["Price bundling.", "Price elasticity.", "Price inelasticity.", "Price inflation."], "probs": [[0.008569866074282869, 0.9752013754979613, 0.014807718888510332, 0.0014210394392455423], [0.004888005170848944, 0.9915803589439165, 0.0010737720915489086, 0.002457863693685672], [0.0037733341862027474, 0.00963562782067479, 0.9828761781950942, 0.003714859698028296], [0.005611587642403681, 0.009696200249725553, 0.01098706359757398, 0.9737051484102968], [0.0014690561393021857, 0.003158992426412142, 0.9925402519743098, 0.0028316993599758625], [0.0034845776881530944, 0.0035952546601016764, 0.33916620612208886, 0.6537539614296564], [0.9366894304536004, 0.04115546840967755, 0.01944061170023722, 0.0027144893364847923], [0.7990954007057426, 0.05523583724096531, 0.006806403936392454, 0.13886235801689967], [0.7952579908187113, 0.2010739904243247, 0.002736861630398746, 0.0009311570265652316], [0.7488226829019716, 0.24693714354737764, 0.0030603287597667722, 0.0011798446908839002], [0.9091758380858835, 0.050497250151118986, 0.0039552698063252175, 0.0363716418566723], [0.5781702814337006, 0.033132015621773855, 0.38515062914797915, 0.003547073696546412], [0.011889258386131233, 0.010169506858081675, 0.9744812406388194, 0.003459994016967704], [0.008330828272471776, 0.00412416352766548, 0.009440156485773973, 0.9781048516140888], [0.027119923935948264, 0.9710798461544213, 0.0012103553409668212, 0.0005898744686636152], [0.021903290889807636, 0.9760638038739136, 0.0012950278845385486, 0.0007378772517402683], [0.012207828295076046, 0.005766713938576085, 0.012207966130804687, 0.9698174915355432], [0.0025399315538195124, 0.0028781458002663882, 0.9931792296698764, 0.0014026928760377012], [0.001825474086418175, 0.00480952129814192, 0.9910210336152505, 0.0023439709001894147], [0.00399655508222545, 0.006589295568233311, 0.6514506102758247, 0.3379635389737165], [0.005906292807444646, 0.9933013682704065, 0.00027624712430963043, 0.0005160916978391806], [0.005719795910087402, 0.992471888854346, 0.0012762854069861594, 0.0005320297285803709], [0.016357108918511727, 0.30385735571352657, 0.016103731436713984, 0.6636818038312478], [0.003952725846645179, 0.02701224238836468, 0.9672253269397042, 0.001809704725285894]], "ideal": "B", "sampled": "B", "correct": true}}
{"type": "result", "data": {"idx": 14, "options": ["Relationship marketing.", "Service mix.", "Market exchanges.", "Service failure."], "probs": [[0.0917742276190074, 0.04687510180051408, 0.8179990861715213, 0.04335158430895723], [0.16249026198098043, 0.1116826402173196, 0.2556371302051643, 0.47018996749653563], [0.16782523377377095, 0.7760386321655482, 0.026972302661889994, 0.02916383129879081], [0.2047525739715833, 0.6819500148596016, 0.07771653478554662, 0.03558087628326844], [0.15258753765124206, 0.7510798069104621, 0.04106884546450655, 0.055263809873789344], [0.19138007291832237, 0.4736811326048207, 0.28730029507014754, 0.04763849930670935], [0.06261066510004537, 0.04106260197734813, 0.8643478379668024, 0.03197889485580414], [0.10351377416070971, 0.13292091687420232, 0.44965808239081845, 0.3139072264742695], [0.07993168174599326, 0.8593829049216613, 0.03081695095991383, 0.02986846227243166], [0.07599791145682121, 0.883483589429986, 0.013840503070833525, 0.026677995942359294], [0.09156592388632619, 0.05057052220968214, 0.4723466054714279, 0.3855169483325637], [0.02154534244016477, 0.013274208451646567, 0.9452538421505453, 0.019926606857643286], [0.43931511531082007, 0.44624272483121397, 0.05945537677694163, 0.05498678298102434], [0.40309086588125853, 0.30427560320536706, 0.24449105649414676, 0.048142474319227635], [0.4070082902501317, 0.17781330643306248, 0.3169831335227603, 0.09819526969404552], [0.6263527366839253, 0.19709439867394746, 0.08345408861181196, 0.09309877593031526], [0.3620205954107942, 0.3735212524428438, 0.20627600720980352, 0.05818214483655852], [0.4634725243817585, 0.4422573845127211, 0.038044447237422264, 0.056225643768098126], [0.37156561843834657, 0.46971042009314085, 0.06766771675717033, 0.09105624461134224], [0.27397823841324687, 0.22361889895830964, 0.4517217362168538, 0.050681126311589664], [0.21919327972127525, 0.06685197352694518, 0.5510628818914575, 0.16289186476032214], [0.06153951676378447, 0.020294200929373635, 0.876525891879851, 0.04164039032699088], [0.21333349603267537, 0.6571292084653924, 0.08619581650242085, 0.04334147889951143], [0.19874268101893705, 0.7500630364913431, 0.023006460787073812, 0.028187821602646053]], "ideal": "C", "sampled": "C", "correct": true}}
{"type": "result", "data": {"idx": 15, "options": ["Search marketing.", "Internet advertising.", "Permission-based email marketing.", "Social web marketing."], "probs": [[0.005172766034856268, 0.00614286799161913, 0.9857826654241932, 0.0029017004493313405], [0.006051797791845659, 0.007300109489601431, 0.015453840366892787, 0.9711942522516601], [0.014931356802418078, 0.9833782457151825, 0.00038568048577203155, 0.0013047168966273568], [0.01637623558072087, 0.9820213911365221, 0.0003973734805235719, 0.0012049997022334437], [0.005553193123267652, 0.007472879520527522, 0.00820709328641357, 0.9787668339697913], [0.008322450956673893, 0.009883274890994125, 0.9771257278496546, 0.004668546202677436], [0.008737900608829617, 0.00846914232454253, 0.9789154881870978, 0.0038774687795299803], [0.007282963619787049, 0.00995491369911648, 0.013820654962229346, 0.9689414676188671], [0.024761819317348614, 0.973795736415048, 0.00038793652546596834, 0.0010545076421373605], [0.024389358352777557, 0.9742528246243735, 0.0003821009904529165, 0.0009757159323960168], [0.0074271029948319465, 0.01186878456499725, 0.007906109645950088, 0.9727980026942207], [0.013365322397260205, 0.014227447803655773, 0.9667479314744154, 0.005659298224668641], [0.979008766498779, 0.018213640745119504, 0.00125898246361378, 0.0015186101924877088], [0.9736753237407179, 0.023259372710309326, 0.0013538683686603456, 0.0017114350803124356], [0.9730906302199894, 0.02361145426228612, 0.0015332135306475765, 0.0017647018870768643], [0.9733950511744229, 0.02361887511028846, 0.0013534807389531727, 0.0016325928763354322], [0.974981252156047, 0.02222401521505302, 0.0012343640430908353, 0.0015603684858091556], [0.9770392197921516, 0.019963532150775405, 0.0013585451056916517, 0.0016387028513813538], [0.004396737504745954, 0.007249250298966792, 0.008743952858209905, 0.9796100592380773], [0.006712427427768471, 0.008353853679093044, 0.9807982539693538, 0.004135464823784622], [0.005127661225725355, 0.00794214521680048, 0.009730582686375187, 0.977199610771099], [0.006822904898456297, 0.008102479778609901, 0.981479155310235, 0.0035954599126988332], [0.02476146514766472, 0.973787335302638, 0.0005059588145254338, 0.0009452406351718539], [0.022933843135714723, 0.9751982714632035, 0.0006712580987703354, 0.0011966272023114799]], "ideal": "C", "sampled": "C", "correct": true}}
{"type": "result", "data": {"idx": 16, "options": ["Vehicle.", "Courier.", "Transportation.", "Distribution channel."], "probs": [[0.0033257546141434945, 0.0074950859264597686, 0.022727605164856602, 0.9664515541945401], [0.0020476011891040593, 0.006209437370298822, 0.98101420799495, 0.010728753345647074], [0.00389545042993491, 0.007747460717438498, 0.0200944626405846, 0.968262626112042], [0.0018994089224902268, 0.005496244678034758, 0.9839576721591817, 0.008646674140293256], [0.002798831941844692, 0.9965042420662072, 0.00037292655035173525, 0.0003239993415963111], [0.003072173226609458, 0.9959398157798713, 0.00047857728849834495, 0.0005094336050208107], [0.002100999505492119, 0.009416463844855203, 0.042864769456041105, 0.9456177670936116], [0.0011740211399763338, 0.005099855303289402, 0.9871779273242832, 0.006548196132450981], [0.0016620999671256155, 0.006889549999875188, 0.015769735740076538, 0.9756786141929227], [0.0014751870947673719, 0.007037901127958149, 0.9812470407372521, 0.010239870940022414], [0.0010631216794390204, 0.9972617287351978, 0.0009093928074680187, 0.0007657566778952054], [0.000754792256626962, 0.9984785917525983, 0.0003297641328284925, 0.0004368517579461901], [0.0030862135668653003, 0.005766175834416129, 0.021422811399052902, 0.9697247990996657], [0.0012726640855156518, 0.0034059258963509446, 0.9897061218625595, 0.005615288055573919], [0.0034835187110709705, 0.008895992859755007, 0.02167542228546331, 0.9659450660437107], [0.0027810738853585927, 0.009119081605140987, 0.9748319701950431, 0.01326787421445735], [0.0030689408268393743, 0.994900724135065, 0.0010943298265872856, 0.0009360051115083352], [0.001865762212009745, 0.9972187455659369, 0.00047919076520212237, 0.00043630135685117653], [0.9322771625315665, 0.06149138659656647, 0.0029212515952536286, 0.0033101991766134697], [0.9033188360483668, 0.08402342667030291, 0.004594386787258649, 0.008063350394071645], [0.9713170311599989, 0.025088783116627322, 0.0016291123848522443, 0.001965073238521515], [0.9756660063434525, 0.021555570777317446, 0.0010900816137577357, 0.0016883411654723508], [0.9607932864159461, 0.03339477731547375, 0.002656853839806386, 0.003155082328773768], [0.9749754677496825, 0.022224060710377778, 0.0013346494772577442, 0.0014658219626820202]], "ideal": "D", "sampled": "D", "correct": true}}
