{"type": "result", "data": {"idx": 0, "options": ["Wrong, Wrong", "Wrong, Not wrong", "Not wrong, Wrong", "Not wrong, Not wrong"], "probs": [[0.1973800092347773, 0.41785810016175956, 0.22366382512692873, 0.16109806537653437], [0.29956934443927374, 0.38466195873490344, 0.16035198095053052, 0.15541671577529226], [0.19560087453856365, 0.38297362558340986, 0.3275741162409928, 0.09385138353703369], [0.2085778241293364, 0.43471997582856636, 0.2220327390229839, 0.13466946091911333], [0.21937242148112976, 0.3850161730858117, 0.26461663839555066, 0.13099476693750783], [0.20159338989704864, 0.4072361698653955, 0.22140972654873628, 0.1697607135888196], [0.2793692537439887, 0.490314278053102, 0.1259229118497379, 0.10439355625317141], [0.25172353163412575, 0.5006189420410894, 0.13059409156021012, 0.11706343466457479], [0.29500971683094224, 0.4360008011917955, 0.17615990910318685, 0.09282957277407537], [0.2028898596560721, 0.4572259485264362, 0.18187187610238012, 0.15801231561511156], [0.26455654288009944, 0.32925118975036133, 0.27725653510042286, 0.12893573216911638], [0.2140452797781379, 0.35290711062874586, 0.23508594227210403, 0.19796166722101222], [0.2026715025700204, 0.5509259823365773, 0.17066896341529644, 0.07573355157810581], [0.17100639933194503, 0.6158260152734721, 0.13111695523468817, 0.08205063005989459], [0.22445576894076183, 0.5301001308373057, 0.1518762626440758, 0.09356783747785671], [0.18277134952654192, 0.5456632063710591, 0.10252715435858059, 0.1690382896438184], [0.21320287465083557, 0.39214384026088306, 0.2653383971182847, 0.12931488786999665], [0.20788503871440692, 0.38838505162311404, 0.23927764235610652, 0.16445226720637252], [0.17957516566338855, 0.5796830351236342, 0.1635068718586664, 0.07723492725431085], [0.17854687409901862, 0.5586307464451317, 0.1457274813601292, 0.1170948979957205], [0.22270464732235734, 0.5512048334050217, 0.14156087585230923, 0.08452964332031167], [0.19181365630259706, 0.5726561801750288, 0.13601780544430936, 0.09951235797806468], [0.21647381257964232, 0.40442996040844614, 0.2414962608049531, 0.1375999661069584], [0.21141237405893096, 0.4011941044498722, 0.2631097000442498, 0.12428382134694711]], "ideal": "D", "sampled": "A", "correct": false}}
{"type": "result", "data": {"idx": 1, "options": ["Wrong, Wrong", "Wrong, Not wrong", "Not wrong, Wrong", "Not wrong, Not wrong"], "probs": [[0.28259478069231647, 0.4515882004192463, 0.17962994348808203, 0.0861870753003552], [0.31574745394473397, 0.4118171219928221, 0.14683861195341377, 0.12559681200903014], [0.22589376086242996, 0.37243960968880996, 0.3185642205708446, 0.08310240877791547], [0.2176211391952909, 0.4396112393777415, 0.20443781327461702, 0.1383298080523506], [0.21518479606122845, 0.32303408266404626, 0.33328724400774523, 0.12849387716698005], [0.23098238385236572, 0.3749257362937679, 0.2169896110964041, 0.1771022686574623], [0.19454704408694384, 0.5718111011834842, 0.13581674378980998, 0.0978251108397619], [0.18085612220105876, 0.5658550219725832, 0.13651847736276093, 0.11677037836359706], [0.24635738131920581, 0.4061781763624278, 0.24635899064461458, 0.10110545157375175], [0.16543692348733205, 0.4291151761579552, 0.1995566785135984, 0.20589122174111438], [0.24280944464162788, 0.28387600180648176, 0.33710998293366573, 0.13620457051822463], [0.18937113879217435, 0.2798759042936829, 0.2798747122007875, 0.2508782446133552], [0.18456867082894443, 0.5597028511003662, 0.1845703248579477, 0.07115815311274162], [0.15717658047646782, 0.6216513970993619, 0.14089339655212144, 0.08027862577204883], [0.2049722002603852, 0.4917066279942808, 0.20497380958585393, 0.09834736205948005], [0.16096608869814008, 0.5196107315729562, 0.11594066821723077, 0.20348251141167292], [0.20639281280350288, 0.30503082726871666, 0.351088529061264, 0.1374878307665164], [0.18726592975076065, 0.31855278729363445, 0.30396505734317103, 0.19021622551243386], [0.13028147101777166, 0.5571487877496509, 0.22161796517647217, 0.09095177595610525], [0.12315752917551956, 0.543402127220499, 0.18488284668142238, 0.1485574968225591], [0.14951499807557633, 0.538428819467371, 0.20436395582953598, 0.10769222652751669], [0.12465375474854869, 0.5330819407603236, 0.1871289135756386, 0.1551353908154892], [0.14116628028279618, 0.3548949922933176, 0.34397548016263574, 0.15996324716125043], [0.135975880371207, 0.3365467140256578, 0.3582514768741181, 0.1692259286290171]], "ideal": "A", "sampled": "A", "correct": true}}
{"type": "result", "data": {"idx": 2, "options": ["Wrong, Wrong", "Wrong, Not wrong", "Not wrong, Wrong", "Not wrong, Not wrong"], "probs": [[0.20784741018578914, 0.41986732419502243, 0.21782483999265018, 0.15446042552653824], [0.2732015468442959, 0.37930842099841927, 0.17917325556950386, 0.16831677648778098], [0.17928003595168565, 0.41038067596099215, 0.30977119838436196, 0.10056808960296028], [0.1611960703151569, 0.43138841433068237, 0.2535994984492305, 0.1538160168049302], [0.18964016718219986, 0.42073953774446254, 0.2632913628447718, 0.1263289321285658], [0.17527789843481678, 0.4270962647041869, 0.2250633768493365, 0.17256245991165986], [0.28170730149872675, 0.5101108220512357, 0.11382104303851441, 0.09436083331152308], [0.24844379350377513, 0.5178070586728751, 0.12689396548650358, 0.10685518223684616], [0.30323253251664206, 0.46965953883841655, 0.14549357320441778, 0.08161435534052362], [0.19699954059235367, 0.4725824490920558, 0.179372061109553, 0.1510459491060375], [0.2998098641390842, 0.37899940072682164, 0.2159469063081889, 0.10524382872590517], [0.23676347730176311, 0.384309470615103, 0.20570580659239787, 0.17322124539073605], [0.21720740554208198, 0.5292636475566835, 0.17728137043603492, 0.07624757636519959], [0.18569344280293335, 0.5994311570521784, 0.13375130294415966, 0.08112409710072853], [0.2582454642656666, 0.5135866922582192, 0.13608702813088458, 0.09208081524522961], [0.2199070420655189, 0.5358417549813133, 0.10226727868685748, 0.1419839241663104], [0.25440034130655687, 0.42604311097359965, 0.2012488768699172, 0.11830767074992629], [0.25212279335306326, 0.40923861274856715, 0.20577842301722568, 0.13286017078114393], [0.21687805812036373, 0.5625436347349979, 0.1490590732325497, 0.07151923381208866], [0.21024148477361468, 0.5453295788417747, 0.13363869686040078, 0.11079023942420987], [0.27491420914335984, 0.5299145657771582, 0.1164066510740736, 0.0787645739054083], [0.237774638526395, 0.5528467255810878, 0.11770783275896549, 0.09167080303355167], [0.27515162784902164, 0.4066504653888884, 0.1861781096490659, 0.13201979701302408], [0.2596046328285012, 0.4084181785175078, 0.2220531105773125, 0.10992407797667848]], "ideal": "D", "sampled": "B", "correct": false}}
{"type": "result", "data": {"idx": 3, "options": ["Wrong, Wrong", "Wrong, Not wrong", "Not wrong, Wrong", "Not wrong, Not wrong"], "probs": [[0.16092582764770877, 0.511425279540475, 0.2269436818258174, 0.10070521088599878], [0.22782076081801417, 0.43914173357690034, 0.1859444584047953, 0.1470930471002902], [0.17679274385044302, 0.3922352229402848, 0.3461456066373263, 0.08482642647194595], [0.1775556074236394, 0.41283288498319837, 0.26241205165056475, 0.14719945584259753], [0.16696864364861685, 0.3320598005916414, 0.36469516154456993, 0.1362763941151718], [0.16712390386864068, 0.36503602441904665, 0.2842893343032426, 0.1835507373090701], [0.15266046620404544, 0.6327666905681812, 0.13900000620733446, 0.07557283692043885], [0.14665852664507376, 0.6271861826281835, 0.13146490172040975, 0.094690388906333], [0.17432033303068808, 0.4314512802877787, 0.3156557223923331, 0.07857266418920011], [0.1243259292072018, 0.4841019140578707, 0.2216374393831965, 0.169934717251731], [0.17022605745955924, 0.30346486873765616, 0.39579160196970536, 0.13051747173307918], [0.13044091474714697, 0.2985872790550348, 0.3490825437070387, 0.22188926239077955], [0.16756363273808966, 0.6034252665461123, 0.1728840029546737, 0.056127097661124344], [0.14414917400962196, 0.6665447477912805, 0.12921543993591533, 0.06009063816318225], [0.20254207541877944, 0.5172133887127379, 0.2057331589930211, 0.07451137677546157], [0.1505118169273831, 0.5769773726905819, 0.11721993714202807, 0.15529087314000684], [0.18613098595248637, 0.33181676004477434, 0.37599775292671267, 0.10605450097602659], [0.17257499435941687, 0.37694194347453774, 0.2981854334445816, 0.15229762862146376], [0.10548868227339046, 0.6166115953852469, 0.2097908445795951, 0.06810887766176753], [0.10218776456920356, 0.6162775570647286, 0.17934649646436324, 0.10218818180170451], [0.1122864111357571, 0.5702427838754749, 0.2340264014200966, 0.08344440346867142], [0.098082826262462, 0.5823514504323547, 0.20125469713325428, 0.11831102607192906], [0.1026878723711714, 0.42563325036307054, 0.3640625720596074, 0.1076163051061507], [0.09849575906007, 0.4278505146075598, 0.36028531190130364, 0.11336841433106656]], "ideal": "B", "sampled": "A", "correct": false}}
{"type": "result", "data": {"idx": 4, "options": ["Wrong, Wrong", "Wrong, Not wrong", "Not wrong, Wrong", "Not wrong, Not wrong"], "probs": [[0.10423152504446657, 0.3995641916753067, 0.24616459582651448, 0.25003968735371224], [0.24275893332257578, 0.41295296564968953, 0.1721448178736802, 0.17214328305405452], [0.12196779522498222, 0.47491798861607704, 0.30662912812659054, 0.09648508793235021], [0.11723764588964765, 0.4935942736845626, 0.25210253153016016, 0.13706554879562954], [0.13341038325317897, 0.49568478745286304, 0.2531698719358556, 0.11773495725810243], [0.11136198042709622, 0.4990956782795582, 0.22495894131795058, 0.164583399875395], [0.33360716448661115, 0.48539939156238504, 0.09120387515106802, 0.08978956869993579], [0.29695804134272014, 0.4896056359751786, 0.10588470214233713, 0.10755162043976413], [0.3634280968199939, 0.42489345645680293, 0.14011496379855176, 0.0715634828246514], [0.22415613149750982, 0.45994262034548966, 0.1665803938860366, 0.1493208541709639], [0.3157727953306565, 0.35227349041407385, 0.2310262494322785, 0.10092746472299115], [0.2473462448067605, 0.3891346338260069, 0.19875014724084608, 0.16476897402638652], [0.2069040796157925, 0.5987021810949512, 0.1378290478406658, 0.056564691348590504], [0.1651613550828538, 0.6532319734841622, 0.10831640578977611, 0.07329026554320789], [0.23094224755434764, 0.5540066915643033, 0.14007475866411023, 0.07497630211723881], [0.1826922121060157, 0.5715998921478416, 0.09186449509142358, 0.15384340055471918], [0.2441238161155131, 0.3442720379647282, 0.29447193705903857, 0.1171322087607201], [0.2309398020432947, 0.40531527388043254, 0.2169499513744432, 0.14679497260182953], [0.22041933741067019, 0.58073249837615, 0.133692064851919, 0.06515609926126073], [0.20424613018561225, 0.581847973242513, 0.11279631141521287, 0.10110958505666189], [0.2575127856924747, 0.5713207891405747, 0.10903839345790509, 0.062128031609045405], [0.23228850439203355, 0.583977566959182, 0.10470143470533502, 0.07903249384344938], [0.2711038230586785, 0.3944561392913556, 0.2178393702474095, 0.11660066730255642], [0.2710983576100433, 0.3944482979282408, 0.22828928654396288, 0.10616405781775294]], "ideal": "D", "sampled": "B", "correct": false}}
{"type": "result", "data": {"idx": 5, "options": ["Wrong, Wrong", "Wrong, Not wrong", "Not wrong, Wrong", "Not wrong, Not wrong"], "probs": [[0.2738581964803627, 0.4586302060573405, 0.17137768181039453, 0.0961339155519023], [0.3399552905192936, 0.391294025816771, 0.14171705493207534, 0.1270336286318601], [0.2306017451206026, 0.41757097967047435, 0.2696030638546652, 0.08222421125425784], [0.2547418100954121, 0.47592608697643785, 0.15451003149066922, 0.11482207133748083], [0.27462981580736257, 0.3638297210777164, 0.2539930773864873, 0.10754738562843369], [0.27628414075074065, 0.4019962430490699, 0.178383954375308, 0.14333566172488146], [0.20711614242480367, 0.5630059661157661, 0.13797008527702875, 0.09190780608240139], [0.19299411575761974, 0.5584542529180112, 0.13685443423578947, 0.11169719698857962], [0.23614147830944507, 0.42097211820830527, 0.24747607662608223, 0.09541032675616745], [0.17242566263220008, 0.45428775110135716, 0.17790079645227969, 0.19538578971416307], [0.22004948047804407, 0.31032349063289055, 0.3461896633542441, 0.12343736543482128], [0.17933076618308622, 0.3098606466937149, 0.2910858690447592, 0.2197227179784397], [0.19771721792818045, 0.5545179023088403, 0.16911787926995048, 0.07864700039302872], [0.17679830947528427, 0.6075267557208237, 0.13345547814557415, 0.08221945655831785], [0.2062506438958222, 0.5025665909314232, 0.19375622847992452, 0.09742653659283004], [0.1748309491115571, 0.5470053267748723, 0.10604137373184502, 0.17212235028172554], [0.2004521548345435, 0.32032461519355315, 0.3518074295255061, 0.12741580034639724], [0.18434682211899828, 0.33381315565029773, 0.2945884720002797, 0.1872515501304243], [0.14858344025354195, 0.5969198274477636, 0.17371284508687101, 0.08078388711182348], [0.1334332277281227, 0.6074300634041244, 0.15358172927683075, 0.10555497949092212], [0.14545249829139761, 0.5663627939375908, 0.19572900087866163, 0.09245570679234992], [0.1182711601783096, 0.5913254993813922, 0.1775474631032324, 0.11285587723706579], [0.1472519039960475, 0.43280148501836535, 0.2794370948988904, 0.14050951598669673], [0.13101645007933993, 0.4229307833327732, 0.29525265534626316, 0.15080011114162367]], "ideal": "C", "sampled": "A", "correct": false}}
{"type": "result", "data": {"idx": 6, "options": ["Wrong, Wrong", "Wrong, Not wrong", "Not wrong, Wrong", "Not wrong, Not wrong"], "probs": [[0.2664176662644958, 0.4824237237433734, 0.15908666495361518, 0.09207194493851566], [0.34641386506607624, 0.41786016141795074, 0.11786341139106152, 0.11786256202491152], [0.26103408114363896, 0.4043011815553864, 0.2610362269109306, 0.073628510290044], [0.28034455472820796, 0.4550480205074865, 0.1548221889860937, 0.10978523567821183], [0.2917198305669732, 0.3574256082436408, 0.24184611977854636, 0.10900844131083963], [0.29129247986466006, 0.3981532931480028, 0.1685884842528649, 0.14196574263447223], [0.1737115084951258, 0.6555875539124075, 0.10372874884760214, 0.06697218864486451], [0.16846464949200193, 0.6559686210684598, 0.09598911767213798, 0.07957761166740032], [0.2316202458366191, 0.4327277999954747, 0.2504431996409193, 0.08520875442698687], [0.17726330193202353, 0.49715351312622647, 0.15643594924381712, 0.16914723559793288], [0.23029203710637294, 0.3247675001296479, 0.31973206993720404, 0.12520839272677511], [0.18746070934681797, 0.3290083211922463, 0.2643650910372363, 0.21916587832369938], [0.19087976716276106, 0.6066210306029953, 0.14865872322937, 0.05384047890487365], [0.17195175987558173, 0.6695453099897383, 0.10267797951295267, 0.055824950521727285], [0.21791496870722768, 0.5309882759516924, 0.16708256302593244, 0.08401419221514747], [0.18794682480045108, 0.5789233998455585, 0.0821086832641756, 0.15102109198981475], [0.234206741299307, 0.3515883166346402, 0.3102759787936768, 0.103928963172376], [0.21380193529375194, 0.3636927008265152, 0.2660834192963592, 0.15642194448337363], [0.12958809925196244, 0.6581105687274644, 0.1538910441526517, 0.05841028776792143], [0.1205490770897282, 0.6516896582739985, 0.1323985029982029, 0.09536276153807033], [0.13059509091103416, 0.6133815782659655, 0.17301163462335453, 0.08301169609964583], [0.11245001776584136, 0.6174800167348419, 0.16107883517793356, 0.10899113022138318], [0.14039497833960357, 0.47495475909815693, 0.26642520823663207, 0.11822505422560745], [0.1303800920955083, 0.46952205192039964, 0.2717381973033875, 0.12835965858070456]], "ideal": "D", "sampled": "A", "correct": false}}
{"type": "result", "data": {"idx": 7, "options": ["Wrong, Wrong", "Wrong, Not wrong", "Not wrong, Wrong", "Not wrong, Not wrong"], "probs": [[0.26321918554115203, 0.4339788386977508, 0.18959186044203327, 0.1132101152190639], [0.31869615545793967, 0.4092193726437076, 0.13923055554564753, 0.13285391625270518], [0.22032291010465388, 0.38668289965631014, 0.30114894590226154, 0.09184524423677445], [0.22863451538841825, 0.4691322934743428, 0.16990833264914293, 0.13232485838809596], [0.2547168363122887, 0.3374480608466832, 0.27975421662103983, 0.12808088611998827], [0.2492052428293581, 0.379996621868808, 0.194083106586552, 0.17671502861528182], [0.20124562673140442, 0.5644135222281772, 0.1299350799519238, 0.10440577098849463], [0.17208645130656397, 0.5913361442541454, 0.12013684480486873, 0.11644055953442185], [0.24815912172459825, 0.4423961275016517, 0.2122635362492798, 0.09718121442447027], [0.17791522406763194, 0.46875024209696553, 0.16976969898794744, 0.1835648347474551], [0.22511960080039575, 0.2982387675749489, 0.3379483671721394, 0.13869326435251592], [0.1809804520268264, 0.28920991518629924, 0.2937640380758151, 0.23604559461105926], [0.18961936014912437, 0.4918410809335735, 0.22169041627823016, 0.09684914253907201], [0.15798988859175264, 0.5962548192371058, 0.14841954245449943, 0.09733574961664213], [0.22352431379222334, 0.48822697264696047, 0.1740827087275541, 0.11416600473326206], [0.1769541177430505, 0.5120405477959395, 0.10732941168472637, 0.2036759226762836], [0.19627142855733615, 0.3039935438330896, 0.3444706992618277, 0.15526432824774655], [0.18842410391580788, 0.2873152622583158, 0.3205238425645311, 0.20373679116134522], [0.12746192323688707, 0.5893852026262805, 0.1913447202350376, 0.09180815380179483], [0.11944048583563745, 0.5698258748864703, 0.17109222326000756, 0.13964141591788468], [0.1477185752605023, 0.5488465901173184, 0.20190877759131562, 0.10152605693086363], [0.12332632850837993, 0.5441480481135608, 0.19707683460965048, 0.13544878866840884], [0.13752090929563512, 0.4105655252522937, 0.2911342382139896, 0.1607793271380816], [0.13336693146584708, 0.39816422453010697, 0.3100903722360695, 0.15837847166797642]], "ideal": "D", "sampled": "A", "correct": false}}
{"type": "result", "data": {"idx": 8, "options": ["Wrong, Wrong", "Wrong, Not wrong", "Not wrong, Wrong", "Not wrong, Not wrong"], "probs": [[0.13308792710070433, 0.5603257166633393, 0.20293671473604397, 0.10364964139991246], [0.1646865779695121, 0.523379870055132, 0.15962189672217805, 0.15231165515317782], [0.12357706299133739, 0.41805984631336746, 0.3747461652065199, 0.0836169253887753], [0.10513288135025295, 0.5094644833046174, 0.22256836953886516, 0.16283426570626458], [0.090138969110208, 0.34018426116330236, 0.4233657889131794, 0.14631098071331028], [0.09037237954551551, 0.39874611498543194, 0.2872056534358209, 0.22367585193323167], [0.09370312373008455, 0.7143622252930767, 0.11302828379419518, 0.07890636708264355], [0.0897866751988346, 0.6952843406367775, 0.10830411655475038, 0.10662486750963752], [0.1288184922499848, 0.4093880798486239, 0.37862153427161693, 0.08317189352977439], [0.0846227245749441, 0.49464469406062067, 0.190702033162388, 0.23003054810204718], [0.10582587279551756, 0.30622092342623936, 0.44554794494148975, 0.14240525873675336], [0.08063474777337701, 0.3139767237573837, 0.32394250174754957, 0.2814460266216897], [0.12409139931825675, 0.6708372509524305, 0.1473632068076712, 0.057708142821641564], [0.09116125513422478, 0.7283363071102074, 0.1049266876887666, 0.07557574996680125], [0.15065639423864458, 0.5425389125566615, 0.22616376291079923, 0.08064093019389469], [0.09563190527757562, 0.5858229878260947, 0.09269049777352366, 0.22585460902280607], [0.12502564116291426, 0.3506456330645182, 0.3973336872657487, 0.12699503840681883], [0.10872597991332937, 0.37949451800366124, 0.29555058476353574, 0.2162289172194736], [0.08960529204934593, 0.6219892871943571, 0.19879957726395409, 0.08960584339234291], [0.07981486288929569, 0.6180647933345886, 0.16634976239663085, 0.13577058127948483], [0.09122370182555628, 0.5765563249011456, 0.23661789295691377, 0.0956020802163843], [0.07994491993827729, 0.5815654136449239, 0.16924492256536258, 0.16924474375143628], [0.08523544795309666, 0.40033421512913137, 0.3760789092414839, 0.1383514275762881], [0.08170331770248805, 0.3959263444764956, 0.3494033410973625, 0.17296699662365383]], "ideal": "A", "sampled": "A", "correct": true}}
{"type": "result", "data": {"idx": 9, "options": ["Wrong, Wrong", "Wrong, Not wrong", "Not wrong, Wrong", "Not wrong, Not wrong"], "probs": [[0.3003557026085905, 0.43701863284509207, 0.1765718161883212, 0.08605384825799618], [0.3691626869330797, 0.38688439991668255, 0.12959058871144377, 0.11436232433879397], [0.27345311231481695, 0.36227034979013345, 0.30033221390325265, 0.06394432389179697], [0.2898494791005724, 0.40875761174206204, 0.19308321946853685, 0.10830968958882871], [0.27642960589280324, 0.33344177898895216, 0.2852068372623104, 0.10492177775593423], [0.2706977765095406, 0.37583146055503636, 0.2108216167898002, 0.14264914604562287], [0.22951050051543903, 0.5769957512564505, 0.11540617763843719, 0.07808757048967326], [0.21319904384264912, 0.5795422454884275, 0.11411829801781563, 0.09314041255110775], [0.250187950173962, 0.412494608066986, 0.26219697416649784, 0.07512046749255417], [0.1953330428603747, 0.4613210718968806, 0.18639008143497995, 0.15695580370776474], [0.25395641627215504, 0.2969092483074458, 0.3364411316412085, 0.1126932036791907], [0.21129092572006658, 0.3272589444786877, 0.2629588544105785, 0.19849127529066724], [0.22073588605294964, 0.5636746714840516, 0.16149542742856396, 0.05409401493443476], [0.1849498255896668, 0.635536884948586, 0.11756240487203107, 0.06195088448971616], [0.2559685668694028, 0.5170753520645889, 0.1601823991349732, 0.06677368183103513], [0.197025175217776, 0.5525784780132231, 0.09453485653158404, 0.15586149013741682], [0.23431501663051665, 0.34629820083709856, 0.31041974982568893, 0.10896703260669584], [0.22330455812522748, 0.35684350661112024, 0.2779099088317884, 0.14194202633186384], [0.16568645586373867, 0.5693434987490729, 0.19370877452181678, 0.07126127076537167], [0.16287950529136067, 0.5865587301406149, 0.14374206218320998, 0.10681970228481447], [0.16796410958092206, 0.5682211218023399, 0.18447379238039688, 0.07934097613634121], [0.1637706431411828, 0.5806241467479502, 0.15627260178795876, 0.09933260822290825], [0.1655443894284495, 0.4097306399402771, 0.2997648097292469, 0.12496016080202649], [0.1625156551436987, 0.40223464365751516, 0.31819325682319166, 0.11705644427559446]], "ideal": "C", "sampled": "A", "correct": false}}
{"type": "result", "data": {"idx": 10, "options": ["Wrong, Wrong", "Wrong, Not wrong", "Not wrong, Wrong", "Not wrong, Not wrong"], "probs": [[0.1908891406729407, 0.3916821596136061, 0.2489686831275607, 0.16846001648589248], [0.2810670179006578, 0.39022791963233266, 0.17589010558589885, 0.15281495678111065], [0.18592913031367295, 0.39981409009688734, 0.3162783611336343, 0.09797841835580544], [0.17337668457016137, 0.4291157253884033, 0.24450211953168233, 0.153005470409753], [0.1997296750426335, 0.3790240770490208, 0.2861013922971073, 0.1351448555112384], [0.19311778584469655, 0.40249670128989345, 0.22577920698177806, 0.17860630578363196], [0.2809815746411076, 0.508796043774211, 0.11003478034282252, 0.1001876011418589], [0.24129489421361075, 0.5270413238332332, 0.11945061562432342, 0.11221316622883255], [0.30943353825297326, 0.40993576700973566, 0.18477226403130695, 0.09585843060598415], [0.20004700718449833, 0.4438278806906534, 0.18501480473262066, 0.17111030729222765], [0.28131161231115304, 0.31382898368930073, 0.28574399221292796, 0.1191154116866183], [0.2379865383563852, 0.33041534316834753, 0.2342989479411631, 0.19729917043410417], [0.2173405059455363, 0.5379272498424635, 0.17193188621128305, 0.07280035790071711], [0.17525770290701495, 0.6117145004767753, 0.13024147241724893, 0.08278632409896074], [0.2531732245080849, 0.5114277448313292, 0.14652648130005172, 0.08887254926053416], [0.186843743097678, 0.5322735627512709, 0.09693414211392386, 0.18394855193712728], [0.24831200013526689, 0.3556926601127631, 0.2858072263581933, 0.11018811329377672], [0.23661667891113064, 0.36648182965184634, 0.24412953123603182, 0.1527719601009912], [0.21940763927515203, 0.5515946087489019, 0.15317216507481266, 0.07582558680113341], [0.21128495895880717, 0.5395390230015095, 0.13430180744074435, 0.11487421049893902], [0.2689473628728855, 0.5184124707657247, 0.13313920794586118, 0.0795009583155286], [0.24601519081607137, 0.5373499713211326, 0.12178710827724834, 0.09484772948554762], [0.2602966388755521, 0.384695792387762, 0.22615089673297747, 0.12885667190370836], [0.2578998005839998, 0.387155755837131, 0.24227588778829326, 0.11266855569057589]], "ideal": "D", "sampled": "A", "correct": false}}
{"type": "result", "data": {"idx": 11, "options": ["Wrong, Wrong", "Wrong, Not wrong", "Not wrong, Wrong", "Not wrong, Not wrong"], "probs": [[0.22726340250986007, 0.4449642233855973, 0.21349642850564154, 0.11427594549890104], [0.3256985142917682, 0.3867821029504055, 0.1538516225572528, 0.13366776010057346], [0.22130285042525247, 0.4070426518031228, 0.30725122186067644, 0.06440327581094828], [0.23750691467393983, 0.4234064284051209, 0.21965979364791038, 0.11942686317302888], [0.2643062612563554, 0.3556665267787435, 0.285785270555929, 0.09424194130897205], [0.25316621379503434, 0.3860365084045438, 0.2165463099588755, 0.14425096774154633], [0.23589900225344923, 0.5399843219862234, 0.13867909644730797, 0.08543757921301938], [0.21462818658249777, 0.5480791248119291, 0.13431218065003253, 0.10298050785554054], [0.2597319127419457, 0.4282298885998333, 0.232823992508673, 0.07921420604954799], [0.1952586173815972, 0.45399630065192703, 0.18631933627649594, 0.16442574558997985], [0.24865470260334108, 0.3346058552603295, 0.3046612554730265, 0.11207818656330291], [0.20221506057147617, 0.33865141865204795, 0.2721134721960705, 0.18702004848040535], [0.19896683169016932, 0.5493710657008887, 0.19284717808541088, 0.05881492442353116], [0.17658235394056632, 0.6067842334913042, 0.14639327146725123, 0.07024014100087833], [0.2246774468298206, 0.5142974333591169, 0.18337816271405716, 0.0776469569970053], [0.19348761293229044, 0.5342436988546386, 0.11920569002028077, 0.15306299809279014], [0.23238741032234103, 0.3434489394637886, 0.32264074920349073, 0.10152290091037962], [0.21670328724313234, 0.3629135001211096, 0.28263724689748504, 0.13774596563827296], [0.17950380247907452, 0.5616240626374944, 0.1852034520590648, 0.07366868272436622], [0.1751693246622655, 0.5480625343040101, 0.16714920720243537, 0.10961893373128909], [0.1904112100410785, 0.5596551298535498, 0.1680384278129386, 0.08189523219243304], [0.17037006830128376, 0.567425357476682, 0.16512995587582735, 0.09707461824620688], [0.18492546374713587, 0.43673943218980404, 0.26078871344213544, 0.11754639052092464], [0.18062472610790392, 0.42658287918150617, 0.27975958999815814, 0.11303280461243174]], "ideal": "B", "sampled": "A", "correct": false}}
{"type": "result", "data": {"idx": 12, "options": ["Wrong, Wrong", "Wrong, Not wrong", "Not wrong, Wrong", "Not wrong, Not wrong"], "probs": [[0.24044697936946033, 0.4090180007178802, 0.24044972118305843, 0.11008529862960104], [0.35925142347566535, 0.35368685329803656, 0.15694854450376486, 0.13011317862253322], [0.24424730420834626, 0.3498720850436105, 0.3391066814553385, 0.06677392919270474], [0.2871247486911474, 0.38637291805497076, 0.2068101434678134, 0.11969218968606844], [0.2773262365379108, 0.3045865410480247, 0.31920291179217614, 0.09888431052188836], [0.282148714601365, 0.34569993096560414, 0.2163328644963406, 0.15581848983669028], [0.24487801988409028, 0.5103750456526885, 0.1532420733377014, 0.09150486102551973], [0.23020162200566494, 0.5269427416753449, 0.13746097989781178, 0.10539465632117827], [0.25547855393822244, 0.4278502846394547, 0.23628086471705934, 0.08039029660526349], [0.19664297384931553, 0.45012571435207727, 0.1876401090869471, 0.16559120261166013], [0.2610120850842081, 0.3198027109721193, 0.3051568956414747, 0.11402830820219793], [0.21098006083911952, 0.33192265525006, 0.2709067503972162, 0.18619053341360434], [0.20137051796086786, 0.5647625621092157, 0.18050874219192897, 0.05335817763798745], [0.17890972121027382, 0.6342957762306687, 0.12686692769126154, 0.05992757476779599], [0.2270799397417289, 0.5038033390034843, 0.19423336801697774, 0.07488335313780907], [0.19297662610657085, 0.5328316568346942, 0.11168756588363457, 0.1625041510751003], [0.2215633690135645, 0.33784636851746963, 0.332608610358356, 0.10798165201060991], [0.20745061335873338, 0.35288894172954266, 0.2925550937360033, 0.14710535107572068], [0.16377141312085372, 0.5454473738771928, 0.21696331574669378, 0.07381789715525967], [0.16017685174262603, 0.5418764634867184, 0.1843637174969281, 0.1135829671737275], [0.18747180512414974, 0.5257817632225299, 0.19956369401929655, 0.08718273753402384], [0.1651338288102615, 0.5414581621020881, 0.19006937383118214, 0.10333863515646825], [0.17253026621598655, 0.40114820597255446, 0.2981074496523572, 0.12821407805910182], [0.16516284260339145, 0.40244796586506165, 0.3134262771653366, 0.1189629142662103]], "ideal": "C", "sampled": "A", "correct": false}}
{"type": "result", "data": {"idx": 13, "options": ["Wrong, Wrong", "Wrong, Not wrong", "Not wrong, Wrong", "Not wrong, Not wrong"], "probs": [[0.31813837753756835, 0.4486496980080471, 0.15997187135857338, 0.0732400529958111], [0.3343472903016874, 0.40965510936660504, 0.13299701111912726, 0.12300058911258027], [0.2908327237846781, 0.34002050247337906, 0.300067509679776, 0.0690792639621668], [0.3031424509536907, 0.42087453755063187, 0.15726987697622127, 0.11871313441945615], [0.2656760692773591, 0.26986201388542275, 0.3519669017454577, 0.11249501499176046], [0.26891039597189703, 0.3507283470848391, 0.20942992523766701, 0.1709313316055969], [0.17345504331750336, 0.6444703291869144, 0.11199192618209827, 0.07008270121348399], [0.1566298697213583, 0.6492194323617353, 0.10765090480269769, 0.0864997930142087], [0.22357379730692678, 0.38630430345488065, 0.31040377578029565, 0.07971812335789694], [0.16859668994042198, 0.43053178277871484, 0.19104721219558013, 0.20982431498528306], [0.2254003896845252, 0.2594368898944764, 0.4018236158789537, 0.11333910444204474], [0.1901700915180698, 0.27240976282599755, 0.2854828493684725, 0.25193729618746014], [0.19064710820663833, 0.569172420463804, 0.1763212351838095, 0.06385923604574814], [0.17536477926372365, 0.6414629934486784, 0.11865869769320199, 0.064513529494396], [0.2112947223676339, 0.5148558539403827, 0.19238762268902787, 0.0814618009029555], [0.16844203329377927, 0.5188423626578629, 0.09302342352935673, 0.21969218041900115], [0.21968681780753865, 0.3098100377337763, 0.3510610706595033, 0.11944207369918174], [0.18590331629751708, 0.3113320562329113, 0.30175373854461973, 0.20101088882495188], [0.1383742211984106, 0.5917565689741662, 0.20450546878381645, 0.0653637409436068], [0.13555550270910632, 0.5981039270584331, 0.16870298602898975, 0.09763758410347088], [0.13867811650620746, 0.539983383661402, 0.2359009945767507, 0.08543750515563985], [0.13437892094761664, 0.539853437493298, 0.19552206408446648, 0.13024557737461898], [0.16827550041634923, 0.36185213096410296, 0.3346584638414979, 0.1352139046780499], [0.15134075282490803, 0.35188099738416917, 0.3305616676476842, 0.16621658204323858]], "ideal": "A", "sampled": "A", "correct": true}}
{"type": "result", "data": {"idx": 14, "options": ["Wrong, Wrong", "Wrong, Not wrong", "Not wrong, Wrong", "Not wrong, Not wrong"], "probs": [[0.21112251908821195, 0.44002215381102816, 0.2247415400739739, 0.12411378692678601], [0.2907374972253871, 0.4036562086927286, 0.16826951014919286, 0.13733678383269138], [0.18244358351660483, 0.40477393847310145, 0.3252440891761951, 0.08753838873409871], [0.19869050075752456, 0.4477617709046931, 0.21483777251704542, 0.1387099557207369], [0.23250525459235666, 0.3436243568547412, 0.30324688507720376, 0.12062350337569834], [0.22594014817929545, 0.38434176371166134, 0.22950043807865922, 0.16021764993038398], [0.229160241138676, 0.5084206016872711, 0.15750089755572116, 0.10491825951833166], [0.21518507484541152, 0.5162096830530071, 0.14789607017527723, 0.12070917182630413], [0.24322094020795482, 0.4137374162260213, 0.2432231306786501, 0.0998185127873738], [0.1814414235553286, 0.43526160064067554, 0.19314573415455352, 0.19015124154944232], [0.23943083699427367, 0.3171985541622106, 0.3171982859413011, 0.12617232280221458], [0.1960156141921904, 0.32317987562732475, 0.2721444408642964, 0.2086600692161884], [0.18053759901711391, 0.5224092680052436, 0.21439610738988696, 0.0826570254877556], [0.15718586188090727, 0.5932207460537843, 0.15718759041570862, 0.09240580154959979], [0.1905583206869099, 0.48661378826041557, 0.2159333132319295, 0.10689457772074505], [0.17159199373442585, 0.5122868761696375, 0.12167869577910839, 0.19444243421682825], [0.1888495655340416, 0.32124715561564254, 0.34735115841504643, 0.1425521203352694], [0.18505094943580247, 0.3403653800147153, 0.28661629554743395, 0.1879673749020483], [0.1510658320285498, 0.579101703224599, 0.1850914278847939, 0.08474103676205731], [0.14011415182823414, 0.5717600924253964, 0.1663912782735896, 0.1217344773727799], [0.16744523871511025, 0.5321455358130297, 0.19884778400481615, 0.10156144136704383], [0.14687167721282918, 0.5457010539402611, 0.18566514933248499, 0.12176211941442476], [0.15380594361981406, 0.4313637976120258, 0.2657552698846432, 0.14907498878351694], [0.1522161869721673, 0.4269058151470396, 0.2756308450643255, 0.14524715271646757]], "ideal": "D", "sampled": "A", "correct": false}}
{"type": "result", "data": {"idx": 15, "options": ["Wrong, Wrong", "Wrong, Not wrong", "Not wrong, Wrong", "Not wrong, Not wrong"], "probs": [[0.26657492814500144, 0.5555954736381058, 0.11646004599039567, 0.06136955212649714], [0.33351495113207985, 0.46304764304043466, 0.10171957085636281, 0.1017178348711227], [0.2834063609737789, 0.4389537625160459, 0.2172985998343227, 0.060341276575852476], [0.2753611247765006, 0.49861983202805593, 0.11300987917559568, 0.11300916391984779], [0.26497593716844536, 0.356568547724059, 0.2608719785315589, 0.11758353647593675], [0.24407414362153051, 0.39003502156306025, 0.17580313454887175, 0.1900877001665375], [0.10059844630983328, 0.743337919414523, 0.09599295901245054, 0.060070675163193206], [0.09090895001628578, 0.7377651176766964, 0.09234199477357093, 0.07898393743344691], [0.1271060917849778, 0.4506366248296353, 0.3509565952172889, 0.07130068806809801], [0.09028909147605965, 0.5445246424443174, 0.17404065571717406, 0.19114561026244886], [0.10529942181848974, 0.2606231414639715, 0.49457696107585886, 0.13950047554167994], [0.08117228624646329, 0.22765870050808054, 0.4122373697906159, 0.2789316433548403], [0.14092349847199998, 0.693658642099812, 0.12243821333869802, 0.04297964598949006], [0.10356174960513147, 0.7652330851305016, 0.08452579220794912, 0.04667937295641786], [0.16685348498861163, 0.5644644414148853, 0.2012667029706034, 0.06741537052589971], [0.09720134082349627, 0.6240160642227532, 0.07933484230132107, 0.19944775255242947], [0.12201325758170292, 0.2749639060046416, 0.490178442710678, 0.11284439360297742], [0.10895033341972798, 0.3103753672285747, 0.38028169241144755, 0.20039260684024982], [0.04584909335726448, 0.7877008543702931, 0.12270019737002186, 0.04374985480242049], [0.03723114427327067, 0.7715555156360016, 0.11115315390347384, 0.08006018608725389], [0.05357788895122583, 0.6326389335679139, 0.24390398054330323, 0.06987919683755707], [0.04176366096270034, 0.6233875959878953, 0.21209716015749053, 0.12275158279191388], [0.04181064834944615, 0.5093642822079032, 0.3500808009488589, 0.0987442683937917], [0.040352149591220944, 0.5315433581672037, 0.3076339570085345, 0.12047053513304093]], "ideal": "A", "sampled": "A", "correct": true}}
{"type": "result", "data": {"idx": 16, "options": ["Wrong, Wrong", "Wrong, Not wrong", "Not wrong, Wrong", "Not wrong, Not wrong"], "probs": [[0.20975046482821283, 0.4171424930019019, 0.23768100848446735, 0.13542603358541785], [0.27212599464383463, 0.38376464985067693, 0.1841329171354592, 0.15997643827002922], [0.18805074040428152, 0.385859208628359, 0.3300422875272033, 0.09604776334015615], [0.18437719184904566, 0.39033084594302564, 0.2600159114324986, 0.1652760506754301], [0.18888451802848075, 0.35288627354760466, 0.3263655158685632, 0.13186369245535134], [0.17923512364182687, 0.3620691758957166, 0.2648944972888502, 0.19380120307360635], [0.2083058875476921, 0.5751567268110569, 0.12833454725596893, 0.08820283828528203], [0.19666798703891292, 0.5690835202524731, 0.12897904408147157, 0.10526944852714236], [0.2402750789981371, 0.4087251874665925, 0.2598011292183299, 0.09119860421694051], [0.1837226666152337, 0.4338997408060569, 0.19865355495670725, 0.18372403752200211], [0.22620566382274446, 0.2904570914855038, 0.35035702212801434, 0.1329802224637374], [0.18825608209491598, 0.30557381648384796, 0.28260862403355275, 0.2235614772876833], [0.18749931895165545, 0.595877196810568, 0.162903687179356, 0.05371979695842048], [0.15515862403748554, 0.6532481312098521, 0.12274158744776689, 0.06885165720489538], [0.22093337607459207, 0.49788555126959044, 0.2011638417552127, 0.08001723080060479], [0.174950268479795, 0.5388911995909388, 0.1112064454079954, 0.17495208642127083], [0.210948836619191, 0.3117645336112864, 0.35327571100523314, 0.12401091866428939], [0.20734972686555506, 0.3527171769110037, 0.28341625404874665, 0.15651684207469463], [0.14964674898364197, 0.6106581873884812, 0.17224361335855473, 0.06745145016932212], [0.14918169266593476, 0.5993226721333962, 0.1423512984494723, 0.10914433665119673], [0.17222925890579163, 0.5473480779327865, 0.19516257794363792, 0.08526008511778395], [0.1686466199635199, 0.5529763143178402, 0.16603343310806878, 0.11234363251057104], [0.16051110862842108, 0.40988308797974005, 0.3045989916109273, 0.12500681168091154], [0.16442386661809438, 0.4069569443990611, 0.31202446988285515, 0.11659471899998934]], "ideal": "D", "sampled": "A", "correct": false}}
{"type": "result", "data": {"idx": 17, "options": ["Wrong, Wrong", "Wrong, Not wrong", "Not wrong, Wrong", "Not wrong, Not wrong"], "probs": [[0.23551181658272655, 0.4133403424010695, 0.2014462709656456, 0.1497015699505584], [0.31471986044358924, 0.385608559593868, 0.14866568368178615, 0.15100589618075658], [0.20468480272973744, 0.41999088461994705, 0.2886545869820371, 0.0866697255682784], [0.20159307709139437, 0.4687234251303103, 0.1953923763709011, 0.13429112130739426], [0.21991728899417426, 0.3799871915195038, 0.28238139395218725, 0.11771412543413468], [0.21164928461352092, 0.42092007550262855, 0.21498401572521544, 0.15244662405863507], [0.22695460437745968, 0.5617244494170499, 0.11060975985358641, 0.10071118625190403], [0.2044209192677167, 0.5644318510205318, 0.11467083176776842, 0.11647639784398309], [0.25812087517475196, 0.44599729429215923, 0.19790968312507026, 0.09797214730801855], [0.17746539941042436, 0.45317976032671753, 0.17746742596840692, 0.19188741419445118], [0.2501959800470019, 0.3212622999823696, 0.29251170155461115, 0.13603001831601735], [0.20473817598972285, 0.3375610511430616, 0.2431352508759327, 0.21456552189128278], [0.1916971277886087, 0.581320724627385, 0.1564602015927511, 0.07052194589125514], [0.1618891048128758, 0.6503736923701848, 0.11126565849215507, 0.07647154422478432], [0.22431282529738916, 0.49766513329487533, 0.1859636888767805, 0.09205835243095503], [0.17569152435274854, 0.5327851453598224, 0.09552292277945855, 0.19600040740797056], [0.22547776176694584, 0.3280708291223647, 0.3179775570902408, 0.1284738519204487], [0.20366518473584186, 0.34107855906183754, 0.2698155778486578, 0.1854406782536628], [0.14658079493886716, 0.5888744968751354, 0.17137170687944706, 0.09317300120655035], [0.1331685403947854, 0.5875741488599816, 0.143990776286581, 0.135266534358652], [0.1721118960787815, 0.5732256684143465, 0.15188924740391135, 0.10277318800296058], [0.14332643363423028, 0.5848679629108754, 0.14332777473875757, 0.12847782861613674], [0.17460460959118976, 0.4123648702685932, 0.2540503740056618, 0.15898014603455518], [0.16670950749098154, 0.39991965289406173, 0.27918867938043346, 0.15418216013452324]], "ideal": "C", "sampled": "A", "correct": false}}
