{"type": "result", "data": {"idx": 0, "options": ["5 permanent members with veto power, 10 rotating members with no veto power", "5 permanent members and 10 rotating members, all with veto power", "10 permanent members with veto power, and 5 rotating members without veto power", "15 permanent members with veto power"], "probs": [[0.80244107242012, 0.1416413208945212, 0.014697574296577878, 0.04122003228878095], [0.6987198716801417, 0.24147404243954515, 0.00839311809347468, 0.05141296768683846], [0.8477872672409449, 0.08660772506479394, 0.024050239650364538, 0.04155476794389657], [0.856888869431691, 0.10075510793323507, 0.005864789566850052, 0.03649123296822396], [0.6631269602513353, 0.0869843010588394, 0.03460037785274338, 0.21528836073708185], [0.34343842089925886, 0.09687303028978027, 0.08286066480190467, 0.4768278839090562], [0.9932345020870089, 0.0042539492827501565, 0.0009947523271688669, 0.0015167962030720474], [0.9889901833896854, 0.007790779653644116, 0.0009160757201767949, 0.0023029611364937053], [0.9932567282552245, 0.004458205221386283, 0.0008376918685351312, 0.0014473745548540583], [0.9930072881971872, 0.005460937895641616, 0.0006943022500948313, 0.000837471557076387], [0.9915929483598256, 0.0041810721356797705, 0.0009184785347115123, 0.0033075008697831263], [0.9902346756852178, 0.005796893398642987, 0.0013555632592406244, 0.0026128675568984953], [0.9737802790550399, 0.015495886169084854, 0.0034040503832565225, 0.007319784292618662], [0.9645756549488258, 0.02340499327799711, 0.002709397599128599, 0.009309954074048443], [0.9783317656044975, 0.01395537819112886, 0.0020743186430581583, 0.005638537461315404], [0.9756776069608365, 0.017593346491389345, 0.0016884227473163952, 0.005040623700457746], [0.955534244563765, 0.017776979595279917, 0.003137894056294211, 0.023550881684660848], [0.983727195375085, 0.009347510686217341, 0.0015992034307667838, 0.005326090407930907], [0.9485461558297872, 0.04233292528217576, 0.002926213668369867, 0.006194705119667193], [0.9659155596137332, 0.02456229549807502, 0.0016715276268683863, 0.007850617161323412], [0.9679246569260731, 0.03063184591791947, 0.0005879910108367868, 0.0008555060451706767], [0.9230685347238151, 0.07459626701654593, 0.0009688818902503942, 0.0013663162693885965], [0.9766233553351019, 0.015062947742007376, 0.001198434269682397, 0.007115262553208267], [0.9651057499007151, 0.026953810208232613, 0.0021112365164309864, 0.005829203274621268]], "ideal": "A", "sampled": "B", "correct": false}}
{"type": "result", "data": {"idx": 1, "options": ["It allowed the US to intensify its involvement in Vietnam", "It illustrated the influence of public opinion on US foreign policy", "It enhanced Congressional control over the Vietnam War", "It curtailed US involvement in Vietnam"], "probs": [[0.8949037418253059, 0.07009433852207476, 0.005321472905197825, 0.029680446647421532], [0.9433739779631541, 0.043438303226866655, 0.0020316805573443023, 0.011156038152634832], [0.9142266689805274, 0.06622631231662031, 0.004300545053416564, 0.015246473549435723], [0.9411097617217904, 0.046855292478709294, 0.0020587413714220995, 0.00997620432807821], [0.9670298301801675, 0.020386177866798208, 0.0015000471686647458, 0.011083944684369454], [0.9610114788384233, 0.027261902259187537, 0.0020059768613916304, 0.009720641940997556], [0.12697571715801328, 0.8542944923334542, 0.004482946429149003, 0.01424684397938345], [0.08469700557071731, 0.9106058202882865, 0.001033402598865917, 0.0036637714421302128], [0.26063248172696685, 0.6760501176702864, 0.020098728795032682, 0.043218671707714], [0.2118505482004525, 0.7511009905456083, 0.005558297749070754, 0.03149016340486848], [0.3339781090139083, 0.3288109824743407, 0.04246177428994152, 0.2947491341218095], [0.25310012224206807, 0.33531468478748777, 0.043301659756635615, 0.36828353311380857], [0.4949892768048025, 0.43683126645792103, 0.021412139796209678, 0.046767316841066844], [0.6718742784197584, 0.2844920429629576, 0.0074641349954131945, 0.03616954352187075], [0.7419111489356276, 0.1655427579089306, 0.024606415436643395, 0.06793967761879838], [0.7847043099653345, 0.14069038313657445, 0.010191760728418278, 0.06441354606967284], [0.8061001194902174, 0.10573774437263428, 0.01080200620704522, 0.07736012983010308], [0.8389439855450378, 0.08177912501011826, 0.00822487220818865, 0.07105201713665524], [0.07897122703638297, 0.8358982733928866, 0.019658495983729988, 0.06547200348700045], [0.0764021878883095, 0.8744178815629106, 0.011356726193035151, 0.03782320425574477], [0.1871791600325002, 0.5249803994244876, 0.03985452531448414, 0.24798591512852808], [0.2960724929822515, 0.31028939189933863, 0.036484425299990825, 0.357153689718419], [0.12995773479929146, 0.7961185529248845, 0.013485861865465338, 0.06043785031035862], [0.18258399681424656, 0.6890937467076087, 0.025897481587440617, 0.10242477479070414]], "ideal": "A", "sampled": "A", "correct": true}}
{"type": "result", "data": {"idx": 2, "options": ["Terrorists", "Organized crime", "Drug traffickers", "China"], "probs": [[0.0017368725890622432, 0.04550724389139959, 0.009687916051301279, 0.9430679673682368], [0.006110131064709115, 0.04586294857683423, 0.7637923679208801, 0.18423455233757646], [0.0015736998534914004, 0.03695883276259702, 0.00824599174770375, 0.9532214755362078], [0.005081265644188829, 0.03813884738582012, 0.6060784393595725, 0.35070144751041854], [0.00697604232121944, 0.5542815484353834, 0.11801645714410508, 0.32072595199929216], [0.0054030260218763965, 0.7417710996529455, 0.030140436533088448, 0.22268543769208962], [0.00874314946671343, 0.06986933392808256, 0.015346562204784144, 0.9060409543004199], [0.0159020927676047, 0.050542820522403276, 0.7428296845194114, 0.1907254020905806], [0.010086003999929089, 0.08187265199889103, 0.014005083088450094, 0.8940362608127298], [0.0807035782800111, 0.1682151394302183, 0.5692195849354601, 0.1818616972543105], [0.03252210937181065, 0.7881178493938853, 0.011598263280372202, 0.16776177785393187], [0.05285081514752736, 0.8665562648184332, 0.013789791246643679, 0.06680312868739578], [0.0022759269327201604, 0.03731669760413991, 0.012895011936831357, 0.9475123634263085], [0.0036190179435983717, 0.029834074402344184, 0.60875347062549, 0.35779343692856747], [0.002178040619017128, 0.03627555145483337, 0.011235957969363096, 0.9503104498567864], [0.024194289462041305, 0.08185687932752461, 0.6749091950088386, 0.21903963610159546], [0.008997553605460649, 0.7975354110303415, 0.009883734100420396, 0.1835833011637774], [0.020024766322933266, 0.8516748197701387, 0.01660513623393238, 0.1116952775729956], [0.021714266102184732, 0.09580749223259943, 0.33977862677187604, 0.5426996147933397], [0.016228662027717687, 0.14020557150221122, 0.04922081114595137, 0.7943449552241197], [0.004166637352870056, 0.8722208113985163, 0.007428808155673471, 0.11618374299294024], [0.007563669473261218, 0.9163628509807803, 0.009713778578886261, 0.06635970086707223], [0.009751690214630572, 0.5757967034668627, 0.012524476773337977, 0.4019271294451688], [0.02077459702388039, 0.7920474418092937, 0.015934325107283633, 0.17124363595954237]], "ideal": "D", "sampled": "D", "correct": true}}
{"type": "result", "data": {"idx": 3, "options": ["Richard Nixon", "George H. W. Bush", "Jimmy Carter", "Ronald Reagan"], "probs": [[0.9584926117940754, 0.017831829091093182, 0.015252341137457263, 0.008423217877374087], [0.9705247837383572, 0.01496863824411657, 0.003555314134451875, 0.010951263783074384], [0.9782745533110996, 0.017917632497917044, 0.0014939308864806286, 0.0023138832045027026], [0.9603562921059546, 0.03039189232323602, 0.003629810398270719, 0.005622005072538578], [0.9572816179415439, 0.017533174305389605, 0.004364274571824983, 0.020820933081241538], [0.912744252132678, 0.020482794605137106, 0.053128602009766816, 0.013644351152418141], [0.000993453566810658, 0.9919865316312901, 0.002497559227044886, 0.004522455474854281], [0.0010107084955962389, 0.9935729949473882, 0.0017192825647927468, 0.003697013892222836], [0.0011567324226424824, 0.012053660867593413, 0.9427005507196947, 0.044089055890069416], [0.0006108761981497997, 0.006074200596894938, 0.0032511452583487534, 0.9900637778466065], [0.0005789809596402025, 0.0020209029614842943, 0.9681647562665584, 0.029235359712317048], [0.0005243289192726707, 0.0023135431493622365, 0.01907019529310904, 0.9780919325382561], [0.0013427027584158192, 0.9963340052045445, 0.0008017863057485749, 0.0015215056312910748], [0.0015664319353749262, 0.9942127821646106, 0.0014715739451650926, 0.0027492118548494166], [0.002080847506090346, 0.00671712727211701, 0.9662451729615056, 0.02495685216028709], [0.0011115305764009611, 0.0021425906834113377, 0.0018614676767138773, 0.9948844109634738], [0.0011111705926307859, 0.005555564369579851, 0.9791467489628018, 0.014186515974987558], [0.002689918604356121, 0.006352879811645948, 0.002863430525792276, 0.9880937709582056], [0.0002862117720089233, 0.9975008385165532, 0.0004868683762489492, 0.0017260812351889024], [0.00025253546346803074, 0.9973190394627977, 0.0008814512429571251, 0.0015469737307772275], [0.00039777515065045734, 0.0014102695253658585, 0.9830306967603032, 0.015161258463680528], [0.00023851637683058676, 0.0012304074017911797, 0.026720758122118996, 0.9718103179992592], [0.0003309287090435564, 0.004225055635553426, 0.9864997147299155, 0.008944300825487545], [0.00030342268705638577, 0.004821171584161568, 0.001493474605370676, 0.9933819310234113]], "ideal": "A", "sampled": "A", "correct": true}}
{"type": "result", "data": {"idx": 4, "options": ["on nuclear weapons signed between the United States and the Soviet Union.", "cutting conventional arms in Europe.", "to be rejected by the U.S. Senate.", "mandating the elimination of many long-range nuclear missiles."], "probs": [[0.9444043760712796, 0.010168666153970772, 0.0019407419277794537, 0.043486215746970175], [0.9893238660950693, 0.005613357826105862, 0.00261047508847272, 0.0024523008903521324], [0.8543250162080086, 0.016656839442783514, 0.005939215144516457, 0.12307892910469141], [0.9597768441313737, 0.014347572259013775, 0.019306818533848295, 0.00656876497576431], [0.9806879498788995, 0.016612055192620146, 0.0011304867398336472, 0.0015695080886467178], [0.9592693437347654, 0.03719483915429334, 0.001712684507678284, 0.0018231325032630127], [0.004827012223404474, 0.9946461974332299, 0.0001049947339574238, 0.0004217955094082541], [0.005299494605729019, 0.9942880280262908, 0.00015271018503419727, 0.0002597670829459295], [0.00373898044885997, 0.002232749025329851, 0.9440001680950247, 0.05002810233078547], [0.008229693876173724, 0.006310227911005726, 0.18441321430710994, 0.8010468638057106], [0.0779053224303707, 0.3956497969440468, 0.4924098555305015, 0.03403502499508105], [0.021324731730145555, 0.5674468364194799, 0.0025074852541809864, 0.40872094649619356], [0.032933327574722726, 0.9624800469895995, 0.0008915027523396928, 0.003695122583337979], [0.04507653150323837, 0.9488699066746197, 0.004192970793246088, 0.0018605909288958058], [0.010319763140906631, 0.0052710419076441245, 0.8327582106558339, 0.1516509841956153], [0.0190016952613767, 0.010827352785857123, 0.09650331429978873, 0.8736676375529774], [0.15789567756019907, 0.16038873136467052, 0.6245286193737243, 0.057186971601406116], [0.11896976935481463, 0.16517856409867623, 0.00946546693129894, 0.7063861995152102], [0.05418300671485938, 0.9455504492151517, 0.00013431417861938533, 0.00013222979136943045], [0.03675802988526551, 0.9629570747281349, 0.00015023060459781222, 0.00013466468200177975], [0.22630142263336192, 0.021050025324468015, 0.6756520446815618, 0.07699650726060826], [0.08083235768768508, 0.018609198639872048, 0.0039007284375725503, 0.8966577151348704], [0.04197075436437099, 0.012602301970474187, 0.9259083752999551, 0.019518568265199692], [0.0752527491018086, 0.016531295865158804, 0.005624516963988213, 0.9025914379690444]], "ideal": "D", "sampled": "A", "correct": false}}
{"type": "result", "data": {"idx": 5, "options": ["It ended the influence of American exceptionalism entirely", "Exceptionalism was enhanced by America's status as the 'leader of the free world'", "The extension of American power globally challenged core assumptions of exceptionalism", "Both b and c"], "probs": [[0.003480796195674967, 0.1189364702445673, 0.05195845602540328, 0.8256242774343544], [0.00778362790135741, 0.023239619529799947, 0.12368259312773128, 0.8452941593411114], [0.003004176916593387, 0.5132093869760534, 0.016496972611245737, 0.46728946339610744], [0.020146538119371154, 0.36276159302120775, 0.4586137829793542, 0.15847808578006695], [0.018839026815523043, 0.11012472765046241, 0.15289179258024335, 0.7181444528537712], [0.026054142865392673, 0.1725769693489062, 0.6933729867453046, 0.1079959009403965], [0.002434879131049938, 0.07006063471451666, 0.08719049592204871, 0.8403139901323847], [0.007290163299576366, 0.018044845262250066, 0.04904905737663913, 0.9256159339615344], [0.0033105263870440386, 0.5149451932685944, 0.027290974839860784, 0.45445330540450074], [0.03420871495858474, 0.34552672501923454, 0.4233874678188368, 0.1968770921033439], [0.023820051610434073, 0.19032005715657374, 0.033071655345564506, 0.7527882357874277], [0.05067932934945204, 0.15368949105853447, 0.6370637490134555, 0.158567430478558], [0.032292744680914864, 0.22417501184365607, 0.04212144216721299, 0.7014108012082161], [0.526895897068629, 0.12515254781873678, 0.22664641964321872, 0.12130513536941544], [0.027691003551344188, 0.2885778908570144, 0.05338181301525951, 0.6303492924763819], [0.3768306430325177, 0.14303480300418903, 0.307598684810615, 0.17253586905267834], [0.6075933241162021, 0.36852658746518296, 0.012033457205383053, 0.011846631113231873], [0.6347183608177315, 0.33974152926587187, 0.012570628941927809, 0.012969480874468885], [0.051071940024750115, 0.05697838801240317, 0.18682508864714145, 0.7051245832157053], [0.02783194204398177, 0.026976574464331052, 0.8659030278113025, 0.07928845558038476], [0.04428709627893978, 0.09087595274701574, 0.02904488362415882, 0.8357920672498856], [0.1187071049961656, 0.13037987667941436, 0.5489718545368696, 0.2019411636875504], [0.060647896493915325, 0.9340406490969242, 0.003421740065735247, 0.001889714243425208], [0.10042478525117374, 0.895132522813375, 0.003178359831358386, 0.0012643320040928664]], "ideal": "D", "sampled": "C", "correct": false}}
{"type": "result", "data": {"idx": 6, "options": ["He believed that internal reform rather than international negotiation was the key to economic regeneration of the US", "He believed that German domination of Europe would be in US interests", "He always favoured isolationism", "All of the above"], "probs": [[0.08850072653081861, 0.08185911482719242, 0.0768928928929003, 0.7527472656490887], [0.118938341200043, 0.0780060387916764, 0.5086712495619914, 0.29438437034628917], [0.09988383724546336, 0.11497770736756677, 0.06973241113027062, 0.7154060441566993], [0.28240093796410126, 0.11590104635317212, 0.4045459955864867, 0.1971520199962399], [0.10936483162713867, 0.8602659237589849, 0.007799846704918862, 0.02256939780895756], [0.12541169640296718, 0.8570663993368463, 0.004094998563866036, 0.013426905596320588], [0.09132933003314009, 0.058973472330325995, 0.10846056060790435, 0.7412366369286295], [0.10337686499151637, 0.06077549210784241, 0.5677007415036118, 0.26814690129702945], [0.09568446731080718, 0.10675606716465212, 0.07932863265483084, 0.7182308327697099], [0.1529158319473274, 0.11188360052442195, 0.4494995075871676, 0.285701059841083], [0.04057855207767718, 0.9381727092857562, 0.005846231314701282, 0.015402507221865246], [0.0326331322013275, 0.9537533116929213, 0.002851663625593252, 0.010761892380157857], [0.06454027924062475, 0.0939157194063293, 0.05520600226242859, 0.7863379989906174], [0.1307142227757393, 0.12473414837066715, 0.46346169705524687, 0.2810899316983467], [0.06270177591670877, 0.09712470958388858, 0.05198315844928888, 0.7881903559501138], [0.10624009178768629, 0.1242158328581127, 0.476189697734539, 0.293354377519662], [0.04175311148462106, 0.9068321410978555, 0.013986224958495691, 0.03742852235902777], [0.029371808500196044, 0.9137969986937566, 0.014093609184075958, 0.0427375835219714], [0.6147120112816208, 0.2949499542520652, 0.021366339572735687, 0.06897169479357834], [0.6069553750730177, 0.3248908635896289, 0.01832936974081184, 0.04982439149654159], [0.6368072162767705, 0.27389354072161837, 0.021120736806083833, 0.06817850609552722], [0.534413401240413, 0.36161399153441554, 0.020722635242674505, 0.08324997188249685], [0.6483395928796469, 0.24996611566766458, 0.03228060347931244, 0.06941368787337605], [0.5570406711430095, 0.3224023808426813, 0.02525321200167068, 0.09530373591263851]], "ideal": "A", "sampled": "D", "correct": false}}
{"type": "result", "data": {"idx": 7, "options": ["A strand of neo-isolationist sentiment", "A strand of internationalist sentiment", "An expression of American cultural superiority", "Increased incorporation of public opinion in foreign policy making"], "probs": [[0.07800883170195405, 0.4024167418437625, 0.09120403365182837, 0.428370392702455], [0.07568890081152115, 0.24054930328554372, 0.38439766714298257, 0.29936412865995254], [0.0840667784129953, 0.18945461509717393, 0.3377450406213616, 0.3887335657684692], [0.08654550526577168, 0.3643871870599424, 0.1361600915665372, 0.41290721600774877], [0.054481601170158045, 0.6333569051676594, 0.19316075020733245, 0.11900074335485013], [0.017935426269218326, 0.9344367649323014, 0.014638862984395932, 0.03298894571408434], [0.049588008016858136, 0.03922850798987059, 0.6431061888370843, 0.268077295056187], [0.056546206735555056, 0.10080941546196391, 0.1537133535290537, 0.6889310241734273], [0.04919869366553423, 0.781745837760602, 0.043418679063646166, 0.12563678941021758], [0.02425278158636615, 0.9101094088619859, 0.018888392959761722, 0.04674941649188626], [0.0669972866928306, 0.07711598793423816, 0.20002202538783534, 0.6558646998850959], [0.04106924560049024, 0.027358508782079557, 0.6838893089835626, 0.24768293653386764], [0.07248295815874391, 0.05824376992953107, 0.37392136311546437, 0.4953519086962606], [0.08528260585541723, 0.07887670808343807, 0.33732094136416274, 0.49851974459698195], [0.24982350315547708, 0.2659424780885899, 0.08500016494736914, 0.3992338537085639], [0.49467602551503914, 0.23367102528884434, 0.052138697545003554, 0.21951425155111295], [0.1885277414965337, 0.22389138743537146, 0.14231379964927357, 0.44526707131882126], [0.3857878618653805, 0.2569958980271671, 0.06600143309774058, 0.2912148069097118], [0.10624283551107372, 0.17793253062376252, 0.2470333575955359, 0.46879127616962785], [0.1561936531026127, 0.22027572810090582, 0.2308466720854864, 0.3926839466109951], [0.11454340473032747, 0.14708326317141077, 0.1381699550559051, 0.6002033769423567], [0.09291736226837327, 0.07013944862740498, 0.5023281274336043, 0.3346150615706174], [0.13070600707311752, 0.4089575118130906, 0.1050280410712268, 0.35530843994256506], [0.07600700939439509, 0.7676695670276945, 0.043990280966423406, 0.11233314251148703]], "ideal": "A", "sampled": "C", "correct": false}}
{"type": "result", "data": {"idx": 8, "options": ["The war reduced European population levels below that of the United States", "The United States seized German resources after the war", "European countries paid the United States for assistance", "The United States became a creditor country and financial centre, with European war spending boosting the US economy"], "probs": [[0.0017133984329514307, 0.0023788883423991563, 0.005706514026013355, 0.990201199098636], [0.004486927388450711, 0.006133126685647525, 0.9689536888272879, 0.02042625699861385], [0.001970807902953753, 0.004172332826330995, 0.004304661664648894, 0.9895521975060664], [0.003973446039711737, 0.0053470090653526805, 0.9723061178912458, 0.018373426903689757], [0.005903246301472755, 0.9928298890471601, 0.00038937374506584153, 0.0008774908063012852], [0.005372532746664419, 0.9923722934771049, 0.0007158412037201618, 0.0015393324725105095], [0.0011982131054216643, 0.0017708952473368073, 0.005124123803635225, 0.9919067677436063], [0.004287396087546132, 0.005592011375173508, 0.970295368624404, 0.019825223812876325], [0.0021260227747787667, 0.0052621347628045495, 0.0053448534395090464, 0.9872669889229077], [0.005148354497706687, 0.005480573531111092, 0.9659338401416993, 0.023437231729482925], [0.0017264477948719069, 0.9977451316946464, 0.00019370934273874705, 0.00033471106774293454], [0.0027544992883833455, 0.9961593208630174, 0.00034477652980712214, 0.00074140321879214], [0.001741388002902215, 0.0031044492842740253, 0.004377865884123479, 0.9907762967287003], [0.004454816346775657, 0.005290367231081679, 0.9771610934200765, 0.013093722902066141], [0.0019412276753333567, 0.0032006440744622544, 0.0048046081652025775, 0.9900535199850018], [0.004601902265826512, 0.004323218424664, 0.9783683286128637, 0.012706550596645718], [0.004396402975190345, 0.99495948044205, 0.0002599405277949709, 0.00038417595496470806], [0.007226685000337604, 0.9919695726333829, 0.00028021742174671836, 0.0005235248445328026], [0.9584390854822044, 0.027188890629135085, 0.004369674868316965, 0.010002348920343528], [0.9541788286206152, 0.029728416924279764, 0.006134855131812884, 0.009957899223292163], [0.9664682953973204, 0.02135212447453847, 0.004075143322657115, 0.008104436705484068], [0.9588569870494563, 0.024004524623096025, 0.005975242252800419, 0.011163245974647283], [0.9638664099841907, 0.026501488091355538, 0.0035310196737737836, 0.006101082150679978], [0.9630902296471978, 0.025267552287729936, 0.003935954952964506, 0.0077062630121077025]], "ideal": "D", "sampled": "D", "correct": true}}
{"type": "result", "data": {"idx": 9, "options": ["the president of the United States.", "the secretary of defense.", "the chairman of the Joint Chiefs of Staff.", "Congress."], "probs": [[0.0032177885237436015, 0.0005012523425291048, 0.0009076881925305113, 0.9953732708411968], [0.02192677344705098, 0.000602886997785134, 0.9771103378809723, 0.0003600015741914683], [0.002586333108670478, 0.00046372443614881514, 0.001280448066164798, 0.995669494289016], [0.017691767408333472, 0.0007302423706711199, 0.981168361057501, 0.00040962906349433246], [0.6923112631568834, 0.30721037525183725, 0.0004205485312234609, 5.7812960055856437e-05], [0.6509986033609753, 0.3484533168900521, 0.00048452245410954563, 6.355719486310898e-05], [0.0006553883930761682, 0.9978519246197917, 0.00020947829902646074, 0.001283208588105645], [0.00037398195836590216, 0.9993263905410205, 0.00020653415500794165, 9.30932456057076e-05], [0.00023633598125451073, 0.00013052042825908842, 0.9935379619087811, 0.0060951815817052914], [0.0004064005477660725, 0.00020757831928420618, 0.21720442878681323, 0.7821815922461365], [0.0007187181387253964, 0.0012812602387919138, 0.9963548459516087, 0.0016451755708739538], [0.0014521257043488168, 0.016361244547058184, 0.0010791323557851145, 0.9811074972928079], [0.0004948793014497543, 0.9981875617391419, 0.00021960642185683992, 0.0010979524375515032], [0.00031989222852300234, 0.9993540301366778, 0.0002065400674326969, 0.00011953746736648354], [0.00017885790931638511, 0.00011730036872244664, 0.9961113879758213, 0.003592453646139817], [0.00024188590894094023, 0.00013782781727422627, 0.05918713335818418, 0.9404331528156007], [0.0004575089734468535, 0.000881877476251356, 0.9978058659803588, 0.0008547474699429348], [0.0010515667067888875, 0.011483553158645216, 0.0010681249240960427, 0.9863967551104699], [0.019714641874159534, 0.9800654100110848, 0.0001679262735855848, 5.202174117007248e-05], [0.014500194182263856, 0.9852752057617535, 0.00017147789129911875, 5.312206468351568e-05], [0.0005877490896270542, 0.0001820778757497886, 0.9983055070363869, 0.0009246658982362302], [0.0013869555152852056, 0.0005264428537948313, 0.0005692054581097966, 0.9975173960728102], [0.0007202413653439464, 0.00017650472653071972, 0.9984676384034531, 0.000635615404672264], [0.0012052698030729364, 0.0004165398220454344, 0.0006451326589833212, 0.9977330576158984]], "ideal": "D", "sampled": "A", "correct": false}}
{"type": "result", "data": {"idx": 10, "options": ["The US ignored the Third World", "Local developments were viewed through a geopolitical lens", "The US unreservedly supported decolonization", "None of the above"], "probs": [[0.11514089528605104, 0.6730898342204977, 0.05190239260971709, 0.15986687778373418], [0.04204778509881127, 0.9276224080167539, 0.01046709843466482, 0.01986270834976998], [0.09111862834124135, 0.12850904313774247, 0.5326735336354378, 0.24769879478557832], [0.03344721396599343, 0.07306228686231336, 0.10797327171636634, 0.7855172273553268], [0.05407629161532372, 0.2833541035368807, 0.6093297600136824, 0.05323984473411312], [0.014750960075437768, 0.41137429493033756, 0.02888188843025873, 0.5449928564639659], [0.5541401917782752, 0.21033407822637057, 0.05840760904023168, 0.17711812085512257], [0.6696500331160591, 0.09350649475503311, 0.0964738003024947, 0.1403696717264131], [0.5960265119883014, 0.2027936632172596, 0.024989322524378695, 0.17619050217006038], [0.7852488557896846, 0.0814834489235653, 0.06247478024089889, 0.07079291494585117], [0.8413895955945057, 0.09740014364211037, 0.014477160744339568, 0.04673309991904439], [0.8205053927743862, 0.13394631126576184, 0.02851896796163245, 0.01702932789821952], [0.06903514471064512, 0.07123030933711827, 0.7307558276743834, 0.12897871817785314], [0.01788432344110795, 0.040305421381351646, 0.06644985051923213, 0.8753604045583082], [0.08610368663502954, 0.8833708910325773, 0.006237754702204662, 0.024287667530188475], [0.039181045669806173, 0.9493269505340964, 0.004129829688911862, 0.007362174007185553], [0.019585658831707875, 0.18875885636596773, 0.009251753376490143, 0.7824037313258343], [0.10660984465354244, 0.30371818226256436, 0.558645849606464, 0.031026123377429164], [0.004745620708376694, 0.02229025372926907, 0.9186520460057611, 0.05431207945659311], [0.0016162969175539544, 0.012322682712503044, 0.00713151450396525, 0.9789295057659777], [0.01836767339589739, 0.9720443060710515, 0.0046442633319841225, 0.004943757101066955], [0.015682735679417935, 0.9703143342353163, 0.009219817550429972, 0.004783112434835761], [0.003755196341149763, 0.04165561992497481, 0.006488469620526039, 0.9481007140133494], [0.006237794480024924, 0.07028477012183786, 0.8834313643333338, 0.04004607096480341]], "ideal": "B", "sampled": "B", "correct": true}}
{"type": "result", "data": {"idx": 11, "options": ["It was the first time the US became involved in the Balkans", "It was the first time NATO used military force", "It was the first war won by airpower alone", "It was the first war to employ 'smart weapons'"], "probs": [[0.35801022128214255, 0.4455757671076801, 0.04481309140540785, 0.15160092010476953], [0.3378132531034905, 0.4270609553169174, 0.0542951367101147, 0.1808306547694774], [0.15624065427802386, 0.039505764203371756, 0.35212570199812737, 0.452127879420477], [0.13606068389202014, 0.035495061159346496, 0.02054287850246876, 0.8079013763461645], [0.11953383348989315, 0.031183657293340154, 0.3981396146240287, 0.45114289449273803], [0.1329412423050853, 0.03157788426547574, 0.021035221746829067, 0.8144456515826098], [0.3359181494994302, 0.44504069116997974, 0.044759328236740836, 0.1742818309938492], [0.30775923336317124, 0.4408687765682003, 0.05265476318884604, 0.19871722677978246], [0.37896511111604053, 0.1174027385145192, 0.15312470843417728, 0.350507441835263], [0.22580746042291305, 0.10338710414774031, 0.03744407161077035, 0.6333613637185763], [0.3299793898729316, 0.1105337440857026, 0.1970525383752227, 0.362434327566143], [0.3186691855421111, 0.11013433124419268, 0.037471195631175055, 0.5337252874825211], [0.10338670682330177, 0.2681817988173569, 0.22583693095394922, 0.4025945633053921], [0.06159848329116502, 0.20516564140720936, 0.02820315405647944, 0.7050327211451461], [0.09755762647291175, 0.626348661296665, 0.0629924284598143, 0.213101283670609], [0.09631797562711149, 0.5047137084316856, 0.035435866164942, 0.3635324496762609], [0.030757826965071008, 0.011674905854159753, 0.0862659344767117, 0.8713013326040575], [0.056955330227269285, 0.01352870933630829, 0.16741061255732204, 0.7621053477791004], [0.11463637307223591, 0.15916768730575545, 0.2583626729479553, 0.46783326657405333], [0.06058627784204714, 0.2472480103681491, 0.030466452454844906, 0.6616992592349589], [0.12640561898841307, 0.532237796000794, 0.07788231503886105, 0.2634742698719319], [0.09524444915444873, 0.5834970278027043, 0.03240783776141524, 0.2888506851814317], [0.026156408734012287, 0.010084719405511283, 0.07000093167879119, 0.8937579400816852], [0.05262059786609132, 0.013514764731294784, 0.17254676685670306, 0.7613178704459108]], "ideal": "C", "sampled": "B", "correct": false}}
{"type": "result", "data": {"idx": 12, "options": ["The character of a state's leader", "The distribution of power in the international system", "The distribution of power within a state's governmental system", "A state's political ideology"], "probs": [[0.0003352110465407372, 0.9993165931997322, 7.027520071769748e-05, 0.0002779204530093554], [0.00027796233633775716, 0.9995402853582764, 4.1972398992548525e-05, 0.00013977980639321265], [0.0016912246655894961, 0.011739901598524139, 0.977425882947615, 0.009142990688271391], [0.0025520959375464444, 0.06898110845694654, 0.005488011779746278, 0.9229787837257607], [0.0005490679141430982, 0.0013379442883416552, 0.9928213888832351, 0.005291598814280101], [0.0015324380691427576, 0.005184521740262003, 0.06516320644613129, 0.9281198336444639], [0.9976565722607256, 0.0019259789037608334, 0.00026893292359457256, 0.00014851581191902314], [0.997892640108267, 0.0017268421740700842, 0.000264825159682658, 0.000115692457980337], [0.9982946738165971, 0.0014547393686768805, 0.00016322219628417596, 8.73645184418423e-05], [0.998817237580986, 0.001000347460042349, 0.00012327004895864243, 5.9144810013021164e-05], [0.9981639551047116, 0.001500713780307807, 0.00021960729283033065, 0.00011572372215033752], [0.998664022801788, 0.0010814670254690358, 0.00017111569490840082, 8.339437783457357e-05], [0.0019418070127031574, 0.0026130515975771175, 0.9903290407963178, 0.005116100493401901], [0.007939407833734036, 0.012490841390820495, 0.0026594244394440546, 0.9769103262360014], [0.011147813280212578, 0.9879722529857108, 0.00034196294553123, 0.000537970688545395], [0.01300985407789757, 0.9862078854190278, 0.0003156971106090285, 0.00046656329246553576], [0.0033487695674864, 0.006064028383955736, 0.002128643648807572, 0.9884585582997503], [0.0009201347083509844, 0.001640354391384877, 0.9934425304436653, 0.0039969803565989065], [0.0004927928045712053, 0.0010597217957410959, 0.9940551422349568, 0.004392343064730816], [0.001016191835702199, 0.0032805479211057364, 0.05724512020716166, 0.9384581399360304], [0.00024147571130349102, 0.9994618010668814, 5.1422454255184625e-05, 0.0002453006675599168], [0.00027790869512785886, 0.9993564398317957, 5.5594728794135246e-05, 0.0003100566442823354], [0.001340301789637659, 0.014867763947393751, 0.0046056968192397215, 0.9791862373437289], [0.0011453437809769136, 0.006191917332624699, 0.9782661958632535, 0.014396542923144955]], "ideal": "B", "sampled": "B", "correct": true}}
{"type": "result", "data": {"idx": 13, "options": ["Leaders have incentives to lie", "If leaders revealed their programs, they would be more likely to be attacked", "Leaders will not always grant foreign monitors access to their nuclear programs", "ALL of the above"], "probs": [[0.009723050455464647, 0.016283815618851064, 0.012681442228954513, 0.9613116915967298], [0.04896449260695515, 0.05814869657956693, 0.6154737426062339, 0.27741306810724403], [0.00889583590801608, 0.015371256880218917, 0.00977029277276292, 0.9659626143390021], [0.04202629581624298, 0.05926846430840632, 0.7449745521860862, 0.15373068758926453], [0.013196665134475398, 0.9695837101611582, 0.00338926801928067, 0.013830356585085775], [0.023135912393988378, 0.9098647656720839, 0.01801898345383186, 0.048980338380095904], [0.010339519267954699, 0.01626714173468403, 0.013070577151609716, 0.9603227617457516], [0.05875461635094047, 0.06977519193070388, 0.5488315057409147, 0.322638685877441], [0.017227253907755036, 0.016697938612776353, 0.02546057344551578, 0.9406142339339528], [0.02909859135518931, 0.030496350191910094, 0.6125408316383344, 0.32786422671456616], [0.04155920197791298, 0.7720367447535987, 0.0501316457858233, 0.136272407382665], [0.050846926610356676, 0.6910715753918368, 0.037201751834767254, 0.22087974606303923], [0.014925732915294525, 0.021381002304849673, 0.01092007032855918, 0.9527731943512966], [0.07646226421956019, 0.08013373911077647, 0.6815291896350579, 0.16187480693460546], [0.01634114706927905, 0.013547822720514415, 0.020337184257556953, 0.9497738458526496], [0.04537031095607101, 0.028840188703724928, 0.65640550875781, 0.26938399148239406], [0.07674544761280358, 0.775128768314619, 0.048027779039573774, 0.10009800493300368], [0.07290184537841314, 0.9021369864381437, 0.003744877895402875, 0.021216290188040266], [0.15707604936599665, 0.4011266618817758, 0.0708033085723193, 0.37099398007990825], [0.12917071194636415, 0.5524177982130228, 0.10543270093838947, 0.2129787888022236], [0.16558944304082326, 0.2060897873914454, 0.10202222696499388, 0.5262985425027374], [0.11481585181375789, 0.1428989597580144, 0.06050623117518005, 0.6817789571530476], [0.14719438157951986, 0.4259353298964835, 0.1803552195514106, 0.24651506887258604], [0.16491358410555207, 0.3602199051971352, 0.03350528044118569, 0.44136123015612705]], "ideal": "D", "sampled": "D", "correct": true}}
{"type": "result", "data": {"idx": 14, "options": ["the Senate.", "the president.", "the Secretary of State.", "the chairman of the Joint Chiefs."], "probs": [[0.004325704352302388, 0.9943548354748677, 0.0009355185260814315, 0.0003839415467484617], [0.004446437234288108, 0.9906605744058778, 0.0005832575415821869, 0.00430973071825185], [0.0017792330091944354, 0.0005959815721670871, 0.9965950307347622, 0.001029754583876268], [0.0025414127177595665, 0.0024251112553551678, 0.0012580933414044879, 0.9937753825854808], [0.0006200204820307731, 0.00019817667534316515, 0.9893302969665004, 0.009851505776125686], [0.0009486985272263135, 0.00038332715254911986, 0.005902989620012853, 0.9927649846002117], [0.9660573389336669, 0.005744463526605637, 0.02614998548766975, 0.0020482119520577936], [0.14280962648336118, 0.0080569226489174, 0.00119755333138215, 0.8479358974363392], [0.9695105227778755, 0.02793614100179758, 0.0012467491488335706, 0.0013065869714933434], [0.9590232576193489, 0.038366024266836385, 0.0006705144912078326, 0.001940203522606837], [0.055511120455676424, 0.002152466903947911, 0.0033862357805965336, 0.9389501767597791], [0.020420172287206446, 0.002637099358973255, 0.9686921409959502, 0.008250587257870007], [0.0031620941060978044, 0.0009494511135784849, 0.9935385553962178, 0.002349899284105882], [0.0031618488938069816, 0.002106325948083955, 0.0012577018081141597, 0.9934741232499948], [0.005133679836952735, 0.9937332726759408, 0.0005004338101123965, 0.0006326135769940484], [0.004195621860775442, 0.9950727002925195, 0.0002682235309319894, 0.00046345421577302333], [0.0012804467059659753, 0.0005682260097427648, 0.002392187595562674, 0.9957591395887286], [0.0015597813066402014, 0.00038827240933139045, 0.9900059400901812, 0.008046006093847228], [0.0004775912063658256, 0.0002942452538090069, 0.993930572028782, 0.005297591411043128], [0.0008539973763655445, 0.0010142018472039552, 0.016625207884338803, 0.9815065927920917], [0.0009025165813215006, 0.9897495425047944, 0.0011771140298784855, 0.008170826784005629], [0.0008514080300690334, 0.9939208340533943, 0.003756629893412326, 0.0014711279231243858], [0.001179647865205221, 0.0027860866404081598, 0.004117370118961284, 0.9919168952754254], [0.0009964122213925565, 0.0007640019858210993, 0.9949724481153825, 0.0032671375774038195]], "ideal": "B", "sampled": "B", "correct": true}}
{"type": "result", "data": {"idx": 15, "options": ["Required the United States and Russia to demobilize their armies", "Required the United States and Russia to dismantle a significant number of their nuclear weapons", "Prohibited the acquisition of new military bases", "Prohibited short-range nuclear weapons"], "probs": [[0.002931327723767681, 0.9958607323022142, 0.0002260462735871704, 0.0009818936004309458], [0.0033220749317402188, 0.9959896337171408, 0.00014596540322587808, 0.0005423258478930858], [0.0005962829355267715, 0.00047914000845861946, 0.9971163483728261, 0.0018082285831884756], [0.000967027414247635, 0.0010958459773842228, 0.001644983818201929, 0.9962921426901662], [0.0011448256919372858, 0.000934401567484846, 0.9931755473087358, 0.004745225331842057], [0.0009824196699069635, 0.001062309565315865, 0.0014980266047992367, 0.9964572440599779], [0.9807618993700364, 0.011966199258449394, 0.0016194737404392357, 0.005652427531074964], [0.976058350245002, 0.015054151217010245, 0.002102059620021371, 0.006785438817966351], [0.9793514221858479, 0.01232828896144872, 0.001721441095572985, 0.006598847657130365], [0.9759022240737318, 0.014818364192407977, 0.0019437816711425971, 0.007335629962717554], [0.9750793754617864, 0.01600896968921479, 0.002133022799993091, 0.00677863194900577], [0.975565568173127, 0.01552415198104848, 0.0019129858422600452, 0.00699729390356441], [0.0006147264271270561, 0.0005865947212116828, 0.9963290663253943, 0.0024696124262669488], [0.0009658539827588911, 0.001592514577966226, 0.0023534668249707118, 0.9950881645143042], [0.0037041468617720896, 0.9954796232168075, 0.000248168721391871, 0.0005680611000285605], [0.005638400838950325, 0.9937578709535518, 0.00017567393084321677, 0.0004280541766546171], [0.0007526845901184246, 0.001750145331528447, 0.0017776163223702547, 0.9957195536559829], [0.0020642138347999298, 0.0016586689580286645, 0.9889587662273499, 0.007318350879821474], [0.001026515850325776, 0.0009059197630903006, 0.9934669746510866, 0.004600589635497366], [0.0007895504519762102, 0.00114885375614281, 0.0014075406985019849, 0.996654054993379], [0.004195465307853658, 0.9950274388488124, 0.0002519618760189375, 0.0005251338673150114], [0.00870147039361323, 0.9901771086608365, 0.00031204395910072583, 0.0008093768864495013], [0.0007531144129960983, 0.0015944326414576845, 0.0013637286711937126, 0.9962887241743525], [0.0028584710180348063, 0.0017888174246340528, 0.9864092306251836, 0.00894348083214757]], "ideal": "B", "sampled": "B", "correct": true}}
