{"type": "result", "data": {"idx": 0, "options": ["an average of 10 times, with an rms deviation of about 4", "an average of 10 times, with an rms deviation of about 3", "an average of 10 times, with an rms deviation of about 1", "an average of 10 times, with an rms deviation of about 0.1"], "probs": [[0.3335683295755555, 0.22517548163702178, 0.23787745476553107, 0.20337873392189165], [0.3764458540235141, 0.252163734229565, 0.20098294016224572, 0.17040747148467517], [0.31116788648927235, 0.26179131082684587, 0.21188820264937933, 0.21515259993450248], [0.3402422913532612, 0.21754769654560635, 0.21247982660076387, 0.2297301854003686]], "ideal": "B", "sampled": "C", "correct": false}}
{"type": "result", "data": {"idx": 1, "options": ["500 nm", "550 nm", "600 nm", "650 nm"], "probs": [[0.3008221342736346, 0.22836084321300168, 0.24940085036941542, 0.2214161720439483], [0.33625255534799564, 0.2066700997743511, 0.24035171746376424, 0.21672562731388897], [0.31904877179796165, 0.2204944705890004, 0.2566680984439511, 0.20378865906908683], [0.3517039873115974, 0.2527998798594345, 0.20187469727202256, 0.19362143545694552]], "ideal": "C", "sampled": "D", "correct": false}}
{"type": "result", "data": {"idx": 2, "options": ["There are no changes in the internal energy of the system.", "The temperature of the system remains constant during the process.", "The entropy of the system and its environment remains unchanged.", "The entropy of the system and its environment must increase."], "probs": [[0.18865079613674274, 0.18902439803902332, 0.23053487445985016, 0.3917899312643838], [0.2559548203709402, 0.3218805645733804, 0.2253751057738396, 0.19678950918183982], [0.5977272719563083, 0.1572074074644264, 0.1083962123704542, 0.13666910810881114], [0.308412930087811, 0.20580648760506334, 0.2017288147686212, 0.28405176743850447]], "ideal": "C", "sampled": "C", "correct": true}}
{"type": "result", "data": {"idx": 3, "options": ["a dye laser", "a helium-neon laser", "an excimer laser", "a ruby laser"], "probs": [[0.5198307919083284, 0.15474758118348095, 0.17047292466408426, 0.15494870214410644], [0.215256750562123, 0.14230445025928334, 0.2544246613724915, 0.38801413770610216], [0.19242899691412785, 0.14413223098661312, 0.44316737179995624, 0.2202714001993028], [0.20232963559988423, 0.46796661610692036, 0.15081392227095225, 0.17888982592224315]], "ideal": "A", "sampled": "A", "correct": true}}
{"type": "result", "data": {"idx": 4, "options": ["The Heisenberg uncertainty principle", "The Pauli exclusion principle", "The Bohr model of the atom", "Nuclear hyperfine coupling"], "probs": [[0.29539699900011895, 0.4706132656930118, 0.08979387303703962, 0.14419586216982955], [0.6452537966695036, 0.09900865252841815, 0.09262129939527851, 0.16311625130679977], [0.16047554194739685, 0.13324503996366094, 0.2537635640177749, 0.4525158539711673], [0.29728122656706757, 0.28904639810275207, 0.25805073204885104, 0.1556216431813293]], "ideal": "B", "sampled": "B", "correct": true}}
{"type": "result", "data": {"idx": 5, "options": ["1/2", "1", "3/2", "5/2"], "probs": [[0.3475071942834482, 0.22316051524853617, 0.23982943174062413, 0.18950285862739152], [0.30601058775153994, 0.30464471745326693, 0.20312979233303957, 0.18621490236215352], [0.3786962217102374, 0.20640676596464658, 0.24372852609913517, 0.17116848612598085], [0.496576987208285, 0.17466318345315265, 0.16962575658017254, 0.15913407265838975]], "ideal": "C", "sampled": "D", "correct": false}}
{"type": "result", "data": {"idx": 6, "options": ["V_0/5", "V_0/3", "V_0/2", "2V_0/3"], "probs": [[0.2290853904367456, 0.23745464214745973, 0.2843981555833961, 0.24906181173239855], [0.24732907482488867, 0.2582394816950927, 0.31425679195147527, 0.18017465142854333], [0.20709226714846432, 0.2672060687989107, 0.24330418937002157, 0.2823974745826034], [0.23814731479070345, 0.2159339753183263, 0.36540689516277464, 0.18051181462819563]], "ideal": "D", "sampled": "B", "correct": false}}
{"type": "result", "data": {"idx": 7, "options": ["0.25mc^2", "0.60mc^2", "0.67mc^2", "1.25mc^2"], "probs": [[0.22063155973888468, 0.2551200871605822, 0.2936930524848387, 0.23055530051569445], [0.24681095040920048, 0.29922237097542304, 0.24995321778083082, 0.2040134607345457], [0.28886033790529486, 0.29947523921079244, 0.2106365020077964, 0.20102792077611628], [0.26442448484150965, 0.21162916173737148, 0.24753430099698495, 0.2764120523241339]], "ideal": "A", "sampled": "C", "correct": false}}
{"type": "result", "data": {"idx": 8, "options": ["Planck\u2019s constant", "Boltzmann\u2019s constant", "The Rydberg constant", "The speed of light"], "probs": [[0.8463917216111766, 0.04601224425697195, 0.03479799190564431, 0.07279804212620718], [0.029086064686296223, 0.03152419471126564, 0.14125917333924326, 0.7981305671631949], [0.04669188074159776, 0.17135580414929666, 0.681259534369482, 0.10069278063962363], [0.2117150409925235, 0.6712880679942821, 0.04253023830725946, 0.07446665260593498]], "ideal": "A", "sampled": "A", "correct": true}}
{"type": "result", "data": {"idx": 9, "options": ["mc/2", "mc/(2^(1/2))", "mc", "(3^(1/2))mc"], "probs": [[0.28722239806030525, 0.18773126971446094, 0.3309877019200917, 0.1940586302051421], [0.2557238974274362, 0.2495752311930114, 0.28099528370960886, 0.21370558756994357], [0.250810168634303, 0.24481100602053238, 0.2846609864945367, 0.21971783875062795], [0.231319084740395, 0.2835940420344, 0.29316633936811376, 0.1919205337570912]], "ideal": "D", "sampled": "A", "correct": false}}
{"type": "result", "data": {"idx": 10, "options": ["square", "hexagon", "cube", "tetrahedron"], "probs": [[0.46588462933623515, 0.2971922777086752, 0.12067207037696567, 0.11625102247812395], [0.6345030617488979, 0.1266483207915115, 0.13592152194868154, 0.10292709541090905], [0.3845295664958512, 0.34112749008593296, 0.12898250115091972, 0.14536044216729618], [0.6434626222303264, 0.14454310179334495, 0.11165251252624384, 0.10034176335008481]], "ideal": "D", "sampled": "D", "correct": true}}
{"type": "result", "data": {"idx": 11, "options": ["0.024 m", "0.048 m", "0.121 m", "0.242 m"], "probs": [[0.2697841404205127, 0.20253684209332276, 0.24844327946011555, 0.27923573792604905], [0.29384547469061667, 0.250069797014025, 0.2370475828410566, 0.21903714535430172], [0.3056011543206915, 0.213878813571386, 0.2243997636868632, 0.2561202683210593], [0.3082280594500258, 0.19032680347119493, 0.21765870826714398, 0.2837864287116353]], "ideal": "D", "sampled": "C", "correct": false}}
{"type": "result", "data": {"idx": 12, "options": ["Specific heat", "Thermal conductivity", "Electrical resistivity", "Hall coefficient"], "probs": [[0.17601185069743552, 0.1506758526018342, 0.4042172552007713, 0.269095041399959], [0.08845266065521089, 0.3045443591102149, 0.49145876156067586, 0.11554421857389832], [0.15178085389726248, 0.6930666433892966, 0.06002811744397411, 0.0951243851694668], [0.5153137887405487, 0.174101571003027, 0.12946541220248264, 0.18111922795394172]], "ideal": "D", "sampled": "D", "correct": true}}
{"type": "result", "data": {"idx": 13, "options": ["two hydrogen atoms and one helium atom", "four hydrogen atoms and one helium atom", "six hydrogen atoms and two helium atoms", "three helium atoms and one carbon atom"], "probs": [[0.49744947257284416, 0.23786231164156063, 0.13552984190033066, 0.12915837378526457], [0.35782538993507973, 0.2871302537112551, 0.11144813068277548, 0.24359622557088964], [0.4178677200853189, 0.1862915009073886, 0.1895125508118898, 0.20632822809540263], [0.24247863163673117, 0.39738105539338453, 0.185757288742644, 0.17438302412724027]], "ideal": "B", "sampled": "A", "correct": false}}
{"type": "result", "data": {"idx": 14, "options": ["Lines in the infrared, visible, and ultraviolet regions of the spectrum reveal primarily the nuclear structure of the sample.", "The wavelengths identified in an absorption spectrum of an element are among those in its emission spectrum.", "Absorption spectra can be used to determine which elements are present in distant stars.", "Spectral analysis can be used to identify the composition of galactic dust."], "probs": [[0.27472025153273916, 0.1938471495911347, 0.24930593368898238, 0.2821266650871438], [0.34123852337109245, 0.21082432251812308, 0.20142748649747308, 0.2465096675133114], [0.258754957050065, 0.16887112695356227, 0.22573882820112418, 0.34663508769524853], [0.2515561282383179, 0.16669666765453395, 0.27971264717165945, 0.3020345568354887]], "ideal": "A", "sampled": "B", "correct": false}}
{"type": "result", "data": {"idx": 15, "options": ["Bosons have symmetric wave functions and obey the Pauli exclusion principle.", "Bosons have antisymmetric wave functions and do not obey the Pauli exclusion principle.", "Fermions have symmetric wave functions and obey the Pauli exclusion principle.", "Fermions have antisymmetric wave functions and obey the Pauli exclusion principle."], "probs": [[0.26602929827890853, 0.2816383540348702, 0.20151105521094326, 0.25082129237527795], [0.20153027470584628, 0.20193385774956624, 0.3845177235141668, 0.21201814393042068], [0.3134878370891793, 0.3070297928452364, 0.16326232739432187, 0.21622004257126237], [0.37558734595094245, 0.2246851604441756, 0.1866856972175641, 0.21304179628731787]], "ideal": "D", "sampled": "D", "correct": true}}
{"type": "result", "data": {"idx": 16, "options": ["The Heisenberg uncertainty principle", "The Pauli exclusion principle", "The Bohr model of the atom", "Nuclear hyperfine coupling"], "probs": [[0.29539699900011895, 0.4706132656930118, 0.08979387303703962, 0.14419586216982955], [0.6452537966695036, 0.09900865252841815, 0.09262129939527851, 0.16311625130679977], [0.16047554194739685, 0.13324503996366094, 0.2537635640177749, 0.4525158539711673], [0.29728122656706757, 0.28904639810275207, 0.25805073204885104, 0.1556216431813293]], "ideal": "B", "sampled": "B", "correct": true}}
{"type": "result", "data": {"idx": 17, "options": ["0.24 mJ", "0.38 mJ", "0.48 mJ", "0.75 mJ"], "probs": [[0.2824118859371606, 0.22603183502821075, 0.2371360467347018, 0.2544202321999268], [0.2825121623369493, 0.21743870103328666, 0.23535059740798453, 0.2646985391217795], [0.2932174888918881, 0.2256764091527213, 0.23868922108078935, 0.24241688077460125], [0.2857327716402666, 0.24540850151992724, 0.23625580612061484, 0.23260292061919133]], "ideal": "A", "sampled": "A", "correct": true}}
{"type": "result", "data": {"idx": 18, "options": ["1.6 ns", "2.5 ns", "4.2 ns", "6.9 ns"], "probs": [[0.30941318540419926, 0.2511792405837161, 0.24037122007674658, 0.19903635383533808], [0.30966969186962556, 0.26147876745701304, 0.22964644308454754, 0.1992050974888138], [0.3311803239956317, 0.25861097920996556, 0.23080074670395417, 0.17940794999044857], [0.34494836676910806, 0.28680495706930986, 0.2071862611199674, 0.16106041494161466]], "ideal": "B", "sampled": "D", "correct": false}}
{"type": "result", "data": {"idx": 19, "options": ["0.25mc^2", "0.60mc^2", "0.67mc^2", "1.25mc^2"], "probs": [[0.2238992005362725, 0.2553760707123011, 0.2916919886774195, 0.22903273997400683], [0.24630489575925738, 0.29229843178004006, 0.25582497928229286, 0.20557169307840972], [0.28548792852550714, 0.2988787978254535, 0.21346565224973502, 0.20216762129930435], [0.27312901206371265, 0.21391103840847953, 0.24630143868991225, 0.2666585107378956]], "ideal": "A", "sampled": "C", "correct": false}}
{"type": "result", "data": {"idx": 20, "options": ["Electrons producing \u010cerenkov radiation", "Electrons colliding with phonons in the metal", "Electrons filling inner shell vacancies that are created in the metal atoms", "Electrons combining with protons to form neutrons"], "probs": [[0.07284179748573563, 0.08945864038204747, 0.7415285374289464, 0.0961710246032705], [0.2069337257337339, 0.6308907387313185, 0.057707411374852004, 0.10446812406009556], [0.6698509501118135, 0.12319379034053406, 0.08088727376725031, 0.1260679856804021], [0.11196028189820385, 0.06812026943806482, 0.16604327782721498, 0.6538761707365164]], "ideal": "C", "sampled": "C", "correct": true}}
{"type": "result", "data": {"idx": 21, "options": ["2", "4", "6", "10"], "probs": [[0.24946393445035922, 0.2498274184590754, 0.2834309212536389, 0.21727772573692644], [0.256356939268885, 0.2548513558340713, 0.24914628269885297, 0.23964542209819076], [0.2594470536119803, 0.24029089450167138, 0.287983196228745, 0.21227885555760329], [0.20192845765503936, 0.2439608348352384, 0.3136789891906517, 0.24043171821907053]], "ideal": "D", "sampled": "C", "correct": false}}
{"type": "result", "data": {"idx": 22, "options": ["0.25 mm", "0.5 mm", "1.0 mm", "2.0 mm"], "probs": [[0.32451862577111745, 0.22382037672874844, 0.21195584849318022, 0.23970514890695385], [0.29951634553780604, 0.25715240450385024, 0.21326107956927642, 0.23007017028906726], [0.3256130315220492, 0.2605588811541972, 0.21446538608508586, 0.19936270113866777], [0.32164221519528746, 0.2761819917256323, 0.19737837912584896, 0.20479741385323127]], "ideal": "B", "sampled": "A", "correct": false}}
{"type": "result", "data": {"idx": 23, "options": ["2 x 10^-6 N", "1 x 10^-5 N", "2 x 10^-5 N", "3 N"], "probs": [[0.26533247831794543, 0.27017592173306815, 0.26036148096871825, 0.20413011888026816], [0.26319298929899515, 0.2459259255260448, 0.2482944949704813, 0.24258659010447872], [0.29020571705777143, 0.22825333473784057, 0.2474013417711812, 0.23413960633320682], [0.24166472973983996, 0.2745553038607254, 0.24850694083193212, 0.23527302546750248]], "ideal": "C", "sampled": "C", "correct": true}}
{"type": "result", "data": {"idx": 24, "options": ["Magnetic susceptibility", "Hall coefficient", "Electrical resistivity", "Thermal conductivity"], "probs": [[0.15215238230693728, 0.6226187076417677, 0.12055720271380489, 0.10467170723749004], [0.5255903757758971, 0.21760188689445661, 0.1279519536352938, 0.12885578359435246], [0.3184896206087156, 0.1667013664883974, 0.19046776562418527, 0.3243412471787017], [0.07533025669270765, 0.11495697779909378, 0.668771505477145, 0.1409412599310535]], "ideal": "B", "sampled": "B", "correct": true}}
{"type": "result", "data": {"idx": 25, "options": ["As", "P", "Sb", "B"], "probs": [[0.3264756597691831, 0.24887894833218602, 0.2573453562403276, 0.16730003555830328], [0.33120278014213017, 0.2884834451458971, 0.19542144528195254, 0.18489232933002023], [0.40954323449554003, 0.22131312880596785, 0.20191454297883218, 0.16722909361965993], [0.32706246751442636, 0.24185497287045246, 0.22057815551275067, 0.2105044040023705]], "ideal": "D", "sampled": "C", "correct": false}}
{"type": "result", "data": {"idx": 26, "options": ["Mass of the moon", "Mass of the planet", "Minimum speed of the moon", "Period of the orbit"], "probs": [[0.34923089966123777, 0.20463997698883343, 0.22490068262500568, 0.22122844062492308], [0.31999631282483937, 0.16672887651167023, 0.24867558855271937, 0.264599222010771], [0.304367005794606, 0.1661440133882318, 0.296837002009272, 0.2326519787078902], [0.32003925678089296, 0.21595553526904215, 0.22303147118684163, 0.24097373666322325]], "ideal": "A", "sampled": "A", "correct": true}}
{"type": "result", "data": {"idx": 27, "options": ["0.50c", "0.60c", "0.70c", "0.80c"], "probs": [[0.3219754791526529, 0.23461262088493678, 0.21577484056505025, 0.22763705929736006], [0.3174000869314419, 0.22776579722068724, 0.23560598404471295, 0.21922813170315789], [0.32273369543404096, 0.2465584241120063, 0.2180521604490953, 0.21265571990485746], [0.2695731681061327, 0.23515336124651667, 0.26712052623464894, 0.22815294431270164]], "ideal": "B", "sampled": "B", "correct": true}}
{"type": "result", "data": {"idx": 28, "options": ["deflected in the +x-direction", "deflected in the -x-direction", "deflected in the +y-direction", "deflected in the -y-direction"], "probs": [[0.3264601674257169, 0.2622767505805216, 0.21914045000002866, 0.19212263189373288], [0.2939532232267705, 0.24935622135393712, 0.2218689421432896, 0.23482161317600278], [0.3200715684549346, 0.25909566104516263, 0.23248023589669733, 0.18835253450320538], [0.3005505918827753, 0.2937546793074895, 0.21145387221523326, 0.1942408564945019]], "ideal": "B", "sampled": "A", "correct": false}}
{"type": "result", "data": {"idx": 29, "options": ["0.04 V", "0.1 V", "2.5 V", "10 V"], "probs": [[0.3264683381271729, 0.26986961182456287, 0.21854708899142908, 0.18511496095683513], [0.2926184491130385, 0.292211617616227, 0.23279505618874255, 0.18237487698199192], [0.3591831868649479, 0.254234727383541, 0.2123513189885559, 0.17423076666295514], [0.3318012952472764, 0.2559692561370465, 0.22240211067359872, 0.18982733784207836]], "ideal": "D", "sampled": "C", "correct": false}}
{"type": "result", "data": {"idx": 30, "options": ["work function of the metal is proportional to the frequency", "work function of the metal is proportional to the wavelength", "current in the tube is a linear function of the wavelength", "potential difference necessary to stop the emitted electrons is a linear function of the frequency above the threshold frequency"], "probs": [[0.33662665890148663, 0.2676807721490438, 0.17034560947936847, 0.2253469593701011], [0.278538903457303, 0.27371557603390523, 0.21876441079905556, 0.22898110960973622], [0.26284092270426723, 0.319148803930125, 0.19686966839148345, 0.22114060487412432], [0.3062457761416622, 0.2892323437733263, 0.19305855557492815, 0.21146332441008336]], "ideal": "D", "sampled": "D", "correct": true}}
{"type": "result", "data": {"idx": 31, "options": ["The planets would move directly toward the Sun.", "The planets would move in spiral orbits.", "The planets would oscillate about their former elliptical orbits.", "The orbits would remain unchanged."], "probs": [[0.2256712052845471, 0.2705146710380804, 0.23529525449449143, 0.26851886908288103], [0.3237428213515261, 0.22272754708957584, 0.30045492797119117, 0.15307470348770683], [0.2963408275597113, 0.27022222084416136, 0.20585437423695488, 0.22758257725917244], [0.49298490558060176, 0.17174172911541044, 0.1776106410328948, 0.15766272417109298]], "ideal": "D", "sampled": "D", "correct": true}}
{"type": "result", "data": {"idx": 32, "options": ["414 Hz", "427 Hz", "433 Hz", "440 Hz"], "probs": [[0.3697139432571348, 0.2341888914526428, 0.19282311773825023, 0.20327404745197214], [0.27709102627844323, 0.2004256844320143, 0.18406322596616703, 0.3384200632233754], [0.30899093472820915, 0.20498292756960151, 0.2810323619869165, 0.20499377561527285], [0.17286434510313842, 0.40466033805346535, 0.1850862177263452, 0.237389099017051]], "ideal": "B", "sampled": "A", "correct": false}}
{"type": "result", "data": {"idx": 33, "options": ["exactly 10 times", "an average of 10 times, with an rms deviation of about 0.1", "an average of 10 times, with an rms deviation of about 1", "an average of 10 times, with an rms deviation of about 3"], "probs": [[0.17770077286373778, 0.47200489039469407, 0.19160531459322808, 0.15868902204834007], [0.41768551491025796, 0.22279662223609475, 0.18475671385998774, 0.1747611488936595], [0.3213504552519836, 0.26575508711064677, 0.18558210132650405, 0.22731235621086557], [0.38228580921471617, 0.18999842090492491, 0.26649281777001044, 0.16122295201034847]], "ideal": "D", "sampled": "B", "correct": false}}
{"type": "result", "data": {"idx": 34, "options": ["(1/2) k T", "kT", "(3/2) k T", "3kT"], "probs": [[0.548253349185994, 0.19766430260254733, 0.13133577805433932, 0.12274657005711931], [0.2650017598007417, 0.4402785861217929, 0.14300326363821889, 0.15171639033924653], [0.3853645083722229, 0.2102904499900224, 0.23263042019410823, 0.1717146213436464], [0.26705642338154534, 0.379107517900069, 0.19734542677759165, 0.15649063184079398]], "ideal": "D", "sampled": "A", "correct": false}}
{"type": "result", "data": {"idx": 35, "options": ["80 s", "160 s", "2,000 s", "5,000 s"], "probs": [[0.2771518271459921, 0.2671140769916997, 0.23609736911226728, 0.2196367266500409], [0.2652014235171927, 0.25965878751749166, 0.22945587676638401, 0.2456839120989316], [0.23882248995300068, 0.22139470277002818, 0.30789920684596483, 0.23188360033100627], [0.23070932922440374, 0.3113451301740199, 0.24076528844809908, 0.2171802520534773]], "ideal": "D", "sampled": "A", "correct": false}}
{"type": "result", "data": {"idx": 36, "options": ["magnetic flux through S", "rate of change of the magnetic flux through S", "time integral of the magnetic flux through S", "rate of change of the electric flux through S"], "probs": [[0.23147989351877934, 0.3716213570888365, 0.1477976358294644, 0.24910111346291974], [0.24442387319956627, 0.18040156485436462, 0.41584307688873684, 0.15933148495733224], [0.16717122738096113, 0.5427935910580965, 0.1338644523885755, 0.15617072907236682], [0.7196887670995904, 0.11476863284517773, 0.07485393246661612, 0.09068866748861575]], "ideal": "D", "sampled": "D", "correct": true}}
{"type": "result", "data": {"idx": 37, "options": ["Electron", "Meson", "Photon", "Boson"], "probs": [[0.7749090722065047, 0.09722222298860207, 0.0605408460122921, 0.06732785869260106], [0.2917250177177366, 0.20306606565873203, 0.2613813980123238, 0.24382751851120754], [0.21797150696082004, 0.20913233172489507, 0.37424684124790597, 0.1986493199663789], [0.19666490567751954, 0.5172559983247632, 0.1413477893919954, 0.14473130650572189]], "ideal": "A", "sampled": "A", "correct": true}}
{"type": "result", "data": {"idx": 38, "options": ["1.2 x 10^9 m/s", "3.0 x 10^8 m/s", "1.5 x 10^8 m/s", "1.0 x 10^8 m/s"], "probs": [[0.30059246121596817, 0.21070844560865834, 0.2512177303545112, 0.23748136272086226], [0.3613371525638132, 0.236113407935724, 0.22412889679852896, 0.17842054260193385], [0.35630473490966674, 0.26591461894237217, 0.1919517665909504, 0.18582887945701068], [0.29860391764927185, 0.22447378596692974, 0.2571854552788824, 0.21973684100491597]], "ideal": "C", "sampled": "C", "correct": true}}
{"type": "result", "data": {"idx": 39, "options": ["2", "4", "8", "16"], "probs": [[0.3188970982709515, 0.2553691565735079, 0.21405655143504576, 0.21167719362049486], [0.33903860537240127, 0.2415571623567011, 0.22238619291963277, 0.19701803925126485], [0.33352413771907363, 0.2756911464377753, 0.20874175803437392, 0.18204295770877713], [0.3697056527022213, 0.2473522908343723, 0.19034220559991658, 0.19259985076348982]], "ideal": "D", "sampled": "D", "correct": true}}
{"type": "result", "data": {"idx": 40, "options": ["0.25 W", "0.5 W", "1 W", "4 W"], "probs": [[0.2650586107861971, 0.2677171269941406, 0.24009073135971293, 0.22713353075994944], [0.30328467033326656, 0.2969979897291793, 0.21399183250326057, 0.18572550733429358], [0.22999685314987317, 0.4697691955761469, 0.13034419325645102, 0.16988975791752894], [0.4520773550358323, 0.2106413684096868, 0.166763546542274, 0.1705177299122069]], "ideal": "D", "sampled": "D", "correct": true}}
{"type": "result", "data": {"idx": 41, "options": ["1.00063", "1.00032", "1.00016", "0.99968"], "probs": [[0.27251216766493325, 0.24914102253806655, 0.25149145719874305, 0.22685535249825714], [0.2980443416562263, 0.2619418061675036, 0.2484114168879182, 0.19160243518835185], [0.265219744041568, 0.2948150590539943, 0.23899510144294842, 0.2009700953614893], [0.27899227790690284, 0.2845895417311605, 0.23615808348192902, 0.20026009678000758]], "ideal": "B", "sampled": "D", "correct": false}}
{"type": "result", "data": {"idx": 42, "options": ["0.1 eV", "1 eV", "10 eV", "100 eV"], "probs": [[0.31215190419187067, 0.2675674517547627, 0.2135769692806861, 0.2067036746726805], [0.33557014673990926, 0.2559672746382852, 0.20120672588760596, 0.20725585263419957], [0.32763052034405155, 0.2577920921372985, 0.20420875807668312, 0.21036862934196687], [0.32862513274765565, 0.25054600085655765, 0.2048196433333485, 0.21600922296243819]], "ideal": "C", "sampled": "B", "correct": false}}
{"type": "result", "data": {"idx": 43, "options": ["1/4", "1/3", "1/2", "2/3"], "probs": [[0.2329690158134188, 0.23366132376241572, 0.3541538416985171, 0.17921581862564837], [0.27328825808677837, 0.3131471667318469, 0.2598130184096465, 0.15375155667172824], [0.2873842758753251, 0.22448370192911055, 0.2212516251171653, 0.26688039697839905], [0.3297903635705641, 0.22024925707311102, 0.2600363570202535, 0.18992402223607133]], "ideal": "B", "sampled": "C", "correct": false}}
{"type": "result", "data": {"idx": 44, "options": ["150 nm", "200 nm", "300 nm", "400 nm"], "probs": [[0.27530006391931505, 0.24568402006803874, 0.2620090324023329, 0.2170068835103133], [0.27154546568739746, 0.22589638490360453, 0.24844415113163842, 0.2541139981773596], [0.2352198844200574, 0.21163204625564527, 0.2853688043870587, 0.26777926483723863], [0.22425830027813803, 0.2695069272620148, 0.28963955802346325, 0.21659521433638393]], "ideal": "B", "sampled": "A", "correct": false}}
{"type": "result", "data": {"idx": 45, "options": ["500 J", "1,000 J", "1,100 J", "2,000 J"], "probs": [[0.3000427141479214, 0.23104995142518728, 0.21924058764112164, 0.24966674668576969], [0.3041091949668161, 0.25323716558180576, 0.21041101842239487, 0.2322426209289832], [0.34438704414538696, 0.23217792114743646, 0.2071038571656113, 0.21633117744156527], [0.32363885724537006, 0.25920800034720426, 0.18854643206977983, 0.22860671023764587]], "ideal": "B", "sampled": "C", "correct": false}}
{"type": "result", "data": {"idx": 46, "options": ["600 Hz", "606 Hz", "612 Hz", "618 Hz"], "probs": [[0.22873921690083976, 0.3166122436206825, 0.23915936050407632, 0.2154891788744014], [0.3079650837455471, 0.266654324504338, 0.22293008368155648, 0.2024505079685584], [0.2890784101036432, 0.24251335495500512, 0.2545886895612299, 0.21381954528012181], [0.288462085477269, 0.2536274903890551, 0.25598241040452363, 0.20192801362915225]], "ideal": "C", "sampled": "B", "correct": false}}
{"type": "result", "data": {"idx": 47, "options": ["150 m", "288 m", "360 m", "450 m"], "probs": [[0.2110732401216595, 0.3955867113260199, 0.22580619634786325, 0.16753385210445737], [0.2891879677483334, 0.2809422909932528, 0.23350049552966662, 0.19636924562874716], [0.2345029746432491, 0.2444370574175815, 0.2412977254342795, 0.2797622424048899], [0.21895291887803955, 0.2467334529540622, 0.37481041434281964, 0.1595032137250786]], "ideal": "D", "sampled": "B", "correct": false}}
{"type": "result", "data": {"idx": 48, "options": ["1/2 c", "2/3 c", "5/6 c", "10/11 c"], "probs": [[0.22153741948959899, 0.3389833766185994, 0.2386731732048384, 0.20080603058696317], [0.3509100079185528, 0.2476085722198833, 0.19454811511478437, 0.2069333046467795], [0.38387672945365886, 0.21254197617604886, 0.2231331102883273, 0.18044818398196497], [0.39478213218185504, 0.21854821032793084, 0.20400758359731128, 0.18266207379290283]], "ideal": "D", "sampled": "B", "correct": false}}
{"type": "result", "data": {"idx": 49, "options": ["0.1 GeV/c^2", "0.2 GeV/c^2", "0.5 GeV/c^2", "1.0 GeV/c^2"], "probs": [[0.2572198509912763, 0.18048599360568493, 0.27788341042600806, 0.2844107448770307], [0.310387581555799, 0.20647351441702813, 0.25965136287000046, 0.22348754105717242], [0.33963064368042445, 0.2481760009331483, 0.21100412935901036, 0.2011892259274169], [0.41814674812010094, 0.18659051594912052, 0.17845291695238907, 0.21680981887838946]], "ideal": "D", "sampled": "D", "correct": true}}
{"type": "result", "data": {"idx": 50, "options": ["2", "250", "5,000", "10,000"], "probs": [[0.26772943136398936, 0.23159101603099433, 0.2690567671983598, 0.23162278530665645], [0.28107864080656103, 0.27572954109131026, 0.22689700462481863, 0.21629481337731007], [0.31936397068668404, 0.2575919185376019, 0.2256958022902696, 0.19734830838544445], [0.31491953131387546, 0.2924061119264021, 0.20105837283508063, 0.19161598382464182]], "ideal": "B", "sampled": "C", "correct": false}}
{"type": "result", "data": {"idx": 51, "options": ["a dye laser", "a helium-neon laser", "an excimer laser", "a ruby laser"], "probs": [[0.5198307919083284, 0.15474758118348095, 0.17047292466408426, 0.15494870214410644], [0.215256750562123, 0.14230445025928334, 0.2544246613724915, 0.38801413770610216], [0.19242899691412785, 0.14413223098661312, 0.44316737179995624, 0.2202714001993028], [0.20232963559988423, 0.46796661610692036, 0.15081392227095225, 0.17888982592224315]], "ideal": "A", "sampled": "A", "correct": true}}
{"type": "result", "data": {"idx": 52, "options": ["real", "imaginary", "degenerate", "linear"], "probs": [[0.8845999638313592, 0.0406602760961163, 0.03800053436672957, 0.03673922560579492], [0.15986888466373778, 0.10913353656184557, 0.17627668772983637, 0.5547208909445802], [0.16109903925093658, 0.15618974760744847, 0.5168588525944182, 0.1658523604471967], [0.16923899442533058, 0.6174223834426966, 0.08806295429592, 0.12527566773605278]], "ideal": "A", "sampled": "A", "correct": true}}
{"type": "result", "data": {"idx": 53, "options": ["F_B = 1/4 F_A", "F_B = 1/2 F_A", "F_B = 2F_A", "F_B = 4F_A"], "probs": [[0.2070653618227805, 0.2645494082983441, 0.30716398812983403, 0.22122124164904133], [0.17585921989742173, 0.48745686612066824, 0.16435430207601384, 0.17232961180589618], [0.2521237655589058, 0.35120033167663917, 0.15334034997657314, 0.24333555268788185], [0.23986308274254659, 0.24621233341615942, 0.1873184889367659, 0.3266060948045281]], "ideal": "D", "sampled": "C", "correct": false}}
{"type": "result", "data": {"idx": 54, "options": ["B = 0", "B is perpendicular to the surface.", "B is tangential to the surface.", "B is time independent."], "probs": [[0.2998301133188305, 0.3280721355359328, 0.18693939128048512, 0.18515835976475153], [0.27105843210315844, 0.3418464260401287, 0.17852800550678236, 0.2085671362499305], [0.2614046736243721, 0.3220105825034695, 0.1920860266429305, 0.22449871712922795], [0.2535536288961534, 0.2954366802873814, 0.2735001444543089, 0.17750954626215626]], "ideal": "C", "sampled": "B", "correct": false}}
{"type": "result", "data": {"idx": 55, "options": ["5%", "10%", "15%", "20%"], "probs": [[0.30768668648503944, 0.31873095032365667, 0.1963563412231546, 0.17722602186814929], [0.27923839449359883, 0.28041209932109695, 0.22539543431545092, 0.2149540717698533], [0.30184229305818355, 0.23225266536974978, 0.25936793505435496, 0.20653710641771167], [0.2981792256751847, 0.27474160751598203, 0.2427129338716325, 0.18436623283720077]], "ideal": "D", "sampled": "A", "correct": false}}
{"type": "result", "data": {"idx": 56, "options": ["0\u00b0", "30\u00b0", "45\u00b0", "60\u00b0"], "probs": [[0.3392362543715115, 0.23826732874115833, 0.23467719202858084, 0.18781922475874932], [0.31267513423973725, 0.22836702038893691, 0.2548575585144312, 0.20410028675689468], [0.333494116838849, 0.21993745682051558, 0.27848242390246436, 0.16808600233817106], [0.33395449318986914, 0.2766925178695944, 0.2072049738916668, 0.18214801494886956]], "ideal": "C", "sampled": "A", "correct": false}}
{"type": "result", "data": {"idx": 57, "options": ["Decreases by a factor of 81.", "Decreases by a factor of 9.", "Increases by a factor of 9.", "Increases by a factor of 81."], "probs": [[0.25455830961552933, 0.18271451097601324, 0.29024503882336683, 0.2724821404850906], [0.265766411993153, 0.31018826362369, 0.2378175258398657, 0.1862277984432913], [0.33219661820522456, 0.28353819270923525, 0.20428771627865783, 0.17997747270688239], [0.3193003737815688, 0.20886174709908453, 0.2295779964224001, 0.24225988259694659]], "ideal": "D", "sampled": "C", "correct": false}}
{"type": "result", "data": {"idx": 58, "options": ["0.04 V", "0.1 V", "2.5 V", "10 V"], "probs": [[0.3264683381271729, 0.26986961182456287, 0.21854708899142908, 0.18511496095683513], [0.2926184491130385, 0.292211617616227, 0.23279505618874255, 0.18237487698199192], [0.3591831868649479, 0.254234727383541, 0.2123513189885559, 0.17423076666295514], [0.3318012952472764, 0.2559692561370465, 0.22240211067359872, 0.18982733784207836]], "ideal": "D", "sampled": "C", "correct": false}}
{"type": "result", "data": {"idx": 59, "options": ["There are no changes in the internal energy of the system.", "The temperature of the system remains constant during the process.", "The entropy of the system and its environment remains unchanged.", "The entropy of the system and its environment must increase."], "probs": [[0.18865079613674274, 0.18902439803902332, 0.23053487445985016, 0.3917899312643838], [0.2559548203709402, 0.3218805645733804, 0.2253751057738396, 0.19678950918183982], [0.5977272719563083, 0.1572074074644264, 0.1083962123704542, 0.13666910810881114], [0.308412930087811, 0.20580648760506334, 0.2017288147686212, 0.28405176743850447]], "ideal": "C", "sampled": "C", "correct": true}}
{"type": "result", "data": {"idx": 60, "options": ["50 Hz, 150 Hz, and 250 Hz only", "100 Hz and 200 Hz only", "150 Hz and 250 Hz only", "None"], "probs": [[0.3481238095486018, 0.23419295154810196, 0.17968043264025324, 0.238002806163043], [0.31041528641548727, 0.2040119888585635, 0.2523545772988317, 0.23321814732711746], [0.29015239205581006, 0.2410589235464399, 0.28674384094160815, 0.1820448433561419], [0.27049158229916553, 0.28643776263879295, 0.21814795811444385, 0.22492269684759766]], "ideal": "D", "sampled": "A", "correct": false}}
{"type": "result", "data": {"idx": 61, "options": ["gamma rays", "microwaves", "ultraviolet radiation", "visible light"], "probs": [[0.9173182160743013, 0.023314999539681344, 0.024874901405849463, 0.03449188288016788], [0.1263502715330941, 0.07090426394165404, 0.1154593105973919, 0.68728615382786], [0.11810302381219531, 0.11092950817043407, 0.6478575870385338, 0.12310988087883684], [0.13786545599908018, 0.7477933279093351, 0.05011101886294379, 0.06423019712864095]], "ideal": "A", "sampled": "A", "correct": true}}
{"type": "result", "data": {"idx": 62, "options": ["44 Hz", "196 Hz", "262 Hz", "393 Hz"], "probs": [[0.20771985063442389, 0.3547767751275883, 0.2400873040925876, 0.19741607004540015], [0.2505680843767866, 0.33601253220021715, 0.24978176502526123, 0.16363761829773502], [0.2781268655975688, 0.3449725806368132, 0.16937983034347462, 0.20752072332214344], [0.28951223819006444, 0.2192299896488904, 0.26484873098917555, 0.22640904107186963]], "ideal": "D", "sampled": "D", "correct": true}}
{"type": "result", "data": {"idx": 63, "options": ["1", "2", "3", "5"], "probs": [[0.2548687343848258, 0.3289620728925787, 0.2284629391592442, 0.18770625346335118], [0.3036804063159349, 0.2758697445771014, 0.22596352280069912, 0.19448632620626458], [0.31401402222971186, 0.257435862060014, 0.2526386715612299, 0.1759114440490443], [0.2936171082446543, 0.321770290156919, 0.2289393016150924, 0.15567329988333425]], "ideal": "D", "sampled": "B", "correct": false}}
{"type": "result", "data": {"idx": 64, "options": ["L_B = 4L_A", "L_B = 2L_A", "L_B = L_A", "L_B = 1/2 L_A"], "probs": [[0.24186126885379697, 0.41392984982165937, 0.18753653762849365, 0.15667234359604998], [0.3876289061891182, 0.24743066710326359, 0.20664554573886704, 0.15829488086875118], [0.19056452524895395, 0.3339079866387128, 0.2497902624090526, 0.22573722560328063], [0.25681591414052923, 0.25618493936159775, 0.3317726601592626, 0.15522648623861043]], "ideal": "A", "sampled": "B", "correct": false}}
{"type": "result", "data": {"idx": 65, "options": ["the weak nuclear force", "the strong nuclear force", "vacuum polarization", "interactions with the ionic lattice"], "probs": [[0.20271669648497953, 0.20932591340766427, 0.36783388561807306, 0.2201235043892831], [0.14088233023787863, 0.2919374747571098, 0.28050122080175294, 0.2866789741032586], [0.5582852820578584, 0.20671212875141928, 0.10140326704140697, 0.1335993220493153], [0.2721056382399733, 0.1871415255350715, 0.24951544773341683, 0.29123738839153834]], "ideal": "D", "sampled": "C", "correct": false}}
{"type": "result", "data": {"idx": 66, "options": ["0.50c", "0.60c", "0.70c", "0.80c"], "probs": [[0.3219754791526529, 0.23461262088493678, 0.21577484056505025, 0.22763705929736006], [0.3174000869314419, 0.22776579722068724, 0.23560598404471295, 0.21922813170315789], [0.32273369543404096, 0.2465584241120063, 0.2180521604490953, 0.21265571990485746], [0.2695731681061327, 0.23515336124651667, 0.26712052623464894, 0.22815294431270164]], "ideal": "B", "sampled": "B", "correct": true}}
{"type": "result", "data": {"idx": 67, "options": ["24.6 eV", "39.5 eV", "51.8 eV", "54.4 eV"], "probs": [[0.2779855471271279, 0.2423146998984896, 0.2353362922930267, 0.24436346058135577], [0.2727339524840677, 0.2610509952485132, 0.2515501342231295, 0.2146649179442896], [0.30092598639730456, 0.2685737787556096, 0.221372996783188, 0.20912723796389784], [0.30233015255601164, 0.29172139052865087, 0.20239073621436313, 0.20355772060097435]], "ideal": "A", "sampled": "D", "correct": false}}
{"type": "result", "data": {"idx": 68, "options": ["one-quarter as distant as they are today", "one-half as distant as they are today", "separated by about the same distances as they are today", "two times as distant as they are today"], "probs": [[0.28228546868633464, 0.31947558039066726, 0.22885848453489088, 0.1693804662881072], [0.25009426099400794, 0.3084256900773123, 0.28407308033139317, 0.1574069684972866], [0.23392880309162933, 0.21236393169967505, 0.3906071541903292, 0.16310011091836638], [0.2297201168474243, 0.3472360761273717, 0.2667823870641009, 0.15626141986110312]], "ideal": "A", "sampled": "A", "correct": true}}
{"type": "result", "data": {"idx": 69, "options": ["rate of change of the electric flux through S", "electric flux through S", "time integral of the magnetic flux through S", "rate of change of the magnetic flux through S"], "probs": [[0.6045082536700137, 0.1995434373621728, 0.07413146312695924, 0.1218168457408542], [0.30232803381912726, 0.14410849558351027, 0.19308538106024814, 0.3604780894371143], [0.19200018332469004, 0.3898612616545699, 0.22407615516442664, 0.1940623997563134], [0.21974173022291768, 0.5378704626479027, 0.13170555134510045, 0.11068225568407918]], "ideal": "A", "sampled": "A", "correct": true}}
{"type": "result", "data": {"idx": 70, "options": ["100 J", "1,000 J", "10,000 J", "1,000,000 J"], "probs": [[0.24704882885807153, 0.24057232255739835, 0.24635930745704157, 0.26601954102748854], [0.2724027254189027, 0.22517789226968693, 0.259315900201022, 0.2431034820103883], [0.30135972488729224, 0.28047363275622195, 0.20030001100086817, 0.2178666312556177], [0.328415041062401, 0.20805859873685748, 0.21483554263999768, 0.2486908174607438]], "ideal": "D", "sampled": "D", "correct": true}}
{"type": "result", "data": {"idx": 71, "options": ["2c", "c", "0.8c", "0.5c"], "probs": [[0.38620213245764934, 0.21296823339967472, 0.23056578977433576, 0.1702638442683402], [0.31463306670271557, 0.23537797872785368, 0.2333307529256253, 0.21665820154380544], [0.3538530276020078, 0.17149659010532925, 0.2997000604478846, 0.17495032174477834], [0.28589604154040615, 0.3154160176026123, 0.24882806086519754, 0.149859879891784]], "ideal": "C", "sampled": "A", "correct": false}}
{"type": "result", "data": {"idx": 72, "options": ["1 N", "2 N", "3 N", "4 N"], "probs": [[0.2523487134815617, 0.26919402867265657, 0.22158043914067924, 0.2568768186051025], [0.26512033534737645, 0.25959277924065977, 0.225686094907785, 0.24960079040417876], [0.29491934616774584, 0.2608626225458384, 0.20486697857815234, 0.23935105260826342], [0.2983741969056316, 0.24596805135031394, 0.2172524864083092, 0.2384052652357453]], "ideal": "C", "sampled": "D", "correct": false}}
{"type": "result", "data": {"idx": 73, "options": ["0.4c", "0.5c", "0.6c", "0.7c"], "probs": [[0.3689638618910322, 0.2506382427763902, 0.19402941770357598, 0.1863684775290016], [0.32952548052131464, 0.25381103911874864, 0.20114112497765443, 0.2155223552822823], [0.33251826953651886, 0.23505176512345158, 0.20793574795644817, 0.2244942172835814], [0.3362079858443699, 0.2283805459509397, 0.22718337175958453, 0.20822809634510583]], "ideal": "B", "sampled": "B", "correct": true}}
