{"type": "result", "data": {"idx": 0, "options": ["99% of the time in repeated samples, the interval would contain the true value of the parameter", "99% of the time in repeated samples, the interval would contain the estimated value of the parameter", "99% of the time in repeated samples, the null hypothesis will be rejected", "99% of the time in repeated samples, the null hypothesis will not be rejected when it was false"], "probs": [[0.768060673645467, 0.10009585991857853, 0.06467241963675584, 0.06717104669919857], [0.5875890850433224, 0.14084860681079, 0.10559716819660886, 0.16596513984927874], [0.1299679693421068, 0.1195664736121363, 0.6280320847627201, 0.12243347218303674], [0.21199169505570867, 0.5154493028159397, 0.15698111259267328, 0.11557788943567839]], "ideal": "A", "sampled": "A", "correct": true}}
{"type": "result", "data": {"idx": 1, "options": ["ADF is a single equation approach to unit root testing while PP is a systems approach", "PP tests reverse the DF null and alternative hypotheses so that there is stationarity under the null hypothesis of the PP test", "The PP test incorporates an automatic correction for autocorrelated residuals in the test regression", "PP tests have good power in small samples whereas DF tests do not."], "probs": [[0.24776166661655852, 0.33699928739272933, 0.16700337330837178, 0.24823567258234036], [0.42200736929704574, 0.22288165320070027, 0.14420392678118363, 0.21090705062107035], [0.33848149085357754, 0.21911628868648148, 0.21280502097870277, 0.2295971993812382], [0.2430729495320151, 0.3011079340541874, 0.253903500594036, 0.2019156157197615]], "ideal": "C", "sampled": "B", "correct": false}}
{"type": "result", "data": {"idx": 2, "options": ["It would rise more quickly for negative disturbances than for positive ones of the same magnitude", "It would be symmetrical about zero", "It would rise less quickly for negative disturbances than for positive ones of the same magnitude", "It would be zero for all positive disturbances"], "probs": [[0.5934541246081231, 0.14229495933842418, 0.1731881182359902, 0.09106279771746252], [0.1175551488877997, 0.5859916805635017, 0.10653959958680011, 0.18991357086189853], [0.38380959626174416, 0.16160847245030796, 0.3196149170079097, 0.13496701418003815], [0.14032632242049561, 0.6370879986085383, 0.0974806974190665, 0.12510498145189963]], "ideal": "A", "sampled": "A", "correct": true}}
{"type": "result", "data": {"idx": 3, "options": ["There is nothing in the model to ensure that the estimated probabilities lie between zero and one", "Even if the probabilities are truncated at zero and one, there will probably be many observations for which the probability is either exactly zero or exactly one", "The error terms will be heteroscedastic and not normally distributed", "The model is much harder to estimate than a standard regression model with a continuous dependent variable"], "probs": [[0.43541681377210056, 0.20135435170033783, 0.16964809115907364, 0.19358074326848798], [0.1936042015355786, 0.146489087739162, 0.15964323581326714, 0.5002634748119923], [0.19022817340891143, 0.13005806116776278, 0.45829679191605505, 0.22141697340727073], [0.20145245794960034, 0.42479663001804246, 0.2036493213412359, 0.17010159059112132]], "ideal": "D", "sampled": "A", "correct": false}}
{"type": "result", "data": {"idx": 4, "options": ["The population is the total collection of all items of interest", "The population can be infinite", "In theory, the sample could be larger than the population", "A random sample is one where each individual item from the population is equally likely to be drawn."], "probs": [[0.25307854253269035, 0.18574763279047912, 0.24241004159380689, 0.3187637829830236], [0.2999995693264351, 0.20062224863880718, 0.27018869323097894, 0.22918948870377875], [0.325648923911404, 0.2586026412406454, 0.21278650422392795, 0.20296193052402264], [0.3463211059223991, 0.20424604413851094, 0.21423962710145505, 0.23519322273763485]], "ideal": "C", "sampled": "D", "correct": false}}
{"type": "result", "data": {"idx": 5, "options": ["Asymptotically, the values of the two test statistics will be equal", "The Q test has better small-sample properties than the Q*", "The Q test is sometimes over-sized for small samples", "As the sample size tends towards infinity, both tests will show a tendency to always reject the null hypothesis of zero autocorrelation coefficients."], "probs": [[0.29477661845120473, 0.2531869709238543, 0.2287560850153095, 0.2232803255096315], [0.35126403857151495, 0.21403166863973414, 0.22086800806292514, 0.21383628462582574], [0.3009468704443294, 0.2356349448813285, 0.21281894183471323, 0.25059924273962886], [0.30639764663493335, 0.20662902293523155, 0.24926583466421373, 0.23770749566562133]], "ideal": "B", "sampled": "B", "correct": true}}
{"type": "result", "data": {"idx": 6, "options": ["Includes too many variables", "Includes as few variables as possible to explain the data", "Is a well-specified model", "Is a mis-specified model"], "probs": [[0.06596922677187375, 0.86055782844289, 0.03801571836640603, 0.03545722631883022], [0.8939103766316268, 0.0435336432191259, 0.030918779827578586, 0.03163720022166873], [0.06314941353875535, 0.0352026514255968, 0.06957813941189438, 0.8320697955237535], [0.048040210659018895, 0.05717188427951057, 0.8251262214126885, 0.06966168354878195]], "ideal": "A", "sampled": "B", "correct": false}}
{"type": "result", "data": {"idx": 7, "options": ["They can be interpreted as continuously compounded changes in the prices", "They can be added over time to give returns for longer time periods", "They can be added across a portfolio of assets to give portfolio returns", "They are usually fat-tailed"], "probs": [[0.2997705891462815, 0.2179397758930572, 0.21301430144244707, 0.2692753334182142], [0.2632857262824941, 0.2119498997714762, 0.24606145915908678, 0.2787029146869429], [0.2637260634553774, 0.22779584607575804, 0.2502932622865861, 0.2581848280822785], [0.2950681325538808, 0.2196773719375619, 0.2303406137200693, 0.25491388168848794]], "ideal": "C", "sampled": "A", "correct": false}}
{"type": "result", "data": {"idx": 8, "options": ["(ii) and (iv) only", "(i) and (iii) only", "(i), (ii), and (iii) only", "(i), (ii), (iii), and (iv)"], "probs": [[0.21117986736569994, 0.1886435597946351, 0.3327293693686588, 0.26744720337100614], [0.259437296654228, 0.2713044921976894, 0.33139309777571496, 0.13786511327236767], [0.3729575574025083, 0.32633283731058266, 0.1533494591559602, 0.1473601460309488], [0.3545202506867104, 0.1984644323846588, 0.21215043327622735, 0.23486488355240348]], "ideal": "B", "sampled": "D", "correct": false}}
{"type": "result", "data": {"idx": 9, "options": ["Less than -1", "Between -1 and 0", "Between 0 and 1", "Bigger than 1"], "probs": [[0.33973946151496653, 0.24708677089465092, 0.23237923582914558, 0.18079453166123696], [0.34852583770809464, 0.3036377565395175, 0.18279188196583018, 0.16504452368655764], [0.45749067827279033, 0.23409437876875885, 0.15485936738049863, 0.15355557547795218], [0.311513006656013, 0.2630083262657371, 0.22692224381084963, 0.19855642316740021]], "ideal": "C", "sampled": "C", "correct": true}}
{"type": "result", "data": {"idx": 10, "options": ["(ii) and (iv) only", "(i) and (iii) only", "(i), (ii), and (iv) only", "(i), (ii), (iii), and (iv)"], "probs": [[0.27898061688405884, 0.19316245901385198, 0.2783308964440681, 0.24952602755802106], [0.36576270508442377, 0.1838044049585179, 0.2914550856737642, 0.15897780418329407], [0.34364339705845487, 0.2578073441724462, 0.20490786431170832, 0.1936413943573906], [0.30720690347470747, 0.18934208434926617, 0.2664581874708834, 0.23699282460514295]], "ideal": "B", "sampled": "D", "correct": false}}
{"type": "result", "data": {"idx": 11, "options": ["(ii) and (iv) only", "(i) and (iii) only", "(i), (ii), and (iii) only", "(i), (ii), (iii), and (iv)"], "probs": [[0.18169831549935922, 0.16250611076396365, 0.26258261182882897, 0.3932129618078482], [0.19639442832252624, 0.16640692697343076, 0.45886713700378357, 0.17833150760025943], [0.2635625600551257, 0.34454634782206695, 0.19656251368941205, 0.19532857833339531], [0.3247479498061635, 0.1863726675324034, 0.22217798230810445, 0.2667014002533286]], "ideal": "D", "sampled": "D", "correct": true}}
{"type": "result", "data": {"idx": 12, "options": ["Forecasts can only be made for time-series data", "Mis-specified models are certain to produce inaccurate forecasts", "Structural forecasts are simpler to produce than those from time series models", "In-sample forecasting ability is a poor test of model adequacy"], "probs": [[0.28642868565990215, 0.25774761647764843, 0.17902926832093724, 0.27679442944151217], [0.31187860568676645, 0.19891702525937804, 0.26885781891300053, 0.22034655004085496], [0.2401748227780844, 0.334946622369572, 0.19282704015153468, 0.23205151460080892], [0.4978936834683976, 0.17241957062634264, 0.15035287216379664, 0.17933387364146308]], "ideal": "D", "sampled": "D", "correct": true}}
{"type": "result", "data": {"idx": 13, "options": ["An AR and an MA model", "An AR and an ARMA model", "An MA and an ARMA model", "Different models from within the ARMA family"], "probs": [[0.23151741119446062, 0.3272007204920893, 0.17960557875045902, 0.26167628946299104], [0.2496440298552617, 0.29018977713946026, 0.25693548105971836, 0.2032307118455597], [0.292144779714707, 0.3476805142364989, 0.17798646057832263, 0.18218824537047149], [0.19196456322923303, 0.2337394793836671, 0.34685917772515085, 0.22743677956194902]], "ideal": "B", "sampled": "B", "correct": true}}
{"type": "result", "data": {"idx": 14, "options": ["A cyclical pattern in the residuals", "An alternating pattern in the residuals", "A complete randomness in the residuals", "Residuals that are all close to zero"], "probs": [[0.5333752353477704, 0.16680970290481106, 0.173803071588962, 0.12601199005845648], [0.37034240140358626, 0.15708842552286276, 0.20052705707087473, 0.27204211590267624], [0.14878088566918488, 0.11076165237127497, 0.5777641663367888, 0.1626932955227513], [0.1854934543185707, 0.5515083670064641, 0.13204199074378434, 0.13095618783118082]], "ideal": "B", "sampled": "A", "correct": false}}
{"type": "result", "data": {"idx": 15, "options": ["(ii) and (iv) only", "(i) and (iii) only", "(i), (ii), and (iii) only", "(i), (ii), (iii), and (iv)"], "probs": [[0.2630987723936975, 0.24696677552723673, 0.2493897192021706, 0.24054473277689514], [0.2978215426557998, 0.266927025681058, 0.2676623681616636, 0.16758906340147856], [0.35702671212977427, 0.26959065805320115, 0.1960131315398808, 0.17736949817714376], [0.29197891238486506, 0.2385679525538555, 0.24083340579097834, 0.22861972917030113]], "ideal": "A", "sampled": "C", "correct": false}}
{"type": "result", "data": {"idx": 16, "options": ["(ii) and (iv) only", "(i) and (iii) only", "(i), (ii), and (iii) only", "(i), (ii), (iii), and (iv)"], "probs": [[0.27141646356897775, 0.23244272862859905, 0.24219896618682984, 0.25394184151559335], [0.2785118346462614, 0.22435104357522034, 0.32766987354771293, 0.16946724813080533], [0.34518165421555685, 0.2784072541437469, 0.20082182288610864, 0.17558926865458754], [0.28403357514978994, 0.24786733827101093, 0.23500198823849716, 0.233097098240702]], "ideal": "C", "sampled": "D", "correct": false}}
{"type": "result", "data": {"idx": 17, "options": ["\\hat{y}_t = \\hat{\\alpha} + \\hat{\\beta}x_t + \\hat{u}_t", "\\hat{y}_t = \\hat{\\alpha} + \\hat{\\beta}x_t", "\\hat{y}_t = \\hat{\\alpha} + \\hat{\\beta}x_t + u_t", "y_t = \\hat{\\alpha} + \\hat{\\beta}x_t + \\hat{u}_t"], "probs": [[0.35874866593758975, 0.26311419979767603, 0.18843364346727753, 0.18970349069745665], [0.27653135198382767, 0.21591052614016748, 0.16712227956040715, 0.3404358422155977], [0.23390267089940553, 0.13772953634882926, 0.41284100966971293, 0.21552678298205225], [0.3119831773917775, 0.25124774129404703, 0.2498553916518991, 0.18691368956227633]], "ideal": "B", "sampled": "A", "correct": false}}
{"type": "result", "data": {"idx": 18, "options": ["T x k", "T x 1", "k x 1", "1 x 1"], "probs": [[0.5406436766670946, 0.20543801976040657, 0.1340253462827202, 0.11989295718977863], [0.21856424022898377, 0.2294804143366462, 0.2954766628134808, 0.2564786825208892], [0.2915371569241466, 0.2364953387591575, 0.28172775260588306, 0.19023975161081283], [0.18315476575720022, 0.4337151983712404, 0.21327185847582403, 0.16985817729573535]], "ideal": "D", "sampled": "A", "correct": false}}
{"type": "result", "data": {"idx": 19, "options": ["1 and 2", "1 and 0.5", "2 and -0.5", "1 and -3"], "probs": [[0.4452905489145637, 0.2355208019831933, 0.1911070552607121, 0.12808159374153086], [0.4109135637093155, 0.2621750469698139, 0.19818957429837314, 0.12872181492249746], [0.3784550540800443, 0.2552339212410896, 0.22753512045060514, 0.13877590412826088], [0.4505297310278755, 0.23094325109412397, 0.19194953427704248, 0.12657748350095804]], "ideal": "B", "sampled": "A", "correct": false}}
{"type": "result", "data": {"idx": 20, "options": ["The explanatory variable is partly random", "The explanatory variable is fixed in repeated samples", "The explanatory variable is correlated with the errors", "The explanatory variable always has a value of one"], "probs": [[0.16415115210851716, 0.5701497452791752, 0.11943279983799608, 0.1462663026743116], [0.4411864280259497, 0.26594448086940164, 0.14135473965184964, 0.151514351352799], [0.3587853121036717, 0.2568002717476664, 0.1522770271231553, 0.23213738892550662], [0.10690324087044902, 0.09823583883730576, 0.6625710774487122, 0.13228984274353295]], "ideal": "B", "sampled": "B", "correct": true}}
{"type": "result", "data": {"idx": 21, "options": ["Residuals appear to be positively autocorrelated", "Residuals appear to be negatively autocorrelated", "Residuals appear not to be autocorrelated", "The test result is inconclusive"], "probs": [[0.47192054982234527, 0.20327617225998396, 0.17702718077319846, 0.14777609704447225], [0.4347668548844717, 0.246258616199819, 0.1508553117872607, 0.16811921702844856], [0.4664311020994654, 0.18579363161525211, 0.18487162222525796, 0.16290364396002446], [0.23727871045833498, 0.42769824385977534, 0.1538700977053894, 0.1811529478765003]], "ideal": "D", "sampled": "A", "correct": false}}
{"type": "result", "data": {"idx": 22, "options": ["(ii) and (iv) only", "(i) and (iii) only", "(i), (ii), and (iii) only", "(i), (ii), (iii), and (iv)"], "probs": [[0.22983010110940988, 0.1422208696461554, 0.2953046261968947, 0.33264440294754], [0.3141506471550439, 0.21882524105989584, 0.3275762351613189, 0.13944787652374135], [0.4828139306728474, 0.2223625646579351, 0.14981193465075346, 0.14501156991846403], [0.4374618269088408, 0.1496204942541411, 0.19604297301936874, 0.21687470571764939]], "ideal": "A", "sampled": "D", "correct": false}}
{"type": "result", "data": {"idx": 23, "options": ["It will be consistent, unbiased and efficient", "It will be consistent and unbiased but not efficient", "It will be consistent but not unbiased", "It will not be consistent"], "probs": [[0.20374262634479004, 0.5217453914619091, 0.12981562508559893, 0.14469635700770195], [0.5007450877675296, 0.17594095014118372, 0.1592853570251111, 0.1640286049661756], [0.6643064169883958, 0.1288496731580766, 0.11478387819834822, 0.0920600315551794], [0.5629573505774249, 0.1516316395222878, 0.1735880834703015, 0.11182292632998574]], "ideal": "A", "sampled": "B", "correct": false}}
{"type": "result", "data": {"idx": 24, "options": ["The regression $R^2$ may be spuriously high", "Test statistics may not follow standard distributions", "Statistical inferences may be invalid", "Parameter estimates may be biased"], "probs": [[0.2470109125878673, 0.18664904771290067, 0.35777323053656096, 0.20856680906267105], [0.2871069907854983, 0.32601270076352606, 0.2122864275958444, 0.17459388075513124], [0.4436485932726493, 0.1986115068412442, 0.18239078870407371, 0.17534911108203277], [0.38574349982580275, 0.18384936570405036, 0.21861760177381148, 0.21178953259633543]], "ideal": "D", "sampled": "C", "correct": false}}
{"type": "result", "data": {"idx": 25, "options": ["The current value of y", "Zero", "One", "The average value of y over the in-sample period"], "probs": [[0.45591503377169973, 0.2902846038051238, 0.15426351128466062, 0.09953685103851585], [0.6376013111609291, 0.14352853487838102, 0.081839076556731, 0.13703107730395886], [0.1394781788966381, 0.08737948666204651, 0.5617313468152527, 0.2114109875260626], [0.179084382378236, 0.26924525485124234, 0.41414834193551053, 0.13752202073501116]], "ideal": "A", "sampled": "B", "correct": false}}
{"type": "result", "data": {"idx": 26, "options": ["A necessary and sufficient condition for identification", "A necessary but not sufficient condition for identification", "A sufficient but not necessary condition for identification", "A condition that is nether necessary nor sufficient for identification"], "probs": [[0.30599991851964925, 0.31724955066471733, 0.2515876405399225, 0.12516289017571086], [0.4562660217286196, 0.2692403056599511, 0.12344846229407092, 0.15104521021735842], [0.3232718133846889, 0.1328919092648347, 0.4254301519671092, 0.11840612528336722], [0.26926421715213034, 0.4569908013931272, 0.1695128951869834, 0.10423208616775906]], "ideal": "B", "sampled": "A", "correct": false}}
{"type": "result", "data": {"idx": 27, "options": ["The probability that the estimate is a long way away from its true value is minimised", "The estimator is efficient", "Such an estimator would be termed \"best\"", "Such an estimator will always be unbiased"], "probs": [[0.31021709633722094, 0.26371888502518637, 0.20897136070596722, 0.21709265783162549], [0.2931933788123603, 0.20989873138649548, 0.19586973474062994, 0.3010381549605143], [0.27675285932634386, 0.18744689224276043, 0.27114292976528986, 0.2646573185656058], [0.29290595211279974, 0.3003269686945911, 0.2003027766697558, 0.2064643024228534]], "ideal": "D", "sampled": "A", "correct": false}}
{"type": "result", "data": {"idx": 28, "options": ["(ii) and (iv) only", "(i) and (iii) only", "(i), (ii), and (iii) only", "(i), (ii), (iii), and (iv)"], "probs": [[0.22237049040954854, 0.1989385932485006, 0.2903721034236453, 0.28831881281830557], [0.2219920621893106, 0.30546162688886486, 0.30631048638675273, 0.16623582443507184], [0.29473217001297436, 0.3362673370382389, 0.18741091246172142, 0.1815895803870653], [0.27760495078142317, 0.25846107251079686, 0.21465347915806723, 0.2492804974497127]], "ideal": "D", "sampled": "D", "correct": true}}
{"type": "result", "data": {"idx": 29, "options": ["The PRF is the estimated model", "The PRF is used to infer likely values of the SRF", "Whether the model is good can be determined by comparing the SRF and the PRF", "The PRF is a description of the process thought to be generating the data."], "probs": [[0.18739611281689933, 0.1451784881697859, 0.13126245847447632, 0.5361629404388385], [0.31552111159027146, 0.18318592954276205, 0.30774100694735007, 0.19355195181961643], [0.3097567008089715, 0.3415305366998697, 0.16020918129584247, 0.18850358109531634], [0.5095882491196463, 0.15218276010694323, 0.13662602209611446, 0.20160296857729604]], "ideal": "D", "sampled": "D", "correct": true}}
{"type": "result", "data": {"idx": 30, "options": ["Some variables may be excluded at the first stage leading to coefficient biases", "The final model may lack theoretical interpretation", "The final model may be statistically inadequate", "If the initial model is mis-specified, all subsequent steps will be invalid."], "probs": [[0.25904873396918604, 0.3838419076988993, 0.16544302052755283, 0.19166633770436178], [0.4555111296840645, 0.15765753621756307, 0.18226342172980714, 0.2045679122685653], [0.3132953438831597, 0.229742265611034, 0.24560754730652049, 0.2113548430992858], [0.18172058461279414, 0.3200080096401641, 0.2993076741396096, 0.19896373150743213]], "ideal": "B", "sampled": "B", "correct": true}}
{"type": "result", "data": {"idx": 31, "options": ["(ii) and (iv) only", "(i) and (iii) only", "(i), (ii), and (iii) only", "(i), (ii), (iii), and (iv)"], "probs": [[0.2796504282567524, 0.2416822982094093, 0.24891807878264333, 0.22974919465119495], [0.36040691611759634, 0.26894960606238727, 0.21724644948594246, 0.15339702823407392], [0.41245464715572233, 0.24526786042585605, 0.17072043329917164, 0.17155705901924995], [0.32712707895128196, 0.20874716961523088, 0.2286630340783527, 0.23546271725513446]], "ideal": "D", "sampled": "C", "correct": false}}
{"type": "result", "data": {"idx": 32, "options": ["Biased but consistent coefficient estimates", "Biased and inconsistent coefficient estimates", "Unbiased but inconsistent coefficient estimates", "Unbiased and consistent but inefficient coefficient estimates."], "probs": [[0.30776305837909684, 0.31317471341188513, 0.1904507392723093, 0.18861148883670875], [0.3668213511024646, 0.2647545140154763, 0.22556397126117958, 0.14286016352087952], [0.22367308874713346, 0.4686065595042925, 0.15227479648705255, 0.15544555516152148], [0.36334568258466765, 0.2622444629406945, 0.19548781214189684, 0.17892204223274102]], "ideal": "A", "sampled": "D", "correct": false}}
{"type": "result", "data": {"idx": 33, "options": ["A model that is based on financial theory", "A model that contains many variables", "A model whose dependent variable has recently exhibited a structural change", "A model that is entirely statistical in nature with no room for judgmental modification of forecasts"], "probs": [[0.3111267367701603, 0.21945998542438658, 0.2147629005780243, 0.25465037712742883], [0.31619971516249035, 0.22130159701724758, 0.2305766011458043, 0.23192208657445773], [0.2835392099862756, 0.2393165862219119, 0.21824880267358063, 0.25889540101823183], [0.3614526580969843, 0.23757507686697701, 0.17959902643556414, 0.22137323850047458]], "ideal": "A", "sampled": "D", "correct": false}}
{"type": "result", "data": {"idx": 34, "options": ["(ii) and (iv) only", "(i) and (iii) only", "(i), (ii), and (iii) only", "(i), (ii), (iii), and (iv)"], "probs": [[0.2030465425673656, 0.14024568438591906, 0.2860622874249431, 0.37064548552177223], [0.20316240468601854, 0.1601361387726782, 0.4725258366275666, 0.16417561981373663], [0.31388794437226125, 0.3552515400515924, 0.1745597667948755, 0.15630074868127086], [0.2858705222320788, 0.2187625020523654, 0.2139586061025284, 0.2814083695130274]], "ideal": "A", "sampled": "D", "correct": false}}
{"type": "result", "data": {"idx": 35, "options": ["The roots of the characteristic equation must all lie inside the unit circle", "The roots of the characteristic equation must all lie on the unit circle", "The roots of the characteristic equation must all lie outside the unit circle", "The roots of the characteristic equation must all be less than one in absolute value"], "probs": [[0.4404993354833701, 0.19327671823953005, 0.1472770571561402, 0.21894688902095963], [0.3788226359352922, 0.1742004803900707, 0.2645368058576932, 0.18244007771694393], [0.30005827543119107, 0.38185378905292483, 0.16424269972589292, 0.15384523568999114], [0.2870003092970984, 0.4764741737143261, 0.1005356528522673, 0.13598986403630817]], "ideal": "C", "sampled": "A", "correct": false}}
{"type": "result", "data": {"idx": 36, "options": ["(ii) and (iv) only", "(i) and (iii) only", "(i), (ii), and (iii) only", "(i), (ii), (iii), and (iv)"], "probs": [[0.27767947313392943, 0.2106359600810177, 0.24095046517823648, 0.27073410150681637], [0.3343740403317817, 0.24772039053347075, 0.2641603350375183, 0.15374523399722922], [0.3882213060964759, 0.26391144404552264, 0.18016324130149514, 0.16770400845650632], [0.28779327008846567, 0.2149863923875163, 0.24579758207135374, 0.2514227553526643]], "ideal": "B", "sampled": "C", "correct": false}}
{"type": "result", "data": {"idx": 37, "options": ["Taking the average values of the variables", "Subtracting the mean of each entity away from each observation on that entity", "Estimating a panel data model using least squares dummy variables", "Using both time dummies and cross-sectional dummies in a fixed effects panel model"], "probs": [[0.10860629280949126, 0.7400938712866425, 0.06368296227312803, 0.08761687353073816], [0.7289740929921544, 0.09951494484867486, 0.07028843357026382, 0.1012225284889069], [0.1936786414882982, 0.4084699925827804, 0.1628997277186415, 0.2349516381102799], [0.17455924595990086, 0.13414061867687513, 0.47133225026973996, 0.21996788499348402]], "ideal": "B", "sampled": "B", "correct": true}}
{"type": "result", "data": {"idx": 38, "options": ["Ensure that there is no heteroscedasticity in the test regression residuals.", "Ensure that the test regression residuals are normally distributed", "Ensure that there is no autocorrelation in the test regression residuals", "Ensure that all of the non-stationarity is taken into account."], "probs": [[0.1007505107374561, 0.05665326342696839, 0.08720434973846629, 0.7553918759971092], [0.13349264560438956, 0.08246648871521418, 0.6738350836146674, 0.11020578196572883], [0.12309588410321533, 0.6653464585762601, 0.09802579966524334, 0.11353185755528125], [0.644444017544497, 0.12052124531201916, 0.11357985198463998, 0.12145488505884387]], "ideal": "C", "sampled": "D", "correct": false}}
{"type": "result", "data": {"idx": 39, "options": ["The current value of y", "Zero", "One", "The average value of the change in y over the in-sample period"], "probs": [[0.3035606832069785, 0.31886879556771663, 0.24467126261741765, 0.1328992585078872], [0.3679178301932382, 0.36014940794458494, 0.12644079137907444, 0.14549197038310244], [0.2870185587411632, 0.2577645701578413, 0.22584705869540941, 0.22936981230558603], [0.20111785227678144, 0.20619069913379667, 0.42036457592919213, 0.17232687256022972]], "ideal": "D", "sampled": "B", "correct": false}}
{"type": "result", "data": {"idx": 40, "options": ["(ii) and (iv) only", "(i) and (iii) only", "(i), (ii), and (iii) only", "(i), (ii), (iii), and (iv)"], "probs": [[0.21986945806124158, 0.20128589266653968, 0.3052626756940196, 0.2735819734781992], [0.24150443845049163, 0.2687801936363557, 0.33532251905060784, 0.15439284876254483], [0.3558037843798274, 0.30157559373757437, 0.17741189726991796, 0.16520872451268026], [0.2527036892552118, 0.21748935138399247, 0.25655745770965543, 0.2732495015511403]], "ideal": "C", "sampled": "C", "correct": true}}
{"type": "result", "data": {"idx": 41, "options": ["(ii) and (iv) only", "(i) and (iii) only", "(i), (ii), and (iii) only", "(i), (ii), (iii), and (iv)"], "probs": [[0.262272258245963, 0.24236907378165212, 0.26296924521150394, 0.2323894226608809], [0.30977954072628144, 0.26495109801543726, 0.27021359186687843, 0.15505576929140286], [0.3754458538945337, 0.2642225403587805, 0.19698265779977123, 0.16334894784691453], [0.2907044545910457, 0.24501542379469135, 0.24198826784473323, 0.22229185366952972]], "ideal": "B", "sampled": "C", "correct": false}}
{"type": "result", "data": {"idx": 42, "options": ["The coefficient estimates have intuitive theoretical interpretations", "The coefficient estimates usually have the same sign for all of the lags of a given variable in a given equation", "VARs often produce better forecasts than simultaneous equation structural models", "All of the components of a VAR must be stationary before it can be used for forecasting"], "probs": [[0.39439074418218517, 0.1882626180939188, 0.1716924232806343, 0.2456542143432617], [0.3256363618888118, 0.20601852543109594, 0.2015905112063536, 0.2667546013737387], [0.2862284693959685, 0.19424563065476982, 0.2660384098609958, 0.25348748998826587], [0.3491343959558873, 0.24245720331798948, 0.16957751420165618, 0.23883088642446706]], "ideal": "C", "sampled": "A", "correct": false}}
{"type": "result", "data": {"idx": 43, "options": ["If the null hypothesis is rejected, the alternative is accepted", "The null hypothesis is the statement being tested while the alternative encompasses the remaining outcomes of interest", "The test of significance and confidence interval approaches will always give the same conclusions", "Hypothesis tests are used to make inferences about the population parameters."], "probs": [[0.347519089320744, 0.19710537201861297, 0.16859930249556815, 0.28677623606507485], [0.35120153946943083, 0.18431100522092156, 0.26841703454577504, 0.19607042066387256], [0.31339933998133945, 0.25274982669284934, 0.1908334017975023, 0.24301743142830887], [0.35589111378048016, 0.2132341148227919, 0.2306749854851805, 0.20019978581154746]], "ideal": "A", "sampled": "D", "correct": false}}
{"type": "result", "data": {"idx": 44, "options": ["An acf and pacf that both decline geometrically", "An acf that declines geometrically and a pacf that is zero after p lags", "An acf that declines geometrically and a pacf that is zero after q lags", "An acf that is zero after p lags and a pacf that is zero after q lags"], "probs": [[0.19257965682011277, 0.2791746556479706, 0.3617092668648453, 0.16653642056707132], [0.33563946173830594, 0.3449559951248326, 0.16410075882966013, 0.1553037842072013], [0.365566581451099, 0.29003050920447165, 0.15405759213814343, 0.1903453171062859], [0.4784296880270159, 0.1876598168119719, 0.18071316306391705, 0.15319733199709507]], "ideal": "A", "sampled": "C", "correct": false}}
{"type": "result", "data": {"idx": 45, "options": ["1.64", "1.71", "2.06", "1.96"], "probs": [[0.3271712010154187, 0.27627535729889174, 0.22221273347098267, 0.17434070811470687], [0.34449118785906163, 0.26476613692034034, 0.2511203995751256, 0.1396222755454724], [0.32023166535463365, 0.2947174486054775, 0.22094519260969805, 0.16410569333019076], [0.3997342466987511, 0.26687621272290646, 0.20326119053533012, 0.13012834994301234]], "ideal": "C", "sampled": "D", "correct": false}}
{"type": "result", "data": {"idx": 46, "options": ["77.07", "0.31", "0.33", "4.87"], "probs": [[0.35742671676458715, 0.2563534264150167, 0.20448530294257125, 0.1817345537778249], [0.3133692787776335, 0.2372457420178296, 0.2587589063796759, 0.19062607272486096], [0.25138618041229627, 0.3854183026513501, 0.19509716657254186, 0.16809835026381179], [0.32917174693630585, 0.28720721599567806, 0.2068416476042853, 0.17677938936373075]], "ideal": "A", "sampled": "D", "correct": false}}
{"type": "result", "data": {"idx": 47, "options": ["They are not theoretically motivated", "They cannot produce forecasts easily", "They cannot be used for very high frequency data", "It is difficult to determine the appropriate explanatory variables for use in pure time-series models"], "probs": [[0.47433629933187943, 0.17195949886992587, 0.13429096229033308, 0.21941323940786164], [0.2608486595109626, 0.18822852423863481, 0.25411905699875154, 0.2968037591516511], [0.1429232550395633, 0.14653179484725343, 0.4830023789817599, 0.22754257103142336], [0.1735290288751642, 0.45878219599904363, 0.20547875759930992, 0.16221001742648225]], "ideal": "A", "sampled": "A", "correct": true}}
{"type": "result", "data": {"idx": 48, "options": ["(ii) and (iv) only", "(i) and (iii) only", "(i), (ii), and (iii) only", "(i), (ii), (iii), and (iv)"], "probs": [[0.18409116408553125, 0.15203549097130836, 0.27791712180722056, 0.38595622303593985], [0.19670201249831812, 0.15136454546831726, 0.46786846311574076, 0.1840649788176239], [0.26950626357901963, 0.31668107282864405, 0.20463739908806242, 0.20917526440427386], [0.23077167568283255, 0.16435004769112269, 0.26720255610655, 0.33767572041949473]], "ideal": "B", "sampled": "D", "correct": false}}
{"type": "result", "data": {"idx": 49, "options": ["(ii) and (iv) only", "(i) and (iii) only", "(i), (ii), and (iii) only", "(i), (ii), (iii), and (iv)"], "probs": [[0.24994714182859745, 0.2305985195971733, 0.28363407923279405, 0.23582025924143515], [0.31180484221410965, 0.2683362502583001, 0.27343816912788615, 0.1464207382997041], [0.41347485776581194, 0.25237688419679294, 0.17799217997201555, 0.15615607796537956], [0.292422439241635, 0.21711630793551578, 0.24293592207780126, 0.24752533064504795]], "ideal": "A", "sampled": "C", "correct": false}}
{"type": "result", "data": {"idx": 50, "options": ["y has a probability distribution", "x has a probability distribution", "The disturbance term is assumed to be correlated with x", "For an adequate model, the residual (u-hat) will be zero for all sample data points"], "probs": [[0.3622532892536452, 0.23112267942271114, 0.17883430952531817, 0.22778972169832545], [0.28667797781110077, 0.20079586799533286, 0.19339323955648663, 0.3191329145370797], [0.30785674998919677, 0.21736765100167194, 0.24300950804846225, 0.23176609086066902], [0.31835819236308216, 0.2755990110240654, 0.18094967843122817, 0.22509311808162424]], "ideal": "A", "sampled": "A", "correct": true}}
{"type": "result", "data": {"idx": 51, "options": ["A unit root process", "A stationary process", "A deterministic trend process", "A random walk with drift"], "probs": [[0.3851772007732439, 0.29566237768051357, 0.17947408822580663, 0.1396863332204359], [0.24728941530300252, 0.18826591318151814, 0.4153619295850149, 0.1490827418304644], [0.32770120605974834, 0.3180304419969811, 0.22575205225844608, 0.12851629958482447], [0.49932260808354445, 0.2716694094961589, 0.1421710657284226, 0.08683691659187398]], "ideal": "C", "sampled": "D", "correct": false}}
{"type": "result", "data": {"idx": 52, "options": ["They use a different method of transforming the model so that the probabilities lie between zero and one", "The logit model can result in too many observations falling at exactly zero or exactly one", "For the logit model, the marginal effect of a change in one of the explanatory variables is simply the estimate of the parameter attached to that variable, whereas this is not the case for the probit model", "The probit model is based on a cumulative logistic function"], "probs": [[0.26900649468900595, 0.23809524232890325, 0.2706661264426964, 0.22223213643939438], [0.28171431595675844, 0.2737441319885671, 0.17042962951103802, 0.2741119224436364], [0.36727411098494195, 0.2377500122212544, 0.1899438677529868, 0.20503200894081686], [0.2827120594675328, 0.2483247258269689, 0.18494331008089984, 0.2840199045245984]], "ideal": "A", "sampled": "C", "correct": false}}
{"type": "result", "data": {"idx": 53, "options": ["The diagonal VECH model is hard to interpret intuitively", "The diagonal VECH model contains too many parameters", "The diagonal VECH model does not ensure a positive-definite variance-covariance matrix", "The BEKK model reduces the dimensionality problem that arises when a number of series are modelled together."], "probs": [[0.18149441070496522, 0.15784733936682435, 0.39804469927411623, 0.2626135505540942], [0.13174338146682726, 0.5829807898198919, 0.16700770827174127, 0.1182681203415396], [0.46389401645631906, 0.24092395960252205, 0.13962981311519107, 0.15555221072596784], [0.3169502804528788, 0.2694344382871629, 0.18117071276108973, 0.2324445683988685]], "ideal": "C", "sampled": "C", "correct": true}}
{"type": "result", "data": {"idx": 54, "options": ["(ii) and (iv) only", "(i) and (iii) only", "(i), (ii), and (iii) only", "(i), (ii), (iii), and (iv)"], "probs": [[0.2900610690982514, 0.2118486635563322, 0.22952838361779043, 0.26856188362762595], [0.27181017396116125, 0.21486459670302374, 0.3234636485253166, 0.1898615807104984], [0.3246407162126997, 0.27778520763442827, 0.20195793802569426, 0.1956161380271778], [0.29226157501787303, 0.222392532540859, 0.22270234258782584, 0.26264354975344206]], "ideal": "C", "sampled": "D", "correct": false}}
{"type": "result", "data": {"idx": 55, "options": ["(ii) and (iv) only", "(i) and (iii) only", "(i), (ii), and (iii) only", "(i), (ii), (iii), and (iv)"], "probs": [[0.261325724734332, 0.16943470146853248, 0.26916117275530155, 0.300078400941834], [0.24192420823507657, 0.1790513560703639, 0.42101859885575765, 0.15800583673880186], [0.35965070660765663, 0.30672285414732203, 0.1709002430700265, 0.16272619607499478], [0.2932868853918448, 0.2073305069100577, 0.23717349411897154, 0.26220911347912595]], "ideal": "B", "sampled": "D", "correct": false}}
{"type": "result", "data": {"idx": 56, "options": ["(ii) and (iv) only", "(i) and (iii) only", "(i), (ii), and (iii) only", "(i), (ii), (iii), and (iv)"], "probs": [[0.2590249958811212, 0.19319523005363046, 0.27074642756497513, 0.27703334640027316], [0.2864768462121582, 0.2577907106351746, 0.30186187768149914, 0.15387056537116806], [0.3817693363183833, 0.2917197768563508, 0.17291626791916054, 0.1535946188061054], [0.3022793143006088, 0.2364897210215554, 0.21718933528905804, 0.2440416292887778]], "ideal": "D", "sampled": "D", "correct": true}}
{"type": "result", "data": {"idx": 57, "options": ["The variance of the errors is not constant", "The variance of the dependent variable is not constant", "The errors are not linearly independent of one another", "The errors have non-zero mean"], "probs": [[0.9511508907807597, 0.021874119010371004, 0.0136938449239979, 0.013281145184871406], [0.8459639451134374, 0.0496717762421353, 0.036932305196292294, 0.06743197334813503], [0.025284378870434568, 0.0447883777160284, 0.873692125504158, 0.056235117809379065], [0.027663160274979764, 0.911617520950138, 0.03211758460550645, 0.028601734069375752]], "ideal": "A", "sampled": "A", "correct": true}}
{"type": "result", "data": {"idx": 58, "options": ["Close to zero", "Close to plus one", "Close to minus one", "Close to either minus one or plus one"], "probs": [[0.3302061806258238, 0.2701714296343249, 0.21409839070535927, 0.18552399893449203], [0.3605189484229303, 0.24077523828610628, 0.2128421461149764, 0.18586366707598703], [0.42124834183106447, 0.22425223731255559, 0.2110034650951302, 0.14349595566124973], [0.5450733886404583, 0.19620818685176772, 0.1416033646020961, 0.1171150598056779]], "ideal": "C", "sampled": "D", "correct": false}}
{"type": "result", "data": {"idx": 59, "options": ["Zero skewness and zero kurtosis", "Zero skewness and a kurtosis of three", "Skewness of one and zero kurtosis", "Skewness of one and kurtosis of three."], "probs": [[0.3334763099437712, 0.2727599482376797, 0.18929136079581152, 0.20447238092273756], [0.28144855143142244, 0.24729774136745775, 0.27691946256131755, 0.19433424453980228], [0.20517780496148297, 0.22417271803082583, 0.4115014794504854, 0.15914799745720581], [0.22828880079556668, 0.49347382817854046, 0.1358827271395504, 0.14235464378634244]], "ideal": "B", "sampled": "A", "correct": false}}
{"type": "result", "data": {"idx": 60, "options": ["On average, the estimated coefficient values will equal the true values", "The OLS estimator is unbiased and no other unbiased estimator has a smaller variance", "The estimates will converge upon the true values as the sample size increases", "The coefficient estimates will be as close to their true values as possible for small and large samples."], "probs": [[0.08603892282194224, 0.04551273482181828, 0.758235735558837, 0.11021260669740238], [0.06343809857908421, 0.8113342008946072, 0.062440834704152036, 0.06278686572215654], [0.7532183155623356, 0.09295299925330582, 0.07615289318255682, 0.07767579190180168], [0.1770839611822326, 0.42108009359142035, 0.1033849818878062, 0.29845096323854087]], "ideal": "C", "sampled": "C", "correct": true}}
{"type": "result", "data": {"idx": 61, "options": ["Their distributions are thin-tailed", "They are not weakly stationary", "They are highly autocorrelated", "They have no trend"], "probs": [[0.19210246834760036, 0.15594554738874472, 0.47480405229928324, 0.17714793186437167], [0.24834215453508984, 0.5700663881173902, 0.08550594682504543, 0.09608551042247453], [0.7330299123592096, 0.10407259361408516, 0.0751438760958355, 0.08775361783086978], [0.1946198344036032, 0.17901618776915434, 0.24334432182262755, 0.3830196559046149]], "ideal": "D", "sampled": "C", "correct": false}}
