{"type": "result", "data": {"idx": 0, "options": ["10%", "20%", "40%", "80%"], "probs": [[0.105224232131558, 0.33736719169667945, 0.30260948971123625, 0.2547990863605263], [0.25330475308249634, 0.3718363254465218, 0.19913775629847222, 0.17572116507250965], [0.31569199339755544, 0.2876912226527284, 0.17057485114232807, 0.2260419327073881], [0.10883408621602565, 0.18098567154705159, 0.4485924772679369, 0.26158776486898583]], "ideal": "C", "sampled": "B", "correct": false}}
{"type": "result", "data": {"idx": 1, "options": ["About $300", "About $3k", "About $8k", "About $15k"], "probs": [[0.16893528379879283, 0.33631131022982585, 0.2724132294012977, 0.2223401764700836], [0.3258059176861614, 0.32613630621734885, 0.1815044649581395, 0.16655331103835025], [0.3861167728514793, 0.32801142331657934, 0.16236437855527389, 0.1235074251766675], [0.322791496566188, 0.26162625136221584, 0.22561313882041295, 0.1899691131511832]], "ideal": "B", "sampled": "C", "correct": false}}
{"type": "result", "data": {"idx": 2, "options": ["52%", "62%", "72%", "82%"], "probs": [[0.38725115113925557, 0.30425758786775764, 0.16809069357216183, 0.14040056732082495], [0.4044965327721616, 0.30091304480741465, 0.1444249494057995, 0.15016547291462426], [0.4424575268779802, 0.2859687804889812, 0.14163272081389305, 0.12994097171914548], [0.4857825563990684, 0.23329162247691726, 0.14157444026284619, 0.13935138076116813]], "ideal": "C", "sampled": "D", "correct": false}}
{"type": "result", "data": {"idx": 3, "options": ["China", "United States", "Germany", "Japan"], "probs": [[0.5775638265148691, 0.1803190572403286, 0.1594943564933066, 0.08262275965149564], [0.19566789591335224, 0.20517044034512882, 0.2121588908127049, 0.38700277282881407], [0.21940707975858306, 0.15435456657979504, 0.44121676328638343, 0.18502159027523848], [0.2004086882101878, 0.38968477733698953, 0.2368434020327685, 0.17306313232005416]], "ideal": "A", "sampled": "A", "correct": true}}
{"type": "result", "data": {"idx": 4, "options": ["by 5 fold", "by 10 fold", "by 15 fold", "by 20 fold"], "probs": [[0.22762144287996508, 0.3395357232808003, 0.199613249270423, 0.23322958446881162], [0.18599997563290444, 0.36470359823159165, 0.2526633550969903, 0.19663307093851362], [0.22747718946630116, 0.3968633055757491, 0.16670736420413676, 0.20895214065381296], [0.266362112720293, 0.31927202575912295, 0.21775890367948048, 0.19660695774110357]], "ideal": "C", "sampled": "D", "correct": false}}
{"type": "result", "data": {"idx": 5, "options": ["Lower respiratory infections", "Preterm birth complications", "Diarrheal diseases", "Malaria"], "probs": [[0.4271031446954615, 0.2890588429000652, 0.18386108229291875, 0.09997693001155446], [0.12455142754818511, 0.40542810245062505, 0.10333949840511758, 0.36668097149607226], [0.2851861843070598, 0.09930908087040818, 0.3965395750281299, 0.21896515969440208], [0.074615067946757, 0.6061413829442941, 0.17638179744939664, 0.14286175155955225]], "ideal": "A", "sampled": "A", "correct": true}}
{"type": "result", "data": {"idx": 6, "options": ["10%", "20%", "30%", "40%"], "probs": [[0.19834317560512002, 0.2957408471965218, 0.27372202682323915, 0.232193950275119], [0.20363615147765382, 0.3182274651473306, 0.2660869320053963, 0.2120494512696193], [0.2906022407775574, 0.34549978263203346, 0.19546489158122105, 0.16843308490918807], [0.38724412356187404, 0.24252925087979305, 0.2159755463391471, 0.1542510791191858]], "ideal": "C", "sampled": "D", "correct": false}}
{"type": "result", "data": {"idx": 7, "options": ["29%", "49%", "69%", "89%"], "probs": [[0.2566950099418665, 0.3197705244629846, 0.2510910704806015, 0.17244339501454745], [0.24377359810676666, 0.32326108695703326, 0.25585049769481294, 0.17711481714138716], [0.26030796375788956, 0.28841718598674654, 0.23185862252988518, 0.21941622762547872], [0.1281403601041446, 0.32759842273297196, 0.35171830650627106, 0.1925429105566124]], "ideal": "C", "sampled": "B", "correct": false}}
{"type": "result", "data": {"idx": 8, "options": ["18%", "38%", "58%", "78%"], "probs": [[0.2080351145064684, 0.31522039045549904, 0.2825505477287528, 0.19419394720927974], [0.2878819446381388, 0.29982552228919823, 0.24278896364028588, 0.1695035693323771], [0.3111226167629191, 0.29734518234899915, 0.19650309690348947, 0.19502910388459227], [0.18056592757291395, 0.17122006884173582, 0.395088649049312, 0.25312535443603823]], "ideal": "C", "sampled": "B", "correct": false}}
{"type": "result", "data": {"idx": 9, "options": ["11%", "26%", "41%", "56%"], "probs": [[0.1685137723439239, 0.32532917965185004, 0.28945001525592085, 0.21670703264830515], [0.2557771839806541, 0.3289902258929969, 0.24456295733037178, 0.1706696326959772], [0.2756494581423722, 0.31529486176198857, 0.18540112672382286, 0.22365455327181635], [0.21255077959479773, 0.20791140757308166, 0.3325143009457831, 0.24702351178633747]], "ideal": "B", "sampled": "C", "correct": false}}
{"type": "result", "data": {"idx": 10, "options": ["23%", "38%", "53%", "68%"], "probs": [[0.2031162231957452, 0.3055570125274277, 0.31309694048611586, 0.17822982369071125], [0.24575637985600585, 0.3212752331122064, 0.28590812852278463, 0.1470602584090031], [0.3736571911548858, 0.3304698417680325, 0.1623604720316819, 0.13351249494539974], [0.507772728518351, 0.17710866994550978, 0.18442095264673927, 0.13069764878939993]], "ideal": "D", "sampled": "D", "correct": true}}
{"type": "result", "data": {"idx": 11, "options": ["5%", "10%", "15%", "25%"], "probs": [[0.2987363262724406, 0.2478550111891587, 0.22764121199665047, 0.22576745044175017], [0.26271967271560337, 0.26293550114396175, 0.2757887069212695, 0.19855611911916538], [0.2916286928902806, 0.28288835705801735, 0.2578089573395078, 0.1676739926121943], [0.25625604006684205, 0.3345521936297814, 0.235571082872868, 0.1736206833305086]], "ideal": "B", "sampled": "A", "correct": false}}
{"type": "result", "data": {"idx": 12, "options": ["2%", "4%", "9%", "18%"], "probs": [[0.1609122848893594, 0.1796829211343207, 0.2574835572869522, 0.4019212365893677], [0.264720221189031, 0.2865450297415581, 0.26516248768617157, 0.18357226128323934], [0.33303246891245236, 0.3231405413763601, 0.18133533539554103, 0.16249165421564646], [0.3794706406888779, 0.23585013691435902, 0.1781151566012134, 0.20656406569554964]], "ideal": "C", "sampled": "D", "correct": false}}
{"type": "result", "data": {"idx": 13, "options": ["minimum wage legislation", "land reform", "progressive taxation", "increased access to education"], "probs": [[0.36835267038379144, 0.1993201017383066, 0.20110260838933597, 0.231224619388566], [0.24370964632846712, 0.1904722991254503, 0.20939877003129137, 0.3564192844147912], [0.16953566163466785, 0.1586496782546634, 0.2658709208141853, 0.40594373919648347], [0.17009821785921914, 0.30443957898611607, 0.23720200710907835, 0.2882601959455865]], "ideal": "A", "sampled": "A", "correct": true}}
{"type": "result", "data": {"idx": 14, "options": ["36%", "56%", "76%", "96%"], "probs": [[0.30259431307253165, 0.3078463467005904, 0.23235949073969786, 0.15719984938718004], [0.2775431747065174, 0.32762132607307126, 0.20819497665789571, 0.18664052246251567], [0.2782631640571669, 0.25182987382709415, 0.296823812849514, 0.173083149166225], [0.1352365044902774, 0.3801074879885348, 0.2780515302691586, 0.20660447715202923]], "ideal": "B", "sampled": "A", "correct": false}}
{"type": "result", "data": {"idx": 15, "options": ["6%", "13%", "27%", "46%"], "probs": [[0.05559645675455563, 0.20998248768707095, 0.4212765159971919, 0.3131445394611815], [0.08012012093010576, 0.47267849467890966, 0.31992967721862786, 0.12727170707235674], [0.263614020809574, 0.4087899205040457, 0.15163038217606636, 0.17596567641031385], [0.1202099120402865, 0.14855978717392193, 0.21974409132142436, 0.5114862093643672]], "ideal": "B", "sampled": "C", "correct": false}}
{"type": "result", "data": {"idx": 16, "options": ["34%", "49%", "64%", "79%"], "probs": [[0.2421350442802908, 0.29459976708029517, 0.2684039433269922, 0.19486124521242176], [0.2692992348804106, 0.30066370513019824, 0.23427275961868557, 0.19576430027070563], [0.3521598822694542, 0.2831873851256397, 0.19934880434443636, 0.16530392816046977], [0.3337362606866332, 0.2501438483302834, 0.23152373038826599, 0.18459616049481742]], "ideal": "A", "sampled": "C", "correct": false}}
{"type": "result", "data": {"idx": 17, "options": ["62%", "72%", "82%", "92%"], "probs": [[0.4602053120119133, 0.23154978216733313, 0.18616700273626507, 0.12207790298448852], [0.35395450978708537, 0.24346933854779781, 0.19419437022924266, 0.20838178133587415], [0.23664897325281653, 0.22077001300079263, 0.34761398509224084, 0.19496702855415002], [0.17081033927266853, 0.345397318188619, 0.3002621188420483, 0.18353022359666415]], "ideal": "C", "sampled": "A", "correct": false}}
{"type": "result", "data": {"idx": 18, "options": ["About $3k", "About $8k", "About $15k", "About $30k"], "probs": [[0.2446514924215175, 0.35628931323404495, 0.2127577459342099, 0.18630144831022766], [0.3022408232124525, 0.3322710742062515, 0.198416206197212, 0.16707189628408395], [0.29183023295374355, 0.31584556946440423, 0.21373204247804856, 0.17859215500380365], [0.2745975080423017, 0.32385902061169863, 0.2140794789910581, 0.18746399225494156]], "ideal": "C", "sampled": "B", "correct": false}}
{"type": "result", "data": {"idx": 19, "options": ["55,000", "550,000", "5,500,000", "55,000,000"], "probs": [[0.12854610956871018, 0.38135723980534786, 0.28117991747934795, 0.208916733046594], [0.3396596115386457, 0.2030514986029318, 0.2179747884644087, 0.23931410129401376], [0.08988618372632788, 0.11373991857046696, 0.46451751777407096, 0.3318563798291342], [0.08745390045582066, 0.23072963606896943, 0.4380711549369842, 0.24374530843822576]], "ideal": "B", "sampled": "B", "correct": true}}
{"type": "result", "data": {"idx": 20, "options": ["25%", "45%", "65%", "85%"], "probs": [[0.3176840543429264, 0.2941357195083214, 0.20544958112569528, 0.18273064492305688], [0.33453909057816916, 0.28204346120582074, 0.19393210400090585, 0.18948534411510423], [0.3198655688382704, 0.28488616425911567, 0.21684841288760295, 0.178399853915011], [0.30245022160067264, 0.3125299624768316, 0.20827366658311536, 0.17674614923938034]], "ideal": "A", "sampled": "A", "correct": true}}
{"type": "result", "data": {"idx": 21, "options": ["24%", "44%", "64%", "84%"], "probs": [[0.32487301003285995, 0.3266991473914065, 0.19656666207036655, 0.15186118040536697], [0.3331334292555508, 0.31221136447645403, 0.19996565578368386, 0.15468955038431131], [0.4002714693105572, 0.28541209865618544, 0.1625935708927405, 0.15172286104051685], [0.46982570418159636, 0.207791201072096, 0.17933914444104562, 0.143043950205262]], "ideal": "A", "sampled": "D", "correct": false}}
{"type": "result", "data": {"idx": 22, "options": ["25%", "40%", "55%", "75%"], "probs": [[0.3788807319548771, 0.25133930152163647, 0.20383678099482058, 0.16594318542866582], [0.347286392794499, 0.26311593461040245, 0.2116835501076626, 0.17791412238743592], [0.34039371187878004, 0.24997236577239235, 0.18026495930940425, 0.2293689629394234], [0.4480111434014996, 0.17459060770287452, 0.20946333434464012, 0.16793491445098574]], "ideal": "D", "sampled": "D", "correct": true}}
{"type": "result", "data": {"idx": 23, "options": ["8%", "16%", "32%", "64%"], "probs": [[0.2974620074492656, 0.2469425574609292, 0.2692146816814537, 0.18638075330835152], [0.31253064607030057, 0.1882957425017335, 0.2185018276503282, 0.28067178367763773], [0.27500657585454225, 0.1709572272751304, 0.2629079959780525, 0.2911282007922749], [0.1834080124733626, 0.18080424309365645, 0.3598857330882, 0.2759020112447809]], "ideal": "B", "sampled": "B", "correct": true}}
{"type": "result", "data": {"idx": 24, "options": ["males are more likely to have depression and are more likely to have an alcohol use disorder than females.", "females are more likely to have depression and are more likely to have an alcohol use disorder than males.", "males are more likely than females to have depression while females are more likely than males to have an alcohol use disorder.", "females are more likely than males to have depression while males are more likely than females to have an alcohol use disorder."], "probs": [[0.2926309152046904, 0.30705401755859574, 0.2181228580573061, 0.18219220907940772], [0.3342190732356335, 0.2907687170627326, 0.23418830681766115, 0.14082390278397275], [0.3115495284282835, 0.3793947269862608, 0.18084564121549263, 0.12821010326996307], [0.34765680712899777, 0.30487691190036614, 0.2099148159958504, 0.13755146487478564]], "ideal": "D", "sampled": "D", "correct": true}}
{"type": "result", "data": {"idx": 25, "options": ["37%", "47%", "57%", "67%"], "probs": [[0.2841721007437192, 0.3626422665565801, 0.1910642569431776, 0.1621213756565231], [0.31122614539016724, 0.3216785048366448, 0.20284340366882875, 0.16425194600435922], [0.3770241438965475, 0.32052156325949754, 0.1769767999472071, 0.1254774927967479], [0.4971737748324567, 0.22618291622309986, 0.16292954096541482, 0.11371376787902861]], "ideal": "D", "sampled": "D", "correct": true}}
{"type": "result", "data": {"idx": 26, "options": ["1%", "3%", "6%", "10%"], "probs": [[0.27197351238470957, 0.2879223439428672, 0.2525507136166652, 0.18755342995575802], [0.328620751385058, 0.27961237902303143, 0.2233143134677204, 0.16845255602419015], [0.4009074091104765, 0.25943385392363977, 0.18575925292783427, 0.15389948393804948], [0.3168790998083049, 0.21487103289668052, 0.2722903882968537, 0.19595947889816082]], "ideal": "D", "sampled": "C", "correct": false}}
{"type": "result", "data": {"idx": 27, "options": ["23%", "43%", "63%", "83%"], "probs": [[0.27926782186916005, 0.3093579457295221, 0.2177455010456478, 0.19362873125567004], [0.3824509197821506, 0.25294772541817945, 0.18515311731493014, 0.17944823738473978], [0.32801078769232606, 0.23094353879337143, 0.2402836757573505, 0.20076199765695205], [0.2755766387495506, 0.2867942621960129, 0.23418249630750623, 0.2034466026469303]], "ideal": "C", "sampled": "B", "correct": false}}
{"type": "result", "data": {"idx": 28, "options": ["10%", "30%", "50%", "70%"], "probs": [[0.20338166061068758, 0.32289991260667095, 0.28959978055441843, 0.18411864612822304], [0.26553433735197324, 0.31324439770957013, 0.2598419746520259, 0.16137929018643069], [0.20952960364268272, 0.3513624490580207, 0.20662499445100604, 0.23248295274829053], [0.15689746245204608, 0.1522126712741931, 0.4920684616700287, 0.19882140450373212]], "ideal": "D", "sampled": "B", "correct": false}}
{"type": "result", "data": {"idx": 29, "options": ["26%", "41%", "56%", "71%"], "probs": [[0.17103531229433624, 0.40751467972709615, 0.23040465548139433, 0.19104535239717324], [0.21650260807663374, 0.36579015592479713, 0.24754284674008192, 0.1701643891584872], [0.26831092446675925, 0.4463539157625161, 0.1415290788813771, 0.14380608078934756], [0.4338654318694271, 0.2360610373939823, 0.186816174559021, 0.1432573560775696]], "ideal": "C", "sampled": "D", "correct": false}}
{"type": "result", "data": {"idx": 30, "options": ["690 million", "6.9 billion", "69 billion", "690 billion"], "probs": [[0.2819521342844305, 0.3249782524684459, 0.21644670614084657, 0.176622907006277], [0.2545896584102579, 0.22848604148514243, 0.24135237518604752, 0.2755719248185522], [0.29504174870406846, 0.2111372563370704, 0.24114163936175412, 0.252679355497107], [0.22940470959648357, 0.26029283581434004, 0.30918426239928043, 0.20111819208989595]], "ideal": "C", "sampled": "B", "correct": false}}
{"type": "result", "data": {"idx": 31, "options": ["9%", "29%", "59%", "79%"], "probs": [[0.2645992557559281, 0.3025621383316109, 0.2549250049656513, 0.17791360084680974], [0.3030881032504754, 0.25357956069525805, 0.2346456681649534, 0.20868666778931313], [0.18516003421302907, 0.19887171082616636, 0.3604090970577095, 0.25555915780309507], [0.1622149646119981, 0.3359819054267595, 0.3132931589766968, 0.1885099708845456]], "ideal": "A", "sampled": "B", "correct": false}}
{"type": "result", "data": {"idx": 32, "options": ["31%", "51%", "71%", "91%"], "probs": [[0.2819794756187073, 0.31488600839335984, 0.24725631245370214, 0.15587820343423073], [0.21670947320948156, 0.36617722012383025, 0.22566359560427673, 0.19144971096241148], [0.20029386873821178, 0.32292271231441705, 0.26162425711934245, 0.21515916172802868], [0.11108245947775583, 0.33465564995613156, 0.37650881055349866, 0.1777530799126139]], "ideal": "B", "sampled": "B", "correct": true}}
{"type": "result", "data": {"idx": 33, "options": ["by 4 fold", "by 8 fold", "by 16 fold", "by 32 fold"], "probs": [[0.1825385039105713, 0.34431662125969065, 0.24214125445622964, 0.23100362027350843], [0.1857128815807499, 0.4002255021856742, 0.25625073832682405, 0.15781087780675182], [0.287154325431311, 0.4121912542226365, 0.15152353498384674, 0.14913088526220575], [0.4186029856562134, 0.22616445199863822, 0.18460375618887928, 0.17062880605626912]], "ideal": "C", "sampled": "D", "correct": false}}
{"type": "result", "data": {"idx": 34, "options": ["1", "7", "13", "19"], "probs": [[0.12507706879318686, 0.1547597646558497, 0.39238587017903837, 0.32777729627192503], [0.16074169691559503, 0.23817174914565917, 0.372048039040076, 0.2290385147986698], [0.17834936877863442, 0.33399961888428664, 0.2581554766406712, 0.22949553559640778], [0.1630685752009912, 0.1621363138672055, 0.35725396335644344, 0.3175411474753599]], "ideal": "D", "sampled": "D", "correct": true}}
{"type": "result", "data": {"idx": 35, "options": ["59%", "69%", "79%", "89%"], "probs": [[0.4477801224639321, 0.2437085767014359, 0.18688010512867845, 0.12163119560595353], [0.36885526772625227, 0.27020400759855945, 0.19310612974619995, 0.16783459482898833], [0.3909620460763632, 0.26904571855494236, 0.21285574770395524, 0.12713648756473925], [0.34843365257869796, 0.31031573946259244, 0.20351535356898334, 0.13773525428972627]], "ideal": "D", "sampled": "A", "correct": false}}
{"type": "result", "data": {"idx": 36, "options": ["Earthquakes", "Volcanic activity", "Wildfires", "Floods"], "probs": [[0.28132530205639383, 0.27506127131032276, 0.1594509434704193, 0.2841624830628641], [0.1354877481401415, 0.147701231409722, 0.16243758553970328, 0.5543734348104332], [0.1350784192867628, 0.19511606378738172, 0.258901842177901, 0.4109036746479544], [0.20013933179968924, 0.3227455663767406, 0.20065895019937083, 0.27645615152419933]], "ideal": "D", "sampled": "A", "correct": false}}
{"type": "result", "data": {"idx": 37, "options": ["15%", "35%", "55%", "75%"], "probs": [[0.360207812163325, 0.2637882350324758, 0.21210915796315719, 0.16389479474104202], [0.2883616940632931, 0.23378672845131687, 0.22677759485990592, 0.2510739825254841], [0.21561043604871533, 0.2465270383864591, 0.2709834358118226, 0.266879089653003], [0.170535572029088, 0.2603504773870744, 0.34794600369785705, 0.22116794678598056]], "ideal": "B", "sampled": "B", "correct": true}}
{"type": "result", "data": {"idx": 38, "options": ["by 4 fold", "by 8 fold", "by 16 fold", "by 32 fold"], "probs": [[0.19410985706295594, 0.3688667416203704, 0.2236547022834283, 0.21336869893324534], [0.19491800992220473, 0.4231897637903834, 0.23914799156491665, 0.1427442346224952], [0.30175548788867823, 0.43638265128540227, 0.13197292386165774, 0.12988893686426178], [0.4717924102289525, 0.22485423720644962, 0.15823799209702222, 0.14511536036757566]], "ideal": "D", "sampled": "D", "correct": true}}
{"type": "result", "data": {"idx": 39, "options": ["36%", "51%", "66%", "81%"], "probs": [[0.2518814912274807, 0.3315101912651109, 0.2445209886991099, 0.17208732870829846], [0.22087398169216127, 0.25852569935120734, 0.2429550289864772, 0.2776452898701542], [0.2364628401344431, 0.3339228331181717, 0.270541584118231, 0.1590727425291542], [0.23915251245066746, 0.3768247106435811, 0.22685359954236758, 0.15716917726338386]], "ideal": "C", "sampled": "A", "correct": false}}
{"type": "result", "data": {"idx": 40, "options": ["81%", "86%", "91%", "96%"], "probs": [[0.2953719110380705, 0.3273557028635107, 0.2033030180935505, 0.17396936790486836], [0.2498423121643219, 0.40612369166539397, 0.20580729533451134, 0.13822670073577278], [0.23839109778417775, 0.33671301098208645, 0.2388513052395849, 0.18604458589415088], [0.1758250042128569, 0.3699314671425754, 0.22973337888009504, 0.22451014966447264]], "ideal": "B", "sampled": "C", "correct": false}}
{"type": "result", "data": {"idx": 41, "options": ["26%", "46%", "66%", "86%"], "probs": [[0.23042441215522325, 0.34626974620128764, 0.24367784725143032, 0.17962799429205878], [0.2519509716988689, 0.3213367664094271, 0.24644980587730544, 0.18026245591439854], [0.2068613854779155, 0.34679727709409786, 0.21706842727074657, 0.22927291005724007], [0.12588991963260604, 0.33467582850233785, 0.33482883361634114, 0.20460541814871494]], "ideal": "A", "sampled": "B", "correct": false}}
{"type": "result", "data": {"idx": 42, "options": ["Brazil", "China", "Mexico", "Iran"], "probs": [[0.25343571957933997, 0.2561231140779234, 0.23475239119183167, 0.255688775050905], [0.26410920999444176, 0.2566567812100758, 0.2583841239184515, 0.22084988477703096], [0.3364847552801023, 0.2527375409303846, 0.1846495110095798, 0.22612819267993334], [0.3404071032660539, 0.23100043830945763, 0.22191151974366272, 0.20668093858082573]], "ideal": "C", "sampled": "D", "correct": false}}
{"type": "result", "data": {"idx": 43, "options": ["1.2 million", "2.4 million", "3.6 million", "4.8 million"], "probs": [[0.3130765118996716, 0.2874903550088349, 0.23296682982945585, 0.16646630316203764], [0.3227986443136987, 0.29876113380128416, 0.22215730280677126, 0.1562829189782459], [0.47280573487913885, 0.26331940094490636, 0.14326248954843487, 0.1206123745275199], [0.5446255640252523, 0.18249830057887245, 0.1295334360012985, 0.14334269929457671]], "ideal": "A", "sampled": "D", "correct": false}}
{"type": "result", "data": {"idx": 44, "options": ["Diarrheal diseases", "Diabetes", "Dementia", "Road injuries"], "probs": [[0.5475348217757701, 0.14175163113939, 0.12134023888608676, 0.1893733080987532], [0.18166713414759714, 0.1350813656910283, 0.32689613100597614, 0.3563553690553984], [0.13308852014500527, 0.4170019812614842, 0.22671372709601717, 0.22319577139749336], [0.4674114952128343, 0.2904066188403626, 0.10604100086285728, 0.13614088498394578]], "ideal": "C", "sampled": "A", "correct": false}}
{"type": "result", "data": {"idx": 45, "options": ["3 million", "14 million", "42 million", "124 million"], "probs": [[0.14075644942111892, 0.24542811117525837, 0.3832403294317291, 0.2305751098718936], [0.18637316760225256, 0.4620954004404713, 0.19561489798921264, 0.15591653386806345], [0.38345398229045613, 0.2702214242346711, 0.17048198745104487, 0.17584260592382786], [0.1407434174166928, 0.14424399815183872, 0.24164391691587028, 0.4733686674155982]], "ideal": "C", "sampled": "C", "correct": true}}
{"type": "result", "data": {"idx": 46, "options": ["26%", "46%", "66%", "86%"], "probs": [[0.375018382407202, 0.3015942528304723, 0.1830197694264651, 0.14036759523586056], [0.2853341825915531, 0.2790053313246909, 0.20586344027830356, 0.22979704570545248], [0.15750555774434882, 0.23852787267017408, 0.3113403935710828, 0.2926261759143943], [0.12121130998983383, 0.35950233725210895, 0.31745066526075644, 0.2018356873973008]], "ideal": "A", "sampled": "A", "correct": true}}
{"type": "result", "data": {"idx": 47, "options": ["25%", "45%", "65%", "85%"], "probs": [[0.18672874469147038, 0.34115427290621275, 0.2699437640295514, 0.20217321827276544], [0.23166953370146193, 0.3096409187847816, 0.22483364080376636, 0.2338559066099901], [0.2984283521707196, 0.3106440855156067, 0.2309464777634094, 0.1599810844502643], [0.25830952100285226, 0.35625056490466556, 0.21445467214986924, 0.17098524184261293]], "ideal": "B", "sampled": "C", "correct": false}}
{"type": "result", "data": {"idx": 48, "options": ["6%", "16%", "36%", "66%"], "probs": [[0.2200938081549196, 0.33330870664686885, 0.27220145676398577, 0.1743960283342258], [0.2746238492042531, 0.3090861531510661, 0.24276068037587734, 0.1735293171688035], [0.2654471257330048, 0.22902598849783817, 0.23101252201944275, 0.27451436364971427], [0.17756144171484592, 0.16825828943184404, 0.3001943736910326, 0.35398589506227746]], "ideal": "C", "sampled": "C", "correct": true}}
{"type": "result", "data": {"idx": 49, "options": ["43%", "58%", "73%", "88%"], "probs": [[0.25088346001977246, 0.31745573875113714, 0.24345295128771982, 0.18820784984137057], [0.27229554675607825, 0.3089007276986418, 0.2207857170831484, 0.19801800836213154], [0.28423629902359426, 0.29820315824168064, 0.24347732919864906, 0.17408321343607605], [0.21679745612360682, 0.3496028482564368, 0.2311284243829388, 0.20247127113701757]], "ideal": "B", "sampled": "A", "correct": false}}
{"type": "result", "data": {"idx": 50, "options": ["0.50%", "2%", "6%", "12%"], "probs": [[0.23682924396920468, 0.3120948578971006, 0.24154531233442414, 0.20953058569927055], [0.3399680605186011, 0.2938555224520488, 0.20389396254011471, 0.1622824543892353], [0.35976953919074306, 0.2723249318472632, 0.1747444349983426, 0.19316109386365116], [0.24837267026246382, 0.22319958769235826, 0.285003747240955, 0.2434239947042229]], "ideal": "B", "sampled": "C", "correct": false}}
{"type": "result", "data": {"idx": 51, "options": ["strongly supported by most studies", "supported mainly by cross-section, not time-series studies", "supported mainly by time-series, not cross-section studies", "generally repudiated by empirical studies"], "probs": [[0.26268386838193475, 0.2942295670215109, 0.21416425702814412, 0.22892230746841025], [0.4056857763467984, 0.207739946110039, 0.17564418648447222, 0.21093009095869036], [0.38064020301111584, 0.2011672675234485, 0.218694296178789, 0.19949823318664664], [0.37123786631912187, 0.22590398642569676, 0.19726089816868003, 0.20559724898650134]], "ideal": "B", "sampled": "B", "correct": true}}
{"type": "result", "data": {"idx": 52, "options": ["12 years", "9 years", "6 years", "3 years"], "probs": [[0.2592291293606764, 0.44198242813360017, 0.20897278654659968, 0.08981565585912378], [0.2938519010454154, 0.3871954832883606, 0.20265869039287052, 0.11629392517335344], [0.24372326160938604, 0.28776302094584644, 0.2882471597090573, 0.18026655763571023], [0.11697647283634248, 0.35275544398641717, 0.38195715908026445, 0.1483109239969759]], "ideal": "B", "sampled": "B", "correct": true}}
{"type": "result", "data": {"idx": 53, "options": ["0.90%", "1.80%", "3.60%", "7.20%"], "probs": [[0.3022193953423386, 0.2358961438285272, 0.24365617695482117, 0.218228283774313], [0.3256528030658033, 0.23892648159668012, 0.2212030556397509, 0.21421765959776565], [0.3258331168241275, 0.2263343367698108, 0.22836603562285746, 0.21946651068320416], [0.3229046607993097, 0.2601943430131211, 0.2125954722815709, 0.20430552380599826]], "ideal": "D", "sampled": "C", "correct": false}}
{"type": "result", "data": {"idx": 54, "options": ["14%", "24%", "34%", "44%"], "probs": [[0.24581973618522387, 0.3609543198128342, 0.21730591678392294, 0.175920027118019], [0.27409125718169774, 0.3363311089935673, 0.20088540308341785, 0.18869223064131715], [0.30211234368828677, 0.33752348978212443, 0.18793675111410427, 0.1724274153154845], [0.3076500754801209, 0.31048815051394546, 0.2169198147622471, 0.16494195914368653]], "ideal": "A", "sampled": "B", "correct": false}}
{"type": "result", "data": {"idx": 55, "options": ["60%", "75%", "90%", "45%"], "probs": [[0.2015068114949551, 0.19093129253844077, 0.18368536384224135, 0.42387653202436276], [0.1848921681723527, 0.17656064557934423, 0.3951719818665387, 0.2433752042817644], [0.1422216466258051, 0.36931562970336074, 0.2661429981046459, 0.22231972546618822], [0.29693581766092275, 0.3114323224879111, 0.22618683496279143, 0.16544502478837472]], "ideal": "B", "sampled": "D", "correct": false}}
{"type": "result", "data": {"idx": 56, "options": ["50%", "60%", "70%", "80%"], "probs": [[0.19379720713656884, 0.3513017735442092, 0.2531151658140998, 0.20178585340512212], [0.28523655022888794, 0.33381930980805363, 0.1993913531466796, 0.1815527867163788], [0.35829717985078496, 0.3091992231655634, 0.1694885989701715, 0.16301499791348012], [0.3075684262866902, 0.2532550952590307, 0.2307312602955152, 0.2084452180587639]], "ideal": "D", "sampled": "C", "correct": false}}
{"type": "result", "data": {"idx": 57, "options": ["2%", "25%", "50%", "75%"], "probs": [[0.14982788263253155, 0.32338929173096675, 0.3364498316905219, 0.19033299384597982], [0.22255438395939087, 0.3379603074182637, 0.27588985292165386, 0.1635954556006916], [0.23254757874759296, 0.30428317899319673, 0.2042933550054168, 0.25887588715379356], [0.21140111980708406, 0.17435520885631325, 0.4324599802061589, 0.18178369103044376]], "ideal": "D", "sampled": "B", "correct": false}}
{"type": "result", "data": {"idx": 58, "options": ["no nation has been able to grow in the past years.", "the Democratic Republic of Congo has become poorer than it initially was in 1980.", "some countries have had relatively significant growth rates.", "some countries have had relatively significant growth rates, but the Democratic Republic of Congo has become poorer than it initially was in 1980."], "probs": [[0.06676737789376111, 0.04520038769537191, 0.6372705531194789, 0.25076168119138814], [0.10952498854942673, 0.40173543081227353, 0.3872875041999063, 0.10145207633839341], [0.4739606168111779, 0.20401627401384784, 0.1417608793641034, 0.18026222971087086], [0.3726319053867286, 0.0972541643026197, 0.1896489552702317, 0.34046497494042]], "ideal": "C", "sampled": "C", "correct": true}}
{"type": "result", "data": {"idx": 59, "options": ["15.50%", "34.80%", "48.10%", "65.20%"], "probs": [[0.14842506356989862, 0.25514842536589544, 0.32277045707035207, 0.2736560538938539], [0.2690849859879794, 0.23251166590940914, 0.33617075773437677, 0.1622325902682347], [0.24615365654061916, 0.3427018071650676, 0.19684349608642634, 0.21430104010788695], [0.22905680534933248, 0.1719656586475068, 0.2750691175185746, 0.32390841838458606]], "ideal": "B", "sampled": "D", "correct": false}}
{"type": "result", "data": {"idx": 60, "options": ["5 million", "30 million", "150 million", "500 million"], "probs": [[0.13692335925203558, 0.3117222561193424, 0.38198258062149887, 0.16937180390712314], [0.1985988855580904, 0.4384167957339323, 0.23453421189423865, 0.12845010671373863], [0.40349278451181936, 0.26104787378454225, 0.18084475665734898, 0.1546145849462894], [0.2110605420119187, 0.14195740433044352, 0.2869634670769824, 0.36001858648065543]], "ideal": "C", "sampled": "C", "correct": true}}
{"type": "result", "data": {"idx": 61, "options": ["Colombia, Peru, Uruguay, and Costa Rica.", "Bhutan, Niger, Cambodia, and Costa Rica.", "Uruguay, Costa Rica, Timor-Leste, and Pakistan.", "Bhutan, Cambodia, Uruguay and Costa Rica."], "probs": [[0.21756403015136422, 0.2112354776621615, 0.178721548694266, 0.39247894339220823], [0.23554882841963729, 0.18625750303234961, 0.2601172807500145, 0.3180763876979986], [0.26721965467583253, 0.2212156140220794, 0.23715955799951155, 0.2744051732025765], [0.3144380952270873, 0.22815010759485804, 0.21744497960285533, 0.23996681747519932]], "ideal": "A", "sampled": "D", "correct": false}}
{"type": "result", "data": {"idx": 62, "options": ["10%", "20%", "40%", "80%"], "probs": [[0.2349538092818418, 0.32666907197947553, 0.24478419487389141, 0.19359292376479123], [0.2368552308100604, 0.33719206857861994, 0.22295852667720323, 0.20299417383411641], [0.2713144638471352, 0.30788286599767356, 0.19888176919373554, 0.2219209008614557], [0.14334466838379745, 0.261973675135795, 0.3998917877290336, 0.19478986865137396]], "ideal": "B", "sampled": "B", "correct": true}}
{"type": "result", "data": {"idx": 63, "options": ["38%", "58%", "78%", "98%"], "probs": [[0.35638417196953043, 0.28704615141354817, 0.21008673859134191, 0.14648293792557948], [0.2773943245133525, 0.2653366028997206, 0.20999094841764532, 0.2472781240692816], [0.1767726540388718, 0.20076270399470186, 0.43242701883760143, 0.1900376230288249], [0.14319171650132845, 0.4221751580192492, 0.2642410217367079, 0.17039210364271445]], "ideal": "C", "sampled": "A", "correct": false}}
{"type": "result", "data": {"idx": 64, "options": ["True, True", "True, False", "False, True", "False, False"], "probs": [[0.35743590120568103, 0.28780918452814486, 0.21569552372636563, 0.13905939043980847], [0.41108300052695373, 0.2765763319282422, 0.17864725949625074, 0.1336934079485533], [0.3621652370006489, 0.21495087122330991, 0.28522899319018225, 0.13765489848585896], [0.2736195027554597, 0.28964641687357745, 0.2877008616636585, 0.1490332186073043]], "ideal": "B", "sampled": "B", "correct": true}}
{"type": "result", "data": {"idx": 65, "options": ["260", "2,600", "26,000", "260,000"], "probs": [[0.15129695605766336, 0.2575399240960442, 0.30827804937441844, 0.282885070371874], [0.24048602220267212, 0.3091048551920172, 0.2836839812161363, 0.16672514128917434], [0.21454198336628452, 0.3540596610838813, 0.22329051457659913, 0.20810784087323503], [0.05908197688905247, 0.17651053603796837, 0.28434552680295666, 0.4800619601700225]], "ideal": "C", "sampled": "C", "correct": true}}
{"type": "result", "data": {"idx": 66, "options": ["90%", "70%", "50%", "30%"], "probs": [[0.28811645100660904, 0.34091508452896274, 0.2086042650077592, 0.16236419935666901], [0.33373516794682057, 0.3076099455048988, 0.20511002836560502, 0.1535448580826756], [0.25911431066272195, 0.2706212264399051, 0.2734555764792439, 0.19680888631812904], [0.22519410137692755, 0.30677263554369477, 0.2450090536971183, 0.22302420928225938]], "ideal": "A", "sampled": "B", "correct": false}}
{"type": "result", "data": {"idx": 67, "options": ["Japan", "Canada", "Russia", "Iran"], "probs": [[0.3004426061806644, 0.35986372824884943, 0.19424538312400044, 0.14544828234648574], [0.4345507491824371, 0.22725660419407037, 0.17440907135622827, 0.1637835751672643], [0.2939302368753806, 0.23440796483807086, 0.2238470200053574, 0.2478147781811911], [0.24057094750382835, 0.2622855901455854, 0.2974730133712842, 0.19967044887930205]], "ideal": "B", "sampled": "B", "correct": true}}
{"type": "result", "data": {"idx": 68, "options": ["59%", "69%", "79%", "89%"], "probs": [[0.48151276945761085, 0.24251519863907853, 0.16408795605711246, 0.11188407574619814], [0.393489801941358, 0.2817410486395392, 0.17630207274131154, 0.14846707657779123], [0.41151412618389155, 0.27247813885364824, 0.1872903537005334, 0.12871738116192677], [0.3045654639977449, 0.3540568404150129, 0.20169483423741583, 0.13968286124982635]], "ideal": "C", "sampled": "A", "correct": false}}
{"type": "result", "data": {"idx": 69, "options": ["9%", "19%", "39%", "59%"], "probs": [[0.27956092771418134, 0.3147398876045302, 0.23583759716533, 0.16986158741595841], [0.31794856554300466, 0.29217840912199017, 0.22589619935744162, 0.16397682587756354], [0.2917453689841553, 0.25984788325584046, 0.22065545945129791, 0.2277512882087063], [0.2582917328647052, 0.22648033019782762, 0.2776702170244938, 0.23755771981297338]], "ideal": "B", "sampled": "B", "correct": true}}
{"type": "result", "data": {"idx": 70, "options": ["18%", "38%", "58%", "78%"], "probs": [[0.24077044424987162, 0.35375115271845486, 0.25092643496865125, 0.15455196796302229], [0.29492810365588623, 0.29779517647626297, 0.2375318705798082, 0.1697448491880426], [0.2535616830799243, 0.3112455698907734, 0.23876174503447395, 0.19643100189482834], [0.22850532274595783, 0.2718648369161267, 0.3333572744968419, 0.16627256574107363]], "ideal": "B", "sampled": "B", "correct": true}}
{"type": "result", "data": {"idx": 71, "options": ["24%", "39%", "54%", "69%"], "probs": [[0.1794044577718519, 0.32531950844013446, 0.31546158535489655, 0.1798144483331171], [0.21931284519976363, 0.32458454929141706, 0.30266202218322097, 0.15344058322559836], [0.27218731829503273, 0.4124774870984915, 0.18444968483317634, 0.13088550967329937], [0.42230548358086356, 0.21929481113572077, 0.21438380541969404, 0.1440158997637216]], "ideal": "A", "sampled": "D", "correct": false}}
{"type": "result", "data": {"idx": 72, "options": ["1.5 children per woman", "2.5 children per woman", "3.5 children per woman", "4.5 children per woman"], "probs": [[0.7470013164577336, 0.11031110090503711, 0.06807161562634009, 0.07461596691088915], [0.44979514996985087, 0.18935660733837845, 0.11957768916517256, 0.24127055342659812], [0.1729952621135836, 0.12482663055721215, 0.5191030137810916, 0.18307509344811268], [0.12951364243506577, 0.6604224595973925, 0.09732991548422293, 0.11273398238331876]], "ideal": "B", "sampled": "A", "correct": false}}
{"type": "result", "data": {"idx": 73, "options": ["$300 ", "$1,000 ", "$10,000 ", "$30,000 "], "probs": [[0.14004914669855376, 0.29434541303470874, 0.30158022492462927, 0.26402521524210826], [0.15654868585758622, 0.3091402191720315, 0.32173444275623864, 0.21257665211414364], [0.18620746771000993, 0.27751388316020176, 0.2691974261373072, 0.2670812228924811], [0.2033764899076768, 0.22877168994004174, 0.28948390912326, 0.27836791092902147]], "ideal": "C", "sampled": "C", "correct": true}}
{"type": "result", "data": {"idx": 74, "options": ["20%", "40%", "60%", "80%"], "probs": [[0.26710592901700175, 0.293934813293186, 0.23998821554203384, 0.19897104204777843], [0.27557528016195665, 0.2553405761463409, 0.22715851662271566, 0.24192562696898676], [0.2875317506223531, 0.2814484108076226, 0.23894938758304698, 0.19207045088697733], [0.30049138362706707, 0.27850504876853355, 0.23096358085457783, 0.19003998664982155]], "ideal": "C", "sampled": "A", "correct": false}}
{"type": "result", "data": {"idx": 75, "options": ["41%", "56%", "71%", "86%"], "probs": [[0.19860251245896818, 0.3744602501017904, 0.25941759345321475, 0.16751964388602666], [0.27498649728568797, 0.3853153769192612, 0.1777835882192811, 0.16191453747576975], [0.4088820340487377, 0.31881127708379997, 0.13931449171444862, 0.1329921970530137], [0.3918956038528866, 0.23426026801688138, 0.1854326333049066, 0.18841149472532542]], "ideal": "B", "sampled": "C", "correct": false}}
{"type": "result", "data": {"idx": 76, "options": ["1%", "2%", "4%", "8%"], "probs": [[0.25664486410471804, 0.2800036281069974, 0.24348588609390592, 0.21986562159437856], [0.32689263926317724, 0.25492190932284803, 0.20342792265425466, 0.2147575286597201], [0.31928546184939494, 0.24510935676952916, 0.23230486308113865, 0.2033003181999372], [0.2826179605829916, 0.24583232766661905, 0.2422906643251282, 0.22925904732526117]], "ideal": "C", "sampled": "B", "correct": false}}
{"type": "result", "data": {"idx": 77, "options": ["US", "Chile", "Ireland", "Spain"], "probs": [[0.43099482789772936, 0.2103574369797204, 0.18290335755769355, 0.1757443774648567], [0.2291592244449461, 0.17310089129118966, 0.17873010303870834, 0.4190097811251559], [0.2176222749264, 0.19375760227400843, 0.41073550625816163, 0.17788461644142994], [0.20983854246780784, 0.4813320409968775, 0.15626183383484452, 0.15256758260047018]], "ideal": "A", "sampled": "A", "correct": true}}
{"type": "result", "data": {"idx": 78, "options": ["was approximately zero", "exceeded that of high income countries", "exceeded that of Britain during the industrial revolution", "was approximately 3.0% per year"], "probs": [[0.2888034028837871, 0.15164846406326843, 0.171976166528792, 0.3875719664241525], [0.4385497671575493, 0.15091102639219425, 0.24744630241394802, 0.1630929039363085], [0.22393314359831054, 0.4998261257635816, 0.1441237073900441, 0.13211702314806376], [0.5519353582326368, 0.16004850981874635, 0.14359202551621675, 0.14442410633240005]], "ideal": "C", "sampled": "D", "correct": false}}
