{"type": "result", "data": {"idx": 0, "options": ["Freedom of speech is protected except in certain situations, such as yelling \"fire\" in a crowded theater.", "Once a church has been recognized by the federal government, its tax-exempt status can never be revoked.", "Once Congress has created an administrative agency, that agency can be dissolved only by a constitutional amendment.", "State-sponsored prayer during school hours is prohibited, but voluntary prayer by student groups before school is allowed."], "probs": [[0.03515817564413246, 0.022392859471651715, 0.06582009730369938, 0.8766288674805165], [0.04598426989692568, 0.07704059320814122, 0.7292673262696606, 0.14770781052527243], [0.0909210985249192, 0.5588455600621824, 0.1731403224767001, 0.1770930188361983], [0.653719265804462, 0.12274412430322955, 0.10529908105569351, 0.11823752873661486]], "ideal": "D", "sampled": "D", "correct": true}}
{"type": "result", "data": {"idx": 1, "options": ["Registered voters between the ages of 35 and 45 are more likely to vote than are those under the age of 21.", "A registered voter who has attained his or her General Educational Development (GED) is less likely to vote than a high school dropout.", "Registered voters are more likely to vote in general elections than they are in primary elections.", "More women than men have voted in every presidential election since 1980."], "probs": [[0.26409364531062524, 0.2711183211269557, 0.20817891381622497, 0.25660911964619404], [0.3468253755151684, 0.20758456551809948, 0.20475364304132748, 0.24083641582540463], [0.25860290663360175, 0.1956650909336264, 0.23276897016588993, 0.31296303216688187], [0.18171204895515145, 0.15333104360553707, 0.39570558656826693, 0.2692513207710446]], "ideal": "B", "sampled": "B", "correct": true}}
{"type": "result", "data": {"idx": 2, "options": ["The geographical area in which the child grows up", "The child's family", "The media to which the child is exposed", "The child's religion"], "probs": [[0.11747824049376154, 0.6508356734210398, 0.11857855710457442, 0.11310752888062434], [0.7772952416323887, 0.07872673082101432, 0.05465844016647092, 0.08931958728012607], [0.22703150758229473, 0.1273276853183617, 0.1082430447620333, 0.5373977622373103], [0.04492040455366561, 0.07069290007284265, 0.7805664669349169, 0.10382022833857478]], "ideal": "B", "sampled": "B", "correct": true}}
{"type": "result", "data": {"idx": 3, "options": ["Coining money", "Authorizing constitutional amendments", "Having representation in Congress", "Appealing to the president to adjudicate disputes"], "probs": [[0.6678621371275534, 0.07095213445168908, 0.18907936478987097, 0.0721063635308866], [0.20888967809972414, 0.27072420713578466, 0.2111589163330635, 0.30922719833142776], [0.09568800348481295, 0.08123201512931012, 0.5746643881820191, 0.2484155931038578], [0.07490410487564161, 0.5813495386253941, 0.15529414662743538, 0.1884522097715289]], "ideal": "A", "sampled": "A", "correct": true}}
{"type": "result", "data": {"idx": 4, "options": ["contribute money to candidates for election", "coordinate local get-out-the-vote campaigns", "promote the defeat of incumbents in the federal and state legislatures", "organize protest demonstrations and other acts of civil disobedience"], "probs": [[0.9182491609439007, 0.021965336788812292, 0.02573723059499337, 0.03404827157229359], [0.024735829365935415, 0.033061575818625004, 0.03111929509908248, 0.911083299616357], [0.03511127228022175, 0.04479294080853442, 0.8642376418538945, 0.055858144957349316], [0.0587291281494453, 0.8599650525969601, 0.040512818187627066, 0.040793000965967566]], "ideal": "A", "sampled": "A", "correct": true}}
{"type": "result", "data": {"idx": 5, "options": ["Impeachment, conviction, and removal from office by Congress", "Removal from office by the appointing president", "Removal from office by the president-elect", "Recall elections by citizens residing in the district over which the judge has jurisdiction"], "probs": [[0.48753640199358733, 0.20176390386424592, 0.12960155252095817, 0.18109814152120857], [0.030466692565810253, 0.04365653656543612, 0.06021085022021131, 0.8656659205485423], [0.022754935967010503, 0.05167585656092791, 0.8303249547712017, 0.09524425260085989], [0.07026197812943859, 0.733842199474519, 0.10827405830339215, 0.08762176399265025]], "ideal": "A", "sampled": "A", "correct": true}}
{"type": "result", "data": {"idx": 6, "options": ["vice president", "president's chief of staff", "national security advisor", "chair of the Federal Reserve Board"], "probs": [[0.1990151137501594, 0.4861696966299204, 0.1618425898483922, 0.15297259967152804], [0.8045533535024624, 0.057386470250121877, 0.05041678769009256, 0.08764338845732315], [0.07389057647116902, 0.052856975873697316, 0.20144233705897358, 0.6718101104961601], [0.035901467307381356, 0.07035311872377858, 0.7192537596297128, 0.17449165423912721]], "ideal": "B", "sampled": "B", "correct": true}}
{"type": "result", "data": {"idx": 7, "options": ["The amount of coverage the issue receives in the major news media", "The degree to which public opinion on the issue is likely to shift quickly", "The number of people affected by the issue", "The importance of the issue to a particular individual or group"], "probs": [[0.13944781691909924, 0.13005448295122043, 0.501440323774724, 0.2290573762549563], [0.1648464029140373, 0.2743379730555561, 0.3218606960174342, 0.23895492791297246], [0.1659335940910345, 0.4850819408408503, 0.17041143773282152, 0.17857302723529364], [0.7534837406672956, 0.07169759539906433, 0.057299116892565255, 0.11751954694107483]], "ideal": "D", "sampled": "D", "correct": true}}
{"type": "result", "data": {"idx": 8, "options": ["which special interest groups have endorsed which candidates", "the relative strength of each candidate's support, as indicated by public opinion polls", "candidates' positions on international issues", "candidates' positions on domestic issues"], "probs": [[0.12372558101796716, 0.317120808438507, 0.10317869099022227, 0.4559749194533036], [0.19770675895621198, 0.1339555233583009, 0.5098972320046743, 0.15844048558081275], [0.17193223790494233, 0.46622303818306726, 0.13270597356282768, 0.2291387502491627], [0.2349961995843495, 0.1791574507772579, 0.38208541270249885, 0.20376093683589375]], "ideal": "B", "sampled": "D", "correct": false}}
{"type": "result", "data": {"idx": 9, "options": ["One man, one vote", "Separate but equal", "Judicial review", "Right to privacy"], "probs": [[0.019591482244755595, 0.02989696321767574, 0.9179253525975034, 0.0325862018400653], [0.040120158714143296, 0.9015946471310579, 0.025754487379248726, 0.03253070667555007], [0.9458357432456971, 0.02011276048588848, 0.01441017680422539, 0.01964131936418906], [0.012395911767983452, 0.014507755541138307, 0.0241036692901386, 0.9489926633007396]], "ideal": "C", "sampled": "C", "correct": true}}
{"type": "result", "data": {"idx": 10, "options": ["A congressperson who retires to take a position teaching political science at a university", "A former president who advises a current president on a particular foreign policy issue", "A voter who researches the positions of all candidates in a race before choosing whom to support", "An official who leaves the State Department to work as a paid consultant to foreign governments"], "probs": [[0.1655817962774857, 0.11663524320975154, 0.11494413273997339, 0.6028388276727894], [0.08049184143104775, 0.07509682382709452, 0.7093701414752687, 0.135041193166589], [0.18880183570877043, 0.4537895219962357, 0.0820642467789785, 0.2753443954160154], [0.4924028515323332, 0.13676477967325132, 0.21571975944269195, 0.15511260925172354]], "ideal": "D", "sampled": "D", "correct": true}}
{"type": "result", "data": {"idx": 11, "options": ["Constitutional amendments", "Presidential executive orders", "Laws passed by Congress", "Laws passed by state legislatures"], "probs": [[0.1529157126479203, 0.18596289945492925, 0.37938356242137866, 0.28173782537577174], [0.17482894917809505, 0.4297197822754976, 0.17929247287048788, 0.21615879557591944], [0.32502010461418074, 0.27378684279564985, 0.20384304223406363, 0.19735001025610577], [0.36835008855950896, 0.2200193106908124, 0.17715160546915465, 0.23447899518052395]], "ideal": "A", "sampled": "C", "correct": false}}
{"type": "result", "data": {"idx": 12, "options": ["It provides a structured environment in which factions may flourish.", "It limits the dangers of factionalism by diluting political power.", "It allows factions to dominate on the national level while limiting their influence on state governments.", "It eliminates any opportunity for factions to form."], "probs": [[0.06817887976750223, 0.7536970060942253, 0.09570566175314613, 0.0824184522851263], [0.6297594984188156, 0.10524337620221308, 0.08421349579484204, 0.18078362948412924], [0.08105905443802942, 0.058480937681618994, 0.24315281481642784, 0.6173071929639238], [0.08895900033300379, 0.26013436717073746, 0.5362688858548808, 0.11463774654137798]], "ideal": "B", "sampled": "B", "correct": true}}
{"type": "result", "data": {"idx": 13, "options": ["Non-whites are more likely to vote Democratic than are whites.", "Women are more likely to vote Democratic than are men.", "Low-income Americans are more likely to vote Democratic than are upper-income Americans.", "Evangelical Christians are more likely to vote Democratic than are non-religious Americans."], "probs": [[0.22479916771787747, 0.22682952540588747, 0.2635611554186063, 0.2848101513576287], [0.19966887233151373, 0.25666854165414077, 0.2433095908414836, 0.3003529950728619], [0.23940752444257382, 0.2716104984011837, 0.22546823320518297, 0.2635137438510595], [0.27548871262563246, 0.22510043455198772, 0.21679172563744464, 0.28261912708493514]], "ideal": "D", "sampled": "D", "correct": true}}
{"type": "result", "data": {"idx": 14, "options": ["certiorari", "de jure", "ex post facto", "stare decisis"], "probs": [[0.01988799529583006, 0.02739602255615316, 0.04599566145106154, 0.9067203205969552], [0.023910404443853076, 0.034239205503042255, 0.916321192320413, 0.025529197632691725], [0.04992676953589725, 0.9104923789087082, 0.020716620519482212, 0.018864230935912312], [0.964353611599892, 0.014061889411840516, 0.010335060374488739, 0.011249438513778763]], "ideal": "D", "sampled": "D", "correct": true}}
{"type": "result", "data": {"idx": 15, "options": ["Blue-collar workers who belong to a union", "Professionals", "Voters who are active in their political parties", "Voters aged 18-29"], "probs": [[0.1420506132118097, 0.11688590396921933, 0.13590215550202558, 0.6051613272169454], [0.05576905940028992, 0.08116259908833688, 0.7610328054282668, 0.10203553598310641], [0.18692144652236736, 0.5289771354397501, 0.14261988866541292, 0.14148152927246957], [0.4767129519553508, 0.1333969394166203, 0.20713067872368124, 0.18275942980434765]], "ideal": "D", "sampled": "D", "correct": true}}
{"type": "result", "data": {"idx": 16, "options": ["whether representation in Congress should be equal among states or proportional to population", "the strength of the federal government relative to the states", "the future of the slave trade", "whether people had inalienable rights"], "probs": [[0.11096556068258684, 0.7675143626882531, 0.062012659798057805, 0.059507416731102186], [0.8234559480794936, 0.04826323422895316, 0.044126306711037955, 0.0841545108805152], [0.028767681430217913, 0.04782311794408396, 0.7068126507330219, 0.21659654979267617], [0.06059653074276655, 0.08419808187681554, 0.7934272465827505, 0.06177814069766738]], "ideal": "B", "sampled": "B", "correct": true}}
{"type": "result", "data": {"idx": 17, "options": ["United States domestic policy grew more conservative in the 1990s", "the influence of political action committees has weakened in recent years", "the power of interest groups depends on the degree of support for their positions in the White House", "majority opinion on an issue can sometimes be overridden by the intensity of a minority's commitment to activism"], "probs": [[0.10835848927524844, 0.04672805720773657, 0.1322163423352765, 0.7126971110817385], [0.030780154979279047, 0.033365253107152326, 0.8523960645210986, 0.08345852729246997], [0.07910956050154248, 0.7203187071699223, 0.09287298884981433, 0.10769874337872082], [0.8132356535487829, 0.057576776967559314, 0.047865883065373836, 0.08132168631828393]], "ideal": "D", "sampled": "D", "correct": true}}
{"type": "result", "data": {"idx": 18, "options": ["create \"separate but equal\" facilities to facilitate racial segregation", "allow private organizations to restrict their memberships", "limit the government's ability to use illegally obtained evidence", "deny control of interstate commerce to the states"], "probs": [[0.01899969190914406, 0.043169960053642265, 0.8990368775196109, 0.03879347041760275], [0.04864546891706168, 0.8662316621756512, 0.042078329421165406, 0.04304453938612172], [0.9401583968975262, 0.022118148622669306, 0.016759421144034854, 0.0209640332357696], [0.023608873807942916, 0.02168170281231449, 0.05721810364089686, 0.8974913196388458]], "ideal": "C", "sampled": "C", "correct": true}}
{"type": "result", "data": {"idx": 19, "options": ["the membership of committees often overrepresents constituencies with the greatest stake in the committee's business", "most committees are too small to include representatives of all popular opinions", "the minority party controls nearly half of all committees", "committee members often lose track of their constituents' priorities because of their frequent contact with special-interest lobbyists"], "probs": [[0.35856068973766236, 0.1658360263041107, 0.1347552755486156, 0.3408480083096113], [0.07462290173316234, 0.07192578428762085, 0.6115301436783439, 0.24192117020087284], [0.07493686786940656, 0.671131024757432, 0.12608799524965633, 0.12784411202350504], [0.4968801290229743, 0.19643991598191682, 0.13987031160772925, 0.16680964328737963]], "ideal": "A", "sampled": "D", "correct": false}}
{"type": "result", "data": {"idx": 20, "options": ["change citizenship requirements", "impose workplace safety standards", "increase tax rates", "authorize the treasury to print money"], "probs": [[0.1875379625509013, 0.23366614477484826, 0.32337891088533427, 0.25541698168891613], [0.15618850521952424, 0.6491018629781278, 0.10049495249719236, 0.0942146792051556], [0.2258791478714394, 0.4831275369350866, 0.11863079716328485, 0.17236251793018914], [0.33449131247036556, 0.2711409926143349, 0.15996582804510723, 0.2344018667701923]], "ideal": "B", "sampled": "C", "correct": false}}
{"type": "result", "data": {"idx": 21, "options": ["ethical conduct of House members", "selection of federal judges", "number of subcommittees that a standing committee may establish at any given time", "scheduling of votes and the conditions under which bills are debated and amended"], "probs": [[0.019124512268629823, 0.032567017869014094, 0.07015696402463843, 0.8781515057377176], [0.02428558187316909, 0.06256821506229858, 0.8703172461625431, 0.0428289568019892], [0.052990441853184564, 0.8662870783621163, 0.038620145275907444, 0.042102334408791735], [0.8970803673386079, 0.03268463122787016, 0.029431086028192343, 0.0408039153053297]], "ideal": "D", "sampled": "D", "correct": true}}
{"type": "result", "data": {"idx": 22, "options": ["Gideon v. Wainwright", "Marbury v. Madison", "Engel v. Vitale", "Brown v. Board of Education of Topeka"], "probs": [[0.02376246363571843, 0.079956908517646, 0.09952480719268444, 0.7967558205539511], [0.02427216237439322, 0.1170146162802141, 0.7951900928596563, 0.06352312838573637], [0.04856906541284616, 0.8337987163545133, 0.05267443938476965, 0.06495777874787093], [0.8918111869631106, 0.0660456489740261, 0.018892329078742748, 0.02325083488412057]], "ideal": "D", "sampled": "D", "correct": true}}
{"type": "result", "data": {"idx": 23, "options": ["minimize the cost of running the election", "convince the national government to move forward the date of the general election", "restrict the number of entrants in the presidential race", "increase the significance of their election results"], "probs": [[0.05334095457627845, 0.03119586291612671, 0.10726052867068149, 0.8082026537369134], [0.03302793712325663, 0.03662190736032247, 0.8793924810354087, 0.05095767438101222], [0.0847199440436311, 0.7967756570270379, 0.062265087390755716, 0.0562393114385753], [0.9072691599086687, 0.028736903607515116, 0.03240107088426156, 0.03159286549955456]], "ideal": "D", "sampled": "D", "correct": true}}
{"type": "result", "data": {"idx": 24, "options": ["the executive branch to veto legislation approved by Congress", "federal district courts to overturn legislation", "the president to veto state laws", "Congress to nullify resolutions approved by the executive branch"], "probs": [[0.09182661634023705, 0.2238878425152551, 0.16184463854237258, 0.5224409025021353], [0.1061657898481254, 0.11037847480846197, 0.2203741685853627, 0.5630815666580499], [0.0629613175925236, 0.10294150560064869, 0.6715692281051453, 0.16252794860168238], [0.4143473094740702, 0.28257478543859765, 0.1832948557832017, 0.11978304920413042]], "ideal": "D", "sampled": "A", "correct": false}}
{"type": "result", "data": {"idx": 25, "options": ["require disclosure of campaign donations", "prevent campaigns from issuing \"attack\" ads", "limit campaign contributions", "require disclosure of campaign expenditures"], "probs": [[0.24496284884855724, 0.13546293568857093, 0.3848254565561796, 0.23474875880669221], [0.16828697416628446, 0.28266286004747987, 0.29288934785508747, 0.2561608178311482], [0.3060253560237035, 0.22083072362121983, 0.21827195582591297, 0.25487196442916366], [0.29809721857163735, 0.194319021767034, 0.17071616393533617, 0.3368675956259925]], "ideal": "B", "sampled": "C", "correct": false}}
{"type": "result", "data": {"idx": 26, "options": ["Publicly expressing rejection of a bill", "Issuing an executive order invalidating a recently passed bill", "Failing to sign a bill after Congress has adjourned", "Recalling ambassadors from a peace negotiation"], "probs": [[0.024357374117414326, 0.04016797073628513, 0.897412702780149, 0.0380619522661516], [0.03516576451890838, 0.894646886254219, 0.03184035431960838, 0.038346994807264306], [0.8800590693114604, 0.03574909535803748, 0.03529960552247071, 0.04889222970803139], [0.04414943660311484, 0.04520756071129086, 0.10120010610105913, 0.8094428964845352]], "ideal": "C", "sampled": "C", "correct": true}}
{"type": "result", "data": {"idx": 27, "options": ["It has become aligned with civil libertarians.", "It has come to be dominated by labor unions.", "It has become more antagonistic to business interests.", "It has become more influenced by evangelical Christians."], "probs": [[0.0287722945446445, 0.026009041479298015, 0.04568509607669716, 0.8995335677993603], [0.02769846546807359, 0.05775465589771335, 0.846316662024546, 0.06823021650966699], [0.07945115271525158, 0.7737545985882643, 0.07540100995434736, 0.07139323864213667], [0.9104598025484657, 0.032656529694745445, 0.016454356617078635, 0.04042931103971017]], "ideal": "D", "sampled": "D", "correct": true}}
{"type": "result", "data": {"idx": 28, "options": ["Voter turnout is lower in midterm elections than it is in presidential elections.", "Voters lacking party affiliation tend to vote less regularly than those with strong party affiliation.", "Young adults are less likely to vote than senior citizens.", "Individuals are more likely to vote when they believe they know which candidate will win an election."], "probs": [[0.18737767728945826, 0.222921250520613, 0.3223653195203847, 0.26733575256954395], [0.2322677602455878, 0.21517337215258556, 0.2460923866355975, 0.3064664808662292], [0.17630480228091536, 0.20489285884238762, 0.30815854665535664, 0.3106437921213404], [0.17117589710431186, 0.21013325450703232, 0.28991770741424555, 0.3287731408744103]], "ideal": "D", "sampled": "B", "correct": false}}
{"type": "result", "data": {"idx": 29, "options": ["Presidents avoid using executive orders for controversial actions.", "Executive orders have the same effect as laws passed by Congress.", "Presidents have made increased use of executive orders since the 1970s.", "Executive orders bypass congressional approval."], "probs": [[0.2299625243022177, 0.27352141923670487, 0.22702197389981907, 0.2694940824612584], [0.21908402114280656, 0.2486358545675215, 0.29113560478256073, 0.2411445194071112], [0.22149453224990726, 0.32031587717655524, 0.22555651440619445, 0.23263307606734301], [0.2875549368305504, 0.2581125055360475, 0.2210470569536806, 0.23328550057972147]], "ideal": "A", "sampled": "D", "correct": false}}
{"type": "result", "data": {"idx": 30, "options": ["Confederation", "Fiscal federalism", "Grant-based funding", "Dual federalism"], "probs": [[0.06919593956190774, 0.8059619162808701, 0.04876273915258808, 0.07607940490463402], [0.8949665880479792, 0.04423637461758531, 0.027929732125389684, 0.032867305109045786], [0.29537479186735677, 0.10208702466685277, 0.0874361353815133, 0.5151020479842772], [0.051808184653951546, 0.06974693724825207, 0.8069543036399202, 0.0714905743578762]], "ideal": "B", "sampled": "B", "correct": true}}
{"type": "result", "data": {"idx": 31, "options": ["creating insurmountable obstacles to the founding of factions", "making it difficult for one faction to gain the power necessary to govern", "requiring equal representation of all factions within the government", "restricting factional political activity to the state level only"], "probs": [[0.15133352125163935, 0.4799333071248622, 0.11406741695254553, 0.2546657545709529], [0.5432916595761959, 0.11947378636956174, 0.12376325675842226, 0.21347129719582017], [0.08291509063394534, 0.2194439635909992, 0.2343152331648045, 0.46332571251025095], [0.1354071497781768, 0.19776976106573327, 0.43859231467629456, 0.22823077437979533]], "ideal": "B", "sampled": "B", "correct": true}}
{"type": "result", "data": {"idx": 32, "options": ["voters are more likely to support government-enforced affirmative action programs", "voters are more likely to support environmental protection efforts", "voters are more likely to support public prayer in schools", "voters are less likely to support restrictions on abortion rights"], "probs": [[0.2959976615611158, 0.21533957328195255, 0.22623610635902477, 0.2624266586979069], [0.2479880228990277, 0.21937307059439526, 0.2985081583407585, 0.23413074806581854], [0.24070702849465117, 0.3028159782407256, 0.2496238536827066, 0.2068531394819166], [0.32984988895187733, 0.23989606676396655, 0.22775777493351687, 0.20249626925063927]], "ideal": "C", "sampled": "D", "correct": false}}
{"type": "result", "data": {"idx": 33, "options": ["reflect population shifts indicated by the national census", "guarantee the turnover of the majority of congressional seats", "make sure each state's congressional delegation exactly mirrors its residents' party affiliations", "determine which party's leader will be named Speaker of the House"], "probs": [[0.9657024958513711, 0.013775982353770692, 0.004135087901616754, 0.016386433793241437], [0.010457660352950234, 0.010064512762045676, 0.01900623044850296, 0.9604715963365011], [0.016073239426722313, 0.028216396440919504, 0.9185544539554144, 0.037155910076943834], [0.030815933387351876, 0.8902771555885057, 0.0353497554500441, 0.04355715547409825]], "ideal": "A", "sampled": "A", "correct": true}}
{"type": "result", "data": {"idx": 34, "options": ["Appellate judges never use the stare decisis principle.", "Appellate trials are usually jury trials.", "Appellate judges usually decide the facts of a case.", "Appellate judges review decisions of lower courts."], "probs": [[0.0186681764502889, 0.026951641655262242, 0.03660131222598045, 0.9177788695684684], [0.018504129410664368, 0.06259537382662496, 0.8483133172982124, 0.07058717936449826], [0.021103461376753313, 0.9001648669097769, 0.042743100039847465, 0.03598857157362229], [0.8674923467894186, 0.047061322931273526, 0.03322715710382039, 0.052219173075487485]], "ideal": "D", "sampled": "D", "correct": true}}
{"type": "result", "data": {"idx": 35, "options": ["The president signs the version he prefers.", "The bill goes back to each house's committee and restarts the legislative process.", "All amendments to the bill are invalidated, and the original version of the bill is sent to the president to sign.", "The two legislative bodies form a conference committee."], "probs": [[0.024686476627090843, 0.05148898895948493, 0.06988075492004882, 0.8539437793933754], [0.024515398574863033, 0.05112349393820619, 0.848140503325898, 0.07622060406103283], [0.041872839902555435, 0.7865474731446946, 0.07481399839203705, 0.09676568846071289], [0.5444147667402217, 0.14544594503149202, 0.17332116025921734, 0.13681812786906894]], "ideal": "D", "sampled": "D", "correct": true}}
{"type": "result", "data": {"idx": 36, "options": ["I only", "I and IV only", "I, III, and IV only", "II and IV only"], "probs": [[0.22057167854827775, 0.20118505950964705, 0.3328851411473886, 0.2453581206946866], [0.292148917884222, 0.2583108842114583, 0.18648642299694584, 0.2630537748073738], [0.371917074463087, 0.1435586235313895, 0.2047276676200891, 0.27979663428543433], [0.22966553268520148, 0.16960071025582893, 0.2514749765144643, 0.34925878044450526]], "ideal": "C", "sampled": "C", "correct": true}}
{"type": "result", "data": {"idx": 37, "options": ["Such groups have the financial resources to mount sustained campaigns on their own behalf.", "Many such groups have been in existence for several decades or more, allowing them to master the legislative system and to develop close ties with legislators.", "In many districts, these groups' constituents make up the majority of voters.", "These groups' constituents contribute heavily to many legislators' campaigns, and in doing so, gain greater access to legislators."], "probs": [[0.37297552063165734, 0.16321853774456396, 0.17687068441950946, 0.28693525710426926], [0.34703089354580335, 0.1460450952821254, 0.22501071801069578, 0.28191329306137547], [0.26680479840919835, 0.2217385487490556, 0.24984216688505814, 0.2616144858566879], [0.3470983504901925, 0.24487657842571528, 0.20492634175158683, 0.20309872923250538]], "ideal": "C", "sampled": "A", "correct": false}}
{"type": "result", "data": {"idx": 38, "options": ["as a single party with a presence at the national level only", "into a federal structure in which state and local parties have no power", "as a relatively independent organization that exists at all levels of government", "in a top-down fashion, so that instructions are dispersed from the national level to the state and local levels"], "probs": [[0.02945693483811856, 0.03186548052646827, 0.8883847228652636, 0.0502928616701495], [0.10167673380664576, 0.7317934740615262, 0.08198651792759173, 0.08454327410423627], [0.7353298930686057, 0.13494260004560077, 0.05139038481539444, 0.07833712197039906], [0.1472210905884669, 0.04937812386522819, 0.03853126299787587, 0.764869522448429]], "ideal": "C", "sampled": "C", "correct": true}}
{"type": "result", "data": {"idx": 39, "options": ["the Bill of Rights must not be infringed upon by any state legislature", "Congress and the president must jointly create the annual federal budget", "revenue bills must be initiated in the House of Representatives", "the Supreme Court has original jurisdiction over all constitutional matters"], "probs": [[0.020872447948640217, 0.03336007569933236, 0.8793282639000891, 0.06643921235193828], [0.046669908819465755, 0.8705289541354073, 0.02984365322939673, 0.052957483715730135], [0.8926815323184214, 0.034095268439107485, 0.023555174292092574, 0.0496680248503785], [0.051741038153896024, 0.04196162643837772, 0.05980747953606726, 0.846489855771659]], "ideal": "C", "sampled": "C", "correct": true}}
{"type": "result", "data": {"idx": 40, "options": ["White Southerners", "Labor union members", "African Americans", "Northern ethnic minorities"], "probs": [[0.3826564791020089, 0.17955329744878024, 0.24192797774744734, 0.1958622456017635], [0.2804478704648904, 0.1870722174457398, 0.27247881886618475, 0.2600010931231851], [0.26040428486240164, 0.2265757288322411, 0.33784952252929223, 0.175170463676065], [0.2729953608536524, 0.29566953464381196, 0.22157976689446773, 0.20975533750806793]], "ideal": "A", "sampled": "A", "correct": true}}
{"type": "result", "data": {"idx": 41, "options": ["The death penalty may only be imposed upon citizens.", "Under some circumstances, the death penalty may not violate the Eighth Amendment.", "Under some circumstances, the death penalty may violate the Third Amendment.", "States may execute any adult regardless of intellectual disability."], "probs": [[0.06371606425524654, 0.7481194472214251, 0.08528999619629409, 0.10287449222703424], [0.8162395053196482, 0.07070298973870345, 0.05743666896258111, 0.05562083587906726], [0.06880210288073459, 0.0940594964077924, 0.08851163767501995, 0.748626762936453], [0.058173837954603035, 0.09818693189789285, 0.7759621102661043, 0.06767711978139979]], "ideal": "B", "sampled": "B", "correct": true}}
{"type": "result", "data": {"idx": 42, "options": ["Direct democracy", "Checks and balances", "Equal representation", "Unitary government"], "probs": [[0.1264229295966921, 0.700800970889605, 0.0898015668109015, 0.08297453260280141], [0.8065538796169671, 0.06937037743610426, 0.07168101120713716, 0.05239473163979147], [0.0687351614630441, 0.10487754876334222, 0.1731079706326164, 0.6532793190409972], [0.04836189499957509, 0.08293999946994182, 0.7888902630696268, 0.07980784236085628]], "ideal": "B", "sampled": "B", "correct": true}}
{"type": "result", "data": {"idx": 43, "options": ["The difference in size between the two chambers means that more work is done on the floor in the Senate and more work is done in committees in the House.", "The Senate as a whole has confirmation powers that the House does not have.", "Members are appointed to the committee in the House but are elected to committees in the Senate.", "A member of any party can serve a committee in the House, but only major party members can serve on committees in the Senate."], "probs": [[0.503553338351459, 0.12932945979329266, 0.18736712911888553, 0.17975007263636275], [0.09067629954298335, 0.1619408565453113, 0.13456645506342815, 0.6128163887482772], [0.10291950940381887, 0.10798822160413979, 0.551211385809492, 0.23788088308254926], [0.18623033719079052, 0.39526091199918495, 0.11077621908201324, 0.30773253162801123]], "ideal": "A", "sampled": "A", "correct": true}}
{"type": "result", "data": {"idx": 44, "options": ["Voters increasingly get their information from newspapers.", "Voters have become more focused on individual candidates.", "Elections have become dominated by special interest groups.", "Voters increasingly vote based on a party's platform."], "probs": [[0.12801527439381594, 0.22333003752159244, 0.37244647532303526, 0.2762082126615563], [0.27838016383189185, 0.32090497970069054, 0.20131491722582032, 0.19939993914159726], [0.2479604371555843, 0.1493591003257091, 0.14514566307647458, 0.457534799342232], [0.11445171896498031, 0.07632399690836354, 0.2651440023430088, 0.5440802816836474]], "ideal": "B", "sampled": "C", "correct": false}}
{"type": "result", "data": {"idx": 45, "options": ["The right to privacy is determined entirely by the states on a case-by-case basis.", "The right to privacy is explicitly granted in the Preamble to the Constitution.", "The Supreme Court has ruled that the right to privacy is implied by the Bill of Rights.", "Common law requires the government to respect citizens' right to privacy."], "probs": [[0.02930068832288147, 0.09691939664459089, 0.7704989442473736, 0.10328097068515397], [0.08459578768792385, 0.7157557872621135, 0.10803369834064311, 0.09161472660931945], [0.6129244108686548, 0.14907335122872634, 0.1010850592538168, 0.136917178548802], [0.026805412555524516, 0.024438109568724872, 0.04322755350284615, 0.9055289242729044]], "ideal": "C", "sampled": "C", "correct": true}}
{"type": "result", "data": {"idx": 46, "options": ["Approximately 30% of the senators and representatives are members of the presidential political party.", "The majority of American citizens support the proposed legislation.", "The chief justice of the Supreme Court was appointed by the president.", "The president's successful reelection campaign advocated bipartisanship."], "probs": [[0.39755399826502896, 0.22675866700650624, 0.16895339877842927, 0.20673393585003555], [0.3876392840951472, 0.16945227978919186, 0.18387681243965065, 0.2590316235760103], [0.19078737848356564, 0.15344986893491058, 0.30624530871158223, 0.34951744376994154], [0.2266949563991826, 0.24547690150667179, 0.2949700355234815, 0.23285810647066407]], "ideal": "A", "sampled": "B", "correct": false}}
{"type": "result", "data": {"idx": 47, "options": ["Environmental activists", "Labor unions", "For-profit business", "Religious institutions"], "probs": [[0.054506366086929034, 0.14367484295627272, 0.6666942486479286, 0.1351245422088697], [0.14255443320155964, 0.6154288098750164, 0.08400022300238007, 0.15801653382104391], [0.779806202421634, 0.059144430297245136, 0.045096814963903546, 0.11595255221721726], [0.0755955914270469, 0.07276096573732926, 0.20599242627011388, 0.6456510164655099]], "ideal": "C", "sampled": "C", "correct": true}}
{"type": "result", "data": {"idx": 48, "options": ["release detainees from prison following unlawful arrest", "maintain the navy", "increase the power of the national government", "veto legislative bills of attainder"], "probs": [[0.07927237804658929, 0.10108475092911548, 0.7455423210803228, 0.07410054984397246], [0.1344601144930439, 0.7248620822218635, 0.08132419474051925, 0.05935360844457326], [0.8544419930643659, 0.04973940906724791, 0.04240093793139648, 0.053417659836989734], [0.06772292833578533, 0.04884269024809682, 0.17919377625541388, 0.704240605060704]], "ideal": "C", "sampled": "C", "correct": true}}
{"type": "result", "data": {"idx": 49, "options": ["A line-item veto", "A pocket veto", "An adjournment", "A writ of certiorari"], "probs": [[0.07491819085322203, 0.8137905081499976, 0.05287946425240351, 0.0584118366443768], [0.8077172666267874, 0.0667660015261686, 0.04428522677382996, 0.08123150497321398], [0.0710289611366375, 0.05241756768557251, 0.0914533862800328, 0.7851000847977572], [0.06355695141706798, 0.08100556964337337, 0.7833261138910778, 0.07211136494848093]], "ideal": "B", "sampled": "B", "correct": true}}
{"type": "result", "data": {"idx": 50, "options": ["moderate Republicans are less likely than conservative Republicans to gain widespread support in the general election", "most moderate Republicans have approved of the Democratic presidential candidate", "most rank-and-file Republicans do not care whether their party's nominee shares their political views", "party activists, whose political participation is disproportionate to their numbers, tend to be very conservative"], "probs": [[0.08844866985339804, 0.06190596639131231, 0.08659764023535464, 0.763047723419935], [0.04842424073805229, 0.03285777977739021, 0.8648799753614644, 0.053838004023093015], [0.10480499617916207, 0.7844253444625859, 0.055783273654252445, 0.054986385603999495], [0.70729361739866, 0.09432781374219266, 0.0880145564001031, 0.11036401235904418]], "ideal": "D", "sampled": "D", "correct": true}}
{"type": "result", "data": {"idx": 51, "options": ["send a bill back to the House", "override a presidential veto in the House", "amend an appropriations bill in the House", "end a filibuster and force a vote on a bill in the Senate"], "probs": [[0.037584280968977514, 0.027997547563944784, 0.044792926741705937, 0.8896252446253717], [0.04763245653082133, 0.04208103629646652, 0.8639495500646782, 0.04633695700803391], [0.06722822465403071, 0.8494616091923595, 0.03392981207332018, 0.04938035398028968], [0.9344546284938324, 0.026506252831049675, 0.017182836467384707, 0.02185628210773321]], "ideal": "D", "sampled": "D", "correct": true}}
{"type": "result", "data": {"idx": 52, "options": ["The Supreme Court allows a lower court ruling to stand by refusing to hear an appeal.", "A congressional committee prevents the full chamber from voting on legislation by delaying its report.", "Congress passes legislation establishing a national speed limit.", "A member of the House of Representatives introduces a bill to increase federal income tax rates."], "probs": [[0.13888294165635415, 0.14794263850505082, 0.24867592757385154, 0.4644984921647435], [0.34745055042089595, 0.18892489289278702, 0.2474474047955339, 0.2161771517907831], [0.421204030471643, 0.2309178411729684, 0.15316765008825226, 0.19471047816713632], [0.4187830325723672, 0.15050014627709782, 0.19708394708623656, 0.2336328739642984]], "ideal": "C", "sampled": "D", "correct": false}}
{"type": "result", "data": {"idx": 53, "options": ["Its primary role is to appropriate spending for infrastructure projects.", "It is the primary author of congressional banking reform legislation.", "It allocates funding for canals and waterways.", "Its jurisdiction includes the tax system."], "probs": [[0.025966104044302933, 0.023113185267796692, 0.03905249283247743, 0.9118682177554229], [0.03168093631899878, 0.034286046599451586, 0.8812175561506925, 0.052815460830857065], [0.03664643693552346, 0.8631503905049318, 0.06400918316108667, 0.036193989298458074], [0.8451846142289902, 0.0515529173796867, 0.040908386266447744, 0.062354082024875405]], "ideal": "D", "sampled": "D", "correct": true}}
{"type": "result", "data": {"idx": 54, "options": ["It allows for trial by jury in common-law cases.", "It grants voting rights to all American women.", "It lowers the legal voting age from 21 to 18.", "It reserves powers to the states."], "probs": [[0.016117911694163347, 0.02170922036041847, 0.04283095126824021, 0.919341916577178], [0.027083676406579667, 0.0601284059081761, 0.8520971567527348, 0.06069076083250942], [0.04151129892285905, 0.8504585971393259, 0.06195407241520185, 0.04607603142261319], [0.888118021986631, 0.04151853609276851, 0.03449617441427153, 0.035867267406328944]], "ideal": "D", "sampled": "D", "correct": true}}
{"type": "result", "data": {"idx": 55, "options": ["When a law is unclear, the Supreme Court may consider the intent of a law or the letter of the law, but not both.", "Copyright laws exist to protect the rights of those who create original works.", "Appellate judges should respect the original decisions of trial judges.", "The Constitution should be interpreted in light of the intent of those who wrote it."], "probs": [[0.03618671861097577, 0.022837663313267205, 0.03981138856155775, 0.9011642294141993], [0.036155121104968824, 0.033985683528023836, 0.8871924943518068, 0.04266670091520049], [0.031852997196178436, 0.8985342060691472, 0.039405737159741584, 0.030207059474932706], [0.9362795000106969, 0.023822786905318576, 0.017335672381834522, 0.02256204060214996]], "ideal": "D", "sampled": "D", "correct": true}}
{"type": "result", "data": {"idx": 56, "options": ["Incumbent senators are more likely to be reelected than are incumbent members of the House of Representatives.", "Incumbents are prohibited by law from spending more on their reelection campaigns than their challengers spend.", "Incumbents have a great advantage over challengers because they are better known and can raise campaign funds more easily.", "Ever since the 1994 election, the majority of congressional incumbents have failed in their reelection attempts."], "probs": [[0.06524333989089531, 0.046681751357288775, 0.787631647502184, 0.10044326114963195], [0.06081148100457608, 0.8100034412675946, 0.05219367774366167, 0.0769913998841676], [0.8739569613283549, 0.034712561157804, 0.026945016779261848, 0.06438546063457928], [0.023907566485226225, 0.01999295692689641, 0.019728982855882107, 0.9363704936319952]], "ideal": "C", "sampled": "C", "correct": true}}
