{"type": "result", "data": {"idx": 0, "options": ["True, True", "False, False", "True, False", "False, True"], "probs": [[0.2972214906282479, 0.17374581614621942, 0.34114528715612275, 0.18788740596940995], [0.32285198566069273, 0.27698034045310643, 0.18614238498733668, 0.2140252887988642], [0.4189722582926712, 0.24705070789338596, 0.23426270912398084, 0.09971432458996198], [0.3224004708682815, 0.3445064918499451, 0.16402461634352827, 0.16906842083824514]], "ideal": "D", "sampled": "C", "correct": false}}
{"type": "result", "data": {"idx": 1, "options": ["True, True", "False, False", "True, False", "False, True"], "probs": [[0.33211237188832804, 0.19406537709679678, 0.3235030471955092, 0.15031920371936597], [0.3601421415445675, 0.26207953688861746, 0.174817427975339, 0.20296089349147606], [0.42479802571466807, 0.20906992965820628, 0.28218327898752843, 0.08394876553959721], [0.3394230800699593, 0.3379595774682289, 0.17133664572502505, 0.15128069663678675]], "ideal": "C", "sampled": "C", "correct": true}}
{"type": "result", "data": {"idx": 2, "options": ["True, True", "False, False", "True, False", "False, True"], "probs": [[0.32287218201292867, 0.19626788208107807, 0.3167837465451152, 0.16407618926087802], [0.3301456868318383, 0.2876852452467289, 0.16658429799798238, 0.21558476982345037], [0.45443775568176153, 0.23645977321197648, 0.2172360536650732, 0.09186641734118875], [0.34771344969887635, 0.3657577415483367, 0.13767098558533436, 0.1488578230674526]], "ideal": "B", "sampled": "C", "correct": false}}
{"type": "result", "data": {"idx": 3, "options": ["12", "24", "48", "72"], "probs": [[0.24927338959624762, 0.32820467181472135, 0.24411873552034505, 0.178403202968686], [0.2825640313388653, 0.31087361373443784, 0.22945656344429333, 0.1771057913824035], [0.320205694389681, 0.30608991485083537, 0.19933085146558369, 0.17437353919389997], [0.37886163181495236, 0.22479225173202058, 0.21987390040279997, 0.17647221595022708]], "ideal": "D", "sampled": "D", "correct": true}}
{"type": "result", "data": {"idx": 4, "options": ["convolutional networks", "graph networks", "fully connected networks", "RBF networks"], "probs": [[0.9192561304076367, 0.0348041966531947, 0.030600699972684005, 0.015338972866484656], [0.07492710015809942, 0.09848024841873883, 0.24035574851546807, 0.5862369028076937], [0.029188702180133586, 0.06947694647912375, 0.8614010991258261, 0.03993325211491662], [0.02249746355007876, 0.9211807674518541, 0.030795225296904222, 0.02552654360116295]], "ideal": "A", "sampled": "A", "correct": true}}
{"type": "result", "data": {"idx": 5, "options": ["True, True", "False, False", "True, False", "False, True"], "probs": [[0.2449214011185819, 0.16363215444835846, 0.40305709834836617, 0.18838934598469348], [0.31393976125321, 0.31039110953141097, 0.1768461509261817, 0.1988229781891973], [0.42959355023398915, 0.23640758582351093, 0.2347861756213311, 0.0992126882211688], [0.2831953892904215, 0.3433132562703347, 0.17797767053387956, 0.1955136838053643]], "ideal": "B", "sampled": "C", "correct": false}}
{"type": "result", "data": {"idx": 6, "options": ["O(D)", "O(N)", "O(ND)", "O(ND^2)"], "probs": [[0.1727791772443621, 0.22038841421853514, 0.432302657781366, 0.17452975065573675], [0.20463276517230664, 0.3770265393186047, 0.21486351532168843, 0.2034771800874002], [0.3271155655056948, 0.2958720028104549, 0.1988048851291216, 0.1782075464547287], [0.17748560538560337, 0.23360037007381132, 0.1937665698861002, 0.3951474545544851]], "ideal": "A", "sampled": "C", "correct": false}}
{"type": "result", "data": {"idx": 7, "options": ["True, True", "False, False", "True, False", "False, True"], "probs": [[0.3612017875369523, 0.17642704877836957, 0.2912771658117787, 0.1710939977728994], [0.35508721534207216, 0.2352549994463657, 0.19360680587729692, 0.2160509792342652], [0.47062012548508825, 0.2045280635152375, 0.23194395003383533, 0.09290786086583891], [0.39104398498433474, 0.33037033181507275, 0.1365569362420834, 0.1420287468585091]], "ideal": "B", "sampled": "A", "correct": false}}
{"type": "result", "data": {"idx": 8, "options": ["2", "4", "8", "16"], "probs": [[0.3152987172706305, 0.2624766073872465, 0.23341207302786865, 0.1888126022142543], [0.3114145053400938, 0.24168832237556181, 0.22878616705057733, 0.21811100513376708], [0.27220389244218574, 0.23557406661538913, 0.2843879461004064, 0.20783409474201872], [0.24012403187734715, 0.27750378844347157, 0.2842265367223708, 0.1981456428568105]], "ideal": "C", "sampled": "A", "correct": false}}
{"type": "result", "data": {"idx": 9, "options": ["Lower variance", "Higher variance", "Same variance", "None of the above"], "probs": [[0.5006319954584884, 0.24433960382193132, 0.14826455931767185, 0.10676384130190851], [0.24558561671922036, 0.4325839812235981, 0.14147268023457993, 0.18035772172260162], [0.1977376908203261, 0.15193152199758414, 0.49584340305371655, 0.1544873840283732], [0.21094958482063325, 0.4445073604139233, 0.18233431873882375, 0.1622087359266197]], "ideal": "A", "sampled": "A", "correct": true}}
{"type": "result", "data": {"idx": 10, "options": ["True, True", "False, False", "True, False", "False, True"], "probs": [[0.31266638167553173, 0.18862268045710764, 0.31449535017302793, 0.18421558759433274], [0.2895365611988364, 0.28825157448372246, 0.2046281515657695, 0.2175837126516716], [0.39275181928809, 0.2605052136813242, 0.23572070979379514, 0.11102225713679066], [0.3075599211546147, 0.38451509402639933, 0.1540372738402798, 0.15388771087870612]], "ideal": "A", "sampled": "A", "correct": true}}
{"type": "result", "data": {"idx": 11, "options": ["good fitting", "overfitting", "underfitting", "all of the above"], "probs": [[0.11984142182704643, 0.5258480427450413, 0.22818293185149263, 0.12612760347641971], [0.4255067534470257, 0.37293277298454697, 0.12321035929909152, 0.07835011416933581], [0.47775799875735975, 0.22232030826132163, 0.13420637840748162, 0.16571531447383703], [0.06696975330293665, 0.12324322942519424, 0.5414531311067864, 0.2683338860650827]], "ideal": "C", "sampled": "B", "correct": false}}
{"type": "result", "data": {"idx": 12, "options": ["True, True", "False, False", "True, False", "False, True"], "probs": [[0.3262089539173216, 0.1905935434894933, 0.3199904906428318, 0.1632070118503533], [0.2909821867651828, 0.2553445696575405, 0.20386330781328524, 0.24980993566399148], [0.4243164956145355, 0.20561280844539637, 0.27949795124119997, 0.09057274459886815], [0.3046458434272757, 0.38050300024347733, 0.16235722880250655, 0.15249392742674042]], "ideal": "A", "sampled": "A", "correct": true}}
{"type": "result", "data": {"idx": 13, "options": ["True, True", "False, False", "True, False", "False, True"], "probs": [[0.25750347969341164, 0.18598181007432785, 0.35382458564081076, 0.20269012449144974], [0.3097174809521288, 0.2785185914732439, 0.19305831479672675, 0.21870561267790056], [0.38540001551231134, 0.251652978286225, 0.25395774081915967, 0.10898926528230392], [0.3204988943912624, 0.3268702133048409, 0.18049724812507198, 0.17213364407882473]], "ideal": "B", "sampled": "C", "correct": false}}
{"type": "result", "data": {"idx": 14, "options": ["pure", "not pure", "useful", "useless"], "probs": [[0.20919886541061036, 0.5616939747024254, 0.11945913163807176, 0.1096480281488924], [0.6773574988542213, 0.12930529248644618, 0.09934168983927422, 0.0939955187200584], [0.5367341956993166, 0.23504739908296196, 0.1309432018234441, 0.09727520329427734], [0.1625971298473264, 0.2011079579060446, 0.38908852963465174, 0.24720638251197727]], "ideal": "B", "sampled": "B", "correct": true}}
{"type": "result", "data": {"idx": 15, "options": ["True, True", "False, False", "True, False", "False, True"], "probs": [[0.25317523258143965, 0.1898748753756381, 0.34161150961099557, 0.21533838233192668], [0.30105183871291863, 0.2539356762186124, 0.19479151938955985, 0.2502209655789091], [0.3415163013675366, 0.23149196345988474, 0.29297227974162604, 0.13401945533095266], [0.29337309119329574, 0.3332032709922451, 0.17284745748910924, 0.20057618022534993]], "ideal": "B", "sampled": "C", "correct": false}}
{"type": "result", "data": {"idx": 16, "options": ["This feature has a strong effect on the model (should be retained)", "This feature does not have a strong effect on the model (should be ignored)", "It is not possible to comment on the importance of this feature without additional information", "Nothing can be determined."], "probs": [[0.31799307462373355, 0.3820203244304106, 0.18180888889402003, 0.1181777119518358], [0.24512187374530378, 0.2659814734783467, 0.16517821444940473, 0.3237184382269448], [0.19485435613733895, 0.10534259323253543, 0.41497968188918116, 0.28482336864094443], [0.10852322824565767, 0.23058231288378442, 0.5131473234886978, 0.14774713528186]], "ideal": "C", "sampled": "B", "correct": false}}
{"type": "result", "data": {"idx": 17, "options": ["The number of hidden nodes", "The learning rate", "The initial choice of weights", "The use of a constant-term unit input"], "probs": [[0.4811326706265884, 0.1945101378517589, 0.17744052937165314, 0.1469166620499996], [0.17470152225544583, 0.33981501097946737, 0.20790259287081897, 0.27758087379426777], [0.15746609161116165, 0.24029410298921325, 0.4192680826691105, 0.18297172263051464], [0.26074084636941847, 0.44412606950133326, 0.13554154335097068, 0.1595915406782776]], "ideal": "A", "sampled": "A", "correct": true}}
{"type": "result", "data": {"idx": 18, "options": ["The polynomial degree", "Whether we learn the weights by matrix inversion or gradient descent", "The assumed variance of the Gaussian noise", "The use of a constant-term unit input"], "probs": [[0.6638434976306524, 0.11188155906538422, 0.09438539829535027, 0.1298895449086131], [0.11438671710091808, 0.11010517438459827, 0.14035077313225452, 0.6351573352822292], [0.06157809265913851, 0.07791743881528836, 0.7889116111759346, 0.07159285724963851], [0.09299289087306388, 0.7627459509303479, 0.05742124800890607, 0.08683991008768209]], "ideal": "A", "sampled": "A", "correct": true}}
{"type": "result", "data": {"idx": 19, "options": ["True, True", "False, False", "True, False", "False, True"], "probs": [[0.3053861765143012, 0.20525310319835488, 0.31621714480882307, 0.17314357537852082], [0.31484633211852264, 0.2986572936078675, 0.17437869048790744, 0.21211768368570236], [0.41434135720206383, 0.21867783202519359, 0.26436486640637286, 0.1026159442663697], [0.29155239894383883, 0.3724719043071909, 0.16402362529818537, 0.1719520713507849]], "ideal": "A", "sampled": "C", "correct": false}}
{"type": "result", "data": {"idx": 20, "options": ["Requires the dimension of the feature space to be no bigger than the number of samples", "Has the smallest value of the objective function when K = 1", "Minimizes the within class variance for a given number of clusters", "Converges to the global optimum if and only if the initial means are chosen as some of the samples themselves"], "probs": [[0.17243571834681215, 0.13877764549622423, 0.5088798479060056, 0.17990678815095804], [0.1672086913890111, 0.5331624427999889, 0.14683320241692377, 0.1527956632940762], [0.6668306787044147, 0.12943830313351962, 0.09114679895045054, 0.11258421911161517], [0.2640942632887914, 0.21598146853671332, 0.18205182252493904, 0.33787244554955626]], "ideal": "C", "sampled": "C", "correct": true}}
{"type": "result", "data": {"idx": 21, "options": ["True, True", "False, False", "True, False", "False, True"], "probs": [[0.303271403780907, 0.20100582535027597, 0.32222958435682036, 0.17349318641199668], [0.32306917054391515, 0.2838263384493628, 0.1835083879268666, 0.20959610297985548], [0.4209104352497227, 0.23139534198725892, 0.2488953694781505, 0.09879885318486789], [0.33083545150043975, 0.3401018881518419, 0.1684098939971536, 0.1606527662505648]], "ideal": "A", "sampled": "C", "correct": false}}
{"type": "result", "data": {"idx": 22, "options": ["0", "1", "2", "3"], "probs": [[0.2943589301304032, 0.33942090450049006, 0.23330900865519452, 0.1329111566139122], [0.3820183447523617, 0.23206129215101212, 0.23953233237548952, 0.1463880306211367], [0.3562676991900553, 0.3125034086091696, 0.204968127291679, 0.12626076480909615], [0.5218342581006163, 0.18925872584222658, 0.18352237478687747, 0.10538464117027962]], "ideal": "B", "sampled": "D", "correct": false}}
{"type": "result", "data": {"idx": 23, "options": ["True, True", "False, False", "True, False", "False, True"], "probs": [[0.3029376566107127, 0.1756556182924091, 0.32394051548579444, 0.19746620951108376], [0.27093285319480004, 0.2803093790727686, 0.1854315101914941, 0.2633262574409373], [0.38809362628294786, 0.23786312693755113, 0.25170880928664835, 0.12233443739285267], [0.3009923308491023, 0.3789504951172459, 0.14267243018295886, 0.17738474375069296]], "ideal": "C", "sampled": "A", "correct": false}}
{"type": "result", "data": {"idx": 24, "options": ["Decision Trees", "Density-based clustering", "Model-based clustering", "K-means clustering"], "probs": [[0.047540774301568216, 0.6422471712372965, 0.08291468397825237, 0.22729737038288297], [0.7703224671462633, 0.05203174566560363, 0.03063278508031475, 0.1470130020078183], [0.09262151877219839, 0.16789275155932515, 0.06840026276023255, 0.6710854668082439], [0.08185988907769957, 0.06135410252655245, 0.6119269910417111, 0.24485901725403686]], "ideal": "B", "sampled": "B", "correct": true}}
{"type": "result", "data": {"idx": 25, "options": ["True, True", "False, False", "True, False", "False, True"], "probs": [[0.3179471147048351, 0.17470064497183202, 0.32712253437462724, 0.18022970584870565], [0.2947575957850624, 0.26508011621327465, 0.19867118599004102, 0.24149110191162193], [0.429279905370452, 0.21662557730991397, 0.24776505841031904, 0.10632945880931492], [0.3257443953090662, 0.35934934551921177, 0.15445158114157728, 0.16045467793014473]], "ideal": "A", "sampled": "C", "correct": false}}
{"type": "result", "data": {"idx": 26, "options": ["they are biased", "they have high variance", "they are not consistent estimators", "None of the above"], "probs": [[0.32815693781413924, 0.42658718978592725, 0.13324672776598792, 0.11200914453394559], [0.6147732275431479, 0.18663815079189416, 0.10250438977880313, 0.09608423178615477], [0.2723997533048981, 0.15943273900345065, 0.41586384173049307, 0.15230366586115818], [0.14256515885111842, 0.3542277759819484, 0.3778910878237028, 0.12531597724323038]], "ideal": "B", "sampled": "B", "correct": true}}
{"type": "result", "data": {"idx": 27, "options": ["linear in D", "linear in N", "polynomial in D", "dependent on the number of iterations"], "probs": [[0.24161642427388005, 0.24798084423474945, 0.26230811679261273, 0.24809461459875778], [0.3101353439418883, 0.24209844295043037, 0.1918037739741858, 0.2559624390334955], [0.23900367673337086, 0.21644482336926887, 0.3210378932786501, 0.22351360651871013], [0.26408221921541625, 0.2546242139289831, 0.2493177912981669, 0.23197577545743378]], "ideal": "C", "sampled": "A", "correct": false}}
{"type": "result", "data": {"idx": 28, "options": ["Increase bias", "Decrease bias", "Increase variance", "Decrease variance"], "probs": [[0.20674426901838047, 0.4364223804948199, 0.1508940868594915, 0.20593926352730815], [0.3278011132121276, 0.21906678702826282, 0.2824557167375116, 0.17067638292209794], [0.24250437678213355, 0.46599662993653684, 0.1294570733396456, 0.16204191984168403], [0.5519398840732319, 0.11962165236686322, 0.1949261801149908, 0.1335122833449141]], "ideal": "D", "sampled": "D", "correct": true}}
{"type": "result", "data": {"idx": 29, "options": ["Best-subset selection", "Forward stepwise selection", "Forward stage wise selection", "All of the above"], "probs": [[0.3649319734110104, 0.185389773127541, 0.17621866043991022, 0.2734595929215383], [0.3155763792016891, 0.19044241591042843, 0.29011717868104925, 0.20386402610683318], [0.2891986369797471, 0.2926747202580555, 0.24797719714545985, 0.1701494455167375], [0.38151569445271205, 0.23216370198057398, 0.20603128344600644, 0.18028932002070752]], "ideal": "C", "sampled": "D", "correct": false}}
{"type": "result", "data": {"idx": 30, "options": ["Optimize a convex objective function", "Can only be trained with stochastic gradient descent", "Can use a mix of different activation functions", "None of the above"], "probs": [[0.14296089749331795, 0.11049052413249633, 0.3775276912354781, 0.36902088703870767], [0.2701983789858983, 0.3668369109090434, 0.19209631071697436, 0.17086839928808392], [0.609538036808156, 0.155339752281264, 0.10611936765203744, 0.12900284315854255], [0.17454910466198767, 0.16661660620270408, 0.14835547294060944, 0.5104788160946988]], "ideal": "C", "sampled": "C", "correct": true}}
{"type": "result", "data": {"idx": 31, "options": ["0.0368", "0.473", "0.078", "None of the above"], "probs": [[0.3260460592792043, 0.2668860037920023, 0.2564364449851509, 0.1506314918436425], [0.32886844380087493, 0.23590463046002746, 0.16187979038110156, 0.2733471352579961], [0.2881538185739308, 0.18233125856688437, 0.35985054489797347, 0.16966437786121139], [0.164428887084737, 0.39599660005160436, 0.24544984438422376, 0.19412466837943484]], "ideal": "C", "sampled": "A", "correct": false}}
{"type": "result", "data": {"idx": 32, "options": ["True, True", "False, False", "True, False", "False, True"], "probs": [[0.31220920940468283, 0.18972753911125187, 0.32119019859230713, 0.17687305279175816], [0.3173807121176713, 0.3084451418011581, 0.17187548403769898, 0.2022986619434716], [0.47356979975800556, 0.23690863911877832, 0.19679277693465622, 0.09272878408855992], [0.34294172181882626, 0.3549562307811208, 0.1434632029069967, 0.1586388443930562]], "ideal": "B", "sampled": "C", "correct": false}}
{"type": "result", "data": {"idx": 33, "options": ["It can not be applied to non-differentiable functions.", "It can not be applied to non-continuous functions.", "It is hard to implement.", "It runs reasonably slow for multiple linear regression."], "probs": [[0.2922566830819651, 0.18742971120390564, 0.2050470858607285, 0.3152665197534007], [0.2528397776356786, 0.18088090687494032, 0.33470541734187675, 0.2315738980475043], [0.13757811792856314, 0.618472709112742, 0.12098761172100132, 0.12296156113769353], [0.695481619034647, 0.10014173685925355, 0.09148155424519161, 0.11289508976090779]], "ideal": "D", "sampled": "D", "correct": true}}
{"type": "result", "data": {"idx": 34, "options": ["Supervised learning", "Unsupervised learning", "Clustering", "None of the above"], "probs": [[0.7434422456114371, 0.14750006958298678, 0.06567470802091502, 0.04338297668466112], [0.07015714297119907, 0.07350415215435623, 0.06198688529649836, 0.7943518194779463], [0.0716816969012173, 0.09272516779362626, 0.7502845729733842, 0.08530856223177219], [0.1713074185820148, 0.6325212261756816, 0.12175758453934304, 0.07441377060296049]], "ideal": "A", "sampled": "A", "correct": true}}
{"type": "result", "data": {"idx": 35, "options": ["It relates inputs to outputs.", "It is used for prediction.", "It may be used for interpretation.", "It discovers causal relationships"], "probs": [[0.2971644147510853, 0.22831252555221834, 0.21142201438550928, 0.26310104521118705], [0.3162516653221499, 0.198205098489968, 0.19227974114879418, 0.29326349493908793], [0.21727482129769826, 0.16552228227159027, 0.21945155318722712, 0.3977513431434843], [0.24394910035078057, 0.2704181968895384, 0.2333240657811491, 0.25230863687853194]], "ideal": "D", "sampled": "B", "correct": false}}
{"type": "result", "data": {"idx": 36, "options": ["To save computing time during testing", "To save space for storing the Decision Tree", "To make the training set error smaller", "To avoid overfitting the training set"], "probs": [[0.22314118179148, 0.1387303492098949, 0.19579655221823727, 0.4423319166803878], [0.06229617424045797, 0.0776319454542287, 0.750343334764322, 0.10972854544099131], [0.15190284650505534, 0.7157127483219253, 0.07132908329173218, 0.06105532178128717], [0.8413158780249876, 0.07297750898964103, 0.04000638946455063, 0.04570022342082073]], "ideal": "D", "sampled": "D", "correct": true}}
{"type": "result", "data": {"idx": 37, "options": ["True, True", "False, False", "True, False", "False, True"], "probs": [[0.30639338490283236, 0.19071650503158752, 0.34096795317101186, 0.16192215679456828], [0.3365192114970335, 0.2755015492163768, 0.19099959729191993, 0.1969796418946697], [0.4342955350441559, 0.23501224813495367, 0.2428826987500495, 0.08780951797084094], [0.3451826376922249, 0.35192946644868217, 0.15738575627975634, 0.1455021394793366]], "ideal": "B", "sampled": "C", "correct": false}}
{"type": "result", "data": {"idx": 38, "options": ["Increase the amount of training data.", "Improve the optimisation algorithm being used for error minimisation.", "Decrease the model complexity.", "Reduce the noise in the training data."], "probs": [[0.1418133186611782, 0.12926144511416035, 0.4773397004919831, 0.2515855356326784], [0.15900290484635174, 0.4719637176507732, 0.17362885692853497, 0.19540452047434007], [0.4136694371286617, 0.18667080996554006, 0.19276818631151846, 0.20689156649427973], [0.1338855018043333, 0.09881123080747237, 0.16550312811341528, 0.601800139174779]], "ideal": "B", "sampled": "C", "correct": false}}
{"type": "result", "data": {"idx": 39, "options": ["True, True", "False, False", "True, False", "False, True"], "probs": [[0.3384524684344772, 0.17609346435971834, 0.3249448634342709, 0.1605092036715336], [0.3024331060554351, 0.26784638153201673, 0.20560493715093411, 0.22411557516161404], [0.44474211662093466, 0.1994952127100351, 0.26507765249550225, 0.090685018073528], [0.32656169421032333, 0.3718642051423887, 0.1525704287223003, 0.1490036718249876]], "ideal": "A", "sampled": "A", "correct": true}}
{"type": "result", "data": {"idx": 40, "options": ["For two dimensional data points, the separating hyperplane learnt by a linear SVM will be a straight line.", "In theory, a Gaussian kernel SVM cannot model any complex separating hyperplane.", "For every kernel function used in a SVM, one can obtain an equivalent closed form basis expansion.", "Overfitting in an SVM is not a function of number of support vectors."], "probs": [[0.5069792307926317, 0.17699633668825576, 0.12275692165724417, 0.19326751076186835], [0.4028304634810278, 0.18784630947113717, 0.1713781429039757, 0.23794508404385933], [0.4118314148346731, 0.23341355073224215, 0.16974634183357945, 0.18500869249950527], [0.4411649637799625, 0.2368007713796211, 0.14158879008086062, 0.1804454746595558]], "ideal": "A", "sampled": "A", "correct": true}}
{"type": "result", "data": {"idx": 41, "options": ["P(H, U, P, W) = P(H) * P(W) * P(P) * P(U)", "P(H, U, P, W) = P(H) * P(W) * P(P | W) * P(W | H, P)", "P(H, U, P, W) = P(H) * P(W) * P(P | W) * P(U | H, P)", "None of the above"], "probs": [[0.25308114664826914, 0.32044756886805714, 0.27399009871708424, 0.15248118566658947], [0.37587713811121437, 0.35665187027596423, 0.154449687484881, 0.11302130402794038], [0.3794243802983592, 0.21322372016668678, 0.21318947729673596, 0.19416242213821805], [0.17364530522346483, 0.23591015092025674, 0.3250595379304603, 0.26538500582581814]], "ideal": "C", "sampled": "C", "correct": true}}
{"type": "result", "data": {"idx": 42, "options": ["True, True", "False, False", "True, False", "False, True"], "probs": [[0.27476610502388715, 0.18511814539735402, 0.34437234646934145, 0.19574340300941734], [0.3117420971081843, 0.2807837724404885, 0.1885998546888579, 0.21887427566246925], [0.38959048065202273, 0.24883051770293568, 0.25123212300482684, 0.11034687854021479], [0.31214888485459313, 0.3315673917989837, 0.1802350946975526, 0.17604862854887057]], "ideal": "B", "sampled": "C", "correct": false}}
{"type": "result", "data": {"idx": 43, "options": ["True, True", "False, False", "True, False", "False, True"], "probs": [[0.2893339818823693, 0.19785760651889106, 0.32692150309860785, 0.18588690840013178], [0.32859749088275897, 0.2864222568944113, 0.18499136244878034, 0.19998888967404943], [0.42039518756511707, 0.2558452918192979, 0.22596369369859265, 0.09779582681699242], [0.36710505032869056, 0.3329183012099701, 0.15236502203170105, 0.1476116263296383]], "ideal": "B", "sampled": "C", "correct": false}}
{"type": "result", "data": {"idx": 44, "options": ["Stochastic Gradient Descent", "Mini-Batch Gradient Descent", "Batch Gradient Descent", "All of the above"], "probs": [[0.30700527703656505, 0.24674598134833803, 0.18509505135666945, 0.26115369015842743], [0.2500382251770399, 0.2947596179506637, 0.2505818493153576, 0.20462030745693882], [0.23016041514956087, 0.3050786554508306, 0.271929293843733, 0.19283163545587553], [0.3075371430139735, 0.3300970841628587, 0.1811483380188446, 0.1812174347043232]], "ideal": "D", "sampled": "D", "correct": true}}
{"type": "result", "data": {"idx": 45, "options": ["Decreases model bias", "Decreases estimation bias", "Decreases variance", "Doesn\u2019t affect bias and variance"], "probs": [[0.29294744567545516, 0.2911164803678219, 0.2218611273224986, 0.19407494653422433], [0.28653444991632326, 0.36034720837053347, 0.1842130410645749, 0.16890530054856834], [0.39102581789005697, 0.2213770466000762, 0.21500538495981072, 0.17259175045005612], [0.35852334433968863, 0.2689731458897605, 0.19870190616501032, 0.1738016035055405]], "ideal": "A", "sampled": "C", "correct": false}}
{"type": "result", "data": {"idx": 46, "options": ["3", "4", "7", "15"], "probs": [[0.2554275355168927, 0.21589584324740327, 0.295358295778328, 0.23331832535737607], [0.2603250586532467, 0.2475860865115245, 0.27208356424927443, 0.2200052904859544], [0.28108163360417227, 0.24331605392145142, 0.28474040533677875, 0.19086190703759753], [0.25403047692988584, 0.2630612951953433, 0.26325411620680617, 0.2196541115679647]], "ideal": "D", "sampled": "C", "correct": false}}
{"type": "result", "data": {"idx": 47, "options": ["anomaly detection", "one-class detection", "train-test mismatch robustness", "background detection"], "probs": [[0.8006992994469367, 0.10182385952933586, 0.04702200052269456, 0.05045484040103289], [0.23031302769459566, 0.13545907729718587, 0.07603678681603887, 0.5581911080921796], [0.07310774231051285, 0.06606941718744225, 0.7816348133321396, 0.07918802706990527], [0.12795824049545954, 0.7549355765969036, 0.05510094863930955, 0.06200523416832734]], "ideal": "A", "sampled": "A", "correct": true}}
{"type": "result", "data": {"idx": 48, "options": ["True, True", "False, False", "True, False", "False, True"], "probs": [[0.4883716701972871, 0.16659249363663817, 0.21613736448510776, 0.12889847158096696], [0.32232012380952685, 0.24395062790008812, 0.16527869803210254, 0.2684505501582825], [0.480024236393559, 0.18850939676178138, 0.24841702907346896, 0.08304933767119065], [0.34035024043494383, 0.40276235337998134, 0.11993178724043296, 0.13695561884464183]], "ideal": "D", "sampled": "A", "correct": false}}
{"type": "result", "data": {"idx": 49, "options": ["True, True", "False, False", "True, False", "False, True"], "probs": [[0.3030526249388009, 0.186820069329532, 0.32873784512755555, 0.18138946050411156], [0.3250625528088755, 0.26986996140970076, 0.18278205937650038, 0.2222854263049233], [0.40884003821188203, 0.20415498708654267, 0.27321353071706717, 0.1137914438845081], [0.31720696931268755, 0.34101976924645777, 0.17021336642549909, 0.17155989491535562]], "ideal": "D", "sampled": "C", "correct": false}}
{"type": "result", "data": {"idx": 50, "options": ["O(1)", "O( N )", "O(log N )", "O( N^2 )"], "probs": [[0.16095054678794282, 0.5299873631670157, 0.17314306357899015, 0.13591902636605138], [0.4470279447730199, 0.24754868076428843, 0.16758189844032345, 0.13784147592236826], [0.36676348046190693, 0.2885903245762289, 0.15817425200702998, 0.18647194285483415], [0.4526031016850864, 0.17889818547367206, 0.27339905497677996, 0.0950996577644616]], "ideal": "B", "sampled": "B", "correct": true}}
{"type": "result", "data": {"idx": 51, "options": ["True, True", "False, False", "True, False", "False, True"], "probs": [[0.32295612552774217, 0.21199935899048836, 0.290390593357218, 0.17465392202455146], [0.2807132601457263, 0.2855319082451437, 0.17335614560301046, 0.26039868590611953], [0.3818254001730891, 0.24111336879494502, 0.2716200528043066, 0.10544117812765928], [0.29998423752216047, 0.3829779808442878, 0.15479698314319862, 0.16224079839035307]], "ideal": "A", "sampled": "A", "correct": true}}
{"type": "result", "data": {"idx": 52, "options": ["True, True", "False, False", "True, False", "False, True"], "probs": [[0.2692976095036376, 0.19603548971573978, 0.3504155314798764, 0.18425136920074617], [0.29950922278286224, 0.2935805574722477, 0.20350031249424844, 0.20340990715064156], [0.4090784672571737, 0.2589407976729374, 0.23603438893734166, 0.09594634603254724], [0.33869317675263055, 0.3271177161473403, 0.17105412736395303, 0.1631349796360761]], "ideal": "D", "sampled": "C", "correct": false}}
{"type": "result", "data": {"idx": 53, "options": ["Is unbounded, encompassing all real numbers.", "Is unbounded, encompassing all integers.", "Is bounded between 0 and 1.", "Is bounded between -1 and 1."], "probs": [[0.026357570559311875, 0.03335176904525362, 0.8885760240429155, 0.05171463625251901], [0.024149527419205827, 0.8803840912534698, 0.04807598442419948, 0.047390396803124825], [0.9270752070814694, 0.030295353548141057, 0.023051359857071692, 0.019578079413317868], [0.6889077418535402, 0.09043487935354796, 0.05796460930865272, 0.16269276938425914]], "ideal": "C", "sampled": "C", "correct": true}}
{"type": "result", "data": {"idx": 54, "options": ["Linear hard-margin SVM.", "Linear Logistic Regression.", "Linear Soft margin SVM.", "The centroid method."], "probs": [[0.3450891220929739, 0.2824311725916135, 0.19432293498109454, 0.17815677023431806], [0.3414757752956673, 0.2707985502686635, 0.16831226158320192, 0.21941341275246729], [0.31789806343995036, 0.22248630722500032, 0.20927538356554326, 0.250340245669506], [0.3133997367515645, 0.22812967340050222, 0.209647107247117, 0.24882348250081623]], "ideal": "A", "sampled": "B", "correct": false}}
{"type": "result", "data": {"idx": 55, "options": ["Partitioning based clustering", "K-means clustering", "Grid based clustering", "All of the above"], "probs": [[0.3855216560204992, 0.19262203859283586, 0.16123490274180283, 0.26062140254486205], [0.3233314607714977, 0.20905307488795882, 0.31023265521556287, 0.15738280902498059], [0.3094126627942358, 0.26921826999502746, 0.22918491404722452, 0.19218415306351225], [0.3735631667988607, 0.2571559318205515, 0.194422421338569, 0.17485847994201875]], "ideal": "D", "sampled": "D", "correct": true}}
{"type": "result", "data": {"idx": 56, "options": ["True, True", "False, False", "True, False", "False, True"], "probs": [[0.3062315628554892, 0.18323765966308075, 0.33833796286683404, 0.17219281451459598], [0.29760346257099923, 0.30828527072394496, 0.17718184256542913, 0.21692942403962664], [0.41853902189665815, 0.24307579301723253, 0.24176487815505823, 0.0966203068310511], [0.30447383350931423, 0.3868193155072056, 0.1501861147349145, 0.15852073614856566]], "ideal": "D", "sampled": "C", "correct": false}}
{"type": "result", "data": {"idx": 57, "options": ["True, True", "False, False", "True, False", "False, True"], "probs": [[0.3720871528546095, 0.17483538574948565, 0.29119680139514514, 0.16188065990075973], [0.32950042658732037, 0.24559475452796906, 0.17702072422049836, 0.2478840945642122], [0.408456352879293, 0.20438842353785452, 0.2957344253185432, 0.09142079816430922], [0.315779820837697, 0.3917275789706174, 0.14509067779413282, 0.14740192229755275]], "ideal": "D", "sampled": "A", "correct": false}}
{"type": "result", "data": {"idx": 58, "options": ["P(E, F), P(H), P(E|H), P(F|H)", "P(E, F), P(H), P(E, F|H)", "P(H), P(E|H), P(F|H)", "P(E, F), P(E|H), P(F|H)"], "probs": [[0.25740990040112366, 0.23659858105200848, 0.25002843139055503, 0.2559630870563129], [0.15704251910285638, 0.15361391123064827, 0.3204139482284494, 0.368929621338046], [0.133208215223343, 0.22169974444079693, 0.39565241332865986, 0.2494396269072002], [0.24776874480153996, 0.2902091145225233, 0.20582278070775786, 0.2561993598681789]], "ideal": "B", "sampled": "A", "correct": false}}
{"type": "result", "data": {"idx": 59, "options": ["The use of sampling with replacement as the sampling technique", "The use of weak classifiers", "The use of classification algorithms which are not prone to overfitting", "The practice of validation performed on every classifier trained"], "probs": [[0.3601838105584183, 0.3366339256521287, 0.1350583752118351, 0.16812388847761792], [0.550936127440797, 0.1982796876655285, 0.11953270968490777, 0.13125147510876672], [0.1228887054449409, 0.15560466298447143, 0.18065140178312633, 0.5408552296874614], [0.20799868367028376, 0.2919729519206546, 0.292585181002035, 0.20744318330702666]], "ideal": "B", "sampled": "B", "correct": true}}
{"type": "result", "data": {"idx": 60, "options": ["True, True", "False, False", "True, False", "False, True"], "probs": [[0.32379930725734996, 0.1922649265295983, 0.29602175506937023, 0.1879140110436815], [0.30320321789356064, 0.26828678458382904, 0.1859613497340498, 0.24254864768856052], [0.40088960225678794, 0.2495625596276512, 0.2479446064586009, 0.10160323155696], [0.32617096145640695, 0.37377703938459556, 0.14182961630418497, 0.15822238275481249]], "ideal": "B", "sampled": "A", "correct": false}}
{"type": "result", "data": {"idx": 61, "options": ["True, True", "False, False", "True, False", "False, True"], "probs": [[0.3248379721816173, 0.20224049400694316, 0.28569342405880155, 0.18722810965263803], [0.34798397573376844, 0.24174387030139483, 0.18115595931518622, 0.22911619454965051], [0.4557206528389563, 0.21090416136724358, 0.2337134278992032, 0.09966175779459692], [0.3502881981210984, 0.343615457840866, 0.14766076865779418, 0.1584355752802414]], "ideal": "A", "sampled": "C", "correct": false}}
{"type": "result", "data": {"idx": 62, "options": ["0", "1", "2", "3"], "probs": [[0.2871705293368225, 0.2788126170356411, 0.2662346064778168, 0.16778224704971959], [0.3132028970763672, 0.2747076235349732, 0.2388281148084027, 0.17326136448025692], [0.40539319527247314, 0.2621428448338282, 0.2026979983454304, 0.12976596144826827], [0.34435933311774897, 0.22974402857891002, 0.25647338840075506, 0.169423249802586]], "ideal": "C", "sampled": "C", "correct": true}}
{"type": "result", "data": {"idx": 63, "options": ["The examples farthest from the decision boundary.", "The only examples necessary to compute f(x) in an SVM.", "The data centroid.", "All the examples that have a non-zero weight \u03b1k in a SVM."], "probs": [[0.6916784775675099, 0.138319110522207, 0.06545199014286404, 0.10455042166741903], [0.5059342089346285, 0.1351256152927227, 0.17249607576171608, 0.1864440999109327], [0.08343876648787438, 0.504012927242991, 0.25757919971813287, 0.15496910645100187], [0.3758874805202145, 0.3790621132839486, 0.13114742835679905, 0.11390297773903789]], "ideal": "B", "sampled": "A", "correct": false}}
{"type": "result", "data": {"idx": 64, "options": ["True, True", "False, False", "True, False", "False, True"], "probs": [[0.35723387659145545, 0.20238816434522913, 0.2838010745390411, 0.15657688442427437], [0.3647191659121947, 0.255353528741386, 0.17286509991056653, 0.2070622053358527], [0.45388505809454405, 0.21654737515605463, 0.2420021783168527, 0.08756538833254864], [0.36354730071287716, 0.32961640249795293, 0.16059260308019643, 0.14624369360897346]], "ideal": "A", "sampled": "C", "correct": false}}
{"type": "result", "data": {"idx": 65, "options": ["Regularization is too low and model is overfitting", "Regularization is too high and model is underfitting", "Step size is too large", "Step size is too small"], "probs": [[0.6273445626617492, 0.1662408150471091, 0.10926169400154498, 0.09715292818959669], [0.3629374963995346, 0.23282829965535423, 0.17066089080031793, 0.23357331304479323], [0.12456252050830596, 0.13798118047470428, 0.5144812021480468, 0.22297509676894298], [0.14489352161875116, 0.5697941567255673, 0.16851667430367198, 0.1167956472520095]], "ideal": "C", "sampled": "A", "correct": false}}
{"type": "result", "data": {"idx": 66, "options": ["0.0495", "0.078", "0.635", "0.97"], "probs": [[0.21689579211831433, 0.22274756761271855, 0.37001199077857855, 0.19034464939038856], [0.23270348058852305, 0.30694449402219987, 0.2684969643756019, 0.19185506091367518], [0.33563734097811965, 0.19475699049542827, 0.32612607851719205, 0.14347958990926005], [0.10436754905955381, 0.4111886712018187, 0.28433231151983657, 0.20011146811879094]], "ideal": "C", "sampled": "C", "correct": true}}
{"type": "result", "data": {"idx": 67, "options": ["True, True", "False, False", "True, False", "False, True"], "probs": [[0.29635099015179595, 0.18580158329836563, 0.33175161971934547, 0.186095806730493], [0.2987746178074692, 0.25215993831973577, 0.1904388779472932, 0.2586265658255018], [0.3638017989971618, 0.21602096668658938, 0.314789437140574, 0.10538779707567482], [0.28144372345505225, 0.3771722428770859, 0.16592489675784544, 0.17545913681001643]], "ideal": "A", "sampled": "A", "correct": true}}
{"type": "result", "data": {"idx": 68, "options": ["True, True", "False, False", "True, False", "False, True"], "probs": [[0.37742182046242573, 0.2103777943284867, 0.2543981335147415, 0.1578022515943461], [0.3688122001983485, 0.2745844476021917, 0.16164743943557985, 0.19495591266387993], [0.4733532929442336, 0.21878799630906792, 0.21584921912292915, 0.09200949152376933], [0.36748549643824735, 0.346027285960936, 0.14660548982991406, 0.13988172767090254]], "ideal": "A", "sampled": "C", "correct": false}}
{"type": "result", "data": {"idx": 69, "options": ["Expectation Maximization", "CART", "Gaussian Na\u00efve Bayes", "Apriori"], "probs": [[0.25329209126359775, 0.22744677146326264, 0.3271029688717542, 0.1921581683013854], [0.11764145071583945, 0.14211823256558914, 0.5141006784238011, 0.22613963819477023], [0.14825014989458413, 0.26902181308293993, 0.38074389663619945, 0.20198414028627645], [0.1656598646969796, 0.22161141696178355, 0.4255724377675192, 0.18715628047371768]], "ideal": "A", "sampled": "D", "correct": false}}
{"type": "result", "data": {"idx": 70, "options": ["Your decision trees are too shallow.", "You need to increase the learning rate.", "You are overfitting.", "None of the above."], "probs": [[0.05472876436808091, 0.04758969587299214, 0.812754914796004, 0.08492662486292288], [0.07712684113233556, 0.7508349697597124, 0.1150573758314744, 0.05698081317647757], [0.7597243585279112, 0.1103718561762691, 0.07077117632663518, 0.05913260886918453], [0.04693061672344786, 0.04588581050602421, 0.05940759517046934, 0.8477759775000586]], "ideal": "A", "sampled": "C", "correct": false}}
{"type": "result", "data": {"idx": 71, "options": ["linear in K", "quadratic in K", "cubic in K", "exponential in K"], "probs": [[0.3577065169453542, 0.3065642714193863, 0.1667433976960332, 0.16898581383922628], [0.2644275527609541, 0.19087095624751307, 0.20979431196481785, 0.33490717892671495], [0.25334832447242933, 0.22942301970546525, 0.33157396807296297, 0.18565468764914245], [0.28944665151731663, 0.381471415268482, 0.16794779633340756, 0.1611341367807938]], "ideal": "A", "sampled": "A", "correct": true}}
{"type": "result", "data": {"idx": 72, "options": ["True, True", "False, False", "True, False", "False, True"], "probs": [[0.29569995840960067, 0.20204878152449213, 0.30620500898584874, 0.1960462509800584], [0.28527641293533956, 0.2665523588390827, 0.20132508871926263, 0.24684613940631514], [0.3463785504819623, 0.22767877104145864, 0.31666554432915933, 0.10927713404741966], [0.26922287559967717, 0.40564903654937323, 0.15870418835365618, 0.1664238993972934]], "ideal": "B", "sampled": "A", "correct": false}}
