{"type": "result", "data": {"idx": 0, "options": ["5 permanent members with veto power, 10 rotating members with no veto power", "5 permanent members and 10 rotating members, all with veto power", "10 permanent members with veto power, and 5 rotating members without veto power", "15 permanent members with veto power"], "probs": [[0.6160892247537597, 0.1835938095862854, 0.11073552815998891, 0.08958143739996596], [0.21875037064453176, 0.3392741285982681, 0.13513622492012406, 0.3068392757370761], [0.3955164702021265, 0.26577820381180767, 0.2243241136921093, 0.11438121219395653], [0.2531695256255364, 0.5123041653347434, 0.09557471390414504, 0.13895159503557514]], "ideal": "A", "sampled": "A", "correct": true}}
{"type": "result", "data": {"idx": 1, "options": ["It allowed the US to intensify its involvement in Vietnam", "It illustrated the influence of public opinion on US foreign policy", "It enhanced Congressional control over the Vietnam War", "It curtailed US involvement in Vietnam"], "probs": [[0.8551444847186002, 0.056769843081485034, 0.045400790019993975, 0.04268488207992083], [0.16666093715343616, 0.23712161534324763, 0.13660763406292908, 0.4596098133403871], [0.07326868593249089, 0.09556265492246635, 0.717172173316339, 0.11399648572870381], [0.04265414502804196, 0.859855880578424, 0.050419367281304535, 0.04707060701222955]], "ideal": "A", "sampled": "A", "correct": true}}
{"type": "result", "data": {"idx": 2, "options": ["Terrorists", "Organized crime", "Drug traffickers", "China"], "probs": [[0.17365521904630904, 0.25914024145663106, 0.18377413522369127, 0.38343040417336866], [0.28741524477156516, 0.15885487670665527, 0.2747801027851729, 0.27894977563660667], [0.2110537023788295, 0.2179283233950411, 0.19699360721814044, 0.37402436690798896], [0.221258057408741, 0.19848751712766352, 0.24734848719438943, 0.33290593816920605]], "ideal": "D", "sampled": "B", "correct": false}}
{"type": "result", "data": {"idx": 3, "options": ["Richard Nixon", "George H. W. Bush", "Jimmy Carter", "Ronald Reagan"], "probs": [[0.9753646000276142, 0.009569726050089182, 0.0073547580386888346, 0.007710915783607793], [0.043106243973524645, 0.08312303757856379, 0.11376272395075317, 0.7600079943971584], [0.04309601467997927, 0.04309263211657762, 0.861767780223304, 0.0520435728801391], [0.025048616668149573, 0.897984788189417, 0.025093508281144362, 0.05187308676128914]], "ideal": "A", "sampled": "A", "correct": true}}
{"type": "result", "data": {"idx": 4, "options": ["on nuclear weapons signed between the United States and the Soviet Union.", "cutting conventional arms in Europe.", "to be rejected by the U.S. Senate.", "mandating the elimination of many long-range nuclear missiles."], "probs": [[0.7193650763365632, 0.06319381437251918, 0.05227539804670636, 0.16516571114421127], [0.0759988622291807, 0.09313510010446951, 0.44114236375963145, 0.38972367380671835], [0.12773845898217415, 0.6074559001396229, 0.20069023665730587, 0.06411540412089713], [0.20957934548724144, 0.7282680244381955, 0.02801700068584423, 0.03413562928871887]], "ideal": "D", "sampled": "A", "correct": false}}
{"type": "result", "data": {"idx": 5, "options": ["It ended the influence of American exceptionalism entirely", "Exceptionalism was enhanced by America's status as the 'leader of the free world'", "The extension of American power globally challenged core assumptions of exceptionalism", "Both b and c"], "probs": [[0.12620670354336286, 0.4973574278666377, 0.1539653780285756, 0.2224704904614238], [0.625067261919484, 0.1451170211192548, 0.14090872439415084, 0.08890699246711034], [0.5759995831867486, 0.17163658607455823, 0.0920206998482296, 0.16034313079046356], [0.17720509931755435, 0.10937207109600278, 0.4269084302139409, 0.286514399272502]], "ideal": "D", "sampled": "B", "correct": false}}
{"type": "result", "data": {"idx": 6, "options": ["He believed that internal reform rather than international negotiation was the key to economic regeneration of the US", "He believed that German domination of Europe would be in US interests", "He always favoured isolationism", "All of the above"], "probs": [[0.4529005811513579, 0.12299105260854709, 0.14859697493492693, 0.2755113912051681], [0.26589748260700097, 0.24644841251292993, 0.2827277481273211, 0.20492635665274803], [0.22877259676716247, 0.34170968280536074, 0.29123224069351866, 0.1382854796339581], [0.41640176123979766, 0.2844922159479018, 0.12757394826406193, 0.1715320744482386]], "ideal": "A", "sampled": "D", "correct": false}}
{"type": "result", "data": {"idx": 7, "options": ["A strand of neo-isolationist sentiment", "A strand of internationalist sentiment", "An expression of American cultural superiority", "Increased incorporation of public opinion in foreign policy making"], "probs": [[0.3602794137257623, 0.23831670161424628, 0.11927292583638482, 0.2821309587236066], [0.06888720264179561, 0.05850628281346734, 0.7941869348576163, 0.07841957958712072], [0.06176635387890076, 0.8095922650241154, 0.07181193094307146, 0.056829450053912385], [0.7083159563342984, 0.10038261042606965, 0.11588848413110471, 0.07541294900852714]], "ideal": "A", "sampled": "D", "correct": false}}
{"type": "result", "data": {"idx": 8, "options": ["The war reduced European population levels below that of the United States", "The United States seized German resources after the war", "European countries paid the United States for assistance", "The United States became a creditor country and financial centre, with European war spending boosting the US economy"], "probs": [[0.03764762082145642, 0.02912320644811047, 0.09711921467344269, 0.8361099579569904], [0.03131004807498721, 0.062281646034205176, 0.8657310476373332, 0.04067725815347432], [0.08957989613091591, 0.8398299906289054, 0.03253591841732851, 0.038054194722850154], [0.9107197316319867, 0.03475363328581255, 0.026315675310506895, 0.028210959671693868]], "ideal": "D", "sampled": "D", "correct": true}}
{"type": "result", "data": {"idx": 9, "options": ["the president of the United States.", "the secretary of defense.", "the chairman of the Joint Chiefs of Staff.", "Congress."], "probs": [[0.021580756210909866, 0.014730933463845044, 0.06176826873568297, 0.9019200414895621], [0.038454374581462246, 0.03313667936104171, 0.8854133719082373, 0.042995574049258724], [0.052319579405912364, 0.8353598806398199, 0.08953922341098682, 0.022781316443280943], [0.9574079111347377, 0.011523581557163497, 0.022495810860090927, 0.008572696348007934]], "ideal": "D", "sampled": "D", "correct": true}}
{"type": "result", "data": {"idx": 10, "options": ["The US ignored the Third World", "Local developments were viewed through a geopolitical lens", "The US unreservedly supported decolonization", "None of the above"], "probs": [[0.06361243954727094, 0.7947077517466626, 0.07690173329668921, 0.06477807530937724], [0.8885560266749252, 0.03468216813193693, 0.046773390785743066, 0.0299884143073948], [0.07401568827864823, 0.084541235794529, 0.10061786102484582, 0.7408252148019769], [0.03268531692472275, 0.079019976665227, 0.8270516004865907, 0.06124310582345959]], "ideal": "B", "sampled": "B", "correct": true}}
{"type": "result", "data": {"idx": 11, "options": ["It was the first time the US became involved in the Balkans", "It was the first time NATO used military force", "It was the first war won by airpower alone", "It was the first war to employ 'smart weapons'"], "probs": [[0.14580758783596534, 0.41300925089814283, 0.22318069474734423, 0.21800246641854756], [0.31582119587152246, 0.18015235392210877, 0.17646385464596623, 0.3275625954604025], [0.1452420854885952, 0.09840884425285011, 0.12173243319264278, 0.6346166369659119], [0.11194333599794055, 0.1319891829953107, 0.5847624030834158, 0.17130507782333299]], "ideal": "C", "sampled": "B", "correct": false}}
{"type": "result", "data": {"idx": 12, "options": ["The character of a state's leader", "The distribution of power in the international system", "The distribution of power within a state's governmental system", "A state's political ideology"], "probs": [[0.04129497380098856, 0.8803076245534878, 0.03829188314768582, 0.040105518397837804], [0.9600720729398746, 0.0156371057792769, 0.010361339891178059, 0.013929481289670476], [0.28785212967342133, 0.07930586249911878, 0.09662874499103495, 0.5362132627364249], [0.02912974849211159, 0.04308079359208155, 0.8757215500229208, 0.05206790779288597]], "ideal": "B", "sampled": "B", "correct": true}}
{"type": "result", "data": {"idx": 13, "options": ["Leaders have incentives to lie", "If leaders revealed their programs, they would be more likely to be attacked", "Leaders will not always grant foreign monitors access to their nuclear programs", "ALL of the above"], "probs": [[0.2276727011797006, 0.1003833807990165, 0.13630324905425545, 0.5356406688670274], [0.3749622944373097, 0.12477114609467281, 0.34576266485328916, 0.1545038945147283], [0.44463967279993133, 0.2519583218423143, 0.13403230013247466, 0.16936970512527963], [0.30795484319297234, 0.24030801293372075, 0.1592134064393957, 0.2925237373339112]], "ideal": "D", "sampled": "D", "correct": true}}
{"type": "result", "data": {"idx": 14, "options": ["the Senate.", "the president.", "the Secretary of State.", "the chairman of the Joint Chiefs."], "probs": [[0.10876437163006147, 0.7894780442903232, 0.05860278006986311, 0.04315480390975216], [0.7011724196808821, 0.1447381815288493, 0.04179186778316915, 0.11229753090709947], [0.18706587678661138, 0.0459012817362463, 0.03317899493180369, 0.7338538464453386], [0.031245428134492922, 0.03540460286964771, 0.7688848742406122, 0.16446509465524708]], "ideal": "B", "sampled": "B", "correct": true}}
{"type": "result", "data": {"idx": 15, "options": ["Required the United States and Russia to demobilize their armies", "Required the United States and Russia to dismantle a significant number of their nuclear weapons", "Prohibited the acquisition of new military bases", "Prohibited short-range nuclear weapons"], "probs": [[0.03245233093472292, 0.8394832487007624, 0.053609396388921204, 0.07445502387559344], [0.8763927930736888, 0.04095716454927117, 0.02826342954547447, 0.054386612731565594], [0.01887008814699752, 0.028139175187219527, 0.03265915950649845, 0.9203315770592845], [0.022985408915423167, 0.05179935834190704, 0.8800968729526274, 0.04511835969004239]], "ideal": "B", "sampled": "B", "correct": true}}
{"type": "result", "data": {"idx": 16, "options": ["An American declaration that the US was always open to Chinese immigration", "An American proclamation that China should be divided up between the US, Japan and the European empires", "An American proclamation that China should be open to US trade and missionaries", "An American declaration of support for Chinese economic protectionism"], "probs": [[0.014515054559434817, 0.047551475947685946, 0.908569404759171, 0.02936406463370823], [0.02926453825942731, 0.9199963999361591, 0.02773166685210139, 0.023007394852312214], [0.7546120937502672, 0.1250578174246797, 0.057862848468767304, 0.06246724025628581], [0.01720407521681936, 0.027922297404187172, 0.033686390374499046, 0.9211872369044944]], "ideal": "C", "sampled": "C", "correct": true}}
{"type": "result", "data": {"idx": 17, "options": ["Irrationality on the part of the leadership", "Costs of free trade are concentrated, but benefits are dispersed", "Regime type", "International conflict prevents trade"], "probs": [[0.09107898581960405, 0.7075344639696957, 0.13824274262488628, 0.06314380748581397], [0.8198790427240557, 0.05937564283945999, 0.05295225153405058, 0.06779306280243376], [0.06699840128493284, 0.045048960555659566, 0.09252976832052612, 0.7954228697388814], [0.040166869157009955, 0.06424678020659189, 0.7989618062328764, 0.0966245443035218]], "ideal": "B", "sampled": "B", "correct": true}}
{"type": "result", "data": {"idx": 18, "options": ["Lack of US firepower", "Concern over oil supplies", "Limited UN mandate and fear of a protracted conflict", "Difficult terrain and fear of civilian casualties"], "probs": [[0.06484360847323282, 0.08934921570683366, 0.6471625421183281, 0.19864463360160542], [0.1508032873361491, 0.6163329665143756, 0.12146230402751995, 0.11140144202195527], [0.7914904171959289, 0.07248283554916829, 0.05518102188055609, 0.08084572527434665], [0.3488920938782708, 0.11502279142443451, 0.1676649313676014, 0.3684201832296933]], "ideal": "C", "sampled": "C", "correct": true}}
{"type": "result", "data": {"idx": 19, "options": ["They allow the US to withdraw from the international arena", "They serve American interests", "The US is incapable of acting alone", "None of the above"], "probs": [[0.08959768711624623, 0.7288514971004242, 0.10344600676455774, 0.07810480891877185], [0.7914295018843495, 0.09589708381162315, 0.0682534411126643, 0.04441997309136306], [0.058015573764006255, 0.04416231810604977, 0.04566081985374652, 0.8521612881761974], [0.03921841924562034, 0.11351238876662231, 0.7505776946204739, 0.09669149726728353]], "ideal": "B", "sampled": "B", "correct": true}}
{"type": "result", "data": {"idx": 20, "options": ["It indicated the special place of Greece and Turkey in American interests", "It was Truman's first statement on European affairs", "It indicated US reluctance to get involved in incidents outside of its immediate sphere of influence", "It indicated that the US would now view all local revolts through a geopolitical lens"], "probs": [[0.7263088442838918, 0.08268866255931209, 0.06358776654327045, 0.12741472651352573], [0.13838179305017648, 0.07584454806996498, 0.26542928614473477, 0.5203443726351238], [0.0839927823165297, 0.6618672263476698, 0.12165512998984204, 0.13248486124595843], [0.5733477387250153, 0.19489986902165682, 0.11954380392512606, 0.11220858822820176]], "ideal": "D", "sampled": "D", "correct": true}}
{"type": "result", "data": {"idx": 21, "options": ["It democratizes countries", "It has no real effect", "It encourages stability of the regime", "It changes the nature of the investor"], "probs": [[0.07128997997658791, 0.0752636503392244, 0.7299542535104694, 0.12349211607371828], [0.15552471808315826, 0.4760623048673198, 0.23404920447585773, 0.13436377247366418], [0.4834194336819196, 0.23365474538687583, 0.14424505398484885, 0.13868076684635572], [0.17874068819020028, 0.15542381205005057, 0.15448240134731667, 0.5113530983124325]], "ideal": "C", "sampled": "C", "correct": true}}
{"type": "result", "data": {"idx": 22, "options": ["containment.", "neoconservatism.", "isolationism.", "protectionism."], "probs": [[0.1422574088832495, 0.06066880069813816, 0.7110152323319, 0.08605855798671229], [0.20306309147846688, 0.3659760191979396, 0.22045597936440417, 0.21050490985918932], [0.874540069963802, 0.04452747305160165, 0.03823890335053344, 0.042693553534062935], [0.16672861698635535, 0.06955002299410507, 0.09243632175919161, 0.6712850381603479]], "ideal": "C", "sampled": "C", "correct": true}}
{"type": "result", "data": {"idx": 23, "options": ["To increase the wealth of King George III", "The growing costs of war with France", "Anger at America's growing prosperity", "Pressure from rich merchants"], "probs": [[0.17657492615453496, 0.20421482347680378, 0.39469479882911507, 0.22451545143954615], [0.4221442513596793, 0.2454909906889581, 0.15983022271494496, 0.1725345351364176], [0.4137569336644539, 0.24047416267021185, 0.11278746191932805, 0.2329814416460062], [0.15844860862894836, 0.10507392766160158, 0.30949953639023803, 0.4269779272192121]], "ideal": "B", "sampled": "C", "correct": false}}
{"type": "result", "data": {"idx": 24, "options": ["Ronald Reagan", "George Soros", "Bill Clinton", "George W. Bush"], "probs": [[0.07728947010824165, 0.2980433426353564, 0.46424278958150617, 0.16042439757489574], [0.4464095001603804, 0.32746757345893823, 0.14402224861019272, 0.08210067767048865], [0.4674039343305742, 0.2433853970705848, 0.1440058754536784, 0.14520479304516257], [0.07777716450441442, 0.09982173441311086, 0.4349412451232023, 0.38745985585927234]], "ideal": "C", "sampled": "C", "correct": true}}
{"type": "result", "data": {"idx": 25, "options": ["diplomacy is the quietest instrument of influence in global politics.", "the way political parties fight with each other.", "the idea that governments use their military to help pursue policy goals.", "the way Democrats and Republicans differ over the war in Iraq."], "probs": [[0.026151277061911792, 0.0392723930086384, 0.8753129846222464, 0.05926334520720336], [0.049700558180607333, 0.8236789702545462, 0.06523901223483962, 0.061381459230006874], [0.9245954368381699, 0.03237672060722049, 0.022684587286706515, 0.020343255167903047], [0.0451573201797837, 0.031111236940036518, 0.04753416358719036, 0.8761972791929894]], "ideal": "C", "sampled": "C", "correct": true}}
{"type": "result", "data": {"idx": 26, "options": ["Promotion of Democracy, free-trade and international institutions", "Alliances, diplomacy and protectionism", "The balance of power, self-sufficiency and prudence", "None of the above"], "probs": [[0.9157490337055332, 0.022908012330319458, 0.03160916133093142, 0.029733792533215973], [0.05149396231803123, 0.04653369349024943, 0.04658434253808567, 0.8553880015536337], [0.11743792232768012, 0.06432592171030159, 0.7526800091756709, 0.06555614668634732], [0.07917704712620584, 0.8676624604296023, 0.030585221162954663, 0.022575271181237234]], "ideal": "A", "sampled": "A", "correct": true}}
{"type": "result", "data": {"idx": 27, "options": ["US expansion was based on territory rather than markets post-1865", "US expansion was based on markets rather than territory post-1865", "US expansion was limited to Latin America post-1865", "US expansion ended after 1865"], "probs": [[0.18513724343964735, 0.6474449086096514, 0.07555864061820887, 0.09185920723249237], [0.36000591214915517, 0.14313578180549058, 0.12964038025337307, 0.3672179256919812], [0.0530995322684691, 0.0665844686253594, 0.27887681435474904, 0.6014391846514224], [0.060828687567251336, 0.5521162912328152, 0.2982935398010204, 0.08876148129891298]], "ideal": "B", "sampled": "B", "correct": true}}
{"type": "result", "data": {"idx": 28, "options": ["That the capitalist search for profits was the leading cause of armed conflict", "That the United States no longer needed to be militarily strong", "That military spending gave the arms industry unwarranted influence on politics and government", "That private companies would undermine the role of the Armed Forces"], "probs": [[0.01601381629571026, 0.030325305278645784, 0.9222366384656246, 0.03142423986001932], [0.03720553383573243, 0.8971944545134876, 0.03393304903094985, 0.03166696251983012], [0.9257095620176984, 0.024844861361281233, 0.024737543203371265, 0.024708033317649113], [0.018839982422716964, 0.02533660779409367, 0.04181450458313475, 0.9140089051000546]], "ideal": "C", "sampled": "C", "correct": true}}
{"type": "result", "data": {"idx": 29, "options": ["the Security Council.", "the Chamber of Deputies.", "the Council of Ministers.", "the Secretariat."], "probs": [[0.9518055976931377, 0.021650554751259436, 0.012165227051684966, 0.014378620403917925], [0.03933998320312895, 0.03660370177311635, 0.06304391073644607, 0.8610124041873086], [0.06398806529632885, 0.08133593703481987, 0.7985161304117588, 0.05615986715709244], [0.08701370137468037, 0.8221057270939345, 0.048348819230287825, 0.04253175220109732]], "ideal": "A", "sampled": "A", "correct": true}}
{"type": "result", "data": {"idx": 30, "options": ["Conservatives are skeptical of increases in defense spending; liberals advocate increases in defense spending.", "Conservatives favor social spending over defense spending; liberals favor defense spending over social spending.", "Conservatives advocate increases in defense spending; liberals are generally skeptical of increases in defense spending.", "Conservatives emphasize strong economies; liberals emphasize strong military readiness."], "probs": [[0.08943182174576673, 0.06656310856602567, 0.7588967597712065, 0.08510830981700106], [0.07364794917276442, 0.7835981974057641, 0.07043221172390118, 0.07232164159757035], [0.7235883907938226, 0.07999099611456238, 0.137266036766466, 0.059154576225148976], [0.06676360418020436, 0.0728570020977418, 0.0668621977161719, 0.793517195905882]], "ideal": "C", "sampled": "C", "correct": true}}
{"type": "result", "data": {"idx": 31, "options": ["Provide strong enforcement", "Monitor parties", "Provide fora for discussion", "Reduce transaction costs for agreements"], "probs": [[0.19515829949563016, 0.16075950327454766, 0.4201086115481726, 0.22397358558164956], [0.2665485183113775, 0.37374666886387015, 0.1828891214975979, 0.17681569122715446], [0.5486885104268273, 0.18951868303017994, 0.10682998943638954, 0.15496281700660317], [0.4471734032430092, 0.1670438895343424, 0.1639620463695463, 0.22182066075310208]], "ideal": "A", "sampled": "C", "correct": false}}
{"type": "result", "data": {"idx": 32, "options": ["Foreign policies of other states", "International law", "Intergovernmental organizations", "All of the above"], "probs": [[0.22594412629036542, 0.0885411868715091, 0.13631992312022498, 0.5491947636179005], [0.391842961272156, 0.1293260007967369, 0.3041121363335719, 0.17471890149753513], [0.3021353690877805, 0.23379369871085345, 0.240165256232884, 0.22390567586848203], [0.5437456530905111, 0.13225937282489492, 0.14117807569218757, 0.18281689829240638]], "ideal": "D", "sampled": "D", "correct": true}}
{"type": "result", "data": {"idx": 33, "options": ["Members of Congress negotiating directly with foreign governments", "Face-to-face meetings between state leaders", "The president consulting Congress on foreign policy issues", "Bilateral talks that do not involve a third-party negotiator"], "probs": [[0.07737497638696159, 0.1568498243152786, 0.06289252357036419, 0.7028826756273956], [0.03775831114638625, 0.04488809917256853, 0.830887572263442, 0.08646601731760317], [0.02146059965164891, 0.681308847752613, 0.058954384070503685, 0.2382761684252344], [0.6116042140195996, 0.0671379203074122, 0.24226961171063305, 0.07898825386235518]], "ideal": "A", "sampled": "D", "correct": false}}
{"type": "result", "data": {"idx": 34, "options": ["The US inhibited the marketization of the Russian economy", "The US promoted the marketization of the Russian economy", "The US supported public ownership of natural resources", "None, the US was only concerned with security issues"], "probs": [[0.0777750989551188, 0.8383516134850639, 0.04111616716209289, 0.042757120297724334], [0.9132525272876257, 0.03403396140052179, 0.023283121974953695, 0.02943038923689872], [0.025605471039074994, 0.01694122464960605, 0.07134499187516016, 0.8861083123361588], [0.049415628063545054, 0.09908754864233471, 0.808731713582459, 0.04276510961166123]], "ideal": "B", "sampled": "B", "correct": true}}
{"type": "result", "data": {"idx": 35, "options": ["0", "1", "2", "3 or more"], "probs": [[0.055803412782163046, 0.06280488009140973, 0.25467852704207894, 0.6267131799843483], [0.04918098266001784, 0.07504512089317408, 0.8029313383591663, 0.07284255798764179], [0.0453291081542774, 0.8318959349769548, 0.05970501810154778, 0.06306993866721997], [0.7915644503743959, 0.06398517786954702, 0.08833815078875021, 0.05611222086730684]], "ideal": "D", "sampled": "D", "correct": true}}
{"type": "result", "data": {"idx": 36, "options": ["This would be an 'empire of liberty'", "This empire would be multi-cultural", "This type of empire would be based on expansion", "This would be empire free of slavery"], "probs": [[0.9275520442988768, 0.020817311478559634, 0.023781303313976623, 0.027849340808586868], [0.1938408410819362, 0.14288762210052822, 0.15735874917257933, 0.5059127875449563], [0.1351376344893983, 0.14165106625408622, 0.6198305579374871, 0.10338074121902831], [0.09523343258392904, 0.7934643620550179, 0.044040057359706446, 0.06726214790134655]], "ideal": "A", "sampled": "A", "correct": true}}
{"type": "result", "data": {"idx": 37, "options": ["bread and butter.", "war and peace.", "guns and butter.", "bombs and books."], "probs": [[0.06875371780907467, 0.07334933217914558, 0.8223068833246285, 0.035590066587151234], [0.11284306485520675, 0.8346598671093867, 0.022831222074165398, 0.029665845861241137], [0.956619527658784, 0.020556974445641654, 0.010796453430663759, 0.01202704436491054], [0.06515583184241983, 0.04157200423429963, 0.039243034505446764, 0.8540291293178337]], "ideal": "C", "sampled": "C", "correct": true}}
{"type": "result", "data": {"idx": 38, "options": ["The chance for the United States to share power with other countries in the world", "An opportunity to use to collapse of the Soviet Union to extend US power", "An international system that didn't face any threats", "The never-ending domination of the United States"], "probs": [[0.04260188641826781, 0.8917146174734363, 0.028627862671040536, 0.03705563333725537], [0.7950480760931411, 0.07106680796726422, 0.07062434781105564, 0.06326076802853907], [0.08729599480423575, 0.4838004743852244, 0.06604040462638457, 0.3628631260841553], [0.07694727525599958, 0.06378554092241176, 0.7809521308185982, 0.07831505290299051]], "ideal": "B", "sampled": "B", "correct": true}}
{"type": "result", "data": {"idx": 39, "options": ["Realism", "Idealism", "Liberalism", "None of the above"], "probs": [[0.28983282003257654, 0.4321995368897538, 0.1642155608217119, 0.11375208215595771], [0.37350756680165476, 0.2821119259247046, 0.1942504081382569, 0.15013009903538374], [0.5521991807251373, 0.15697653473106446, 0.18689933278107754, 0.10392495166272067], [0.17823281085648338, 0.23079346576438506, 0.4357245369240983, 0.15524918635503324]], "ideal": "A", "sampled": "B", "correct": false}}
{"type": "result", "data": {"idx": 40, "options": ["Armed conflict", "Anarchy", "Institutions", "No common language"], "probs": [[0.14802217866771158, 0.7767286687639526, 0.03382710423027539, 0.041422048238060345], [0.9573309401435521, 0.014630682756110963, 0.01195131910413105, 0.016087057896205847], [0.14656315414863377, 0.035355276565698084, 0.08293804340118686, 0.7351435257844813], [0.057372560566069195, 0.04646071184589909, 0.8345182189857375, 0.061648508502294135]], "ideal": "B", "sampled": "B", "correct": true}}
{"type": "result", "data": {"idx": 41, "options": ["These organizations merely identify those states who already support human rights", "They cannot get enough information about which leaders will abuse their citizens", "These organizations have little ability to constrain abusive leaders", "None of the above"], "probs": [[0.1864755795013553, 0.15126979437281796, 0.43253631926851765, 0.22971830675730903], [0.20308722250982944, 0.42862548781183446, 0.1590894287801227, 0.20919786079821343], [0.37045331129661196, 0.17000041140404212, 0.25056289503916823, 0.20898338216017767], [0.20408430389383597, 0.23556121830430563, 0.2495181076050908, 0.31083637009676757]], "ideal": "B", "sampled": "C", "correct": false}}
{"type": "result", "data": {"idx": 42, "options": ["It encouraged greater involvement in European politics", "It was designed as the antithesis of European politics", "It created a large standing army", "It encouraged the centralization of political power in the US"], "probs": [[0.09540101637338597, 0.648132536770617, 0.08314823047013295, 0.17331821628586408], [0.4116671619649259, 0.23626900854923452, 0.16299795859915286, 0.18906587078668669], [0.14044456810342068, 0.24281067739132878, 0.15353683322042422, 0.4632079211848263], [0.06861430274285903, 0.11046307030375475, 0.7134006660523481, 0.1075219608010381]], "ideal": "B", "sampled": "B", "correct": true}}
{"type": "result", "data": {"idx": 43, "options": ["Foreign policies of other states", "International law", "Intergovernmental organizations", "All of the above"], "probs": [[0.22594412629036542, 0.0885411868715091, 0.13631992312022498, 0.5491947636179005], [0.391842961272156, 0.1293260007967369, 0.3041121363335719, 0.17471890149753513], [0.3021353690877805, 0.23379369871085345, 0.240165256232884, 0.22390567586848203], [0.5437456530905111, 0.13225937282489492, 0.14117807569218757, 0.18281689829240638]], "ideal": "D", "sampled": "D", "correct": true}}
{"type": "result", "data": {"idx": 44, "options": ["Richard Nixon.", "Eugene McCarthy", "Lyndon Johnson.", "Robert Kennedy."], "probs": [[0.7494351089798255, 0.06124949051848875, 0.06090056863380128, 0.1284148317678845], [0.094106981061033, 0.13392889697894625, 0.10208646359147687, 0.6698776582685438], [0.07223537994111712, 0.10925682539186017, 0.6079300407713714, 0.21057775379565138], [0.15653076209236066, 0.3845148315352036, 0.12073799196096821, 0.3382164143114675]], "ideal": "A", "sampled": "A", "correct": true}}
{"type": "result", "data": {"idx": 45, "options": ["Liberty", "Equality", "Autocracy", "Individualism"], "probs": [[0.13111294413945418, 0.16841034087611936, 0.42838792712016827, 0.2720887877642582], [0.1875471286316202, 0.3680264870768214, 0.24388118049335575, 0.20054520369820264], [0.3810994624710453, 0.22058051822363897, 0.19223000107273408, 0.2060900181325816], [0.19888561064655366, 0.17276083446088866, 0.3264885045705137, 0.30186505022204396]], "ideal": "C", "sampled": "C", "correct": true}}
{"type": "result", "data": {"idx": 46, "options": ["nuclear disarmament.", "d\u00e9tente.", "anticommunism.", "international free trade."], "probs": [[0.05976386711987152, 0.051932297884764486, 0.8335876501092533, 0.05471618478611073], [0.13398471797743455, 0.7931280327366361, 0.022161545766350453, 0.050725703419578876], [0.9610962190982313, 0.0098117871751604, 0.006362864765264562, 0.02272912886134372], [0.032366128942823036, 0.02482885102276811, 0.031004097525930016, 0.9118009224084789]], "ideal": "C", "sampled": "C", "correct": true}}
{"type": "result", "data": {"idx": 47, "options": ["a war that deeply divided the United States and fostered cynicism toward the American government.", "an example of the doctrine of containment, because U.S. involvement was designed to prevent the fall of South Vietnam to the communists.", "an example of how even a great power may not be able to prevail against a determined enemy unless there is a clear objective and the national will to do so.", "All of the above are true."], "probs": [[0.17154949007072354, 0.07642531740663212, 0.12424824482645581, 0.6277769475961885], [0.35751644838800495, 0.1773800902600557, 0.29408589878973695, 0.1710175624622024], [0.38420004793736, 0.24885665619437788, 0.16007413445523425, 0.20686916131302785], [0.37093070145712387, 0.23831351099015333, 0.1750215440813519, 0.2157342433713709]], "ideal": "D", "sampled": "D", "correct": true}}
{"type": "result", "data": {"idx": 48, "options": ["the United Nations.", "the National Security Council.", "the State Department.", "the National Security Agency."], "probs": [[0.029318855350768194, 0.0931400603013167, 0.825840438486798, 0.051700645761117076], [0.15517766772148936, 0.7099170088058089, 0.0779676511805768, 0.05693767219212499], [0.04803483604936922, 0.023095162798158642, 0.03876605665637003, 0.8901039443961021], [0.017696393157549267, 0.014352246716517525, 0.4735573695436409, 0.49439399048229227]], "ideal": "C", "sampled": "C", "correct": true}}
{"type": "result", "data": {"idx": 49, "options": ["Jimmy Carter", "Ronald Reagan", "Bill Clinton", "Dwight Eisenhower"], "probs": [[0.1574314978068882, 0.581564072011869, 0.09007601311655976, 0.17092841696468306], [0.6000418394185255, 0.11378989603916825, 0.13872581098812214, 0.14744245345418408], [0.13813342049727279, 0.14961038416908368, 0.11772543848078308, 0.5945307567528605], [0.11536860121024507, 0.16171064489325118, 0.51138673683695, 0.21153401695955373]], "ideal": "B", "sampled": "B", "correct": true}}
{"type": "result", "data": {"idx": 50, "options": ["Revelations that the NSA was monitoring the communications of American citizens without obtaining warrants", "A leaked memo that linked the events of September 11, 2001, with the Democratic National Committee", "Revelations that the NSA had tortured prisoners at Guantanamo, Cuba", "A scathing report condemning the George W. Bush administration for \"building a case for the war in Iraq on a quicksand foundation\""], "probs": [[0.9261024878927235, 0.026722195590968882, 0.026151589169851303, 0.021023727246456233], [0.02223590243824803, 0.0209266118856941, 0.035592668417870656, 0.9212448171581872], [0.020668560174978604, 0.03129578311512325, 0.9261231810539979, 0.021912475555900254], [0.03717251501079059, 0.8975300804699665, 0.03757810971804084, 0.027719294701202078]], "ideal": "A", "sampled": "A", "correct": true}}
{"type": "result", "data": {"idx": 51, "options": ["A plan that provided economic assistance to rebuild Europe.", "A plan to provide aid to Greece and Turkey in their stand against Soviet and Soviet-assisted threats", "A plan that provided Europe with military assistance to counter the Soviet threat", "The plan designed to stop communism in Asia"], "probs": [[0.9418489247883238, 0.02214826854882473, 0.018296948234432765, 0.01770585832841871], [0.0350053682148853, 0.019639289190519264, 0.04608006510512855, 0.8992752773894669], [0.052748119555656794, 0.045830780480345876, 0.850956650401368, 0.0504644494626293], [0.07549260612189294, 0.8558899227112707, 0.035245187839658076, 0.033372283227178216]], "ideal": "A", "sampled": "A", "correct": true}}
{"type": "result", "data": {"idx": 52, "options": ["Having the capability to deter the most powerful rival", "Having the capability to deter smaller states", "How nuclear attacks are identified and responded to; who controls the weapons", "Bureaucratic politics provides no information about nuclear proliferation and use"], "probs": [[0.09278561573346386, 0.1141648026380218, 0.6850083810520475, 0.10804120047646681], [0.16294411706248235, 0.5761085533479217, 0.09995049609918898, 0.16099683339040705], [0.5161721917342404, 0.15415682238610623, 0.16294126487076574, 0.16672972090888755], [0.10236505857978646, 0.09353570360393651, 0.12672620632793222, 0.6773730313883448]], "ideal": "C", "sampled": "C", "correct": true}}
{"type": "result", "data": {"idx": 53, "options": ["War", "Anarchy", "Collective action and coordination problems", "All of the above"], "probs": [[0.05283278226324089, 0.11289855836692975, 0.7440631388873856, 0.09020552038244369], [0.13035880789577436, 0.7360450213386365, 0.0955280980635964, 0.03806807260199274], [0.8833001558750304, 0.04468212944411888, 0.04649146923229968, 0.02552624534855098], [0.11112939813533468, 0.09904457184972774, 0.20336850566461234, 0.5864575242503253]], "ideal": "D", "sampled": "C", "correct": false}}
{"type": "result", "data": {"idx": 54, "options": ["A new democratic internationalism led by the United States", "A new balance of power between the US and China", "A new global economic framework", "A new era of globalization"], "probs": [[0.8495765992190798, 0.0384685240939497, 0.05033217018702805, 0.06162270639994242], [0.15394218379166727, 0.12562239262414215, 0.12305811883066937, 0.5973773046535212], [0.1774384239828553, 0.10260876439458118, 0.5947338873805423, 0.12521892414202115], [0.2089834551089323, 0.6502624410348776, 0.05868241629328924, 0.08207168746290087]], "ideal": "A", "sampled": "A", "correct": true}}
{"type": "result", "data": {"idx": 55, "options": ["the United Nations.", "the North Atlantic Treaty Organization (NATO).", "the Organization of Petroleum Exporting Countries (OPEC).", "the World Trade Organization (WTO)."], "probs": [[0.9685728182274971, 0.012627491870950571, 0.006194778779667894, 0.012604911021884452], [0.06400663506277907, 0.024949909469793367, 0.0323304128878228, 0.8787130424796048], [0.029791159052923635, 0.039820569827178534, 0.8790114373745499, 0.051376833645347925], [0.056562038798727614, 0.8644909648250251, 0.03855714373905478, 0.04038985253719249]], "ideal": "A", "sampled": "A", "correct": true}}
{"type": "result", "data": {"idx": 56, "options": ["Increase in the US population", "Increase in US finances", "Increase in US military capability", "Increase in US international influence"], "probs": [[0.0373675494858424, 0.04328130265788991, 0.7527820607412716, 0.166569087014996], [0.06084068526886089, 0.470607014217576, 0.39764204303504025, 0.07091025737852287], [0.11736389596367976, 0.7824286354322461, 0.0454501775467187, 0.05475729095735548], [0.9130786860509286, 0.02741141492028784, 0.02747624614879458, 0.03203365277998902]], "ideal": "A", "sampled": "D", "correct": false}}
{"type": "result", "data": {"idx": 57, "options": ["Reciprocity across multiple issues", "Reputational concerns of the actors", "Side payments for adjusting to the organization (such as the Common Agricultural Policy in the EU)", "ALL of the above"], "probs": [[0.2985707521140028, 0.10574689506426967, 0.14586061237783948, 0.44982174034388805], [0.3293282140361984, 0.15695572131726757, 0.34900254527718466, 0.16471351926934935], [0.3621957951749137, 0.2216580393935817, 0.24200216293898394, 0.17414400239252062], [0.3700540606299422, 0.25476181124938296, 0.16208839173352496, 0.2130957362871498]], "ideal": "D", "sampled": "D", "correct": true}}
{"type": "result", "data": {"idx": 58, "options": ["It would have drained the US economically", "It would have involved compromising opposition to slavery", "It would have increased immigration to the US", "None of the above"], "probs": [[0.2696110626011521, 0.4932805336017894, 0.11622480388481066, 0.1208835998122478], [0.7113991551045963, 0.11071495050783757, 0.10343721636469631, 0.0744486779228698], [0.18969476863209417, 0.1455917293168271, 0.2730105694999717, 0.39170293245110704], [0.18679672854482404, 0.283045364408479, 0.39819875962335904, 0.1319591473233379]], "ideal": "B", "sampled": "B", "correct": true}}
{"type": "result", "data": {"idx": 59, "options": ["\"mutual assured destruction.\"", "\"brinkmanship.\"", "\"realism.\"", "\"not in my backyard.\""], "probs": [[0.14476035675818175, 0.7993705123449835, 0.026100372324846927, 0.029768758471987913], [0.9763420064549703, 0.007050030319104429, 0.003573762907640961, 0.013034200218284359], [0.029236464720469365, 0.03042565922482359, 0.0365316944166843, 0.9038061815380227], [0.04026441295707768, 0.0746803292744144, 0.8607063731189661, 0.02434888454954178]], "ideal": "B", "sampled": "B", "correct": true}}
{"type": "result", "data": {"idx": 60, "options": ["Reagan's first term military spending pressured the Soviet Union to keep up its international commitments", "Reagan encouraged engagement with the Soviet Union", "Reagan encouraged a softer approach towards communism", "Reagan reduced military spending and this allowed the Soviet Union space to reform"], "probs": [[0.6448658540482629, 0.1593189346174305, 0.07611617955583336, 0.11969903167847329], [0.19502857071935775, 0.1834120586260675, 0.23448031532085742, 0.38707905523371733], [0.08526916546954866, 0.1738064982178898, 0.47870750783938815, 0.2622168283731734], [0.26495927569600775, 0.43444848056263424, 0.14037291704204638, 0.16021932659931162]], "ideal": "A", "sampled": "A", "correct": true}}
{"type": "result", "data": {"idx": 61, "options": ["It encourages the use of tariffs", "It encourages nationalization", "It encourages liberalization of global trade", "It encourages redistribution of wealth"], "probs": [[0.122607184597403, 0.18132123079094206, 0.5841573389160998, 0.11191424559555517], [0.1002151161203832, 0.7602499865576342, 0.05821095059462712, 0.08132394662735548], [0.6506801489343305, 0.15685031400729985, 0.11166351703419435, 0.08080601992417528], [0.10441068947801047, 0.3324762110257047, 0.10740276080051264, 0.4557103385957722]], "ideal": "C", "sampled": "C", "correct": true}}
