{"type": "result", "data": {"idx": 0, "options": ["0", "4", "2", "6"], "probs": [[0.054295428496351, 0.27607107365403855, 0.45496782994912083, 0.21466566780048962], [0.2608696597812869, 0.33496324222801005, 0.29560402913725814, 0.1085630687534449], [0.13352010695164981, 0.5285528124452995, 0.05568348056582336, 0.2822435999372273], [0.24096142884226898, 0.08867855237016582, 0.39759089946360754, 0.27276911922395763]], "ideal": "B", "sampled": "D", "correct": false}}
{"type": "result", "data": {"idx": 1, "options": ["8", "2", "24", "120"], "probs": [[0.19924007062945512, 0.2557255694855815, 0.2896646001945211, 0.2553697595904423], [0.11543753111977827, 0.31391900133324163, 0.4029165508132998, 0.16772691663368028], [0.16304251031690659, 0.3909498685773589, 0.23712310115845647, 0.208884519847278], [0.18008892504692628, 0.29668292842346317, 0.2618217507014378, 0.26140639572817276]], "ideal": "C", "sampled": "D", "correct": false}}
{"type": "result", "data": {"idx": 2, "options": ["0", "1", "0,1", "0,4"], "probs": [[0.12665615428135985, 0.18428361296923992, 0.34486928167986913, 0.34419095096953106], [0.12872498458975856, 0.3089204544163503, 0.3502038210158726, 0.21215073987801852], [0.24917609620760867, 0.36267110979870865, 0.19426745217083444, 0.19388534172284824], [0.24274843567047277, 0.27475523536504676, 0.1299338768302523, 0.35256245203422815]], "ideal": "D", "sampled": "D", "correct": true}}
{"type": "result", "data": {"idx": 3, "options": ["True, True", "False, False", "True, False", "False, True"], "probs": [[0.20611086531238465, 0.26458369674001475, 0.26461659850637886, 0.2646888393412217], [0.20273114134635348, 0.2603119533900793, 0.3341867823806963, 0.20277012278287093], [0.24902656295014172, 0.2489868662549507, 0.28218407697466796, 0.21980249372023958], [0.2778557455900885, 0.31474818838225876, 0.21639428385733417, 0.19100178207031854]], "ideal": "B", "sampled": "D", "correct": false}}
{"type": "result", "data": {"idx": 4, "options": ["2x^2 + 5", "6x^2 + 4x + 6", "0", "x^2 + 1"], "probs": [[0.23951333758820076, 0.30772995945714204, 0.30763265487455593, 0.14512404798010123], [0.2954662143888646, 0.2954662143888646, 0.23010931906783227, 0.17895825205443847], [0.16150223198414804, 0.30172590317468284, 0.3019229561361632, 0.23484890860500593], [0.21104412954359617, 0.27091487835745576, 0.3071531607327695, 0.21088783126617855]], "ideal": "B", "sampled": "B", "correct": true}}
{"type": "result", "data": {"idx": 5, "options": ["True, True", "False, False", "True, False", "False, True"], "probs": [[0.20526143600584681, 0.26349329553154754, 0.2986535981199469, 0.23259167024265875], [0.24098820981953673, 0.27312475440155104, 0.27317726609359294, 0.21270976958531929], [0.2741836051992117, 0.24192510903331008, 0.24196617663416817, 0.24192510903331008], [0.25567396710718077, 0.28961508600154895, 0.2556278033111826, 0.19908314348008765]], "ideal": "A", "sampled": "C", "correct": false}}
{"type": "result", "data": {"idx": 6, "options": ["True, True", "False, False", "True, False", "False, True"], "probs": [[0.2264072149765582, 0.22635905442358448, 0.2906807362742614, 0.2565529942255959], [0.1959625362552323, 0.28507540051880914, 0.3230327713618418, 0.19592929176411678], [0.28015238461304176, 0.24719417461060408, 0.2801077109311214, 0.1925457297452327], [0.26669943330005125, 0.34239074584398055, 0.1832393407638416, 0.20767047999212662]], "ideal": "A", "sampled": "D", "correct": false}}
{"type": "result", "data": {"idx": 7, "options": ["True, True", "False, False", "True, False", "False, True"], "probs": [[0.24105847651161746, 0.27305310148092166, 0.2731550552227613, 0.2127333666846996], [0.1769435545377616, 0.33063018342852707, 0.2918889261291565, 0.20053733580455485], [0.3128371601360259, 0.276036480336862, 0.24367667406769608, 0.16744968535941596], [0.27957159694575406, 0.358805125302035, 0.1695687348906812, 0.19205454276152978]], "ideal": "D", "sampled": "C", "correct": false}}
{"type": "result", "data": {"idx": 8, "options": ["0", "4", "2", "6"], "probs": [[0.03935101035490082, 0.15569939337793579, 0.6980974879480834, 0.10685210821907999], [0.1728520503574898, 0.6038505895461401, 0.11870593311107872, 0.10459142688529131], [0.25292108590999146, 0.4171878881568307, 0.04393212693186935, 0.28595889890130843], [0.1234807567887038, 0.06609448642156597, 0.4308042131498844, 0.37962054353984587]], "ideal": "B", "sampled": "C", "correct": false}}
{"type": "result", "data": {"idx": 9, "options": ["1", "2", "2,3", "6"], "probs": [[0.13410469088973515, 0.2505405693673547, 0.3650116106495858, 0.25034312899332434], [0.15858961640202587, 0.4310912787483185, 0.17982295153726977, 0.23049615321238587], [0.26475061780171744, 0.2645980299179289, 0.20618799895126072, 0.2644633532290929], [0.16667492189305455, 0.21373305575697943, 0.16678377487232063, 0.45280824737764536]], "ideal": "C", "sampled": "C", "correct": true}}
{"type": "result", "data": {"idx": 10, "options": ["True, True", "False, False", "True, False", "False, True"], "probs": [[0.30702338534573276, 0.21098766357540208, 0.2709471663843995, 0.21104178459446568], [0.19250371420710194, 0.28009123859396656, 0.2801387733002952, 0.24726627379863628], [0.2850777634646866, 0.19584273122720117, 0.32314861871655154, 0.1959308864915607], [0.2852033802993424, 0.3660951252355695, 0.15268427609575266, 0.19601721826933546]], "ideal": "C", "sampled": "A", "correct": false}}
{"type": "result", "data": {"idx": 11, "options": ["symmetric only", "anti-symmetric only", "both symmetric and anti-symmetric", "an equivalence relation"], "probs": [[0.21508268000454642, 0.06982711857962721, 0.31326285701680207, 0.40182734429902434], [0.17078831535675443, 0.17071155947659633, 0.46505858796567406, 0.1934415371009752], [0.25358250356787043, 0.4181899663657488, 0.1540213353178657, 0.17420619464851508], [0.4577329754371674, 0.1484313905090674, 0.07954207061925832, 0.3142935633345069]], "ideal": "C", "sampled": "D", "correct": false}}
{"type": "result", "data": {"idx": 12, "options": ["1", "2", "5", "11"], "probs": [[0.08347547302232312, 0.2568627076149231, 0.330033669737764, 0.32962814952498976], [0.14084955628746243, 0.2629698138281049, 0.29828532638292893, 0.2978953034015037], [0.15867599370454485, 0.4309164156805774, 0.23087220693686947, 0.17953538357800827], [0.20929697708345205, 0.3446774924345975, 0.20921210007309468, 0.2368134303088558]], "ideal": "A", "sampled": "D", "correct": false}}
{"type": "result", "data": {"idx": 13, "options": ["(x \u2212 2)(x + 2)(x \u2212 1)", "(x + 1)(x + 4)(x \u2212 2)", "(x + 1)(x \u2212 4)(x \u2212 2)", "(x - 1)(x \u2212 4)(x \u2212 2)"], "probs": [[0.23999888834939162, 0.3081646813417563, 0.24017639097886997, 0.2116600392299821], [0.30756607190325685, 0.307663376484393, 0.2396084779319694, 0.1451620735803807], [0.26672510104865194, 0.34235916558535096, 0.20772573968853736, 0.18318999357745974], [0.21177340498416167, 0.23997069475504262, 0.2401274400766321, 0.3081284600841636]], "ideal": "C", "sampled": "C", "correct": true}}
{"type": "result", "data": {"idx": 14, "options": ["6", "12", "30", "105"], "probs": [[0.09305440702889452, 0.25270787067201794, 0.36803728612585046, 0.28620043607323703], [0.1158405167440623, 0.2776539081066089, 0.45802196696569003, 0.14848360808363872], [0.14803835527551437, 0.5167046111796475, 0.1677494172919517, 0.16750761615288645], [0.27256194566629466, 0.3499764904022862, 0.21234751378402095, 0.16511405004739818]], "ideal": "C", "sampled": "D", "correct": false}}
{"type": "result", "data": {"idx": 15, "options": ["True, True", "False, False", "True, False", "False, True"], "probs": [[0.2263950786842485, 0.2565128130503438, 0.2906970294811592, 0.2263950786842485], [0.16148919633699468, 0.3017527623879415, 0.3017527623879415, 0.2350052787871222], [0.25949919607874344, 0.22897293012494324, 0.33320355908524196, 0.17832431461107134], [0.2430510971868712, 0.40061411849938405, 0.16704640285213826, 0.18928838136160644]], "ideal": "B", "sampled": "A", "correct": false}}
{"type": "result", "data": {"idx": 16, "options": ["1", "-1", "i", "-i"], "probs": [[0.11746945011049548, 0.3191772841720267, 0.2817945308013633, 0.28155873481611454], [0.12582595635276952, 0.34187339637754194, 0.26637354295289595, 0.26592710421679255], [0.23712880200372713, 0.39095931076195384, 0.16297608126631563, 0.20893580586800342], [0.14083908287012223, 0.2980194345113723, 0.263250615223985, 0.29789086729452047]], "ideal": "C", "sampled": "C", "correct": true}}
{"type": "result", "data": {"idx": 17, "options": ["(1,1)", "(3,1)", "(1,6)", "(3,6)"], "probs": [[0.21098693178130146, 0.3069841793487434, 0.2711129759144304, 0.21091591285552477], [0.2338081667728316, 0.26512349439364336, 0.3404253226304962, 0.1606430161030289], [0.26667216616131706, 0.342536503075745, 0.2076844803216292, 0.1831068503413087], [0.23381849075817165, 0.2650402367577051, 0.34044034743896573, 0.16070092494515745]], "ideal": "C", "sampled": "D", "correct": false}}
{"type": "result", "data": {"idx": 18, "options": ["multiplication is not a binary operation", "multiplication is not associative", "identity element does not exist", "zero has no inverse"], "probs": [[0.131964292156485, 0.09069764342898207, 0.3167374337375096, 0.46060063057702333], [0.08780634885725444, 0.08785393571410403, 0.7365550178579543, 0.0877846974706872], [0.05974147368058449, 0.7281945821031073, 0.028212913767563377, 0.1838510303487448], [0.8431298856825349, 0.025460318168296598, 0.017479614307495096, 0.11393018174167344]], "ideal": "D", "sampled": "D", "correct": true}}
{"type": "result", "data": {"idx": 19, "options": ["True, True", "False, False", "True, False", "False, True"], "probs": [[0.2117870779390007, 0.23995022830873652, 0.3081975028832141, 0.24006519076904864], [0.20768587289163834, 0.26661586758808453, 0.3424161076203299, 0.18328215179994722], [0.29863435026997176, 0.26349321005093645, 0.23262426254807242, 0.20524817703101936], [0.3036483914443706, 0.3035279304537016, 0.1841720695362714, 0.20865160846565634]], "ideal": "A", "sampled": "D", "correct": false}}
{"type": "result", "data": {"idx": 20, "options": ["True, True", "False, False", "True, False", "False, True"], "probs": [[0.24902347092995325, 0.24893616502002244, 0.28221791102283633, 0.219822452927188], [0.17240294761099426, 0.2841508432207709, 0.3220364461186554, 0.22140976294957945], [0.29633737490603423, 0.20363899180161038, 0.29638464139074505, 0.20363899180161038], [0.27954497514037835, 0.35883184729158984, 0.16952554627264718, 0.19209763119538462]], "ideal": "A", "sampled": "A", "correct": true}}
{"type": "result", "data": {"idx": 21, "options": ["2x^2 + 5", "6x^2 + 4x + 6", "0", "x^2 + 1"], "probs": [[0.236806282258429, 0.2090511548701669, 0.4424123630383898, 0.11173019973301426], [0.24032692909273265, 0.4489897823622196, 0.16512186563761852, 0.14556142280742926], [0.18879170516107693, 0.31126490429523157, 0.3113696892513677, 0.1885737011923238], [0.22734375634518383, 0.2575466074916458, 0.25768620157177596, 0.2574234344913944]], "ideal": "A", "sampled": "C", "correct": false}}
{"type": "result", "data": {"idx": 22, "options": ["True, True", "False, False", "True, False", "False, True"], "probs": [[0.2263827289953536, 0.2564952931073814, 0.29068117897761003, 0.22644079881965493], [0.200513216840738, 0.2917450113562814, 0.3306992400956147, 0.17704253160736588], [0.2896650558620075, 0.2555947151170056, 0.25562851094857547, 0.1991117179724114], [0.2963368163854013, 0.29629244072935423, 0.20370160620701555, 0.2036691365782289]], "ideal": "D", "sampled": "D", "correct": true}}
{"type": "result", "data": {"idx": 23, "options": ["semi group with identity", "commutative semigroups with identity", "group", "abelian group"], "probs": [[0.13662685350730547, 0.09404890913284412, 0.6144300652840972, 0.15489417197575325], [0.06861607989092389, 0.5761595556046899, 0.30806527338359596, 0.047159091020790314], [0.4879196794653443, 0.37999222662144155, 0.06616495494113354, 0.06592313887208058], [0.2965536912158351, 0.07502464707355842, 0.07498051728172812, 0.5534411443288784]], "ideal": "D", "sampled": "C", "correct": false}}
{"type": "result", "data": {"idx": 24, "options": ["True, True", "False, False", "True, False", "False, True"], "probs": [[0.20528735218379407, 0.26352655884968496, 0.2986518442332116, 0.23253424463330938], [0.20865500593050945, 0.3035912305883332, 0.3036496133396248, 0.1841041500415325], [0.2997477352319423, 0.23340161142399413, 0.23348864910651868, 0.23336200413754485], [0.2810882543912104, 0.2810882543912104, 0.21891174555878962, 0.21891174555878962]], "ideal": "B", "sampled": "C", "correct": false}}
{"type": "result", "data": {"idx": 25, "options": ["subgroup", "finite abelian group", "infinite, non abelian group", "ininite, abelian"], "probs": [[0.11409001903827165, 0.039450266984056716, 0.6581422318153071, 0.1883174820623646], [0.04347381124877743, 0.6012669384255833, 0.22135048272036772, 0.13390876750527156], [0.7083492210059233, 0.10849704655642989, 0.10870122973288099, 0.07445250260476576], [0.1550984382474296, 0.47750347847931873, 0.03921502828205872, 0.3281830548911929]], "ideal": "C", "sampled": "C", "correct": true}}
{"type": "result", "data": {"idx": 26, "options": ["True, True", "False, False", "True, False", "False, True"], "probs": [[0.17990546880635228, 0.26171474866292127, 0.2966426820266828, 0.2617371004040437], [0.25290950753380725, 0.2865840451641786, 0.2866844491867966, 0.17382199801521753], [0.26464576709510823, 0.264608514190462, 0.20613720442396774, 0.264608514190462], [0.24697724754332123, 0.21792192296692747, 0.3171789064228238, 0.21792192296692747]], "ideal": "C", "sampled": "B", "correct": false}}
{"type": "result", "data": {"idx": 27, "options": ["Yes, with p=2.", "Yes, with p=3.", "Yes, with p=5.", "No."], "probs": [[0.24989853610655205, 0.22036088836700826, 0.11795068443168855, 0.41178989099475116], [0.26996989828763257, 0.18554740312863294, 0.4452549615688184, 0.09922773691491608], [0.308898629911769, 0.3501320465931002, 0.2123027104848474, 0.12866661291028345], [0.28631547090528264, 0.36794495578901115, 0.2528094649062071, 0.0929301082994991]], "ideal": "B", "sampled": "D", "correct": false}}
{"type": "result", "data": {"idx": 28, "options": ["True, True", "False, False", "True, False", "False, True"], "probs": [[0.22640822010184886, 0.2263237305153702, 0.2907139149230254, 0.25655413435975555], [0.16609809796048908, 0.3102560248584428, 0.31037171747049236, 0.21327415961057578], [0.2953880726995719, 0.23001179096782828, 0.295438200205823, 0.1791619360267768], [0.3053738545042485, 0.345978740867741, 0.16342878612517292, 0.18521861840283763]], "ideal": "D", "sampled": "D", "correct": true}}
{"type": "result", "data": {"idx": 29, "options": ["True, True", "False, False", "True, False", "False, True"], "probs": [[0.23344983604675287, 0.23334479776620354, 0.2997555300402907, 0.23344983604675287], [0.16947481514458973, 0.3588563287580973, 0.27954236984185193, 0.19212648615546102], [0.28509633449423444, 0.19590356621592608, 0.32305644884791673, 0.19594365034192274], [0.2842546956812993, 0.3220408510535653, 0.17240920404246118, 0.22129524912267423]], "ideal": "A", "sampled": "C", "correct": false}}
{"type": "result", "data": {"idx": 30, "options": ["True, True", "False, False", "True, False", "False, True"], "probs": [[0.2811429756428347, 0.21883462041164645, 0.28110083515961065, 0.21892156868590823], [0.16608403373958758, 0.31022974383366614, 0.3103454662497616, 0.2133407560769847], [0.31117709540661476, 0.1887384596654248, 0.31134598516253564, 0.1887384596654248], [0.30533944647419464, 0.3459949389947681, 0.16343642282531187, 0.18522919160572535]], "ideal": "B", "sampled": "A", "correct": false}}
{"type": "result", "data": {"idx": 31, "options": ["commutative semi group", "abelian group", "non-abelian group", "None of these"], "probs": [[0.05178790865579834, 0.8108228993955842, 0.027754175891480475, 0.10963501595713702], [0.7961553915610562, 0.057649921512706245, 0.12220319336510463, 0.02399149346113293], [0.08359098836129625, 0.08353971346773449, 0.03951303126028175, 0.7933562668106875], [0.0723994773702745, 0.06400034814434306, 0.781482844776849, 0.08211732960853343]], "ideal": "B", "sampled": "B", "correct": true}}
{"type": "result", "data": {"idx": 32, "options": ["True, True", "False, False", "True, False", "False, True"], "probs": [[0.3081612632586543, 0.21176217809827724, 0.23999622819402278, 0.24008033034904566], [0.16812611626649185, 0.27724014382213424, 0.277343528084649, 0.27729021172672486], [0.23506376144919564, 0.1425991207218622, 0.4392362236537387, 0.18310089407520339], [0.2402951430682281, 0.4488542140447211, 0.145698380968499, 0.16515226181855183]], "ideal": "A", "sampled": "A", "correct": true}}
{"type": "result", "data": {"idx": 33, "options": ["g = g^-1 for every g in G", "g = g^2 for every g in G", "(g o h)^2 = g^2 o h^2 for every g,h in G", "G is of finite order"], "probs": [[0.43925383752238273, 0.23497143214464553, 0.18316989168884967, 0.1426048385441221], [0.1834193183553033, 0.1834193183553033, 0.0674950410916592, 0.5656663220977342], [0.39219036402214874, 0.087592683071134, 0.39285352529491246, 0.12736342751180477], [0.08316728719735814, 0.696545740789429, 0.08316728719735814, 0.13711968471585476]], "ideal": "C", "sampled": "A", "correct": false}}
{"type": "result", "data": {"idx": 34, "options": ["True, True", "False, False", "True, False", "False, True"], "probs": [[0.19910996556943453, 0.25559665988521874, 0.2896649452854127, 0.25562842915993406], [0.20055666269184258, 0.29175870366509044, 0.33066203177614645, 0.1770226017669205], [0.2986459807271647, 0.26351211489246823, 0.20525617856296385, 0.2325857257174032], [0.2731497381987904, 0.2731033657886148, 0.24105378677119882, 0.21269310914139591]], "ideal": "A", "sampled": "D", "correct": false}}
{"type": "result", "data": {"idx": 35, "options": ["0", "4", "2", "6"], "probs": [[0.038913915676645545, 0.19778667224515528, 0.60950563458629, 0.15379377739190914], [0.2177155001413999, 0.5222723444604712, 0.16948385408700534, 0.09052830121112353], [0.16048889398609084, 0.49459763034471094, 0.04593728263751575, 0.2989761929316824], [0.17886179817066458, 0.05812298549222106, 0.42926422077046883, 0.33375099546664555]], "ideal": "B", "sampled": "C", "correct": false}}
{"type": "result", "data": {"idx": 36, "options": ["0", "1", "11", "22"], "probs": [[0.1488772525899918, 0.2777559541709411, 0.3571379588824392, 0.21622883425662787], [0.18334800549545263, 0.3424086076396607, 0.2078447701676893, 0.2663986165971974], [0.20918042712387327, 0.23676125623965483, 0.3451875653629563, 0.20887075117351556], [0.17086851557556135, 0.36157259088960264, 0.2485049740568171, 0.21905391937801894]], "ideal": "D", "sampled": "C", "correct": false}}
{"type": "result", "data": {"idx": 37, "options": ["Yes, with p=2.", "Yes, with p=3.", "Yes, with p=5.", "No."], "probs": [[0.2635134775934865, 0.2052245006149264, 0.09691575985860064, 0.4343462618329865], [0.2759141664812347, 0.18969284278779977, 0.4553657539533056, 0.07902723667765996], [0.29148838295211726, 0.37439691649535245, 0.22694391961117816, 0.1071707808413521], [0.2697597145764481, 0.39287120099907347, 0.2382082342863293, 0.0991608500381491]], "ideal": "B", "sampled": "D", "correct": false}}
{"type": "result", "data": {"idx": 38, "options": ["1", "2", "3", "4"], "probs": [[0.18416444288577768, 0.3038341538528124, 0.3036358491907996, 0.20836555397061027], [0.1893236608714731, 0.4009249746260712, 0.16702788817660819, 0.2427234762258475], [0.29260875027777755, 0.2927013162855871, 0.25830800779215235, 0.15638192554448302], [0.26186896928725395, 0.29663656926982973, 0.26186896928725395, 0.1796254920556623]], "ideal": "C", "sampled": "C", "correct": true}}
{"type": "result", "data": {"idx": 39, "options": ["True, True", "False, False", "True, False", "False, True"], "probs": [[0.19252920148831543, 0.28010120985091136, 0.2801572084146723, 0.2472123801461009], [0.25088623361064966, 0.3222644140882021, 0.3222644140882021, 0.1045849381129461], [0.28427656634955284, 0.3220279418495748, 0.1723691322521118, 0.22132635944876053], [0.27094230456835094, 0.21097427918849074, 0.3070733294637888, 0.21101008667936955]], "ideal": "D", "sampled": "D", "correct": true}}
{"type": "result", "data": {"idx": 40, "options": ["0", "1", "-1", "12"], "probs": [[0.39650971901133525, 0.349918588219523, 0.16528984163733174, 0.08828185103181001], [0.22062789230268126, 0.24965952706313269, 0.11809359665663666, 0.4116189838775494], [0.14993053226370764, 0.0802520340525712, 0.5233089767377105, 0.24650845684601064], [0.08016834435540338, 0.5233243831476827, 0.28011540051442047, 0.11639187188249343]], "ideal": "C", "sampled": "A", "correct": false}}
{"type": "result", "data": {"idx": 41, "options": ["0", "3", "12", "30"], "probs": [[0.17485132811705162, 0.4755088686467545, 0.17488941548505926, 0.17475038765113457], [0.18939079060164435, 0.24308992557642944, 0.16713680076214021, 0.400382482959786], [0.14050375576380003, 0.1803496670334194, 0.38206563098987156, 0.29708094611290903], [0.11531798482683381, 0.4563143822877892, 0.313322890567614, 0.11504474221776302]], "ideal": "A", "sampled": "A", "correct": true}}
{"type": "result", "data": {"idx": 42, "options": ["True, True", "False, False", "True, False", "False, True"], "probs": [[0.2334411511617259, 0.23337332107395678, 0.2997443765025914, 0.2334411511617259], [0.1909138283759619, 0.27777796484237394, 0.31488862465647705, 0.21641958202518707], [0.2884784810539779, 0.22466727937998474, 0.28858606744419935, 0.19826817202183802], [0.26666846471342376, 0.3424090691699544, 0.18327837907510489, 0.20764408694151695]], "ideal": "B", "sampled": "A", "correct": false}}
{"type": "result", "data": {"idx": 43, "options": ["True, True", "False, False", "True, False", "False, True"], "probs": [[0.19252245699991163, 0.28005892870185395, 0.28018603561061284, 0.24723257858762157], [0.19300320454987246, 0.3182696652351985, 0.31833478330863874, 0.17039234680629028], [0.3306893757631466, 0.2917886456712873, 0.1769787686156999, 0.20054320984986615], [0.2954273687561648, 0.2953772412521546, 0.17915535660582244, 0.23004003328585815]], "ideal": "C", "sampled": "C", "correct": true}}
{"type": "result", "data": {"idx": 44, "options": ["True, True", "False, False", "True, False", "False, True"], "probs": [[0.18922836230762338, 0.2143379651836709, 0.35348631347967463, 0.24294735892903105], [0.15949843648732556, 0.29798230397886255, 0.3377191965833191, 0.20480006285049274], [0.2906755593329732, 0.22634648458918905, 0.25659961270507, 0.22637834327276776], [0.26466273644865, 0.264585846450023, 0.26466273644865, 0.206088680552677]], "ideal": "C", "sampled": "C", "correct": true}}
{"type": "result", "data": {"idx": 45, "options": ["True, True", "False, False", "True, False", "False, True"], "probs": [[0.12523010931685452, 0.3404107543669314, 0.30044238119290634, 0.23391675502330775], [0.269669153355488, 0.3924328801368503, 0.26971492972403516, 0.06818303668362655], [0.33491536458350524, 0.2954644848371413, 0.13954663309808205, 0.23007351738127144], [0.24000413773019327, 0.21177117752275046, 0.308220546916863, 0.24000413773019327]], "ideal": "C", "sampled": "C", "correct": true}}
{"type": "result", "data": {"idx": 46, "options": ["True, True", "False, False", "True, False", "False, True"], "probs": [[0.17990832982921595, 0.26167329363371955, 0.2966186911578781, 0.2617996852791864], [0.1851654527175848, 0.3459970704268682, 0.30540004824624273, 0.1634374285093042], [0.37283712824154336, 0.2904151163395565, 0.13718240429710393, 0.19956535102179623], [0.28016524669214116, 0.28011464235024003, 0.1925197931180661, 0.24720031773955273]], "ideal": "B", "sampled": "C", "correct": false}}
{"type": "result", "data": {"idx": 47, "options": ["0", "2", "1", "3"], "probs": [[0.23342774458238108, 0.29972716716321407, 0.23357125766368617, 0.2332738304907187], [0.24615933021471995, 0.24615933021471995, 0.1918425743481855, 0.31583876512237463], [0.24201559609804524, 0.27408127219087614, 0.24206830150753872, 0.2418348301035399], [0.23260107530420038, 0.29860829103632625, 0.2054040405189651, 0.26338659304050827]], "ideal": "B", "sampled": "A", "correct": false}}
{"type": "result", "data": {"idx": 48, "options": ["True, True", "False, False", "True, False", "False, True"], "probs": [[0.22641755778804878, 0.2564689363897312, 0.29072589926638265, 0.2263876064558374], [0.19591160730943735, 0.2850496939262447, 0.32305844170833625, 0.19598025695598167], [0.3035651535554694, 0.20867035412699497, 0.3036135525284646, 0.18415093968907092], [0.2918184740820544, 0.3306209493935435, 0.2005637168767714, 0.17699685954763075]], "ideal": "C", "sampled": "A", "correct": false}}
{"type": "result", "data": {"idx": 49, "options": ["8", "120", "240", "24"], "probs": [[0.09413978596788682, 0.42212007074486124, 0.3286611784466441, 0.15507896474060784], [0.2195975315111344, 0.41005336698087524, 0.2195975315111344, 0.15075156989685598], [0.1992034136574987, 0.2896379404754644, 0.25578220220524495, 0.25537644356179195], [0.11969617548708715, 0.15364120214249954, 0.47357716408131745, 0.25308545818909584]], "ideal": "B", "sampled": "B", "correct": true}}
{"type": "result", "data": {"idx": 50, "options": ["True, True", "False, False", "True, False", "False, True"], "probs": [[0.16745247444184413, 0.24361681171653776, 0.3128767106481454, 0.2760540030934727], [0.20390310852402577, 0.3361793803698873, 0.3362440216023236, 0.12367348940376333], [0.3160643137944637, 0.24611649304626676, 0.19170270001300282, 0.24611649304626676], [0.27417101636257823, 0.24191882482974023, 0.24195507935384078, 0.24195507935384078]], "ideal": "D", "sampled": "C", "correct": false}}
{"type": "result", "data": {"idx": 51, "options": ["0", "2", "1", "3"], "probs": [[0.21797570259215662, 0.3170954835530598, 0.2470968477613466, 0.217831965993437], [0.23266884785537711, 0.2635370335591331, 0.20532954003369655, 0.29846457845179325], [0.2500174566848166, 0.2500174566848166, 0.2501230761122003, 0.24984201041816648], [0.23257783849959848, 0.29863586128837116, 0.20537541192577669, 0.26341088818625363]], "ideal": "B", "sampled": "A", "correct": false}}
{"type": "result", "data": {"idx": 52, "options": ["6", "8", "4", "2"], "probs": [[0.2603054421970845, 0.3342387775515693, 0.20278633243161126, 0.20266944771973497], [0.279519204462221, 0.3589097612574869, 0.1921676723789879, 0.16940336180130414], [0.252738306375588, 0.5350470145646765, 0.09295127141109695, 0.11926340754863851], [0.19474125816241797, 0.4126843388656057, 0.2208149069083977, 0.17175949596357867]], "ideal": "A", "sampled": "D", "correct": false}}
{"type": "result", "data": {"idx": 53, "options": ["True, True", "False, False", "True, False", "False, True"], "probs": [[0.2052665979249638, 0.2634806970017032, 0.2986262782904838, 0.2326264266828492], [0.2052088138907615, 0.2635380209627355, 0.2986816630058079, 0.23257150204069515], [0.2896946880022662, 0.25554659198510454, 0.255654655202851, 0.1991040647097782], [0.3112348019765517, 0.311188191144342, 0.18877345321674888, 0.18880355356235742]], "ideal": "C", "sampled": "D", "correct": false}}
{"type": "result", "data": {"idx": 54, "options": ["0", "2", "1", "3"], "probs": [[0.04455308283769481, 0.3293387644156221, 0.5429878425809272, 0.08312031006575582], [0.5485397535867831, 0.29347738402026613, 0.07411236260006515, 0.08387049969288565], [0.0514917906350966, 0.20348357140861423, 0.03532211420469754, 0.7097025236515916], [0.055770635377097304, 0.043522719934210245, 0.6802037472198521, 0.22050289736884038]], "ideal": "B", "sampled": "B", "correct": true}}
{"type": "result", "data": {"idx": 55, "options": ["True, True", "False, False", "True, False", "False, True"], "probs": [[0.21977959898568217, 0.2489749230042708, 0.2822025758074037, 0.2490429021026433], [0.20862429463637672, 0.30361265845876645, 0.30361265845876645, 0.18415038834609038], [0.3081482258682787, 0.23994273719943013, 0.2400813477967105, 0.2118276890355806], [0.2778504747194782, 0.3147956681712236, 0.19096366774670476, 0.2163901892625934]], "ideal": "A", "sampled": "C", "correct": false}}
{"type": "result", "data": {"idx": 56, "options": ["True, True", "False, False", "True, False", "False, True"], "probs": [[0.2263777655007556, 0.2565195972895223, 0.29070295199987267, 0.22639968510984945], [0.15949843822314774, 0.33771920200785405, 0.2979823052585166, 0.2048000544104816], [0.3060198976386553, 0.23829282462757853, 0.270104642630856, 0.18558263500291022], [0.2709089138562103, 0.30702601945232666, 0.2110493567062163, 0.2110157098852467]], "ideal": "D", "sampled": "C", "correct": false}}
{"type": "result", "data": {"idx": 57, "options": ["1", "2", "3", "4"], "probs": [[0.14714266971412096, 0.31150106716014864, 0.35284242907557484, 0.1885138339501555], [0.18927941852580668, 0.40098302962245297, 0.16703848044623354, 0.2426990713055068], [0.2830434654953122, 0.28285872090435515, 0.28285872090435515, 0.1512390925959776], [0.26176795750873183, 0.26186171561635124, 0.2967282279541629, 0.17964209882075402]], "ideal": "B", "sampled": "C", "correct": false}}
{"type": "result", "data": {"idx": 58, "options": ["True, True", "False, False", "True, False", "False, True"], "probs": [[0.1682015831332326, 0.27722615413912716, 0.27731752806092025, 0.27725473456671995], [0.2163355946324497, 0.27783060071074234, 0.3148838281316586, 0.19094997642514938], [0.27786417136607466, 0.3147640040342754, 0.19100548676693793, 0.21636633773271202], [0.26358855391591435, 0.29858666966075004, 0.205248158680404, 0.2325766176429316]], "ideal": "A", "sampled": "D", "correct": false}}
{"type": "result", "data": {"idx": 59, "options": ["True, True", "False, False", "True, False", "False, True"], "probs": [[0.21185177246818712, 0.23996415374316982, 0.30815836324950485, 0.24002571043913817], [0.2299985804923425, 0.29537738246876777, 0.29543415589460265, 0.17918988104428707], [0.3254699859232582, 0.2534304743708347, 0.22369201969240263, 0.19740751991350444], [0.32305940501053004, 0.28504743744491995, 0.1959831089183937, 0.19591004852615626]], "ideal": "A", "sampled": "C", "correct": false}}
{"type": "result", "data": {"idx": 60, "options": ["True, True", "False, False", "True, False", "False, True"], "probs": [[0.290733409451176, 0.25645588297330474, 0.22642339904288802, 0.2263873084326313], [0.18556481213888443, 0.3060072544511473, 0.2701092523131421, 0.2383186809968262], [0.26662698782738575, 0.2076162130567867, 0.3424758067753537, 0.18328099224047384], [0.29187203691233893, 0.3748388066609095, 0.1562278475469378, 0.17706130877981374]], "ideal": "D", "sampled": "A", "correct": false}}
{"type": "result", "data": {"idx": 61, "options": ["True, True", "False, False", "True, False", "False, True"], "probs": [[0.24002357241985964, 0.23992823479481287, 0.30819638182733333, 0.21185181085799418], [0.1887215814343306, 0.31127279332690017, 0.3112091355615435, 0.1887964895772257], [0.35349657074562585, 0.21433594181969362, 0.24295439589710188, 0.18921309143757864], [0.3230715749036376, 0.28505817909234926, 0.19591742782440902, 0.1959528180796041]], "ideal": "D", "sampled": "C", "correct": false}}
{"type": "result", "data": {"idx": 62, "options": ["True, True", "False, False", "True, False", "False, True"], "probs": [[0.23444693230220462, 0.2655178785572127, 0.2656233787737384, 0.2344118102668443], [0.19095571689152196, 0.2777887416926149, 0.3148327579879189, 0.21642278332794423], [0.27314525301811804, 0.24097049898215933, 0.2731946056683996, 0.21268964223132308], [0.2795222699362659, 0.35879558321225885, 0.16956946252080857, 0.19211268423066666]], "ideal": "C", "sampled": "A", "correct": false}}
{"type": "result", "data": {"idx": 63, "options": ["not anti-symmetric", "transitive", "reflexive", "symmetric"], "probs": [[0.24183822084758264, 0.24188770760169023, 0.24211968886876248, 0.2741543825819646], [0.2489339336186245, 0.24899532640456667, 0.21999163088957852, 0.2820791089872303], [0.2565209085917658, 0.2905535231487557, 0.22654667017042163, 0.22637889798905686], [0.2603289121423131, 0.33410909775514036, 0.20291456902214405, 0.20264742098040256]], "ideal": "B", "sampled": "A", "correct": false}}
{"type": "result", "data": {"idx": 64, "options": ["1", "2", "infinitely many", "0"], "probs": [[0.2402452862059031, 0.30826676348146825, 0.2118014426586042, 0.23968650755402443], [0.17990811853212568, 0.23070456544068563, 0.15860790793764407, 0.4307794079895446], [0.18091200290301324, 0.18072916565518302, 0.43368390198185436, 0.20467492935994938], [0.1486759290345072, 0.45782621325962475, 0.1486759290345072, 0.24482192857136087]], "ideal": "B", "sampled": "A", "correct": false}}
{"type": "result", "data": {"idx": 65, "options": ["True, True", "False, False", "True, False", "False, True"], "probs": [[0.5326893249710777, 0.1959342182092501, 0.1525708712101764, 0.11880558550949578], [0.167418236561856, 0.3128315098468462, 0.24367743690422858, 0.2760728165870692], [0.2589134573677549, 0.15703894196370438, 0.4270353018810483, 0.15701229868749245], [0.2682690540203686, 0.44230090249225446, 0.12674423673243762, 0.16268580665493937]], "ideal": "C", "sampled": "A", "correct": false}}
{"type": "result", "data": {"idx": 66, "options": ["True, True", "False, False", "True, False", "False, True"], "probs": [[0.2801383816956995, 0.2471616639593937, 0.2801383816956995, 0.1925615725492073], [0.20362372417939306, 0.2963210222616123, 0.2963210222616123, 0.20373423119738232], [0.30363574168572716, 0.20862106665937455, 0.30363574168572716, 0.18410744986917116], [0.2860273420524672, 0.367090493403919, 0.1734549104993934, 0.17342725394422037]], "ideal": "D", "sampled": "A", "correct": false}}
{"type": "result", "data": {"idx": 67, "options": ["a,b in H=> a * b in H", "a in H => a^-1 in H", "a,b in H=> a * b^-1 in H", "H contains the identity element"], "probs": [[0.18727102151123515, 0.3088439829237511, 0.053759789429286796, 0.4501252060357269], [0.11819459650854888, 0.02811828478298784, 0.68150342392537, 0.17218369468309325], [0.09209866213024555, 0.41298124805405406, 0.08139813811856336, 0.41352195159713706], [0.21910973870543832, 0.1507658727658666, 0.41060887618468817, 0.2195155122440069]], "ideal": "C", "sampled": "D", "correct": false}}
{"type": "result", "data": {"idx": 68, "options": ["(x \u2212 2)(x + 2)(x \u2212 1)(x + 1)", "(x+1)^4", "(x-1)(x+1)^3", "(x-1)^3(x+1)"], "probs": [[0.28223669489864717, 0.2197113117054809, 0.2491874060428079, 0.24886458725306404], [0.07140117138195984, 0.11772063635536337, 0.13344274558134767, 0.6774354465813291], [0.11881575215889928, 0.15256245192989196, 0.6849589312475538, 0.04366286456365494], [0.22064278524451128, 0.4671007885964834, 0.09194030406285142, 0.22031612199615389]], "ideal": "A", "sampled": "A", "correct": true}}
{"type": "result", "data": {"idx": 69, "options": ["True, True", "False, False", "True, False", "False, True"], "probs": [[0.2731370586906366, 0.24097258981183575, 0.2731370586906366, 0.21275329270689106], [0.16148776101287407, 0.30169884099783195, 0.3017568363128716, 0.23505656157642235], [0.2732543484143738, 0.18783872198141438, 0.35106820752279744, 0.18783872198141438], [0.26257902772451774, 0.43291965767762636, 0.1240335572242913, 0.18046775727356462]], "ideal": "A", "sampled": "A", "correct": true}}
{"type": "result", "data": {"idx": 70, "options": ["0", "-2", "a-2", "(2+a)*-1"], "probs": [[0.1315433202442102, 0.2457552622688165, 0.40590578962431473, 0.21679562776265854], [0.12958400378254586, 0.580963265907813, 0.18868306221033523, 0.10076966799930591], [0.25914962062440705, 0.5488044823457039, 0.03508389871529196, 0.15696199821459714], [0.32481905814737344, 0.10537537931342181, 0.15343368051901943, 0.4163718819201853]], "ideal": "D", "sampled": "C", "correct": false}}
{"type": "result", "data": {"idx": 71, "options": ["0", "4", "2", "6"], "probs": [[0.041932446241212055, 0.18802002439883533, 0.6562543715622793, 0.11379315769767338], [0.20494056930667306, 0.5576144969261202, 0.1408534475892976, 0.09659148607790916], [0.19591854042411005, 0.4702285474932829, 0.04951177050112082, 0.28434114148148615], [0.15188098631238495, 0.0717084588802479, 0.41285534554415065, 0.3635552091632165]], "ideal": "C", "sampled": "C", "correct": true}}
{"type": "result", "data": {"idx": 72, "options": ["1", "2", "3", "4"], "probs": [[0.2557599651736587, 0.28962484821576057, 0.2556738662707041, 0.1989413202398766], [0.23270780295602853, 0.2636090994984456, 0.20529898081310569, 0.29838411663242026], [0.22468562271050588, 0.22444398546620792, 0.32656406319237824, 0.22430632853090793], [0.23068245784192218, 0.33543510741076255, 0.23054095640891395, 0.20334147823840132]], "ideal": "D", "sampled": "A", "correct": false}}
{"type": "result", "data": {"idx": 73, "options": ["0", "3", "12", "30"], "probs": [[0.19761866623599036, 0.4741724501697769, 0.1743978734795378, 0.15381101001469497], [0.1990003972599763, 0.2253404062168149, 0.1549261728486244, 0.4207330235745844], [0.1268080621830971, 0.1267653852574422, 0.44260361786231006, 0.30382293459715065], [0.11209168200495727, 0.4437515702120401, 0.34542524553789594, 0.09873150214510669]], "ideal": "B", "sampled": "A", "correct": false}}
{"type": "result", "data": {"idx": 74, "options": ["True, True", "False, False", "True, False", "False, True"], "probs": [[0.23347081241657144, 0.23338368532707973, 0.29970556494576794, 0.23343993721058087], [0.19593645308063784, 0.32298975124644425, 0.28513734249228007, 0.19593645308063784], [0.3160548209827988, 0.2461044937126103, 0.246143743371191, 0.1916969418333999], [0.3230327713618418, 0.28507540051880914, 0.1959625362552323, 0.19592929176411678]], "ideal": "D", "sampled": "C", "correct": false}}
{"type": "result", "data": {"idx": 75, "options": ["True, True", "False, False", "True, False", "False, True"], "probs": [[0.24907544618406466, 0.2489474451998855, 0.28219973160482714, 0.21977737691122268], [0.1887291762422786, 0.31127082370772136, 0.31127082370772136, 0.1887291762422786], [0.29862768789945554, 0.23250391626285674, 0.2636247692868881, 0.2052436264507996], [0.2884881794164179, 0.2884881794164179, 0.22474879024165476, 0.19827485082550944]], "ideal": "B", "sampled": "C", "correct": false}}
{"type": "result", "data": {"idx": 76, "options": ["True, True", "False, False", "True, False", "False, True"], "probs": [[0.307055191349593, 0.2109744156250496, 0.2709346590247424, 0.211035733900615], [0.1723175742359228, 0.28425782068933153, 0.3220443927310409, 0.22138021224370477], [0.3182541775125028, 0.19303092646204706, 0.3183656978045282, 0.17034919812092192], [0.3023530334633143, 0.38822896441597593, 0.1260608770143356, 0.18335712500637413]], "ideal": "C", "sampled": "A", "correct": false}}
{"type": "result", "data": {"idx": 77, "options": ["0", "3", "12", "30"], "probs": [[0.5159702338952199, 0.2149975613661998, 0.1015576653197004, 0.16747453931887996], [0.07659822073870516, 0.1113222299066285, 0.08664125238197554, 0.7254382968726908], [0.0915638932889653, 0.08083762792052426, 0.6768451777128875, 0.15075330097762288], [0.0888108163983226, 0.7443090080470596, 0.08870268612213025, 0.07817748933248758]], "ideal": "A", "sampled": "A", "correct": true}}
{"type": "result", "data": {"idx": 78, "options": ["True, True", "False, False", "True, False", "False, True"], "probs": [[0.20528940242593768, 0.26346950935263735, 0.2986177116745798, 0.2326233764468452], [0.17236003021125915, 0.28417366316794274, 0.322069103654765, 0.2213972028660331], [0.2896730899521118, 0.25556132194824455, 0.2556763589126495, 0.19908922908699414], [0.30373572847583796, 0.3441227920885062, 0.14345171832420817, 0.2086897610114477]], "ideal": "D", "sampled": "D", "correct": true}}
