{"type": "result", "data": {"idx": 0, "options": ["7 N", "5 N", "10 N", "12 N"], "probs": [[0.2221278250058608, 0.5326884627241955, 0.04951918537663442, 0.19566452679330926], [0.22060331546519665, 0.0919611534413262, 0.46701722833186027, 0.22041830266161686], [0.049036325480693185, 0.26508785081500896, 0.38570056511182693, 0.3001752584924709], [0.05668052018389513, 0.4189655560388463, 0.4744204370653892, 0.04993348661186934]], "ideal": "A", "sampled": "B", "correct": false}}
{"type": "result", "data": {"idx": 1, "options": ["weight of fluid.", "volume of fluid.", "density of fluid.", "All of these."], "probs": [[0.09377901924280706, 0.7855551150380362, 0.026886846376349673, 0.09377901924280706], [0.46965359931025513, 0.03404006153943778, 0.08161355949485852, 0.41469277955544853], [0.026691190796316874, 0.03884424626869349, 0.04988979529131571, 0.8845747675436739], [0.15683464938077554, 0.2588096597354534, 0.42719823754327535, 0.15715745324049574]], "ideal": "B", "sampled": "B", "correct": true}}
{"type": "result", "data": {"idx": 2, "options": ["totally internally reflects", "passes into the air above", "is absorbed", "None of these"], "probs": [[0.3052806166915605, 0.5036513654785949, 0.046863658814999244, 0.14420435891484534], [0.1206506452037635, 0.12062437445579845, 0.06457963777670099, 0.694145342463737], [0.05868745156512509, 0.06654510572023085, 0.4918267969463663, 0.3829406456682778], [0.13168590210988448, 0.5209412748906298, 0.3161180423072601, 0.031254780592225626]], "ideal": "B", "sampled": "A", "correct": false}}
{"type": "result", "data": {"idx": 3, "options": ["always.", "sometimes.", "never.", "on planet Earth only."], "probs": [[0.17020799978795279, 0.4628946689602371, 0.31814254749257304, 0.04875478365923707], [0.2776549437539163, 0.4039855866923348, 0.10216579509126364, 0.2161936743624853], [0.17701665356549653, 0.15618469517686887, 0.29205436817114294, 0.37474428298649165], [0.13200425903662855, 0.3167226565055825, 0.35904538092829447, 0.19222770342949447]], "ideal": "B", "sampled": "B", "correct": true}}
{"type": "result", "data": {"idx": 4, "options": ["changes", "aligns with the electric field", "is at right angles to the electric field", "converts to magnetic energy"], "probs": [[0.9600000958674779, 0.010672541314278694, 0.019919827541356412, 0.009407535176886993], [0.005810734062834803, 0.010859237446723891, 0.005812531515314909, 0.9775174968751263], [0.0035339138226433966, 0.0066058330268485696, 0.980245658918419, 0.0096145941320891], [0.005711822259288058, 0.9611713621992098, 0.015526342678632564, 0.017590472762869534]], "ideal": "A", "sampled": "A", "correct": true}}
{"type": "result", "data": {"idx": 5, "options": ["red", "yellow-green", "blue", "violet"], "probs": [[0.03354108505860819, 0.03803227242254734, 0.06267810983757578, 0.8657485325812687], [0.059118760863251574, 0.16077843845892728, 0.7209751846992342, 0.059127615878587024], [0.08156109251029062, 0.8768643360306396, 0.018210019134342517, 0.023364552224727206], [0.8826972594711029, 0.03423946999864603, 0.026671533656297396, 0.05639173677395366]], "ideal": "D", "sampled": "D", "correct": true}}
{"type": "result", "data": {"idx": 6, "options": ["mass distorts spacetime.", "gravity affects clocks.", "light can\u2019t escape from a black hole.", "All of these."], "probs": [[0.051903806521755046, 0.014880501771755377, 0.011584887157774176, 0.9216308044487154], [0.0656502419036441, 0.024184147749469486, 0.7073218476048504, 0.202843762642036], [0.07683545694590012, 0.5013579464239274, 0.18448478509582872, 0.23732181143434375], [0.723687510913744, 0.12583056221729502, 0.05245398535365751, 0.09802794141530351]], "ideal": "D", "sampled": "D", "correct": true}}
{"type": "result", "data": {"idx": 7, "options": ["voltage", "energy", "Both of these", "Neither of these"], "probs": [[0.3857687452651828, 0.059422116461421565, 0.495660957190385, 0.05914818098301066], [0.04778286247158782, 0.16688770675807152, 0.03720617432543262, 0.7481232563449081], [0.3409710697127001, 0.16163411132738015, 0.3867190037758241, 0.11067581508409574], [0.056537882646324776, 0.22401796738090138, 0.03027383486067293, 0.6891703150121009]], "ideal": "A", "sampled": "A", "correct": true}}
{"type": "result", "data": {"idx": 8, "options": ["chaotic", "ordered", "positioned by amplitude", "in phase"], "probs": [[0.015482484759283852, 0.9586837556453078, 0.01754658236065172, 0.008287177134756574], [0.9306867360365831, 0.02812666157544325, 0.019312508286489567, 0.021874094001484053], [0.03479491821715271, 0.05063389472248627, 0.01643364271635764, 0.8981375442440034], [0.024971261317833726, 0.022058956274901054, 0.9378114721577953, 0.01515831014946992]], "ideal": "B", "sampled": "B", "correct": true}}
{"type": "result", "data": {"idx": 9, "options": ["amplitude", "wavelength", "frequency", "energy"], "probs": [[0.010751977521713372, 0.012187355275606748, 0.008373648621473101, 0.9686870184812068], [0.007730694104053923, 0.008237454196294987, 0.9514520865301952, 0.03257976506945591], [0.007841950913554047, 0.9650282490348654, 0.00945769027920364, 0.017672109672376864], [0.9715610521058208, 0.00697308805643993, 0.005773058849351541, 0.015692800888387707]], "ideal": "D", "sampled": "D", "correct": true}}
{"type": "result", "data": {"idx": 10, "options": ["the same", "opposite", "Either of these", "Need more information"], "probs": [[0.3246550438729475, 0.416755928923389, 0.1053464149821847, 0.15324261212147886], [0.5047871765116412, 0.09936893883135008, 0.18559378767578827, 0.21025009688122046], [0.09736405747292598, 0.18181825495115822, 0.1605261933878259, 0.5602914940880899], [0.2545132116573813, 0.2545843200007104, 0.3706453552663826, 0.12025711297552577]], "ideal": "B", "sampled": "B", "correct": true}}
{"type": "result", "data": {"idx": 11, "options": ["conduction", "convection", "radiation", "radioactivity"], "probs": [[0.013612636484073848, 0.025442596747514597, 0.9545102202942197, 0.006434546374191797], [0.015558454351419553, 0.9628846734067963, 0.009438687091109715, 0.012118185050674407], [0.9467666735421634, 0.00928941740627693, 0.0072294967174476405, 0.03671441223411207], [0.019535428165829177, 0.02508657271835801, 0.013423970142839657, 0.9419540288729732]], "ideal": "C", "sampled": "C", "correct": true}}
{"type": "result", "data": {"idx": 12, "options": ["half, 1 A", "2 A", "Depends on which lamp is closer to the battery", "Not enough information to say"], "probs": [[0.12422165361290878, 0.6308495824722881, 0.04032886298312606, 0.20459990083167712], [0.11969200877220598, 0.05651254374751208, 0.1356288085929666, 0.6881666387873153], [0.05938874095995289, 0.15175986062320615, 0.3213981043762718, 0.46745329394056917], [0.2838036056219044, 0.3649140216436993, 0.2839261229664895, 0.06735624966790683]], "ideal": "B", "sampled": "B", "correct": true}}
{"type": "result", "data": {"idx": 13, "options": ["increase.", "decrease.", "remain unchanged.", "None of these."], "probs": [[0.4286225325917323, 0.26019092713176856, 0.2600409618494393, 0.051145578327059835], [0.1450963071896567, 0.2710201558260696, 0.07764856740922266, 0.5062349694750511], [0.15522736078099797, 0.09417487539638769, 0.42206248007871366, 0.32853528364390067], [0.14460259674533588, 0.34688359495508825, 0.2701531946388935, 0.23836061356068236]], "ideal": "A", "sampled": "A", "correct": true}}
{"type": "result", "data": {"idx": 14, "options": ["2mg", "mg", "mg/2", "mg/4"], "probs": [[0.10556769369977038, 0.41785696144693807, 0.2532437443479972, 0.2233316004052944], [0.15707349221765796, 0.48417827387845264, 0.15712975900567405, 0.20161847479821535], [0.17192457917806936, 0.2206764898189082, 0.19481607321508412, 0.41258285768793834], [0.12638844360058574, 0.2674623687676001, 0.3030745937659071, 0.3030745937659071]], "ideal": "B", "sampled": "B", "correct": true}}
{"type": "result", "data": {"idx": 15, "options": ["less.", "equal.", "greater.", "none because it sinks."], "probs": [[0.8195294782791106, 0.07627490949766663, 0.0761680458195785, 0.028027566303644294], [0.017222216142585473, 0.02839916351042831, 0.013417091988154831, 0.9409615282588314], [0.02796772420427256, 0.016979657393145452, 0.9270578950593885, 0.027994723243193482], [0.029409182638379727, 0.8607029702713017, 0.054954825557703986, 0.05493302143261455]], "ideal": "A", "sampled": "A", "correct": true}}
{"type": "result", "data": {"idx": 16, "options": ["red.", "green.", "white minus red.", "a mixture of green and yellow."], "probs": [[0.2821025388678922, 0.049092835325334344, 0.5974633386395326, 0.07134128706724077], [0.07168758018901097, 0.13396106951437273, 0.023268481496467572, 0.7710828687001487], [0.20259653897263163, 0.07465296008478525, 0.7080635806153287, 0.014686920227254402], [0.10783979679102833, 0.5479720050601007, 0.05093991212611416, 0.2932482859227568]], "ideal": "A", "sampled": "A", "correct": true}}
{"type": "result", "data": {"idx": 17, "options": ["speed", "frequency", "wavelength", "All of these"], "probs": [[0.03459078843985884, 0.6953628114315108, 0.044442758290814295, 0.22560364173781605], [0.7583289803806117, 0.07055297932023903, 0.11624125893126917, 0.054876781267880134], [0.10195090578256187, 0.11552551438704468, 0.02920265510479069, 0.7533209246256027], [0.1324594795376107, 0.080427998603914, 0.5942869914687021, 0.19282553028977312]], "ideal": "B", "sampled": "B", "correct": true}}
{"type": "result", "data": {"idx": 18, "options": ["volume", "mass", "weight", "density"], "probs": [[0.07998628287687158, 0.07057024642969158, 0.09055473789493793, 0.7588887326984989], [0.03718186583573931, 0.05086461510966889, 0.6193794080671365, 0.2925741108874552], [0.0495233131469807, 0.532557076153813, 0.19591680386100452, 0.22200280673820183], [0.5401815630653078, 0.15472140503226553, 0.05019348355866315, 0.2549035482437635]], "ideal": "D", "sampled": "D", "correct": true}}
{"type": "result", "data": {"idx": 19, "options": ["transverse waves", "longitudinal waves", "all waves", "None of these"], "probs": [[0.803726069514118, 0.02147875892269066, 0.1088028837929373, 0.06599228767025402], [0.03789492569092078, 0.055160077296490265, 0.042958712623336996, 0.863986284289252], [0.30019154582539226, 0.040680068714572706, 0.5615709914902989, 0.0975573938697362], [0.11390390373265045, 0.39794749462291656, 0.036999252103286105, 0.4511493494411469]], "ideal": "A", "sampled": "A", "correct": true}}
{"type": "result", "data": {"idx": 20, "options": ["buoyant force", "mass", "weight", "All of these"], "probs": [[0.08694634197022746, 0.06778544628901423, 0.5008705033962012, 0.3443977082445571], [0.045229300178098245, 0.4292012090670835, 0.0957861528332686, 0.4297833378215497], [0.3533985018376765, 0.24293370542481094, 0.18923568723693582, 0.21443210540057675], [0.1054607563022173, 0.22322483524850578, 0.06397603499231758, 0.6073383733569593]], "ideal": "A", "sampled": "C", "correct": false}}
{"type": "result", "data": {"idx": 21, "options": ["thermal energy.", "vibrational kinetic energy.", "average translational kinetic energy.", "rotational kinetic energy."], "probs": [[0.0895793468991811, 0.21501380651834898, 0.6624334133065625, 0.03297343317590745], [0.09316099797460531, 0.688745470364807, 0.020802567789753302, 0.19729096377083438], [0.7388448735114204, 0.013572302683498332, 0.18688339045325641, 0.060699433251824926], [0.023252725598871017, 0.1718980073756935, 0.03384298085827952, 0.7710062860671559]], "ideal": "C", "sampled": "C", "correct": true}}
{"type": "result", "data": {"idx": 22, "options": ["move farther than the input piston", "exceed the force input", "exceed the input piston\u2019s speed", "produce increased energy"], "probs": [[0.2981714009940476, 0.262912720415527, 0.1408135592796656, 0.29810231921075986], [0.2023412302108515, 0.10832627942317984, 0.5502387921724737, 0.13909369809349487], [0.13592495630476908, 0.47419779627637715, 0.13599861274783562, 0.2538786345710181], [0.574741338120525, 0.2113566971422493, 0.1453173545046778, 0.06858461013254787]], "ideal": "D", "sampled": "D", "correct": true}}
{"type": "result", "data": {"idx": 23, "options": ["decreases", "increases", "remains unchanged", "may increase or decrease"], "probs": [[0.171701051052579, 0.36376051465090065, 0.41219468058123837, 0.05234375361528197], [0.1915170592962256, 0.4594255191990007, 0.07047487207113742, 0.2785825493336363], [0.3718847763814031, 0.08300049231114262, 0.2897001673125528, 0.2554145638949014], [0.17236605028029114, 0.22126431431249985, 0.28434747030950047, 0.3220221649977085]], "ideal": "C", "sampled": "C", "correct": true}}
{"type": "result", "data": {"idx": 24, "options": ["half the bend.", "the same bend if the branch doesn\u2019t break.", "twice the bend.", "4 times the bend."], "probs": [[0.024152868771396593, 0.229360768582665, 0.6236770597448849, 0.12280930280105358], [0.09750121303336645, 0.8175050826442986, 0.06697291796276172, 0.018020786259573304], [0.4147819031829335, 0.4147819031829335, 0.01820801909711831, 0.1522281744370147], [0.05705373766127479, 0.039263756464145774, 0.2899205809589036, 0.6137619248156758]], "ideal": "C", "sampled": "C", "correct": true}}
{"type": "result", "data": {"idx": 25, "options": ["increases but less than doubles", "doubles", "more than doubles", "depends on factors not stated"], "probs": [[0.35326221929964724, 0.353540841190863, 0.21437348316153806, 0.07882345624795174], [0.2259012744141981, 0.3287762301102063, 0.15525951415294598, 0.29006298122264956], [0.30281686328576457, 0.08681173492380502, 0.34313645444155927, 0.26723494724887115], [0.09845488675713142, 0.30335254646173193, 0.38963562904063886, 0.2085569376404978]], "ideal": "A", "sampled": "A", "correct": true}}
{"type": "result", "data": {"idx": 26, "options": ["1 minute.", "2 minutes.", "5 minutes.", "9 minutes."], "probs": [[0.09579738157180583, 0.4863453768724725, 0.26017188829434024, 0.1576853531613814], [0.14262842278075374, 0.3874664181440921, 0.23508011853192387, 0.23482504044323022], [0.1337191840109134, 0.22033043026690347, 0.36326347962939887, 0.2826869059927843], [0.10716161982170301, 0.48011314982660735, 0.2569860364546068, 0.15573919379708284]], "ideal": "D", "sampled": "A", "correct": false}}
{"type": "result", "data": {"idx": 27, "options": ["move at a constant speed in a straight line", "accelerate at a constant rate in a straight line", "come to rest", "increase its amount of inertia"], "probs": [[0.9327229465612369, 0.03618645143483225, 0.019358047402286263, 0.011732554501644591], [0.01358359847997417, 0.02539216321127792, 0.007276561015608563, 0.9537476771931394], [0.011947699824649757, 0.008224148945832113, 0.9511305836894011, 0.028697567440117044], [0.01205395739862974, 0.9587847145240674, 0.015497312193541132, 0.013664015783761727]], "ideal": "A", "sampled": "A", "correct": true}}
{"type": "result", "data": {"idx": 28, "options": ["everyday low speeds.", "relativistic speeds.", "Both of these.", "Neither of these."], "probs": [[0.07875953918879004, 0.3530743818521742, 0.5140354941623995, 0.054130584696636244], [0.4360364350213354, 0.43615090573308635, 0.05207712559796703, 0.07573553354761123], [0.2734186906329755, 0.1291538457569393, 0.14642052132780653, 0.45100694218227866], [0.10855725568277746, 0.10863284927463272, 0.2955425723427418, 0.487267322599848]], "ideal": "C", "sampled": "C", "correct": true}}
{"type": "result", "data": {"idx": 29, "options": ["evaporation", "condensation", "Both", "Neither"], "probs": [[0.5047780658341688, 0.060472419105703695, 0.3933346237095173, 0.04141489125061018], [0.127644351493475, 0.3065795990576503, 0.060311767879013704, 0.505464281469861], [0.5033071453096221, 0.12793679092517168, 0.26969354572154014, 0.09906251794366615], [0.2095161002100067, 0.44427083263309997, 0.041298276133494995, 0.30491479092339835]], "ideal": "C", "sampled": "A", "correct": false}}
{"type": "result", "data": {"idx": 30, "options": ["shorter", "taller", "equal in height", "inoperable"], "probs": [[0.5701361605959753, 0.3457143195106739, 0.06800082692573446, 0.01614869286761641], [0.3832415368710579, 0.12442032110942161, 0.05867277787492512, 0.4336653640445954], [0.09102601252829545, 0.043050540829082586, 0.6729842749637749, 0.1929391715788471], [0.042776382757734516, 0.4598894146291681, 0.45960733562783107, 0.03772686688526626]], "ideal": "B", "sampled": "A", "correct": false}}
{"type": "result", "data": {"idx": 31, "options": ["force due to gravity is the same on each.", "air resistance is always zero in free fall.", "inertia of both rocks is the same.", "ratio of force to mass is the same."], "probs": [[0.4144374994933606, 0.02339940686737397, 0.0300147959558841, 0.5321482975833813], [0.03566533379891496, 0.06663161614812105, 0.1810946342331071, 0.7166084157198569], [0.08088101829311492, 0.31995604988909754, 0.5277555348454668, 0.07140739687232081], [0.49566161719905394, 0.3405840104861167, 0.021777851545454304, 0.14197652066937502]], "ideal": "D", "sampled": "A", "correct": false}}
{"type": "result", "data": {"idx": 32, "options": ["increases but less than doubles", "doubles", "more than doubles", "depends on factors not stated"], "probs": [[0.29313685722713606, 0.3763951858696711, 0.29321875400691366, 0.03724920279627919], [0.10066831635927459, 0.5794403854631304, 0.07840056380444521, 0.24149073427314985], [0.6041822095254379, 0.049655311755230275, 0.17314947172295295, 0.17301300689637888], [0.0989697218456408, 0.2095738822266168, 0.3457281979138712, 0.3457281979138712]], "ideal": "C", "sampled": "C", "correct": true}}
{"type": "result", "data": {"idx": 33, "options": ["equals mass moving at the speed of light squared.", "equals moving mass.", "is fundamentally different than mass.", "and mass are closely related."], "probs": [[0.010756376709249109, 0.013821161075863222, 0.005085561665536451, 0.9703369004493512], [0.013642686007437533, 0.009391512148122855, 0.957097805233898, 0.019867996510541577], [0.009341329300433085, 0.9534273707158091, 0.01977939709905406, 0.01745190278470377], [0.9495710089338809, 0.019729267711970255, 0.015351337307686895, 0.015348385946461977]], "ideal": "D", "sampled": "D", "correct": true}}
{"type": "result", "data": {"idx": 34, "options": ["light leaving the Sun is slowed by gravity.", "light passing the Sun is deflected.", "a clock on the Sun\u2019s surface runs faster than on Earth.", "All of these."], "probs": [[0.09472625878113697, 0.09474564519220932, 0.016471725262390324, 0.7940563706642634], [0.2533696638794503, 0.032251965852059694, 0.6085500233859363, 0.10582834678255366], [0.08076463518579845, 0.3622302060624794, 0.19406106776947693, 0.36294409088224516], [0.5439640100662484, 0.2913783392674227, 0.10728186008178976, 0.057375790484539106]], "ideal": "D", "sampled": "D", "correct": true}}
{"type": "result", "data": {"idx": 35, "options": ["reduces by 2", "reduces by 4", "increases by 2", "increases by 4"], "probs": [[0.6918932185898741, 0.19833166858371437, 0.01626445536103538, 0.09351065736537618], [0.2878163338687059, 0.08249783177043987, 0.020833770820011453, 0.6088520634408428], [0.10003795361966179, 0.0607337684041574, 0.6525233314369394, 0.18670494643924138], [0.05432997914735859, 0.3544803195375312, 0.4015594347619397, 0.18963026645317047]], "ideal": "A", "sampled": "A", "correct": true}}
{"type": "result", "data": {"idx": 36, "options": ["increases", "decreases", "remains the same", "Not enough information to say"], "probs": [[0.3347842494744331, 0.23016201643317105, 0.2955338744682737, 0.13951985952412213], [0.20902058235823537, 0.23685134866559374, 0.1118303752924654, 0.4422976935837055], [0.3127975575135741, 0.16742846860233743, 0.27616698881206986, 0.2436069849720186], [0.16588345902916649, 0.24140841023706835, 0.24146098154080534, 0.3512471490929598]], "ideal": "A", "sampled": "A", "correct": true}}
{"type": "result", "data": {"idx": 37, "options": ["30 km/h", "40 km/h", "50 km/h", "60 km/h"], "probs": [[0.05612948619951021, 0.11879080709805512, 0.6032694667461662, 0.2218102398562684], [0.05704742414466871, 0.4777942085774385, 0.3283828349806034, 0.13677553219728944], [0.18940133780131152, 0.4541041119209578, 0.16719579196701026, 0.18929875821072042], [0.14709682805375227, 0.18882334709906962, 0.3114039924403749, 0.35267583230680316]], "ideal": "C", "sampled": "C", "correct": true}}
{"type": "result", "data": {"idx": 38, "options": ["amplitude", "polarization", "momentum", "frequency"], "probs": [[0.009437653287884368, 0.009445696189682887, 0.017629377640675126, 0.9634872727817576], [0.011792887855492097, 0.041197310860450656, 0.9378157792003754, 0.009194021983681848], [0.015587729859841111, 0.9649064843886841, 0.007366048414085529, 0.012139737237389241], [0.9425203387548446, 0.010485281440489982, 0.01046654788653708, 0.036527831818128305]], "ideal": "D", "sampled": "D", "correct": true}}
{"type": "result", "data": {"idx": 39, "options": ["electrons", "protons", "neutrons", "ions"], "probs": [[0.9139988813231578, 0.010821409280527603, 0.0089605299606781, 0.06621917933563652], [0.01206507083737805, 0.01989001247689547, 0.009393719146497012, 0.9586511974392294], [0.023981459065600393, 0.04482777743824656, 0.9003900642174435, 0.030800699178709538], [0.02829067724637012, 0.9371143390903434, 0.006314226764781531, 0.02828075679850495]], "ideal": "A", "sampled": "A", "correct": true}}
{"type": "result", "data": {"idx": 40, "options": ["less.", "more.", "the same.", "Need more information."], "probs": [[0.27012801972692074, 0.18560426488463522, 0.30600968912192855, 0.2382580261665155], [0.1381630429761076, 0.22784512893298012, 0.2582460603121054, 0.37574576767880685], [0.1266877500064345, 0.3040447170377054, 0.44249156798568284, 0.12677596487017723], [0.3087530455799359, 0.3500781043944067, 0.12878653744483745, 0.21238231248081998]], "ideal": "C", "sampled": "A", "correct": false}}
{"type": "result", "data": {"idx": 41, "options": ["overlapping one another", "constructively interfering", "moving slower than the source producing them", "All of these"], "probs": [[0.1561988191507668, 0.37477351348149723, 0.17703046430457975, 0.2919972029631562], [0.21890413106564727, 0.28098001235953496, 0.21886458338502135, 0.2812512730897964], [0.40319619155689224, 0.2158153971327856, 0.19045640881204953, 0.19053200239827262], [0.24894421542015366, 0.24899514759062702, 0.282275327483659, 0.21978530940556026]], "ideal": "D", "sampled": "C", "correct": false}}
{"type": "result", "data": {"idx": 42, "options": ["cold day", "hot day", "day with steady temperature", "None of these"], "probs": [[0.5845297130793972, 0.2764314484879365, 0.10166129733957399, 0.03737754099309236], [0.6429077242512097, 0.1266605080538874, 0.06779647466317286, 0.16263529293173004], [0.19642670743329094, 0.13503527841164278, 0.4160471322127445, 0.2524908818423218], [0.13489533356441158, 0.6050398674729472, 0.19634475424361364, 0.0637200446190275]], "ideal": "B", "sampled": "A", "correct": false}}
{"type": "result", "data": {"idx": 43, "options": ["half", "twice", "the same", "None of these"], "probs": [[0.287212171584542, 0.47353282018241394, 0.11972784102793507, 0.11952716710510897], [0.2991255245738531, 0.18120859696549518, 0.08564726326240395, 0.4340186150982478], [0.07282569747011235, 0.08248672441596837, 0.3700092682623657, 0.47467830975155356], [0.09013829721480907, 0.40446428632576503, 0.3567844767459069, 0.14861293961351896]], "ideal": "C", "sampled": "B", "correct": false}}
{"type": "result", "data": {"idx": 44, "options": ["hot to cold ever", "cold to hot ever", "hot to cold without external energy", "cold to hot without external energy"], "probs": [[0.5675223126822465, 0.11180200926446524, 0.20887366868882296, 0.11180200926446524], [0.4182496274980714, 0.17420614864709524, 0.11979490994667567, 0.28774931380815766], [0.5356136996325576, 0.2233256183840342, 0.10554203075479951, 0.1355186511286087], [0.22353222473109624, 0.47339420641967245, 0.10565014654757729, 0.19742342220165401]], "ideal": "D", "sampled": "A", "correct": false}}
{"type": "result", "data": {"idx": 45, "options": ["hydrogen.", "oxygen.", "nitrogen.", "But all have the same speed on average."], "probs": [[0.6974265547210026, 0.07355622288836591, 0.07344656525295551, 0.15557065703767597], [0.137425414975471, 0.057320476094835156, 0.10694776621800903, 0.6983063426116848], [0.20925630246189073, 0.0989339784641891, 0.6451305765641799, 0.04667914240974019], [0.17966444922427113, 0.7111471347630194, 0.024320937871892063, 0.08486747804081743]], "ideal": "A", "sampled": "A", "correct": true}}
{"type": "result", "data": {"idx": 46, "options": ["greater", "less", "the same", "Any of these"], "probs": [[0.1407486924276763, 0.20505624701928563, 0.5574006354638742, 0.09679442498916385], [0.1183811587821171, 0.6817738653602624, 0.1184414414265768, 0.08140353433104366], [0.5337324062389996, 0.13498195803332616, 0.13498195803332616, 0.19630367759434805], [0.12872199904707313, 0.12877309512956311, 0.16538393742254473, 0.577120968300819]], "ideal": "C", "sampled": "C", "correct": true}}
{"type": "result", "data": {"idx": 47, "options": ["less than 0.8 N", "0.8 N", "greater than 0.8 N", "dependent on the orientation of its body"], "probs": [[0.30327983444847434, 0.30342494195021924, 0.34382550496119985, 0.04946971854010654], [0.17920993688639394, 0.295379442222416, 0.09586887979330294, 0.4295417409978871], [0.22357277578975437, 0.08229240581040935, 0.3689185925969168, 0.32521622570291947], [0.11318001473382748, 0.2715047496470226, 0.3077359382598843, 0.3075792972592656]], "ideal": "B", "sampled": "A", "correct": false}}
{"type": "result", "data": {"idx": 48, "options": ["along and parallel to the wave", "perpendicular to the wave", "Both of these", "Neither of these"], "probs": [[0.6412244725133514, 0.18382682726154984, 0.07661373509954005, 0.09833496502555877], [0.22129366630207883, 0.10461416527732634, 0.07190020167406026, 0.6021919666465345], [0.10713580861738438, 0.09463769165959347, 0.3742010882404863, 0.42402541138253586], [0.11762809927521214, 0.411040222768214, 0.32011843201473583, 0.15121324584183798]], "ideal": "A", "sampled": "A", "correct": true}}
{"type": "result", "data": {"idx": 49, "options": ["the work done on them", "motion", "Both of these", "Neither of these"], "probs": [[0.4486172895120876, 0.07808546150630966, 0.3083298572961333, 0.1649673915854694], [0.0425301304322787, 0.054662145465130096, 0.048183098251087575, 0.8546246257515037], [0.14943926411570324, 0.048638563699733815, 0.759140852081794, 0.04278132000276892], [0.03763587464019834, 0.5197958519702334, 0.03764459926936143, 0.40492367402020685]], "ideal": "A", "sampled": "A", "correct": true}}
{"type": "result", "data": {"idx": 50, "options": ["voltage", "energy", "Both of these", "Neither of these"], "probs": [[0.39113877742779507, 0.053212566176227945, 0.5027137806988045, 0.05293487559717255], [0.043620290561404075, 0.1524062084160473, 0.029990937203439285, 0.7739825637191093], [0.3409860006756586, 0.16167789093733237, 0.3866568063313242, 0.11067930195568486], [0.0550893511947241, 0.2472079861453922, 0.026043068809013997, 0.6716595937508697]], "ideal": "A", "sampled": "A", "correct": true}}
{"type": "result", "data": {"idx": 51, "options": ["inside the nucleus", "outside the nucleus", "Either of these", "Neither of these"], "probs": [[0.9209828817503698, 0.01690165856290175, 0.04046516424723168, 0.021650295339496806], [0.019269403602923358, 0.021862142141772484, 0.028049424217390664, 0.9308190299379135], [0.032483763021446455, 0.10014174579150183, 0.838683401301576, 0.028691089785475698], [0.06277316726225934, 0.8678881411965724, 0.026185972272031652, 0.04315271916913655]], "ideal": "A", "sampled": "A", "correct": true}}
{"type": "result", "data": {"idx": 52, "options": ["absorbed", "reflected", "scattered", "refracted"], "probs": [[0.33769154293668296, 0.08548048819133797, 0.49146723376167123, 0.08536073501030782], [0.06609934007365521, 0.10902264272698486, 0.01894141972643209, 0.8059365973729278], [0.1353116838662231, 0.023565149214844188, 0.6876478925491833, 0.15347527426974938], [0.07792890700024546, 0.7397226580279044, 0.03681953941186322, 0.14552889545998687]], "ideal": "A", "sampled": "A", "correct": true}}
{"type": "result", "data": {"idx": 53, "options": ["destruction", "interference", "resonance", "amplification"], "probs": [[0.008404250795944505, 0.9712858823262479, 0.009522150881594025, 0.010787715896213497], [0.9478575440851886, 0.015328030763938632, 0.008199420115322159, 0.02861500493555057], [0.013297572148578515, 0.013299124663242286, 0.04094673141008895, 0.9324565716780903], [0.011674386987899002, 0.035973067117023284, 0.9276349828630095, 0.02471756293206821]], "ideal": "B", "sampled": "B", "correct": true}}
{"type": "result", "data": {"idx": 54, "options": ["all the colors together", "two or more appropriate colors", "light when a prism is held upside down", "None of these"], "probs": [[0.13906237067195812, 0.6234314851306864, 0.035171597144317224, 0.2023345469530383], [0.06864321563586286, 0.0472067505583933, 0.04719647248196312, 0.8369535612237807], [0.0519362529327146, 0.05892907345210301, 0.8134907331716618, 0.0756439403435206], [0.1019315704313573, 0.5875964076587602, 0.27737968743978214, 0.0330923343701003]], "ideal": "D", "sampled": "A", "correct": false}}
{"type": "result", "data": {"idx": 55, "options": ["about 1 A", "2 A", "Depends on which lamp is closer to the battery", "Not enough information to say"], "probs": [[0.21068048475066045, 0.30653831359658923, 0.03661078214279278, 0.44617041940995755], [0.16221283153487404, 0.05273111204034784, 0.4415121721472735, 0.3435438841775046], [0.042787512131551124, 0.4605698511951136, 0.2172929030647273, 0.279349733508608], [0.4486827588141372, 0.24016258417369749, 0.2720149063803117, 0.03913975053185359]], "ideal": "D", "sampled": "D", "correct": true}}
{"type": "result", "data": {"idx": 56, "options": ["Speed only", "Wavelength only", "Both speed and wavelength", "Neither of these"], "probs": [[0.11244579980968816, 0.12752637075808368, 0.6475078366420688, 0.11251999269015936], [0.07062535600728312, 0.5219972035884921, 0.048560584917267925, 0.3588168553869568], [0.32930644325935593, 0.050534102347452654, 0.3294083076033385, 0.2907511466898529], [0.08573049731699271, 0.110162946937283, 0.08575390704035384, 0.7183526486053704]], "ideal": "C", "sampled": "C", "correct": true}}
{"type": "result", "data": {"idx": 57, "options": ["2 Hz", "4 Hz", "8 Hz", "16 Hz"], "probs": [[0.34968412179492964, 0.3500378753642719, 0.08841399168392508, 0.21186401105687336], [0.2698752662232433, 0.21037887661674506, 0.12748004874742916, 0.39226580831258245], [0.22090093789275822, 0.19501869378523903, 0.17203781007000019, 0.4120425581520025], [0.14877429381351617, 0.357171857959497, 0.2163877901756772, 0.2776660579513096]], "ideal": "B", "sampled": "A", "correct": false}}
{"type": "result", "data": {"idx": 58, "options": ["frequency", "period", "wavelength", "amplitude"], "probs": [[0.005863814122627589, 0.004568571772741148, 0.0031389591443879844, 0.9864286548602432], [0.009876860520845002, 0.0067942539778868116, 0.8895597055639488, 0.09376917983731939], [0.0073974506575145, 0.9692878920773577, 0.013817819117110542, 0.009496838048017325], [0.9657161794517525, 0.012170848029337019, 0.006506944387633051, 0.015606028031277393]], "ideal": "D", "sampled": "D", "correct": true}}
{"type": "result", "data": {"idx": 59, "options": ["charged", "uncharged", "Either of these", "Neither of these"], "probs": [[0.246222451304609, 0.35808020826573617, 0.24635589120308657, 0.14934144912656824], [0.24139206879728894, 0.16581630210957857, 0.24146383278745262, 0.3513277962056799], [0.12571885252465118, 0.26603437656637735, 0.2663440227097968, 0.3419027480991747], [0.18880342226529692, 0.35273120329326485, 0.31146371825595975, 0.14700165608547844]], "ideal": "C", "sampled": "B", "correct": false}}
{"type": "result", "data": {"idx": 60, "options": ["absorbed", "transmitted", "scattered", "polarized"], "probs": [[0.03185976550186841, 0.019347858823843475, 0.931727195746143, 0.017065179828145025], [0.03442143725456532, 0.41933895090511875, 0.00768046098156495, 0.5385591507587509], [0.7746544779799771, 0.01420574674013914, 0.11870913498120304, 0.09243064019868065], [0.025111480601063, 0.12750053469673317, 0.015230883071812454, 0.8321571015303914]], "ideal": "C", "sampled": "C", "correct": true}}
{"type": "result", "data": {"idx": 61, "options": ["thorium-242", "thorium-238", "thorium-234", "radium-214"], "probs": [[0.12889919885674378, 0.5096880679137623, 0.27287962420060186, 0.08853310892889203], [0.16993082520003036, 0.6717680479285827, 0.13227897462277816, 0.026022152148608788], [0.28855191368472305, 0.28855191368472305, 0.19831865137388038, 0.22457752115667345], [0.16274625303825857, 0.26825702587450717, 0.4422810739176419, 0.12671564706959237]], "ideal": "C", "sampled": "C", "correct": true}}
{"type": "result", "data": {"idx": 62, "options": ["toward you", "away from you", "Both of these", "None of these"], "probs": [[0.14085007551990558, 0.18142240828979206, 0.6319808739972463, 0.04574664209305596], [0.18094388390155713, 0.43477200258829146, 0.04577790760371142, 0.33850620580644], [0.3821223548621339, 0.20529968462171125, 0.23196516475586298, 0.18061279566029184], [0.07714404450217063, 0.16361068702428458, 0.11233320906629128, 0.6469120593072535]], "ideal": "C", "sampled": "C", "correct": true}}
{"type": "result", "data": {"idx": 63, "options": ["charge", "energy", "mass", "all of these"], "probs": [[0.22329150637147985, 0.07251238239231633, 0.28679207605516144, 0.41740403508104235], [0.06546994151705096, 0.2284098365284862, 0.15717808549371462, 0.5489421363607482], [0.12392281192107028, 0.20436457646007086, 0.4911530101095566, 0.18055960140930227], [0.24620719251554804, 0.2789892852027377, 0.11639176307944817, 0.35841175910226614]], "ideal": "D", "sampled": "A", "correct": false}}
{"type": "result", "data": {"idx": 64, "options": ["unchanged", "twice as much", "half as much", "four times as much"], "probs": [[0.13777145844640076, 0.4811302160819813, 0.0506832826882826, 0.33041504268333527], [0.2809103601483071, 0.06276163177630184, 0.19318515686911472, 0.46314285110627634], [0.07357334870635808, 0.15578868519331737, 0.2266218594496764, 0.5440161065506481], [0.184877164518045, 0.18506418898450636, 0.5700378183807513, 0.060020828016697315]], "ideal": "B", "sampled": "B", "correct": true}}
{"type": "result", "data": {"idx": 65, "options": ["breaking the sound barrier", "pulling out of a subsonic dive", "flying faster than sound", "Each of these produces a sonic boom"], "probs": [[0.10303379271405164, 0.05523235949156181, 0.5940165166491127, 0.2477173310452738], [0.06142994211626199, 0.6608940367430537, 0.14750410786249443, 0.13017191317818988], [0.6085493978681757, 0.135834376922543, 0.13578573953386067, 0.11983048557542056], [0.1336736947468683, 0.1945931191184047, 0.07160680635512312, 0.6001263796796038]], "ideal": "C", "sampled": "C", "correct": true}}
{"type": "result", "data": {"idx": 66, "options": ["becomes slightly radioactive", "doesn\u2019t become radioactive", "will spoil faster", "should be avoided"], "probs": [[0.24107186889662602, 0.6553012644638715, 0.025402119505266198, 0.07822474703423626], [0.6358296416622025, 0.02797532888912043, 0.035850376688465135, 0.30034465266021193], [0.07456254129972627, 0.03994395166298713, 0.26046728794130036, 0.6250262189959862], [0.06911631439523669, 0.4510289685755669, 0.4510289685755669, 0.028825748353629475]], "ideal": "B", "sampled": "B", "correct": true}}
{"type": "result", "data": {"idx": 67, "options": ["fluorescence.", "coherence.", "polarization.", "de-excitation."], "probs": [[0.028417024351549414, 0.019546252743289933, 0.010450597455409109, 0.9415861253497515], [0.017084727604066163, 0.01331966174118024, 0.9334099166344412, 0.03618569392031244], [0.016807446598968597, 0.9184598513948711, 0.045687370933793964, 0.01904533097236632], [0.8656358460026848, 0.08053781596398187, 0.015834494951736132, 0.037991842981597114]], "ideal": "D", "sampled": "D", "correct": true}}
{"type": "result", "data": {"idx": 68, "options": ["reflected or converted to internal energy in the material.", "mainly reflected.", "mainly refracted.", "transmitted at a lower frequency."], "probs": [[0.8646673253269854, 0.08048671198344114, 0.01686119042100786, 0.03798477216856561], [0.04511901434713847, 0.03514893780812421, 0.012930571305035896, 0.9068014764397014], [0.017419343893627013, 0.013583620140757011, 0.8400944509639104, 0.1289025849017055], [0.016840342116900664, 0.920209032946278, 0.03147531241841066, 0.03147531241841066]], "ideal": "A", "sampled": "A", "correct": true}}
{"type": "result", "data": {"idx": 69, "options": ["1/100 as much", "10 times as much", "100 times as much", "1000 times as much"], "probs": [[0.16759328534179313, 0.312887998231832, 0.27612266453222906, 0.24339605179414578], [0.13840286478774458, 0.2583250431715117, 0.1775968038384697, 0.425675288102274], [0.11783977378500271, 0.15125832636296602, 0.32021389839787445, 0.4106880013541568], [0.11991682349126503, 0.2875686990766511, 0.17447794131970334, 0.4180365360123805]], "ideal": "C", "sampled": "A", "correct": false}}
{"type": "result", "data": {"idx": 70, "options": ["direction", "energy", "Both of these", "Neither of these"], "probs": [[0.08732339738926266, 0.11254836617774815, 0.7320554851753601, 0.06807275115762906], [0.06764914486965548, 0.5018697714818687, 0.1265918844353983, 0.3038891991130775], [0.4706922996960422, 0.1538156247906705, 0.22251465582835783, 0.15297741958492944], [0.07256107290071581, 0.1743162455321413, 0.06406198011772599, 0.6890607013494169]], "ideal": "A", "sampled": "C", "correct": false}}
{"type": "result", "data": {"idx": 71, "options": ["more dense", "less dense", "more slippery", "warmer"], "probs": [[0.44935683959904477, 0.5091880138826397, 0.028720167520979785, 0.012734978897335764], [0.3416726423393337, 0.06724715651564976, 0.028026680033284516, 0.563053521011732], [0.06523004052079764, 0.044841083789582875, 0.09492857576462962, 0.7950002998249899], [0.06462355990118397, 0.12079046555511173, 0.7876527347171852, 0.02693323972651907]], "ideal": "A", "sampled": "B", "correct": false}}
{"type": "result", "data": {"idx": 72, "options": ["frequency.", "wavelength.", "air temperature.", "All of these."], "probs": [[0.022134578396575805, 0.013441375585560413, 0.5714094297666492, 0.3930146161512145], [0.020823167944288755, 0.609226826734831, 0.32583639440936013, 0.04411361081152013], [0.6265824063042619, 0.33530269051401407, 0.016693736361161244, 0.021421166720562847], [0.11489214500891437, 0.019973706024196094, 0.015551018193975839, 0.8495831306729137]], "ideal": "C", "sampled": "C", "correct": true}}
{"type": "result", "data": {"idx": 73, "options": ["conduction", "convection", "radiation", "All of these, although radiation is greatest"], "probs": [[0.02063036506260889, 0.00975868377007918, 0.36596503543389913, 0.6036459156334127], [0.02408329074014581, 0.6218768485025662, 0.33276379786904275, 0.02127606278824516], [0.7728776235557803, 0.19549171390751144, 0.011028887480319495, 0.020601774956388746], [0.08103092164911126, 0.020499106876348202, 0.026318103562608535, 0.872151867811932]], "ideal": "C", "sampled": "C", "correct": true}}
{"type": "result", "data": {"idx": 74, "options": ["like any other force", "multiplied by a lever arm", "that is fictitious", "that accelerates things"], "probs": [[0.021682866203047574, 0.9226305409667558, 0.027848493144686636, 0.02783809958550999], [0.9370977039802822, 0.028312330394029868, 0.015146773815418912, 0.019443191710268985], [0.02757149235655218, 0.040116280985796456, 0.018949589076505888, 0.9133626374811454], [0.02449444409005853, 0.027780181932584504, 0.9199532646491793, 0.02777210922817774]], "ideal": "B", "sampled": "B", "correct": true}}
