{"type": "result", "data": {"idx": 0, "options": ["a currency.", "a well-connected transportation infrastructure.", "government activity.", "a banking service."], "probs": [[0.24041100316509018, 0.5769060843853036, 0.14580254224544376, 0.036880370104162535], [0.04560979938223722, 0.019015605088662308, 0.019008651834152554, 0.9163659435949479], [0.04877420796014252, 0.07098686562165667, 0.763180718435384, 0.11705820788281673], [0.04230594167496528, 0.45487307480927985, 0.45487307480927985, 0.047947908606475055]], "ideal": "B", "sampled": "A", "correct": false}}
{"type": "result", "data": {"idx": 1, "options": ["zero population growth.", "rapid growth rate.", "homeostatic plateau.", "demographic momentum."], "probs": [[0.0019205632769265799, 0.0016951391071024589, 0.0016947783360435468, 0.9946895191799274], [0.0016904838059975723, 0.0010257053175983949, 0.992075218157578, 0.005208592618825939], [0.0018030290673678021, 0.9939085639015817, 0.001494763531818047, 0.00279364339923253], [0.9899987523035392, 0.002167335364127752, 0.001159873155893765, 0.006674039076439269]], "ideal": "D", "sampled": "D", "correct": true}}
{"type": "result", "data": {"idx": 2, "options": ["push factors.", "pull factors.", "distance decay.", "migration selectivity."], "probs": [[0.0014945310558141267, 0.0014948943880339774, 0.9938464772513373, 0.0031640972048145636], [0.0011622958319897263, 0.9919426613416671, 0.001690111268784955, 0.005204931457558264], [0.99169834631857, 0.0031577515138249165, 0.0010910573929077904, 0.00405284467469733], [0.004051016967891032, 0.0019139245182849141, 0.0027839223813749658, 0.9912511360324491]], "ideal": "C", "sampled": "C", "correct": true}}
{"type": "result", "data": {"idx": 3, "options": ["First", "Second", "Third", "Fourth"], "probs": [[0.043536812062678176, 0.03393688797611376, 0.32159209248187887, 0.6009342073793292], [0.059350217988006326, 0.30146555681685133, 0.4968266745740058, 0.14235755052113655], [0.1738118030224417, 0.6876687791070797, 0.05642531754398759, 0.08209410022649097], [0.4462735867375601, 0.11288542089068387, 0.04702908830192734, 0.3938119039698287]], "ideal": "A", "sampled": "D", "correct": false}}
{"type": "result", "data": {"idx": 4, "options": ["Most women work in agriculture", "The percentage of women economically active in the labor force declined worldwide", "The percentage of women in the total labor force declined", "Women spend more hours per day working than men in all regions except Anglo America and Australia"], "probs": [[0.0949970263894998, 0.29267133078991264, 0.06530379761819192, 0.5470278451023955], [0.2863446750477856, 0.25278684306010835, 0.3678733976720951, 0.092995084120011], [0.315330437512034, 0.5202805859747146, 0.04836569972389115, 0.11602327668936024], [0.6693507280256987, 0.09066396682578047, 0.1493985336796701, 0.09058677136885072]], "ideal": "D", "sampled": "D", "correct": true}}
{"type": "result", "data": {"idx": 5, "options": ["safety.", "better climate.", "better schools.", "overcrowding."], "probs": [[0.01556263260532066, 0.009439734837237378, 0.012118417627596408, 0.9628792148298455], [0.019760438187218763, 0.022393199926412047, 0.9521830210211037, 0.005663340765265448], [0.012351603330827162, 0.9812093443526536, 0.004544243247272316, 0.0018948089692469338], [0.9447220142865568, 0.025179241319076368, 0.019603830194074343, 0.01049491410029251]], "ideal": "D", "sampled": "D", "correct": true}}
{"type": "result", "data": {"idx": 6, "options": ["Vietnam", "United Kingdom", "Germany", "Bolivia"], "probs": [[0.3441496840393563, 0.2086837620628373, 0.14342610750293122, 0.3037404462948751], [0.1671002208631826, 0.18936887178593778, 0.4541815410831987, 0.18934936616768094], [0.1652766192580382, 0.21221940533511677, 0.3498588256167019, 0.27264514969014314], [0.09792029169059503, 0.11097906693279892, 0.7237489815914989, 0.06735165968510716]], "ideal": "D", "sampled": "B", "correct": false}}
{"type": "result", "data": {"idx": 7, "options": ["Chain migration", "Cluster migration", "Circular migration", "International migration"], "probs": [[0.005145637648642519, 0.008484631389871738, 0.9805372390447046, 0.00583249181678116], [0.004538769498667221, 0.9800274058018066, 0.005827895998991104, 0.00960592860053513], [0.9676380157768648, 0.0065225964121597615, 0.02275942684657318, 0.003079960864402237], [0.0035482668198645803, 0.0066299461536885275, 0.00585049249128912, 0.9839712944351577]], "ideal": "C", "sampled": "C", "correct": true}}
{"type": "result", "data": {"idx": 8, "options": ["Religious differences", "A national holiday", "An attack by another country", "A charismatic national leader"], "probs": [[0.9886007761308344, 0.004042638407000368, 0.004579175197082664, 0.002777410165082589], [0.004029143898054863, 0.006644882913927343, 0.0031379008278786514, 0.9861880722601392], [0.003571404335896317, 0.004587674926322311, 0.9905258303132854, 0.0013150903244958602], [0.0040115789532875114, 0.9815433907525725, 0.003540427562890128, 0.010904602631249899]], "ideal": "A", "sampled": "A", "correct": true}}
{"type": "result", "data": {"idx": 9, "options": ["Mediterranean climate", "Limited forest cover", "Growth of manufacturing", "Access to trade routes"], "probs": [[0.0051919789907099185, 0.0021643387121344894, 0.003148227459694837, 0.9894954547374607], [0.005850587747733065, 0.007514518996318085, 0.983869593289266, 0.0027652998666827773], [0.022615846423251866, 0.9617227987119737, 0.007340821960576597, 0.008320532804197742], [0.9661000210345879, 0.015621807198953135, 0.006113230060632578, 0.012164941605826344]], "ideal": "D", "sampled": "D", "correct": true}}
{"type": "result", "data": {"idx": 10, "options": ["high birth rates with high but fluctuating death rates.", "declining birth rates with continuing high death rates.", "low birth rates with continuing high death rates.", "high birth rates with declining death rates."], "probs": [[0.975196178765226, 0.004519207005811896, 0.004517386269963352, 0.015767227858998763], [0.010807945835081984, 0.007430812473229801, 0.008416602007011954, 0.9733446395846762], [0.008456429808350926, 0.006588604101815105, 0.9774877824036047, 0.007467183586229294], [0.01558197963243033, 0.9642554655301345, 0.010710135250819881, 0.009452419486615198]], "ideal": "A", "sampled": "A", "correct": true}}
{"type": "result", "data": {"idx": 11, "options": ["Crude birth rate", "Replacement level", "Mortality rate", "Total fertility rate"], "probs": [[0.005028694100179096, 0.7462338451650536, 0.006456567184335163, 0.24228089345043205], [0.7756216677054629, 0.007609157852101852, 0.1960970497866866, 0.020672124555748597], [0.004920327450108161, 0.052889171976087196, 0.004342462706742497, 0.9378480377670622], [0.017854885873890534, 0.0031042993534427517, 0.9750542326195178, 0.003986582053148893]], "ideal": "B", "sampled": "B", "correct": true}}
{"type": "result", "data": {"idx": 12, "options": ["Islam", "Christianity", "Hinduism", "Buddhism"], "probs": [[0.96345444677347, 0.00944984073357797, 0.009445374110410725, 0.017650338282541304], [0.07567654093225716, 0.09719128531814261, 0.013150609599205625, 0.8139815640503946], [0.13407982584804992, 0.05591455348957976, 0.7715761488297256, 0.03842947173264469], [0.17941112806185178, 0.8043336267689881, 0.004782042929060301, 0.01147320214009981]], "ideal": "A", "sampled": "A", "correct": true}}
{"type": "result", "data": {"idx": 13, "options": ["redline area.", "threshold.", "range.", "hinterland."], "probs": [[0.010743178135165815, 0.0044794374017073, 0.01770728373095845, 0.9670701006321685], [0.022355784020780783, 0.01973434355145842, 0.950651558386498, 0.0072583139412627905], [0.007474231717423164, 0.978931093436258, 0.004000401688349531, 0.009594273057969342], [0.9791308489993286, 0.004539839853164908, 0.004002069526851302, 0.012327241520655237]], "ideal": "D", "sampled": "D", "correct": true}}
{"type": "result", "data": {"idx": 14, "options": ["the central city and its developed areas.", "the central city and its surrounding suburbs.", "the central city and its hinterlands.", "the central city and the adjacent counties."], "probs": [[0.25336422279639886, 0.6887779709842176, 0.034289120262221556, 0.02356868585716196], [0.8504540830270801, 0.042359671282088965, 0.06981628058547665, 0.0373699650053542], [0.45345323259796316, 0.11469981561870186, 0.18902742438301923, 0.24281952730031572], [0.06601588378174653, 0.3800473780546465, 0.4878866933700815, 0.06605004469352548]], "ideal": "B", "sampled": "B", "correct": true}}
{"type": "result", "data": {"idx": 15, "options": ["Buddhism", "Christianity", "Islam", "Hinduism"], "probs": [[0.022677603663257634, 0.008346542551951858, 0.0044652530045716406, 0.9645106006802189], [0.01743564986281661, 0.013588840494890179, 0.8400966743310002, 0.12887883521129295], [0.038987953357180125, 0.8873026403169494, 0.02364433565366878, 0.050065070572201706], [0.9781317221277125, 0.007472541761131666, 0.0035283564111584682, 0.01086737959999739]], "ideal": "D", "sampled": "D", "correct": true}}
{"type": "result", "data": {"idx": 16, "options": ["World cities contain the headquarters of many transnational corporations.", "World cities are well connected to secondary-level world cities.", "World cities contain many offices of multinational organizations.", "World cities are found only in the northern and western hemispheres."], "probs": [[0.0024577006804582, 0.002458691142114444, 0.003576456457850145, 0.9915071516195771], [0.004033438006651021, 0.004571910103068922, 0.9868223258516736, 0.004572325938606385], [0.007451869320393868, 0.9756573155107134, 0.008445870401780737, 0.008444944667111917], [0.9700455448224777, 0.01078042961948445, 0.008395173499153287, 0.010778851958884523]], "ideal": "D", "sampled": "D", "correct": true}}
{"type": "result", "data": {"idx": 17, "options": ["Highways to airports that link cities", "Interstate highways that link cities", "Beltways around cities", "Streetcar and trolley lines extending from the CBD"], "probs": [[0.05727476243724489, 0.1070180453972296, 0.04460562675110356, 0.791101565314422], [0.02468528379849667, 0.0407140435889659, 0.9265816686007806, 0.008019003911756828], [0.010711394209418721, 0.9642504416773678, 0.009453177415926254, 0.015584986597287123], [0.8949201664794013, 0.023858102210073253, 0.06482780265261062, 0.016393928557914817]], "ideal": "D", "sampled": "D", "correct": true}}
{"type": "result", "data": {"idx": 18, "options": ["Ghettos", "Suburbs", "CBDs", "Transition zones"], "probs": [[0.0014966528067723536, 0.995111640170076, 0.0016955910032181046, 0.0016961159199335018], [0.9956603437803607, 0.0013220248234250985, 0.0013208411124575473, 0.0016967901837566198], [0.0021769512147345542, 0.0014969644106985285, 0.0010282061129338704, 0.9952978781616331], [0.0014965208890413897, 0.0009082178975525858, 0.9951264689841758, 0.0024687921292302676]], "ideal": "B", "sampled": "B", "correct": true}}
{"type": "result", "data": {"idx": 19, "options": ["a formal region.", "a functional region.", "an absolute location.", "a relative location."], "probs": [[0.02505122542137416, 0.006337685162900321, 0.9402169855130152, 0.02839410380271029], [0.0065863179649747715, 0.9774962157662997, 0.007461958633566614, 0.008455507535158818], [0.9864587930936758, 0.007536443983803264, 0.0024460567607245912, 0.0035587060617963575], [0.00853959548842481, 0.0019066400701608537, 0.0021595798539062426, 0.987394184487508]], "ideal": "C", "sampled": "C", "correct": true}}
{"type": "result", "data": {"idx": 20, "options": ["nationalism.", "devolution.", "supranationalism.", "complementarity."], "probs": [[0.004046525850770772, 0.002167101757051048, 0.9902140554671, 0.0035723168250781996], [0.0051728076027645915, 0.9858281674117954, 0.0031374664742279206, 0.005861558411212112], [0.9833645235792954, 0.00455615782090996, 0.0024380694090493857, 0.009641249090745253], [0.004049114635067136, 0.0015866738005580045, 0.003153453853648148, 0.9912107576107267]], "ideal": "C", "sampled": "C", "correct": true}}
{"type": "result", "data": {"idx": 21, "options": ["population is limited by their means of subsistence.", "all populations have the potential to increase more than the actual rate of increase.", "wars and famine inhibit population's reproductive capacity.", "technology's ability to raise the Earth's carrying capacity."], "probs": [[0.00747489950781459, 0.005823164777872051, 0.00747489950781459, 0.9792270361064987], [0.015520005722877827, 0.012089126201741287, 0.9602981971600795, 0.012092670815301463], [0.007463246127957021, 0.9774923337262879, 0.006586291835803762, 0.008458128209951342], [0.9603040175845262, 0.01208941428758725, 0.012085870604986573, 0.015520697422899974]], "ideal": "D", "sampled": "D", "correct": true}}
{"type": "result", "data": {"idx": 22, "options": ["Islam and Judaism", "Judaism and Buddhism", "Hinduism and Buddhism", "Christianity and Buddhism"], "probs": [[0.23336666720957416, 0.03582067628267879, 0.011620823985417335, 0.7191918324223298], [0.009547872301016539, 0.006569738209184176, 0.9743272732626312, 0.009555116127168], [0.0057173682288139925, 0.9613213776760289, 0.02561834572711534, 0.007342908268041751], [0.9440147534711892, 0.032327410703547096, 0.01729526417302489, 0.006362571552238799]], "ideal": "D", "sampled": "D", "correct": true}}
{"type": "result", "data": {"idx": 23, "options": ["Concentric zone model", "Central place model", "Urban realms model", "Sector model"], "probs": [[0.16129755236124688, 0.010314074804543395, 0.009097951048261964, 0.8192904216859478], [0.020605586275208396, 0.01250095839951945, 0.2844097289492976, 0.6824837262759745], [0.04979653859239023, 0.47255091248187414, 0.47240258632840754, 0.00524996249732809], [0.13099267562059147, 0.8542709013589916, 0.012182048972696433, 0.0025543739477204407]], "ideal": "D", "sampled": "A", "correct": false}}
{"type": "result", "data": {"idx": 24, "options": ["dictatorship.", "theocracy.", "democracy.", "autocracy."], "probs": [[0.001498045623303769, 0.9960353490554439, 0.0014986456279153626, 0.0009679595933369919], [0.9946280895443416, 0.001497576013276347, 0.0021779168694228365, 0.0016964174729592722], [0.0013220502792876908, 0.0010302974322107844, 0.0010964272688498218, 0.9965512249196516], [0.0013220987244703314, 0.0011673312984581256, 0.9963427087724573, 0.0011678611046142282]], "ideal": "B", "sampled": "B", "correct": true}}
{"type": "result", "data": {"idx": 25, "options": ["Christianity", "Islam", "Hinduism", "Animism"], "probs": [[0.9935568108222367, 0.003585245508329102, 0.0016936860274305468, 0.0011642575420036196], [0.003578164942206604, 0.002460225710422303, 0.001690452723872639, 0.9922711565234984], [0.0021697390820017036, 0.0027869253481795785, 0.9918847039392976, 0.0031586315305210753], [0.0027890218408132476, 0.9928323755678023, 0.0024611394402372436, 0.0019174630511471352]], "ideal": "A", "sampled": "A", "correct": true}}
{"type": "result", "data": {"idx": 26, "options": ["French", "British (English, Scotch-Irish, Welsh, Scottish)", "Russian", "Chinese"], "probs": [[0.05303389993417368, 0.9401286978925253, 0.0038436302658656943, 0.0029937718074353205], [0.9630194961635338, 0.009452672040848398, 0.001859414050747672, 0.025668417644870177], [0.022619109451060673, 0.005724381617563477, 0.009428336222646093, 0.9622281726087297], [0.019169049656935624, 0.05212530580596867, 0.923853710787528, 0.004851933649567732]], "ideal": "B", "sampled": "B", "correct": true}}
{"type": "result", "data": {"idx": 27, "options": ["future social spending needs of the population.", "the impact of \"baby booms\" on the population.", "the impact of wars on the population.", "a quick visual depiction of the country's demographics."], "probs": [[0.9139965158455292, 0.02150893161101066, 0.018971118412911003, 0.045523434030549106], [0.2252695243379566, 0.1987996251086556, 0.15482531822971096, 0.42110553222367686], [0.8646976302324024, 0.02959946002806081, 0.04304730343454975, 0.06265560620498703], [0.06600277223527186, 0.7095965848093415, 0.06599637963702508, 0.1584042632183616]], "ideal": "B", "sampled": "A", "correct": false}}
{"type": "result", "data": {"idx": 28, "options": ["Geometric", "Artificial", "Natural", "Relict"], "probs": [[0.09941608605904752, 0.11265319007481914, 0.7347128500011902, 0.0532178737649431], [0.44596872019944295, 0.5053488048568183, 0.041474677888554926, 0.007207796955183751], [0.8892811585592116, 0.05016981092806153, 0.016286524102064215, 0.044262506310662614], [0.1492732857675807, 0.054914574817097446, 0.03773983434052807, 0.7580723049747937]], "ideal": "C", "sampled": "C", "correct": true}}
{"type": "result", "data": {"idx": 29, "options": ["Primary", "Secondary", "Tertiary", "Quaternary"], "probs": [[0.9915077719946316, 0.0024586925366484533, 0.0024580615656020106, 0.0035754738031179767], [0.008542055841562408, 0.0024482667363204835, 0.0016822617502594399, 0.9873274155718577], [0.0075334970324806945, 0.0021592236175239747, 0.9867478419707324, 0.0035594372792629005], [0.01782806202548851, 0.9736848390961884, 0.003978945281135157, 0.004508153497187942]], "ideal": "A", "sampled": "A", "correct": true}}
{"type": "result", "data": {"idx": 30, "options": ["Primary", "Secondary", "Tertiary", "Quaternary"], "probs": [[0.8308867060514633, 0.08758141681455792, 0.05310618405432821, 0.02842569297965053], [0.08170550816646859, 0.030061904423613617, 0.00975714691963348, 0.8784754403902844], [0.08506131765476002, 0.011517925059988771, 0.807039317154599, 0.09638144003065222], [0.053590192519079975, 0.8383999343748982, 0.0607220813697656, 0.0472877916362562]], "ideal": "A", "sampled": "A", "correct": true}}
{"type": "result", "data": {"idx": 31, "options": ["city firefighter.", "social worker.", "dry cleaner.", "garment factory worker."], "probs": [[0.26823932329474687, 0.1266834903632601, 0.16267961504441336, 0.44239757119757966], [0.33478025097449987, 0.13954279033253095, 0.2954425259450055, 0.2302344326479637], [0.19866970623539848, 0.15472410963546973, 0.5402073980374013, 0.10639878599173053], [0.32848914475466695, 0.3723352440123381, 0.22583273867993034, 0.07334287245306462]], "ideal": "D", "sampled": "A", "correct": false}}
{"type": "result", "data": {"idx": 32, "options": ["manufacturing goods where production costs are the highest.", "conducting accounting and research services where economical.", "based on comparative advantage.", "with headquarters located in LDCs."], "probs": [[0.021769568686852928, 0.8170412318958091, 0.14197159050055272, 0.019217608816785258], [0.9377708431937405, 0.05292298270490644, 0.002985999685649649, 0.006320174315703412], [0.13140952952967574, 0.007418281605236154, 0.003969634993619112, 0.857202553771469], [0.015264037333972101, 0.006366918052783858, 0.8335101838710522, 0.14485886064219183]], "ideal": "C", "sampled": "B", "correct": false}}
{"type": "result", "data": {"idx": 33, "options": ["A deep cover of loose materials", "A predominance of gentle slopes", "Frequent flooding", "Deep dissection and erosion"], "probs": [[0.010523112882020772, 0.019663949419158867, 0.02227472958387634, 0.947538208014944], [0.00449435161800415, 0.017778272949844784, 0.9703156554019844, 0.00741171993016671], [0.012577234186200941, 0.8819198257875622, 0.023489062396948927, 0.08201387752928785], [0.01528399419008472, 0.025221297209537606, 0.9459929350768371, 0.013501773423540595]], "ideal": "D", "sampled": "D", "correct": true}}
{"type": "result", "data": {"idx": 34, "options": ["United States", "Japan", "France", "United Kingdom"], "probs": [[0.08937032740317463, 0.8477725109556525, 0.025598457983389975, 0.037258703557782796], [0.8054362414651896, 0.04545056006676594, 0.04009228884635353, 0.10902090952169095], [0.05644604295758532, 0.08211789432311481, 0.08210853639371171, 0.7793275262255882], [0.05891341102085643, 0.07567306031289335, 0.813409286955822, 0.052004241610428215]], "ideal": "B", "sampled": "B", "correct": true}}
{"type": "result", "data": {"idx": 35, "options": ["limits the marine climate of Europe to coastal areas", "provides a corridor for communication between southern and northern Europe", "enables marine-like climatic conditions to extend eastward into Germany and Poland", "effectively prevents population movement between parts of the Mediterranean region"], "probs": [[0.6931555784757552, 0.19862970909381497, 0.09382602584362212, 0.014388686486807746], [0.38623589884912457, 0.43776173088228804, 0.01497763325740728, 0.16102473691118008], [0.1456084730839066, 0.03682446561738213, 0.07792788172317829, 0.739639179475533], [0.03794229001960499, 0.04302016613187214, 0.863798552189825, 0.055238991558697846]], "ideal": "C", "sampled": "B", "correct": false}}
{"type": "result", "data": {"idx": 36, "options": ["Calcutta.", "Bombay.", "Cambodia.", "Bali."], "probs": [[0.032236954525535835, 0.008156385815840715, 0.9423456935576965, 0.017260966000927008], [0.019703404324417046, 0.9493632303141394, 0.01739238681833263, 0.013540978443110944], [0.9734622896383435, 0.009549242156832213, 0.009555991451985494, 0.0074324766528387565], [0.041503446938263244, 0.006368597906437548, 0.00721909756783721, 0.944908857487462]], "ideal": "C", "sampled": "C", "correct": true}}
{"type": "result", "data": {"idx": 37, "options": ["Diffusion", "Centrifugal", "Centripetal", "Ethnocentric"], "probs": [[0.0006249316565758984, 0.0021808410750283726, 0.9964401823038701, 0.0007540448645255794], [0.0016963576427860344, 0.9956408364310839, 0.0014970302646534317, 0.0011657755614766098], [0.9931786871598196, 0.0012392375188266065, 0.002791316541794044, 0.0027907586795597604], [0.0011644238223968819, 0.0019195863019795072, 0.0021745030396827904, 0.9947414867359408]], "ideal": "C", "sampled": "C", "correct": true}}
{"type": "result", "data": {"idx": 38, "options": ["Graph of the Bantu migration", "Graph of the growth of human populations since their first appearance on Earth", "The chart showing how cities associate with one another based on their population sizes", "A model showing the decrease in population growth for several countries after they industrialize"], "probs": [[0.08037241903320354, 0.40824146077745543, 0.0487402542124254, 0.46264586587691564], [0.11721818016916107, 0.06277575273062147, 0.7646123680682405, 0.05539369893197693], [0.10312955955847608, 0.317724924191357, 0.05518710283758095, 0.523958413312586], [0.17546353003808876, 0.1549162887614468, 0.6126296610909457, 0.05699052000951861]], "ideal": "D", "sampled": "D", "correct": true}}
{"type": "result", "data": {"idx": 39, "options": ["Transnational corporations", "EU", "World Trade Organization", "Good transportation network"], "probs": [[0.010459803682829045, 0.015223142264104596, 0.03221846281549585, 0.9420985911375706], [0.003372243961317915, 0.05978980133340677, 0.9350297791878887, 0.0018081754173866788], [0.005187976530486227, 0.9888508707701027, 0.0033499337027471467, 0.0026112188966639317], [0.9698339376824923, 0.006538391360594383, 0.020128260625762333, 0.0034994102311510012]], "ideal": "D", "sampled": "D", "correct": true}}
{"type": "result", "data": {"idx": 40, "options": ["nationalism.", "sectarianism.", "political unrest.", "functional disputes."], "probs": [[0.9972857139835645, 0.0015007090211932362, 0.0005877546904819661, 0.0006258222047603558], [0.0006254294653489041, 0.0009100942479415093, 0.0009098125810861166, 0.9975546636056235], [0.0008013969686566549, 0.00149745471779315, 0.9955217304407604, 0.0021794177727897375], [0.000967620801070617, 0.9963046185029149, 0.0016977336125126774, 0.0010300269835018718]], "ideal": "A", "sampled": "A", "correct": true}}
{"type": "result", "data": {"idx": 41, "options": ["assimilation.", "acculturation.", "adaptation.", "amalgamation."], "probs": [[0.3634155805562969, 0.5992834862082677, 0.01097519826717753, 0.02632573486825788], [0.16038770628521337, 0.01317037799923415, 0.011619438167200699, 0.8148224774483518], [0.05162776652813664, 0.011526957196062552, 0.5551617761711004, 0.3816835000047004], [0.02212462470996487, 0.570601615504037, 0.392067741932827, 0.015206017753171156]], "ideal": "B", "sampled": "A", "correct": false}}
{"type": "result", "data": {"idx": 42, "options": ["A Mercator projection", "A globe", "A conic projection", "A gnomonic projection"], "probs": [[0.022549879160641387, 0.9589175136747162, 0.00646064813168469, 0.012071958932957691], [0.8718364639042989, 0.049196789799253064, 0.02323210932308328, 0.05573463687336468], [0.04083458904251808, 0.010328486140970055, 0.019282034496064096, 0.9295548902204478], [0.03251849756658025, 0.010565559975464356, 0.9505082662968514, 0.006407676061104047]], "ideal": "B", "sampled": "B", "correct": true}}
{"type": "result", "data": {"idx": 43, "options": ["Winn-Dixie grocery store", "Mercedes-Benz dealership", "Shoe store", "Family doctor"], "probs": [[0.03185347501235626, 0.9312061662555274, 0.01504651742033407, 0.02189384121178222], [0.935458060500886, 0.017143217781173427, 0.041095148614800396, 0.006303573003140155], [0.017547389589066258, 0.017556160786053366, 0.006455323448354079, 0.9584411260765263], [0.022559828812386492, 0.010663838941809565, 0.9594485656016706, 0.007327766544133306]], "ideal": "B", "sampled": "B", "correct": true}}
{"type": "result", "data": {"idx": 44, "options": ["Rostow", "Ravenstein", "Von Th\u00fcnen", "Burgess"], "probs": [[0.0035663510804686788, 0.0045818279136465665, 0.0031462338157538486, 0.9887055870901309], [0.0027471085253537235, 0.017917488531918793, 0.9778644437698483, 0.0014709590728791693], [0.0027891024320715755, 0.9928334365115404, 0.0019165552226529904, 0.002460905733735022], [0.9913098531244663, 0.005208907188145098, 0.0010242327374554638, 0.002457006849933095]], "ideal": "D", "sampled": "D", "correct": true}}
{"type": "result", "data": {"idx": 45, "options": ["Rand-McNally Road Atlas.", "world globe.", "road map.", "mental map."], "probs": [[0.036012830090523064, 0.013251808181098777, 0.021839485627886145, 0.928895876000492], [0.019130322277732262, 0.05201338519268811, 0.9218158039721298, 0.007040488457449802], [0.08394324700492825, 0.9025349532046741, 0.007809010726466222, 0.005712788963931337], [0.7002848815093528, 0.0307749178223593, 0.011319804633378427, 0.2576203959349095]], "ideal": "D", "sampled": "D", "correct": true}}
{"type": "result", "data": {"idx": 46, "options": ["the world.", "Atlanta, Georgia.", "Main Street, Small Town, Ohio.", "Pennsylvania."], "probs": [[0.6431001424146329, 0.12659224866554816, 0.0677599459818791, 0.16254766283793987], [0.23448620734254105, 0.18259069321713828, 0.08626265822978468, 0.496660441110536], [0.41095878751283765, 0.1177229035291913, 0.15120894867437826, 0.32010936018359276], [0.22140898968436062, 0.32209681981416977, 0.1342913339258351, 0.3222028564756345]], "ideal": "A", "sampled": "A", "correct": true}}
{"type": "result", "data": {"idx": 47, "options": ["an antecedent boundary.", "a geometric boundary.", "a relict boundary.", "a subsequent boundary."], "probs": [[0.6118639820921992, 0.03454258729437624, 0.2890982681428303, 0.06449516237059434], [0.03598840074654422, 0.8191467324404322, 0.019260866099176335, 0.12560400061384716], [0.8170561023684321, 0.040697405370590134, 0.11056817898521745, 0.03167831317576031], [0.04386825924476779, 0.881217969586018, 0.011092245742943986, 0.06382152532627025]], "ideal": "A", "sampled": "C", "correct": false}}
{"type": "result", "data": {"idx": 48, "options": ["Software engineer", "F-10 pickup truck assembly-line worker", "Oil refinery worker", "Parking lot attendant"], "probs": [[0.42903964148963447, 0.012964919668599997, 0.006935139865414137, 0.5510602988763514], [0.008333143769551153, 0.00833936779831089, 0.9633304466802932, 0.019997041651844783], [0.01167927541291139, 0.052362696910667174, 0.9279272175129195, 0.008030810063501872], [0.3405661072074462, 0.636460979738063, 0.014962653625659275, 0.00801025932883148]], "ideal": "D", "sampled": "A", "correct": false}}
{"type": "result", "data": {"idx": 49, "options": ["The Swiss Alps", "The Amazon Basin", "North Africa", "The Alaskan tundra"], "probs": [[0.009362409507807323, 0.9545706189544513, 0.022448030476887305, 0.013618940960854108], [0.8919335949665136, 0.07321989330979183, 0.018508946004085463, 0.01633756561960913], [0.028451891475196178, 0.02215835668581057, 0.0071924952382168925, 0.9421972565007763], [0.017442737227793544, 0.010580351851055207, 0.9522102126475825, 0.019766698173568693]], "ideal": "B", "sampled": "B", "correct": true}}
{"type": "result", "data": {"idx": 50, "options": ["secularism.", "heathenism.", "sacrilege.", "nationalism."], "probs": [[0.9957993460612878, 0.0014076018992259822, 0.0010961211484649424, 0.0016969307910212116], [0.0016973320780992137, 0.0013222225982757524, 0.0010958799041914373, 0.9958845653194336], [0.0010284769893652414, 0.0009080973756572318, 0.9948957639051842, 0.0031676616297932722], [0.00102982208377406, 0.9961064245844823, 0.0016972509401418949, 0.0011665022916017033]], "ideal": "A", "sampled": "A", "correct": true}}
{"type": "result", "data": {"idx": 51, "options": ["boundaries.", "common features.", "relative location.", "easily defined."], "probs": [[0.008492902495812131, 0.0037699619587016433, 0.005837080754995918, 0.9819000546904904], [0.03136852906329894, 0.040292230372749406, 0.916796440468198, 0.011542799995753729], [0.03246281813339293, 0.9487889236211711, 0.011942403923676426, 0.006805854221759578], [0.9517236942693447, 0.025367339510936008, 0.009332122513560939, 0.013576843606158384]], "ideal": "D", "sampled": "D", "correct": true}}
{"type": "result", "data": {"idx": 52, "options": ["Pioneer settlement to 1870\u2014Germans, British, Scotch-Irish, Africans", "1870\u20131914\u2014Asians", "1870\u20131914\u2014Eastern and southern Europeans", "1965\u2013present\u2014Hispanics"], "probs": [[0.05242246902978307, 0.9292105090313885, 0.008040024183967532, 0.010326997654860913], [0.8690980526273291, 0.029743531217260984, 0.03818025375591205, 0.06297816229949785], [0.08059568197504424, 0.06277243234401354, 0.09132688018740528, 0.765305005393537], [0.010770860260874123, 0.013834113160802589, 0.9696265336224602, 0.005768492855863116]], "ideal": "B", "sampled": "B", "correct": true}}
{"type": "result", "data": {"idx": 53, "options": ["They have thriving, clean residential areas.", "There are jobs for most rural-to-urban migrants.", "They have three separate business districts.", "They have a well-developed infrastructure."], "probs": [[0.042207408486611364, 0.7485952871479946, 0.01994487084762319, 0.18925243341777084], [0.6917572184960125, 0.05681932968886567, 0.026822337100427366, 0.22460111461469454], [0.26042857423986926, 0.0958471807165518, 0.01886366841744927, 0.6248605765261297], [0.26671769417486635, 0.16186153404698816, 0.38807194264608336, 0.18334882903206212]], "ideal": "C", "sampled": "B", "correct": false}}
{"type": "result", "data": {"idx": 54, "options": ["Singapore", "Italy", "Spain", "Mongolia"], "probs": [[0.007503241213446753, 0.007503740867971222, 0.0024357934550482555, 0.9825572243635338], [0.0083827191107676, 0.012195919786801032, 0.9686598894079863, 0.010761471594445059], [0.008488599267879803, 0.9808948221670458, 0.004008693207622478, 0.006607885257451947], [0.9731032079146736, 0.009543813595215587, 0.005105717948119284, 0.012247260441991512]], "ideal": "D", "sampled": "D", "correct": true}}
{"type": "result", "data": {"idx": 55, "options": ["First", "Second", "Third", "Fourth"], "probs": [[0.047045562281216535, 0.39387401686682794, 0.05329297045664518, 0.5057874502953104], [0.0761156482961523, 0.019254402041536434, 0.7220526605887121, 0.18257728897359918], [0.05737407182828539, 0.8974138006939057, 0.014504315436707441, 0.03070781194110142], [0.5497711750872732, 0.06567990572450624, 0.05112435342134318, 0.3334245656668773]], "ideal": "C", "sampled": "D", "correct": false}}
{"type": "result", "data": {"idx": 56, "options": ["Rostow.", "Ravenstein.", "von Th\u00fcnen.", "Burgess."], "probs": [[0.9915532420276462, 0.0040554096719936025, 0.001235648750681586, 0.003155699449678638], [0.005889943298876172, 0.0024581327497886626, 0.0013138837905922577, 0.9903380400607429], [0.004572257792989634, 0.002449851228248503, 0.9871073618544649, 0.005870529024296991], [0.0035775280249777186, 0.9917948210100105, 0.002169349819007394, 0.002458301046004361]], "ideal": "A", "sampled": "A", "correct": true}}
{"type": "result", "data": {"idx": 57, "options": ["Language", "Religion", "Oceans", "Tolerant complaisant citizens"], "probs": [[0.0051219007239436945, 0.007453284514854562, 0.010843742634905007, 0.9765810720262967], [0.0057841778146890295, 0.01782142740012967, 0.9730950996086462, 0.003299295076535105], [0.007520989058980647, 0.9853243244552874, 0.004858275416088998, 0.0022964109696429606], [0.9871380035481984, 0.005873206717134631, 0.004035555881205973, 0.00295323375346103]], "ideal": "D", "sampled": "D", "correct": true}}
{"type": "result", "data": {"idx": 58, "options": ["new residents tear down and rebuild housing units.", "new residents live peacefully with old residents.", "new residents assimilate with old residents completely.", "new residents move into areas occupied by older resident groups."], "probs": [[0.01088803693766248, 0.00583043121115249, 0.0027537789774846983, 0.9805277527737003], [0.007468307247827187, 0.008468131900633568, 0.9782442277142018, 0.005819333037337419], [0.009642749595417263, 0.9836766635815349, 0.003131796536077123, 0.003548790186970683], [0.9794195494074986, 0.005831432647691455, 0.005143032514112523, 0.009605985330697375]], "ideal": "D", "sampled": "D", "correct": true}}
{"type": "result", "data": {"idx": 59, "options": ["A map showing Atlanta as a hub for Delta Airlines", "An article describing the region referred to as the South", "A map showing North Carolina's one hundred counties", "An essay explaining the region known as the Bible Belt"], "probs": [[0.8336332464601369, 0.060414098973051646, 0.006365348127246253, 0.09958730633956511], [0.03225357899290427, 0.008161747070815248, 0.12756538663088032, 0.8320192872054002], [0.018965305944847972, 0.04551492377635467, 0.9140200409369381, 0.02149972924185924], [0.025133777805208698, 0.9433802514673859, 0.025130102806271447, 0.006355867821133972]], "ideal": "A", "sampled": "A", "correct": true}}
{"type": "result", "data": {"idx": 60, "options": ["Gravity concept", "Distance decay", "Complementarity", "Movement bias"], "probs": [[0.03876114536999404, 0.07241535745635827, 0.8820857178866207, 0.006737779187027001], [0.012263980995112203, 0.9741980816319483, 0.00842606360941206, 0.0051118736635274], [0.9498591150002159, 0.017398180260828355, 0.017391772760895024, 0.015350931878060681], [0.0736772525390583, 0.050637582712962106, 0.08345672860458668, 0.7922284360433929]], "ideal": "D", "sampled": "C", "correct": false}}
{"type": "result", "data": {"idx": 61, "options": ["First Agricultural Revolution.", "Second Agricultural Revolution.", "Third Agricultural Revolution.", "Fourth Agricultural Revolution."], "probs": [[0.08613152312763075, 0.7212975835465584, 0.031681084083759185, 0.1608898091420517], [0.44257005372680946, 0.18452529079616353, 0.028287866693998825, 0.34461678868302814], [0.11753773774974752, 0.46491304345752266, 0.05550751109850664, 0.36204170759422316], [0.1279113000602551, 0.07758797582342472, 0.14491352308058855, 0.6495872009357316]], "ideal": "B", "sampled": "B", "correct": true}}
{"type": "result", "data": {"idx": 62, "options": ["Japan has a rich natural resource base.", "China lacks natural resources but has a massive labor force.", "China is industrializing rapidly.", "Taiwan lacks industrial enterprise and an educated workforce."], "probs": [[0.016279389716262613, 0.06439690892357344, 0.8888959089024493, 0.030427792357714683], [0.08234189733658806, 0.8853804177269419, 0.02359636954081434, 0.008681315295655762], [0.5754121869500785, 0.015343459538351308, 0.01353131078368197, 0.39571304262788826], [0.0431781953981222, 0.008507105940918597, 0.08066140512599937, 0.8676532934349598]], "ideal": "C", "sampled": "C", "correct": true}}
{"type": "result", "data": {"idx": 63, "options": ["The UN operates a worldwide police force.", "Member states surrender sovereignty to the UN.", "World laws are enforced by the UN.", "The UN often practices interventionism in world conflicts."], "probs": [[0.08904041977960009, 0.05403025004805535, 0.012050309991465665, 0.8448790200808789], [0.7631729103262733, 0.0488184496007291, 0.11704920183735047, 0.07095943813564705], [0.35344388664762716, 0.11474643735019611, 0.01759863958768942, 0.5142110363144873], [0.6521919770723471, 0.03249387345901415, 0.18689847923738936, 0.12841567013124938]], "ideal": "D", "sampled": "D", "correct": true}}
{"type": "result", "data": {"idx": 64, "options": ["Dixie", "Pennsylvania", "The market area of Winn-Dixie", "The Pacific Northwest"], "probs": [[0.1742109993122129, 0.4179461989419834, 0.08228484724275867, 0.325557954403045], [0.7237355435840744, 0.06732905211352287, 0.11097221571463235, 0.09796318848777034], [0.13861831711444664, 0.2934120529579053, 0.08406396766513444, 0.4839056621625136], [0.23501403363007256, 0.11102168094859763, 0.38753687372473394, 0.2664274115965959]], "ideal": "B", "sampled": "B", "correct": true}}
{"type": "result", "data": {"idx": 65, "options": ["the substitution principle.", "deglomeration.", "agglomeration.", "infrastructure."], "probs": [[0.0075157722660715845, 0.0035517662859279016, 0.9843719032103379, 0.004560558137662697], [0.00853087740856048, 0.9860353924865699, 0.0022957760046635836, 0.0031379540002059807], [0.9915161789758732, 0.003157723205768243, 0.0021694974548590795, 0.0031566002634994977], [0.01395620349120741, 0.00274957281293366, 0.00453091564356523, 0.9787633079522937]], "ideal": "C", "sampled": "C", "correct": true}}
{"type": "result", "data": {"idx": 66, "options": ["European", "Slavic", "Germanic", "Romance"], "probs": [[0.0016966302033512694, 0.0014978342710653047, 0.0009083887857348379, 0.9958971466398486], [0.0014971308100373232, 0.0016969389940256526, 0.9956389815884563, 0.001166948507480663], [0.0011673407295945243, 0.9966350708459462, 0.0011672630805708872, 0.0010303252438884681], [0.9972561508119457, 0.0013239432100003961, 0.0006656101660686414, 0.000754295711985241]], "ideal": "D", "sampled": "D", "correct": true}}
{"type": "result", "data": {"idx": 67, "options": ["desert cities.", "forward-thrust capitals.", "old colonial capitals.", "rival cities."], "probs": [[0.01083300998559196, 0.9749356425561908, 0.008433757278314434, 0.005797590079902837], [0.9552442399369931, 0.013630045451265173, 0.025446140778341963, 0.005679573733399708], [0.017691320762221713, 0.009472626772145961, 0.006508273423445446, 0.9663277789421869], [0.006609558669766213, 0.0066108802165148455, 0.9809454792705273, 0.005834081743191548]], "ideal": "B", "sampled": "B", "correct": true}}
{"type": "result", "data": {"idx": 68, "options": ["Halloween", "Foreign cuisine changed to suit American tastes", "Hasidic Judaism", "Catholicism in Louisiana"], "probs": [[0.07945795726437692, 0.04820770249255827, 0.8545957008730839, 0.017738639269980875], [0.04931288588639508, 0.8742460083163355, 0.055878818571626375, 0.02056228712564305], [0.9067697130750021, 0.027399644865327945, 0.051171322560512704, 0.014659319399157197], [0.08362175525977247, 0.057479312188776374, 0.06512109771802374, 0.7937778347334274]], "ideal": "C", "sampled": "C", "correct": true}}
{"type": "result", "data": {"idx": 69, "options": ["devolution theory.", "domino theory.", "heartland theory.", "rimland theory."], "probs": [[0.009602010965832256, 0.005141200382317564, 0.9794318456095364, 0.005824942942313776], [0.00751285654522153, 0.9838367458600878, 0.006628451176118812, 0.002021946318571749], [0.9792780564141367, 0.015829485368888584, 0.0027502959926160417, 0.002142162124358633], [0.015787050681436474, 0.004524156144169268, 0.002743000959282516, 0.9769457921151117]], "ideal": "C", "sampled": "C", "correct": true}}
