{"type": "result", "data": {"idx": 0, "options": ["True, True", "False, False", "True, False", "False, True"], "probs": [[0.282828492921412, 0.13361338473334605, 0.3632412037938463, 0.2203169184513957], [0.2369363939068666, 0.3447404256824689, 0.20912003826672818, 0.2092031420439363], [0.36881685020937266, 0.22377719159996828, 0.25360630849494964, 0.15379964959570938], [0.3256558082476697, 0.3256558082476697, 0.17433265820391114, 0.17435572520074946]], "ideal": "D", "sampled": "C", "correct": false}}
{"type": "result", "data": {"idx": 1, "options": ["True, True", "False, False", "True, False", "False, True"], "probs": [[0.35900728821122896, 0.13212109707103903, 0.3591423821345727, 0.14972923248315928], [0.305304685362585, 0.3459934695015105, 0.1634357322122852, 0.18526611282361932], [0.45344607605870785, 0.189067256000549, 0.24279733628314626, 0.11468933155759689], [0.40447165352616204, 0.2780519938771432, 0.16862736138125714, 0.1488489911154376]], "ideal": "C", "sampled": "C", "correct": true}}
{"type": "result", "data": {"idx": 2, "options": ["True, True", "False, False", "True, False", "False, True"], "probs": [[0.26244884726760886, 0.12399682401370811, 0.3818977474784423, 0.2316565811402407], [0.2650288045141313, 0.3403037190097013, 0.2338630109791543, 0.16080446539701312], [0.34475898225497276, 0.2369768136953244, 0.20910690411165064, 0.20915729983805223], [0.32654601818851536, 0.22443157766648297, 0.2244824055280675, 0.22453999851693415]], "ideal": "B", "sampled": "C", "correct": false}}
{"type": "result", "data": {"idx": 3, "options": ["12", "24", "48", "72"], "probs": [[0.08230745791565841, 0.17425975201771501, 0.4179266392766735, 0.32550615068995303], [0.13822072076730876, 0.22788745030791274, 0.25820530997348506, 0.3756865188512934], [0.2244981213880465, 0.224476380592571, 0.2244981213880465, 0.32652737653133596], [0.2565453082689821, 0.22637850662814457, 0.22640042623397214, 0.29067575876890117]], "ideal": "D", "sampled": "C", "correct": false}}
{"type": "result", "data": {"idx": 4, "options": ["convolutional networks", "graph networks", "fully connected networks", "RBF networks"], "probs": [[0.9904335740913074, 0.005198799854157142, 0.0024555070881277703, 0.001912118866407712], [0.005190607079067036, 0.003568674934816135, 0.0019101740577188377, 0.989330543828398], [0.003559290383433015, 0.001906009714488363, 0.9869982467088122, 0.007536453093266363], [0.0035401747195961198, 0.9816850838821974, 0.005151962147896262, 0.00962277915031017]], "ideal": "A", "sampled": "A", "correct": true}}
{"type": "result", "data": {"idx": 5, "options": ["True, True", "False, False", "True, False", "False, True"], "probs": [[0.31836915012990624, 0.1704107373782455, 0.3607991039392161, 0.15042100845263215], [0.3307272840813966, 0.3307272840813966, 0.20064457057860594, 0.1379008611586008], [0.39565637114179764, 0.27189865300471583, 0.1868730308394564, 0.1455719449140301], [0.42270230297907946, 0.1997185602647345, 0.2564437033774477, 0.12113543327873832]], "ideal": "B", "sampled": "C", "correct": false}}
{"type": "result", "data": {"idx": 6, "options": ["O(D)", "O(N)", "O(ND)", "O(ND^2)"], "probs": [[0.2623864710068577, 0.38199380036348823, 0.23160450158187343, 0.12401522694778067], [0.1641547144842917, 0.14489497782684968, 0.04150480931227638, 0.6494454982765823], [0.09564901637989777, 0.03990329325052277, 0.4858557752742152, 0.37859191499536426], [0.030328639302115802, 0.5376469306920831, 0.10584645035494468, 0.32617797955085637]], "ideal": "A", "sampled": "A", "correct": true}}
{"type": "result", "data": {"idx": 7, "options": ["True, True", "False, False", "True, False", "False, True"], "probs": [[0.4126443923991201, 0.1518211238205771, 0.2836744231249499, 0.15186006055535295], [0.3232264124062365, 0.25178965173260814, 0.25185840568830065, 0.17312553007285467], [0.3881876228091499, 0.18339109692216485, 0.30236080736416127, 0.12606047280452393], [0.40390294786228914, 0.277669370146641, 0.21624913809521162, 0.1021785437958582]], "ideal": "B", "sampled": "A", "correct": false}}
{"type": "result", "data": {"idx": 8, "options": ["2", "4", "8", "16"], "probs": [[0.1566400150786169, 0.2926420401925181, 0.25825570185533137, 0.29246224277353355], [0.19256563195797924, 0.2801813441207765, 0.24721449242720722, 0.28003853139403706], [0.2214424460904885, 0.28427183625239555, 0.1724195927209096, 0.3218661248362063], [0.21642981789972457, 0.1910487739707033, 0.27790138536745934, 0.31462002266211275]], "ideal": "C", "sampled": "B", "correct": false}}
{"type": "result", "data": {"idx": 9, "options": ["Lower variance", "Higher variance", "Same variance", "None of the above"], "probs": [[0.8546122534548676, 0.05463765703513075, 0.04820729917346328, 0.0425427902365384], [0.14388616177963268, 0.2688315452811893, 0.14388616177963268, 0.44339613105954534], [0.11122779878540576, 0.08664056171029341, 0.7256716109286744, 0.07646002847562644], [0.2052662120241195, 0.5579714303197363, 0.03147859196374772, 0.20528376559239644]], "ideal": "A", "sampled": "A", "correct": true}}
{"type": "result", "data": {"idx": 10, "options": ["True, True", "False, False", "True, False", "False, True"], "probs": [[0.30358611177212497, 0.1434650654888455, 0.34415481932797964, 0.20879400331104989], [0.2418883632527534, 0.2741574820233541, 0.24191488731849006, 0.24203926730540246], [0.35681007050389024, 0.21647176912202934, 0.2779184869462897, 0.14879967332779073], [0.330631474540295, 0.2917812553287208, 0.200538134570874, 0.17704913546011022]], "ideal": "A", "sampled": "C", "correct": false}}
{"type": "result", "data": {"idx": 11, "options": ["good fitting", "overfitting", "underfitting", "all of the above"], "probs": [[0.019708592883208798, 0.08832777488081014, 0.8383901305788585, 0.053573501557122566], [0.03569266612127379, 0.9206693870473435, 0.024533037367986732, 0.019104909363396035], [0.2912599167775414, 0.057356805030904526, 0.03478603835641703, 0.616597239735137], [0.011646135580319482, 0.01694602263363647, 0.046066946726299504, 0.9253408949597445]], "ideal": "C", "sampled": "C", "correct": true}}
{"type": "result", "data": {"idx": 12, "options": ["True, True", "False, False", "True, False", "False, True"], "probs": [[0.4265947202388044, 0.08402749463177975, 0.33233515662860313, 0.15704262840081268], [0.2382434492803309, 0.18558365381268, 0.30601144289907567, 0.2701614539079134], [0.31733953333747444, 0.14993671698387528, 0.46189865926494517, 0.0708250903137051], [0.38294047113403873, 0.38298249240860116, 0.10972631721591411, 0.124350719141446]], "ideal": "A", "sampled": "A", "correct": true}}
{"type": "result", "data": {"idx": 13, "options": ["True, True", "False, False", "True, False", "False, True"], "probs": [[0.20764302081562067, 0.34234547692202655, 0.26670678851680296, 0.1833047136455498], [0.3632302501045265, 0.2829441728814242, 0.24969737604920084, 0.10412820086484852], [0.29689571922050634, 0.2968631452814118, 0.10923458133814948, 0.2970065540599324], [0.31509430315357784, 0.1313671689279338, 0.404639368932352, 0.1488991588861364]], "ideal": "B", "sampled": "B", "correct": true}}
{"type": "result", "data": {"idx": 14, "options": ["pure", "not pure", "useful", "useless"], "probs": [[0.05181412529547721, 0.9186371136172734, 0.007948297636333552, 0.021600463350915818], [0.7569697653614504, 0.01386915082450223, 0.01223577118280638, 0.21692531253124092], [0.16705115137813895, 0.31209263202407334, 0.16709144411800309, 0.35376477237978465], [0.03892009491874386, 0.2876439808173567, 0.5375276427655478, 0.13590828139835162]], "ideal": "B", "sampled": "B", "correct": true}}
{"type": "result", "data": {"idx": 15, "options": ["True, True", "False, False", "True, False", "False, True"], "probs": [[0.2555143179746538, 0.28961985653082445, 0.37187924146183576, 0.08298658393268601], [0.3383464622008149, 0.33845121736731426, 0.2986821328505145, 0.024520187481356356], [0.5061579678215138, 0.23911671581099644, 0.06850102930943212, 0.18622428695805768], [0.39160088867804094, 0.07714803746012365, 0.44384245402673383, 0.08740861973510161]], "ideal": "B", "sampled": "C", "correct": false}}
{"type": "result", "data": {"idx": 16, "options": ["This feature has a strong effect on the model (should be retained)", "This feature does not have a strong effect on the model (should be ignored)", "It is not possible to comment on the importance of this feature without additional information", "Nothing can be determined."], "probs": [[0.19009707579965668, 0.037465157493583784, 0.7523950814102569, 0.020042685196502624], [0.029265592480674736, 0.35667996067034413, 0.025837809600575308, 0.5882166371484058], [0.4124850790074532, 0.03840942179144978, 0.46784312939961725, 0.08126236970147975], [0.06741141351428086, 0.49822683818279934, 0.04634231580182834, 0.38801943240109144]], "ideal": "C", "sampled": "C", "correct": true}}
{"type": "result", "data": {"idx": 17, "options": ["The number of hidden nodes", "The learning rate", "The initial choice of weights", "The use of a constant-term unit input"], "probs": [[0.8814244450039189, 0.05636044706579128, 0.023488021003282122, 0.0387270868270077], [0.04992312396993581, 0.020818010823574998, 0.04405457334003495, 0.8852042917664542], [0.03471812592577158, 0.03473779545847222, 0.8958128060405717, 0.034731272475184566], [0.03476382772222562, 0.8967105099218463, 0.023888027159596682, 0.04463763509633137]], "ideal": "A", "sampled": "A", "correct": true}}
{"type": "result", "data": {"idx": 18, "options": ["The polynomial degree", "Whether we learn the weights by matrix inversion or gradient descent", "The assumed variance of the Gaussian noise", "The use of a constant-term unit input"], "probs": [[0.9371056875109768, 0.019452467609815807, 0.015145788419800708, 0.02829605635940665], [0.019409138309690092, 0.017130024378467484, 0.028235965758354346, 0.9352248714534881], [0.009463861119531528, 0.015605285601135839, 0.9654648183528048, 0.009466034826527758], [0.019916216095000203, 0.9597022621836284, 0.00830267191132086, 0.012078849710050542]], "ideal": "A", "sampled": "A", "correct": true}}
{"type": "result", "data": {"idx": 19, "options": ["True, True", "False, False", "True, False", "False, True"], "probs": [[0.3319520900520715, 0.10779347854082483, 0.33202728131032766, 0.22822714999677604], [0.22131185231379868, 0.3219715356504811, 0.17235784230892845, 0.2843587696267918], [0.36456564336771163, 0.1952107712074421, 0.32180559871708153, 0.11841798660776472], [0.36455311281155495, 0.3218230210869646, 0.11837824825121582, 0.1952456177502646]], "ideal": "A", "sampled": "A", "correct": true}}
{"type": "result", "data": {"idx": 20, "options": ["Requires the dimension of the feature space to be no bigger than the number of samples", "Has the smallest value of the objective function when K = 1", "Minimizes the within class variance for a given number of clusters", "Converges to the global optimum if and only if the initial means are chosen as some of the samples themselves"], "probs": [[0.042456066829010077, 0.042477293532495984, 0.8532569153273114, 0.0618097242111825], [0.04884758072544898, 0.8661521348782388, 0.05536680452734168, 0.029633479768970454], [0.8212793774558146, 0.05949836445371247, 0.0080545696628447, 0.11116768832762818], [0.13178353648501798, 0.029413504084892534, 0.16923665328150087, 0.6695663060485886]], "ideal": "C", "sampled": "C", "correct": true}}
{"type": "result", "data": {"idx": 21, "options": ["True, True", "False, False", "True, False", "False, True"], "probs": [[0.29143237413310513, 0.10723211375522922, 0.37427683824409563, 0.22705867376757002], [0.257483176638271, 0.2575734776724055, 0.2575734776724055, 0.22736986791691796], [0.34109101966676897, 0.2069021987299174, 0.3412364550054243, 0.1107703264978893], [0.33868410170613117, 0.3387476998602048, 0.14121104354605468, 0.18135715478760933]], "ideal": "A", "sampled": "A", "correct": true}}
{"type": "result", "data": {"idx": 22, "options": ["0", "1", "2", "3"], "probs": [[0.2625935458238909, 0.43300085687025586, 0.18045531222648573, 0.1239502849793675], [0.2989728673228318, 0.18137110629138903, 0.18127271391670507, 0.3383833123690741], [0.2091931880681115, 0.1630028808401374, 0.39088664037381776, 0.23691729061793335], [0.09752878109751868, 0.26529692414892986, 0.4952920155346409, 0.14188227911891052]], "ideal": "B", "sampled": "B", "correct": true}}
{"type": "result", "data": {"idx": 23, "options": ["True, True", "False, False", "True, False", "False, True"], "probs": [[0.34558332477903597, 0.099041940247674, 0.3456524065633531, 0.2097223283099369], [0.21973012712978635, 0.28213906705745556, 0.24901593100048322, 0.24911487471227486], [0.3520147606978892, 0.16632006066328237, 0.3520996079122471, 0.12956557062658133], [0.33072416446057, 0.33072416446057, 0.13788242995763653, 0.20066924102122338]], "ideal": "C", "sampled": "A", "correct": false}}
{"type": "result", "data": {"idx": 24, "options": ["Decision Trees", "Density-based clustering", "Model-based clustering", "K-means clustering"], "probs": [[0.022881391760580103, 0.8588400350143246, 0.015725267036237753, 0.10255330608885752], [0.9411014457760128, 0.022137599393562024, 0.017232686536267996, 0.019528268194157126], [0.045025994727530674, 0.04503218243493479, 0.0053779466112931435, 0.9045638761262413], [0.02519480670852734, 0.009275982742915698, 0.9459009172578314, 0.01962829319072549]], "ideal": "B", "sampled": "B", "correct": true}}
{"type": "result", "data": {"idx": 25, "options": ["True, True", "False, False", "True, False", "False, True"], "probs": [[0.3047916247421943, 0.11218073795834824, 0.34554099518269477, 0.23748664201676267], [0.23437881909743924, 0.2655508697266178, 0.2656233787737384, 0.23444693230220462], [0.3689435422051558, 0.22380708155778134, 0.28741702434526645, 0.11983235179179637], [0.3631443435059089, 0.2828545016192838, 0.13364982802797734, 0.22035132674682995]], "ideal": "A", "sampled": "C", "correct": false}}
{"type": "result", "data": {"idx": 26, "options": ["they are biased", "they have high variance", "they are not consistent estimators", "None of the above"], "probs": [[0.3238791476778289, 0.41586905093997867, 0.06378382348698572, 0.19646797779520672], [0.3083069186956466, 0.07795649427659172, 0.1650436159453551, 0.44869297098240657], [0.1833037219745075, 0.16178586310553347, 0.3881316060094552, 0.26677880881050386], [0.30594003197471603, 0.23829710481168054, 0.18562802670529888, 0.2701348364083045]], "ideal": "B", "sampled": "A", "correct": false}}
{"type": "result", "data": {"idx": 27, "options": ["linear in D", "linear in N", "polynomial in D", "dependent on the number of iterations"], "probs": [[0.20110504094207915, 0.20107297364594076, 0.05086513544893445, 0.5469568498630456], [0.13833311404890977, 0.08395862703614221, 0.6207564565031324, 0.15695180231181557], [0.13359738287793538, 0.41159312073079474, 0.17165466373986085, 0.28315483255140905], [0.439091169207724, 0.23507377152664474, 0.1831953945096612, 0.14263966465597]], "ideal": "C", "sampled": "D", "correct": false}}
{"type": "result", "data": {"idx": 28, "options": ["Increase bias", "Decrease bias", "Increase variance", "Decrease variance"], "probs": [[0.03701103133346347, 0.3511260177672899, 0.03266458609868712, 0.5791983647005595], [0.044056787467019284, 0.014312325775416884, 0.8850420588900693, 0.056588827767494514], [0.0362081147388793, 0.8240929068600543, 0.013320221279007068, 0.1263787570220593], [0.906619206777265, 0.01007927067093148, 0.008886959903802588, 0.07441456254800087]], "ideal": "D", "sampled": "D", "correct": true}}
{"type": "result", "data": {"idx": 29, "options": ["Best-subset selection", "Forward stepwise selection", "Forward stage wise selection", "All of the above"], "probs": [[0.23490411830865365, 0.23490411830865365, 0.14252647331342957, 0.3876652899692631], [0.3824749233567466, 0.23198276410192886, 0.1807549121682653, 0.20478740027305922], [0.28506720919535905, 0.19582982390428616, 0.19595903186335834, 0.32314393493699645], [0.2711594660136225, 0.2711594660136225, 0.1864726366441841, 0.2712084312285709]], "ideal": "C", "sampled": "B", "correct": false}}
{"type": "result", "data": {"idx": 30, "options": ["Optimize a convex objective function", "Can only be trained with stochastic gradient descent", "Can use a mix of different activation functions", "None of the above"], "probs": [[0.025542918121490045, 0.013679573925149555, 0.746776810601063, 0.2140006972522973], [0.030622040222424173, 0.8953275496202138, 0.039334791833917644, 0.034715618223444406], [0.9305086533571458, 0.028112125853206285, 0.013275335178934028, 0.028103885510713886], [0.13604406914696096, 0.050057818648391525, 0.03035945197220882, 0.7835386601324387]], "ideal": "C", "sampled": "C", "correct": true}}
{"type": "result", "data": {"idx": 31, "options": ["0.0368", "0.473", "0.078", "None of the above"], "probs": [[0.2469394915015001, 0.31715791941752536, 0.21792333991250695, 0.21797924906846758], [0.21887603399948996, 0.28107729551365557, 0.2811144888119917, 0.21893218157486277], [0.26180013621513476, 0.1401674577428683, 0.26183265054837196, 0.336199755393625], [0.1050651144082747, 0.32366613119091475, 0.28563437715040524, 0.28563437715040524]], "ideal": "C", "sampled": "B", "correct": false}}
{"type": "result", "data": {"idx": 32, "options": ["True, True", "False, False", "True, False", "False, True"], "probs": [[0.3178978382440093, 0.10324032243204075, 0.360302074228782, 0.21855976499516788], [0.25747692198746175, 0.2575566431986529, 0.2576187214352552, 0.2273477132786301], [0.3589568084274869, 0.1921596200250211, 0.31677826763832373, 0.13210530380916824], [0.3671536931876643, 0.2859395656913811, 0.17343112307748015, 0.1734756179434745]], "ideal": "B", "sampled": "C", "correct": false}}
{"type": "result", "data": {"idx": 33, "options": ["It can not be applied to non-differentiable functions.", "It can not be applied to non-continuous functions.", "It is hard to implement.", "It runs reasonably slow for multiple linear regression."], "probs": [[0.22668963668463693, 0.1558013558231955, 0.13748383520658852, 0.480025172185579], [0.453483859854676, 0.11468810843322431, 0.18905537251106397, 0.24277265910103574], [0.2809489071088222, 0.40877822037423756, 0.1171269416691955, 0.19314593074774472], [0.45283902361691103, 0.2139280470086992, 0.16660732277466714, 0.1666256064997226]], "ideal": "D", "sampled": "D", "correct": true}}
{"type": "result", "data": {"idx": 34, "options": ["Supervised learning", "Unsupervised learning", "Clustering", "None of the above"], "probs": [[0.9751384634185037, 0.003990149279276613, 0.0051164596451294606, 0.01575492755709013], [0.01059277811360995, 0.006427778801910611, 0.028796469521655987, 0.9541829734628234], [0.011824494292659051, 0.011832922762005578, 0.9399023703657956, 0.03644021247953971], [0.04619161838373211, 0.928501661113631, 0.014999039367270262, 0.010307681035366677]], "ideal": "A", "sampled": "A", "correct": true}}
{"type": "result", "data": {"idx": 35, "options": ["It relates inputs to outputs.", "It is used for prediction.", "It may be used for interpretation.", "It discovers causal relationships"], "probs": [[0.009394921518955207, 0.012067582659349535, 0.019890645850352835, 0.9586468498713424], [0.009451719429564775, 0.012143124180415705, 0.9646477782274581, 0.0137573780625614], [0.028138799876310124, 0.9319654221842956, 0.015065026687192352, 0.02483075115220194], [0.9112961495046111, 0.024291076306605337, 0.013000965407702328, 0.051411808681081146]], "ideal": "D", "sampled": "D", "correct": true}}
{"type": "result", "data": {"idx": 36, "options": ["To save computing time during testing", "To save space for storing the Decision Tree", "To make the training set error smaller", "To avoid overfitting the training set"], "probs": [[0.036328862803999634, 0.01716321298060858, 0.009185821621195332, 0.9373221024941965], [0.015052988915365552, 0.017064342286214344, 0.9317518303605448, 0.03613083833787535], [0.022004526862309158, 0.9359139924497822, 0.017138215780906515, 0.024943264807002097], [0.9222704068140379, 0.0459269131011755, 0.014907112177008778, 0.01689556780777782]], "ideal": "D", "sampled": "D", "correct": true}}
{"type": "result", "data": {"idx": 37, "options": ["True, True", "False, False", "True, False", "False, True"], "probs": [[0.3495926026178481, 0.11352179927215086, 0.34967175758079416, 0.18721384042920688], [0.25753470485213853, 0.25753470485213853, 0.2575667125454258, 0.22736387765029717], [0.39850930266215806, 0.21336138723209852, 0.2739251912988649, 0.11420411870687854], [0.37883668569655693, 0.26037039962235514, 0.20280350440495468, 0.15798941017613322]], "ideal": "B", "sampled": "C", "correct": false}}
{"type": "result", "data": {"idx": 38, "options": ["Increase the amount of training data.", "Improve the optimisation algorithm being used for error minimisation.", "Decrease the model complexity.", "Reduce the noise in the training data."], "probs": [[0.039881357998971446, 0.4859968206099878, 0.04519450834562152, 0.42892731294541925], [0.05033833256776279, 0.04444247897665568, 0.8924834962492063, 0.012735692106375216], [0.044149266604978386, 0.8870771758941515, 0.034385635036360405, 0.0343879223645097], [0.38888279913890667, 0.08680645003689688, 0.49944854618212114, 0.024862204542075314]], "ideal": "B", "sampled": "D", "correct": false}}
{"type": "result", "data": {"idx": 39, "options": ["True, True", "False, False", "True, False", "False, True"], "probs": [[0.5707815352716401, 0.04687823779648667, 0.23796670402404757, 0.14437352280782562], [0.14705381124606512, 0.11455154673842456, 0.07873005595157646, 0.6596645859639338], [0.13606734344379762, 0.05009403367799575, 0.7834696041545111, 0.030369018623695537], [0.22787325977821, 0.6195006804423989, 0.05762254668435223, 0.09500351299503884]], "ideal": "A", "sampled": "A", "correct": true}}
{"type": "result", "data": {"idx": 40, "options": ["For two dimensional data points, the separating hyperplane learnt by a linear SVM will be a straight line.", "In theory, a Gaussian kernel SVM cannot model any complex separating hyperplane.", "For every kernel function used in a SVM, one can obtain an equivalent closed form basis expansion.", "Overfitting in an SVM is not a function of number of support vectors."], "probs": [[0.6061115354604123, 0.10533999062527814, 0.1532796494998188, 0.13526882431449072], [0.2025466919501739, 0.42881817899284674, 0.10844528997187042, 0.26018983898510895], [0.5014012231295032, 0.20900120394816704, 0.16280495391029973, 0.12679261891203006], [0.3533801470805372, 0.35335937486338276, 0.07886553712402368, 0.21439494083205635]], "ideal": "A", "sampled": "A", "correct": true}}
{"type": "result", "data": {"idx": 41, "options": ["P(H, U, P, W) = P(H) * P(W) * P(P) * P(U)", "P(H, U, P, W) = P(H) * P(W) * P(P | W) * P(W | H, P)", "P(H, U, P, W) = P(H) * P(W) * P(P | W) * P(U | H, P)", "None of the above"], "probs": [[0.08674987340037368, 0.23589396298631968, 0.565938528079283, 0.11141763543402361], [0.17823940248138387, 0.4846645520937878, 0.2289393211830302, 0.10815672414179814], [0.5011743045229705, 0.1626896177156947, 0.06781213376227695, 0.2683239438990579], [0.13062644782109814, 0.19011918841601738, 0.27662177539811617, 0.4026325882647683]], "ideal": "C", "sampled": "C", "correct": true}}
{"type": "result", "data": {"idx": 42, "options": ["True, True", "False, False", "True, False", "False, True"], "probs": [[0.1959054528250725, 0.3229934669110084, 0.2850942696373955, 0.1960068105265236], [0.33614588256202266, 0.2618176741772085, 0.2618464036138469, 0.14019003954692189], [0.2624384799700571, 0.23160112246940842, 0.12398074750823865, 0.38197964995229583], [0.2825939889879906, 0.11782937232353094, 0.4660242095267214, 0.13355242906175704]], "ideal": "B", "sampled": "B", "correct": true}}
{"type": "result", "data": {"idx": 43, "options": ["True, True", "False, False", "True, False", "False, True"], "probs": [[0.23253869557463447, 0.26352338178160295, 0.29866717597838055, 0.20527074656538205], [0.34176881645639057, 0.2661956071376862, 0.26625223155274846, 0.12578334475317474], [0.3299970276321555, 0.2570268106968578, 0.1558946636084784, 0.2570814979625083], [0.318382074849296, 0.15040854659935135, 0.3607741784457941, 0.17043520000555856]], "ideal": "B", "sampled": "B", "correct": true}}
{"type": "result", "data": {"idx": 44, "options": ["Stochastic Gradient Descent", "Mini-Batch Gradient Descent", "Batch Gradient Descent", "All of the above"], "probs": [[0.16327245045243793, 0.08741606510551617, 0.305185636692951, 0.44412584764909485], [0.18554381087187616, 0.3059607239047912, 0.23837790601188072, 0.27011755911145197], [0.17907601326290112, 0.29532709274725616, 0.23013578010081953, 0.2954611137890232], [0.2698744096402596, 0.18554735704271588, 0.09932658302322611, 0.4452516501937984]], "ideal": "D", "sampled": "D", "correct": true}}
{"type": "result", "data": {"idx": 45, "options": ["Decreases model bias", "Decreases estimation bias", "Decreases variance", "Doesn\u2019t affect bias and variance"], "probs": [[0.41810582329937496, 0.1743185571948779, 0.1538601265354114, 0.25371549287033573], [0.33414819833275033, 0.2603153586127319, 0.20276822147725887, 0.20276822147725887], [0.27592676875216193, 0.10155072807250179, 0.45511874551990256, 0.16740375755543369], [0.19575043229844025, 0.4145789453196202, 0.10477765655382144, 0.2848929657281181]], "ideal": "A", "sampled": "A", "correct": true}}
{"type": "result", "data": {"idx": 46, "options": ["3", "4", "7", "15"], "probs": [[0.10541113386432872, 0.15329347435123514, 0.324600515298864, 0.4166948763855721], [0.16703502337663084, 0.2430732990899974, 0.4006962120547268, 0.18919546537864496], [0.21712196390594582, 0.45972050156821853, 0.13165287083622634, 0.1915046635896093], [0.27316800571237226, 0.24106992007079792, 0.21274346745102463, 0.27301860666580524]], "ideal": "D", "sampled": "D", "correct": true}}
{"type": "result", "data": {"idx": 47, "options": ["anomaly detection", "one-class detection", "train-test mismatch robustness", "background detection"], "probs": [[0.8696685192846086, 0.08089177641137733, 0.026263822943706206, 0.02317588126030777], [0.1274433698671884, 0.032217710366886816, 0.009232755508731571, 0.8311061641571932], [0.11533940868470702, 0.012166501178106056, 0.5170981153714435, 0.3553959746657435], [0.016260469588190118, 0.8879805172066448, 0.056754615101546176, 0.039004398003618844]], "ideal": "A", "sampled": "A", "correct": true}}
{"type": "result", "data": {"idx": 48, "options": ["True, True", "False, False", "True, False", "False, True"], "probs": [[0.3906928482054533, 0.06791604852247426, 0.3043408004831672, 0.23705030268890526], [0.1730122967196721, 0.2517557591994633, 0.2517816872214834, 0.3234502567593811], [0.2538220267204287, 0.13589191334161294, 0.5375297028962948, 0.07275635694166364], [0.31115998920994686, 0.4527847473992821, 0.0694449068909294, 0.16661035639984162]], "ideal": "D", "sampled": "A", "correct": false}}
{"type": "result", "data": {"idx": 49, "options": ["True, True", "False, False", "True, False", "False, True"], "probs": [[0.31358299357101427, 0.11538527417635283, 0.3554116864611566, 0.21562004569147628], [0.25748433982101215, 0.25754638826176474, 0.22731395605740334, 0.2576553157598197], [0.34037550773233577, 0.2339364553167466, 0.30044424083142746, 0.12524379601949018], [0.3167957866829998, 0.3589766514247305, 0.1320601215212571, 0.19216744027101257]], "ideal": "D", "sampled": "A", "correct": false}}
{"type": "result", "data": {"idx": 50, "options": ["O(1)", "O( N )", "O(log N )", "O( N^2 )"], "probs": [[0.10872426004429994, 0.6257293889686144, 0.03530123496411776, 0.23024511592296792], [0.21598653332229364, 0.04823040180744425, 0.5872452214723297, 0.1485378432979324], [0.0797452336451032, 0.5200042166786256, 0.04268454791688655, 0.3575660016593846], [0.1862606534220954, 0.05341758891311778, 0.573937409605016, 0.18638434795977077]], "ideal": "B", "sampled": "B", "correct": true}}
{"type": "result", "data": {"idx": 51, "options": ["True, True", "False, False", "True, False", "False, True"], "probs": [[0.2950877161002795, 0.09585021149600055, 0.37909491716721805, 0.22996715513650187], [0.24603158966320887, 0.31604439958882125, 0.24613562957375454, 0.19178838107421536], [0.3402723473051364, 0.23390058377730083, 0.2650440712021211, 0.16078299761544165], [0.3330860286507425, 0.2595173534275661, 0.17833680709918773, 0.22905981072250362]], "ideal": "A", "sampled": "C", "correct": false}}
{"type": "result", "data": {"idx": 52, "options": ["True, True", "False, False", "True, False", "False, True"], "probs": [[0.2266853119700168, 0.13750411363800036, 0.47998293514245677, 0.15582763914952605], [0.2872264268813248, 0.36892020054809854, 0.28728382615787285, 0.056569546312703785], [0.4227301179939971, 0.25642690059958617, 0.12111420928220773, 0.19972877202420894], [0.378486289734777, 0.10849785462791502, 0.33415536333838, 0.17886049219892797]], "ideal": "D", "sampled": "C", "correct": false}}
{"type": "result", "data": {"idx": 53, "options": ["Is unbounded, encompassing all real numbers.", "Is unbounded, encompassing all integers.", "Is bounded between 0 and 1.", "Is bounded between -1 and 1."], "probs": [[0.007341802800519828, 0.00504846513130197, 0.9619739932929069, 0.025635738675271302], [0.005051282546753939, 0.9628692572967725, 0.02264120360997487, 0.00943825644649867], [0.9755885670483656, 0.01577249366840652, 0.005120168010826714, 0.0035187711724011706], [0.16187528497784626, 0.009139447880640772, 0.006278411765293801, 0.8227068552762191]], "ideal": "C", "sampled": "C", "correct": true}}
{"type": "result", "data": {"idx": 54, "options": ["Linear hard-margin SVM.", "Linear Logistic Regression.", "Linear Soft margin SVM.", "The centroid method."], "probs": [[0.8379302651265161, 0.047293648295194356, 0.07795524625429008, 0.036820840223999465], [0.15589441783849534, 0.17662402176801675, 0.05060744534688895, 0.6168741149465989], [0.28491334830742976, 0.1188349670573713, 0.5326518177758154, 0.0635998667593835], [0.28645015506990906, 0.4168139506373886, 0.04392543921731025, 0.2528104549753921]], "ideal": "A", "sampled": "A", "correct": true}}
{"type": "result", "data": {"idx": 55, "options": ["Partitioning based clustering", "K-means clustering", "Grid based clustering", "All of the above"], "probs": [[0.09791047797184728, 0.0280620826152062, 0.23499752403682764, 0.6390299152761189], [0.05851130448492245, 0.5552210459401773, 0.1239070947600865, 0.26236055471481373], [0.3033697442423307, 0.1433254544290084, 0.4416503507194994, 0.11165445050916152], [0.2281295562870262, 0.3319721518398089, 0.10778371462194566, 0.3321145771512192]], "ideal": "D", "sampled": "C", "correct": false}}
{"type": "result", "data": {"idx": 56, "options": ["True, True", "False, False", "True, False", "False, True"], "probs": [[0.26630120276375524, 0.11104522147952205, 0.3875433926994959, 0.23511018295722683], [0.21972541181445174, 0.2821639733901986, 0.24900883062660842, 0.24910178406874123], [0.29176331867772287, 0.20055071413973374, 0.33065225168671886, 0.1770337153958245], [0.2900727986999356, 0.3286955356269205, 0.1552647799098199, 0.225966885663324]], "ideal": "D", "sampled": "C", "correct": false}}
{"type": "result", "data": {"idx": 57, "options": ["True, True", "False, False", "True, False", "False, True"], "probs": [[0.3785691244945688, 0.08449634048215533, 0.33418949944831117, 0.20274503547496464], [0.21788737500347433, 0.24692416556577512, 0.21793373251663453, 0.31725472681411604], [0.27275111252504314, 0.12887838001458587, 0.5097834277468969, 0.08858707961347406], [0.3322546034236861, 0.4267034720964262, 0.08401476221502532, 0.15702716216486237]], "ideal": "D", "sampled": "A", "correct": false}}
{"type": "result", "data": {"idx": 58, "options": ["P(E, F), P(H), P(E|H), P(F|H)", "P(E, F), P(H), P(E, F|H)", "P(H), P(E|H), P(F|H)", "P(E, F), P(E|H), P(F|H)"], "probs": [[0.21490648805060808, 0.2149399560546564, 0.054345333052763796, 0.5158082227419717], [0.1333562940210363, 0.0809193869727808, 0.465613840544418, 0.32011047836176487], [0.10807906915715677, 0.22887422312648836, 0.48470762728305156, 0.1783390803333033], [0.2028106496163448, 0.3789807940412744, 0.1230235499696393, 0.2951850062727415]], "ideal": "B", "sampled": "D", "correct": false}}
{"type": "result", "data": {"idx": 59, "options": ["The use of sampling with replacement as the sampling technique", "The use of weak classifiers", "The use of classification algorithms which are not prone to overfitting", "The practice of validation performed on every classifier trained"], "probs": [[0.6094124991955722, 0.32622120416285055, 0.014334383145209822, 0.050031913396367395], [0.3271846102928946, 0.02686847058915716, 0.03448255912149104, 0.6114643598964572], [0.0456393992645125, 0.03555257604827384, 0.10948322671494579, 0.8093247978722679], [0.12171743808959674, 0.7007759808793242, 0.1379758417468378, 0.0395307391842412]], "ideal": "B", "sampled": "A", "correct": false}}
{"type": "result", "data": {"idx": 60, "options": ["True, True", "False, False", "True, False", "False, True"], "probs": [[0.31672846795836096, 0.13206016819258914, 0.3590186482455137, 0.19219271550353617], [0.27115822239724563, 0.27115822239724563, 0.2712235788912092, 0.18645997621429958], [0.36887669327717987, 0.22373502131065198, 0.2535565088105344, 0.15383177650163374], [0.35817891355747433, 0.24620127675455467, 0.24623186883848258, 0.14938794074948838]], "ideal": "B", "sampled": "C", "correct": false}}
{"type": "result", "data": {"idx": 61, "options": ["True, True", "False, False", "True, False", "False, True"], "probs": [[0.3543348576023636, 0.10153893391807754, 0.3544056977279501, 0.18972051065160872], [0.24716745699702078, 0.28007741507721223, 0.28014083441641185, 0.1926142934093551], [0.3602525835831434, 0.2185282078386139, 0.31799378514099413, 0.1032254233372486], [0.37486181217947834, 0.3309105981691166, 0.13791649247692453, 0.15631109707448052]], "ideal": "A", "sampled": "A", "correct": true}}
{"type": "result", "data": {"idx": 62, "options": ["0", "1", "2", "3"], "probs": [[0.11783867195272205, 0.4660609612847494, 0.28264514483328873, 0.13345522182923986], [0.2429568731101255, 0.3535531110178565, 0.18921501650683856, 0.21427499926517943], [0.24850994716349578, 0.17079819991666068, 0.3615184777839835, 0.21917337503586004], [0.11017461296712945, 0.2995333910245111, 0.38448955001687013, 0.20580244589148933]], "ideal": "C", "sampled": "B", "correct": false}}
{"type": "result", "data": {"idx": 63, "options": ["The examples farthest from the decision boundary.", "The only examples necessary to compute f(x) in an SVM.", "The data centroid.", "All the examples that have a non-zero weight \u03b1k in a SVM."], "probs": [[0.06845227042581584, 0.18607256247832876, 0.0092652805434886, 0.7362098864523668], [0.07455284005372015, 0.006124150356089084, 0.624303865371958, 0.29501914411823277], [0.013549089632304955, 0.5083795861150012, 0.12852750908829236, 0.3495438150644014], [0.21349663176477718, 0.032762692351721495, 0.7454586250471258, 0.008282050736375474]], "ideal": "B", "sampled": "D", "correct": false}}
{"type": "result", "data": {"idx": 64, "options": ["True, True", "False, False", "True, False", "False, True"], "probs": [[0.3112834989713283, 0.14705415068586375, 0.3528009056692182, 0.18886144457358975], [0.2528953812332074, 0.2866014795225139, 0.2866014795225139, 0.17390165962176482], [0.3583094557383598, 0.2462368662313049, 0.27911487842797056, 0.11633879950236474], [0.36075700693291396, 0.31836696032826, 0.17044358681925256, 0.15043244581957352]], "ideal": "A", "sampled": "C", "correct": false}}
{"type": "result", "data": {"idx": 65, "options": ["Regularization is too low and model is overfitting", "Regularization is too high and model is underfitting", "Step size is too large", "Step size is too small"], "probs": [[0.28836616226308887, 0.09363870857527164, 0.41972913395746864, 0.19826599510417084], [0.0887800693313729, 0.2129448270194014, 0.04194624025904574, 0.6563288632901799], [0.3436171318912886, 0.18392501375773185, 0.23622892712548976, 0.23622892712548976], [0.11733108580915083, 0.24840749510612078, 0.038107177221664686, 0.5961542417630638]], "ideal": "C", "sampled": "C", "correct": true}}
{"type": "result", "data": {"idx": 66, "options": ["0.0495", "0.078", "0.635", "0.97"], "probs": [[0.0992023065468158, 0.06823024999756164, 0.7333440293136633, 0.09922341404195929], [0.1140390857940122, 0.6561681031524618, 0.10061489789671875, 0.12917791305680723], [0.5553013884811377, 0.26234508681446717, 0.058498255487393014, 0.12385526911700208], [0.1272548772939408, 0.09911522563644201, 0.1272548772939408, 0.6463750196756763]], "ideal": "C", "sampled": "C", "correct": true}}
{"type": "result", "data": {"idx": 67, "options": ["True, True", "False, False", "True, False", "False, True"], "probs": [[0.29144154298855063, 0.10723965348302256, 0.37427307844620245, 0.22704572498222436], [0.24189674851859597, 0.2741476297104392, 0.24195508656466405, 0.24200053510630073], [0.37281559024943794, 0.1995868742143265, 0.29042361049202414, 0.1371739249442114], [0.3441050052298717, 0.3036931454831652, 0.14344431458469273, 0.2087575346022703]], "ideal": "A", "sampled": "C", "correct": false}}
{"type": "result", "data": {"idx": 68, "options": ["True, True", "False, False", "True, False", "False, True"], "probs": [[0.32487723712171646, 0.1534611456458462, 0.36816978999523886, 0.15349182713719847], [0.30304985783869637, 0.26749744610052417, 0.30308109067209016, 0.12637160528868926], [0.47337125157662874, 0.19735214700370857, 0.22362927266594462, 0.10564732865371808], [0.44506061735859315, 0.18556833541874598, 0.2700318734082538, 0.09933917371440708]], "ideal": "A", "sampled": "C", "correct": false}}
{"type": "result", "data": {"idx": 69, "options": ["Expectation Maximization", "CART", "Gaussian Na\u00efve Bayes", "Apriori"], "probs": [[0.9675345131522113, 0.00575686322074592, 0.003954390876958978, 0.022754232650083805], [0.0035686458680869258, 0.001687097757516014, 0.00458181505329335, 0.9901624412211038], [0.003553078486348448, 0.00456899541199807, 0.9860170418322161, 0.00586088416943746], [0.007492781087533048, 0.9821255123758833, 0.0045459335284293466, 0.005835772908154346]], "ideal": "A", "sampled": "A", "correct": true}}
{"type": "result", "data": {"idx": 70, "options": ["Your decision trees are too shallow.", "You need to increase the learning rate.", "You are overfitting.", "None of the above."], "probs": [[0.07283810836313305, 0.02365449674760208, 0.7833884486733224, 0.12011894611594247], [0.031503872253719895, 0.8126796189881152, 0.10997540167272794, 0.04584110698543687], [0.5894365529661736, 0.13154031825017995, 0.24576939065417866, 0.03325373802946781], [0.21776739966857603, 0.09077252328343507, 0.020258677857185946, 0.671201399090803]], "ideal": "A", "sampled": "C", "correct": false}}
{"type": "result", "data": {"idx": 71, "options": ["linear in K", "quadratic in K", "cubic in K", "exponential in K"], "probs": [[0.4239524053799988, 0.4240484582661182, 0.05738871980691568, 0.09461041644696731], [0.1937633937731969, 0.09155102988815902, 0.03815889801744435, 0.6765266782211997], [0.1358565220718348, 0.0727519680076808, 0.5375129499864557, 0.2538785598340286], [0.10301263990666112, 0.6719795810511927, 0.1698690887419478, 0.05513869020019837]], "ideal": "A", "sampled": "A", "correct": true}}
{"type": "result", "data": {"idx": 72, "options": ["True, True", "False, False", "True, False", "False, True"], "probs": [[0.27601289335094115, 0.16745899366464032, 0.2436026894265789, 0.31292542345783964], [0.17570815193200687, 0.22563697876892744, 0.12075063045230157, 0.4779042387467641], [0.2594389837888027, 0.2290128549998613, 0.33316766219480076, 0.17838049891653524], [0.23513091223371632, 0.49789215081761307, 0.0594504080461082, 0.20752652880256242]], "ideal": "B", "sampled": "A", "correct": false}}
