{"type": "result", "data": {"idx": 0, "options": ["Planetary density will decrease.", "Planetary years will become longer.", "Planetary days will become shorter.", "Planetary gravity will become stronger."], "probs": [[0.3419431073621099, 0.22776592526169034, 0.26486046746297687, 0.16543049981321914], [0.3438903151872718, 0.22750092508015474, 0.26487698989847297, 0.1637317697340963], [0.3431647149471682, 0.22932420096869352, 0.2635943241126438, 0.16391675987149498], [0.34645462032668267, 0.22915744779202565, 0.26132583615550803, 0.16306209562578364], [0.34229964090019815, 0.22451278185355858, 0.2687603415861051, 0.16442723556013614], [0.3463487866458384, 0.22382363991710627, 0.26636183453613244, 0.16346573880091048], [0.34579015880305874, 0.22654700991006177, 0.26456981271584024, 0.16309301847103724], [0.34963563722550056, 0.2263750747239387, 0.2630163951048462, 0.1609728928457114], [0.348073200236024, 0.22647454295247363, 0.26045983804839534, 0.16499241866311215], [0.3510232105383943, 0.22856788661342373, 0.2612782026325053, 0.15913070011568473], [0.35335528639923175, 0.22465880663289095, 0.26051331345221884, 0.16147259341566067], [0.35048176314955, 0.22778568211269648, 0.26364423521749425, 0.15808831942026613], [0.34928985343416247, 0.22484730798235128, 0.2621457373778865, 0.163717101105594], [0.3546444210139577, 0.22410018154332917, 0.25849468269184067, 0.16276071465088007], [0.3513170766705523, 0.22326514497721023, 0.2592332673884231, 0.1661845108638321], [0.35460035168096943, 0.22541418231305396, 0.25961212007642553, 0.1603733458295507], [0.3598916319590851, 0.22301647164743876, 0.2550481619428963, 0.16204373435058678], [0.35314220543000946, 0.2260351170055539, 0.26288568369161175, 0.15793699377283885], [0.34707596061890594, 0.22235668271294035, 0.2671587349001191, 0.16340862166804024], [0.35058239665080304, 0.22177040198126038, 0.2654744716012838, 0.16217272966665486], [0.35126725613285137, 0.22454545365611409, 0.2611656715829424, 0.16302161852810235], [0.3497366159260097, 0.22846836670997744, 0.26213269059220007, 0.15966232667180258], [0.3567830473526694, 0.22557959885972922, 0.2558207844713994, 0.1618165692162014], [0.35270817775293745, 0.2289462216488244, 0.26041949744280757, 0.15792610305544533]], "ideal": "C", "sampled": "C", "correct": true}}
{"type": "result", "data": {"idx": 1, "options": ["buildings will be built faster", "buildings will be made safer", "building designs will look nicer", "building materials will be cheaper"], "probs": [[0.3074535879037379, 0.2489094380329066, 0.2559115419059663, 0.18772543205738593], [0.3052914927935082, 0.24689754109182793, 0.25895253736099444, 0.188858428653649], [0.3029537176522403, 0.2426443168993135, 0.26647834182485386, 0.18792362352358918], [0.29660388152105177, 0.23975394590134946, 0.2650841638188011, 0.19855800865879517], [0.3002808377518032, 0.24483063876699207, 0.26664517135687404, 0.1882433520243036], [0.29407624429117873, 0.24429865217618618, 0.26218760845961336, 0.1994374949730168], [0.3164607412995672, 0.24352331603782815, 0.25612484050065065, 0.18389110206197176], [0.31381098287619175, 0.24174965880436997, 0.2591606085228731, 0.18527874969656685], [0.32086926411314703, 0.23894176702330744, 0.25845003989109355, 0.18173892887243775], [0.32206148640982896, 0.23712834417526077, 0.25807294420425214, 0.18273722511067178], [0.3193695308544898, 0.24057710351050685, 0.2570855298536763, 0.18296783568133085], [0.31844713527156093, 0.24199990841537955, 0.2547859393462622, 0.18476701686678892], [0.3025534280129287, 0.2510109683018684, 0.2633657116276701, 0.18306989195754908], [0.2967186573029629, 0.24740793568711147, 0.2630070424555261, 0.19286636445441885], [0.30501346533718443, 0.2544296481965954, 0.25489979169998533, 0.1856570946662386], [0.305338153601714, 0.2526994976960241, 0.2558693750870621, 0.186092973515204], [0.2929502287441752, 0.24778022482849701, 0.2661784385145311, 0.1930911078127815], [0.2964161086458372, 0.250124695626995, 0.26848809737976714, 0.18497109824739844], [0.3035343233292921, 0.24899514520343694, 0.26400193005764255, 0.18346860130963633], [0.2986131174284634, 0.24888653686886103, 0.2598795714659283, 0.1926207741367643], [0.3080534006478602, 0.25080732377995485, 0.25426741918973694, 0.1868718562824432], [0.30839052444251197, 0.2522594275705477, 0.2526285667703277, 0.18672148111659442], [0.2976978984992611, 0.2460508022113216, 0.26500390006256574, 0.1912473991268628], [0.3022105828048823, 0.2479726707281583, 0.26664136178162795, 0.18317538458532873]], "ideal": "B", "sampled": "B", "correct": true}}
{"type": "result", "data": {"idx": 2, "options": ["Chemical energy is absorbed through the roots.", "Light energy is converted to chemical energy.", "Chlorophyll in the leaf captures light energy.", "Sunlight is converted into chlorophyll."], "probs": [[0.3207828624519424, 0.21066802737148757, 0.2823359975300869, 0.1862131125464721], [0.32403680958456327, 0.20855221673119737, 0.2776975960146266, 0.18971337756958762], [0.31906001732572664, 0.2103726168807195, 0.28958828070692727, 0.18097908498662219], [0.31496384364808705, 0.21017392985584357, 0.29235934888044995, 0.18250287751562563], [0.31818199153805593, 0.2146144456309207, 0.2797829528052704, 0.1874206099257572], [0.31317066655907555, 0.21183958349093415, 0.288984238650703, 0.18600551119930578], [0.3247541597715191, 0.21199431210787, 0.2793942474402229, 0.1838572805803852], [0.32781107068600396, 0.2074586783745307, 0.2778093541230718, 0.1869208967163962], [0.3323077744404616, 0.21566873365802683, 0.27938435946827134, 0.1726391323332362], [0.3363568557319408, 0.2164193482328196, 0.28004875784793376, 0.16717503808729342], [0.32687301786842476, 0.21262784118580227, 0.27911575740800354, 0.1813833834377872], [0.33292041082933593, 0.2129964724955162, 0.2832190405611, 0.17086407601405235], [0.32866847460029885, 0.21383018081341165, 0.2838755325398053, 0.17362581194649526], [0.3270802995254705, 0.21257549270197418, 0.2864989972162779, 0.17384521045628074], [0.3276586939133676, 0.21497738628785323, 0.2846740872471274, 0.1726898324516637], [0.3343139769518016, 0.21601116119717, 0.28267903578127956, 0.1669958259697541], [0.32417411600807133, 0.21532393568911712, 0.28931543319181247, 0.1711865150110046], [0.3329941221075249, 0.2144097677349284, 0.2895229520430795, 0.163073158014461], [0.3261354294096799, 0.2162136901741348, 0.274263599280567, 0.18338728103561547], [0.3201664668476938, 0.21480864794054996, 0.28254548607391733, 0.18247939903784285], [0.3249012558609138, 0.21060036223937323, 0.28020529996234167, 0.18429308183735618], [0.33058182244872003, 0.2132322369035976, 0.2837247624249495, 0.17246117812273862], [0.32316199015656577, 0.2118727244940958, 0.290619160732587, 0.17434612451673495], [0.33275799259346533, 0.2103410657642503, 0.2896532125654674, 0.16724772897682438]], "ideal": "C", "sampled": "C", "correct": true}}
{"type": "result", "data": {"idx": 3, "options": ["the control", "the hypothesis statement", "the dependent (responding) variable", "the independent (manipulated) variable"], "probs": [[0.2870221843855594, 0.2735124082528464, 0.2714963369028142, 0.16796907035877978], [0.2957060409608224, 0.26973706793560015, 0.27025583707946477, 0.16430105392411837], [0.2978544014229924, 0.27797785727310975, 0.2625725817880375, 0.16159515941585043], [0.28619603756219536, 0.28454233160158043, 0.2768193149527572, 0.1524423157834649], [0.3068224737312321, 0.27391184917087114, 0.26390494391128416, 0.1553607330866031], [0.2959760469610236, 0.2810035090114946, 0.27594019373242196, 0.14708025019507354], [0.27750546425510425, 0.2815888951758615, 0.27049439836780687, 0.17041124210123235], [0.2870491011782656, 0.27716552554157176, 0.2691133014994014, 0.16667207168074502], [0.2844792063813146, 0.2810892788730691, 0.2739870278245616, 0.16044448682103793], [0.2781839440172411, 0.28403960483846985, 0.27940085333448667, 0.15837559770980061], [0.29492052288870857, 0.2797917480864109, 0.27295490733685374, 0.15233282158804148], [0.28593823002108953, 0.28485310801648756, 0.27563243158019496, 0.15357623028224268], [0.3055334648930233, 0.27890455890642285, 0.25018928013823244, 0.16537269596233412], [0.2956840227473415, 0.28637677286034474, 0.26268229635975293, 0.15525690793254687], [0.3011813801667921, 0.2768919439282759, 0.26150958795940005, 0.16041708784553468], [0.29484291887727354, 0.2811420681061588, 0.26707504760396755, 0.15693996531261134], [0.30096392847932946, 0.286912281141601, 0.26257466008068064, 0.14954913019837376], [0.29523864023600965, 0.2853229559822991, 0.2598069512540129, 0.15963145242766533], [0.32110698922032926, 0.28013083984572545, 0.2427232240533169, 0.15603894678063163], [0.3113695484366781, 0.2880815793802899, 0.2538810102960044, 0.1466678617870391], [0.31737657637988054, 0.27755525544057147, 0.2535533633675633, 0.15151480471198542], [0.3069513534651992, 0.2824526199857924, 0.25971251561476405, 0.1508835108342413], [0.3155866772916194, 0.28445261695317775, 0.25372294460589834, 0.14623776104929706], [0.30954375050560606, 0.2827373059726926, 0.2521839496852676, 0.15553499373641028]], "ideal": "D", "sampled": "D", "correct": true}}
{"type": "result", "data": {"idx": 4, "options": ["They have each lost kinetic energy.", "They have each gained the same amount of potential energy.", "They have each lost the same amount of potential energy.", "They have each gained one-half of their maximum kinetic energy."], "probs": [[0.29835442745282925, 0.25116532775431555, 0.26792239791643424, 0.18255784677642625], [0.3013435773495455, 0.24916741688844044, 0.2668328653561706, 0.1826561403058404], [0.29551471314554967, 0.2533159002745015, 0.26655756713057743, 0.18461181934937215], [0.2950842808839847, 0.2494936278878836, 0.26870906584536847, 0.18671302528276898], [0.30530579395066104, 0.24492886003931943, 0.2642789989609701, 0.18548634694906868], [0.30344159358542744, 0.24511913206218805, 0.26266279093754796, 0.1887764833148373], [0.30087643260017644, 0.2573380134635692, 0.2636049215753083, 0.17818063226095626], [0.2999923710411042, 0.25306301492739586, 0.2579054775451601, 0.18903913638634595], [0.29961354026702547, 0.2535883159810187, 0.2541556575138902, 0.19264248613808233], [0.31050496532493777, 0.2558173908309944, 0.25804593643060986, 0.17563170731346653], [0.30606582414459527, 0.25743091586432265, 0.2478522950875108, 0.18865096480359203], [0.31177412567687046, 0.2601964563578566, 0.25448722287023473, 0.17354219499502876], [0.3017161867597737, 0.26052789456671044, 0.25670217055526207, 0.1810537480182398], [0.2986369930387517, 0.25577265667444266, 0.255494180587174, 0.19009616959963052], [0.30387265675236325, 0.25716710933475195, 0.25241653589971647, 0.18654369791316158], [0.31170168536852216, 0.2614152551484866, 0.2567860316380243, 0.17009702774498558], [0.3099720511065567, 0.2610362724672031, 0.24554949406384877, 0.18344218226240339], [0.31733466347735256, 0.2642369976168357, 0.25373229701711353, 0.16469604178868935], [0.3074563837575849, 0.2504363051425262, 0.25423382902687414, 0.18787348197301493], [0.3046129573806832, 0.251251224491335, 0.25506379883233793, 0.1890720191956244], [0.30514490946840284, 0.25243311958457954, 0.2575287229452799, 0.1848932479017354], [0.3089805308851821, 0.2569673080461741, 0.26234016116889985, 0.1717119997997644], [0.30460293496163193, 0.25543814609850063, 0.25472199200814993, 0.18523692683172524], [0.3072514860546268, 0.2588325740494581, 0.26330227622148084, 0.17061366357441668]], "ideal": "D", "sampled": "C", "correct": false}}
{"type": "result", "data": {"idx": 5, "options": ["a non-infectious, cell-cycle disease", "an infectious, cell-cycle disease", "a non-infectious, chronic disease", "an infectious, chronic disease"], "probs": [[0.3572967043091856, 0.21434826153243092, 0.2577335813163301, 0.1706214527420318], [0.3583487998664989, 0.22003761569113856, 0.2567129360028171, 0.164900648339538], [0.36493753828976755, 0.20793028170762934, 0.25644715670218154, 0.17068502320042037], [0.3545104441898471, 0.20958740014803998, 0.25471759292918117, 0.18118456263292657], [0.35805728058430253, 0.22682702135455493, 0.2528304621563857, 0.16228523580475834], [0.3515165269478466, 0.22300150949586728, 0.25108732030837994, 0.174394643147916], [0.3619490001402537, 0.20881218194557075, 0.25702690197584854, 0.17221191583831355], [0.37292096045773576, 0.21638033724079508, 0.2547617980080956, 0.15593690419336637], [0.3638288395753796, 0.21386369768312874, 0.2580376276401718, 0.16426983500131617], [0.3548563358061286, 0.2247504197986129, 0.25481256571311506, 0.16558067858215153], [0.367202721339761, 0.21691857707300818, 0.2538082199887909, 0.16207048149844092], [0.3588514601477318, 0.2205843785928776, 0.2510144468426782, 0.16954971431671476], [0.3541179140303244, 0.20847231994497759, 0.2536374923220296, 0.18377227360267662], [0.3520254181742557, 0.20993957261056934, 0.2593227595509552, 0.1787122495642313], [0.34476148875686663, 0.22313941609942517, 0.25742769704723756, 0.17467139799647377], [0.34703804302888175, 0.23161652498027008, 0.2535612915770896, 0.16778414031375088], [0.3497376585692568, 0.22297731014143748, 0.24606583283421046, 0.18121919835508252], [0.35204452914557866, 0.2265343863896877, 0.24534636295199777, 0.17607472141272681], [0.3557203538994654, 0.22786904630196078, 0.2547126804850217, 0.16169791921355003], [0.3589100483430389, 0.22283203173062135, 0.25118324768587125, 0.1670746721404705], [0.3593698885586705, 0.2216586727839878, 0.2511709439688996, 0.16780049458843604], [0.3593814672530496, 0.21976050643172207, 0.2509007711380246, 0.16995725507720089], [0.35988048105337606, 0.21778344491149454, 0.24374533275834945, 0.1785907411767762], [0.3651535698457443, 0.22483019858935133, 0.24390937057083426, 0.16610686089407029]], "ideal": "B", "sampled": "B", "correct": true}}
{"type": "result", "data": {"idx": 6, "options": ["to repare for migration before winter", "to provide warmth during the cold winter months", "to store food that will be eaten over the winter months", "to protect the grasses and seeds from decay before winter"], "probs": [[0.29883011478369464, 0.23343139609305943, 0.2872342860780241, 0.18050420294519623], [0.29774793805210986, 0.23192393863861518, 0.29206508476052445, 0.17826303844873534], [0.29975965662238235, 0.23473152119731674, 0.2807973294902778, 0.18471149259001582], [0.2951528655563588, 0.23444636061952867, 0.29252784314091396, 0.17787293058317913], [0.2991365211660857, 0.23431887206632232, 0.2890379672914536, 0.17750663937614689], [0.2974525238453967, 0.2338662229129599, 0.29631586221689926, 0.1723653909247545], [0.29700953135576524, 0.23053782268535206, 0.28731504502430094, 0.18513760083456796], [0.2949380839946258, 0.22965328386533393, 0.2918916443900711, 0.18351698764995594], [0.30017739963425544, 0.23318708985917572, 0.2746108652250925, 0.19202464518146722], [0.3017999202446247, 0.23521507681211357, 0.28048010586532307, 0.1825048969779411], [0.299950888037714, 0.23235284298546768, 0.28476719510801285, 0.1829290737688101], [0.30350178963337454, 0.23412883478294647, 0.28664375817932425, 0.1757256173043495], [0.30244958280647044, 0.23289249103750126, 0.2809573301268553, 0.1837005959291896], [0.29910426463165046, 0.23128225961041263, 0.29050932546087443, 0.17910415019705755], [0.3050209843266084, 0.23598626476083084, 0.27130866078934684, 0.18768409002319716], [0.30779456708870784, 0.2376010260916406, 0.276854708325715, 0.1777496983939402], [0.3072146599248061, 0.23519015036654517, 0.27910725507434947, 0.17848793453428313], [0.3110432957918985, 0.23776559219441967, 0.2754701506495469, 0.17572096126413725], [0.30107619175405703, 0.2368880851865887, 0.28798144415114274, 0.17405427880820543], [0.29913514211654924, 0.23693557245345284, 0.29428629195451567, 0.16964299337547462], [0.3008070614479216, 0.23917075694310433, 0.2807082457694984, 0.1793139357394798], [0.30593089867539713, 0.24074328433818107, 0.2814148385695291, 0.17191097831687338], [0.3039378442580341, 0.2365958152599129, 0.28027664170986455, 0.17918969867220222], [0.30895019273866725, 0.23954361015610617, 0.27434705386982533, 0.17715914313538464]], "ideal": "C", "sampled": "D", "correct": false}}
{"type": "result", "data": {"idx": 7, "options": ["There was once more water in the area.", "The area was once grassland.", "The climate in the area was once tropical.", "There are active faults in the area."], "probs": [[0.2903016897810788, 0.21118477461522714, 0.3190447713043649, 0.17946876419931818], [0.292250662098503, 0.2105225266249724, 0.3160324305194863, 0.1811943806570504], [0.29024450841462296, 0.21141246055758645, 0.32075524783131526, 0.17758778309646336], [0.29403453454164585, 0.21166742245582093, 0.3181403537064896, 0.17615768919604052], [0.2895262541821093, 0.2076918015634402, 0.3159830918502783, 0.1867988523041866], [0.2891198539270634, 0.20724955193735167, 0.3194999098350786, 0.18413068420049433], [0.2941143651159935, 0.20998638564842728, 0.3169091892838001, 0.17899005985177455], [0.2973296642856406, 0.2086067457089519, 0.3141911283441694, 0.17987246156125772], [0.2931248074460322, 0.21010674566143003, 0.3181580194366585, 0.1786104273558784], [0.29488720252518896, 0.2069269420296884, 0.31992850244981347, 0.178257352895295], [0.29687932034293146, 0.20811967847196067, 0.30778310653762514, 0.18721789454750506], [0.29565145238713886, 0.20581033439027607, 0.3122248867285786, 0.18631332639400353], [0.29138687604160857, 0.2103260789022075, 0.32030088879731156, 0.17798615615887717], [0.2969376929290282, 0.21011503019677233, 0.31673862508902034, 0.17620865168518499], [0.290983952462147, 0.21221138588438032, 0.31791721445145044, 0.17888744710201315], [0.29372947836108515, 0.20877877792248747, 0.3187066467639523, 0.1787850968524619], [0.298492319970384, 0.20963584064544522, 0.31208971224473303, 0.17978212703945243], [0.29639969885271145, 0.20762195715817522, 0.3146860647908341, 0.18129227909829673], [0.2910216039012309, 0.20586497958643216, 0.3155456285276886, 0.1875677878846666], [0.29036397542776127, 0.20468546809478055, 0.3198112383963329, 0.18513931798111977], [0.29083164920207805, 0.20907727094199088, 0.31041333061917176, 0.18967774913675498], [0.2915264323632233, 0.20575121857513276, 0.31507529969392, 0.1876470492677208], [0.2925893656898012, 0.20677185636469178, 0.3151609486311488, 0.18547782921434966], [0.2912487470465896, 0.20487779754128047, 0.31798860705972787, 0.18588484825239934]], "ideal": "C", "sampled": "C", "correct": true}}
{"type": "result", "data": {"idx": 8, "options": ["The chicken population would go down.", "Populations of mice and rats would increase.", "Another bird of prey would replace the hawk.", "The chickens would have a lower rate of disease."], "probs": [[0.2903677113332317, 0.1927535388580685, 0.3062751354638137, 0.21060361424488527], [0.30066060071893946, 0.19507033722351746, 0.30654850172074344, 0.1977205602368011], [0.28914973182125425, 0.1944937485558688, 0.3079979512911575, 0.20835856823171045], [0.29374811042229393, 0.2002353769025463, 0.3057649225134385, 0.20025159006171692], [0.2998936540261753, 0.19946779337324974, 0.3025508719587924, 0.19808768054177203], [0.30055845783674967, 0.2011182505965604, 0.2979802265380041, 0.20034306492870532], [0.2910825880964589, 0.20034827752245346, 0.3011380054229287, 0.20743112885816012], [0.30105102524409394, 0.20175298042808265, 0.3013161659212253, 0.19587982830659084], [0.28658079501817746, 0.19959906229704724, 0.30323630333186785, 0.2105838392529042], [0.2900410319984848, 0.20105312038787143, 0.30300001999462967, 0.2059058275190253], [0.3048632769349936, 0.2040821387150805, 0.2948753898242964, 0.19617919442561935], [0.2942022461328763, 0.20553834648660213, 0.296969893460704, 0.20328951381981447], [0.29626733368071556, 0.20567190566001728, 0.2962387242970313, 0.2018220362622388], [0.3014197653004259, 0.2097377134015695, 0.2936057156513805, 0.19523680554662867], [0.29867906693421775, 0.20388297662319632, 0.2894227128476515, 0.20801524349493458], [0.3010779342565244, 0.2052975712426973, 0.28835171202370974, 0.20527278237709545], [0.30425337533886887, 0.21172467588806596, 0.2840040204708066, 0.20001792820226333], [0.3005511795705805, 0.2115709572004417, 0.28738580661974844, 0.2004920565092374], [0.30201034400481047, 0.2047968244771241, 0.29871810641850627, 0.19447472499955445], [0.30378524910659976, 0.2072582006528941, 0.29326595180586884, 0.19569059833461663], [0.30459453322073266, 0.20592145289636177, 0.2913444097233537, 0.1981396040595536], [0.2934831117514028, 0.20687734821420417, 0.2944081017385321, 0.20523143819586895], [0.29932321845909526, 0.2077688718447197, 0.29470897247580097, 0.19819893712037606], [0.2963665876069564, 0.20503439999628112, 0.2970990304372406, 0.20149998185951898]], "ideal": "B", "sampled": "D", "correct": false}}
{"type": "result", "data": {"idx": 9, "options": ["the atom", "the electron", "the nucleus", "the proton"], "probs": [[0.3102385275988039, 0.2606768965203905, 0.24183733420445153, 0.18724724157634037], [0.3174924724835106, 0.25693973527007663, 0.23859813768070606, 0.1869696544656986], [0.3180101950480468, 0.2596331106178328, 0.23281404229249836, 0.18954265194161912], [0.31817943391191145, 0.25694743133924286, 0.23388803424860266, 0.19098510040024086], [0.3196027523158668, 0.25938322072463904, 0.23764657852249296, 0.1833674483369857], [0.31757541540397327, 0.25690263171888433, 0.24012595143013352, 0.18539600134701667], [0.30033996249303346, 0.2630356316698394, 0.244187499081572, 0.19243690665556173], [0.3075938610998758, 0.2600360290681103, 0.24071020608943158, 0.19165990364258434], [0.30560469835222326, 0.26590630126540626, 0.2359224476675098, 0.19256655261485633], [0.30680182767618713, 0.2612150187573707, 0.23584895760936003, 0.19613419585707745], [0.3065077245545111, 0.265636086183622, 0.2443677283753349, 0.18348846078653427], [0.3039887715675468, 0.2631208588091465, 0.2443016526750725, 0.1885887168482526], [0.30509370029058364, 0.2533117682314746, 0.23999794010430425, 0.20159659127364066], [0.30630579071359837, 0.24967070403407332, 0.24169606721419576, 0.20232743793812044], [0.2940014403498612, 0.257992912545081, 0.23952648721533082, 0.20847915978970402], [0.29503819084188054, 0.25197582561575893, 0.2387985682833708, 0.21418741515898715], [0.29752888967295227, 0.257671256758556, 0.24246464424401892, 0.20233520922447099], [0.296727167285105, 0.2546615122936689, 0.24149847331507288, 0.20711284700616447], [0.31182040850581755, 0.26059495010861505, 0.2330641038125429, 0.19452053747301], [0.3083017823966661, 0.25911479440841323, 0.23614827810755415, 0.19643514498736592], [0.31008306321091295, 0.2673337662157051, 0.23796460250557833, 0.18461856796781725], [0.3054720522179369, 0.264658645236225, 0.2382273053032633, 0.19164199714257024], [0.30818770843902565, 0.26297747163801366, 0.22952405204431142, 0.19931076777863374], [0.30790093290697823, 0.2599361257313102, 0.22857213696059736, 0.20359080430111867]], "ideal": "A", "sampled": "A", "correct": true}}
{"type": "result", "data": {"idx": 10, "options": ["life processes", "size differences", "plasma membranes", "energy molecules"], "probs": [[0.29427459294049846, 0.27315880511508334, 0.27907473483278905, 0.1534918670116404], [0.29172453259195963, 0.27279473480674876, 0.2818237313720418, 0.15365700112923303], [0.29667240146418494, 0.2719376213292515, 0.26672287048957627, 0.16466710661698608], [0.3025220661415651, 0.27323909276121694, 0.26300511886783745, 0.16123372212938883], [0.29707879822867367, 0.27318013725028556, 0.2665336737988705, 0.16320739062217998], [0.2961451238219434, 0.2781553203344987, 0.268191502117958, 0.1575080536256016], [0.29488947507021995, 0.2762655191408942, 0.2770170388701193, 0.1518279668187633], [0.29277392475728103, 0.2760973395010272, 0.27965849524544284, 0.15147024039624504], [0.2961077004641531, 0.27386844105030755, 0.2783712188117422, 0.15165263957380767], [0.2946302720904095, 0.2699321559703443, 0.2823851639360487, 0.15305240790319813], [0.2899486600212041, 0.27437694047772615, 0.2842882970567164, 0.15138610234436484], [0.28798910438532277, 0.274138815688017, 0.2856390760593235, 0.1522330037673293], [0.30313654646851323, 0.2765093783284016, 0.25854238236080285, 0.16181169274227292], [0.3081801081012078, 0.2770663939559645, 0.25626986456131756, 0.15848363328148837], [0.2963256805376338, 0.27077937679187125, 0.28318921617027193, 0.14970572640023325], [0.2935383347597427, 0.2674910460985818, 0.2874279589455416, 0.1515426600961465], [0.30181999897799283, 0.2743807768767706, 0.2688532594536271, 0.1549459645916091], [0.29752649499556627, 0.2681306101934394, 0.27271322411443555, 0.16162967059653338], [0.3015180616421765, 0.271235029641741, 0.2682118762928281, 0.15903503232325422], [0.3017598333511582, 0.27544148412976066, 0.26937065975323277, 0.15342802266585281], [0.2942362304145572, 0.2692670794864324, 0.2862717349764386, 0.1502249550225792], [0.2924354876556418, 0.2701355463921104, 0.2865506220203367, 0.15087834383193166], [0.2989463160828955, 0.27740713251359006, 0.2707221635829571, 0.1529243877205331], [0.2958078280793515, 0.26921308789671405, 0.2760038836971867, 0.15897520022673842]], "ideal": "B", "sampled": "A", "correct": false}}
{"type": "result", "data": {"idx": 11, "options": ["The Sun influences the formation of waves.", "The Sun creates water particles.", "The Sun's rays cause organisms to come to the surface.", "The Sun provides minerals."], "probs": [[0.30824122526595554, 0.22950852503720495, 0.2816565044730373, 0.1805937451237947], [0.308888897336813, 0.2282546901420363, 0.2754386834831396, 0.18741772893799083], [0.3182557233282205, 0.2288495299878637, 0.2736894704396467, 0.17920527614427528], [0.32510977248754425, 0.22717475477732582, 0.27165980625437697, 0.17605566638074874], [0.3046287396525178, 0.22879193553481608, 0.2748752803057131, 0.19170404440696978], [0.31537799684352075, 0.22907314595425915, 0.27490647133394824, 0.18064238576824956], [0.29947615221581464, 0.233260041663289, 0.28354713768811696, 0.18371666833279865], [0.3017038312537208, 0.23130372750119307, 0.2768988095982989, 0.1900936315467874], [0.30397471499867046, 0.23328609247968407, 0.27937832844779065, 0.1833608639738502], [0.3023416141836553, 0.23074297165385727, 0.2803033408986833, 0.18661207316381792], [0.294337729588118, 0.23055361897179089, 0.28060049380286717, 0.19450815753722028], [0.2973759153098162, 0.23095931588755, 0.28168138264718734, 0.1899833860554409], [0.32599016413949616, 0.23114290944377106, 0.2679232973028792, 0.17494362901383792], [0.3326985773441843, 0.22793046988415125, 0.26678058578600494, 0.17259036688567106], [0.3198912118568904, 0.2286018896556213, 0.2717166168609256, 0.1797902815265692], [0.31932204033279604, 0.2272395177369923, 0.2709702033226381, 0.18246823850756058], [0.32913799595199766, 0.22687724415853416, 0.2670424254295224, 0.17694233435994283], [0.3214522748450357, 0.22457927738744923, 0.2671149796809593, 0.1868534679865649], [0.2941745257985387, 0.23485081100381827, 0.28184843656292835, 0.18912622653472366], [0.30338526389053827, 0.23584116581572057, 0.2818481375759489, 0.1789254326177864], [0.290164354973209, 0.23009891053975198, 0.2885220447903825, 0.19121468959665136], [0.2935398643392693, 0.23115229435991141, 0.28842745817055615, 0.1868803830302492], [0.30946920096200686, 0.2346963395337833, 0.2793086709575557, 0.1765257884466554], [0.3011107528898329, 0.23184272819810195, 0.2809386558139908, 0.18610786299806498]], "ideal": "A", "sampled": "C", "correct": false}}
{"type": "result", "data": {"idx": 12, "options": ["32\u00b0 F", "41\u00b0 F", "78\u00b0 F", "98\u00b0 F"], "probs": [[0.33135367911031427, 0.23296314941961807, 0.2794669046549487, 0.1562162667151277], [0.32641252874047955, 0.23266604493431356, 0.2813805755676863, 0.15954085065753454], [0.3287602774214326, 0.22925744824050423, 0.28282753138942063, 0.15915474284863845], [0.3245429140630518, 0.22854295222275417, 0.2816812749482242, 0.1652328586659616], [0.3221880151197523, 0.2284216577880234, 0.28807607632595694, 0.16131425066629257], [0.31781103104079717, 0.225454604397205, 0.2889494688679925, 0.16778489559398702], [0.3286015041853648, 0.234359982584999, 0.27935780863429194, 0.15768070449536414], [0.3213546544466563, 0.23318842429621375, 0.2839002206733127, 0.16155670048380746], [0.32608202211997167, 0.23389913268037252, 0.28011169750361753, 0.1599071475960354], [0.3269866396781639, 0.2332195340354035, 0.2783193309087248, 0.161474495277713], [0.3216061425822297, 0.23260612924093615, 0.2834474774527435, 0.16234025062409996], [0.32180233719271384, 0.23099121297258884, 0.2841481068651975, 0.16305834286950152], [0.32394175476177656, 0.2331696338939327, 0.278903754251342, 0.1639848569929577], [0.3161666458121067, 0.2305471601250763, 0.28157322249533384, 0.17171297146747816], [0.3233752660204714, 0.2375937382947126, 0.2732009489897172, 0.16583004659510717], [0.32175401617092086, 0.23687420424595704, 0.2752580907918318, 0.16611368869128926], [0.316703738574903, 0.22992869213237757, 0.28293457149511086, 0.17043299769759293], [0.31501084698974297, 0.23349274081628388, 0.2827529978023231, 0.16874341429165945], [0.3204499443256779, 0.23114575414195276, 0.2881554893896177, 0.16024881204275987], [0.31261076166583723, 0.22850531558479265, 0.2919587722972104, 0.16692515035214506], [0.3207010985336932, 0.23581877477043847, 0.2812461855074279, 0.1622339410884465], [0.31761351170326807, 0.23456040128499248, 0.2861325423862945, 0.16169354452544438], [0.3146983594423255, 0.22797515843170107, 0.29339307203288634, 0.16393340999308612], [0.31271204377061773, 0.22908072871168828, 0.29562457922023333, 0.16258264819747462]], "ideal": "C", "sampled": "B", "correct": false}}
{"type": "result", "data": {"idx": 13, "options": ["Repeat the investigation.", "Write a report of the results.", "Make a table for recording data.", "Make daily observations of the light bulbs."], "probs": [[0.3659994830526936, 0.21334297213892248, 0.25716975173316137, 0.16348779297521887], [0.37150813477373645, 0.21297373588821844, 0.2569417688426803, 0.1585763603953652], [0.36603391417277, 0.2107460477395629, 0.257143020593257, 0.16607701739441677], [0.38277838710464285, 0.20715532450596422, 0.2513443654667792, 0.15872192282260175], [0.3805157330440496, 0.2104432039244818, 0.24780247965924468, 0.161238583272234], [0.39041193868800494, 0.20950661575658636, 0.24387680555739397, 0.15620463989801264], [0.3603726295431513, 0.21678645133772445, 0.25914311979311094, 0.1636977992260107], [0.36537456458954465, 0.21605609406875273, 0.25891443588592233, 0.15965490535577534], [0.35710593030043203, 0.21573417166381978, 0.25550025464677695, 0.17165964328895503], [0.3499514597013819, 0.22132548294872312, 0.2605687125793451, 0.16815434467055346], [0.36755385594676787, 0.21986019852278305, 0.24254884942693505, 0.17003709600351918], [0.3568667876120416, 0.22397866204660866, 0.25089233859345883, 0.16826221164789784], [0.36757344313954166, 0.2097905164888411, 0.25809662745209777, 0.16453941281953793], [0.3854563625644023, 0.20799716952781616, 0.2515954666750763, 0.15495100113270718], [0.36166014874517805, 0.21239151557066935, 0.2578851154509249, 0.16806322013323502], [0.35544718980096257, 0.21943581141406818, 0.26306923002380533, 0.1620477686611378], [0.38466350808296246, 0.21074038892249192, 0.24034126018974006, 0.1642548427048063], [0.36851647158473205, 0.21423550940530478, 0.25140931235630337, 0.16583870655365834], [0.3884450868537582, 0.20946331210015978, 0.24754616375248903, 0.1545454371936111], [0.4016135645834846, 0.20842543937035218, 0.24215675987698765, 0.1478042360691788], [0.3812988132313518, 0.2117755559815717, 0.24696164367765736, 0.15996398700941292], [0.37202231649515105, 0.2148967621739225, 0.25551285105451105, 0.15756807017641294], [0.39592766218066516, 0.20737605802037604, 0.23969613857894068, 0.15700014112002386], [0.3774403884028722, 0.21169898901865894, 0.25218316665829765, 0.1586774558201836]], "ideal": "C", "sampled": "D", "correct": false}}
{"type": "result", "data": {"idx": 14, "options": ["ozone", "methane", "water vapor", "carbon dioxide"], "probs": [[0.22429047233469926, 0.2372754290883632, 0.31376592356587407, 0.22466817491105087], [0.24043973269566882, 0.24469573358020152, 0.2995965238386449, 0.2152680097854906], [0.22067602773314074, 0.23725629315305596, 0.3063849184699095, 0.23568276054389573], [0.23691105341558538, 0.2486568408113668, 0.2910513600119423, 0.22338074566109453], [0.2428499634042245, 0.24551152881638655, 0.29878193565579353, 0.21285657202360064], [0.24252052597534962, 0.2480646914415293, 0.29969199077743713, 0.20972279170569288], [0.23153646933557, 0.2572974951970032, 0.2926454826371619, 0.21852055273027823], [0.24826552443709876, 0.2652612869371635, 0.279011224956179, 0.20746196356957358], [0.2307526483537463, 0.2557379113002981, 0.2963721100298968, 0.21713733021603993], [0.24441955979752913, 0.2642365370006818, 0.2828402298852741, 0.20850367321649763], [0.25248544590533273, 0.26519879749833275, 0.28695550991690116, 0.1953602465794265], [0.251409104842779, 0.2635460040288146, 0.2893133105044007, 0.19573158052400205], [0.2322018718525732, 0.23711857404680958, 0.30159461382034486, 0.22908494018026196], [0.25016497619170835, 0.24756731599338636, 0.28517617168407067, 0.21709153603084036], [0.22819787673614308, 0.24270433856536355, 0.3082055809618491, 0.22089220363666318], [0.24337436492657927, 0.2507207633976259, 0.2932531965552612, 0.21265167502053028], [0.25424666310632993, 0.2489500165688485, 0.2904954090353307, 0.20630791118949202], [0.2519145851559658, 0.2496847967858036, 0.2911924312794734, 0.20720818667875276], [0.2601694252214329, 0.2577106417949091, 0.2779264577408352, 0.20419347514281427], [0.26021279312735224, 0.2612906856470519, 0.2781287022468203, 0.2003678188787532], [0.24995255463251612, 0.2601635552752258, 0.2959254225677419, 0.1939584674245161], [0.2506398934722457, 0.2607122557940042, 0.295817709475937, 0.19283014115781652], [0.2566165419013563, 0.26127234439263197, 0.2816960777300264, 0.20041503587598605], [0.2539196911296479, 0.262487697293483, 0.28215481918914265, 0.20143779228772413]], "ideal": "C", "sampled": "D", "correct": false}}
{"type": "result", "data": {"idx": 15, "options": ["0 degrees Celsius", "32 degrees Celsius", "100 degrees Celsius", "212 degrees Celsius"], "probs": [[0.36268674934186534, 0.2404069190499545, 0.2348196981254267, 0.16208663338274273], [0.3574930632669834, 0.24060184785488817, 0.23448801927535318, 0.16741706950279378], [0.361143798729153, 0.23413048824431662, 0.23710193904819934, 0.16762377387833777], [0.35780978240708905, 0.2350486680874437, 0.23897720682320567, 0.16816434258227683], [0.3602037838127167, 0.2361920420301646, 0.23737652134552775, 0.16622765271158954], [0.35566084156615496, 0.23465055330048398, 0.24010177648728318, 0.16958682854607746], [0.36717563655722174, 0.23771833433970635, 0.2302879075535225, 0.1648181214495318], [0.36068181424449774, 0.23870938207478587, 0.23163528235910572, 0.16897352122161427], [0.360211197717711, 0.2332598312015887, 0.23858173991601578, 0.16794723106467688], [0.36130105302109244, 0.230022716715858, 0.236830108906036, 0.17184612125701257], [0.36154821726352776, 0.23510856399445698, 0.2369890053067636, 0.16635421333526257], [0.3591413230741675, 0.22888068737638173, 0.23766772520725807, 0.17431026424219404], [0.34860684300106815, 0.23558058218958225, 0.23830642774507502, 0.17750614696426562], [0.3471775684904404, 0.2354511580486409, 0.24135116681988047, 0.1760201065410607], [0.3510615164169657, 0.23242536955233994, 0.2425712922981064, 0.1739418216325807], [0.35114911502516755, 0.22980775280808177, 0.24069902510215183, 0.178344106964596], [0.3462443597348507, 0.23003367925718615, 0.24894442344151924, 0.1747775374664573], [0.34961543519167226, 0.22506908432619616, 0.24761279960297802, 0.17770268077916707], [0.3469862605788087, 0.23894021342865332, 0.23869227891390501, 0.17538124697864135], [0.34492216778393564, 0.2364206161104409, 0.24017059942016053, 0.1784866165854593], [0.3496331445463164, 0.23583835091029212, 0.2439230928900643, 0.17060541155333347], [0.34835839626589954, 0.22919309515022268, 0.24531249699480662, 0.17713601148905686], [0.3444260900072526, 0.23242714295924838, 0.24687265136416256, 0.17627411556932845], [0.3467330357817851, 0.22787695004777947, 0.24564023341175836, 0.179749780658687]], "ideal": "A", "sampled": "A", "correct": true}}
{"type": "result", "data": {"idx": 16, "options": ["exclude research on teeth or bones", "predict what the next discovery will be", "analyze new data as it becomes available", "delete earlier reports that were missing the new findings"], "probs": [[0.24877206700357113, 0.25945389168705524, 0.28093961905040615, 0.2108344221589612], [0.2516545172983741, 0.2551495599463206, 0.2855060657400567, 0.20768985691522626], [0.24479784549203615, 0.2626692249623854, 0.27771398923795787, 0.21481894020762327], [0.24654942562660315, 0.26306564718644027, 0.28150812553327914, 0.208876801553686], [0.2467659793371018, 0.24670494208531016, 0.2933602914235403, 0.21316878705404432], [0.24339819117731892, 0.25254707946346217, 0.29107463674267403, 0.21298009251655212], [0.2503390771128655, 0.24981448519773783, 0.28967011749869415, 0.21017632009068898], [0.25413275150601533, 0.24653092981583735, 0.2944494877153386, 0.20488683086282017], [0.2442755953022175, 0.24946312843897392, 0.28625647008393873, 0.22000480607487863], [0.23765174848139958, 0.25370538138430593, 0.2997797083458729, 0.20886316168842478], [0.25009203814841696, 0.24158828318254424, 0.28949772906026067, 0.21882194950876876], [0.23708835116856142, 0.24618820735521033, 0.30137289380423843, 0.21535054757199096], [0.24663261450077503, 0.2509984855574171, 0.29280899644979413, 0.20955990339201483], [0.24729984927805423, 0.25079068345354394, 0.2980447513197907, 0.20386471584860008], [0.2452621119378209, 0.24960473891202323, 0.29327703363413954, 0.21185611541602564], [0.23751320871824172, 0.25384817859876907, 0.3048253393912694, 0.20381327319171713], [0.2438617774278494, 0.24814022154632528, 0.2954663370271567, 0.21253166389866252], [0.23906086091714124, 0.24908165014388614, 0.3016116419373784, 0.21024584690159842], [0.2490477507213495, 0.24465510168548218, 0.29060148580402667, 0.2156956616891411], [0.24529950064874184, 0.2508706747335471, 0.2893157812133211, 0.2145140433043934], [0.2512063473647833, 0.24758253702393535, 0.2856821345864508, 0.2155289809248347], [0.23918044981296868, 0.25337377665868466, 0.29542341514433945, 0.2120223582839885], [0.24008436321848947, 0.2518444924319003, 0.28788384414330803, 0.2201873001063233], [0.23434352680315276, 0.25439861439194245, 0.2924983214014998, 0.21875953730339892]], "ideal": "C", "sampled": "C", "correct": true}}
