{"type": "result", "data": {"idx": 0, "options": ["Planetary density will decrease.", "Planetary years will become longer.", "Planetary days will become shorter.", "Planetary gravity will become stronger."], "probs": [[0.04078319637976155, 0.046177982935326, 0.8806268506314872, 0.03241196995342526], [0.06058511577465921, 0.05848023719636652, 0.0247378832911129, 0.8561967636378613], [0.11375883965546753, 0.7252561449279321, 0.06871954350976393, 0.09226547180683638], [0.10254017262625492, 0.7125421761753888, 0.03647247701518591, 0.14844517408317032], [0.06155068661661313, 0.06082655352878525, 0.03434925821789501, 0.8432735015367067], [0.037477459850087824, 0.04117833051181597, 0.8903245658712902, 0.031019643666806027], [0.08930325952870193, 0.07006578656854892, 0.7854029272134999, 0.05522802658924924], [0.14371423127395633, 0.07478244448709909, 0.02443130822841816, 0.7570720159105264], [0.39668575220824426, 0.4443234833952775, 0.03723301765869025, 0.12175774663778798], [0.43520372553308856, 0.45062720308941456, 0.03988773225711754, 0.0742813390203793], [0.13183956649417813, 0.0736543423193025, 0.018184482101086953, 0.7763216089854325], [0.061760389157895994, 0.05245663353385016, 0.8634156181817041, 0.02236735902654973], [0.8078532814171699, 0.09790999441359843, 0.031239442524170213, 0.06299728154506136], [0.876971118981081, 0.05426066700377359, 0.01667596387192767, 0.052092250043217686], [0.881167290865491, 0.0627645252903287, 0.01868849057761613, 0.03737969316656422], [0.9086493333749298, 0.050761684827026254, 0.017398217124854447, 0.023190764573189502], [0.8721466291010934, 0.06507545133598634, 0.01633827430728578, 0.0464396451556344], [0.8650376264261253, 0.08037278115223374, 0.029760215650206662, 0.02482937667143436], [0.07754814941789201, 0.06657082114551975, 0.04158451205608754, 0.8142965172805007], [0.05651664958471934, 0.05313428724793224, 0.8539038076987547, 0.03644525536859368], [0.0803539518555827, 0.07115963835284163, 0.017711594681233577, 0.8307748150103421], [0.04957778754500078, 0.05661930466478334, 0.8679005452196731, 0.025902362470542787], [0.07529998612004765, 0.8181988641818424, 0.01889062124426976, 0.08761052835384017], [0.10286177617130902, 0.8104213414989514, 0.0420551632149546, 0.044661719014785]], "ideal": "C", "sampled": "C", "correct": true}}
{"type": "result", "data": {"idx": 1, "options": ["buildings will be built faster", "buildings will be made safer", "building designs will look nicer", "building materials will be cheaper"], "probs": [[0.03052436864388885, 0.9443905737560457, 0.0058498921422049975, 0.01923516535786043], [0.03204272376259393, 0.9468500108132225, 0.005860112935320667, 0.01524715238886282], [0.022826316151715615, 0.006627976054985046, 0.9562654627871734, 0.01428024490612591], [0.027647141218701744, 0.011224323067159949, 0.008396101504752932, 0.9527324341093854], [0.024083448908980502, 0.00647761631647736, 0.9572294343315221, 0.012209500343020065], [0.026222509863353307, 0.010251336371506986, 0.008292049632065581, 0.9552341040330741], [0.9482412275548816, 0.016901086103823938, 0.006387587530317887, 0.028470098710976558], [0.952401093511029, 0.019871108065383867, 0.00810730171032601, 0.0196204966132611], [0.9493767878243173, 0.015286247634777093, 0.0072924603913943125, 0.028044504049511244], [0.9485040487409676, 0.016132581436946004, 0.006899424462028344, 0.028463945260058056], [0.9523975816246781, 0.017383826523241927, 0.00882142109954422, 0.021397170652535692], [0.9450664064098027, 0.01836999346683494, 0.008885115516565569, 0.027678484506796858], [0.0203293371886668, 0.007804477691476699, 0.9564248425668616, 0.015441342452994902], [0.030675703976506558, 0.0120804424829399, 0.008109015004003878, 0.9491348384365497], [0.030827259071093616, 0.944831887647495, 0.0046339828595813905, 0.01970687032182995], [0.029630234393089743, 0.9449165438470577, 0.004488400454878892, 0.02096482120497366], [0.026828570627212986, 0.010976236620238984, 0.008411734817531866, 0.9537834578350162], [0.022777408280802366, 0.007033838756055106, 0.9534249684393798, 0.016763784423762678], [0.022764165161131725, 0.007913349551995328, 0.9552068611525933, 0.014115624034279652], [0.02225435177567819, 0.010978319792644894, 0.006923542083667482, 0.9598437862480094], [0.030604122702298737, 0.946954027256013, 0.006085325596704884, 0.016356524344983425], [0.03254284336837543, 0.9384548067108115, 0.005625594406757463, 0.023376755414055605], [0.0232354283153627, 0.01137287128424478, 0.007935645139153395, 0.9574560551612391], [0.02051093517964702, 0.006638544295655035, 0.9575095316993092, 0.015340988725388747]], "ideal": "B", "sampled": "B", "correct": true}}
{"type": "result", "data": {"idx": 2, "options": ["Chemical energy is absorbed through the roots.", "Light energy is converted to chemical energy.", "Chlorophyll in the leaf captures light energy.", "Sunlight is converted into chlorophyll."], "probs": [[0.03133631154992272, 0.1623133480379486, 0.7855641658636793, 0.020786174448449327], [0.03133893048771217, 0.0523151599974419, 0.008990899899751503, 0.9073550095150944], [0.02225984603407409, 0.9337150741306836, 0.02172099588316321, 0.022304083852079135], [0.022571815427800783, 0.8673364616138004, 0.011653563136785726, 0.09843815972161311], [0.03251623907167168, 0.020143576588817914, 0.07783590523011301, 0.8695042790093974], [0.024674934596239727, 0.024765153681048056, 0.9212852565645343, 0.02927465505817786], [0.06899782025667037, 0.02474140555334561, 0.8879677701426123, 0.01829300394737172], [0.06848544167512528, 0.021487318398995224, 0.011259650055408665, 0.8987675897704709], [0.26040889066913375, 0.7074398733707823, 0.010983101612849981, 0.02116813424723403], [0.2682278200977482, 0.7004674789804989, 0.01697710743524603, 0.014327593386506911], [0.09715919506356702, 0.02585698362075576, 0.008675792797124377, 0.8683080284185528], [0.06722759304504773, 0.02689533992821721, 0.893677333794335, 0.012199733132400055], [0.8343351104034084, 0.04591982930975465, 0.07726844600887955, 0.042476614177957464], [0.82296451372585, 0.036347786266448925, 0.015364826928422018, 0.12532287297927905], [0.9161887356927513, 0.04441709824055786, 0.011772845947963862, 0.027621320018726983], [0.9110964058502777, 0.05042212521703515, 0.019296299915831792, 0.019185168916855354], [0.838910396095794, 0.030753435392097815, 0.01760209714295101, 0.1127340712691572], [0.8470434217793176, 0.032837608003013545, 0.09627292609116272, 0.023846044026506176], [0.03382407431699199, 0.017243558185910998, 0.08038029654231174, 0.8685520708547853], [0.02674968167871961, 0.017743650822057193, 0.9286128877664832, 0.026893779632740006], [0.043798413768892125, 0.05743080345709599, 0.007107472943721929, 0.89166330973029], [0.03186271857270224, 0.12060753060208527, 0.8361135505882902, 0.011416200136922301], [0.02793151886562168, 0.8610217001056371, 0.010222327218500108, 0.1008244537102411], [0.028324737825488486, 0.9231943980069272, 0.03607688803524116, 0.012403976032343153]], "ideal": "C", "sampled": "C", "correct": true}}
{"type": "result", "data": {"idx": 3, "options": ["the control", "the hypothesis statement", "the dependent (responding) variable", "the independent (manipulated) variable"], "probs": [[0.0633371711149492, 0.015555946531504675, 0.1612000951300317, 0.7599067871235144], [0.0537270921046653, 0.013264661154559682, 0.8686874195102463, 0.06432082713052868], [0.07156989110979536, 0.09913793389882317, 0.009731929929548539, 0.8195602449618329], [0.058522372867924936, 0.12610288644249293, 0.7965141368213062, 0.018860603768275936], [0.04647128552493525, 0.8477976644888756, 0.008356210850104285, 0.09737483903608486], [0.060317413041636014, 0.8759091700076217, 0.04560785908803871, 0.018165557762703594], [0.04578170046104067, 0.060052140947870765, 0.10202920967962634, 0.7921369488114622], [0.0517630835877635, 0.11571849838337006, 0.7518380851595845, 0.08068033276928187], [0.05014883819743253, 0.08651269387543634, 0.046961885815668125, 0.816376582011463], [0.04500852905696659, 0.1369972231418681, 0.7886566533638462, 0.029337594337319105], [0.030239672768992542, 0.8741751804268646, 0.02330137788651468, 0.07228376881762824], [0.04171756359736611, 0.8905986116419965, 0.03934418110424567, 0.02833964355639175], [0.09509274202018088, 0.05482744016938284, 0.028244607021204494, 0.8218352106892318], [0.08840362940821991, 0.05581393227462588, 0.8349300228231872, 0.020852415393966987], [0.09801121420219977, 0.016915452363716263, 0.050600944104236115, 0.8344723892298478], [0.08288027437931307, 0.01878857633419848, 0.8615098691038923, 0.03682128008259619], [0.11111648690065044, 0.8559854290976201, 0.01659849034723002, 0.01629959355449948], [0.10203090797570534, 0.865403987971293, 0.008268744476005481, 0.024296359476996113], [0.7400350873191684, 0.060995558907515596, 0.015903633737985274, 0.1830657199353307], [0.7534831432173539, 0.07114732516553157, 0.15121996936399648, 0.02414956215311803], [0.7776716702679026, 0.027278684855199912, 0.039256918655691905, 0.1557927261212055], [0.7830139135265943, 0.03367642199996191, 0.1221365366037659, 0.061173127769677885], [0.8836993373210371, 0.05500069505919489, 0.02501095570422741, 0.036289011815540555], [0.8598287928435505, 0.08891184991272917, 0.010544752249316464, 0.04071460489440381]], "ideal": "D", "sampled": "D", "correct": true}}
{"type": "result", "data": {"idx": 4, "options": ["They have each lost kinetic energy.", "They have each gained the same amount of potential energy.", "They have each lost the same amount of potential energy.", "They have each gained one-half of their maximum kinetic energy."], "probs": [[0.24890194089004047, 0.3313692709064137, 0.16316975165256087, 0.2565590364509849], [0.22043854829137868, 0.33842297376517855, 0.3094997611481467, 0.1316387166952961], [0.2601549404645564, 0.30532352043089345, 0.14234483664832134, 0.29217670235622883], [0.2652850409289399, 0.29768362194774534, 0.29177832165753226, 0.1452530153657825], [0.2159091520161226, 0.4672153541563123, 0.17090365505717411, 0.14597183867039093], [0.2400775480007197, 0.35733490113812927, 0.29014714684722664, 0.11244040391392436], [0.3021568655665556, 0.18983028827199444, 0.1965031772655441, 0.3115096687959059], [0.25261346977726906, 0.17589821361343133, 0.29592658302646485, 0.27556173348283475], [0.3206301927245898, 0.17205606399246084, 0.09598867594235884, 0.41132506724059054], [0.30034341215130805, 0.17576624008842429, 0.259055302060883, 0.26483504559938464], [0.4790119207088912, 0.24367934319090323, 0.10025332939903779, 0.17705540660116778], [0.39894655632270537, 0.2907375931308516, 0.11326618674701319, 0.1970496636994298], [0.3190719186940602, 0.21997968850320193, 0.1217612177011799, 0.339187175001558], [0.2727678214658853, 0.2120347907901273, 0.33492973928307934, 0.18026764836090806], [0.3289975572644128, 0.14643585898657357, 0.10240285250120816, 0.4221637311478054], [0.36467998129416573, 0.14575409453382598, 0.3122457470508376, 0.1773201770211707], [0.3963400694350872, 0.2842442160062385, 0.0869619104433939, 0.2324538040152804], [0.404496651646428, 0.32648186412995195, 0.11951961577890918, 0.14950186834471083], [0.4032182931017243, 0.16250516230470366, 0.28161707098026617, 0.15265947351330586], [0.30834133348782994, 0.17151953789424937, 0.37578816337964616, 0.14435096513827453], [0.5458922588984255, 0.21785955940465432, 0.08881067814574684, 0.14743750345117335], [0.3494185752903896, 0.27800049960812734, 0.23287081369111562, 0.13971011131036742], [0.3089990959603405, 0.3745331819656451, 0.07622988634881848, 0.2402378356251959], [0.3038842311819542, 0.46654491569178846, 0.09192340614643697, 0.13764744687982042]], "ideal": "D", "sampled": "D", "correct": true}}
{"type": "result", "data": {"idx": 5, "options": ["a non-infectious, cell-cycle disease", "an infectious, cell-cycle disease", "a non-infectious, chronic disease", "an infectious, chronic disease"], "probs": [[0.0666498441170262, 0.5195829053145617, 0.017963114566350507, 0.39580413590206154], [0.054434144218056126, 0.6546520736453655, 0.1714964398159648, 0.11941734222061362], [0.04083067999560021, 0.023012273677603685, 0.05972274303517397, 0.8764343031916221], [0.04091315153050181, 0.018206474452951336, 0.6692696497446441, 0.2716107241719028], [0.056768988932617864, 0.427175863522196, 0.310138184168536, 0.2059169632766501], [0.043646646178606384, 0.6633204431102346, 0.019275861469385737, 0.27375704914177323], [0.45875400727454735, 0.04340644220766024, 0.021519815747521338, 0.47631973467027106], [0.7139814005671434, 0.04005756288452061, 0.14068201392498483, 0.10527902252335111], [0.4480363121776095, 0.028754083383273694, 0.031263325302038784, 0.491946279037078], [0.5366183918638643, 0.034535097665246234, 0.27807228846095994, 0.15077422190992953], [0.62035151592539, 0.25073261552135495, 0.016761398804812446, 0.11215446964844265], [0.7127967673872206, 0.12374565802698342, 0.024237478657764197, 0.13922009582803174], [0.06049561352779052, 0.04015795663186008, 0.1306397218364864, 0.768706707903863], [0.0491630793441611, 0.040301836544523885, 0.10794807588516238, 0.8025870081261527], [0.05672173750863434, 0.08548672579363027, 0.015163095272457025, 0.8426284413252784], [0.04949249459530792, 0.17033295996896616, 0.6265849167018247, 0.15358962863390124], [0.0632789895296648, 0.3986471391488064, 0.024545273404141497, 0.5135285978173872], [0.059641449304485006, 0.7558538744024447, 0.04109721538541285, 0.1434074608076575], [0.41633439059862537, 0.03846789151045451, 0.43004000182619767, 0.11515771596472248], [0.5234931013304073, 0.04075127391200409, 0.035364381306725694, 0.40039124335086296], [0.8343951032985268, 0.04221108589816301, 0.019677758501469984, 0.10371605220184017], [0.8138532531621564, 0.05629215688059617, 0.02224570669808564, 0.10760888315916176], [0.3917444442802037, 0.03538421999308315, 0.025835151475798256, 0.5470361841509148], [0.8016699702301233, 0.04818362073338441, 0.04175474883149518, 0.10839166010499703]], "ideal": "B", "sampled": "D", "correct": false}}
{"type": "result", "data": {"idx": 6, "options": ["to repare for migration before winter", "to provide warmth during the cold winter months", "to store food that will be eaten over the winter months", "to protect the grasses and seeds from decay before winter"], "probs": [[0.041095041321398754, 0.030042605039924928, 0.9088881512857792, 0.019974202252897155], [0.04050469126488368, 0.032577627944678805, 0.03631860891465142, 0.8905990717757861], [0.033345116174157856, 0.9245749159976188, 0.009909740988828733, 0.0321702267393947], [0.027130163477681834, 0.9191810873006029, 0.010251642633437325, 0.04343710648827792], [0.04076551091285259, 0.04581242548904084, 0.018138247867923445, 0.8952838156301831], [0.04508020036766708, 0.04072583923159476, 0.882048127120019, 0.0321458331807191], [0.039602229127889334, 0.026983150452711924, 0.9107584729563266, 0.022656147363072074], [0.04019216112569534, 0.03412114487732548, 0.029634503920714424, 0.8960521899762648], [0.03800387260716003, 0.9218685223841286, 0.010438003539271237, 0.029689601369440023], [0.03314043995962897, 0.9324154519768705, 0.010877605373904344, 0.02356650258959624], [0.038596161150383265, 0.04202754504110902, 0.01010274996127395, 0.9092735437472338], [0.048038603660078755, 0.04109088856654562, 0.8897304269426344, 0.02114008073074122], [0.9172297140965633, 0.03448359972987714, 0.01188169361178967, 0.03640499246176991], [0.8859640391997309, 0.03987806677374094, 0.016167994647227183, 0.05798989927930104], [0.9110741622869375, 0.035909261584331775, 0.012955750349503603, 0.040060825679227086], [0.9212767678223963, 0.03437913282497658, 0.01518602608484031, 0.0291580731677868], [0.8868053447234542, 0.04280057497229134, 0.01186603013842134, 0.058528050065833094], [0.9268377828505359, 0.03620595782956233, 0.010680479708949699, 0.026275779510952075], [0.037245185705636626, 0.02241063582120617, 0.022929296834792053, 0.9174148815383651], [0.0366198553391723, 0.01812953420177519, 0.9102500009702171, 0.035000609388835376], [0.03520698848313342, 0.0325172506543116, 0.008994269192245339, 0.9232814915703096], [0.04244698559936171, 0.029847031289444315, 0.909900958130969, 0.017805024880224885], [0.03009465927644822, 0.9275389390517431, 0.006589809910671411, 0.03577659166113722], [0.035980731613863864, 0.9362256025876432, 0.007696473117763923, 0.020097192580728975]], "ideal": "C", "sampled": "C", "correct": true}}
{"type": "result", "data": {"idx": 7, "options": ["There was once more water in the area.", "The area was once grassland.", "The climate in the area was once tropical.", "There are active faults in the area."], "probs": [[0.02811170449887904, 0.036888666226233414, 0.9136354598148875, 0.02136416936], [0.04512676084970258, 0.034241984473855985, 0.014598779861510482, 0.906032474714931], [0.03998073707975646, 0.9252976248576229, 0.011066899005072994, 0.0236547389575476], [0.033779536081457895, 0.9360293486794629, 0.011987862013189434, 0.01820325312588982], [0.04770808098439297, 0.033259878431441355, 0.017245034910148747, 0.9017870055740169], [0.025917447449123537, 0.026699942793915663, 0.933511352813764, 0.013871256843196834], [0.03100620826407792, 0.03003097008671132, 0.9183175733943916, 0.020645248154819194], [0.050099070511067635, 0.03204238241854971, 0.014654943701166347, 0.9032036032692163], [0.0367486630664537, 0.9198301553529279, 0.017400881500676216, 0.02602029997994219], [0.033934004194500676, 0.9253694126982498, 0.014524184654913718, 0.026172398352335754], [0.0575868274509471, 0.035695225661687334, 0.019677970922967896, 0.8870399758643976], [0.02472184172944383, 0.02606662875885664, 0.9312948490633669, 0.017916680348332666], [0.9329236379983232, 0.02997751416426673, 0.015179462135613624, 0.02191938560179642], [0.9347126217733283, 0.030536725332137856, 0.017366998510510826, 0.017383654284023033], [0.9262723204984606, 0.032182327980168034, 0.018025094406412215, 0.023520257014959058], [0.9232681398555959, 0.033623887552005974, 0.01853790441124031, 0.024570068081157817], [0.9339806993254268, 0.03170442024774724, 0.016820329311019747, 0.0174945510158062], [0.932417839081267, 0.03140522809461216, 0.01392494189658375, 0.02225199082753717], [0.034836650345448916, 0.03267613095599903, 0.019329386082045666, 0.9131578325165064], [0.019990035981877374, 0.034722241524292395, 0.9302119752095427, 0.015075747184287537], [0.03829194280722894, 0.03561717662867389, 0.019947056054706515, 0.9061438244093907], [0.01730061752171531, 0.03736059088925008, 0.9251874591090362, 0.02015133237999834], [0.028117792678047787, 0.9392249583258773, 0.013819096608568155, 0.018838152287506748], [0.031454803460449716, 0.9333716598981413, 0.010555464480977326, 0.024618072060431668]], "ideal": "C", "sampled": "C", "correct": true}}
{"type": "result", "data": {"idx": 8, "options": ["The chicken population would go down.", "Populations of mice and rats would increase.", "Another bird of prey would replace the hawk.", "The chickens would have a lower rate of disease."], "probs": [[0.03147855435904364, 0.5978227919989105, 0.353329185584571, 0.017369467957474835], [0.052558983618076524, 0.3779695528798837, 0.006943598751068084, 0.5625278646509717], [0.02144975717841056, 0.29716583308526195, 0.6632102554281253, 0.018174154208202144], [0.02580076261137332, 0.27839168812682574, 0.006170486544948766, 0.6896370626168522], [0.019922920163156686, 0.025890339934929202, 0.9127825173652091, 0.041404222436705024], [0.02689437290569619, 0.020564420874453992, 0.32322157569948046, 0.6293196304203693], [0.8104704497127, 0.040943729295449934, 0.13297403637607239, 0.015611784515777716], [0.8273301320225787, 0.0356916160381435, 0.006770039603029455, 0.13020821223624834], [0.5605762605558939, 0.4067146483464576, 0.011608702140266287, 0.021100388857382118], [0.6125268031449831, 0.35135827678155734, 0.0076520755756332385, 0.028462844397826332], [0.7659196524745375, 0.03895379435638229, 0.00968524585798266, 0.18544130721109758], [0.7767017714409706, 0.04588638382352634, 0.138667691892457, 0.038744152743045955], [0.09955149480052755, 0.04840096632499291, 0.8306755082319347, 0.02137203054254488], [0.43652215664488314, 0.04119411398203612, 0.007218738590022818, 0.5150649906830579], [0.19283607618150345, 0.7717573649146506, 0.0090344445855025, 0.02637211421834345], [0.14236634134487008, 0.8171539086488795, 0.005776113630549441, 0.034703636275700965], [0.2699052272509488, 0.02086232136596786, 0.012182685932072782, 0.6970497653510106], [0.10973081461697372, 0.024668459903542325, 0.8344028352694, 0.031197890110083944], [0.0141580876145967, 0.04582653814276552, 0.8731886619247351, 0.06682671221790262], [0.018982763482992625, 0.033403652154875924, 0.15523966451345697, 0.7923739197486744], [0.022473611751625103, 0.40660075825990283, 0.015161828687119605, 0.5557638012013525], [0.0201567730909835, 0.6981538583339305, 0.22577093263249814, 0.055918435842587794], [0.020061278302686114, 0.16840056728302097, 0.012475322675149305, 0.7990628316391436], [0.017304837354269454, 0.21987528041439822, 0.7315319820171768, 0.03128790011415546]], "ideal": "B", "sampled": "B", "correct": true}}
{"type": "result", "data": {"idx": 9, "options": ["the atom", "the electron", "the nucleus", "the proton"], "probs": [[0.8732378113613423, 0.02747292888005462, 0.022350196375889392, 0.07693906328271376], [0.879763123619872, 0.028334591391988705, 0.0213337953913406, 0.07056848949679878], [0.8652787803738298, 0.038037188347350606, 0.020483814177848926, 0.07620021700097068], [0.8756102909798948, 0.030951570929204773, 0.021554976282309596, 0.0718831617085908], [0.8728088042070877, 0.03038362193120096, 0.02570280217454448, 0.07110477158716687], [0.8936652060741151, 0.023680627652430997, 0.019416908053450137, 0.06323725812000368], [0.0700415167667986, 0.873366047438926, 0.02153889475887858, 0.03505354093539681], [0.0707370514799027, 0.8753494929236274, 0.017102460049145965, 0.03681099544732391], [0.04856532511471821, 0.018921397906458654, 0.8981114758861714, 0.0344018009926518], [0.05235799476554657, 0.0201639521567466, 0.011725515391197561, 0.9157525375865093], [0.058700810120196595, 0.016738622295794838, 0.8785397818616187, 0.046020785622389836], [0.03882468516715246, 0.014162428767994346, 0.011510589233914561, 0.9355022967309387], [0.041724876653232025, 0.8996954197947566, 0.017708126915550005, 0.040871576536461326], [0.03925328489308682, 0.9078470573270613, 0.01678236669378424, 0.03611729098606767], [0.03763987193699543, 0.02066394724981875, 0.9079800416362539, 0.033716139076931904], [0.04250575205348569, 0.020858805507987244, 0.011047316652284846, 0.9255881256862423], [0.03762904961803007, 0.016102617754877705, 0.9080885732391667, 0.038179759287925503], [0.040442259249006386, 0.017512491212441566, 0.012666330330629439, 0.9293789191079226], [0.03980284524856877, 0.8986559683269417, 0.0216378439109384, 0.03990334241355109], [0.034270383350345754, 0.911926506160041, 0.02177769500213326, 0.03202541538748002], [0.03836346317241321, 0.017463609119079824, 0.9037015797564029, 0.040471347852104045], [0.02808638831842643, 0.015374050473480025, 0.009977332919328782, 0.9465622281887648], [0.028204202147753352, 0.02670896201704216, 0.9150965041881957, 0.0299903315470088], [0.031660695127055306, 0.023845373096699794, 0.01056793069329122, 0.9339260009829536]], "ideal": "A", "sampled": "A", "correct": true}}
{"type": "result", "data": {"idx": 10, "options": ["life processes", "size differences", "plasma membranes", "energy molecules"], "probs": [[0.31638418682081115, 0.23989183483431403, 0.27816083195524854, 0.16556314628962623], [0.2232179310882802, 0.21716937063091096, 0.08156712032761475, 0.47804557785319407], [0.21527460743086776, 0.4182356110585695, 0.20784932933832942, 0.15864045207223335], [0.157698633620744, 0.2203031512919772, 0.06489409602371751, 0.5571041189635613], [0.1924292714339399, 0.11272492835698407, 0.15614099566357076, 0.5387048044455053], [0.1666903644633496, 0.10337719320217144, 0.2047821432147284, 0.5251502990197506], [0.3706265687571878, 0.17396491764236302, 0.30733919140603366, 0.14806932209441548], [0.28845734260944844, 0.17923462923268133, 0.07866448397637993, 0.4536435440814903], [0.3995069175669339, 0.21367173907247877, 0.10401906584610553, 0.2828022774144818], [0.4151033367895973, 0.19740353081479595, 0.09838274645456142, 0.2891103858410453], [0.25947623588708013, 0.10992223179093896, 0.07078971548182329, 0.5598118167401576], [0.34183273734705855, 0.12294026084326928, 0.23815648965112474, 0.2970705120585474], [0.29447570879011625, 0.1540104322579039, 0.31439590919444016, 0.23711794965753968], [0.18229165671433004, 0.11889141796830495, 0.12647882102655195, 0.5723381041908131], [0.3242585384838761, 0.24444823146736103, 0.12202514052679649, 0.3092680894219664], [0.3434624177905902, 0.22476490509541985, 0.1334951112582438, 0.29827756575574615], [0.17441132342339308, 0.09574510798171836, 0.1227377958818734, 0.6071057726130151], [0.2450041749458077, 0.10706259122491754, 0.24574956086984673, 0.402183672859428], [0.15435666649360155, 0.10349999161892226, 0.21534494686517355, 0.5267983949223026], [0.13383660910050457, 0.09584400587664237, 0.30166047134227875, 0.46865891358057427], [0.17487650008709987, 0.24616425287119148, 0.06202352930037768, 0.516935717641331], [0.2203882503057718, 0.26984648285512863, 0.32026771779030333, 0.1894975489487962], [0.1251951269622084, 0.23201192221670075, 0.07277795454793701, 0.5700149961731539], [0.16414223854304402, 0.3731722588936678, 0.19923630651681504, 0.26344919594647315]], "ideal": "B", "sampled": "B", "correct": true}}
{"type": "result", "data": {"idx": 11, "options": ["The Sun influences the formation of waves.", "The Sun creates water particles.", "The Sun's rays cause organisms to come to the surface.", "The Sun provides minerals."], "probs": [[0.786688978492189, 0.059353216337546665, 0.043599650411446846, 0.11035815465881747], [0.8219403945219157, 0.06150022016503449, 0.01947613322726112, 0.09708325198578867], [0.8450452855572277, 0.05893498734681177, 0.0206646629440499, 0.07535506405191063], [0.8077528105544416, 0.07705245381528528, 0.019749226598400848, 0.09544550893187233], [0.7477932710904365, 0.04945913793879759, 0.04766162200655305, 0.1550859688642129], [0.777590786331207, 0.03651623590743022, 0.0621905354582407, 0.12370244220312199], [0.045800979194845666, 0.8419179735197558, 0.015127162123519, 0.09715388506187948], [0.050834923882849326, 0.8643022758686838, 0.010268801803104386, 0.07459399834536252], [0.04295364181840192, 0.051892163297268236, 0.8652714216317507, 0.03988277315257913], [0.04783323978014997, 0.03654122219511191, 0.013645289900124577, 0.9019802480246135], [0.032816495318578415, 0.05048995227319517, 0.8824364237565387, 0.03425712855168763], [0.05953990873639443, 0.04371574771016243, 0.024112341249399556, 0.8726320022040436], [0.08043089882741565, 0.7611768003339966, 0.013588159045156962, 0.1448041416934308], [0.08144094536291734, 0.7653701658316268, 0.014309027709026484, 0.13887986099642946], [0.03632225224831865, 0.04860113607300417, 0.8835980298799148, 0.03147858169876237], [0.05944703336047458, 0.03856098532988413, 0.01508055673979443, 0.8869114244698468], [0.045755208020742295, 0.03634835522027884, 0.8470873232282774, 0.07080911343070148], [0.053221123209452124, 0.024687305918049286, 0.02293544711844383, 0.8991561236540547], [0.059467669998938176, 0.8176842306167996, 0.015136337032169128, 0.10771176225209302], [0.04810389166666755, 0.8175875604645467, 0.016876243178916978, 0.11743230458986874], [0.03291257104118465, 0.03881223134087122, 0.8977296368210262, 0.03054556069691788], [0.061804099985431724, 0.04037907790889786, 0.026005616334041918, 0.8718112056716285], [0.04253792350051747, 0.04464988014269219, 0.8562256766772087, 0.05658651957958165], [0.042649110722585454, 0.029440283604262957, 0.011080783256645303, 0.9168298223165063]], "ideal": "A", "sampled": "A", "correct": true}}
{"type": "result", "data": {"idx": 12, "options": ["32\u00b0 F", "41\u00b0 F", "78\u00b0 F", "98\u00b0 F"], "probs": [[0.10988952873379974, 0.15961394663728232, 0.5863153091270706, 0.14418121540184733], [0.13601151918073473, 0.16866583635704888, 0.14911136918432724, 0.5462112751778891], [0.11484534720096966, 0.5826792933462253, 0.13845484473121103, 0.164020514621594], [0.1717306686149965, 0.41065207425609523, 0.07961808948628211, 0.3379991675426261], [0.11115559851640833, 0.10244832110536575, 0.1257749786416955, 0.6606211016365304], [0.08493798049764191, 0.08352017216802061, 0.6341666407807777, 0.1973752064535598], [0.08630425546426997, 0.08892515367069558, 0.7023014477854618, 0.12246914297957263], [0.11477260778949949, 0.09561621928116681, 0.2585364820131699, 0.5310746908161638], [0.09177680886779853, 0.7441812018272188, 0.04575731892133175, 0.11828467028365086], [0.11740521952704154, 0.619076403418375, 0.07509297523381521, 0.18842540172076827], [0.10425803685683732, 0.158322969559273, 0.0626490749444942, 0.6747699185393955], [0.08103514603198249, 0.16343513401936793, 0.6292840964996288, 0.1262456233490208], [0.3539273335005368, 0.17059500005342298, 0.3074611333461761, 0.16801653299986413], [0.3536707943003526, 0.16755872346954143, 0.10013609900779046, 0.3786343831223155], [0.3478792711112494, 0.33081064610781163, 0.1614597338711609, 0.15985034880977808], [0.3312803531202226, 0.3596906390403431, 0.10892822673519117, 0.20010078100424314], [0.32666198935839297, 0.17135470337846798, 0.12074170465714637, 0.3812416025059927], [0.2973994568080415, 0.16632748890752055, 0.3068713797788209, 0.22940167440561707], [0.07802634016908583, 0.058732314585075454, 0.12663111494513277, 0.7366102302007059], [0.0796150350806567, 0.0600634987540197, 0.685135248708103, 0.1751862173572205], [0.11660287043633755, 0.10915147756032219, 0.08655609383066405, 0.6876895580726762], [0.07219497697387699, 0.08176436091668528, 0.732537133936261, 0.11350352807317672], [0.07609638599326346, 0.6214277170775324, 0.05353599433637745, 0.24893990249282671], [0.06170672729352499, 0.7111741939525686, 0.05985321639057443, 0.16726586226333187]], "ideal": "C", "sampled": "C", "correct": true}}
{"type": "result", "data": {"idx": 13, "options": ["Repeat the investigation.", "Write a report of the results.", "Make a table for recording data.", "Make daily observations of the light bulbs."], "probs": [[0.04482172479205579, 0.0492275995998135, 0.826668212033115, 0.07928246347501564], [0.04285912763439086, 0.04483741705122587, 0.5874246002953576, 0.3248788549190257], [0.05886880225562209, 0.06287677497612036, 0.010920963096444424, 0.8673334595718131], [0.0702151018182693, 0.5988670229988244, 0.24779458354650058, 0.08312329153640573], [0.045292930539834186, 0.2087874939086557, 0.01275225684183954, 0.7331673186096705], [0.03259727273488069, 0.5879670227633704, 0.3439914792136315, 0.03544422518811738], [0.04088696220782047, 0.03465816544197129, 0.6755839778949368, 0.24887089435527143], [0.030126933219058627, 0.03128137282232081, 0.7719010049829186, 0.16669068887570193], [0.06534978582387688, 0.07777789783817289, 0.00906308251835744, 0.8478092337195928], [0.09903141331497627, 0.7052832402764526, 0.07665516606671102, 0.11903018024186003], [0.07002771403776055, 0.07709108026637923, 0.011359971555379484, 0.8415212340404807], [0.047261611298738467, 0.27204784301628676, 0.6418650747440641, 0.03882547084091066], [0.19932182423164427, 0.036662619109893976, 0.05347048968768274, 0.710545066870779], [0.07617914782436287, 0.030606164822502856, 0.8511733890539044, 0.04204129819922989], [0.18662260870661732, 0.049532559825042594, 0.015058008343649423, 0.7487868230246907], [0.18069086024715592, 0.07520242387483778, 0.6746351962424727, 0.06947151953553359], [0.6285065412895585, 0.19625516608073768, 0.017500843650854112, 0.15773744887884972], [0.6297857864111394, 0.1952521201016911, 0.016884210128256513, 0.158077883258913], [0.07133433155622074, 0.027636455111827708, 0.08213584792783693, 0.8188933653041146], [0.0686122258580575, 0.03457723583365342, 0.856475359536558, 0.04033517867173112], [0.09410289007991192, 0.04254181381524937, 0.016098814806678775, 0.8472564811981599], [0.06350909527738251, 0.05107515217645557, 0.8572093726513164, 0.0282063797948455], [0.48755296770840484, 0.2941814165444584, 0.019481069031424138, 0.19878454661571263], [0.44626864703329744, 0.3519630723244344, 0.02105336073379283, 0.18071491980847534]], "ideal": "C", "sampled": "C", "correct": true}}
{"type": "result", "data": {"idx": 14, "options": ["ozone", "methane", "water vapor", "carbon dioxide"], "probs": [[0.10238468857059625, 0.04902110737706943, 0.4918080311323914, 0.3567861728199429], [0.06767114578898385, 0.02907874203191351, 0.5201718462566687, 0.383078265822434], [0.0721199758141606, 0.7038606752458595, 0.028631392977988643, 0.19538795586199129], [0.05521343026235125, 0.8158543887482058, 0.07647461614308822, 0.05245756474635468], [0.08540680004080005, 0.30146851234197397, 0.06536052180588736, 0.5477641657113386], [0.06462474695087418, 0.3430723134545233, 0.5497210436975738, 0.04258189579702872], [0.11417199202270548, 0.05595686429356192, 0.5152588871058854, 0.3146122564778472], [0.08621512609499205, 0.04001747190604197, 0.4998332410501265, 0.37393416084883946], [0.0894649624735059, 0.6532666086497307, 0.03836624323938084, 0.21890218553738255], [0.08474098650209991, 0.7470801917211294, 0.11369579216867937, 0.05448302950809134], [0.09922822489917246, 0.3393755231504847, 0.050560667729085074, 0.5108355841212577], [0.09228215021901323, 0.355352805692453, 0.5023717692598584, 0.049993274728675395], [0.7727232142851098, 0.04340559001174193, 0.04272564633923917, 0.14114554926390913], [0.8013111352119221, 0.036465331908394176, 0.10219892113378874, 0.06002461164589497], [0.7216843289826781, 0.04248075908735651, 0.04848829204772078, 0.18734661978224462], [0.7589144901530213, 0.032461058005833085, 0.14763866413354668, 0.06098578760759897], [0.7766521277106101, 0.1279852537963811, 0.03940891556672196, 0.055953702826286825], [0.7718243059625108, 0.1194866531929592, 0.04949889368440606, 0.059190147060123904], [0.3461552729053618, 0.05285882752386036, 0.08256403048389921, 0.5184218689868787], [0.2745040172769093, 0.06308523141880483, 0.5989674523566195, 0.0634432988476663], [0.30999796424693954, 0.06570382915883506, 0.08578367210872673, 0.5385145343854987], [0.272702139858549, 0.07321998058510677, 0.5718856112930025, 0.0821922681633416], [0.2192098630804416, 0.7044576949334683, 0.032722603282617044, 0.043609838603473006], [0.23147565813955528, 0.6826752030964054, 0.037955844039573826, 0.04789329462446545]], "ideal": "C", "sampled": "C", "correct": true}}
{"type": "result", "data": {"idx": 15, "options": ["0 degrees Celsius", "32 degrees Celsius", "100 degrees Celsius", "212 degrees Celsius"], "probs": [[0.7637397673156231, 0.13911642586416417, 0.04598680913086745, 0.051156997589345325], [0.7292851208911217, 0.15777561066957094, 0.0482242554377969, 0.06471501290151037], [0.7658377574302992, 0.09588972835363173, 0.08816521197291259, 0.050107302143156396], [0.646057646029429, 0.08611323426955395, 0.049549809106705464, 0.21827931049431162], [0.8039366572144733, 0.05143974329225507, 0.0743727159635382, 0.07025088342973342], [0.6352005075236801, 0.0457027261550775, 0.06014277480100795, 0.25895399142023445], [0.04727394333159237, 0.8875542164656778, 0.029481051330800326, 0.03569078877192947], [0.046547312975572526, 0.8875011222247283, 0.02705637002657069, 0.03889519467312846], [0.042845416410775244, 0.025074241446857583, 0.9004572545166515, 0.0316230875257157], [0.04883310979737105, 0.018715640667561022, 0.021761352356294367, 0.9106898970787736], [0.0463871817181926, 0.02630938648115874, 0.8872767884278412, 0.04002664327280746], [0.054653396956544496, 0.020302173967981858, 0.025521378153499967, 0.8995230508219737], [0.038278513651050866, 0.9010725851480667, 0.03285572018142073, 0.02779318091946169], [0.03780558002144808, 0.8968722323571945, 0.024117276339621976, 0.04120491118173542], [0.03449597768211991, 0.34384759134262793, 0.5907003601986868, 0.030956070676565372], [0.04843309211811314, 0.1962761606339284, 0.024845889159640894, 0.7304448579883176], [0.039746657181580686, 0.024756164868129416, 0.8683245000872876, 0.0671726777630023], [0.052148309313883486, 0.02161654518680008, 0.15151881295215747, 0.774716332447159], [0.037325402663008454, 0.8857611845847906, 0.03987678705650492, 0.03703662559569604], [0.04151331571054597, 0.8491083852230511, 0.036484404851060394, 0.07289389411534254], [0.03273995697066966, 0.28573418299175, 0.6455285019466456, 0.0359973579909348], [0.043352228218946874, 0.14228296464000267, 0.025011485766130697, 0.7893533212749198], [0.03714058244491342, 0.03637794472617362, 0.8702256840756851, 0.05625578865322783], [0.044890167674589435, 0.02948915809314357, 0.17006042155844017, 0.7555602525738269]], "ideal": "A", "sampled": "A", "correct": true}}
{"type": "result", "data": {"idx": 16, "options": ["exclude research on teeth or bones", "predict what the next discovery will be", "analyze new data as it becomes available", "delete earlier reports that were missing the new findings"], "probs": [[0.028791698348971165, 0.015349867108844034, 0.9389116965682793, 0.016946737873905483], [0.036557804857557864, 0.015095063511812414, 0.010734596308615594, 0.9376125352220142], [0.05004380263999971, 0.923853831674563, 0.0061790053534404215, 0.019923360231996833], [0.04464225976146654, 0.9347730556618118, 0.0063935827500262695, 0.014191101726695427], [0.040202047859033176, 0.02484725799557598, 0.01135389046329105, 0.9235968035820998], [0.02741838455556094, 0.01681314608968144, 0.9437408525425328, 0.012027616712224758], [0.03446470213509927, 0.01621881133237273, 0.9316880140702359, 0.017628472362292043], [0.03467730358121784, 0.014669680652229301, 0.011805374852576093, 0.9388476408139768], [0.045426828085257887, 0.9296199750697001, 0.006711004388764171, 0.018242192356277838], [0.04556029704465621, 0.9324430909234198, 0.00571990949715015, 0.01627670243477386], [0.03729119286905267, 0.01589682569566117, 0.010781559552366995, 0.9360304217829192], [0.03144489105412569, 0.01492209115221158, 0.9405741322738054, 0.013058885419857339], [0.9374576478336457, 0.02674581729337955, 0.010141637179006945, 0.02565489759396779], [0.9462524340708184, 0.020550644074434226, 0.012058477107950431, 0.021138444646796904], [0.945503240052142, 0.02185209479999376, 0.011848062341861611, 0.02079660270600263], [0.954091421688541, 0.017720321799957042, 0.010232583825685935, 0.017955672585816037], [0.9473077260762093, 0.02223638678812355, 0.010089312895174013, 0.020366574140493164], [0.9501724026681756, 0.02390433943394561, 0.008726387633287981, 0.01719687016459081], [0.04272556304504385, 0.020433176306827, 0.013034056870826035, 0.9238072036773031], [0.036827110491774145, 0.014591927387691588, 0.9346617298052375, 0.013919232215296692], [0.040998977933604304, 0.019331399943549658, 0.009536608414430258, 0.9301330136084157], [0.03230124510610723, 0.016828098294692766, 0.9375640054610355, 0.01330665103816457], [0.0644282331738158, 0.9142333945138866, 0.006799350086472697, 0.014539022125824908], [0.07347482413934131, 0.9040910841344217, 0.006630208576167485, 0.01580388305006948]], "ideal": "C", "sampled": "C", "correct": true}}
