{"type": "result", "data": {"idx": 0, "options": ["p = 4", "p = 8", "p = 12", "p = 24"], "probs": [[0.20061306860394718, 0.1623978536713267, 0.23246679050337254, 0.40452228712134597], [0.2341003543843411, 0.2129722823498531, 0.3173078458925759, 0.23561951727321684], [0.23742473245643636, 0.2772019415476073, 0.17626787557122905, 0.30910545032471304], [0.053232257786181666, 0.5242056214054138, 0.17697430177015822, 0.24558781893825218]], "ideal": "C", "sampled": "A", "correct": false}}
{"type": "result", "data": {"idx": 1, "options": ["5", "7", "8", "9"], "probs": [[0.13758305207316665, 0.2395309752705118, 0.24907441724393994, 0.37381155531237387], [0.1620068710663647, 0.249043841868673, 0.20637780461841623, 0.3825714823465481], [0.17655608345666424, 0.25673350738733575, 0.21297643818645706, 0.3537339708695416], [0.14917969429297392, 0.2618555289936798, 0.265802742757703, 0.3231620338556444]], "ideal": "C", "sampled": "B", "correct": false}}
{"type": "result", "data": {"idx": 2, "options": ["1 over 5", "\u22125", "\u22121 over 5", "5"], "probs": [[0.14197682880433152, 0.21977791957811982, 0.48005069361650615, 0.1581945579010497], [0.11203249614496973, 0.28146107303969453, 0.12791571004259727, 0.47859072067274816], [0.1679757207259613, 0.15892727189633557, 0.49726505454903014, 0.1758319527286626], [0.06760361242130584, 0.35368136727086935, 0.1386140691228058, 0.44010095108500963]], "ideal": "D", "sampled": "A", "correct": false}}
{"type": "result", "data": {"idx": 3, "options": ["4", "5", "6", "7"], "probs": [[0.165959703311543, 0.24140616317017785, 0.2653289441731946, 0.3273051892450772], [0.21036851608031065, 0.25570761883473064, 0.30840011678811013, 0.22552374819685386], [0.1602881039424694, 0.2009794981295469, 0.17872253280232603, 0.46000986502566465], [0.13058259496582308, 0.21014703675141155, 0.26991745255300276, 0.3893529156297745]], "ideal": "B", "sampled": "B", "correct": true}}
{"type": "result", "data": {"idx": 4, "options": ["4t = 112; $448", "4t = 112; $28", "t over 4 = 112; $448", "t over 4 = 112; $28"], "probs": [[0.2091660824294567, 0.15298106470116518, 0.25029840625358407, 0.3875544465157955], [0.26262414802986767, 0.1146399035670275, 0.4395523695432111, 0.18318357875988855], [0.15515368048332845, 0.16641922934248868, 0.32338625818637556, 0.3550408318878239], [0.28676024041661197, 0.12622566912229966, 0.2358851153710558, 0.3511289749900444]], "ideal": "B", "sampled": "D", "correct": false}}
{"type": "result", "data": {"idx": 5, "options": ["9", "11", "26", "32"], "probs": [[0.13880832543397081, 0.16461000418674576, 0.3767379351747775, 0.31984373510450864], [0.20564428851742234, 0.2765149311731715, 0.33367150496722564, 0.18416927524219967], [0.2992457723382695, 0.25380379590408314, 0.19315188006707626, 0.2537985515905882], [0.13524294503209505, 0.22271746565359155, 0.2193407190505825, 0.4226988701637372]], "ideal": "C", "sampled": "C", "correct": true}}
{"type": "result", "data": {"idx": 6, "options": ["1.1 over 11", "11 over 11", "12 over 11", "11 over 12"], "probs": [[0.2912919997481765, 0.11409690888318483, 0.31254511527258233, 0.2820659759960518], [0.07340233818289052, 0.19182061325782077, 0.1349838032460191, 0.599793245213282], [0.18164835618913502, 0.13183745327285137, 0.16925368762645848, 0.5172605028115512], [0.16621499998933936, 0.15489508195563256, 0.46234597256290805, 0.21654394539212388]], "ideal": "C", "sampled": "A", "correct": false}}
{"type": "result", "data": {"idx": 7, "options": ["3.6", "36", "0.01272", "12.72"], "probs": [[0.305177514444977, 0.10886963245808544, 0.31256241797154555, 0.2733904350253967], [0.12495922675534446, 0.5171409713717297, 0.1845921055207854, 0.17330769625213152], [0.5261122280662178, 0.17218862189198456, 0.13623006076261712, 0.16546908917916717], [0.29423829462937556, 0.2151852868718593, 0.15744046255310232, 0.33313595584567957]], "ideal": "B", "sampled": "C", "correct": false}}
{"type": "result", "data": {"idx": 8, "options": ["159.26", "2.224", "14,111", "126.26"], "probs": [[0.5358640554052589, 0.1511889044019161, 0.08618668962126678, 0.22676035047156365], [0.25257081680173293, 0.10948559819319267, 0.3451500263716567, 0.29279355853341266], [0.10353534991285812, 0.3902082817400096, 0.29729371480308425, 0.20896265344405524], [0.618673438746042, 0.14598829544040767, 0.11726240385205663, 0.11807586186149695]], "ideal": "D", "sampled": "D", "correct": true}}
{"type": "result", "data": {"idx": 9, "options": ["0.72", "0.702", "10.0571", "7.2"], "probs": [[0.43048940313955997, 0.14190515494746966, 0.1055387745586101, 0.3220666672543585], [0.13387197175470503, 0.10666929237730843, 0.19629682696623743, 0.5631619088017514], [0.21371750612933657, 0.32578910225033714, 0.2008682508906008, 0.2596251406297335], [0.19832669138361358, 0.4466504742358589, 0.13744455918239692, 0.2175782750981368]], "ideal": "D", "sampled": "A", "correct": false}}
{"type": "result", "data": {"idx": 10, "options": ["150 + 400 + 200", "200 + 400 + 200", "200 + 450 + 200", "200 + 500 + 200"], "probs": [[0.12363971258393497, 0.25156811817102337, 0.27829133165795833, 0.3465008374870884], [0.14005999173593486, 0.28471807928176346, 0.20358162190285717, 0.3716403069794351], [0.0911649858612266, 0.11427062538309136, 0.27857615020845056, 0.5159882384472289], [0.11280654950487431, 0.3841991086104063, 0.19179979818795478, 0.31119454359674326]], "ideal": "C", "sampled": "A", "correct": false}}
{"type": "result", "data": {"idx": 11, "options": ["21", "7", "1", "None of these"], "probs": [[0.060441757200338946, 0.05372315873960582, 0.7242706835600488, 0.16156440040001063], [0.21788842674783038, 0.547383942054427, 0.13422912885585786, 0.10049850224187669], [0.3630653736144269, 0.0823087872064837, 0.1715230251843606, 0.3831028138947441], [0.017905192852771697, 0.07016747369300963, 0.10288639848542523, 0.8090409348688087]], "ideal": "D", "sampled": "C", "correct": false}}
{"type": "result", "data": {"idx": 12, "options": ["8", "9", "49", "63"], "probs": [[0.2821188858811157, 0.3709055183861653, 0.11668181081777408, 0.23029378481495402], [0.25276861842124887, 0.2586615276679502, 0.23183067323693385, 0.2567391805738806], [0.22255485997700422, 0.3611648309103217, 0.12379362839524645, 0.29248668061742245], [0.1467642892313134, 0.30586617547168576, 0.30344166315173426, 0.24392787204527502]], "ideal": "A", "sampled": "B", "correct": false}}
{"type": "result", "data": {"idx": 13, "options": ["6", "11", "8", "5"], "probs": [[0.21433099038476602, 0.2905579281193286, 0.24470695926772004, 0.25040412212819935], [0.21784728534111417, 0.2668179340809188, 0.1806095578655764, 0.3347252226124019], [0.16627479190122166, 0.22184234523854363, 0.34633814020027925, 0.2655447225599772], [0.2257318830783032, 0.2786155241857796, 0.24204962073692476, 0.25360297189899594]], "ideal": "A", "sampled": "A", "correct": true}}
{"type": "result", "data": {"idx": 14, "options": ["10 bars of soap for $23.20", "16 bars of soap for $36.48", "13 bars of soap for $29.51", "12 bars of soap for $27.60"], "probs": [[0.15598185791042807, 0.24336034823711886, 0.3226210102020101, 0.2780367835504543], [0.16296763046678506, 0.246556478730354, 0.29527156103264374, 0.2952043296702212], [0.16760297659543835, 0.2596132482631288, 0.2942579876487613, 0.2785257873926842], [0.16721369464988392, 0.2630053731561344, 0.30057116728376015, 0.2692097648102403]], "ideal": "C", "sampled": "A", "correct": false}}
{"type": "result", "data": {"idx": 15, "options": ["5 minutes", "14 minutes", "34 minutes", "70 minutes"], "probs": [[0.07566835104963666, 0.35494867848544415, 0.2538335093605172, 0.3155494610044018], [0.30454573518537575, 0.23347438299652515, 0.26858342928526885, 0.193396452432835], [0.24756118433916913, 0.2533864955709902, 0.15018402870481073, 0.34886829128503355], [0.16780985539070484, 0.1446573628362635, 0.36927642705361857, 0.31825635461941554]], "ideal": "B", "sampled": "B", "correct": true}}
{"type": "result", "data": {"idx": 16, "options": ["18", "24", "25", "29"], "probs": [[0.22056197607039524, 0.20072979818132491, 0.34954004872635674, 0.22916817692190364], [0.21339738009952552, 0.392169445828936, 0.20191854295512573, 0.19251463101642574], [0.2580282213861199, 0.28531861766123545, 0.2990821005741476, 0.1575710602784724], [0.14184669967777683, 0.3732399219248405, 0.16060568264679898, 0.32430769565056095]], "ideal": "B", "sampled": "C", "correct": false}}
{"type": "result", "data": {"idx": 17, "options": ["(60/6)\u201412=a", "(60\u201412)/6=a", "(60-6)-12=a", "(60+12)/6=a"], "probs": [[0.19540849853592532, 0.5223775963126299, 0.10296136056740054, 0.179252544484031], [0.33608624542804183, 0.12459254125439757, 0.36909448603992684, 0.17022672717762607], [0.03838235183277701, 0.46642582935105364, 0.2188160901903951, 0.2763757285257632], [0.1363571866718927, 0.29992728879220065, 0.44708145340617655, 0.1166340710297062]], "ideal": "B", "sampled": "B", "correct": true}}
{"type": "result", "data": {"idx": 18, "options": ["5", "25", "50", "125"], "probs": [[0.11222018260016961, 0.3453910887203215, 0.20785324335776575, 0.3345354852217526], [0.19199141884738047, 0.27064322743256874, 0.3394682080585464, 0.19789714556152693], [0.2289950941654893, 0.3251058014229025, 0.13553958562095592, 0.31035951869065487], [0.2523109068640147, 0.22078038806675315, 0.31635040380934276, 0.21055830115989047]], "ideal": "D", "sampled": "D", "correct": true}}
{"type": "result", "data": {"idx": 19, "options": ["7", "16", "30", "33"], "probs": [[0.1975594963164381, 0.3011326141467811, 0.2119214865575647, 0.2893864028792218], [0.37511867378093744, 0.2598083627627786, 0.2170626671436162, 0.14801029621269207], [0.23522077587829546, 0.22972766146272117, 0.1707967137454598, 0.36425484881353315], [0.16879992884391887, 0.18972567777622842, 0.28704000599810436, 0.3544343872817552]], "ideal": "A", "sampled": "B", "correct": false}}
{"type": "result", "data": {"idx": 20, "options": ["\u221212", "12", "8", "16"], "probs": [[0.16998741393981834, 0.2933482833040011, 0.29346036061157815, 0.2432039420445841], [0.2873148822387108, 0.24954985135624783, 0.2805932351640078, 0.18254203114101708], [0.24746026838759175, 0.2714441850079892, 0.22000436797299364, 0.26109117853142155], [0.26182721641027185, 0.2941288374240504, 0.2203141337072256, 0.2237298123584634]], "ideal": "C", "sampled": "B", "correct": false}}
{"type": "result", "data": {"idx": 21, "options": ["382", "397", "406", "447"], "probs": [[0.24035593167427063, 0.23675227222950773, 0.27682784513130254, 0.24606395086492674], [0.37894712746651404, 0.21614869543859055, 0.154316145914507, 0.2505880310803932], [0.25328427754327143, 0.14333386891780625, 0.2200841446163714, 0.3832977088225599], [0.12766459629606536, 0.15275063868677988, 0.3780720400228076, 0.34151272489435053]], "ideal": "B", "sampled": "B", "correct": true}}
{"type": "result", "data": {"idx": 22, "options": ["\u22127", "\u22121", "1", "7"], "probs": [[0.3016010547824209, 0.2721311553311334, 0.1689464510776157, 0.2573213387088254], [0.41777961297760946, 0.3028422032577978, 0.07302221854867542, 0.20635596511592014], [0.07656054162490919, 0.10277607674007774, 0.37861150374032054, 0.44205187779467436], [0.08860693090518196, 0.431245958322553, 0.2420831656031556, 0.23806394506909853]], "ideal": "A", "sampled": "B", "correct": false}}
{"type": "result", "data": {"idx": 23, "options": ["53", "63", "73", "83"], "probs": [[0.26686450303099585, 0.239203656038367, 0.239303814288392, 0.2546280265422227], [0.3946268572337794, 0.21134736518237907, 0.2395053645114848, 0.15452041297235233], [0.41711827653381217, 0.20179989097354595, 0.1559156884477202, 0.22516614394492046], [0.3488371981792452, 0.2004216753528592, 0.2236710359716617, 0.22707009039624323]], "ideal": "C", "sampled": "C", "correct": true}}
{"type": "result", "data": {"idx": 24, "options": ["11.1", "5.7", "3.7", "22.68"], "probs": [[0.25628347476823793, 0.26432910705333423, 0.26026862320007593, 0.2191187948783583], [0.377492875756782, 0.22196999807737636, 0.16239301767820824, 0.23814410838762143], [0.2419062252080698, 0.23087322635653637, 0.30349807482198315, 0.2237224735134026], [0.30676509958440573, 0.25029688426936847, 0.19650795881589087, 0.2464300572303371]], "ideal": "B", "sampled": "B", "correct": true}}
{"type": "result", "data": {"idx": 25, "options": ["32", "3.2", "3,200", "320"], "probs": [[0.15427516914594186, 0.3041318766951752, 0.08853517458856847, 0.45305777947031245], [0.14510089597766643, 0.07295677418240558, 0.2839371195624144, 0.4980052101774986], [0.11534510016607152, 0.3182899028579663, 0.2557287008330843, 0.310636296042873], [0.16786478577134023, 0.1614368560226439, 0.4892894062765302, 0.1814089518294868]], "ideal": "A", "sampled": "B", "correct": false}}
{"type": "result", "data": {"idx": 26, "options": ["46.4", "456", "4.56", "45.6"], "probs": [[0.25828206784819274, 0.15774637341294115, 0.1844395402780901, 0.3995320183607731], [0.15263821025721824, 0.17148193928345465, 0.4244871685944105, 0.2513926817649238], [0.2544615443039436, 0.32398020478481626, 0.2124716326045738, 0.209086618206682], [0.3268717528568612, 0.2645825401415804, 0.15433866283243883, 0.25420704406912875]], "ideal": "D", "sampled": "D", "correct": true}}
{"type": "result", "data": {"idx": 27, "options": ["508", "508 r2", "578", "578 r2"], "probs": [[0.39064709766693534, 0.12588426578310613, 0.14941121251229872, 0.33405742393767995], [0.041932610773305165, 0.2585418987322556, 0.10289554757690993, 0.5966299428175375], [0.3303608877757202, 0.10561811040684213, 0.23624921040686822, 0.327771791310556], [0.04328650839345925, 0.3852117851807706, 0.1281089700472463, 0.4433927362785121]], "ideal": "D", "sampled": "A", "correct": false}}
{"type": "result", "data": {"idx": 28, "options": ["100 \u2014 5d", "5d+ 100", "100 / 5d", "5d"], "probs": [[0.4003575011851921, 0.10444941674921869, 0.33969149362326756, 0.15550158834231706], [0.11416355746750745, 0.4996176959015802, 0.17955858690046653, 0.2066601596304614], [0.5262689341530279, 0.17772887043033486, 0.18479508152857213, 0.11120711378806572], [0.12473687747482524, 0.563177771353816, 0.10176398761835855, 0.21032136345301242]], "ideal": "A", "sampled": "C", "correct": false}}
{"type": "result", "data": {"idx": 29, "options": ["4t", "t over 4", "t \u2212 4", "t + 4"], "probs": [[0.18121315737977076, 0.3330542624090334, 0.1055922564396986, 0.38014032367151074], [0.016124707592761016, 0.01274102264973738, 0.020846415406864553, 0.9502878542506268], [0.030764186093663548, 0.03735110536909462, 0.7921305015455353, 0.13975420689171902], [0.18993016216012873, 0.5196079810181105, 0.13560011950265924, 0.15486173721908414]], "ideal": "A", "sampled": "A", "correct": true}}
{"type": "result", "data": {"idx": 30, "options": ["681,452", "462,017", "246,412", "125,655"], "probs": [[0.1923304336770199, 0.19996647843967194, 0.3122037956752569, 0.29549929210805154], [0.20804013627855567, 0.23022645817270054, 0.3350365189437218, 0.22669688650500783], [0.22026590334167928, 0.2676602831024162, 0.20864419613603827, 0.30342961731985196], [0.2017485030594943, 0.21135048854171487, 0.29114316670689105, 0.29575784159190316]], "ideal": "B", "sampled": "D", "correct": false}}
{"type": "result", "data": {"idx": 31, "options": ["15 remainder 7", "15 remainder 3", "16 remainder 5", "16 remainder 1"], "probs": [[0.13646716866809014, 0.20806320181051846, 0.1938991484495098, 0.46157048097188774], [0.13308974906311727, 0.20761771018390862, 0.31426326885340683, 0.3450292717995673], [0.17709775237893705, 0.24002072646667655, 0.18404250979460385, 0.39883901125976734], [0.1406253277783488, 0.20464449659528958, 0.20784112817632636, 0.44688904735004537]], "ideal": "B", "sampled": "D", "correct": false}}
{"type": "result", "data": {"idx": 32, "options": ["17 over 2", "34 over 4", "17 over 4", "19 over 2"], "probs": [[0.20669074125343753, 0.2082600572394176, 0.401287592492768, 0.183761608914374], [0.16498066738265055, 0.3129816459198212, 0.16750382453822643, 0.3545338620592934], [0.28317522759324126, 0.11093125902298646, 0.3183768011960512, 0.28751671208771823], [0.11750077247770667, 0.09591207638484747, 0.12119668152576357, 0.6653904695116806]], "ideal": "A", "sampled": "C", "correct": false}}
{"type": "result", "data": {"idx": 33, "options": ["200,000 + 7,000 + 200 + 4", "200,000 + 7,000 + 200 + 40", "200,000 + 70,000 + 200 + 40", "200,000 + 70,000 + 2,000 + 40"], "probs": [[0.3241294139901823, 0.2262351753104666, 0.2142962894757513, 0.23533912112360314], [0.43487174641646065, 0.16639096665453504, 0.2596931850944822, 0.13904410173453335], [0.2039080326386539, 0.3258060755108303, 0.16906564778906052, 0.3012202439614597], [0.15208627364654936, 0.14631602750773615, 0.214541859506318, 0.4870558392393937]], "ideal": "C", "sampled": "B", "correct": false}}
{"type": "result", "data": {"idx": 34, "options": ["220 parts", "770 parts", "4 parts", "110 parts"], "probs": [[0.17571960389183866, 0.18853306534420078, 0.12757507159896272, 0.5081722590650024], [0.13472825647719866, 0.09118235851009968, 0.25367542766011736, 0.5204139572526014], [0.08696354838439992, 0.12955025329999592, 0.5581447013009366, 0.22534149691468902], [0.42436704921260704, 0.2697993869779352, 0.19595621638886354, 0.10987734732057913]], "ideal": "D", "sampled": "A", "correct": false}}
{"type": "result", "data": {"idx": 35, "options": ["the mean would increase.", "the mean would decrease.", "the median would increase.", "the median would decrease."], "probs": [[0.11532942835345232, 0.1503113239084603, 0.33867284630759514, 0.3956864013305047], [0.07445734561042813, 0.12561580464282804, 0.22909721401984348, 0.5708296356268956], [0.13291630862916642, 0.1759960384306242, 0.2726299115006239, 0.4184577413395858], [0.07727538439639407, 0.13550054545694762, 0.28438943539052597, 0.502834634656138]], "ideal": "A", "sampled": "C", "correct": false}}
{"type": "result", "data": {"idx": 36, "options": ["\u20137", "5", "7", "27"], "probs": [[0.1822979416949598, 0.26707003438140803, 0.29576294546592813, 0.2548690783576776], [0.21367978453543598, 0.2721346066685483, 0.24013595140351124, 0.2740496572925007], [0.2437336298331457, 0.21834438223878455, 0.32791925561775387, 0.21000273221031754], [0.21400885999632815, 0.3666694162139487, 0.18438630476483733, 0.23493541892489223]], "ideal": "A", "sampled": "A", "correct": true}}
{"type": "result", "data": {"idx": 37, "options": ["3-p", "p+3", "3/p", "p-3"], "probs": [[0.5987371865497046, 0.09620288918775839, 0.03323783720155143, 0.2718220869610068], [0.049123905734004, 0.044325791175490604, 0.7096408213670174, 0.19690948162349664], [0.03775849898512031, 0.7446049066369592, 0.09696847932945946, 0.12066811494844044], [0.5326520601596602, 0.3230160737752493, 0.05032087286264044, 0.09401099310243607]], "ideal": "D", "sampled": "D", "correct": true}}
{"type": "result", "data": {"idx": 38, "options": ["30 \u00d7 10^1", "30 \u00d7 10^3", "(6 \u00d7 5) \u00d7 10^2", "(6 \u00d7 5) \u00d7 10^3"], "probs": [[0.09656718979277167, 0.21069423976299814, 0.35861171114741447, 0.33412685919680707], [0.14542544786517345, 0.35950071037708864, 0.3800632277955903, 0.11501061386214126], [0.10343670048634251, 0.1199489509824382, 0.4186876743125871, 0.3579266741186345], [0.10008732141077382, 0.24546687874362133, 0.414499026979088, 0.23994677276652976]], "ideal": "C", "sampled": "B", "correct": false}}
{"type": "result", "data": {"idx": 39, "options": ["0", "3", "9", "12"], "probs": [[0.20161206675626409, 0.16837835999551193, 0.37344059776975597, 0.2565689753784607], [0.24856320397895695, 0.19356036925378514, 0.226224381903574, 0.3316520447636862], [0.18495879613584243, 0.17090523519127376, 0.426474704692132, 0.2176612638807452], [0.12119634302245279, 0.33432844215155516, 0.25640193049506954, 0.28807328423092754]], "ideal": "C", "sampled": "A", "correct": false}}
{"type": "result", "data": {"idx": 40, "options": ["1850x", "2000 \u2212150x", "150x", "2000 +150x"], "probs": [[0.08568963415914246, 0.4963634200115271, 0.17030332605832252, 0.2476436196710117], [0.2859900584583208, 0.27923362552939757, 0.25856231707583777, 0.17621399883643488], [0.1598324644113159, 0.42398299848201726, 0.16098814519729213, 0.25519639180938963], [0.18887796883564748, 0.19021769968766244, 0.34190913669655915, 0.2789951946801267]], "ideal": "B", "sampled": "B", "correct": true}}
{"type": "result", "data": {"idx": 41, "options": ["w > 2.3", "w < 2.4", "w > 3.2", "w < 3.3"], "probs": [[0.20467401909743327, 0.15446882346719798, 0.25865556775556703, 0.3822015895798101], [0.18427103290889582, 0.1515430327719748, 0.21207853764212908, 0.4521073965769976], [0.2711977628744439, 0.15314538027127553, 0.24107670432527356, 0.3345801524290126], [0.20728097274054105, 0.11263982059104409, 0.22764491883907498, 0.4524342877293228]], "ideal": "D", "sampled": "C", "correct": false}}
{"type": "result", "data": {"idx": 42, "options": ["-6", "-5", "0", "5"], "probs": [[0.15255132038085215, 0.08365319620279388, 0.2515778398571885, 0.5122176434591796], [0.15334293650051953, 0.19239035420751044, 0.29784746341963053, 0.356419245772318], [0.05576683230097805, 0.09490988529322728, 0.5503066871009602, 0.2990165952048557], [0.09181661422143232, 0.3156381022767932, 0.10401815843158904, 0.4885271249701933]], "ideal": "A", "sampled": "A", "correct": true}}
{"type": "result", "data": {"idx": 43, "options": ["156", "110", "94", "48"], "probs": [[0.1738008753067443, 0.1833684602307982, 0.2095926636386456, 0.4332380007238235], [0.10782505431232876, 0.15925824045882223, 0.30001802027287966, 0.4328986848559923], [0.14022704323815807, 0.18719111756670248, 0.3872099523854305, 0.28537188670971014], [0.24390134572683522, 0.2850764264241591, 0.2135315198551984, 0.25749070789380396]], "ideal": "C", "sampled": "A", "correct": false}}
{"type": "result", "data": {"idx": 44, "options": ["15, 17", "15, 19", "17, 19", "17, 21"], "probs": [[0.1339774633034714, 0.14703645857190323, 0.3162410764964208, 0.4027450015282239], [0.21079207352179666, 0.19191571938880472, 0.23321969405663062, 0.3640725129327741], [0.2012529309484985, 0.21918995821848253, 0.19491436109491664, 0.3846427496380952], [0.11465128868090269, 0.13194387801237267, 0.15783554056245966, 0.5955692926442341]], "ideal": "D", "sampled": "C", "correct": false}}
{"type": "result", "data": {"idx": 45, "options": ["3 cans", "12 cans", "36 cans", "13 cans"], "probs": [[0.12010986344796575, 0.2724524146104965, 0.3725604609924713, 0.23487726084904895], [0.18945110367889867, 0.1725342769462871, 0.2146321646691235, 0.42338245460569734], [0.11446595728115833, 0.2171591056253044, 0.3160384465421934, 0.35233649045134846], [0.156886771809495, 0.2563192992164238, 0.31167380683739593, 0.27512012203667463]], "ideal": "B", "sampled": "B", "correct": true}}
{"type": "result", "data": {"idx": 46, "options": ["3.18, 3 and 1 over 8, 3.8,3", "3,3 and 1 over 8, 3.18, 3", "3.8, 3 and 1 over 8, 3.18, 3", "3.8, 3.18, 3 and 1 over 8, 3"], "probs": [[0.1571731924458359, 0.3403268516142673, 0.31729340013240526, 0.185206555707486], [0.26188162293011813, 0.25364533807145745, 0.2365080288281418, 0.2479650100702783], [0.12011194891486814, 0.20250454730892598, 0.20254459718054782, 0.4748389064956692], [0.11407159030760666, 0.20471127219564003, 0.2303113271239087, 0.4509058102728461]], "ideal": "D", "sampled": "B", "correct": false}}
{"type": "result", "data": {"idx": 47, "options": ["10", "11", "20", "2"], "probs": [[0.30439925613777474, 0.32384436754488294, 0.2011641029193718, 0.17059227329796223], [0.43619324267897575, 0.3069694674818059, 0.09511195053731951, 0.16172533920189996], [0.2643832464687471, 0.3016741822786923, 0.18172930097346393, 0.25221327017910333], [0.13307755644823838, 0.23337597338375327, 0.3019355859640953, 0.33161088410392486]], "ideal": "C", "sampled": "B", "correct": false}}
{"type": "result", "data": {"idx": 48, "options": ["800,000", "830,000", "836,000", "840,000"], "probs": [[0.11804057069367412, 0.17719168890642928, 0.3634790932293058, 0.3412886470705903], [0.292075338500596, 0.2874113884978435, 0.2421024018146616, 0.1784108710868885], [0.14775424520035615, 0.14773063699075864, 0.10645239790977935, 0.5980627197990857], [0.16278061150481304, 0.15299853435405977, 0.2622136482448363, 0.422007205796286]], "ideal": "D", "sampled": "B", "correct": false}}
{"type": "result", "data": {"idx": 49, "options": ["14", "\u22124", "45", "\u221245"], "probs": [[0.1705107127066202, 0.4246866025305202, 0.13071998296904971, 0.27408270169378446], [0.232660054728748, 0.13670242019884923, 0.38346816304664977, 0.2471693619257588], [0.1777237490274011, 0.3936224691319971, 0.15803642694193856, 0.27061735479866733], [0.27949900426179003, 0.16050095753981494, 0.11031577761470943, 0.44968426048366616]], "ideal": "D", "sampled": "D", "correct": true}}
{"type": "result", "data": {"idx": 50, "options": ["21 birds", "40 birds", "42 birds", "84 birds"], "probs": [[0.19511631043352717, 0.1890865636834937, 0.24854668556950993, 0.36725044021346687], [0.20616602209681084, 0.2905900897849937, 0.22815183144045278, 0.2750920565777328], [0.1953410515847552, 0.1834580418655179, 0.20142403503508516, 0.41977687141465786], [0.1661561101148154, 0.2115864224812223, 0.2894435918984116, 0.3328138754055462]], "ideal": "A", "sampled": "B", "correct": false}}
{"type": "result", "data": {"idx": 51, "options": ["78", "83", "131", "153"], "probs": [[0.2621856303292914, 0.19327305812490622, 0.2521104977075604, 0.29243081373825813], [0.2767573933747674, 0.19605772621707837, 0.37796856667687145, 0.14921631363128215], [0.37530943556051866, 0.30864206947632034, 0.1317433831557216, 0.1843051117074304], [0.44173414076965667, 0.16118672166297845, 0.17844120532846444, 0.2186379321389038]], "ideal": "B", "sampled": "D", "correct": false}}
{"type": "result", "data": {"idx": 52, "options": ["Leslie spent 20 dollars and 8 cents at a store. How is the amount of money Leslie spent written as a fraction?", "Mr. Kramer\u2019s 8 grandchildren shared 20 crackers equally. How many crackers did each grandchild get?", "Mitch bought 20 containers of flowers at a plant store. Each container had 8 flowers in it. How many flowers did Mitch buy?", "Stamps are sold in booklets of 20 stamps. Donna used 8 stamps to send invitations for a party. How many booklets of stamps did Donna use to send her invitations?"], "probs": [[0.08575402380858481, 0.27038301153544064, 0.3444472255738195, 0.29941573898214513], [0.06601961982327281, 0.28441038739481067, 0.1880011718339786, 0.4615688208479154], [0.10902905300858041, 0.22727584844780035, 0.3896906055934828, 0.27400449285013384], [0.07077394971475666, 0.3482815174000435, 0.19846783053133146, 0.3824767022538663]], "ideal": "B", "sampled": "A", "correct": false}}
{"type": "result", "data": {"idx": 53, "options": ["120 miles", "80 miles", "26 miles", "12 miles"], "probs": [[0.402109322731568, 0.1702848033795554, 0.20381815266757913, 0.22378772112129813], [0.42950173306860134, 0.19215735730692735, 0.18474284885500994, 0.19359806066946553], [0.3161589512608484, 0.19179707755260753, 0.17595940977445712, 0.3160845613120824], [0.22420926039627695, 0.20094090986627827, 0.1815540748817427, 0.3932957547557005]], "ideal": "A", "sampled": "C", "correct": false}}
{"type": "result", "data": {"idx": 54, "options": ["add 6 to both sides", "divide both sides by 6", "multiply both sides by 6", "subtract 6 from both sides"], "probs": [[0.17201854930806032, 0.3753732408750288, 0.15533259718804684, 0.2972756125288569], [0.24747634405358454, 0.18527360762575143, 0.3744656705653194, 0.1927843776553496], [0.08582547817762227, 0.08120309497785674, 0.06835503659224713, 0.7646163901522883], [0.07254688437024599, 0.07247749756600169, 0.5351801826936742, 0.319795435270068]], "ideal": "B", "sampled": "B", "correct": true}}
{"type": "result", "data": {"idx": 55, "options": ["7", "10", "21", "39"], "probs": [[0.15636377161557655, 0.20533332313882535, 0.3809669151596179, 0.25733598998596596], [0.17880829752483307, 0.3110848956201822, 0.33953873608948215, 0.17056807066550253], [0.2618920903531228, 0.28766392931589485, 0.18022928646609018, 0.2702146937648821], [0.15375185654271617, 0.2454685678211799, 0.267819262404113, 0.3329603131319977]], "ideal": "A", "sampled": "C", "correct": false}}
{"type": "result", "data": {"idx": 56, "options": ["84 \u2212 11 = t; 73\u00b0F", "t \u2212 84 = 11; 95\u00b0F", "84 \u2212 t = 11; 73\u00b0F", "t \u2212 11 = 84; 95\u00b0F"], "probs": [[0.17851540243463315, 0.1368379817149291, 0.43494211640503194, 0.2497044993454022], [0.19599264201771288, 0.18987920191332747, 0.30357245437747826, 0.3105557015915023], [0.1784742499179317, 0.11610609353942772, 0.5325503029440749, 0.17286935349853322], [0.19296348270484318, 0.2457833778222462, 0.17163062431137913, 0.38962251506152984]], "ideal": "D", "sampled": "A", "correct": false}}
{"type": "result", "data": {"idx": 57, "options": ["72 \u00f7 9 = 8", "72 \u2013 9 = 63", "9 + 72 = 81", "9 \u00f7 72 = 0.125"], "probs": [[0.6759406344568338, 0.08204314063356793, 0.13415770544733466, 0.10785851936225198], [0.15928397752843826, 0.21753906439680587, 0.08858964680559483, 0.5345873111691591], [0.13683923152127833, 0.06261833657570166, 0.5984089458936735, 0.20213348590934094], [0.061626300158635766, 0.5743846711767748, 0.16213446007593266, 0.20185456848863195]], "ideal": "A", "sampled": "A", "correct": true}}
{"type": "result", "data": {"idx": 58, "options": ["2 boxes", "4 boxes", "5 boxes", "6 boxes"], "probs": [[0.10012850619476273, 0.22906195236542598, 0.31052153489092654, 0.3602880064488858], [0.19576454900107734, 0.23249868620392686, 0.2825121815785459, 0.2892245831164433], [0.08833915604034685, 0.15989381997254784, 0.14891884910709613, 0.6028481747799932], [0.08611120945127756, 0.17120507530433376, 0.38877259887108406, 0.35391111627330346]], "ideal": "D", "sampled": "B", "correct": false}}
{"type": "result", "data": {"idx": 59, "options": ["14", "20", "40", "60"], "probs": [[0.2309117353252775, 0.27836119401126863, 0.325716725473703, 0.1650103450897612], [0.677784606104199, 0.15976296941692333, 0.09104431997739476, 0.07140810440149717], [0.31295112376430134, 0.17687867029857707, 0.15012794404528074, 0.3600422617918527], [0.11342896941839205, 0.3923307041836964, 0.14782439086187368, 0.34641593543602617]], "ideal": "B", "sampled": "B", "correct": true}}
{"type": "result", "data": {"idx": 60, "options": ["6 over 14", "8 over 49", "14 over 28", "6 over 7"], "probs": [[0.2871190111132505, 0.12340746524979154, 0.1453280481943473, 0.4441454753426133], [0.1935371094702219, 0.3163093262402613, 0.2623030962985143, 0.22785046789097846], [0.4100905247740445, 0.2666522030140348, 0.1805551648076782, 0.14270210730424548], [0.3349080576158229, 0.3296279874379011, 0.12606113914763842, 0.20940281569865463]], "ideal": "D", "sampled": "D", "correct": true}}
{"type": "result", "data": {"idx": 61, "options": ["5", "10", "15", "20"], "probs": [[0.0375425002090007, 0.5860873200447909, 0.17058416738878832, 0.20578601225743612], [0.9305144926406939, 0.0229912327184805, 0.024068201630589484, 0.022426072910227593], [0.030085503454781455, 0.03979124660351679, 0.052698229485921295, 0.8774250203557993], [0.07822212008105249, 0.04667455630426794, 0.7185332177734653, 0.1565701057412296]], "ideal": "B", "sampled": "B", "correct": true}}
{"type": "result", "data": {"idx": 62, "options": ["125 push-ups", "279 push-ups", "1,395 push-ups", "1,406 push-ups"], "probs": [[0.32474604397702034, 0.16847678864407428, 0.1821679972347634, 0.3246091700441261], [0.2780356000302751, 0.23216093003479818, 0.3075655427903785, 0.18223792704454855], [0.3110889519810067, 0.19467380461119435, 0.13068225305226597, 0.3635549902555237], [0.2809025753702857, 0.12076540833642574, 0.2517437307326449, 0.3465882854606575]], "ideal": "C", "sampled": "D", "correct": false}}
{"type": "result", "data": {"idx": 63, "options": ["6 and 10", "5 and 12", "10 and 12", "12 and 15"], "probs": [[0.2532407954669357, 0.2735925715123888, 0.2937307106566665, 0.17943592226400254], [0.25208679062810374, 0.1844182164813184, 0.1516456842957547, 0.4118493084948159], [0.1392259181663964, 0.10180160075577717, 0.4457865218989626, 0.31318595907886826], [0.1541903426207809, 0.22396827445657383, 0.31109568338885485, 0.3107456994337946]], "ideal": "C", "sampled": "A", "correct": false}}
{"type": "result", "data": {"idx": 64, "options": ["\u22124", "\u22122", "10", "2"], "probs": [[0.20949925982745363, 0.4001553495430378, 0.08861005751769062, 0.3017353330118205], [0.0621882968334097, 0.08684467240619456, 0.10721349054973982, 0.7437535401106653], [0.06457845239964317, 0.15575103371176027, 0.28879750004622495, 0.49087301374236547], [0.1068413510132793, 0.4703708656766437, 0.29009638009590205, 0.13269140311418046]], "ideal": "D", "sampled": "A", "correct": false}}
{"type": "result", "data": {"idx": 65, "options": ["232", "236", "345", "460"], "probs": [[0.30346195865726083, 0.28940514028183584, 0.1456068628857016, 0.2615260380752312], [0.20907452522690073, 0.22242527686687583, 0.3064393704310244, 0.26206082737521125], [0.20464540227263778, 0.31427996642687434, 0.2797118921656759, 0.2013627390348375], [0.501549674509858, 0.19944763270707053, 0.1554010263950754, 0.1436016662880221]], "ideal": "C", "sampled": "D", "correct": false}}
{"type": "result", "data": {"idx": 66, "options": ["50 and 400", "450 and 700", "750 and 1,000", "1,050 and 1,300"], "probs": [[0.09458928453641804, 0.2610451775237473, 0.24325652397771694, 0.4011090138621405], [0.27370716677494583, 0.19554571455087447, 0.3485549151891613, 0.18219220338502784], [0.19919629038981643, 0.22566093971757298, 0.12653973707410596, 0.4486030327185075], [0.18560915720529153, 0.08700979076527043, 0.305913110575569, 0.4214679413538727]], "ideal": "D", "sampled": "B", "correct": false}}
{"type": "result", "data": {"idx": 67, "options": ["7", "12", "48", "56"], "probs": [[0.10169354562798791, 0.32542096692393324, 0.23446097324505863, 0.3384245141030407], [0.1862600129064323, 0.31919356423447903, 0.37050903784728867, 0.12403738491181544], [0.3025000440845235, 0.31930658241763127, 0.13524208042989144, 0.2429512929679371], [0.18199771116125804, 0.1764320625434516, 0.2907641322456774, 0.3508060939496129]], "ideal": "A", "sampled": "D", "correct": false}}
{"type": "result", "data": {"idx": 68, "options": ["18 and 28", "180 and 280", "1,800 and 2,800", "18,000 and 28,000"], "probs": [[0.11048835366727407, 0.20469181373280185, 0.21281160951036363, 0.47200822298955486], [0.13863254126955155, 0.1363769790877741, 0.13750225638302813, 0.5874882231596302], [0.07747862311794654, 0.11269676426449667, 0.268204018296284, 0.5416205942212772], [0.0707881100659085, 0.15087762207579708, 0.16705500977650414, 0.6112792579818007]], "ideal": "C", "sampled": "A", "correct": false}}
{"type": "result", "data": {"idx": 69, "options": ["7 \u2022 11^2 \u2022 13", "7^2 \u2022 11", "7 \u2022 11 \u2022 13", "7 \u2022 11"], "probs": [[0.19952706184892927, 0.1229415044687944, 0.4567340758404216, 0.2207973577418625], [0.16523079378828864, 0.3310599838268855, 0.22059532080534971, 0.2831139014794819], [0.20418024674598811, 0.16930273587148817, 0.3784366692117237, 0.24808034807079873], [0.07329062913643661, 0.2006728872630218, 0.14565647644504787, 0.5803800070554727]], "ideal": "D", "sampled": "C", "correct": false}}
{"type": "result", "data": {"idx": 70, "options": ["$20.93 ", "$28.93 ", "$32.93 ", "$48.93 "], "probs": [[0.23470423881415586, 0.3604643926836428, 0.2103900432296818, 0.19444132517252138], [0.3897179924251877, 0.33341876556500066, 0.16776353746072933, 0.10909970444908354], [0.35769432408281143, 0.3749451947068283, 0.11347030334811109, 0.15389017776225136], [0.39092708678994603, 0.13838582828319249, 0.2298894944076224, 0.240797590419235]], "ideal": "C", "sampled": "C", "correct": true}}
{"type": "result", "data": {"idx": 71, "options": ["160", "240", "320", "640"], "probs": [[0.16985375109764347, 0.1969136096622038, 0.37645998537084396, 0.25677265376930675], [0.2566673451784226, 0.32424967186216563, 0.28177021033590866, 0.13731277252352678], [0.23793117666428473, 0.29367940854316954, 0.18378437391413432, 0.284605040778428], [0.14884019065203, 0.19557953025724104, 0.2757397118258621, 0.37984056716484743]], "ideal": "A", "sampled": "C", "correct": false}}
{"type": "result", "data": {"idx": 72, "options": ["0.021 repeating", "0.21 Repeating", "0.22 Repeating", "0.2121"], "probs": [[0.15780222885363937, 0.14139088668152525, 0.11012967192781561, 0.5906772124370384], [0.09487932632557565, 0.1256405610252082, 0.3550111220162021, 0.4244689905330156], [0.08041383553323114, 0.32525492791079147, 0.1635205655797095, 0.4308106708762695], [0.38729409931815495, 0.21899737970083816, 0.1589289124748566, 0.23477960840613898]], "ideal": "B", "sampled": "D", "correct": false}}
{"type": "result", "data": {"idx": 73, "options": ["(40 \u00d7 10) + (6 \u00d7 2) = 400 + 12", "(40 \u00d7 6) + (10 \u00d7 2) = 240 + 20", "(40 \u00d7 12) + (6 \u00d7 12) = 480 + 72", "(40 \u00d7 12) + (60 \u00d7 12) = 480 + 720"], "probs": [[0.10325454062012081, 0.17003862117704904, 0.4588839592498916, 0.2678228788529515], [0.06380746005793676, 0.4813531765699785, 0.27884439801067595, 0.17599496526142225], [0.22321230562730274, 0.25672538965275105, 0.18498201775816994, 0.33508028686175917], [0.17740720215605266, 0.10841315453822792, 0.2541128232850839, 0.4600668199206272]], "ideal": "C", "sampled": "C", "correct": true}}
{"type": "result", "data": {"idx": 74, "options": ["$649 ", "$6,049 ", "$6,409 ", "$6,490 "], "probs": [[0.188735922387375, 0.41520400981457095, 0.09707289039405274, 0.29898717730400753], [0.3227891259521885, 0.06931848182650223, 0.4998123299131649, 0.1080800622081577], [0.4685420230834605, 0.24905769606109754, 0.12916311393909385, 0.1532371668163403], [0.6838711414798712, 0.07684283465510562, 0.12854494666088712, 0.11074107710414098]], "ideal": "B", "sampled": "D", "correct": false}}
{"type": "result", "data": {"idx": 75, "options": ["SSSSS; AAA", "SSSSS; AAAA", "SSSSSSSS; AAAA", "SSSSSSSS; A"], "probs": [[0.2274641853869212, 0.24582093584359938, 0.21363559864927295, 0.3130792800202249], [0.18397998450069636, 0.28466355742184396, 0.1854131364284881, 0.3459433215489537], [0.13047370745618278, 0.17001726185286212, 0.14216086573935324, 0.5573481648516273], [0.1361420686575178, 0.23881491794967497, 0.17207440623155953, 0.4529686070612277]], "ideal": "D", "sampled": "B", "correct": false}}
{"type": "result", "data": {"idx": 76, "options": ["$2.82 ", "$2.97 ", "$6.47 ", "$12.77 "], "probs": [[0.5213762030000885, 0.16930548917264632, 0.13188080065139243, 0.17743750707586353], [0.5204653211412607, 0.21372247416453655, 0.11440592302117734, 0.1514062815730327], [0.5225492923606988, 0.1510083332765038, 0.16325802634147174, 0.16318434792131611], [0.3189850987504492, 0.1415354603252036, 0.13934983396000172, 0.40012960686434346]], "ideal": "A", "sampled": "C", "correct": false}}
{"type": "result", "data": {"idx": 77, "options": ["4 over 6", "10 over 12", "15 over 17", "5 over 6"], "probs": [[0.08046716129607355, 0.24566429263982065, 0.23259261694171274, 0.44127592902239016], [0.14311846325002278, 0.250908601016613, 0.17253679883160042, 0.4334361368017586], [0.10869595793723962, 0.23549602858638582, 0.21947267299522616, 0.4363353403811561], [0.1266184707348286, 0.30833992519587883, 0.2638755183253021, 0.3011660856439962]], "ideal": "D", "sampled": "B", "correct": false}}
{"type": "result", "data": {"idx": 78, "options": ["3 over 2", "2 over 3", "2 over 12", "1 over 6"], "probs": [[0.11779135866665237, 0.6166289446772426, 0.10970727099491366, 0.15587242556119102], [0.5754426461140476, 0.1099310127634455, 0.144516910559692, 0.17010943046279647], [0.09967737566093458, 0.24272927019434515, 0.19360511466820052, 0.4639882393765209], [0.12519649935453533, 0.1557300097348974, 0.5029239486751182, 0.2161495421354577]], "ideal": "D", "sampled": "B", "correct": false}}
