{"type": "result", "data": {"idx": 0, "options": ["Wrong, Wrong", "Wrong, Not wrong", "Not wrong, Wrong", "Not wrong, Not wrong"], "probs": [[0.21880926729400899, 0.20230872198270392, 0.1703317324281562, 0.4085502781951218], [0.2391352496522635, 0.24462064176736975, 0.20445506913941125, 0.31178903934095814], [0.21261273028158617, 0.16814089250944111, 0.32655463579879673, 0.29269174131018916], [0.18538106853628214, 0.2845929138743141, 0.3030860132878928, 0.22694000420152427]], "ideal": "D", "sampled": "A", "correct": false}}
{"type": "result", "data": {"idx": 1, "options": ["Wrong, Wrong", "Wrong, Not wrong", "Not wrong, Wrong", "Not wrong, Not wrong"], "probs": [[0.1716729429199867, 0.2005651623043969, 0.16504680323344326, 0.46271509144218737], [0.18826962674527434, 0.2434416902717873, 0.19116238854565057, 0.3771262943372785], [0.1686130554694055, 0.16208736308994745, 0.31245776276700843, 0.3568418185736213], [0.1506596851396971, 0.274652500137658, 0.30416122301066745, 0.270526591611964]], "ideal": "A", "sampled": "A", "correct": true}}
{"type": "result", "data": {"idx": 2, "options": ["Wrong, Wrong", "Wrong, Not wrong", "Not wrong, Wrong", "Not wrong, Not wrong"], "probs": [[0.17667437038548348, 0.21300012683758468, 0.1766459940552564, 0.4336795086216595], [0.1963622657470469, 0.25797950642882905, 0.209042649926446, 0.33661557779768486], [0.1726886017343252, 0.17126939426836765, 0.31278025886916694, 0.34326174502813034], [0.15438554827764067, 0.26443852189998535, 0.3346184529495167, 0.24655747677285386]], "ideal": "D", "sampled": "A", "correct": false}}
{"type": "result", "data": {"idx": 3, "options": ["Wrong, Wrong", "Wrong, Not wrong", "Not wrong, Wrong", "Not wrong, Not wrong"], "probs": [[0.16621973556358918, 0.17544290527137385, 0.1586103821066392, 0.4997269769583854], [0.15694668237474393, 0.21275137251053883, 0.16570070054331423, 0.4646012444713975], [0.14204189726008423, 0.12152860725370991, 0.3381026017017613, 0.3983268936844457], [0.14035462435312615, 0.28340342511804173, 0.2769323480631456, 0.2993096023657025]], "ideal": "B", "sampled": "A", "correct": false}}
{"type": "result", "data": {"idx": 4, "options": ["Wrong, Wrong", "Wrong, Not wrong", "Not wrong, Wrong", "Not wrong, Not wrong"], "probs": [[0.19131631638669314, 0.19880727460812544, 0.16876832706524494, 0.4411080818399194], [0.2179995979875107, 0.2411243150002051, 0.2112127267274956, 0.32966336018478437], [0.1962643851992843, 0.16649133940560928, 0.331041839596351, 0.30620243569874966], [0.17255152422391534, 0.2670453935634525, 0.317316708033609, 0.24308637407902967]], "ideal": "D", "sampled": "A", "correct": false}}
{"type": "result", "data": {"idx": 5, "options": ["Wrong, Wrong", "Wrong, Not wrong", "Not wrong, Wrong", "Not wrong, Not wrong"], "probs": [[0.22169265274407235, 0.20810243649940416, 0.15961953020037342, 0.4105853804561422], [0.21612223373296446, 0.24274671629430938, 0.2013554134434396, 0.3397756364292792], [0.18544669379568052, 0.15489246070848434, 0.36588981991555697, 0.2937710254802854], [0.18338922349119907, 0.29519261846258643, 0.30712549685473123, 0.214292661091503]], "ideal": "C", "sampled": "A", "correct": false}}
{"type": "result", "data": {"idx": 6, "options": ["Wrong, Wrong", "Wrong, Not wrong", "Not wrong, Wrong", "Not wrong, Not wrong"], "probs": [[0.20936693436212053, 0.21940790844027253, 0.18327346768582395, 0.3879516894117785], [0.21309105022944988, 0.2490338776243149, 0.23759229932478057, 0.30028277272144327], [0.1921871300441953, 0.1736517051868826, 0.3590784359976814, 0.2750827286712365], [0.16939794935107577, 0.283457259236526, 0.32639996715571695, 0.2207448241566653]], "ideal": "D", "sampled": "A", "correct": false}}
{"type": "result", "data": {"idx": 7, "options": ["Wrong, Wrong", "Wrong, Not wrong", "Not wrong, Wrong", "Not wrong, Not wrong"], "probs": [[0.1712921021342298, 0.19392022045665433, 0.15475258428419, 0.48003509302493197], [0.17978305680629797, 0.2360120617518776, 0.18253078437620102, 0.4016740969656338], [0.1676160829329421, 0.15860258891979154, 0.310695644098523, 0.3630856839487398], [0.14993481528867542, 0.28649937673507964, 0.302672524834809, 0.26089328304143433]], "ideal": "D", "sampled": "A", "correct": false}}
{"type": "result", "data": {"idx": 8, "options": ["Wrong, Wrong", "Wrong, Not wrong", "Not wrong, Wrong", "Not wrong, Not wrong"], "probs": [[0.14555074471057816, 0.1274131034687468, 0.1335327276988907, 0.5935034240217938], [0.12800379050889024, 0.14729882405555736, 0.124037525580054, 0.600659859755482], [0.14135315505802015, 0.09418759266357592, 0.32596813249762324, 0.43849111968077775], [0.1294241026833483, 0.28015948883692227, 0.2802362716467219, 0.31018013673299183]], "ideal": "A", "sampled": "A", "correct": true}}
{"type": "result", "data": {"idx": 9, "options": ["Wrong, Wrong", "Wrong, Not wrong", "Not wrong, Wrong", "Not wrong, Not wrong"], "probs": [[0.19688379831086855, 0.1968068026757898, 0.15945390784626526, 0.446855491067094], [0.20761376514327795, 0.23516378662206766, 0.20428329124786015, 0.35293915688679406], [0.18034494874890575, 0.15549397022354797, 0.3166321838380175, 0.34752889708953016], [0.16523810146552456, 0.28984905356098556, 0.2768082755022662, 0.2681045693712292]], "ideal": "C", "sampled": "A", "correct": false}}
{"type": "result", "data": {"idx": 10, "options": ["Wrong, Wrong", "Wrong, Not wrong", "Not wrong, Wrong", "Not wrong, Not wrong"], "probs": [[0.1770951787503143, 0.20378248120453496, 0.15261282573866392, 0.46650951420649517], [0.22268666436033427, 0.24825697095874488, 0.22961705692532414, 0.2994393076555961], [0.2013196598212318, 0.16297837190725992, 0.31912715123490354, 0.3165748169365929], [0.180928774686499, 0.3050404107658932, 0.2890515891603837, 0.22497922528721218]], "ideal": "D", "sampled": "A", "correct": false}}
{"type": "result", "data": {"idx": 11, "options": ["Wrong, Wrong", "Wrong, Not wrong", "Not wrong, Wrong", "Not wrong, Not wrong"], "probs": [[0.17089518613137822, 0.20438569931468814, 0.1604452687352833, 0.4642738457186614], [0.17563577940563774, 0.23797790452809925, 0.17836063351789685, 0.4080256824483586], [0.15924500482504167, 0.15181678665641574, 0.31911608086717136, 0.3698221275513738], [0.14060641233670298, 0.30676093566197044, 0.2839664047683804, 0.26866624713293447]], "ideal": "B", "sampled": "A", "correct": false}}
{"type": "result", "data": {"idx": 12, "options": ["Wrong, Wrong", "Wrong, Not wrong", "Not wrong, Wrong", "Not wrong, Not wrong"], "probs": [[0.17828302705007582, 0.19726948916334103, 0.16222933228214836, 0.4622181514044436], [0.18248998609271141, 0.23422606855783273, 0.17545153685993484, 0.40783240838952983], [0.16395576788190147, 0.15045428554800502, 0.34151411350457206, 0.3440758329655155], [0.15556266650867734, 0.2881125003705814, 0.3117243076071331, 0.24460052541359698]], "ideal": "C", "sampled": "A", "correct": false}}
{"type": "result", "data": {"idx": 13, "options": ["Wrong, Wrong", "Wrong, Not wrong", "Not wrong, Wrong", "Not wrong, Not wrong"], "probs": [[0.19341841168053803, 0.16924608745750883, 0.15534582675897185, 0.4819896740029763], [0.19273413150909632, 0.2082979571883053, 0.1713897219640762, 0.42757818923852], [0.1571399384829717, 0.12627175150661007, 0.3709846718362922, 0.34560363807413563], [0.15668928217235814, 0.29033809812179373, 0.29269849681964366, 0.2602741227862223]], "ideal": "A", "sampled": "A", "correct": true}}
{"type": "result", "data": {"idx": 14, "options": ["Wrong, Wrong", "Wrong, Not wrong", "Not wrong, Wrong", "Not wrong, Not wrong"], "probs": [[0.1827396994217064, 0.21357253064230086, 0.16899091575242653, 0.43469685408355824], [0.20039658030917326, 0.23416098889035855, 0.19420394699446974, 0.37123848370598767], [0.16557282535095919, 0.16294817846732224, 0.3422889552761968, 0.3291900408055166], [0.14615832290975225, 0.29030868311030505, 0.3190505402130607, 0.24448245366688195]], "ideal": "D", "sampled": "A", "correct": false}}
{"type": "result", "data": {"idx": 15, "options": ["Wrong, Wrong", "Wrong, Not wrong", "Not wrong, Wrong", "Not wrong, Not wrong"], "probs": [[0.11575882559505137, 0.1331266551940189, 0.14063483183105743, 0.6104796872798641], [0.11547507177687882, 0.17597258235852012, 0.1493239754356457, 0.5592283703289711], [0.10183085949372712, 0.09126327444954548, 0.2944740862814749, 0.5124317796752397], [0.09781637855771898, 0.22710073001289616, 0.31799681545073283, 0.35708607587864577]], "ideal": "A", "sampled": "A", "correct": true}}
{"type": "result", "data": {"idx": 16, "options": ["Wrong, Wrong", "Wrong, Not wrong", "Not wrong, Wrong", "Not wrong, Not wrong"], "probs": [[0.1792839407346248, 0.20617418382040123, 0.15698700551658323, 0.4575548698284077], [0.19023084520558733, 0.24596488113893883, 0.18282859778388302, 0.3809756757715996], [0.17130199018052283, 0.15826580578858235, 0.3300515005597686, 0.34038070337113585], [0.1532813089984466, 0.30914253337922565, 0.27509241912242294, 0.262483738399896]], "ideal": "D", "sampled": "A", "correct": false}}
{"type": "result", "data": {"idx": 17, "options": ["Wrong, Wrong", "Wrong, Not wrong", "Not wrong, Wrong", "Not wrong, Not wrong"], "probs": [[0.2167766727675665, 0.2287934230701095, 0.17407813246296086, 0.38035177159936334], [0.22444459808762465, 0.26016319287017764, 0.2158242743256077, 0.29956793461657827], [0.18933793990059203, 0.17241536325922102, 0.34289346185242653, 0.2953532348877669], [0.16809679461001412, 0.3019410848803827, 0.3020640998045124, 0.22789802060509817]], "ideal": "C", "sampled": "A", "correct": false}}
{"type": "result", "data": {"idx": 18, "options": ["Wrong, Wrong", "Wrong, Not wrong", "Not wrong, Wrong", "Not wrong, Not wrong"], "probs": [[0.17152271445210132, 0.18255160470303872, 0.16500493855944062, 0.4809207421854247], [0.1730594726286529, 0.2118440320432993, 0.1770284323922022, 0.43806806283584543], [0.14554177860133727, 0.12346630555599078, 0.310333499388462, 0.4206584163542172], [0.13373755616367672, 0.24956664012317986, 0.3060084380596757, 0.3106873655534736]], "ideal": "C", "sampled": "A", "correct": false}}
{"type": "result", "data": {"idx": 19, "options": ["Wrong, Wrong", "Wrong, Not wrong", "Not wrong, Wrong", "Not wrong, Not wrong"], "probs": [[0.1972919635546172, 0.18094056536246808, 0.1523759209846334, 0.46939154999828897], [0.2091052094066315, 0.21902383013015217, 0.18445754538577383, 0.3874134149774456], [0.18895247021614156, 0.14267154981422525, 0.33697249844458615, 0.3314034814250464], [0.17749818698099457, 0.2857013441908789, 0.2748338260702968, 0.26196664265783914]], "ideal": "A", "sampled": "A", "correct": true}}
{"type": "result", "data": {"idx": 20, "options": ["Wrong, Wrong", "Wrong, Not wrong", "Not wrong, Wrong", "Not wrong, Not wrong"], "probs": [[0.17309470257477427, 0.19010299573118233, 0.16643914876289004, 0.47036315283115904], [0.1582472637626753, 0.21779457695850812, 0.18054281692814952, 0.44341534225066886], [0.1335821567969322, 0.14097104099599786, 0.3176929323419377, 0.4077538697651283], [0.13386602048639232, 0.2896145551281455, 0.30864052720164886, 0.2678788970838199]], "ideal": "D", "sampled": "A", "correct": false}}
{"type": "result", "data": {"idx": 21, "options": ["Wrong, Wrong", "Wrong, Not wrong", "Not wrong, Wrong", "Not wrong, Not wrong"], "probs": [[0.18521250478239001, 0.1699614043592416, 0.16095869916190328, 0.4838673915964702], [0.17180319096873706, 0.19911083623411088, 0.15876803519592378, 0.470317937501233], [0.15020082158424472, 0.12354748897846149, 0.3490452031854855, 0.3772064861517956], [0.14474793520974125, 0.2945686382676028, 0.2947307684676743, 0.2659526579549782]], "ideal": "A", "sampled": "A", "correct": true}}
{"type": "result", "data": {"idx": 22, "options": ["Wrong, Wrong", "Wrong, Not wrong", "Not wrong, Wrong", "Not wrong, Not wrong"], "probs": [[0.19459303274456483, 0.20218482440663813, 0.1785433486476654, 0.4246787941011402], [0.20319988211714207, 0.24110589579675407, 0.1907961848010186, 0.3648980371850951], [0.1784151434788491, 0.15610371421690553, 0.3575374056112316, 0.30794373659301816], [0.15985523424851383, 0.2780849555547838, 0.3127849619165817, 0.24927484818012863]], "ideal": "A", "sampled": "A", "correct": true}}
{"type": "result", "data": {"idx": 23, "options": ["Wrong, Wrong", "Wrong, Not wrong", "Not wrong, Wrong", "Not wrong, Not wrong"], "probs": [[0.19260943558882707, 0.19558173867285453, 0.15711177388519026, 0.45469705175313824], [0.2022279420065497, 0.22559892034114812, 0.18551694619395745, 0.38665619135833756], [0.1704792532008548, 0.15402690691773932, 0.3259421694718266, 0.3495516703095617], [0.1620717247584239, 0.2842281603671088, 0.288760314627758, 0.26493980014670276]], "ideal": "B", "sampled": "A", "correct": false}}
{"type": "result", "data": {"idx": 24, "options": ["Wrong, Wrong", "Wrong, Not wrong", "Not wrong, Wrong", "Not wrong, Not wrong"], "probs": [[0.17307584554248195, 0.15747469965271585, 0.14919428769535967, 0.520255167009438], [0.1709180504444615, 0.19810366830525591, 0.1846808559153048, 0.44629742523497534], [0.14657865227069297, 0.12433636417869576, 0.34324559861094933, 0.3858393848396803], [0.14093328588590065, 0.2957694357966429, 0.26751878176304056, 0.2957784964544076]], "ideal": "A", "sampled": "A", "correct": true}}
{"type": "result", "data": {"idx": 25, "options": ["Wrong, Wrong", "Wrong, Not wrong", "Not wrong, Wrong", "Not wrong, Not wrong"], "probs": [[0.19971495447431167, 0.16806217213675642, 0.13823872583562688, 0.4939841474533077], [0.17338835331904082, 0.19933950243958515, 0.15284216367566175, 0.47442998046570767], [0.15298879493979242, 0.1339585570357017, 0.32886032954857314, 0.3841923183759107], [0.15192441371635942, 0.3041921066455071, 0.2857146262404925, 0.2581688532976536]], "ideal": "A", "sampled": "A", "correct": true}}
{"type": "result", "data": {"idx": 26, "options": ["Wrong, Wrong", "Wrong, Not wrong", "Not wrong, Wrong", "Not wrong, Not wrong"], "probs": [[0.17307321429863334, 0.18702174975107744, 0.16249762504725285, 0.4774074108030494], [0.18392395159472222, 0.2234158592544776, 0.18811656929694873, 0.4045436197538508], [0.15617879507421914, 0.1399642516491453, 0.35483311836437226, 0.34902383481226373], [0.1415707328958195, 0.26837830559556436, 0.32384483084673804, 0.2662061305618697]], "ideal": "A", "sampled": "A", "correct": true}}
{"type": "result", "data": {"idx": 27, "options": ["Wrong, Wrong", "Wrong, Not wrong", "Not wrong, Wrong", "Not wrong, Not wrong"], "probs": [[0.18594536005573545, 0.19171229051891883, 0.1553220723696017, 0.46702027695574294], [0.1907840366507802, 0.23176509465340664, 0.1892432501583528, 0.3882076184374522], [0.16500165113018148, 0.1501379929297607, 0.3519386369163939, 0.332921718923658], [0.15500295139540873, 0.27397532636813543, 0.3255205973826055, 0.2455011247538574]], "ideal": "C", "sampled": "A", "correct": false}}
{"type": "result", "data": {"idx": 28, "options": ["Wrong, Wrong", "Wrong, Not wrong", "Not wrong, Wrong", "Not wrong, Not wrong"], "probs": [[0.1591335023148551, 0.17203574835192764, 0.14712265297640248, 0.5217080962568205], [0.15846522633818344, 0.21306967602040924, 0.15596152001381555, 0.4725035775275888], [0.14810674329179077, 0.1359692778766018, 0.32600653108654926, 0.3899174476450381], [0.1450838053413481, 0.30678706317464355, 0.27511216244201375, 0.273016968941996]], "ideal": "C", "sampled": "A", "correct": false}}
{"type": "result", "data": {"idx": 29, "options": ["Wrong, Wrong", "Wrong, Not wrong", "Not wrong, Wrong", "Not wrong, Not wrong"], "probs": [[0.17747805050955018, 0.1830149489399066, 0.17596865919183632, 0.4635383412587093], [0.18965359395134168, 0.22330693806383264, 0.2130731572663612, 0.37396631061846775], [0.15784238286264354, 0.14483395975981, 0.34739345256075443, 0.34993020471681163], [0.14568428288293186, 0.2739615647766034, 0.3083407374006579, 0.27201341483981745]], "ideal": "B", "sampled": "A", "correct": false}}
{"type": "result", "data": {"idx": 30, "options": ["Wrong, Wrong", "Wrong, Not wrong", "Not wrong, Wrong", "Not wrong, Not wrong"], "probs": [[0.18000815271948603, 0.20706570579896835, 0.16776235960476754, 0.44516378177679256], [0.1978119254133619, 0.23476539550739553, 0.20082184515489207, 0.3666008338243543], [0.17353231945225206, 0.17078678958243024, 0.29977304189025844, 0.35590784897504546], [0.14611872253504726, 0.27705011230640614, 0.30192118135512835, 0.2749099837034366]], "ideal": "D", "sampled": "A", "correct": false}}
{"type": "result", "data": {"idx": 31, "options": ["Wrong, Wrong", "Wrong, Not wrong", "Not wrong, Wrong", "Not wrong, Not wrong"], "probs": [[0.1673398555643373, 0.19253568511238733, 0.15238395178408626, 0.4877405074391929], [0.19658527536897488, 0.23508280797797232, 0.17756987511829722, 0.39076204143477516], [0.16691240078876293, 0.1427481332604817, 0.34527295318286266, 0.3450665126679072], [0.1544966261351441, 0.29275090252878644, 0.279755210824799, 0.2729972604112743]], "ideal": "B", "sampled": "A", "correct": false}}
{"type": "result", "data": {"idx": 32, "options": ["Wrong, Wrong", "Wrong, Not wrong", "Not wrong, Wrong", "Not wrong, Not wrong"], "probs": [[0.18764286236893776, 0.1818079738605921, 0.1555622996671795, 0.4749868640032976], [0.21070502181715586, 0.2294365451507141, 0.187394146573926, 0.3724642863582082], [0.1859232714530976, 0.14709977206059088, 0.3088850573937814, 0.3580918989925212], [0.15649843214377399, 0.27207374570033166, 0.301342964142229, 0.2700848579136653]], "ideal": "B", "sampled": "A", "correct": false}}
{"type": "result", "data": {"idx": 33, "options": ["Wrong, Wrong", "Wrong, Not wrong", "Not wrong, Wrong", "Not wrong, Not wrong"], "probs": [[0.21554241396366025, 0.21367034808085955, 0.16520951617138, 0.40557772168411277], [0.2276729295578382, 0.2420451391196882, 0.20712873419284045, 0.32315319702962086], [0.20372315425282672, 0.17277428235406977, 0.32285569787494234, 0.30064686541815194], [0.17722087599385233, 0.3155616837429651, 0.27637737692562125, 0.23084006323755588]], "ideal": "B", "sampled": "A", "correct": false}}
{"type": "result", "data": {"idx": 34, "options": ["Wrong, Wrong", "Wrong, Not wrong", "Not wrong, Wrong", "Not wrong, Not wrong"], "probs": [[0.1813548210442416, 0.19911777827138152, 0.1638308177426114, 0.45569658284174097], [0.21347823202484936, 0.24370149883408493, 0.17696373730839227, 0.36585653173265326], [0.17487212846023148, 0.14840676980402617, 0.34235313156360625, 0.3343679700721534], [0.15599375828890474, 0.27571588554516296, 0.30525333166277097, 0.2630370244031782]], "ideal": "A", "sampled": "A", "correct": true}}
{"type": "result", "data": {"idx": 35, "options": ["Wrong, Wrong", "Wrong, Not wrong", "Not wrong, Wrong", "Not wrong, Not wrong"], "probs": [[0.19055316462572838, 0.2026944773453914, 0.17085908517761758, 0.43589327275126394], [0.19677063238224715, 0.2371470263305365, 0.204572950449378, 0.36150939073783134], [0.1692435556941851, 0.16015224346292575, 0.32111653479797125, 0.3494876659449186], [0.162597853687683, 0.2965129364970552, 0.2832831347999584, 0.2576060749152965]], "ideal": "B", "sampled": "A", "correct": false}}
{"type": "result", "data": {"idx": 36, "options": ["Wrong, Wrong", "Wrong, Not wrong", "Not wrong, Wrong", "Not wrong, Not wrong"], "probs": [[0.18755997266326677, 0.19187800576870923, 0.1603500210638234, 0.46021200040418325], [0.19297055569176513, 0.21354417261114939, 0.19140981334506638, 0.4020754582520156], [0.16410444204708313, 0.13605753572092835, 0.3445058437068034, 0.3553321784251874], [0.14715605129524736, 0.2541725876356983, 0.34454692797364717, 0.2541244329954195]], "ideal": "D", "sampled": "A", "correct": false}}
{"type": "result", "data": {"idx": 37, "options": ["Wrong, Wrong", "Wrong, Not wrong", "Not wrong, Wrong", "Not wrong, Not wrong"], "probs": [[0.16785530105902935, 0.1856062583663128, 0.16510323868144924, 0.4814352017932087], [0.16780198365639923, 0.23287605903099803, 0.17443314424475287, 0.4248888129678387], [0.1424860941757096, 0.14022254063052064, 0.33352772456365876, 0.38376364053011064], [0.13937804375070265, 0.2994574424030373, 0.29494960089086003, 0.2662149128553934]], "ideal": "B", "sampled": "A", "correct": false}}
{"type": "result", "data": {"idx": 38, "options": ["Wrong, Wrong", "Wrong, Not wrong", "Not wrong, Wrong", "Not wrong, Not wrong"], "probs": [[0.19932370969598115, 0.18430054716058908, 0.16391360440052427, 0.45246213864289964], [0.20989146592777616, 0.22151994397996203, 0.17664629684551975, 0.39194229314674545], [0.1738818139196139, 0.1376001167424182, 0.34567985432544246, 0.34283821491250277], [0.16693129562584608, 0.2813940558805743, 0.2952110260824468, 0.2564636223111387]], "ideal": "A", "sampled": "A", "correct": true}}
{"type": "result", "data": {"idx": 39, "options": ["Wrong, Wrong", "Wrong, Not wrong", "Not wrong, Wrong", "Not wrong, Not wrong"], "probs": [[0.16957474585195192, 0.19049532076452963, 0.17220713291486886, 0.4677228003686493], [0.1848392323217506, 0.2409689576120212, 0.19820448590399056, 0.3759873240622253], [0.16267241094079687, 0.15159434094337781, 0.3443184304698137, 0.3414148175460228], [0.1505474891832213, 0.27673107722640694, 0.308717817126857, 0.2640036163635132]], "ideal": "C", "sampled": "A", "correct": false}}
{"type": "result", "data": {"idx": 40, "options": ["Wrong, Wrong", "Wrong, Not wrong", "Not wrong, Wrong", "Not wrong, Not wrong"], "probs": [[0.15735172741003875, 0.16475127748900337, 0.1661325030002399, 0.511764492000739], [0.14472396315597677, 0.18136538292357615, 0.16131895852260666, 0.5125916952978311], [0.13416588495426224, 0.11837344001154358, 0.353394285757953, 0.39406638917626857], [0.12873784902011584, 0.27465387248795825, 0.3087560866276481, 0.2878521917642855]], "ideal": "C", "sampled": "A", "correct": false}}
{"type": "result", "data": {"idx": 41, "options": ["Wrong, Wrong", "Wrong, Not wrong", "Not wrong, Wrong", "Not wrong, Not wrong"], "probs": [[0.19674970407085074, 0.17086677337168335, 0.14964806736538247, 0.48273545509209276], [0.19405787900849397, 0.22149526780676332, 0.16085328336721458, 0.42359356971752227], [0.16631332211745453, 0.1356816775363944, 0.32063256258812656, 0.37737243765801093], [0.15439946014131306, 0.28815754645039665, 0.29305476401579567, 0.26438822929248285]], "ideal": "B", "sampled": "A", "correct": false}}
{"type": "result", "data": {"idx": 42, "options": ["Wrong, Wrong", "Wrong, Not wrong", "Not wrong, Wrong", "Not wrong, Not wrong"], "probs": [[0.21379002701756256, 0.2239478094085001, 0.18134282042884636, 0.3809193430450914], [0.2376876300683772, 0.26311923619587263, 0.2147561294328298, 0.284437004202928], [0.2199621615370868, 0.18663658407031172, 0.31754347650851045, 0.27585777778409987], [0.18948278421106937, 0.2979055260825285, 0.29121839206895944, 0.22139329753744308]], "ideal": "D", "sampled": "A", "correct": false}}
{"type": "result", "data": {"idx": 43, "options": ["Wrong, Wrong", "Wrong, Not wrong", "Not wrong, Wrong", "Not wrong, Not wrong"], "probs": [[0.1806711969907814, 0.20952053744020266, 0.16972260513800436, 0.44008566033101], [0.18709582645667638, 0.243824750764584, 0.19141042876070463, 0.37766899391801423], [0.15605155768822343, 0.1547582508078314, 0.34599429014548794, 0.34319590125842914], [0.1488392307385763, 0.30736961756315934, 0.2889390174476118, 0.2548521341506583]], "ideal": "B", "sampled": "A", "correct": false}}
{"type": "result", "data": {"idx": 44, "options": ["Wrong, Wrong", "Wrong, Not wrong", "Not wrong, Wrong", "Not wrong, Not wrong"], "probs": [[0.17449196567722755, 0.2153371203787292, 0.16137225108418612, 0.44879866275986063], [0.2036596095545136, 0.25330635755676845, 0.21509743934861944, 0.32793659344008863], [0.19264019160303233, 0.17399310926552383, 0.33287794111409086, 0.3004887579173676], [0.161515661141878, 0.2899787852733983, 0.3136098793705454, 0.23489567411417733]], "ideal": "D", "sampled": "A", "correct": false}}
{"type": "result", "data": {"idx": 45, "options": ["Wrong, Wrong", "Wrong, Not wrong", "Not wrong, Wrong", "Not wrong, Not wrong"], "probs": [[0.2241633885616783, 0.15042327973965153, 0.14365857617205594, 0.48175475542661345], [0.22622790318006777, 0.19197320281912908, 0.14603217975604665, 0.4357667141447463], [0.20168803434619512, 0.1204060439092811, 0.340456906682914, 0.33744901496159385], [0.1742714019030643, 0.29848146850845986, 0.267896773588498, 0.2593503558999938]], "ideal": "A", "sampled": "A", "correct": true}}
{"type": "result", "data": {"idx": 46, "options": ["Wrong, Wrong", "Wrong, Not wrong", "Not wrong, Wrong", "Not wrong, Not wrong"], "probs": [[0.19884954775623354, 0.18665754795578168, 0.1700973004655148, 0.44439560372248765], [0.20406268793511453, 0.2275445675606591, 0.19619224615893383, 0.37220049824530455], [0.17404860073244233, 0.15234072363789627, 0.3250432380716764, 0.34856743745796914], [0.15623994754297008, 0.2740091943870797, 0.28496389643072667, 0.2847869615392076]], "ideal": "B", "sampled": "A", "correct": false}}
{"type": "result", "data": {"idx": 47, "options": ["Wrong, Wrong", "Wrong, Not wrong", "Not wrong, Wrong", "Not wrong, Not wrong"], "probs": [[0.181396873592324, 0.19142215793588951, 0.14576084894812202, 0.48142011942366425], [0.18501320786969802, 0.2392904986424023, 0.15570404790767234, 0.4199922454802131], [0.15722829481230344, 0.14199122081836177, 0.33542827701015093, 0.3653522072591934], [0.15106445422515102, 0.2910415040660877, 0.286585942971726, 0.27130809863703537]], "ideal": "C", "sampled": "A", "correct": false}}
{"type": "result", "data": {"idx": 48, "options": ["Wrong, Wrong", "Wrong, Not wrong", "Not wrong, Wrong", "Not wrong, Not wrong"], "probs": [[0.21366345842011492, 0.2006031186599553, 0.16765283173009837, 0.4180805910898368], [0.22105559024738766, 0.24073946482610065, 0.20118838476308365, 0.3370165600634351], [0.18983073397890976, 0.1688355880026748, 0.33578260007763255, 0.30555107784076696], [0.17076115005846912, 0.2663465072627723, 0.3316019045226086, 0.23129043805616642]], "ideal": "B", "sampled": "A", "correct": false}}
{"type": "result", "data": {"idx": 49, "options": ["Wrong, Wrong", "Wrong, Not wrong", "Not wrong, Wrong", "Not wrong, Not wrong"], "probs": [[0.17460516514037375, 0.1872069314892003, 0.16013567573543902, 0.4780522275349895], [0.18017650500139562, 0.22578503960939028, 0.1916184554009819, 0.4024199998882301], [0.1571972442259507, 0.14415088004295828, 0.32485923656447274, 0.3737926390666175], [0.15115823826671254, 0.27110744238762735, 0.29801942848331076, 0.2797148907623431]], "ideal": "A", "sampled": "A", "correct": true}}
{"type": "result", "data": {"idx": 50, "options": ["Wrong, Wrong", "Wrong, Not wrong", "Not wrong, Wrong", "Not wrong, Not wrong"], "probs": [[0.2002774487767664, 0.19553535383853524, 0.16721774125535896, 0.43696945602933046], [0.19789087297053948, 0.2348325434362539, 0.18301178109063096, 0.38426480240257654], [0.18136804420912467, 0.15147993540134644, 0.34409240406116054, 0.32305961622838203], [0.16703647802470173, 0.28823112850387506, 0.309474181126553, 0.23525821224486365]], "ideal": "B", "sampled": "A", "correct": false}}
{"type": "result", "data": {"idx": 51, "options": ["Wrong, Wrong", "Wrong, Not wrong", "Not wrong, Wrong", "Not wrong, Not wrong"], "probs": [[0.2102260210600382, 0.1914370233420588, 0.16371437098014943, 0.43462258451775765], [0.21373453715556617, 0.23283105359102385, 0.19297898835245275, 0.3604554208009502], [0.18025499331529377, 0.14828116027350705, 0.35549757840522667, 0.31596626790596505], [0.15782132562163367, 0.2681489027473999, 0.31619351767741805, 0.25783625385352665]], "ideal": "B", "sampled": "A", "correct": false}}
{"type": "result", "data": {"idx": 52, "options": ["Wrong, Wrong", "Wrong, Not wrong", "Not wrong, Wrong", "Not wrong, Not wrong"], "probs": [[0.17993996054386663, 0.17986532851791265, 0.15507938890795345, 0.4851153219302579], [0.18964285661298605, 0.21817851491752932, 0.1910600430019421, 0.4011185853675407], [0.16143190645018218, 0.13804276545809432, 0.3311555547805577, 0.3693697732111483], [0.15891599764821068, 0.27868023339951536, 0.2944844874649465, 0.2679192813873126]], "ideal": "B", "sampled": "A", "correct": false}}
{"type": "result", "data": {"idx": 53, "options": ["Wrong, Wrong", "Wrong, Not wrong", "Not wrong, Wrong", "Not wrong, Not wrong"], "probs": [[0.1601497674595582, 0.18560060542239556, 0.16523397411012575, 0.4890156529079125], [0.16190283186837937, 0.21950347844209003, 0.18200186914959132, 0.4365918204399411], [0.15259844117269775, 0.15008082957162738, 0.32293171839376106, 0.3743890107619362], [0.1381530932208591, 0.2876925574627946, 0.3040224961350771, 0.27013185308126525]], "ideal": "B", "sampled": "A", "correct": false}}
{"type": "result", "data": {"idx": 54, "options": ["Wrong, Wrong", "Wrong, Not wrong", "Not wrong, Wrong", "Not wrong, Not wrong"], "probs": [[0.2020351935070027, 0.2100088834764363, 0.17010109446992852, 0.41785482844663224], [0.23130630778669792, 0.24990797154442326, 0.21720950723040575, 0.3015762133384743], [0.20113005986366705, 0.1679475744361938, 0.3474451343157332, 0.28347723128440566], [0.18794809524779588, 0.30248169235413563, 0.2865025332032605, 0.22306767909482073]], "ideal": "D", "sampled": "A", "correct": false}}
{"type": "result", "data": {"idx": 55, "options": ["Wrong, Wrong", "Wrong, Not wrong", "Not wrong, Wrong", "Not wrong, Not wrong"], "probs": [[0.17441716850572356, 0.1975403984548619, 0.16506282404036907, 0.4629796088990405], [0.19278116296657266, 0.2323897661590115, 0.2149495079313622, 0.35987956284306355], [0.172411038676556, 0.15815557920372597, 0.3295389353069722, 0.3398944467127362], [0.14517155420796576, 0.27951637454571, 0.3168333072733627, 0.258478763872958]], "ideal": "D", "sampled": "A", "correct": false}}
{"type": "result", "data": {"idx": 56, "options": ["Wrong, Wrong", "Wrong, Not wrong", "Not wrong, Wrong", "Not wrong, Not wrong"], "probs": [[0.17014076082546514, 0.18960473319640445, 0.16350700106690014, 0.47674750481121947], [0.17297684410962647, 0.22372360664748558, 0.16509380094964485, 0.43820574819324953], [0.15429359471317491, 0.1449371356052846, 0.3068108880055817, 0.39395838157595414], [0.14651711182699464, 0.2841697434900501, 0.2958617405907953, 0.2734514039921645]], "ideal": "A", "sampled": "A", "correct": true}}
{"type": "result", "data": {"idx": 57, "options": ["Wrong, Wrong", "Wrong, Not wrong", "Not wrong, Wrong", "Not wrong, Not wrong"], "probs": [[0.1834658765777946, 0.20781261060908007, 0.1722987719421657, 0.4364227407709698], [0.19689749020746872, 0.2487427767537983, 0.1922985211667375, 0.36206121177198264], [0.17131440574105375, 0.14887204098203966, 0.32004102359425063, 0.3597725295826643], [0.15659047424481812, 0.27469939261872195, 0.3066751699866778, 0.262034963049785]], "ideal": "D", "sampled": "A", "correct": false}}
{"type": "result", "data": {"idx": 58, "options": ["Wrong, Wrong", "Wrong, Not wrong", "Not wrong, Wrong", "Not wrong, Not wrong"], "probs": [[0.11141574265614844, 0.1418487331894958, 0.14519228807369292, 0.6015432359806459], [0.10208166961764414, 0.1592626655866025, 0.14276482752111325, 0.5958908371746258], [0.09389630173636594, 0.0931144960788602, 0.3891249032783485, 0.4238642988064366], [0.09499912496969722, 0.2578898503528058, 0.32876891960969407, 0.3183421049678001]], "ideal": "C", "sampled": "A", "correct": false}}
{"type": "result", "data": {"idx": 59, "options": ["Wrong, Wrong", "Wrong, Not wrong", "Not wrong, Wrong", "Not wrong, Not wrong"], "probs": [[0.20449274845434773, 0.2174670789764986, 0.17486629063622255, 0.4031738818329324], [0.2161373764354968, 0.2545191003782436, 0.22464331545599026, 0.30470020763029315], [0.19469776682504739, 0.18288045271209621, 0.3210639373574186, 0.3013578430054289], [0.17857012593435567, 0.28074553407390423, 0.3061138134714409, 0.23457052642031206]], "ideal": "D", "sampled": "A", "correct": false}}
{"type": "result", "data": {"idx": 60, "options": ["Wrong, Wrong", "Wrong, Not wrong", "Not wrong, Wrong", "Not wrong, Not wrong"], "probs": [[0.18546090809117577, 0.19722455933508776, 0.15853904800600233, 0.45877548446773553], [0.19309934098470757, 0.2536263136572981, 0.17849180729431025, 0.3747825379636866], [0.16844740246473772, 0.15335263813475775, 0.35106629541442697, 0.3271336638860649], [0.14859244101789604, 0.30687050931368576, 0.2818852347318946, 0.2626518148365028]], "ideal": "A", "sampled": "A", "correct": true}}
{"type": "result", "data": {"idx": 61, "options": ["Wrong, Wrong", "Wrong, Not wrong", "Not wrong, Wrong", "Not wrong, Not wrong"], "probs": [[0.1943427128559613, 0.19731368260479346, 0.16361980549502403, 0.444723798944228], [0.213108102610277, 0.2394082210873877, 0.179409317686558, 0.36807435851578935], [0.18212140010166972, 0.14402643904352996, 0.3592705749482513, 0.3145815858065441], [0.16772387226213983, 0.2940466111149924, 0.30372847666608105, 0.23450103985678505]], "ideal": "B", "sampled": "A", "correct": false}}
{"type": "result", "data": {"idx": 62, "options": ["Wrong, Wrong", "Wrong, Not wrong", "Not wrong, Wrong", "Not wrong, Not wrong"], "probs": [[0.1891171466567502, 0.19954242465239078, 0.16169195569511546, 0.4496484728957326], [0.21103523708668115, 0.24650312178145692, 0.2027818631075559, 0.33967977792431137], [0.18783012392685866, 0.15316558970281696, 0.3217617990750791, 0.33724248719524413], [0.16242518786926277, 0.28273484433535573, 0.2850758145075382, 0.2697641531878561]], "ideal": "D", "sampled": "A", "correct": false}}
{"type": "result", "data": {"idx": 63, "options": ["Wrong, Wrong", "Wrong, Not wrong", "Not wrong, Wrong", "Not wrong, Not wrong"], "probs": [[0.17095444922687272, 0.15679151094727703, 0.15438615981011952, 0.5178678799157329], [0.1597327962083768, 0.18225514264142176, 0.1547503158141475, 0.5032617452360777], [0.14170334726017686, 0.12113661399025996, 0.3702088290607515, 0.3669512095888011], [0.13639335536161787, 0.25651803386511707, 0.2999871715884675, 0.30710143908478615]], "ideal": "B", "sampled": "A", "correct": false}}
{"type": "result", "data": {"idx": 64, "options": ["Wrong, Wrong", "Wrong, Not wrong", "Not wrong, Wrong", "Not wrong, Not wrong"], "probs": [[0.14740830273515523, 0.19365102905530315, 0.16825686220975414, 0.4906838058997735], [0.16223192151805374, 0.2250806503108818, 0.2114201014918253, 0.40126732657924], [0.13315038182441727, 0.1394443265425536, 0.3424975978332756, 0.38490769369975086], [0.12048907246990884, 0.2690692676758218, 0.3349927607361634, 0.27544889901809433]], "ideal": "D", "sampled": "A", "correct": false}}
{"type": "result", "data": {"idx": 65, "options": ["Wrong, Wrong", "Wrong, Not wrong", "Not wrong, Wrong", "Not wrong, Not wrong"], "probs": [[0.1865836199976111, 0.20320065959682176, 0.17663571411136084, 0.4335800061941978], [0.20351201269581198, 0.2340509738230604, 0.22168075266710655, 0.3407562607140221], [0.18477533822444092, 0.16426646374501774, 0.32177021456775606, 0.32918798336280336], [0.16414804813170117, 0.2640938478897497, 0.31372066713202024, 0.25803743674655866]], "ideal": "B", "sampled": "A", "correct": false}}
{"type": "result", "data": {"idx": 66, "options": ["Wrong, Wrong", "Wrong, Not wrong", "Not wrong, Wrong", "Not wrong, Not wrong"], "probs": [[0.19664069315776342, 0.20594465451133293, 0.16820019931460786, 0.429214452916289], [0.2115153335696876, 0.2321941030654332, 0.20495224195982814, 0.3513383213050452], [0.18520422889751015, 0.17522883663009803, 0.31741804511366567, 0.32214888925874324], [0.16644718521742177, 0.28506203963263393, 0.2989084414071896, 0.24958233364276503]], "ideal": "D", "sampled": "A", "correct": false}}
{"type": "result", "data": {"idx": 67, "options": ["Wrong, Wrong", "Wrong, Not wrong", "Not wrong, Wrong", "Not wrong, Not wrong"], "probs": [[0.1849375509315514, 0.19830979962771692, 0.15567043762014485, 0.46108221172058095], [0.1991511897947465, 0.24196573241727634, 0.1899069159746447, 0.3689761617133446], [0.17863592743345624, 0.1639190115286952, 0.3185304302416657, 0.33891463069618577], [0.1543554528473388, 0.2905780855303916, 0.29068298220239114, 0.26438347931988565]], "ideal": "D", "sampled": "A", "correct": false}}
{"type": "result", "data": {"idx": 68, "options": ["Wrong, Wrong", "Wrong, Not wrong", "Not wrong, Wrong", "Not wrong, Not wrong"], "probs": [[0.19078377860355558, 0.21110138680590587, 0.1683655819934878, 0.4297492524970563], [0.20984484620589927, 0.2567982609624873, 0.18506712295753558, 0.3482897697740622], [0.18633963905158202, 0.1723430060651792, 0.3143767033531934, 0.32694065143004347], [0.16612116481857125, 0.2913170542514359, 0.30296740911657943, 0.23959437171339878]], "ideal": "D", "sampled": "A", "correct": false}}
{"type": "result", "data": {"idx": 69, "options": ["Wrong, Wrong", "Wrong, Not wrong", "Not wrong, Wrong", "Not wrong, Not wrong"], "probs": [[0.24046269013382016, 0.19770195185001857, 0.1718338296108081, 0.39000152830534784], [0.2732923489503436, 0.23932338141905282, 0.20317176569081677, 0.2842125038397902], [0.2378349642776845, 0.16991024707170327, 0.30782078021166204, 0.2844340083389632], [0.20732681502576145, 0.27027234485177465, 0.3017665645672578, 0.2206342754552195]], "ideal": "B", "sampled": "A", "correct": false}}
{"type": "result", "data": {"idx": 70, "options": ["Wrong, Wrong", "Wrong, Not wrong", "Not wrong, Wrong", "Not wrong, Not wrong"], "probs": [[0.22007258365508256, 0.19561832608345708, 0.17672478015839774, 0.4075843100030698], [0.2254166811465755, 0.23602865903949188, 0.23058845291296198, 0.3079662068009799], [0.2062390515771652, 0.1580856304357462, 0.3426338529736955, 0.293041464913402], [0.16910530027107185, 0.2637295775942257, 0.34683456841049226, 0.22033055362421144]], "ideal": "A", "sampled": "A", "correct": true}}
{"type": "result", "data": {"idx": 71, "options": ["Wrong, Wrong", "Wrong, Not wrong", "Not wrong, Wrong", "Not wrong, Not wrong"], "probs": [[0.18125239189710973, 0.18985887549173425, 0.17707481134139905, 0.45181392116974534], [0.19259889429142377, 0.23223742498353303, 0.21823431524861703, 0.3569293653764478], [0.15925544344413023, 0.14845696123982133, 0.3192026572051899, 0.3730849380108759], [0.143953635415414, 0.2685791622405512, 0.31667911330744214, 0.27078808893658285]], "ideal": "A", "sampled": "A", "correct": true}}
{"type": "result", "data": {"idx": 72, "options": ["Wrong, Wrong", "Wrong, Not wrong", "Not wrong, Wrong", "Not wrong, Not wrong"], "probs": [[0.15575685037992473, 0.1723166973992773, 0.1657351096777444, 0.5061913424430348], [0.15396338008694957, 0.20390888207051774, 0.18275015729987187, 0.45937758044264715], [0.1318318367592705, 0.13179058685375597, 0.33377611407768765, 0.4026014622092774], [0.1285539683860389, 0.255389640564969, 0.3332870066865774, 0.28276938426242776]], "ideal": "C", "sampled": "A", "correct": false}}
{"type": "result", "data": {"idx": 73, "options": ["Wrong, Wrong", "Wrong, Not wrong", "Not wrong, Wrong", "Not wrong, Not wrong"], "probs": [[0.1962918551732063, 0.20557687812916284, 0.17311803603668072, 0.42501323056096246], [0.21764460314250791, 0.25430092027459955, 0.18599926137631506, 0.3420552151065796], [0.18771043227272682, 0.16169855114386678, 0.35326850328306647, 0.29732251320033376], [0.16465029485093552, 0.302524679154059, 0.30269540252757393, 0.23012962336742238]], "ideal": "B", "sampled": "A", "correct": false}}
{"type": "result", "data": {"idx": 74, "options": ["Wrong, Wrong", "Wrong, Not wrong", "Not wrong, Wrong", "Not wrong, Not wrong"], "probs": [[0.19232627298992802, 0.19074273133156674, 0.1593926124438919, 0.45753838313460043], [0.2107220666686895, 0.23491971669415562, 0.17885912111629065, 0.3754990954208531], [0.18883223798002244, 0.1515671845362767, 0.30151550730658244, 0.35808507007711843], [0.1682008423891783, 0.27708615634474126, 0.2839210499180659, 0.27079195124802286]], "ideal": "D", "sampled": "A", "correct": false}}
