{"type": "result", "data": {"idx": 0, "options": ["Offerings", "Prayers", "Apparitions", "Idols"], "probs": [[0.0027668515601961697, 0.00421449175337525, 0.010917046181199201, 0.9821016104052444], [0.004830406003675481, 0.009086510010491745, 0.9679214462122169, 0.01816163767363472], [0.023255202654574043, 0.9337100122573564, 0.027323653140003616, 0.01571113184806555], [0.950954953266153, 0.022771446678246886, 0.01226504644918222, 0.014008553506420706]], "ideal": "D", "sampled": "D", "correct": true}}
{"type": "result", "data": {"idx": 1, "options": ["Daoism", "Yin-Yang School", "Mengzi", "Humanistic Buddhism"], "probs": [[0.08035170922328129, 0.41402716222825436, 0.12614106141058862, 0.3794800670378557], [0.010132434266092727, 0.006951890142216598, 0.0229456179736266, 0.9599700575180741], [0.016255657559109467, 0.08482744505955826, 0.7677154818747676, 0.13120141540657979], [0.05437645771139033, 0.21469700344308978, 0.655684812506477, 0.07524172623906766]], "ideal": "B", "sampled": "A", "correct": false}}
{"type": "result", "data": {"idx": 2, "options": ["325 CE", "119 CE", "451 CE", "596 CE"], "probs": [[0.07116293551791694, 0.20426307645955266, 0.1948218130921886, 0.5297521748303404], [0.1131813670650213, 0.29558260432006567, 0.4874334066161395, 0.10380262189876001], [0.25222237157877064, 0.37278489880107846, 0.1816225624766564, 0.19337016704351268], [0.38420918765447143, 0.17871547927167253, 0.29008826515221997, 0.14698706782165735]], "ideal": "D", "sampled": "D", "correct": true}}
{"type": "result", "data": {"idx": 3, "options": ["Akitu", "Wag and Thoth", "Bast", "Nehebkau"], "probs": [[0.9504876748872401, 0.014490445431316107, 0.01587292882888979, 0.019148950752553018], [0.00339711867331271, 0.0036483642189084715, 0.007470323853927108, 0.9854841931538707], [0.0073001175246955935, 0.005971929427885035, 0.9545837150013183, 0.0321442379461087], [0.021418364995085846, 0.9247509974285352, 0.029949265717695843, 0.023881371758674913]], "ideal": "A", "sampled": "A", "correct": true}}
{"type": "result", "data": {"idx": 4, "options": ["Zazen", "Tariki", "Kami", "Ikebana"], "probs": [[0.002424319135073863, 0.0014355697351145311, 0.0048535248088890865, 0.9912865862209438], [0.007471340772349855, 0.004863468867386903, 0.9692088210250096, 0.018456369235233416], [0.021007060524549842, 0.9274706090599162, 0.03300860878720925, 0.018513721528326393], [0.9805706148554625, 0.00689331540680133, 0.006273071395740685, 0.006262998241995802]], "ideal": "D", "sampled": "D", "correct": true}}
{"type": "result", "data": {"idx": 5, "options": ["Harmony and balance", "Devotion and piety", "Love and passion", "Goodwill and love"], "probs": [[0.7237983817995672, 0.08011097396283078, 0.0673247492673234, 0.12876589487030035], [0.32091249853720755, 0.10594335392477494, 0.15152250008022558, 0.42162164735777896], [0.0177534906933802, 0.06148442789327626, 0.4981507872978151, 0.4226112940155103], [0.2280162272815267, 0.19086632403300985, 0.4395438502025175, 0.14157359838294847]], "ideal": "A", "sampled": "A", "correct": true}}
{"type": "result", "data": {"idx": 6, "options": ["Shabad", "Khalse", "Nam", "Guru"], "probs": [[0.9009375407562252, 0.013745997767466699, 0.0244119188459391, 0.06090454253037262], [0.006247861464011077, 0.016453041636457715, 0.030677654910347317, 0.9466214418891736], [0.06317812124248537, 0.04283730025130258, 0.8444019346909774, 0.04958264371522935], [0.022655258583167453, 0.8754283856342245, 0.04461792311825425, 0.05729843256434685]], "ideal": "A", "sampled": "A", "correct": true}}
{"type": "result", "data": {"idx": 7, "options": ["Muhammad's miraculous ascent to heaven", "Muhammad's migration to Mecca", "Muhammad's first community in Mecca", "Muhammad's revelations of the Qur'an"], "probs": [[0.9443936064920708, 0.015466342330445455, 0.017194246831906096, 0.022945804245600287], [0.0011830787371187436, 0.001289482503217245, 0.0056769538736082805, 0.9918504847860469], [0.003353592010455559, 0.004805627139285018, 0.9348412198472852, 0.0569995609029779], [0.011904033953597782, 0.879912280833345, 0.058950291363958116, 0.049233393749109754]], "ideal": "A", "sampled": "A", "correct": true}}
{"type": "result", "data": {"idx": 8, "options": ["Laws of Dharma", "Laws of Karma", "Laws of Vishnu", "Laws of Manu"], "probs": [[0.011753989611278742, 0.012610758334414584, 0.013206968288939554, 0.9624282836653797], [0.008164134672840316, 0.012853065062384254, 0.9342413254390045, 0.044741474725785935], [0.043795678743449945, 0.858262194287283, 0.0678274484599458, 0.030114678409303278], [0.9325765719305873, 0.029624654651191643, 0.01807943609818595, 0.019719337220053326]], "ideal": "D", "sampled": "D", "correct": true}}
{"type": "result", "data": {"idx": 9, "options": ["The Holy Book", "The Narrative", "The Recitation", "The Pillars"], "probs": [[0.09934216861192069, 0.026375829676342284, 0.8382978195088606, 0.03598418210289286], [0.006802595414436111, 0.02264581927694082, 0.008268535358367026, 0.9622830498502748], [0.012575703490742258, 0.005090599864933552, 0.9519586815750306, 0.030375014969315717], [0.007273476702059254, 0.9058593739546055, 0.03804444734461149, 0.04882270189870436]], "ideal": "C", "sampled": "A", "correct": false}}
{"type": "result", "data": {"idx": 10, "options": ["Mother of Light", "Father of Goodness", "Ineffable Lover", "Eternal Spirit"], "probs": [[0.15106388455221567, 0.23971838894197395, 0.20809412397596766, 0.4011236024298527], [0.11849708362984059, 0.28445985379123934, 0.26488196280281784, 0.33216109967610147], [0.14079333482900797, 0.33258417856243916, 0.1863438181436827, 0.3402786683648856], [0.17141400917471064, 0.2739222795170855, 0.24919382385668185, 0.30546988735153396]], "ideal": "B", "sampled": "D", "correct": false}}
{"type": "result", "data": {"idx": 11, "options": ["Bushido", "Shinto", "Nichiren", "Soto Zen"], "probs": [[0.007256442038796793, 0.009465030630027908, 0.0335390693871261, 0.9497394578440682], [0.03785664077465025, 0.04320373002785209, 0.8810949111485257, 0.037844717948956066], [0.11887261730955723, 0.7221004975128802, 0.08047412899450178, 0.07855275608305366], [0.8473960217120869, 0.022811091085539616, 0.05335635183202073, 0.0764365352703389]], "ideal": "D", "sampled": "D", "correct": true}}
{"type": "result", "data": {"idx": 12, "options": ["Sangat", "Langar", "Gurdwara", "Panth"], "probs": [[0.015218815398857272, 0.9541172844108001, 0.020613573651990923, 0.010050326438347182], [0.9755522585142304, 0.012110149179004728, 0.006433550277735968, 0.00590404192903245], [0.012955078728105522, 0.004079514715789063, 0.00977436134034292, 0.973191045115767], [0.004017196305935429, 0.014677385069880883, 0.9140307472114185, 0.06727467131276169]], "ideal": "B", "sampled": "B", "correct": true}}
{"type": "result", "data": {"idx": 13, "options": ["Buddhism", "Daoism", "Confucianism", "Shamanism"], "probs": [[0.11489254869546417, 0.4684145387614849, 0.15808168142043935, 0.2586112310226119], [0.18938991155173654, 0.14751413222630852, 0.21275919040575503, 0.45033676571620007], [0.02152854518561648, 0.1285713451030439, 0.1716165132562591, 0.6782835963550697], [0.04830920062474029, 0.32439675787886973, 0.48334284298580393, 0.14395119841057788]], "ideal": "B", "sampled": "B", "correct": true}}
{"type": "result", "data": {"idx": 14, "options": ["Worship", "Submission", "Obedience", "Faith"], "probs": [[0.0077492389558265805, 0.6338594253662873, 0.108388623869887, 0.2500027117080095], [0.790857595287056, 0.02906813448240315, 0.12325056838440764, 0.056823701746150375], [0.006326892254405934, 0.04973984421394837, 0.021379537462130282, 0.922553725969495], [0.009236949321954463, 0.006255381267270426, 0.8703976154213262, 0.11411005388946811]], "ideal": "B", "sampled": "B", "correct": true}}
{"type": "result", "data": {"idx": 15, "options": ["Suffering", "Soul", "Impermanence", "No-self"], "probs": [[0.0012739268893455125, 0.002655454997000274, 0.007211964205569495, 0.9888586538080709], [0.0038095251715608786, 0.010609353553893853, 0.9450330912512469, 0.04054802992329639], [0.013761250246284874, 0.8906746177976954, 0.03402248463684608, 0.06154164721917209], [0.9525197583770312, 0.010065860083049353, 0.012202102859969203, 0.02521227857994135]], "ideal": "D", "sampled": "D", "correct": true}}
{"type": "result", "data": {"idx": 16, "options": ["Spiritual narratives", "Redemption narratives", "Birth narratives", "Theological narratives"], "probs": [[0.046311946372716004, 0.026420383701510907, 0.9010974820872155, 0.026170187738543474], [0.15050968473417098, 0.6693883543957987, 0.08370882484897063, 0.09639313592107497], [0.9240190372180691, 0.03738064051719638, 0.021923510859268937, 0.016676811305456424], [0.06231973257302845, 0.096522903333095, 0.04661898039714392, 0.7945383835967322]], "ideal": "C", "sampled": "C", "correct": true}}
{"type": "result", "data": {"idx": 17, "options": ["Vajrayana", "Theravada", "Mahayana", "Mahavira"], "probs": [[0.015090837525876002, 0.017215487344114835, 0.9538745992489878, 0.013819075781013742], [0.016455525677124005, 0.9172639274346437, 0.029278726963848332, 0.03700181982437862], [0.9256053510684594, 0.007616455949201401, 0.030022452237419193, 0.0367557406449396], [0.003221805343240665, 0.00605573510379771, 0.02776955504843351, 0.9629529044045209]], "ideal": "C", "sampled": "C", "correct": true}}
{"type": "result", "data": {"idx": 18, "options": ["Svetambara", "Jina", "Agama", "Digambara"], "probs": [[0.38702779770786166, 0.06527898483984317, 0.07745958852790351, 0.47023362882438546], [0.023982794471357854, 0.03354767736680817, 0.41821967016772255, 0.5242498578941319], [0.06797874249553822, 0.2815123615963019, 0.5428238540985538, 0.10768504170961014], [0.18038026417872288, 0.6053110536969812, 0.14952232294063553, 0.06478635908366603]], "ideal": "D", "sampled": "A", "correct": false}}
{"type": "result", "data": {"idx": 19, "options": ["The Shema", "The Sefirot", "Deuteronomy", "The Decalogue"], "probs": [[0.9638418619008613, 0.010326877091794943, 0.010479779109484213, 0.015351481797849016], [0.0012225319940442649, 0.0009011047785664607, 0.002842124642550449, 0.9950342384848453], [0.004887167879109714, 0.004964824274642505, 0.9827573597821525, 0.00739064796410621], [0.016466814979374734, 0.9559696129441235, 0.016072864908205114, 0.011490707068305923]], "ideal": "A", "sampled": "A", "correct": true}}
{"type": "result", "data": {"idx": 20, "options": ["Brahminic orthodoxy", "Legalistic asceticism", "Bhakti devotionals", "Unorthodox practices"], "probs": [[0.6824002841019152, 0.11191583603789072, 0.07023937520008475, 0.13544450456011806], [0.2710782838260764, 0.06259088395938783, 0.12786184634400743, 0.53846898577051], [0.022187676406927138, 0.039023573638444324, 0.7046468310914106, 0.23414191876319798], [0.10976065621759863, 0.3280379989735488, 0.41698206943942334, 0.14521927526943712]], "ideal": "A", "sampled": "A", "correct": true}}
{"type": "result", "data": {"idx": 21, "options": ["The Battle of Uhud", "The Battle of Camel", "The Battle of the Trench", "The Battle of Badr"], "probs": [[0.2205054306150717, 0.05490929189883886, 0.3467239818452862, 0.3778612955408098], [0.12142779652851873, 0.15954179088113896, 0.5397444776775333, 0.17928593481280544], [0.4803802509903199, 0.14203021987148076, 0.18807204147231318, 0.1895174875658756], [0.4952529098514908, 0.06656560268268122, 0.08149320356653932, 0.35668828379928247]], "ideal": "C", "sampled": "D", "correct": false}}
{"type": "result", "data": {"idx": 22, "options": ["Remembering the Divine Name", "Meditating on the sacred hymns", "Remembering that death is inevitable", "Meditating on the goodness of the created world"], "probs": [[0.1767174928863408, 0.6667294611631175, 0.0834932011289144, 0.0730598447216098], [0.7885780906252113, 0.05585580655030763, 0.04964248561192837, 0.10592361711254192], [0.017289067326836407, 0.03411165677568477, 0.45948059060588414, 0.48911868519159213], [0.044686417616398584, 0.3051103766313073, 0.5655060753669, 0.08469713028536692]], "ideal": "A", "sampled": "B", "correct": false}}
{"type": "result", "data": {"idx": 23, "options": ["Confucianism", "Buddhism", "Christianity", "Daoism"], "probs": [[0.19627879151924166, 0.4119467101383951, 0.28523455407388604, 0.10653994416847729], [0.08944704159436886, 0.3372241043239793, 0.15418802496149456, 0.41914082902015265], [0.06765676488285796, 0.16467764778293248, 0.19836427537323612, 0.5693013118609629], [0.03147476556914338, 0.27120018948696367, 0.41337008999573305, 0.28395495484814987]], "ideal": "A", "sampled": "B", "correct": false}}
{"type": "result", "data": {"idx": 24, "options": ["Disciple", "Faithful", "Devotee", "Enlightened"], "probs": [[0.35285161054208314, 0.19984187255964236, 0.3165233139871811, 0.13078320281108818], [0.10488987697795203, 0.11001978873265847, 0.11701605483132126, 0.6680742793580803], [0.08030219873427331, 0.1032050937242032, 0.6411985503949089, 0.1752941570465946], [0.17604729484716583, 0.35041992881094386, 0.17189688245280152, 0.3016358937890883]], "ideal": "A", "sampled": "A", "correct": true}}
{"type": "result", "data": {"idx": 25, "options": ["The sages of the Zhuangzi", "The Songs of the South", "The Duke of Zhou", "The Confucian \"sage kings\""], "probs": [[0.24618531557440873, 0.25606572727989285, 0.1640028173041114, 0.3337461397415811], [0.032819803248649075, 0.060842708259057236, 0.3934484402502976, 0.5128890481419704], [0.056603708358001825, 0.10171618693743491, 0.6179195598993868, 0.2237605447051864], [0.13621272756151723, 0.3318739034121715, 0.2176811554241437, 0.3142322135021492]], "ideal": "A", "sampled": "A", "correct": true}}
{"type": "result", "data": {"idx": 26, "options": ["Anointed one", "God", "Prophet", "The line of David"], "probs": [[0.9576557389068608, 0.011721674560893021, 0.017162537277694897, 0.01346004915454407], [0.002171284788251296, 0.0027231043386741474, 0.011635883954164785, 0.9834697268189314], [0.010048927104950376, 0.0073612382970621735, 0.9696979521503487, 0.01289188234764107], [0.01922144182760228, 0.9250663101781385, 0.033959964319655915, 0.021752283574623464]], "ideal": "A", "sampled": "A", "correct": true}}
{"type": "result", "data": {"idx": 27, "options": ["Soul", "Sound", "Non-matter", "Non-soul"], "probs": [[0.013455360748947374, 0.011992865602763955, 0.6122726897332899, 0.362279083814976], [0.007780460895499881, 0.050278662019129665, 0.8226227158358898, 0.11931816114948882], [0.07945561079963828, 0.8536066033539502, 0.05948260705124278, 0.00745517869514623], [0.8048604962604055, 0.130738666393337, 0.023046388062247646, 0.04135444918398739]], "ideal": "D", "sampled": "D", "correct": true}}
{"type": "result", "data": {"idx": 28, "options": ["A collection of statues", "Veneration of ancestors", "Seated meditation", "Funeral rituals"], "probs": [[0.008464037644331941, 0.004976079258181432, 0.9693521368311643, 0.01720774616632026], [0.020926334743325278, 0.9166306596191471, 0.0358063023829637, 0.026636703154561667], [0.9831431980325026, 0.005468117822451788, 0.0072322613342356646, 0.004156422710825441], [0.0018480368213110708, 0.0010936582246618347, 0.004254108758127052, 0.9928041960958971]], "ideal": "C", "sampled": "C", "correct": true}}
{"type": "result", "data": {"idx": 29, "options": ["Asceticism", "Bodily pleasure", "Music", "Sexual union"], "probs": [[0.01419612026090097, 0.3770069779021963, 0.09017784767351485, 0.5186190540633987], [0.09738453752349814, 0.030630134468459372, 0.6481907646067399, 0.22379456330130448], [0.026050189104317143, 0.7654639140702489, 0.11641901940225702, 0.09206687732319623], [0.6942650326610322, 0.12761794257342166, 0.09396039246530179, 0.08415663220023233]], "ideal": "D", "sampled": "D", "correct": true}}
{"type": "result", "data": {"idx": 30, "options": ["Loving and forgiving", "Wrathful and merciful", "Judging and vengeful", "Transcendent and immanent"], "probs": [[0.06712514199545132, 0.1255213897355461, 0.5619551368552926, 0.24539833131372457], [0.14778512208035915, 0.21867861887561127, 0.3464385888233195, 0.28709767012071413], [0.18920185776699544, 0.40752937357639757, 0.20635252153273287, 0.1969162470238726], [0.3802443679722057, 0.1785451505555843, 0.28265881700472617, 0.15855166436748058]], "ideal": "B", "sampled": "D", "correct": false}}
{"type": "result", "data": {"idx": 31, "options": ["Palestine and Babylonia", "Babylonia and Europe", "Palestine and Spain", "Spain and France"], "probs": [[0.8312828051770835, 0.0580040572990708, 0.06766498253385192, 0.04304815488999041], [0.21299136164685192, 0.11489383055009574, 0.060979916834865235, 0.6111348908681973], [0.07251352879630436, 0.046391178683803304, 0.697804232021769, 0.18329106039812962], [0.03881822316817927, 0.5021318921221054, 0.19047200119400035, 0.26857788341571714]], "ideal": "A", "sampled": "A", "correct": true}}
{"type": "result", "data": {"idx": 32, "options": ["Buddhism", "Hinduism", "Judaism", "Islam"], "probs": [[0.8019577071644441, 0.11317781956083404, 0.03553150686976364, 0.049332966304974954], [0.06262436769100502, 0.12656860875652617, 0.060184354308934616, 0.7506226691435351], [0.033016646345492714, 0.08496917983319288, 0.7330671533400631, 0.1489470203812433], [0.10353156628825579, 0.46067726711250856, 0.326413428687481, 0.1093777378117643]], "ideal": "A", "sampled": "A", "correct": true}}
{"type": "result", "data": {"idx": 33, "options": ["Kali yuga", "Maha yuga", "Krita yuga", "Satya yuga"], "probs": [[0.4629252744735711, 0.15554313636793587, 0.10928627695229115, 0.2722453121062001], [0.006904950428959623, 0.007405357538768189, 0.010937180127938876, 0.9747525118043162], [0.011993864157529914, 0.012473044255960339, 0.8937614039768621, 0.08177168750966866], [0.04506971606524595, 0.666560340862298, 0.13131657724217305, 0.15705336573029144]], "ideal": "A", "sampled": "A", "correct": true}}
{"type": "result", "data": {"idx": 34, "options": ["Hymns", "Laws", "Ethics", "Myths"], "probs": [[0.9214994019551943, 0.018609428672019306, 0.025772582008489163, 0.03411858726429737], [0.0030966796497601447, 0.005962613449198412, 0.013110489230559111, 0.9778302175704753], [0.008507410073942939, 0.011357913300825442, 0.9581276021162167, 0.022007074409032688], [0.016691702241267526, 0.8810945939740058, 0.06583735611733968, 0.03637634756737657]], "ideal": "A", "sampled": "A", "correct": true}}
{"type": "result", "data": {"idx": 35, "options": ["Pure Land", "Tendai", "Shingon", "Soto Zen"], "probs": [[0.8909949351803385, 0.024922968175170434, 0.028435023282520774, 0.0556470732619797], [0.001909451917955714, 0.0027327279400277842, 0.008155321006189811, 0.9872024990358101], [0.003818778387596685, 0.008079751197012873, 0.9477452823250678, 0.04035618799029841], [0.009461410353126547, 0.8706614736879945, 0.06462920774377265, 0.055247908115103696]], "ideal": "A", "sampled": "A", "correct": true}}
{"type": "result", "data": {"idx": 36, "options": ["Sita", "Rama", "Kali", "Durga"], "probs": [[0.8048025224421328, 0.03660173658552623, 0.037097334302972844, 0.12149840656934713], [0.014907759069973369, 0.007155416801374449, 0.021991115672658414, 0.9559457083559962], [0.016168584099977977, 0.019352589202649068, 0.8672107184794258, 0.09726810811796821], [0.06183951175413625, 0.79979817231188, 0.049985716590313915, 0.08837659924365489]], "ideal": "A", "sampled": "A", "correct": true}}
{"type": "result", "data": {"idx": 37, "options": ["Rumi", "Rabi'a", "Fatimah", "Khadija"], "probs": [[0.032498327428497106, 0.8774520397960036, 0.03979034959153955, 0.050259283083982795], [0.93345258663936, 0.012360651787836349, 0.023211984118122645, 0.030974777354703893], [0.006580394018286167, 0.0064799559234203, 0.011722347617994833, 0.9752173023402945], [0.015142627731457022, 0.0099370532880311, 0.9286732886136497, 0.04624703026686208]], "ideal": "B", "sampled": "B", "correct": true}}
{"type": "result", "data": {"idx": 38, "options": ["Andal", "Devi", "Ganga", "Kali"], "probs": [[0.9451799315616812, 0.023743573505110933, 0.01565988750772819, 0.015416607325465856], [0.010924265063730171, 0.0025397962605336446, 0.012280321122574154, 0.9742556174531627], [0.00753537921832773, 0.004068433610034562, 0.9400899232861565, 0.048306263785478275], [0.014461541358050554, 0.8927827666399948, 0.057571363778221786, 0.03518432812372408]], "ideal": "A", "sampled": "A", "correct": true}}
{"type": "result", "data": {"idx": 39, "options": ["Paul of Tarsus", "Clare of Assisi", "Francis of Assisi", "John of the Cross"], "probs": [[0.040855265353894964, 0.032322962689320944, 0.8727301859519081, 0.05409158590486665], [0.2855337126670685, 0.624025474238311, 0.06079627693693498, 0.029644536057682726], [0.9347134190759259, 0.016778126471064764, 0.013350978079994696, 0.03515747627301818], [0.025977412911970983, 0.00850502100692696, 0.050422837385822254, 0.9150947285952934]], "ideal": "C", "sampled": "C", "correct": true}}
{"type": "result", "data": {"idx": 40, "options": ["Epistemology", "Morality", "Religion", "Aesthetics"], "probs": [[0.10740683350893114, 0.23644273653089787, 0.5895115746828278, 0.06663885517735771], [0.8537024680637932, 0.06699509831565674, 0.0326075922412503, 0.04669484127929304], [0.555690037802, 0.09300347246334592, 0.1086134463941, 0.24269304324055338], [0.011245431173670627, 0.018372929617930186, 0.5625049618470626, 0.4078766772613403]], "ideal": "B", "sampled": "B", "correct": true}}
{"type": "result", "data": {"idx": 41, "options": ["Greek Orthodox", "Roman Catholic", "Puritans", "Quakers"], "probs": [[0.009668898240269834, 0.007019485783343422, 0.5110082660943133, 0.4723033497820808], [0.025105640982670457, 0.08424045842557244, 0.8637540417304974, 0.02689985876128296], [0.1386172341790891, 0.815930564316356, 0.02300078760239568, 0.022451413802137842], [0.5929696393624387, 0.013027278383394418, 0.02301433188178095, 0.37098875027236916]], "ideal": "D", "sampled": "D", "correct": true}}
{"type": "result", "data": {"idx": 42, "options": ["Peter", "Paul", "Jesus", "Matthew"], "probs": [[0.9360363136659388, 0.024232637224997657, 0.030824269314589797, 0.00890677969447448], [0.007301503956511031, 0.006145814925242518, 0.008733554703936115, 0.9778191263143193], [0.021169284039002992, 0.00896825108103917, 0.9136906141455122, 0.056171850634421476], [0.019660977500343044, 0.7537472701606347, 0.07351250218051249, 0.15307925005849263]], "ideal": "A", "sampled": "A", "correct": true}}
{"type": "result", "data": {"idx": 43, "options": ["1935", "2000", "1965", "1975"], "probs": [[0.6904030007544074, 0.0942306050902037, 0.11276356021951735, 0.10260283383587811], [0.013600531051156014, 0.02009848506052849, 0.03582410840247168, 0.930476875385835], [0.01751690718116973, 0.01893614023254099, 0.8980157199486627, 0.06553123253763166], [0.037965727249353445, 0.6825036050351346, 0.16358810985540861, 0.11594255776008079]], "ideal": "A", "sampled": "A", "correct": true}}
{"type": "result", "data": {"idx": 44, "options": ["Householders who supported renouncers", "Orthodox interpreters of the scriptures", "Women ascetics who lived in communities", "Temple-dwelling renouncers"], "probs": [[0.01595889697990789, 0.012240747271765239, 0.8622254466252055, 0.10957490902312106], [0.010691092003309187, 0.78359825022747, 0.12881809812095743, 0.07689255954826403], [0.8505128480471925, 0.05328372485530079, 0.07316041621314212, 0.023043010784355104], [0.2654377589898122, 0.09853923983894715, 0.056898641931845254, 0.5791243591394081]], "ideal": "D", "sampled": "C", "correct": false}}
{"type": "result", "data": {"idx": 45, "options": ["Thoughtfulness", "Non-action", "Spontaneity", "Meditation"], "probs": [[0.01543889773332707, 0.1301764045123052, 0.7963000336446419, 0.05808466400972592], [0.7091092370245098, 0.17149651188709691, 0.053450446199655194, 0.06594380478876113], [0.4888806264165859, 0.01857620735387015, 0.04408303560253725, 0.44846013052700795], [0.004315109360329031, 0.005672091974367618, 0.8208747191351593, 0.16913807943015988]], "ideal": "C", "sampled": "B", "correct": false}}
{"type": "result", "data": {"idx": 46, "options": ["hand gestures", "saints", "religious clothing", "temples"], "probs": [[0.9784283299954996, 0.007386726125967704, 0.009681271368079685, 0.00450367241044762], [0.003384958751473655, 0.00269638145272147, 0.004694948158074986, 0.9892237115377437], [0.0053750845587705355, 0.0050132770996134494, 0.9759044336260732, 0.013707204615557264], [0.011169528132551369, 0.9208873477903049, 0.03516757749574781, 0.03277554648137697]], "ideal": "A", "sampled": "A", "correct": true}}
{"type": "result", "data": {"idx": 47, "options": ["Julius Caesar", "Alexander the Great", "Cyrus of Persia", "Antiochus IV Epiphanes"], "probs": [[0.0016674846628487532, 0.001933447721495085, 0.004534008520616738, 0.9918650589950367], [0.00584901445808976, 0.010350424757693173, 0.9448438227626872, 0.038956737921542965], [0.021237385275991887, 0.8808571708115099, 0.0595124479617767, 0.03839299585074221], [0.9365756079878448, 0.02541405382798838, 0.013600867720275883, 0.02440947036386655]], "ideal": "D", "sampled": "D", "correct": true}}
{"type": "result", "data": {"idx": 48, "options": ["30", "40", "33", "52"], "probs": [[0.09837530139611066, 0.17274731198819862, 0.4306531799751833, 0.2982242065405173], [0.11774615921650848, 0.3379225921310255, 0.255174329113335, 0.28915691943914273], [0.23020224103882728, 0.20811849077788405, 0.33496719751387155, 0.22671207056941825], [0.080101805285788, 0.2487157501334516, 0.2645335306734578, 0.4066489138072927]], "ideal": "A", "sampled": "C", "correct": false}}
{"type": "result", "data": {"idx": 49, "options": ["Serpent", "Eagle", "Cheetah", "Cow"], "probs": [[0.14322924676088453, 0.1271971649526329, 0.3194631537938589, 0.4101104343926052], [0.039326565976565454, 0.08572704776256158, 0.6631201521955513, 0.21182623396532282], [0.07695192634757224, 0.42180254109210197, 0.31844289359004607, 0.18280263887027698], [0.23348588251892613, 0.32409748999864424, 0.20739937174196027, 0.23501725564046863]], "ideal": "D", "sampled": "D", "correct": true}}
{"type": "result", "data": {"idx": 50, "options": ["Community", "Scripture", "Worship", "Apprenticeship"], "probs": [[0.04781963413766205, 0.022779776297817005, 0.02154696119206843, 0.907853628272437], [0.007614300490182423, 0.004380423782673738, 0.9425626706099686, 0.04544260501717078], [0.009502150549760863, 0.07887943871470955, 0.8393798419935865, 0.07223856864192572], [0.04011621847285385, 0.745035779968958, 0.15609205210191904, 0.058755949356296716]], "ideal": "A", "sampled": "D", "correct": false}}
{"type": "result", "data": {"idx": 51, "options": ["Construction of the Second Temple", "Destruction of the Second Temple", "The Christianization of the Roman Empire", "The emergence of Islam"], "probs": [[0.31715911292421667, 0.6068754229440343, 0.044304937114455496, 0.03166052691729403], [0.8671680709246529, 0.05732712143674803, 0.025799803996865704, 0.049705003541710736], [0.017691690066746264, 0.015131361208414545, 0.6997169133435448, 0.26746003528131956], [0.014351505587990483, 0.3662513523735238, 0.5330927379281168, 0.08630440401037581]], "ideal": "B", "sampled": "B", "correct": true}}
{"type": "result", "data": {"idx": 52, "options": ["Genshin", "Dogen", "Honen", "Shinran"], "probs": [[0.013227828033633489, 0.00931546673940667, 0.8836060590398805, 0.09385064608705712], [0.00937870008989996, 0.30059292061828996, 0.6357421784712136, 0.05428620072058278], [0.07290394133006639, 0.8204928866308717, 0.0740244012658209, 0.032578770673218634], [0.058071449525670116, 0.08123585632302162, 0.03465080377484845, 0.826041890276437]], "ideal": "C", "sampled": "C", "correct": true}}
{"type": "result", "data": {"idx": 53, "options": ["Pakistan", "Iraq", "Indonesia", "Turkey"], "probs": [[0.029575734902389017, 0.010885221739291788, 0.8908544813540628, 0.06868456190426095], [0.023422792965866197, 0.5759619267197579, 0.2515183658400851, 0.14909691437428418], [0.7954691033174898, 0.036102684123368964, 0.14956612561677962, 0.01886208684236497], [0.01578652678852441, 0.01361458177766015, 0.016937691014815997, 0.9536612003190236]], "ideal": "C", "sampled": "C", "correct": true}}
{"type": "result", "data": {"idx": 54, "options": ["Gregory", "Augustine", "Athanasius", "Francis"], "probs": [[0.5284983309385319, 0.08313782679201248, 0.15380703020799208, 0.23455681196145167], [0.1311843538101192, 0.2064601464202758, 0.15949601090894802, 0.5028594887606606], [0.061825721088620396, 0.05208052644085562, 0.7583992002206015, 0.1276945521499046], [0.0675427626094995, 0.3793292450119029, 0.3119921564546756, 0.2411358358239035]], "ideal": "A", "sampled": "A", "correct": true}}
{"type": "result", "data": {"idx": 55, "options": ["Enlightened being", "Worthy ones", "Saintly ones", "Sages"], "probs": [[0.19880045633601934, 0.5122831027397169, 0.13039881069582515, 0.15851763012843365], [0.013427316722405104, 0.01534945504299084, 0.19117713837019654, 0.7800460897644257], [0.009587680732896734, 0.027547654536280983, 0.8690786507117911, 0.09378601391903205], [0.01179913533618631, 0.7706210483694388, 0.14591633532961593, 0.07166348086473946]], "ideal": "A", "sampled": "A", "correct": true}}
{"type": "result", "data": {"idx": 56, "options": ["Guru Ram Das", "Guru Tegh Bahadur", "Guru Gobind Singh", "Guru Har Rai"], "probs": [[0.029475573574953222, 0.6200106928265944, 0.28152410541663275, 0.0689896280818548], [0.9148577333858374, 0.032622152191532125, 0.034676509492638674, 0.01784360483000513], [0.018667503550725845, 0.01453868749437356, 0.02548502426952753, 0.9413087845853687], [0.013131375569440216, 0.01524530707708495, 0.7863207654074165, 0.18530255184605024]], "ideal": "B", "sampled": "B", "correct": true}}
{"type": "result", "data": {"idx": 57, "options": ["Guru Nanak", "Guru Arjan", "Guru Hargobind", "Guru Ram Das"], "probs": [[0.04100412015885659, 0.03765981037290403, 0.8290636575433133, 0.09227241182493638], [0.060624045846194255, 0.7155725136073205, 0.14295381670184334, 0.08084962374464684], [0.8595759688530316, 0.04064842329346508, 0.054557154159121414, 0.04521845359439317], [0.04398820755359647, 0.0362144312932658, 0.09084637114069605, 0.8289509899124253]], "ideal": "C", "sampled": "C", "correct": true}}
{"type": "result", "data": {"idx": 58, "options": ["In the community", "In faith in God", "In ascetic renunciation", "In the life of the householder"], "probs": [[0.03796736805097156, 0.4410730640278158, 0.1466767421695048, 0.37428282565170834], [0.09637988481593349, 0.071159604427775, 0.5168760009518074, 0.31558450970445995], [0.02689388130271636, 0.1726351743217296, 0.19864105826271952, 0.6018298860128404], [0.054700315696383096, 0.03451143103820993, 0.7489076202519798, 0.1618806329134253]], "ideal": "D", "sampled": "B", "correct": false}}
{"type": "result", "data": {"idx": 59, "options": ["God is eternal and merciful to those who offer worship", "Humans can align themselves with life energy through worship of kami", "Justice will be the final outcome in the next world", "Power and force are the most divine attributes"], "probs": [[0.028428855881358628, 0.9107247946429559, 0.041010872110633666, 0.019835477265047047], [0.9569676073559741, 0.021366698987569502, 0.00912097324935447, 0.01254472030711596], [0.0026045065245690747, 0.0032390293222843303, 0.00915673094573811, 0.9849997331073848], [0.010734011746800021, 0.011346690861222275, 0.9069324274398016, 0.07098686985219504]], "ideal": "A", "sampled": "B", "correct": false}}
{"type": "result", "data": {"idx": 60, "options": ["Durga", "Sri Lakshmi", "Kali", "Mahavira"], "probs": [[0.04172551249613441, 0.33302223676410664, 0.59327970691361, 0.03197254372616808], [0.9027548712012895, 0.042319405913974796, 0.01616511717572632, 0.038760605609019866], [0.07627087478293762, 0.00851057463652914, 0.3990985009405222, 0.5161200495400148], [0.006857522440242232, 0.17366523701259476, 0.5220142370140595, 0.29746300343307996]], "ideal": "B", "sampled": "B", "correct": true}}
{"type": "result", "data": {"idx": 61, "options": ["China", "Silla", "Goguryeo", "Joseon"], "probs": [[0.38237095230451135, 0.3485740804390054, 0.184974656619146, 0.08408031053733701], [0.25438271034251075, 0.19988335343002442, 0.10612046258881182, 0.43961347353864255], [0.13263592139077843, 0.08985692482886094, 0.41156428839836356, 0.3659428652819803], [0.17005940023924898, 0.2552975996929422, 0.3950529509234536, 0.17959004904435408]], "ideal": "B", "sampled": "A", "correct": false}}
{"type": "result", "data": {"idx": 62, "options": ["Madhva", "Patanjali", "Ramanuja", "Aryabhatta"], "probs": [[0.015450803051456434, 0.915301064091013, 0.04559522079753779, 0.02365291195998871], [0.9554103558707726, 0.017686564310574117, 0.013979986397542, 0.012923093321090273], [0.0038981167206279363, 0.0022355092510373004, 0.006217564130695091, 0.987648809797622], [0.008146334080303113, 0.004127586401947072, 0.9678115732504149, 0.01991450616733429]], "ideal": "B", "sampled": "B", "correct": true}}
{"type": "result", "data": {"idx": 63, "options": ["It was visited by Moses.", "It is a haram.", "It was built by Abraham.", "It is a square building."], "probs": [[0.1643696202952771, 0.12603433247658574, 0.2449452403025715, 0.464650806825563], [0.181243179442326, 0.15268566827421995, 0.408453427640154, 0.2576177245432959], [0.14212645222254036, 0.15987156232040922, 0.2133771233221148, 0.4846248620349418], [0.2280718293224356, 0.13515472278548282, 0.30227443858253383, 0.3344990092095709]], "ideal": "A", "sampled": "D", "correct": false}}
{"type": "result", "data": {"idx": 64, "options": ["Parvati", "Ganesha", "Vishnu", "Sita"], "probs": [[0.014982008187663771, 0.9242195490017032, 0.0409783000156812, 0.019820142694937752], [0.9768370862634349, 0.008821435541554986, 0.006805185748492226, 0.00753629234652654], [0.010151812357793943, 0.003620283887104243, 0.015829251796879065, 0.970398651858242], [0.0065143723665405575, 0.007380296834855496, 0.9413475803303758, 0.04475775036822259]], "ideal": "B", "sampled": "B", "correct": true}}
{"type": "result", "data": {"idx": 65, "options": ["Sri Lakshmi", "Mahavira", "Rsabha", "Nanak"], "probs": [[0.090968017695036, 0.5657598217387456, 0.14639784661519004, 0.19687431385103843], [0.7185255615847288, 0.1005934450892631, 0.09959886567830094, 0.08128212754769357], [0.05317035640584705, 0.04306599390462579, 0.03375638534765887, 0.8700072642418476], [0.0780675864832875, 0.06898969394034424, 0.740343560455406, 0.1125991590209375]], "ideal": "C", "sampled": "B", "correct": false}}
{"type": "result", "data": {"idx": 66, "options": ["Ban Zhao", "Laozi", "Menicus", "Liu Xiang"], "probs": [[0.7764501668274518, 0.10361111110074925, 0.06323462088065748, 0.056704101091134135], [0.011685462287451551, 0.043397747477243426, 0.025297651151664654, 0.9196191389836462], [0.008738233336762432, 0.012411156684449783, 0.9394693220478639, 0.039381287830939395], [0.04069519052747738, 0.601526388456556, 0.19077138596572843, 0.16700703495024222]], "ideal": "A", "sampled": "A", "correct": true}}
{"type": "result", "data": {"idx": 67, "options": ["36,000", "12,000", "24,000", "7,000"], "probs": [[0.1355818012617214, 0.25519954532354205, 0.3598801556576198, 0.24933849765708813], [0.12269832027827243, 0.17297660305890505, 0.3959091738755911, 0.30841590268723973], [0.13442641553883922, 0.22699571823130943, 0.3005552512778452, 0.3380226148520064], [0.11735213315355648, 0.19187419753091214, 0.41589514455763554, 0.2748785246579023]], "ideal": "A", "sampled": "B", "correct": false}}
{"type": "result", "data": {"idx": 68, "options": ["Ultimate Reality", "The gurus", "The community", "Sikh worship"], "probs": [[0.8666730959811016, 0.0297574776627034, 0.04318054127416554, 0.060388884982028726], [0.007643486251359636, 0.006384867589043127, 0.018295083024393064, 0.9676765630352225], [0.010643976299352915, 0.013994058653470835, 0.8707043432550762, 0.10465762169210888], [0.022468844935442583, 0.8612046146307856, 0.059104598972517186, 0.05722194136123642]], "ideal": "A", "sampled": "A", "correct": true}}
{"type": "result", "data": {"idx": 69, "options": ["Sansar", "Hukam", "Mantar", "Karam"], "probs": [[0.027668865866345416, 0.8934800510981872, 0.04310575450357637, 0.03574532843190685], [0.933858432037648, 0.02169286201351839, 0.029569939886547925, 0.014878765962308872], [0.010313970020218794, 0.007430746989046879, 0.018647631100046032, 0.9636076517907122], [0.02355222647031414, 0.019544466609492713, 0.917513900370816, 0.039389406449394815]], "ideal": "B", "sampled": "B", "correct": true}}
{"type": "result", "data": {"idx": 70, "options": ["30", "29", "27", "47"], "probs": [[0.0383916180078228, 0.24050580698622795, 0.5681712464864308, 0.152931328419519], [0.049933984729825326, 0.1388242486794617, 0.08966117726842815, 0.7215805892222711], [0.03566871439089778, 0.054336258309814, 0.5613418410364165, 0.3486531861628499], [0.013501009813464766, 0.20437266768639195, 0.5916716783825691, 0.19045464401758372]], "ideal": "C", "sampled": "A", "correct": false}}
{"type": "result", "data": {"idx": 71, "options": ["Zen Buddhism", "Chan Buddhism", "Humanistic Buddhism", "Pure Land Buddhism"], "probs": [[0.11873050909197547, 0.06160180973826102, 0.7387590306211145, 0.08090865044866727], [0.03919103630967718, 0.043701761790846796, 0.012132285845861925, 0.9049749159536215], [0.27842415361703754, 0.027174769936439996, 0.5801573003563707, 0.11424377599014256], [0.03432838294089653, 0.10731110070634055, 0.588769646192637, 0.2695908700601101]], "ideal": "C", "sampled": "A", "correct": false}}
{"type": "result", "data": {"idx": 72, "options": ["They worshipped exclusively outside of the temple", "They believed that nakedness was an elemental expression of non-attachment", "They included women within the ranks of the leadership", "They believed that the omniscient Jina must eat and sleep"], "probs": [[0.04191698221391332, 0.8611143084486451, 0.06385919026446961, 0.03310951897296264], [0.9014922069128892, 0.03910389835468954, 0.019170383747973974, 0.040233510884422126], [0.004161318499821345, 0.0061040022079519194, 0.027110972146136263, 0.9626237070460971], [0.011569171652351795, 0.01534076095180518, 0.9034199183407053, 0.06967014895513332]], "ideal": "B", "sampled": "B", "correct": true}}
{"type": "result", "data": {"idx": 73, "options": ["Namokar Mantra", "The Liberation Mantra", "Ahimsa", "Archaryas"], "probs": [[0.9400981265147632, 0.03251057982322618, 0.017653811096642703, 0.009737482465345388], [0.013693072052359234, 0.01626607680828394, 0.011085858306327263, 0.9589549927330414], [0.008623776057031624, 0.0080477331825727, 0.920675886240643, 0.06265260441975892], [0.011163619202540007, 0.9351777952821038, 0.03654136967990234, 0.017117215735477087]], "ideal": "A", "sampled": "A", "correct": true}}
{"type": "result", "data": {"idx": 74, "options": ["Second century CE", "Fifth century CE", "Fifth century BCE", "Eighteenth century CE"], "probs": [[0.5048743913434901, 0.2123095801882835, 0.23659576636842541, 0.04622026199980135], [0.30829413448246934, 0.2008546942112332, 0.05617388121107847, 0.43467728999520927], [0.5663830829595284, 0.059364936008932966, 0.1988679223492086, 0.17538405858233252], [0.02837679524166286, 0.2177747622056263, 0.5430403327200538, 0.21080810973266303]], "ideal": "B", "sampled": "A", "correct": false}}
{"type": "result", "data": {"idx": 75, "options": ["7", "42", "24", "13"], "probs": [[0.1382656092950189, 0.1876342146871084, 0.33184060873338406, 0.3422595671845109], [0.07887081781216612, 0.1112927871784093, 0.4830535310684312, 0.3267828638410146], [0.13084940687949237, 0.222674949260536, 0.4604625255033015, 0.18601311825665914], [0.16928031926354273, 0.2683350546503714, 0.23875019701057557, 0.3236344289754895]], "ideal": "C", "sampled": "D", "correct": false}}
