{"type": "result", "data": {"idx": 0, "options": ["Loop gain should be unity", "Loop gain should be less than unity", "The phase of a feedback signal with respect to input should be 0\u00b0 or 360\u00b0", "Both A and C"], "probs": [[0.3592385103190298, 0.3050202258459794, 0.17869964243775113, 0.15704162129722965], [0.4750697944656629, 0.23816783752476475, 0.12869277262923023, 0.1580695952803329], [0.3801933533160214, 0.30620038490713813, 0.16793843855060178, 0.14566782312624516], [0.4547053641638409, 0.29110472542364035, 0.12755081392028259, 0.1266390963922422], [0.4721267808692729, 0.2542950971538336, 0.12869734557308465, 0.1448807763038078], [0.446140664197141, 0.29184327949631866, 0.13659377510456325, 0.1254222811019901], [0.3607060248332275, 0.3287099028074288, 0.16538602101150976, 0.1451980512478254], [0.4650339114578357, 0.25354354877177526, 0.12201882901641506, 0.15940371065397121], [0.3819993560009178, 0.33656500105639736, 0.1423254880490303, 0.13911015479363725], [0.46578185027771457, 0.29702405461060244, 0.10796356167164664, 0.12923053334002493], [0.49170414726320594, 0.2660384517957187, 0.10640291068184309, 0.13585449015922627], [0.4806582735888016, 0.294832311831878, 0.11194356876852764, 0.112565845710792], [0.3946518941297792, 0.32358552757755404, 0.1443811537854039, 0.13738142440725695], [0.4467858112847231, 0.27883068838293057, 0.13959911426671875, 0.1347843859656551], [0.4004657216736497, 0.3240360442296375, 0.13605791063982395, 0.13944032335689505], [0.46578191933540214, 0.2679600370163423, 0.12506227258483696, 0.1411957709634056], [0.48547657497633995, 0.2769458433131313, 0.10006585572719141, 0.13751172588334853], [0.4989636460277318, 0.27673427162674885, 0.10008301320272989, 0.12421906904279442], [0.3948133023340624, 0.21087725675930993, 0.20698097402017612, 0.18732846678643503], [0.38247432772068685, 0.24829748237870974, 0.234375993654455, 0.13485219614615276], [0.41480156226406023, 0.21585901768667348, 0.17934470331138236, 0.18999471663788414], [0.41323364622653774, 0.23876813064459554, 0.21497329885221061, 0.13302492417666936], [0.4237780000459587, 0.2950859755631269, 0.11122396189091627, 0.16991206239999287], [0.4432807744408715, 0.28431770463764183, 0.11531906913673624, 0.1570824516847582]], "ideal": "D", "sampled": "C", "correct": false}}
{"type": "result", "data": {"idx": 1, "options": ["It loads the circuit moderately.", "It loads the circuit to maximum extent.", "It uses centre zero galvanometer instead of voltmeter.", "It does not load the circuit at all."], "probs": [[0.33968724611609447, 0.31173099932721954, 0.21712900384819026, 0.13145275060849232], [0.3150068377742219, 0.28658059166564925, 0.22293010940167204, 0.17548246105845736], [0.3634392492068885, 0.3311085217371588, 0.18669388532832015, 0.11875834362761782], [0.3487757854611703, 0.33990787490475804, 0.1981837070963616, 0.11313263243768662], [0.3205691747527128, 0.2987419081931987, 0.19423840449850482, 0.18645051245559657], [0.3264852120454693, 0.3298304695643938, 0.20489094291532933, 0.1387933753748002], [0.31881319568714517, 0.2981634209412774, 0.24551807973137135, 0.1375053035402298], [0.2995950741031361, 0.2774910426802001, 0.2428177156254452, 0.18009616749121965], [0.3692551926507295, 0.32908876722840913, 0.1871378786949223, 0.11451816132593066], [0.36701001477426975, 0.3217106624369401, 0.20057088521446212, 0.11070843747432531], [0.3184440152915736, 0.2831620968491316, 0.2034694903569747, 0.1949243974023153], [0.3460720035363811, 0.30785170076886925, 0.21375213646989308, 0.13232415912484435], [0.4103785208327993, 0.3169756002915736, 0.177339868572153, 0.09530601020346613], [0.40300904693903594, 0.3286746468220986, 0.1813392161646599, 0.08697708997419556], [0.38857436305087045, 0.30296398095439364, 0.1904949909922006, 0.11796666490253782], [0.3899683493560369, 0.309018366378342, 0.20233026161722292, 0.09868302254841525], [0.44211147543598167, 0.30812986850420626, 0.1485310414693702, 0.10122761449042751], [0.4301225912328518, 0.32351488881006996, 0.15969983172710406, 0.08666268812997127], [0.3262021452363906, 0.26402505791340863, 0.23005794097935545, 0.17971485577084853], [0.3274202955440501, 0.29310810741835297, 0.2430304410641169, 0.13644115587348576], [0.31769963721358346, 0.26163371910899513, 0.23443939920813128, 0.18622724436928986], [0.34509054581327664, 0.2919598558184696, 0.24279384375696506, 0.12015575451128227], [0.38633170713886245, 0.3119653595113789, 0.18297019030392822, 0.1187327429458218], [0.38712336586574286, 0.3102925439805262, 0.1928275955614057, 0.10975649449230944]], "ideal": "D", "sampled": "C", "correct": false}}
{"type": "result", "data": {"idx": 2, "options": ["NOR, NAND.", "XOR, NOR, NAND.", "OR, NOT, AND.", "NOR, NAND, XNOR."], "probs": [[0.4236972162603357, 0.3074532630356856, 0.14997535666054213, 0.11887416394343749], [0.43656110010260935, 0.3105707919615952, 0.1479947589459057, 0.10487334888990561], [0.3917549802077001, 0.3121296289802114, 0.1852873716243447, 0.11082801908773098], [0.3911707910929977, 0.316206401640975, 0.17889120397001623, 0.11373160319602009], [0.4227458684936184, 0.3292090920196071, 0.14241243047230528, 0.1056326089144592], [0.39050772291415625, 0.33604855139703, 0.1477843691418589, 0.1256593564469443], [0.42073764380394985, 0.2773931393729939, 0.14618731789157843, 0.15568189883148303], [0.4440752104600663, 0.2814761555118109, 0.1482247929607227, 0.12622384096742617], [0.41732577106143726, 0.272508972020158, 0.17048174497398036, 0.13968351184442873], [0.41241607250121737, 0.2851926735858596, 0.1810912765565613, 0.12129997725636929], [0.4214236503042453, 0.2773615064159899, 0.16227954742130338, 0.13893529575847274], [0.3898210130390068, 0.2948041424055279, 0.16918289520909977, 0.1461919492463435], [0.4054034302497729, 0.30673719229283136, 0.16855093127874626, 0.1193084460786441], [0.4013977651113164, 0.31472189181920757, 0.15910710943610443, 0.12477323353338773], [0.3951973782219749, 0.2935825960662029, 0.16979383770285575, 0.14142618790894848], [0.3887520543168728, 0.3059677313109905, 0.17963869562244558, 0.1256415186496944], [0.4004951291334125, 0.320394827784362, 0.1608470660440534, 0.11826297693817338], [0.4068414653052355, 0.31233563336419307, 0.16121559955814616, 0.11960730167242793], [0.4521302061801529, 0.3190059913640578, 0.1279128848836198, 0.10095091747215161], [0.40960209047086243, 0.33193313325111934, 0.13144624850743972, 0.12701852767056665], [0.4375913113983527, 0.3084123824682609, 0.14068452825147235, 0.11331177778191719], [0.40188738138614555, 0.3225383272719102, 0.14518452062585782, 0.1303897706161035], [0.41759512294743684, 0.32308199852647557, 0.15620137456424874, 0.10312150386184053], [0.40479368314736935, 0.3205632839322702, 0.16373287862242655, 0.11091015419795872]], "ideal": "A", "sampled": "D", "correct": false}}
{"type": "result", "data": {"idx": 3, "options": ["30\u00b0 to 150\u00b0.", "30\u00b0 to 180\u00b0.", "60\u00b0 to 120\u00b0.", "60\u00b0 to 180\u00b0."], "probs": [[0.35273149471881104, 0.3027019616679501, 0.19834257269972877, 0.14622397081351363], [0.3748010709007253, 0.31353318517523515, 0.19179622985482406, 0.11986951396920124], [0.33290650212626743, 0.3016876111637253, 0.20625070362501957, 0.1591551829849965], [0.3444689924090813, 0.29809580726970564, 0.19445639652265828, 0.16297880369854334], [0.38401282632000533, 0.323734186802134, 0.18883475035288505, 0.10341823642497999], [0.3615707163949679, 0.2985846198446886, 0.17991929892285005, 0.1599253647374861], [0.3776520215446002, 0.30661102917495475, 0.17867184831053057, 0.13706510086992], [0.3961661920244318, 0.313172777870452, 0.1752300633201056, 0.11543096668503135], [0.36592756832999995, 0.3029481677211774, 0.19015175355130642, 0.14097251029751612], [0.3766732819529952, 0.31785050286476363, 0.18844565792376422, 0.11703055715847686], [0.3869270955151499, 0.3124736617864662, 0.17709366161286766, 0.12350558098552894], [0.3886865369637671, 0.30982781631336404, 0.17075569143893973, 0.1307299551839238], [0.3525709923211369, 0.3164645154896867, 0.18775635029731716, 0.143208141791841], [0.3458939805406889, 0.30734829004651315, 0.18782694194517932, 0.1589307873676166], [0.36885399976453354, 0.3168749438705995, 0.17402921001113594, 0.1402418462537402], [0.3899069678943488, 0.33059912971887634, 0.17637550347340367, 0.10311839881336614], [0.34690966665953205, 0.3095809843234991, 0.1848058177611832, 0.1587035311557736], [0.3816198112854569, 0.3240187756855363, 0.1772486382789509, 0.11711277465004569], [0.37373722138756166, 0.33690886785025514, 0.1806274826043638, 0.10872642805782629], [0.37911686317044563, 0.314186852004593, 0.16975349018613925, 0.136942794538827], [0.3882425672763206, 0.3262372646790218, 0.16674832327057762, 0.1187718446740699], [0.39821650965567895, 0.3181361212260701, 0.16317963497639917, 0.12046773404184775], [0.3673889270022818, 0.30978675149487933, 0.17892038893900886, 0.14390393246383038], [0.3927423800432429, 0.31683309922711256, 0.174506043301172, 0.11591847732849073]], "ideal": "A", "sampled": "B", "correct": false}}
{"type": "result", "data": {"idx": 4, "options": ["Data Box.", "Logical box.", "Decision box.", "State box."], "probs": [[0.31547498277296837, 0.33773482115106485, 0.2100462161974674, 0.136743979778502], [0.31495158570952103, 0.3354937929857217, 0.21257979243729547, 0.1369748287674696], [0.3059818311268249, 0.3411928753989783, 0.20555532901461102, 0.1472699643595757], [0.3089818328366269, 0.3464047354079231, 0.2068454440784832, 0.13776798757694322], [0.3110444323332805, 0.34575632292262226, 0.1922927633896359, 0.15090648125445974], [0.3116017269564329, 0.35585801957990426, 0.19076982283628738, 0.1417704305273629], [0.3086945698448593, 0.3431857231008245, 0.20461309486281484, 0.1435066120914934], [0.3037382965601823, 0.34236738516548987, 0.2074881317750259, 0.14640618639930922], [0.31190639533330733, 0.34836187830555293, 0.2056208661041738, 0.134110860156948], [0.32261833954604935, 0.34563076190769876, 0.2036429381107716, 0.12810796033547706], [0.31033809838427845, 0.3521477320099565, 0.19953882609784676, 0.1379753434079181], [0.3189184768659079, 0.35414419668733693, 0.19566684116167854, 0.13127048518508108], [0.31746529018857483, 0.33409603888054895, 0.20654443824871188, 0.14189423258216377], [0.32063239328303617, 0.3380010629503381, 0.20619627491013326, 0.13517026875650415], [0.32507147549271204, 0.33560295393050127, 0.21354628996315347, 0.1257792805136282], [0.3323792597565271, 0.33435853222945777, 0.2121929335087706, 0.12106927440524849], [0.33065595409693443, 0.350470650256857, 0.19347794858550993, 0.12539544696070243], [0.33101769618520543, 0.34252850779703553, 0.19477061191138434, 0.1316831840063439], [0.33596256080307735, 0.3191138405877166, 0.19376779262518384, 0.15115580588402272], [0.33941321044302336, 0.32428059141570686, 0.19161387978151526, 0.14469231825975634], [0.34121399408101066, 0.31678381846779313, 0.20998231869335132, 0.132019868657817], [0.3502001195300878, 0.3169867685335265, 0.20630857928244672, 0.12650453255394054], [0.3426713517964229, 0.32606519302414916, 0.19399445203613588, 0.13726900304328019], [0.3457591870555002, 0.32011916077441466, 0.19406968311673667, 0.1400519689533651]], "ideal": "C", "sampled": "D", "correct": false}}
{"type": "result", "data": {"idx": 5, "options": ["same as that produced by one plate.", "double the field produced by one plate.", "dependent on coordinates of field points.", "zero."], "probs": [[0.4364446235922067, 0.32876248208656056, 0.15645984959152648, 0.07833304462970257], [0.4461951105091271, 0.33072235437787234, 0.14449520066074623, 0.0785873343522552], [0.41174071558936787, 0.312847161300254, 0.18993799748726736, 0.08547412552310607], [0.4229854355892551, 0.30774351715380427, 0.16844781055909508, 0.10082323659783671], [0.43513786995580134, 0.3006068179737703, 0.1801894370550852, 0.08406587491534985], [0.41698323655979136, 0.2949281712206372, 0.18699012871994447, 0.10109846339965212], [0.44377966655127726, 0.31627766470027086, 0.15927956983937128, 0.08066309880907852], [0.45133624328658456, 0.3223908985717181, 0.14450303195241906, 0.08176982608928028], [0.4335403686290403, 0.2991971196193868, 0.18537262604001947, 0.08188988561155128], [0.4376054879982644, 0.3016027448013261, 0.16382339853494907, 0.09696836856547908], [0.44814154511295046, 0.30429710577121316, 0.16140146277513237, 0.08615988624071558], [0.4517577102474753, 0.3000465116921721, 0.15183233649360678, 0.0963634414667282], [0.3655551654907235, 0.35266984950056757, 0.20097130945979783, 0.08080367544892424], [0.37654481531160583, 0.3399877513423063, 0.18046075134371534, 0.10300668190238335], [0.377835917599868, 0.3370851106968135, 0.20408402179976137, 0.08099494980355224], [0.3872694808522693, 0.3350689411519428, 0.18128623462982565, 0.09637534326597597], [0.3655730757288307, 0.3248507967214917, 0.20272472870787184, 0.1068513987418072], [0.3689851460908104, 0.32190427299972774, 0.19952847837575308, 0.10958210243370854], [0.3979597419099035, 0.3457753935007233, 0.17465156257956993, 0.0816133019098142], [0.3872572130422791, 0.3335970616269751, 0.1787007567040136, 0.10044496852673306], [0.40631480871253245, 0.33431786411085446, 0.17603520564078354, 0.08333212143583547], [0.41194951493992515, 0.3365497866519687, 0.1656601218940541, 0.0858405764140598], [0.3515711949245684, 0.31844502432574195, 0.21870629516398482, 0.11127748548571398], [0.3478877711667705, 0.32550170764980535, 0.21450330830020659, 0.11210721278322396]], "ideal": "D", "sampled": "B", "correct": false}}
{"type": "result", "data": {"idx": 6, "options": ["Low.", "Very low.", "High.", "Almost zero."], "probs": [[0.36660232581697433, 0.25840151859536564, 0.24443457130528723, 0.13056158418237343], [0.35565428833406026, 0.25574543702609276, 0.23126930349721186, 0.15733097104262064], [0.3688973904662014, 0.2794776236577356, 0.20930751083169905, 0.14231747494434363], [0.3612779048339595, 0.2799345915430883, 0.19840970077194414, 0.16037780275099603], [0.37383912179523743, 0.2612689804511015, 0.2320394030899563, 0.13285249456372378], [0.3829638096144857, 0.25889064871244644, 0.23943396436571876, 0.11871157720734969], [0.35463586438234784, 0.2772048615904465, 0.2462675081844649, 0.12189176574274024], [0.35288598560675377, 0.28059219875428726, 0.23035495567827968, 0.13616685986068489], [0.3677663714391655, 0.28765967344670185, 0.22191338967933752, 0.12266056533480763], [0.32727579645625465, 0.279165533609896, 0.22635466636141388, 0.1672040034724316], [0.36758145099259726, 0.279407310644801, 0.2259842503970038, 0.12702698786559036], [0.32784384105442427, 0.26921526492320175, 0.27613284795040927, 0.12680804597193385], [0.3631861182937852, 0.2794179118814761, 0.21401245515787645, 0.14338351456686166], [0.3639189588504528, 0.28381496389298505, 0.20351009828943842, 0.14875597886712227], [0.3700299326212205, 0.286009091531285, 0.21840915999029187, 0.12555181575719926], [0.3565898200184507, 0.2869869598698741, 0.2107167614893788, 0.14570645852229341], [0.3886341039444507, 0.2660155314068832, 0.2130658097573194, 0.13228455479133047], [0.36469354423337963, 0.28042699667682464, 0.2239351699997472, 0.1309442889900321], [0.320124015955814, 0.29911568521301524, 0.2518155788754176, 0.1289447198557684], [0.3538637358196667, 0.30257194987115177, 0.2326813785135112, 0.11088293569567803], [0.3241130485313619, 0.31066907337173993, 0.2401476946196559, 0.1250701833772332], [0.3104099826153912, 0.3016134513746641, 0.27189381335514407, 0.11608275255479901], [0.3068410930918458, 0.29022246584330935, 0.26025660170469794, 0.14267983926011982], [0.2974814244062784, 0.2945474226082492, 0.2662982598563205, 0.14167289302914912]], "ideal": "C", "sampled": "C", "correct": true}}
{"type": "result", "data": {"idx": 7, "options": ["Amplitude stability", "Frequency stability", "Power stability", "Both A and B"], "probs": [[0.3417730766466501, 0.26047185911044585, 0.11359585707593652, 0.28415920706699155], [0.3857784591441113, 0.27370053662071775, 0.17815034524440332, 0.16237065889077473], [0.3486733366286381, 0.2573467543601947, 0.10537367595011111, 0.28860623296106025], [0.3853831191583137, 0.26326431296629776, 0.16891593374346595, 0.18243663403190596], [0.39825151288945204, 0.27176456996332676, 0.1135124896417961, 0.21647142740543007], [0.3987870357901053, 0.2693533657054367, 0.11609417572537521, 0.215765422679078], [0.3423438249584864, 0.2502814033654497, 0.11410976030514329, 0.2932650112709171], [0.3955445550945301, 0.2590534488980789, 0.17668155146930573, 0.1687204444380896], [0.3555310926831272, 0.24661984868246645, 0.09750246594434644, 0.3003465925900554], [0.3687760191621786, 0.2574050837006929, 0.17269797005000675, 0.20112092698710343], [0.38992561549473426, 0.2688192556373611, 0.11844841802494703, 0.2228067107429669], [0.39092475755320366, 0.262975079381583, 0.11351261882629858, 0.23258754413891908], [0.3573950528282355, 0.25607909846857274, 0.10871269664350026, 0.2778131519597134], [0.40682083472546865, 0.25761656442268155, 0.16376946539158937, 0.1717931353602553], [0.3662954023195664, 0.2576221904485699, 0.10257935793728501, 0.27350304919457097], [0.3874821745305915, 0.26246769934278286, 0.1689998335220229, 0.18105029250461152], [0.39805212036982085, 0.2664231672861552, 0.11585295595974053, 0.2196717562842791], [0.3997614739003822, 0.2659361706478134, 0.10559397732564951, 0.22870837802614982], [0.42543017341097683, 0.24958444436265567, 0.1519486510511983, 0.17303673107516032], [0.42567411049108717, 0.24543134881407278, 0.15317140158213444, 0.17572313901269815], [0.4378291547664158, 0.24980205110912768, 0.13898209816063284, 0.17338669586382272], [0.4312364372496414, 0.24052201195139314, 0.1327548048366267, 0.19548674586233844], [0.4371000261044011, 0.24235155848837586, 0.14643210016140826, 0.17411631514581646], [0.431239541048778, 0.24137485034150608, 0.13934996759757315, 0.18803564091214484]], "ideal": "D", "sampled": "D", "correct": true}}
{"type": "result", "data": {"idx": 8, "options": ["1.5 KV.", "15 KV.", "33 KV.", "66 KV."], "probs": [[0.31787114992978915, 0.2954098067311623, 0.2771559321150861, 0.10956311112399275], [0.31793074883052047, 0.3054766388956249, 0.27183307376482296, 0.1047595384090421], [0.31967519918375875, 0.29867034944162585, 0.2813990064680675, 0.10025544480655138], [0.3147537706539095, 0.30571474558751105, 0.2723299956038556, 0.10720148805473986], [0.321689684508234, 0.3041010449994535, 0.2675239264917146, 0.10668534390057913], [0.3187012299326314, 0.3079486366135177, 0.26625775132457175, 0.10709238202928222], [0.3389311235216116, 0.3076727089897129, 0.23666818798894812, 0.11672797939973802], [0.33301109637392584, 0.3171395919797584, 0.2344257250305035, 0.11542358651583869], [0.32484229062481645, 0.3026144041065915, 0.2665348246676522, 0.10600848050093038], [0.3317016410619349, 0.3072732917177484, 0.2477443541094474, 0.11328071301085617], [0.32356260093610834, 0.30036246576249837, 0.2635544415131854, 0.11252049168821338], [0.33534600442691376, 0.30481097801526097, 0.24772968715352067, 0.11211333030429667], [0.3399710031172401, 0.31090500637820917, 0.23890848476736581, 0.11021550563717536], [0.33061045600171063, 0.31204995076010167, 0.24287880354820615, 0.11446078958999546], [0.3391952646470161, 0.3142840232732549, 0.2359525113710297, 0.11056820060870448], [0.3477637093131828, 0.3145475627862308, 0.22607667235697027, 0.11161205544361605], [0.31802562070629564, 0.30019141269941085, 0.2675256989265892, 0.11425726756768648], [0.33819687497959394, 0.3010774085157408, 0.2530350426009395, 0.10769067380373842], [0.33309310512398665, 0.3157527475372095, 0.23582477427448606, 0.11532937296431711], [0.3328297329419124, 0.31182316716668196, 0.24203976082234713, 0.11330733896906627], [0.33547244647174573, 0.3166689212186144, 0.23322199462169885, 0.11463663758796133], [0.35000672723411275, 0.3089666896441987, 0.22708101078330398, 0.11394557223837144], [0.32309981131824705, 0.31430070062392546, 0.2447604032621369, 0.1178390846956902], [0.34292462272000973, 0.3140962684328068, 0.2302542547902367, 0.11272485395693321]], "ideal": "A", "sampled": "B", "correct": false}}
{"type": "result", "data": {"idx": 9, "options": ["1MHz to 500 MHz", "100 KHz to 500 MHz", "1 KHz to 1 MHz", "1MHz to 100 GHz"], "probs": [[0.3458056612858502, 0.3659067688080648, 0.17264308236394732, 0.11564448744214108], [0.36608717572455085, 0.35537965720513837, 0.1658937008435575, 0.11263946612675421], [0.34301272814964423, 0.36553218035696233, 0.18282103369451508, 0.10863405769890014], [0.34309656547139994, 0.35657261301268595, 0.17895686635401054, 0.1213739550619024], [0.3552960820195111, 0.35630641709400984, 0.17528240746934695, 0.11311509331714034], [0.3438657216109198, 0.3480516086599765, 0.17483975992521977, 0.13324290970388464], [0.32526956960496467, 0.35487609544506926, 0.1956043447568229, 0.12424999009314255], [0.333753965970117, 0.3508829769524118, 0.1935911505081388, 0.121771906469346], [0.32525923256768907, 0.3656099075167356, 0.19032822159937374, 0.1188026382162004], [0.3096666444566667, 0.36100536323365967, 0.19571820807738854, 0.13360978413225758], [0.3303628875840191, 0.34797717090028546, 0.20006368559859466, 0.12159625581709443], [0.3029552654133998, 0.3467034498590131, 0.19808635513771397, 0.15225492948988176], [0.3193639225645846, 0.36534472366421855, 0.1999767567647885, 0.11531459690641949], [0.3017647430866395, 0.35090256508347983, 0.20178111013211686, 0.14555158159776627], [0.3281648676715199, 0.3734180458788145, 0.18505659357160079, 0.11336049277807507], [0.2868637038277894, 0.376805460558555, 0.20189232475677021, 0.1344385107568792], [0.3032566496372942, 0.3445924889925359, 0.20193736188590491, 0.15021349938426146], [0.2888092826425699, 0.3572531062518077, 0.21119202858085398, 0.14274558242477062], [0.33524191693558, 0.343579622996337, 0.1906608060394504, 0.13051765392863873], [0.3208218626519722, 0.3418635708365505, 0.1884678136650717, 0.1488467527464165], [0.34748043902298015, 0.3533809373425874, 0.17869218930208375, 0.12044643423235077], [0.2968805526260432, 0.357992384961603, 0.1858850768389583, 0.15924198547339347], [0.3244908763148138, 0.34578458498641607, 0.1852744820422644, 0.1444500565565054], [0.3014943820150927, 0.3506257516591213, 0.19183646851990002, 0.15604339770588524]], "ideal": "A", "sampled": "A", "correct": true}}
{"type": "result", "data": {"idx": 10, "options": ["High resistance when forward or reverse biased", "Low resistance when forward biased, while high resistance when reverse bias", "High resistance when forward biased, while low resistance when reverse bias", "Low resistance when forward or reverse biased"], "probs": [[0.34102215708489025, 0.35204489536334405, 0.21034793633741256, 0.09658501111435047], [0.3711240206310773, 0.3640731952566083, 0.16246763626011684, 0.10233514775218638], [0.3322245214347615, 0.3432457608852833, 0.22464831193932652, 0.09988140564062448], [0.3586447569998833, 0.35820296263291296, 0.1698185543450638, 0.1133337259221389], [0.3126652633494806, 0.3605748656015817, 0.1992174880792082, 0.1275423828697328], [0.31905631168107723, 0.3659960915339513, 0.19301041578303677, 0.12193718090192776], [0.3415484889276714, 0.3941197943257759, 0.17860715103969915, 0.08572456560684717], [0.38380649954662227, 0.37285379431785975, 0.14253620606273468, 0.10080349997278333], [0.35104974759806906, 0.40214768857175776, 0.14471832820992883, 0.10208423552023814], [0.3810830031718929, 0.40701131411400915, 0.1260148073778382, 0.08589087523626183], [0.3673623381604785, 0.37986503401577665, 0.14960387369923284, 0.10316875402453088], [0.3509994752740396, 0.4008642976429593, 0.1670755409262268, 0.0810606860567874], [0.33612394429324527, 0.3991796013359961, 0.17856270498494217, 0.08613374928581638], [0.34835159329977927, 0.37991109793423866, 0.16000612704786107, 0.11173118161812574], [0.358159075796535, 0.3960642849899727, 0.14875785045504145, 0.09701878865843638], [0.36055975417678665, 0.40921267899807395, 0.1395735251272016, 0.09065404159793528], [0.3693902315883419, 0.3743174119697748, 0.1513367503882872, 0.10495560595359565], [0.34881887498349284, 0.40308998821513625, 0.17050743810409805, 0.07758369859728251], [0.35122559623690597, 0.36175320056461013, 0.1795244746596716, 0.10749672843882593], [0.337050386130675, 0.3529528425137437, 0.1917519661409565, 0.11824480511464544], [0.3827902657120487, 0.36035327528898936, 0.15318299769485677, 0.10367346120411837], [0.34809757308223827, 0.35252364437015254, 0.20584628823347767, 0.09353249421413534], [0.3808213933202901, 0.36155691993661593, 0.15157685381971703, 0.10604483282339046], [0.3639898390902591, 0.3781853311162209, 0.1710109696873174, 0.08681386000620306]], "ideal": "B", "sampled": "B", "correct": true}}
{"type": "result", "data": {"idx": 11, "options": ["Zinc silicate.", "Calcium silicate.", "Zinc sulphide.", "Magnesium silicate."], "probs": [[0.32654256276372284, 0.29973331391523916, 0.26769296595720543, 0.1060311572638493], [0.3662177675495678, 0.28884501250722827, 0.24118458758535424, 0.10375263225784202], [0.325872104495505, 0.29809240616760635, 0.27047029913893555, 0.10556519009795522], [0.3419967744358347, 0.29516424415185216, 0.2575185973157432, 0.10532038399657097], [0.3711225910382376, 0.2881355244860596, 0.24266485125548287, 0.09807703312020742], [0.3480947681504431, 0.2922207394996503, 0.2557731064071953, 0.10391138584271163], [0.3185604793314594, 0.30640864923487177, 0.2579778984867162, 0.11705297284694087], [0.34781235871864846, 0.29904271770199153, 0.240378545562969, 0.11276637791640261], [0.35882909807720664, 0.28387966572863416, 0.2525338660202909, 0.10475737007386424], [0.29942090979183, 0.24046587048550516, 0.24636785841442782, 0.21374536120825224], [0.34267431363960704, 0.30073660322946855, 0.25085217671559495, 0.10573690631533712], [0.2821146594635441, 0.24745669361141495, 0.2517726074405284, 0.21865603938451117], [0.30507555926262786, 0.31443060166852804, 0.26602497412938275, 0.11446886483946928], [0.30703309996065575, 0.31247846128256124, 0.26260061566278536, 0.11788782299400206], [0.3320221475983517, 0.29589912062544177, 0.2723752806366466, 0.09970345103953847], [0.29977281715378495, 0.25606605778379504, 0.2419469569493738, 0.20221416801302794], [0.3395340159415172, 0.2899853787372502, 0.27110235039731045, 0.09937825482392058], [0.3053196074676105, 0.26162459413761663, 0.24408059646245403, 0.18897520183232178], [0.38090464911469524, 0.2854605639467058, 0.23067169131966406, 0.10296309551891739], [0.3603612379050416, 0.29104577042072427, 0.237582855606909, 0.11101013596730717], [0.36837147117654506, 0.2954057507486121, 0.23303919101325274, 0.10318358696158426], [0.29991269795510345, 0.25182661941289186, 0.2483182084291139, 0.19994247410289862], [0.40692616641410123, 0.2731255703253357, 0.22710791995128954, 0.09284034320927818], [0.32458133351384466, 0.24181401963268703, 0.24379639389249558, 0.18980825286098257]], "ideal": "D", "sampled": "A", "correct": false}}
{"type": "result", "data": {"idx": 12, "options": ["1", "2", "3", "4"], "probs": [[0.21071741060771376, 0.36570422872827035, 0.2917733712168036, 0.13180498934720777], [0.2383044173708899, 0.3646995387756273, 0.295426579109256, 0.1015694646442236], [0.2604672800719011, 0.36842515335227033, 0.2949937885778383, 0.07611377789797592], [0.22390674052020118, 0.3456647330959496, 0.30057684169769233, 0.1298516845861424], [0.2779674055745106, 0.38053247393963624, 0.26632209635073945, 0.07517802403512296], [0.26994558818839964, 0.3598087519263804, 0.2597604040528887, 0.11048525573232597], [0.3105452622950883, 0.39772376394811976, 0.21384665929999458, 0.07788431435679183], [0.3075700270379642, 0.39889677106115434, 0.22420666305288514, 0.06932653874799681], [0.296575125836016, 0.382531035622528, 0.26293132166546856, 0.057962516775995704], [0.23015411004681344, 0.3747644424945433, 0.2820190491646522, 0.11306239819397522], [0.31252362261777417, 0.381401007559493, 0.2403987419454474, 0.06567662777726718], [0.2816578542882176, 0.3839694496859088, 0.24117635486356342, 0.09319634106231243], [0.29832825542571634, 0.39088517804786693, 0.23167926909147665, 0.07910729733493112], [0.28333492249848885, 0.38514374251214756, 0.23564600712780998, 0.09587532776157019], [0.3019875965658969, 0.3642535425159265, 0.2612475887969806, 0.07251127202118893], [0.24894272285241226, 0.36762468397523373, 0.27367778290382755, 0.10975481016852129], [0.28967911916739086, 0.37024782372215886, 0.2452991338652378, 0.09477392314523089], [0.2660553750559053, 0.3867029654932613, 0.25012526610963975, 0.0971163932411881], [0.33172556735534336, 0.3886245438077426, 0.2068440964714982, 0.0728057922654177], [0.33177612291174746, 0.37498124494513974, 0.19807420469443146, 0.09516842734867116], [0.3468935274183063, 0.3803383741692464, 0.21809814895554175, 0.05466994935690107], [0.29994359521751457, 0.3700056404382521, 0.225380970453891, 0.10466979379035128], [0.3395622325514849, 0.3505280548672541, 0.2299551512824871, 0.07995456119877174], [0.2940594696350636, 0.35239506752009375, 0.2508983141906151, 0.10264714855424609]], "ideal": "D", "sampled": "D", "correct": true}}
{"type": "result", "data": {"idx": 13, "options": ["collecting of current", "reduce losses", "increase efficiency", "convert AC armature current in to DC"], "probs": [[0.28878289188440637, 0.3069193426555943, 0.2248035307020702, 0.17949423465792283], [0.299038431991086, 0.3272086214436565, 0.24276517180052554, 0.13098777466472616], [0.3117571549405425, 0.31620756362445673, 0.20109304391087915, 0.1709422374241116], [0.3236926306836939, 0.33792347607452955, 0.21571791381462727, 0.12266597932714257], [0.3187891426993244, 0.35454611443925793, 0.20644344736352843, 0.12022129539789786], [0.3312067488410341, 0.3527742343621393, 0.19918051562874078, 0.11683850106809839], [0.29413129320326575, 0.2922164040251501, 0.23760385526578828, 0.17604844740579423], [0.30462999843232547, 0.30394835634253237, 0.2593532518079744, 0.13206839331716724], [0.32005881256441676, 0.30789059461520235, 0.20501790711086382, 0.16703268560950982], [0.3435070124767739, 0.3201059490544957, 0.21773872366603716, 0.11864831470269713], [0.3345247329657565, 0.33753592139943944, 0.20309944347915582, 0.12483990205562963], [0.33596636870827207, 0.33213061031780006, 0.2065198354902381, 0.12538318538368146], [0.28071601907982274, 0.2668343784458736, 0.25378299230957985, 0.1986666100647284], [0.30365010312712226, 0.2822062201759853, 0.27914502214282505, 0.13499865445407055], [0.29922011220879313, 0.26530963738186303, 0.2532161385773204, 0.18225411173203765], [0.3278716958527876, 0.2744144694593593, 0.270640075732607, 0.12707375885524633], [0.34106105719414875, 0.3167090472059669, 0.21491032367579085, 0.12731957182409426], [0.337219190723481, 0.3104235012417009, 0.219874014122657, 0.13248329381215107], [0.3259152223283407, 0.3817149129410757, 0.18116972788049987, 0.11120013675008066], [0.3409744560214011, 0.3772054197852056, 0.17377069597711622, 0.1080494281162908], [0.322457595999376, 0.3823887088210552, 0.1820133713141499, 0.11314032376542972], [0.33324172508349864, 0.3770570350471701, 0.17923335304962063, 0.11046788671971514], [0.33178951802641626, 0.3883075231948451, 0.16503767775945158, 0.11486528091927706], [0.3340628705356307, 0.3842424726218059, 0.16496754640728628, 0.11672711033525313]], "ideal": "D", "sampled": "D", "correct": true}}
{"type": "result", "data": {"idx": 14, "options": ["1 ohm of resistance", "ratio of 1 V to 1 C", "ratio of 1 C to 1 V", "none of these"], "probs": [[0.35904317665724284, 0.30336492552068495, 0.21869068484481957, 0.11890121287724771], [0.3717232409175412, 0.301638050926243, 0.1918077007866457, 0.13483100726957142], [0.3531563267529503, 0.3028561486603154, 0.21855928934694632, 0.12542823513979193], [0.37420959954310246, 0.2960560364496126, 0.19598389492916893, 0.1337504689781049], [0.344689461394874, 0.32076210240020264, 0.16817123767233547, 0.16637719843257134], [0.3497346177561208, 0.3187292359722828, 0.17838724237332143, 0.15314890379828228], [0.34710900367623193, 0.3739764282833547, 0.18376018875344638, 0.09515437918695355], [0.36223220506869913, 0.36687113796107335, 0.15614660991059454, 0.11475004695962734], [0.31872422429753683, 0.3597620541001305, 0.22331998681275841, 0.09819373468957848], [0.3510126587888113, 0.3732335074087567, 0.18878553838065013, 0.08696829532177865], [0.3578149663656529, 0.377597467214673, 0.12999768198129347, 0.13458988433838137], [0.35810322514611437, 0.4003496774036226, 0.12965722978157387, 0.11188986756868553], [0.34192916152610364, 0.34950763968687015, 0.20804748238199952, 0.10051571630502684], [0.36460123866487326, 0.33945496518308393, 0.17187210390966798, 0.12407169214238654], [0.3292422342622088, 0.3551467926607802, 0.2178383871016011, 0.09777258587540615], [0.3660878297521114, 0.3677965744759558, 0.17604897954796328, 0.09006661612398348], [0.36420405020160146, 0.35199666934597607, 0.1452835815643199, 0.13851569878809095], [0.35145954402235363, 0.3880897819310176, 0.1428364365276303, 0.11761423741900831], [0.27917924338926264, 0.31973603752475793, 0.21922189635753422, 0.18186282262843992], [0.2860211678220187, 0.31876000266481525, 0.22410129741255255, 0.17111753200060684], [0.2824007199917277, 0.3405406874619575, 0.22632301164119892, 0.15073558080508995], [0.2820823327249884, 0.33263256214584946, 0.24435578033628785, 0.14092932469288003], [0.29035444823312645, 0.33113704838405106, 0.23380871858904725, 0.14469978469378642], [0.28162632475219035, 0.32607548739041603, 0.2440237022060005, 0.14827448555138972]], "ideal": "C", "sampled": "C", "correct": true}}
{"type": "result", "data": {"idx": 15, "options": ["3", "6", "8", "9"], "probs": [[0.28372733490568, 0.2700625226284573, 0.2728269129662941, 0.17338322939959283], [0.26520133868954043, 0.29598129508647114, 0.25478944040673146, 0.1840279257172697], [0.2945817993686177, 0.285302627475502, 0.2831884868952607, 0.13692708616060437], [0.2828202722635606, 0.28038386263847226, 0.27362961492621724, 0.16316625007174954], [0.2836914150075582, 0.2961486162599514, 0.25839461963864924, 0.16176534899388034], [0.2789501701648276, 0.29824615051472875, 0.2526528008522226, 0.1701508783682085], [0.32459054736500226, 0.29699764063772977, 0.23722287496896552, 0.1411889369282922], [0.3079050316260636, 0.30473907850696813, 0.2293519801965956, 0.15800390957038793], [0.27912188470636384, 0.2796161527937967, 0.3151136965287711, 0.12614826587107514], [0.2633135073225212, 0.2745578229720215, 0.2922235614383497, 0.16990510816709306], [0.26526236535270403, 0.2833470985295773, 0.3037150011037286, 0.147675534913979], [0.246650595692206, 0.2930530046015489, 0.28139639047508014, 0.17890000913116771], [0.3269566901354338, 0.3208618459548893, 0.218718703603474, 0.1334627602062141], [0.33237096165969404, 0.32407589311531193, 0.2028693405203925, 0.1406838046046], [0.28355595858924554, 0.2972425763092889, 0.2885172658640975, 0.13068419913736096], [0.26151473747308845, 0.3076713663260509, 0.2684162644868014, 0.16239763161407267], [0.2930793058150706, 0.28454183828324003, 0.29023062222284784, 0.13214823357883948], [0.25156520695793716, 0.3018860332543906, 0.28484633095657924, 0.16170242873108603], [0.29308313616909715, 0.34657530046024504, 0.21939552546130736, 0.14094603780934417], [0.28994601397677455, 0.3456378237256456, 0.21905585466094496, 0.14536030753661444], [0.2515540536986677, 0.3192104487688536, 0.28682490731577864, 0.14241059011670318], [0.22872873195780416, 0.32581258728362866, 0.26873171002640284, 0.17672697063215678], [0.2749759203229064, 0.30330006074318594, 0.28140931849378914, 0.1403147003401273], [0.23136180157482247, 0.31767464353685904, 0.2706170483690402, 0.18034650641929456]], "ideal": "C", "sampled": "A", "correct": false}}
{"type": "result", "data": {"idx": 16, "options": ["First digit from left to right", "First digit from right to left", "Middle digit", "Mean of all digits"], "probs": [[0.3505991813597107, 0.29788225926720874, 0.2023082096513448, 0.1492103496217189], [0.34268547688262585, 0.32197214288825016, 0.21495100577232687, 0.12039137435681031], [0.3925961012794274, 0.3090938072936059, 0.168791878998145, 0.1295182123288091], [0.3927648230353218, 0.3131629047535735, 0.162636574298152, 0.13143569781295658], [0.3732304362470008, 0.31806655583457516, 0.19588274717188756, 0.11282026064654077], [0.3962263633191805, 0.29170219817115706, 0.16632536920632054, 0.14574606920333574], [0.35666396333621886, 0.304443246216901, 0.19751925514405552, 0.14137353520282367], [0.34834481771515496, 0.3298319138330893, 0.20605900150893572, 0.11576426684282613], [0.38942100223993287, 0.3117825671413323, 0.1706227189948957, 0.12817371152382803], [0.39271916823755165, 0.3104375528518388, 0.16188206367318383, 0.1349612151374423], [0.3741840975383307, 0.3192679435042091, 0.1942846006678382, 0.11226335818963605], [0.39236677632429673, 0.2897820471098517, 0.16756777152950134, 0.15028340493633344], [0.3534658874414939, 0.2402714424288632, 0.2570983090500325, 0.14916436097960759], [0.36291607647470747, 0.23910891998331374, 0.2514166566644793, 0.14655834677751706], [0.351555876372234, 0.24066685780246597, 0.2600614374048014, 0.14771582832048413], [0.3652075594104934, 0.23672368881517766, 0.2479332812857732, 0.15013547038854844], [0.39373803632887633, 0.23828705466205374, 0.20979307817244852, 0.15818183073662564], [0.39618538545697957, 0.23730979078042602, 0.20661358787461362, 0.15989123578798295], [0.34996022002960503, 0.3187448144385782, 0.21257317691445365, 0.1187217885173861], [0.3741925008974356, 0.2968001383416852, 0.18022584045271747, 0.14878152020816654], [0.3488051979423324, 0.32051220689527715, 0.21310021043607055, 0.11758238462632592], [0.3710661703936491, 0.29659024983603877, 0.1806135852386854, 0.15172999443161886], [0.3845033072959441, 0.28682075120346356, 0.16778460959592242, 0.1608913318046638], [0.3857308428360158, 0.2870643887094686, 0.1652144527638788, 0.16199031559062746]], "ideal": "A", "sampled": "A", "correct": true}}
