{"type": "result", "data": {"idx": 0, "options": ["10%", "20%", "40%", "80%"], "probs": [[0.30530423915783533, 0.2775231602086995, 0.24970298370270003, 0.16746961683077305], [0.2923973184806796, 0.31248512783689564, 0.2595106537851521, 0.13560689979726748], [0.30652220435002797, 0.2963324389219787, 0.24823798096460598, 0.14890737566339915], [0.30387678609870367, 0.3093036107250317, 0.2516999434605558, 0.13511965961570335], [0.30195704273359464, 0.3384258352316708, 0.2395077691010952, 0.12010935283362648], [0.2989554443134865, 0.32026066773333395, 0.25655276783495334, 0.12423112001823175], [0.2994708657596016, 0.28000208375013275, 0.26439472858708873, 0.156132321803177], [0.2936096038753724, 0.3063811215597892, 0.27417295971264855, 0.12583631475218962], [0.3168555804834754, 0.27930437798702046, 0.25342993263616875, 0.15041010879332548], [0.3187371785918775, 0.2907065062271078, 0.2458031709155825, 0.14475314416544058], [0.3156486108803344, 0.3242798818715022, 0.23585877352614465, 0.12421273362200445], [0.33073794935413897, 0.3066258760708577, 0.23557671902840574, 0.12705945544660074], [0.3217798163918709, 0.28251526010801176, 0.24539286434515406, 0.15031205905493686], [0.3231339064467343, 0.3002304482937375, 0.24555974980506026, 0.1310758953544736], [0.3338793886135275, 0.2855918161745408, 0.22966292614692413, 0.15086586896501533], [0.33909327181492555, 0.3051977514598342, 0.22839006619209726, 0.12731891043312565], [0.35022914415995576, 0.29924037388152863, 0.2330833986415815, 0.11744708321694183], [0.3592855192266274, 0.3061007578146635, 0.22980175435786251, 0.1048119685008526], [0.35976710734390843, 0.31660552411798004, 0.1982869765227353, 0.1253403919153923], [0.3649629867252862, 0.30982014644833306, 0.20492440880784493, 0.1202924579185311], [0.39041156193161297, 0.33577452627775234, 0.16914425308122136, 0.10466965860940008], [0.3923192265762821, 0.3244903716127427, 0.17499104297832646, 0.10819935873264971], [0.3739384283470046, 0.3151405935230062, 0.19486543019099276, 0.11605554783900432], [0.3854172092260324, 0.3222285966185869, 0.18900298624130082, 0.10335120781408956]], "ideal": "C", "sampled": "D", "correct": false}}
{"type": "result", "data": {"idx": 1, "options": ["About $300", "About $3k", "About $8k", "About $15k"], "probs": [[0.2647212228525191, 0.4293412774878809, 0.17830870232142382, 0.12762879723816906], [0.27515365239305706, 0.43753971145071996, 0.17607005454484256, 0.11123658151139942], [0.29182751692324294, 0.4237251188178968, 0.17562505620043464, 0.1088223079584196], [0.2749131966207374, 0.4346102075849428, 0.1704512582218415, 0.12002533747249419], [0.30082402834874217, 0.4371089136822333, 0.1624174900142611, 0.09964956785477064], [0.30184048711042627, 0.44326827212471426, 0.1571840334982959, 0.0977072071665579], [0.2925602918423774, 0.42030891246001845, 0.16975893502303402, 0.11737186057456372], [0.3047695770578601, 0.42910344177890497, 0.16353349205153755, 0.10259348901169268], [0.2888631474637527, 0.43222447976633954, 0.18280515125431018, 0.09610722141560216], [0.2349941351887945, 0.4946769944283068, 0.16007306638297497, 0.1102558038999391], [0.2935535142117988, 0.444273227643062, 0.16720842362517058, 0.09496483441995753], [0.2687921842670229, 0.4814645199897, 0.1521294436841122, 0.09761385195918731], [0.314801705659097, 0.4266893493940906, 0.1610995698772201, 0.09740937496957994], [0.30745880428062544, 0.43569944891614304, 0.1553492848457405, 0.10149246185748322], [0.31598583936356694, 0.4354300154056135, 0.1566834458062133, 0.09190069932460475], [0.25718206069081156, 0.5051198042463831, 0.14352198203629837, 0.09417615292648768], [0.29252703295963123, 0.4583573779089127, 0.16265740856222002, 0.08645818046923978], [0.2812930641600083, 0.4918122873101004, 0.14568661222727936, 0.08120803620261664], [0.30867477751734934, 0.42373187772014814, 0.1646326477908305, 0.10296069687166805], [0.3205853719847889, 0.4273181156365153, 0.1582522990065206, 0.09384421327218831], [0.31718524221140415, 0.4322288807923941, 0.151546691216623, 0.09903918567958503], [0.2759048134384454, 0.48518808824890297, 0.14054753675349227, 0.0983595614591695], [0.31039144287463977, 0.4471806404581127, 0.15742380852619747, 0.08500410804104049], [0.2828114844965211, 0.48188822955741095, 0.15047450391591055, 0.08482578193014287]], "ideal": "B", "sampled": "D", "correct": false}}
{"type": "result", "data": {"idx": 2, "options": ["52%", "62%", "72%", "82%"], "probs": [[0.3234303037768956, 0.275653066625331, 0.22864185335193585, 0.17227477614582393], [0.34833594396345013, 0.2937324131513612, 0.20568550726606435, 0.1522461355191174], [0.3268424593647295, 0.30815761687000526, 0.22387750983200533, 0.14112241383325425], [0.3420039604676042, 0.29152944065875713, 0.21092587249528932, 0.15554072627833404], [0.3617339042990063, 0.2995621169237028, 0.20993174629722125, 0.12877223238007424], [0.349292516859145, 0.30004536715539804, 0.21664091724548146, 0.13402119863997092], [0.34638680535385313, 0.31500213267709615, 0.2023734221151554, 0.13623763975389278], [0.37231691766820224, 0.3160168819437121, 0.18273566349435694, 0.12893053679372005], [0.3551676772600294, 0.30791866632769493, 0.2065380609475125, 0.13037559536476787], [0.3702782165901755, 0.2971191372777523, 0.18965804549152884, 0.14294460054055236], [0.3867097054009389, 0.29473528093728824, 0.19824711439401582, 0.12030789916774903], [0.3712593879616148, 0.2963878443410204, 0.20602524602974878, 0.12632752156762117], [0.36153028002635096, 0.3164663858397713, 0.19015704250415502, 0.13184629152972208], [0.3881452115114672, 0.30422223183446573, 0.1830623638154672, 0.1245701927386003], [0.35473085948794564, 0.3055043925412685, 0.20130446034156674, 0.13846028752920814], [0.39374267065434626, 0.3010520824762809, 0.1839307514919312, 0.12127449527744949], [0.3920300002004047, 0.27952659832724636, 0.2014997973866816, 0.12694360398566887], [0.3945315354370825, 0.2817803250352833, 0.20227915674470098, 0.12140898268292402], [0.41920518380500216, 0.3164955908801157, 0.15009331294930395, 0.11420591226556977], [0.4191708917608206, 0.31254117343794996, 0.15483298739911433, 0.11345494730211128], [0.4174232030140989, 0.30201758729147, 0.1638728178321566, 0.11668639176227981], [0.4166713500416347, 0.3015081713746766, 0.16312760289305328, 0.11869287559064637], [0.39032756061935386, 0.3010297590291651, 0.18218688491890206, 0.1264557953325761], [0.39718169287336214, 0.30300347698725344, 0.1789088671219386, 0.12090596291744467]], "ideal": "C", "sampled": "D", "correct": false}}
{"type": "result", "data": {"idx": 3, "options": ["China", "United States", "Germany", "Japan"], "probs": [[0.39840559172883144, 0.2680533066931395, 0.24832422845406538, 0.08521687302398935], [0.4090279063489107, 0.2774143723707133, 0.23582370809577521, 0.07773401308459552], [0.41662794856650276, 0.27157197937709754, 0.24792397881100167, 0.06387609314538555], [0.34918179001333305, 0.28325614083787337, 0.26303317278675276, 0.10452889626204019], [0.39017932874337224, 0.27176281518271755, 0.25496157425144256, 0.08309628172247438], [0.32724516021571964, 0.25886845903603545, 0.2794263338169225, 0.13446004683130908], [0.321335922329444, 0.27983665016252623, 0.26376993748875194, 0.13505748991928238], [0.3319153824364629, 0.2884522096476772, 0.2486913802094188, 0.13094102760642173], [0.3306113153391637, 0.29229023022627887, 0.2588898879673441, 0.11820856636722019], [0.2961893149509208, 0.29961729115120117, 0.2608339294519728, 0.14335946434590532], [0.2879196923385263, 0.289638201093128, 0.26037783107391915, 0.16206427539441687], [0.26005220345228325, 0.2769064846251767, 0.2735278797068766, 0.1895134321156624], [0.40241123346835894, 0.2979102424078354, 0.23165657414056337, 0.06802194988324275], [0.34350119375869487, 0.3127456476777352, 0.24601677648628498, 0.09773638197730229], [0.41556856936721787, 0.29398911882008055, 0.223950808971354, 0.06649150274135342], [0.38143740727419106, 0.3081881795122786, 0.23178690064926674, 0.07858751246425288], [0.32866916657677636, 0.3081643848895104, 0.25350719998685606, 0.10965924844685533], [0.37553402679281583, 0.29935816941159166, 0.2429895763012535, 0.08211822739434058], [0.3277260490886936, 0.29843233168084066, 0.2618456158800306, 0.11199600325042593], [0.2868771713731618, 0.28566418111957903, 0.27862373609297386, 0.14883491131429705], [0.3226147962571675, 0.29039164247010857, 0.26699207560390537, 0.12000148556880283], [0.3020499015943295, 0.2827696336540229, 0.2815899267819728, 0.13359053786967376], [0.29695936161323416, 0.2959928674785547, 0.2757606930917249, 0.13128707771647335], [0.3343056694183448, 0.2915812581310562, 0.2701262995498325, 0.10398677280075776]], "ideal": "A", "sampled": "A", "correct": true}}
{"type": "result", "data": {"idx": 4, "options": ["by 5 fold", "by 10 fold", "by 15 fold", "by 20 fold"], "probs": [[0.2137964978268338, 0.4774458339426963, 0.17380440573863332, 0.13495326239184208], [0.2490166936634721, 0.458999797447748, 0.17519177444537298, 0.11679173434339246], [0.22069012506421012, 0.4839077142206763, 0.1682279972750814, 0.12717416334001835], [0.22801346598357772, 0.4831767614039676, 0.1665201937770017, 0.12228957873544317], [0.25760527146236706, 0.46325449646974315, 0.16842568065805816, 0.11071455130985414], [0.24181292255568287, 0.48220175934446746, 0.1645655390751135, 0.11141977892472694], [0.22039218339232092, 0.48892090908883384, 0.16586529290511706, 0.12482161451373443], [0.24337094398499343, 0.4738393228245469, 0.1661318065892739, 0.11665792650118433], [0.2165142403810246, 0.4818934216355696, 0.18310798174692508, 0.11848435613647665], [0.22223731532524366, 0.4764989310690089, 0.18211660953365852, 0.11914714397208948], [0.24459294467941997, 0.46553329318551206, 0.18115628978960605, 0.10871747224546377], [0.23885539724618626, 0.47603874347030695, 0.17785480119816469, 0.10725105798534079], [0.23550632047554254, 0.484709657946851, 0.15460830639495737, 0.12517571508266565], [0.24888517689351466, 0.48681347053350454, 0.15148235344778826, 0.11281899902518379], [0.22685388370402956, 0.46178446666806056, 0.19027224931531656, 0.12108940021260327], [0.23751525086817218, 0.4657812545358393, 0.18554508718543028, 0.11115840731055138], [0.25033865817677614, 0.46773314241641517, 0.1771210708706046, 0.1048071284361998], [0.2525340729783412, 0.4601628017203458, 0.18396098907103003, 0.10334213613028079], [0.2559153197601656, 0.46987589758390924, 0.15231234007401337, 0.12189644248192173], [0.24300809456892905, 0.4938676447469922, 0.1469537729012036, 0.11617048768287094], [0.24505208923772695, 0.45155899458005677, 0.1807625359069417, 0.12262638017528339], [0.23980247984870576, 0.4730516694700468, 0.17245743077400538, 0.11468841980724936], [0.2345992330103876, 0.4804632627192537, 0.16943566390306822, 0.11550184026727991], [0.23955913425289146, 0.4774497349006066, 0.1703794161571191, 0.11261171458939233]], "ideal": "C", "sampled": "A", "correct": false}}
{"type": "result", "data": {"idx": 5, "options": ["Lower respiratory infections", "Preterm birth complications", "Diarrheal diseases", "Malaria"], "probs": [[0.2822795553073008, 0.2862369477962923, 0.24475199859193364, 0.18673149820448678], [0.31622254663462435, 0.27720582895118917, 0.22630828592245011, 0.18026333839174985], [0.2800857784535529, 0.28599295753446546, 0.24169418041448382, 0.19222708349750586], [0.2981553623026402, 0.2764704202748185, 0.23069780656977076, 0.19467641075277764], [0.3111344163724748, 0.28750052523439573, 0.21570568095639353, 0.18565937733673646], [0.29867624433005757, 0.2928712271282581, 0.21692481013104042, 0.19152771831064289], [0.22042601483372787, 0.2970498570781961, 0.26777618525937374, 0.2147479427286989], [0.25474210753881144, 0.2946121889842661, 0.24908311631555544, 0.20156258706136376], [0.20450374201358532, 0.2950263657774667, 0.2520685087617516, 0.24840138334721565], [0.23811210255045842, 0.30068335280399106, 0.2483103924657213, 0.21289415207983395], [0.22837103526081717, 0.29998776225747015, 0.22513146895422828, 0.2465097334274772], [0.24128728940679245, 0.3165601236299521, 0.22742637772269902, 0.2147262091405613], [0.24394388939747766, 0.3233572704561296, 0.23351101986681366, 0.19918782017958847], [0.26326308269021914, 0.31778099299783785, 0.22437682770498044, 0.19457909650696117], [0.22165023699692166, 0.33784553296484365, 0.2236742503609895, 0.2168299795772384], [0.2588365616637837, 0.3436292464949751, 0.21922167599632605, 0.17831251574493204], [0.22797725078869807, 0.34196477348541965, 0.20067135805875444, 0.22938661756712675], [0.24678490660331084, 0.36052735615980946, 0.20482881949935686, 0.18785891763752366], [0.2901630291039172, 0.3053678032596097, 0.2316141274038956, 0.17285504013256817], [0.2828320087664302, 0.31049587887635804, 0.2332013771971964, 0.17347073506000524], [0.27012735141314553, 0.30927333269802304, 0.22001151425572138, 0.20058780153311132], [0.2831051569945469, 0.32445980459632273, 0.22651738828846615, 0.16591765002065426], [0.2559683292809389, 0.30463275095268477, 0.22232030390387486, 0.21707861576248902], [0.2784397300748323, 0.32173380645342586, 0.22904469095386448, 0.17078177241786835]], "ideal": "A", "sampled": "D", "correct": false}}
{"type": "result", "data": {"idx": 6, "options": ["10%", "20%", "30%", "40%"], "probs": [[0.2648038935219091, 0.23698803009077243, 0.2636454655786754, 0.2345626107086215], [0.2728220867106427, 0.24184388182028416, 0.2658200248832013, 0.21951400648587266], [0.26968683005576194, 0.26141980621795957, 0.27366519108126885, 0.19522817254499042], [0.27282537494979003, 0.2457503949163651, 0.28145712118485045, 0.19996710884899047], [0.2804589821619023, 0.2590079093957825, 0.26466392660877786, 0.1958691817335139], [0.2752736780124296, 0.24110885399085885, 0.27949727860081003, 0.2041201892958927], [0.2664750164876193, 0.25601544357189804, 0.27216598645784607, 0.2053435533826318], [0.27526284882951535, 0.2455102173040509, 0.267772432018285, 0.21145450174814767], [0.2718517500494841, 0.24868610501698524, 0.2853587493712842, 0.19410339546224076], [0.28259990209480923, 0.23720229346758173, 0.2658184793998887, 0.2143793249377141], [0.2828361001224102, 0.23133976328907857, 0.27436928971250374, 0.21145484677600646], [0.2823590564087966, 0.22571875216622223, 0.2714337787401542, 0.22048841258481838], [0.26155998293918126, 0.26086780818553934, 0.26651118113174826, 0.21106102764353318], [0.27038316660713857, 0.2596766876651171, 0.2736354244817314, 0.19630472114600409], [0.2754865094565939, 0.25671664776227576, 0.26333321966116296, 0.20446362301996768], [0.27750372660937106, 0.25360114404209794, 0.26193781789451986, 0.206957311353991], [0.2740182463028853, 0.23631639963803255, 0.2948515088544001, 0.19481384510468316], [0.2834753928922162, 0.23796940844584435, 0.28329930689600447, 0.19525589166596094], [0.2857276017376971, 0.25134284804169504, 0.25430406895648927, 0.20862548116412852], [0.283261236000727, 0.2416616496490901, 0.27136807120300926, 0.2037090430471881], [0.30771025140713637, 0.2435283433137902, 0.23769221570340635, 0.21106918947567735], [0.30454532041101723, 0.24230444284076824, 0.24379758640191415, 0.20935265024630517], [0.2957586251304253, 0.2440133573693274, 0.2621171260181729, 0.19811089138207452], [0.29945809462855744, 0.2433115460997349, 0.24956521254563288, 0.2076651466260642]], "ideal": "C", "sampled": "D", "correct": false}}
{"type": "result", "data": {"idx": 7, "options": ["29%", "49%", "69%", "89%"], "probs": [[0.40664290861175056, 0.23241923933043254, 0.22157510732079708, 0.1393627446370064], [0.4107423184234003, 0.2471627893422784, 0.21214949481027778, 0.12994539732404561], [0.41367380230975637, 0.30236921235000813, 0.16024233737178264, 0.12371464786845517], [0.42322580779367003, 0.29652100808119236, 0.16501929658902625, 0.1152338874361103], [0.4095239519633104, 0.2838030267860469, 0.1811258994191902, 0.12554712173145466], [0.3912087788564962, 0.30773577055491197, 0.18992119432811508, 0.11113425616048286], [0.40073423215310916, 0.27696463315959396, 0.21018976047256363, 0.11211137411473346], [0.4002483144049793, 0.27744835745207197, 0.2033516489371881, 0.11895167910575997], [0.3999743722372468, 0.28525187131673313, 0.20150738687293965, 0.11326636947308928], [0.4104756208892663, 0.2752377520299488, 0.19613711833831665, 0.11814950864247654], [0.4110109193479217, 0.28528732222904973, 0.19872496458333924, 0.10497679373968767], [0.3916953930471452, 0.2950381356745869, 0.20042228833200137, 0.11284418284627182], [0.4119440088226015, 0.31236157025241096, 0.16316006857199256, 0.11253435225300185], [0.4168327467787386, 0.31748545535190015, 0.16658202482518727, 0.09909977294418187], [0.39143320035773127, 0.29941374487259487, 0.19307820489563318, 0.11607484977404649], [0.4163606268703508, 0.2938165217843301, 0.18552538496512558, 0.10429746628019848], [0.4271508257454505, 0.29385563152356153, 0.1917809329431116, 0.0872126096878762], [0.426909952601232, 0.2906809162584611, 0.18713702525967493, 0.09527210578062656], [0.46249246716874304, 0.29184853572734054, 0.1382499907629657, 0.10740900624095731], [0.45201930132897433, 0.3104261035517289, 0.14717750778116906, 0.09037708723813287], [0.4395649766003456, 0.30700802083535295, 0.15230162555569876, 0.1011253769086043], [0.4307173980447098, 0.31551902055650005, 0.15033169192255133, 0.10343188937625551], [0.4403207620908824, 0.29798742249345483, 0.1673387457117187, 0.09435306960394453], [0.44105945946819264, 0.2882179837497387, 0.1629372403674079, 0.10778531631465614]], "ideal": "C", "sampled": "D", "correct": false}}
{"type": "result", "data": {"idx": 8, "options": ["18%", "38%", "58%", "78%"], "probs": [[0.3546535367726799, 0.3190537497998413, 0.21988916523379765, 0.10640354809367152], [0.35626271316762564, 0.3216376878959001, 0.22128579293581643, 0.10081380590067612], [0.3455968503503176, 0.3444367017412619, 0.2033860198193708, 0.10658042798904938], [0.3223580903704983, 0.3590457770574399, 0.20653489173507558, 0.11206124073699547], [0.35659256464381084, 0.3451665123229633, 0.19581361848483653, 0.10242730444838756], [0.33629441696637236, 0.3585809779776098, 0.19812341261044042, 0.10700119234558532], [0.3507021489224887, 0.34002134322018146, 0.2023957966520377, 0.10688071110529769], [0.3563506758153563, 0.3334389370355509, 0.20851553949432694, 0.10169484755476195], [0.36295475382879155, 0.3432415007279386, 0.19142770692602323, 0.10237603841724134], [0.33533760896337206, 0.3437024105384104, 0.20631881791588758, 0.11464116248232854], [0.36433586966689174, 0.36049412847522405, 0.19016255379671013, 0.08500744796119315], [0.3495213616999859, 0.3542284973344632, 0.19583031349281632, 0.10041982737273125], [0.3792599551570032, 0.3419528678022811, 0.1784459329492886, 0.10034124399143707], [0.3707863138736607, 0.3478739929298735, 0.18544138173089103, 0.09589831136556518], [0.3873909982797969, 0.3371338673359278, 0.18152839359057749, 0.09394674069368987], [0.369337425731346, 0.33959162560373635, 0.19779291545145505, 0.09327803311345141], [0.37126522120330746, 0.35691980339091645, 0.18862070780651927, 0.08319426749925092], [0.37903238106887027, 0.3417310529775856, 0.18823428442856843, 0.09100228142498584], [0.4227815778823027, 0.3476141861036075, 0.14695914381955175, 0.0826450920945437], [0.40763347955953305, 0.35714041785348183, 0.14928240944391513, 0.08594369304308144], [0.4035167645086036, 0.35764792330531364, 0.16088887255362017, 0.07794643953245796], [0.3763958430161602, 0.3552017497556862, 0.1740862483431755, 0.0943161587849787], [0.37055733079958986, 0.374036747953355, 0.1745842203023917, 0.08082170084465835], [0.3633843970392188, 0.36026391226431903, 0.17906162103472664, 0.09729006956175641]], "ideal": "C", "sampled": "D", "correct": false}}
{"type": "result", "data": {"idx": 9, "options": ["11%", "26%", "41%", "56%"], "probs": [[0.3543805254761117, 0.2977521288755778, 0.22401452798975616, 0.12385281755855615], [0.3250650489510591, 0.32486324780733283, 0.22804959609479603, 0.12202210704682209], [0.3712811010398565, 0.30975903118684367, 0.20510619241092465, 0.11385367526236709], [0.35852169297617226, 0.3131414634059998, 0.21156446110381721, 0.11677238241402203], [0.33387826040291024, 0.33318856375685857, 0.21425963905838957, 0.11867353668184863], [0.3487963366715962, 0.3185517773562096, 0.21635421372079341, 0.11629767215139963], [0.3739810887219812, 0.31442386120258453, 0.19388370390452714, 0.11771134607089329], [0.3558122027679289, 0.32875534318706917, 0.19652679975036463, 0.11890565419465467], [0.38688933033103956, 0.3033876998207055, 0.20033319681584805, 0.10938977293240482], [0.3630866903571623, 0.3025572058975065, 0.20552690457787354, 0.1288291990674854], [0.3610095142651533, 0.327103495001525, 0.19900705561305757, 0.11287993502026503], [0.3556212204807703, 0.3133955486536079, 0.20901420859658384, 0.12196902216903918], [0.38488837205869597, 0.311903251316426, 0.18491626452707918, 0.11829211199780787], [0.3839913485697819, 0.31760066696756156, 0.18619245351135366, 0.11221553085129583], [0.393906174588341, 0.3077294323490788, 0.1895447545803991, 0.10881963838219305], [0.37667520347495714, 0.3068416892657143, 0.19901883298319797, 0.11746427417611811], [0.3761964513666443, 0.3171271455632389, 0.2014797638042027, 0.1051966391659047], [0.37709131722531947, 0.31093702858405264, 0.20423912768061536, 0.1077325264100232], [0.3805086072199264, 0.333172755947855, 0.17723818117229515, 0.1090804555599343], [0.3952301267205866, 0.32395349344122737, 0.1758080653038625, 0.10500831443431405], [0.40176363796953074, 0.31998025061716195, 0.1713749680740372, 0.10688114323927636], [0.3949497194853983, 0.31144437374730854, 0.17994038225786246, 0.11366552440942873], [0.3925234067831493, 0.32173087844809367, 0.18679132739740503, 0.09895438727135106], [0.3947542344302564, 0.3117270992219605, 0.1885134022874698, 0.10500526396030216]], "ideal": "B", "sampled": "D", "correct": false}}
{"type": "result", "data": {"idx": 10, "options": ["23%", "38%", "53%", "68%"], "probs": [[0.4127040166821747, 0.29503514530979663, 0.17318481798755792, 0.11907601992048329], [0.38777105936673195, 0.3169956410878441, 0.17842555293187684, 0.11680774651356778], [0.41302144268620095, 0.3099907314655216, 0.16356786718476382, 0.11341995856351386], [0.36495128705108676, 0.33128190249383005, 0.17971113291513632, 0.12405567743993436], [0.39345450142125027, 0.3544330125727568, 0.15366211606728927, 0.09845036983871532], [0.3737652309783162, 0.3642903602214727, 0.15858569400232678, 0.10335871469787049], [0.40918886290590145, 0.3110255719627213, 0.16310703884566735, 0.11667852618569151], [0.3928229679226327, 0.32226452242033077, 0.17043600010671603, 0.11447650945030137], [0.40371734436827866, 0.3209613370923458, 0.1677094474846149, 0.10761187095476653], [0.4085527148534581, 0.3006489595755642, 0.1645163702793835, 0.12628195519161034], [0.4081876569436541, 0.3300639311277324, 0.1596754179615343, 0.10207299386706922], [0.42672331905780997, 0.31172270123892226, 0.15979287391103517, 0.10176110569222803], [0.44868568838230816, 0.30584211854654325, 0.14255519878295447, 0.1029169941881928], [0.4077036228034401, 0.33201890296529313, 0.15930752589354594, 0.1009699482377096], [0.43083410349854145, 0.32389790178850975, 0.15267951126410453, 0.09258848334884849], [0.4274596450544138, 0.3122129044774733, 0.16162060500577025, 0.09870684536233922], [0.4067413482122809, 0.3469474762636284, 0.1577336048739569, 0.08857757055012296], [0.4384160801080285, 0.3202599969438407, 0.15758403879521268, 0.08373988405292486], [0.4496872739378066, 0.3271179174933126, 0.13181555270769116, 0.09137925576117971], [0.4327286624442272, 0.33778241345648413, 0.13764484390132573, 0.09184408009797876], [0.44958103408300243, 0.3341226085332571, 0.13409947321972018, 0.08219688406403401], [0.4631197879552418, 0.31954693705134685, 0.13340462736351136, 0.08392864752989036], [0.4237909276271211, 0.3422647117825835, 0.1485521174096563, 0.08539224308063416], [0.4581992136088037, 0.3148851609404382, 0.1448832268327129, 0.08203239851804756]], "ideal": "D", "sampled": "D", "correct": true}}
{"type": "result", "data": {"idx": 11, "options": ["5%", "10%", "15%", "25%"], "probs": [[0.3214336359870082, 0.21386402269992816, 0.2307744075120032, 0.23392793370105402], [0.31769084042146006, 0.23151910099143858, 0.23951423148234144, 0.2112758270047785], [0.3123925098146113, 0.24317609255606465, 0.23541802588531796, 0.20901337164400546], [0.3119092742222042, 0.24721089761315526, 0.22845299876960826, 0.2124268292950261], [0.3372683613111328, 0.22495472601639854, 0.2308708573737111, 0.20690605519876135], [0.32530621289167283, 0.23973109895232464, 0.22610401959924004, 0.2088586684567649], [0.3302203620888972, 0.24232597359983318, 0.21660795967962734, 0.21084570453164164], [0.322888913492946, 0.2516082963834563, 0.22198626958604792, 0.20351652043755078], [0.31210791074289734, 0.2505976395489339, 0.2509036109861657, 0.18639083862201575], [0.31113955257149667, 0.2549990841658916, 0.2322079367502831, 0.20165342641233044], [0.33433269558661177, 0.23606715654990823, 0.24541066945521817, 0.18418947830827068], [0.32457409249812735, 0.2446178519538537, 0.23367387729222625, 0.19713417815579246], [0.3246318305007943, 0.24626286932061822, 0.21517019501659113, 0.21393510506198973], [0.32610107646636494, 0.2538388739700826, 0.2145606221051536, 0.2054994273583886], [0.3184943190643559, 0.2390252043300862, 0.2567966401885151, 0.18568383631704308], [0.3187398868791574, 0.2500210114764245, 0.24567994587126188, 0.1855591556731521], [0.33339615928429484, 0.23976171901893628, 0.24434014772272886, 0.18250197387403572], [0.33657474033427426, 0.23719734228240458, 0.23724932115132014, 0.18897859613199405], [0.33941770040901437, 0.24690921895353385, 0.20470885913984305, 0.20896422139762955], [0.3306310012536699, 0.261072092408433, 0.2015308420824544, 0.20676606415546267], [0.3287525041798041, 0.24342502976394093, 0.24043088251385245, 0.18739158344239962], [0.3206594991568049, 0.25670876705983137, 0.2272020766234627, 0.19542965705990464], [0.3314037552119824, 0.25841776104055647, 0.22940721823533652, 0.18077126541213195], [0.3375119799400256, 0.25670961971446615, 0.21523268563827033, 0.19054571460724265]], "ideal": "B", "sampled": "A", "correct": false}}
{"type": "result", "data": {"idx": 12, "options": ["2%", "4%", "9%", "18%"], "probs": [[0.2702012831376513, 0.2504321965062213, 0.2597869562946265, 0.21957956396148637], [0.2613720137071128, 0.2548023460715102, 0.2560850698327667, 0.22774057028860775], [0.2696777889524763, 0.26408414812979303, 0.2658642951452253, 0.20037376767250567], [0.2596955740304607, 0.28147000506270403, 0.24157296670406564, 0.21726145410275752], [0.2711075319839449, 0.2647910243152977, 0.26924709924518725, 0.19485434435558013], [0.2611928934626559, 0.2763732815258827, 0.2698306913128298, 0.19260313359860382], [0.2853751653862835, 0.25999520459835035, 0.23660516970604553, 0.2180244602093044], [0.2741030265834438, 0.2609453106763055, 0.23192515910426614, 0.23302650353597648], [0.2883033182887445, 0.2595071924778605, 0.2639815160858964, 0.18820797304748432], [0.2792061574018661, 0.26457862575757063, 0.23971263258959244, 0.21650258415097035], [0.2860711588527075, 0.2616799321239875, 0.270789445860309, 0.18145946306298794], [0.2765196685151602, 0.2672660575609127, 0.2612171510676696, 0.1949971227562538], [0.27630299990667656, 0.2665604173024272, 0.2379130350364611, 0.2192235476544257], [0.27700200795535995, 0.27630335620668456, 0.223708504492165, 0.22298613124579533], [0.281888073306159, 0.2584661415468735, 0.24997976508337452, 0.20966601996359738], [0.28094995675411427, 0.26118482307900237, 0.2302120353857571, 0.22765318468111598], [0.2877130170686188, 0.27138781936070805, 0.26974023487062104, 0.1711589286000742], [0.2948772346507899, 0.25532351440304296, 0.2612495980524228, 0.18854965279373506], [0.30023874483367935, 0.2687662702418438, 0.22203176943788505, 0.20896321538657997], [0.29943365449789305, 0.27431593006592747, 0.21721308346930446, 0.20903733186689077], [0.3075293804037804, 0.2594490221322087, 0.23715795440402335, 0.1958636429599902], [0.29772941953861864, 0.2599016294115203, 0.22747271802872474, 0.21489623292114943], [0.2990519823086068, 0.2746656816568775, 0.2495554285395198, 0.17672690739498018], [0.30488845436620826, 0.2570357631190902, 0.23974403373924566, 0.19833174867544653]], "ideal": "C", "sampled": "D", "correct": false}}
{"type": "result", "data": {"idx": 13, "options": ["minimum wage legislation", "land reform", "progressive taxation", "increased access to education"], "probs": [[0.035685840445962694, 0.127340621279528, 0.21664914881189776, 0.6203243893626227], [0.034971982318992664, 0.15307288694363513, 0.2964985113115046, 0.5154566193258934], [0.029492862042381243, 0.12328431289484372, 0.21931366313604805, 0.6279091618267011], [0.033728418938730076, 0.1387219758961795, 0.29664972463271405, 0.5308998804323753], [0.03476225944982027, 0.15983695024152192, 0.2379754807716246, 0.5674253094370448], [0.037954664628612564, 0.15749935076568206, 0.24311655432177573, 0.5614294301839106], [0.043625465605124335, 0.14760404021301907, 0.23545821287158047, 0.5733122812102889], [0.04182494999529259, 0.16898532076376635, 0.31834120335703997, 0.47084852578389275], [0.039988309717348104, 0.13585967945489935, 0.2718998144754582, 0.5522521962523095], [0.0363565774174732, 0.13588130598094056, 0.30665741177067213, 0.52110470473092], [0.05001419970032125, 0.18452725709683715, 0.2696653995951818, 0.4957931435076466], [0.04549029694108465, 0.1642605643920793, 0.23983493654981966, 0.5504142020170328], [0.03318928696269098, 0.13972126021994558, 0.2378879643057579, 0.5892014884115864], [0.034860930622772866, 0.14861574409272071, 0.31914305126817005, 0.49738027391632794], [0.03976906045933712, 0.13792545408326712, 0.28825113337043023, 0.5340543519869995], [0.035052735704177336, 0.13848954935853433, 0.3265568517940876, 0.4999008630431862], [0.04282288977171434, 0.1614284697616413, 0.2698840736320053, 0.5258645667346565], [0.03721592182155053, 0.1510865760542758, 0.23524758157458872, 0.5764499204495799], [0.03882798763713554, 0.1691238362026194, 0.27112084002506787, 0.5209273360351785], [0.042159648557598954, 0.1634205441931149, 0.271901484752058, 0.5225183223972323], [0.04621701014235234, 0.16481642986918785, 0.3043359033085413, 0.48463065657992493], [0.042498198941770524, 0.14482571851189213, 0.27114980904447866, 0.5415262734018698], [0.04285448058415364, 0.1482245643170808, 0.2938659702620314, 0.5150549847367475], [0.03626110512668954, 0.13662421200719913, 0.24694462903511208, 0.5801700537310136]], "ideal": "A", "sampled": "D", "correct": false}}
{"type": "result", "data": {"idx": 14, "options": ["36%", "56%", "76%", "96%"], "probs": [[0.4175814121674959, 0.29063890342421944, 0.17684809630570555, 0.11493158800258367], [0.41833314733228105, 0.30140151262891574, 0.17943205191331552, 0.10083328802549155], [0.4244197848640107, 0.29625684867023877, 0.17770459198311342, 0.10161877438264175], [0.4332430661220797, 0.29529487748750766, 0.17527310227381832, 0.09618895401659223], [0.4625105776008636, 0.2916190704538792, 0.14412468098735348, 0.10174567085791016], [0.4468904356633753, 0.2977201940187895, 0.15230315842358894, 0.10308621179424886], [0.43713965859660575, 0.2953022662088012, 0.16733440642084327, 0.10022366867375143], [0.4440619056562756, 0.2999943783355618, 0.16394802317430512, 0.09199569273384117], [0.4381199391527874, 0.29236856280288154, 0.17893760461349306, 0.09057389333083883], [0.41386762419133827, 0.3054962830562764, 0.17878596130038785, 0.101850131352016], [0.4809088217480623, 0.28801178180694453, 0.14317736880838078, 0.08790202753660303], [0.4489182615910237, 0.30144173756135395, 0.14891485179228003, 0.10072514895532929], [0.45763068754722047, 0.30529842808810015, 0.14570714574979243, 0.09136373851489415], [0.46884503959915547, 0.3055188575457109, 0.14362346459314232, 0.08201263816200104], [0.4465918882812747, 0.3067230185638008, 0.1568000734039242, 0.0898850196510184], [0.42928269378554346, 0.32187739151433803, 0.1562041897906249, 0.09263572480950516], [0.4815658932635492, 0.2947918187423851, 0.14253835731519615, 0.08110393057887667], [0.4609184383510928, 0.30854305564392454, 0.14257387375649797, 0.08796463214846886], [0.5185559781466269, 0.27787880567261486, 0.12028060913957415, 0.08328460694121544], [0.50944106210364, 0.27869201494736334, 0.12532235798409455, 0.08654456486489931], [0.5031457247939404, 0.2833706709227189, 0.12949295054825208, 0.08399065363507727], [0.47069041811514534, 0.29682060447199793, 0.13719492763824362, 0.09529404967459305], [0.5089288848286626, 0.27134513064329, 0.1439983215487163, 0.07572766287933284], [0.49088370828894495, 0.2806436036125266, 0.14461870770336793, 0.08385398029515755]], "ideal": "B", "sampled": "D", "correct": false}}
{"type": "result", "data": {"idx": 15, "options": ["6%", "13%", "27%", "46%"], "probs": [[0.2713347697941764, 0.33218680109663973, 0.2530813834970168, 0.14339704551217422], [0.28437610738393937, 0.3095834960606885, 0.25489002304445374, 0.15115037341089524], [0.2738073580697797, 0.3427319686221057, 0.2460304876421609, 0.13743018556595013], [0.2967602846389857, 0.30266823223456596, 0.23993276667406507, 0.16063871635238433], [0.29435147767364644, 0.3166309904857445, 0.2351950735683728, 0.15382245817223406], [0.3021733446511427, 0.3097909416619023, 0.23275027844176352, 0.1552854351451836], [0.2701406329420429, 0.3525045346808012, 0.24224458205325775, 0.13511025022390155], [0.28555891512421444, 0.3344692885814114, 0.23946701099779089, 0.14050478519657889], [0.27236382288988514, 0.3532577379485609, 0.2545918934624238, 0.11978654559911761], [0.29041964833177764, 0.3148809703384709, 0.2560497163658563, 0.1386496648638886], [0.287504972279502, 0.32958217349246544, 0.2491251300120502, 0.13378772411598655], [0.28747978978471744, 0.3288054528538065, 0.23858816955414278, 0.1451265877073382], [0.28867048456754657, 0.3431796839959626, 0.22950870474720708, 0.13864112658929484], [0.30917976193954533, 0.31850971520302934, 0.2230431895397083, 0.14926733321773322], [0.2767411305499356, 0.3547034600400573, 0.2463905142074215, 0.12216489510258208], [0.2986852467891868, 0.32656620293477207, 0.24270663757068237, 0.13204191260537054], [0.3143839068590658, 0.30685841295718164, 0.24802465171112703, 0.13073302837261694], [0.301892174583981, 0.32318661157573114, 0.24726086192441, 0.1276603518158825], [0.3253374372772107, 0.30902384497477514, 0.21696032378271182, 0.14867839386531015], [0.3290815313359394, 0.30616634485560884, 0.21787168499687273, 0.1468804387115621], [0.29878308962689865, 0.3134977507429186, 0.2526921737231379, 0.1350269858070323], [0.30409184887401997, 0.3168364028985854, 0.24408120398155558, 0.13499054414584366], [0.3201356478179946, 0.3091920260694047, 0.24316440774183132, 0.12750791827079247], [0.3095453154901241, 0.32253759521907716, 0.23704954408747395, 0.13086754510329807]], "ideal": "B", "sampled": "D", "correct": false}}
{"type": "result", "data": {"idx": 16, "options": ["34%", "49%", "64%", "79%"], "probs": [[0.3538949545554819, 0.304891848303315, 0.20170862014711927, 0.13950457689410228], [0.35666878909818883, 0.3122947597558318, 0.21153352087294713, 0.11950293017302542], [0.3840264785281401, 0.3144987830753258, 0.18466139335482237, 0.11681334494170886], [0.3688215846164586, 0.328358465110191, 0.1854785723840472, 0.11734137778931225], [0.3865259775002265, 0.3385159110108697, 0.1772430012191839, 0.09771511016970584], [0.3810558486505017, 0.3499135697835927, 0.17683842768841573, 0.0921921537775065], [0.34344644148080444, 0.3303593618383316, 0.20444080064773876, 0.12175339593313396], [0.355911161259112, 0.32498296674558197, 0.20932478226048787, 0.10978108963481988], [0.35722142011051056, 0.3314459078869904, 0.19754167716384832, 0.11379099473863466], [0.3356867087124969, 0.34141325554957896, 0.2010617132562677, 0.12183832238164866], [0.37449854297758134, 0.3389317541321395, 0.19076608653980182, 0.09580361625047673], [0.35476403905983106, 0.34070685201751666, 0.19410694733716174, 0.11042216148548104], [0.39378915768259365, 0.3281944657443527, 0.170854248576937, 0.10716212789612023], [0.39137537473192036, 0.3352963076854439, 0.17184241856499782, 0.10148589891763214], [0.37328892124428875, 0.32527798655755064, 0.17929530078741462, 0.1221377913107472], [0.3683949039358524, 0.34067333546075734, 0.17966976902061704, 0.1112619914827812], [0.40282200327978807, 0.3369890068409631, 0.1718423439432138, 0.08834664583604313], [0.40702273063908284, 0.3360565404051515, 0.16758348573562395, 0.08933724312013841], [0.43018803999521654, 0.33455154565505246, 0.14629300523878166, 0.08896740901095315], [0.4245644516751618, 0.3452966935525182, 0.1438591403417283, 0.08627971433060522], [0.43188236266555746, 0.340147466171723, 0.14297991257117007, 0.08499025849155545], [0.4165695481044908, 0.34781535778894884, 0.14375810048088056, 0.09185699352567706], [0.4259331625116213, 0.3344644322034179, 0.1554221182058088, 0.0841802869791799], [0.43539355241394373, 0.328503824176321, 0.15108851128655634, 0.08501411202317022]], "ideal": "A", "sampled": "D", "correct": false}}
{"type": "result", "data": {"idx": 17, "options": ["62%", "72%", "82%", "92%"], "probs": [[0.3758344984051681, 0.3429432510917842, 0.18748428143354667, 0.09373796896951489], [0.377386902046074, 0.3518253197543193, 0.18301456310354033, 0.08777321499606118], [0.36491921382940723, 0.36156889423378835, 0.19215684005070988, 0.08135505178608557], [0.39883499650558957, 0.34298582853048337, 0.17749840622624607, 0.0806807686376855], [0.3906243600205294, 0.3560266967204401, 0.17008394466340285, 0.08326499849560863], [0.401010441218023, 0.3588419331094588, 0.16197442976009183, 0.07817319581243826], [0.37739217336727116, 0.36648193426860187, 0.17274704198685825, 0.08337885027726029], [0.3776121123124699, 0.3728111077187722, 0.16846395388473587, 0.08111282598402267], [0.37048696248288565, 0.36030350129310734, 0.19042669539630988, 0.07878284072770758], [0.38683441981422406, 0.3443981765102349, 0.18492140322111633, 0.0838460003544387], [0.3943100539440817, 0.36802176315777135, 0.16252049001808846, 0.0751476927800394], [0.3969415039469615, 0.3603659002560891, 0.16273403390050323, 0.07995856179643793], [0.374110077146947, 0.3863955442298231, 0.15657009791027146, 0.08292428061297394], [0.4035485150868737, 0.3755491574649077, 0.14869603668015813, 0.07220629066804866], [0.36107785530654724, 0.3799598847710745, 0.17423023170285845, 0.08473202811949584], [0.39660400759035025, 0.3668725661589526, 0.16464518728095104, 0.07187823886975994], [0.4252854851743012, 0.3379235128945907, 0.16507265201403012, 0.07171834981707431], [0.4139118203256803, 0.3402335738906384, 0.17147748001790034, 0.07437712566580439], [0.3929508088757268, 0.37179605991526526, 0.1520733295184989, 0.08317980159051869], [0.40650535618795036, 0.37068492905248146, 0.14491672763899272, 0.07789298702055698], [0.3871602019546531, 0.3681987048269602, 0.16248436156800444, 0.08215673155037495], [0.3966491797937839, 0.36179058890244314, 0.1607562799405447, 0.08080395126322924], [0.407709904410756, 0.34329120180707945, 0.1738611078183346, 0.07513778586381638], [0.398366849039735, 0.3434640435072847, 0.1789541708928897, 0.07921493646009009]], "ideal": "C", "sampled": "A", "correct": false}}
