{"type": "result", "data": {"idx": 0, "options": ["too much curvature of the cornea and lens", "too little curvature of the cornea and lens", "too much curvature of the iris and lens", "too little curvature of the iris and lens"], "probs": [[0.42744941744098947, 0.3309907761742952, 0.07881976124499014, 0.1627400450397339], [0.42705255351640803, 0.3261834544059909, 0.075298874642694, 0.17146511733489836], [0.4414477883371156, 0.324704025751005, 0.08647139882765173, 0.14737678698421314], [0.45800404705313363, 0.3297963635383621, 0.08377542474329819, 0.12842416456520747], [0.42562494458703976, 0.3257092804796802, 0.09149399948027839, 0.15717177535297897], [0.4328306461336502, 0.33293946192668966, 0.10178742901027638, 0.13244246282938787], [0.41623752245171386, 0.3143929346614383, 0.07900452935607527, 0.19036501343077242], [0.4262822029266328, 0.32492047789033374, 0.08041806027435972, 0.16837925880867305], [0.4062065758360692, 0.31876791165064233, 0.09335023095119573, 0.18167528146209216], [0.43060086775897416, 0.3260786857064474, 0.10538845844180784, 0.1379319879927864], [0.4343326680574902, 0.3210148312610889, 0.08677414574028239, 0.1578783548411378], [0.43937968951480627, 0.33268226517370636, 0.09036490285814018, 0.13757314235336757], [0.4467698563033047, 0.3307767194134469, 0.08731542784766545, 0.1351379963355763], [0.44829090131136845, 0.3354598205412558, 0.0835394602280899, 0.13270981781926935], [0.4286503752512268, 0.33316855443805876, 0.10220733741330035, 0.13597373279741903], [0.43189722564747735, 0.33982541439335945, 0.09459639245139216, 0.13368096740776764], [0.442810180037421, 0.333665662414936, 0.07961065226753895, 0.14391350518011795], [0.4382343718056024, 0.32883825653511045, 0.08103720362584156, 0.15189016793344845], [0.41819353214041877, 0.3285665060202952, 0.11114364216313866, 0.14209631957614685], [0.41329073408218, 0.33269571206575327, 0.09897509533079867, 0.15503845842126956], [0.4196977469437757, 0.3349662322333284, 0.09930599906657776, 0.14603002165630782], [0.44234195044561103, 0.3344187969435375, 0.08554227508335176, 0.13769697742750855], [0.4385193399578769, 0.3212806723413708, 0.08011868303322889, 0.16008130456751282], [0.43778520201555465, 0.3254353131972899, 0.08452111207445548, 0.15225837261269556]], "ideal": "A", "sampled": "C", "correct": false}}
{"type": "result", "data": {"idx": 1, "options": ["OCD.", "schizophrenia.", "conversion disorder.", "antisocial personality disorder."], "probs": [[0.4300412402830774, 0.18610708987690633, 0.0975883356290091, 0.2862633341110017], [0.44470015009237457, 0.18598573310596622, 0.0977068631863846, 0.27160725351526355], [0.4205385258707174, 0.1857517216847958, 0.10645074777708934, 0.28725900456738834], [0.4495242794902179, 0.18669526411451726, 0.1029486145503338, 0.260831841744934], [0.444051403310333, 0.18603959919231253, 0.112320459640665, 0.25758853775671436], [0.44364175324371385, 0.188026890221027, 0.10629849385772361, 0.2620328625775419], [0.4464618686224762, 0.17831469371787567, 0.1008989132230595, 0.2743245243365676], [0.4657073918338148, 0.17646133415424287, 0.10381330355612235, 0.2540179703558057], [0.4629575754555295, 0.1672815623912413, 0.08548692869614845, 0.28427393335708323], [0.4831677916183061, 0.19546428148035525, 0.09329016892541656, 0.2280777578759343], [0.4778921782015507, 0.16814584263184365, 0.09531911960352109, 0.2586428594630753], [0.4654043998388031, 0.19585472330925294, 0.10221456972609615, 0.2365263070258472], [0.44852933196058825, 0.1622649437240412, 0.10275842255965546, 0.28644730165572235], [0.47718808927129314, 0.1642485945003729, 0.10161536526285768, 0.256947950865461], [0.4646468017381172, 0.15701394398360574, 0.08285437309583804, 0.29548488108244475], [0.4839649154760952, 0.18938191126873988, 0.08975839710068487, 0.23689477605447867], [0.4884235904140293, 0.15386716115165763, 0.09929444749606194, 0.25841480083823415], [0.48027286553951354, 0.1792361048391063, 0.10922991635957631, 0.2312611131618081], [0.4649186171058206, 0.17436355507722517, 0.10111520723625889, 0.2596026204806944], [0.46732993789838956, 0.17178865578148086, 0.0937230972846406, 0.26715830893549397], [0.47655507383310375, 0.1723776537416302, 0.08833723343231666, 0.26273003889296526], [0.4715087298751962, 0.19854145752244254, 0.09207985051736974, 0.237869961984992], [0.47471315791345947, 0.1617958866926438, 0.09800823296264627, 0.2654827223312429], [0.46738350805422024, 0.18670790457172873, 0.10704786650374024, 0.2388607207703063]], "ideal": "B", "sampled": "D", "correct": false}}
{"type": "result", "data": {"idx": 2, "options": ["Homeostatic regulation", "Goal-setting", "Expectancy-value", "Hierarchy of needs"], "probs": [[0.2923395138022052, 0.42694741601733577, 0.09360748571383837, 0.1871055843666092], [0.2849607987366351, 0.4134340653213292, 0.08779375746044024, 0.21381137838161027], [0.318957410127324, 0.4152291299445667, 0.07199124720539452, 0.19382221262270427], [0.3379758083049786, 0.4266517638467021, 0.07271726020549577, 0.16265516754282333], [0.2942962092518468, 0.4108209751296919, 0.10057159090059106, 0.19431122461786396], [0.32110773911921764, 0.4229569967126757, 0.10684032626024896, 0.14909493780786576], [0.29944072616934986, 0.4035225718381913, 0.10662017863957163, 0.19041652325287275], [0.30652422219630987, 0.3937481543222184, 0.10271656512864778, 0.19701105825281692], [0.32572202521577986, 0.3980312002165672, 0.09224223838213345, 0.18400453608553108], [0.3590203642625209, 0.3925109684543314, 0.08225253951569765, 0.1662161276674374], [0.31749380724697307, 0.3795584108630927, 0.09434567203568146, 0.2086021097542512], [0.3409625821251375, 0.39204494576898674, 0.09770703459388873, 0.16928543741197408], [0.29129307079431144, 0.4085301610826954, 0.09712611857268734, 0.20305064945031676], [0.32063926223786005, 0.41810126462656594, 0.09591896498526879, 0.16534050805030184], [0.2849472526007411, 0.40730683704148496, 0.10054508823876779, 0.20720082201901527], [0.32138976098513966, 0.4044523950622264, 0.08792604058923863, 0.18623180326338618], [0.32627812276418017, 0.40566840625643397, 0.0931773144194315, 0.17487615645994356], [0.33087392694561707, 0.40171613071635, 0.08583931957095632, 0.18157062266707907], [0.27542144515742595, 0.40510718321281175, 0.10469847246286432, 0.2147728990669107], [0.3033152728792149, 0.4225235478250996, 0.10795278390200441, 0.1662083952936722], [0.2776860093071355, 0.41521857649301697, 0.07883423224553282, 0.22826118185430336], [0.3084618025688182, 0.43500712985173745, 0.07932091920009977, 0.177210148279328], [0.3347598029420618, 0.41609885025167465, 0.07551654789459067, 0.17362479881167764], [0.33473707519579154, 0.41241356806782903, 0.06922394428570237, 0.18362541235068744]], "ideal": "D", "sampled": "C", "correct": false}}
{"type": "result", "data": {"idx": 3, "options": ["measures what it purports to measure", "yields consistent results on successive administrations", "has been piloted and statistically analyzed", "includes norms based on a representative sample of the general population"], "probs": [[0.4559018838303405, 0.29331456836800485, 0.1030255896440792, 0.14775795805758496], [0.4332187775600213, 0.3040759667496239, 0.12238950615839353, 0.14031574943196506], [0.4502757494800792, 0.3077304864395714, 0.08482893087194877, 0.1571648331084134], [0.4461641256247069, 0.3206879810708622, 0.10431004448148525, 0.12883784872294557], [0.42686964741712147, 0.30212352839003176, 0.10455502793522545, 0.1664517961576233], [0.4437546946324105, 0.3062950947224827, 0.10425194279071374, 0.1456982677543837], [0.46766103731777375, 0.30334626451698266, 0.08171424932973059, 0.14727844873551155], [0.4520583530005417, 0.31410982251034086, 0.0953384753616873, 0.13849334902742422], [0.4613850074478543, 0.31904169798643467, 0.08374733840266721, 0.1358259560630291], [0.44644857065429167, 0.3324263221778306, 0.08898447340405279, 0.13214063366381534], [0.4339079618446924, 0.3221091350319148, 0.10112005573610403, 0.14286284728729878], [0.4410794728631629, 0.32240939297750704, 0.09313528915386411, 0.1433758449054534], [0.5036122840583194, 0.2638158727067616, 0.08038462516655415, 0.15218721796835402], [0.5043841100242417, 0.2746861195007584, 0.09939417672870719, 0.1215355936463191], [0.4874278465442019, 0.2672031853264921, 0.10590361282432739, 0.13946535520498202], [0.47040933938642954, 0.28163795384994333, 0.114948345584026, 0.1330043610795847], [0.4856188570856544, 0.2847116947639439, 0.09829914211199396, 0.13137030593842575], [0.4715770875165572, 0.2776950104798269, 0.0935584889112444, 0.15716941299236398], [0.4736758861526135, 0.2798476326819657, 0.09116543133567738, 0.15531104972976142], [0.4931227215960685, 0.2843300113263371, 0.0901517970016855, 0.13239546997589233], [0.46893400776328703, 0.2857939181985603, 0.1145865703531475, 0.1306855035849936], [0.47832529073837693, 0.2859472654159901, 0.1049611698925597, 0.13076627385308692], [0.4819807017104822, 0.29987310388124533, 0.09531533346353421, 0.12283086084475404], [0.47127148893395066, 0.2940264591245869, 0.08951880856922019, 0.14518324327225013]], "ideal": "A", "sampled": "C", "correct": false}}
{"type": "result", "data": {"idx": 4, "options": ["the provision of a free, appropriate public education for students with disabilities", "the provision of bilingual education for English-language learners", "schools being held responsible for providing tests that do not discriminate on the basis of race", "the assignment of similar funding to athletic activities for boys and girls"], "probs": [[0.40152993291491473, 0.298978904061623, 0.15268115917174924, 0.14681000375169817], [0.39972085244286437, 0.2913377374754151, 0.1399457128921007, 0.1689956970896301], [0.4061707448007101, 0.30337966363731445, 0.12238840064663871, 0.16806119081532078], [0.3962593008891733, 0.32475416379379224, 0.12734798596524777, 0.15163854925180434], [0.3873184605641637, 0.2852674586482095, 0.13446406155499802, 0.19295001913262388], [0.38487950545855004, 0.31408321039903603, 0.15265981079436133, 0.14837747324804607], [0.38125724779250486, 0.33684038962828544, 0.14291003666145133, 0.13899232581774423], [0.3797440467465874, 0.3304509627718153, 0.13605477939149704, 0.1537502109900979], [0.3723786507908229, 0.3247930343306899, 0.1321248312976799, 0.17070348348081144], [0.3494047644950291, 0.3291686776113762, 0.12399657231622356, 0.19742998547738022], [0.3582604717479201, 0.317747471124634, 0.13995825615393007, 0.1840338008735066], [0.3442990770170972, 0.3264984836935812, 0.14970964632808248, 0.17949279286124165], [0.4186881749293239, 0.33450569916869693, 0.11080135634450824, 0.1360047694574978], [0.4114703507171051, 0.34899344057082965, 0.11314618341496994, 0.12639002519709314], [0.3679814874325265, 0.32674640482016054, 0.1350559443654594, 0.17021616328185712], [0.3506891785570388, 0.3287399022228355, 0.12505754703330194, 0.195513372086813], [0.36365744567927893, 0.3541614701787104, 0.12146076869877705, 0.160720315343216], [0.3480461190732678, 0.3295134247044147, 0.1168889764760148, 0.20555147964628015], [0.3866277348588036, 0.3224302561068178, 0.13900414478762338, 0.15193786414674196], [0.38385385406664074, 0.35360649433116403, 0.14226375084052156, 0.12027590066168044], [0.3687123511334747, 0.31111386594308027, 0.14861408201079046, 0.17155970081266167], [0.35683754833190556, 0.3248673160365034, 0.15585477065918354, 0.16244036487238767], [0.37877614996744197, 0.35975628435247087, 0.12041672621527114, 0.14105083936480647], [0.3638548583356532, 0.3279867545109232, 0.1199826760355748, 0.1881757110178462]], "ideal": "C", "sampled": "A", "correct": false}}
{"type": "result", "data": {"idx": 5, "options": ["0%", "25%", "50%", "75%"], "probs": [[0.46708936977469545, 0.23393956858672843, 0.09298021218139364, 0.20599084935719683], [0.4675781406901285, 0.2632417139053642, 0.09115181706293193, 0.17802832824159104], [0.4762132545947167, 0.2452180301649558, 0.08805146386266666, 0.19051725127765662], [0.45600018356428884, 0.2613685673308216, 0.08916150188426149, 0.19346974712061302], [0.46201824494747745, 0.2752417111525752, 0.08982009980934096, 0.17291994399061159], [0.45363644089739047, 0.26053924193597217, 0.08131523364970097, 0.20450908341695848], [0.47334125199257004, 0.27504895039612176, 0.07633684805901342, 0.1752729494522793], [0.4730066177643214, 0.3013753854774319, 0.07711909586696644, 0.14849890079128608], [0.484999342823962, 0.29089382157136395, 0.08671049701518212, 0.13739633848949398], [0.4713262697244361, 0.28576007117369023, 0.09025323605936679, 0.15266042294250556], [0.4816378008072114, 0.30876208027701924, 0.07023240816707824, 0.1393677106486836], [0.4678494673043498, 0.2793766189649199, 0.07094706335903364, 0.1818268502717116], [0.4773445480056243, 0.28009684570386223, 0.06990380086081313, 0.17265480532971747], [0.4666318971601815, 0.29036801926736105, 0.07045768206194408, 0.17254240141052452], [0.4997126738449086, 0.292889143836677, 0.0774371274370012, 0.12996105478140216], [0.47563352682353854, 0.2840024795624175, 0.08040654847639968, 0.15995744503766202], [0.46595123795691357, 0.30750228572508803, 0.08402384814350324, 0.14252262807449875], [0.4532763159896297, 0.2979940647016662, 0.08702171581166063, 0.16170790339704022], [0.47469042134179945, 0.30599537759630785, 0.06960497661298665, 0.14970922434891823], [0.4628435282174672, 0.29507583876899485, 0.06607764226479786, 0.17600299064872602], [0.47987356780222074, 0.321425227308573, 0.06411677760209061, 0.13458442718712038], [0.4673640397550896, 0.2906109697566387, 0.06508532515104201, 0.1769396652372441], [0.47401660806155854, 0.3089652329211342, 0.087197966168177, 0.12982019274913179], [0.46009462200402484, 0.3031019376033467, 0.08683153223456651, 0.149971908058061]], "ideal": "A", "sampled": "D", "correct": false}}
{"type": "result", "data": {"idx": 6, "options": ["variance", "mean", "range", "median"], "probs": [[0.25421801657266957, 0.304776273827342, 0.10154124307049493, 0.33946446642948275], [0.26198409379476306, 0.30984674381893385, 0.11025161886028077, 0.31791754342603007], [0.24843208157825586, 0.28323408589273125, 0.14431524350006952, 0.32401858892895263], [0.2841712543730019, 0.24877712712196365, 0.13941191500220879, 0.3276397034028481], [0.25664555686210394, 0.30109429299794016, 0.13700535596309638, 0.3052547940768558], [0.27515613341399364, 0.28443769460385215, 0.11103718445982955, 0.32936898742233767], [0.21625303280111202, 0.3214018361795129, 0.1240797809746014, 0.3382653499447642], [0.23728659052063547, 0.3255927035689203, 0.13129912739309363, 0.30582157841732605], [0.19959934685812036, 0.2778627081277124, 0.15237334199237945, 0.37016460292179904], [0.19168773096585642, 0.26861531502355473, 0.15019403888073804, 0.38950291502984824], [0.2078046824620677, 0.3071980361174758, 0.15678746383475362, 0.32820981748570055], [0.21097729235979365, 0.2866840786498779, 0.15801132554065936, 0.3443273033496674], [0.21160700477770517, 0.3319013507144988, 0.1428907962772309, 0.31360084813055816], [0.2525165184130418, 0.30406283211691354, 0.1334840384069107, 0.3099366109631282], [0.18449203389580757, 0.31258899825066166, 0.124133875220079, 0.3787850925334464], [0.18604377152281587, 0.3098431257625566, 0.1310113339492627, 0.37310176866537725], [0.20990535625227827, 0.30235274905625636, 0.12652162619246415, 0.36122026839898935], [0.19263575972307137, 0.30789109598473663, 0.1554299874067875, 0.3440431567854195], [0.19427795423222174, 0.33898314680213026, 0.14141640974120345, 0.3253224891244289], [0.20294863285706663, 0.3279946171172385, 0.11711448337543813, 0.3519422665502421], [0.18595148933706934, 0.32209325395910554, 0.14860242160115958, 0.3433528350026611], [0.18617185554625995, 0.3034962199711333, 0.153347738988532, 0.35698418539408283], [0.2056105539141372, 0.2866869840026396, 0.13895671873012433, 0.36874574325309434], [0.16920388192513408, 0.29348564032415037, 0.16055044420944364, 0.3767600334412784]], "ideal": "A", "sampled": "A", "correct": true}}
{"type": "result", "data": {"idx": 7, "options": ["They need provide supervision only to school psychologists who are not fully certified or licensed and to any school psychology interns.", "They should provide professional but not administrative supervision.", "They are eligible to serve as supervisors after one year of experience as a school psychologist.", "They should hold the Nationally Certified School Psychologist credential or the state school psychologist credential."], "probs": [[0.4339729427602899, 0.2838387628668939, 0.15149615170233852, 0.13069214257049472], [0.45839272735518405, 0.2733336447772366, 0.1710481213346329, 0.09722550643296646], [0.4181542343831956, 0.2821651429256897, 0.14063238066674955, 0.15904824192436576], [0.46256529121378304, 0.2728468523878706, 0.1591791010589912, 0.10540875523935803], [0.4680484012988503, 0.292246582585256, 0.12252965297370488, 0.1171753630421854], [0.4770235320911826, 0.2877851974911849, 0.13782906407527737, 0.09736220624235395], [0.4281576939716974, 0.2811869258645274, 0.15335224519492294, 0.1373031348688621], [0.45526963511295343, 0.2777658715738513, 0.16924002968627266, 0.09772446352693524], [0.4098949571332517, 0.2846396757673137, 0.14285683629317228, 0.1626085307062586], [0.4585090834891445, 0.284649817111051, 0.14163309424604217, 0.11520800505375617], [0.4389945983784233, 0.28175516103563975, 0.14386829733823156, 0.13538194314770155], [0.46139202733125106, 0.2863487883098294, 0.13687285662115065, 0.11538632763778185], [0.4147901476017511, 0.2826857200347357, 0.14321391457016158, 0.15931021769333864], [0.4633849245602338, 0.27558284969285113, 0.1594524390188386, 0.10157978662806094], [0.4176677486147484, 0.29046522222826254, 0.13465367800700312, 0.15721335104999262], [0.46096477604041536, 0.27877883785641705, 0.1433396568392598, 0.1169167291638942], [0.45111038613566334, 0.2870337890828891, 0.14392071901848424, 0.11793510566296253], [0.46417604340882346, 0.28371604951478546, 0.12136670182357075, 0.13074120515280246], [0.4323602963293549, 0.29979707159041574, 0.1343061020539709, 0.1335365299262563], [0.4522995014515243, 0.2923874970295928, 0.14916918904657264, 0.10614381237232098], [0.4476010166422711, 0.29327428150489376, 0.13300938062179812, 0.1261153211310231], [0.4711675117659161, 0.2865910032674001, 0.1255087788912624, 0.1167327059754329], [0.45192140768516603, 0.2907495247279099, 0.14932717224861425, 0.10800189523829412], [0.46457449111247734, 0.29294764388766475, 0.12482912669633238, 0.11764873820352893]], "ideal": "D", "sampled": "D", "correct": true}}
{"type": "result", "data": {"idx": 8, "options": ["at the beginning of the list", "in the middle of the list", "at the end of the list", "distributed throughout the list"], "probs": [[0.4773893981613852, 0.28940758481762635, 0.11168440969945799, 0.12151860722153138], [0.4742752441070966, 0.28260108481419505, 0.10766649781678722, 0.13545717316190992], [0.4818130056966403, 0.28185364591237766, 0.11077654245363469, 0.12555680583734305], [0.4771149450807873, 0.28670177653447826, 0.10221539214217219, 0.1339678861425714], [0.47226012336535544, 0.280122466049264, 0.10289068530098196, 0.14472672518440058], [0.4780631242221473, 0.29034607496679776, 0.10373435599334684, 0.12785644471772226], [0.4397827768884931, 0.3265287413981801, 0.10288931807540559, 0.1307991635379234], [0.43775320651676936, 0.31816483146118474, 0.10012187345528606, 0.14396008846677955], [0.4206845766508575, 0.32233494049093986, 0.12180263275321787, 0.13517785000499774], [0.42928530387026165, 0.3038141875819238, 0.10850565451723339, 0.15839485393058247], [0.4253545513850662, 0.30989784233571466, 0.11637312626798614, 0.1483744799112399], [0.42421017776324466, 0.3106899435808183, 0.11156955327140791, 0.1535303252845169], [0.4373880892937961, 0.3072751005942347, 0.11181838589058025, 0.1435184241213797], [0.4370143420729169, 0.3118174270787629, 0.10586210349786561, 0.14530612725047545], [0.4197336709389845, 0.30599186648256677, 0.13505787681647577, 0.13921658566197784], [0.4185654093534458, 0.2928402800231338, 0.121028519948829, 0.167565790574585], [0.4241240518591287, 0.3079453368600367, 0.12187159689363258, 0.1460590142872117], [0.42217176400232587, 0.29256005173163474, 0.11234516968375818, 0.17292301448229], [0.45936974447954393, 0.301901488880218, 0.08213742057084165, 0.1565913459693889], [0.4701444112600169, 0.31120386587999405, 0.08073862350833491, 0.13791309925164055], [0.43072030703162567, 0.3023290395108695, 0.11319708017102419, 0.15375357318648963], [0.42808477441999127, 0.3060315476151245, 0.10905868248219609, 0.1568249953826848], [0.4390414741138856, 0.3082135942598989, 0.10398697961663037, 0.14875795190958988], [0.42981873838294415, 0.2965250935494534, 0.09886832374944765, 0.17478784421814544]], "ideal": "A", "sampled": "A", "correct": true}}
{"type": "result", "data": {"idx": 9, "options": ["Piaget's cognitive development theory", "Erikson's psychosocial stage theory", "Kohlberg's moral development theory", "Ainsworth's social attachment theory"], "probs": [[0.4230060467285511, 0.3092263138819027, 0.09630848837992226, 0.17145915090960528], [0.45643405720644387, 0.32142051321359505, 0.09221268366167344, 0.12993274581827627], [0.4024154374448755, 0.315760932216189, 0.10587721286638099, 0.17594641737255376], [0.44807482004522003, 0.3011123462729766, 0.09269173046488789, 0.15812110311691666], [0.43518974213754513, 0.33265220813327007, 0.0990507764227099, 0.13310727320646276], [0.45250113504202516, 0.29868827004347065, 0.08591828336391247, 0.16289231145058594], [0.4195335622019415, 0.3211553676773798, 0.08640861118661375, 0.17290245883406283], [0.4483454396817064, 0.3328784271262317, 0.0836011688716229, 0.13517496422043818], [0.41537867042427673, 0.33019156949624473, 0.0944692805465301, 0.15996047943294772], [0.4336642677379461, 0.33017201690214454, 0.09171880329613627, 0.14444491196377984], [0.4456846932306359, 0.3348539513132137, 0.08733049666296862, 0.1321308586931762], [0.445956315014982, 0.32681465800928505, 0.08275788725897763, 0.14447113961674443], [0.40949737652140145, 0.3135626543426319, 0.10587652774017722, 0.1710634412957883], [0.45203591083985756, 0.3040804057300423, 0.08977148999588913, 0.15411219333420023], [0.4246348993317591, 0.31380781515481, 0.10929734418998491, 0.15225994122344688], [0.4442470437143765, 0.31753106464428954, 0.10266407465464368, 0.13555781688667515], [0.4549381761518801, 0.3065038274069106, 0.09666626113254462, 0.1418917352086611], [0.4295693816724006, 0.3326511331019959, 0.10577127298476756, 0.13200821214082642], [0.42365752461960327, 0.33993632160900183, 0.09903999681446325, 0.13736615685693493], [0.44519885297732203, 0.3043237361273935, 0.08500893065563894, 0.16546848013963775], [0.43843933769202126, 0.33613385455227207, 0.09632361457833838, 0.12910319307734427], [0.43686720034006754, 0.329947117010214, 0.09153923949764067, 0.14164644305207907], [0.44289045479266775, 0.3203640144585147, 0.0902394536939194, 0.14650607695491663], [0.41686920048736936, 0.3446168135277437, 0.1006436079282491, 0.1378703779566318]], "ideal": "B", "sampled": "D", "correct": false}}
{"type": "result", "data": {"idx": 10, "options": ["aptitude", "projective", "achievement", "intelligence"], "probs": [[0.4039542540476574, 0.2957881951557231, 0.0894627645922155, 0.21079478610438354], [0.40271163819604866, 0.30456176091288456, 0.08109149423473146, 0.21163510655631917], [0.38219535102051344, 0.31555187030709425, 0.11284459908297147, 0.18940817948940478], [0.359923503626903, 0.3079450246047852, 0.11063238643849393, 0.22149908522981512], [0.40561430005263566, 0.307472271378452, 0.08639928752610844, 0.20051414094279402], [0.37477572415346344, 0.2983819480502248, 0.08998341204436983, 0.23685891565194925], [0.4184308445872673, 0.2988374684307632, 0.08154966859765506, 0.2011820182843347], [0.42941903994364117, 0.30371971350263466, 0.07605590844576583, 0.1908053380079775], [0.41015011155745557, 0.30813613072625046, 0.09626740341210015, 0.1854463542042119], [0.41512969794331217, 0.3218927694560361, 0.09897800341453986, 0.16399952908610746], [0.43703563663323347, 0.30180556323188346, 0.07154792730305777, 0.18961087273183447], [0.42118717197204725, 0.31086156828828254, 0.08162595087398546, 0.18632530876568928], [0.3983034171426526, 0.32630365034400327, 0.10613254713892412, 0.16926038527441103], [0.3767622473042031, 0.3284636650220294, 0.10135684759656519, 0.19341723997720706], [0.40119117500786106, 0.31844877115016873, 0.09463788243024696, 0.18572217131172422], [0.39779278326166867, 0.33996394419011955, 0.09531581884372284, 0.16692745360448633], [0.39048237097890554, 0.3263064541347798, 0.09147567978466394, 0.19173549500164436], [0.39739816884818113, 0.3356478752662669, 0.10279133605118337, 0.16416261973434135], [0.4256111102108787, 0.2847443531433219, 0.08682204189355122, 0.2028224946522452], [0.39169378419135475, 0.28622669376424836, 0.08542114580765833, 0.2366583761367278], [0.4251786932446857, 0.27500968287466215, 0.07608421229835893, 0.22372741148227646], [0.4085904740465752, 0.29285907098748487, 0.08995226645748629, 0.2085981884084341], [0.39005207036406125, 0.2828609459531346, 0.09820198040165114, 0.22888500318112592], [0.39694358887633646, 0.2941980403772982, 0.11292615628694402, 0.19593221435944225]], "ideal": "C", "sampled": "B", "correct": false}}
{"type": "result", "data": {"idx": 11, "options": ["proximity and similarity", "top-down processing and bottom-up processing", "binocular and monocular cues", "size and shape constancy"], "probs": [[0.472494291557075, 0.3062448408963304, 0.05800870821446184, 0.16325215923213432], [0.45742197406039464, 0.29920612548679837, 0.058963237069588795, 0.18440866328320463], [0.4708409697833784, 0.31360624391601855, 0.07743691238235477, 0.13811587381823984], [0.45152048409403434, 0.2796401763289184, 0.06259254298038812, 0.2062467964966558], [0.4529247688621332, 0.2910818306606192, 0.10532703393851238, 0.1506663664387471], [0.4414835084157496, 0.26619140399987157, 0.08365347648589279, 0.20867161099848708], [0.4595841975479556, 0.2649826080611368, 0.09544166956158572, 0.17999152472931404], [0.4411586009143761, 0.2676026641161174, 0.09395238899394012, 0.19728634587558322], [0.4776556859489342, 0.2654727468394273, 0.07846619059783869, 0.1784053765137909], [0.48687471814182065, 0.2576264316707693, 0.08163068494424584, 0.17386816514316727], [0.440750791102521, 0.26984876121137336, 0.0940315252125147, 0.19536892237358913], [0.4712199986583699, 0.251260807986259, 0.10097805968358525, 0.17654113357179368], [0.47205563838050224, 0.2855144274258576, 0.11175944455827974, 0.13067048953535423], [0.4556943802526499, 0.265000082234321, 0.08586426438771265, 0.19344127302530864], [0.48622659508237603, 0.29748484817871823, 0.05862718458319793, 0.157661372055697], [0.4993525500918902, 0.28572628314552156, 0.05898561757722436, 0.15593554908536472], [0.4556373203300072, 0.2534879482065312, 0.09733563821896397, 0.19353909314450352], [0.4827416259492066, 0.26276890922412754, 0.11772834494924768, 0.13676111977742317], [0.43791335349039545, 0.29483592774268874, 0.12569810436982737, 0.14155261429707247], [0.43865379596264836, 0.2643047245136075, 0.09723379293723769, 0.1998076864864852], [0.44488187118189876, 0.2928042284168101, 0.06218936947995849, 0.20012453082133833], [0.4854797938292395, 0.2689065621380753, 0.06207373437464595, 0.18353990955802893], [0.4419884635173749, 0.2666991510571623, 0.08042557565904286, 0.21088680966642023], [0.47327729080015124, 0.28185836727661034, 0.09270269798911283, 0.15216164383411737]], "ideal": "C", "sampled": "B", "correct": false}}
{"type": "result", "data": {"idx": 12, "options": ["be paralyzed", "fall into a coma", "suffer severe speech impairment", "die"], "probs": [[0.4093362538099466, 0.266013599621752, 0.044679483606127855, 0.27997066286216643], [0.44570646905532296, 0.3060460319945248, 0.05356374180284459, 0.19468375704730903], [0.4188579247208578, 0.2638055325050248, 0.04641733823693291, 0.27091920443717643], [0.43235439520461144, 0.29828176872006135, 0.05815516154063754, 0.21120867443467284], [0.4312778474869583, 0.2752642114136257, 0.04895050295670752, 0.24450743804271563], [0.4171469709297365, 0.28382777612811405, 0.053533365944325825, 0.24549188689782148], [0.40809407501915007, 0.26041146959012723, 0.048805224967520246, 0.2826892303232092], [0.44240208405909964, 0.29370107182926875, 0.05899240517812807, 0.20490443883348797], [0.3880790012099286, 0.2557646055791367, 0.04587293875960994, 0.31028345435132315], [0.4085718498109416, 0.2943344755004379, 0.05097116107203041, 0.24612251351659942], [0.4039373519897734, 0.26283984563871227, 0.0447117875575944, 0.28851101471393414], [0.41839090074409147, 0.26848432080166407, 0.042668405663364814, 0.270456372690881], [0.43587176637584774, 0.24080277821758975, 0.04927674193598211, 0.2740487133705874], [0.4390838965158926, 0.2715908147160811, 0.06106907263695024, 0.22825621603108004], [0.3941026110095611, 0.24152572473480338, 0.04955018742489626, 0.3148214767307472], [0.41562804512602375, 0.26816065005874207, 0.055600003022285516, 0.260611301692951], [0.41473350266301734, 0.23658780692182846, 0.048682147710468596, 0.29999654260467706], [0.4268887754559004, 0.2326528186558493, 0.046843273811058884, 0.29361513197719513], [0.4315739403572316, 0.23952274055191972, 0.07776131305766824, 0.25114200593317687], [0.4183632956822736, 0.2430476518563387, 0.0857572445159919, 0.25283180784539766], [0.41328555639750886, 0.2419896288162825, 0.06179621634227325, 0.2829285983439267], [0.42321657321843636, 0.23839635612642843, 0.06211623305017256, 0.2762708375049717], [0.412311182708826, 0.24295543254752702, 0.06377641652536922, 0.2809569681182674], [0.4171938263254946, 0.24564613744308808, 0.06133138665293592, 0.2758286494784698]], "ideal": "D", "sampled": "D", "correct": true}}
{"type": "result", "data": {"idx": 13, "options": ["achievement", "standardized", "projective", "triarchic"], "probs": [[0.35184597367800385, 0.29962581925024107, 0.08969317585346685, 0.2588350311182992], [0.37014000129792707, 0.3093717818215764, 0.10818392784546799, 0.21230428893504422], [0.3250328531744143, 0.2635157112483345, 0.11009518383730647, 0.3013562516399428], [0.3590431743689969, 0.29921921860924205, 0.1304524523169498, 0.21128515460479189], [0.3643767209815182, 0.3126203751046014, 0.10283432887124784, 0.2201685749426234], [0.3868411604262589, 0.323851612642787, 0.10894238690942586, 0.1803648399215214], [0.36476675788172463, 0.31620985472838364, 0.08852504954338752, 0.23049833774651637], [0.3855483909804416, 0.3198889249825628, 0.10336422622716572, 0.1911984577098337], [0.3513866101195827, 0.3006152671358648, 0.09695917684933486, 0.25103894579521696], [0.3907033579038873, 0.3181955651813009, 0.09891330935754927, 0.19218776745726232], [0.3872180739756215, 0.32790325365857215, 0.09700078122712523, 0.18787789103869654], [0.415882338348198, 0.3350657432242944, 0.08957785248425457, 0.15947406584324722], [0.34578964159033543, 0.282568919529363, 0.0881100712353506, 0.2835313675449435], [0.38090968124339414, 0.32281833286835226, 0.10592672112161224, 0.19034526466664792], [0.3672574945601445, 0.2957355589575612, 0.07668750509236384, 0.26031944128992823], [0.40804041614476705, 0.3250368975530544, 0.0763209144814644, 0.19060177172071188], [0.3860428218414611, 0.31549111174776256, 0.0977449479447179, 0.20072111836606374], [0.37614768052067765, 0.33097772104722756, 0.08989652384375076, 0.202978074488318], [0.39250864674890007, 0.29165805904925834, 0.08708727023426482, 0.22874602386755158], [0.41927091012324386, 0.3086777679104491, 0.09243995292117058, 0.17961136894513943], [0.40660201196532475, 0.2876940257983201, 0.08066038002161295, 0.22504358211473371], [0.4439645596137224, 0.29086847718533526, 0.07138097436919556, 0.193785988731741], [0.42882317000296755, 0.2659563224742003, 0.09922282535882247, 0.20599768206400412], [0.43148589320411956, 0.26423172955603685, 0.08755466600130211, 0.21672771113854084]], "ideal": "B", "sampled": "D", "correct": false}}
{"type": "result", "data": {"idx": 14, "options": ["discrimination", "spontaneous recovery", "trace conditioning", "generalization"], "probs": [[0.30228709127583514, 0.3111283751049775, 0.10501923846482944, 0.28156529505437405], [0.3062434424858717, 0.3131389513566307, 0.11145446599758418, 0.2691631400599156], [0.31310122812928953, 0.3241531893100572, 0.14046801130829367, 0.22227757115235466], [0.31557076673822243, 0.34276890260338455, 0.13340246135399272, 0.20825786920439085], [0.30620264687657106, 0.3253118552322319, 0.12023373060193185, 0.24825176718927974], [0.3035144999631282, 0.3372870417504465, 0.1076538766531036, 0.251544581533339], [0.29888982977548567, 0.3182301932788344, 0.0954359312069188, 0.2874440456387656], [0.30769261943180193, 0.3189845532187383, 0.09953527431945182, 0.27378755293001045], [0.28083439318086056, 0.3267954236888802, 0.13300007401606587, 0.25937010901419283], [0.3010976516159628, 0.33168346040129376, 0.13654151576102794, 0.23067737212171688], [0.2828019525933975, 0.3253499215766074, 0.09093464562626448, 0.30091348010372826], [0.2878929516916249, 0.33337304623764175, 0.08786675190063858, 0.2908672500701039], [0.3187069024087423, 0.31631857591133106, 0.1154768111007774, 0.24949771047914313], [0.3235618277996645, 0.32754271439406357, 0.11052544936448196, 0.23837000834179561], [0.30136809271567255, 0.3158258280926297, 0.11902203028932841, 0.2637840488023641], [0.3204098596902354, 0.3202268695696936, 0.11975523192591582, 0.23960803871415312], [0.3128188543328419, 0.3373086098655462, 0.0948948971048097, 0.25497763859680705], [0.33772360483118363, 0.32680680082248587, 0.10405460260482934, 0.23141499164150903], [0.3067559576018144, 0.28335648266746266, 0.14022015936486593, 0.26966740026584446], [0.3087068075270684, 0.2916686884137059, 0.13533467915710745, 0.26428982480210905], [0.2866777743334182, 0.27402373879760733, 0.11253770987168377, 0.32676077689729993], [0.29305921894588577, 0.28505241136906007, 0.10631821144569455, 0.31557015813935596], [0.3028044448077962, 0.2979859573029333, 0.14277124955376688, 0.25643834823551], [0.32042606678915164, 0.29240201536722704, 0.14669444910906268, 0.24047746863455172]], "ideal": "D", "sampled": "C", "correct": false}}
{"type": "result", "data": {"idx": 15, "options": ["the mere-exposure effect.", "self-serving bias.", "equipotentiality.", "the fundamental attribution error."], "probs": [[0.4052497600385485, 0.28904821419581095, 0.07307288760812262, 0.23262913805750657], [0.4068873825364971, 0.29094930297392063, 0.0800815191590812, 0.2220817952305022], [0.4122770290077653, 0.3000039275951352, 0.08431025806038082, 0.2034087852367268], [0.4157255089316391, 0.31517633877082646, 0.08400694841020678, 0.18509120378732496], [0.41772809156327645, 0.2915090773746844, 0.07949592896093192, 0.21126690200109172], [0.41819487919847087, 0.3046898699264835, 0.07307528907211497, 0.20403996170292193], [0.37854705597010413, 0.3131774320519659, 0.07666638435372636, 0.23160912752421142], [0.37926139619256005, 0.313401456478078, 0.08160578287861424, 0.22573136435075436], [0.3743790006363172, 0.31657507012214675, 0.0809986527886218, 0.22804727635292615], [0.36269888046379856, 0.3119696268850096, 0.0766109504458198, 0.24872054210537203], [0.3578341636755486, 0.3141868921842783, 0.076061877827339, 0.25191706621282617], [0.35996589631069065, 0.3043610409915714, 0.06572724681236136, 0.2699458157853898], [0.40868271920104765, 0.31399136691898766, 0.07876934958401366, 0.1985565641959369], [0.4103212688483859, 0.3295753426752957, 0.07820243247885214, 0.18190095589746685], [0.3839550984902481, 0.30366752727723917, 0.081373008801014, 0.23100436533149532], [0.3735211785495536, 0.2961449484803234, 0.07595032777345964, 0.2543835450966397], [0.3881680181659867, 0.32889627256424486, 0.07436694861948724, 0.20856876055026483], [0.38567942246133613, 0.30368347883714264, 0.06653856749450494, 0.24409853110701252], [0.3987682126975979, 0.30727758623833645, 0.0881408444656802, 0.205813356498405], [0.398377928361125, 0.3225052569241036, 0.08070922625879308, 0.1984075883559759], [0.3800672902217837, 0.3022188903850801, 0.08094752868254135, 0.23676629061058574], [0.3742728688580755, 0.2929889566996488, 0.06978276538357668, 0.2629554089586746], [0.38712413046566474, 0.32809984428751676, 0.0786884188584883, 0.20608760628833125], [0.3799917843009647, 0.3031363193356662, 0.07293982584762977, 0.2439320704157568]], "ideal": "D", "sampled": "A", "correct": false}}
{"type": "result", "data": {"idx": 16, "options": ["grounding a teenager for staying out past curfew", "spanking a child for misbehavior", "permanently revoking the driving privileges of a third-time DWI driver", "refusing to return the boss' phone call after not getting the expected raise"], "probs": [[0.39638949922106637, 0.1299532938790966, 0.061780970577377886, 0.4118762362224721], [0.39935019957311785, 0.16294421203964277, 0.07904676869248274, 0.3586588195947581], [0.41065833706872357, 0.12345410974957072, 0.018207492807998785, 0.44768006027369345], [0.39596931395030843, 0.2046066208943971, 0.03708385627101602, 0.36234020878427653], [0.4142871789199668, 0.1375571798179316, 0.021018096065976166, 0.4271375450961183], [0.4003673482781349, 0.18347782512368624, 0.03180162856721137, 0.3843531979309694], [0.38209043802276454, 0.17592549261464285, 0.03678536901990418, 0.4051987002426754], [0.3799121589107927, 0.21100179086606394, 0.04638307743216757, 0.36270297269095214], [0.3947388122651291, 0.17212699255706737, 0.020894967943143564, 0.41223922713465444], [0.4147468315951968, 0.22977581741377798, 0.03879569083006787, 0.31668166006095816], [0.40059643612510515, 0.19472594118664618, 0.02515791872709612, 0.3795197038611512], [0.39940000329800973, 0.2142768925370872, 0.03415784692292747, 0.3521652571419729], [0.3878283747677248, 0.16195039810670753, 0.014644090116233393, 0.43557713690934036], [0.36855348509760333, 0.27065183901344875, 0.030267027080896205, 0.3305276487080562], [0.3709882372695546, 0.16671928768308955, 0.022310225276786118, 0.4399822496705696], [0.3851025150178875, 0.25669754384669685, 0.041867664891439366, 0.31633227614399034], [0.3714480572063418, 0.25354559587910047, 0.031790994642104504, 0.3432153521724697], [0.39182489820453187, 0.23895470881883193, 0.031036991842920934, 0.33818340103370137], [0.35954327299439837, 0.1729644554499416, 0.017107116128516744, 0.45038515532714896], [0.34640209529708715, 0.24138289698143234, 0.025601483672171726, 0.3866135239493058], [0.34785474168964853, 0.18568380060968231, 0.030242886373086714, 0.43621857122757174], [0.3620564876815433, 0.2337046084863865, 0.04228375962788186, 0.36195514410417284], [0.3483221568966795, 0.2485778071148001, 0.028497976944048313, 0.37460205894447446], [0.37471266433132444, 0.23576384380936988, 0.029310216261816895, 0.3602132754974874]], "ideal": "D", "sampled": "D", "correct": true}}
