{"type": "result", "data": {"idx": 0, "options": ["Freedom of speech is protected except in certain situations, such as yelling \"fire\" in a crowded theater.", "Once a church has been recognized by the federal government, its tax-exempt status can never be revoked.", "Once Congress has created an administrative agency, that agency can be dissolved only by a constitutional amendment.", "State-sponsored prayer during school hours is prohibited, but voluntary prayer by student groups before school is allowed."], "probs": [[0.3248254798586966, 0.38545823420319986, 0.1394971085891154, 0.1502191772489818], [0.33990492919932047, 0.39393637787882796, 0.14521213318944629, 0.12094655963241639], [0.32600641362221017, 0.3800390564437026, 0.14766359929064546, 0.146290930543448], [0.33992423298957364, 0.378086295546856, 0.15963358830170013, 0.12235588306187657], [0.34827051102546996, 0.3754424676707973, 0.14707372392907517, 0.12921329727465083], [0.34948810152491894, 0.3627417115697625, 0.15135225219077447, 0.136417934614542], [0.3008846418719453, 0.41086397019543425, 0.1299711373804131, 0.15828025045220645], [0.33214059005224, 0.4169761174771096, 0.12655533547394976, 0.1243279568967027], [0.29474174291067323, 0.40153009431058406, 0.16427482146382574, 0.13945334121492814], [0.32143943589387414, 0.4121343529870485, 0.16858933992304026, 0.09783687109602283], [0.3386969091030202, 0.3968964247006891, 0.13191208009490116, 0.13249458600140154], [0.3307590207376705, 0.405835254170139, 0.149430181588975, 0.11397554340319126], [0.31353073413225163, 0.41616561374355066, 0.1223110161903578, 0.14799263583385447], [0.34217960426822214, 0.41675912926012887, 0.12466611817701426, 0.11639514819462833], [0.29966601646433855, 0.43065161619545433, 0.13534173268914954, 0.13434063455105374], [0.3312149834355525, 0.4373005719053602, 0.1393884186427831, 0.09209602591628634], [0.3499973205606996, 0.39795001425731297, 0.12716959471531133, 0.12488307036666953], [0.34482880699383256, 0.41646277677421667, 0.13350149153652116, 0.10520692459543339], [0.34484844070417636, 0.38472920350683404, 0.13937702266727228, 0.1310453330217119], [0.34435474229791135, 0.3747158259959958, 0.14438871712945958, 0.1365407144766328], [0.3360976943939655, 0.3877108391544326, 0.14623092422160291, 0.12996054212998043], [0.352130266403427, 0.3866413843253492, 0.15315687571906877, 0.1080714734521629], [0.34362296948970766, 0.36763617377236885, 0.16136302972616867, 0.12737782691175345], [0.35694954075807406, 0.3826643394376305, 0.15752513734509668, 0.10286098235922657]], "ideal": "D", "sampled": "D", "correct": true}}
{"type": "result", "data": {"idx": 1, "options": ["Registered voters between the ages of 35 and 45 are more likely to vote than are those under the age of 21.", "A registered voter who has attained his or her General Educational Development (GED) is less likely to vote than a high school dropout.", "Registered voters are more likely to vote in general elections than they are in primary elections.", "More women than men have voted in every presidential election since 1980."], "probs": [[0.2710830180242834, 0.2880445207416517, 0.08324134670206314, 0.35763111443199447], [0.2754665366665165, 0.30317409043912535, 0.07279373760848179, 0.3485656351858743], [0.2714957349184136, 0.27305394485754914, 0.06691495050161127, 0.3885353696224473], [0.31868547974713973, 0.2518763571796533, 0.07133057079180609, 0.35810759218140314], [0.2740340651265936, 0.29807701246510077, 0.08855981478383507, 0.3393291075244582], [0.3147196865506439, 0.262331112874377, 0.10080745914692842, 0.3221417413280712], [0.273729213763286, 0.27335820174026876, 0.07651316880335612, 0.3763994155930963], [0.25935616312056825, 0.29318136635589126, 0.0646743307743796, 0.38278813964915637], [0.28036215339318576, 0.2692340431147467, 0.06833953822829977, 0.38206426516376046], [0.34312534536195033, 0.27142598352402053, 0.057131962335058385, 0.3283167086789636], [0.28419862014503816, 0.27967392849685585, 0.08297576274306168, 0.3531516885150631], [0.34477920598581, 0.27162741230371723, 0.08365466752598724, 0.2999387140844946], [0.23531282525273886, 0.28094975885054857, 0.06333172440075527, 0.4204056913959451], [0.27816549234832905, 0.27631704357018594, 0.07176195555506565, 0.3737555084264135], [0.24455553603483818, 0.28043113705124445, 0.06906425406076676, 0.40594907275315617], [0.3299639576366349, 0.2948921948923888, 0.06025096096381434, 0.314892886407147], [0.2891532820007478, 0.2777837119951706, 0.09228228763592722, 0.34078071826814976], [0.3064166428481734, 0.2916121134827244, 0.08303477833555066, 0.3189364652335697], [0.26179146524210256, 0.30732384690297826, 0.07377014735624796, 0.35711454039867035], [0.29357936091119824, 0.27318094488674943, 0.08630757575219546, 0.34693211834984383], [0.29306959881506006, 0.29219887036648096, 0.07493534213120247, 0.3397961885872469], [0.349648347068291, 0.2904169594085557, 0.07296554748476751, 0.28696914593839834], [0.2918920900503461, 0.26586413663561914, 0.08405359128554131, 0.358190181928472], [0.3081808520735509, 0.2882482180557063, 0.07382893479629338, 0.32974199497445]], "ideal": "B", "sampled": "D", "correct": false}}
{"type": "result", "data": {"idx": 2, "options": ["The geographical area in which the child grows up", "The child's family", "The media to which the child is exposed", "The child's religion"], "probs": [[0.39565462173077776, 0.25919264946679116, 0.11404319924038245, 0.23110952946204127], [0.3748657356664846, 0.2230262202055345, 0.11752060476333354, 0.28458743926464924], [0.4117475669119817, 0.27212297658641244, 0.11495754777604061, 0.2011719086255603], [0.41789604926235174, 0.25798895535136085, 0.11094213834033731, 0.2131728569459382], [0.3641412553340131, 0.19714645294922456, 0.1150251356030324, 0.3236871560137262], [0.3721756091466942, 0.2294973939336719, 0.11128905197223533, 0.28703794484740164], [0.42313500956376876, 0.2600874516709735, 0.12224924113822723, 0.19452829752704712], [0.3865080598195365, 0.21844869986223664, 0.1290865136368746, 0.26595672658137], [0.4432110065709604, 0.26989184964777935, 0.10675302988634358, 0.18014411379492207], [0.43232190522181296, 0.23649059060906166, 0.10372674409214228, 0.22746075997696633], [0.3804733473846177, 0.21971185591994727, 0.0893521595515835, 0.31046263704385163], [0.3822004189706776, 0.22388049112451644, 0.09174045337590689, 0.3021786364288962], [0.43105333988542405, 0.27773956803433786, 0.11544317486889885, 0.17576391711133102], [0.4329997525294266, 0.2638182706924325, 0.11275745384705445, 0.19042452283108302], [0.4387650543273737, 0.28817312978457854, 0.09587109899452712, 0.17719071679353726], [0.4305842762614242, 0.26481322009268726, 0.09694255712802007, 0.20765994641785837], [0.41644738057679037, 0.2611607263687384, 0.09187467915437306, 0.23051721380008208], [0.40760099889603374, 0.24317853450557547, 0.09516466261029193, 0.2540558038880954], [0.3526046151742297, 0.2182313826636638, 0.12311991211526396, 0.3060440899468524], [0.363879537266174, 0.2545280562534633, 0.11360712583483427, 0.26798528054552717], [0.34987467864683414, 0.23933204548420864, 0.07523235884413354, 0.3355609169248478], [0.3514428426647696, 0.2405061502668247, 0.07653775451491482, 0.3315132524534858], [0.38419945080646994, 0.27190641230650014, 0.09101965678684021, 0.2528744800001757], [0.3753138545494531, 0.23875065712709498, 0.09527275049588615, 0.2906627377275756]], "ideal": "B", "sampled": "C", "correct": false}}
{"type": "result", "data": {"idx": 3, "options": ["Coining money", "Authorizing constitutional amendments", "Having representation in Congress", "Appealing to the president to adjudicate disputes"], "probs": [[0.3839234438653864, 0.3051372112344412, 0.13109102580374798, 0.17984831899642578], [0.3495583710482758, 0.3251966673627228, 0.15333373159548105, 0.17191122989349064], [0.4017845449546718, 0.30833162600655933, 0.11735456534727781, 0.17252926359148407], [0.3626985442790763, 0.3158742339840919, 0.14513545189581548, 0.1762917697410059], [0.37112554205073345, 0.3301705818672837, 0.13005227296118438, 0.16865160302081386], [0.3782919267182431, 0.32341411745861826, 0.12800937819680924, 0.17028457752632672], [0.4035808981493717, 0.2713206361405377, 0.13738698259472001, 0.18771148301539603], [0.3697130734885887, 0.28844095246388357, 0.16267591246897864, 0.1791700614785463], [0.4247328761864402, 0.2846130698896275, 0.12106884796268232, 0.1695852058612413], [0.4103298732257751, 0.3124660459683598, 0.13376712184926853, 0.14343695885658056], [0.379993993566461, 0.32070283408530215, 0.12219569402928694, 0.17710747821893938], [0.40561810433096523, 0.3202254999531957, 0.1186546389716752, 0.15550175664416432], [0.4058117073984747, 0.29676085038073186, 0.12348370639028408, 0.1739437357305312], [0.3743325285487365, 0.30358772530764244, 0.1485176602311822, 0.17356208581245053], [0.4107851151676913, 0.29805642195278215, 0.12425016610076978, 0.16690829667875975], [0.39707494771870355, 0.3270893357689637, 0.13583063829342035, 0.14000507811891597], [0.39309261881818885, 0.3362804666958163, 0.11759943028274918, 0.15302748410326583], [0.41173801687040523, 0.3297760333610254, 0.11139792325875639, 0.1470880264098125], [0.4021487643293854, 0.2735119629156588, 0.14213683240445701, 0.1822024402505063], [0.4102522088881511, 0.26328802621856334, 0.1408118440424332, 0.1856479207508532], [0.4119185952193755, 0.28767574944886265, 0.12027897246466089, 0.1801266827671073], [0.4342314031880316, 0.29117202836943384, 0.11774427959646362, 0.1568522887460615], [0.42707489000787474, 0.281589479538225, 0.12206054559630256, 0.16927508475760608], [0.44488784898912703, 0.28452748026895125, 0.11143621486796622, 0.15914845577396766]], "ideal": "A", "sampled": "D", "correct": false}}
{"type": "result", "data": {"idx": 4, "options": ["contribute money to candidates for election", "coordinate local get-out-the-vote campaigns", "promote the defeat of incumbents in the federal and state legislatures", "organize protest demonstrations and other acts of civil disobedience"], "probs": [[0.38652887497608657, 0.3091707838445588, 0.0809658066467694, 0.2233345344325944], [0.3946329211370319, 0.2969974188839937, 0.07450371426777373, 0.2338659456112019], [0.39554118486566653, 0.31086154171283653, 0.07467271210613383, 0.21892456121537712], [0.4102171541488449, 0.3023318878017577, 0.0718075505435978, 0.21564340740580856], [0.38371545668845, 0.29363089255897395, 0.06932613976086502, 0.2533275108916933], [0.38977605135991467, 0.3036085558575961, 0.07359078441510104, 0.23302460826737956], [0.39150819441489226, 0.32390317354505105, 0.07964346433966152, 0.2049451676003805], [0.4029353335731754, 0.31434020851982397, 0.0746273762937477, 0.20809708151325548], [0.38489457585077014, 0.320708252079686, 0.07163611542582843, 0.22276105654370282], [0.39627525734656177, 0.3462699652880596, 0.07296378916738362, 0.18449098809801065], [0.38388959802143335, 0.2991957929784229, 0.06986280760418473, 0.24705180129595783], [0.3960752175071818, 0.3389858147235234, 0.07150798664203299, 0.19343098102726647], [0.40333399696890126, 0.3203661273726447, 0.07875709336345764, 0.19754278219501464], [0.4102467161241642, 0.3150500770486705, 0.07724504056367497, 0.19745816616349104], [0.38436285574318296, 0.32237621101066916, 0.08322751729701591, 0.2100334158491293], [0.4026772844189862, 0.3399592414992289, 0.08078743912199253, 0.17657603485979328], [0.38853869229427934, 0.3179988789497696, 0.0769427205763458, 0.21651970807959697], [0.3990874069152973, 0.3383103674476135, 0.07988628951555146, 0.1827159360215196], [0.3833575945051463, 0.2976933623117305, 0.07791379616288172, 0.24103524692025327], [0.3841616714753672, 0.30702813774752874, 0.08177402459279574, 0.22703616608429866], [0.37800777176721445, 0.2784162692542303, 0.08371972126423413, 0.25985623761432475], [0.39434360245709454, 0.3128321370136959, 0.0862187032844906, 0.20660555714472867], [0.38633725842297534, 0.3084753002251612, 0.08011961182219987, 0.22506782942965792], [0.3936862771493946, 0.3309644741736434, 0.08568404107351278, 0.1896652075034395]], "ideal": "A", "sampled": "C", "correct": false}}
{"type": "result", "data": {"idx": 5, "options": ["Impeachment, conviction, and removal from office by Congress", "Removal from office by the appointing president", "Removal from office by the president-elect", "Recall elections by citizens residing in the district over which the judge has jurisdiction"], "probs": [[0.3981449124731707, 0.4026873270272297, 0.08965582679756272, 0.10951193360204077], [0.41033490765746816, 0.39949509062262967, 0.08396787698253053, 0.10620212463738382], [0.398682085216748, 0.400048664141909, 0.08319005990930545, 0.11807919063203148], [0.4252717533413955, 0.3939000687215113, 0.08342069511573738, 0.0974074827213544], [0.42454803290712034, 0.40514144648651856, 0.07693697034237075, 0.09337355016398342], [0.43575492847492714, 0.3982790962395479, 0.08194367776159021, 0.08402229742393344], [0.3822557320515158, 0.40535788098984976, 0.10599258399624087, 0.10639380286240344], [0.3921046277993495, 0.4076370214755374, 0.1017963536333444, 0.09846199699175938], [0.37420244748889314, 0.375533176822133, 0.10531489456168311, 0.14494948102729105], [0.3668314049269261, 0.37133660899199356, 0.11238802989314423, 0.1494439560879536], [0.3737376048989543, 0.4058404323650409, 0.09369237590886069, 0.12672958672714188], [0.3793151782260514, 0.3823599348973041, 0.09509617174981046, 0.1432287150268487], [0.3771590505432939, 0.4053735892772293, 0.10447008748824016, 0.11299727259123633], [0.4049222036066736, 0.39599727385205513, 0.10578628177167246, 0.09329424066961516], [0.35363406776118983, 0.3735002502164538, 0.11744502014027323, 0.15542066178209357], [0.3488091868676891, 0.3667298552747615, 0.1221738260606207, 0.16228713169692907], [0.3820993371617325, 0.3978197713100806, 0.09785828965881933, 0.12222260176934738], [0.37082284456050446, 0.387287914505751, 0.09180574423367747, 0.15008349660006418], [0.4089337306979242, 0.40194587045153585, 0.08323100725339903, 0.10588939149712653], [0.42236886325586165, 0.3946181935195186, 0.08793532445684149, 0.09507761866776172], [0.3727527036328471, 0.3970179306445303, 0.09092557522306521, 0.13930379039955168], [0.3771556584749798, 0.373095998860213, 0.09038351587029365, 0.1593648266945109], [0.3902761791484585, 0.3923042299975721, 0.08559175600169076, 0.1318278347522873], [0.370833797514926, 0.37433664413630663, 0.08164853992498325, 0.1731810183237739]], "ideal": "A", "sampled": "A", "correct": true}}
{"type": "result", "data": {"idx": 6, "options": ["vice president", "president's chief of staff", "national security advisor", "chair of the Federal Reserve Board"], "probs": [[0.44204432771791924, 0.36516736945364225, 0.047799685110273826, 0.14498861761817808], [0.442346126106806, 0.378403059556532, 0.04926919756685352, 0.1299816166698017], [0.441425003955713, 0.3554933513748419, 0.06416049320550532, 0.13892115136393007], [0.4437989104472094, 0.3402964457186495, 0.054651843777543584, 0.16125279995660124], [0.4240072218418865, 0.38059020243517905, 0.0628607328456875, 0.13254184277724437], [0.4311763955357765, 0.3506223745703048, 0.051055648360618856, 0.1671455814332829], [0.4332285470380594, 0.3592583805251246, 0.053870729528740766, 0.15364234280809103], [0.4334605736366147, 0.3665755666819251, 0.05572838725834629, 0.14423547232312456], [0.4253250544732796, 0.3828450125115095, 0.057070912324170615, 0.13475902059101857], [0.44666007729647345, 0.3660980631451078, 0.05105976331795522, 0.13618209614047208], [0.4220436327622125, 0.3964173627144472, 0.05231489677234977, 0.12922410765098274], [0.4408195169380521, 0.3744122196653415, 0.04614289165808166, 0.13862537163852406], [0.43940745137321996, 0.3522534386030978, 0.05953755956963318, 0.1488015503540503], [0.43968705126926716, 0.3398304760598677, 0.04943305753229055, 0.1710494150385676], [0.42967824738897603, 0.3803847076960038, 0.05065443281068695, 0.13928261200432449], [0.4497245355572715, 0.368913100607866, 0.04622202752518385, 0.13514033620965973], [0.4276436990469549, 0.36785965669819953, 0.04899611342501519, 0.1555005307298368], [0.4305749016033056, 0.3783594697400051, 0.0510688518926658, 0.13999677666402652], [0.416433369267346, 0.3808315348103583, 0.06310288684060623, 0.13963220898168316], [0.41791858824483297, 0.35887104413916576, 0.050465152732073186, 0.1727452147839221], [0.4154177684246549, 0.39348535386264344, 0.046601657136803754, 0.14449522047589497], [0.4308408781596169, 0.3754439784243656, 0.04126094383433791, 0.15245419948166816], [0.405697247490305, 0.3788894689752004, 0.05049528492438636, 0.16491799851010158], [0.4124875376273724, 0.38787609087527286, 0.05195094232199337, 0.14768542907536342]], "ideal": "B", "sampled": "B", "correct": true}}
{"type": "result", "data": {"idx": 7, "options": ["The amount of coverage the issue receives in the major news media", "The degree to which public opinion on the issue is likely to shift quickly", "The number of people affected by the issue", "The importance of the issue to a particular individual or group"], "probs": [[0.314473909211208, 0.3201531711002633, 0.1631678369062488, 0.20220508268230375], [0.3235911399393293, 0.3160766515527551, 0.1524586821004552, 0.20787352630745942], [0.3228644382414938, 0.3180361251724501, 0.12093689204538947, 0.23816254444066454], [0.3267218718779483, 0.28305417306509106, 0.1032611471531101, 0.28696280780385663], [0.33882238607703796, 0.29294457127321577, 0.1518791025848356, 0.21635393996488492], [0.3396833533068431, 0.27012593383744254, 0.13178566445961928, 0.25840504829609406], [0.3284706929080124, 0.33000470445982366, 0.14085482772953622, 0.20066977480262987], [0.33897637322568736, 0.3221882748104292, 0.1266843886960864, 0.2121509631677993], [0.3377929303887298, 0.327359836148928, 0.12804429226405079, 0.20680294109828207], [0.3402180516799269, 0.32099059638565797, 0.11184623423141132, 0.22694511760299937], [0.3468283736881565, 0.30659510017638986, 0.1493011301998427, 0.1972753958356038], [0.33942155784495975, 0.30578828308724243, 0.1448636997065284, 0.2099264592612817], [0.2993419007867638, 0.29598022535294805, 0.14752775865635534, 0.25715011510395835], [0.2984132223264497, 0.26768401580298146, 0.12201240181777104, 0.3118903599527996], [0.29009313600739234, 0.3043160199292275, 0.17026816232653838, 0.2353226816368563], [0.30014591140984775, 0.30044715177626513, 0.1506198255826207, 0.24878711113126692], [0.2801300040147162, 0.27089037732989213, 0.15293077771398758, 0.2960488408413956], [0.28668207138264895, 0.28722279889800295, 0.16256600563143656, 0.2635291239879236], [0.3338944173019933, 0.3129419296223842, 0.13988975824579508, 0.21327389472981925], [0.32917867236057957, 0.2862473614134086, 0.12519227439464925, 0.2593816917313678], [0.3123864845139677, 0.3236918638116715, 0.16701690175275266, 0.19690474982160294], [0.30990780852627564, 0.3253661289043577, 0.15856366689049403, 0.20616239557887547], [0.3169662096345985, 0.2860026289130639, 0.1332538472201929, 0.26377731413215305], [0.3131283181892977, 0.31734340391823107, 0.13707862702428492, 0.23244965076817864]], "ideal": "D", "sampled": "B", "correct": false}}
{"type": "result", "data": {"idx": 8, "options": ["which special interest groups have endorsed which candidates", "the relative strength of each candidate's support, as indicated by public opinion polls", "candidates' positions on international issues", "candidates' positions on domestic issues"], "probs": [[0.4127113768656336, 0.33443067067737864, 0.0779396805270914, 0.17491827182990577], [0.40692368495087894, 0.3327814037252883, 0.07886989572397812, 0.18142501549984555], [0.4117246582131154, 0.3290561035951051, 0.07122256111020776, 0.18799667698158845], [0.39543851280144976, 0.2705075007328611, 0.05156863328903895, 0.2824853530766566], [0.40566888359854036, 0.32884979919032953, 0.07452999301429335, 0.19095132409684043], [0.39375407733727463, 0.2690550916833348, 0.051754288970372916, 0.28543654190901646], [0.4376905370261435, 0.29879705658723055, 0.0763606320525138, 0.18715177423410448], [0.4369033737754267, 0.2985178974368841, 0.07830574926879644, 0.18627297941889734], [0.4540694381293907, 0.31421837209793285, 0.0687340208456919, 0.16297816882697824], [0.4516106036591417, 0.29442526152632487, 0.057521169185418886, 0.19644296552911733], [0.4499466732553868, 0.31765627915059647, 0.06965448792765543, 0.1627425595663475], [0.44623759415186576, 0.29662218823159153, 0.057520490319643514, 0.19961972719690046], [0.42259098434828174, 0.30738427042847805, 0.07698085797202128, 0.19304388715120094], [0.4032947750258425, 0.26610980772650933, 0.05960133042266089, 0.2709940867249743], [0.4409048382288605, 0.33207365265475863, 0.07393001164950042, 0.15309149736686498], [0.4308650050060928, 0.3188619110704296, 0.06494385455034392, 0.1853292292731263], [0.3883475273205424, 0.26999735233941374, 0.0626202894023811, 0.27903483083766295], [0.39837035685483846, 0.3049304756593929, 0.07606050248058625, 0.2206386649051777], [0.41564953606155075, 0.3082843437934553, 0.0768400106681493, 0.19922610937684976], [0.4005581229937782, 0.2670527758479976, 0.05751642759674517, 0.2748726734614774], [0.4372174683105824, 0.3332709790218309, 0.07374233923900364, 0.1557692133285705], [0.431570862912956, 0.3188407887300607, 0.0624355774312188, 0.18715277082576276], [0.3864327674915964, 0.2683108660702497, 0.061311012617702006, 0.2839453537204393], [0.3973010441635113, 0.30509826265421613, 0.07225381974014009, 0.22534687334214884]], "ideal": "B", "sampled": "B", "correct": true}}
{"type": "result", "data": {"idx": 9, "options": ["One man, one vote", "Separate but equal", "Judicial review", "Right to privacy"], "probs": [[0.28276392261696626, 0.08943205450417084, 0.12478101708393917, 0.5030230056949156], [0.29135404998507103, 0.04399089228075115, 0.07265746768934309, 0.5919975899448124], [0.3164782863832707, 0.13846025998356729, 0.05006296297738533, 0.4949984905557631], [0.3440510769954142, 0.16311334547310935, 0.07551714538208544, 0.4173184320493851], [0.22903027856923175, 0.03613731508215675, 0.032108832099720264, 0.7027235741488902], [0.3190687840887555, 0.10991552554358652, 0.09960506761053846, 0.4714106226571381], [0.3184341526122606, 0.10170859076488262, 0.09609434136541452, 0.483762915157429], [0.3159337967140325, 0.042910755104079885, 0.05078504492359925, 0.5903704031582939], [0.34647478549561284, 0.13148469659162304, 0.07032309100843678, 0.4517174268043272], [0.37723809987217366, 0.18275952068858708, 0.06641739566899621, 0.37358498367024445], [0.2513314923589119, 0.0331570014411332, 0.029661427745139805, 0.6858500783547827], [0.3755999797887322, 0.12021272522967655, 0.08022724505248924, 0.4239600498290847], [0.4102222307911383, 0.16006246841076327, 0.07539545702380908, 0.354319843674285], [0.41654532037592135, 0.1640809102512225, 0.10438684048727567, 0.31498692878558365], [0.3933976885138205, 0.14651888093415108, 0.12430279856932162, 0.3357806318826974], [0.4046042168835982, 0.1719048996047195, 0.11874141977267794, 0.3047494636390029], [0.3845156920696697, 0.17248038279904893, 0.12732350939805318, 0.31568041563324517], [0.4224314238091504, 0.1860652927289669, 0.08528646996640621, 0.3062168133954759], [0.1901124030963179, 0.02400839882981727, 0.028358637191135377, 0.7575205607827145], [0.29247815454968235, 0.08422677757294963, 0.10278492614260436, 0.5205101416347758], [0.1911474636498343, 0.02213899853292966, 0.030424280495744877, 0.7562892572215106], [0.3132289291418678, 0.09301555810812549, 0.09619487170456859, 0.4975606409454512], [0.3384575188244796, 0.14956866505862906, 0.09145592801532298, 0.420517888001558], [0.36675996206497014, 0.16494384539065435, 0.051953347707417136, 0.4163428447369538]], "ideal": "C", "sampled": "C", "correct": true}}
{"type": "result", "data": {"idx": 10, "options": ["A congressperson who retires to take a position teaching political science at a university", "A former president who advises a current president on a particular foreign policy issue", "A voter who researches the positions of all candidates in a race before choosing whom to support", "An official who leaves the State Department to work as a paid consultant to foreign governments"], "probs": [[0.33099031065056217, 0.34694625613924324, 0.13720243392364978, 0.1848609991865166], [0.3445497575752014, 0.34193488858354637, 0.13202304983762578, 0.1814923039036305], [0.3218424668500283, 0.33142791746287875, 0.15351437017373717, 0.19321524541335813], [0.34138286352687014, 0.3263002685784284, 0.13983611779627794, 0.1924807499984247], [0.35089702679447937, 0.3348558843035, 0.14081586210807415, 0.17343122669395108], [0.3555407252546222, 0.3289922125082619, 0.1376393923286622, 0.1778276698084584], [0.33645838408037704, 0.3255268248628583, 0.12186375014172185, 0.21615104081505748], [0.3437865371698784, 0.32430716011234806, 0.12113178691605432, 0.2107745157017306], [0.33991933668318, 0.323124241283296, 0.15082541403303162, 0.1861310079004935], [0.3423624977946659, 0.3231242160925702, 0.14533070006663648, 0.18918258594612747], [0.3546137429205969, 0.3331855559893898, 0.14681172090187503, 0.1653889800881265], [0.34504080014344596, 0.33241076872474545, 0.1480183298468951, 0.17453010118491735], [0.31845807287043, 0.33586371610337107, 0.11847831547600067, 0.2271998954501941], [0.33535689379969963, 0.33150690252784437, 0.10823173202501297, 0.2249044715474242], [0.34014888982989955, 0.3387599607125653, 0.12799358772967764, 0.19309756162786879], [0.34308218549673153, 0.33729310545223645, 0.12481897389955827, 0.19480573505148238], [0.36697435670059886, 0.331637226871866, 0.11820814736571207, 0.1831802689618408], [0.3548049102965119, 0.33192373781542606, 0.12335162436805713, 0.1899197274200116], [0.33092906870677696, 0.35980450644445855, 0.1258048989619256, 0.18346152578682437], [0.3391735166431762, 0.34801368816498374, 0.11814860629926469, 0.19466418879257977], [0.35335216247374324, 0.365870017853812, 0.13177663315257657, 0.14900118641986781], [0.3460627894170755, 0.3664011553499268, 0.1328953263412114, 0.15464072879177718], [0.35648969048600626, 0.3416427328559522, 0.13640115982167253, 0.16546641673637713], [0.3389056629995634, 0.3489690769532746, 0.1401863744696391, 0.17193888547753236]], "ideal": "D", "sampled": "B", "correct": false}}
{"type": "result", "data": {"idx": 11, "options": ["Constitutional amendments", "Presidential executive orders", "Laws passed by Congress", "Laws passed by state legislatures"], "probs": [[0.3360281397536623, 0.26644902784040464, 0.07242594327832678, 0.32509688902761064], [0.349808162628049, 0.2748307803932083, 0.0736101518259798, 0.30175090505273977], [0.32892129998388947, 0.275222560787298, 0.06808762326686935, 0.3277685158619612], [0.35800672220596447, 0.33287522347181026, 0.06510374157735396, 0.2440143126448868], [0.343120619087233, 0.28282396155501177, 0.06871045925821985, 0.3053449599995444], [0.35344767152206014, 0.3366208493223757, 0.06732171400321675, 0.24260976505234133], [0.34050865970491545, 0.24293617887922056, 0.08844675040871039, 0.32810841090714027], [0.3498051372630997, 0.24734138311892337, 0.08839319820506109, 0.31446028131290193], [0.3252918974956965, 0.2598627012175105, 0.08214122075256794, 0.3327041804342368], [0.37020957924898984, 0.2803632038293228, 0.07536210671023699, 0.27406511011146695], [0.3433826313599785, 0.2574331211049741, 0.08648495363890532, 0.3126992937961504], [0.37635839316130476, 0.279174934881557, 0.08526926185579997, 0.2591974100013463], [0.3292984336659787, 0.25236497488237136, 0.08259647441934513, 0.33574011693229044], [0.3622573370711219, 0.2982728209632547, 0.08290378169905692, 0.2565660601665663], [0.3355914947257691, 0.26355588297174537, 0.07787664634472456, 0.32297597585775656], [0.38080389731076164, 0.2753002166422005, 0.07489254588483099, 0.26900334006219545], [0.35396479771768613, 0.29634226370766364, 0.08480416670537429, 0.2648887717692732], [0.38744089881022037, 0.278756420070679, 0.085536296923783, 0.24826638409530474], [0.3453328332360381, 0.258654585194303, 0.07769434193062949, 0.31831823953904137], [0.3583474551389044, 0.30316137913401775, 0.08095240904364001, 0.2575387565834378], [0.3592138901691901, 0.26228645926217725, 0.0768268909625613, 0.30167275950608796], [0.3919387114554826, 0.27059352095652767, 0.07878613211678244, 0.2586816353712242], [0.3630051608352511, 0.3026934462261244, 0.08236038123524284, 0.25194101160338167], [0.3937902901597331, 0.2807109196113689, 0.08248206700831877, 0.24301672312057074]], "ideal": "A", "sampled": "D", "correct": false}}
{"type": "result", "data": {"idx": 12, "options": ["It provides a structured environment in which factions may flourish.", "It limits the dangers of factionalism by diluting political power.", "It allows factions to dominate on the national level while limiting their influence on state governments.", "It eliminates any opportunity for factions to form."], "probs": [[0.2880010976681994, 0.3819701836835924, 0.23391865845926457, 0.09611006008894195], [0.27753392931946586, 0.38082392788324243, 0.21624650498974446, 0.1253956377075367], [0.2963171107833405, 0.4022570044580318, 0.1981084809978486, 0.10331740366077206], [0.29389417459847017, 0.3988643086193894, 0.16658710037443722, 0.14065441630768571], [0.3063474592473983, 0.34557915161712416, 0.20424097853230327, 0.14383241050316387], [0.3148264100273384, 0.3454999162293824, 0.18671117490270528, 0.15296249874058396], [0.3100062321253141, 0.3529130338147628, 0.23430428001647022, 0.10277645394344502], [0.30339620992056615, 0.34924918076821265, 0.21977292318523112, 0.12758168602599124], [0.34227275273669455, 0.3778791321344295, 0.16490339706065926, 0.11494471796820235], [0.3307631633896695, 0.3805502257514181, 0.15755787321642895, 0.131128737542475], [0.3287612027319567, 0.32990904287334927, 0.1862695433603164, 0.15506021093439026], [0.3425732904506393, 0.33027599073745934, 0.19525598753137105, 0.13189473118050102], [0.338555602397693, 0.36607533372437134, 0.1895523702737873, 0.1058166935041478], [0.3290319757585916, 0.3721874978392419, 0.16229654127361876, 0.136483985028542], [0.352732121353136, 0.3815098030302358, 0.1503415710389571, 0.11541650447766917], [0.3329558534183543, 0.38935943062968265, 0.14484986738671474, 0.13283484846524207], [0.3356662549737639, 0.35928559655334186, 0.13921950534150207, 0.16582864303137532], [0.34217696177621, 0.36042048425110873, 0.15568310457542342, 0.14171944929726585], [0.30874697544896695, 0.3452936928232296, 0.19859889228278624, 0.14736043934502108], [0.30993586600165574, 0.34794161261874196, 0.182560819737001, 0.15956170154261345], [0.32387189509798053, 0.3499552136787314, 0.17098945211223374, 0.15518343901106907], [0.33148684029183667, 0.3536621607655692, 0.1796863516732064, 0.13516464716938875], [0.32658316904971135, 0.3697476546929164, 0.13346039486130862, 0.17020878129606332], [0.3339075534953283, 0.3812359573754091, 0.14678222116488024, 0.13807426786438426]], "ideal": "B", "sampled": "C", "correct": false}}
{"type": "result", "data": {"idx": 13, "options": ["Non-whites are more likely to vote Democratic than are whites.", "Women are more likely to vote Democratic than are men.", "Low-income Americans are more likely to vote Democratic than are upper-income Americans.", "Evangelical Christians are more likely to vote Democratic than are non-religious Americans."], "probs": [[0.3821117579531167, 0.2750008984080452, 0.11453876106053631, 0.2283485824783134], [0.3924146672476376, 0.273325872313884, 0.10917971445115972, 0.22507974588731758], [0.39817694960299177, 0.2698405329737616, 0.07118090077986476, 0.26080161654340567], [0.4129135970790593, 0.28722632618069, 0.07613921282754262, 0.22372086381270712], [0.3955896356364661, 0.2603803221019115, 0.06460297636538723, 0.27942706579623355], [0.4065877883183627, 0.27967274154638555, 0.07449484156057415, 0.2392446284746717], [0.36706848833508254, 0.30144800910408964, 0.09880941443701605, 0.23267408802379666], [0.37337363795768685, 0.3014112433038582, 0.09171430556275913, 0.23350081307569187], [0.3816664610935933, 0.296775041050979, 0.0677783591761712, 0.25378013857925735], [0.403973126915221, 0.30024691490450645, 0.06773008529262947, 0.22804987278762023], [0.37457396654074593, 0.2887064658565988, 0.06218891431253938, 0.27453065319011893], [0.3943013174511177, 0.2935446473341938, 0.07014724872557711, 0.2420067863891262], [0.4178142299199063, 0.26062821402388925, 0.06777845164631102, 0.25377910430989165], [0.43239851300761983, 0.2776703024815432, 0.0779612485822623, 0.21196993582858564], [0.41783393007422837, 0.25820424431890954, 0.07468354105185722, 0.24927828445499967], [0.43976953378874817, 0.2623223625792041, 0.08114743383645258, 0.2167606696955977], [0.4253750154176387, 0.26965641896394266, 0.05730425180366898, 0.24766431371474823], [0.4309735368907059, 0.25255515319215016, 0.05635632787387124, 0.2601149819432759], [0.40485851504772946, 0.24107753906956825, 0.05950141101060049, 0.2945625347721021], [0.4133758902083572, 0.264498462796467, 0.07619400174155994, 0.24593164515362145], [0.4019592204298948, 0.24317886293611218, 0.06881961439598282, 0.28604230213800397], [0.42174874891493763, 0.2492842582348612, 0.08359842065059149, 0.24536857209960009], [0.4188304931142463, 0.26724405928527833, 0.05792136143365331, 0.2560040860668086], [0.42660027290426467, 0.24817105529843425, 0.05556566866911052, 0.2696630030281886]], "ideal": "D", "sampled": "C", "correct": false}}
{"type": "result", "data": {"idx": 14, "options": ["certiorari", "de jure", "ex post facto", "stare decisis"], "probs": [[0.22490253952226205, 0.32720266943546455, 0.08113878680337644, 0.3667560041388991], [0.26888930676104633, 0.3838908460551866, 0.12303710217106635, 0.22418274491269968], [0.22640939620056533, 0.34240512192678846, 0.08976391705125991, 0.34142156472137203], [0.27523425584904204, 0.3711963278545269, 0.12401448256588012, 0.22955493363054874], [0.3152678914071608, 0.40120174703455885, 0.15435214632546285, 0.12917821513282748], [0.3177053331462093, 0.4068235545431388, 0.12700054144937975, 0.14847057076128065], [0.2715898951690631, 0.37146820720352275, 0.07681852493733454, 0.2801233725900656], [0.3052549260137722, 0.3948608609374769, 0.11222245935708205, 0.18766175359167478], [0.29067882818977503, 0.36247362476438094, 0.08378953163914539, 0.2630580153066726], [0.30990192048780485, 0.3599400917407173, 0.09464034294240707, 0.23551764472907746], [0.3199115718239844, 0.4185420417380818, 0.1237004673804235, 0.13784591895751988], [0.340465740563479, 0.3968591014938389, 0.09782894988789183, 0.1648462079547911], [0.25302958856012275, 0.3707331423380564, 0.08707741555786172, 0.28915985344394624], [0.2869553907459434, 0.38951229775119234, 0.1122909115679712, 0.21124139983489032], [0.2632260566624165, 0.3677101105758084, 0.09755524250758449, 0.2715085901542008], [0.2794133162274299, 0.37023889152956685, 0.10881835301102377, 0.2415294391319746], [0.2959402674321706, 0.423130548289819, 0.12319892625036183, 0.15773025792766673], [0.3001499656463115, 0.4134368101251904, 0.11840273501117163, 0.16801048911733413], [0.3575582791552786, 0.36608347834575167, 0.16328455368983946, 0.11307368870912946], [0.36927611415315625, 0.36413481485231225, 0.14374501576436047, 0.1228440551301679], [0.3558114982940708, 0.3728743940451638, 0.12931797643610166, 0.14199613112467488], [0.3780564368318635, 0.35311741627448473, 0.11583459316022211, 0.1529915536334379], [0.36996933442371693, 0.35651596368016425, 0.13945379424235682, 0.13406090755377126], [0.3707960555396345, 0.3504938277877604, 0.1397363747908816, 0.13897374178171676]], "ideal": "D", "sampled": "D", "correct": true}}
{"type": "result", "data": {"idx": 15, "options": ["Blue-collar workers who belong to a union", "Professionals", "Voters who are active in their political parties", "Voters aged 18-29"], "probs": [[0.20244662486301168, 0.1388479320518238, 0.08419652606486581, 0.5745089169202984], [0.24492541029622983, 0.1608205102979646, 0.08229863050761548, 0.5119554487981895], [0.2384194524724517, 0.15957866303730908, 0.05594723728886185, 0.5460546471013968], [0.2642311678959023, 0.2637798692275497, 0.11607257496590448, 0.35591638781063645], [0.282317705467312, 0.1759826523742649, 0.04142924146482355, 0.500270400593587], [0.2741888411379802, 0.2586049939735933, 0.08277992813769959, 0.3844262366507393], [0.16925687730086203, 0.21276174499277545, 0.05657600720166283, 0.5614053704046809], [0.20904247367807186, 0.23776589613103735, 0.055621840177434816, 0.4975697899134445], [0.20254970708575412, 0.23456897698250043, 0.048504584904845084, 0.5143767309269055], [0.2340586853350095, 0.22224494603684306, 0.048598816159405735, 0.4950975523687363], [0.2209479728909255, 0.2805539492989018, 0.038669767387547, 0.4598283103226432], [0.22843655069790103, 0.2383582446860092, 0.03690675848461634, 0.4962984460314714], [0.21688138580649202, 0.14362772358377443, 0.055659684872957735, 0.5838312056367599], [0.24700507112488287, 0.24104927938982798, 0.11331782531043895, 0.3986278240748446], [0.19370499616776443, 0.14999824112106677, 0.06894997015203864, 0.5873467924591002], [0.23651924773616753, 0.154358707739934, 0.0761393017595676, 0.5329827426643183], [0.2836690724151902, 0.2464717076399474, 0.0767234754902621, 0.3931357443546237], [0.2620128733449554, 0.1631336544360048, 0.0380354208413677, 0.5368180512776669], [0.265704777370839, 0.1581501328961533, 0.051961119942603044, 0.5241839696903938], [0.27152498896572214, 0.2357916878690953, 0.10580239908102747, 0.3868809239841584], [0.23900360523803788, 0.1774750097139923, 0.06900878816563913, 0.5145125967823021], [0.24091463365698795, 0.15326341158532736, 0.0581897415002779, 0.5476322131573955], [0.30666984213828913, 0.22955090957249905, 0.10500303721916557, 0.3587762109700536], [0.2736805789359887, 0.152119598187008, 0.048710340962570056, 0.5254894818144485]], "ideal": "D", "sampled": "D", "correct": true}}
