{"type": "result", "data": {"idx": 0, "options": ["temporary dipoles created by the position of electrons around the nuclei in a molecule", "the three-dimensional intermolecular bonding present in all covalent substances", "the uneven electron-to-proton ratio found on individual atoms of a molecule", "the electronegativity differences between the different atoms in a molecule"], "probs": [[0.5277309937882692, 0.2671068337640292, 0.08924073853034746, 0.11592143381733093], [0.5335072224985224, 0.26586131636764804, 0.08447052252050845, 0.11616093851331956], [0.5070205978868129, 0.26407181268899893, 0.094277043570063, 0.13463054575414163], [0.5035963762554723, 0.2604092769895745, 0.09379052388350988, 0.14220382277146132], [0.5184953007069065, 0.26054314569874026, 0.08796960736512545, 0.1329919461291965], [0.5108318812334051, 0.25840848609688566, 0.09285584809589909, 0.13790378447383886], [0.5240499022547036, 0.2628258249855274, 0.09725987324841319, 0.11586439941138225], [0.5335012274432411, 0.2617105701774072, 0.08868743336811899, 0.11610076891123276], [0.5249902237225239, 0.26769571201340786, 0.09267634875972967, 0.11463771540437344], [0.5211375242205578, 0.27579137635091294, 0.08725452414886888, 0.11581657517968735], [0.5329243198461552, 0.257504074364315, 0.0956955547705274, 0.11387605091901061], [0.5241957307144158, 0.2641302204307038, 0.09650157873731341, 0.11517247001756331], [0.5281452265627662, 0.251188495715203, 0.09455048520579973, 0.12611579241623028], [0.5255992814949123, 0.24748115519640318, 0.09349644318576367, 0.1334231200229405], [0.5379779243920092, 0.2529310656404227, 0.09291590527000551, 0.11617510459755115], [0.5334690554183162, 0.26119570565550015, 0.08984908857474223, 0.11548615025145424], [0.5237070570687477, 0.24530799377528995, 0.10340992006274725, 0.1275750289932173], [0.5217189086082091, 0.25457582553146546, 0.10315916924001357, 0.12054609652032344], [0.4888363794184105, 0.28688310128547345, 0.09522295079118981, 0.1290575684049129], [0.48243354448606246, 0.2834235468438113, 0.09997554857029943, 0.13416735999982024], [0.5075470195237726, 0.28879085095318696, 0.08879840824394661, 0.11486372117910175], [0.49753906119534574, 0.2968502641891745, 0.09044533278405623, 0.11516534173142784], [0.4834293748375031, 0.28075213312919595, 0.09870558494469978, 0.13711290698859438], [0.4780537374248658, 0.29223359973196555, 0.1001720022474226, 0.12954066049574195]], "ideal": "A", "sampled": "B", "correct": false}}
{"type": "result", "data": {"idx": 1, "options": ["70 pm, 1402 kJ/mol", "86 pm, 898 kJ/mol", "135 pm, 523 kJ/mol", "40 pm, 995 kJ/mol"], "probs": [[0.38706916453182455, 0.3160429555736186, 0.11383912472172932, 0.18304875507283033], [0.39710535032948174, 0.3197282495645023, 0.11207528567480843, 0.17109111433120724], [0.391464935944419, 0.31580242273324927, 0.10687687745503963, 0.1858557637672984], [0.4080908630990665, 0.3251078195168752, 0.0938785649283982, 0.17292275235566912], [0.4012110728510822, 0.3189560691053215, 0.10510031822301227, 0.17473253972059763], [0.4069222891087871, 0.31952347401870124, 0.10158626403910631, 0.17196797273340161], [0.3668219007892947, 0.3470718216482544, 0.11916407807760682, 0.1669421993848403], [0.37288627944150254, 0.34385571132157744, 0.11621578450900953, 0.16704222462791865], [0.38660141332980175, 0.3417023090025077, 0.11941068657761675, 0.15228559099007302], [0.3687647807244516, 0.3375272010971365, 0.10809712128876932, 0.1856108967896405], [0.37393254490374284, 0.34049799355786436, 0.12741423028138202, 0.1581552311570035], [0.36610275855127083, 0.3338814806762605, 0.11683526762399916, 0.18318049304846165], [0.3983480141086322, 0.31437288128812374, 0.10738361044276223, 0.17989549406047853], [0.40467290389557886, 0.31655531747600846, 0.09363753346109341, 0.18513424506732748], [0.39812547615239297, 0.30486243876268204, 0.12394659516935914, 0.17306548981556044], [0.3863947238792464, 0.30704140267398955, 0.10566667140496572, 0.20089720194179067], [0.4081655985455326, 0.3149034340154121, 0.10238966725752757, 0.17454130008151986], [0.39118162085475766, 0.30916423759288936, 0.10002567299458463, 0.19962846845778656], [0.381021067510155, 0.33464192961468353, 0.10346738978498561, 0.18086961299016857], [0.3815507162849264, 0.335416300018579, 0.10152969469471569, 0.18150328890176637], [0.3839695931575753, 0.3390574198000787, 0.1134347207299841, 0.163538266212353], [0.3585143226268717, 0.32629327873727076, 0.10088628224886409, 0.21430611628699245], [0.3931779331099104, 0.3385101675636125, 0.09503355625352017, 0.17327834297297012], [0.3680390909972377, 0.3231198299225014, 0.09087287390454261, 0.21796820507572093]], "ideal": "A", "sampled": "A", "correct": true}}
{"type": "result", "data": {"idx": 2, "options": ["ionic bonding", "nonpolar covalent bonding", "covalent network bonding", "metallic bonding"], "probs": [[0.3509034275508303, 0.31013049685267274, 0.09379955941866663, 0.24516651607784154], [0.35193063946203695, 0.3004017179483807, 0.08758095678875151, 0.26008668570082766], [0.34070332333422493, 0.3175100407560886, 0.1119583236333829, 0.22982831217629823], [0.3119339735793492, 0.27480781099286977, 0.09523768360617602, 0.3180205317215888], [0.31972583320414666, 0.28479803994119646, 0.1290123006652008, 0.2664638260894492], [0.30825176552822814, 0.2703905328079734, 0.10531492629756592, 0.31604277526622604], [0.33169267866922736, 0.32217374237232593, 0.09114056035918662, 0.2549930184992518], [0.34466711930799887, 0.316822251587304, 0.08546308555135237, 0.2530475434533276], [0.30649192894024296, 0.3174946104411892, 0.11323615395541049, 0.2627773065631615], [0.3116260786430656, 0.2967394504499559, 0.0966216739663798, 0.2950127968406006], [0.32019428152065554, 0.3060352897385165, 0.0968163339560248, 0.2769540946847987], [0.3094454383839239, 0.2928477880235819, 0.0902178567438387, 0.3074889167486525], [0.3106870047583349, 0.3099595503314633, 0.09406719572441724, 0.285286249085771], [0.2899373549397607, 0.26746559754637617, 0.07623324319466301, 0.3663638042191859], [0.304974283268354, 0.3032758475099792, 0.10289117864811052, 0.28885869047357365], [0.299155462753747, 0.2798702149510294, 0.0881242128176895, 0.3328501093775364], [0.2754701884626816, 0.2583775834844705, 0.08226757115786536, 0.38388465679498657], [0.2927829395137678, 0.271548073839325, 0.09087227124166213, 0.34479671530525907], [0.341394800706784, 0.2847514596150501, 0.12330469145059085, 0.25054904812758316], [0.32821157553467395, 0.2674154852188452, 0.10254471767791097, 0.30182822146857974], [0.3355967311024253, 0.2989764338118822, 0.09797799379766968, 0.2674488411880117], [0.3363285423124827, 0.28749619158021517, 0.09479914614790842, 0.2813761198593832], [0.29689788389225075, 0.269318566273784, 0.10515015576030157, 0.32863339397369046], [0.322829831352344, 0.291834310370868, 0.11328951779096177, 0.2720463403858377]], "ideal": "C", "sampled": "B", "correct": false}}
{"type": "result", "data": {"idx": 3, "options": ["Ag+(aq) + Br-(aq) \u2192 AgBr(s)", "NH4+(aq) + Ag+(aq) \u2192 Ag(NH4)3+2(aq)", "Br-(aq) + NO3-(aq) \u2192 NO3Br(aq)", "NH4Br(aq) + NO3-(aq) \u2192 NH4NO3(aq) + Br-(aq)"], "probs": [[0.4225383275557374, 0.3558877308175394, 0.12630439959339382, 0.09526954193332629], [0.40619458783459145, 0.359816068145708, 0.13902009649420954, 0.09496924742548375], [0.3983275143803076, 0.33901441235520136, 0.1584205375492272, 0.1042375356152722], [0.38753200077815814, 0.34263661043182686, 0.16511822608864918, 0.10471316260138494], [0.39459659591778606, 0.36385846176135866, 0.14520186842066665, 0.09634307380020792], [0.40419160994488035, 0.3573334757088063, 0.13606693309393533, 0.1024079811523809], [0.41178748699460804, 0.3397679052101395, 0.13241403950143793, 0.11603056819380725], [0.41832842992308505, 0.35730983336656286, 0.13191431864508282, 0.09244741796527549], [0.40756754523329153, 0.34190222564640876, 0.12786801375093873, 0.12266221526936917], [0.3954477699406142, 0.36079492934575175, 0.14610378789691722, 0.09765351271670407], [0.40172130338431916, 0.3758731438908646, 0.12251115238992667, 0.09989440023489687], [0.3959561884252796, 0.3713233327809343, 0.12999171547181707, 0.10272876322195387], [0.39829870751145097, 0.3788120275654803, 0.13068468777081457, 0.09220457705226202], [0.39421371200310507, 0.38083614442991565, 0.13022354837807312, 0.09472659508889976], [0.40245510496942904, 0.3858914128036477, 0.11981513700100223, 0.09183834512592726], [0.4010052728867467, 0.39397613414527916, 0.12257801201451983, 0.0824405808534633], [0.4096282205480304, 0.4001607127234698, 0.09572143994340515, 0.09448962668508303], [0.40369182600910963, 0.3959320013965358, 0.10529445111708297, 0.09508172137727913], [0.3845609527760605, 0.3623760149083928, 0.1473890084021925, 0.10567402381337292], [0.3941501932449746, 0.3512096433297214, 0.14375460382191765, 0.11088555950339182], [0.39180183477156705, 0.3749932484607986, 0.1296229305548899, 0.10358198611272547], [0.38930886873821, 0.35955813919811996, 0.14658771381073687, 0.10454527815292947], [0.4024751806527722, 0.34317347986601615, 0.11500375644831452, 0.1393475829329004], [0.4010608908478598, 0.3444333092641395, 0.12369346825890172, 0.13081233152909]], "ideal": "A", "sampled": "B", "correct": false}}
{"type": "result", "data": {"idx": 4, "options": ["W", "Sb", "Fe", "An"], "probs": [[0.26516534385098106, 0.22072715015407593, 0.2484598852253387, 0.26564762066960107], [0.35481949078633673, 0.24151109886206656, 0.2322473470098105, 0.17142206324177015], [0.24563453713122482, 0.2314728912608754, 0.16787659298135132, 0.35501597852654254], [0.3384566555676286, 0.2268607553176083, 0.21246774572569524, 0.22221484328905183], [0.312049878909278, 0.2568677931123038, 0.1410170644331687, 0.29006526344524497], [0.28348153611493637, 0.22060893291770658, 0.17117436469173758, 0.32473516617561554], [0.2712733943689755, 0.3594160571921795, 0.12563515157173177, 0.24367539676710895], [0.3721383996131761, 0.3801930284994577, 0.11129479886963836, 0.13637377291771735], [0.26733279055368486, 0.34862831712515174, 0.16602654799140418, 0.2180123442297678], [0.3760207668283972, 0.304476648421499, 0.1463899539245233, 0.17311263072557756], [0.32446262600286135, 0.3749961259875573, 0.1600424277576082, 0.14049882015198153], [0.32255085137254946, 0.31961617308890194, 0.1433357934878874, 0.21449718195065762], [0.23777802859354713, 0.3344501718697859, 0.12091101080558421, 0.30686078863109467], [0.31274052778220823, 0.31713556630287304, 0.17847860335856483, 0.19164530245636133], [0.25124843931393714, 0.3186361483147614, 0.23942318040902547, 0.19069223186227197], [0.34057236469183105, 0.2878360694766005, 0.22010621577385403, 0.1514853499577231], [0.28176985201643096, 0.30154887741726866, 0.18509111126109168, 0.2315901592052039], [0.30911919983690117, 0.3098498678908381, 0.13076085086650266, 0.2502700813057533], [0.34745367579681086, 0.25198404417037573, 0.109518941546026, 0.29104333838678226], [0.29443210784966084, 0.2091063520063239, 0.1546748019899113, 0.34178673805411147], [0.3479382015972434, 0.2177969681404118, 0.2517542048718687, 0.18251062529047288], [0.34891556178854466, 0.18666510894968186, 0.24198895025204373, 0.22243037890972783], [0.2454507233837219, 0.20651626113395133, 0.257306293806421, 0.29072672157592616], [0.29548144360356277, 0.22344107338062333, 0.19415013430021952, 0.2869273486155784]], "ideal": "B", "sampled": "D", "correct": false}}
{"type": "result", "data": {"idx": 5, "options": ["0.33 atm", "0.40 atm", "0.50 atm", "2.0 atm"], "probs": [[0.4113107143276124, 0.2779775996020963, 0.10907115428122313, 0.20164053168904797], [0.41932044124259277, 0.2718381496292337, 0.14508392061750777, 0.1637574884106608], [0.435408832593452, 0.26620487810822324, 0.10520686605653973, 0.19317942314178516], [0.42366259958028973, 0.27400436348395857, 0.12846075159891684, 0.17387228523684364], [0.46351791345749854, 0.28112533242117316, 0.08097263867289758, 0.17438411534843165], [0.4510634563837928, 0.29138173276300916, 0.08536941543852282, 0.17218539531467386], [0.44124605845386206, 0.28035195699234733, 0.08853126842095668, 0.18987071603283964], [0.44366332824469473, 0.284730367097713, 0.10799975778756953, 0.16360654677003586], [0.42613084413595076, 0.26669186717438265, 0.1159524985307912, 0.19122479005887663], [0.41482144009721894, 0.2715287551861984, 0.1340610250992691, 0.17958877951733448], [0.47054839561456013, 0.2889029672752516, 0.08535735218722615, 0.15519128482297298], [0.4466172221703136, 0.2952527854896577, 0.07766477624092243, 0.18046521599911589], [0.4459103930448029, 0.2940475599820777, 0.07675305480587938, 0.18328899206724142], [0.43267135658685063, 0.3120821723428915, 0.09835502449382064, 0.15689144647645348], [0.43082627286098285, 0.2872412606334505, 0.08091362812260357, 0.20101883828295095], [0.4213250057419298, 0.2982522364123031, 0.11749907879960994, 0.1629236789461411], [0.4579824958998574, 0.3041406342656145, 0.08117151688036342, 0.15670535285414924], [0.45554082276192465, 0.3041403155047451, 0.0815377125878437, 0.15878114904546992], [0.4301067512553114, 0.3085217436611133, 0.09783612232143289, 0.16353538266213186], [0.4288359300525897, 0.30970350017237197, 0.10026642845909411, 0.1611941412159436], [0.4365704787052727, 0.3001227988890576, 0.11044364102994636, 0.15286308127574158], [0.4220223232342406, 0.3077689646445387, 0.10436430973813747, 0.1658444022830762], [0.4354803865519332, 0.3026572776299951, 0.10748649029729951, 0.15437584542076108], [0.42791006989941255, 0.2985045834596638, 0.1065080686668172, 0.1670772778740932]], "ideal": "C", "sampled": "D", "correct": false}}
{"type": "result", "data": {"idx": 6, "options": ["very soluble", "very electronegative", "isoelectronic with a noble gas", "highly colored"], "probs": [[0.4657031895579299, 0.24692425585366373, 0.056797869244246096, 0.23057468524416233], [0.39925443382156833, 0.2488599356827314, 0.07785932116919318, 0.27402630922651566], [0.49698493990897824, 0.2735637694700397, 0.05784368608273906, 0.1716076044382424], [0.4530548826717733, 0.2576976191711511, 0.06291801389374671, 0.2263294841633238], [0.3902678020554977, 0.2513282698492657, 0.07677280665726337, 0.28163112133797463], [0.41813904134394825, 0.21605204959600893, 0.05387564599522014, 0.3119332629648172], [0.49109675237924544, 0.24546206912183946, 0.049958500481226485, 0.21348267791768913], [0.42437671095356366, 0.2615461220341091, 0.06814602604249036, 0.2459311408698495], [0.4796461149202031, 0.2777154427982152, 0.07005785625929783, 0.17258058592228112], [0.45172800279461645, 0.28669767334764357, 0.07816114135124065, 0.18341318240650836], [0.40929020977595704, 0.2630394075158889, 0.08036843361797778, 0.24730194899017674], [0.42513997795485764, 0.26131389721331333, 0.08653048748585951, 0.22701563724597415], [0.4896767146876774, 0.28847067926112036, 0.0437662635973798, 0.17808634235381496], [0.44738502218502896, 0.2862418032813323, 0.05374744657547551, 0.21262572785816491], [0.48935568239675115, 0.2945333241253569, 0.04696597597796463, 0.16914501739993376], [0.4597564431783492, 0.3106112328833401, 0.05990113312612818, 0.1697311907121951], [0.43090561336243544, 0.2788352931566778, 0.06072282246571409, 0.22953627091519901], [0.43822056889816524, 0.2905479732248059, 0.06721826063567543, 0.20401319714137706], [0.38462493445285256, 0.2503425702542488, 0.06266054582108799, 0.30237194937181716], [0.4181244405368504, 0.2136063190017532, 0.04413127976085498, 0.3241379606005358], [0.3848924109045841, 0.2513362576950723, 0.06944200890545396, 0.29432932239488885], [0.3983746903411778, 0.26162423654508843, 0.07836652328773017, 0.2616345497259883], [0.4190046875014989, 0.2507989466870591, 0.06815114081865095, 0.26204522489280896], [0.431976413422781, 0.2774341806349906, 0.0793244839844847, 0.21126492185774867]], "ideal": "C", "sampled": "C", "correct": true}}
{"type": "result", "data": {"idx": 7, "options": ["no two electrons can have the same four quantum numbers", "no two electrons with the same spin can occupy an orbital", "no two electrons can occupy separate orbitals", "no two electrons can pair up if there is an empty orbital at the same energy level available"], "probs": [[0.5114849883443717, 0.28045199481811683, 0.09299013372755001, 0.11507288300995328], [0.5119060397716442, 0.28701104400181143, 0.11258661143595111, 0.0884963046905959], [0.5114803721215542, 0.26823700807037704, 0.1052099946573114, 0.11507262505074739], [0.5050312791251962, 0.26696410662377756, 0.12015762808092559, 0.10784698607010974], [0.498926692167326, 0.2957892851302156, 0.10299147628630852, 0.10229254631615758], [0.5031396180982116, 0.29753733534965154, 0.08559895449710671, 0.11372409195503189], [0.5337634388846627, 0.2564167102146985, 0.10016276439275916, 0.10965708640790767], [0.5257073510139036, 0.26704677659315335, 0.11958314848387583, 0.08766272380904645], [0.5222567122808314, 0.2567699170098831, 0.11120734932527053, 0.10976602128400476], [0.5203549667074534, 0.2609527323779556, 0.12809291063771122, 0.09059939017686036], [0.5177964252370414, 0.28629829153456937, 0.10202852281365894, 0.09387676031472747], [0.527169344900015, 0.2951506382119379, 0.0881241879272033, 0.08955582886083147], [0.5017051281985143, 0.2570003727186887, 0.12072530942746787, 0.12056918955531937], [0.4946160706749645, 0.2572423697531908, 0.13600004624362033, 0.11214151322821565], [0.49974601169058697, 0.26946228995885746, 0.11345818276792774, 0.11733351548262282], [0.4962875081866958, 0.27286258666830054, 0.1359975658196156, 0.09485233922539163], [0.5002624708966456, 0.28584785027891946, 0.10387631972131013, 0.11001335900311282], [0.5021219536085597, 0.2921463456963587, 0.10874602747230902, 0.09698567312277966], [0.5183756713994183, 0.27267609251878583, 0.1051582159345411, 0.1037900200472307], [0.5289963666697157, 0.26210794454962233, 0.09261430280199943, 0.11628138587866857], [0.5352525709244504, 0.2808650252079194, 0.09668440921188483, 0.08719799455576187], [0.5392825154279892, 0.2831366122287025, 0.0898735846783886, 0.0877072875649212], [0.5291214498330201, 0.2697480100968499, 0.09514277358709339, 0.10598776638301913], [0.5305157543832258, 0.27558001129392257, 0.09855547700543378, 0.0953487572174162]], "ideal": "D", "sampled": "D", "correct": true}}
{"type": "result", "data": {"idx": 8, "options": ["Rb+", "Se2-", "As5+", "Sr2+"], "probs": [[0.5772962129098095, 0.1762054375381023, 0.04207423059359711, 0.2044241188584814], [0.5395335111345907, 0.171763273438562, 0.04697681023031408, 0.24172640509655616], [0.5323649697359175, 0.2005033282304041, 0.058439916085846685, 0.20869178584782408], [0.5293518349839622, 0.16714345763987834, 0.052721666084962454, 0.2507830411912046], [0.5254993508236465, 0.16166958658009556, 0.05956799425960467, 0.2532630682366533], [0.5354024254838619, 0.14729592863135438, 0.053229366563317344, 0.26407227922143695], [0.5718525045176718, 0.14993028193631158, 0.07027510167928279, 0.207942111766736], [0.5304634905917864, 0.1496011511763018, 0.07774278901036141, 0.24219256912153278], [0.5615586257094799, 0.16005286202866148, 0.06459461754082003, 0.21379389462105233], [0.5646586068057617, 0.15534034869633245, 0.06931637674610223, 0.21068466765178898], [0.5329335754986988, 0.1304335254609306, 0.0706019688701604, 0.26603093007018996], [0.5670967793674982, 0.1364107912127623, 0.07273515372234708, 0.22375727559737627], [0.4749180662217058, 0.2148782155023544, 0.09152565847485974, 0.21867805970109133], [0.47158331130546416, 0.18353631583621777, 0.08109972087415783, 0.26378065188415345], [0.5054728736266831, 0.2092726097081783, 0.06570315210713985, 0.2195513644580051], [0.5064457488625824, 0.1992626022278138, 0.06838913283173778, 0.225902515977875], [0.4685695840929993, 0.17702741736746863, 0.06991075935402159, 0.28449223908552385], [0.47155720026145054, 0.20208128889525642, 0.08335258542329807, 0.24300892531999602], [0.4850107098445646, 0.1610697815852889, 0.07963388039138464, 0.27428562807875223], [0.4859320145633518, 0.14163539062101577, 0.06985366476346934, 0.30257892995216157], [0.48818556353851955, 0.16070156215374481, 0.06045731013382564, 0.290655564073901], [0.514272117228604, 0.1654494601696415, 0.06042116605283081, 0.25985725644892127], [0.4833348385472996, 0.15912309675874017, 0.06003433189747877, 0.2975077326964652], [0.4866365877805563, 0.18716536933865707, 0.07418419466848253, 0.2520138481123122]], "ideal": "C", "sampled": "B", "correct": false}}
{"type": "result", "data": {"idx": 9, "options": ["the O\u2013H bonds in sulfuric acid are much weaker than in sulfurous acid due to the electron withdrawing of the oxygen atoms on sulfuric acid", "sulfuric acid has more oxygen atoms in its formula", "the sulfur in sulfuric acid is more electronegative than the sulfur in sulfurous acid", "sulfuric acid has the hydrogen atoms bound directly to the sulfur atom"], "probs": [[0.5264103152437436, 0.30497618896370404, 0.0875888247370374, 0.08102467095548939], [0.4975111602707203, 0.3157209600087111, 0.08508141001131869, 0.1016864696092504], [0.5428137684638854, 0.30606759761059454, 0.07562663645481163, 0.07549199737071417], [0.5392632769072191, 0.31499629359482517, 0.07925841298954965, 0.06648201640842598], [0.5032934061638564, 0.3146462018260808, 0.07746910102711625, 0.10459129088295167], [0.5341716292691282, 0.31003938184295105, 0.08596687528805573, 0.06982211349983654], [0.4934954171411721, 0.3023695751028726, 0.08515065295331622, 0.11898435470263284], [0.473150379069475, 0.3086853887612486, 0.08019266032920906, 0.13797157174008268], [0.48007281965288867, 0.28842133371142686, 0.10354453588923257, 0.12796131064644273], [0.46428023795574025, 0.27871775858701464, 0.08266905644153455, 0.17433294691568918], [0.434107968966079, 0.28473928458064435, 0.10787352898166883, 0.17327921737161422], [0.44959907401497845, 0.27041970605279847, 0.09465443206537164, 0.18532678776683925], [0.51349297209392, 0.3344611520795397, 0.06028950533161817, 0.09175637039493632], [0.5071551569993875, 0.3481012544705789, 0.06479803159964112, 0.07994555683039195], [0.47490465954505784, 0.3126388145529824, 0.10355532222067233, 0.10890120358129075], [0.45777803304246867, 0.30851890480806216, 0.08419508557249542, 0.14950797647699818], [0.4877262021241928, 0.32255893364288324, 0.08835902028040336, 0.10135584385253821], [0.4703255668435259, 0.3119721983225622, 0.06928238525835181, 0.14841984947555964], [0.4830145427012696, 0.32243872453677835, 0.06681610368904094, 0.127730628972903], [0.48673121642062356, 0.322538449014478, 0.08730689065042085, 0.1034234438144961], [0.43172096283917605, 0.30603770990485213, 0.11143007904638415, 0.15081124810957827], [0.44876025064061265, 0.28526398510876433, 0.10147536443251295, 0.16450039971811853], [0.5006949749013961, 0.2993409269919182, 0.08780005174632323, 0.11216404626037321], [0.49227163862039636, 0.2906402463648503, 0.06834193324314132, 0.14874618167160905]], "ideal": "A", "sampled": "A", "correct": true}}
{"type": "result", "data": {"idx": 10, "options": ["0.0641 M", "1.64 M", "0.115 M", "0.400 mol/L"], "probs": [[0.5142319209499329, 0.1908432301475916, 0.09359213254826058, 0.20133271625422272], [0.5333443688199777, 0.18512597174333953, 0.09128265261677032, 0.1902470067199058], [0.49643808415184343, 0.191344649197561, 0.10830951559162795, 0.20390775095896677], [0.5182371608364359, 0.1917326110426469, 0.09891891768451454, 0.19111131033638637], [0.5274193713204006, 0.18351662182450304, 0.10152653273896584, 0.18753747401613682], [0.5302864062053146, 0.19985226620950267, 0.10090359551046141, 0.168957731974739], [0.5117891921393402, 0.19719195733628345, 0.08577684661182775, 0.20524200381255428], [0.5197324974871884, 0.19125474464945463, 0.08836212510429212, 0.2006506326590446], [0.537835494746538, 0.1879717039579052, 0.08549708076346295, 0.1886957204320693], [0.5469875977067337, 0.18023128352157664, 0.0794925852928318, 0.19328853337885543], [0.5181397010484654, 0.18876651413366036, 0.10750929054106613, 0.18558449417681472], [0.5264427322935011, 0.17899960733375614, 0.09835155638669792, 0.1962061038860517], [0.516305289620965, 0.22802063355801364, 0.07639359802383625, 0.17928047869716837], [0.5308967424854174, 0.23519629935831016, 0.07125527121115187, 0.1626516868451133], [0.5303379962998277, 0.21404677488186236, 0.08101581458873137, 0.17459941412958693], [0.543983085182922, 0.2112235579231884, 0.07472244337164546, 0.1700709134222559], [0.5431712114079598, 0.23522540262331768, 0.08225569865964708, 0.1393476872090582], [0.5406630095393258, 0.20540211183406637, 0.08395488457706353, 0.16997999394953964], [0.5119156145743453, 0.2212962198789825, 0.09214780924461223, 0.17464035620204305], [0.5099000336690814, 0.23348000996928508, 0.09299134489353, 0.16362861136809836], [0.5104796953304807, 0.2106845986111965, 0.09294845463149061, 0.1858872513268116], [0.5221425634240989, 0.20113412422841317, 0.08744075541757786, 0.18928255682990028], [0.5206125058651808, 0.23395663003534703, 0.09011487107647445, 0.1553159929229979], [0.5244878673344044, 0.20488439558390828, 0.0885824846251523, 0.18204525235654037]], "ideal": "C", "sampled": "C", "correct": true}}
{"type": "result", "data": {"idx": 11, "options": ["SF4", "PCl5", "BF3", "CO2"], "probs": [[0.18123377086066145, 0.2608510079975658, 0.15619091048427788, 0.4017243105574841], [0.2313936050902912, 0.18254751222710847, 0.22370104981855118, 0.3623578327640525], [0.17439674220786977, 0.23423153939540872, 0.1439794515982174, 0.44739226669849463], [0.15386194410395607, 0.226635351897503, 0.12405984831404267, 0.49544285558450063], [0.17906459313376671, 0.15047572203378218, 0.1345955661938472, 0.5358641185385814], [0.1179807735120864, 0.2283758475592877, 0.07535000568230514, 0.5782933731463106], [0.20761655220293782, 0.21713554363035734, 0.1608332287037769, 0.414414675362921], [0.24507336965230142, 0.15153568132187334, 0.2329828379396305, 0.3704081109862009], [0.18802869626951949, 0.21720774938729726, 0.1623803635835493, 0.4323831906596531], [0.18210924554680913, 0.24868094056517423, 0.1916296985673835, 0.37758011522061896], [0.19347487642179662, 0.14302906303088947, 0.14717758820828275, 0.5163184722390144], [0.16182006986197764, 0.2492618256358723, 0.13738691348947835, 0.45153119091267163], [0.19733328944538717, 0.22211453845200005, 0.14176120384403348, 0.43879096815858115], [0.1660738151640505, 0.22101895590721488, 0.1377322776368196, 0.475174951191916], [0.1808239560738927, 0.2600595250108785, 0.1416224964498204, 0.41749402236542604], [0.17937468764326217, 0.3079613949677925, 0.18180825576871187, 0.33085566152024204], [0.12507166900984168, 0.18552586789345468, 0.0842066452255957, 0.6051958177710949], [0.1363144470574494, 0.23451700965450356, 0.12701634571954884, 0.5021521974684833], [0.16508253538098666, 0.14272902846540714, 0.1360147640616204, 0.5561736719920003], [0.10956981486974379, 0.21961168060789948, 0.07633816106627968, 0.5944803433560556], [0.1648519637992439, 0.1576419060519153, 0.15838185303909486, 0.5191242770097519], [0.1334703598657965, 0.263021832835564, 0.15105046001933037, 0.45245734717931824], [0.10275328555141923, 0.1631291838857549, 0.09493088001545211, 0.6391866504473926], [0.10407290718641975, 0.193355728083912, 0.15206444207781805, 0.5505069225518355]], "ideal": "A", "sampled": "B", "correct": false}}
{"type": "result", "data": {"idx": 12, "options": ["Fluorine has a very high electronegativity; therefore the H-F bond is stronger than any other H-X bond.", "HF is smaller than any other H-X molecule; therefore it exhibits stronger London dispersion forces.", "The dipoles in a HF molecule exhibit a particularly strong attraction force to the dipoles in other HF molecules.", "The H-F bond is the most ionic in character compared to all other hydrogen halides."], "probs": [[0.4372949443337374, 0.23955265444492024, 0.12159035417135623, 0.20156204694997853], [0.4331385204544723, 0.25020734849968257, 0.15797090407145645, 0.158683226874382], [0.4365067245197906, 0.2412197899248372, 0.10621807394413879, 0.21605541151123472], [0.43671437303947885, 0.2510110889067458, 0.13457974802810468, 0.17769478992568388], [0.4433933912190421, 0.2586555623948083, 0.1258255377425413, 0.17212550854360847], [0.4599953678305496, 0.25940058221982165, 0.12717813207336817, 0.15342591777626807], [0.41974845871920363, 0.2716154652845445, 0.11170158796942499, 0.1969344879268145], [0.409920842449345, 0.2774797099299061, 0.1258168586630598, 0.1867825888576919], [0.3935625395766499, 0.27573444513493045, 0.1038566753099605, 0.22684633987845598], [0.3650092092521085, 0.2858146915135957, 0.12778148707007883, 0.22139461206421943], [0.4094737955949104, 0.3034347259196859, 0.10358606864124695, 0.18350540974416032], [0.37441450447643376, 0.2918029022042015, 0.10264003393699646, 0.2311425592823506], [0.4262603102486709, 0.2505217952152127, 0.0955281352112596, 0.22768975922485946], [0.4296664198469503, 0.2605793265821249, 0.11515979677730422, 0.1945944566936312], [0.411881309414414, 0.2593507082496095, 0.11180460830396677, 0.2169633739320073], [0.36404227167148917, 0.2718616888024831, 0.12679259129146433, 0.23730344813455523], [0.44099263965195296, 0.28876890855191445, 0.11507508119215705, 0.15516337050397763], [0.3908925286668789, 0.27283433152656633, 0.11450117602634638, 0.22177196368021024], [0.4314683869594928, 0.276811476868338, 0.10561634397588993, 0.18610379209628097], [0.46030680535480345, 0.28219468914013285, 0.11161639369919069, 0.14588211170587417], [0.4417574473446492, 0.28660347378233747, 0.12024444275821267, 0.1513946360148019], [0.4080770368005261, 0.2763341761589324, 0.10158696359486613, 0.21400182334566542], [0.43840525447425716, 0.2849244033202468, 0.13235518549448685, 0.14431515661099173], [0.3891563740050619, 0.2637749821958025, 0.11896230432775359, 0.22810633937139457]], "ideal": "C", "sampled": "D", "correct": false}}
{"type": "result", "data": {"idx": 13, "options": ["3.8 \u00d7 10^-3 mol/L", "5.77 \u00d7 10^-3 mol/L", "1.97 \u00d7 10^-3 M", "9.9 \u00d7 10^-4 M"], "probs": [[0.3992501531636557, 0.31411801251939725, 0.16711445275228162, 0.11951738146468177], [0.3858011116899268, 0.3065219831740007, 0.1596540621505375, 0.14802284288555373], [0.39229923531395555, 0.3269145589460224, 0.1449241356191339, 0.13586207002087217], [0.3777388820672231, 0.29746262347345553, 0.11474827367024083, 0.21005022068909668], [0.36387916615173693, 0.3234027584207296, 0.14574822967973933, 0.16696984564780074], [0.38537722063420693, 0.32023569874074015, 0.12411806966656573, 0.17026901085849003], [0.39346595477115415, 0.3197935861576358, 0.1664057565673653, 0.12033470240384446], [0.37872344631278054, 0.31287103952187817, 0.1595261801654462, 0.14887933389991498], [0.400063919455285, 0.3254136498195154, 0.14099589242519697, 0.13352653820000338], [0.38344510717457087, 0.3014485203046329, 0.11135515719453883, 0.20375121522625267], [0.3629005120971578, 0.3163211022144751, 0.1477000482007506, 0.17307833738762612], [0.38761638927964365, 0.32101203574805537, 0.12401093405209472, 0.16736064082020238], [0.39132038984651596, 0.3276581672289776, 0.15175880108470033, 0.12926264173978597], [0.3592355688326627, 0.2928784348886161, 0.12594617519727538, 0.22193982098144774], [0.39811092113974433, 0.3290841636871746, 0.14551198930795262, 0.12729292576512252], [0.36920110173713644, 0.3055476012080072, 0.12764353571196743, 0.1976077612429046], [0.3766249434816948, 0.31734465287610647, 0.15284364369232392, 0.15318675984986554], [0.3699844344044421, 0.3136377799561787, 0.1514841875563892, 0.16489359798299508], [0.3510163559018236, 0.3190869500823342, 0.15763204720440638, 0.17226464671141575], [0.3639625548667205, 0.3071170877032172, 0.14308759716325525, 0.18583276016678973], [0.3736392235791999, 0.3116824352664893, 0.1512466650006273, 0.16343167605369155], [0.3797390606424614, 0.3121748240683659, 0.14819141111002768, 0.15989470407915793], [0.382433442361946, 0.31852670346722933, 0.16187022830901243, 0.1371696257618211], [0.3729973135790312, 0.31664549222798855, 0.15971476069176663, 0.15064243340120018]], "ideal": "A", "sampled": "B", "correct": false}}
{"type": "result", "data": {"idx": 14, "options": ["The N-H bonds within the NH3 molecules break apart.", "The overall temperature of the solution rises as the NH3 molecules speed up.", "The amount of energy within the system remains constant.", "The hydrogen bonds holding separate NH3 molecules together break apart."], "probs": [[0.4151300335187857, 0.32390350590320066, 0.15221260920832694, 0.10875385126969053], [0.45213815114241473, 0.3257289750346633, 0.13099641356764322, 0.0911364601552552], [0.3972812935307217, 0.27527242309628447, 0.19006640615323742, 0.1373798771197662], [0.3936175392242111, 0.27186294777672315, 0.17186425296172872, 0.1626552599373498], [0.4435203495355679, 0.3044002581104675, 0.1594330103789597, 0.09264638187499367], [0.41829328558503215, 0.2923764685171287, 0.16660299258872588, 0.12272725320911891], [0.43494520001656395, 0.2958242438913509, 0.17005699735674265, 0.09917355863533754], [0.47160897398471013, 0.29609636429954267, 0.14270134438801027, 0.08959331722772572], [0.43446179343011165, 0.26162410347757414, 0.17677443803871346, 0.12713966495359522], [0.41076615494640095, 0.26358055739239333, 0.16871673924144426, 0.15693654831975853], [0.46172600508945333, 0.2969982379159413, 0.15561259547275666, 0.085663161421861], [0.4064162091240485, 0.2968360096799867, 0.18217497645962186, 0.11457280463632737], [0.35536031841413984, 0.29610464733467323, 0.19047965360444993, 0.15805538054672538], [0.3645979929862546, 0.2826465197798551, 0.1649225038439512, 0.18783298328994294], [0.3701728510884585, 0.3199722370846288, 0.17857963384749814, 0.1312752778794266], [0.34818949186676823, 0.316311497946302, 0.17333272941600064, 0.16216628067094463], [0.366399249251138, 0.28906211943937643, 0.18487802564177197, 0.15966060556769088], [0.3341136368789238, 0.2934137779552207, 0.19805491412523857, 0.17441767094060426], [0.46789054855608203, 0.31242588832794105, 0.14182281345473768, 0.0778607495612383], [0.44933180708941917, 0.2985032298312611, 0.15098027129609634, 0.10118469168322329], [0.4630028582304058, 0.32513329660825757, 0.1324161623095049, 0.07944768275183185], [0.4131796890228086, 0.3261006691774173, 0.15001123822173026, 0.11070840347804575], [0.41071420691792737, 0.27356793802443213, 0.177237173440066, 0.13848068151758464], [0.3807707403373794, 0.2736272359691001, 0.18913532724683924, 0.1564666963466658]], "ideal": "D", "sampled": "B", "correct": false}}
{"type": "result", "data": {"idx": 15, "options": ["a strong acid", "a weak acid", "a weak base", "a strong base"], "probs": [[0.42609363651985177, 0.3413787875854297, 0.03351898726598144, 0.19900858852872672], [0.40285744527780476, 0.353329362703289, 0.0377339618851932, 0.2060792300337097], [0.4187094978074541, 0.35037914747757454, 0.03522558427343329, 0.1956857703415453], [0.40889529137570546, 0.3437266604517351, 0.031433982114543124, 0.2159440659580298], [0.39935849084993685, 0.3684184054011182, 0.03180323366803924, 0.20041986998092487], [0.3882584575462282, 0.3633998053038371, 0.03196613209815701, 0.21637560495175784], [0.41389101636117936, 0.35578906803075905, 0.037182156605239595, 0.19313775890280832], [0.3933334107833666, 0.3638156837521555, 0.03983805913769013, 0.20301284622678342], [0.4057801217977192, 0.3586875128350559, 0.029099987450266648, 0.20643237781695786], [0.3834991608407751, 0.34665055532043504, 0.023505159109963567, 0.2463451246288326], [0.4001600496748159, 0.37772686366790287, 0.046955207949963676, 0.17515787860731796], [0.43874241589400137, 0.32883772093204433, 0.033447811426403275, 0.19897205164754458], [0.3784500124025773, 0.3939202503380202, 0.03400474273731017, 0.1936249944220848], [0.37521755708040744, 0.3906545394317879, 0.032472338662986044, 0.20165556472482885], [0.3867289803237423, 0.37460238897208276, 0.03162149471735084, 0.20704713588683074], [0.3786224261620153, 0.3681852713795099, 0.028210758819619285, 0.22498154353887245], [0.3510797243125044, 0.4031817305204045, 0.03342548052087232, 0.21231306454621618], [0.3688720828502973, 0.3625805203890329, 0.03060935371060255, 0.2379380429500759], [0.36572352230708083, 0.4188488203124874, 0.030968320265446717, 0.18445933701498926], [0.3643599333652632, 0.4089278722578795, 0.03144996873605408, 0.19526222554078052], [0.41362792958501976, 0.3812110522700262, 0.0407296521272878, 0.16443136591766677], [0.44140949566311116, 0.3386156929400646, 0.02711052354601202, 0.19286428775081785], [0.3801075405260168, 0.38922320030099006, 0.03608078361843361, 0.19458847545456773], [0.4217440877508445, 0.3379962826266022, 0.02999207957653958, 0.21026754994599672]], "ideal": "C", "sampled": "A", "correct": false}}
{"type": "result", "data": {"idx": 16, "options": ["at equilibrium there are more products than reactants", "the value of \u0394G\u00b0 is greater than zero", "the value of \u0394S\u00b0 is greater than zero", "the value of Keq is less than one"], "probs": [[0.4806260463922011, 0.25478241341797697, 0.09918118292797222, 0.16541035716184552], [0.47572615177796834, 0.2591617829295733, 0.09678316738665603, 0.1683288978057971], [0.47226556998523933, 0.252795727616664, 0.11028497464890494, 0.1646537276491986], [0.4678479771908093, 0.252533831881458, 0.10947484106580976, 0.17014334976193082], [0.4659403453197039, 0.25696441689025645, 0.09055671645235647, 0.18653852123768547], [0.4782034811791073, 0.2552885045864811, 0.09252487515815243, 0.17398313897625112], [0.5093858292679032, 0.2642836083596005, 0.08254918190186435, 0.14378138037064486], [0.5064063953855521, 0.2664477437945376, 0.07581246411338172, 0.15133339660654718], [0.5094047635210993, 0.26186099993001455, 0.10412741396492255, 0.12460682248397802], [0.4956137939682319, 0.2795114337237437, 0.10524712490438984, 0.11962764730361915], [0.488930959773348, 0.28264121618726884, 0.0887884041960772, 0.1396394197433107], [0.519856949852149, 0.28443979942478226, 0.08882293689412331, 0.10688031372892112], [0.4950306490690514, 0.2723755492453547, 0.0874494654823576, 0.14514433610323882], [0.5055390420661451, 0.26920109471592474, 0.07852233557388891, 0.14673752754403943], [0.5065925699831549, 0.2699897847426192, 0.10000064973039212, 0.12341699544382607], [0.4949989245048811, 0.28848404240229725, 0.10082572410095651, 0.11569130889187633], [0.47982592723114914, 0.2896887966527712, 0.08951333186595127, 0.1409719441501484], [0.5167264974367162, 0.29288824610313685, 0.08873257406689404, 0.1016526822932684], [0.4798028934989783, 0.25693098375333834, 0.07490476671582712, 0.18836135593187506], [0.5011354543557601, 0.25087617739046825, 0.07620323595995143, 0.17178513219382144], [0.45253979616648804, 0.2765407011256487, 0.10646925939147293, 0.16445024321640084], [0.4910742687517655, 0.2843303564918992, 0.08922703890378451, 0.13536833575257085], [0.45117993483824603, 0.2665871188605461, 0.11333925171494189, 0.16889369448625174], [0.48267262454175275, 0.2819723142268229, 0.097259681118972, 0.13809538001244168]], "ideal": "A", "sampled": "B", "correct": false}}
