{"type": "result", "data": {"idx": 0, "options": ["(0, \u2013 3)", "(4, 1)", "(2, 2)", "(\u2013 4, \u20132)"], "probs": [[0.4656169201132402, 0.2500316458916399, 0.17398293240408993, 0.11036850149104309], [0.46277429308296597, 0.24384813126602745, 0.17181658548452017, 0.12156099006647987], [0.45905114864939617, 0.2546862424268636, 0.1737508915898844, 0.11251171723386456], [0.45538883887531467, 0.24772645089877113, 0.1721630946283562, 0.12472161549756565], [0.4729412675709369, 0.24014195891397888, 0.17215268629644362, 0.11476408711865418], [0.4719923802848977, 0.24076769069588883, 0.16959965392491205, 0.11764027499431018], [0.4606031381352273, 0.24410883114618248, 0.16791960794720334, 0.12736842267137485], [0.460305687676838, 0.23162313711311225, 0.16753201195802733, 0.14053916315202067], [0.46295937699220896, 0.24870249628515587, 0.17082116377136003, 0.11751696285128313], [0.4669248868669516, 0.24665771900186784, 0.16619989199653715, 0.12021750203463688], [0.4549861559377893, 0.2350713857677187, 0.16975219902878788, 0.14019025916569164], [0.4678425847623201, 0.24333287716023524, 0.16520269930340575, 0.1236218386740445], [0.4625549890898884, 0.2480162123257033, 0.17134053582474976, 0.11808826265964745], [0.4531654984084282, 0.2331822334456422, 0.16714662625070545, 0.1465056417952359], [0.4539817304486587, 0.24934268724012296, 0.1732837847306547, 0.12339179748055797], [0.4539005971628352, 0.24771050313381063, 0.16812205562388832, 0.13026684397947594], [0.4460825324151669, 0.2358685234134478, 0.1745953040061822, 0.14345364006521602], [0.46558768675354223, 0.24208156159992975, 0.1704325897342799, 0.12189816181226573], [0.47248208862700436, 0.23576185935709693, 0.1747271059378321, 0.11702894597807419], [0.4664054969029831, 0.23712014519852417, 0.17083025480607558, 0.12564410299241943], [0.4758993699270666, 0.23954647231685594, 0.17973477069416355, 0.10481938696192267], [0.4820908257181735, 0.24325597568132823, 0.17268380154395055, 0.10196939695653803], [0.4639046182292224, 0.24160777008959658, 0.1767943667952636, 0.11769324478593388], [0.47733565133972355, 0.24319585617980707, 0.17447242901851923, 0.10499606336196429]], "ideal": "D", "sampled": "B", "correct": false}}
{"type": "result", "data": {"idx": 1, "options": ["2500", "2", "50", "25"], "probs": [[0.4184939153864995, 0.35965919601212964, 0.1203251421907514, 0.10152174631063451], [0.43009978148908656, 0.35195376658514355, 0.12408656995576794, 0.09385988186998608], [0.4085319796098028, 0.34773403278869536, 0.16521800803989348, 0.07851597946161265], [0.43859031421841993, 0.3240675489440223, 0.15240815440905442, 0.08493398232850266], [0.42447911213484363, 0.34071691300725354, 0.15572128171329708, 0.07908269304459288], [0.448139206382032, 0.3126099702586526, 0.1334874054788136, 0.1057634177804953], [0.4188596903886982, 0.3121394418740304, 0.18870115989480568, 0.08029970774245893], [0.4241563497550022, 0.3108617609137939, 0.18768743674739893, 0.07729445248381556], [0.4303157817505846, 0.3099243790273284, 0.1729321103036949, 0.0868277288183859], [0.4588385545670686, 0.30721444928645547, 0.17389670303214416, 0.06005029301434157], [0.4397272470810642, 0.31399915545202417, 0.16617788549549323, 0.08009571187144217], [0.44864904266058436, 0.30970091177377834, 0.16684160601430306, 0.07480843945132873], [0.42998798824708173, 0.32207365637377766, 0.1831655253491834, 0.06477282992997555], [0.4496005201772794, 0.31114374086626345, 0.16683607067226836, 0.07241966818419014], [0.44589272390751017, 0.32380856275448056, 0.1357872998658693, 0.09451141337214321], [0.46352273766420576, 0.3304468110761629, 0.14081440099788586, 0.06521605016174313], [0.49337803787929635, 0.29628587935153783, 0.1393711045016617, 0.07096497816748917], [0.46686725371307775, 0.32087041795649013, 0.16045684177656871, 0.05180548645388047], [0.43155422476140853, 0.3140924216739137, 0.18821753675823427, 0.06613581670643913], [0.46937355027957717, 0.2999113238793681, 0.15328393584416755, 0.07743118989689136], [0.45663070799165906, 0.32234372392116495, 0.13346910767534212, 0.08755646031184344], [0.4632750762581077, 0.31872160094059027, 0.13922874985576636, 0.07877457284553559], [0.4833033035986479, 0.2864783796700912, 0.1606052358546676, 0.06961308077659038], [0.4606429169069499, 0.30483532216208786, 0.1801673575588382, 0.054354403272114916]], "ideal": "C", "sampled": "B", "correct": false}}
{"type": "result", "data": {"idx": 2, "options": ["392", "336", "300", "297"], "probs": [[0.3621000953966602, 0.2768860509767392, 0.17251157740288908, 0.18850227612370543], [0.3596583234122706, 0.2727356179053788, 0.17531935310983263, 0.19228670547251128], [0.36762646298429, 0.27950375739275274, 0.16917376909192136, 0.18369601043105405], [0.3810524025739124, 0.27096028495205826, 0.15623520015362657, 0.19175211222042043], [0.360347152419334, 0.2795388560907127, 0.16772920228165214, 0.1923847891083064], [0.37841340799382667, 0.2783179440638088, 0.16016020441282738, 0.1831084434295422], [0.3664946098414594, 0.2700495414555804, 0.17861584510217737, 0.18484000350077703], [0.3579054462045069, 0.27245845494224585, 0.18042493284118405, 0.1892111659120689], [0.38041187954621103, 0.27078199727852587, 0.17348873657080716, 0.1753173865044506], [0.4030213529190718, 0.25973175561578216, 0.17124851840898242, 0.16599837295618194], [0.3693794617684191, 0.27392393073961097, 0.1726123630658328, 0.18408424432614323], [0.39887156361328263, 0.2626615362321324, 0.17771695479287122, 0.16074994526173159], [0.3500916601023873, 0.2956507595295479, 0.17114835208512125, 0.1831092281829499], [0.36181059901046647, 0.2827117717645291, 0.1646780177906601, 0.19079961133435033], [0.3614100727126084, 0.2815606375473493, 0.16691651507764382, 0.19011277456238035], [0.38798037881489134, 0.2698066175200573, 0.16836067504959337, 0.17385232851545185], [0.38187575657318323, 0.2771312664311626, 0.15493171578015816, 0.18606126111549043], [0.3708897026816218, 0.269074250731521, 0.17702799540769232, 0.18300805107915818], [0.35921285026740507, 0.2798521247395313, 0.16752637286874705, 0.19340865202429824], [0.3723086073767923, 0.2800274880055853, 0.16040501339123095, 0.18725889112639738], [0.35286393909187547, 0.2747246248216278, 0.1688689186868486, 0.2035425172996297], [0.3813886016701909, 0.2676100229773536, 0.17067937248175785, 0.1803220027706912], [0.37157536457475865, 0.28881647795082727, 0.15784257050632927, 0.18176558686809138], [0.3652297246447953, 0.279295836135486, 0.1740762532663413, 0.18139818585338258]], "ideal": "A", "sampled": "B", "correct": false}}
{"type": "result", "data": {"idx": 3, "options": ["\\frac{7}{9}", "\\frac{8}{9}", "\\frac{5}{9}", "\\frac{9}{11}"], "probs": [[0.43224280411843685, 0.31113192185852084, 0.14764202187490133, 0.10898325204813071], [0.43316746847020315, 0.3157339482198908, 0.14530355442063725, 0.10579502878927058], [0.4373162145551544, 0.3098741664230967, 0.13981053443289296, 0.11299908448885897], [0.44391193995325706, 0.31133778308652393, 0.13272846845405767, 0.11202180840616446], [0.4453234730805104, 0.3064166126817274, 0.1397921599094347, 0.10846775422834191], [0.44806470741143006, 0.2971748958623569, 0.13651184042828274, 0.11824855619793222], [0.4287994134110185, 0.31233383053502906, 0.14653232931548218, 0.11233442663846402], [0.4283897951237109, 0.32020637217304254, 0.1461933684616997, 0.10521046414152288], [0.4317012007868042, 0.3123154510673779, 0.14396077911962463, 0.11202256892619435], [0.43846020856974566, 0.316163741685439, 0.13648724644878985, 0.1088888031960445], [0.43029294787534833, 0.31113048764552254, 0.14983798635674603, 0.10873857802237066], [0.43466159814948646, 0.30818177165634325, 0.14531075773985244, 0.11184587235431132], [0.4308282082978994, 0.30311191070088755, 0.14827071786247162, 0.11778916303871934], [0.44000367149401176, 0.30743277834008415, 0.13834444627829998, 0.11421910378760702], [0.4326514337456913, 0.30545950736637006, 0.14859177928522754, 0.11329727950271945], [0.43883753598200087, 0.30820194476512697, 0.1432451591576919, 0.10971535999516961], [0.45096707337624753, 0.28812246311843487, 0.1376027316459249, 0.12330773175940134], [0.4448361846878701, 0.2986034003849704, 0.13942532753226583, 0.11713508729490753], [0.4280160840943058, 0.2947135560358785, 0.15628286380566728, 0.12098749596415612], [0.4319763572135291, 0.2862025482542484, 0.15092855167911723, 0.13089254275310033], [0.4200645206024102, 0.28623587005874246, 0.1648675111313074, 0.12883209810752175], [0.4307828873140623, 0.2879286909936718, 0.15789769231294817, 0.12339072927930583], [0.4368058497853613, 0.2832378843971465, 0.1450509309028963, 0.1349053348146042], [0.43582973144516407, 0.29300465356185795, 0.1450503741561579, 0.12611524073682737]], "ideal": "B", "sampled": "A", "correct": false}}
{"type": "result", "data": {"idx": 4, "options": ["(-inf, 10)", "(-inf, 9)", "(-inf, 8)", "(-inf, 7)"], "probs": [[0.40676873435104366, 0.1516287267723493, 0.18593921292861038, 0.2556633258479987], [0.4055496683465273, 0.16579084313608072, 0.18618399605279717, 0.24247549236459676], [0.3993938301316792, 0.17077553907502074, 0.19177825031131204, 0.23805238038200335], [0.3992001287996683, 0.1618842360406338, 0.1888707534185243, 0.25004488164117494], [0.39265471838790833, 0.1807067451770305, 0.18681908030971192, 0.2398194560253405], [0.408478228293119, 0.15785592570044765, 0.19436535919235626, 0.2393004867140795], [0.39509456900256706, 0.16190386433358056, 0.18364222890838208, 0.25935933765546143], [0.39265333777352357, 0.17545688928442268, 0.18486363360310928, 0.2470261392389362], [0.4021760531221198, 0.17106138399562265, 0.18632999884580007, 0.24043256393644893], [0.39499896776801974, 0.1695551369404488, 0.18750461862546164, 0.24794127656608533], [0.3907006756690251, 0.18534693112933887, 0.19011465069524766, 0.23383774240637953], [0.3933383923746213, 0.17861057903945304, 0.1957079827900458, 0.23234304569588304], [0.39455959170641647, 0.15870962702965435, 0.19827229873713093, 0.24845848242680163], [0.3916784183962013, 0.15982800857440596, 0.1954874757851784, 0.253006097144204], [0.4060342195949655, 0.15358264802705957, 0.19924911984964727, 0.24113401242833177], [0.395781615196975, 0.159443090180099, 0.1997365662484694, 0.2450387282744592], [0.4070613888399824, 0.15653161629959375, 0.18828399229261983, 0.24812300246779437], [0.40603400636105613, 0.1561474447003061, 0.2020585365936536, 0.2357600122449879], [0.3926080570095243, 0.16774375584700818, 0.19216796307435385, 0.24748022396911706], [0.4048660047731879, 0.15653182419876044, 0.19536559443447807, 0.24323657649356353], [0.39846735458262034, 0.1662791434218409, 0.1965632924840215, 0.23869020941152144], [0.3972475972374128, 0.16627984209696747, 0.19827178231512976, 0.2382007782504924], [0.40725576904711286, 0.15175173482823895, 0.1937548319040446, 0.24723766412060671], [0.40676619293065663, 0.14088824832481722, 0.20242463570536554, 0.24992092293916496]], "ideal": "C", "sampled": "D", "correct": false}}
{"type": "result", "data": {"idx": 5, "options": ["396", "72", "66", "36"], "probs": [[0.41092587321315677, 0.31644834760926827, 0.16140222299708468, 0.11122355608049249], [0.4090249433265233, 0.306229818068559, 0.1709449062289598, 0.11380033227594612], [0.43433550829830814, 0.31447912168179354, 0.13990705847165158, 0.111278311448257], [0.45538677234479075, 0.30279722886020405, 0.14041339661456811, 0.10140260208043472], [0.4037990453857667, 0.30224834710639986, 0.1511266170524933, 0.142825990355352], [0.45368044524923246, 0.29376069089945767, 0.1335746710635282, 0.11898419268777738], [0.39600507037048177, 0.3161859235073206, 0.18751881451274635, 0.10029019150946142], [0.3887068176773663, 0.30521598790388726, 0.19815114495438227, 0.10792604936436662], [0.4146364056467131, 0.3074529799690614, 0.15788193018859967, 0.12002868409561758], [0.4151712776157454, 0.31701750205570706, 0.17646414981308609, 0.09134707041544432], [0.4026242040577729, 0.31400727852358884, 0.15505308117546576, 0.12831543614317423], [0.43028950644082203, 0.30698427146266966, 0.157280952970435, 0.10544526902605943], [0.41780783984551306, 0.31038508807325643, 0.1600803953897599, 0.11172667659146379], [0.43421939567858214, 0.2984566504934764, 0.16107814062463052, 0.10624581310329234], [0.40166539526412554, 0.2986455847902714, 0.17911761369749554, 0.12057140614810787], [0.4053258225250303, 0.3030411814434276, 0.19792128711806828, 0.09371170881347658], [0.4424139541465947, 0.29716404853945966, 0.1373528791425333, 0.12306911807141835], [0.4294993188019908, 0.3074375003566829, 0.15115807087364747, 0.11190510986767988], [0.39066117915223747, 0.30912258007589755, 0.16591902296643346, 0.13429721770543382], [0.4356871301092887, 0.30480647089226526, 0.15057537587491113, 0.10893102302351564], [0.38577739489817414, 0.3098559027206126, 0.17629622643199014, 0.1280704758492247], [0.4158311154305117, 0.3032824783125552, 0.17826269683666804, 0.102623709320264], [0.4383994687200329, 0.29603273266222957, 0.14191326798698506, 0.12365453053072709], [0.4370962697920798, 0.3023288833524958, 0.15336533548103895, 0.10720951127438041]], "ideal": "B", "sampled": "C", "correct": false}}
{"type": "result", "data": {"idx": 6, "options": ["0.16", "0.24", "0.3", "0.5"], "probs": [[0.4460548216902183, 0.26481338866638837, 0.18237682790999177, 0.10675496163337649], [0.45375749568427065, 0.2708568343753971, 0.17854838003190288, 0.09683728980842643], [0.45894532528445015, 0.2686902436094982, 0.15878324283779688, 0.11358118816824402], [0.4401588985300842, 0.2855640659445359, 0.17272022954104096, 0.10155680588432257], [0.4665106270492906, 0.27308975515461315, 0.14376391335504654, 0.11663570434103789], [0.45286059423044783, 0.2770125837983456, 0.159774953218009, 0.11035186865318122], [0.45104870634035366, 0.26399841739842594, 0.17450472106559603, 0.11044815509562735], [0.4611152371840711, 0.26720822647509745, 0.1676879034757978, 0.10398863276502195], [0.4519686854904497, 0.264212411040141, 0.1675245774516274, 0.11629432591779912], [0.42990498202426003, 0.2816534833317842, 0.17955789526231092, 0.10888363928162938], [0.46911576866004606, 0.26986288466920644, 0.14556686343934291, 0.11545448313140834], [0.453299529163448, 0.2767327042528166, 0.15547840863704862, 0.11448935784668339], [0.47188701545144907, 0.2550127212283698, 0.15548733688096206, 0.11761292633920865], [0.4572272282770466, 0.26136482584048615, 0.1738110600431863, 0.10759688573927088], [0.47848244082513214, 0.2480492474820532, 0.16037444098045656, 0.11309387061234988], [0.4535411992448675, 0.2603666899315962, 0.179176207888252, 0.10691590283528664], [0.46928552736807916, 0.26116763620474065, 0.15283031420650592, 0.11671652212064607], [0.4718307856667795, 0.26523864808958814, 0.14521427458459327, 0.11771629155904895], [0.4562804187155191, 0.274327750455747, 0.1536642972293851, 0.11572753349932709], [0.4383151745119735, 0.27546200510318225, 0.17340086491717516, 0.11282195536768157], [0.46374163715167865, 0.27059505651686394, 0.15216230234002678, 0.11350100389143539], [0.4437997606043894, 0.27406109003103996, 0.16770435800078234, 0.11443479126378213], [0.45766797271993076, 0.275984147490204, 0.15253564550894844, 0.11381223418091513], [0.4583748482029723, 0.27767521635737163, 0.14544502060931622, 0.11850491473035112]], "ideal": "C", "sampled": "C", "correct": true}}
{"type": "result", "data": {"idx": 7, "options": ["42", "12", "36", "39"], "probs": [[0.33743640313871853, 0.3303581651168723, 0.16140351963066887, 0.17080191201374353], [0.3276693804875318, 0.32571822389280747, 0.17031673094216057, 0.1762956645775033], [0.3294179121203479, 0.3201402386295504, 0.19488103609090476, 0.15556081305918962], [0.32457352365361763, 0.29917502771049453, 0.1919760876308004, 0.18427536090506982], [0.33670256402151916, 0.3147300483684636, 0.18435794910694794, 0.16420943840307345], [0.3281566284228022, 0.29836965053975467, 0.1943711238813396, 0.17910259705611], [0.3293769497184608, 0.32059122240619065, 0.1712939375598331, 0.17873789021551884], [0.32567512510185653, 0.3195755000587525, 0.1733482697461822, 0.18140110499322268], [0.329662118359271, 0.31428219208435615, 0.1678940909223491, 0.18816159853401276], [0.32376221338551425, 0.3147327762531207, 0.15908349512787107, 0.20242151513349477], [0.32941771943965675, 0.3194104993824393, 0.16826127500539503, 0.1829105060724986], [0.3288890700501464, 0.3191279506909095, 0.16347931857922615, 0.18850366057972015], [0.32522488755497625, 0.31424171429604697, 0.19327029338621624, 0.1672631046627648], [0.3081339850064141, 0.3015439941546727, 0.20047517689433977, 0.18984684384457912], [0.33255178906865274, 0.3279171803188566, 0.15676340433115382, 0.18276762618133838], [0.3410974354977581, 0.3284058651030794, 0.15468888893434837, 0.17580781036481588], [0.3244924654065204, 0.2903138634762522, 0.18228367172114765, 0.20290999929608572], [0.329416910802847, 0.30939831117094035, 0.1780297084891762, 0.18315506943702675], [0.3367013530966157, 0.30667186305935373, 0.19290517751249336, 0.16372160623154314], [0.31545919200722183, 0.2971485596481085, 0.21134138126896232, 0.17605086697571504], [0.338900361706633, 0.31668447988616677, 0.1655551165984521, 0.17886004170875147], [0.33751781653115737, 0.32066985034574363, 0.1644966446149452, 0.17731568840813292], [0.3211148064738696, 0.29425475109888194, 0.18645777921408194, 0.1981726631131619], [0.33751786550010193, 0.3128536814997616, 0.1763425217474025, 0.17328593115271426]], "ideal": "A", "sampled": "B", "correct": false}}
{"type": "result", "data": {"idx": 8, "options": ["\\frac{125}{648}", "\\frac{25}{648}", "\\frac{625}{648}", "\\frac{1}{648}"], "probs": [[0.41434691877290447, 0.29959630382276714, 0.15286023457312353, 0.1331965427312064], [0.4239450956005716, 0.3038029761911401, 0.15643056102521238, 0.11582136708306051], [0.4103884154862912, 0.2961418762557653, 0.1598006940754842, 0.1336690140824737], [0.4239184497652684, 0.3018307650444206, 0.14934028888168432, 0.12491049620861844], [0.4261163529628135, 0.3072040568747777, 0.14469899452180626, 0.1219805955405937], [0.4241115249139363, 0.3044805370482312, 0.1360135134958855, 0.1353944244419509], [0.41024478768730593, 0.2962141639726993, 0.16386885558928296, 0.12967219265070193], [0.418712861998575, 0.301776054225836, 0.16603721248632491, 0.11347387118927367], [0.40286998495576126, 0.3013060465693228, 0.15945310105423924, 0.13637086732067885], [0.4190341086484349, 0.3064714128498484, 0.15092673141215726, 0.12356774698955127], [0.42486934889212064, 0.30865099717073713, 0.14236972503617168, 0.12410992880096774], [0.42484350575662105, 0.30912076319994636, 0.13759986476104188, 0.12843586618239503], [0.40116033859404243, 0.2873887290298422, 0.17837646524674652, 0.13307446702937062], [0.4141753641493596, 0.29525675813136065, 0.16644378262794382, 0.12412409499132146], [0.4046289267310918, 0.29279609177693233, 0.16337919843243856, 0.13919578295952664], [0.41702973125461157, 0.2986210626557453, 0.1576222115110945, 0.12672699447855199], [0.41537147371398186, 0.30207694824324177, 0.14555352450869313, 0.13699805343407492], [0.41458823634654235, 0.30106350016771555, 0.14638958155520448, 0.1379586818305411], [0.3956381151639501, 0.29893718506601, 0.18660380099003043, 0.1188208986799888], [0.3985198169800678, 0.2998776110907315, 0.17144141456272496, 0.13016115726646868], [0.39256428869184173, 0.3000481471268771, 0.18201812450492572, 0.12536943957637087], [0.3952497349417818, 0.3015138068064421, 0.1731070918521067, 0.13012936629968574], [0.38724044173319794, 0.304968971500581, 0.17483756534125303, 0.13295302132497255], [0.39183104396025364, 0.30322288627652794, 0.17444974637692406, 0.13049632328631086]], "ideal": "C", "sampled": "B", "correct": false}}
{"type": "result", "data": {"idx": 9, "options": ["8", "12", "10", "4"], "probs": [[0.3350353914697767, 0.2993877299736951, 0.19280397504114827, 0.17277290341536547], [0.3428078519331002, 0.30985023412288, 0.19949598219690914, 0.14784593164710813], [0.35281639489766414, 0.30252631473024844, 0.18142787130587604, 0.1632294189662106], [0.34891073371850356, 0.2978863185906464, 0.1941246559805967, 0.15907829161025142], [0.36054549989700113, 0.3210042216587911, 0.14097943489324538, 0.17747084345098324], [0.3811894975720634, 0.3047611904972615, 0.12637863656907586, 0.18767067526158332], [0.35383892321607185, 0.3135511666451334, 0.16105671856530845, 0.17155319147347234], [0.36449315479587757, 0.31738120110134893, 0.1729820447899298, 0.14514359921285425], [0.33060094938501355, 0.31448995374579847, 0.17483193905934763, 0.18007715770983784], [0.35574911548855176, 0.311803770454222, 0.17849642527206527, 0.153950688685159], [0.3618098038030044, 0.33202966710400017, 0.14075303796502292, 0.1654074910279821], [0.3504215551273095, 0.3250286905416691, 0.14408400090769383, 0.18046575332331238], [0.33963336830397894, 0.30106132034504374, 0.16872875566402443, 0.19057655558695064], [0.3760115075798531, 0.27884192586128054, 0.174347461674455, 0.1707991047844105], [0.3206275397461041, 0.30231875220115606, 0.20843279525870367, 0.16862091269402202], [0.3445163811103584, 0.29959543873328054, 0.2075545237747323, 0.14833365628162712], [0.3708864373211226, 0.30545669557684524, 0.1356431075598611, 0.18801375944216872], [0.35419785795075354, 0.313193364974643, 0.13890499189235989, 0.19370378508226516], [0.3565703384604628, 0.305286249370198, 0.17560830801810368, 0.16253510405120816], [0.3596135130363568, 0.2961417522126904, 0.1621152314625038, 0.1821295031884574], [0.34765059364325746, 0.31152165182555175, 0.17383539885996277, 0.1669923555712374], [0.3465147672891204, 0.30524870628055023, 0.17326724968989354, 0.1749692766404208], [0.3546869979949633, 0.29927882341879564, 0.16197406399146527, 0.184060114494797], [0.34187465968277647, 0.3047607164296469, 0.17241205606336688, 0.18095256772419435]], "ideal": "B", "sampled": "D", "correct": false}}
{"type": "result", "data": {"idx": 10, "options": ["13", "14", "1", "2"], "probs": [[0.39509724982274375, 0.32356396143057214, 0.13590691792430548, 0.1454318707223785], [0.36872755580203037, 0.3301547719931972, 0.15165845391443092, 0.14945921819034133], [0.39143678403311843, 0.3145303053569353, 0.09988155504676292, 0.19415135546317946], [0.4009609700284763, 0.3062285006215723, 0.10403387952535532, 0.1887766497245911], [0.36599915139223393, 0.3284065784379738, 0.12147935788922311, 0.18411491218057857], [0.39797942277095355, 0.3096086719684168, 0.12367900098459578, 0.16873290417604428], [0.3914822442939319, 0.3057723562196696, 0.15167707642309106, 0.1510683229632958], [0.35363092474683283, 0.3133412910534253, 0.1702385739590048, 0.1627892101407254], [0.41024138026823825, 0.3094014208153463, 0.08742694209128805, 0.1929302567251247], [0.42689240917005633, 0.31725787828290064, 0.09879638258055166, 0.15705332986647877], [0.38773044185982664, 0.3223022826678028, 0.1056073795416828, 0.1843598958306991], [0.4246660171116957, 0.32114604282438436, 0.11252884582450036, 0.14165909413941644], [0.4068412608963419, 0.2935457891369725, 0.11570439416021132, 0.18390855570646927], [0.4171260226412861, 0.27744429767155254, 0.1646214645755818, 0.140808215011567], [0.4182681163705306, 0.2908236552308311, 0.10347940990446523, 0.18742881839418016], [0.42146400712682885, 0.3042753081064004, 0.13260985982877535, 0.1416508248379992], [0.4316744703309984, 0.2859250057106581, 0.12758638608756087, 0.15481413777079442], [0.42126950756921233, 0.29014797074068194, 0.1372666787972606, 0.15131584279283794], [0.37308204924863564, 0.3244983648964476, 0.12807301077385355, 0.17434657498107253], [0.40608952816344324, 0.29572451125995186, 0.15397609135226167, 0.14420986912434017], [0.37092830047675235, 0.3230730312752711, 0.1181983169244853, 0.18780035122349012], [0.4143880525537784, 0.31941441949181065, 0.12772402083043172, 0.13847350702397954], [0.42877505778689645, 0.29888238485146396, 0.10555386348316782, 0.16678869377847458], [0.3994420612224739, 0.31571316868143146, 0.11610918482094357, 0.16873558517516538]], "ideal": "D", "sampled": "C", "correct": false}}
{"type": "result", "data": {"idx": 11, "options": ["30", "64", "2048", "60"], "probs": [[0.3899350867824069, 0.21865109970433003, 0.1838674083281289, 0.20754640508513852], [0.3849026782410845, 0.2172373914589251, 0.20699572016169715, 0.19086421003827597], [0.39676987881751946, 0.2380622491475169, 0.1682402593236306, 0.19692761261133557], [0.41215284832900123, 0.2273189440461241, 0.1563974375988247, 0.20413076992605253], [0.404877305242887, 0.2052462054422346, 0.20367393294504227, 0.18620255626983098], [0.41317929062068237, 0.2008522089312186, 0.18047058308376918, 0.2054979172643208], [0.40141233452882785, 0.22182586064415474, 0.15029213633263114, 0.22646966839438862], [0.3956015965858336, 0.22172982293523777, 0.17522202522512348, 0.2074465551537987], [0.37553019554839046, 0.23293445667728904, 0.1760538124167007, 0.2154815352576217], [0.3672289174930296, 0.2336667460154518, 0.17593122455960147, 0.22317311183191885], [0.386227955072835, 0.21190959285043232, 0.21375415466759182, 0.18810829730915823], [0.3838330646631896, 0.20815236300291437, 0.17763920422188584, 0.23037536801201255], [0.3594161560947746, 0.24123662571423107, 0.16457463256872787, 0.23477258552226404], [0.38525071151059015, 0.2298549176223143, 0.15112649922047566, 0.23376787154662984], [0.37528530092771994, 0.22451114677239062, 0.1855740172979861, 0.2146295349019022], [0.365030720154349, 0.22841769348145782, 0.18044570054404893, 0.2261058857201424], [0.3787053856627116, 0.21584335886529674, 0.18447467559899416, 0.22097657977299495], [0.3655199540287409, 0.22280204210038865, 0.17983505490320903, 0.2318429488676593], [0.4148901463638023, 0.21977681224208626, 0.1704607643763002, 0.1948722769178046], [0.4260710521312786, 0.21364676229816004, 0.1466295224033127, 0.2136526630672502], [0.40561079389839083, 0.20805360964392575, 0.2153949439884239, 0.17094065236925451], [0.3923770885032408, 0.20656488168097964, 0.1845986977002926, 0.21645933201549034], [0.3982357444708915, 0.22463344064111138, 0.1672636367272898, 0.20986717806070898], [0.3938880455223301, 0.22490515175106243, 0.1672836284446825, 0.21392317418191464]], "ideal": "D", "sampled": "A", "correct": false}}
{"type": "result", "data": {"idx": 12, "options": ["0", "1", "2", "4"], "probs": [[0.3997208826806429, 0.2737318679740193, 0.21159602712929598, 0.11495122211604156], [0.39525291752029784, 0.27392520619836863, 0.21119142016262302, 0.11963045601872734], [0.4255290733857351, 0.2910141930991383, 0.1787193181570422, 0.10473741525810329], [0.40282698269504164, 0.2871068152134924, 0.1829907738435857, 0.12707542814789777], [0.4175228068716464, 0.28152648505339944, 0.17996197023135077, 0.12098873774360754], [0.39796737405508337, 0.28419251901095083, 0.19399098237771883, 0.12384912445625869], [0.42101673531322725, 0.27913852574545955, 0.1837802343964156, 0.11606450444488416], [0.4173275973009219, 0.2761905857316842, 0.18425768250153463, 0.12222413436585032], [0.43265965207088297, 0.27298256515138525, 0.18228205041107245, 0.11207573226666553], [0.406826056560245, 0.24884008941207705, 0.19549251871602238, 0.14884133521165135], [0.4273374331030356, 0.27008577462366423, 0.16521121892819726, 0.13736557324509596], [0.4024788749456246, 0.2632783184019771, 0.1989376164698499, 0.13530519008253253], [0.4507562926185212, 0.2783718006661706, 0.16947217793676397, 0.10139972867854315], [0.42536437573077857, 0.28056764664823436, 0.17716349994955938, 0.11690447757142504], [0.4443520887390598, 0.27687293463433144, 0.17213839687763566, 0.10663657964898572], [0.41068512311694044, 0.26297096988297025, 0.187898229422281, 0.1384456774778159], [0.4275863051041225, 0.2649562286696245, 0.17619827459473683, 0.13125919153151064], [0.4224573385415266, 0.26446757987221226, 0.18511270832932575, 0.12796237315693257], [0.4255540363274305, 0.27882598003604253, 0.17115988595039666, 0.12446009758613932], [0.400970565569795, 0.2857121141884362, 0.18523371631725308, 0.12808360382450726], [0.4207977961509579, 0.28526120037449954, 0.16559600420023057, 0.12834499917429212], [0.40843781952613833, 0.2736800766329554, 0.18702126034748806, 0.13086084339343787], [0.4117642745006042, 0.2879460087010349, 0.16522885366397688, 0.1350608630343647], [0.4129336300243586, 0.28205028551386596, 0.16728513052768906, 0.13773095383408218]], "ideal": "D", "sampled": "C", "correct": false}}
{"type": "result", "data": {"idx": 13, "options": ["92", "93", "94.5", "95"], "probs": [[0.4282603259979765, 0.29398169984678557, 0.1954719038817094, 0.0822860701735366], [0.3830423318585781, 0.33154200515193155, 0.18751564654136313, 0.0979000163481488], [0.420945474044034, 0.3015584817942331, 0.22490527656522555, 0.0525907674965124], [0.3857760706367988, 0.30862948685458996, 0.23685982266801967, 0.06873461974059629], [0.39680971078418187, 0.3150165577924886, 0.21772181005712182, 0.07045192126620436], [0.3535916255354741, 0.3013396058194698, 0.2588658206220315, 0.08620294792301636], [0.42931487994878514, 0.29305789310556585, 0.203690266921285, 0.0739369599243533], [0.3918541546909022, 0.3242377699419892, 0.1937533127739963, 0.09015476249312682], [0.430534002083258, 0.277183117370603, 0.23483068604568863, 0.05745219440044012], [0.41043714900016665, 0.29202513147371556, 0.2299021733102371, 0.06763554611588625], [0.380247841450435, 0.30137830930303783, 0.23545787912031182, 0.08291597002620069], [0.37163939494857984, 0.2866694239963641, 0.2620258167398829, 0.07966536421517145], [0.4075483485974198, 0.32600686179908184, 0.21992295114856678, 0.04652183835493121], [0.38733361634600194, 0.3328835390965363, 0.22336458223419942, 0.05641826222324516], [0.4186798853148003, 0.32836869691935877, 0.207295617522071, 0.04565580014379296], [0.39065753326207453, 0.3430559655206242, 0.216230539560597, 0.05005596155671184], [0.3725984564522147, 0.3149873384332035, 0.26763752341412417, 0.04477668160046462], [0.3984452446021245, 0.32203818815014895, 0.24478487335799476, 0.03473169378974687], [0.3821804705410378, 0.34067794788175176, 0.20650211729988857, 0.07063946417731407], [0.3774990063322106, 0.32574131235064235, 0.22478569895303893, 0.071973982264106], [0.39085102343342004, 0.33569255484366545, 0.19533108922274875, 0.07812533240018806], [0.3843599781064963, 0.3267370347290611, 0.21771838700004717, 0.07118460006438804], [0.37068149295625297, 0.3137942228132011, 0.2497114974675592, 0.06581278666298117], [0.39413728932081415, 0.32161781925664945, 0.23311324605124262, 0.0511316452712842]], "ideal": "B", "sampled": "B", "correct": true}}
{"type": "result", "data": {"idx": 14, "options": ["R <= T <= M <= L", "L <= T <= M <= R", "R <= M <= T <= L", "L <= M <= T <= R"], "probs": [[0.43167273156833724, 0.2107116671893349, 0.1448116680422233, 0.2128039331001148], [0.44369279579596854, 0.20548840440958105, 0.13652487679206018, 0.21429392290238744], [0.42049286382945306, 0.20390019980217497, 0.14092146072915407, 0.23468547553921593], [0.4187319188877085, 0.20619493132875308, 0.14346863206814037, 0.23160451761540832], [0.4395950232691268, 0.20490293293315692, 0.13935026175536847, 0.21615178194233275], [0.4311837601236185, 0.211200197368594, 0.14969572064521477, 0.2079203217625833], [0.4128692890376646, 0.21644791508866112, 0.13528985501143118, 0.23539294076225512], [0.440025904414085, 0.21232440652616977, 0.13481696853906633, 0.21283272042067777], [0.41218689817237325, 0.21488714517114602, 0.13518436880470383, 0.2377415877517764], [0.43489800485393393, 0.21330111694952883, 0.13518313363948298, 0.21661774445705287], [0.44192427975559295, 0.21290937351914038, 0.1349245413581626, 0.21024180526711667], [0.4355755380305776, 0.21657160029165956, 0.13834352055399926, 0.2095093410237762], [0.417318814259571, 0.20158043724360866, 0.13994512445375473, 0.24115562394306353], [0.42044045450151873, 0.20521823965126118, 0.1432250851068094, 0.23111622064042148], [0.4278182159457621, 0.2097608145371847, 0.1470277075491322, 0.2153932618679191], [0.4348474081428617, 0.20827167582535477, 0.14053806669123825, 0.216342849240555], [0.42288298682140457, 0.20827031025139714, 0.14420065758487374, 0.22464604524233464], [0.43007068561917666, 0.20343786997533533, 0.1387390848061168, 0.22775235949935613], [0.4400254487930524, 0.20976020357925715, 0.13738229479353908, 0.2128320527341512], [0.4127240286216586, 0.21491371841840087, 0.13984289833157107, 0.23251935452835776], [0.43337859911737664, 0.20912460623731238, 0.13932055248741695, 0.21817624205790703], [0.4334303212626952, 0.2142779742316988, 0.14336761885344798, 0.20892408555215872], [0.40144216136255634, 0.21195708763936982, 0.1360389610060049, 0.2505617898920687], [0.4299617648565845, 0.20863587017110688, 0.138218740757801, 0.22318362411451875]], "ideal": "D", "sampled": "B", "correct": false}}
{"type": "result", "data": {"idx": 15, "options": ["16", "2\\sqrt{2}", "5", "5+2\\sqrt{13}"], "probs": [[0.43255251766928227, 0.2923679916087467, 0.14354064560040347, 0.13153884502156515], [0.42107923683778936, 0.2977397441177108, 0.1441415029894389, 0.13703951595505037], [0.43377149793803627, 0.28699344368412977, 0.12888349164618432, 0.15035156663165028], [0.44626095529907395, 0.2884759885116552, 0.12076569180040708, 0.14449736428885213], [0.43010312125221395, 0.3104429607976456, 0.15441104155076768, 0.10504287629937346], [0.42990433053210175, 0.3075461949716048, 0.1631175972975917, 0.09943187709870262], [0.45355962139867606, 0.29114476810443113, 0.1385318465483202, 0.11676376384856825], [0.430309516422243, 0.2981914796618412, 0.1496193443543297, 0.12187965946158469], [0.46345739536046365, 0.2930293089979196, 0.1265323618197285, 0.1169809337219086], [0.48210766706071306, 0.295280908383874, 0.12306989778146904, 0.09954152667394123], [0.4471265790192379, 0.308922035701023, 0.1367918852272069, 0.10715949995254286], [0.4567292483813183, 0.30506898963524376, 0.147815038645741, 0.09038672323769524], [0.43718430685387594, 0.2811350450070846, 0.12876356719863483, 0.15291708084040795], [0.45385754713825416, 0.28165507855133, 0.1229130086781465, 0.14157436553225605], [0.44061010110162624, 0.28479663957886076, 0.137068371867538, 0.13752488735197424], [0.46541379357887064, 0.2891214032639077, 0.13275461909097108, 0.11271018396626971], [0.452758128629109, 0.29379549165745944, 0.1421929257364862, 0.11125345387696839], [0.4750903131686427, 0.28532205194114457, 0.14210026386822824, 0.09748737092198417], [0.44819588303366653, 0.3006893323818825, 0.1513750230661205, 0.09973976141833327], [0.4383409098068345, 0.30087349478400555, 0.16467101423180752, 0.09611458107738037], [0.4640799273075333, 0.31339621811783697, 0.11570005425839762, 0.10682380021623225], [0.475089424365383, 0.3112142409317941, 0.12048264864799298, 0.09321368595483706], [0.46730962311114677, 0.2990134518692104, 0.11560425660240667, 0.118072668317236], [0.4918475083660779, 0.29224805528546877, 0.11520429887789753, 0.10070013737054005]], "ideal": "D", "sampled": "D", "correct": true}}
{"type": "result", "data": {"idx": 16, "options": ["8", "3", "6", "9"], "probs": [[0.45732052979325005, 0.2375779463551776, 0.13210200221013815, 0.1729995215414353], [0.4421829950234024, 0.24478013088851588, 0.12965938027195453, 0.18337749371612644], [0.4521908791763643, 0.23379292358768064, 0.1734916592610056, 0.14052453787495184], [0.43578043239313186, 0.23388565300040143, 0.1503970356963938, 0.17993687881008635], [0.44920570174339985, 0.23205521091657655, 0.1805511272416548, 0.1381879599983837], [0.42782682307964515, 0.2300362212110435, 0.1584928609203741, 0.18364409468892715], [0.44619571142287584, 0.23397273207835056, 0.1616887758377454, 0.15814278056100642], [0.43534314015646636, 0.24050706318963821, 0.15810866514027352, 0.16604113141362437], [0.4377845718842291, 0.21682372309105433, 0.1578643176147638, 0.18752738730995644], [0.43998123686564805, 0.22927638125165178, 0.15603339447062334, 0.17470898731207923], [0.4273376803599757, 0.23406481068104742, 0.15275513656916445, 0.18584237228980272], [0.44296486532419016, 0.229915016046138, 0.15226713825584368, 0.17485298027381876], [0.4479861452714607, 0.23620489649385046, 0.18030731436463923, 0.13550164377006552], [0.43393268181248795, 0.2330875315662518, 0.15959266116122311, 0.17338712536002815], [0.4563453332251548, 0.23208361392086532, 0.13771752260729353, 0.1738535301466874], [0.45176025557927074, 0.23882736894157866, 0.1346821749117801, 0.17473020046735868], [0.43016542130908103, 0.23510574921056723, 0.1483224725734695, 0.186406356806897], [0.4502911113080925, 0.2355303145357443, 0.16704259321072693, 0.14713598084542834], [0.45175716563756074, 0.22991326951788638, 0.18670064207857723, 0.13162892266596632], [0.4275826429657528, 0.22600590845483254, 0.17693117430933344, 0.16948027417007133], [0.44340270637380674, 0.24685539462036601, 0.13710712995186666, 0.17263476895396107], [0.459273004286851, 0.2406298832019968, 0.13271246854349908, 0.16738464386765453], [0.43553553888043905, 0.23437397380502742, 0.15418136852955908, 0.17590911868498868], [0.4595137959706231, 0.2345257254375648, 0.17092822698554352, 0.13503225150627213]], "ideal": "A", "sampled": "B", "correct": false}}
{"type": "result", "data": {"idx": 17, "options": ["-2", "-4", "-1", "1"], "probs": [[0.27078433996061635, 0.2795765126835921, 0.17665679391799827, 0.2729823533377891], [0.2893422603787172, 0.2800641568363362, 0.2113292491178788, 0.21926433356706285], [0.3002545823909876, 0.25875933422092684, 0.1673381378911292, 0.2736479453969778], [0.3003284062944704, 0.3079004204194291, 0.2035166108568973, 0.1882545623292006], [0.299352218939293, 0.2881223016783278, 0.16994252859531073, 0.24258295068706331], [0.29568949168522285, 0.3061915240846774, 0.1642044179936402, 0.2339145661364551], [0.2910142722233439, 0.2775897642445703, 0.1564939615632426, 0.27490200186885166], [0.30598257404483725, 0.2832730963801179, 0.17289400378065636, 0.2378503256943712], [0.2931750919086618, 0.25875929276967596, 0.1536682790880084, 0.294397336133674], [0.32209830082854385, 0.2774125090680362, 0.16752198515838643, 0.23296720484501585], [0.30834875692290853, 0.2775889898018916, 0.15527382919490154, 0.2587884239803052], [0.32087740641506557, 0.26715642641601517, 0.1379734723583715, 0.27399269471052984], [0.3049297174920656, 0.2452413287458288, 0.15466352729112112, 0.29516542637099386], [0.3110345992537715, 0.2841806170175441, 0.19787666767098977, 0.20690811595770414], [0.2903164814980259, 0.25491465232490074, 0.15517125350105798, 0.2995976125760118], [0.3181133863607416, 0.25903368155895673, 0.171143689586347, 0.25170924239396225], [0.30126785863144717, 0.30102737606431174, 0.15234388850622715, 0.24536087669802314], [0.32014355140550677, 0.26642347969477526, 0.1448116855971377, 0.2686212832025639], [0.33101352413867385, 0.26095627273426714, 0.15244711627959662, 0.25558308674748226], [0.3281646407190358, 0.2822628667253784, 0.1606640473445968, 0.22890844511098443], [0.3119732284504053, 0.26949951488677676, 0.15708571604076954, 0.2614415405220681], [0.32560286710902986, 0.26556137967599697, 0.14303197706124854, 0.2658037760537557], [0.3259667925063363, 0.2803100354614263, 0.1605417114974875, 0.2331814604347458], [0.33231410421019697, 0.2517411209122365, 0.15101984005194383, 0.2649249347256179]], "ideal": "B", "sampled": "D", "correct": false}}
