{"type": "result", "data": {"idx": 0, "options": ["total revenue is greater than total cost at its greatest distance", "total revenue is equal to total cost", "marginal product is at its highest point", "total product is at its highest point"], "probs": [[0.490988074378221, 0.19803846973099515, 0.12404021438586031, 0.18693324140491557], [0.4826857878796246, 0.1875306961115071, 0.11438283482279879, 0.21540068108605823], [0.4427145245165455, 0.19270972700760625, 0.13167615583791248, 0.23289959253794904], [0.5138874169389998, 0.19850841082210127, 0.12329285435721851, 0.16431131778168082], [0.4386677031704815, 0.20057579180695903, 0.1169255114956193, 0.24383099342693415], [0.5118171924898256, 0.19564781203664852, 0.11898273071677372, 0.17355226465677373], [0.4436328872862647, 0.1972049209732834, 0.15436495912631656, 0.20479723251411813], [0.42979867009003786, 0.18821486785026217, 0.1414746486514349, 0.2405118133082818], [0.41911747389357523, 0.17968989683625183, 0.1256034987288667, 0.2755891304413023], [0.4714324850592494, 0.16236711631577502, 0.13773133189628417, 0.2284690666286861], [0.41222498834777566, 0.18382216172734342, 0.11129492183232735, 0.2926579279925662], [0.4689933202762642, 0.15136970658730403, 0.13894912830314976, 0.24068784473327537], [0.44202778092387196, 0.18650465679415104, 0.14831603232237403, 0.22315152985960954], [0.47230696185323445, 0.17795701941346817, 0.15149571142804003, 0.198240307205267], [0.4503824009952646, 0.15440534294143918, 0.11546807855585024, 0.2797441774074425], [0.48756919312555913, 0.13841865904902528, 0.1357702779323083, 0.2382418697930927], [0.47578438954901237, 0.14768619157270516, 0.13440901971064806, 0.24212039906762947], [0.4906197882959554, 0.14253953682261833, 0.13683881356027655, 0.23000186122116098], [0.4384704720659364, 0.18068508561614302, 0.14199991247438076, 0.2388445297435263], [0.4802356428685207, 0.1765345187868527, 0.15007088885946782, 0.19315894938514888], [0.4386821018903148, 0.1525828553073619, 0.10356277528590341, 0.30517226741641545], [0.4941019018578265, 0.14597592361228762, 0.14320954451509654, 0.21671262991479118], [0.48017548616961225, 0.15733642132571163, 0.13184664528871923, 0.23064144711595658], [0.4903665308866294, 0.15243350394727534, 0.14038755564068353, 0.2168124094254298]], "ideal": "A", "sampled": "C", "correct": false}}
{"type": "result", "data": {"idx": 1, "options": ["Increase capital and decrease labor so that the marginal product of capital falls and the marginal product of labor rises.", "Increase capital and decrease labor so that the marginal product of capital rises and the marginal product of labor falls.", "Decrease capital and increase labor so that the marginal product of capital rises and the marginal product of labor falls.", "Decrease capital and increase labor so that the marginal product of capital falls and the marginal product of labor rises."], "probs": [[0.4125346308598883, 0.29149560072437763, 0.18719121858250826, 0.10877854973322836], [0.4083794054201118, 0.29027395330521333, 0.1891480768720698, 0.11219856430260997], [0.4184408083383258, 0.2805097738693624, 0.19000400064127562, 0.11104541705102136], [0.40031005770390327, 0.2773014128151697, 0.19120609003471367, 0.1311824393462152], [0.4066143590223354, 0.2687150268371484, 0.19533308101354885, 0.1293375330269777], [0.3981177131606632, 0.2714349977826324, 0.1952340570521739, 0.1352132319045282], [0.39863212254838853, 0.29957736037338584, 0.19159975636075685, 0.11019076061746715], [0.3949672325046531, 0.2949359516167229, 0.1970970754309126, 0.11299974034771018], [0.3980851781799314, 0.29072237018272096, 0.19082276602465897, 0.12036968551269688], [0.3873621274221451, 0.2897627877395501, 0.1948666897652594, 0.1280083949730479], [0.39857793266996283, 0.28534550583270557, 0.19949375699402747, 0.11658280440330948], [0.3927323203875705, 0.2892755564696567, 0.1937704581726026, 0.1242216648701756], [0.416477684983461, 0.2968811724987892, 0.18377653185062245, 0.10286461056711671], [0.40493038017147087, 0.2953568390455917, 0.1902134448761987, 0.10949933580674208], [0.4073630056670609, 0.29951574728611724, 0.1826415339752316, 0.1104797129715987], [0.40497679885296106, 0.30028116481072586, 0.18596078521147386, 0.1087812510248315], [0.41183563838595655, 0.29492384594675874, 0.1904996598157579, 0.10274085575151766], [0.4147408748308707, 0.29710494484677547, 0.1860910249630034, 0.10206315525934784], [0.4098610776397027, 0.27853621611438184, 0.18865164316623378, 0.1229510629796752], [0.40737563434057733, 0.28460646287524943, 0.1876493772717568, 0.12036852541241856], [0.41550141738063767, 0.28832756577477203, 0.18438959043488867, 0.11178142630969154], [0.4154326592414151, 0.2914481975280633, 0.1853297114922774, 0.10778943163824843], [0.417017814718904, 0.29153678889036105, 0.18441655421584882, 0.10702884207486571], [0.42052808604220726, 0.28849893679057603, 0.18434919520631385, 0.10662378186091852]], "ideal": "C", "sampled": "C", "correct": true}}
{"type": "result", "data": {"idx": 2, "options": ["the supply curve intersects the demand curve", "neither party has an incentive to deviate from his or her strategy", "the marginal revenue curve intersects the marginal cost curve", "the equilibrium is unstable and each party would like to switch strategies"], "probs": [[0.4806440400469919, 0.1879822600574122, 0.139576269071433, 0.19179743072417543], [0.46903753548434796, 0.18521334491484143, 0.15475837192468445, 0.19099074757611095], [0.5012072854314158, 0.17737953725624864, 0.17210719949529865, 0.14930597771704235], [0.5172204492773064, 0.17147107680960258, 0.15910870710577701, 0.15219976670734092], [0.4696763940975311, 0.16733357988366013, 0.1562946275543626, 0.20669539836444514], [0.48285563754025246, 0.1761294367360764, 0.141282281101257, 0.1997326445224257], [0.489043169723911, 0.20403874715736092, 0.1255782155478245, 0.18133986747090516], [0.47945662650260285, 0.2125579720901538, 0.1380274404169122, 0.16995796089034543], [0.49050357748549733, 0.20635928787225125, 0.12973775076670271, 0.17339938377555028], [0.5026232130072805, 0.19311196482174453, 0.1450811924049116, 0.1591836296660719], [0.45998099233211504, 0.194378445737906, 0.14194022707109427, 0.20370033475888], [0.47655833986903384, 0.17652074425801229, 0.14117327130319715, 0.20574764446974872], [0.5001797421891292, 0.1965357424635955, 0.15998072417835846, 0.14330379106893093], [0.516805509646677, 0.18810487305573542, 0.14934460286697895, 0.14574501433062007], [0.489497942526261, 0.20889757839525921, 0.12957258158010637, 0.1720318973983738], [0.4909885069752916, 0.1812839754285144, 0.1475150656400598, 0.18021245185611642], [0.4884739564388013, 0.19689613620045196, 0.1290628416724965, 0.1855670655882606], [0.4878933147982162, 0.1732788048297585, 0.15025982697835252, 0.18856805329368487], [0.4840368733115338, 0.18673599194046145, 0.15285095763880843, 0.17637617700920272], [0.4970874887769805, 0.18800628588391022, 0.14080789250852221, 0.17409833273058334], [0.46972738757801624, 0.190571261675301, 0.1516756029542752, 0.1880257476923967], [0.4822044600867542, 0.17371371792394372, 0.14885022054988514, 0.19523160133939357], [0.4990935164289354, 0.19731450529040148, 0.14131962443008889, 0.1622723537505593], [0.5035203760667247, 0.1834174452441429, 0.1601558516538472, 0.15290632693529596]], "ideal": "B", "sampled": "C", "correct": false}}
{"type": "result", "data": {"idx": 3, "options": ["goods X and Y are normal goods.", "goods X and Y are inferior goods.", "goods X and Y are complementary goods.", "goods X and Y are substitute goods."], "probs": [[0.36731044422142495, 0.2794352142713263, 0.17334322309786082, 0.17991111830938608], [0.4010000700465786, 0.2613619080096617, 0.16199867167445953, 0.17563935016931212], [0.39197699719262447, 0.2916483359912067, 0.18214271897159248, 0.13423194774457778], [0.40491323545144514, 0.28334500370045357, 0.18166160007380822, 0.13008016067430322], [0.3958756412625056, 0.2723530006783023, 0.16932365774692937, 0.1624477002122719], [0.39373053940926833, 0.2714095347675106, 0.18534107655399326, 0.14951884916922012], [0.3514350900596652, 0.27943381065344075, 0.18799699910580503, 0.1811341000810844], [0.38756500964278257, 0.27748068741162396, 0.1726242571799114, 0.16233004566569176], [0.36335946502852595, 0.3091959350313022, 0.18272611826962806, 0.14471848157055264], [0.3634416762633483, 0.309756971039413, 0.18094417514661912, 0.14585717745061], [0.38546845799806895, 0.2738853483924569, 0.17473684748466436, 0.1659093460247896], [0.35191847530538095, 0.28969029793693785, 0.18616954917164097, 0.17222167748604048], [0.41445328777885754, 0.3075282646611973, 0.14964713353259393, 0.1283713139273501], [0.4205996861544415, 0.3017032926415104, 0.15492734850827553, 0.12276967259576974], [0.40770758541156044, 0.31200222824527324, 0.14871032893134095, 0.1315798573118032], [0.40735666481136135, 0.3124099094732954, 0.14807030373819186, 0.13216312187716184], [0.41618165321025347, 0.30730404659254595, 0.15528010912672094, 0.12123419097048058], [0.40594664327906527, 0.3197775501252173, 0.15309180912483272, 0.12118399737088018], [0.3993450353906189, 0.28288985529296906, 0.16189152907692145, 0.1558735801394862], [0.389727104765387, 0.2811114617012198, 0.18358528676996266, 0.14557614666344637], [0.39904998652044793, 0.2789471895951479, 0.16126329138112794, 0.1607395324032851], [0.3684799134219965, 0.3013772592677263, 0.16905419261918445, 0.16108863459110934], [0.3854280166958164, 0.3009674482216393, 0.18155422985644618, 0.1320503051260896], [0.3751221249297677, 0.31509302474346973, 0.17860237062503873, 0.1311824796017279]], "ideal": "D", "sampled": "C", "correct": false}}
{"type": "result", "data": {"idx": 4, "options": ["causes the equilibrium price to be artificially high", "causes the equilibrium price to be artificially low", "exists when markets cannot reach equilibrium", "results in an equilibrium that does not maximize the total benefit to society"], "probs": [[0.419634467897153, 0.17493710032560864, 0.1575557430394145, 0.2478726886378257], [0.4554934424427736, 0.18321864882519825, 0.19528736916726666, 0.16600053946477258], [0.44456104187043477, 0.17567240069362075, 0.1354273592524299, 0.24433919808351667], [0.45316787602650466, 0.1830193005071039, 0.1652636326629134, 0.19854919070346103], [0.47856936427938235, 0.17398415680629611, 0.16197241868391854, 0.1854740601303923], [0.45824662252631065, 0.17921337998503403, 0.16340968806335235, 0.19913030932529618], [0.43703007357555873, 0.17495836187931618, 0.15941044974710464, 0.22860111469801025], [0.4703901554627055, 0.1832197759739947, 0.1926035805159659, 0.15378648794734648], [0.45584978589016745, 0.17593741921356698, 0.1337387710318254, 0.23447402376443455], [0.48089400412609756, 0.18517247994792002, 0.172808465631549, 0.1611250501944461], [0.49738029573535103, 0.1699534525000519, 0.16124292257399003, 0.17142332909059713], [0.4856037344615138, 0.18373409519646908, 0.16133697709833258, 0.16932519314368152], [0.4203323282765616, 0.17259486302440308, 0.14641195431688667, 0.26066085428216046], [0.4369951411033757, 0.17908764293055382, 0.1781987527700941, 0.205718463095969], [0.43210581321556213, 0.17579234538393565, 0.14069271602042063, 0.25140912528008497], [0.464777783240741, 0.183705800272657, 0.18588634467668574, 0.16563007170992863], [0.43915000989189273, 0.17527906978595342, 0.17438192666119803, 0.2111889935609587], [0.4611255045674686, 0.18798050629450583, 0.17133856869446637, 0.17955542034357086], [0.45751109230988163, 0.1618703106174542, 0.18296307155690175, 0.197655525415763], [0.44861223033436215, 0.1554784319008175, 0.19305304428035505, 0.2028562933844852], [0.4687449747923078, 0.163459205959074, 0.174783631234508, 0.19301218791411523], [0.4753983031751844, 0.16347697827852625, 0.1871478831703897, 0.17397683527589264], [0.44721650753242576, 0.15732803989663616, 0.17082678786549127, 0.22462866460544884], [0.47321399079638077, 0.16775108353572246, 0.16855788349896797, 0.19047704206891508]], "ideal": "D", "sampled": "D", "correct": true}}
{"type": "result", "data": {"idx": 5, "options": ["Collusive output levels tend to increase, driving the price above competitive levels.", "Consumer surplus falls as the price is driven downward.", "Collusive output levels tend to decrease, driving the price down to competitive levels.", "Joint profit maximization costs society consumer surplus as the price rises above competitive levels."], "probs": [[0.4912649166918107, 0.20732904791647053, 0.1777881423207023, 0.12361789297100392], [0.48995646613004296, 0.1838018901028285, 0.1963423007404202, 0.12989934292671163], [0.511795151237697, 0.2099417007209253, 0.14416031114383768, 0.13410283679754215], [0.5221627672237471, 0.2206768228754018, 0.1506377991645824, 0.10652261063623975], [0.49243724082885076, 0.2036186698229259, 0.1504330500863868, 0.15351103916182865], [0.5176560919724155, 0.2016906392274577, 0.1562272276221537, 0.12442604107795824], [0.4549186130373516, 0.2200710058500218, 0.18208210153439933, 0.14292827947824738], [0.4649895916405869, 0.21838719303305815, 0.17904110018320746, 0.1375821150431575], [0.48120955829545603, 0.25681369072123555, 0.1516604662184525, 0.11031628466484697], [0.48491258954008204, 0.22589412128805667, 0.15830586083806641, 0.13088742823378507], [0.43419321776491543, 0.20795333727214915, 0.19437684144481013, 0.16347660341811837], [0.4869291968074711, 0.22564830723607507, 0.16943577193453072, 0.11798672392193059], [0.5483716410616647, 0.21331806486512214, 0.1295609876432509, 0.1087493063299823], [0.5719728586803948, 0.21404617913567556, 0.12564524044818792, 0.08833572163572695], [0.5326549817921095, 0.19955962613187536, 0.15594797894639012, 0.11183741302964335], [0.531906669198383, 0.17308424656178753, 0.17462303497500758, 0.12038604916480403], [0.562189167358904, 0.20650000868188687, 0.12692352900216333, 0.10438729485704278], [0.5317409195507424, 0.19613135861771355, 0.1344119370344239, 0.13771578469713208], [0.5137717095923705, 0.19692472795764585, 0.14359815172210955, 0.14570541062784598], [0.5268223580433303, 0.19234874344226752, 0.15777912394398166, 0.12304977447042699], [0.48887801159625305, 0.1774952396317589, 0.19265993470376094, 0.14096681396822655], [0.49768377228996746, 0.1867759255187159, 0.18508840525338274, 0.1304518968379343], [0.5687787013352, 0.21344968741862372, 0.12245498233251322, 0.09531662881368802], [0.5360253090825997, 0.19767912187353187, 0.1262963650525476, 0.13999920389134882]], "ideal": "D", "sampled": "C", "correct": false}}
{"type": "result", "data": {"idx": 6, "options": ["Perfectly horizontal demand curve.", "Highly inelastic demand curve.", "Highly elastic demand curve.", "A demand curve consisting of two discontinuous segments."], "probs": [[0.4624826169717551, 0.20784378789414365, 0.16871209846708815, 0.16096149656702577], [0.4988830994455675, 0.21529723378424911, 0.13694517340269186, 0.14887449326749957], [0.47652231799605166, 0.21045899150917494, 0.1631332563257338, 0.14988543406902677], [0.5122506209269977, 0.2162449282540707, 0.1373013486361748, 0.13420310208277805], [0.4626088403414711, 0.19653403831619645, 0.19036212652765683, 0.15049499471465774], [0.48623532919450335, 0.1988297906193119, 0.17410443582138035, 0.140830444264802], [0.48301757463681133, 0.20894516722380818, 0.16515924616794792, 0.14287801187143787], [0.5054968909275113, 0.20943534303957964, 0.12789797786231796, 0.15716978807059162], [0.46758365483556663, 0.2064783702304811, 0.14901296885930224, 0.17692500597466496], [0.47985879026290973, 0.2350799910048561, 0.14132949369102946, 0.14373172494120534], [0.48668947825202696, 0.21175594267413078, 0.15757640453407634, 0.14397817443976701], [0.48012678056161473, 0.22959929299644044, 0.16528002111754686, 0.12499390522439487], [0.4740423365741618, 0.22240367778853462, 0.16236797335916647, 0.14118601217813026], [0.4857767431132558, 0.214587071320959, 0.13732022905867625, 0.1623159564070976], [0.46690977627788166, 0.2220110678209385, 0.149762773166002, 0.1613163826351802], [0.4713119346076659, 0.2522975604968073, 0.1451145472086513, 0.13127595758687632], [0.47423763356908666, 0.21859115346981167, 0.1575776435748848, 0.14959356928621795], [0.4671838277046985, 0.24522985626749633, 0.16625582633093153, 0.1213304895968699], [0.4894737478547811, 0.2162087321788021, 0.14015634096304552, 0.15416117890335498], [0.5083961894808674, 0.21188226499516782, 0.1323131716580934, 0.1474083737658823], [0.5108548486371347, 0.21872464674644448, 0.11886483083147144, 0.15155567368495368], [0.4943668038627744, 0.24308618519911868, 0.13551117498889373, 0.12703583584919592], [0.5291467221195447, 0.22285235814092316, 0.10896322695186376, 0.13903769268763327], [0.5093857616413878, 0.25402059400317917, 0.12186027005997194, 0.11473337419546902]], "ideal": "D", "sampled": "D", "correct": true}}
{"type": "result", "data": {"idx": 7, "options": ["Higher risk job.", "Investment in human capital.", "Increase in production of SUVs.", "Racial discrimination."], "probs": [[0.42083879069109753, 0.031052038852866073, 0.28402514442726956, 0.2640840259287559], [0.40076588302137733, 0.034361504240105374, 0.223395433956605, 0.34147717868191396], [0.39196371530664936, 0.025948620101276985, 0.2435438975148174, 0.3385437669772609], [0.3274808200903394, 0.02797709321460484, 0.19537506326174994, 0.44916702333331204], [0.4037615796327948, 0.031189773728977254, 0.21496866629809763, 0.35007998024011566], [0.3504574442802014, 0.026359225809845392, 0.20917005796995186, 0.41401327184000075], [0.45342070605031426, 0.02805103781194052, 0.27100517566850574, 0.24752308036926277], [0.42201223628925855, 0.03091196841983306, 0.22072768912272994, 0.32634810606818154], [0.4327668503834463, 0.027219026041171258, 0.22341854733785335, 0.31659557613753186], [0.3988372074602879, 0.02735305608000068, 0.20419923385318528, 0.3696105025065178], [0.414946968396579, 0.030530668468564674, 0.21252153768066387, 0.34200082535419446], [0.4164291325915222, 0.026268215940727126, 0.23166745550924323, 0.32563519585849504], [0.40079502595115385, 0.025969060861774744, 0.21510811647977823, 0.3581277966072907], [0.35248546861457447, 0.027316231817356863, 0.18653387876417132, 0.43366442070388067], [0.4105485248255548, 0.030288129300454394, 0.22548311720456904, 0.3336802285694228], [0.37070693105622043, 0.028693362874112845, 0.21736586970905936, 0.38323383626061136], [0.3126179831525491, 0.023920080034395837, 0.1839171236401741, 0.47954481307288144], [0.3355507800981516, 0.021348918222900727, 0.20122139082429227, 0.44187891075465474], [0.3861549819792676, 0.030974872962119402, 0.2413572058222226, 0.3415129391363838], [0.33732983297933433, 0.029083545682100802, 0.24294446575500048, 0.39064215548355025], [0.39245189276267484, 0.03683499293565573, 0.23388209057120796, 0.3368310236304714], [0.3800278197396683, 0.0331382014632597, 0.2580453372107601, 0.3287886414863036], [0.3114320736255671, 0.026899319437040825, 0.20261712311621605, 0.4590514837211655], [0.3446058048152831, 0.02705982086693768, 0.2206501447707397, 0.40768422944703464]], "ideal": "C", "sampled": "B", "correct": false}}
{"type": "result", "data": {"idx": 8, "options": ["all requirements for price discrimination", "required in order for a firm to earn short-run profits", "all sources of elastic demand", "all barriers to entry"], "probs": [[0.4926674094208125, 0.14268639684663922, 0.09833065958887252, 0.26631553404365826], [0.475593582908994, 0.13280117307389086, 0.09570430628417537, 0.29590093763291775], [0.49960207813057, 0.15644197699965004, 0.08797856549168562, 0.255977379278109], [0.5064727654315533, 0.1409590249242403, 0.08043000122376509, 0.2721382083204592], [0.46528503094068663, 0.1437785232183014, 0.0767485650267403, 0.3141878807142593], [0.5012539117738374, 0.1350166970523805, 0.07513766084619211, 0.28859173022757734], [0.4735052737459924, 0.15095413912951183, 0.0914596422759917, 0.2840809447485091], [0.4615299892021113, 0.14228544794711412, 0.08962409437748593, 0.30656046837329737], [0.48180696470039874, 0.1485139203100169, 0.08999684184111796, 0.2796822730484759], [0.48139767139356443, 0.14023929340130853, 0.08714583962684613, 0.2912171954782765], [0.4476740103255478, 0.13228853297263868, 0.07778291716380378, 0.3422545394380068], [0.466693332290131, 0.13387060425608904, 0.07845649278184459, 0.3209795705719408], [0.4994439432474112, 0.16172130453135708, 0.09612413754817024, 0.2427106145730606], [0.5020985935017805, 0.14939471232786838, 0.0910126323143304, 0.257494061756039], [0.4959640131564057, 0.15486353094611244, 0.10063064378585394, 0.2485418120116388], [0.4933324050602534, 0.1480467009246169, 0.09600410404269248, 0.2626167898724393], [0.5006202141474686, 0.14034826031419545, 0.07664089486950222, 0.2823906305688532], [0.49261414016598687, 0.150610358589432, 0.07974357385560034, 0.2770319272889762], [0.4412660306590172, 0.13336913259137717, 0.08486382170875895, 0.3405010149408558], [0.47492604788157117, 0.12782115717720224, 0.08322217718309151, 0.31403061765811413], [0.4508497819262972, 0.12666701596234767, 0.0944001639389692, 0.3280830380723787], [0.4714185103343546, 0.1330371895988361, 0.09381106279231373, 0.3017332371744808], [0.4818505206947635, 0.12215515201497396, 0.07719482517484179, 0.318799502015432], [0.46431226619332905, 0.1369378964815765, 0.0811555451196802, 0.3175942921054054]], "ideal": "D", "sampled": "C", "correct": false}}
{"type": "result", "data": {"idx": 9, "options": ["increasing-cost industry", "constant-cost industry", "decreasing-cost industry", "profit-making industry"], "probs": [[0.4471520076282544, 0.22677272837450563, 0.1680364501838266, 0.15803881371340472], [0.4407449554253533, 0.22283620660349213, 0.16215843784025943, 0.17426040003089993], [0.4618658837957926, 0.22118068170426053, 0.16536871225455219, 0.15158472214537222], [0.4331769853732786, 0.22051362067540461, 0.18572450560268822, 0.16058488824863432], [0.4444034456248114, 0.2289421340303078, 0.14775025494284105, 0.1789041653020461], [0.43083318818008987, 0.2381568504501677, 0.17123941993253186, 0.15977054133719504], [0.4444655650199563, 0.23373081423792044, 0.16021907584976103, 0.16158454479235884], [0.43743187358213603, 0.23107023465084384, 0.15401351935709198, 0.1774843723099143], [0.4439747197013443, 0.2393476559257043, 0.1500827038253702, 0.1665949204475783], [0.4512971563904606, 0.23238620170051805, 0.1433710731101567, 0.17294556869886593], [0.43542092357410705, 0.23348370567659635, 0.1506972270148591, 0.18039814363443898], [0.43888972733784315, 0.24218526651993919, 0.1485201117725364, 0.1704048942696748], [0.49795335857075734, 0.20112690307142939, 0.16144202391239343, 0.1394777143454098], [0.4657109807931151, 0.20307837017154426, 0.18074097739113548, 0.1504696715441984], [0.4969743501054479, 0.2067446224951181, 0.15741372880150428, 0.13886729849792093], [0.4859794505025337, 0.2119955811552501, 0.15143453505913362, 0.15059043318307777], [0.4715694603937023, 0.21614649117079426, 0.16327895629389078, 0.1490050920416074], [0.4874408329651957, 0.2162703325294685, 0.14337475790842028, 0.15291407649691224], [0.3998026782231746, 0.22154333469731316, 0.18259789426278208, 0.19605609271672084], [0.3965785294425265, 0.2325062347600677, 0.20041108472527205, 0.17050415097213875], [0.39360482311966577, 0.22209814375955655, 0.18218511309579072, 0.20211191992500183], [0.399703799118418, 0.23113653423873018, 0.17583820176250897, 0.19332146478036244], [0.41020720280606937, 0.2299138543249418, 0.18280028582478555, 0.1770786569442189], [0.42344085789122826, 0.2304309562288262, 0.16682522404273514, 0.17930296173721721]], "ideal": "B", "sampled": "C", "correct": false}}
{"type": "result", "data": {"idx": 10, "options": ["Amount of wood used to make a desk.", "Number of pickles put on a sandwich.", "The size of a McDonald\u2019s kitchen.", "Number of teacher\u2019s assistants in local high schools."], "probs": [[0.16016464758181892, 0.20521716212018812, 0.38800133636561424, 0.24661685383239149], [0.16115974932263688, 0.210614241150268, 0.3829215567431469, 0.24530445268394926], [0.18506584660111122, 0.23085528342504863, 0.3513756199541101, 0.23270324991974378], [0.18498771752792723, 0.22761390275256596, 0.360255221295817, 0.22714315832367993], [0.16996886626946003, 0.20184867301167914, 0.4332848654476743, 0.19489759517117558], [0.158107389366321, 0.1936435342854263, 0.4432407372028891, 0.20500833904536267], [0.1631346613996351, 0.21638096391821368, 0.3981080705937723, 0.22237630398836786], [0.17239309188999644, 0.21391340014984006, 0.3895132639483346, 0.22418024391182947], [0.14087597016455725, 0.2213323206399392, 0.4080196864983516, 0.22977202259716487], [0.145411039478295, 0.20390040779449228, 0.41270448854503883, 0.23798406408217387], [0.15666216911788566, 0.21564761196003243, 0.43132353966047815, 0.19636667916159128], [0.13491153193760408, 0.1954755585469749, 0.44762813928514983, 0.22198477013027101], [0.1750932537494483, 0.2255362426669685, 0.3812610028572717, 0.21810950062630582], [0.16644503277534883, 0.21322911590930563, 0.3937637676212269, 0.22656208359409893], [0.10883369767403263, 0.20351790732200686, 0.46323088514356964, 0.22441750976040226], [0.11361009348713719, 0.18388489060994523, 0.4713412736448929, 0.23116374215802185], [0.1285725219596496, 0.18426213836002864, 0.473328388115633, 0.21383695146468132], [0.1225212943167345, 0.1833968905584151, 0.49576616842319277, 0.19831564660165635], [0.21062781732317173, 0.2282283839405937, 0.3492657424301671, 0.21187805620606012], [0.19729729083397396, 0.22136198180960318, 0.36216260834483527, 0.21917811891158992], [0.17971304187127196, 0.22502327124894303, 0.3575244492525463, 0.23773923752724457], [0.16337432770357857, 0.2069782770753489, 0.36806482878711805, 0.2615825663339479], [0.16508322832950112, 0.21198414264591597, 0.38174046176297904, 0.24119216716159564], [0.15566270297993204, 0.19682010274522477, 0.40684367447226594, 0.24067351970258025]], "ideal": "C", "sampled": "A", "correct": false}}
{"type": "result", "data": {"idx": 11, "options": ["Price rises, but quantity is ambiguous.", "Price falls, but quantity is ambiguous.", "Price is ambiguous, but quantity rises.", "Price is ambiguous, but quantity falls."], "probs": [[0.3140085969833964, 0.2192875350576336, 0.21150150091294387, 0.2552023669460261], [0.3049770401245387, 0.21623501456599445, 0.20331653660541746, 0.2754714086040475], [0.38310315428010305, 0.21867970962232397, 0.1773187700295204, 0.22089836596805826], [0.39926313684207393, 0.21052539657888114, 0.17539162578364897, 0.21481984069539345], [0.3523394736859941, 0.20781146550679896, 0.18195557052005445, 0.2578934901871564], [0.3774870883858263, 0.21135255577784384, 0.1866016177562432, 0.22455873798009346], [0.33276900893411504, 0.21547655250665984, 0.20073260254628508, 0.25102183591295274], [0.32406059671785487, 0.21320909672813665, 0.19821513931980758, 0.26451516713418827], [0.3774902663384741, 0.22478376941169095, 0.1778059669182964, 0.2199199972315428], [0.3918938941212704, 0.21184167658592304, 0.1774427702899871, 0.21882165890282573], [0.35966627376809324, 0.2209977931207775, 0.17572724183539626, 0.24360869117573597], [0.38168271045264013, 0.21247737525104526, 0.1788080251626617, 0.2270318890336483], [0.39736083759888835, 0.21128262086824384, 0.18677129298464173, 0.20458524844820983], [0.40927559593394097, 0.22053666019165283, 0.18272235260229291, 0.18746539117211075], [0.385745208388279, 0.2013153807610408, 0.19402411809586181, 0.2189152926548354], [0.39487653178574283, 0.21772754750443307, 0.18637859232173082, 0.2010173282880854], [0.41611205226577236, 0.21748423181128496, 0.19041723902490235, 0.1759864767980362], [0.41709189379178385, 0.21064575098271482, 0.1839427068685175, 0.18831964825697853], [0.36625622859185875, 0.20329318352791537, 0.1801270722279994, 0.2503235155522322], [0.3953569353857268, 0.2228562272734599, 0.18186572098164394, 0.19992111625916562], [0.36434703361893767, 0.1983107279430758, 0.18356868596125744, 0.25377355237672244], [0.3860321603581, 0.2131819481978222, 0.18208595573442704, 0.2186999356096578], [0.4209997845952383, 0.22627689102752965, 0.1783257064095408, 0.1743976178676861], [0.41440961345701516, 0.2212691786261826, 0.1782011862189141, 0.18612002159788135]], "ideal": "C", "sampled": "C", "correct": true}}
{"type": "result", "data": {"idx": 12, "options": ["A bumper crop of oranges in Florida", "A decrease in the price of Tang", "Expectations of lower future prices for orange juice", "Expectations of higher future income among juice drinkers"], "probs": [[0.4995274946777242, 0.23396641645273789, 0.1465071570750482, 0.11999893169447301], [0.48604451499275453, 0.24480262548779594, 0.14233299377277758, 0.12681986564666656], [0.4745913765808901, 0.2834232045546401, 0.12548279441321078, 0.11650262435124417], [0.473380023808578, 0.26804934035878586, 0.13087911031964794, 0.12769152541297918], [0.46688694138196757, 0.2645242392064603, 0.1365533473841921, 0.1320354719273927], [0.47137394292510026, 0.2641075714728688, 0.1337888156863742, 0.13072966981565684], [0.5039807938392032, 0.21263325673091987, 0.1465743529298036, 0.13681159640009782], [0.4895157986211858, 0.2188143355002183, 0.14296250160116905, 0.14870736417741562], [0.5196884722949794, 0.23613437583528615, 0.12016345856280308, 0.1240136932069496], [0.529121219752349, 0.2256976645121449, 0.12576684592010354, 0.11941426971539634], [0.5070365956107934, 0.23442894131198758, 0.11814811403154721, 0.14038634894567856], [0.528028747674171, 0.220630079437542, 0.12438233579282486, 0.1269588369954748], [0.48531573432926994, 0.25799752148483035, 0.12816266252068884, 0.12852408156520093], [0.4867694736539165, 0.25751032795487594, 0.12572863902813253, 0.12999155926307374], [0.52231987360041, 0.23924923728335362, 0.12331118040406576, 0.11511970861214436], [0.5247312165895506, 0.24656232008495577, 0.12409992210563348, 0.10460654111984159], [0.49140714857854845, 0.2660636222996798, 0.11167696766626449, 0.13085226135550784], [0.49239379094993907, 0.2694785324350408, 0.11356473438425338, 0.1245629421307601], [0.4727978626395922, 0.23659329211504074, 0.14451485046750265, 0.1460939946778695], [0.4677707187853406, 0.24667271376039865, 0.1405250405643515, 0.14503152678989562], [0.5013096993327847, 0.21811033285794867, 0.14334666451952705, 0.13723330318971408], [0.5182788477967264, 0.21305161369369147, 0.14685758047347627, 0.12181195793610665], [0.4781714973428239, 0.2831610652060238, 0.1138733524370882, 0.12479408491407694], [0.4819314569209985, 0.28296324341317325, 0.11926585596763871, 0.11583944359817969]], "ideal": "D", "sampled": "C", "correct": false}}
{"type": "result", "data": {"idx": 13, "options": ["Demand is downward-sloping.", "The demand curve lies above the marginal revenue curve.", "Price is determined by the equilibrium in the entire market.", "Average revenue differs from price."], "probs": [[0.47952631894762693, 0.1991703262765241, 0.16771549097284422, 0.15358786370300465], [0.4649094477853806, 0.19504506774038963, 0.16261087225223309, 0.1774346121219938], [0.48105478562686316, 0.20799628204258555, 0.16333072942604093, 0.14761820280449653], [0.4461144312094678, 0.1999279658528537, 0.15086237677013226, 0.20309522606753533], [0.4433246916657185, 0.18729168790629955, 0.18552327037731625, 0.1838603499506687], [0.43522427727189, 0.19117193946638697, 0.17437627572461822, 0.19922750743711812], [0.48906048809099484, 0.22886158963542633, 0.1529239736124984, 0.12915394856107493], [0.4867882544399499, 0.2145476524687096, 0.14472369306662836, 0.1539403999247246], [0.47752332510713275, 0.23799710074447072, 0.13945993612476024, 0.14501963792364236], [0.47333398732198595, 0.21255541671390493, 0.1330751440722905, 0.18103545179182254], [0.4717104237597058, 0.20943164295598393, 0.15365873923489967, 0.16519919394940613], [0.4662038825620793, 0.19725898303936643, 0.13720472960470706, 0.19933240469385805], [0.46629852585250603, 0.23567684815168466, 0.15130332821248804, 0.1467212976833216], [0.4491436584774035, 0.22172254250228826, 0.14016488316165357, 0.1889689157586691], [0.4660660320804598, 0.21893118236693154, 0.14775559601861793, 0.16724718943398498], [0.45893645510821157, 0.19703751757296328, 0.14369814736420025, 0.20032787985462286], [0.43899519130768055, 0.2028302493970535, 0.15657568242564368, 0.20159887676960772], [0.4406147382486868, 0.18665650962543848, 0.14296128468215796, 0.22976746734371292], [0.430920256092742, 0.21163157420134837, 0.1762539173845145, 0.1811942522213866], [0.42765085743063475, 0.2182932822083234, 0.16985340451848824, 0.18420245574256808], [0.4248050801458249, 0.20759739312458056, 0.17002732291178455, 0.19757020371780504], [0.43811339200813243, 0.19090881132369245, 0.15210668708305952, 0.21887110948512764], [0.4238002770260634, 0.22345053803904114, 0.16107354066277815, 0.19167564417211655], [0.43298952110089933, 0.19677108251968564, 0.1453853187166816, 0.22485407756274478]], "ideal": "C", "sampled": "A", "correct": false}}
{"type": "result", "data": {"idx": 14, "options": ["money.", "plant and equipment.", "where the central government is located.", "the center of the economy."], "probs": [[0.5192357804118032, 0.11597089753497877, 0.16436742310707797, 0.2004258988461429], [0.5149226869704626, 0.14341675755114267, 0.19005843314803456, 0.15160212223034727], [0.5098976664008297, 0.09446154422856011, 0.1769229370782133, 0.21871785219240722], [0.5127243876559041, 0.10476180260491222, 0.20461590757201495, 0.1778979020672009], [0.5218212214029869, 0.13133976416536006, 0.18239042527913316, 0.16444858905249787], [0.5134211953254664, 0.11745116621680285, 0.19151421944521094, 0.17761341891251434], [0.5582577431754893, 0.118034390537022, 0.14577366992672014, 0.17793419626078044], [0.562190624430109, 0.1466841190854366, 0.1553106053416171, 0.13581465104284532], [0.5535324236624891, 0.10408140672238873, 0.15755836074491775, 0.18482780877019078], [0.5719328327014587, 0.1074094768174915, 0.16543638769252852, 0.15522130268853018], [0.5622479647078372, 0.14938957225292415, 0.14911175831545406, 0.1392507046237857], [0.5706593745643536, 0.12076682846333518, 0.16025492745619674, 0.1483188694160936], [0.5075524356631088, 0.09393184697477008, 0.1541031176935712, 0.2444125995685413], [0.5149008182349725, 0.09815205232913846, 0.18319564079450815, 0.20375148854137023], [0.5364430363536412, 0.10664663231248978, 0.15204833852195557, 0.20486199271189343], [0.5651019290484787, 0.10740981487948197, 0.1633517972488357, 0.16413645872320795], [0.5440770467700545, 0.11033984745576446, 0.16764599765830274, 0.1779371080158938], [0.5773084097892098, 0.09959461209417601, 0.14833246693185168, 0.17476451108477015], [0.5358723209808897, 0.12740155803495223, 0.17170545094432246, 0.16502066993983294], [0.5275691367817357, 0.10785777741517226, 0.17854048353107616, 0.18603260217201037], [0.5553405167661056, 0.14094438144970892, 0.16362974945152856, 0.14008535223266996], [0.5657767191878422, 0.11954549466759704, 0.17075911000489372, 0.14391867603964373], [0.5505315716077028, 0.10187162843310886, 0.18257361978534056, 0.16502318007383943], [0.589633038287562, 0.09087907225467787, 0.15873762094431995, 0.16075026841342357]], "ideal": "B", "sampled": "D", "correct": false}}
{"type": "result", "data": {"idx": 15, "options": ["Ray pulls weeds, since he has absolute advantage in cooking.", "Dorothy pulls weeds, since she has absolute advantage in cooking.", "Dorothy cooks, since she has comparative advantage in cooking.", "Ray cooks, since he has comparative advantage in cooking."], "probs": [[0.47361776090181745, 0.24077235614866588, 0.08830366338961229, 0.1973062194598952], [0.47456837257588075, 0.25040682446926166, 0.1041180414428875, 0.17090676141196448], [0.47501903534745743, 0.2434341968131149, 0.10905780828575541, 0.17248895945367665], [0.5213276696204259, 0.25341126348701226, 0.10085617801084609, 0.1244048887817027], [0.4593437919827459, 0.2633093172481724, 0.09951335163584422, 0.17783353903325086], [0.5287396700239542, 0.2519781008119682, 0.08484858348839086, 0.1344336455756566], [0.49429603490782437, 0.24683689533898998, 0.09421248495152024, 0.16465458470166996], [0.5051581187928883, 0.24091426040072772, 0.09888265298016445, 0.1550449677262058], [0.46017640554520156, 0.24883710890917865, 0.10492033825560933, 0.1860661471899998], [0.5320492024677903, 0.24325651889957586, 0.09308994601708906, 0.131604332515533], [0.5118552467786589, 0.24269321503738847, 0.11108023462126221, 0.1343713034627078], [0.533962202916805, 0.25069632002894726, 0.09278330604824096, 0.12255817090600415], [0.4968660018443094, 0.24801643008232208, 0.11801401818115952, 0.13710354979219616], [0.5409048163178644, 0.2612463548429612, 0.09157644332079193, 0.1062723854183618], [0.48410998007278055, 0.23515811930522773, 0.10858462892595529, 0.1721472715960301], [0.5388799971229069, 0.25608261955483497, 0.09889839803337468, 0.10613898518887196], [0.5422799489681102, 0.2551112358968695, 0.0926207536992785, 0.10998806133575309], [0.5159483777136279, 0.2521852918892913, 0.09291956954074664, 0.13894676075632434], [0.4904172833204256, 0.26114539624739164, 0.10587808335191608, 0.14255923698027176], [0.5138582594436272, 0.2870373835521226, 0.090372915626111, 0.10873144127815253], [0.4768140269414162, 0.2506814038660432, 0.12710307670677376, 0.1454014923857575], [0.5086940969640378, 0.2548989316072368, 0.10122911454360295, 0.13517785678508934], [0.514444346511788, 0.2612054353295838, 0.10507777403083048, 0.11927244402780059], [0.5061046097385588, 0.25044408104362237, 0.08997543755777025, 0.15347587156005604]], "ideal": "D", "sampled": "D", "correct": true}}
{"type": "result", "data": {"idx": 16, "options": ["The price of apple peelers/corers rises.", "Your aunt\u2019s friends gossip all day, slowing their dough-making process.", "There is a sale on ovens.", "A new study reveals that apples increase your risk of cancer."], "probs": [[0.5773329244611658, 0.18286105091773497, 0.07489100532792062, 0.16491501919317714], [0.5884631075318935, 0.15950265598389265, 0.07579107603796048, 0.17624316034627296], [0.5744679239737203, 0.16137924414046564, 0.11045821704453364, 0.1536946147412706], [0.5877525104020234, 0.15505939045083536, 0.10480295635204906, 0.15238514269506892], [0.6007046301687858, 0.14168071299052695, 0.08269860849691388, 0.17491604824378745], [0.6066572428061792, 0.15783742209318577, 0.0804652520793939, 0.15504008292124638], [0.5514824802755185, 0.17517433886341752, 0.0930362747221729, 0.1803069060388793], [0.5673930638153865, 0.16827501105608134, 0.08750594461975975, 0.17682598040880065], [0.5358532698451703, 0.16344927567426717, 0.06493413824089232, 0.23576331613965867], [0.5548147036869716, 0.17345325015262922, 0.07262748890995839, 0.1991045571504525], [0.5562652622586169, 0.1556033425765296, 0.07842077577513704, 0.20971061928972742], [0.5677419215797751, 0.16962167965876068, 0.08751378794205739, 0.17512261071938048], [0.5284784856895973, 0.14450360732617298, 0.16406606547152575, 0.1629518414127062], [0.5406686353492268, 0.14707380376920196, 0.15516155657771685, 0.15709600420386477], [0.5626206450099805, 0.15841100984698744, 0.08635963666093271, 0.19260870838210728], [0.5661841838179978, 0.16763212103141262, 0.09586318821568843, 0.17032050683489303], [0.5607404220995654, 0.15075270497377732, 0.10794803254252819, 0.18055884028413305], [0.5608255469907916, 0.14760913098822115, 0.12746079594454365, 0.16410452597643682], [0.5748779863470358, 0.16417398690971752, 0.09480928247029792, 0.16613874417295738], [0.5823569048998682, 0.1760830605357326, 0.09870522496685628, 0.14285480949753218], [0.5725531528096325, 0.1573621143131874, 0.07594273329078396, 0.19414199948638], [0.5895689349694103, 0.17923788013517508, 0.08175759816651534, 0.14943558662890571], [0.5735116124637235, 0.16421220135815937, 0.07619473562882698, 0.18608145044928384], [0.5792897034378962, 0.16688445626517218, 0.09121513016104868, 0.16261071003589472]], "ideal": "C", "sampled": "D", "correct": false}}
