{"type": "result", "data": {"idx": 0, "options": ["It demonstrates the difference between the internal and the external aspect of a rule.", "It refutes the natural lawyer' view of the role of morality in law.", "It explains the nature of power-conferring rules.", "It illuminates the concept of a rule."], "probs": [[0.5748739276740726, 0.21278154588109158, 0.11938262704290893, 0.0929618993019272], [0.5446817023081804, 0.2453147972425064, 0.1275919550489704, 0.08241154530033179], [0.6120765427996768, 0.2078058781639103, 0.1000295017312782, 0.08008807720512309], [0.5897250383636207, 0.2404879461878772, 0.10837427967710574, 0.06141273567137713], [0.5410937887088133, 0.24536582174487157, 0.13658727802523868, 0.07695311142109719], [0.5623620333492854, 0.2410918619707797, 0.12725298240266447, 0.0692931221772512], [0.5680117722424995, 0.22693218033514093, 0.10941362549926771, 0.09564242182309464], [0.5362968990015569, 0.26187349633139406, 0.11748108753951272, 0.08434851702753608], [0.5568797524524715, 0.22599445173941132, 0.1240324190569133, 0.0930933766511889], [0.5285466915043338, 0.25506344912158324, 0.13038341314786248, 0.08600644612620925], [0.5181864219109377, 0.2599027492872931, 0.14453015694229443, 0.07738067175948367], [0.5226814618362681, 0.2550629471070545, 0.13698150146828258, 0.08527408948838466], [0.6113728880902132, 0.21676044713080436, 0.09974726225613847, 0.0721194024228667], [0.5936252917882562, 0.24853769162999856, 0.10330028964940911, 0.05453672683231799], [0.5783116155322082, 0.2292635717138167, 0.11387738819428132, 0.07854742445968826], [0.5500436834153261, 0.25408614511339545, 0.12213899497229276, 0.07373117639897385], [0.5613633141199743, 0.25193939811247906, 0.13274598267691307, 0.05395130499061761], [0.5358117599961529, 0.2503882922578124, 0.14050607634741624, 0.07329387129861899], [0.5254940732136882, 0.2665075476941385, 0.1343990130915271, 0.07359936590066214], [0.5533751397164636, 0.261163283879621, 0.12312289529104171, 0.062338681012890446], [0.5143358710052695, 0.2665309897248004, 0.1435732290117842, 0.07555991015814531], [0.5168803491789379, 0.2592475763825797, 0.14151858188233846, 0.08235349245612208], [0.5476109755579036, 0.2621834163942867, 0.13665467444436089, 0.053550933503450825], [0.5258701193278162, 0.25861736015894615, 0.1419344282724068, 0.07357809214086672]], "ideal": "D", "sampled": "A", "correct": false}}
{"type": "result", "data": {"idx": 1, "options": ["It is misinterpreted as a prediction.", "His concept of status is misrepresented.", "It is taken literally.", "His idea is considered inapplicable to Western legal systems."], "probs": [[0.44736351995895024, 0.22931198464020444, 0.20837051920457236, 0.11495397609628615], [0.45589077205891304, 0.252388473753713, 0.19930855066882602, 0.09241220341856866], [0.4427881181330706, 0.22860624487566758, 0.21290524621370852, 0.11570039067755213], [0.43374128940678663, 0.23737959335687894, 0.2321854052642985, 0.09669371187203589], [0.44085892865368637, 0.24633576831136592, 0.2121868393291055, 0.10061846360583834], [0.43916996619357324, 0.23180745343221285, 0.22540582304686083, 0.10361675722734234], [0.4657551032909101, 0.23668743091515507, 0.184594107265753, 0.11296335842818468], [0.46531001465388094, 0.2619966454992569, 0.17628027182618408, 0.09641306792067318], [0.45937954609522524, 0.23593824841625613, 0.18665598482112022, 0.11802622056740698], [0.46454780429500225, 0.24792292579933012, 0.190331037822165, 0.0971982319835018], [0.46434548204122805, 0.25737148497926815, 0.1835134263867291, 0.09476960649276885], [0.4647712387333689, 0.24365189243236168, 0.1821573823513745, 0.1094194863828993], [0.4437301135274851, 0.2434997860439195, 0.19945553641946337, 0.11331456390914095], [0.43307795814059274, 0.25074478703184494, 0.21989124363096163, 0.096286011096587], [0.447873057399494, 0.24985149581287808, 0.19189115720236455, 0.11038428948527393], [0.4642436181282257, 0.2563251763980922, 0.1962922097660537, 0.08313899560763777], [0.4371970350918415, 0.2462096178485407, 0.22575024829230084, 0.09084309866731019], [0.44151011355181385, 0.25312805172704655, 0.21557402830168698, 0.089787806319465], [0.46389483746059174, 0.2370790718611033, 0.19314193370719723, 0.10588415687108697], [0.4664961033876031, 0.21968155686138113, 0.20679781566838243, 0.1070245239826272], [0.46596057670932256, 0.2404463991790513, 0.1861437379167435, 0.10744928609489261], [0.4684926035078495, 0.227533316022895, 0.18324907076876884, 0.12072500960047315], [0.4656845843812695, 0.21732054548239071, 0.21273909756961215, 0.10425577246673816], [0.4679087674001757, 0.2241748694833345, 0.20298276314037375, 0.10493359987612154]], "ideal": "A", "sampled": "D", "correct": false}}
{"type": "result", "data": {"idx": 2, "options": ["Depression of the 1930", "The rise of Fascism", "The international recognition of human rights after World War II", "The Bolshevik Revolution"], "probs": [[0.5464378510381978, 0.2299953144680989, 0.1347716133117734, 0.0887952210819429], [0.5430784764394493, 0.2161090095488947, 0.12043197530692296, 0.12038053860473713], [0.5835566589995398, 0.22243212364821238, 0.12206776406595699, 0.07194345318630332], [0.5846392843297699, 0.2238206115949231, 0.11524759884284642, 0.0762925051324562], [0.5333183487893074, 0.2233027664996951, 0.12720950456508873, 0.11616938004590953], [0.5588257772611649, 0.2283545288831564, 0.1263794589836767, 0.08644023477198155], [0.531506060335199, 0.25148508650987617, 0.12230570492952952, 0.0947031481253718], [0.5117657578428046, 0.2380858080102825, 0.11261073109127934, 0.13753770295565118], [0.5400142356357633, 0.24511116676873806, 0.13720082481013263, 0.07767377268539305], [0.5450635503498235, 0.2389909561890666, 0.11728683288425874, 0.09865866047685412], [0.5054020783980792, 0.23831099111525794, 0.14384768053880284, 0.11243924984787783], [0.5290010280893913, 0.2353416999210511, 0.14058915985634446, 0.09506811203320517], [0.6056451174368138, 0.20562213248043001, 0.11255924402556443, 0.07617350595718544], [0.6129768695222335, 0.20452574975531262, 0.10290438468720228, 0.07959299593524465], [0.5866060818951014, 0.21281658050752988, 0.12355506907029888, 0.07702226842706035], [0.6031811764686126, 0.20013253310790502, 0.10731762150717458, 0.08936866881631063], [0.5929347240090769, 0.21280198940675218, 0.10906398513872156, 0.08519930134544139], [0.5947914562812036, 0.20338176778835124, 0.10582300743397592, 0.09600376839648292], [0.5136494476665051, 0.23206694835189226, 0.11662993364965314, 0.13765367023198016], [0.5525060980746244, 0.24330624607630388, 0.11106701398738912, 0.09312064176166093], [0.512905623836871, 0.23569275597732303, 0.14057645806193286, 0.11082516202385492], [0.5368757217611526, 0.2342526618234667, 0.13190238617584635, 0.09696923013951327], [0.5651428647167901, 0.24593779602812066, 0.11091009629717402, 0.07800924285790127], [0.5611370487577896, 0.23749125672947236, 0.10760940202506358, 0.09376229238768313]], "ideal": "C", "sampled": "C", "correct": true}}
{"type": "result", "data": {"idx": 3, "options": ["There is no distinction between the two forms of legal reasoning.", "Judges are appointed to interpret the law, not to make it.", "It is misleading to pigeon-hole judges in this way.", "Judicial reasoning is always formal."], "probs": [[0.3988128876207214, 0.2553022225172094, 0.17803550130442333, 0.16784938845765365], [0.3848370295644571, 0.2567351193443732, 0.17105333879368811, 0.1873745121975072], [0.39832402437089665, 0.26946347966131917, 0.1879347446661702, 0.14427775120162176], [0.38465174118686934, 0.26604205610776477, 0.18255476346650168, 0.1667514391388703], [0.37678095304246795, 0.25037410321173065, 0.19145921951021583, 0.18138572413561088], [0.3745985170009658, 0.2533075449520283, 0.19315461938729533, 0.17893931855972517], [0.41646304206310636, 0.2929675742929452, 0.14835400753769654, 0.14221537600624207], [0.4085416412740069, 0.2958240512126911, 0.14282451998575374, 0.15280978742756796], [0.43108677164790565, 0.3083435179971473, 0.1550719302348714, 0.10549778002007319], [0.4453775284771389, 0.30623594451190944, 0.14499016858033906, 0.10339635833058917], [0.4035189307845649, 0.2971153851588486, 0.1548297373105644, 0.14453594664601213], [0.4388545823952022, 0.2933981622627849, 0.15578832683823715, 0.11195892840378341], [0.41079440302968634, 0.29755457835079197, 0.16239322299818573, 0.12925779552133976], [0.39487776763402305, 0.2953161661856253, 0.1579718705086866, 0.15183419557167854], [0.4102319374466344, 0.30849669102039456, 0.1635819456593426, 0.11768942577364838], [0.4218056342069097, 0.3127179784090911, 0.1572824304257774, 0.10819395685822329], [0.396350634774188, 0.303133395473119, 0.1748249968431219, 0.12569097280957992], [0.4105776615184759, 0.3088006012733558, 0.18183933647287048, 0.09878240063529573], [0.3983313297528887, 0.24906431571481935, 0.1858529569868452, 0.16675139744545517], [0.39932539985566, 0.25114154976455244, 0.17838754741833346, 0.17114550286145136], [0.3952091360608965, 0.26485382870906404, 0.17744183654883064, 0.16249519858120362], [0.4240301279541313, 0.2665615253572546, 0.18392996677912687, 0.12547837980948093], [0.40728313496096635, 0.2708631396643672, 0.1898285793436252, 0.13202514593106518], [0.4156731969649205, 0.27849529410087814, 0.19807750461978924, 0.10775400421441915]], "ideal": "C", "sampled": "B", "correct": false}}
{"type": "result", "data": {"idx": 4, "options": ["The POP will choose wealth over a compassionate society.", "The POP will choose equality over power.", "The POP will be unselfish.", "The POP will choose to protect the disabled."], "probs": [[0.43521086895361827, 0.3041323094049732, 0.1852794165427537, 0.07537740499865156], [0.45811633522948325, 0.302388015621755, 0.1681579397639303, 0.07133770928484182], [0.43567405281624977, 0.27089026400019844, 0.1836730071227278, 0.10976267596082255], [0.4605651874687366, 0.26943199349361313, 0.16890735616972555, 0.10109546276793663], [0.46821334613387455, 0.28045018956778983, 0.1727124463648475, 0.07862401783347737], [0.45725014067753667, 0.27975767281008607, 0.1764116273513232, 0.08658055906104585], [0.4479300332529789, 0.30487465671173963, 0.1784116570297173, 0.06878365290555266], [0.47675416885789706, 0.2963272236340601, 0.1609451677088148, 0.06597343969921639], [0.47131765272249365, 0.29995753780329426, 0.15933671757513357, 0.06938809179907897], [0.47165335507062656, 0.3048994007158127, 0.15765119306954334, 0.06579605104399847], [0.48945301657940754, 0.29926586187504256, 0.14799337930593676, 0.06328774213960181], [0.4598945571548736, 0.3183196297195988, 0.16216311591548288, 0.05962269711003476], [0.41851900099682066, 0.27035837488360065, 0.2065026030850567, 0.10462002093453371], [0.4621173310317509, 0.2584808399564041, 0.18653502310627465, 0.09286680580555955], [0.4500961238137331, 0.2831084283519618, 0.18427264410655966, 0.08252280362773981], [0.44491402885023307, 0.2945553659440454, 0.1843703116698822, 0.07616029343584657], [0.48448233561858206, 0.2574457539473646, 0.1659579048233691, 0.09211400551069224], [0.44512454069382884, 0.291114057773052, 0.17789274506330857, 0.08586865636982513], [0.48005315966064016, 0.2515431161305042, 0.1842490851257341, 0.08415463898313146], [0.477311274415741, 0.2584969706871517, 0.18421253291835984, 0.07997922187872473], [0.4977037058968011, 0.2904272563364593, 0.15237746242426767, 0.0594915752424734], [0.46557321805487994, 0.30564473999479497, 0.17110914424638807, 0.057672897603915446], [0.48940240942416435, 0.2655243459892732, 0.15570275820459006, 0.0893704862819757], [0.4577261914949514, 0.29120784521216336, 0.16425479148257333, 0.08681117171029569]], "ideal": "A", "sampled": "B", "correct": false}}
{"type": "result", "data": {"idx": 5, "options": ["Law and Economics", "Critical Legal Studies", "Historical", "Natural Law"], "probs": [[0.301810529001065, 0.3491964803658326, 0.269135688531361, 0.07985730200174163], [0.30890276135232625, 0.33602944556544784, 0.2845445294544571, 0.07052326352776901], [0.35067127832599826, 0.3245570342182187, 0.2249423011425919, 0.0998293862131833], [0.33508203821014276, 0.3118947226035671, 0.2603889751862594, 0.0926342639000123], [0.3123208114974841, 0.30819099780264664, 0.29944105711080776, 0.08004713348906035], [0.3071459477321904, 0.31643679431935307, 0.2903448859228317, 0.08607237192563476], [0.2676741909292957, 0.32092503210073475, 0.30509063959767446, 0.10631013727227664], [0.27860603732285305, 0.3081657254715259, 0.319694526553019, 0.09353371055260766], [0.29445325204995726, 0.2944591522813352, 0.2625034991387505, 0.1485840964299677], [0.2741881238952213, 0.28444957071916027, 0.2859421068760466, 0.15542019840958143], [0.25000817948829296, 0.2654012785520724, 0.3623783628537002, 0.12221217900594938], [0.2413764224811637, 0.2827739576585091, 0.3379953483822807, 0.13785427137804315], [0.28029272642060904, 0.3301068222347284, 0.2886314609124879, 0.1009689903321841], [0.2568376997191104, 0.3361892481579145, 0.3086363027101807, 0.09833674931281036], [0.24061957454141358, 0.3215614403970597, 0.31060290450036654, 0.12721608046116853], [0.22431585959630657, 0.33263150411278525, 0.3155614833886925, 0.1274911528021981], [0.19387357821918438, 0.2644429169689382, 0.41977381749429865, 0.12190968721758004], [0.19410785868616148, 0.2700459165319184, 0.4075326901544044, 0.12831353452752062], [0.247946910401183, 0.3206030942294475, 0.3257728516427335, 0.10567714362664503], [0.2344444668752448, 0.3404446930365479, 0.3153275101800289, 0.10978332980816427], [0.20010626238064716, 0.3079239755038219, 0.36095068963239607, 0.1310190723831356], [0.18924418415619432, 0.3333221867344651, 0.33628246418947133, 0.1411511648198648], [0.21573796419627933, 0.27349467370798014, 0.36339071269478307, 0.14737664930095362], [0.20265234255493245, 0.2822542086491248, 0.3479547175329081, 0.1671387311630398]], "ideal": "A", "sampled": "A", "correct": true}}
{"type": "result", "data": {"idx": 6, "options": ["All commands include some sanction.", "The concept of a command contains the likelihood that a sanction will follow failure to obey the command.", "Without a sanction the mere expression of a wish is not a command.", "A command confers power to change one's legal status."], "probs": [[0.4065069349310076, 0.27791507598615317, 0.21430875720579987, 0.1012692317770329], [0.41953849445074215, 0.27576772663681137, 0.21850785396340675, 0.08618592484901962], [0.3888915612034334, 0.27275696210412426, 0.2542651505644704, 0.08408632602796902], [0.3876995173180597, 0.26397385284287367, 0.2427855538135638, 0.10554107592548921], [0.39252358167424756, 0.26196989006914345, 0.2647357288135785, 0.08077079934304113], [0.372533469808588, 0.25393592127549186, 0.259873452495101, 0.11365715632081189], [0.42112995116521307, 0.27888425790908805, 0.20366710356954107, 0.09631868725616202], [0.42854781430396366, 0.2672008868802934, 0.2154407206488226, 0.08881057806691066], [0.4284636004557124, 0.28575985547772076, 0.17680166539814537, 0.10897487856842629], [0.4314112257452344, 0.27719549010582883, 0.1760652815808144, 0.1153280024681184], [0.4419193002391271, 0.2828294964781898, 0.17862486445112905, 0.09662633873156135], [0.4242826280807044, 0.2781344129021722, 0.18104581215224827, 0.11653714676488049], [0.40581932509567264, 0.2628095779895461, 0.24567331144502338, 0.08569778536974719], [0.4092229189604806, 0.2620622809056208, 0.22022628100518143, 0.10848851902870756], [0.42844707784290176, 0.2798997886099032, 0.17986816714128073, 0.11178496630592928], [0.43526257089695214, 0.2815622232843298, 0.17653718463903736, 0.10663802107969048], [0.3991659501085363, 0.26767459608166055, 0.21569310186595095, 0.11746635184385622], [0.4069421551818275, 0.2683698636465237, 0.23228857400858188, 0.09239940706307816], [0.41063900933816444, 0.25956110451175346, 0.2576944736203789, 0.07210541242971316], [0.39776934138343434, 0.26376099106318174, 0.24061738071975355, 0.09785228673360942], [0.44856670650108205, 0.284818109007392, 0.177799961167879, 0.08881522322364742], [0.43796323100735374, 0.2825310838860702, 0.1776318353650655, 0.1018738496415189], [0.41500295770298695, 0.2761919507356832, 0.2139592904965778, 0.09484580096476673], [0.422536535679092, 0.2810409939811752, 0.2167411993834352, 0.07968127085631874]], "ideal": "D", "sampled": "B", "correct": false}}
{"type": "result", "data": {"idx": 7, "options": ["By denying its existence.", "By explaining the difference between the common law and civil law.", "By distinguishing certain features of the English legal system that facilitated the development of capitalism.", "By recognizing the importance of legitimate domination."], "probs": [[0.3558153275303713, 0.24987613059604522, 0.3058826151941598, 0.08842592657941481], [0.35267498397655866, 0.2513751494242985, 0.2788114912331082, 0.11713837526602086], [0.389515924644904, 0.3075279006596033, 0.22136805817064115, 0.08158811642484655], [0.39518308559303134, 0.30243787685566, 0.20832332554653082, 0.09405571190476152], [0.35440257290437793, 0.2462578910737407, 0.29764544621060557, 0.10169408971125642], [0.3704478598354081, 0.2537680282877649, 0.29341005128870545, 0.08237406048811984], [0.35757485712862225, 0.2882606695830393, 0.27562047653668403, 0.07854399665163211], [0.3666018013707216, 0.26090284497812744, 0.26024066016055114, 0.11225469339058525], [0.42608679634628643, 0.3451131514178629, 0.1655377326491595, 0.06326231948670503], [0.47504959650362194, 0.322487028562067, 0.14431630675931112, 0.05814706807498888], [0.39568361274165276, 0.2992767867728498, 0.21238115476510153, 0.09265844562037939], [0.45181751589873287, 0.30559806257011624, 0.18633532151583454, 0.056249099915310886], [0.40273738436732426, 0.3095217359090375, 0.2189660739583092, 0.06877480566531971], [0.41524739935956684, 0.28684150968153943, 0.21410272092247692, 0.08380836993639428], [0.4271591223371848, 0.32027742476145177, 0.18745248420187183, 0.0651109685994844], [0.48692278465717903, 0.2980027627294289, 0.16029617711810454, 0.05477827539529743], [0.4417373843077713, 0.31582931059644387, 0.17360982144675852, 0.06882348354903647], [0.486234148147257, 0.30340538302511144, 0.15921096948825994, 0.051149499239372405], [0.3628488221725727, 0.2652340017527723, 0.2762979369418482, 0.09561923903281487], [0.3797794894658327, 0.26748073769006414, 0.27487381083237816, 0.07786596191170951], [0.38907408839787594, 0.2838643577945031, 0.22909697090284065, 0.09796458280476354], [0.44659820146356805, 0.29502803152527945, 0.20094656707100275, 0.05742719984016001], [0.4332482271742059, 0.3185509614995549, 0.1757065662233618, 0.0724942450028719], [0.4740410978394733, 0.310738832162716, 0.15958092034909876, 0.055639149548705844]], "ideal": "C", "sampled": "C", "correct": true}}
{"type": "result", "data": {"idx": 8, "options": ["It is a sin for humans not to apply reason.", "The principles of natural law are discoverable by reason.", "Natural law does not apply without good reason.", "The law of nature is the basis of all positive law."], "probs": [[0.481694599963441, 0.2868984265159964, 0.1295948575065364, 0.1018121159140247], [0.4929942218670895, 0.2945188652850469, 0.1271637410894105, 0.0853231716584395], [0.4923670672754815, 0.2812356296691588, 0.12405571689182787, 0.10234158606354479], [0.5116248981382906, 0.2764762981583659, 0.11941206171238086, 0.092486741890935], [0.5031065927608004, 0.290773535234035, 0.11611613590981894, 0.09000373599536202], [0.5070473472184316, 0.2797923755126741, 0.11093258760021897, 0.1022276895686822], [0.476570565301985, 0.292024517322393, 0.12323788686815589, 0.10816703040746493], [0.4848229114200406, 0.3007948536696283, 0.11875692501696092, 0.09562530979337971], [0.47501193127196817, 0.2904917515077228, 0.13186098545420627, 0.10263533166611558], [0.4738751952163117, 0.30351894269420393, 0.13143273486119186, 0.09117312712829306], [0.4821857210630338, 0.30499111655254696, 0.11510605263286765, 0.09771710965155225], [0.478580429895827, 0.30404513320778487, 0.12142290830142831, 0.09595152849494791], [0.47094960866629687, 0.28272527126985214, 0.13530315635197107, 0.11102196361187383], [0.48849398141287675, 0.2822281882688569, 0.12992980973353727, 0.0993480204847327], [0.4693672937440053, 0.286562695513145, 0.1396730690014879, 0.10439694164138012], [0.4661715125362196, 0.29845652861728317, 0.14430375066447537, 0.0910682080819981], [0.4880148938275615, 0.2912724375675993, 0.11867584688065706, 0.10203682162418297], [0.48024665125896404, 0.30230044638269293, 0.12530462441335874, 0.09214827784497939], [0.4933242597497439, 0.2905071693363694, 0.11688816232169967, 0.09928040849220322], [0.49631178380676017, 0.2841844759250591, 0.11428531919022504, 0.10521842097795812], [0.48796974866168574, 0.29955809037229614, 0.11813355025354257, 0.09433861061248885], [0.47794917094688316, 0.2993072412427705, 0.1278608389401803, 0.09488274877018181], [0.48873319899302536, 0.2819676645257487, 0.12409315282322296, 0.10520598355800138], [0.4814767920538514, 0.2920364321573588, 0.12761732945397822, 0.09886944623480132]], "ideal": "B", "sampled": "D", "correct": false}}
{"type": "result", "data": {"idx": 9, "options": ["Women can achieve equality through political pressure.", "Equality is impossible because men define women as different.", "The idea of 'woman' needs to be redefined.", "The world is phallocentric and oppressive."], "probs": [[0.5438066745682194, 0.23968605775506424, 0.0995978190487959, 0.11690944852790153], [0.5418070901811095, 0.2301405040175708, 0.10118412996580485, 0.12686827573550777], [0.49584984361207, 0.2141076166705335, 0.1773711016944281, 0.11267143792296182], [0.48241734366770184, 0.18990427601396406, 0.17553340131875608, 0.15214497889956918], [0.5119183835559185, 0.22067304245841968, 0.1443616292856838, 0.12304694459998394], [0.5127917133102348, 0.20424538739585257, 0.13661783705412922, 0.1463450621398056], [0.5417604956995933, 0.21165219265566407, 0.12591339925195547, 0.1206739122927803], [0.5329218523428347, 0.20626452486944558, 0.12761984433668094, 0.133193778351044], [0.5264341062572722, 0.2107397979038366, 0.13553177592573748, 0.12729431981318157], [0.5382005396388689, 0.2051274380125682, 0.13443687453661593, 0.12223514771196307], [0.5465427466653389, 0.2111305062766972, 0.10866019254380743, 0.13366655441417102], [0.5519320623184756, 0.21026824565196287, 0.10535524601493954, 0.13244444591462662], [0.4664806776290847, 0.241196982653372, 0.17319076453737925, 0.11913157508016903], [0.4545719215557809, 0.2151919469356376, 0.1729613750106297, 0.157274756397942], [0.4997829554534503, 0.25519163160663, 0.12764171645213096, 0.11738369638777767], [0.5113012839375903, 0.24469390496208862, 0.12807315406870112, 0.1159316569316452], [0.4674525982061297, 0.2236033373657935, 0.15522895818606963, 0.15371510614201414], [0.4860515022252279, 0.23816001688554825, 0.15365455800870828, 0.12213392278051129], [0.49488879887011344, 0.2271911176246748, 0.15722787946231442, 0.12069220394289065], [0.49849563060926766, 0.20588384304434573, 0.14764706476925965, 0.1479734614771264], [0.5477804328406845, 0.2318952770470805, 0.09160239532037394, 0.12872189469183387], [0.5549917400299731, 0.22767700870545998, 0.09072016248042306, 0.12661108868413062], [0.47771159904209504, 0.19110480871301255, 0.16744819925964805, 0.16373539288524985], [0.5040635162011595, 0.20881204906172418, 0.16952396185537041, 0.11760047278175396]], "ideal": "A", "sampled": "B", "correct": false}}
{"type": "result", "data": {"idx": 10, "options": ["John Rawls", "Stammler", "Jerome Hall", "John Finns"], "probs": [[0.5981954303186288, 0.24698585795193811, 0.1193780108074951, 0.035440700821949035], [0.6123895594870108, 0.2415046596976411, 0.11614332944380835, 0.029962451271544076], [0.6042555859640603, 0.25134174159142775, 0.1123391224474792, 0.03206354989701419], [0.5966866486053773, 0.2546576759138731, 0.11455919330678345, 0.03409648207399125], [0.6161924571007298, 0.23157423966397184, 0.1260147362216795, 0.02621856691364191], [0.5978512962542671, 0.23849485467675124, 0.1321736690942346, 0.03148017987473744], [0.4386066001954894, 0.3382480791944141, 0.14925912491768029, 0.07388619559240316], [0.4475635251513229, 0.34404717760334025, 0.15179376214252005, 0.05659553500282117], [0.3800407819478005, 0.3114139002801352, 0.17150672038955367, 0.137038597282486], [0.33889120530550415, 0.2802952389390726, 0.1508002720466686, 0.23001328360876258], [0.38432512355587356, 0.2966725856852728, 0.19598715466020078, 0.12301513599865431], [0.3494355630494284, 0.27593787584790436, 0.16082479116866444, 0.21380176983399454], [0.42899719706040096, 0.3496584732892449, 0.15314942960146527, 0.0681948999488999], [0.4231571032305652, 0.3538233698811119, 0.1576880503027465, 0.06533147648558722], [0.3867890687237151, 0.303283572308687, 0.16217846529596888, 0.14774889357162604], [0.3355163144752477, 0.2678781133009418, 0.14837309723082748, 0.2482324748929766], [0.37730518282016096, 0.30258144710640755, 0.19163998142283228, 0.12847338855058904], [0.34646364283101266, 0.26418339489550446, 0.1633709023558177, 0.22598205981766986], [0.46154625651686865, 0.31869868517812466, 0.1633036553811124, 0.05645140282388692], [0.4469007666084725, 0.3209018866625129, 0.16478283324726123, 0.06741451338174709], [0.3909907166161288, 0.2911097198037097, 0.19541261288652348, 0.12248695059362096], [0.36046769014379376, 0.26546947119142456, 0.16499888962918208, 0.20906394893558], [0.3831400397668197, 0.3062240376692145, 0.2022587238192822, 0.10837719864468065], [0.36404005360160613, 0.27638950812632834, 0.17668465545099157, 0.18288578272108102]], "ideal": "B", "sampled": "A", "correct": false}}
{"type": "result", "data": {"idx": 11, "options": ["Historical", "Analytical", "Command", "Sociological"], "probs": [[0.16126561934422892, 0.24355289398260885, 0.41169414299968077, 0.18348734357348934], [0.20389257169032998, 0.28765599141164677, 0.371704675103136, 0.1367467616948886], [0.19557026621802853, 0.2524656202784368, 0.37116161306923406, 0.18080250033430792], [0.25659006818799907, 0.2649008528453088, 0.3665071647359937, 0.11200191413071718], [0.2679257952507613, 0.30922113844043203, 0.3063465895283195, 0.11650647668047066], [0.2749276207994511, 0.27885062025349583, 0.3289573071912936, 0.11726445165577008], [0.1517616056383938, 0.19877272621513406, 0.4723060785438997, 0.17715958950256736], [0.19876385764637344, 0.23625289942012517, 0.4312906037921836, 0.13369263904131862], [0.17337181421002246, 0.23686850814346816, 0.36144076602754927, 0.22831891151895561], [0.22950388121192652, 0.26735938294730244, 0.38899165247670686, 0.11414508326407519], [0.2519906799467012, 0.3005994554135712, 0.29649957760330925, 0.1509102869364234], [0.257623368411289, 0.29524694547005004, 0.3380308437519132, 0.10909884226674331], [0.17347325261403787, 0.281518183121279, 0.36970136055310593, 0.17530720361158497], [0.23331662637801998, 0.29205147591767094, 0.36462560167087554, 0.11000629593343501], [0.15113395072895236, 0.308134189474859, 0.31719985916687976, 0.22353200052931502], [0.21132814756234494, 0.34428952620911857, 0.3374940919424854, 0.10688823418605589], [0.2646759653920619, 0.3682204298851825, 0.24910662618358764, 0.11799697843917747], [0.2669704157373253, 0.39424836254445483, 0.2548158411537193, 0.08396538046447316], [0.3154983017653719, 0.28499245773368687, 0.28992115382759215, 0.10958808657334691], [0.3235205505067118, 0.2546809963246447, 0.3121015281373766, 0.10969692493127345], [0.29448181673435175, 0.3064635287439938, 0.2615719237728157, 0.13748273064884087], [0.30691659583948344, 0.2935052149116654, 0.2994034856250249, 0.1001747035238317], [0.3204059146581042, 0.26352091701040536, 0.27649956191625596, 0.13957360631522275], [0.31839332912027585, 0.2837394268003865, 0.2967159701070498, 0.10115127387229368]], "ideal": "D", "sampled": "D", "correct": true}}
{"type": "result", "data": {"idx": 12, "options": ["Conflict.", "Love.", "War.", "Reciprocity."], "probs": [[0.39323867873129353, 0.25846621214630416, 0.2451982392265382, 0.10309686979584899], [0.3716676653519239, 0.24620484483804764, 0.2985301912873786, 0.08359729842265513], [0.38685933762426256, 0.25893943285748383, 0.24604094647637276, 0.10816028294187498], [0.38874451202600374, 0.23935067616977626, 0.2782361652262544, 0.093668646477974], [0.3926441206357804, 0.2708642994048231, 0.26529580995900764, 0.0711957699004041], [0.40954831762261534, 0.26674209385457825, 0.2577566312172799, 0.06595295720552716], [0.3899716924133517, 0.26988328676680623, 0.2367065500720367, 0.10343847064781343], [0.3721394257861316, 0.2632864494624736, 0.28140879556044923, 0.0831653290909553], [0.3794961467329083, 0.2552435512478774, 0.24368067497633378, 0.12157962694288056], [0.37065843446256475, 0.242877713544481, 0.2789416592083818, 0.10752219268458339], [0.37798114625398466, 0.26498088863452873, 0.279680800056471, 0.0773571649550312], [0.39664123633271237, 0.2621148981052698, 0.2697308123370101, 0.07151305312499696], [0.3785823819916387, 0.2665291275875511, 0.2536241110855862, 0.10126437923521005], [0.3843512139265909, 0.24338131736477323, 0.2899573203258179, 0.0823101482828256], [0.37292316242807017, 0.2625858446582542, 0.25310194875602343, 0.11138904405764634], [0.358288398319712, 0.25014204030662773, 0.2990449273970352, 0.0925246338766128], [0.3914835197194489, 0.26332085886030365, 0.2743584314539468, 0.07083718986629757], [0.3750687164505448, 0.26792946074008844, 0.28336414944153065, 0.07363767326784725], [0.4025497416898967, 0.2536009388818729, 0.27342608970372906, 0.0704232296244794], [0.4217743094059227, 0.2481787424221365, 0.2658038482027798, 0.06424309986915486], [0.3941761423782905, 0.2392578730750332, 0.2877893042770229, 0.07877668016964551], [0.41066367588912506, 0.236987063392295, 0.2820825465632549, 0.07026671405534583], [0.41776422211350955, 0.24078980965987218, 0.2628101079310271, 0.07863586019560924], [0.40247716381224913, 0.24292404733924994, 0.2765542209319159, 0.07804456781657997]], "ideal": "D", "sampled": "D", "correct": true}}
{"type": "result", "data": {"idx": 13, "options": ["That there is no distinction between law and morality.", "That there is a distinction between right and wrong.", "That facts about the world or human nature cannot normally ordain what ought to be", "That human rights are fundamentally unsound."], "probs": [[0.47920637041922537, 0.2922150835313863, 0.15424134794637212, 0.07433719800300773], [0.4954207232343638, 0.2817609671165868, 0.15390726551755426, 0.0689110440314749], [0.4803973412191811, 0.3102744205020306, 0.14263008455945553, 0.06669815361933333], [0.48871666735693964, 0.28926330308517373, 0.14371695589759528, 0.0783030735602845], [0.4997383789777134, 0.273161860797001, 0.16476375010586872, 0.062336010019410706], [0.48241895546185287, 0.2746390350010771, 0.16829171871292545, 0.07465029072412371], [0.4898765792452933, 0.27603723443025646, 0.15298402892412172, 0.08110215730033452], [0.5030170860542238, 0.2686736673848121, 0.1499070801570801, 0.07840216630390417], [0.48229246097698675, 0.3089924441572668, 0.12792509449073156, 0.08079000027502242], [0.4922742614764535, 0.2957865226333247, 0.12864996883912286, 0.08328924695111295], [0.4888584266332343, 0.26964615174987927, 0.16065109926045087, 0.08084432225645209], [0.48390456256163494, 0.2745032537528824, 0.15880028293760687, 0.08279190064790164], [0.530016639447435, 0.2809867107244506, 0.11856646962142699, 0.07043018010668223], [0.5437152835542358, 0.26436794145708675, 0.11409536681251908, 0.07782140807614536], [0.5359693837470856, 0.28737123510047036, 0.10292330090153733, 0.0737360801508805], [0.5329429978939051, 0.2816996935576353, 0.10400032569960539, 0.08135698274884495], [0.5132669085027608, 0.26305950366926234, 0.1364726054711162, 0.0872009822568772], [0.5168395990264809, 0.2704734449225006, 0.1319961324049794, 0.08069082354602787], [0.48602085337818923, 0.2594496653484811, 0.18551141809303112, 0.06901806308029618], [0.48548632176396894, 0.2495306809378213, 0.18119115330536276, 0.08379184389284551], [0.48058446178793734, 0.260867248582549, 0.175440346818487, 0.0831079427110352], [0.4778646937145725, 0.2571930276211631, 0.17481494335475398, 0.09012733520951975], [0.4847983863560337, 0.26212080312810776, 0.16446265304049423, 0.08861815737535382], [0.4803678528870836, 0.27749500173717445, 0.16115828634892748, 0.08097885892681268]], "ideal": "C", "sampled": "C", "correct": true}}
{"type": "result", "data": {"idx": 14, "options": ["Individual stories are suspect.", "The law is static.", "Universal values are meaningless.", "Literature reproduces repression."], "probs": [[0.4695128975734306, 0.22353979993705855, 0.17887453848007764, 0.12807276390943845], [0.48422220641064045, 0.22014859223208788, 0.1681511387155836, 0.12747806254168143], [0.4675843464554912, 0.2233087292490048, 0.18450555036444463, 0.12460137383105992], [0.47767682795882505, 0.23214420161174765, 0.18026945076313974, 0.10990951956627308], [0.47836070886862336, 0.22429982304113144, 0.18524666158259534, 0.11209280640764309], [0.4769175927378016, 0.2368919126914902, 0.18770557690206924, 0.09848491756862965], [0.46666302639134394, 0.23554816804031545, 0.17402589953386394, 0.12376290593446648], [0.48223374665117613, 0.23088044114548567, 0.16460287608821836, 0.12228293601512225], [0.4632203047376406, 0.22918316452412008, 0.17401244443869884, 0.1335840861995341], [0.4815375208546095, 0.2197820335858962, 0.16961461772401057, 0.1290658277354758], [0.48156283973590264, 0.2299313993627701, 0.1692610471379468, 0.1192447136633694], [0.4787929243269774, 0.22610400632191277, 0.17520955195483778, 0.11989351729627634], [0.4556486728426885, 0.24713138355510073, 0.17938734179224064, 0.11783260170996408], [0.4670347011523549, 0.25221555530493406, 0.17423079676484698, 0.10651894667787923], [0.4534260382858598, 0.2422318317315717, 0.1826710223503928, 0.12167110753217496], [0.4717413026306517, 0.23136638926193176, 0.17949496949010194, 0.11739733851731263], [0.46807147868101306, 0.2517573660651588, 0.1787675093456929, 0.10140364580813704], [0.46789214617902275, 0.2366453742754555, 0.1883082701917071, 0.10715420925379972], [0.4778090893491108, 0.24502795186840795, 0.16654690134590577, 0.11061605733658396], [0.4773406514269783, 0.2551786985329575, 0.17108150092502727, 0.096399149015044], [0.4858708374451128, 0.24661494493159733, 0.1540903554139561, 0.11342386210934072], [0.4853260664061804, 0.23657452732758802, 0.1615160397646362, 0.11658336640161233], [0.4800911382634889, 0.25471993290657136, 0.16560357908695875, 0.09958534964297268], [0.4821802548453203, 0.23768705130752235, 0.1708061655638314, 0.10932652818333709]], "ideal": "C", "sampled": "D", "correct": false}}
{"type": "result", "data": {"idx": 15, "options": ["Law as medium' describes law as a body of formal, general rules that control the state and the economy; 'law as institution' inhabits the 'lifeworld' and expresses its shared values and norms in institutional form.", "Law as medium' consists of the manner in which law is presented by the media; 'law as institution' describes the courts.", "Law as medium' concerns the manner in which the law expresses its rules in simplified terms; 'law as institution' refers to the formal declaration of laws by legislative bodies.", "Law as medium' is defined as the intermediate stage of legal development; 'law as institution' is the advanced stage."], "probs": [[0.3681274187526608, 0.35970007602996157, 0.22302186833831883, 0.04915063677904508], [0.39375791528702997, 0.34576971214588215, 0.21092682531591406, 0.04954554715116659], [0.34709706082767083, 0.3606604771925093, 0.2341146501699299, 0.05812781170988007], [0.37467378101602883, 0.33841239006647184, 0.23239442871594004, 0.05451940010156077], [0.37758273667211933, 0.3369183885766539, 0.238008460038314, 0.04749041461291674], [0.38589132153292455, 0.3452241532995233, 0.22750243069631865, 0.04138209437123795], [0.32996745459618615, 0.39164522978889843, 0.2161440107110504, 0.062243304803864884], [0.3378216965149306, 0.39316199468747726, 0.20713348050379513, 0.06188282819378385], [0.31135193583443727, 0.38692446974217953, 0.24004270572388348, 0.0616808885995104], [0.33456863401703635, 0.37375880108536896, 0.21758772034567211, 0.07408484445192624], [0.296266575162355, 0.3806621642223726, 0.26858580711156393, 0.05448545340370697], [0.326546312972142, 0.3659811198184768, 0.2431546748482965, 0.0643178922610821], [0.32457574140381723, 0.35057863948618273, 0.2580230177684787, 0.06682260124152581], [0.32794323363966865, 0.35126212113411565, 0.2587162026012008, 0.06207844252503786], [0.3223967360598833, 0.36867419504763527, 0.2482739899895364, 0.060655078802941964], [0.3353416366580976, 0.3601223019129866, 0.2333728575943412, 0.07116320373456848], [0.34754088234567565, 0.3298269722295585, 0.27563183158318655, 0.04700031374158336], [0.33827380259958023, 0.33960055727691646, 0.25316384314987117, 0.06896179687362648], [0.3570657266690438, 0.3452217916757972, 0.23544250786237, 0.0622699736927919], [0.3475558515231787, 0.35355216459229927, 0.24095470380408887, 0.05793727998043571], [0.3270304271406967, 0.35037463881378206, 0.2585815051714544, 0.06401342877407326], [0.34897087425144047, 0.3324742534976472, 0.24349632047829478, 0.07505855167262937], [0.33830628437839955, 0.32450383549128425, 0.27836285809128386, 0.0588270219390208], [0.34316052445159534, 0.3298306206905441, 0.24155751796395158, 0.08545133679389975]], "ideal": "A", "sampled": "A", "correct": true}}
{"type": "result", "data": {"idx": 16, "options": ["One is under a duty to obey the law without exception, regardless of its content.", "There is no duty to obey a law to which one hasn't agreed.", "The duty applies only to those who are directly affected by the law in question.", "The obligation arises independently of the precise legal provisions involved - unless there are grounds to justify a specific exception."], "probs": [[0.4657463814543571, 0.2814280411737485, 0.1750874743993945, 0.07773810287249976], [0.4807499912667369, 0.2925723631812315, 0.1705126162864234, 0.056165029165633276], [0.4635454868695363, 0.28289337768386064, 0.17680037410523114, 0.07676076124137286], [0.4643187477640859, 0.3007528441549186, 0.17352021579730445, 0.06140819218368531], [0.49356133486922893, 0.30486543933146076, 0.15296663274191033, 0.04860659295740471], [0.4745018687046083, 0.30682076616958276, 0.1614000788438158, 0.05727728618200443], [0.44183396872778347, 0.29732305104374834, 0.1769320575028446, 0.08391092262561835], [0.45376691778788847, 0.3126815240392696, 0.17495893941432877, 0.05859261865851215], [0.4347661930288254, 0.29270147517624423, 0.1916086811274476, 0.0809236505674765], [0.43081964300799314, 0.30267783813401855, 0.18363374722529044, 0.08286877153269503], [0.47055512139113015, 0.3116730878115752, 0.1663916152830054, 0.05138017541430521], [0.44275983464892343, 0.308036233383489, 0.17617129518348076, 0.07303263668411007], [0.43833165306783295, 0.2958031248728346, 0.18410728020847775, 0.08175794175086844], [0.4427473145203532, 0.31194466944238547, 0.18033734283679048, 0.0649706731004833], [0.4335118063772348, 0.28901899680218884, 0.1980776498692449, 0.07939154685133427], [0.426227119757714, 0.30124957866075663, 0.1887900002040682, 0.0837333012774485], [0.45421358712377075, 0.31071578279057965, 0.17935291689292415, 0.055717713092741906], [0.4359467004089522, 0.30732153510648014, 0.18400052736940645, 0.07273123701516009], [0.49676623729032093, 0.3031896337626679, 0.14908226080636514, 0.050961868040651497], [0.4800165572707717, 0.3032667024540969, 0.1559693944578123, 0.060747345717309824], [0.4892352876908699, 0.2978404650837496, 0.16290370388874909, 0.05002054323662896], [0.4564825888771662, 0.29879684647700283, 0.17094621600455095, 0.07377434854127919], [0.46602327480269035, 0.29759528823507503, 0.17830028667558726, 0.05808115018665118], [0.44711972289585716, 0.2980074284756371, 0.17873180013786094, 0.07614104839066271]], "ideal": "D", "sampled": "D", "correct": true}}
