{"type": "result", "data": {"idx": 0, "options": ["includes two or more alternatives", "classifies subjects", "affirms the antecedent or denies the consequent", "leads to a valid conclusion"], "probs": [[0.479511604396089, 0.28142791143543117, 0.16496453923582705, 0.07409594483263136], [0.4931558800233235, 0.2718864538575453, 0.14980988256203992, 0.08514778345708059], [0.4933387782256803, 0.3119039590180145, 0.13450986910230228, 0.06024739355399822], [0.5173087225148146, 0.3053275936042424, 0.13060920004104143, 0.04675448373988889], [0.49674320681867834, 0.30163453580528987, 0.13414047839662244, 0.06748177887940951], [0.5172612648395546, 0.3045646081552067, 0.1304776803132795, 0.04769644659195802], [0.4672719657445914, 0.2523378359394729, 0.20782858699357, 0.07256161122234366], [0.47649036159282715, 0.24473745525977286, 0.19229485591606887, 0.08647732713132533], [0.49915222475573673, 0.26888942489918627, 0.14976382275587155, 0.08219452748920682], [0.5268931124947207, 0.26762238973466634, 0.1463223972135354, 0.059162100457100616], [0.5045224602657093, 0.25057323832235556, 0.15000728634490437, 0.09489701496703491], [0.5084469484823677, 0.26889839257397974, 0.16210662134861684, 0.060548037495037545], [0.48869590746137903, 0.297482681449976, 0.14584997805206887, 0.06797143293656777], [0.5177925579119572, 0.28748711599292487, 0.1423176317063741, 0.05240269428872886], [0.5224505258701639, 0.2815059463473421, 0.12382057453975168, 0.07222295314277272], [0.5554340027123223, 0.26918946821987016, 0.12040343124610067, 0.05497309772169124], [0.5675024139334716, 0.2842559083843611, 0.10119138261250148, 0.047050294969671884], [0.5578167571328614, 0.28698656819277907, 0.10707142019845237, 0.0481252543759002], [0.5064457093486924, 0.25495341165462565, 0.1622126741547124, 0.07638820474198013], [0.5270099677168119, 0.25180066747306257, 0.16967840382858856, 0.051510960881535596], [0.5393288166760702, 0.24233241057393295, 0.13184437837162044, 0.08649439427835959], [0.5530259293283408, 0.25138022963954104, 0.14174741652640138, 0.05384642440569766], [0.5622324245323546, 0.2679533156922623, 0.12223575325784403, 0.0475785064175284], [0.5568567925016028, 0.27210847125456894, 0.12315210356144393, 0.04788263258237602]], "ideal": "A", "sampled": "C", "correct": false}}
{"type": "result", "data": {"idx": 1, "options": ["Changing the meaning of a word or phrase from one part of the argument to another.", "Confusing figurative language with literal language.", "Reasoning that ideas presented in an appealing manner are correct, regardless of the content of the message.", "Using emotionally charged language to create an impression about the subject of a claim, without making an argument that the language fits the subject."], "probs": [[0.35977095770070733, 0.24430825025410438, 0.22552823920386778, 0.1703925527413077], [0.40077121200156823, 0.2526080651202923, 0.2338228552219455, 0.11279786755619094], [0.37482730129334596, 0.25572883991019363, 0.17735418783336304, 0.19208967086310935], [0.3904981056818867, 0.29851117762624546, 0.2130394752369021, 0.09795124135496816], [0.44549826198699755, 0.2831707988351023, 0.1529650079566871, 0.1183659311212035], [0.41736163616166433, 0.31537763071311475, 0.1763919884306817, 0.09086874459454072], [0.3453557994620232, 0.24906996047724858, 0.23127000060995148, 0.17430423935076406], [0.3837167849363954, 0.25898798428033415, 0.24032722878825674, 0.11696800189499792], [0.35064139239867803, 0.254507054155989, 0.20287740823709433, 0.19197414510825045], [0.3691876627805183, 0.2777147342397657, 0.22352403989637065, 0.12957356298336367], [0.4131458319697357, 0.28798634530749595, 0.17967456343298438, 0.11919325918979827], [0.3889865242147624, 0.2926445060550197, 0.19703278148526565, 0.12133618814496618], [0.389277177641724, 0.23816892694832142, 0.1775035706344957, 0.19505032467546207], [0.40224268003661673, 0.2721425823725673, 0.22820441642037606, 0.0974103210704369], [0.3714933933022488, 0.2317222956143354, 0.20586458859335957, 0.19091972239004418], [0.3885804311277116, 0.2478509475873392, 0.23702066894524418, 0.1265479522396984], [0.43369049975924745, 0.2945947530634384, 0.17150474779298483, 0.10020999928434055], [0.4349354677049268, 0.2677400963404054, 0.16358127443198997, 0.13374316142268688], [0.5024745248660681, 0.2316636335868531, 0.1496108651430249, 0.11625097630407759], [0.4697904311372286, 0.2611030279928036, 0.18734970839995652, 0.08175683237002708], [0.4700880141069713, 0.22339614425345103, 0.18224797164139464, 0.12426786989818621], [0.4461773629866279, 0.23269221184459493, 0.20192632072078207, 0.11920410434799661], [0.47397062368426973, 0.2704041099089829, 0.15682856690040647, 0.09879669940635065], [0.47079303790226296, 0.24793234854688925, 0.15048192355992274, 0.13079268989093823]], "ideal": "C", "sampled": "D", "correct": false}}
{"type": "result", "data": {"idx": 2, "options": ["significance", "snob appeal", "poisoning the well", "appeal to anonymous authority"], "probs": [[0.47293634787357347, 0.17702295683427455, 0.15226004370808344, 0.1977806514840828], [0.49472741649639257, 0.17839160170897903, 0.13957658281457624, 0.18730439888005354], [0.46658206112531697, 0.19863374598773942, 0.1517753089899474, 0.18300888379701655], [0.4491141498213798, 0.20576450820214645, 0.16719662017052678, 0.1779247217059416], [0.4881288569149401, 0.19548708344684387, 0.1447076833916774, 0.1716763761465458], [0.47280359813931677, 0.19013548276514716, 0.1678062108298285, 0.16925470816570032], [0.49844572144754995, 0.188181403229199, 0.14228415424921584, 0.1710887209740277], [0.5224939499733341, 0.1925356423412201, 0.12674156335185197, 0.1582288442336094], [0.4979535715595168, 0.18769379461282157, 0.13568993644435295, 0.17866269728330028], [0.4610273522722946, 0.19292413775308018, 0.1652164164167917, 0.18083209345783904], [0.5314786103384668, 0.1772151611782644, 0.13973546513089843, 0.15157076325234647], [0.4726875069737026, 0.1814259803318047, 0.17972646772463396, 0.16616004486987596], [0.5078433713724977, 0.1979049937216778, 0.1327239157440557, 0.16152771906178712], [0.49111726175172193, 0.2091876425966, 0.13995941958094177, 0.15973567597072952], [0.5049170360099648, 0.18862602674626955, 0.13394341040260332, 0.17251352674117598], [0.47977171071072755, 0.1996156005354906, 0.1636083225635603, 0.15700436609023777], [0.4886758217824839, 0.20369118765176206, 0.15656842152138822, 0.1510645689443557], [0.4742698948378434, 0.20626042475154618, 0.17451582739606647, 0.14495385291453758], [0.5182876527496523, 0.19272848103254653, 0.11738067124593136, 0.17160319487185388], [0.49697913653395465, 0.19209179269434548, 0.13641794664327256, 0.17451112402842303], [0.5220110433129077, 0.1827669057393369, 0.11110946890090967, 0.18411258194686034], [0.48580948490363957, 0.18515576430964628, 0.149255438794251, 0.17977931189244664], [0.4954526663168885, 0.19402062131462955, 0.13627922909903498, 0.17424748316945138], [0.4708520251070511, 0.19844495254925915, 0.15827232766103744, 0.17243069458264937]], "ideal": "C", "sampled": "D", "correct": false}}
{"type": "result", "data": {"idx": 3, "options": ["a specific type of false cause fallacy that argues that since two event happened at the same time one event must have caused the other", "arguing that an event that preceded another event necessarily is the cause of the second event", "arguing that since something is new it is necessarily good", "drawing a conclusion based on a comparison when the items being compared are not similar enough to support the conclusion."], "probs": [[0.45088860835921674, 0.24736307501989388, 0.15993562299111302, 0.14181269352976275], [0.47696500058619384, 0.23841282306555897, 0.17714549980195332, 0.10747667644629474], [0.43764400203139214, 0.24769751646394514, 0.15625417222992988, 0.1584043091747347], [0.45211041322573164, 0.23539000025722656, 0.16494630144818903, 0.14755328496884199], [0.4761788573414018, 0.2525541979373965, 0.16868744129385377, 0.10257950332735882], [0.46407432311067703, 0.2446806392323171, 0.1614005478984911, 0.12984448965850515], [0.46176109997626286, 0.26086712437936593, 0.1489032457540319, 0.12846852979035517], [0.4870049038241375, 0.2526005927883056, 0.16677208910753966, 0.0936224141800156], [0.41620033036276954, 0.2623865583304783, 0.17520469655562632, 0.1462084146511174], [0.39003066480860643, 0.26921457393383863, 0.1793926360088328, 0.16136212514874335], [0.45092903784139327, 0.264870123529863, 0.173763191972457, 0.11043764655626932], [0.4208963895976588, 0.2622129010967678, 0.17100362438678904, 0.14588708481877874], [0.4418463719954396, 0.2405238968890293, 0.15835043860559694, 0.159279292409924], [0.45474205739507195, 0.23853740448295352, 0.16687914693254566, 0.139841391089429], [0.42230197515836165, 0.23881019792178554, 0.19304651706075254, 0.14584130975909282], [0.39149048553216337, 0.24734725728526316, 0.19882540504994695, 0.16233685203264872], [0.42839999073001894, 0.2592160972553079, 0.1721575597072021, 0.1402263522074673], [0.41826441787371, 0.2561230504682664, 0.16968924271069813, 0.15592328884730625], [0.46698893188559887, 0.27971459885799477, 0.14904903649166748, 0.10424743266473058], [0.4508897131457523, 0.2716736631914725, 0.14808136385799311, 0.12935525970477124], [0.4483846011269429, 0.27212797784844617, 0.17433075651348032, 0.10515666441113466], [0.4198866265025486, 0.26778692635188234, 0.17977601757950692, 0.1325504294660605], [0.42035105271506473, 0.27240300529041483, 0.1648233484855459, 0.14242259340896726], [0.40323039733891886, 0.2748334906034402, 0.16839300667309784, 0.15354310528455511]], "ideal": "D", "sampled": "A", "correct": false}}
{"type": "result", "data": {"idx": 4, "options": ["arguing that something should be done because that's the way it's been done in the past.", "arguing that an act should be carried out because it will not have any significant consequences, when there is no evidence of the effects", "reasoning that a conclusion is true because it's been claimed so often", "reasoning that a claim is true because so many people believe it is true"], "probs": [[0.4256855044347043, 0.2789680866302459, 0.16417718448562665, 0.13116922434941414], [0.4285379508130898, 0.2750087729730204, 0.1751385323357879, 0.12131474377811101], [0.40610147314334305, 0.2696471962671659, 0.1879700278698744, 0.1362813026196157], [0.4061576670991615, 0.2557538444700788, 0.15757861289269803, 0.18050987543804586], [0.40659328341020645, 0.270622414180201, 0.19175443185299015, 0.13102987045659972], [0.3980522592107095, 0.2613390508764443, 0.1507183918172438, 0.1898902979955972], [0.4427725929435261, 0.2948498406100233, 0.1679680018772533, 0.09440956446919446], [0.438647597173851, 0.29047019136923985, 0.1786054192596906, 0.0922767920972089], [0.41959527584194545, 0.27410054764219727, 0.1828823665105279, 0.12342180990531992], [0.43118613047052406, 0.26864570510168595, 0.1671949649806764, 0.13297319934713375], [0.4181360002886706, 0.27483020835074223, 0.18849813361607065, 0.11853565764450404], [0.4283654568187715, 0.27164054565208084, 0.16014904182169393, 0.13984495560744784], [0.4192536398144132, 0.28966089787626675, 0.18662192067882402, 0.10446354153050758], [0.4187959755127666, 0.2857683541632406, 0.16123005427152387, 0.1342056159524716], [0.41205287938719126, 0.28388528043171185, 0.18374944423112924, 0.12031239584995215], [0.42611527529872506, 0.2799113683532998, 0.16562826631052155, 0.12834508993745952], [0.3916401482788498, 0.26887874298759723, 0.18038490236303467, 0.15909620627053422], [0.3979847629154412, 0.26326301507108996, 0.1932057681432005, 0.1455464537702835], [0.41950324527007576, 0.2850182827143936, 0.19968586293074245, 0.0957926089847968], [0.41152711030521344, 0.28115978346776965, 0.16124520145244625, 0.14606790467455702], [0.41615853890625676, 0.27676470140161263, 0.19728266562740343, 0.10979409396472165], [0.4231897234059981, 0.27355974880216744, 0.1661127391749194, 0.1371377885169184], [0.3899793104801187, 0.2601193209165211, 0.19310702691802192, 0.15679434158534059], [0.3912446277243499, 0.25819795675235613, 0.21242716029934164, 0.13813025512394128]], "ideal": "C", "sampled": "B", "correct": false}}
{"type": "result", "data": {"idx": 5, "options": ["false criteria", "hasty generalization", "ad crumenam", "division"], "probs": [[0.47923127560306833, 0.18847718153183907, 0.2014772110354203, 0.1308143317296703], [0.4573074872897806, 0.18898598291072294, 0.19820664476541433, 0.15549988493407044], [0.4772778895461789, 0.1758970549484826, 0.1947602821851041, 0.15206477322023934], [0.5038305488798882, 0.18280931244077925, 0.1787129245717435, 0.1346472140075658], [0.47214899890452366, 0.17406187260644773, 0.19464064464517716, 0.1591484837438574], [0.5178755544923911, 0.171646162876569, 0.18343459805488066, 0.1270436844761637], [0.4930749226239432, 0.19723370009218516, 0.18640348470363524, 0.123287892480242], [0.4740522444372779, 0.19956429251926175, 0.18580918762619086, 0.14057427531727282], [0.48034863755441776, 0.2010101011706039, 0.19261366929293022, 0.1260275918820582], [0.5025707824390808, 0.20284108563126516, 0.18492374187745073, 0.10966438995221352], [0.4957917795998985, 0.18295606833194614, 0.18214226429882807, 0.1391098876693319], [0.5252308106706914, 0.19619492724159945, 0.17277827873022394, 0.10579598325746675], [0.46439127576412187, 0.21757326014484518, 0.17779710703994347, 0.14023835695108183], [0.48770421528430363, 0.21689922493239444, 0.16954454217035458, 0.1258520175129265], [0.46765219370477656, 0.22836342672781243, 0.17673768370482507, 0.12724669576259642], [0.47992384007037714, 0.22997529343388437, 0.1767630941491752, 0.11333777224656397], [0.5094892822906828, 0.20019335061101942, 0.1719067325585793, 0.1184106344397343], [0.49369004723324694, 0.21364638892646998, 0.18229870310747637, 0.11036486063279778], [0.46944335143715143, 0.18859774224356907, 0.2031980503158805, 0.13876085590341017], [0.5052781657714148, 0.18439382212356958, 0.19827291675824152, 0.11205509524675661], [0.48609102937752086, 0.2020478619476916, 0.1920863792446936, 0.11977472933009037], [0.5106159378328398, 0.2025728926128875, 0.19199752375033746, 0.09481364570391537], [0.5114437070853572, 0.18982834422499928, 0.18732782564265157, 0.11140012294701636], [0.5023386249854886, 0.19476473498752, 0.19812057472362962, 0.10477606520334098]], "ideal": "D", "sampled": "B", "correct": false}}
{"type": "result", "data": {"idx": 6, "options": ["responding to an argument with an expression of derision instead of a counter argument", "attempts to gain agreement based solely the feelings aroused by the message", "characterizing an opponent's position in such way to make it or its consequences appear to be ridiculous", "arguing actions should be taken to avoid negative results, when those results are exaggerated, unlikely, or irrelevant"], "probs": [[0.4597270622269491, 0.23626509553962702, 0.17792886801779254, 0.12607897411561794], [0.46719465773850954, 0.22314033920641793, 0.16358685090681205, 0.1460781520482655], [0.4693819207607952, 0.24903408828026688, 0.18668223939346384, 0.09490175146548915], [0.4606466533355251, 0.2609328525777345, 0.18857001762379982, 0.08985047636295249], [0.5132593671180574, 0.23128671125587993, 0.16087339732957032, 0.09458052419651763], [0.4770831539615142, 0.2560780440512822, 0.18626312561188776, 0.08057567627530833], [0.47871938416023124, 0.20496749953367163, 0.17925764898298158, 0.13705546722311793], [0.48850102886057295, 0.19483109139820798, 0.16458878998212237, 0.15207908965909242], [0.4650416957171148, 0.22316752379744773, 0.19098440719343304, 0.12080637319200463], [0.49656821722273614, 0.2230662646907305, 0.16706224078915333, 0.11330327719738302], [0.5011403980056698, 0.20665474175612067, 0.17800770896339238, 0.1141971511748239], [0.5120235709120506, 0.2197930565920134, 0.1736800289014826, 0.09450334349444142], [0.4655363377553964, 0.2463785694102322, 0.18315669049787867, 0.10492840223649644], [0.4481767028688028, 0.26018253469210234, 0.19709611223776233, 0.09454465010134741], [0.4538394053829668, 0.2482235058120629, 0.17620597566920218, 0.12173111303576432], [0.4777376492069541, 0.24748072960263204, 0.16521044984344133, 0.10957117124698237], [0.4917471480202916, 0.28149530860193245, 0.15400094047001675, 0.07275660280775458], [0.524156281148091, 0.2621445347662516, 0.13625053757669361, 0.07744864640897194], [0.5231925182771064, 0.21878221379603155, 0.146500232988822, 0.11152503483803618], [0.49440671394420443, 0.2469095005385831, 0.1695024706421104, 0.0891813147751002], [0.5076503528940741, 0.22602612276734657, 0.15581657132635013, 0.11050695291220418], [0.5191695907091581, 0.24048179784960927, 0.155283550485313, 0.08506506085594198], [0.5148909044826429, 0.2687622834011103, 0.15300668514958238, 0.06334012686667027], [0.5491680283334273, 0.2534035093657079, 0.13212304828174692, 0.06530541391910667]], "ideal": "A", "sampled": "D", "correct": false}}
{"type": "result", "data": {"idx": 7, "options": ["Appeal to ignorance", "Double negative", "Equivocation", "Burden of proof"], "probs": [[0.49971254711002583, 0.22558011378432719, 0.13596254081320053, 0.13874479819244318], [0.5123133457309414, 0.21723724789918036, 0.15059566959219164, 0.11985373667770725], [0.5085321893982087, 0.2288926152604246, 0.15564041178420152, 0.10693478345715696], [0.505106525657601, 0.22620498858063168, 0.17506730781636892, 0.09362117784539288], [0.5252010144476051, 0.2386961720181434, 0.14258953625120993, 0.09351327718302926], [0.5182043366936002, 0.24338300823634615, 0.14047125476728994, 0.09794140020278083], [0.4491534515721708, 0.24792886997879243, 0.14548855229377697, 0.1574291260552575], [0.4589190970677442, 0.23424924754246348, 0.16686719852882753, 0.13996445676096872], [0.4137411985784183, 0.22081236941241267, 0.20704465682426762, 0.15840177508489453], [0.42638987942780837, 0.21907467289345992, 0.2130046248736929, 0.14153082270504028], [0.45287384204398556, 0.23574211348632296, 0.15503436138289065, 0.15634968298678978], [0.4439785154341546, 0.2455754066188982, 0.14045839080211658, 0.16998768704483214], [0.47501297074147975, 0.2584169766434279, 0.14536062964016008, 0.12120942287493741], [0.46575621701295583, 0.2518345931856344, 0.1728565617018103, 0.10955262799960072], [0.4329891266113028, 0.233485741216029, 0.1646398161332676, 0.16888531593940526], [0.4522820774993465, 0.22408147556753044, 0.17526606116593618, 0.1483703856671876], [0.4616381816001265, 0.24781425286917041, 0.1707898326659863, 0.11975773276471063], [0.47431481122612645, 0.24731452703016504, 0.16002422771753838, 0.11834643392616179], [0.475887668739197, 0.2558092894959923, 0.14784935145092437, 0.1204536902138661], [0.4604420123731995, 0.26090365234939855, 0.15394239817681532, 0.12471193700057591], [0.45208802322576164, 0.21654119730850876, 0.15770117785634877, 0.17366960150937719], [0.4390412463938994, 0.22405606736488048, 0.14996639836316344, 0.186936287778067], [0.43718521253379367, 0.23204356395127934, 0.1970412947494164, 0.13372992866550806], [0.441587208095747, 0.23839757671612327, 0.1848183454915953, 0.13519686959652374]], "ideal": "A", "sampled": "A", "correct": true}}
{"type": "result", "data": {"idx": 8, "options": ["ignoring another person's arguments and attacking her character instead", "asserting an opposing arguer has taken an easily defeated position, which she has not really taken", "causing confusion during an argument by a lack of ability to engage in refutation", "using threats of harm instead of reasoning to gain agreement"], "probs": [[0.42589812226552404, 0.21993361911089815, 0.21630619069813742, 0.13786206782544344], [0.4312642748745034, 0.21847156458064915, 0.21826033156156394, 0.13200382888328627], [0.4393778633568652, 0.23314719859760233, 0.2248878482499026, 0.10258708969562488], [0.43058033720921857, 0.2318078470632117, 0.2014386910969799, 0.1361731245305889], [0.41628480012428154, 0.22184692721829305, 0.2554659776148742, 0.10640229494257472], [0.4051306031010895, 0.22408555389471044, 0.22632819918725544, 0.1444556437169543], [0.4203310720975931, 0.21300087027996542, 0.21523611390448705, 0.15143194361794604], [0.43492427870151323, 0.21908490796180194, 0.2080061909007557, 0.1379846223359345], [0.4393266574296578, 0.21419557799083505, 0.2040985273683795, 0.14237923711113565], [0.42369596040019897, 0.19490181770417717, 0.20495346429167643, 0.1764487575039571], [0.43400366114594324, 0.2073838614771185, 0.23135750434500796, 0.1272549729319196], [0.4156881398798694, 0.18808654154640952, 0.2356334963106293, 0.1605918221630844], [0.43497341148051566, 0.232293826256094, 0.2347874700987218, 0.09794529206466278], [0.43980319096510323, 0.22750790359674988, 0.2071578229459572, 0.12553108239219854], [0.44495958216463133, 0.23020703636386905, 0.21816255197003442, 0.10667082940146623], [0.43448564974194187, 0.2098253389558995, 0.22025067415263042, 0.13543833704952357], [0.4366572492294048, 0.2204363918004998, 0.22646485093365804, 0.11644150793643465], [0.4407770659674849, 0.204911665678747, 0.25796451653525104, 0.09634675171852256], [0.41853072193140667, 0.20502341661369566, 0.2537921883270607, 0.12265367302784817], [0.40517803214416864, 0.19748941363355915, 0.2266051006646095, 0.17072745345766022], [0.4435496144422491, 0.19090774413963374, 0.24786673249625238, 0.11767590882184786], [0.42344873241575554, 0.17218766336805438, 0.2468427975054856, 0.15752080661070814], [0.4478053494543733, 0.1932895243891898, 0.2270398094620514, 0.13186531659440565], [0.456921936989132, 0.1884384337211447, 0.24931076348429845, 0.10532886570542725]], "ideal": "A", "sampled": "B", "correct": false}}
{"type": "result", "data": {"idx": 9, "options": ["Laudatory personality", "Guilt by association", "Reprehensible personality", "Circular reasoning"], "probs": [[0.5124764726508774, 0.20728673171596781, 0.19021610177390225, 0.09002069375923417], [0.5309191213848519, 0.19343694996298497, 0.16342050568551467, 0.11222342286665234], [0.5318695917998876, 0.19417069351967525, 0.17943901258473455, 0.09452070199571162], [0.5308717538401496, 0.1904970864426034, 0.15609072964376863, 0.12254042997349056], [0.5166799682532538, 0.18096247124512366, 0.176226027235959, 0.12613153316567943], [0.5075133594933208, 0.18748263574802188, 0.18299507114726432, 0.12200893351138924], [0.5659296870048769, 0.21928127711753512, 0.1318849381605452, 0.08290409761706756], [0.5841170486522425, 0.19990335900201817, 0.11285119970414456, 0.10312839254159688], [0.5870595383426374, 0.2294814725844771, 0.10107936018758004, 0.08237962878531016], [0.6046881664243132, 0.215082307012183, 0.09100499914089814, 0.08922452732260111], [0.5567932112541847, 0.20504733701882114, 0.14839804633648132, 0.08976140529050926], [0.5681512691746886, 0.2165862475427805, 0.14111248192005524, 0.07415000126245273], [0.5318229409698572, 0.19660209404239556, 0.18371574170464167, 0.08785922318312168], [0.5344407895928006, 0.1914121462789773, 0.16140260072489548, 0.11274446330330919], [0.5330080995891014, 0.2258762887601241, 0.1606752404513784, 0.08044037109937434], [0.560169499954479, 0.214926404238252, 0.14156088906587025, 0.08334320664141084], [0.5305324825519081, 0.19935887757947865, 0.15516516542892295, 0.11494347433967307], [0.5538122327956432, 0.20247310055313558, 0.14486168370329078, 0.0988529828479426], [0.5485608875909502, 0.18711116357825555, 0.1487881678233683, 0.11553978090741204], [0.5400785210280084, 0.19536080478729384, 0.15314620350294766, 0.1114144705817725], [0.5372935870417115, 0.21714425642746388, 0.1620880586406806, 0.08347409779013472], [0.5509911599082131, 0.22326928513025285, 0.15831961092145255, 0.06741994394007117], [0.5704425917101158, 0.20700995727045882, 0.11714998323218315, 0.10539746768725265], [0.5860380074551838, 0.20711770789545753, 0.11360310943426193, 0.09324117511511237]], "ideal": "B", "sampled": "B", "correct": true}}
{"type": "result", "data": {"idx": 10, "options": ["Appeal to ignorance", "Extension", "a priori", "Complex question"], "probs": [[0.46976160283431484, 0.1981761812509286, 0.20312915216864338, 0.12893306364610466], [0.4697190492660285, 0.22368119881754975, 0.16863860178162443, 0.13796115003479456], [0.4765583789742414, 0.1952167284493378, 0.17487081975172883, 0.15335407272469495], [0.4955547410176494, 0.21034062496965675, 0.1655559627831808, 0.12854867112952637], [0.4828073430471335, 0.20604118864514281, 0.20425861198230696, 0.1068928562254278], [0.4787052684516968, 0.2075370440516291, 0.22785911645539136, 0.08589857094128571], [0.4258541136703884, 0.26100129414384443, 0.19031124764557658, 0.12283334444016492], [0.418814458136381, 0.26746547568075246, 0.16810197077716973, 0.14561809530571723], [0.4230301741086135, 0.22767566859117547, 0.20806755433661536, 0.14122660286360436], [0.41401194225427, 0.2263305373329835, 0.21770679117832523, 0.14195072913441403], [0.44502746147429484, 0.24003132292163443, 0.20674515003973118, 0.1081960654643411], [0.42030904699410687, 0.23120292851488755, 0.2459338260829452, 0.10255419830806868], [0.45192495686907397, 0.18300169002958622, 0.199891439200756, 0.1651819138005757], [0.4805054317063958, 0.19521935504186047, 0.18644454455848417, 0.13783066859324938], [0.46339701455696364, 0.15503026793581556, 0.21614825228771012, 0.16542446511950343], [0.45029646569716175, 0.16596062556649788, 0.225587977702363, 0.15815493093399507], [0.49191826631569385, 0.16906060867893793, 0.22869286489283017, 0.11032826001253838], [0.46774922605851627, 0.16050353539116233, 0.23956838934216676, 0.13217884910814656], [0.4415734020883278, 0.2589367082855753, 0.1858132681699021, 0.11367662135619092], [0.46691062573932723, 0.24034987363588045, 0.2052116075577173, 0.08752789296708749], [0.4623278703793544, 0.23670843936565, 0.18716396976378405, 0.11379972039121439], [0.45036402478297927, 0.2160616772195476, 0.23212067221794616, 0.10145362567952577], [0.4724059062083565, 0.222567047655275, 0.20489546833042718, 0.10013157770593195], [0.44641689822900155, 0.21298019406606236, 0.2237760828802852, 0.11682682472465812]], "ideal": "D", "sampled": "A", "correct": false}}
{"type": "result", "data": {"idx": 11, "options": ["Attacking the Person (ad hominem)", "Equivocation", "Begging the Question", "Appeal to Pity"], "probs": [[0.48055178933132225, 0.20879621139793442, 0.14483332811362037, 0.16581867105712758], [0.4957473384046297, 0.20601540194054122, 0.13642660075106028, 0.16181065880376413], [0.4787169415892174, 0.21861738066255576, 0.13204279991711415, 0.17062287773109375], [0.48769205564484697, 0.21736850347633985, 0.1447284689212685, 0.15021097185754123], [0.49702956232781076, 0.20249831873774624, 0.1394977502127126, 0.160974368621716], [0.4930036571299068, 0.2013462381344427, 0.15900069918927726, 0.14664940544638416], [0.46882782891085234, 0.22698819710886117, 0.13995058758448609, 0.16423338629580736], [0.4776145483680935, 0.2269894755335454, 0.136290318914184, 0.15910565708418678], [0.4528273867355076, 0.22594067925654632, 0.15977068784591592, 0.16146124606201298], [0.4406126691005739, 0.21775640785012984, 0.14303655106124788, 0.1985943718880351], [0.4451438812567176, 0.20744918129664114, 0.17389850165846554, 0.17350843568818758], [0.4207764764729062, 0.20417528887156566, 0.15560047581564568, 0.21944775873988343], [0.4703005819628244, 0.23565739717343923, 0.13286343160435585, 0.16117858915938252], [0.47830045833440127, 0.2407547487107545, 0.1424930040505082, 0.13845178880435324], [0.4486203150654146, 0.2268908339207326, 0.16072844051123922, 0.16376041040260766], [0.44617434106657483, 0.22420363218837147, 0.14204371311636452, 0.18757831352868853], [0.4506328941424665, 0.21665706988745592, 0.18908118103860988, 0.1436288548314531], [0.4381182864575663, 0.21736487079960196, 0.15034696373254205, 0.19416987891028908], [0.4774324404476229, 0.22298807464246245, 0.12824433831552065, 0.17133514649439152], [0.4798765888811721, 0.22493880197911517, 0.1399679837276519, 0.15521662531206015], [0.4556970278939365, 0.2145605459262997, 0.14717543953648995, 0.18256698654327422], [0.4254157275875773, 0.20979573043556182, 0.13080865790041726, 0.23397988397644465], [0.46205528583482136, 0.21907527761689014, 0.16402245356204723, 0.15484698288624005], [0.44031903690831875, 0.2145581918561074, 0.12885012223970957, 0.21627264889586145]], "ideal": "C", "sampled": "A", "correct": false}}
{"type": "result", "data": {"idx": 12, "options": ["Equivocation", "Affirming the Consequent", "Gambler's Fallacy", "Inconsistency"], "probs": [[0.46247228311996846, 0.23394324867918206, 0.18953880092596495, 0.11404566717489284], [0.4481248902801298, 0.22798231511274053, 0.17088077175197974, 0.1530120227551476], [0.46979935006679074, 0.24884089156405534, 0.169512836818527, 0.11184692145063532], [0.46449177768669914, 0.24044228572900242, 0.14803537602626038, 0.14703056045803206], [0.4518384940963365, 0.21714099794072167, 0.17457120797641731, 0.15644929988651396], [0.45715905971922305, 0.22090310763367196, 0.17087862744200322, 0.15105920510509943], [0.4444092345554596, 0.23723513173536442, 0.18135700911132108, 0.13699862449786415], [0.4342102164845344, 0.23493861036452884, 0.15647086723998996, 0.17438030581094663], [0.4579566919731443, 0.2603770763683909, 0.15306082238672572, 0.128605409171724], [0.4603471891148987, 0.2571683144913182, 0.1590249171554525, 0.12345957913832634], [0.4522285386086992, 0.2308820468726657, 0.14167387186628688, 0.17521554255236188], [0.4547292058697568, 0.23018066447547195, 0.17453412252521278, 0.14055600702955495], [0.4852211441194626, 0.24201718625960136, 0.16756558161606522, 0.1051960879048722], [0.4737809991921916, 0.24300521149778193, 0.14681072717651147, 0.13640306203350835], [0.49425466151928366, 0.24287134129928695, 0.1551137075974357, 0.10776028948400118], [0.4988700262780285, 0.23748291925608456, 0.1572984141115175, 0.10634864025438094], [0.4855042201904504, 0.24276111076031984, 0.1337433265299203, 0.13799134241930539], [0.49688654110842334, 0.23576005348333073, 0.15386774560942337, 0.11348565969883849], [0.4277982931134939, 0.20975870515918316, 0.19187209605655345, 0.17057090557078666], [0.43078434370677815, 0.2184579056756585, 0.18773428711563495, 0.16302346340192844], [0.4295148080649496, 0.22087047073578142, 0.17196116947034612, 0.17765355162893817], [0.4409924624479041, 0.22258394089538167, 0.20223529755409617, 0.1341882990026296], [0.4417817704596784, 0.24642502125305873, 0.14779161625785367, 0.1640015919294076], [0.452766102175365, 0.24178592540800742, 0.1757624950405237, 0.12968547727610524]], "ideal": "D", "sampled": "C", "correct": false}}
{"type": "result", "data": {"idx": 13, "options": ["arguing that something is necessarily bad because it doesn't cost very much", "substituting individual stories for a larger sample when supporting a generalization", "arguing that what is true in nature must be true about humans", "the same thing as the  post hoc  fallacy"], "probs": [[0.4558960877480602, 0.24585310893658846, 0.1847264793534744, 0.11352432386186792], [0.4634689677781798, 0.226184358567696, 0.1632121955226391, 0.14713447803146829], [0.44881550602282094, 0.2558952286538102, 0.17448510667599948, 0.12080415854736326], [0.4654346117324042, 0.24561359581045117, 0.15037560277536713, 0.13857618958176374], [0.4481823436798601, 0.22609922347711386, 0.18939473364063744, 0.13632369910239], [0.45245300335016025, 0.22835187813925342, 0.1877269614220054, 0.13146815698855874], [0.4367973411295624, 0.24141973373435116, 0.19385931326843497, 0.12792361176764852], [0.4460371070886647, 0.2241689423875675, 0.17097734650195648, 0.15881660392180968], [0.4519477546364237, 0.24179232054347932, 0.18200121121864332, 0.12425871350144779], [0.46607065259054287, 0.22881741142290002, 0.1660860904130923, 0.13902584547346358], [0.42986246753055446, 0.22022984568624282, 0.20919039539270584, 0.14071729129050592], [0.4382304479677641, 0.21818113752381207, 0.2109180341006615, 0.13267038030775352], [0.45802734200929807, 0.2074555305183058, 0.20035860697702157, 0.13415852039538073], [0.4732110645594806, 0.20488893687489246, 0.17308018330709388, 0.14881981515852288], [0.4719673573314749, 0.20110634241698971, 0.1903246118145852, 0.1366016883369494], [0.4846187426097166, 0.19387963595263397, 0.1746512463308467, 0.14685037500680245], [0.45946927661407977, 0.19448061839085642, 0.21288610706180935, 0.1331639978332529], [0.4643615118015207, 0.18837552590698392, 0.21361090455406387, 0.13365205763742083], [0.43696907001365126, 0.21695834750453827, 0.2137611378662621, 0.13231144451555157], [0.4403907553437095, 0.21903199659332728, 0.21498662497006243, 0.12559062299290952], [0.4329281937998568, 0.2182286659508561, 0.20733805576039063, 0.1415050843888811], [0.4435799923801319, 0.21597670006533365, 0.21277853487718504, 0.12766477257735256], [0.44902045124304774, 0.21724375799453466, 0.21343553451173708, 0.12030025615066897], [0.4545643169766926, 0.21048934144686485, 0.2143635890369938, 0.12058275243944712]], "ideal": "C", "sampled": "C", "correct": true}}
{"type": "result", "data": {"idx": 14, "options": ["Style over substance", "Question begging epithets", "Hypostatization", "Amphiboly"], "probs": [[0.35747718976784626, 0.26931469084857257, 0.1426047194493331, 0.23060339983426925], [0.36919563679826756, 0.2588172090170112, 0.1472442385291103, 0.22474291555563033], [0.36851232382339655, 0.2703224242379338, 0.13480755139978368, 0.2263577004388954], [0.3782310667590483, 0.26150064255507854, 0.13589165637046977, 0.2243766342154245], [0.37998615669135755, 0.24676187205804437, 0.1335863100612421, 0.23966566108935966], [0.37754532798277757, 0.24846959669440147, 0.13419898841134933, 0.23978608681147978], [0.40005960686437947, 0.2300626229907418, 0.1321371817008181, 0.23774058834405687], [0.4056260358269174, 0.22295432263242562, 0.13260963267218512, 0.23881000876847774], [0.4076844922005075, 0.23570744576267344, 0.13459753800758006, 0.2220105239292285], [0.4147190465137755, 0.23714287006185647, 0.13543596115954173, 0.21270212216482634], [0.4279007880893699, 0.21370242815480217, 0.1274974441801717, 0.230899339475652], [0.42527224612155545, 0.22264030073197916, 0.1303230446897276, 0.2217644083567239], [0.38271667630836403, 0.24300550659098077, 0.14166260154206742, 0.23261521545858596], [0.3863778156017204, 0.23079541120696698, 0.14545112084732284, 0.2373756522439887], [0.40327769954937515, 0.24743305677913685, 0.13508776634503414, 0.21420147722644534], [0.4071409783517162, 0.23958561123573213, 0.14203245953116628, 0.21124095078138924], [0.3880872374323304, 0.23226018529634723, 0.1543664780692465, 0.22528609910207434], [0.39195287119853617, 0.2350380560574945, 0.15349191636396187, 0.2195171562800184], [0.38467214450117565, 0.23250508761053634, 0.14093280566729435, 0.24188996212098915], [0.37954366732312383, 0.23262592221359127, 0.1408138947777976, 0.24701651558548768], [0.4027932048327126, 0.23680852955094447, 0.13435727714533904, 0.2260409883709915], [0.38761017910643275, 0.24312544833933514, 0.14166866732688838, 0.22759570512734648], [0.37466169703491586, 0.23909466090069986, 0.15473605023947237, 0.23150759172491353], [0.37471359288973877, 0.24412865870913977, 0.15890669439121102, 0.22225105390990024]], "ideal": "B", "sampled": "B", "correct": true}}
{"type": "result", "data": {"idx": 15, "options": ["Tu quoque", "Composition", "Appeal to the masses", "Appeal to reason"], "probs": [[0.5252028327358725, 0.219644056341686, 0.14833592011529156, 0.1068171907071324], [0.5328848138397779, 0.19651597270470256, 0.14720438064221958, 0.12339483271331622], [0.5430448374403978, 0.2232138424959364, 0.15828715800145304, 0.07545416196223838], [0.5388133405584078, 0.19910066862242207, 0.17909820217172548, 0.08298778854744411], [0.5495562872007413, 0.20741624790242905, 0.13622587996758195, 0.1068015848292521], [0.5496966664121555, 0.19646280594013305, 0.15946908819962655, 0.09437143934805951], [0.5255397460396701, 0.1850135131897697, 0.17319959525692374, 0.11624714541364564], [0.5408770768656864, 0.161510699332167, 0.165202352020035, 0.13240987168209276], [0.525606161913821, 0.18332283936498134, 0.18152542630713464, 0.10954557231405773], [0.5417253745466042, 0.15841244883382502, 0.17224420599471046, 0.12761797052486057], [0.5285998093405544, 0.1575785190946132, 0.17580929707236498, 0.1380123743924596], [0.5362230472775398, 0.1539782531177168, 0.16621655667304536, 0.14358214283172108], [0.5520516082572854, 0.19568618803705162, 0.15332920161343677, 0.09893300199220917], [0.5495106088184321, 0.16218959368058108, 0.1834635453657012, 0.10483625203528965], [0.5313401942875224, 0.189140660960497, 0.1529075651773127, 0.126611579474687], [0.5459941886527224, 0.1550771342878082, 0.15022096259057627, 0.14870771436891636], [0.5593026376777919, 0.15059558689845534, 0.18177708838040058, 0.10832468694335524], [0.5607679883325035, 0.15633972706206542, 0.15771689074843506, 0.12517539375700043], [0.5461255623655767, 0.15658454996147742, 0.15685596707525884, 0.14043392049769524], [0.5355076630734866, 0.1550292604000163, 0.19171031498151062, 0.11775276144496749], [0.5265847191223193, 0.15120861195118826, 0.1638233453219877, 0.15838332350451412], [0.5271416580497781, 0.15171245614065595, 0.1610276882783661, 0.16011819743118857], [0.5421769013852634, 0.15534563257108938, 0.19678801287194542, 0.10568945307171217], [0.5456980234821532, 0.1609959665605632, 0.1738592393260869, 0.11944677053118831]], "ideal": "C", "sampled": "C", "correct": true}}
{"type": "result", "data": {"idx": 16, "options": ["poisoning the well", "suppressed evidence", "appeal to pride", "appeal to the people"], "probs": [[0.5234974267607928, 0.21842290228883812, 0.17645135616035987, 0.0816283146900233], [0.5514780512670482, 0.2157978714595717, 0.17064357897333468, 0.06208049820003646], [0.5332676472510847, 0.2065817067023895, 0.18255300478679545, 0.07759764115973981], [0.5483637946824751, 0.2143770110829097, 0.184117081334127, 0.0531421128005027], [0.5484494264976431, 0.2157597503623039, 0.17720355774272314, 0.05858726529733503], [0.5436452506970142, 0.2232350935650597, 0.1801449365985176, 0.05297471903939316], [0.5107437806220327, 0.22059189220112893, 0.19034327525507608, 0.07832105182178596], [0.5312628210957154, 0.21937859008595811, 0.18998811476673086, 0.05937047395162029], [0.5157543027782322, 0.2114861936695239, 0.20015938722721555, 0.07260011622502553], [0.5546882988202761, 0.193126424027893, 0.18570439549179577, 0.06648088156005993], [0.533375105920595, 0.2178564209510594, 0.19029571725410555, 0.05847275577423598], [0.5528017502847874, 0.20157433817899545, 0.17852460233904432, 0.06709930909718566], [0.517341419835247, 0.22998368704339503, 0.17871092409115238, 0.07396396893018163], [0.5285858868685199, 0.23474910885027836, 0.18505441852776616, 0.05161058565340633], [0.5025338636196662, 0.23491573483213854, 0.18806001263904082, 0.0744903888091622], [0.5314402809528672, 0.2210417601436452, 0.17807898431285202, 0.06943897449062836], [0.5156760477617026, 0.23636297428113645, 0.19963757205262336, 0.048323405804551786], [0.5319755736752814, 0.21739814446010322, 0.1892134668369352, 0.06141281492766336], [0.5435429586262771, 0.2208818379054753, 0.17207155652361658, 0.06350364684464571], [0.535777007674155, 0.23042001130677062, 0.17634322178824988, 0.05745975913082301], [0.5298999861741673, 0.22406447574605262, 0.1796570184825315, 0.0663785194972615], [0.5372642680439458, 0.21321260319748533, 0.1725758298681727, 0.0769472987903984], [0.5239596107106865, 0.21596855656866604, 0.20695723519237016, 0.0531145974282945], [0.5401304183674902, 0.1949946951092349, 0.19502234885901504, 0.06985253756427005]], "ideal": "D", "sampled": "A", "correct": false}}
