{"type": "result", "data": {"idx": 0, "options": ["ADD.", "AIDA.", "PESTLE.", "SWOT."], "probs": [[0.4103016763974798, 0.29916635241902045, 0.17232463221689304, 0.11820733886660607], [0.4032462251070191, 0.3021155412589676, 0.17428699113623514, 0.1203512423977675], [0.3892523845372882, 0.27691117748853605, 0.1747397636133765, 0.15909667426080285], [0.3301997905872359, 0.2581402305112679, 0.17073003090583996, 0.2409299478956446], [0.36678844153363016, 0.27861729603761937, 0.18646294118590834, 0.1681313211428449], [0.32702262162669954, 0.2603379287901184, 0.17549329369634448, 0.237146155786828], [0.39002618369918773, 0.2964756584394261, 0.1871071895216702, 0.12639096823972046], [0.3912022064297855, 0.29277579770686546, 0.18354130771341368, 0.1324806880499483], [0.41957300485390114, 0.2857323447563981, 0.16378575813559423, 0.13090889215411286], [0.4127831850793973, 0.28063370519296704, 0.17040807505432295, 0.13617503457330885], [0.3900267106165435, 0.29134516107699504, 0.16915717371988354, 0.14947095448658007], [0.41302538016891244, 0.28283011070268355, 0.1694336444035712, 0.13471086462483137], [0.35709974572294273, 0.284305381462942, 0.1964054592953621, 0.16218941341873294], [0.31403700762593156, 0.27837494024283466, 0.1864658302754974, 0.2211222217557397], [0.40770705043751493, 0.2887339552909221, 0.16101548700817064, 0.14254350716337183], [0.3997423634130206, 0.2895998790668477, 0.1675571392545373, 0.14310061816561234], [0.31724590831507465, 0.2669293348587725, 0.18246323043484555, 0.2333615262913003], [0.35460730809675717, 0.2820669643514389, 0.19517239334332806, 0.1681533341084746], [0.31895809957486043, 0.29427937482985744, 0.20810760914982748, 0.17865491634544856], [0.2895812032434173, 0.285418723698229, 0.1992650689825812, 0.22573500397579277], [0.35612233708573565, 0.3055437446504517, 0.17834359630812363, 0.1599903218556816], [0.3720358106159164, 0.29556116358716533, 0.18070067248231625, 0.15170235321459152], [0.29721893337547245, 0.2637530519272763, 0.2024917043225204, 0.23653631027472682], [0.32599070159570803, 0.2815420509642006, 0.2171307041942744, 0.17533654314583053]], "ideal": "B", "sampled": "B", "correct": true}}
{"type": "result", "data": {"idx": 1, "options": ["The realm of understanding.", "Personal selling.", "Noise.", "Feedback."], "probs": [[0.4170447184262266, 0.21439607906344613, 0.2764902678950356, 0.09206893451529706], [0.435901238601268, 0.21454363807571805, 0.2765255950264689, 0.07302952819653778], [0.4095295440027189, 0.2073403880834615, 0.2777388919032294, 0.10539117591058053], [0.43587916110922686, 0.21037980610401905, 0.24670699362502976, 0.10703403906172121], [0.4153629426563202, 0.20622610511205453, 0.2945792592689198, 0.08383169286270345], [0.42801012004428646, 0.20754593846022246, 0.25693473356571644, 0.10750920782978471], [0.44661097939314515, 0.19816952744934113, 0.2711435789099654, 0.08407591414755083], [0.46413641311635967, 0.20217317831687082, 0.2637875064985657, 0.06990290196821952], [0.4034674088533016, 0.17634492473029384, 0.32150031497872017, 0.09868735133766532], [0.37387293191023785, 0.13663693180282374, 0.29361142816738156, 0.1958787080195499], [0.419776035955156, 0.16716359351197185, 0.342962508234736, 0.07009786219813155], [0.37997511714858284, 0.13407278793821734, 0.29752296071984907, 0.1884291340933449], [0.3897191062313894, 0.22222124203373725, 0.2747983140415134, 0.11326133759335984], [0.4161188231661973, 0.22626404754995455, 0.23854708633908306, 0.11907004284476011], [0.36847641700395917, 0.20317393916420642, 0.323147669668626, 0.1052019740632064], [0.3286948545234402, 0.14371807276630508, 0.29507513269246793, 0.23251193991777977], [0.3616367609859248, 0.17923937938692844, 0.35587704130680586, 0.10324681822034185], [0.3087064205463046, 0.14214657522984178, 0.3315066100026037, 0.21764039412123143], [0.43023324004609015, 0.22465011361930465, 0.26379278013631224, 0.08132386609829856], [0.45047465632181805, 0.2182906148543353, 0.2297076848890705, 0.10152704383478729], [0.4153381313998638, 0.21512716470286966, 0.3011545712948864, 0.0683801325023848], [0.38115533567192533, 0.16079541097897035, 0.2508367881625757, 0.2072124650865323], [0.40478867247425854, 0.1889754680656707, 0.30453260193040566, 0.10170325742968252], [0.3567383030473481, 0.1516375901169481, 0.2818480899372482, 0.20977601679845867]], "ideal": "A", "sampled": "A", "correct": true}}
{"type": "result", "data": {"idx": 2, "options": ["In the late 1800s.", "In the early 1900s.", "In the 1920s.", "After the end of the Second World War."], "probs": [[0.5049847761381492, 0.2657633132697645, 0.1646942734800854, 0.06455763701201923], [0.5111006225310445, 0.2668627183925147, 0.15891341647546559, 0.06312324250094276], [0.4982451283583281, 0.27070328555818646, 0.1735371097812866, 0.05751447620219756], [0.49366600910986874, 0.27584825936412777, 0.16193865990025447, 0.06854707152573558], [0.515282456069692, 0.2601533040163556, 0.1589637675986304, 0.06560047221532993], [0.5022832127816818, 0.2675757305566247, 0.16109603276818676, 0.06904502379347818], [0.5052349077936185, 0.26588907811924856, 0.16624183221542566, 0.06263418177167629], [0.5163890575121164, 0.26656482980539553, 0.1539954643029766, 0.06305064827949552], [0.4999983308436511, 0.27144843376691463, 0.17036353849794839, 0.058189696791475315], [0.505639422764112, 0.2712048479432456, 0.15986236541131327, 0.06329336378131503], [0.5108369497703626, 0.26989505467681824, 0.15761197842213837, 0.06165601703070068], [0.5164483250316875, 0.26464449849179816, 0.1559709756396115, 0.06293620073687739], [0.5040510653538157, 0.26920394047036217, 0.16630406613925028, 0.0604409279365812], [0.499016627888518, 0.27534095822208515, 0.15654956550694277, 0.06909284828244346], [0.5113848897123078, 0.27115625086129513, 0.16068338004444935, 0.056775479281955935], [0.5138634711557188, 0.27311897761127435, 0.1533672057234065, 0.05965034540960183], [0.4968462973924391, 0.26802665274064746, 0.17012198511803783, 0.065005064648857], [0.5047045467549865, 0.2682970380334925, 0.16733375943720485, 0.059664655674291106], [0.4998864647007485, 0.2709059516635146, 0.15261306887530718, 0.07659451466043996], [0.48752830826135385, 0.27657130305502275, 0.15532330352305035, 0.08057708506056309], [0.504492861738996, 0.28139288247594996, 0.14674516618998756, 0.06736908949508542], [0.5020559410468732, 0.2774842894452349, 0.14698474088452132, 0.07347502852338801], [0.4822835650596811, 0.2735686282836966, 0.16933106949624974, 0.07481673706038505], [0.4901505351859208, 0.27433786868602583, 0.16434998346775845, 0.07116161256029882]], "ideal": "C", "sampled": "B", "correct": false}}
{"type": "result", "data": {"idx": 3, "options": ["The level of tangibility associated with the type of product.", "Performance-value.", "Variations in supply and demand.", "The way in which the service is delivered."], "probs": [[0.16120424619751356, 0.13960816101314136, 0.30402126680037533, 0.39516632588897027], [0.13907875666193104, 0.16858145274711323, 0.31869445142018055, 0.37364533907076447], [0.17012040044523932, 0.15146034345960363, 0.2956774424136989, 0.3827418135814569], [0.12879568619235693, 0.19330497868132174, 0.3181545219885614, 0.35974481303777006], [0.18755868377635884, 0.15488099577423944, 0.2905268783858144, 0.3670334419635948], [0.13466988997966753, 0.1766671570307995, 0.3147354644200958, 0.3739274884694302], [0.14250701209477276, 0.2277784777705118, 0.30817302743242736, 0.3215414826022892], [0.1282210577913752, 0.25078929708581893, 0.323628926763235, 0.29736071825954286], [0.160314043638704, 0.208655068658457, 0.3249945856477886, 0.3060363019550644], [0.15548100365960613, 0.17303612769625035, 0.31976955089202075, 0.3517133176521214], [0.13646640744665564, 0.25922472169194805, 0.29658843513288, 0.30772043562853557], [0.148135534248487, 0.20369501701254766, 0.2754377078474136, 0.3727317407915535], [0.19620172491901589, 0.15103389603668355, 0.31368057452688375, 0.3390838044173972], [0.15985997775966346, 0.1708459022179505, 0.34225307596143645, 0.32704104396094347], [0.16754665615623918, 0.15682596758037415, 0.3604958045413102, 0.3151315716220757], [0.16553229473803746, 0.10607205030149278, 0.3628839153549215, 0.36551173950553106], [0.1700019101061003, 0.18524927104654018, 0.3326814431803867, 0.3120673755669523], [0.21074671803321368, 0.1168484260516056, 0.3012360973908126, 0.371168758424361], [0.17987754760148938, 0.13742259706719379, 0.31751983563035097, 0.36518001960097124], [0.1415167193960235, 0.14550294131128597, 0.35710196727769833, 0.3558783719149896], [0.15363230205824177, 0.1548916574999216, 0.3380843536492804, 0.353391686692535], [0.1858051879862664, 0.09315093512679339, 0.3337509310968439, 0.38729294569008493], [0.14504201721295837, 0.1696842005208339, 0.3276972999760636, 0.3575764821901438], [0.1898158435386422, 0.10623924123813021, 0.304098458338885, 0.3998464567843415]], "ideal": "B", "sampled": "A", "correct": false}}
{"type": "result", "data": {"idx": 4, "options": ["found guilty under the Sherman Antitrust Act and face prison time", "found guilty under the Magnuson-Moss Warranty Act and face large fines", "found guilty under the Adamson Act and face prison time and fines", "found not guilty because retailers are allowed to set their own price levels"], "probs": [[0.4123453129466948, 0.3954346405645592, 0.1359393750578211, 0.056280671330922794], [0.37562750045128374, 0.39779971579151896, 0.14678474031292266, 0.07978804334428806], [0.42475212930951795, 0.37585537316205503, 0.14999084000794047, 0.04940165742050027], [0.4043069131238703, 0.38156537202711044, 0.15942946453481985, 0.05469825021419111], [0.38388148399276373, 0.3789092318988044, 0.15359120932803008, 0.08361807468042277], [0.40983347739175535, 0.38071945836353294, 0.1514345941040172, 0.0580124700407047], [0.41864584285815176, 0.3750828780634929, 0.14838155493895416, 0.05788972403941277], [0.3547046270831324, 0.3944361741280529, 0.1673327796332803, 0.08352641905552081], [0.425112224347365, 0.36907651284777415, 0.15331322308249726, 0.05249803962234965], [0.40032486735902534, 0.37412270362127653, 0.16158082424874637, 0.06397160467095962], [0.39330361905102273, 0.37123175967248423, 0.16012404704313496, 0.0753405741333483], [0.4220678537341824, 0.3626444253684021, 0.15229361820918064, 0.06299410258824495], [0.4352973929367386, 0.3778474875108053, 0.13937367416548707, 0.04748144528697264], [0.4145889000288369, 0.3806156866593446, 0.1501537151002714, 0.0546416981115331], [0.4189019925663219, 0.3851314995158036, 0.1441209797185968, 0.05184552809928602], [0.4040150833432328, 0.38590784689344954, 0.15061688467508524, 0.05946018498823677], [0.41203940028455893, 0.3763338906113335, 0.1555972076966505, 0.056029501307465576], [0.40568720397687846, 0.37949158748199785, 0.15473196302210018, 0.06008924541902949], [0.3570823973318891, 0.4114598561921359, 0.14825292022808098, 0.08320482614790209], [0.3966986569897364, 0.3895616652162113, 0.1537931070912928, 0.059946570602762136], [0.35639252791694215, 0.4110267454328772, 0.15425209843260057, 0.07832862811757546], [0.3879838691404378, 0.4028291175648959, 0.14660162732770285, 0.06258538586694333], [0.3948519050388163, 0.3896676810438468, 0.1560369386833107, 0.05944347513400222], [0.39397135492114355, 0.3895077889117517, 0.15193872849129866, 0.06458212757581648]], "ideal": "A", "sampled": "C", "correct": false}}
{"type": "result", "data": {"idx": 5, "options": ["A composite analysis of all environmental factors inside and outside the firm.", "A series of business decisions that aid in selling a product.", "The relationship between a firm's marketing strengths and its business weaknesses.", "A blending of four strategic elements to satisfy specific target markets."], "probs": [[0.41804144747392896, 0.3116121187046143, 0.1686819523911576, 0.10166448133031179], [0.4434364012180611, 0.3160154388221839, 0.1602545107901493, 0.08029364906961917], [0.41979467928639913, 0.30749573325800367, 0.17799417037469728, 0.09471541698090545], [0.4098137089163906, 0.32534574718003667, 0.1770212853035243, 0.08781925850004413], [0.46031288146918825, 0.3067535508843913, 0.16295493061751956, 0.06997863692890847], [0.4305771815714472, 0.3116706088999707, 0.16932348784816034, 0.08842872158041637], [0.4110124448913094, 0.2889305130332492, 0.19581727721112116, 0.10423976476431963], [0.4388019578071513, 0.29134307035124707, 0.19090614944420808, 0.0789488222974042], [0.4192869755476307, 0.2808540257891564, 0.18652654016752457, 0.11333245839569625], [0.4627317259869498, 0.29696177496724324, 0.17479056519794284, 0.06551593374787815], [0.46791988263065454, 0.27697050172362925, 0.16760080289217524, 0.08750881265353967], [0.4876715074783437, 0.2813506291792255, 0.16490827451189322, 0.06606958873054518], [0.4208739157841469, 0.289246899231738, 0.1990517026563179, 0.09082748222777835], [0.4058576048847337, 0.30601001016650625, 0.2030125714030947, 0.08511981344567171], [0.4266628168671196, 0.29481539910135407, 0.1718923202006443, 0.10662946373087967], [0.4620513358917962, 0.3101926666399002, 0.15954440371141576, 0.06821159365689153], [0.4510116219763562, 0.29134305381194253, 0.1692943369391534, 0.08835098717256111], [0.4908680837531609, 0.2948063666085925, 0.1528311172146797, 0.0614944323235717], [0.4762753466036176, 0.26772513737144044, 0.1795957054140926, 0.07640381051083706], [0.4406199982641236, 0.2743145746398261, 0.18606649711351325, 0.09899892988252348], [0.48297055055841775, 0.27106392876286795, 0.1564565615273459, 0.08950895905138566], [0.4989337755443954, 0.2781973991559052, 0.15429048258246683, 0.06857834261723385], [0.45937064547209594, 0.26475637786468587, 0.17090091141931069, 0.10497206514390771], [0.5029573239117774, 0.2744663588185292, 0.15731163936307685, 0.06526467780664548]], "ideal": "D", "sampled": "D", "correct": true}}
{"type": "result", "data": {"idx": 6, "options": ["Gatekeepers.", "Buyers.", "Users.", "Initiators."], "probs": [[0.3899136448915394, 0.35158198436150867, 0.19439675940983112, 0.06410761123713891], [0.4202972753055218, 0.3450796831973399, 0.1797847255424585, 0.054838315854669105], [0.39025556271477574, 0.3404331530940168, 0.19114433722519528, 0.07816694686600306], [0.4268421737363217, 0.33234088875360795, 0.17707249242362003, 0.06374444498644759], [0.4312385101439678, 0.32818923108359344, 0.1887959325590379, 0.05177632611339848], [0.42896304440368105, 0.32642085648316427, 0.19132281281710534, 0.05329328619606332], [0.38464021527056225, 0.32456514229955163, 0.2148286178431361, 0.07596602448673764], [0.4217641496465188, 0.31333482324125883, 0.1980960292880757, 0.06680499772413187], [0.388987331857059, 0.3162222505489679, 0.20588886205301973, 0.08890155544095404], [0.385744324215018, 0.3325229011604598, 0.20707246355394954, 0.07466031097059136], [0.4048649604515425, 0.32916829288087307, 0.19330813115270876, 0.07265861541487356], [0.3843531170225215, 0.34528249115850207, 0.2028339421009017, 0.06753044961807375], [0.3711636462988354, 0.34918491627818166, 0.1984437119426538, 0.08120772538032993], [0.4173702619384034, 0.3360473038434374, 0.17819004258211238, 0.0683923915360303], [0.397286888197992, 0.3306262174836352, 0.18635756670980314, 0.08572932750857433], [0.38805717384240856, 0.3533802513632121, 0.18613652716393092, 0.07242604753044063], [0.4063084133885705, 0.3462407596876688, 0.17180588118120332, 0.07564494564255905], [0.4031798606907117, 0.3455434990759238, 0.18013963374734857, 0.07113700638601139], [0.39043030906825354, 0.3542880919050521, 0.20024595833513642, 0.055035640591560395], [0.3958143437991189, 0.35136992585069754, 0.1962212147278683, 0.05659451552231294], [0.42561453237279084, 0.3455179261744715, 0.16839287873247769, 0.06047466262026098], [0.40120748090340985, 0.3645721388168776, 0.17939039084606592, 0.054829989333646766], [0.4075088908450511, 0.35476781477018565, 0.1692273105003305, 0.06849598378443822], [0.4021342876663745, 0.35134484378657366, 0.1826635834109233, 0.06385728503613856]], "ideal": "A", "sampled": "D", "correct": false}}
{"type": "result", "data": {"idx": 7, "options": ["Motive development.", "An attitude.", "A self-concept.", "Product evaluation."], "probs": [[0.4388220176311009, 0.21834345339360567, 0.25600863482419717, 0.08682589405110405], [0.4278519367501753, 0.2269041172082216, 0.2528578520724292, 0.09238609386918158], [0.45323043683805625, 0.22420440237204317, 0.24441002084089072, 0.0781551398490178], [0.4478322434705476, 0.21637408845267603, 0.24842558443625523, 0.08736808354053507], [0.4088091634192629, 0.22311553994963737, 0.2819186925667502, 0.0861566039643544], [0.42694244039517537, 0.21227438008927466, 0.27974523523453076, 0.081037944181006], [0.40563802133216736, 0.20467509505770032, 0.2990108174679982, 0.09067606604213277], [0.38343177274801993, 0.20737190202738706, 0.3070975948040644, 0.10209873032052617], [0.40888570427696996, 0.20397966318557742, 0.29002800294608405, 0.09710662949134896], [0.3863138816254838, 0.20417392784518526, 0.28873987700555553, 0.1207723134237841], [0.37870199186024633, 0.20219472246972778, 0.31043566149496826, 0.10866762407507738], [0.38221347337774053, 0.1973617794912707, 0.3031792786509506, 0.11724546838003319], [0.4302241886188652, 0.21526185377057439, 0.27087463932555605, 0.08363931818502239], [0.4204610811991747, 0.21159692972726504, 0.2740470749624404, 0.09389491401113638], [0.4200220159408948, 0.21125866775144664, 0.27920698352911283, 0.08951233267854926], [0.3980367761368896, 0.21235752246658887, 0.27970074839896475, 0.1099049528975646], [0.41680151351735145, 0.21233051662513003, 0.27282073076341634, 0.09804723899411592], [0.4009948708720142, 0.21664465668373645, 0.2750743685282013, 0.10728610381604829], [0.396327755633588, 0.2205352694006262, 0.2972914694639932, 0.08584550540180222], [0.4119159756702461, 0.21342885627169192, 0.29504663609667714, 0.07960853186140086], [0.4146936266257092, 0.2173906797503976, 0.26630247698794035, 0.10161321653594921], [0.4088820440372723, 0.20972442156433366, 0.2663299318392916, 0.1150636024590858], [0.4285426680745199, 0.2149083210504805, 0.26209762776931256, 0.09445138300569765], [0.4175716818096198, 0.21846440764109817, 0.258698337225523, 0.105265573223768]], "ideal": "A", "sampled": "A", "correct": true}}
{"type": "result", "data": {"idx": 8, "options": ["Promotion.", "Product.", "Target market.", "Pricing."], "probs": [[0.18904965621305056, 0.0638296604121087, 0.5159088383562104, 0.2312118449186326], [0.17637691500096775, 0.07922395906840014, 0.47344817712420606, 0.27095094870641184], [0.19493155401825207, 0.06786716702665849, 0.5912356812415611, 0.14596559761352243], [0.2459742722036121, 0.07525031986841652, 0.4732004910103073, 0.205574916817657], [0.16168618038682117, 0.0708395623984001, 0.586720097906659, 0.1807541592081254], [0.21649364049557956, 0.06191806452931667, 0.5319397315884161, 0.18964856328670038], [0.1254323953344462, 0.06095922788803002, 0.5941277023239613, 0.21948067435356228], [0.12455453725933882, 0.0819447013512103, 0.50554936305992, 0.28795139822954924], [0.1346009524593453, 0.06810978126445019, 0.5643599873113203, 0.2329292788648777], [0.13682166504463564, 0.07007159132095407, 0.5204421925156036, 0.2726645510187872], [0.11611206049809747, 0.07289573707815222, 0.5235664539197755, 0.2874257484040031], [0.12318251546316125, 0.05597998383487677, 0.5614076836225301, 0.2594298169794201], [0.19614455330213293, 0.08526758850738951, 0.550164766317085, 0.16842309177339002], [0.23378154169646959, 0.09058488171194992, 0.43341064636533905, 0.24222293012622872], [0.17817596481868225, 0.08587236732967321, 0.4797313533120465, 0.2562203144396099], [0.17330810027874813, 0.08263807779884641, 0.45313041999750225, 0.2909234018249079], [0.20979080282292584, 0.08481967018234128, 0.4811815292123671, 0.2242079976823784], [0.16973006212969818, 0.07596296346298911, 0.5514938976057681, 0.20281307670156884], [0.13714479874392546, 0.08891235956631499, 0.5901400707082681, 0.18380277088149832], [0.19383380235588812, 0.08196357388274854, 0.5276691426704999, 0.19653348099085213], [0.13765824717055639, 0.09790891869060794, 0.4673502710484972, 0.29708256299032587], [0.1533790744055624, 0.07774024127273897, 0.4814105537766093, 0.28747013044510134], [0.20015577496380801, 0.0887940056343285, 0.4963462075870493, 0.21470401171481915], [0.15557436481676845, 0.07957039203177513, 0.5661753873180835, 0.1986798557333904]], "ideal": "C", "sampled": "C", "correct": true}}
{"type": "result", "data": {"idx": 9, "options": ["Classical conditioning.", "Operant conditioning.", "Social learning.", "Behavioural learning."], "probs": [[0.4470839420275104, 0.24052483223103513, 0.18950591778127443, 0.12288530786018384], [0.4300183387724229, 0.2319935852658818, 0.21076065131623306, 0.1272274245454576], [0.4532720029658225, 0.2428884752585611, 0.18648814176701317, 0.11735137990858974], [0.4390501340210987, 0.2434713942755413, 0.19721127860707904, 0.12026719299627925], [0.4358789515415626, 0.2500649866078039, 0.19696311397880806, 0.11709294777182135], [0.43080068267158383, 0.2552250855597122, 0.19430273878569226, 0.1196714928829973], [0.4265516077141649, 0.23440468645398538, 0.20133489486841355, 0.1377088108634468], [0.41634766988537364, 0.22222475218555993, 0.2218700309901367, 0.13955754683892577], [0.44491889409195395, 0.24224799268403197, 0.19073640550714485, 0.12209670761686993], [0.4405472727268919, 0.2411675691054806, 0.20246991965368646, 0.11581523841393673], [0.433659488957569, 0.2427242586692296, 0.20073265520605327, 0.12288359706715209], [0.4355831415972403, 0.24893730277733095, 0.20047898996498054, 0.1150005655604616], [0.43978439942961456, 0.23272555586560684, 0.1995324709216059, 0.12795757368317226], [0.43834337544487106, 0.23078766813342294, 0.20748244838669733, 0.1233865079350021], [0.4459444411079525, 0.23006866911293386, 0.19833418595993843, 0.1256527037191633], [0.4442326931291131, 0.23068207956622436, 0.20871342502228626, 0.11637180218236572], [0.4443924595419723, 0.24138490043413124, 0.19915313684244296, 0.11506950308146047], [0.446373330043115, 0.23724898043709994, 0.20783406378709332, 0.10854362563269447], [0.4248887362527687, 0.24603779610613347, 0.19964891541783056, 0.12942455212326356], [0.4290641010309552, 0.24983884569669138, 0.1969763677947483, 0.12412068537759696], [0.4348475715854542, 0.23966119384336837, 0.19974546447960206, 0.12574576999158482], [0.4460767073965566, 0.2451575187680661, 0.19461918784839943, 0.1141465858869907], [0.43912783472528166, 0.24425394507601364, 0.1978561550510963, 0.11876206504759018], [0.44561433701587366, 0.2424863924297413, 0.2011028003516515, 0.1107964701027415]], "ideal": "A", "sampled": "D", "correct": false}}
{"type": "result", "data": {"idx": 10, "options": ["To break down large markets into smaller markets.", "To provide an opportunity to surpass competitors.", "By grouping together customers with similar needs, it provides a commercially viable method of serving these customers.", "To allow the achievement of greater market share."], "probs": [[0.31189555102428357, 0.27999129919174737, 0.2834997475500661, 0.12461340213389278], [0.2984505182074781, 0.2584894273605779, 0.24135831551010997, 0.201701738821836], [0.3963933924362168, 0.3168841823255248, 0.17732361819624445, 0.10939880694201191], [0.38828047165560464, 0.28848445617289326, 0.1871702237861122, 0.136064848285396], [0.29646198016438857, 0.25943333084802644, 0.2629502652575513, 0.1811544236300466], [0.3146879960901109, 0.2610490219319458, 0.29702317073769335, 0.1272398111402788], [0.27449906537227553, 0.28532623027516585, 0.315701111707329, 0.12447359254522647], [0.25989714694003163, 0.2604722354551399, 0.26740310423512853, 0.21222751326968559], [0.357078322113729, 0.3158967192157594, 0.20394742291129478, 0.12307753565920995], [0.38489245976871495, 0.3085510876252123, 0.18806418353196921, 0.1184922689741083], [0.24945599799065876, 0.2582101522422903, 0.2795510143984481, 0.21278283526861277], [0.292496507123482, 0.2793934583872524, 0.3136791971864231, 0.11443083720286765], [0.4027313551109988, 0.3053860578033314, 0.1845078565615614, 0.10737473042410721], [0.3919047557640655, 0.2882074994921792, 0.19055716744704645, 0.129330577196723], [0.4071570624958924, 0.3159072810487186, 0.1737681869464669, 0.1031674694089138], [0.42647410171905986, 0.30542116645124867, 0.1634015883949512, 0.10470314333473005], [0.3934683907193386, 0.29487286173547256, 0.18815907973208212, 0.12349966771309516], [0.42107511305158, 0.3076024375903759, 0.1710850675625247, 0.10023738169551419], [0.2813937138877319, 0.2685370366094477, 0.263496399318309, 0.18657285008449742], [0.3087218950589089, 0.2684897720553609, 0.29885428861096675, 0.12393404417474653], [0.27567693769228524, 0.2689280002629647, 0.25216095427242075, 0.20323410767235192], [0.3118811978254507, 0.2858336365569535, 0.2881233918776458, 0.11416177363994551], [0.3819139942674823, 0.302141345510911, 0.19436150243878736, 0.1215831576828288], [0.4002349474588356, 0.32805855614974117, 0.1741140704974729, 0.09759242579396642]], "ideal": "C", "sampled": "C", "correct": true}}
{"type": "result", "data": {"idx": 11, "options": ["Repeat purchases.", "Buyphases.", "Buyclasses.", "Tenders."], "probs": [[0.37126981452832925, 0.30901171567166824, 0.2426423482241822, 0.07707612147580054], [0.38509450216612634, 0.3064928151126877, 0.236117897113259, 0.07229478550793614], [0.361181605329505, 0.28062245279847137, 0.2775308715283938, 0.08066507024362961], [0.3887901913935266, 0.27868722015977726, 0.252157335912325, 0.08036525243437573], [0.35510539206451536, 0.2908943206711699, 0.27314790609426304, 0.08085238107004318], [0.3854456010025646, 0.26969812764563916, 0.25219803375381056, 0.09265823749796834], [0.37120257985832517, 0.30309473962515193, 0.24784667968425214, 0.07785600073227011], [0.38367227338055415, 0.30017948494412844, 0.24274500846897173, 0.07340323310634708], [0.35095831741931915, 0.31923428786037916, 0.2575042214853877, 0.07230317313490311], [0.3541391948025398, 0.31630366094473666, 0.25823201044705013, 0.07132513370565875], [0.37024342948774236, 0.30774920744714057, 0.23822231862593518, 0.0837850443391814], [0.37436434086162884, 0.305030538011113, 0.2425711547243311, 0.07803396630292737], [0.36278895653623955, 0.30202970213181823, 0.2583868569706752, 0.07679448426129361], [0.389797946679952, 0.29360915460427756, 0.24165816564671994, 0.07493473296904607], [0.3711827208819387, 0.32408582198735075, 0.23036044752478707, 0.07437100950592551], [0.3716115780862856, 0.3228047271519898, 0.2332421160222805, 0.07234157863945899], [0.3729014991721877, 0.2952795216376651, 0.23893979944933755, 0.09287917964081498], [0.3617521747942402, 0.2992437049292074, 0.2580198390136962, 0.08098428116282924], [0.33633998903212453, 0.30802998385401376, 0.2800203421765207, 0.07560968483731591], [0.37016416241623623, 0.28693822063291863, 0.25698998550445673, 0.08590763134640333], [0.3618755290501866, 0.33138406249673874, 0.23390033828197687, 0.07284007007110793], [0.3607088430062064, 0.3287425922169533, 0.23843300094989545, 0.0721155637269346], [0.3621762819235507, 0.30213594341121736, 0.25361229539631663, 0.08207547916891113], [0.3447033188070676, 0.29834559360570506, 0.28229838161665455, 0.07465270587059926]], "ideal": "C", "sampled": "B", "correct": false}}
{"type": "result", "data": {"idx": 12, "options": ["Winner's curse.", "Winner's price.", "Winner's reward.", "Loss-leader pricing."], "probs": [[0.39496963378087907, 0.25412858227674734, 0.24248223402644925, 0.1084195498159401], [0.40819492029680887, 0.2634315519380145, 0.21793049483188587, 0.11044303283329428], [0.4043470104286559, 0.25664054899509636, 0.23410755958089483, 0.10490488089534422], [0.42231592782091903, 0.24434251445529567, 0.20544074774928134, 0.12790080987451757], [0.4182196129506955, 0.26171013685904726, 0.22868661892624645, 0.09138363116401066], [0.41654562391102706, 0.24278754124976348, 0.23040070769382492, 0.11026612704537174], [0.3937512660606985, 0.264879070915467, 0.23526947881616245, 0.10610018410768207], [0.4054928166381937, 0.2636537223809864, 0.2171783169074797, 0.11367514397334168], [0.3681478791725755, 0.252927681029572, 0.26499253149213614, 0.11393190820571211], [0.38863005816079477, 0.2486229657437296, 0.23930076971344313, 0.12344620628203985], [0.40297685774556774, 0.25162864137004426, 0.24120602773090327, 0.10418847305350272], [0.3926142583597522, 0.24487438913439288, 0.2586538022784497, 0.10385755012739212], [0.37221642605755173, 0.26801950205662073, 0.2453708832359647, 0.11439318854988162], [0.39253207765350817, 0.2477522295071168, 0.21886721151729174, 0.14084848122208568], [0.3695921336831242, 0.2565801029519429, 0.26277389836760734, 0.11105386489732683], [0.3869845551094852, 0.24830683167336198, 0.2394683435198372, 0.12524026959730805], [0.4011723169258922, 0.24487670215502635, 0.23591942983289338, 0.11803155098617069], [0.40625797741320974, 0.25268222744583674, 0.24509026921476354, 0.09596952582619317], [0.405005462163006, 0.2575394382279811, 0.23343207100294533, 0.10402302850606697], [0.41305056201462026, 0.24799672748216042, 0.2264455035567791, 0.11250720684644144], [0.4077159309139667, 0.2514442647230148, 0.2367478892172595, 0.10409191504575079], [0.4038040038485974, 0.24728826790545586, 0.24481757040783106, 0.10409015773811224], [0.4115518619954258, 0.23588605714093078, 0.2354809063984333, 0.11708117436522035], [0.4081927242794472, 0.24338147314303618, 0.24604613329757108, 0.10237966917994648]], "ideal": "A", "sampled": "A", "correct": true}}
{"type": "result", "data": {"idx": 13, "options": ["Price bundling.", "Price elasticity.", "Price inelasticity.", "Price inflation."], "probs": [[0.40841860577764144, 0.26602207542706124, 0.2368809814673864, 0.08867833722789507], [0.4025071331043899, 0.2559733156831992, 0.21719081299821527, 0.12432873811419201], [0.4098039773912546, 0.2598680928156537, 0.22988065364544258, 0.10044727604765112], [0.4147103634496627, 0.24217766833929574, 0.21316162180007237, 0.1299503463109631], [0.37437741887615483, 0.23835859416549776, 0.24964144869920948, 0.13762253815914222], [0.3746580565286527, 0.2283770533291881, 0.23855862379386625, 0.15840626624828455], [0.41823680520482137, 0.24162179893954802, 0.26000463474823826, 0.08013676100736841], [0.41055851832329443, 0.22458519780627037, 0.2367426673672754, 0.1281136164031645], [0.4247584747964664, 0.24231250206199229, 0.22550891948018795, 0.10742010356135043], [0.41561763639554505, 0.24481909097888005, 0.21995892790880298, 0.11960434461679004], [0.4237487415515404, 0.2154273806419862, 0.21610069606745785, 0.1447231816390212], [0.41596428745029057, 0.23889052312513107, 0.2347950771677415, 0.11035011215683074], [0.4186699713202296, 0.25796242490038557, 0.23249245332623059, 0.09087515035314293], [0.42130268533926085, 0.23363027319379487, 0.21402011713765715, 0.131046924229286], [0.41041350708045776, 0.2702145659652611, 0.20026652107132872, 0.11910540578293263], [0.40318160963405575, 0.27133697200726126, 0.19017843928563094, 0.13530297897306526], [0.43278356770172277, 0.23070050273084433, 0.19679767885688965, 0.1397182506105443], [0.40902275834905416, 0.2532455667198416, 0.21373248487194532, 0.12399918995917342], [0.3700267343448406, 0.23105945044675605, 0.2631076855868944, 0.13580612952150256], [0.37074812430965187, 0.22446907528115967, 0.2466211119047385, 0.1581616884044436], [0.4047014989285855, 0.24278412456704246, 0.2158521636532911, 0.13666221275108442], [0.3935417534074139, 0.25553346342800975, 0.22920083840781771, 0.12172394465673775], [0.40889898161894317, 0.23719879583033238, 0.2162417109534209, 0.13766051149729058], [0.382231002319691, 0.24999152072757747, 0.2303805265462726, 0.13739695030645319]], "ideal": "B", "sampled": "B", "correct": true}}
{"type": "result", "data": {"idx": 14, "options": ["Relationship marketing.", "Service mix.", "Market exchanges.", "Service failure."], "probs": [[0.45261652882360487, 0.2111575205531799, 0.2526274013425725, 0.08359854918063708], [0.46580166132578704, 0.2023632799107491, 0.23480136588227057, 0.09703369278119112], [0.486564066912625, 0.22764657314198997, 0.21391483071579737, 0.07187452912959053], [0.48286712508755253, 0.22958703741063935, 0.2185454070388474, 0.06900043036296889], [0.45286411345596367, 0.1994320788452482, 0.23528229420236912, 0.11242151339641338], [0.4560096418465596, 0.20186704367529923, 0.24820922235919826, 0.09391409201894035], [0.44086741037550814, 0.22469863699341935, 0.24736032278807502, 0.08707362974299931], [0.4487042446917144, 0.2099350326534074, 0.23589990874975528, 0.10546081380512104], [0.45006489717425446, 0.22917657404751893, 0.237668634417174, 0.08308989426107145], [0.43722052368066133, 0.22788795030133474, 0.24286525602157988, 0.09202626989642229], [0.4403495890936028, 0.20734879365332154, 0.2363499557925538, 0.11595166136052437], [0.4203455802426726, 0.2176211015004925, 0.25211910524277614, 0.10991421291405404], [0.48782050375426117, 0.20689413248183294, 0.23102524735186436, 0.07426011631203759], [0.487816334253905, 0.20701654348016113, 0.23322711488790557, 0.07194000727802362], [0.46718524696330693, 0.20513564385096944, 0.245743315518507, 0.08193579356723191], [0.46124150533558367, 0.20557594751393163, 0.24217611024734426, 0.09100643680312305], [0.46596536994354676, 0.2012311787652376, 0.2443946685188388, 0.08840878267238866], [0.4510925784833719, 0.2069780535280994, 0.24173118537527302, 0.10019818251326618], [0.4374966581842137, 0.21556633623214896, 0.2383546434581892, 0.10858236202544252], [0.4366316568881982, 0.22148727587024294, 0.2510976620104785, 0.09078340513110092], [0.4245187823358325, 0.2060279543015054, 0.25190028005686765, 0.11755298320579238], [0.39811218614857435, 0.21749614451752722, 0.2726455940546201, 0.11174607517928004], [0.4569257060315648, 0.22772828332971007, 0.23365382802273066, 0.08169218251601043], [0.4426202469656884, 0.2311996891147846, 0.23384158774803737, 0.09233847607148575]], "ideal": "C", "sampled": "C", "correct": true}}
{"type": "result", "data": {"idx": 15, "options": ["Search marketing.", "Internet advertising.", "Permission-based email marketing.", "Social web marketing."], "probs": [[0.4040871907241683, 0.23818750835032723, 0.2930188476978668, 0.06470645312764131], [0.37094878794431213, 0.23310252684576976, 0.30332837372507654, 0.09262031138482799], [0.43762901555414047, 0.2686447304436118, 0.24033189663483803, 0.053394357267394214], [0.420972393766509, 0.274716337525147, 0.2588603646256655, 0.045450903982673936], [0.3591183219001991, 0.22863670029764743, 0.3234985047612017, 0.08874647294096809], [0.3962260462410608, 0.23596048665689015, 0.3144679945921457, 0.05334547240991971], [0.40323151166131505, 0.2398482479794989, 0.29042282685001036, 0.06649741340914986], [0.3711234828355482, 0.23013036041611357, 0.30376161930684425, 0.09498453734149973], [0.43212109285221434, 0.2810152838426736, 0.23427868820123804, 0.05258493500389048], [0.4290639576435099, 0.2784057929872495, 0.2431364691852991, 0.04939378008393132], [0.3604240926851062, 0.23479741014663033, 0.3111253733169136, 0.093653123751344], [0.4046079434095427, 0.2373546382649344, 0.2991546373289066, 0.0588827808966146], [0.472949937513531, 0.26151733393785254, 0.20659171976738705, 0.05894100868123366], [0.4583303156953387, 0.27007941584582984, 0.22198713314365076, 0.049603135215177105], [0.4622335818666035, 0.2632418156885973, 0.21551885635025225, 0.059005745994546055], [0.4630073315750669, 0.2615565297831392, 0.21981368393460404, 0.055622454607180724], [0.4533472898890569, 0.2673357134374587, 0.2303652612699262, 0.04895173530357828], [0.4727026619982134, 0.2590754909512901, 0.21758327502226413, 0.050638571928239215], [0.3635994550457646, 0.23418700380213975, 0.3125901207035507, 0.08962342034853839], [0.39650488789034677, 0.24025526599230976, 0.3066844472480809, 0.05655539876927068], [0.36233351190155966, 0.24697724370125101, 0.3020533154863915, 0.08863592881080386], [0.4016182350342218, 0.2454973601701888, 0.2932478937405381, 0.059636510955063504], [0.422717990908106, 0.27156619299656953, 0.25913088262026096, 0.04658493337505203], [0.4339226953275138, 0.26690986230250857, 0.2503260043566609, 0.04884143791331312]], "ideal": "C", "sampled": "C", "correct": true}}
{"type": "result", "data": {"idx": 16, "options": ["Vehicle.", "Courier.", "Transportation.", "Distribution channel."], "probs": [[0.2950886925000714, 0.27460377920363555, 0.3069302196902397, 0.12337730850604232], [0.3449188526872002, 0.2741124158495258, 0.29887721463842387, 0.08209151672483946], [0.32947521106530464, 0.2674738260311916, 0.28366338451355255, 0.11938757828995507], [0.37803762844828864, 0.27356333330379695, 0.266817096835427, 0.08158194131250593], [0.38175711674731927, 0.282387110665924, 0.24448829830061478, 0.09136747418614626], [0.3890754429995531, 0.28874088521722135, 0.239002069640458, 0.08318160204277555], [0.28430384412686316, 0.2735934424369097, 0.29639037275604463, 0.1457123405801843], [0.33317084175988665, 0.27751778731195015, 0.2925067079624822, 0.09680466286567534], [0.316343280685456, 0.2770495688612361, 0.26857089645378773, 0.13803625389950575], [0.3700205539649965, 0.28237148023899117, 0.24324282115490473, 0.1043651445411079], [0.36051666434168134, 0.29704458359451247, 0.23568261191473622, 0.10675614004906497], [0.38127167722714184, 0.2963135461340406, 0.2210344052511905, 0.10138037128762803], [0.33479262090005546, 0.2415369085975743, 0.29191194880329874, 0.1317585215990901], [0.379802794634983, 0.24929110352655362, 0.28003306640831793, 0.09087303533014493], [0.3299847798111877, 0.25063123261682135, 0.29028124353548623, 0.129102743936504], [0.3865816009862929, 0.2542466173113741, 0.2623918745974946, 0.09677990700485394], [0.3998563247280281, 0.272389976419893, 0.2302157166787943, 0.09753798207328167], [0.41304933503216856, 0.26676692974321564, 0.2175136339641981, 0.10267010116041755], [0.39128150129624134, 0.25087260323654187, 0.2653796324596711, 0.0924662629075467], [0.40054978090045784, 0.256005026461262, 0.26099611049009863, 0.0824490820481881], [0.388835438137292, 0.24671679441708003, 0.26856120201934197, 0.09588656532628863], [0.40551182295209937, 0.2483516660134353, 0.25542564112237387, 0.0907108698120817], [0.4132986885867981, 0.24956359327917008, 0.25150234410735317, 0.08563537392667603], [0.4203892058870494, 0.2468718105035769, 0.23916155549085527, 0.09357742801851639]], "ideal": "D", "sampled": "D", "correct": true}}
