{"type": "result", "data": {"idx": 0, "options": ["Cerebral infarction during the hospitalization", "Complication of the IVC filter placement", "Compression of the lateral femoral cutaneous nerve", "Hematoma of the left thigh"], "probs": [[0.15849323582720518, 0.23820686945905314, 0.1838840112567536, 0.41941588335697244], [0.16226314774547532, 0.21533819597639375, 0.18545432651909743, 0.43694432965903107], [0.15360264983926025, 0.23795850932090393, 0.24451089532324186, 0.36392794541658047], [0.1799681921848266, 0.26885885054870534, 0.25109349730441527, 0.30007945986205914], [0.17216248479212307, 0.2541940765886762, 0.1880182318729889, 0.3856252066462091], [0.1918256353420151, 0.2962314921329737, 0.20036737027832904, 0.3115755021466846], [0.15882039390448638, 0.2079748587229339, 0.17919867607552833, 0.4540060711970646], [0.1582337460911397, 0.17807227262141023, 0.1827655535007299, 0.4809284276867174], [0.17035168198025222, 0.2108580418731005, 0.2634106670910931, 0.35537960895555476], [0.20006709058425706, 0.2431540880679846, 0.26393834718917936, 0.29284047405857955], [0.17887440704956636, 0.20434081155887981, 0.2155324934866607, 0.4012522878049031], [0.2037420659128515, 0.2542811771015672, 0.2217373162007555, 0.3202394406848171], [0.17619275239625687, 0.20470199068164066, 0.18092430562024434, 0.4381809512018628], [0.20114112509615328, 0.23639516241465314, 0.20588631522875436, 0.3565773971604303], [0.18952136057693494, 0.19776756600213577, 0.19869513448888704, 0.41401593883205495], [0.22769215141676222, 0.2407281445176688, 0.2159934216631431, 0.31558628230242786], [0.21918908818055036, 0.24589493554596573, 0.21846288250101042, 0.3164530936724923], [0.22217313853612022, 0.25841428559308693, 0.21216539534412185, 0.3072471804266793], [0.1790844184138677, 0.2097938295869944, 0.17062182458834776, 0.4404999273108079], [0.1991844041237778, 0.25594715245341043, 0.1843761241175279, 0.36049231920526464], [0.1830516746681325, 0.20620686586414758, 0.19697893247700166, 0.4137625268907137], [0.20464639935254492, 0.2573756953591781, 0.20466725628151855, 0.3333106489067809], [0.19000781438561076, 0.2467756788778002, 0.2516243053362575, 0.31159220130032855], [0.19183990391574055, 0.25397717307566764, 0.25186877635733906, 0.30231414655126115]], "ideal": "C", "sampled": "C", "correct": true}}
{"type": "result", "data": {"idx": 1, "options": ["Braxton Hicks contractions", "lower uterine retraction ring", "hypotonic uterine dysfunction", "primary dysfunctional labor"], "probs": [[0.2095617071784345, 0.20030535008045325, 0.13435070599839105, 0.45578223664271095], [0.23322543401257914, 0.22238212083967773, 0.14630495069758304, 0.3980874943501647], [0.2316642425166807, 0.21142002167677823, 0.13874742186764388, 0.41816831383888875], [0.2530062157401444, 0.23972493207537549, 0.15729587291079702, 0.34997297917368664], [0.24601063097929954, 0.2407886135597422, 0.14086008631124555, 0.37234066904968655], [0.24692890764132788, 0.2480588419165456, 0.14351291891477105, 0.3614993314273494], [0.24920697830354574, 0.20063475108300402, 0.12303180966011235, 0.42712646085334394], [0.267660722980158, 0.21456617234090164, 0.13409395614994968, 0.3836791484289933], [0.2776839087180612, 0.20835652737772536, 0.1212164615781783, 0.39274310222603337], [0.3131096003688471, 0.24733426853584814, 0.12910284462603952, 0.3104532863692663], [0.27867953746822477, 0.21483823579332417, 0.13130204726370562, 0.3751801793747402], [0.30431885050927177, 0.24476575887603558, 0.13923812968123214, 0.31167726083346076], [0.24935718149932412, 0.19675186674377498, 0.12426933750157572, 0.42962161415532324], [0.26860393170601654, 0.21246654215656038, 0.1431151528198666, 0.37581437321757355], [0.26646523833018515, 0.20360454861618227, 0.11933238483440065, 0.4105978281192258], [0.293813915892746, 0.24391131542018848, 0.12690666351172952, 0.3353681050753395], [0.29193650015493283, 0.2194153024456694, 0.13170429335424436, 0.3569439039451292], [0.30455607618410824, 0.2448903182926975, 0.13105707127045343, 0.31949653415274987], [0.26136860989044214, 0.21523283265291385, 0.13327364960079532, 0.3901249077558361], [0.2622526168201751, 0.21295711789803912, 0.13798714812078497, 0.386803117061021], [0.27522336731166547, 0.22360662672331597, 0.1338526936106307, 0.36731731225439834], [0.29018465175727765, 0.2496828963733089, 0.13766942814705865, 0.3224630236223479], [0.2862478020349021, 0.21862956051005242, 0.1409543961568756, 0.3541682411981692], [0.3018304539344679, 0.2458399992221723, 0.13824592925493226, 0.314083617488448]], "ideal": "C", "sampled": "D", "correct": false}}
{"type": "result", "data": {"idx": 2, "options": ["The findings are clinically and statistically significant", "The findings are clinically insignificant but statistically significant", "The findings are clinically significant but statistically insignificant", "The findings are neither clinically nor statistically significant"], "probs": [[0.277782844136954, 0.3323347186291069, 0.1761712681800998, 0.2137111689538395], [0.26746072028745227, 0.3085567984466736, 0.18346128903206763, 0.24052119213382941], [0.25650514993440116, 0.3230074297934202, 0.16637560475325222, 0.2541118154189427], [0.2369625951933414, 0.3059100565164745, 0.1737059559767381, 0.28342139221345836], [0.24736848376609738, 0.30227367002656247, 0.17226394310883847, 0.27809390299850734], [0.26089823432919, 0.3120066939948376, 0.18397605596540342, 0.24311901561058039], [0.27609344315800183, 0.3551177719830557, 0.1447915639522906, 0.22399722080664597], [0.26335744097520186, 0.33870200992389543, 0.16494108019395293, 0.23299946880695482], [0.23639958628426302, 0.33213837649001554, 0.17459962029580073, 0.2568624168299005], [0.15696352181901516, 0.28832769528464575, 0.1520395888872441, 0.4026691939090806], [0.21779654619854982, 0.29470293369601647, 0.19035282500469633, 0.2971476950007366], [0.174155518024417, 0.2809541666614201, 0.15422805391947053, 0.3906622612946997], [0.26287434240552365, 0.35897990327839624, 0.15613540384199387, 0.2220103503740938], [0.23624204687867448, 0.33406133417979256, 0.17165888838008583, 0.25803773046145395], [0.22556609450592896, 0.3232148307391236, 0.18565900613124903, 0.265560068523719], [0.14790831442436117, 0.2738769870355991, 0.15605418562943416, 0.4221605128106055], [0.18876286288207839, 0.2918363200628338, 0.21119812752010259, 0.3082026894349743], [0.15198375615082976, 0.2659020475322845, 0.16126202093071465, 0.42085217528615404], [0.24616826961591198, 0.34484434849178885, 0.14381503605327622, 0.26517234573902876], [0.25896924285215395, 0.37168233995055017, 0.14733561487321611, 0.2220128022240881], [0.219374679568432, 0.3113106850021358, 0.19831575828763803, 0.2709988770418066], [0.1611048483028926, 0.2817199061994223, 0.15889226441628687, 0.3982829809813983], [0.2077500745899422, 0.3212961382317782, 0.20659086724664763, 0.2643629198316511], [0.16526182363020722, 0.2753711263625593, 0.15303063553227, 0.4063364143749648]], "ideal": "B", "sampled": "A", "correct": false}}
{"type": "result", "data": {"idx": 3, "options": ["Atrial fibrillation", "Cor pulmonale", "Systemic hypertension", "Tricuspid valve regurgitation"], "probs": [[0.15099569062121218, 0.21148812784609608, 0.22674282589497116, 0.41077335553772315], [0.1662848839267876, 0.22641962669697388, 0.22749004888954785, 0.37980544038668673], [0.15932224281637306, 0.2021074344050079, 0.20673391414904746, 0.4318364085295645], [0.14072155075449402, 0.19363280615465273, 0.2131253568228627, 0.4525202861679909], [0.1842238113031023, 0.2494878088915102, 0.23052157005495252, 0.33576680965043915], [0.15790539413987414, 0.23120294051223067, 0.24495776869259883, 0.3659338965553199], [0.1432886169899562, 0.23763347547682354, 0.21563037148077835, 0.4034475359524487], [0.16262720496445365, 0.2612747830003686, 0.22630507494268723, 0.3497929369924778], [0.14280150719244417, 0.2300593066948026, 0.1882513547995197, 0.4388878312132354], [0.15207133334613926, 0.22027280443195899, 0.19029977615532623, 0.43735608596658426], [0.16273435892152294, 0.29643238454693216, 0.2099007707590508, 0.33093248567248446], [0.15865211531567927, 0.26531663418193513, 0.204448844890009, 0.37158240551239347], [0.1522332583930141, 0.20480153670399093, 0.21186568132296343, 0.43109952348002084], [0.1393758987279353, 0.20340950440314512, 0.23182055112072503, 0.42539404564819283], [0.14547492209141247, 0.21097839014130276, 0.203493481721413, 0.4400532059458798], [0.1565930584622207, 0.20378277800223252, 0.20813313484549473, 0.43149102859005634], [0.1440139746817941, 0.2255193659899332, 0.24636398487624375, 0.38410267435202533], [0.15706832399033568, 0.21768462675056427, 0.23021718396421523, 0.3950298651948927], [0.19501506046027725, 0.25199688617603905, 0.21738550354959987, 0.33560254971406683], [0.17072403032678315, 0.23499156020399362, 0.2303069292906175, 0.3639774800786298], [0.18468794449769055, 0.2560582340720637, 0.19615111959041978, 0.3631027017398311], [0.18394089784362128, 0.23038991395461536, 0.1950294027052995, 0.39063978539647176], [0.16565763318043958, 0.22041800297757178, 0.2109571293407788, 0.4029672344011915], [0.17930103974698808, 0.21353313136989818, 0.20553916674664024, 0.40162666203648056]], "ideal": "C", "sampled": "D", "correct": false}}
{"type": "result", "data": {"idx": 4, "options": ["Median nerve at the wrist", "Musculocutaneous nerve at the forearm", "Radial nerve at the forearm", "Ulnar nerve at the elbow"], "probs": [[0.277483386764818, 0.18783482544077287, 0.1826478357441085, 0.3520339519503084], [0.2614297771963181, 0.20987024146431782, 0.19197945552848822, 0.3367205257108553], [0.28355798319607584, 0.18329675399431813, 0.20313802832698885, 0.3300072343826309], [0.2658212777493253, 0.1912996214528869, 0.20639537186626855, 0.336483728831498], [0.2545582832938379, 0.1991010796895153, 0.20672770227975826, 0.3396129346368741], [0.25766772003627764, 0.19758186906420722, 0.19959515048744553, 0.3451552603120807], [0.2963705382849798, 0.18079218872363093, 0.17634311886897575, 0.34649415402240014], [0.28705324066222415, 0.19445111210246335, 0.1823097532616746, 0.3361858938736344], [0.2999591923984769, 0.17830798945146917, 0.17629896005382878, 0.3454338579962343], [0.2914806049222932, 0.17834979640419785, 0.17047481652433044, 0.35969478204916466], [0.2977958943594989, 0.19848358809919583, 0.19782638806941158, 0.30589412937189386], [0.2987722339442676, 0.18760979862613336, 0.1857260673710272, 0.3278918999585757], [0.2873286320576945, 0.18213852083102103, 0.2038240088182087, 0.32670883819305485], [0.2848467500449508, 0.18882925962045388, 0.20502619891208282, 0.32129779132250674], [0.2992655796889201, 0.19298663709260377, 0.18230125029106303, 0.3254465328274064], [0.29050614035497585, 0.19618396123838885, 0.17095617010875666, 0.34235372819786164], [0.2845674104181587, 0.1892973407065102, 0.19802995064254345, 0.3281052981327939], [0.2801378770530083, 0.1907393378791782, 0.1927493798651967, 0.3363734051026378], [0.2523006850024159, 0.20931163168112546, 0.19544115545911359, 0.3429465277573506], [0.25892364740434726, 0.2076224055962582, 0.18972611344159704, 0.34372783345779284], [0.2701938198941159, 0.220108805619003, 0.19183058159914365, 0.3178667927877267], [0.27629876720847985, 0.2064263306700915, 0.17594339736163145, 0.3413315046597902], [0.26506031563293275, 0.1992197396461028, 0.19072610444858404, 0.3449938401723667], [0.27354710144654026, 0.19953878373227749, 0.18835333019872177, 0.33856078452247174]], "ideal": "D", "sampled": "B", "correct": false}}
{"type": "result", "data": {"idx": 5, "options": ["Fatty acid oxidation", "Fatty acid synthesis", "Gluconeogenesis", "Glycogenolysis"], "probs": [[0.24182762679302777, 0.26240541452859595, 0.1338538413357724, 0.3619131172426114], [0.2542365039397371, 0.26294549259867434, 0.13716859849923108, 0.34564940486232965], [0.24603201283604806, 0.25610741561866995, 0.13902029075761893, 0.35884028068765284], [0.25709129450131013, 0.2511298992600308, 0.1340631417783877, 0.35771566436026575], [0.26467541363839037, 0.27510247889793965, 0.1351844429786825, 0.3250376643849868], [0.26757910463303397, 0.27311991140369773, 0.1226301023837163, 0.3366708814795613], [0.2464254682383637, 0.26454311950203935, 0.1362597362215597, 0.3527716759380544], [0.2575489081161747, 0.26599701943700543, 0.13856394980003373, 0.33789012254679196], [0.24280831615137005, 0.2501702258079221, 0.1370244047442292, 0.36999705319648163], [0.2541043238886576, 0.2574139088124094, 0.1369630386639216, 0.3515187285350301], [0.25955677168426655, 0.27021007357730426, 0.13395324792152621, 0.3362799067168936], [0.26292935244947496, 0.2787178763819332, 0.12635014607763773, 0.33200262499097094], [0.25152890593702226, 0.2908036726358866, 0.12329037587427007, 0.33437704545280633], [0.2544049763194888, 0.29194132505282966, 0.12574698881399138, 0.3279067097136811], [0.24829218864856986, 0.2763116424608376, 0.11983001751075553, 0.3555661512798428], [0.24991278563327127, 0.2907546120775347, 0.12918333752911615, 0.3301492646600633], [0.25024416132365973, 0.2760403800629431, 0.1409154333675324, 0.33280002514585627], [0.25342431537683024, 0.2779997503350011, 0.14507044619588869, 0.32350548799227485], [0.2758692781388075, 0.29702030901254917, 0.11143142595095304, 0.31567898679770284], [0.26414968392832955, 0.2965436524067442, 0.1089899317642348, 0.3303167318007017], [0.277319930670657, 0.2857604631518465, 0.10732215238226349, 0.3295974536952495], [0.26295869112837683, 0.29633352227691634, 0.11206032138312146, 0.3286474651115924], [0.25201474912618227, 0.27438911257672616, 0.116979457345061, 0.35661668085200726], [0.25514621695841966, 0.277520441071792, 0.1203207918537763, 0.3470125500160106]], "ideal": "A", "sampled": "D", "correct": false}}
{"type": "result", "data": {"idx": 6, "options": ["Reassurance", "Assess for suicidal ideation", "Begin dextroamphetamine therapy", "Increase oxycodone dosage"], "probs": [[0.19303284226473658, 0.21204480114447996, 0.2615546140595462, 0.33336774243124484], [0.16920517642113161, 0.20799413023413676, 0.2413635832382694, 0.38143711000646424], [0.183015674301451, 0.21546876035312865, 0.2559440740911738, 0.345571491154249], [0.17031873957011684, 0.22622496353612884, 0.2464026713875122, 0.3570536254062286], [0.16396935285242992, 0.21058290303444824, 0.25961263786204275, 0.3658351061510671], [0.17064599603474892, 0.22115986770092189, 0.28323882464188027, 0.32495531152245255], [0.20039156334389718, 0.22514511969231074, 0.2400812212417171, 0.3343820956220789], [0.17997888125196815, 0.22390669801004887, 0.22098826976073724, 0.3751261508772476], [0.19839310076429215, 0.23890921176758895, 0.19200810313148822, 0.37068958423664516], [0.2174204377259381, 0.2611432221625339, 0.20750223612320176, 0.3139341038883095], [0.16484534990607194, 0.2481316197816771, 0.22750882757813834, 0.3595142026341007], [0.20136673535363633, 0.2547221283872391, 0.2591549705185606, 0.2847561656405656], [0.19973725681117718, 0.1858618856648924, 0.2212013305964483, 0.39319952682748893], [0.18435240807420114, 0.1952765801554647, 0.22767092905404346, 0.3927000826162813], [0.2053803120798116, 0.18504100332604123, 0.1999739169128246, 0.40960476758132225], [0.22519478253620617, 0.20253237293459236, 0.23054758476620582, 0.3417252596629877], [0.1733331966355386, 0.2135793549668512, 0.2522171736286201, 0.36087027466899946], [0.2074454896779663, 0.2117917713430938, 0.2864981809746375, 0.29426455790430994], [0.15196272767125332, 0.24510334227320782, 0.20125363875540303, 0.4016802912001464], [0.16574404479656935, 0.2531368447497864, 0.24520267424195633, 0.33591643611170496], [0.15433884537409276, 0.23786341662751276, 0.2081812551406931, 0.39961648275767725], [0.19435817572079342, 0.24647448559634377, 0.2646951511061713, 0.29447218747670195], [0.15784297676038447, 0.2654239866647496, 0.22217534246247844, 0.35455769401237897], [0.19291072240873014, 0.2639850513371881, 0.25666474938500117, 0.286439476769082]], "ideal": "B", "sampled": "C", "correct": false}}
{"type": "result", "data": {"idx": 7, "options": ["Defect in thyroxine (T4) biosynthesis", "Graves' disease", "Multinodular goiter", "Riedel's thyroiditis"], "probs": [[0.23637149257416706, 0.26813818625587876, 0.15629794739419836, 0.3391923736757652], [0.2266337333478158, 0.2745183239913111, 0.15839322802297703, 0.34045471453789444], [0.23065764222659815, 0.2554694444583027, 0.19613015156975505, 0.31774276164534454], [0.23844549318899552, 0.27839300046622056, 0.17204816360179143, 0.3111133426430059], [0.21439579919974885, 0.2373666031434062, 0.20757896230405715, 0.34065863525279605], [0.2342037685823867, 0.2569351419990449, 0.1840342134542236, 0.3248268758643408], [0.2766895968741517, 0.3062678836693578, 0.16670081882493645, 0.2503417005315578], [0.2679010712585009, 0.3145685608383702, 0.16889838931509107, 0.2486319784880407], [0.26963746436966984, 0.30361653414147644, 0.156341273470188, 0.2704047279186615], [0.2715862081354471, 0.30215178132346154, 0.15048272001567872, 0.2757792904254151], [0.2693644643827413, 0.30870780508317575, 0.1583963793020383, 0.26353135113204834], [0.28387337181459793, 0.29636459624346184, 0.15222703467238352, 0.2675349971695281], [0.23758559202591376, 0.27863252953976253, 0.18291931312376342, 0.30086256521057797], [0.250316815207944, 0.3021126935709865, 0.15643722896592663, 0.291133262155147], [0.24628470236564506, 0.2923463882544202, 0.145084574661897, 0.3162843346180432], [0.25574472427898176, 0.30096916931012385, 0.142313956390285, 0.3009721499205967], [0.25254558128336657, 0.29946340354292555, 0.14192229776159412, 0.30606871731210494], [0.24924450199375867, 0.2674671782749476, 0.17038372804338667, 0.31290459158789996], [0.21578665154358517, 0.27527974781715203, 0.19285267838581532, 0.31608092215343647], [0.23001938290463636, 0.2913313680534588, 0.1711919025284096, 0.30745734641350714], [0.23270459027942061, 0.2913325431663731, 0.13602778795030768, 0.33993507850391136], [0.251533989123844, 0.2891747382755062, 0.13152906840250447, 0.32776220409814993], [0.23590847878131943, 0.30821745403117035, 0.1307914726108548, 0.32508259447665677], [0.2362720432812943, 0.2742716105620621, 0.16242396931937306, 0.3270323767372738]], "ideal": "C", "sampled": "B", "correct": false}}
{"type": "result", "data": {"idx": 8, "options": ["Inferior deep cervical", "Parotid", "Retropharyngeal", "Submental"], "probs": [[0.2589088957718379, 0.2569446612633384, 0.14804197484595322, 0.33610446801889354], [0.23989015020892024, 0.21972945201649624, 0.14757641565981425, 0.39280398201478156], [0.2728831465729251, 0.2477292170621822, 0.15835074387499418, 0.321036892389904], [0.26555465863513744, 0.22463754466462638, 0.15529555697463393, 0.3545122396256123], [0.2574991294483094, 0.2033891920111867, 0.13965679878469064, 0.3994548796558133], [0.2724288325404329, 0.2123239349299632, 0.1330701106636022, 0.38217712176599095], [0.27139086730526757, 0.20580267579095726, 0.152219868346471, 0.3705865884573067], [0.2604357021332704, 0.18005755949671867, 0.14760140869117472, 0.4119053295788271], [0.25139413797530935, 0.1969152302736563, 0.1422106303971956, 0.40948000125382594], [0.23548362428661845, 0.1752699224357357, 0.13096493264061004, 0.45828152053704746], [0.20969155814675597, 0.14471962809508312, 0.13558079628026903, 0.5100080173778918], [0.2392676525866918, 0.16830489996129602, 0.14415612744664513, 0.44827131990537067], [0.2506535096628997, 0.2229304890537714, 0.18437878192152016, 0.342037219261808], [0.24467051691032796, 0.20142741800708994, 0.18694391233738153, 0.3669581526452035], [0.23906134810668453, 0.2248856218694832, 0.15784772025182203, 0.37820530967200133], [0.22381835615793935, 0.20181912774079253, 0.15189135017465288, 0.4224711658266077], [0.22353766964980887, 0.18652702934851548, 0.15723771135448908, 0.4326975895471755], [0.22155803674305696, 0.18772498500755685, 0.1551541915700273, 0.4355627865793722], [0.21703449385542714, 0.18040204462425158, 0.14990662147080017, 0.4526568399495287], [0.2334232390844704, 0.17907271577010742, 0.15480423661308393, 0.4326998084323337], [0.19334855840003637, 0.15340893577331843, 0.1475695199765722, 0.5056729857500647], [0.21471470771304577, 0.18516006038744115, 0.15332165407033754, 0.44680357772918305], [0.21776578194773938, 0.17246051250017191, 0.14243984534385873, 0.46733386010823075], [0.21022027374908334, 0.19031582208106426, 0.13868133766275142, 0.46078256640709875]], "ideal": "D", "sampled": "A", "correct": false}}
{"type": "result", "data": {"idx": 9, "options": ["Carbonic anhydrase inhibitor", "Na+ \u2013Cl\u2212 symport inhibitor", "Na+ \u2013K + \u20132Cl\u2212 symport inhibitor", "Osmotic diuretic"], "probs": [[0.3068830044730592, 0.2539047035475794, 0.12931741191986984, 0.3098948799594937], [0.2846856933706687, 0.23377490396930714, 0.10415284012871832, 0.37738656243130053], [0.338464964683601, 0.2603023278067167, 0.11914113447570913, 0.28209157293396253], [0.3132540087626008, 0.2467053176360765, 0.12108354705005668, 0.31895712645126767], [0.29962129315277564, 0.22975766457261393, 0.08979446823669443, 0.38082657393790587], [0.3435891651871637, 0.24257076698022037, 0.10244331163544157, 0.3113967560971656], [0.32332060465656853, 0.28035314294874464, 0.11643883798942632, 0.2798874143052396], [0.30003404387041877, 0.2558515933624617, 0.08732713421959659, 0.35678722844752964], [0.3640797566052701, 0.3010941730506055, 0.11888418329458711, 0.21594188694953742], [0.3476837471320258, 0.29276665387251993, 0.13275458744585056, 0.22679501144962272], [0.2966734289948706, 0.24539341069149812, 0.08422536505129911, 0.3737077951623173], [0.33674447213552655, 0.2683590028832684, 0.1204099661181845, 0.27448655876301337], [0.37484121758476735, 0.26468144631155394, 0.11483821095356297, 0.24563912505010913], [0.3315781247488998, 0.23949268116291525, 0.09118190995773111, 0.3377472840304487], [0.4059116229435245, 0.2674140660851797, 0.11412874887777563, 0.2125455619935131], [0.38926959454318677, 0.2595775900909141, 0.12604364277050759, 0.22510917249539913], [0.3345112763827141, 0.23326384653040583, 0.08445907339902783, 0.34776580358784415], [0.37340023193654676, 0.2576104733962502, 0.11478534903364015, 0.25420394553355585], [0.27539814190128364, 0.20285346472235566, 0.084763558849002, 0.43698483442734953], [0.3281536073648756, 0.21627875147479278, 0.09386534603141788, 0.3617022950289106], [0.2756059498041576, 0.20417096662517734, 0.1033307436995582, 0.41689233977110685], [0.3186134963989715, 0.22116208157375938, 0.13518126090787055, 0.32504316101940234], [0.31294570238009317, 0.2239285917552644, 0.12275275868494977, 0.3403729470797008], [0.34598217581616564, 0.23264574799069962, 0.1298073874107481, 0.2915646886823921]], "ideal": "B", "sampled": "C", "correct": false}}
{"type": "result", "data": {"idx": 10, "options": ["Chest x-ray", "Complete blood count", "Determination of serum albumin concentration", "Determination of serum digoxin level"], "probs": [[0.3085201008607636, 0.21976187201180952, 0.1624375552039378, 0.30928047182348195], [0.3187377896339103, 0.21582650029250586, 0.16547731006843003, 0.2999583999051634], [0.29648534466661686, 0.2068907068796748, 0.14833660054210954, 0.3482873478116081], [0.2982264446234471, 0.22646015020486757, 0.17218181554203812, 0.3031315895296488], [0.30286900305161085, 0.20288239017705323, 0.17914511524061966, 0.3151034914307169], [0.2996504059227335, 0.23021657760727782, 0.2009906535149329, 0.26914236285507254], [0.285587428627755, 0.22626506231557234, 0.1592852510746047, 0.3288622578820535], [0.29507583105601737, 0.22489446776759797, 0.1587833601067985, 0.3212463409695897], [0.27454162374330665, 0.1947015946830065, 0.14163504805865584, 0.38912173341503], [0.2872704087215162, 0.22842997799161793, 0.1605984987297937, 0.32370111445706234], [0.27600185286264306, 0.20007447796655134, 0.14823801389282046, 0.37568565517799046], [0.28503353587399227, 0.2423259362626201, 0.17292181049588967, 0.29971871726750343], [0.27915513644297546, 0.19015663740130004, 0.14698850228238092, 0.3836997237733485], [0.2833350360250243, 0.21070152976856288, 0.17474473205088675, 0.3312187020555252], [0.2992175848568914, 0.18358515634634007, 0.13833092523574528, 0.3788663334610168], [0.3187485034629051, 0.19884396031602825, 0.16558421565257556, 0.3168233204684873], [0.2767695351617767, 0.1947244875246034, 0.16304022425502876, 0.3654657529585803], [0.3001885539399105, 0.2014123933754562, 0.15421894349223933, 0.34418010909239044], [0.2906251813680787, 0.21104024544058828, 0.14931962737285234, 0.3490149457184942], [0.2972435742562893, 0.24392186832844046, 0.17964595470645706, 0.2791886026088224], [0.28658179087590896, 0.19682503455029585, 0.14301295241665937, 0.373580222057112], [0.3036031826922346, 0.22888976279640058, 0.17242787201534607, 0.2950791823960195], [0.2874435423653435, 0.2238675255090593, 0.1536003251280104, 0.33508860689760517], [0.303150905037175, 0.22868070057778161, 0.14178184598753926, 0.3263865482974935]], "ideal": "D", "sampled": "D", "correct": true}}
{"type": "result", "data": {"idx": 11, "options": ["Amoxicillin", "Cefaclor", "Ciprofloxacin", "Erythromycin"], "probs": [[0.300390123050869, 0.22518555595219492, 0.1715875167833585, 0.3028368041135764], [0.2701094028400858, 0.20735694208505284, 0.16303912759804112, 0.3594945273768167], [0.31940037308253394, 0.22515800864542854, 0.15801319731584157, 0.29742842085620835], [0.3137875014928764, 0.23175048293982814, 0.15361715953163246, 0.30084485593567195], [0.2798452235948804, 0.19841770344912835, 0.19891441732382775, 0.32282265553216977], [0.3060108514070376, 0.21700246528205966, 0.1997934433139769, 0.2771932398969188], [0.32139550502795294, 0.20137111430902946, 0.19784268393815382, 0.2793906966248617], [0.29739097588282803, 0.18667256953517955, 0.18582897075813648, 0.3301074837238755], [0.34284223650762335, 0.20073708440445187, 0.15508500403894626, 0.3013356749489896], [0.33217854650557455, 0.18942837157608974, 0.12886382199877203, 0.3495292598195528], [0.31159027953218277, 0.18278798531545554, 0.171565614050807, 0.33405612100155996], [0.33144752893738827, 0.18478615440473437, 0.16012700846369599, 0.32363930809416597], [0.34533239996675413, 0.2170019060213108, 0.16706880051849668, 0.27059689339343806], [0.3482223528822371, 0.22332444664503867, 0.16277409160562362, 0.2656791087671095], [0.3518810051708798, 0.21404686677176707, 0.14714692162649423, 0.28692520633087004], [0.3408497940609058, 0.2033995839507039, 0.12442034464755747, 0.33133027724085845], [0.3520855442150791, 0.2181699471450192, 0.15848085094046288, 0.2712636575994576], [0.35017164247654575, 0.19805060591402177, 0.1448250974582023, 0.30695265405124117], [0.29645067078528786, 0.21416656234261855, 0.202455820364662, 0.2869269464074369], [0.3233118741144642, 0.22771871989300393, 0.2013565943943257, 0.24761281149821018], [0.3095970757743455, 0.21865841553001397, 0.1582385583680151, 0.31350595022764366], [0.3289219834165332, 0.22271345157920097, 0.14507111898186315, 0.3032934459224132], [0.34353587461983864, 0.23867881253100362, 0.15457551516067802, 0.2632097975884983], [0.3426378314500312, 0.2213972661469863, 0.14362381303180324, 0.2923410892711791]], "ideal": "D", "sampled": "C", "correct": false}}
{"type": "result", "data": {"idx": 12, "options": ["Facial nerve", "Frontal sinus", "Mastoid sinus", "Olfactory nerve"], "probs": [[0.16960605950380406, 0.1433487440482785, 0.1596098334758213, 0.5274353628721171], [0.15201751245486878, 0.14322647654261042, 0.17145326743685557, 0.5333027434656888], [0.17983853436702205, 0.15382920446133863, 0.16191458077191564, 0.5044176802997582], [0.18295172863819434, 0.16316814196272453, 0.16612568102861222, 0.4877544482704663], [0.15242306023926688, 0.1370350813404845, 0.148781357576446, 0.5617605007438032], [0.17548543330258104, 0.14776237613079415, 0.14534615348548502, 0.5314060369811484], [0.16181100370827606, 0.19489638964491549, 0.15340117913734114, 0.4898914274094769], [0.1475534364120974, 0.20117418024618394, 0.16198959334667107, 0.48928278989503704], [0.16730538041841964, 0.18341812000748062, 0.1904019441517302, 0.4588745553223788], [0.16500219676545075, 0.17989936465872147, 0.18639392354717685, 0.4687045149286485], [0.14593162433371004, 0.18610596561959858, 0.16830065932351673, 0.4996617506231855], [0.1546072936893706, 0.17462585697607844, 0.14375123260623396, 0.5270156166283233], [0.17431054729732517, 0.19323214668175798, 0.148555926244258, 0.48390137967664565], [0.1781903985567366, 0.20749881847653143, 0.15244761645463803, 0.4618631664120948], [0.17915264929100957, 0.17303718150711792, 0.17819106739053975, 0.469619101711341], [0.17819407967070278, 0.16976149232781823, 0.1767472023722891, 0.4752972255291875], [0.17514037241990885, 0.19430947583088304, 0.16307455959016687, 0.4674755920590409], [0.1706044605909953, 0.17425843775059066, 0.14815092948216513, 0.5069861720762562], [0.147642997593818, 0.1887956445195776, 0.14095102482124675, 0.5226103329653766], [0.16881024787489007, 0.20068686715185008, 0.14025452580375827, 0.4902483590694919], [0.14800790337423814, 0.17597156847424153, 0.16903384327331422, 0.5069866847782175], [0.15694667169061163, 0.16976377845923168, 0.14963207980416687, 0.5236574699459845], [0.17306367715251042, 0.20102732759296732, 0.16576173445871187, 0.460147260695811], [0.16708281821853838, 0.18160828621623223, 0.15378899593973472, 0.49751989952549186]], "ideal": "D", "sampled": "A", "correct": false}}
{"type": "result", "data": {"idx": 13, "options": ["anterior scalene", "latissimus dorsi", "pectoralis minor", "supraspinatus"], "probs": [[0.29284238385945766, 0.16424252708947631, 0.12969829997454144, 0.41321678897654185], [0.2901929688957331, 0.18819963831382105, 0.11909287421371055, 0.40251451847674236], [0.31294242071861705, 0.1830892930955557, 0.13877843352877345, 0.36518985255705266], [0.29556123050248123, 0.1922299973326897, 0.13021222075684905, 0.38199655130798554], [0.2884796890196447, 0.2018738814309815, 0.1320415085040388, 0.3776049209453422], [0.28875633908328757, 0.200434957871016, 0.13999681794885482, 0.3708118849968308], [0.33102315385896625, 0.2115437322669818, 0.13206094637830307, 0.32537216739574276], [0.3282965637624133, 0.22983758495954146, 0.12142124582127774, 0.3204446053567766], [0.34250454269241365, 0.21667202739229516, 0.13646241224633834, 0.30436101756894723], [0.3632880801085824, 0.1903067410300547, 0.11979041162817078, 0.3266147671331742], [0.3278879238374306, 0.24076260451044418, 0.1337904804740236, 0.29755899107808176], [0.35629663786705157, 0.20853807284736672, 0.12651483517782364, 0.3086504540077823], [0.3214939172358274, 0.2160619221522307, 0.13512071999579564, 0.32732344051614304], [0.3056132064425372, 0.2214405619911475, 0.13072366911504832, 0.34222256235126125], [0.3282973022193921, 0.22055290250223167, 0.13193017500104645, 0.3192196201773362], [0.34832226018455753, 0.1956456096307279, 0.11506863390363338, 0.3409634961810815], [0.3046737865265106, 0.23477866043246162, 0.142468512806483, 0.31807904013452304], [0.34319129008693705, 0.20919929472699567, 0.12593926870171837, 0.3216701463843509], [0.3073290758325792, 0.20983109699512484, 0.12985758434238784, 0.35298224272990275], [0.30944957265408424, 0.20660773334905327, 0.13788458152649005, 0.3460581123703849], [0.31636789484926986, 0.2233887377493245, 0.12754014831526422, 0.3327032189861329], [0.34490335982014647, 0.18624093815162662, 0.11542653445769849, 0.3534291674705261], [0.3155934023312897, 0.22018736921102586, 0.13937353213136183, 0.3248456962263241], [0.3532054063237557, 0.19368920347488053, 0.12312448738969793, 0.32998090271166625]], "ideal": "D", "sampled": "B", "correct": false}}
{"type": "result", "data": {"idx": 14, "options": ["anteriorly deviated distal femur", "plantar flexed cuboid", "posteriorly deviated fibular head", "unilateral sacral shear"], "probs": [[0.26897283499117824, 0.23365434689292458, 0.1436824632831999, 0.35369035473269206], [0.27699478690305634, 0.25695429538029124, 0.14880003565123046, 0.31725088196542567], [0.2620999947587457, 0.2215397498046335, 0.16491632829301506, 0.35144392704361266], [0.2697341617137214, 0.24297470719281694, 0.16923287503268888, 0.31805825596075377], [0.27993072875263136, 0.2650156978102285, 0.12827727654302776, 0.3267762967941177], [0.2847803373800186, 0.26205724161301913, 0.12886710734325776, 0.3242953135637233], [0.28191557716490323, 0.25380667026379017, 0.15480236642292353, 0.30947538604837943], [0.2934649997673276, 0.2751256060913894, 0.16315314554153426, 0.2682562484997169], [0.27462224786804923, 0.25188552649688944, 0.1588517122755196, 0.31464051325952785], [0.2948212133820051, 0.2547575975641622, 0.15564133872986718, 0.29477985022397146], [0.3039405581434571, 0.2882828176919973, 0.1317340281228272, 0.2760425959417019], [0.3095542395034035, 0.27069962822717664, 0.12709014208693625, 0.29265599008246823], [0.26185707996934127, 0.22617949759309086, 0.16760359821527204, 0.3443598241223026], [0.271134669943559, 0.2437703033200466, 0.17126760575099073, 0.3138274208854085], [0.26161300148147487, 0.2288649928299194, 0.1595417212043057, 0.3499802843843083], [0.2789472946746961, 0.2310677458797671, 0.15221939077320504, 0.3377655685723359], [0.27944406826971774, 0.25866892511085887, 0.1392638833784523, 0.32262312314097763], [0.28313927735991945, 0.24477646457484034, 0.12865822726178433, 0.3434260307034492], [0.2867742496198983, 0.2786848450421268, 0.1348784395926387, 0.2996624656453453], [0.29096009095173736, 0.27261860765127244, 0.13134809465843053, 0.30507320663855936], [0.2985344022315036, 0.2855579679305448, 0.12451077897295897, 0.29139685076499244], [0.3019489045685249, 0.26748798166663484, 0.1198672827402905, 0.31069583092455033], [0.2909965399629481, 0.27509650274399927, 0.1351516873930895, 0.29875526979995404], [0.2945863546846619, 0.2628166221649639, 0.12877125295447045, 0.3138257700959162]], "ideal": "C", "sampled": "D", "correct": false}}
{"type": "result", "data": {"idx": 15, "options": ["Administer amobarbital and then interview the patient", "Ask the patient to provide a narrative with detailed description of the incident and of his symptoms", "Interview the patient under hypnosis", "Interview the patient while paying close attention to his willingness to make eye contact"], "probs": [[0.3855879844487379, 0.241729624951223, 0.11235264011290017, 0.2603297503871344], [0.38607571543410407, 0.30067246742839643, 0.14429022554410265, 0.1689615914933957], [0.3348006212826961, 0.21951268073226646, 0.13742244872933992, 0.30826424915568257], [0.3530287960083786, 0.23069686671333903, 0.1408209213410695, 0.27545341583722], [0.36897266981983556, 0.32071015930435676, 0.13011251062650397, 0.1802046601493029], [0.3723622416528923, 0.27225730951830807, 0.10532316643674047, 0.25005728229205526], [0.35672685106352425, 0.26175484396168675, 0.10165115848970568, 0.27986714638509974], [0.3641522520025415, 0.3251996756130229, 0.1444509852444026, 0.16619708704003], [0.3472556532603602, 0.2706019118700365, 0.1358373895526157, 0.2463050452169891], [0.33549563566785295, 0.2962733302473998, 0.1555281870381456, 0.21270284694660876], [0.3745475231529759, 0.35025754420493965, 0.13033703926691997, 0.14485789327518353], [0.3576619142652932, 0.32577127811001255, 0.11845604211586166, 0.19811076540885497], [0.3403313062235203, 0.22629983013785585, 0.15010759203066465, 0.283261271507965], [0.35502199932189, 0.22742572643889644, 0.14964498800028717, 0.2679072861389161], [0.39460732421151334, 0.2416116422582171, 0.1346154396189724, 0.2291655938113019], [0.38431670592054884, 0.2539557133404368, 0.14953813553887105, 0.212189445100151], [0.3745149579403781, 0.25685048289172097, 0.13301334712737958, 0.23562121194053479], [0.3687669004748425, 0.27430740686773536, 0.14713257630286863, 0.20979311625453814], [0.3721325642203133, 0.30630387073793536, 0.14185014463452897, 0.17971342030723048], [0.3770232919830947, 0.24136606146841924, 0.10979478439313577, 0.27181586205534897], [0.42707672308456096, 0.311661869542907, 0.12887488192714536, 0.13238652534540093], [0.4026904089701359, 0.28404934162080453, 0.12355522896292323, 0.18970502034613634], [0.37310301655209105, 0.25151464830047837, 0.13802971564297348, 0.23735261940446073], [0.3589522590487591, 0.278933051776687, 0.15406522701125813, 0.2080494620632943]], "ideal": "B", "sampled": "D", "correct": false}}
{"type": "result", "data": {"idx": 16, "options": ["Failure of leukocytes to migrate between endothelial cells", "Failure of leukocytes to roll along the endothelial surface", "Inability of leukocytes to ingest microorganisms", "Inability of leukocytes to kill intracellular microorganisms"], "probs": [[0.1898605551971549, 0.23832630494271437, 0.19497283521869732, 0.3768403045414336], [0.18263034746776086, 0.2303536840821014, 0.18871400490860749, 0.3983019634415431], [0.1879535341422207, 0.2306845700119678, 0.18512915263245525, 0.3962327431133409], [0.18269646411725976, 0.22432672082621777, 0.16667314394596366, 0.4263036710105548], [0.19110982355907308, 0.2245464575631695, 0.18815958491871676, 0.396184133859035], [0.19047181463758542, 0.2268402726027977, 0.17629121366871203, 0.40639669899092457], [0.20063442845425247, 0.24459115626959754, 0.18937718568705936, 0.36539722948908365], [0.19511175786233262, 0.2378397115613973, 0.18531753617278954, 0.38173099430348556], [0.19843655410481903, 0.23237010562511415, 0.1791150963879078, 0.39007824378215644], [0.1984771695050843, 0.24110719482767765, 0.18002276947373788, 0.38039286609348744], [0.1988040217495838, 0.22638373942281514, 0.18155684834722077, 0.3932553903803783], [0.20202351015308312, 0.24172126408429553, 0.18564827160325387, 0.3706069540593555], [0.17633668552320583, 0.23875665307778385, 0.20138900725870604, 0.3835176540402971], [0.17855593849811888, 0.2313259504267412, 0.1855205194935513, 0.4045975914815798], [0.1771701280683924, 0.23653160000133303, 0.19133646215701042, 0.3949618096732693], [0.1799965001825007, 0.24120627691873425, 0.19478839800213416, 0.3840088247966361], [0.18354845337261763, 0.22299126309458908, 0.17767610255895291, 0.41578418087384267], [0.18513223201103685, 0.2383941000356922, 0.1973635367975552, 0.37911013105572], [0.18154788082152656, 0.23380882941995612, 0.1968125288391718, 0.3878307608193618], [0.18733275594131463, 0.23312878898887204, 0.1874523234716252, 0.3920861314981876], [0.18332411265180906, 0.2308421644799016, 0.18758787449119108, 0.3982458482770786], [0.19280331833537132, 0.24459420477428506, 0.19549709761207257, 0.36710537917828406], [0.1887785696958592, 0.2225944512433851, 0.16750521501068352, 0.42112176395008516], [0.1918753954977998, 0.23878686978969, 0.18845922554756112, 0.3808785090649389]], "ideal": "D", "sampled": "B", "correct": false}}
