{"type": "result", "data": {"idx": 0, "options": ["k = 0 and n = 1", "k = 1 and n = 0", "k = n = 1", "k > 1"], "probs": [[0.03438239274224712, 0.5010557323507806, 0.4461365772676346, 0.01842529753933765], [0.0752006350084681, 0.22800230336898059, 0.6707785974807289, 0.02601846404182245], [0.06643095265397214, 0.3852150834971975, 0.43347886919848516, 0.11487509455034517], [0.0384683922040667, 0.3590552350895168, 0.5745285377544436, 0.027947834851972934]], "ideal": "B", "sampled": "B", "correct": true}}
{"type": "result", "data": {"idx": 1, "options": ["0", "1", "2", "3"], "probs": [[0.005134006044688409, 0.1709480737284653, 0.7976400873691536, 0.026277832757692726], [0.08629063188829224, 0.3058349935995237, 0.5859901592215225, 0.021884215190661502], [0.21502200616170464, 0.4411928521790132, 0.24583559493242257, 0.09794954662685958], [0.11663747738708995, 0.037875434153712494, 0.7739381096842621, 0.0715489786749354]], "ideal": "D", "sampled": "C", "correct": false}}
{"type": "result", "data": {"idx": 2, "options": ["n = 1 and r = 6", "n = 1 and r = 7", "n = 2 and r = 5", "n = 2 and r = 6"], "probs": [[0.06227755919801929, 0.41224706691868884, 0.46016770834089865, 0.0653076654423932], [0.027814524400886692, 0.32308468399924894, 0.6086136732123165, 0.0404871182875479], [0.05024229753350323, 0.44406497639471554, 0.4656082110595317, 0.040084514912249535], [0.07079705891962929, 0.4578813322027258, 0.4303095961853334, 0.04101201259231149]], "ideal": "D", "sampled": "D", "correct": true}}
{"type": "result", "data": {"idx": 3, "options": ["4", "8", "16", "2sqrt(2)"], "probs": [[0.124617244118759, 0.13689791644866023, 0.03132552536541171, 0.707159313967169], [0.004175712704067845, 0.005575882737739702, 0.9826200831032353, 0.007628321354957146], [0.010026895953717313, 0.6495189402753488, 0.3242898153151567, 0.01616434835577712], [0.5667730695956358, 0.23816183739370822, 0.1774862895166627, 0.017578803393993314]], "ideal": "A", "sampled": "D", "correct": false}}
{"type": "result", "data": {"idx": 4, "options": ["2/69", "1/30", "2/23", "12/125"], "probs": [[0.03746586843089799, 0.2637609070385668, 0.6857940283621279, 0.01297919606840738], [0.04290891057772084, 0.2192880208956805, 0.7151523814470566, 0.022650686979542044], [0.05723404377978616, 0.3188746795001385, 0.6113760328385542, 0.01251524378152107], [0.07883951283739908, 0.16417263897644815, 0.749390443811708, 0.007597404274444711]], "ideal": "C", "sampled": "D", "correct": false}}
{"type": "result", "data": {"idx": 5, "options": ["(S, +, x) is closed under addition modulo 10.", "(S, +, x) is closed under multiplication modulo 10.", "(S, +, x) has an identity under addition modulo 10.", "(S, +, x) has no identity under multiplication modulo 10."], "probs": [[0.04437550454425769, 0.1252838755091529, 0.3954800632149914, 0.43486055663159795], [0.018909241755716736, 0.02584232728502957, 0.9332735415864372, 0.021974889272816493], [0.044660993914183614, 0.4538277190580367, 0.2980179554973091, 0.2034933314304706], [0.18988366281664193, 0.10908304817566919, 0.5639312224723385, 0.13710206643535033]], "ideal": "D", "sampled": "D", "correct": true}}
{"type": "result", "data": {"idx": 6, "options": ["12*sqrt(2)", "6*sqrt(2)", "4*sqrt(2)", "1/(2*sqrt(2))"], "probs": [[0.05177184489191652, 0.5021961256032242, 0.4341830546096443, 0.011848974795214953], [0.0776985549430637, 0.6105193210844695, 0.2869146034340026, 0.024867520438464217], [0.1463759857529666, 0.18497370017940493, 0.4345036952206779, 0.23414661874695056], [0.061124388545958586, 0.11063790467672224, 0.8002094193379691, 0.02802828733935004]], "ideal": "C", "sampled": "B", "correct": false}}
{"type": "result", "data": {"idx": 7, "options": ["0", "10%", "25%", "50%"], "probs": [[0.006120818020201924, 0.049571915039115594, 0.8732219148123025, 0.07108535202838002], [0.010165764769314722, 0.24389870030780908, 0.723569916723742, 0.022365618099134198], [0.034648996857706324, 0.872336796140338, 0.08121240247919977, 0.01180180442275593], [0.3454249099915038, 0.0741007305875608, 0.3740338869306762, 0.20644047239025914]], "ideal": "C", "sampled": "D", "correct": false}}
{"type": "result", "data": {"idx": 8, "options": ["None", "I only", "II only", "III only"], "probs": [[0.018827976762267037, 0.06023919987954857, 0.04893522363934383, 0.8719975996188406], [0.07432950866232693, 0.017403326537880577, 0.845529239267586, 0.06273792543220647], [0.058261726116900746, 0.4371729237004568, 0.06019674596076736, 0.4443686041218751], [0.703069899682089, 0.03617730539043934, 0.23064601045923971, 0.03010678436823198]], "ideal": "C", "sampled": "D", "correct": false}}
{"type": "result", "data": {"idx": 9, "options": ["Every compact space is complete", "Every complete space is compact", "Neither (a) nor (b).", " Both (a) and (b)."], "probs": [[0.0019815305540879045, 0.008444423713704914, 0.9738340888987016, 0.015739956733505554], [0.011000364853826359, 0.5001804753610919, 0.13020248515790314, 0.35861667452717855], [0.0820940541046841, 0.4989574886903218, 0.11975112676720948, 0.2991973303377847], [0.33839722960191704, 0.11259649525058094, 0.37314927018205174, 0.17585700486545025]], "ideal": "A", "sampled": "C", "correct": false}}
{"type": "result", "data": {"idx": 10, "options": ["10", "20", "25", "45"], "probs": [[0.007126599087191827, 0.1418604255241324, 0.6459771397091703, 0.20503583557950553], [0.04148520453824318, 0.1529424598069371, 0.8015801884565553, 0.003992147098264352], [0.10633690884249555, 0.7675280198511949, 0.1031029099855368, 0.02303216122077271], [0.2961072833209975, 0.04759065664558576, 0.5365090209749566, 0.11979303895846016]], "ideal": "D", "sampled": "D", "correct": true}}
{"type": "result", "data": {"idx": 11, "options": ["1/64", "15/64", "1/4", "3/8"], "probs": [[0.020272646474909197, 0.3648130663270967, 0.5446160536574604, 0.07029823344053371], [0.2531112276646135, 0.24146528545521573, 0.48523327701026775, 0.020190209769902982], [0.03090648805914736, 0.4505055663788535, 0.3625903521791073, 0.1559975932828919], [0.0955471513327614, 0.0744017710104095, 0.8081682052641811, 0.021882872292648015]], "ideal": "B", "sampled": "B", "correct": true}}
{"type": "result", "data": {"idx": 12, "options": ["0", "1", "2", "3"], "probs": [[0.28357441075512446, 0.19942504759895469, 0.3321278193895037, 0.18487272215641715], [0.10472428286647248, 0.0691725925102037, 0.13155962819541336, 0.6945434963279105], [0.05703026555720977, 0.06161861631295694, 0.6483631874351753, 0.23298793059465797], [0.04121768005494703, 0.5054082612834191, 0.37321531291252824, 0.08015874564910559]], "ideal": "A", "sampled": "A", "correct": true}}
{"type": "result", "data": {"idx": 13, "options": ["4", "7", "10", "13"], "probs": [[0.03234971914788704, 0.32624779670040605, 0.5265859725580845, 0.11481651149362243], [0.04289056570003681, 0.18471224017213964, 0.7672061698473485, 0.005191024180475052], [0.016910465778982732, 0.5859570026659755, 0.28153351523308817, 0.11559901622195357], [0.14769295906458693, 0.13549936902660042, 0.6790466701589474, 0.03776100164986531]], "ideal": "B", "sampled": "D", "correct": false}}
{"type": "result", "data": {"idx": 14, "options": ["0.64", "0.72", "0.81", "0.95"], "probs": [[0.028665385289310216, 0.34836800135725954, 0.5847141353006977, 0.03825247795273255], [0.01949691085313231, 0.30900258743660886, 0.6504266455246263, 0.021073856085632562], [0.018986194675715388, 0.5534152848232603, 0.39016339979591197, 0.03743512060511234], [0.014071569946129762, 0.5476544927285737, 0.4045492130692077, 0.03372472415608881]], "ideal": "D", "sampled": "D", "correct": true}}
{"type": "result", "data": {"idx": 15, "options": ["I only", "II only", "III only", "I and II only"], "probs": [[0.2703225485541929, 0.017714529487011882, 0.010099052158790799, 0.7018638697000044], [0.04307333182988854, 0.011092223651045955, 0.26607199286474204, 0.6797624515543235], [0.0685306975198188, 0.20638554209866483, 0.7090252267368662, 0.01605853354465016], [0.35837298761588704, 0.5865656754777587, 0.022934779607948395, 0.03212655719840589]], "ideal": "D", "sampled": "A", "correct": false}}
{"type": "result", "data": {"idx": 16, "options": ["I only", "II only", "III only", "I and II only"], "probs": [[0.0734936669395386, 0.16431283949162537, 0.06448440998147804, 0.6977090834873579], [0.378361724479612, 0.10676262417933381, 0.295293527531511, 0.2195821237095431], [0.4629299135223566, 0.07100873122360221, 0.34210593955794494, 0.12395541559609626], [0.3370917737146886, 0.25043377277730955, 0.1534643173064309, 0.2590101361015709]], "ideal": "B", "sampled": "D", "correct": false}}
{"type": "result", "data": {"idx": 17, "options": ["-1/4", "-1/(4sqrt(2))", "0", "sqrt(2)"], "probs": [[0.05517657013244347, 0.45857932433012116, 0.47701217964251913, 0.00923192579491622], [0.18736102547020217, 0.38765306957332935, 0.3908229934874996, 0.034162911368968873], [0.05379925635882912, 0.2733102017601461, 0.4949509218367913, 0.1779396199442335], [0.041443721247676014, 0.08117008378948835, 0.7465935416321512, 0.13079265323068442]], "ideal": "C", "sampled": "B", "correct": false}}
{"type": "result", "data": {"idx": 18, "options": ["I and II only", "III only", "I and III only", "I, II, and III"], "probs": [[0.0179267530329751, 0.014973525346863028, 0.28924844420319296, 0.6778512773169689], [0.09361207571445893, 0.10450679160081464, 0.7909079862983495, 0.010973146286376967], [0.6373731671392523, 0.19904199796718355, 0.1381656864007331, 0.025419148392831062], [0.41227904265184345, 0.08846773272216572, 0.12016410468929477, 0.379089119836696]], "ideal": "D", "sampled": "D", "correct": true}}
{"type": "result", "data": {"idx": 19, "options": ["3", "e", "sqrt(5)", "0"], "probs": [[0.11441607526225939, 0.2072284041955205, 0.6641302724970265, 0.014225247945193682], [0.41785597774403854, 0.3716462219182473, 0.16502654228759708, 0.045471257950117035], [0.620398842010516, 0.056824561541086595, 0.2394120401255067, 0.08336455622289068], [0.03159848051210708, 0.10690890399179095, 0.6708086949581753, 0.19068392043792665]], "ideal": "A", "sampled": "C", "correct": false}}
{"type": "result", "data": {"idx": 20, "options": ["I only", "II only", "III only", "I, II, and III"], "probs": [[0.019397238066851293, 0.004440026737754899, 0.0038035310334679244, 0.9723592040619259], [0.010710161438819928, 0.0016377576790848434, 0.9727418658402133, 0.014910214941881963], [0.18389435984199637, 0.6044456159463674, 0.19474526584917662, 0.01691475826245965], [0.8344053542065991, 0.14755057703936003, 0.005620578648852823, 0.012423490005188043]], "ideal": "D", "sampled": "D", "correct": true}}
{"type": "result", "data": {"idx": 21, "options": ["None", "One", "Four", "Five"], "probs": [[0.0052835183247633396, 0.18158659558883647, 0.7536295125231763, 0.059500373463223864], [0.03141701267966891, 0.25089085473428896, 0.5617225253276954, 0.15596960715834665], [0.09754570136529621, 0.2912067640487172, 0.5158061750102036, 0.09544135947578289], [0.06311208009088727, 0.21516053376430394, 0.5415794252807725, 0.1801479607640363]], "ideal": "D", "sampled": "C", "correct": false}}
{"type": "result", "data": {"idx": 22, "options": ["I only", "II only", "III only", "I and II only"], "probs": [[0.18044963040289838, 0.12899702473750935, 0.024654739868202696, 0.6658986048913895], [0.22852494331082418, 0.12434738406071953, 0.2695275903118047, 0.3776000822166516], [0.617659236407546, 0.0693710772738594, 0.2811118479247551, 0.03185783829383941], [0.48238747842787094, 0.350172388900122, 0.05253588681702378, 0.11490424575498329]], "ideal": "B", "sampled": "D", "correct": false}}
{"type": "result", "data": {"idx": 23, "options": ["2/81", "1/18", "2/27", "1/9"], "probs": [[0.06768116707250303, 0.43057363486466094, 0.4350853788834664, 0.0666598190793696], [0.08545838486573212, 0.3403460161124915, 0.5163352604365025, 0.05786033848527392], [0.1077821172086243, 0.3165157115402526, 0.42360651173225, 0.1520956594188731], [0.05134038884408589, 0.20284659705115593, 0.6932266794965836, 0.05258633450817462]], "ideal": "A", "sampled": "B", "correct": false}}
{"type": "result", "data": {"idx": 24, "options": ["True, True", "True, False", "False, True", "False, False"], "probs": [[0.08712783294157003, 0.41913646285684864, 0.3395173180930237, 0.1542183860085576], [0.049695876046097334, 0.37308407243057085, 0.11648889760054543, 0.46073115382278634], [0.16560610130579528, 0.06958843974336802, 0.4575944380777778, 0.3072110207730589], [0.01925641212018633, 0.3661535814267701, 0.4216127504755907, 0.19297725587745285]], "ideal": "B", "sampled": "A", "correct": false}}
{"type": "result", "data": {"idx": 25, "options": ["I and II only", "I and III only", "II and III only", "III only"], "probs": [[0.27933483480596166, 0.4394903945635235, 0.24114593142404905, 0.04002883910646577], [0.31395360356479124, 0.186034989546486, 0.4297973449128618, 0.07021406187586098], [0.1587083535842841, 0.32065103410408224, 0.24601047471717002, 0.2746301374944637], [0.16281938152901165, 0.12199584466461243, 0.6298311774434682, 0.08535359626290775]], "ideal": "D", "sampled": "B", "correct": false}}
{"type": "result", "data": {"idx": 26, "options": ["9/2 days", "5 days", "41/8 days", "36/7 days"], "probs": [[0.09260757528620969, 0.18996400138513994, 0.5547564335857268, 0.1626719896429235], [0.028037378692232447, 0.40528887694974136, 0.5549644853130296, 0.011709258944996654], [0.2236962831898237, 0.32036752460278717, 0.39022521343576416, 0.06571097867162494], [0.334071005339728, 0.14820621685384494, 0.413280868291045, 0.10444190941538203]], "ideal": "D", "sampled": "D", "correct": true}}
{"type": "result", "data": {"idx": 27, "options": ["1/2", "1", "sqrt(2)", "pi"], "probs": [[0.013716408359957966, 0.08744590181035333, 0.8967905246195179, 0.0020471651101707867], [0.011031695085674474, 0.7324106920242129, 0.24718365317726657, 0.009373959612846058], [0.19133835601372146, 0.19147896336758974, 0.562713431599044, 0.054469248919644796], [0.0894443016803067, 0.19709193631119065, 0.6717751000456217, 0.041688661862880984]], "ideal": "A", "sampled": "C", "correct": false}}
{"type": "result", "data": {"idx": 28, "options": ["f has all of its relative extrema on the line x = y.", "f has all of its relative extrema on the parabola x = y^2.", "f has a relative minimum at (0, 0).", "f has an absolute minimum at (2/3, 2/3)."], "probs": [[0.0975195414666067, 0.1807790885859049, 0.07540598679487316, 0.6462953830526152], [0.06751777042375619, 0.018613978698460366, 0.8899522770250903, 0.023915973752693113], [0.01381505484080723, 0.4942515220363534, 0.42288953718180755, 0.06904388584103174], [0.047197579453681235, 0.35694479273890845, 0.5576129451281092, 0.038244682579301165]], "ideal": "A", "sampled": "D", "correct": false}}
{"type": "result", "data": {"idx": 29, "options": ["5", "6", "12", "15"], "probs": [[0.015550574817637285, 0.049036734688510115, 0.9188294081977677, 0.01658328219608486], [0.014740126670573823, 0.4044996073502866, 0.566231053962694, 0.014529211916445505], [0.10627852220845602, 0.25700690956813615, 0.593675008451058, 0.04303955967234979], [0.0319892980426755, 0.1599117779591558, 0.43848123161994745, 0.3696176922782212]], "ideal": "B", "sampled": "C", "correct": false}}
{"type": "result", "data": {"idx": 30, "options": ["S(n0 + 1) is not true.", "S(n0 - 1) is not true.", "S(n) is not true for any n <= n0", "S(n) is not true for any n >= n0"], "probs": [[0.045476153573085876, 0.02871291158193983, 0.6333150874810558, 0.2924958472639184], [0.03152858512575925, 0.24043684063588525, 0.6694918970018479, 0.05854267713650769], [0.013421416843796748, 0.205137812727294, 0.7741210188272644, 0.007319751501644836], [0.18216896256022025, 0.47641565999133056, 0.042964809322786686, 0.2984505680256625]], "ideal": "C", "sampled": "A", "correct": false}}
{"type": "result", "data": {"idx": 31, "options": ["(0, 0, 1)", "(3/7, 3/14, 9/14)", "(7/15, 8/15, 1/15)", "(5/6, 1/3, 1/3)"], "probs": [[0.013740444449287495, 0.7384632864083926, 0.2342659952112476, 0.01353027383107228], [0.22700669746880928, 0.20346129570698238, 0.5039610791853895, 0.06557092753881892], [0.14351950156685492, 0.21713868624367466, 0.4187058383193379, 0.2206359737701325], [0.05454302317843772, 0.02988857278073145, 0.8945311490293925, 0.02103725491143833]], "ideal": "B", "sampled": "B", "correct": true}}
{"type": "result", "data": {"idx": 32, "options": ["For no such integer n", "For 3, 5, 7, and 11 only", "For 3, 5, 7, 9, and 11 only", "For 4, 6, 8, and 10 only"], "probs": [[0.005256813077737866, 0.5660537544003367, 0.4239344047770773, 0.0047550276448482314], [0.15985474287947296, 0.7450192014858761, 0.05529081408940076, 0.03983524144525026], [0.2588265278501745, 0.04713748092682878, 0.05300000760919348, 0.6410359835138032], [0.2010133921446032, 0.0386649650893454, 0.29254485846165107, 0.46777678420440033]], "ideal": "B", "sampled": "C", "correct": false}}
{"type": "result", "data": {"idx": 33, "options": ["1", "2", "3", "4"], "probs": [[0.00650921637132105, 0.2021002728800697, 0.7875277837585588, 0.0038627268900504473], [0.052952106520936966, 0.3319752844185382, 0.6062021961449838, 0.00887041281554107], [0.1291920383950619, 0.3148181712698669, 0.5358235795571261, 0.02016621067794504], [0.026467801408777764, 0.04164925496647677, 0.9189585837035641, 0.012924359821181392]], "ideal": "C", "sampled": "C", "correct": true}}
{"type": "result", "data": {"idx": 34, "options": ["I only", "II only", "III only", "I, II, and III"], "probs": [[0.017381879799291792, 0.0070988598488105755, 0.010426219173015975, 0.9650930410788816], [0.013107085403873838, 0.017423785961557702, 0.9417880036218728, 0.02768112491269574], [0.19616667266649804, 0.6968186859411253, 0.08937363771065382, 0.0176410035817229], [0.718242084836331, 0.15185211091766324, 0.0026992444444561207, 0.12720655970154962]], "ideal": "D", "sampled": "D", "correct": true}}
{"type": "result", "data": {"idx": 35, "options": ["x^2 + y^2 + z^2 + 8 = 6y", "(x^2 + y^2 + z^2)^2 = 8 + 36(x^2 + z^2)", "(x^2 + y^2 + z^2 + 8)^2 = 36(x^2 + z^2)", "(x^2 + y^2 + z^2 + 8)^2 = 36(x^2 + y^2)"], "probs": [[0.0051894178294684505, 0.14237461896545964, 0.8456070371090973, 0.006828925995974551], [0.031280984911413734, 0.49311318649077845, 0.4707603110169716, 0.004845517480836224], [0.16441317513480155, 0.6303553815433116, 0.15695767687769036, 0.04827376634419644], [0.028508438382794977, 0.023459105632681426, 0.8269336449153663, 0.12109881096915733]], "ideal": "D", "sampled": "C", "correct": false}}
{"type": "result", "data": {"idx": 36, "options": ["y = 2x + 1", "y = 2x", "y = x + 2", "y = x + 1"], "probs": [[0.12831739354742244, 0.715605182314193, 0.05609844958808017, 0.09997897445030436], [0.025094446486405263, 0.05522979910725708, 0.7222445866188223, 0.19743116768751537], [0.045775657187223935, 0.36273194571901296, 0.5160039239756165, 0.0754884730181466], [0.12266691350206076, 0.21697857226104936, 0.6483841910401035, 0.011970323096786386]], "ideal": "A", "sampled": "B", "correct": false}}
{"type": "result", "data": {"idx": 37, "options": ["2", "3", "4", "5"], "probs": [[0.09941761754543778, 0.39304339149680867, 0.4709300906684552, 0.03660890018929834], [0.12164279454794645, 0.08102106060704821, 0.7229082964261182, 0.07442784831888716], [0.0373927818168123, 0.27189706233980276, 0.6180349242422204, 0.07267523150116453], [0.039729766148527156, 0.2866464199194679, 0.6566519690939875, 0.016971844738017477]], "ideal": "A", "sampled": "B", "correct": false}}
{"type": "result", "data": {"idx": 38, "options": ["True, True", "True, False", "False, True", "False, False"], "probs": [[0.05585147254602611, 0.45683608986162283, 0.2445909164650461, 0.2427215210273049], [0.024863845671318878, 0.4654729192434842, 0.11142909110604948, 0.3982341438791474], [0.12929022934028978, 0.09024287899287693, 0.2960513631370976, 0.4844155284297357], [0.011044693538340143, 0.2397183406766526, 0.49594681086473774, 0.2532901548202695]], "ideal": "A", "sampled": "B", "correct": false}}
{"type": "result", "data": {"idx": 39, "options": ["1", "2", "3", "4"], "probs": [[0.01954826500094341, 0.15591324651951402, 0.76333654214782, 0.061201946231722607], [0.037083545762741754, 0.22359374570578058, 0.7060261622172134, 0.03329654621426426], [0.10976275523373745, 0.4620743559142105, 0.3837185740349266, 0.044444314717125476], [0.13370879188173337, 0.11526098474905037, 0.48247329683133583, 0.2685569264378804]], "ideal": "C", "sampled": "C", "correct": true}}
{"type": "result", "data": {"idx": 40, "options": ["the entire real axis", "a point", "a ray", "an open finite interval"], "probs": [[0.0946489788895895, 0.13681091264898212, 0.4852185510715019, 0.2833215572899265], [0.036422467028198006, 0.07422805246497781, 0.5838834969050398, 0.3054659835017844], [0.06622142442728608, 0.1874292669619836, 0.7129544721271085, 0.033394836383621805], [0.26183642222301984, 0.3873423823157449, 0.3041043428525076, 0.0467168525087276]], "ideal": "B", "sampled": "A", "correct": false}}
{"type": "result", "data": {"idx": 41, "options": ["finite", "cyclic", "of order two", "abelian"], "probs": [[0.021829241485671596, 0.09129514411412891, 0.025956259915664495, 0.860919354384535], [0.006563973126897855, 0.0024737042763222465, 0.9844464628909201, 0.006515859605859799], [0.01774585293138254, 0.7560683089203485, 0.03192031838962948, 0.1942655196586395], [0.6170283068504975, 0.0151425798293977, 0.3110177273638002, 0.056811385856304554]], "ideal": "D", "sampled": "D", "correct": true}}
{"type": "result", "data": {"idx": 42, "options": ["3", "4", "5", "8"], "probs": [[0.06394053994969878, 0.0696906149317669, 0.8237228988777412, 0.04264594614079308], [0.09165461550709667, 0.27154050611025715, 0.6220504860393016, 0.014754392243344582], [0.06437792111136809, 0.35909615234201414, 0.5479214384799656, 0.028604487966652176], [0.19181889579492242, 0.17604257426949102, 0.47167584998176226, 0.16046267985382426]], "ideal": "D", "sampled": "C", "correct": false}}
{"type": "result", "data": {"idx": 43, "options": ["II only", "III only", "I and II only", "II and III only"], "probs": [[0.024081574526241527, 0.0307235342352332, 0.6938020521658315, 0.25139283897269377], [0.024327958136196766, 0.2382294250687555, 0.45212018737958287, 0.28532242931546486], [0.2752438439205817, 0.14173605799072622, 0.566025664797762, 0.016994433190930112], [0.08068230086126768, 0.19360083243096154, 0.10047981063554783, 0.6252370559722229]], "ideal": "A", "sampled": "C", "correct": false}}
{"type": "result", "data": {"idx": 44, "options": ["1", "3", "5", "7"], "probs": [[0.07405664136349642, 0.2883036775345937, 0.5355292637934593, 0.10211041720845052], [0.06453488622255003, 0.19875791222645775, 0.7173040348176688, 0.019403166633323397], [0.06577524156225587, 0.6096095680530563, 0.309450339964965, 0.015164850319722775], [0.04449414179625068, 0.4974010569260643, 0.43638682577650917, 0.02171797540117588]], "ideal": "D", "sampled": "D", "correct": true}}
{"type": "result", "data": {"idx": 45, "options": ["True, True", "True, False", "False, True", "False, False"], "probs": [[0.1881102742348215, 0.3276098917453223, 0.3032386853505122, 0.18104114856934406], [0.03717181858921727, 0.2056962266783075, 0.08250160575951851, 0.6746303488729567], [0.06503108391362718, 0.020002371890695068, 0.5492422226972413, 0.3657243213984364], [0.012727054730478934, 0.4345964478790259, 0.3837734747747632, 0.16890302251573197]], "ideal": "A", "sampled": "A", "correct": true}}
{"type": "result", "data": {"idx": 46, "options": ["\u03c0/12", "\u03c0/6", "\u03c0/3", "2\u03c0/3"], "probs": [[0.0695612852919866, 0.32914193296550326, 0.5878791004395775, 0.013417681202932635], [0.06421318060033755, 0.43866829141813696, 0.4715243691662364, 0.025594158715289063], [0.10170184074815349, 0.3180963098684742, 0.40287387367034494, 0.1773279756130274], [0.050148553394003294, 0.10950494393348963, 0.7792904856127468, 0.061056016959760234]], "ideal": "B", "sampled": "B", "correct": true}}
{"type": "result", "data": {"idx": 47, "options": ["3", "pi", "3pi", "3/2"], "probs": [[0.009200946169890157, 0.42642186876531435, 0.5603854499089211, 0.003991735055874418], [0.36337265639376304, 0.23648470814012484, 0.3388857866401772, 0.06125684872593487], [0.25907040797878256, 0.14196794368253798, 0.4341737821639725, 0.164787866074707], [0.16297171765468416, 0.12019252596796863, 0.6450275085962383, 0.07180824768110894]], "ideal": "B", "sampled": "B", "correct": true}}
{"type": "result", "data": {"idx": 48, "options": ["Only (II)", "Only (IV )", "(I) and (IV )", "(II) and (III)"], "probs": [[0.020752334397452082, 0.14091969414287095, 0.8306924026153945, 0.007635568744282464], [0.10376821361577454, 0.7860164600724076, 0.10499711973031667, 0.0052182064815012134], [0.3672746528995718, 0.12795979164631455, 0.3713714292682801, 0.1333941260858336], [0.07877161411728233, 0.513760212859993, 0.24301904618559256, 0.16444912673713213]], "ideal": "C", "sampled": "C", "correct": true}}
{"type": "result", "data": {"idx": 49, "options": ["f is Riemann integrable.", "There does not exist a countably infinite E of R such that f is nondifferentiable at every x \\in E.", "There does not exist an uncountable subset E of R such that f is nondifferentiable at every x \\in E.", "None of the above."], "probs": [[0.10335514000368513, 0.19778359098205772, 0.623760539127761, 0.07510072978649622], [0.019572585746280912, 0.44552078672692125, 0.47409504470668196, 0.06081158272011585], [0.08662318179268119, 0.06592667650735706, 0.5350637871963035, 0.31238635440365825], [0.01143303087148306, 0.3088975356854882, 0.42546956212882825, 0.2541998712142005]], "ideal": "D", "sampled": "C", "correct": false}}
{"type": "result", "data": {"idx": 50, "options": ["the open first quadrant", "a closed curve", "a ray in the open first quadrant", "a single point"], "probs": [[0.10150375545298297, 0.07142363940336817, 0.8074423935132439, 0.019630211530405017], [0.06615361822825609, 0.6528884281393349, 0.0768440084943811, 0.2041139450380279], [0.2948461842111702, 0.020574844007135124, 0.4875949142734638, 0.19698405740823083], [0.020636865695778574, 0.19421616296299596, 0.6038871305782586, 0.1812598406629668]], "ideal": "A", "sampled": "C", "correct": false}}
{"type": "result", "data": {"idx": 51, "options": ["1", "2", "p >= 1", "infinity"], "probs": [[0.0012325151239212513, 0.0015268651034374414, 0.9968846124989705, 0.00035600717367079734], [0.004086147588621466, 0.9779253746772204, 0.007464847172271482, 0.010523630461886637], [0.9231521984969311, 0.01340170835690581, 0.05179826822014317, 0.011647824826019969], [0.005527451844697472, 0.01101087262274653, 0.008197886490565146, 0.9752637889419908]], "ideal": "B", "sampled": "C", "correct": false}}
{"type": "result", "data": {"idx": 52, "options": ["f is a homeomorphism.", "f is continuous and one-to-one", "f is continuous.", "f is one-to-one"], "probs": [[0.03868784634768513, 0.49424243210246915, 0.4502266342449204, 0.016843087204925337], [0.06941774460941119, 0.8015134303903994, 0.058948714060593, 0.07012011083959645], [0.14348426780497275, 0.08710528358926432, 0.039292157570638524, 0.7301182909351244], [0.026439426907404112, 0.02393075118603555, 0.8431915185292348, 0.10643830327732556]], "ideal": "C", "sampled": "B", "correct": false}}
{"type": "result", "data": {"idx": 53, "options": ["12", "16", "12*sqrt(3)", "16*sqrt(3)"], "probs": [[0.0026243779524075367, 0.02375509479884313, 0.9717112925597378, 0.0019092345890116234], [0.004885717539193777, 0.2792853256516142, 0.7139777301807331, 0.0018512265284589043], [0.39793201455549543, 0.3799806144955295, 0.2186572074082719, 0.0034301634407031436], [0.5005693770147549, 0.029635137261124576, 0.28814233823967167, 0.1816531473844488]], "ideal": "C", "sampled": "C", "correct": true}}
{"type": "result", "data": {"idx": 54, "options": ["4", "7", "8", "12"], "probs": [[0.12897949832969813, 0.350713565133597, 0.4840977869102048, 0.03620914952650005], [0.19720252244423533, 0.34897274805620726, 0.4390121750646559, 0.01481255433490151], [0.33981736035264454, 0.45030648562829045, 0.19261661834917357, 0.01725953556989146], [0.35453687377834175, 0.3986554548396832, 0.22423464461762593, 0.022573026664349113]], "ideal": "A", "sampled": "D", "correct": false}}
{"type": "result", "data": {"idx": 55, "options": ["|x| \u2265 0", "|x \u00b7 y| \u2264 |x||y|", "|x| = 0 if and only if x = 0", "|x + y| = |x| + |y|"], "probs": [[0.045277357954790855, 0.16048922116821684, 0.5780833592901569, 0.2161500614868355], [0.09159841996113767, 0.17522687947149862, 0.5747210297200394, 0.1584536707473243], [0.045562875369903846, 0.1482208100599247, 0.39989519860126593, 0.40632111586890546], [0.057487447451499016, 0.15027742254286366, 0.6951362567646386, 0.09709887314099871]], "ideal": "D", "sampled": "B", "correct": false}}
{"type": "result", "data": {"idx": 56, "options": ["4", "5", "6", "7"], "probs": [[0.044041587059557505, 0.2758913456102631, 0.6631925985549109, 0.01687446867526851], [0.047733425920408905, 0.2422430546520592, 0.6546029339525358, 0.05542058537499615], [0.05319246688841678, 0.30354914292301965, 0.5998007103186125, 0.04345767976995111], [0.02686288066268663, 0.24300735103715174, 0.687836479681731, 0.04229328851843065]], "ideal": "B", "sampled": "B", "correct": true}}
{"type": "result", "data": {"idx": 57, "options": ["1 only", "2 only", "0 and 1 only", "0, 1, and 2 only"], "probs": [[0.005178083785712814, 0.01182690476477399, 0.8333291604591077, 0.1496658508904055], [0.006331803409183123, 0.02332706798087275, 0.9662096105850956, 0.004131517924848511], [0.026836549885529092, 0.8701024062714314, 0.09001711018416247, 0.013043933558876954], [0.5569532409320891, 0.13244269540247058, 0.04927754682410315, 0.2613265167413372]], "ideal": "D", "sampled": "D", "correct": true}}
{"type": "result", "data": {"idx": 58, "options": ["2", "\u03c0", "4", "3\u03c0/2"], "probs": [[0.02841600317205952, 0.3030093419196267, 0.3924616117695356, 0.2761130430387782], [0.04040165117175247, 0.04233879851873574, 0.9058527301840132, 0.011406820025498516], [0.02456774953185027, 0.3782214550163228, 0.5594406169051821, 0.03777017844664481], [0.14783193345348408, 0.08556034634226461, 0.7574371952270823, 0.009170524877169014]], "ideal": "C", "sampled": "D", "correct": false}}
{"type": "result", "data": {"idx": 59, "options": ["9", "8", "0", "-5"], "probs": [[0.36299632488674044, 0.3252978787310093, 0.25977795249025953, 0.05192784379199069], [0.3099495768237108, 0.0789795815865692, 0.2512778937565342, 0.35979294773318576], [0.004613067842614755, 0.017121167437183928, 0.9504569537807858, 0.0278088108394155], [0.01146692278418646, 0.56957678071603, 0.40730591238779296, 0.011650384011990601]], "ideal": "A", "sampled": "A", "correct": true}}
{"type": "result", "data": {"idx": 60, "options": ["None", "One", "Two", "Three"], "probs": [[0.00871528071228638, 0.1763143020382529, 0.7367115938536274, 0.07825882329583328], [0.1706251350037676, 0.12294575134088091, 0.6806418882179729, 0.02578722533737854], [0.18628222960930543, 0.1568766212771922, 0.23016801131199832, 0.42667313770150406], [0.04161808934357902, 0.022283367395345116, 0.8764437272930685, 0.05965481586800729]], "ideal": "B", "sampled": "B", "correct": true}}
{"type": "result", "data": {"idx": 61, "options": ["20!/2^(10)", "10!/2^9", "10^(20) - 2^(10)", "10^(20) - 100"], "probs": [[0.1511460013848755, 0.42392320126941047, 0.4018951436941777, 0.023035653551536295], [0.16104503574269763, 0.3601568773087147, 0.393143638673734, 0.08565444817485367], [0.13271370931243856, 0.1266615435855314, 0.701946737387512, 0.03867800961451804], [0.0144348481137292, 0.5330761124133342, 0.42849642433128765, 0.023992615041648933]], "ideal": "A", "sampled": "A", "correct": true}}
{"type": "result", "data": {"idx": 62, "options": ["It is possible to place an linear order relation \u2264 on the complex numbers C such that (C, +, \u00d7, \u2264) is not an ordered field.", "It is possible to place a linear order relation on the complex numbers C which make (C, +, \u00d7, \u2264) an ordered field.", "Neither (a) nor (b)", "Both (a) and (b)."], "probs": [[0.010187411498009826, 0.19516007546027267, 0.7549847323100343, 0.039667780631683185], [0.007566521966412977, 0.2763490114015196, 0.11629776051210566, 0.5997867060199618], [0.034737517614588945, 0.06846943777548467, 0.5112569541115408, 0.3855360903983855], [0.06737868587563209, 0.18760787228269662, 0.6178816648384203, 0.12713177690325095]], "ideal": "A", "sampled": "A", "correct": true}}
{"type": "result", "data": {"idx": 63, "options": ["1/4", "1/3", "1/2", "2/3"], "probs": [[0.035682662450594434, 0.09180141229654136, 0.8665694095491637, 0.005946515603700503], [0.027458133659098525, 0.8079900883744046, 0.15342428060116947, 0.011127497265327389], [0.646452800127082, 0.2473184824024559, 0.08006997599566534, 0.026158741374796724], [0.16108178320771974, 0.07261754896291076, 0.5818149706950846, 0.18448569703428488]], "ideal": "D", "sampled": "C", "correct": false}}
{"type": "result", "data": {"idx": 64, "options": ["The integers under addition", "The nonzero integers under multiplication", "The nonzero real numbers under multiplication", "The complex numbers under addition"], "probs": [[0.021467290816544523, 0.4370037912885445, 0.448307275727264, 0.09322164206764698], [0.02800757514375686, 0.19131543482114505, 0.5993636611498613, 0.18131332878523676], [0.025464075395081266, 0.088799136368967, 0.40159217641190126, 0.48414461172405043], [0.02007248740186003, 0.08710179168803564, 0.827497929768848, 0.06532779104125633]], "ideal": "B", "sampled": "B", "correct": true}}
{"type": "result", "data": {"idx": 65, "options": ["4x + 6y", "x + y + 5", "9x + 4y", "4x - 9y"], "probs": [[0.1451985049995499, 0.2749481405749255, 0.5452936697424791, 0.034559684583045494], [0.08188469023097793, 0.3492751743241197, 0.14978055766053675, 0.41905957768436564], [0.09126298063550066, 0.16361699725668089, 0.7250313106222592, 0.020088711385559198], [0.12204074004774673, 0.5898453900292587, 0.20984458525550076, 0.0782692845674938]], "ideal": "D", "sampled": "A", "correct": false}}
{"type": "result", "data": {"idx": 66, "options": ["0", "-2", "-sqrt(34)", "-sqrt(35)"], "probs": [[0.06992654657990562, 0.25195909107100617, 0.6047376528836511, 0.07337670936543705], [0.04586897448222795, 0.2703559494973112, 0.537882347508946, 0.14589272841151488], [0.059549768581257205, 0.19537400323997225, 0.7151010908171201, 0.02997513726165039], [0.0942886737321803, 0.5303538082167846, 0.3372164221016503, 0.03814109584938477]], "ideal": "C", "sampled": "A", "correct": false}}
{"type": "result", "data": {"idx": 67, "options": ["II only", "III only", "I and II only", "I and III only"], "probs": [[0.05764128037483779, 0.07639568981321836, 0.5966492828114577, 0.26931374690048615], [0.09401765552356978, 0.11178160561790093, 0.7704718183930864, 0.02372892036544283], [0.4476785494737741, 0.3323652544990188, 0.138830084751971, 0.08112611117523602], [0.26389590148872083, 0.019278427763575943, 0.2599875056855, 0.45683816496220325]], "ideal": "D", "sampled": "D", "correct": true}}
{"type": "result", "data": {"idx": 68, "options": ["\u03c0/3", "\u03c0/4", "\u03c0", "2\u03c0"], "probs": [[0.11303018327123356, 0.5144323840261158, 0.3458799213613376, 0.026657511241313058], [0.13396020431907793, 0.19953452346020148, 0.6497197247350146, 0.01678554738570603], [0.021375914046769025, 0.4224664741597724, 0.42621968938773624, 0.12993792230572235], [0.02825173195507525, 0.179900212225411, 0.7761123743405852, 0.01573568137892852]], "ideal": "A", "sampled": "B", "correct": false}}
{"type": "result", "data": {"idx": 69, "options": ["Sunday", "Monday", "Tuesday", "Wednesday"], "probs": [[0.045125441886845884, 0.022313715098130432, 0.05440898046513705, 0.8781518624498866], [0.047695477096032855, 0.04576304218577061, 0.7990966556849671, 0.10744482493322938], [0.0358269769383868, 0.7398273861432756, 0.08715410432293326, 0.1371915324954044], [0.18638476241493016, 0.3790596028283517, 0.38909028942109425, 0.045465345235623914]], "ideal": "A", "sampled": "D", "correct": false}}
{"type": "result", "data": {"idx": 70, "options": ["\u221248/\u03c0 cm/min", "\u22124/(3\u03c0) cm/min", "\u22128/(3\u03c0) cm/min", "\u221216/(3\u03c0) cm/min"], "probs": [[0.024007138220161633, 0.4563512273622856, 0.5093833283478754, 0.010258305969677323], [0.1385170837244191, 0.44017331668679144, 0.3652830677409389, 0.05602653174785061], [0.10972172674761083, 0.2694148581601891, 0.255230650591996, 0.3656327644002041], [0.03635633079461834, 0.20116547235166868, 0.7362660943193943, 0.026212102434318662]], "ideal": "D", "sampled": "B", "correct": false}}
{"type": "result", "data": {"idx": 71, "options": ["The system is consistent.", "The system has infinitely many solutions.", "The sum of any two solutions is a solution.", "Every solution is a scalar multiple of (-5, 1, 1, 0)."], "probs": [[0.021786511303352987, 0.12043473038347287, 0.2958859299055028, 0.5618928283076714], [0.028806339103307415, 0.14965314201149205, 0.7255484717832289, 0.0959920470019716], [0.03261402103214067, 0.5511061302271962, 0.17899752351352866, 0.23728232512713446], [0.11203046308873056, 0.14611032821431455, 0.41973513986048616, 0.3221240687364687]], "ideal": "D", "sampled": "D", "correct": true}}
{"type": "result", "data": {"idx": 72, "options": ["f(c)", "f(e^c)", "f(1/c)", "f(log c)"], "probs": [[0.26659573314383783, 0.57785048180513, 0.09163033346904187, 0.0639234514819903], [0.5716771780743214, 0.20068769598374175, 0.15541902862474918, 0.07221609721718766], [0.46733489694377695, 0.240566582245594, 0.26879130563375553, 0.02330721507687351], [0.4704152853611706, 0.30612298272985095, 0.1734014717055035, 0.050060260103474946]], "ideal": "D", "sampled": "B", "correct": false}}
{"type": "result", "data": {"idx": 73, "options": ["I only", "II only", "III only", "I and II only"], "probs": [[0.046641129050426375, 0.07106747156073094, 0.23349736530218254, 0.6487940339866601], [0.08469849571637222, 0.22142105632531578, 0.2957926602129586, 0.3980877876453534], [0.44821433981589565, 0.05836983625336151, 0.4637386383742366, 0.029677185456506185], [0.16446019860631153, 0.3095363407043062, 0.02670050250751719, 0.49930295808186503]], "ideal": "D", "sampled": "C", "correct": false}}
{"type": "result", "data": {"idx": 74, "options": ["1/(2e)", "1/e", "e^2/2", "2e"], "probs": [[0.1199766513763387, 0.49724783244859627, 0.3758372497312181, 0.006938266343846915], [0.1615607101610151, 0.47483235796628986, 0.2729221467125134, 0.09068478506018159], [0.1933696120784032, 0.2208150326984843, 0.5140594839535684, 0.07175587116954407], [0.019516424660023023, 0.3888355980563733, 0.5797088579707672, 0.011939119212836465]], "ideal": "C", "sampled": "B", "correct": false}}
{"type": "result", "data": {"idx": 75, "options": ["H = 50", "T >= 60", "51 <= H <= 55", "H >= 48 and T >= 48"], "probs": [[0.025182772364754868, 0.2088214148340951, 0.7074494416948258, 0.05854637100632415], [0.05831784360154233, 0.2215782097446689, 0.6728460166942045, 0.04725792985958419], [0.11756717719574387, 0.4365077153712713, 0.4373202756608204, 0.008604831672164422], [0.19682956033212928, 0.16822056721287457, 0.10374254141816999, 0.5312073309368261]], "ideal": "D", "sampled": "C", "correct": false}}
{"type": "result", "data": {"idx": 76, "options": ["True, True", "True, False", "False, True", "False, False"], "probs": [[0.053268007973813446, 0.37266099106727274, 0.3138964696064846, 0.26017453125242923], [0.03903861884926036, 0.33457268516347294, 0.12801026629067966, 0.49837842959658707], [0.08762688346342698, 0.06069942156143868, 0.32313848351997554, 0.5285352113551588], [0.015521597181748214, 0.23153422768320972, 0.5470145695705619, 0.2059296054644801]], "ideal": "D", "sampled": "B", "correct": false}}
