{"type": "result", "data": {"idx": 0, "options": ["p = 4", "p = 8", "p = 12", "p = 24"], "probs": [[0.29011948859081776, 0.2790229805369812, 0.3196901595065044, 0.11116737126569658], [0.1473704609284804, 0.10866523775858605, 0.20844218598700237, 0.5355221152259312], [0.471273274499194, 0.10599769680445238, 0.40752920618171756, 0.015199822414636051], [0.009903045978897906, 0.6413352883041521, 0.3282546006418369, 0.02050706497511301]], "ideal": "C", "sampled": "A", "correct": false}}
{"type": "result", "data": {"idx": 1, "options": ["5", "7", "8", "9"], "probs": [[0.01244023314967391, 0.10132492068846828, 0.870858889371432, 0.015375956690425808], [0.02713149352551525, 0.4430305560302889, 0.4957890697269024, 0.03404888061729343], [0.05031368171052311, 0.26092548406249705, 0.6527293482175103, 0.03603148590946958], [0.03017365447228211, 0.6429560540362457, 0.2883948277991644, 0.038475463592307815]], "ideal": "C", "sampled": "C", "correct": true}}
{"type": "result", "data": {"idx": 2, "options": ["1 over 5", "\u22125", "\u22121 over 5", "5"], "probs": [[0.028816498153056043, 0.27976045540764755, 0.6780076028727785, 0.013415443466517928], [0.12539186511908343, 0.28949986591275934, 0.453143486939796, 0.13196478192836125], [0.04009047050243213, 0.0954305892402178, 0.8525605184448649, 0.011918421712485193], [0.026999130238892385, 0.2385921275691784, 0.6353377557207597, 0.09907098637116948]], "ideal": "D", "sampled": "A", "correct": false}}
{"type": "result", "data": {"idx": 3, "options": ["4", "5", "6", "7"], "probs": [[0.022357004166216724, 0.42122006646298543, 0.5348050841188243, 0.021617845151973555], [0.02956877465024018, 0.5197588805704845, 0.44297167695631084, 0.0077006677229644865], [0.051928450047041684, 0.7845064529286243, 0.09196303980843257, 0.07160205711590138], [0.10641670265629925, 0.04098033547356828, 0.638999702862824, 0.21360325890730839]], "ideal": "B", "sampled": "D", "correct": false}}
{"type": "result", "data": {"idx": 4, "options": ["4t = 112; $448", "4t = 112; $28", "t over 4 = 112; $448", "t over 4 = 112; $28"], "probs": [[0.09137402980748187, 0.7889253290606482, 0.026845115465535124, 0.09285552556633483], [0.059715078164003, 0.02250875611755678, 0.9067862794329732, 0.010989886185467033], [0.06252531101358483, 0.5070463531787216, 0.24942510385012318, 0.18100323185757033], [0.03311517390869119, 0.07346893688880446, 0.8824673105110392, 0.01094857859146511]], "ideal": "B", "sampled": "B", "correct": true}}
{"type": "result", "data": {"idx": 5, "options": ["9", "11", "26", "32"], "probs": [[0.08349920187799406, 0.4489876396354218, 0.38380995960882686, 0.08370319877775723], [0.14348328325927828, 0.2197800311193632, 0.5480368814521889, 0.08869980406916961], [0.12233893100451519, 0.4217351768876992, 0.38085980070730735, 0.07506609130047823], [0.1266677462430721, 0.2249232264050733, 0.5308969935521145, 0.11751203369974006]], "ideal": "C", "sampled": "B", "correct": false}}
{"type": "result", "data": {"idx": 6, "options": ["1.1 over 11", "11 over 11", "12 over 11", "11 over 12"], "probs": [[0.1690244257387847, 0.19763788928640885, 0.6200459708592821, 0.013291714015524257], [0.027406791783875447, 0.28978452677293143, 0.2605382257177177, 0.42227045562547544], [0.03881619154136784, 0.07658992018969318, 0.8380609216303576, 0.04653296653858134], [0.09167579088712269, 0.3541909859479224, 0.5373780887000247, 0.016755134364930195]], "ideal": "C", "sampled": "A", "correct": false}}
{"type": "result", "data": {"idx": 7, "options": ["3.6", "36", "0.01272", "12.72"], "probs": [[0.1992701079184455, 0.07220901857489857, 0.7021128239313151, 0.026408049475340856], [0.02186144191988488, 0.3470141368835037, 0.5217691179983637, 0.1093553030982477], [0.2112682367608192, 0.22144900837614603, 0.5491968535990849, 0.018085901163949886], [0.0618856777329375, 0.26251989796009967, 0.13635578851793448, 0.5392386356890283]], "ideal": "B", "sampled": "C", "correct": false}}
{"type": "result", "data": {"idx": 8, "options": ["159.26", "2.224", "14,111", "126.26"], "probs": [[0.11245892722318276, 0.10729313466466134, 0.011253553408630886, 0.768994384603525], [0.06263683129012954, 0.017132731356058573, 0.887178513815789, 0.03305192343802288], [0.010598619521739324, 0.9169176862990428, 0.06547375801305796, 0.0070099360661599434], [0.9513553262617355, 0.0333290207710227, 0.013611657375641167, 0.0017039954916006836]], "ideal": "D", "sampled": "D", "correct": true}}
{"type": "result", "data": {"idx": 9, "options": ["0.72", "0.702", "10.0571", "7.2"], "probs": [[0.10429592319834984, 0.22253714165914504, 0.49946202709685295, 0.1737049079456522], [0.08730583412405009, 0.4397959374820043, 0.3081846718590035, 0.16471355643494207], [0.2724212756559015, 0.2744777253457184, 0.42645997599084745, 0.026641022907532657], [0.09136816705163793, 0.5686079763844634, 0.3222529237762519, 0.017770932687646776]], "ideal": "D", "sampled": "A", "correct": false}}
{"type": "result", "data": {"idx": 10, "options": ["150 + 400 + 200", "200 + 400 + 200", "200 + 450 + 200", "200 + 500 + 200"], "probs": [[0.04544358395156754, 0.41088510555022634, 0.5041462670798222, 0.03952504331838389], [0.036364088948895666, 0.5130358828773012, 0.4327124566155149, 0.01788757145828825], [0.04112794994896643, 0.4116894602363884, 0.11177241801097852, 0.43541017170366664], [0.02855963978109605, 0.11462213736164492, 0.8413804094268507, 0.015437813330408412]], "ideal": "C", "sampled": "B", "correct": false}}
{"type": "result", "data": {"idx": 11, "options": ["21", "7", "1", "None of these"], "probs": [[0.003211457054675032, 0.008076768727319631, 0.9781773589118288, 0.010534415206176527], [0.013838583421682869, 0.8431335576862091, 0.1177588983799621, 0.02526896041214589], [0.28132991467068685, 0.505874958145134, 0.17913889327323357, 0.03365623381094568], [0.024052162194795314, 0.025428921376053678, 0.018189136749431935, 0.9323297795797191]], "ideal": "D", "sampled": "C", "correct": false}}
{"type": "result", "data": {"idx": 12, "options": ["8", "9", "49", "63"], "probs": [[0.1407483455063465, 0.7658814444723118, 0.06866880943674956, 0.024701400484592174], [0.3456599454489438, 0.0654488604115915, 0.17144243630226386, 0.41744875773720086], [0.010212223975829287, 0.01529609039272889, 0.6717855929656583, 0.30270609256578346], [0.006314762952631358, 0.08033030587822575, 0.9064170243644352, 0.006937906704707718]], "ideal": "A", "sampled": "B", "correct": false}}
{"type": "result", "data": {"idx": 13, "options": ["6", "11", "8", "5"], "probs": [[0.04984718337839739, 0.45433176508479917, 0.363314075881535, 0.13250697555526844], [0.02309691664824758, 0.1946084743206901, 0.7082556342699756, 0.07403897466108665], [0.02014567065212755, 0.35363467140996135, 0.5536470196092295, 0.07257263822868165], [0.027499645228550938, 0.43290000020742203, 0.49984683278074304, 0.03975352168328398]], "ideal": "A", "sampled": "D", "correct": false}}
{"type": "result", "data": {"idx": 14, "options": ["10 bars of soap for $23.20", "16 bars of soap for $36.48", "13 bars of soap for $29.51", "12 bars of soap for $27.60"], "probs": [[0.020210583531871495, 0.47743291059287934, 0.4671482787050681, 0.03520822707018105], [0.02553007827533524, 0.4445164335675503, 0.4854800249293752, 0.044473463127739275], [0.026292270538219937, 0.43706763487056144, 0.5079620215106614, 0.02867807298055722], [0.022194344630832114, 0.6890541340058948, 0.2171276815656543, 0.07162383969761879]], "ideal": "C", "sampled": "A", "correct": false}}
{"type": "result", "data": {"idx": 15, "options": ["5 minutes", "14 minutes", "34 minutes", "70 minutes"], "probs": [[0.03261136935448788, 0.2500868085502309, 0.696848317236469, 0.020453504758812215], [0.14648555971128027, 0.3027777519239959, 0.540316375684831, 0.010420312579892807], [0.09864398689112104, 0.13365597822438288, 0.31105377803532447, 0.45664625674917164], [0.016204790749527014, 0.11226746912020368, 0.7859574365249976, 0.08557030350527174]], "ideal": "B", "sampled": "B", "correct": true}}
{"type": "result", "data": {"idx": 16, "options": ["18", "24", "25", "29"], "probs": [[0.1990460090459988, 0.043402096659749985, 0.7492931233206697, 0.008258770873581497], [0.06333940155211454, 0.634059233203701, 0.1812265487656486, 0.12137481637853594], [0.2198490665621929, 0.042961217778806404, 0.6154012129242825, 0.12178850263471816], [0.025193622380199003, 0.20253737306532213, 0.6828601968403895, 0.08940880761408938]], "ideal": "B", "sampled": "C", "correct": false}}
{"type": "result", "data": {"idx": 17, "options": ["(60/6)\u201412=a", "(60\u201412)/6=a", "(60-6)-12=a", "(60+12)/6=a"], "probs": [[0.02812787953295694, 0.9168784216123308, 0.04408149972878052, 0.010912199025931728], [0.2842258629160183, 0.309449357523159, 0.3646939843961751, 0.0416307950646476], [0.051152520362414564, 0.1770294047361166, 0.6813690826238514, 0.0904489921776174], [0.031520276788893256, 0.42725312068879057, 0.530063501989533, 0.011163100432783145]], "ideal": "B", "sampled": "B", "correct": true}}
{"type": "result", "data": {"idx": 18, "options": ["5", "25", "50", "125"], "probs": [[0.00828032940543341, 0.06298322975005696, 0.8502044676884171, 0.07853197305609257], [0.009365625261856489, 0.2710113077988546, 0.7034320025024542, 0.01619106433683475], [0.033234427249167746, 0.38276518799106835, 0.41774816585166874, 0.16625221880809513], [0.0960587949666605, 0.06398306893634155, 0.8309134979427087, 0.009044638054289227]], "ideal": "D", "sampled": "D", "correct": true}}
{"type": "result", "data": {"idx": 19, "options": ["7", "16", "30", "33"], "probs": [[0.029452952006067002, 0.40872103504669705, 0.3885083844861031, 0.17331762836113287], [0.06793038242687255, 0.24439096845965108, 0.6562881771733045, 0.031390471840171914], [0.05230845863479151, 0.47262829361365993, 0.3114415693290466, 0.163621678322502], [0.13127373767476108, 0.17247522209143695, 0.6044859480225533, 0.09176509211124868]], "ideal": "A", "sampled": "D", "correct": false}}
{"type": "result", "data": {"idx": 20, "options": ["\u221212", "12", "8", "16"], "probs": [[0.011338516815247137, 0.6198589662619195, 0.2511562946674239, 0.1176462221554094], [0.10693164814189246, 0.41613101567515, 0.4516271310255263, 0.02531020505743128], [0.1944956495753316, 0.21693112115576507, 0.046362407846302855, 0.5422108213226005], [0.0952944003300859, 0.0644794176120695, 0.6332112502924347, 0.2070149316654098]], "ideal": "C", "sampled": "B", "correct": false}}
{"type": "result", "data": {"idx": 21, "options": ["382", "397", "406", "447"], "probs": [[0.09522872062384952, 0.4428166034038956, 0.43872739677959816, 0.0232272790926567], [0.11844107507474952, 0.5423422455245316, 0.24972124395257456, 0.08949543534814426], [0.11404086053508032, 0.2646255950932882, 0.559209436759564, 0.0621241075120675], [0.11135174374417464, 0.35322088131211393, 0.47799766236978214, 0.057429712473929286]], "ideal": "B", "sampled": "C", "correct": false}}
{"type": "result", "data": {"idx": 22, "options": ["\u22127", "\u22121", "1", "7"], "probs": [[0.2561557576391482, 0.6928530892063742, 0.01772895259011784, 0.03326220046435976], [0.21238546295512994, 0.34276143650195035, 0.12513440100286355, 0.31971869944005615], [0.004902189332197095, 0.020158595245924744, 0.9331258626454568, 0.041813352676421285], [0.005334968782459857, 0.8418514892351703, 0.12127366152938943, 0.03153988035298038]], "ideal": "A", "sampled": "A", "correct": true}}
{"type": "result", "data": {"idx": 23, "options": ["53", "63", "73", "83"], "probs": [[0.04799090981020482, 0.23029580281056103, 0.6957429517157713, 0.025970335563462923], [0.0729952710368255, 0.309337568271771, 0.5985448014232834, 0.01912235916812018], [0.26705577767908467, 0.3120687878410719, 0.3391261671209496, 0.0817492672588938], [0.11111750328415894, 0.1200561286382708, 0.710512987708257, 0.05831338026931331]], "ideal": "C", "sampled": "C", "correct": true}}
{"type": "result", "data": {"idx": 24, "options": ["11.1", "5.7", "3.7", "22.68"], "probs": [[0.09426581893762719, 0.2241713561793931, 0.6282134078865869, 0.05334941689639289], [0.2253912391178012, 0.4694250242302172, 0.20184790949465356, 0.10333582705732802], [0.3336139370705946, 0.1527152382089255, 0.4488815135638285, 0.06478931105665144], [0.153077951940992, 0.2174633391340173, 0.5207706326069991, 0.10868807621799163]], "ideal": "B", "sampled": "C", "correct": false}}
{"type": "result", "data": {"idx": 25, "options": ["32", "3.2", "3,200", "320"], "probs": [[0.026616062994630506, 0.8400433079773525, 0.08872916682112443, 0.04461146210689255], [0.06894460756634918, 0.09494665584747279, 0.20152946403710792, 0.6345792724490701], [0.039629420613413735, 0.06737585741590431, 0.5312483010979888, 0.36174642077269314], [0.07908797078038918, 0.21998968785218434, 0.6792417648708831, 0.021680576396543413]], "ideal": "A", "sampled": "B", "correct": false}}
{"type": "result", "data": {"idx": 26, "options": ["46.4", "456", "4.56", "45.6"], "probs": [[0.04530110454428931, 0.06796051928253184, 0.8631830084807527, 0.02355536759242609], [0.015156117464004335, 0.7882582051222923, 0.18912415451130934, 0.0074615228023940175], [0.019568317511284825, 0.5238378281593035, 0.41212709596180247, 0.04446675826760923], [0.040664392755166735, 0.5516504459761108, 0.158564564462881, 0.24912059670584147]], "ideal": "D", "sampled": "C", "correct": false}}
{"type": "result", "data": {"idx": 27, "options": ["508", "508 r2", "578", "578 r2"], "probs": [[0.5766028154500593, 0.35242563416930595, 0.05637266848348239, 0.014598881797152286], [0.060592747767224835, 0.21804086699361083, 0.47764411207992624, 0.24372227305923805], [0.37527171752165406, 0.4089157985576758, 0.1982039711702887, 0.017608512650381453], [0.052199840151515194, 0.3073357022444852, 0.536488588573864, 0.10397586893013559]], "ideal": "D", "sampled": "A", "correct": false}}
{"type": "result", "data": {"idx": 28, "options": ["100 \u2014 5d", "5d+ 100", "100 / 5d", "5d"], "probs": [[0.6826266880928454, 0.24897282680986574, 0.05891378798846559, 0.009486697008823196], [0.12327368658356103, 0.1581609613504296, 0.23051595973442754, 0.48804939223158184], [0.010109035037134268, 0.019776392217309858, 0.9683792340984053, 0.0017353385471505505], [0.003551947355806461, 0.989753049995878, 0.005760840504100146, 0.000934162044215376]], "ideal": "A", "sampled": "A", "correct": true}}
{"type": "result", "data": {"idx": 29, "options": ["4t", "t over 4", "t \u2212 4", "t + 4"], "probs": [[0.33077763429588247, 0.02051605589663158, 0.009667112175946194, 0.6390391975315397], [0.002593826434662891, 0.0016994550379298454, 0.006144352096410837, 0.9895623663309964], [0.0018701385396861154, 0.006520744651282411, 0.9905257102051988, 0.0010834065038327356], [0.0026842766798234503, 0.993536016588635, 0.0013137873684398434, 0.002465919263101718]], "ideal": "A", "sampled": "A", "correct": true}}
{"type": "result", "data": {"idx": 30, "options": ["681,452", "462,017", "246,412", "125,655"], "probs": [[0.08078294690699142, 0.443043096205876, 0.4013464896968064, 0.07482746709032616], [0.08164820013385964, 0.40457981519393627, 0.44907459277583683, 0.06469739179636727], [0.0741541603568983, 0.42949863944006506, 0.410883721587073, 0.08546347851596363], [0.05740232319418953, 0.46888568457891433, 0.4213656108372197, 0.05234638128967649]], "ideal": "B", "sampled": "B", "correct": true}}
{"type": "result", "data": {"idx": 31, "options": ["15 remainder 7", "15 remainder 3", "16 remainder 5", "16 remainder 1"], "probs": [[0.07178157567260089, 0.25437724587757743, 0.6508713363950264, 0.0229698419547953], [0.04590878262656795, 0.13486483691774215, 0.8088045715476901, 0.010421808807999797], [0.12459890306303541, 0.30348768899597567, 0.5422784634938904, 0.029634944347098433], [0.05009743868658487, 0.22616058248760817, 0.7034768356651397, 0.020265143060667214]], "ideal": "B", "sampled": "D", "correct": false}}
{"type": "result", "data": {"idx": 32, "options": ["17 over 2", "34 over 4", "17 over 4", "19 over 2"], "probs": [[0.010766457925650558, 0.008922884372815548, 0.9787517334846175, 0.0015589241169163936], [0.069579386962152, 0.3728969089174946, 0.5401405248880727, 0.017383179132280623], [0.20043424867965218, 0.03074544980287951, 0.7593294232828074, 0.009490878134660874], [0.03620794720198331, 0.24719173743354458, 0.26797499750901616, 0.44862531775545594]], "ideal": "A", "sampled": "C", "correct": false}}
{"type": "result", "data": {"idx": 33, "options": ["200,000 + 7,000 + 200 + 4", "200,000 + 7,000 + 200 + 40", "200,000 + 70,000 + 200 + 40", "200,000 + 70,000 + 2,000 + 40"], "probs": [[0.006105187393898107, 0.18229253724102562, 0.7989718376714603, 0.01263043759361591], [0.007831516762391941, 0.21151626344349586, 0.768412717746985, 0.012239501947127113], [0.01831140281641408, 0.47554379285357784, 0.39475496751573086, 0.11138983671427717], [0.011566152148683524, 0.02817807747636899, 0.8504148245638217, 0.10984094571112578]], "ideal": "C", "sampled": "D", "correct": false}}
{"type": "result", "data": {"idx": 34, "options": ["220 parts", "770 parts", "4 parts", "110 parts"], "probs": [[0.11010021216290367, 0.26994306449745653, 0.11827544386117805, 0.5016812793784617], [0.022208553591315086, 0.019564582725384656, 0.8602127736394487, 0.09801408994385157], [0.011376421558422015, 0.07632290343704817, 0.9036916224144724, 0.008609052490057358], [0.1024393956051495, 0.535725194474017, 0.352549913060388, 0.00928549676044541]], "ideal": "D", "sampled": "A", "correct": false}}
{"type": "result", "data": {"idx": 35, "options": ["the mean would increase.", "the mean would decrease.", "the median would increase.", "the median would decrease."], "probs": [[0.2674360055820232, 0.4307191316508393, 0.2106190449026497, 0.09122581776448781], [0.05083404859645816, 0.19613303213341435, 0.5389146013700428, 0.21411831780008472], [0.11109427444341177, 0.3728120652422925, 0.42012232850852266, 0.09597133170577307], [0.038015101057932404, 0.249476054607632, 0.65400833259024, 0.05850051164419555]], "ideal": "A", "sampled": "B", "correct": false}}
{"type": "result", "data": {"idx": 36, "options": ["\u20137", "5", "7", "27"], "probs": [[0.030308068077849575, 0.43760413334616827, 0.5213348317494341, 0.010752966726548109], [0.0397295093758638, 0.5384646728093334, 0.3463964722469196, 0.07540934546788321], [0.08275724699989156, 0.17363437491008654, 0.70535556352966, 0.03825281446036191], [0.009021521955446303, 0.551359919604364, 0.41414806831474504, 0.025470490025444652]], "ideal": "A", "sampled": "A", "correct": true}}
{"type": "result", "data": {"idx": 37, "options": ["3-p", "p+3", "3/p", "p-3"], "probs": [[0.014161760452461742, 0.0110302284453065, 0.0033722576971778858, 0.9714357533050538], [0.001978519020335556, 0.0015075099354036451, 0.993303117440687, 0.0032108535035737643], [0.0027740264622453607, 0.9868264507117691, 0.0031514788950976346, 0.007248043830887917], [0.823432762830762, 0.16370420541237443, 0.010387999248860011, 0.002475032408003522]], "ideal": "D", "sampled": "D", "correct": true}}
{"type": "result", "data": {"idx": 38, "options": ["30 \u00d7 10^1", "30 \u00d7 10^3", "(6 \u00d7 5) \u00d7 10^2", "(6 \u00d7 5) \u00d7 10^3"], "probs": [[0.02628843240828792, 0.13985259016725993, 0.7565493949310246, 0.0773095823934276], [0.031947076704242926, 0.28033385017350265, 0.6729360303617198, 0.014783042660534602], [0.19503461731406913, 0.40685846185017666, 0.3403156595987806, 0.05779126113697361], [0.12622575460602214, 0.21488828954931957, 0.33839929100467325, 0.32048666473998505]], "ideal": "C", "sampled": "C", "correct": true}}
{"type": "result", "data": {"idx": 39, "options": ["0", "3", "9", "12"], "probs": [[0.1901780593883781, 0.6133476266639654, 0.12289367902191098, 0.07358063482574555], [0.12366612907256225, 0.17422146963656074, 0.1678169059003196, 0.5342954952905574], [0.028907972670257732, 0.12150147284466636, 0.8302566818750384, 0.01933387251003748], [0.0181249230913156, 0.843848883235402, 0.12346199887178966, 0.014564194701492774]], "ideal": "C", "sampled": "A", "correct": false}}
{"type": "result", "data": {"idx": 40, "options": ["1850x", "2000 \u2212150x", "150x", "2000 +150x"], "probs": [[0.004973249889408125, 0.9781327078114438, 0.012031353801608177, 0.004862688397539908], [0.5604927703694811, 0.1497527851733688, 0.2869755113580402, 0.002778932999109853], [0.019905780518610708, 0.6189846726695467, 0.03208602082039959, 0.32902352589144296], [0.01698887280761147, 0.015482744518966331, 0.9660892699262806, 0.001439112647141506]], "ideal": "B", "sampled": "B", "correct": true}}
{"type": "result", "data": {"idx": 41, "options": ["w > 2.3", "w < 2.4", "w > 3.2", "w < 3.3"], "probs": [[0.20781493900817677, 0.35918937771940346, 0.10148419805777752, 0.33151148511464223], [0.08719899683167694, 0.017735572893431653, 0.809510724360417, 0.08555470581447441], [0.02289598036817256, 0.09706940392474123, 0.5729529793030059, 0.30708163630408025], [0.0767227677583024, 0.08296265170802461, 0.8263652189571251, 0.013949361476547911]], "ideal": "D", "sampled": "B", "correct": false}}
{"type": "result", "data": {"idx": 42, "options": ["-6", "-5", "0", "5"], "probs": [[0.3671770691504466, 0.29752865430717645, 0.09020748733572106, 0.24508678910665588], [0.09726454515883354, 0.026011134096842282, 0.49142844486856746, 0.3852958757757567], [0.015434788055794645, 0.04293288673921231, 0.7807018261994683, 0.16093049890552472], [0.018986952660160445, 0.8133631618116515, 0.16298189104933164, 0.004667994378856401]], "ideal": "A", "sampled": "A", "correct": true}}
{"type": "result", "data": {"idx": 43, "options": ["156", "110", "94", "48"], "probs": [[0.3067630987109571, 0.19489952446282485, 0.42064662977219064, 0.07769074695402742], [0.17139096343226182, 0.1303276963645796, 0.48969314165680755, 0.208588198446351], [0.08994036435003801, 0.12002539991207901, 0.7547636256286817, 0.03527061000920121], [0.09150477936119092, 0.40025983894957995, 0.4804974632807991, 0.027737918308429983]], "ideal": "C", "sampled": "A", "correct": false}}
{"type": "result", "data": {"idx": 44, "options": ["15, 17", "15, 19", "17, 19", "17, 21"], "probs": [[0.08769820629673403, 0.4112299680298609, 0.4159589409412227, 0.08511288463218238], [0.05177590751939917, 0.4639825673814558, 0.3771163590062491, 0.10712516599289587], [0.21650151022980957, 0.48725755756950667, 0.23308395614447466, 0.06315697595620907], [0.09006849467261939, 0.34203787693166926, 0.3981222747239075, 0.16977135357180384]], "ideal": "D", "sampled": "C", "correct": false}}
{"type": "result", "data": {"idx": 45, "options": ["3 cans", "12 cans", "36 cans", "13 cans"], "probs": [[0.02535408878783139, 0.38941793977158484, 0.5248889834579441, 0.060338987882639625], [0.08094300893012117, 0.05822918060817509, 0.8184292728731588, 0.04239853748854491], [0.02498952573809656, 0.496739017612064, 0.4092652346083283, 0.0690062219415111], [0.0675095520563492, 0.27077459378451146, 0.6513891597092597, 0.010326694349879569]], "ideal": "B", "sampled": "D", "correct": false}}
{"type": "result", "data": {"idx": 46, "options": ["3.18, 3 and 1 over 8, 3.8,3", "3,3 and 1 over 8, 3.18, 3", "3.8, 3 and 1 over 8, 3.18, 3", "3.8, 3.18, 3 and 1 over 8, 3"], "probs": [[0.12306677560369686, 0.10769099099208912, 0.7062429364068619, 0.0629992968973522], [0.0309291463507973, 0.32602707515332185, 0.6008183490874925, 0.04222542930838828], [0.06471259553837234, 0.23996888337282096, 0.6668188223489996, 0.02849969863980705], [0.07871117500703581, 0.23648517007612527, 0.4961302018871252, 0.18867345292971374]], "ideal": "D", "sampled": "C", "correct": false}}
{"type": "result", "data": {"idx": 47, "options": ["10", "11", "20", "2"], "probs": [[0.15636866991951748, 0.6842943301802854, 0.12329827018156232, 0.03603872961863482], [0.48744753724599377, 0.1487159154969141, 0.27493244816493106, 0.08890409899216106], [0.13987671910685098, 0.14209797553495238, 0.49773044885991347, 0.22029485639828314], [0.010388863049392266, 0.4299596157528109, 0.545515644731527, 0.01413587636626979]], "ideal": "C", "sampled": "B", "correct": false}}
{"type": "result", "data": {"idx": 48, "options": ["800,000", "830,000", "836,000", "840,000"], "probs": [[0.015768565397487097, 0.6380883520007671, 0.3370780680996042, 0.009065014402141617], [0.03264387440413524, 0.860837132515934, 0.10386776548045623, 0.002651227499474565], [0.1402844642718089, 0.6182096026897976, 0.0238715224833441, 0.2176344104550493], [0.10963929861762563, 0.12120936448526157, 0.7055445698525911, 0.06360676694452179]], "ideal": "D", "sampled": "B", "correct": false}}
{"type": "result", "data": {"idx": 49, "options": ["14", "\u22124", "45", "\u221245"], "probs": [[0.011486332540854457, 0.2959591009075664, 0.024558958967424615, 0.6679956074841545], [0.005107951634239077, 0.009399882108563233, 0.9822454998117879, 0.003246666345409775], [0.006860612502708482, 0.9634540246707779, 0.01781503251973995, 0.01187033020677371], [0.6914711877242533, 0.04823688987385832, 0.07795346846951397, 0.18233845383237443]], "ideal": "D", "sampled": "D", "correct": true}}
{"type": "result", "data": {"idx": 50, "options": ["21 birds", "40 birds", "42 birds", "84 birds"], "probs": [[0.12720626692063602, 0.24279865812297752, 0.6222052622790784, 0.007789812577308139], [0.1433133780812955, 0.3621397614116925, 0.07621970771981028, 0.4183271526872017], [0.0787332652454074, 0.016113029761280696, 0.8541764004155348, 0.0509773044777771], [0.010947382080008056, 0.4191706122927984, 0.5350846790241449, 0.034797326503048606]], "ideal": "A", "sampled": "A", "correct": true}}
{"type": "result", "data": {"idx": 51, "options": ["78", "83", "131", "153"], "probs": [[0.05256330731447535, 0.18477579123426402, 0.6884450604028216, 0.07421584094843899], [0.02897315852698731, 0.26615575027641747, 0.6974385399533704, 0.0074325511432249], [0.039954089963861926, 0.7531131757713942, 0.16847561862974644, 0.038457115534997414], [0.1816403852245021, 0.157787353578463, 0.40405269820946843, 0.2565195628875665]], "ideal": "B", "sampled": "D", "correct": false}}
{"type": "result", "data": {"idx": 52, "options": ["Leslie spent 20 dollars and 8 cents at a store. How is the amount of money Leslie spent written as a fraction?", "Mr. Kramer\u2019s 8 grandchildren shared 20 crackers equally. How many crackers did each grandchild get?", "Mitch bought 20 containers of flowers at a plant store. Each container had 8 flowers in it. How many flowers did Mitch buy?", "Stamps are sold in booklets of 20 stamps. Donna used 8 stamps to send invitations for a party. How many booklets of stamps did Donna use to send her invitations?"], "probs": [[0.023019773540284387, 0.3075908078304676, 0.6518208286733161, 0.01756858985593184], [0.07391144802611534, 0.2945829220116214, 0.5911660568190886, 0.04033957304317461], [0.14917838571964026, 0.3084048330475439, 0.43215766544788836, 0.11025911568492745], [0.04855695702725144, 0.08321769472707344, 0.8090785680715901, 0.05914678007408503]], "ideal": "B", "sampled": "B", "correct": true}}
{"type": "result", "data": {"idx": 53, "options": ["120 miles", "80 miles", "26 miles", "12 miles"], "probs": [[0.7037981138721425, 0.09237360191096948, 0.1870534565353844, 0.016774827581503577], [0.14806242616623652, 0.034639009113998045, 0.12015898793089551, 0.6971395766888699], [0.00243906657834953, 0.0016703484143927388, 0.9461212634003486, 0.04976932150690905], [0.0035823689650471544, 0.9246949281290373, 0.06703614246208553, 0.004686560343830039]], "ideal": "A", "sampled": "A", "correct": true}}
{"type": "result", "data": {"idx": 54, "options": ["add 6 to both sides", "divide both sides by 6", "multiply both sides by 6", "subtract 6 from both sides"], "probs": [[0.0021167981818097812, 0.9905261357165007, 0.004344360419614237, 0.0030127055820753], [0.8113433824650931, 0.17556007636118162, 0.003162880004256878, 0.009933661069468434], [0.008066904459160801, 0.0038449746439832224, 0.0014258311131427172, 0.9866622896837133], [0.0015665698057551857, 0.0013106936008652121, 0.9944132545634585, 0.002709481929921101]], "ideal": "B", "sampled": "B", "correct": true}}
{"type": "result", "data": {"idx": 55, "options": ["7", "10", "21", "39"], "probs": [[0.6847701001856498, 0.0933511769055515, 0.2072769531027389, 0.014601769706059881], [0.16541311574522977, 0.03834014858064001, 0.12339163892131001, 0.6728550966528202], [0.030095976584525227, 0.021939807683277805, 0.6666500319376752, 0.28131418369452166], [0.026177350195066177, 0.26832575434369393, 0.6643430057868065, 0.04115388957443333]], "ideal": "A", "sampled": "A", "correct": true}}
{"type": "result", "data": {"idx": 56, "options": ["84 \u2212 11 = t; 73\u00b0F", "t \u2212 84 = 11; 95\u00b0F", "84 \u2212 t = 11; 73\u00b0F", "t \u2212 11 = 84; 95\u00b0F"], "probs": [[0.0483370586461719, 0.013648389185829618, 0.9350506812131519, 0.0029638708548465516], [0.03949531196776938, 0.6171440527503258, 0.2918107829086048, 0.05154985227330001], [0.05566793647231357, 0.0351253149813928, 0.9067265337664635, 0.0024802146798300994], [0.05435476058790894, 0.6721685503042789, 0.16360901233553565, 0.10986767667227643]], "ideal": "D", "sampled": "C", "correct": false}}
{"type": "result", "data": {"idx": 57, "options": ["72 \u00f7 9 = 8", "72 \u2013 9 = 63", "9 + 72 = 81", "9 \u00f7 72 = 0.125"], "probs": [[0.9700796494301119, 0.01656372250341386, 0.004822628856658581, 0.008533999109815617], [0.0038378195214294787, 0.0013162287117608363, 0.010193829943191327, 0.9846521217236184], [0.0025536860211928824, 0.005280796877768631, 0.9904218862708093, 0.001743630730229167], [0.003085247973176771, 0.9923523925786609, 0.0032846660397114883, 0.0012776933084508169]], "ideal": "A", "sampled": "A", "correct": true}}
{"type": "result", "data": {"idx": 58, "options": ["2 boxes", "4 boxes", "5 boxes", "6 boxes"], "probs": [[0.01630138263504701, 0.19473445776270676, 0.7193389072171782, 0.06962525228506801], [0.021753127968732223, 0.14709680602887082, 0.8219104271627717, 0.009239638739625203], [0.026691325602797657, 0.47914902441960605, 0.3147375057636811, 0.1794221441139152], [0.037419611774236645, 0.05027194468448753, 0.8718021121433839, 0.040506331297891926]], "ideal": "D", "sampled": "D", "correct": true}}
{"type": "result", "data": {"idx": 59, "options": ["14", "20", "40", "60"], "probs": [[0.007179432709296165, 0.05640642105364357, 0.9190384951281059, 0.01737565100895444], [0.056895692425638245, 0.45108959494387785, 0.480943863054549, 0.011070849475934888], [0.25411582888152595, 0.6003036006435994, 0.12032842393794892, 0.025252146436925683], [0.4554858410865189, 0.17155043055862243, 0.16048280120449396, 0.2124809270503647]], "ideal": "B", "sampled": "C", "correct": false}}
{"type": "result", "data": {"idx": 60, "options": ["6 over 14", "8 over 49", "14 over 28", "6 over 7"], "probs": [[0.4137780182941128, 0.12233875143770492, 0.28975524200185776, 0.17412798816632452], [0.0936670952867086, 0.18051817607896475, 0.6825264539067442, 0.04328827462758251], [0.12978448286695504, 0.39042598950597834, 0.4686655217176126, 0.011124005809453986], [0.4663852796885893, 0.4280204839341841, 0.08061840693976363, 0.024975829337462913]], "ideal": "D", "sampled": "D", "correct": true}}
{"type": "result", "data": {"idx": 61, "options": ["5", "10", "15", "20"], "probs": [[0.0008365658755403983, 0.9981277201207182, 0.000697118768855286, 0.00033859513488613955], [0.9197483238867171, 0.015133006689244707, 0.06000164978519256, 0.005117019538845633], [0.0009481974854756923, 0.0026004883012408476, 0.001695998079955271, 0.9947553160333281], [0.0005571567225653103, 0.0009035495309880852, 0.9982254246257661, 0.0003138690206804683]], "ideal": "B", "sampled": "B", "correct": true}}
{"type": "result", "data": {"idx": 62, "options": ["125 push-ups", "279 push-ups", "1,395 push-ups", "1,406 push-ups"], "probs": [[0.009976968577052792, 0.05130150751374464, 0.8357106788843275, 0.10301084492487504], [0.010468448294282876, 0.2984404501762755, 0.6889846777507214, 0.0021064236787202745], [0.11999518348539864, 0.7878581128892407, 0.06689021364434672, 0.025256489881013984], [0.3867223853932653, 0.024340199262657902, 0.3288674096947775, 0.26007000554929927]], "ideal": "C", "sampled": "D", "correct": false}}
{"type": "result", "data": {"idx": 63, "options": ["6 and 10", "5 and 12", "10 and 12", "12 and 15"], "probs": [[0.3300217463496012, 0.3375118747950019, 0.31745538821894936, 0.015010990536447597], [0.16556514551227935, 0.31160541901444544, 0.25074150782191446, 0.27208792755136074], [0.08986368958591683, 0.11524377998242988, 0.7807367007177104, 0.014155829613942914], [0.07403745336006527, 0.43579666828185937, 0.4506833750151165, 0.03948250324295882]], "ideal": "C", "sampled": "A", "correct": false}}
{"type": "result", "data": {"idx": 64, "options": ["\u22124", "\u22122", "10", "2"], "probs": [[0.15392146257642353, 0.7637510525090043, 0.02732289822425276, 0.055004586590319336], [0.00598952692211318, 0.35696956860819007, 0.47070306995123706, 0.16633783441845967], [0.0725907908029614, 0.07257205259080746, 0.8207045456681276, 0.03413261083810353], [0.003272743640054308, 0.9343362316945726, 0.05890140967507143, 0.0034896148903016543]], "ideal": "D", "sampled": "A", "correct": false}}
{"type": "result", "data": {"idx": 65, "options": ["232", "236", "345", "460"], "probs": [[0.02025543260117706, 0.7760122710132608, 0.12305051350841856, 0.08068178277714362], [0.09658110356663928, 0.16937157888592386, 0.6209334869270506, 0.11311383052038627], [0.05705052166125128, 0.4207248012678827, 0.41215877890273594, 0.11006589806813007], [0.1370666335167509, 0.1961970045683063, 0.6554577398796404, 0.011278621935302338]], "ideal": "C", "sampled": "B", "correct": false}}
{"type": "result", "data": {"idx": 66, "options": ["50 and 400", "450 and 700", "750 and 1,000", "1,050 and 1,300"], "probs": [[0.007630383388781629, 0.7484469071384037, 0.22826414583915067, 0.015658563533663978], [0.017559576092664182, 0.6287951890432623, 0.3472810322110963, 0.0063642025529772345], [0.04803104683507835, 0.5583196101762538, 0.03030467631399647, 0.3633446665746714], [0.06890659791456015, 0.01041644627201784, 0.866967560388935, 0.05370939532448704]], "ideal": "D", "sampled": "B", "correct": false}}
{"type": "result", "data": {"idx": 67, "options": ["7", "12", "48", "56"], "probs": [[0.06738704793754877, 0.5408231897540653, 0.28149439369650636, 0.1102953685118796], [0.1191173706166783, 0.05446791597592867, 0.8155436439039141, 0.010871069403478907], [0.11669292821430671, 0.38758506119480945, 0.43411915450459926, 0.06160285598628459], [0.0791634017170372, 0.09236858839202738, 0.8130576121872818, 0.015410397603653649]], "ideal": "A", "sampled": "B", "correct": false}}
{"type": "result", "data": {"idx": 68, "options": ["18 and 28", "180 and 280", "1,800 and 2,800", "18,000 and 28,000"], "probs": [[0.011000608041710946, 0.22092322900114805, 0.702252682683368, 0.065823480173773], [0.10790374271030478, 0.19544335105681174, 0.6771423437620995, 0.019510562370783954], [0.18263638017735404, 0.4701188802248997, 0.13686399160447002, 0.21038074789327618], [0.08653645635638754, 0.03286865139905422, 0.3703500211410551, 0.5102448710035031]], "ideal": "C", "sampled": "C", "correct": true}}
{"type": "result", "data": {"idx": 69, "options": ["7 \u2022 11^2 \u2022 13", "7^2 \u2022 11", "7 \u2022 11 \u2022 13", "7 \u2022 11"], "probs": [[0.06708628008838595, 0.04909391206930026, 0.8577199310754896, 0.026099876666824208], [0.044304951186800084, 0.09381077217295469, 0.8571646522649271, 0.004719624275318116], [0.007027237035294533, 0.015830459727678145, 0.9724546476917484, 0.004687655445278933], [0.022945701731746083, 0.47898801442679095, 0.4006887614223698, 0.09737752231909318]], "ideal": "D", "sampled": "A", "correct": false}}
{"type": "result", "data": {"idx": 70, "options": ["$20.93 ", "$28.93 ", "$32.93 ", "$48.93 "], "probs": [[0.02170424395880395, 0.5042488086443202, 0.4604573646011559, 0.013589582695720002], [0.0331552348878392, 0.6542841634137617, 0.28886072781584804, 0.023699873782551062], [0.03680247344596228, 0.6931392369025164, 0.21525574657109212, 0.05480254298042917], [0.018028124694970206, 0.3997220590383397, 0.5650455803778511, 0.017204235788839038]], "ideal": "C", "sampled": "C", "correct": true}}
{"type": "result", "data": {"idx": 71, "options": ["160", "240", "320", "640"], "probs": [[0.042684956676767624, 0.30494984159566857, 0.5713794635268746, 0.0809857381006892], [0.055757968171838326, 0.4515015071421738, 0.44232659359916643, 0.050413930986821474], [0.06159366666654724, 0.3648761212460899, 0.16887824235657867, 0.4046519696307842], [0.04363200650553665, 0.2564012014460015, 0.454820943771234, 0.24514584817722787]], "ideal": "A", "sampled": "C", "correct": false}}
{"type": "result", "data": {"idx": 72, "options": ["0.021 repeating", "0.21 Repeating", "0.22 Repeating", "0.2121"], "probs": [[0.051837230164486194, 0.44396270970892, 0.349312974079523, 0.1548870859470708], [0.05769549087554099, 0.12504320171455222, 0.7382564736454855, 0.07900483366442124], [0.06122878672164073, 0.07867955340020533, 0.8207826353462543, 0.039309024431899646], [0.013031211407294989, 0.40835305188615784, 0.5721477745708462, 0.006467962035701016]], "ideal": "B", "sampled": "A", "correct": false}}
{"type": "result", "data": {"idx": 73, "options": ["(40 \u00d7 10) + (6 \u00d7 2) = 400 + 12", "(40 \u00d7 6) + (10 \u00d7 2) = 240 + 20", "(40 \u00d7 12) + (6 \u00d7 12) = 480 + 72", "(40 \u00d7 12) + (60 \u00d7 12) = 480 + 720"], "probs": [[0.012384254394770434, 0.038132316227596864, 0.9098081014289534, 0.03967532784867923], [0.012968625376833477, 0.4393577109455673, 0.534281829406579, 0.013391834171020297], [0.040860286999846084, 0.6439569468200412, 0.28594869156875974, 0.029234074511352993], [0.03695896212448195, 0.07292710135256489, 0.5605456148936245, 0.3295683215293286]], "ideal": "C", "sampled": "C", "correct": true}}
{"type": "result", "data": {"idx": 74, "options": ["$649 ", "$6,049 ", "$6,409 ", "$6,490 "], "probs": [[0.003271264613327608, 0.8370671588787526, 0.012943898826712534, 0.1467176775812072], [0.3031587536878666, 0.07372343384968745, 0.619069682438355, 0.004048129924090963], [0.014689353376331584, 0.6277863616215414, 0.2952104040097976, 0.062313880892329365], [0.7342332344961033, 0.030573579964929064, 0.23172102449763576, 0.003472160941331821]], "ideal": "B", "sampled": "D", "correct": false}}
{"type": "result", "data": {"idx": 75, "options": ["SSSSS; AAA", "SSSSS; AAAA", "SSSSSSSS; AAAA", "SSSSSSSS; A"], "probs": [[0.02076181160096416, 0.4331279291698403, 0.42379017633940214, 0.12232008278979345], [0.030798584449181057, 0.5583291690858856, 0.3137170397453487, 0.09715520661958464], [0.0728841812735372, 0.3341924324489522, 0.3197097551438078, 0.2732136310337028], [0.024427111373305582, 0.40619884677373963, 0.518448196158697, 0.05092584559425784]], "ideal": "D", "sampled": "B", "correct": false}}
{"type": "result", "data": {"idx": 76, "options": ["$2.82 ", "$2.97 ", "$6.47 ", "$12.77 "], "probs": [[0.11397091217345322, 0.48728805019431415, 0.3803780746303519, 0.01836296290188076], [0.03920171968180542, 0.6080653955657451, 0.34429942213213227, 0.008433462520317223], [0.11275917689021653, 0.8529179429282682, 0.023717544241598238, 0.010605335839917117], [0.3765152254132209, 0.18500428700816243, 0.39611174176726316, 0.042368745711353475]], "ideal": "A", "sampled": "D", "correct": false}}
{"type": "result", "data": {"idx": 77, "options": ["4 over 6", "10 over 12", "15 over 17", "5 over 6"], "probs": [[0.11812336829705494, 0.21538275638589216, 0.09320256927573402, 0.5732913059413188], [0.046691014850625476, 0.02292678476695002, 0.9199958480716767, 0.010386352210747858], [0.024858042744766665, 0.5181886792167999, 0.4449339201926398, 0.012019357745793609], [0.1971879078693161, 0.23412943756211366, 0.5553953853959034, 0.013287269072666814]], "ideal": "D", "sampled": "D", "correct": true}}
