{"type": "result", "data": {"idx": 0, "options": ["10%", "20%", "40%", "80%"], "probs": [[0.001778364840018026, 0.03864474015605616, 0.9583607131813464, 0.0012161817225793546], [0.016908590819657437, 0.9096649864311744, 0.06484309248846752, 0.00858333016070055], [0.6581571066185357, 0.014557523186329762, 0.22931916299788585, 0.09796620709724876], [0.005273920049624702, 0.006671336519203482, 0.16034881866076028, 0.8277059246704115]], "ideal": "C", "sampled": "C", "correct": true}}
{"type": "result", "data": {"idx": 1, "options": ["About $300", "About $3k", "About $8k", "About $15k"], "probs": [[0.03758218125033744, 0.10239230057172152, 0.7992210953657515, 0.060804422712189596], [0.07064933971460524, 0.2823467213043775, 0.6460546245814424, 0.0009493142995749382], [0.11315687913294875, 0.3437396338795548, 0.48461661460048566, 0.05848687228701075], [0.02187295129618656, 0.5483245994601168, 0.4266346507829409, 0.003167798360755773]], "ideal": "B", "sampled": "C", "correct": false}}
{"type": "result", "data": {"idx": 2, "options": ["52%", "62%", "72%", "82%"], "probs": [[0.026477165586262234, 0.2826033936909016, 0.6888829598294538, 0.0020364807933823735], [0.07781702893873485, 0.45540153212274803, 0.4627643745583969, 0.004017064280120203], [0.08137125740854935, 0.7316019135880287, 0.17381486764360957, 0.013211961259812352], [0.04437040647279001, 0.26372598039459705, 0.6841052365357636, 0.007798376496849347]], "ideal": "C", "sampled": "D", "correct": false}}
{"type": "result", "data": {"idx": 3, "options": ["China", "United States", "Germany", "Japan"], "probs": [[0.6220175737683274, 0.2782348147269919, 0.09777441054633461, 0.001973200858346043], [0.03277102019174917, 0.01055682354123874, 0.003836336406518573, 0.9528358197604935], [0.0033818427635278103, 0.002271632441954832, 0.9829804348341195, 0.0113660898603979], [0.004230721114010908, 0.7215071051344276, 0.27173255124854373, 0.0025296224030176887]], "ideal": "A", "sampled": "A", "correct": true}}
{"type": "result", "data": {"idx": 4, "options": ["by 5 fold", "by 10 fold", "by 15 fold", "by 20 fold"], "probs": [[0.024399339969205947, 0.24674986510816538, 0.7197827000046463, 0.00906809481798237], [0.04169949978088126, 0.2946665945888423, 0.6590076825454982, 0.004626222984778128], [0.1225321023590482, 0.5759956025502913, 0.16121480756820866, 0.1402574874224518], [0.07564578740015387, 0.03135594947234294, 0.8808051970290199, 0.012193065998483259]], "ideal": "C", "sampled": "D", "correct": false}}
{"type": "result", "data": {"idx": 5, "options": ["Lower respiratory infections", "Preterm birth complications", "Diarrheal diseases", "Malaria"], "probs": [[0.03406675489287909, 0.8731529602023596, 0.08993261193507658, 0.00284767286968478], [0.9115907464047999, 0.029773561003680785, 0.011046558514561784, 0.04758913397695759], [0.14995449249225487, 0.010543813554759092, 0.04070566450135225, 0.7987960293516337], [0.007396631973967234, 0.02504422950555266, 0.9625863552834524, 0.004972783137027682]], "ideal": "A", "sampled": "B", "correct": false}}
{"type": "result", "data": {"idx": 6, "options": ["10%", "20%", "30%", "40%"], "probs": [[0.003999191136671104, 0.06458312695647417, 0.9268450870311526, 0.00457259477570206], [0.008943353658487382, 0.20217717294900053, 0.7867822913306352, 0.0020971819618768937], [0.022742266255509073, 0.34232200000933133, 0.5469405900214915, 0.087995143613668], [0.018098231133525277, 0.07276113222167754, 0.8590760698193128, 0.050064566725484365]], "ideal": "C", "sampled": "C", "correct": true}}
{"type": "result", "data": {"idx": 7, "options": ["29%", "49%", "69%", "89%"], "probs": [[0.008249585451580518, 0.4951361676678711, 0.4947544595257449, 0.0018597872548034309], [0.022200671416147393, 0.35546513527607426, 0.058052445281672374, 0.564281747926106], [0.009795725865420445, 0.011745009077911713, 0.9036536433161767, 0.07480562164049115], [0.003738093489368376, 0.46044487581972404, 0.5293513630825794, 0.006465667508328197]], "ideal": "C", "sampled": "A", "correct": false}}
{"type": "result", "data": {"idx": 8, "options": ["18%", "38%", "58%", "78%"], "probs": [[0.0050079291733877715, 0.07649920142986584, 0.9171580680956354, 0.0013348012011110114], [0.04642536887000747, 0.6568570766059537, 0.2936856463400058, 0.0030319080840330065], [0.1540860006163261, 0.47472298644905886, 0.09572860843401322, 0.2754624044006018], [0.025456668650868118, 0.009828126716026883, 0.9341412216032532, 0.03057398292985178]], "ideal": "C", "sampled": "C", "correct": true}}
{"type": "result", "data": {"idx": 9, "options": ["11%", "26%", "41%", "56%"], "probs": [[0.019944470967645535, 0.1738015329154124, 0.80320201268161, 0.003051983335332099], [0.06760419520445647, 0.3359668063651311, 0.5847292209684222, 0.011699777361990257], [0.06709936960407036, 0.26768892812767725, 0.548897860029361, 0.1163138421388913], [0.01358303207619492, 0.1210605629504171, 0.8203571797057077, 0.04499922516768037]], "ideal": "B", "sampled": "C", "correct": false}}
{"type": "result", "data": {"idx": 10, "options": ["23%", "38%", "53%", "68%"], "probs": [[0.004210650223173532, 0.22979286536870996, 0.7651221330536713, 0.0008743512544452643], [0.01301304508255915, 0.5807750126450254, 0.4051195314281705, 0.0010924107442449392], [0.032663567877615436, 0.8842872712834344, 0.07428981141629556, 0.00875934932265458], [0.0801313851627532, 0.017759085669277707, 0.8830167206211796, 0.01909280844678941]], "ideal": "D", "sampled": "C", "correct": false}}
{"type": "result", "data": {"idx": 11, "options": ["5%", "10%", "15%", "25%"], "probs": [[0.0038376371072361645, 0.027472618553900395, 0.9607546836320945, 0.007935060606768978], [0.009462236593259959, 0.01215106083971024, 0.1456702228189381, 0.8327164796480917], [0.0043971305585805975, 0.00475373117740115, 0.9565230580304982, 0.03432608013352009], [0.0044483488625852, 0.13203323607681858, 0.8540252545212594, 0.009493160439336814]], "ideal": "B", "sampled": "A", "correct": false}}
{"type": "result", "data": {"idx": 12, "options": ["2%", "4%", "9%", "18%"], "probs": [[0.0064248090835087555, 0.05911074398321013, 0.9245820941972519, 0.00988235263602923], [0.013958930361526487, 0.132626611088798, 0.8443831401121928, 0.009031318337482613], [0.02045618826325593, 0.39243190104595066, 0.5278415299657274, 0.05927038062506601], [0.01998584564551642, 0.08756550547366666, 0.82417286815738, 0.0682757806234369]], "ideal": "C", "sampled": "D", "correct": false}}
{"type": "result", "data": {"idx": 13, "options": ["minimum wage legislation", "land reform", "progressive taxation", "increased access to education"], "probs": [[0.30989254650995374, 0.4171703506785484, 0.20027540918520595, 0.07266169352629187], [0.035748781101883155, 0.06040575579716285, 0.42181716936397784, 0.48202829363697614], [0.0322888391369729, 0.03986941023873182, 0.7690198053848566, 0.15882194513943873], [0.010332430885056332, 0.957071379874386, 0.024374485422040845, 0.008221703718516852]], "ideal": "A", "sampled": "A", "correct": true}}
{"type": "result", "data": {"idx": 14, "options": ["36%", "56%", "76%", "96%"], "probs": [[0.1760234419810201, 0.4568629264557174, 0.35872102421802554, 0.008392607245236956], [0.012829650073348202, 0.01700403276313882, 0.011249651912384116, 0.9589166651511288], [0.002221857169904517, 0.0017462281259946913, 0.9853307322489806, 0.010701182355120143], [0.0031834992815426384, 0.8042929945658877, 0.18656833880670873, 0.005955167245860948]], "ideal": "B", "sampled": "A", "correct": false}}
{"type": "result", "data": {"idx": 15, "options": ["6%", "13%", "27%", "46%"], "probs": [[0.0015484476795747366, 0.06637675458205156, 0.9305715165435042, 0.0015032810948694794], [0.019249048624389684, 0.7941815480019127, 0.18419014434514064, 0.0023792589285570303], [0.5144239038771211, 0.3347915689975979, 0.023519357532596666, 0.1272651694926843], [0.0447204589752759, 0.011774359072369778, 0.34385099427193533, 0.599654187580419]], "ideal": "B", "sampled": "C", "correct": false}}
{"type": "result", "data": {"idx": 16, "options": ["34%", "49%", "64%", "79%"], "probs": [[0.019487201922821114, 0.7139727383609418, 0.264882829439594, 0.0016572301766430984], [0.041180606385291176, 0.614666270978098, 0.33434593278431546, 0.009807189752295343], [0.07675276152654445, 0.4813311652905763, 0.4151289168797696, 0.026787156203109657], [0.08612250920816614, 0.12050121815048134, 0.7739675390229912, 0.01940873351836131]], "ideal": "A", "sampled": "B", "correct": false}}
{"type": "result", "data": {"idx": 17, "options": ["62%", "72%", "82%", "92%"], "probs": [[0.13333039419003534, 0.2938140428177486, 0.5708630866547227, 0.0019924762374933136], [0.039173681430973564, 0.1107303280672354, 0.3332701337498575, 0.5168258566519336], [0.009637345487127484, 0.011369961228053524, 0.8280149635737509, 0.1509777296110681], [0.006246338629800982, 0.32315310998134666, 0.6677517924466502, 0.002848758842202174]], "ideal": "C", "sampled": "A", "correct": false}}
{"type": "result", "data": {"idx": 18, "options": ["About $3k", "About $8k", "About $15k", "About $30k"], "probs": [[0.01853326763989516, 0.13615078144732987, 0.8403809920159606, 0.004934958796814339], [0.040439494742483074, 0.3397027007389598, 0.6192018536042136, 0.0006559508143434284], [0.12557344324485561, 0.40611804132748586, 0.37533638436820427, 0.09297213095945427], [0.03187476881126014, 0.24560280433396284, 0.7213513936100302, 0.0011710331447468455]], "ideal": "C", "sampled": "C", "correct": true}}
{"type": "result", "data": {"idx": 19, "options": ["55,000", "550,000", "5,500,000", "55,000,000"], "probs": [[0.018301060660043535, 0.31447861005452804, 0.6353257380671266, 0.03189459111830184], [0.8537912392095118, 0.07878396486555217, 0.05632938108187486, 0.011095414743061168], [0.009872546216234497, 0.0633954094708841, 0.4794830283149046, 0.44724901589797683], [0.0018399165547948542, 0.01678931139483812, 0.9455493009034057, 0.03582147104696129]], "ideal": "B", "sampled": "B", "correct": true}}
{"type": "result", "data": {"idx": 20, "options": ["25%", "45%", "65%", "85%"], "probs": [[0.009649229675322935, 0.4394618174866235, 0.5486312758401257, 0.0022576768979278876], [0.038032303074956114, 0.7869541351099835, 0.034450779313472756, 0.1405627824015877], [0.04691457852806195, 0.08759933159963977, 0.6591146138943534, 0.2063714758779448], [0.007289346279632233, 0.14611791018381629, 0.8233725397084848, 0.023220203728066695]], "ideal": "A", "sampled": "B", "correct": false}}
{"type": "result", "data": {"idx": 21, "options": ["24%", "44%", "64%", "84%"], "probs": [[0.002660793157344235, 0.24074819441499345, 0.7536189350610006, 0.002972077266661621], [0.005071890965424791, 0.8584762146796789, 0.12562601167586623, 0.010825882579030076], [0.011146117132671341, 0.8642873739423883, 0.04655279629904415, 0.07801371252589624], [0.016103640350006415, 0.08635493940325883, 0.8867888700318063, 0.010752550114928504]], "ideal": "A", "sampled": "C", "correct": false}}
{"type": "result", "data": {"idx": 22, "options": ["25%", "40%", "55%", "75%"], "probs": [[0.00590283114407448, 0.20984396932433289, 0.7790252190796864, 0.005227980351906317], [0.020368492987521615, 0.5424812637651358, 0.41884921557176397, 0.018301027575578582], [0.050387849477538306, 0.3288113858284549, 0.4458141740736812, 0.17498659052032559], [0.023232649405471404, 0.11809541520145002, 0.8322669575290781, 0.026404977764000484]], "ideal": "D", "sampled": "C", "correct": false}}
{"type": "result", "data": {"idx": 23, "options": ["8%", "16%", "32%", "64%"], "probs": [[0.009104664356008249, 0.4597520191064014, 0.5293745947201738, 0.0017687217174165218], [0.11590583092129912, 0.6117681974262705, 0.05392693455586986, 0.21839903699656046], [0.059579875869118996, 0.013818957038881044, 0.8963696443172633, 0.030231522674736697], [0.0048255912485301354, 0.22005640603426863, 0.7563178160829873, 0.01880018653421395]], "ideal": "B", "sampled": "B", "correct": true}}
{"type": "result", "data": {"idx": 24, "options": ["males are more likely to have depression and are more likely to have an alcohol use disorder than females.", "females are more likely to have depression and are more likely to have an alcohol use disorder than males.", "males are more likely than females to have depression while females are more likely than males to have an alcohol use disorder.", "females are more likely than males to have depression while males are more likely than females to have an alcohol use disorder."], "probs": [[0.01384819722961723, 0.06556489562201859, 0.8710505689945951, 0.04953633805376906], [0.01188419040820796, 0.021697501368653185, 0.9603310881899856, 0.00608721993315331], [0.1270460737052568, 0.43675986445923487, 0.4274455054797389, 0.00874855625576942], [0.47333534841966857, 0.11873258472190222, 0.140025047347475, 0.26790701941095424]], "ideal": "D", "sampled": "D", "correct": true}}
{"type": "result", "data": {"idx": 25, "options": ["37%", "47%", "57%", "67%"], "probs": [[0.006452918535718582, 0.22204080283854247, 0.7693907043203333, 0.0021155742054056047], [0.014004311359899498, 0.4711214248653463, 0.5097094118352073, 0.005164851839546841], [0.057236184894898345, 0.8483397581039496, 0.08948531230095558, 0.004938744600196539], [0.18918353652038963, 0.037588161146397764, 0.7673539654326917, 0.005874336800520911]], "ideal": "D", "sampled": "D", "correct": true}}
{"type": "result", "data": {"idx": 26, "options": ["1%", "3%", "6%", "10%"], "probs": [[0.004696764296208594, 0.01961537544365726, 0.8151120159303036, 0.1605758442298306], [0.00835092984141162, 0.11001270567778604, 0.8724552638742555, 0.009181100506546781], [0.037805667034185766, 0.5600935524093187, 0.25242926351433326, 0.14967151694216224], [0.0310785192965185, 0.02764268032930036, 0.8081604241516669, 0.13311837612251426]], "ideal": "D", "sampled": "D", "correct": true}}
{"type": "result", "data": {"idx": 27, "options": ["23%", "43%", "63%", "83%"], "probs": [[0.009460133669052085, 0.40233895899897826, 0.5851721271888642, 0.003028780043105411], [0.06832530297903457, 0.6900818891872167, 0.1704643653873183, 0.07112844234643048], [0.02833951775622158, 0.061421680159694195, 0.7661715020673777, 0.1440672999167065], [0.0053836414685372435, 0.3384340709452788, 0.6520503770877489, 0.004131910398434997]], "ideal": "C", "sampled": "C", "correct": true}}
{"type": "result", "data": {"idx": 28, "options": ["10%", "30%", "50%", "70%"], "probs": [[0.00573569892121243, 0.28933443780947976, 0.6946133769977855, 0.010316486171522367], [0.019504247267650664, 0.14861130740611403, 0.693046511441169, 0.13883793378506626], [0.007558738239746575, 0.02476126818001825, 0.7829628361827086, 0.18471715729752664], [0.006175725378203189, 0.1790200209521766, 0.7961908737501254, 0.018613379819494735]], "ideal": "D", "sampled": "B", "correct": false}}
{"type": "result", "data": {"idx": 29, "options": ["26%", "41%", "56%", "71%"], "probs": [[0.01744466078789805, 0.6971521933956357, 0.27963816960542004, 0.005764976111046163], [0.029253810423266528, 0.6969058461020919, 0.09746455327590778, 0.17637579009873372], [0.020589033101323248, 0.3944306663878141, 0.5485442866049818, 0.03643601380588085], [0.01109025424473465, 0.45342826163066674, 0.5263466756063859, 0.009134808418212665]], "ideal": "C", "sampled": "B", "correct": false}}
{"type": "result", "data": {"idx": 30, "options": ["690 million", "6.9 billion", "69 billion", "690 billion"], "probs": [[0.0033458703066046812, 0.21522741826172723, 0.7756839744220082, 0.00574273690965988], [0.012943491489071255, 0.4637610965848134, 0.517800337091932, 0.005495074734183406], [0.039134853167418, 0.03220202076414103, 0.10319552723322799, 0.8254675987352129], [0.01524028116586679, 0.03304093189218025, 0.9437940311470399, 0.007924755694913048]], "ideal": "C", "sampled": "B", "correct": false}}
{"type": "result", "data": {"idx": 31, "options": ["9%", "29%", "59%", "79%"], "probs": [[0.29661705755511886, 0.45281761374098034, 0.2367352071532591, 0.0138301214506417], [0.006158158210050667, 0.005110111030676267, 0.005661278484633262, 0.9830704521746398], [0.0009277565402764952, 0.0011927095472094092, 0.9869070050964768, 0.0109725287160373], [0.00116546236366756, 0.9353418792459057, 0.06120827710945058, 0.002284381180976153]], "ideal": "A", "sampled": "A", "correct": true}}
{"type": "result", "data": {"idx": 32, "options": ["31%", "51%", "71%", "91%"], "probs": [[0.027699822794587273, 0.552382853944384, 0.41367739987923347, 0.006239923281795184], [0.018888385858984252, 0.14280480065181633, 0.046767804505649505, 0.7915390088835499], [0.010691673174557586, 0.018933114532939926, 0.9193027749594495, 0.05107243723305306], [0.006089807955912329, 0.4918505849252578, 0.48755916970915003, 0.014500437309679804]], "ideal": "B", "sampled": "A", "correct": false}}
{"type": "result", "data": {"idx": 33, "options": ["by 4 fold", "by 8 fold", "by 16 fold", "by 32 fold"], "probs": [[0.007841894212429163, 0.06993916460692143, 0.8794295573983374, 0.04278938368231203], [0.014836631277185337, 0.305458249269831, 0.6778846949493772, 0.0018204244036064646], [0.08101543219356928, 0.7935990867774617, 0.07045843608997487, 0.05492704483899412], [0.25288665033047397, 0.012913088180655145, 0.5839098035491028, 0.15029045783976805]], "ideal": "C", "sampled": "D", "correct": false}}
{"type": "result", "data": {"idx": 34, "options": ["1", "7", "13", "19"], "probs": [[0.007623426793546095, 0.09352712724554255, 0.8471352733672233, 0.05171417249368806], [0.012573310951885682, 0.5428075128097263, 0.4363656288761575, 0.00825354726223058], [0.10209915504076372, 0.7601481506809401, 0.11665240245779518, 0.021100291720501024], [0.04300616356679817, 0.0953471596668736, 0.1988080911006315, 0.6628385855656967]], "ideal": "D", "sampled": "C", "correct": false}}
{"type": "result", "data": {"idx": 35, "options": ["59%", "69%", "79%", "89%"], "probs": [[0.022499242900014274, 0.2184542874515197, 0.7566673790124155, 0.002379090536050498], [0.031740412112876676, 0.24187557396854162, 0.6525036095920372, 0.07388040422654446], [0.03529489251483279, 0.23930362262616628, 0.7145321638427691, 0.0108693209162319], [0.022148180183532557, 0.2893764600260889, 0.6835234585494847, 0.004951901140893821]], "ideal": "D", "sampled": "A", "correct": false}}
{"type": "result", "data": {"idx": 36, "options": ["Earthquakes", "Volcanic activity", "Wildfires", "Floods"], "probs": [[0.1050002496398284, 0.0906297933568708, 0.02241245276103138, 0.7819575041422694], [0.019006066411819962, 0.028343892302850473, 0.038456392327241046, 0.9141936488580885], [0.026528458545526823, 0.36419146571035116, 0.5257717868574987, 0.08350828878662324], [0.26700971817101277, 0.6366660191103343, 0.04265035790875192, 0.053673904709901]], "ideal": "D", "sampled": "A", "correct": false}}
{"type": "result", "data": {"idx": 37, "options": ["15%", "35%", "55%", "75%"], "probs": [[0.015938574661871364, 0.32270992234781676, 0.6572401611687725, 0.004111341721539388], [0.015039044311875258, 0.09137047574825283, 0.032102210315392586, 0.8614882695244793], [0.004223792903771354, 0.0075943043211973895, 0.8710302896240452, 0.11715161305098612], [0.00364376251796278, 0.5001190852560843, 0.48454829583070425, 0.011688856295248625]], "ideal": "B", "sampled": "A", "correct": false}}
{"type": "result", "data": {"idx": 38, "options": ["by 4 fold", "by 8 fold", "by 16 fold", "by 32 fold"], "probs": [[0.006969374540492561, 0.08904189684756529, 0.8584710899204282, 0.045517638591514004], [0.01266102209453677, 0.35082718620276254, 0.6353469471138926, 0.0011648444888081226], [0.06357534843917562, 0.8783648429267665, 0.03150692517260519, 0.026552883361452697], [0.3259887619086338, 0.009865932867203216, 0.5298388476456868, 0.13430645747847625]], "ideal": "D", "sampled": "D", "correct": true}}
{"type": "result", "data": {"idx": 39, "options": ["36%", "51%", "66%", "81%"], "probs": [[0.048174617558351514, 0.4000084545072685, 0.547071040647768, 0.004745887186611993], [0.02100644338689948, 0.09185096962766383, 0.07982863782399705, 0.8073139490614396], [0.007095795530244647, 0.021167151450387046, 0.9656638421167973, 0.006073210802570913], [0.005572598053436039, 0.6002450683991417, 0.39046523616540435, 0.0037170972820179133]], "ideal": "C", "sampled": "A", "correct": false}}
{"type": "result", "data": {"idx": 40, "options": ["81%", "86%", "91%", "96%"], "probs": [[0.031831107696967384, 0.2888064353912298, 0.6765547323190745, 0.0028077244927283583], [0.04361974097540246, 0.4380885460945514, 0.5163397660093388, 0.0019519468207072836], [0.09743525046024411, 0.8696939907902799, 0.027793420359441372, 0.00507733829003461], [0.571093979631777, 0.02518552741818958, 0.3670217414970713, 0.03669875135296211]], "ideal": "B", "sampled": "D", "correct": false}}
{"type": "result", "data": {"idx": 41, "options": ["26%", "46%", "66%", "86%"], "probs": [[0.015407925220413166, 0.39144803821272256, 0.5873784682130515, 0.00576556825381277], [0.024543483093801954, 0.15755367166654013, 0.06520125840037815, 0.7527015867392798], [0.006968451148819536, 0.011057862933612148, 0.8849598702674537, 0.0970138155501146], [0.004199297439012565, 0.36964548906577555, 0.6183039260353574, 0.00785128735985444]], "ideal": "A", "sampled": "A", "correct": true}}
{"type": "result", "data": {"idx": 42, "options": ["Brazil", "China", "Mexico", "Iran"], "probs": [[0.010687921822249393, 0.012797569674321227, 0.07142108352096703, 0.9050934248824624], [0.021601540575090804, 0.11058658696937199, 0.780838408006594, 0.08697346434894324], [0.048229448133135046, 0.5188638528747266, 0.17547274993488263, 0.2574339489572557], [0.04807237347196656, 0.03080007499371629, 0.06735905740753464, 0.8537684940267825]], "ideal": "C", "sampled": "D", "correct": false}}
{"type": "result", "data": {"idx": 43, "options": ["1.2 million", "2.4 million", "3.6 million", "4.8 million"], "probs": [[0.07579026702617431, 0.0921444023024836, 0.828130796053846, 0.003934534517496138], [0.08414351406433265, 0.14538693995967253, 0.7387296684897151, 0.031739877386279675], [0.13898092183336055, 0.21357887483909285, 0.633101746537236, 0.014338456690310503], [0.08537669248404789, 0.3457167650918409, 0.5571458784704529, 0.011760663853658322]], "ideal": "A", "sampled": "C", "correct": false}}
{"type": "result", "data": {"idx": 44, "options": ["Diarrheal diseases", "Diabetes", "Dementia", "Road injuries"], "probs": [[0.8602074279682146, 0.041846755381206906, 0.01002003333406865, 0.08792578321650983], [0.04988190573922234, 0.008742856214119542, 0.7392346369428244, 0.20214060100383371], [0.028326374351888433, 0.46832270661071496, 0.4756597996899247, 0.02769111924747184], [0.1612067352678686, 0.8190239571726494, 0.012735258638338957, 0.007034048821142981]], "ideal": "C", "sampled": "A", "correct": false}}
{"type": "result", "data": {"idx": 45, "options": ["3 million", "14 million", "42 million", "124 million"], "probs": [[0.001660548509864913, 0.011796901074133614, 0.9749220668842804, 0.011620483431721071], [0.02202949585445018, 0.20913169725625688, 0.7651179179873183, 0.0037208888019745773], [0.38815315975609405, 0.01844638558372591, 0.14620749433057492, 0.44719296022960514], [0.014690325648695175, 0.008440773033403579, 0.6448114537727179, 0.33205744744518345]], "ideal": "C", "sampled": "C", "correct": true}}
{"type": "result", "data": {"idx": 46, "options": ["26%", "46%", "66%", "86%"], "probs": [[0.01973794031642055, 0.5683135400299029, 0.40942576599762753, 0.002522753556049083], [0.018828322127081718, 0.0978999161227539, 0.029880933764818374, 0.853390827885346], [0.0037788698060128175, 0.005683114833643716, 0.7432429300997968, 0.24729508516054666], [0.0013153252181092384, 0.436705045884259, 0.5603634412030457, 0.0016161875945860664]], "ideal": "A", "sampled": "A", "correct": true}}
{"type": "result", "data": {"idx": 47, "options": ["25%", "45%", "65%", "85%"], "probs": [[0.006826960768654997, 0.22728929818747068, 0.763447622341562, 0.0024361186023122657], [0.016248424165780526, 0.24765665333246428, 0.33355233378585836, 0.4025425886158968], [0.01631431141619721, 0.04826372075318863, 0.8167526021330268, 0.1186693655975874], [0.0063751424274272675, 0.5735812832080192, 0.41629112121275996, 0.0037524530517936442]], "ideal": "B", "sampled": "A", "correct": false}}
{"type": "result", "data": {"idx": 48, "options": ["6%", "16%", "36%", "66%"], "probs": [[0.001797267335940452, 0.08652739148389832, 0.9092324293693619, 0.0024429117107993637], [0.010816218662796386, 0.47885759151622986, 0.5018757139407192, 0.008450475780254544], [0.03268500032438941, 0.22348849389892922, 0.38034596893729344, 0.36348053673938796], [0.005195959109026202, 0.023657296324234165, 0.8674605065558646, 0.10368623791087501]], "ideal": "C", "sampled": "C", "correct": true}}
{"type": "result", "data": {"idx": 49, "options": ["43%", "58%", "73%", "88%"], "probs": [[0.02193335074693574, 0.5612551459450873, 0.41387740377910326, 0.0029340994288736956], [0.03590759779738989, 0.22850681882072293, 0.12336742095441455, 0.6122181623274726], [0.011155690055011285, 0.025523634601138333, 0.936119078624403, 0.02720159661944737], [0.0038226042348421174, 0.4282924578333047, 0.5626950919726628, 0.005189845859190423]], "ideal": "B", "sampled": "A", "correct": false}}
{"type": "result", "data": {"idx": 50, "options": ["0.50%", "2%", "6%", "12%"], "probs": [[0.007168265259152531, 0.09971912482834094, 0.8614583255269112, 0.03165428428559534], [0.015758284842410254, 0.370186109547021, 0.600973111861669, 0.013082493648899695], [0.05926716285726615, 0.5282991823192921, 0.06562082090433992, 0.34681283381910183], [0.08836605267287691, 0.053606233686715674, 0.5289565245433704, 0.32907118899703697]], "ideal": "B", "sampled": "C", "correct": false}}
{"type": "result", "data": {"idx": 51, "options": ["strongly supported by most studies", "supported mainly by cross-section, not time-series studies", "supported mainly by time-series, not cross-section studies", "generally repudiated by empirical studies"], "probs": [[0.013093972894397881, 0.8573466150080367, 0.09163744968616794, 0.037921962311397474], [0.6066037170070194, 0.3380802766649761, 0.022110256709588546, 0.03320574951841592], [0.07552573955210429, 0.6048922042404639, 0.21036879482209483, 0.10921326128533698], [0.013676384667845055, 0.02727882791513369, 0.9302603107646819, 0.02878447655233939]], "ideal": "B", "sampled": "B", "correct": true}}
{"type": "result", "data": {"idx": 52, "options": ["12 years", "9 years", "6 years", "3 years"], "probs": [[0.016221490197569896, 0.48109520787408355, 0.5003153817546591, 0.0023679200736874796], [0.1078449841344886, 0.6503140665801277, 0.23563523316053142, 0.0062057160248522696], [0.046937189238787654, 0.11977970612436419, 0.1316518717801117, 0.7016312327567364], [0.005412306532698287, 0.15077291139677745, 0.841143591949939, 0.002671190020585235]], "ideal": "B", "sampled": "B", "correct": true}}
{"type": "result", "data": {"idx": 53, "options": ["0.90%", "1.80%", "3.60%", "7.20%"], "probs": [[0.00459900537749257, 0.05914119764663274, 0.862601234825973, 0.07365856204990175], [0.0059927484394853205, 0.15210731658915946, 0.7972622687463257, 0.04463766612502953], [0.006012403183517942, 0.27639709039926114, 0.7003221198812273, 0.017268386435993602], [0.01594810223303925, 0.28723425312226686, 0.6274309297939505, 0.06938671475074329]], "ideal": "D", "sampled": "D", "correct": true}}
{"type": "result", "data": {"idx": 54, "options": ["14%", "24%", "34%", "44%"], "probs": [[0.025004269471524097, 0.16557688698997086, 0.8027797316447381, 0.0066391117937669], [0.024645708804152046, 0.21287956857875595, 0.7494669707947857, 0.013007751722306289], [0.03858887893710858, 0.470101027351199, 0.4814583340331559, 0.009851759578536493], [0.032154076576748375, 0.4405179726017332, 0.5190522795912125, 0.008275671130305954]], "ideal": "A", "sampled": "D", "correct": false}}
{"type": "result", "data": {"idx": 55, "options": ["60%", "75%", "90%", "45%"], "probs": [[0.0436213100722317, 0.15576759327361064, 0.3124145040888366, 0.4881965924653211], [0.028865544694805928, 0.1453596735439522, 0.7158735669787996, 0.10990121468244227], [0.0075265235222457165, 0.3920308993722312, 0.5978158782776095, 0.0026266987279135448], [0.019245174443353916, 0.4243694987670566, 0.5536900948985307, 0.002695231791058721]], "ideal": "B", "sampled": "D", "correct": false}}
{"type": "result", "data": {"idx": 56, "options": ["50%", "60%", "70%", "80%"], "probs": [[0.016373676275632805, 0.18882065627298028, 0.7890454992886105, 0.0057601680627764155], [0.029357180492010686, 0.21356112258416873, 0.6843378820546211, 0.07274381476919954], [0.03255939434799706, 0.39974438544471524, 0.24631817269368192, 0.32137804741360576], [0.02035179188500837, 0.3363016567360623, 0.6285527388866794, 0.014793812392249903]], "ideal": "D", "sampled": "B", "correct": false}}
{"type": "result", "data": {"idx": 57, "options": ["2%", "25%", "50%", "75%"], "probs": [[0.002478778027042668, 0.2963080581804296, 0.6960190843105512, 0.0051940793819765345], [0.010205186661284059, 0.5927642443170396, 0.39515920535699023, 0.0018713635646861171], [0.02094353161825052, 0.33442854638565617, 0.06349921746283115, 0.5811287044332621], [0.050465830382675055, 0.023865210330173404, 0.6632303199563601, 0.2624386392307914]], "ideal": "D", "sampled": "C", "correct": false}}
{"type": "result", "data": {"idx": 58, "options": ["no nation has been able to grow in the past years.", "the Democratic Republic of Congo has become poorer than it initially was in 1980.", "some countries have had relatively significant growth rates.", "some countries have had relatively significant growth rates, but the Democratic Republic of Congo has become poorer than it initially was in 1980."], "probs": [[0.0008803651696277169, 0.0006651555501594998, 0.9966318306726558, 0.0018226485075570004], [0.003151115362090493, 0.9756883814855902, 0.019169736810880116, 0.001990766241439171], [0.04481873443779855, 0.9080974615006017, 0.015999616278616718, 0.031084187682983093], [0.1417717870466174, 0.002837158380282158, 0.01230347846745311, 0.8430875760056473]], "ideal": "C", "sampled": "C", "correct": true}}
{"type": "result", "data": {"idx": 59, "options": ["15.50%", "34.80%", "48.10%", "65.20%"], "probs": [[0.011100332096501374, 0.9103510847752779, 0.07412657037390598, 0.004422012654314749], [0.04283671889527509, 0.8409848337671322, 0.09964507965708334, 0.016533367580509394], [0.10197837136892425, 0.834369378960192, 0.03638517300718821, 0.027267076563695525], [0.049122116016998285, 0.3386324801438149, 0.5852664981041871, 0.02697890563499969]], "ideal": "B", "sampled": "B", "correct": true}}
{"type": "result", "data": {"idx": 60, "options": ["5 million", "30 million", "150 million", "500 million"], "probs": [[0.0019863047672056887, 0.04702452205959691, 0.9447202699147184, 0.00626890315847908], [0.01122420121973757, 0.5943729424754868, 0.38975165234105075, 0.004651203863724956], [0.2122004776980869, 0.08119343220375658, 0.14240795372492546, 0.564198136273231], [0.023867254674273253, 0.03290129769988721, 0.6354972612977152, 0.3077341862281244]], "ideal": "C", "sampled": "C", "correct": true}}
{"type": "result", "data": {"idx": 61, "options": ["Colombia, Peru, Uruguay, and Costa Rica.", "Bhutan, Niger, Cambodia, and Costa Rica.", "Uruguay, Costa Rica, Timor-Leste, and Pakistan.", "Bhutan, Cambodia, Uruguay and Costa Rica."], "probs": [[0.033949576567813104, 0.12151342719705777, 0.03271093988621161, 0.8118260562489175], [0.008889277059092135, 0.011632603061155797, 0.97480590653591, 0.00467221324384201], [0.011859626077302886, 0.4821437421670409, 0.49341775169943214, 0.012578879956224033], [0.009903683630524351, 0.6187010000932035, 0.3285518687283003, 0.042843447447971895]], "ideal": "A", "sampled": "D", "correct": false}}
{"type": "result", "data": {"idx": 62, "options": ["10%", "20%", "40%", "80%"], "probs": [[0.006580074427322627, 0.15328224663918014, 0.8359373355525327, 0.004200343280964607], [0.017765331945411054, 0.5230868438738273, 0.3223936545437282, 0.13675416953703337], [0.011870829320978748, 0.02286529155480965, 0.9288774675941074, 0.03638641143010424], [0.007093064129607702, 0.19166197175331692, 0.7764353870673243, 0.024809576949751107]], "ideal": "B", "sampled": "C", "correct": false}}
{"type": "result", "data": {"idx": 63, "options": ["38%", "58%", "78%", "98%"], "probs": [[0.012842617745519456, 0.6642509971334987, 0.321276378915491, 0.0016300061054908086], [0.02759196230068309, 0.12362091302889419, 0.027825834178198703, 0.820961290392224], [0.004014621555648857, 0.005077066915893982, 0.902144566310323, 0.08876374511813417], [0.0016895320921007447, 0.29786456892047714, 0.6980575516193506, 0.0023883472680715527]], "ideal": "C", "sampled": "A", "correct": false}}
{"type": "result", "data": {"idx": 64, "options": ["True, True", "True, False", "False, True", "False, False"], "probs": [[0.023370582094850663, 0.6032492866149939, 0.3103140473423071, 0.06306608384784826], [0.0833359621380695, 0.5565612662819204, 0.16319616897875522, 0.19690660250125488], [0.1634586179608355, 0.08745297919014233, 0.2049131870796984, 0.5441752156693238], [0.012990462749713263, 0.07131430592334705, 0.7727617714208815, 0.1429334598060582]], "ideal": "B", "sampled": "B", "correct": true}}
{"type": "result", "data": {"idx": 65, "options": ["260", "2,600", "26,000", "260,000"], "probs": [[0.025469315158352813, 0.153620874056459, 0.7215657475394098, 0.09934406314577841], [0.7216815358439382, 0.045414239205921, 0.22359414417258083, 0.009310080677559989], [0.08801498942675957, 0.03214832371041319, 0.22307760845071298, 0.6567590783121142], [0.007094114707610462, 0.014568729618289882, 0.5213423142590863, 0.4569948413150134]], "ideal": "C", "sampled": "B", "correct": false}}
{"type": "result", "data": {"idx": 66, "options": ["90%", "70%", "50%", "30%"], "probs": [[0.16877960665093963, 0.5804390057879991, 0.24617107175796352, 0.004610315703097748], [0.6965736590395105, 0.2664283454205023, 0.025847704500779244, 0.011150290939207901], [0.04214704346385871, 0.013080554112754075, 0.9187291939565525, 0.026043208366834644], [0.007218366170329032, 0.7203244117738612, 0.26496631447301094, 0.0074909074827988024]], "ideal": "A", "sampled": "A", "correct": true}}
{"type": "result", "data": {"idx": 67, "options": ["Japan", "Canada", "Russia", "Iran"], "probs": [[0.011116649871573932, 0.666344041561428, 0.2956496752827032, 0.02688963318429485], [0.18267247555331792, 0.6897809088600807, 0.02960606368797911, 0.09794055179862228], [0.06385279410521229, 0.015659430906513703, 0.03088833746626355, 0.8895994374220104], [0.005926299977601662, 0.012354406814587885, 0.782259542003734, 0.19945975110407635]], "ideal": "B", "sampled": "B", "correct": true}}
{"type": "result", "data": {"idx": 68, "options": ["59%", "69%", "79%", "89%"], "probs": [[0.019585898823153113, 0.2808711985725458, 0.6955559959332123, 0.003986906571088835], [0.02345053410512475, 0.21871886755091519, 0.4894104547571526, 0.2684201434868074], [0.014308114123046518, 0.1284151570819343, 0.8444421001175145, 0.012834628577504685], [0.011013723788229894, 0.47541728090755586, 0.5101525727202464, 0.0034164224839678035]], "ideal": "C", "sampled": "A", "correct": false}}
{"type": "result", "data": {"idx": 69, "options": ["9%", "19%", "39%", "59%"], "probs": [[0.005565419583479583, 0.21365883439143268, 0.7758546828492545, 0.0049210630758332345], [0.017145974783415546, 0.2724641000714542, 0.6644349184173585, 0.04595500662777174], [0.016434819479487644, 0.1685192195771175, 0.7043731427478849, 0.11067281809551004], [0.010085148717040958, 0.20737209875415022, 0.7410045251608138, 0.04153822726799493]], "ideal": "B", "sampled": "C", "correct": false}}
{"type": "result", "data": {"idx": 70, "options": ["18%", "38%", "58%", "78%"], "probs": [[0.004669348163440155, 0.27778612880380066, 0.7152528161200581, 0.0022917068127011036], [0.016845908825765636, 0.5894286860199539, 0.38076019887643203, 0.012965206177848444], [0.034626640375966196, 0.18283331392367225, 0.6694496869371444, 0.11309035866321718], [0.00588464507063263, 0.12094267518464345, 0.8600736303609379, 0.013099049283785998]], "ideal": "B", "sampled": "C", "correct": false}}
{"type": "result", "data": {"idx": 71, "options": ["24%", "39%", "54%", "69%"], "probs": [[0.007581388229666471, 0.27126554075122894, 0.7202630750714512, 0.0008899958476534745], [0.014875282161393185, 0.5246963369734903, 0.45922740145247226, 0.0012009793126441996], [0.026628401251773168, 0.8962910812210448, 0.07130233975952088, 0.005778177667661069], [0.1398941640995693, 0.03919350909140847, 0.8190948148813383, 0.001817511827683887]], "ideal": "A", "sampled": "D", "correct": false}}
{"type": "result", "data": {"idx": 72, "options": ["1.5 children per woman", "2.5 children per woman", "3.5 children per woman", "4.5 children per woman"], "probs": [[0.7045690890159758, 0.03623500468989488, 0.2535857299390566, 0.005610176255072758], [0.04068259820558231, 0.006294981927212266, 0.010878221864538858, 0.9421441979026666], [0.0043865441086881046, 0.002685370782237414, 0.9629100300112902, 0.03001805499778431], [0.005361723517045976, 0.5780725267236896, 0.4129860845822395, 0.003579665077024868]], "ideal": "B", "sampled": "A", "correct": false}}
{"type": "result", "data": {"idx": 73, "options": ["$300 ", "$1,000 ", "$10,000 ", "$30,000 "], "probs": [[0.10682803857824238, 0.521964774773401, 0.35332348017860643, 0.017883706369750178], [0.136685943365037, 0.11071451009872127, 0.18992428696254116, 0.5626752594737006], [0.053437447937799934, 0.02863006048562428, 0.4444294778395735, 0.47350301363700226], [0.027023656140040996, 0.09147106804079559, 0.8095970703805683, 0.07190820533859514]], "ideal": "C", "sampled": "B", "correct": false}}
{"type": "result", "data": {"idx": 74, "options": ["20%", "40%", "60%", "80%"], "probs": [[0.024366542579240577, 0.2237184654942716, 0.7402812176590475, 0.011633774167440313], [0.0589930555315472, 0.5054095311641503, 0.13608833943304996, 0.2995090737712526], [0.054391146916474516, 0.11435473964757752, 0.4700612232377724, 0.36119289009817557], [0.0226595052959012, 0.459628465151811, 0.4586715126370766, 0.05904051681521116]], "ideal": "C", "sampled": "C", "correct": true}}
{"type": "result", "data": {"idx": 75, "options": ["41%", "56%", "71%", "86%"], "probs": [[0.02532349091601409, 0.6431845267178012, 0.3286589004613922, 0.00283308180479252], [0.04365789258641495, 0.5240674154997024, 0.42466224343045156, 0.007612448383431112], [0.12104007510345692, 0.6350153636668742, 0.2393390816260022, 0.0046054795036666605], [0.11671174582248603, 0.19262418327235262, 0.6780214300222611, 0.012642640782900246]], "ideal": "B", "sampled": "B", "correct": true}}
{"type": "result", "data": {"idx": 76, "options": ["1%", "2%", "4%", "8%"], "probs": [[0.01672823110136875, 0.24028559683222422, 0.7400479655282117, 0.002938206438195261], [0.07617084681226054, 0.537459671443599, 0.28764536973937815, 0.0987241119047623], [0.06864582899969919, 0.2217599500887352, 0.5074807518395108, 0.20211346897205476], [0.01606559575970149, 0.265606464413106, 0.688952270950878, 0.02937566877631454]], "ideal": "C", "sampled": "C", "correct": true}}
{"type": "result", "data": {"idx": 77, "options": ["US", "Chile", "Ireland", "Spain"], "probs": [[0.9322025717203178, 0.03613202482117889, 0.016562684462506354, 0.015102718895996854], [0.006731507692316814, 0.013295678141917688, 0.00838696473314683, 0.9715858493326187], [0.0026771430701886087, 0.0034135515312346105, 0.992377242518923, 0.0015320627796537927], [0.004882378417210985, 0.9832563567872433, 0.007510305965602523, 0.004350958729943143]], "ideal": "A", "sampled": "A", "correct": true}}
