{"type": "result", "data": {"idx": 0, "options": ["(0, \u2013 3)", "(4, 1)", "(2, 2)", "(\u2013 4, \u20132)"], "probs": [[0.2424501568749299, 0.24607666751057322, 0.45760764391643044, 0.053865531598066445], [0.0918825188099739, 0.5705252118229468, 0.31373881647867885, 0.023853452788400443], [0.15069850405170865, 0.43891837006926515, 0.36501495542141127, 0.045368170357614875], [0.169190133519237, 0.4702395954186482, 0.3000566273610756, 0.06051364360103924]], "ideal": "D", "sampled": "C", "correct": false}}
{"type": "result", "data": {"idx": 1, "options": ["2500", "2", "50", "25"], "probs": [[0.13395198978705813, 0.17461093998279073, 0.49485784026714, 0.19657922986301107], [0.017324677671278904, 0.08252029565844368, 0.8480465869378706, 0.05210843963240683], [0.051096646341277266, 0.2890974401396194, 0.5589475860201542, 0.10085832739894914], [0.2216515946221382, 0.24905413102737892, 0.4930483639105915, 0.03624591033989141]], "ideal": "C", "sampled": "D", "correct": false}}
{"type": "result", "data": {"idx": 2, "options": ["392", "336", "300", "297"], "probs": [[0.45816345291609595, 0.40747134355585496, 0.1058955600045688, 0.028469643423480316], [0.8585476406333749, 0.025355944785263894, 0.08817970138174203, 0.027916713099619257], [0.2682784755516222, 0.08780085908785341, 0.5309291402326205, 0.11299152502790394], [0.18707407163610099, 0.22395094508504348, 0.5734445053673103, 0.015530477811545233]], "ideal": "A", "sampled": "B", "correct": false}}
{"type": "result", "data": {"idx": 3, "options": ["\\frac{7}{9}", "\\frac{8}{9}", "\\frac{5}{9}", "\\frac{9}{11}"], "probs": [[0.010843937993300152, 0.5864161728284119, 0.38473349017515107, 0.018006398903136888], [0.008716368835827798, 0.680321915297379, 0.22441952874976712, 0.08654218701702611], [0.0218066583681896, 0.19867325789265058, 0.7272318953070535, 0.05228818833210635], [0.020741254031238297, 0.24071861733868455, 0.7248290756230101, 0.013711052907067004]], "ideal": "B", "sampled": "B", "correct": true}}
{"type": "result", "data": {"idx": 4, "options": ["(-inf, 10)", "(-inf, 9)", "(-inf, 8)", "(-inf, 7)"], "probs": [[0.13452359631732158, 0.26956006078527706, 0.5370778280830395, 0.058838514714361904], [0.19196312819431322, 0.18320075471944397, 0.547771507712482, 0.07706460927376083], [0.1014737234076886, 0.12825777208674838, 0.42121057600982537, 0.3490579283957377], [0.09253979197590637, 0.16758237278030258, 0.7012478499531494, 0.0386299851906417]], "ideal": "C", "sampled": "B", "correct": false}}
{"type": "result", "data": {"idx": 5, "options": ["396", "72", "66", "36"], "probs": [[0.17308171808113626, 0.26784117809949837, 0.34984506589348663, 0.20923203782587876], [0.27885791968214596, 0.26173743895510715, 0.42240119448253827, 0.037003446780208636], [0.026666928775432207, 0.49484585020928656, 0.4371119553150611, 0.04137526560022012], [0.26187383833285, 0.22382017717708402, 0.4562185057219042, 0.058087478668161815]], "ideal": "B", "sampled": "D", "correct": false}}
{"type": "result", "data": {"idx": 6, "options": ["0.16", "0.24", "0.3", "0.5"], "probs": [[0.1774654662872853, 0.4491056223249109, 0.31707077479300433, 0.05635813649479948], [0.21197889111369328, 0.25349362926649416, 0.31386276141059666, 0.22066471810921592], [0.03603075206034007, 0.16371679914285708, 0.7528594415947236, 0.04739300710207922], [0.023676140662074484, 0.4528947612758968, 0.4984170084650179, 0.025012089497010833]], "ideal": "C", "sampled": "A", "correct": false}}
{"type": "result", "data": {"idx": 7, "options": ["42", "12", "36", "39"], "probs": [[0.11704393431475085, 0.13364066132445615, 0.7419194550743877, 0.007395949186405231], [0.03292144509664914, 0.2862611726164619, 0.6624597252422366, 0.018357656944652297], [0.10510415974341418, 0.3160502431989406, 0.5654533119475631, 0.013392285010082102], [0.09496347178564254, 0.2155430537987558, 0.65609791087832, 0.03339556343728161]], "ideal": "A", "sampled": "C", "correct": false}}
{"type": "result", "data": {"idx": 8, "options": ["\\frac{125}{648}", "\\frac{25}{648}", "\\frac{625}{648}", "\\frac{1}{648}"], "probs": [[0.2517020190453589, 0.38376502485418174, 0.3498706040510672, 0.014662351949392177], [0.1385730782225277, 0.5565670645191949, 0.21813419134023687, 0.08672566581804049], [0.2992131158293058, 0.13699640536423083, 0.5216531830750768, 0.042137295631386594], [0.00783093802453084, 0.547956743719929, 0.43037889740267177, 0.013833420752868426]], "ideal": "C", "sampled": "A", "correct": false}}
{"type": "result", "data": {"idx": 9, "options": ["8", "12", "10", "4"], "probs": [[0.10262814468991106, 0.3663849045382595, 0.5054131896411569, 0.025573761030672482], [0.07912593961273216, 0.4408335917623047, 0.42121353113591303, 0.05882693738905015], [0.07445779331091834, 0.3575943952799712, 0.47810938237133743, 0.08983842893777304], [0.05242596702864196, 0.27439454910679206, 0.6589438490380293, 0.014235634726536677]], "ideal": "B", "sampled": "B", "correct": true}}
{"type": "result", "data": {"idx": 10, "options": ["13", "14", "1", "2"], "probs": [[0.20144371656834065, 0.4826579921440013, 0.3062853581812222, 0.009612933006435861], [0.03955353626635885, 0.2203138078021899, 0.7250768826982089, 0.01505577313324235], [0.02855498529577898, 0.37533384024451266, 0.5745197908530912, 0.021591383506617032], [0.10680231044051307, 0.46713490768561944, 0.4046549030717623, 0.02140787870210523]], "ideal": "D", "sampled": "A", "correct": false}}
{"type": "result", "data": {"idx": 11, "options": ["30", "64", "2048", "60"], "probs": [[0.11502109890525856, 0.209874326066333, 0.6639361791411648, 0.011168395787243665], [0.18963255421220024, 0.607301892834434, 0.19163801229369487, 0.011427540559670792], [0.4804785036346324, 0.1488616697850227, 0.31618891729878396, 0.05447090918156094], [0.19462321261702606, 0.11713941877342407, 0.543333577831885, 0.1449037906776649]], "ideal": "D", "sampled": "C", "correct": false}}
{"type": "result", "data": {"idx": 12, "options": ["0", "1", "2", "4"], "probs": [[0.08719605141605156, 0.5555931287776665, 0.3174889063704746, 0.039721913335807234], [0.049448748472384584, 0.05263084309921825, 0.10345836252507325, 0.7944620458033239], [0.008366590224674921, 0.023090082762669058, 0.9243051253848348, 0.04423820152782121], [0.011333383639762043, 0.6898938429595073, 0.2925885324867075, 0.006184240814023143]], "ideal": "D", "sampled": "A", "correct": false}}
{"type": "result", "data": {"idx": 13, "options": ["92", "93", "94.5", "95"], "probs": [[0.003418632082757304, 0.0024245981368959304, 0.9936168269411049, 0.0005399427392418607], [0.008975961533102102, 0.9745218469913725, 0.01565110919837164, 0.0008510821771537427], [0.8572311520263765, 0.09034342444078142, 0.03841147625078237, 0.014013947182059727], [0.2611657664226023, 0.021445101005050114, 0.43172996990686613, 0.28565916256548146]], "ideal": "B", "sampled": "C", "correct": false}}
{"type": "result", "data": {"idx": 14, "options": ["R <= T <= M <= L", "L <= T <= M <= R", "R <= M <= T <= L", "L <= M <= T <= R"], "probs": [[0.022619043133132632, 0.47925539069594003, 0.27329004520808997, 0.22483552086283737], [0.03296706941836404, 0.074835504252197, 0.8707265565117035, 0.021470869717735454], [0.023506634527902297, 0.5961722408961472, 0.23179510471503725, 0.1485260197609132], [0.06331764811660996, 0.11370812185896628, 0.7422507889981277, 0.08072344092629602]], "ideal": "D", "sampled": "D", "correct": true}}
{"type": "result", "data": {"idx": 15, "options": ["16", "2\\sqrt{2}", "5", "5+2\\sqrt{13}"], "probs": [[0.06545355024010574, 0.6255712964750069, 0.2492637727324897, 0.05971138045239766], [0.3077382599793588, 0.25519083231026685, 0.4089793172115174, 0.028091590398856968], [0.02382275777865362, 0.8658413680531793, 0.10281375550405093, 0.007522118564116112], [0.5640004234644003, 0.2173757238664233, 0.08108185915522187, 0.1375419934139546]], "ideal": "D", "sampled": "D", "correct": true}}
{"type": "result", "data": {"idx": 16, "options": ["8", "3", "6", "9"], "probs": [[0.0822038780058293, 0.256639289157905, 0.6384475062598173, 0.02270932647644832], [0.052870000473748104, 0.46222635357281117, 0.45775537914981, 0.027148266703630655], [0.11980334445002426, 0.20032274347919565, 0.6399630784355317, 0.03991083353524835], [0.08059394418829852, 0.3010482810214734, 0.5697834533612128, 0.048574321329015256]], "ideal": "A", "sampled": "C", "correct": false}}
{"type": "result", "data": {"idx": 17, "options": ["-2", "-4", "-1", "1"], "probs": [[0.09001529759724396, 0.13393516537842792, 0.5968605145916903, 0.17918902233263775], [0.04385440812512189, 0.375505955388494, 0.534630538971272, 0.046009097415112145], [0.0665829442421664, 0.7152891354689824, 0.1868718608912296, 0.031256059297621576], [0.13483206725512578, 0.28740146325036614, 0.44274463585442536, 0.13502183354008274]], "ideal": "B", "sampled": "D", "correct": false}}
{"type": "result", "data": {"idx": 18, "options": ["1", "3", "0", "5"], "probs": [[0.04893249199895751, 0.06626635690463986, 0.7736326340016068, 0.11116851699479585], [0.03584868991918361, 0.36974162636030017, 0.5315252225150482, 0.06288446110546805], [0.04251537431988977, 0.3554364707390504, 0.574136609395022, 0.02791154544603784], [0.05592889814877197, 0.28354591656520295, 0.38313058728489413, 0.27739459790113097]], "ideal": "A", "sampled": "C", "correct": false}}
{"type": "result", "data": {"idx": 19, "options": ["(-\\infty,-1)\\cup (1,\\infty)", "(-\\infty,0)\\cup (0,\\infty)", "[-1,1]", "(-1,1)"], "probs": [[0.3470047563319298, 0.4856157392352199, 0.140390524200128, 0.02698898013272229], [0.35552112059139934, 0.03207023513153393, 0.5734261997981533, 0.03898244437891334], [0.001959375050234457, 0.04185859865160117, 0.9454306027308211, 0.010751423467343214], [0.005011681460880208, 0.6985546990601635, 0.28662228230528436, 0.009811337073671834]], "ideal": "B", "sampled": "A", "correct": false}}
{"type": "result", "data": {"idx": 20, "options": ["\\frac{5}{x-4}", "\\frac{x-4}{5}", "\\frac{x+4}{5}", "-\\frac{x-4}{5}"], "probs": [[0.0183165914978507, 0.9240322284227492, 0.02177185046775199, 0.035879329511648114], [0.10491437490747359, 0.17713993599175912, 0.7078430576655991, 0.010102631335168252], [0.033765636632684184, 0.40467238723666193, 0.05707296771039774, 0.5044890083202561], [0.013345072524554809, 0.017440030405227104, 0.9674894402389567, 0.0017254567312613774]], "ideal": "D", "sampled": "B", "correct": false}}
{"type": "result", "data": {"idx": 21, "options": ["\u221216", "32", "\u221232", "64"], "probs": [[0.17636030143212222, 0.04641489501788432, 0.7623366429106864, 0.014888160539307128], [0.021799544433586716, 0.8050777431471086, 0.04146474724803486, 0.13165796507126984], [0.2933732998095617, 0.05141832908853776, 0.5453012828863322, 0.10990708811556832], [0.038432289340589974, 0.40969455695929385, 0.2867870362574709, 0.2650861173426453]], "ideal": "B", "sampled": "C", "correct": false}}
{"type": "result", "data": {"idx": 22, "options": ["7", "11", "16", "8"], "probs": [[0.02952214150748722, 0.22123251904670768, 0.7445046322246278, 0.004740707121177332], [0.03679453119578902, 0.3768078295165086, 0.5628046256551976, 0.023593013532504783], [0.02318738056796742, 0.2711751574418473, 0.6940536026466299, 0.01158385924355543], [0.054463478850886565, 0.15376481183176174, 0.7355333456327107, 0.05623836358464103]], "ideal": "D", "sampled": "C", "correct": false}}
{"type": "result", "data": {"idx": 23, "options": ["4", "8", "2", "1"], "probs": [[0.05671559247219213, 0.3934038858774483, 0.5343551610324981, 0.015525360517861485], [0.07592532320773276, 0.46842815232167856, 0.41739837885938336, 0.03824814551120527], [0.04141128463887339, 0.28938868461675044, 0.6236397035341397, 0.045560327110236526], [0.02144659674904384, 0.34031340349671013, 0.5157607774078636, 0.12247922224638239]], "ideal": "B", "sampled": "C", "correct": false}}
{"type": "result", "data": {"idx": 24, "options": ["Friday", "Thursday", "Wednesday", "Tuesday"], "probs": [[0.03962176263217958, 0.19940908102627466, 0.5063952169329529, 0.2545739393085929], [0.07439731036250659, 0.2167523713027807, 0.5860292286464156, 0.12282108958829707], [0.06834369406701012, 0.25964424978745254, 0.2903963435298509, 0.3816157125156865], [0.08134649632544584, 0.08127485899354732, 0.4073020189049189, 0.4300766256760879]], "ideal": "A", "sampled": "C", "correct": false}}
{"type": "result", "data": {"idx": 25, "options": ["5", "3", "15", "31"], "probs": [[0.015937095417330224, 0.6917646487943218, 0.24753591277469467, 0.04476234291365335], [0.056049400866174985, 0.10801735892124423, 0.8269442034086883, 0.008989036703892473], [0.034318843286561734, 0.5072548625936399, 0.3936975319280425, 0.06472876209175575], [0.09475394526527013, 0.2677106997980556, 0.6262647737544724, 0.01127058108220177]], "ideal": "C", "sampled": "D", "correct": false}}
{"type": "result", "data": {"idx": 26, "options": ["145", "90", "60", "70"], "probs": [[0.09062214076664257, 0.3897729166795757, 0.5025584035648224, 0.017046538888959305], [0.053916281521473604, 0.3047539634050363, 0.5988095475294153, 0.042520207444074865], [0.06515912419684755, 0.17407349462228014, 0.6538940375138771, 0.10687334356699518], [0.03350826033022488, 0.3881573142083327, 0.5670945733596724, 0.01123985200177004]], "ideal": "D", "sampled": "A", "correct": false}}
{"type": "result", "data": {"idx": 27, "options": ["2 min", "5 min", "18 min", "20 min"], "probs": [[0.07004190026888484, 0.1640652518088888, 0.7246592424186827, 0.041233605403543636], [0.053172522140931676, 0.4211962293138663, 0.5047777021943528, 0.020853546250849203], [0.18237920778451042, 0.4109061772305358, 0.3204292809450893, 0.08628533393986444], [0.0703758517554371, 0.34088653068645425, 0.45914035688860094, 0.12959726056950774]], "ideal": "C", "sampled": "C", "correct": true}}
{"type": "result", "data": {"idx": 28, "options": ["(-4,4)", "[0,4]", "(-inf, -1) U (4, inf)", "(-inf, -1) U (-1, 4) U (4, inf)"], "probs": [[0.006546118376007965, 0.019241627045031233, 0.9412161895425866, 0.032996064936374206], [0.004412879358895637, 0.5913214848154708, 0.39680660875662366, 0.007459026969009919], [0.10538972403671336, 0.5395366073501727, 0.2889938418798351, 0.06607982663327881], [0.22190555099132536, 0.052355708246828066, 0.5498302742238447, 0.17590846643800187]], "ideal": "C", "sampled": "C", "correct": true}}
{"type": "result", "data": {"idx": 29, "options": ["1", "e", "2/e", "1/e"], "probs": [[0.019272214082978502, 0.03356350682937311, 0.4458413950336029, 0.5013228839540455], [0.029636021259308747, 0.27257658355722797, 0.6910585495785936, 0.006728845504869743], [0.18595111714588106, 0.6857267745220159, 0.12214093881631642, 0.006181169415786574], [0.5841571296360002, 0.23979611574572673, 0.08563097736367498, 0.09041577715459813]], "ideal": "D", "sampled": "D", "correct": true}}
{"type": "result", "data": {"idx": 30, "options": ["1", "2", "0", "5"], "probs": [[0.09357330999466823, 0.03526565451902086, 0.8487148927535483, 0.02244614263276264], [0.027751996490147184, 0.5749379863401454, 0.10564595968756202, 0.29166405738214535], [0.052071968108112016, 0.24459121253273555, 0.6867949122824234, 0.016541906976729037], [0.04433156110899053, 0.5614677583391114, 0.05067953763872918, 0.34352114281316887]], "ideal": "C", "sampled": "C", "correct": true}}
{"type": "result", "data": {"idx": 31, "options": ["10", "16", "24", "12"], "probs": [[0.056007297510485894, 0.13639890062633817, 0.6840360963863388, 0.1235577053768371], [0.13788486829573673, 0.2497041936521208, 0.6061367310080062, 0.006274206944136239], [0.08834842908791764, 0.717064047824289, 0.16936961484569507, 0.025217908142098247], [0.34073924065635053, 0.22525071948008604, 0.39348121838695205, 0.04052882137661131]], "ideal": "A", "sampled": "D", "correct": false}}
{"type": "result", "data": {"idx": 32, "options": ["12", "22", "840", "240"], "probs": [[0.006132013723738311, 0.03161371547564101, 0.8616969716972448, 0.10055729900337586], [0.007855688217308985, 0.48946517678230206, 0.49743941398138936, 0.005239720918999546], [0.6345380839507758, 0.25637538432259216, 0.10068634620262887, 0.008400185424003106], [0.6443622755684986, 0.12108644187049007, 0.18514076011371494, 0.04941052234729637]], "ideal": "D", "sampled": "C", "correct": false}}
{"type": "result", "data": {"idx": 33, "options": ["8788", "2", "2197", "21"], "probs": [[0.047208272949164236, 0.01936864336308411, 0.9268236958243324, 0.006599387763419197], [0.00956297656832581, 0.4459704416733327, 0.5298988769241737, 0.01456770473416779], [0.17011811820599615, 0.06981000840532028, 0.652717988046761, 0.10735388524192259], [0.09308991359193972, 0.1910010977731677, 0.7101324031272659, 0.005776585407626644]], "ideal": "A", "sampled": "C", "correct": false}}
{"type": "result", "data": {"idx": 34, "options": ["-9", "-5", "-6", "-57"], "probs": [[0.072668514455714, 0.3518663376093399, 0.5336862106912927, 0.04177893714365338], [0.057685266529752775, 0.3939381197378447, 0.29569089079271976, 0.2526857228396827], [0.1830526115852437, 0.18879131689580866, 0.3946571886940943, 0.23349888272485333], [0.05459699494457429, 0.21076546998182583, 0.5790420468072138, 0.155595488166386]], "ideal": "A", "sampled": "C", "correct": false}}
{"type": "result", "data": {"idx": 35, "options": ["15", "5", "9", "17"], "probs": [[0.12960863715644483, 0.08174703650043746, 0.759605443010768, 0.029038883232349655], [0.030935354009123492, 0.33482491405420006, 0.6120735899703154, 0.02216614186636114], [0.16399299095400338, 0.33631477758843575, 0.4677922268576198, 0.03190000449994105], [0.33379433053067736, 0.2459784782577715, 0.3730678613567985, 0.04715932975475265]], "ideal": "D", "sampled": "D", "correct": true}}
{"type": "result", "data": {"idx": 36, "options": ["252", "4680", "98770", "101170"], "probs": [[0.01473183379211387, 0.22837749248905398, 0.5883627566201627, 0.16852791699866945], [0.14656648966556773, 0.15968977924600097, 0.6426507640921025, 0.05109296689632878], [0.1205434900523168, 0.5232899901482947, 0.28299511108686803, 0.07317140861252051], [0.42496694052227646, 0.07212366558781375, 0.46770141239213525, 0.03520798139777457]], "ideal": "C", "sampled": "D", "correct": false}}
{"type": "result", "data": {"idx": 37, "options": ["4.5", "1", "5.5", "5"], "probs": [[0.13131349178769816, 0.2014906317238373, 0.5855328614583057, 0.08166301493015883], [0.017335651731286504, 0.5040028179231415, 0.2883530903229434, 0.19030843992262864], [0.1425020537986016, 0.23282969417152571, 0.60663836482124, 0.018029887108632715], [0.018253805079993236, 0.6353209602284627, 0.19150905273521204, 0.15491618185633202]], "ideal": "C", "sampled": "A", "correct": false}}
{"type": "result", "data": {"idx": 38, "options": ["240", "120", "60", "111"], "probs": [[0.2751432154450417, 0.3880157006167902, 0.3299295418029673, 0.006911542035200785], [0.5388297538447554, 0.36745617474398407, 0.07661561809860712, 0.01709845321265341], [0.20645325450978805, 0.1752153854545652, 0.5198946362261048, 0.09843672370954203], [0.012682229196524855, 0.3372105337710293, 0.6456102090062635, 0.004497027926182318]], "ideal": "A", "sampled": "B", "correct": false}}
{"type": "result", "data": {"idx": 39, "options": ["24", "5", "3", "21"], "probs": [[0.05374497447100439, 0.26652323700573066, 0.5970616824875188, 0.0826701059357461], [0.11853268967769047, 0.30740150345333417, 0.4998090974330287, 0.07425670933594664], [0.2500341632166762, 0.13174646116719135, 0.5871195426173316, 0.03109983289880088], [0.18450653872801376, 0.31874222521791606, 0.44340828228800205, 0.053342953666068144]], "ideal": "A", "sampled": "C", "correct": false}}
{"type": "result", "data": {"idx": 40, "options": ["1", "-3", "-1", "3"], "probs": [[0.1171390559090397, 0.13687733386655793, 0.7300872908489057, 0.015896319275496673], [0.026296017346002388, 0.5441901612308861, 0.2851254008502041, 0.1443884204729074], [0.044790916703518466, 0.1729259959570441, 0.7765227653083194, 0.005760321931117993], [0.020697460475288892, 0.7284781592878254, 0.1860578569370595, 0.06476652319982609]], "ideal": "B", "sampled": "A", "correct": false}}
{"type": "result", "data": {"idx": 41, "options": ["4", "6", "10", "15"], "probs": [[0.1593122410922371, 0.30196108061209814, 0.46269077969823175, 0.07603589849743302], [0.1870410851673652, 0.1133200295644945, 0.2775471077609933, 0.422091777407147], [0.15563011962272563, 0.19488020858245425, 0.5242250326843095, 0.12526463901051055], [0.1590531944893167, 0.23660459062707292, 0.5572025283092832, 0.04713968647432713]], "ideal": "C", "sampled": "A", "correct": false}}
{"type": "result", "data": {"idx": 42, "options": ["Alice", "Devon", "Bob", "Gerald"], "probs": [[0.06017537935313167, 0.38513155333081694, 0.3949498684700558, 0.15974319874599552], [0.04071371378234331, 0.25261909519944925, 0.24506109190698872, 0.46160609901121874], [0.024399599285215238, 0.39851603279110975, 0.47038910226280184, 0.10669526556087316], [0.06255736526954235, 0.44722470618020815, 0.41754520115620636, 0.07267272729404313]], "ideal": "B", "sampled": "A", "correct": false}}
{"type": "result", "data": {"idx": 43, "options": ["(6-3x)(6+3x)", "(-3x+6)(3x+6)", "9(2-x)(2+x)", "3(2+x)^2"], "probs": [[0.3094585366388296, 0.297570389752412, 0.33784522007118334, 0.055125853437575006], [0.5841521198210725, 0.21322018541409782, 0.16637167828719102, 0.03625601637763862], [0.45055352503059176, 0.1497127474949561, 0.3543455447565358, 0.04538818261791627], [0.024844186054089824, 0.4908019537814643, 0.4546015500899086, 0.029752309974537258]], "ideal": "C", "sampled": "B", "correct": false}}
{"type": "result", "data": {"idx": 44, "options": ["100", "90950", "5200", "50"], "probs": [[0.04271677356790216, 0.22181838405048732, 0.729908265575334, 0.005556576706276624], [0.5339095155035857, 0.1845257188053892, 0.23618004427515135, 0.045384721315873726], [0.42656322991633067, 0.048630810906860805, 0.2848978915160766, 0.23990806756073194], [0.013299128559544139, 0.17599142284387986, 0.41639997199558487, 0.39430947650099113]], "ideal": "C", "sampled": "C", "correct": true}}
{"type": "result", "data": {"idx": 45, "options": ["\\frac{1}{8}", "\\frac{1}{7}", "\\frac{1}{40}", "\\frac{1}{35}"], "probs": [[0.16987070784602537, 0.3979003560857075, 0.40810312265170967, 0.024125813316557422], [0.0903857106538842, 0.2573086263583644, 0.5807683933518818, 0.07153726953586961], [0.025417588537719436, 0.05856692821501206, 0.8754043585489752, 0.040611124598293226], [0.030799287295637554, 0.5081156326098315, 0.44559143516836197, 0.015493644826168952]], "ideal": "D", "sampled": "A", "correct": false}}
{"type": "result", "data": {"idx": 46, "options": ["5", "11", "17", "199"], "probs": [[0.0069716613059113775, 0.14659412845427508, 0.8315549855994031, 0.014879224540410478], [0.0194035692538023, 0.4589749838029203, 0.3868853420609383, 0.13473610478233916], [0.017269617585143775, 0.386827679872104, 0.5590320429331987, 0.0368706595095535], [0.08086970598316826, 0.37687585456022094, 0.49237168747425614, 0.04988275188235465]], "ideal": "D", "sampled": "C", "correct": false}}
{"type": "result", "data": {"idx": 47, "options": ["7", "5", "2", "25"], "probs": [[0.09973248819804409, 0.28627663794598357, 0.602327166805669, 0.011663706950303358], [0.13063284558788676, 0.357849979992934, 0.19029538047950817, 0.3212217938396711], [0.035195030661822606, 0.03384025804926597, 0.8402744624699184, 0.09069024871899299], [0.0087733089981623, 0.23123525571899006, 0.6859665504053865, 0.07402488477746122]], "ideal": "A", "sampled": "A", "correct": true}}
{"type": "result", "data": {"idx": 48, "options": ["792", "66", "396", "72"], "probs": [[0.05864793324912345, 0.14281251759120753, 0.7150366172403946, 0.08350293181927437], [0.022211732133755192, 0.4490918772861924, 0.4823318376437683, 0.04636455283628415], [0.23236631374046335, 0.46541265688830097, 0.23806398146597074, 0.0641570478052649], [0.352307455493019, 0.08040681926076637, 0.2922503541024455, 0.27503537104376913]], "ideal": "D", "sampled": "C", "correct": false}}
{"type": "result", "data": {"idx": 49, "options": ["5", "-75", "-64", "-24"], "probs": [[0.022626927297018717, 0.24276962555233647, 0.6930060465681416, 0.04159740048250321], [0.1363422050077545, 0.36453186450871344, 0.47287404106549913, 0.02625188931803294], [0.04863406794290721, 0.5062038382060007, 0.43042973361079434, 0.014732360140297792], [0.06717811874557422, 0.6725536934945657, 0.15036209710327203, 0.10990609055658802]], "ideal": "B", "sampled": "C", "correct": false}}
{"type": "result", "data": {"idx": 50, "options": ["\\frac{1}{27}", "\\frac{1}{68}", "\\frac{1}{3}", "\\frac{1}{243}"], "probs": [[0.014469972578168828, 0.05630770959629385, 0.9243940559704087, 0.004828261755128616], [0.012752613027696938, 0.7063944325888181, 0.2684644753432319, 0.012388478940252997], [0.04574920762522071, 0.44763533777260006, 0.500291125808621, 0.006324328693558242], [0.024912503038300064, 0.2593945114777312, 0.3133153138130983, 0.40237767157087045]], "ideal": "D", "sampled": "C", "correct": false}}
{"type": "result", "data": {"idx": 51, "options": ["100", "4", "5", "20"], "probs": [[0.017669275124647662, 0.10406030943709088, 0.7698136231317845, 0.10845679220647696], [0.09039990670372977, 0.18410065905473905, 0.7016490749435998, 0.02385035919793133], [0.07461586838555118, 0.46076026444862334, 0.32708609887834666, 0.13753776818747881], [0.08078332387717445, 0.030930002706384938, 0.6365291001362029, 0.25175757318023767]], "ideal": "A", "sampled": "D", "correct": false}}
{"type": "result", "data": {"idx": 52, "options": ["1", "9", "2", "10"], "probs": [[0.010108348734288033, 0.5958929505268601, 0.3618391425425925, 0.03215955809625941], [0.30354315418883887, 0.1855149557001, 0.4537610618446582, 0.057180828166402936], [0.016902915245076464, 0.5589396083673835, 0.3759604015100528, 0.04819707477748721], [0.10754948294773127, 0.0926799109292033, 0.7847991668638358, 0.014971439159229672]], "ideal": "B", "sampled": "B", "correct": true}}
{"type": "result", "data": {"idx": 53, "options": ["43", "16", "42", "44"], "probs": [[0.006950152218779956, 0.5221467944671723, 0.45780748780848013, 0.013095565405567697], [0.13331447043534658, 0.5353988211363718, 0.20196671796557625, 0.12931999036270528], [0.03129155794155293, 0.04550906981885348, 0.8205044880064745, 0.10269488413311909], [0.009944390912061025, 0.17460746286807585, 0.7419749205626804, 0.07347322555718272]], "ideal": "C", "sampled": "B", "correct": false}}
{"type": "result", "data": {"idx": 54, "options": ["\\frac{1}{6}", "\\frac{1}{64}", "\\frac{1}{32}", "\\frac{1}{2}"], "probs": [[0.13170868353284598, 0.424464321458575, 0.4129851223560218, 0.030841872552557232], [0.02949868657697393, 0.4319722563178974, 0.4333809525605995, 0.10514810444452916], [0.04610502624953066, 0.3120019371644188, 0.6125997178787634, 0.02929331860728715], [0.009490612837068386, 0.8348192745423597, 0.1367703653178928, 0.01891974720267903]], "ideal": "C", "sampled": "A", "correct": false}}
{"type": "result", "data": {"idx": 55, "options": ["5", "\\frac{25}{6}", "\\frac{\\sqrt{2465}{9}", "2"], "probs": [[0.017470131500219564, 0.6062917341719728, 0.3677140847398913, 0.008524049487916305], [0.4122432525579472, 0.19026600079464479, 0.3910169355829809, 0.006473810964427086], [0.280048742566872, 0.12331996754992455, 0.2533429992944053, 0.34328829048879816], [0.006744881641248221, 0.05603677419393792, 0.9331862947277404, 0.0040320493370734015]], "ideal": "A", "sampled": "B", "correct": false}}
{"type": "result", "data": {"idx": 56, "options": ["3", "\\frac{1}{49}", "\\frac{1}{7}", "7"], "probs": [[0.043761476869975356, 0.220366016008275, 0.7148057817697975, 0.021066725251952165], [0.19641317744596576, 0.304217827038275, 0.4634114823228742, 0.03595751309288503], [0.17868055294033255, 0.6096487095656463, 0.15477448806635138, 0.056896249327669735], [0.19583519238887073, 0.08303984439376735, 0.5394538164967375, 0.18167114662062445]], "ideal": "B", "sampled": "C", "correct": false}}
{"type": "result", "data": {"idx": 57, "options": ["4, 7", "5, 5", "3, 9", "9, 8"], "probs": [[0.11813899087552944, 0.21889743021310457, 0.6056601169493191, 0.05730346186204687], [0.195742532908525, 0.28695080523670136, 0.34681767618036513, 0.17048898557440847], [0.13078840465395306, 0.22938773717337965, 0.4792025231598194, 0.16062133491284786], [0.12911278632470966, 0.29770777610416893, 0.4841904315038578, 0.08898900596726354]], "ideal": "B", "sampled": "C", "correct": false}}
{"type": "result", "data": {"idx": 58, "options": ["1", "120", "20", "12"], "probs": [[0.02826149592942531, 0.3864553340015591, 0.5095640712726726, 0.07571909869634305], [0.2456559403311075, 0.3126924055093707, 0.4166612946011397, 0.02499035945838209], [0.08614272006697396, 0.4471326834579114, 0.3210399496389253, 0.14568464673618933], [0.11364650513498782, 0.16135134990853073, 0.682411419487091, 0.042590725369390424]], "ideal": "B", "sampled": "B", "correct": true}}
{"type": "result", "data": {"idx": 59, "options": ["1", "2", "-2", "0"], "probs": [[0.12581657237196303, 0.2725257927628808, 0.17238475329480507, 0.4292728814703511], [0.12395249866270527, 0.11371894755241121, 0.44055100614566367, 0.32177754753921983], [0.02085895673191898, 0.2787621946215764, 0.6700174286666015, 0.030361419879903092], [0.0361805776294562, 0.502664022057692, 0.44160538249360104, 0.019550017719250683]], "ideal": "C", "sampled": "A", "correct": false}}
{"type": "result", "data": {"idx": 60, "options": ["1160", "1440", "2408", "2793"], "probs": [[0.016612372702868746, 0.15246375854127714, 0.8192239709026419, 0.011699897753212245], [0.017663599559575503, 0.38274791048695217, 0.5937972542575578, 0.005791235595914524], [0.08461967854845713, 0.370041638575743, 0.47989895935027976, 0.06543972342552008], [0.11661654920292527, 0.23536088009037615, 0.5357833943249746, 0.11223917628172406]], "ideal": "D", "sampled": "C", "correct": false}}
{"type": "result", "data": {"idx": 61, "options": ["0.615", "4.875", "15", "34.667"], "probs": [[0.013682832887998117, 0.4600931403199439, 0.5056732025343503, 0.020550824157707617], [0.03642877324952282, 0.6609664205808219, 0.2981404771511781, 0.004464328918477184], [0.04160281681601061, 0.7090878551963166, 0.24524450528073322, 0.004064822606939607], [0.026730656422008357, 0.4809536599560908, 0.3929859072099591, 0.09932977631194176]], "ideal": "B", "sampled": "C", "correct": false}}
{"type": "result", "data": {"idx": 62, "options": ["f (x) = 0 has three real solutions.", "f (x) \u2265 \u201318 for all x \u2265 0.", "f (x) \u2264 \u201318 for all x \u2264 0.", "The function f (x) is decreasing for x \u2264 \u20133."], "probs": [[0.11800415590681479, 0.38068237757224155, 0.39624598351102963, 0.10506748290991408], [0.40752462459433203, 0.1149122815072128, 0.3331188931680145, 0.14444420063044058], [0.17936863558003385, 0.04867063208410389, 0.6671888479644299, 0.10477188427143236], [0.013194831883013309, 0.08726625054208664, 0.7966055787650903, 0.10293333870980971]], "ideal": "A", "sampled": "B", "correct": false}}
{"type": "result", "data": {"idx": 63, "options": ["211", "2321", "11", "608"], "probs": [[0.031390844310715066, 0.5465976936849065, 0.39452875799611203, 0.02748270390826638], [0.3918823926644224, 0.06148858041065406, 0.5244731345581545, 0.022155892266769117], [0.012891553780121799, 0.34477196803999105, 0.5182833473149059, 0.1240531307649813], [0.13474927703224995, 0.11973697568293346, 0.7412645144076064, 0.004249232777210121]], "ideal": "D", "sampled": "B", "correct": false}}
{"type": "result", "data": {"idx": 64, "options": ["-8", "128", "-128", "16"], "probs": [[0.007364629691651373, 0.3545969687973697, 0.622807555908564, 0.015230845502415019], [0.10362360459406839, 0.1965681573124445, 0.6820571803023997, 0.01775105769108744], [0.03713843944469116, 0.47023920619248327, 0.378211205620794, 0.11441114864203153], [0.11445127554342728, 0.0683247305569802, 0.7895747510624277, 0.027649242737164813]], "ideal": "C", "sampled": "B", "correct": false}}
{"type": "result", "data": {"idx": 65, "options": ["\u201312", "\u20139", "0", "8"], "probs": [[0.08291427666737579, 0.24907204135144448, 0.43510779085713996, 0.23290589102403975], [0.17435852272175356, 0.28498034180188675, 0.4224216419263099, 0.11823949345004978], [0.03632747300364079, 0.2119087827312161, 0.3729389524175051, 0.378824791747638], [0.031658645057212345, 0.39404932496959255, 0.4840398005099649, 0.09025222936323014]], "ideal": "B", "sampled": "B", "correct": true}}
{"type": "result", "data": {"idx": 66, "options": ["3", "4", "5", "6"], "probs": [[0.006852378545158038, 0.4504081278832238, 0.5312638598902552, 0.011475633581363002], [0.18226336416211333, 0.4726475003951973, 0.3355623570826978, 0.009526778259991538], [0.2739412588330322, 0.5752859329336011, 0.08765553263650216, 0.06311727549686455], [0.34433709032353643, 0.09713461559927901, 0.4862609883837967, 0.07226730559338787]], "ideal": "C", "sampled": "C", "correct": true}}
{"type": "result", "data": {"idx": 67, "options": ["72", "6", "18", "12"], "probs": [[0.01979345389205064, 0.1012740697183267, 0.7206021304996212, 0.15833034579000152], [0.11296513435449164, 0.31679491621641476, 0.5614379298768348, 0.00880201945225878], [0.3280430880476207, 0.29168118347355887, 0.19161792954158577, 0.1886577988372346], [0.27171052511711263, 0.0731245231974211, 0.5204245641465322, 0.13474038743893416]], "ideal": "B", "sampled": "C", "correct": false}}
{"type": "result", "data": {"idx": 68, "options": ["\\frac{1}{12}", "\\frac{1}{6}", "\\frac{2}{3}", "\\frac{1}{3}"], "probs": [[0.06864082812576532, 0.5066910981625267, 0.2934362888042745, 0.13123178480743347], [0.08075054455880012, 0.10694785046525868, 0.7971141062874241, 0.015187498588517128], [0.06711604640500748, 0.5702245363583913, 0.3301975158109925, 0.03246190132560871], [0.01727588805445978, 0.10248086713204545, 0.8789266486644358, 0.0013165960490589045]], "ideal": "D", "sampled": "D", "correct": true}}
{"type": "result", "data": {"idx": 69, "options": ["5", "2", "13", "139"], "probs": [[0.03458538127203798, 0.8837182134113791, 0.06726445707618077, 0.014431948140402155], [0.0998454708477376, 0.38545534728813824, 0.04510236987583765, 0.4695968118882865], [0.014400581352481167, 0.0378529329625287, 0.5237224863379544, 0.4240239992470357], [0.007225641504289294, 0.3258343632111906, 0.6291481247066739, 0.03779187047784619]], "ideal": "A", "sampled": "B", "correct": false}}
{"type": "result", "data": {"idx": 70, "options": ["100", "999", "625", "500"], "probs": [[0.09363284893095858, 0.26857928818286125, 0.5563617612543594, 0.08142610153182078], [0.06696404787110365, 0.3476873091779946, 0.5271502955630191, 0.05819834728788268], [0.1957780972871037, 0.32761430004805275, 0.3692273116660295, 0.107380290898814], [0.07399495387103118, 0.32869170746046295, 0.5736233356399284, 0.02369000292857753]], "ideal": "C", "sampled": "C", "correct": true}}
{"type": "result", "data": {"idx": 71, "options": ["\\frac{7}{15}", "\\frac{15}{7}", "\\frac{15}{8}", "\\frac{15}{11}"], "probs": [[0.1069435220764771, 0.6245756552759, 0.2589536825443837, 0.009527140003239187], [0.08684366389636246, 0.3224138689258266, 0.5122286791340338, 0.07851378794377721], [0.08584034995233134, 0.3500115792845747, 0.49458285055766454, 0.06956522010542937], [0.08482865417108125, 0.31989694293903564, 0.5850309848858644, 0.010243417904018719]], "ideal": "B", "sampled": "B", "correct": true}}
{"type": "result", "data": {"idx": 72, "options": ["29", "14", "27", "11"], "probs": [[0.08175283625021837, 0.1366117415517677, 0.7429611722684027, 0.03867424982961115], [0.06316564411792513, 0.211503963612867, 0.6972722979141309, 0.02805809425507694], [0.09184671732207464, 0.17806653278626824, 0.6975313864502589, 0.03255536334139823], [0.05485039198322359, 0.2129450591459878, 0.7023473493297419, 0.02985719944104678]], "ideal": "A", "sampled": "C", "correct": false}}
{"type": "result", "data": {"idx": 73, "options": ["-5", "13", "64", "25"], "probs": [[0.008891756653727044, 0.6222085957931349, 0.35774612456498056, 0.011153522888157444], [0.25067463786790706, 0.15435768484876913, 0.5527131555843416, 0.04225452159898211], [0.1384490682380829, 0.1230758222125942, 0.4475521778279158, 0.2909229316214071], [0.08836992862074736, 0.08042887627433941, 0.8073880105678546, 0.023813184437058696]], "ideal": "C", "sampled": "B", "correct": false}}
{"type": "result", "data": {"idx": 74, "options": ["2", "1", "9", "16"], "probs": [[0.03934276103579961, 0.25836932656565476, 0.38257887955654496, 0.31970903274200063], [0.030476836303617208, 0.14759526155636948, 0.7870677181022367, 0.034860183937776526], [0.024238828838116788, 0.3817485017143116, 0.48360676108985606, 0.11040590825771555], [0.15809815207583727, 0.15559809499998659, 0.6567660786304468, 0.02953767419372929]], "ideal": "B", "sampled": "D", "correct": false}}
{"type": "result", "data": {"idx": 75, "options": ["10240", "5001", "5002", "8192"], "probs": [[0.07853607481516493, 0.5157976515463827, 0.3784633407305204, 0.027202932807931984], [0.027979616841163304, 0.07539067121734544, 0.8451015021791634, 0.05152820966232791], [0.042002867551021436, 0.4106929565404221, 0.5329840138050869, 0.014320162003469585], [0.06789916311564782, 0.20251562604588, 0.6926010559969425, 0.03698415474152964]], "ideal": "D", "sampled": "D", "correct": true}}
{"type": "result", "data": {"idx": 76, "options": ["If f(x) is continuous at x = c, then f\u2032(c) exists.", "If f\u2032(c) = 0, then f has a local maximum or minimum at (c, f (c)).", "If f\u2032\u2032(c) = 0, then the graph of f has an inflection point at (c, f (c)).", "If f is differentiable at x = c, then f is continuous at x = c."], "probs": [[0.24597203912340596, 0.08777668391614084, 0.3936612634984972, 0.272590013361956], [0.47868804030340356, 0.12591706449614934, 0.3563430673336604, 0.0390518277667867], [0.31281917351875244, 0.049558638044448815, 0.3898287596959827, 0.24779342864081605], [0.11585250495705794, 0.26942139861273684, 0.5115752219642233, 0.10315087436598191]], "ideal": "D", "sampled": "B", "correct": false}}
{"type": "result", "data": {"idx": 77, "options": ["5", "22", "11", "6"], "probs": [[0.47847479755293887, 0.05367037300851073, 0.4378934518476532, 0.029961377490897133], [0.02581196621757454, 0.22741391998400406, 0.710092417339464, 0.03668169635895731], [0.411376308160243, 0.14654939257320704, 0.41691641102441906, 0.02515788814213086], [0.5282553650313198, 0.23985194650267413, 0.18489002447138417, 0.047002663894621974]], "ideal": "A", "sampled": "D", "correct": false}}
{"type": "result", "data": {"idx": 78, "options": ["Wednesday", "Thursday", "Friday", "Saturday"], "probs": [[0.18025278237509723, 0.3134204604869379, 0.3481858216688916, 0.15814093536907328], [0.11216586416332418, 0.09658543307367999, 0.10312432357008146, 0.6881243790929144], [0.05600017555987724, 0.05171615141747462, 0.6722979990697099, 0.21998567385293827], [0.058374327786047356, 0.33784626400759754, 0.5206615691560684, 0.08311783895028664]], "ideal": "C", "sampled": "A", "correct": false}}
{"type": "result", "data": {"idx": 79, "options": ["January 10th", "January 21st", "January 31st", "February 10th"], "probs": [[0.02956726055771497, 0.26967023343795055, 0.6627461551591393, 0.03801635074519523], [0.13278686937113085, 0.2661621855950077, 0.5909364791418111, 0.010114465792050248], [0.08791011022441403, 0.4499953191276358, 0.23905294175409011, 0.22304162879386003], [0.06344351041252994, 0.16584774966385046, 0.7266768920201533, 0.04403184780346629]], "ideal": "B", "sampled": "B", "correct": true}}
{"type": "result", "data": {"idx": 80, "options": ["75", "76", "22", "23"], "probs": [[0.09935784301897525, 0.857231375276139, 0.030147800106715136, 0.013262981498170618], [0.2571719251444764, 0.006570521180938387, 0.6900793213673624, 0.04617823220722289], [0.06905472073069015, 0.4460547020851636, 0.44703713571943265, 0.037853441364713566], [0.020734879934035475, 0.07402747058196961, 0.9034593024478559, 0.0017783469361390505]], "ideal": "B", "sampled": "B", "correct": true}}
