{"type": "result", "data": {"idx": 0, "options": ["essential to our existence", "unimportant to most people", "not essential to our existence", "rarely viewed"], "probs": [[0.005945628326456104, 0.0039846633596216765, 0.9891359681142594, 0.0009337400996628409], [0.011318951548872509, 0.04396190379219718, 0.007545623730786453, 0.9371735208281439], [0.027368435663327282, 0.005070682965175947, 0.9670691561894925, 0.0004917250820042461], [0.2515201530872572, 0.10605288882904354, 0.08652436603449254, 0.5559025919492068]], "ideal": "C", "sampled": "A", "correct": false}}
{"type": "result", "data": {"idx": 1, "options": ["the state", "the justice system", "the body", "the soul"], "probs": [[0.0018468324444875428, 0.0013848635048387392, 0.0014068628573124043, 0.9953614410933613], [0.0008337272169112518, 0.002181760893918372, 0.996292259800784, 0.00069225198838642], [0.0035949375783978867, 0.9898678917253644, 0.004914727951119618, 0.0016224426451181449], [0.9855275643070425, 0.00922190518447576, 0.0025016591496341504, 0.002748871258847593]], "ideal": "D", "sampled": "D", "correct": true}}
{"type": "result", "data": {"idx": 2, "options": ["right action", "good consequences", "happiness", "a good will"], "probs": [[0.01722214997554141, 0.001981994913680683, 0.0014745154765660581, 0.9793213395342119], [0.00308389707585438, 0.003064192152694175, 0.9924143020439338, 0.001437608627517613], [0.0031343293463660066, 0.9932332350107909, 0.00274622016242629, 0.0008862153804168288], [0.9946232508592786, 0.004584725047364892, 0.00036028944560540687, 0.0004317345477511118]], "ideal": "D", "sampled": "D", "correct": true}}
{"type": "result", "data": {"idx": 3, "options": ["found in everyday objects", "nonexistent", "everywhere in the natural world", "not of this world"], "probs": [[0.005392234756838818, 0.002551570061660667, 0.0032001803536488137, 0.9888560147278517], [0.001450198894766119, 0.0026285945633651754, 0.9955079873000158, 0.00041321914185293287], [0.0035066565403708296, 0.9887865350729932, 0.004796053186392811, 0.0029107551002432075], [0.9942788889954258, 0.002447417485932793, 0.0008075314341866629, 0.002466161984454755]], "ideal": "D", "sampled": "D", "correct": true}}
{"type": "result", "data": {"idx": 4, "options": ["one does not know that one\u2019s actions are wrong.", "one knows that one\u2019s actions are wrong, but does them anyway.", "one knows that one\u2019s feelings are inappropriate, and does not act on them.", "one does the right action, but for the wrong reason."], "probs": [[0.005479083578402688, 0.9594554404236397, 0.020842661001714273, 0.01422281489624326], [0.14311880031792293, 0.047960345233207975, 0.06399922143772133, 0.7449216329111478], [0.008559300030624451, 0.01189533676345794, 0.012269281420993308, 0.9672760816849243], [0.0019076500259791829, 0.006561269301232678, 0.9887480726180589, 0.002783007954729222]], "ideal": "B", "sampled": "B", "correct": true}}
{"type": "result", "data": {"idx": 5, "options": ["are the result of applying arbitrarily stringent standards.", "are based on linguistic confusions.", "are logically self-refuting.", "grow from the consistent application of ordinary standards."], "probs": [[0.03810387462787327, 0.011543169770967875, 0.019022187142817684, 0.9313307683583412], [0.005143949108974689, 0.01756463135880734, 0.973151350340439, 0.004140069091778964], [0.013028438182079456, 0.9508634110670369, 0.03460822746517522, 0.0014999231857084365], [0.7025570404376126, 0.2930703813830141, 0.0019306635145538485, 0.0024419145648193843]], "ideal": "D", "sampled": "D", "correct": true}}
{"type": "result", "data": {"idx": 6, "options": ["enter a particular society.", "set up a particular form of government.", "establish the principles of justice for the basic structure of society.", "establish the content of morality."], "probs": [[0.0007666619211756945, 0.000939621962871441, 0.9981010188049073, 0.00019269721104555712], [0.0022645213386836716, 0.9959440920287699, 0.0008014467386795147, 0.000989939793866916], [0.9961599157527999, 0.0021623231104710913, 0.0005559878798713813, 0.0011217731568576089], [0.0035528779708047524, 0.0022947910350045765, 0.0009801767744853833, 0.9931721541197053]], "ideal": "C", "sampled": "C", "correct": true}}
{"type": "result", "data": {"idx": 7, "options": ["modest changes to our personal habits, but not to our society as a whole.", "modest changes to our personal habits, as well as to society.", "drastic changes to our personal habits, but not to our society.", "drastic changes to both our personal habits and to our society."], "probs": [[0.008698330972827179, 0.42581919341009766, 0.005319348971854475, 0.5601631265452207], [0.013037826791753167, 0.003486120122213811, 0.9734643642368622, 0.010011688749170742], [0.006071060711553927, 0.9521112748926053, 0.0076723287346079075, 0.03414533556123289], [0.011708476277274484, 0.01948861572263555, 0.9675046377323129, 0.001298270167777116]], "ideal": "D", "sampled": "D", "correct": true}}
{"type": "result", "data": {"idx": 8, "options": ["knowledge", "wealth", "community", "courage"], "probs": [[0.9929825801732898, 0.003506452104436643, 0.0014357383958874654, 0.002075229226386079], [0.0012048195896963213, 0.0008974685456707519, 0.0007976479420375781, 0.9971000638225953], [0.00036533985341507034, 0.0008369716752803277, 0.9985892200073244, 0.00020846836398017083], [0.002025421907024991, 0.9937600323531546, 0.0020575225001473814, 0.0021570231396730237]], "ideal": "A", "sampled": "A", "correct": true}}
{"type": "result", "data": {"idx": 9, "options": ["perform the action that leads to the greatest total happiness.", "act only on maxims that we can will to become universal laws.", "behave only in such a way as a perfectly virtuous person would behave.", "place the interests of others above the interests of ourselves."], "probs": [[0.002893404694904095, 0.9913851846810334, 0.003105775337863667, 0.0026156351861987724], [0.9935132292434169, 0.005058065070721525, 0.0007421353968727434, 0.0006865701889888395], [0.004611656036008608, 0.004204041759453035, 0.0023781808384822152, 0.9888061212660562], [0.0018317845471084386, 0.0030719058993787323, 0.9944259210353406, 0.000670388418172266]], "ideal": "B", "sampled": "B", "correct": true}}
{"type": "result", "data": {"idx": 10, "options": ["maximizing the utility of all sentient beings.", "God\u2019s commands.", "the agreement of rational persons choosing the terms of their interaction.", "the purposive order of nature."], "probs": [[0.001323045645667219, 0.0011770700217328877, 0.9966774476620393, 0.0008224365705605831], [0.0012408192834508726, 0.9953417039149156, 0.0016954396459222735, 0.0017220370557111814], [0.9922061098308484, 0.005123821928716533, 0.001577501883037461, 0.0010925662573975047], [0.005151556217734803, 0.010245693611319953, 0.0018399888881144963, 0.9827627611828308]], "ideal": "C", "sampled": "C", "correct": true}}
{"type": "result", "data": {"idx": 11, "options": ["religion.", "physics.", "psychology.", "art."], "probs": [[0.017126722052240414, 0.4817510188422251, 0.49690469492867984, 0.00421756407685467], [0.020874959299812892, 0.9238099816262964, 0.011358151655479145, 0.04395690731841165], [0.09707955374853147, 0.8462045932676375, 0.045526072638633196, 0.011189780245197796], [0.011554440161654567, 0.0660153662220423, 0.0031859152302691754, 0.919244278286034]], "ideal": "C", "sampled": "C", "correct": true}}
{"type": "result", "data": {"idx": 12, "options": ["duty.", "justice.", "virtue.", "supererogation."], "probs": [[0.062051822649663024, 0.360382205964018, 0.09244205973941395, 0.485123911546905], [0.03299925377637205, 0.04626299302523655, 0.10739043778923808, 0.8133473153091533], [0.006938677096662966, 0.0675059419203591, 0.771087216607239, 0.15446816427573898], [0.030592780101327825, 0.38217475437016063, 0.5681857977509673, 0.01904666767754424]], "ideal": "B", "sampled": "A", "correct": false}}
{"type": "result", "data": {"idx": 13, "options": ["one and the same thing", "both nonexistent", "two distinct things", "imaginary"], "probs": [[0.9980426483155195, 0.0006365310054031718, 0.0010654642830501488, 0.00025535629602722594], [0.003285174172708983, 0.0025812835660121397, 0.0009454144007282519, 0.9931881277605507], [0.0005273495156991067, 0.00043438027193248597, 0.9989308377423728, 0.00010743236999565138], [0.0018740863892751937, 0.9865917259236225, 0.0017894673540773194, 0.009744720233024936]], "ideal": "A", "sampled": "A", "correct": true}}
{"type": "result", "data": {"idx": 14, "options": ["rational", "artificial", "constitutional", "fair"], "probs": [[0.003155743033094005, 0.9915861576436965, 0.002383172533456274, 0.002874926689753162], [0.5798651208234106, 0.012827300584284811, 0.39232916131568235, 0.01497841717662228], [0.0032101084970427908, 0.001932943148774414, 0.0017597489185735996, 0.9930971993356091], [0.0026472143214211056, 0.008819745028178281, 0.9880113273135164, 0.0005217132368842282]], "ideal": "D", "sampled": "B", "correct": false}}
{"type": "result", "data": {"idx": 15, "options": ["a mind", "absolute existence", "material substance", "a material universe"], "probs": [[0.9963928018475705, 0.0020378803970243424, 0.0010725119725095533, 0.0004968056828955333], [0.0049273977781370765, 0.0010183417822781835, 0.0009272915619044085, 0.9931269687776804], [0.0013333119898462668, 0.0005310345804385952, 0.9973565426291435, 0.0007791107005716064], [0.0026096198323622187, 0.9898650809412426, 0.004993300365946123, 0.0025319987604490173]], "ideal": "A", "sampled": "A", "correct": true}}
{"type": "result", "data": {"idx": 16, "options": ["duty and charity.", "egoism and altruism.", "rights and privileges.", "positive and negative rights."], "probs": [[0.8045850950185119, 0.1840755482835877, 0.0022449237177259032, 0.009094432880174473], [0.887138682810399, 0.02330987761757749, 0.03661832660592284, 0.0529331128661007], [0.03939130901896431, 0.4623271226420607, 0.35934668775779705, 0.1389348804811779], [0.16777712876371773, 0.795684661076469, 0.011334491406936537, 0.02520371865287676]], "ideal": "A", "sampled": "A", "correct": true}}
{"type": "result", "data": {"idx": 17, "options": ["to what our senses reveal to us about how things appear to us, not how they  really are.", "beyond the Forms to images of goodness, beauty, and truth obtained from particular objects.", "to what we sincerely believe is true about the Forms based on our experiences in the world.", "beyond sense experience to unchanging ideas (Forms) that are perceived as rationally ordered."], "probs": [[0.005008851258782659, 0.006960795089049092, 0.002264729249567102, 0.9857656243026012], [0.0018451864162561647, 0.0026496911261331205, 0.9938710693251709, 0.0016340530324398595], [0.010159340010221424, 0.9682228807714355, 0.007918319863215473, 0.013699459255127638], [0.9623511869599435, 0.011300131490649026, 0.003875374496724445, 0.02247330695268302]], "ideal": "D", "sampled": "D", "correct": true}}
{"type": "result", "data": {"idx": 18, "options": ["Life was not worthwhile.", "Life was hard but worthwhile.", "Life was uncertain but ultimately rewarding.", "Life was meaningful for most people."], "probs": [[0.014451458233234144, 0.4032344177664839, 0.5774675801635991, 0.004846543736682772], [0.02088237550174917, 0.04635062846539748, 0.008777142338556183, 0.9239898535942972], [0.014640459089834055, 0.01140997017989341, 0.9572117479236981, 0.016737822706574364], [0.012279125185881883, 0.6251800312169361, 0.2752280381806133, 0.08731280531656867]], "ideal": "A", "sampled": "A", "correct": true}}
{"type": "result", "data": {"idx": 19, "options": ["provide an account of what makes right actions right.", "establish which things are good in themselves.", "develop a theory of good moral character.", "make ethical questions clear."], "probs": [[0.07899524025916521, 0.04296257991049659, 0.027513468515092156, 0.850528711215246], [0.030269848008584864, 0.041748026851936196, 0.8783678902385378, 0.049614234800941126], [0.07989913567608928, 0.4494581890115492, 0.45639914954587857, 0.014243525666482957], [0.5055289267988123, 0.3998379408913364, 0.07453966140001674, 0.020093470809834525]], "ideal": "D", "sampled": "D", "correct": true}}
{"type": "result", "data": {"idx": 20, "options": ["pleasure.", "things that we desire.", "intrinsic value.", "none of the above."], "probs": [[0.002203491199349967, 0.021073318212338075, 0.9762643798527786, 0.00045881063553334696], [0.008016854130993413, 0.987069494171442, 0.004259030154650323, 0.0006546214429142719], [0.9307058240526568, 0.02008718693975254, 0.007001147479808298, 0.04220584142778243], [0.007331865010029377, 0.018298043191904118, 0.013390795513451199, 0.9609792961846153]], "ideal": "C", "sampled": "C", "correct": true}}
{"type": "result", "data": {"idx": 21, "options": ["must be for the good of human beings.", "make take into account the interests of all sentient beings.", "must take into account the interests of all living beings.", "are primarily directed toward promoting self-interest."], "probs": [[0.04617067537780853, 0.4284626646843026, 0.512326729731154, 0.013039930106734886], [0.4071649509750851, 0.38277484836354103, 0.011464234995571204, 0.19859596556580264], [0.08801958905814132, 0.009822409818585181, 0.01932277200899251, 0.882835229014281], [0.01131712084277588, 0.6231355058837871, 0.08901713771038464, 0.27653023546305233]], "ideal": "A", "sampled": "B", "correct": false}}
{"type": "result", "data": {"idx": 22, "options": ["rationalism.", "empiricism.", "relativism.", "absolutism."], "probs": [[0.04240570930410274, 0.7192291563087516, 0.20415383423198805, 0.034211300055157566], [0.08452884023203176, 0.754938244199149, 0.055059962551225756, 0.10547295291759351], [0.1836754557854359, 0.32545528297530396, 0.1243795472911723, 0.3664897138480878], [0.004916260955285183, 0.01640286887972656, 0.010180585063768614, 0.9685002850012197]], "ideal": "C", "sampled": "C", "correct": true}}
{"type": "result", "data": {"idx": 23, "options": ["why should we bother? and what are the consequences of our believing one thing over another?", "what do you mean? and how do you know?", "who really believes X? and how can we explain differences in people's beliefs?", "how do philosophers argue? and are their differences important?"], "probs": [[0.022584782390484226, 0.9617407099284709, 0.0037551472491183313, 0.011919360331926495], [0.9245177831086926, 0.024735847027234192, 0.0035654123783128984, 0.04718095738576029], [0.004719462281247427, 0.0032261553539865728, 0.011425563955609046, 0.9806288183091569], [0.005889922335202911, 0.013737825726068612, 0.9772343737052832, 0.0031378781334452516]], "ideal": "B", "sampled": "B", "correct": true}}
{"type": "result", "data": {"idx": 24, "options": ["free and unhindered; free and unhindered", "free and unhindered; servile and subject to hindrance", "servile and subject to hindrance; free and unhindered", "servile and subject to hindrance; servile and subject to hindrance"], "probs": [[0.009404759210857773, 0.555417137471147, 0.41587449394092346, 0.019303609277071802], [0.07469813170132658, 0.875880974564723, 0.011829475309165734, 0.03759141832478467], [0.06092363356162213, 0.003931534096569667, 0.6921722443697288, 0.24297258787207943], [0.00819954966078699, 0.12338848328476815, 0.7918322150623968, 0.0765797518920481]], "ideal": "B", "sampled": "B", "correct": true}}
{"type": "result", "data": {"idx": 25, "options": ["sensations and emotions.", "impressions and ideas.", "static and dynamic.", "simple and complex."], "probs": [[0.003055833076477191, 0.9928959703023399, 0.0011722484017128198, 0.0028759481194700664], [0.9968072543003508, 0.0009714095280835863, 0.000822857585456415, 0.0013984784861092565], [0.0024420286131735225, 0.0020425978639757223, 0.0012027266236295728, 0.9943126467992212], [0.0009762220336620945, 0.0007209704418525153, 0.9979592462263202, 0.0003435611981651829]], "ideal": "B", "sampled": "B", "correct": true}}
{"type": "result", "data": {"idx": 26, "options": ["would likewise be destroyed.", "would be destroyed only if there were no one around to remember the species.", "would continue existing (as with Plato's Forms) in some other realm of being.", "would not be destroyed because there was no essence or form originally to be destroyed; there are only individuals, not universal essences or natures of things."], "probs": [[0.031769405396340294, 0.015182358831500552, 0.03035315436215276, 0.9226950813100064], [0.005217835428936245, 0.004803996608376284, 0.9569364671470246, 0.033041700715662876], [0.007584884994555613, 0.8067362059756019, 0.18382672398721786, 0.0018521849426245502], [0.02658065959569434, 0.9100165936837326, 0.011265692268491983, 0.05213705435208107]], "ideal": "A", "sampled": "D", "correct": false}}
{"type": "result", "data": {"idx": 27, "options": ["Because if someone did not know how to act virtuously, he or she would still be considered virtuous by others who also did not know the principles for good living.", "Because since Socrates was a philosopher, he of course thought that people who examined their lives philosophically were more virtuous than those who did not.", "Because without knowing the rationale for why one should act in a particular way, one does not know whether actions are justified and ought to be repeated.", "Because a virtuous life would be one in which someone does what the rest of the society says is right, and that means examining views other than one's own."], "probs": [[0.001391514851825393, 0.004060260210751718, 0.9932474960129237, 0.0013007288244991945], [0.003709203541497125, 0.9896801701445466, 0.004727506644071072, 0.0018831195698852338], [0.9627531721312043, 0.026268588018321985, 0.0031390159322995975, 0.00783922381817413], [0.003997032643157969, 0.006855941703229558, 0.0025241235369520905, 0.9866229020166604]], "ideal": "C", "sampled": "C", "correct": true}}
{"type": "result", "data": {"idx": 28, "options": ["mythos is ultimately based on logos, just as myth is ultimately based on reasoning or thinking.", "myth does not \"explain\" how things are related as much as it simply reveals them as related.", "metaphysicians are justified in reasoning as they do because there is only one true answer about being.", "myth and reason are the same: \"myth\" defines \"reason,\" and \"reason\" defines \"myth.\""], "probs": [[0.039744047604041474, 0.5170171634868683, 0.02458731538275578, 0.4186514734263344], [0.016299264769523418, 0.003394464551507171, 0.9603834307785981, 0.01992283980037132], [0.00987892354299992, 0.034343128405226804, 0.7689376751948197, 0.18684027275695356], [0.014226927877684504, 0.019842522854391916, 0.9630357335520234, 0.0028948156159001497]], "ideal": "B", "sampled": "B", "correct": true}}
{"type": "result", "data": {"idx": 29, "options": ["it is not in accordance with natural law.", "it is not in accordance with the traditions of society.", "it is offensive to the gods.", "it is not beneficial to those it affects."], "probs": [[0.024381726695231414, 0.012462717293754429, 0.003252115962703097, 0.9599034399483111], [0.0022891350498609763, 0.003205014217041794, 0.9831411417759052, 0.01136470885719207], [0.004376727356144026, 0.9605294308465647, 0.03336401436051798, 0.0017298273367733034], [0.946397196358363, 0.049759625017539076, 0.0031844453362909588, 0.0006587331878070534]], "ideal": "D", "sampled": "D", "correct": true}}
{"type": "result", "data": {"idx": 30, "options": ["expression", "form", "representation", "abstract"], "probs": [[0.02293870310238602, 0.006175868441190237, 0.9686957955375732, 0.0021896328188504973], [0.0028526421376506416, 0.002899235277353999, 0.0007483108040370838, 0.9934998116809582], [0.0009311225591246602, 0.0005144324891398134, 0.9980473964699331, 0.0005070483818024229], [0.012798289050343444, 0.45135644830386346, 0.02393952424483462, 0.5119057383009585]], "ideal": "A", "sampled": "A", "correct": true}}
{"type": "result", "data": {"idx": 31, "options": ["pleasure.", "happiness or beatitude.", "the satisfaction of desire.", "freedom from anxiety."], "probs": [[0.0013920780058136709, 0.9933645739290451, 0.0017179024895719562, 0.003525445475569281], [0.9932912241476525, 0.004194385263450335, 0.001096333470378811, 0.0014180570185184055], [0.004693879609914246, 0.004175101285915414, 0.0012450022262253332, 0.989886016777945], [0.0011773059833211376, 0.0018074292533348704, 0.9952755567597781, 0.0017397079035658767]], "ideal": "B", "sampled": "B", "correct": true}}
{"type": "result", "data": {"idx": 32, "options": ["analytic and a priori.", "analytic and a posteriori.", "synthetic and a priori.", "synthetic and a posteriori."], "probs": [[0.0007262761537278749, 0.00041160000122059587, 0.9985015642385268, 0.0003605595065247192], [0.001517521946186115, 0.7788586174169112, 0.0015907528838069293, 0.2180331076530958], [0.009461259167142338, 0.001177659802209796, 0.9887393178313003, 0.0006217630993475209], [0.003300165773342846, 0.6851980122958468, 0.0025521412148370474, 0.3089496806159733]], "ideal": "C", "sampled": "C", "correct": true}}
{"type": "result", "data": {"idx": 33, "options": ["prudence.", "temperance.", "justice.", "courage."], "probs": [[0.10165283752219975, 0.8133789239503748, 0.07051086372541454, 0.014457374702010911], [0.34056292344596056, 0.08224240273944344, 0.014988502154961428, 0.5622061715596346], [0.02849024598679724, 0.010418779021411133, 0.10112276324900006, 0.8599682116427916], [0.04717007616308941, 0.1623745846409057, 0.7806097210117662, 0.00984561808423874]], "ideal": "A", "sampled": "B", "correct": false}}
{"type": "result", "data": {"idx": 34, "options": ["approve of the actions of others without imitating them.", "do something of which one does not oneself approve.", "be motivated by genuine benevolence.", "do that which is good and not to approve of it."], "probs": [[0.012101816864672916, 0.9407532152847525, 0.01803558121604321, 0.02910938653453132], [0.20205598822941684, 0.036607373058957476, 0.7572125104022513, 0.004124128209374387], [0.008161390803925575, 0.04416556851578719, 0.01729219709949455, 0.9303808434807926], [0.0031722655513452772, 0.0064218034068892855, 0.9896534664370602, 0.00075246450470522]], "ideal": "D", "sampled": "B", "correct": false}}
{"type": "result", "data": {"idx": 35, "options": ["the argumentative method", "the philosophical method", "propositional logic", "syllogistic reasoning"], "probs": [[0.002522847626971738, 0.9947369741194118, 0.0022795596266519066, 0.0004606185269646453], [0.9762646336084759, 0.0016417738308010029, 0.0011809804886838578, 0.020912611972039266], [0.0018886331113175088, 0.0008938645420211399, 0.0031658138408280005, 0.9940516884058334], [0.0013927494354397064, 0.004677509248762912, 0.9935268388905516, 0.0004029023252457719]], "ideal": "B", "sampled": "B", "correct": true}}
{"type": "result", "data": {"idx": 36, "options": ["determine which one is objectively most pleasurable", "determine which pleasure most experienced people prefer", "consult philosophers of the past", "consult science"], "probs": [[0.32483342695448547, 0.6460084403119217, 0.015933123085623356, 0.013225009547969478], [0.030848810034387317, 0.006326406094063273, 0.010178543173636792, 0.9526462405979126], [0.00603164261456401, 0.025232350315776135, 0.8608883611698238, 0.10784764579983606], [0.01838952186703294, 0.35820565991845915, 0.6186318633123127, 0.00477295480219522]], "ideal": "B", "sampled": "A", "correct": false}}
{"type": "result", "data": {"idx": 37, "options": ["disobedience to a sovereign", "disobedience to God's law", "failure to abide by a contract", "failure to respect inherent rights"], "probs": [[0.9404648023795412, 0.014073293732602623, 0.030003013375224992, 0.015458890412631142], [0.004909953399207228, 0.02398221712211989, 0.005565633402362993, 0.9655421959763099], [0.0029004000945406904, 0.003213724937034455, 0.9929782390609909, 0.0009076358074339456], [0.00957419310522572, 0.9619997931706862, 0.007009288932969217, 0.021416724691118844]], "ideal": "C", "sampled": "A", "correct": false}}
{"type": "result", "data": {"idx": 38, "options": ["produce happiness.", "produce pleasure.", "produce knowledge.", "produce a good will."], "probs": [[0.002455371308979672, 0.0010498679945358713, 0.0050460754356352255, 0.9914486851608492], [0.0011518426533420423, 0.006950979386696341, 0.9914412741120312, 0.0004559037479303634], [0.009577918584920478, 0.9856731672626234, 0.0028572428802342035, 0.0018916711722218366], [0.9772979146503707, 0.009439304236537997, 0.001129486332211364, 0.012133294680879881]], "ideal": "D", "sampled": "D", "correct": true}}
{"type": "result", "data": {"idx": 39, "options": ["consequentialism and hedonism.", "universalizability and prescriptivity.", "contractualism and rule-following.", "consistency and coherence."], "probs": [[0.0017876017080772281, 0.9930033470780678, 0.003086244901649625, 0.002122806212205321], [0.9956874312635801, 0.0028213547424346458, 0.0007609060440386126, 0.0007303078499466537], [0.005557356470947085, 0.005646493355664947, 0.000960492191597308, 0.9878356578817906], [0.001453411821649218, 0.0003797641668555676, 0.9967798571744441, 0.0013869667370511498]], "ideal": "B", "sampled": "B", "correct": true}}
{"type": "result", "data": {"idx": 40, "options": ["usefulness for some craft.", "usefulness to society.", "pleasure and the absence of pain.", "it promotes the interests of all and does not harm anyone."], "probs": [[0.0014571961531406753, 0.004352039999138082, 0.9921812132298372, 0.0020095505178840227], [0.0023423419881111306, 0.9910917513600604, 0.005753439054169669, 0.0008124674976587175], [0.9935605345695111, 0.004427602434288518, 0.0005697075872688961, 0.0014421553089314985], [0.007050148827392998, 0.0020400886858841284, 0.007176981460582419, 0.9837327809261405]], "ideal": "C", "sampled": "C", "correct": true}}
{"type": "result", "data": {"idx": 41, "options": ["lying to people can cause them harm", "lying to people harms society", "you could not consistently will that everyone should make lying promises", "most people condemn the practice"], "probs": [[0.0014402029621527208, 0.001793067909182536, 0.9961884605164555, 0.0005782685122092453], [0.003322035975848092, 0.9883915596899461, 0.003374987015135087, 0.004911417219070747], [0.9831383154069351, 0.011906508266431729, 0.003155919932214335, 0.0017992562944188304], [0.00486086639623825, 0.007129745161250954, 0.0013506864328283617, 0.9866587019096824]], "ideal": "C", "sampled": "C", "correct": true}}
{"type": "result", "data": {"idx": 42, "options": ["He claims to have proven that such a property does not exist.", "He claims to have offered an account of just such a property.", "He claims he does not understand such a property.", "None of the above."], "probs": [[0.011149870665460429, 0.9591566883148315, 0.0073178750397697384, 0.022375565879938317], [0.5850289830621013, 0.18551176058928193, 0.21524397184759522, 0.014215284401021619], [0.010470614713884281, 0.011332847118799096, 0.004170578417008748, 0.9740259596503079], [0.005296627706731842, 0.021465246345329585, 0.971652992093584, 0.0015851337543545353]], "ideal": "C", "sampled": "B", "correct": false}}
{"type": "result", "data": {"idx": 43, "options": ["yields an unattractive picture of moral sainthood.", "implausibly places an \u201cupper bound\u201d on moral worthiness.", "yields a theory that is too demanding.", "transforms the theory into a form of contractarianism."], "probs": [[0.01796071251258257, 0.09201783788794066, 0.8658176756434568, 0.02420377385602], [0.028954405633300092, 0.1966087413724347, 0.7185049860268476, 0.055931866867417544], [0.046757334785216244, 0.6262228827727521, 0.07772548177440938, 0.2492943005676223], [0.08286809047735236, 0.26363806898029296, 0.1796565785568541, 0.47383726188550057]], "ideal": "B", "sampled": "C", "correct": false}}
{"type": "result", "data": {"idx": 44, "options": ["Aristotle", "John Locke", "Socrates", "Plato"], "probs": [[0.0004836758419777956, 0.000301093008451288, 0.9911509385305123, 0.008064292519058675], [0.00039971222721011285, 0.9960328738994128, 0.003194168803473863, 0.0003732449699032909], [0.9981902952792994, 0.0015289862154570146, 0.0001388683881713759, 0.00014185001707228784], [0.003596489736792891, 0.0031578393993651815, 0.00048681816262164166, 0.9927588526012203]], "ideal": "C", "sampled": "C", "correct": true}}
{"type": "result", "data": {"idx": 45, "options": ["simpler", "more natural", "older", "greater and grander"], "probs": [[0.032955395597386576, 0.017387834610842267, 0.008274160924668096, 0.941382608767103], [0.03399759240475198, 0.02910233545446385, 0.2695120936058236, 0.6673879784349606], [0.02250273035599933, 0.8191372920203558, 0.031745786051105056, 0.12661419147253986], [0.6107065977320846, 0.2931555367302473, 0.0619217201819846, 0.03421614525568347]], "ideal": "D", "sampled": "D", "correct": true}}
{"type": "result", "data": {"idx": 46, "options": ["we must first know whether something is right before we can know whether it conforms to God\u2019s will.", "we must first know whether something conforms to God\u2019s will before we can know that it is right.", "God exists, but does not concern himself with matters of morality.", "God does not exist."], "probs": [[0.15660606921094786, 0.8219132736420184, 0.010019063399830656, 0.011461593647203092], [0.006892353266988636, 0.005956269838593596, 0.01019966901608771, 0.9769517077783301], [0.005980916655441991, 0.012138052576642903, 0.7022139871703197, 0.2796670434975954], [0.006108969773683074, 0.49407842392979084, 0.49647995479968215, 0.0033326513968438736]], "ideal": "A", "sampled": "A", "correct": true}}
{"type": "result", "data": {"idx": 47, "options": ["your desires were always the same", "your desires were completely under your control", "your desires had been different", "your desires played no role in your decisions"], "probs": [[0.003600908669933458, 0.005245094644145944, 0.9835167510185776, 0.00763724556734299], [0.00827729491703068, 0.9579279626451227, 0.031244489178841983, 0.0025502531590046265], [0.6117023112200402, 0.36546563400767085, 0.0043258782577281895, 0.018506176414560805], [0.008707419477651053, 0.004525133618846101, 0.017190785108238137, 0.9695766616952647]], "ideal": "C", "sampled": "C", "correct": true}}
{"type": "result", "data": {"idx": 48, "options": ["can be proven.", "are self-evident.", "cannot be known.", "are not objective."], "probs": [[0.027720073592802423, 0.8695919017228594, 0.07839067907368882, 0.024297345510649316], [0.906098493030947, 0.05234405100475297, 0.010549981477966843, 0.03100747438633317], [0.04864465558053293, 0.025054878204764527, 0.015190878303852724, 0.9111095878108498], [0.10290665408476272, 0.09900680404671702, 0.4759195254845239, 0.32216701628399635]], "ideal": "B", "sampled": "B", "correct": true}}
{"type": "result", "data": {"idx": 49, "options": ["the result of coercion", "impractical", "chosen arbitrarily", "the result of a fair agreement or bargain"], "probs": [[0.0016444920341306924, 0.0012616665615530955, 0.0010887335921563087, 0.9960051077121599], [0.0005880897418247384, 0.000810513550522743, 0.9984416200589937, 0.00015977654865876394], [0.0014520927290831204, 0.9965591881544988, 0.0013539590321253055, 0.0006347599842927604], [0.9978292800777738, 0.0010987978476155597, 0.0005487397220730184, 0.0005231822525375959]], "ideal": "D", "sampled": "D", "correct": true}}
{"type": "result", "data": {"idx": 50, "options": ["pleasure", "acts of the moral virtues.", "loving God.", "contemplating God."], "probs": [[0.004598132828713144, 0.008797754628289842, 0.11765800042660024, 0.8689461120163968], [0.007086081760381998, 0.3582262986925827, 0.6329582988590294, 0.001729320588005839], [0.4395190636014072, 0.5480009368081193, 0.0021826862513682605, 0.010297313239105182], [0.8949098584057599, 0.007129342292856571, 0.002691886619700109, 0.09526891258168346]], "ideal": "D", "sampled": "D", "correct": true}}
{"type": "result", "data": {"idx": 51, "options": ["Y is obligated to choose saving the life of X.", "we are obligated to choose saving the life of X.", "both a and b.", "neither a nor b."], "probs": [[0.017393180547993894, 0.14583216144335262, 0.7517826318355915, 0.08499202607306201], [0.10897399530584984, 0.47400564413661533, 0.4116205573661309, 0.005399803091403881], [0.023969255531820766, 0.043490547602511496, 0.6902626138641674, 0.24227758290150025], [0.03386638780343836, 0.10709116906042793, 0.8411658640435491, 0.017876578992584616]], "ideal": "D", "sampled": "B", "correct": false}}
{"type": "result", "data": {"idx": 52, "options": ["gives us reason to abandon utilitarianism.", "gives us reason to abandon Kantianism.", "both a and b.", "neither a nor b."], "probs": [[0.03258078536595768, 0.038437240392287894, 0.2371036973101877, 0.6918782768315667], [0.07627042211715168, 0.19506805697215848, 0.707613929120159, 0.021047591690530842], [0.05096937620559677, 0.29134582927618213, 0.6070416456032418, 0.05064314881497925], [0.0537185324378962, 0.1121282486870347, 0.39420937563609065, 0.43994384313897844]], "ideal": "D", "sampled": "D", "correct": true}}
{"type": "result", "data": {"idx": 53, "options": ["how a person can remember anything about the realm of the Forms after the shock of being born into this world.", "how knowledge of the Forms can ever be anything other than a generalization of experience.", "how anyone can recognize the correct answer to a question without already knowing the answer.", "how concepts bound to the realm of becoming have meaning only when associated with the realm of Being."], "probs": [[0.0038158662416024535, 0.014312005235603869, 0.979961199702618, 0.0019109287201756896], [0.014015380130524316, 0.9168586637789515, 0.010926331061385876, 0.05819962492913821], [0.647543562740487, 0.02146366096092006, 0.28475747093007786, 0.046235305268515124], [0.009570693560586851, 0.039087690263476436, 0.024461200367220395, 0.9268804157087163]], "ideal": "C", "sampled": "C", "correct": true}}
{"type": "result", "data": {"idx": 54, "options": ["moral justification.", "deliberative justification.", "epistemic justification.", "an illusion."], "probs": [[0.030467231139787016, 0.9265667324910162, 0.0070224479926028795, 0.03594358827659397], [0.10962380569844254, 0.041647307958455046, 0.8234289960431633, 0.025299890199939112], [0.029384373055711028, 0.0424414850550501, 0.012267522792736055, 0.9159066189965028], [0.00858046660731156, 0.030209821693551017, 0.9543543758684014, 0.006855335730735978]], "ideal": "B", "sampled": "B", "correct": true}}
{"type": "result", "data": {"idx": 55, "options": ["it is sometimes simply not worth all the effort of examining life and its problems in great detail; sometimes it is better simply to \"go with the flow.\"", "while taking a reflective attitude toward life is interesting and even sometimes important, most of what makes life worth living is not worth examining.", "simply doing whatever everyone else does without thinking about why we should do what we do can hardly be thought of as worthwhile, noble, or admirable.", "it is a waste of time to sit around thinking about whether life is worth living; we should leave such reflection to talk-show hosts, political figures, and religious leaders."], "probs": [[0.003320254433841908, 0.005501774219853986, 0.9904676224044658, 0.000710348841838279], [0.008992315377979128, 0.9816468475908092, 0.004469581933342523, 0.004891254997869134], [0.9919216642243835, 0.00517294696091127, 0.0020129070636335632, 0.0008924816510716569], [0.009617087190700965, 0.01017547280221574, 0.0032093139959557477, 0.9769981259111276]], "ideal": "C", "sampled": "C", "correct": true}}
{"type": "result", "data": {"idx": 56, "options": ["the existence of God.", "freedom of the will.", "psychological egoism.", "universals."], "probs": [[0.011427020982849118, 0.9596199073318193, 0.015260532006097869, 0.013692539579233621], [0.7021318509907581, 0.2729966576637428, 0.012869578485264143, 0.01200191276023489], [0.029651211574421996, 0.030383229347386943, 0.009481206796080693, 0.9304843521821103], [0.005249372662160334, 0.01683857321995677, 0.9698961073450703, 0.008015946672812663]], "ideal": "B", "sampled": "B", "correct": true}}
{"type": "result", "data": {"idx": 57, "options": ["it does not have any right or wrong answer because it is a meaningless question.", "it is a meaningless question because everyone could have a different answer to it.", "it forces us to articulate and justify our beliefs about what we know and ought to do.", "it is more concerned with one's religious beliefs than with factual claims about the world."], "probs": [[0.0007718252840769058, 0.0017009087898425762, 0.9969941376744081, 0.0005331281516723608], [0.0023093537041289393, 0.9937491646410944, 0.0020076352362361177, 0.0019338463185405593], [0.9786590996622396, 0.012621322727756627, 0.003766119038647459, 0.004953458471356273], [0.002219514728046339, 0.0028078796376941623, 0.002350093140254685, 0.9926225123940048]], "ideal": "C", "sampled": "C", "correct": true}}
{"type": "result", "data": {"idx": 58, "options": ["a tendency to maximize happiness.", "a tendency to pursue justice.", "whatever mental action or quality gives a spectator a sentiment of approbation.", "whatever mental action or quality brings about the best consequences for all."], "probs": [[0.0016066395150413251, 0.0009389893522524777, 0.9967616324961356, 0.0006927385365706247], [0.0031221294566804677, 0.9895998315275928, 0.003681137243591025, 0.003596901672135673], [0.9925026412696999, 0.0044566854420197925, 0.002580829925969766, 0.00045984326231051764], [0.013921577875278611, 0.0063327115369145775, 0.0016801384557912596, 0.9780655720320155]], "ideal": "C", "sampled": "C", "correct": true}}
{"type": "result", "data": {"idx": 59, "options": ["it is possible for an outcome to be worse for a particular person than some alternative.", "it is possible for an outcome to be worse than some alternative.", "both a and b.", "neither a. nor b."], "probs": [[0.005780597442914179, 0.009325898616282625, 0.9817592884679087, 0.003134215372894436], [0.047741027113826, 0.06138934857637882, 0.05591384179890337, 0.8349557824108917], [0.016249049877029534, 0.045647123151661945, 0.854731462747515, 0.08337236412379347], [0.015450462927621254, 0.3059287116509029, 0.5407729824951875, 0.13784784282628837]], "ideal": "C", "sampled": "A", "correct": false}}
{"type": "result", "data": {"idx": 60, "options": ["whether it is forbidden by a moral rule of one\u2019s group.", "whether the moral rule forbidding it is a genuine moral rule.", "whether it is forbidden by a law.", "whether one can approve of it."], "probs": [[0.017282370798095813, 0.9299355321553159, 0.015256896897684542, 0.037525200048903716], [0.3842101692769171, 0.050539225334835604, 0.5333550571861969, 0.031895548102050315], [0.006770628989312278, 0.2646565030795834, 0.19015733769321536, 0.538415530137889], [0.006574476942585354, 0.03738134174668293, 0.9531359568207557, 0.002908224389976063]], "ideal": "B", "sampled": "B", "correct": true}}
{"type": "result", "data": {"idx": 61, "options": ["reason.", "God\u2019s commands.", "social agreements.", "sympathy."], "probs": [[0.004968647882190309, 0.0015650800313318392, 0.00812882842977895, 0.9853374435566989], [0.001437709684963491, 0.22706615070267616, 0.767673206668988, 0.0038229328433723496], [0.018626187257221205, 0.9712229131724703, 0.006295420619260038, 0.003855478851048366], [0.9250508739189665, 0.02124456409787341, 0.0014159648526940543, 0.05228859703046609]], "ideal": "D", "sampled": "D", "correct": true}}
