{"type": "result", "data": {"idx": 0, "options": ["0", "4", "2", "6"], "probs": [[0.07732330377108448, 0.5894737926947757, 0.17700206005296437, 0.15620084338117535], [0.3310960095202935, 0.2831806379323703, 0.34161128264582385, 0.0441120698015123], [0.16330655799266208, 0.6067353260381513, 0.07654351455163268, 0.15341460131755394], [0.508143503471444, 0.15255891353448447, 0.2595291234117916, 0.0797684594822799]], "ideal": "B", "sampled": "D", "correct": false}}
{"type": "result", "data": {"idx": 1, "options": ["8", "2", "24", "120"], "probs": [[0.22863523319110904, 0.42050220931583415, 0.23224576959305487, 0.11861678780000193], [0.2686791201763625, 0.37299765264231205, 0.15550314351860767, 0.2028200835627178], [0.25287198264239785, 0.34025760467650534, 0.26501768034973944, 0.14185273223135736], [0.17892596390433926, 0.47139415842638444, 0.21248796896728853, 0.1371919086019878]], "ideal": "C", "sampled": "A", "correct": false}}
{"type": "result", "data": {"idx": 2, "options": ["0", "1", "0,1", "0,4"], "probs": [[0.18865089397705911, 0.2578502633589485, 0.27024653953958966, 0.2832523030244027], [0.19842036965232618, 0.35371430650647956, 0.24312334525766577, 0.20474197848352854], [0.25707892347026795, 0.3352827231334955, 0.26114694059701793, 0.14649141269921867], [0.2730428020836479, 0.3850224671131168, 0.17630085610028687, 0.16563387460294848]], "ideal": "D", "sampled": "D", "correct": true}}
{"type": "result", "data": {"idx": 3, "options": ["True, True", "False, False", "True, False", "False, True"], "probs": [[0.24755855654510184, 0.3128907586949871, 0.24371432529294207, 0.19583635936696894], [0.2873407687657062, 0.17700298656252214, 0.23451226156131533, 0.3011439830104563], [0.2743602301174395, 0.21033164933691523, 0.32075511815582275, 0.19455300228982253], [0.31598077162863364, 0.2538600639405325, 0.2385049682171547, 0.19165419611367915]], "ideal": "B", "sampled": "A", "correct": false}}
{"type": "result", "data": {"idx": 4, "options": ["2x^2 + 5", "6x^2 + 4x + 6", "0", "x^2 + 1"], "probs": [[0.17077163968528078, 0.47151335015245827, 0.2604075313753059, 0.09730747868695501], [0.2704500060425707, 0.42546932489898853, 0.19480528661170454, 0.10927538234673621], [0.17623136410645548, 0.49425078940662087, 0.08861760530129204, 0.2409002410856316], [0.3197511291295409, 0.16849147518567514, 0.23393685067623143, 0.2778205449085525]], "ideal": "B", "sampled": "B", "correct": true}}
{"type": "result", "data": {"idx": 5, "options": ["True, True", "False, False", "True, False", "False, True"], "probs": [[0.21494447542233142, 0.33804341139859867, 0.2252427123189419, 0.22176940076012805], [0.26016379441969245, 0.18159450725926166, 0.24439391160592946, 0.3138477866151164], [0.230470399407514, 0.21311538871997554, 0.36829988811057873, 0.1881143236619317], [0.2755014598094097, 0.3428074121132412, 0.19232735035880377, 0.1893637776185453]], "ideal": "A", "sampled": "A", "correct": true}}
{"type": "result", "data": {"idx": 6, "options": ["True, True", "False, False", "True, False", "False, True"], "probs": [[0.33708288759969157, 0.2427582108320693, 0.1920649082458938, 0.22809399322234533], [0.20801731012094155, 0.15217279706091277, 0.1923805240030197, 0.447429368715126], [0.19878042630862125, 0.1548032531644537, 0.5076385366843478, 0.13877778374257727], [0.25207468113540105, 0.3903698208427523, 0.18156258218968496, 0.1759929157321617]], "ideal": "A", "sampled": "A", "correct": true}}
{"type": "result", "data": {"idx": 7, "options": ["True, True", "False, False", "True, False", "False, True"], "probs": [[0.3392092191362453, 0.3287224965197439, 0.1505143135942097, 0.1815539706498011], [0.25322548684443674, 0.20665235249057765, 0.21999501673145128, 0.32012714383353436], [0.27623225490514935, 0.25544578976367566, 0.3033790425673304, 0.1649429126638446], [0.3713333037968677, 0.35427138469752995, 0.12437022568807718, 0.1500250857175252]], "ideal": "D", "sampled": "A", "correct": false}}
{"type": "result", "data": {"idx": 8, "options": ["0", "4", "2", "6"], "probs": [[0.0660283684949843, 0.61194083333121, 0.16730285431397984, 0.15472794375982593], [0.32465105882783246, 0.2864829567553882, 0.34023499105185984, 0.048630993264919486], [0.14203318581713373, 0.6465516517191481, 0.05783865821948945, 0.15357650414422874], [0.5077511109481468, 0.15007948985744385, 0.25530892798216814, 0.08686047111224122]], "ideal": "B", "sampled": "D", "correct": false}}
{"type": "result", "data": {"idx": 9, "options": ["1", "2", "2,3", "6"], "probs": [[0.1572857051930498, 0.3278054594665786, 0.36005270477509094, 0.15485613046528068], [0.17262473057627242, 0.5485915932780426, 0.1673231807435924, 0.11146049530209248], [0.28198475483174834, 0.38540543270445543, 0.1908108946731877, 0.14179891769060848], [0.15538839531213663, 0.2684799352472781, 0.20910499364713928, 0.367026675693446]], "ideal": "C", "sampled": "C", "correct": true}}
{"type": "result", "data": {"idx": 10, "options": ["True, True", "False, False", "True, False", "False, True"], "probs": [[0.4260549354400633, 0.2837593428316369, 0.16424877205716712, 0.1259369495711327], [0.2862232965872062, 0.17909066644145263, 0.22997945887500185, 0.3047065779963393], [0.28823346352477974, 0.17755459873743715, 0.4001733541295128, 0.13403858350827025], [0.3326538751291293, 0.3378411480768269, 0.16989439471014534, 0.15961058198389844]], "ideal": "C", "sampled": "A", "correct": false}}
{"type": "result", "data": {"idx": 11, "options": ["symmetric only", "anti-symmetric only", "both symmetric and anti-symmetric", "an equivalence relation"], "probs": [[0.22464716281117603, 0.2077509139420012, 0.4132020421331408, 0.15439988101368193], [0.1779337674201415, 0.4268172680904817, 0.23573645947006344, 0.15951250491931335], [0.22184525425456264, 0.251363622090957, 0.4080466901283227, 0.11874443342615769], [0.2668045540424975, 0.35343198037880835, 0.1405922961270972, 0.23917116935159696]], "ideal": "C", "sampled": "C", "correct": true}}
{"type": "result", "data": {"idx": 12, "options": ["1", "2", "5", "11"], "probs": [[0.21815857424331953, 0.2395748078266722, 0.32748549633070473, 0.2147811214993035], [0.23917290145030085, 0.3534490623768453, 0.2752930942778561, 0.13208494179499772], [0.4077144289396546, 0.2890804513871369, 0.22166369856932455, 0.08154142100388394], [0.40678791419932125, 0.3425229293517355, 0.1341441909579658, 0.11654496539097742]], "ideal": "A", "sampled": "C", "correct": false}}
{"type": "result", "data": {"idx": 13, "options": ["(x \u2212 2)(x + 2)(x \u2212 1)", "(x + 1)(x + 4)(x \u2212 2)", "(x + 1)(x \u2212 4)(x \u2212 2)", "(x - 1)(x \u2212 4)(x \u2212 2)"], "probs": [[0.3673782889568251, 0.21260256746367634, 0.1790512773356904, 0.24096786614380816], [0.36038582144288656, 0.28065074741942925, 0.19903127246734711, 0.15993215857033713], [0.3340490758084988, 0.3726365267857802, 0.11726668475885743, 0.1760477125468636], [0.3685360440679596, 0.2613151889386172, 0.14659739592405274, 0.22355137096937044]], "ideal": "C", "sampled": "D", "correct": false}}
{"type": "result", "data": {"idx": 14, "options": ["6", "12", "30", "105"], "probs": [[0.14453009415597257, 0.4314699663447492, 0.2169658936476953, 0.2070340457515829], [0.2963096101791374, 0.2740298693075095, 0.3154235395385199, 0.11423698087483321], [0.26849110732090725, 0.5256587022831518, 0.15298191737222647, 0.052868272923714446], [0.6679567295862808, 0.17153852153859642, 0.08899538432689345, 0.07150936444822924]], "ideal": "C", "sampled": "D", "correct": false}}
{"type": "result", "data": {"idx": 15, "options": ["True, True", "False, False", "True, False", "False, True"], "probs": [[0.2502842396078022, 0.32127250302961413, 0.14037649985480233, 0.28806675740778126], [0.1782350215400586, 0.20194074208593452, 0.19882528185606635, 0.4209989544179405], [0.21304733414166563, 0.2490360811390964, 0.32486014586835515, 0.21305643875088282], [0.27123251958805783, 0.38242644637614526, 0.1569726192343115, 0.1893684147014854]], "ideal": "B", "sampled": "A", "correct": false}}
{"type": "result", "data": {"idx": 16, "options": ["1", "-1", "i", "-i"], "probs": [[0.13636414502144947, 0.33749418944479415, 0.17785411806333545, 0.3482875473704209], [0.19157876009655203, 0.23841269598101852, 0.4184531880834363, 0.15155535573899312], [0.054116840593814663, 0.7707782868154214, 0.0492748946010236, 0.12582997788974035], [0.46364984128309983, 0.2189802545697902, 0.14139094104599026, 0.17597896300111968]], "ideal": "C", "sampled": "D", "correct": false}}
{"type": "result", "data": {"idx": 17, "options": ["(1,1)", "(3,1)", "(1,6)", "(3,6)"], "probs": [[0.18101719700893198, 0.31766985423652216, 0.2760200376821689, 0.22529291097237694], [0.2619365634386611, 0.22402708718799527, 0.3693832291569028, 0.1446531201164408], [0.33001104485685195, 0.4440320199884798, 0.07249069321161832, 0.15346624184304994], [0.4495339624203632, 0.1653546517124127, 0.14822934345567088, 0.2368820423115532]], "ideal": "C", "sampled": "D", "correct": false}}
{"type": "result", "data": {"idx": 18, "options": ["multiplication is not a binary operation", "multiplication is not associative", "identity element does not exist", "zero has no inverse"], "probs": [[0.06176497998083811, 0.5091433391806834, 0.3136926807304122, 0.1153990000080663], [0.297738943930579, 0.3169381963433513, 0.24685325093860397, 0.13846960868746572], [0.33701271317528275, 0.3701317663140275, 0.08521425850156539, 0.20764126190912433], [0.7106184097928568, 0.03885612491665674, 0.09922471271861094, 0.1513007524718755]], "ideal": "D", "sampled": "D", "correct": true}}
{"type": "result", "data": {"idx": 19, "options": ["True, True", "False, False", "True, False", "False, True"], "probs": [[0.33126800755424635, 0.29226460614463745, 0.20728781508387775, 0.16917957111723847], [0.2571330887676512, 0.1608895909360216, 0.23048686291991924, 0.351490457276408], [0.2564152073913107, 0.17898206254406548, 0.4162029933664482, 0.1483997365981756], [0.32784435149729063, 0.36000096794343106, 0.15729515252924575, 0.15485952793003255]], "ideal": "A", "sampled": "A", "correct": true}}
{"type": "result", "data": {"idx": 20, "options": ["True, True", "False, False", "True, False", "False, True"], "probs": [[0.3951269443051519, 0.31741675589040497, 0.15716718050760556, 0.13028911919683753], [0.2504650242722672, 0.19503365418105456, 0.20125079162274878, 0.35325052982392946], [0.2816235636899312, 0.1818073784584575, 0.39715890888894934, 0.13941014886266195], [0.31594425907468787, 0.3635880106858613, 0.16648635514630503, 0.15398137499314582]], "ideal": "A", "sampled": "A", "correct": true}}
{"type": "result", "data": {"idx": 21, "options": ["2x^2 + 5", "6x^2 + 4x + 6", "0", "x^2 + 1"], "probs": [[0.1678984922591224, 0.5171621479855546, 0.24815128926054134, 0.06678807039478164], [0.2443014921115972, 0.4783143578853604, 0.19027291945227084, 0.08711123045077149], [0.1701125784684216, 0.48460654686101234, 0.10158286748870686, 0.24369800708185918], [0.2731324691330577, 0.18480570337107907, 0.27314200587607873, 0.26891982151978444]], "ideal": "A", "sampled": "B", "correct": false}}
{"type": "result", "data": {"idx": 22, "options": ["True, True", "False, False", "True, False", "False, True"], "probs": [[0.38449297497280926, 0.32373155124918485, 0.18162017110022172, 0.11015530257778414], [0.1983907341998501, 0.16968001170726546, 0.22480524739155336, 0.4071240066013311], [0.20787400256259697, 0.17779452037258087, 0.4758543386070317, 0.13847713835779044], [0.3085806897406667, 0.41519630064361046, 0.1435020970783749, 0.13272091243734788]], "ideal": "D", "sampled": "A", "correct": false}}
{"type": "result", "data": {"idx": 23, "options": ["semi group with identity", "commutative semigroups with identity", "group", "abelian group"], "probs": [[0.21302194794208845, 0.18219411503980668, 0.535623629663696, 0.06916030725440885], [0.27644545609474236, 0.5245252993697659, 0.17034240541232917, 0.02868683902316256], [0.8201673702212644, 0.12576534883477422, 0.024193808554166335, 0.02987347228979498], [0.26631774598927704, 0.057592579006769395, 0.08512209275841329, 0.5909675821455402]], "ideal": "D", "sampled": "C", "correct": false}}
{"type": "result", "data": {"idx": 24, "options": ["True, True", "False, False", "True, False", "False, True"], "probs": [[0.4716405272012185, 0.290516167850053, 0.13096079228998925, 0.10688251255873923], [0.21202207557325617, 0.16510090968303018, 0.23284777547390328, 0.39002923916981036], [0.24067247684359433, 0.18165124409613714, 0.44267125594149187, 0.13500502301877662], [0.32294743287470745, 0.37749643985142983, 0.1649331699166717, 0.13462295725719103]], "ideal": "B", "sampled": "A", "correct": false}}
{"type": "result", "data": {"idx": 25, "options": ["subgroup", "finite abelian group", "infinite, non abelian group", "ininite, abelian"], "probs": [[0.1665755535066778, 0.10260148326015527, 0.6388254285095002, 0.09199753462366674], [0.11051384852528423, 0.6874428698080072, 0.13654132796388374, 0.06550195360282488], [0.36894056197291736, 0.3305579721597085, 0.15024633704113532, 0.15025512872623883], [0.05365366375467693, 0.08053192885500682, 0.07685665412647052, 0.7889577531638458]], "ideal": "C", "sampled": "C", "correct": true}}
{"type": "result", "data": {"idx": 26, "options": ["True, True", "False, False", "True, False", "False, True"], "probs": [[0.25549438593216844, 0.2805108427720893, 0.20851099489034275, 0.2554837763053995], [0.2594762068883519, 0.16234753540479294, 0.2289765557722785, 0.34919970183457666], [0.2535273952967497, 0.18837133976806972, 0.35753499392465704, 0.20056627091052354], [0.27673279823973895, 0.29451858555532895, 0.2294119413055256, 0.1993366747994065]], "ideal": "C", "sampled": "A", "correct": false}}
{"type": "result", "data": {"idx": 27, "options": ["Yes, with p=2.", "Yes, with p=3.", "Yes, with p=5.", "No."], "probs": [[0.20564948284658757, 0.2155066301901227, 0.21218036338470322, 0.3666635234785865], [0.20745239741640092, 0.23876899233593227, 0.43920969269106447, 0.11456891745660233], [0.1813181083427483, 0.4282008153844346, 0.25572542809519383, 0.13475564807762322], [0.20143855227109841, 0.3168919118660205, 0.31202602657807194, 0.1696435091848091]], "ideal": "B", "sampled": "D", "correct": false}}
{"type": "result", "data": {"idx": 28, "options": ["True, True", "False, False", "True, False", "False, True"], "probs": [[0.19035146489407073, 0.3088628489451975, 0.24060368120962947, 0.26018200485110227], [0.1592878377384424, 0.1833142163672385, 0.25058686357336457, 0.4068110822209545], [0.1942488430879304, 0.20674567230579594, 0.3985834478722304, 0.20042203663404326], [0.24756093704187626, 0.3178101337617161, 0.2325568840022189, 0.20207204509418877]], "ideal": "D", "sampled": "A", "correct": false}}
{"type": "result", "data": {"idx": 29, "options": ["True, True", "False, False", "True, False", "False, True"], "probs": [[0.43200066764798595, 0.27887589846829997, 0.11995685040040548, 0.16916658338330862], [0.2173256873867147, 0.16923001406884666, 0.2073591649324959, 0.40608513351194275], [0.21896035455780694, 0.19625567775145147, 0.4220623264216567, 0.16272164116908486], [0.29573935708038035, 0.36228263914363684, 0.19092911764454565, 0.15104888603143712]], "ideal": "A", "sampled": "A", "correct": true}}
{"type": "result", "data": {"idx": 30, "options": ["True, True", "False, False", "True, False", "False, True"], "probs": [[0.3432179884800423, 0.28895836204505126, 0.1752864218987648, 0.1925372274761416], [0.22551903126368772, 0.1728927939957341, 0.2118483334567891, 0.38973984118378907], [0.2046281339602346, 0.18630264040317632, 0.468423357637622, 0.14064586789896705], [0.2769811244791089, 0.37853637493815734, 0.18164318934925, 0.16283931113348377]], "ideal": "B", "sampled": "A", "correct": false}}
{"type": "result", "data": {"idx": 31, "options": ["commutative semi group", "abelian group", "non-abelian group", "None of these"], "probs": [[0.29278154923262256, 0.33174275345719945, 0.19506193368045532, 0.18041376352972266], [0.37968696442829175, 0.29110427386661786, 0.3003843292121763, 0.028824432392914077], [0.21369580228336776, 0.3930307772746586, 0.062194550857976025, 0.33107886948399756], [0.29086436138512384, 0.356364176671222, 0.2195840724897178, 0.13318738935393634]], "ideal": "B", "sampled": "B", "correct": true}}
{"type": "result", "data": {"idx": 32, "options": ["True, True", "False, False", "True, False", "False, True"], "probs": [[0.447480533039565, 0.23577286567214256, 0.18653061883749528, 0.13021598235079715], [0.23812642975202367, 0.1490008196831371, 0.22022572308258273, 0.3926470273822565], [0.2226035975411376, 0.15783844416236692, 0.4712704279168919, 0.1482875302796036], [0.3022855266966957, 0.3589178078846507, 0.1891548661572556, 0.14964179916139797]], "ideal": "A", "sampled": "A", "correct": true}}
{"type": "result", "data": {"idx": 33, "options": ["g = g^-1 for every g in G", "g = g^2 for every g in G", "(g o h)^2 = g^2 o h^2 for every g,h in G", "G is of finite order"], "probs": [[0.1564811663614542, 0.11447655004538389, 0.43207900019375034, 0.2969632832994115], [0.21517548283534443, 0.3332478155346427, 0.30823913672820596, 0.14333756480180684], [0.3516421317702557, 0.31029206511255597, 0.20036420224093465, 0.13770160077625365], [0.10305024682444992, 0.523310124821784, 0.10632602869401064, 0.2673135995597555]], "ideal": "C", "sampled": "C", "correct": true}}
{"type": "result", "data": {"idx": 34, "options": ["True, True", "False, False", "True, False", "False, True"], "probs": [[0.2689589341895717, 0.367562006900569, 0.21951431688003983, 0.14396474192981948], [0.2673008044765919, 0.2114301928241861, 0.2322305613695731, 0.2890384412296489], [0.2520545312550835, 0.22591801178565546, 0.3667401646262358, 0.15528729223302523], [0.31981100199253526, 0.34575132966675926, 0.16852159043109863, 0.16591607780960682]], "ideal": "A", "sampled": "A", "correct": true}}
{"type": "result", "data": {"idx": 35, "options": ["0", "4", "2", "6"], "probs": [[0.06799792634779386, 0.6108041455011978, 0.16185464006343442, 0.159343287987574], [0.3147001120546974, 0.29102836465670356, 0.34563483478119517, 0.04863668840740386], [0.15011108087861436, 0.6419220637848032, 0.06018084726827992, 0.14778600796830252], [0.5015969350670394, 0.1482592396030469, 0.2602189519773819, 0.08992487325253185]], "ideal": "B", "sampled": "D", "correct": false}}
{"type": "result", "data": {"idx": 36, "options": ["0", "1", "11", "22"], "probs": [[0.24858777592956322, 0.295193497735448, 0.2564725019745729, 0.19974622426041588], [0.22984286455470057, 0.3044751493484736, 0.20926910013045993, 0.2564128858663659], [0.2989553630675717, 0.2022736994854773, 0.3387543952868741, 0.16001654206007687], [0.2180547234487822, 0.4474040202735886, 0.1724947665087527, 0.16204648966887644]], "ideal": "D", "sampled": "A", "correct": false}}
{"type": "result", "data": {"idx": 37, "options": ["Yes, with p=2.", "Yes, with p=3.", "Yes, with p=5.", "No."], "probs": [[0.22458875177044885, 0.19818523524209858, 0.1891198754121488, 0.38810613747530376], [0.2079124748498905, 0.22834086415868446, 0.4471155702620664, 0.11663109062935861], [0.16896753997997938, 0.473876521722478, 0.24974530188491023, 0.10741063631263237], [0.23812580531872135, 0.320418850132721, 0.2828130297312585, 0.15864231471729912]], "ideal": "B", "sampled": "D", "correct": false}}
{"type": "result", "data": {"idx": 38, "options": ["1", "2", "3", "4"], "probs": [[0.6745377721038123, 0.13919714233703073, 0.08442772851367562, 0.10183735694548131], [0.32777717950476576, 0.17820923161370567, 0.10476214515683094, 0.3892514436246976], [0.37081996707843845, 0.10137568715320608, 0.3323992887521965, 0.19540505691615898], [0.15100801579586476, 0.561079051374174, 0.127164490379224, 0.16074844235073724]], "ideal": "C", "sampled": "A", "correct": false}}
{"type": "result", "data": {"idx": 39, "options": ["True, True", "False, False", "True, False", "False, True"], "probs": [[0.22716380517379567, 0.36863937187319384, 0.2068208281084204, 0.19737599474459008], [0.2050695419106454, 0.2287442087898392, 0.243518114065614, 0.3226681351339014], [0.2036784680138311, 0.2534543090859357, 0.36310728023775024, 0.17975994256248293], [0.26794241872301644, 0.3334178278573097, 0.22562702188821065, 0.17301273143146317]], "ideal": "D", "sampled": "A", "correct": false}}
{"type": "result", "data": {"idx": 40, "options": ["0", "1", "-1", "12"], "probs": [[0.13903572544409007, 0.7171940064916241, 0.09262207736108083, 0.05114819060320497], [0.5892588294701321, 0.2871528758147492, 0.02588896626720742, 0.09769932834791137], [0.16633162148617786, 0.05233608263708444, 0.2273415658744559, 0.5539907299022818], [0.06379706586583658, 0.30435130256190474, 0.4160263762034451, 0.21582525526881352]], "ideal": "C", "sampled": "B", "correct": false}}
{"type": "result", "data": {"idx": 41, "options": ["0", "3", "12", "30"], "probs": [[0.1542085638096844, 0.5819525457953951, 0.12986094667830583, 0.1339779436166146], [0.2602291307997823, 0.3669561308644276, 0.2643373509851498, 0.10847738725064028], [0.20192667538997855, 0.42745461418743114, 0.18675863462668732, 0.183860075695903], [0.24652524290003772, 0.3422346710816518, 0.3116397559331152, 0.0996003299851953]], "ideal": "A", "sampled": "B", "correct": false}}
{"type": "result", "data": {"idx": 42, "options": ["True, True", "False, False", "True, False", "False, True"], "probs": [[0.3099985626030342, 0.3050666062208939, 0.19397021250065957, 0.19096461857541236], [0.23708961471435075, 0.17615392099737545, 0.25237302117683613, 0.33438344301143763], [0.27002726611937494, 0.2006219446829174, 0.3577186678122589, 0.1716321212854487], [0.34199349617489294, 0.31130586462957344, 0.16928630332235767, 0.17741433577317595]], "ideal": "B", "sampled": "A", "correct": false}}
{"type": "result", "data": {"idx": 43, "options": ["True, True", "False, False", "True, False", "False, True"], "probs": [[0.26799356934728513, 0.2989182471930086, 0.1650963723494419, 0.2679918110102644], [0.19478719844100487, 0.14474179907955312, 0.23495452893546506, 0.4255164734439769], [0.2034089057418277, 0.18810730610077114, 0.41738860551151247, 0.19109518254588867], [0.3072291474975761, 0.34809000720670796, 0.17233516993877243, 0.17234567525694344]], "ideal": "C", "sampled": "A", "correct": false}}
{"type": "result", "data": {"idx": 44, "options": ["True, True", "False, False", "True, False", "False, True"], "probs": [[0.3532243984487048, 0.2927882038766795, 0.20442381836728818, 0.14956357920732752], [0.23235278973114368, 0.1926103205397292, 0.2473338656277404, 0.32770302400138673], [0.2286917716036033, 0.18957920370590323, 0.44083380694749374, 0.1408952176429997], [0.2959967387617203, 0.41090874716592846, 0.14425422894648632, 0.1488402850258649]], "ideal": "C", "sampled": "A", "correct": false}}
{"type": "result", "data": {"idx": 45, "options": ["True, True", "False, False", "True, False", "False, True"], "probs": [[0.7077251777496295, 0.14154708594973653, 0.07007398560052704, 0.0806537506001069], [0.27235867758773086, 0.15040120032710244, 0.19312580842453744, 0.38411431356062925], [0.2975223736523314, 0.13409880293318724, 0.4536726732342256, 0.11470615008025571], [0.35977354106026976, 0.33270671464593005, 0.1621571903937249, 0.14536255380007526]], "ideal": "C", "sampled": "A", "correct": false}}
{"type": "result", "data": {"idx": 46, "options": ["True, True", "False, False", "True, False", "False, True"], "probs": [[0.2151331454300324, 0.2985942363440419, 0.21850754318436416, 0.2677650749415615], [0.27382693507993594, 0.1740312180950423, 0.2166042839252198, 0.335537562799802], [0.27214705130278394, 0.2186392629333468, 0.27641933329859847, 0.23279435236527082], [0.29119178649851446, 0.2650811373922388, 0.2097245901613319, 0.23400248584791475]], "ideal": "B", "sampled": "A", "correct": false}}
{"type": "result", "data": {"idx": 47, "options": ["0", "2", "1", "3"], "probs": [[0.16167765086811708, 0.4064454319567783, 0.22099904211631458, 0.21087787495879004], [0.26518959199502967, 0.36245430052313077, 0.21645534358922744, 0.1559007637926121], [0.30102993689313545, 0.36880741851184845, 0.15863839571208072, 0.17152424878293535], [0.3442742176862865, 0.24031939742070207, 0.19312128134940124, 0.22228510344361016]], "ideal": "B", "sampled": "D", "correct": false}}
{"type": "result", "data": {"idx": 48, "options": ["True, True", "False, False", "True, False", "False, True"], "probs": [[0.44569491015741625, 0.30629311149831534, 0.13174775732286645, 0.11626422092140193], [0.24264019769148348, 0.2011394827677644, 0.19194443868002486, 0.36427588076072726], [0.27590654942057463, 0.19563311012416434, 0.3830676008716178, 0.14539273948364323], [0.32055656665830434, 0.3927123370651534, 0.14224413890112936, 0.14448695727541286]], "ideal": "C", "sampled": "A", "correct": false}}
{"type": "result", "data": {"idx": 49, "options": ["8", "120", "240", "24"], "probs": [[0.14412037180951148, 0.3796896507817641, 0.2911336849845542, 0.18505629232417026], [0.23203334555739458, 0.43347016618492, 0.22489363287962075, 0.10960285527806465], [0.4024667381470256, 0.2639250417695014, 0.19010714901413117, 0.14350107096934184], [0.13821377936966575, 0.2140496607193979, 0.3641364465547119, 0.2836001132562245]], "ideal": "B", "sampled": "C", "correct": false}}
{"type": "result", "data": {"idx": 50, "options": ["True, True", "False, False", "True, False", "False, True"], "probs": [[0.26102646793755613, 0.28662469553130565, 0.20328195088138948, 0.24906688554974876], [0.17720634969479498, 0.17173996310096248, 0.25783291072304254, 0.3932207763812], [0.176583111268505, 0.20008172092821114, 0.44396269317002024, 0.1793724745332636], [0.2592741548755771, 0.33287227150449356, 0.23241133985579482, 0.17544223366413456]], "ideal": "D", "sampled": "A", "correct": false}}
{"type": "result", "data": {"idx": 51, "options": ["0", "2", "1", "3"], "probs": [[0.1807713210401962, 0.3826782106970532, 0.24709741768750187, 0.1894530504752487], [0.29904788283922135, 0.3551084345952939, 0.20235800439542523, 0.1434856780700595], [0.31112333003290604, 0.34705992618069986, 0.15891389004273873, 0.18290285364365538], [0.35442696413905306, 0.2183349034716199, 0.20194672633416325, 0.22529140595516378]], "ideal": "B", "sampled": "C", "correct": false}}
{"type": "result", "data": {"idx": 52, "options": ["6", "8", "4", "2"], "probs": [[0.26917952296426245, 0.2865127920817918, 0.17930370567436088, 0.2650039791795848], [0.29565203847727134, 0.26917404535345246, 0.3247031641733006, 0.11047075189597563], [0.3258863316324877, 0.49688409643380826, 0.08239523136398506, 0.09483434046971898], [0.35488995570045934, 0.2988221569673035, 0.16503366565794952, 0.18125422157428758]], "ideal": "A", "sampled": "D", "correct": false}}
{"type": "result", "data": {"idx": 53, "options": ["True, True", "False, False", "True, False", "False, True"], "probs": [[0.3307955412591501, 0.29184327831225554, 0.17984002140631047, 0.19752115892228386], [0.2522910347111781, 0.17610073265902018, 0.21579034506678774, 0.35581788746301396], [0.27341886944690713, 0.18497366925753644, 0.3566044813543914, 0.18500297984116504], [0.3387265351645237, 0.3132058241707182, 0.15507099827746065, 0.19299664228729746]], "ideal": "C", "sampled": "A", "correct": false}}
{"type": "result", "data": {"idx": 54, "options": ["0", "2", "1", "3"], "probs": [[0.05189960018883657, 0.7626572761370083, 0.11880228534491385, 0.06664083822924126], [0.3080192013230342, 0.3833212980613186, 0.2676208406739074, 0.041038659841739815], [0.1765922884102269, 0.6459312366130472, 0.048279176853099785, 0.12919729802362617], [0.4015780300323391, 0.21493872628872265, 0.2803525176547825, 0.10313072592415574]], "ideal": "B", "sampled": "B", "correct": true}}
{"type": "result", "data": {"idx": 55, "options": ["True, True", "False, False", "True, False", "False, True"], "probs": [[0.3659794980812587, 0.2762075703494843, 0.1928534983330858, 0.16495943313617123], [0.20578167103964595, 0.1653311451906845, 0.24436470897348614, 0.3845224746961834], [0.22268571946607923, 0.1996010214247461, 0.40961002617464953, 0.16810323283452513], [0.27824284794400705, 0.34086151891931116, 0.2067666737001995, 0.17412895933648231]], "ideal": "A", "sampled": "A", "correct": true}}
{"type": "result", "data": {"idx": 56, "options": ["True, True", "False, False", "True, False", "False, True"], "probs": [[0.21004366872594388, 0.34623664614076083, 0.2201171666163626, 0.22360251841693266], [0.17046284419884083, 0.19314248570146197, 0.2640146573515768, 0.3723800126481203], [0.18473807914978393, 0.22632453658926618, 0.4098720129952635, 0.1790653711656864], [0.2785599106915427, 0.34663288232349065, 0.21357927259547824, 0.16122793428948842]], "ideal": "D", "sampled": "A", "correct": false}}
{"type": "result", "data": {"idx": 57, "options": ["1", "2", "3", "4"], "probs": [[0.46616585447197145, 0.19131532879690472, 0.13566087589280823, 0.2068579407383156], [0.23126304897156116, 0.21388401670471963, 0.09490980381186002, 0.4599431304118592], [0.3445187457378094, 0.1391964384893988, 0.304036374299575, 0.21224844137321686], [0.20015339849606442, 0.4440715676708736, 0.11053808197075536, 0.24523695176230662]], "ideal": "B", "sampled": "A", "correct": false}}
{"type": "result", "data": {"idx": 58, "options": ["True, True", "False, False", "True, False", "False, True"], "probs": [[0.20817253861215562, 0.3027615158624227, 0.19550834011541732, 0.2935576053100043], [0.27301063724096447, 0.1604640459784731, 0.21594716284578502, 0.3505781538347774], [0.2591241597870148, 0.20176118610271818, 0.31746441122695107, 0.22165024278331594], [0.3239733076955746, 0.2727408192105786, 0.18747388383283692, 0.2158119891610099]], "ideal": "A", "sampled": "A", "correct": true}}
{"type": "result", "data": {"idx": 59, "options": ["True, True", "False, False", "True, False", "False, True"], "probs": [[0.2641121705489666, 0.2991779699744922, 0.19623620513747447, 0.24047365423906675], [0.2561783194285753, 0.1414548158504175, 0.2521893679843483, 0.35017749663665887], [0.2441615869230959, 0.18427162694302582, 0.372286813175113, 0.1992799728587653], [0.29702665956288615, 0.2746471125410462, 0.2241847779499105, 0.20414144984615712]], "ideal": "A", "sampled": "A", "correct": true}}
{"type": "result", "data": {"idx": 60, "options": ["True, True", "False, False", "True, False", "False, True"], "probs": [[0.3971192001470056, 0.3044401452302498, 0.1249552238600949, 0.1734854306626497], [0.2350142808036287, 0.1801742178177264, 0.22076629583710786, 0.364045205441537], [0.2313710370837058, 0.22423679302586255, 0.3697373678832273, 0.1746548019072043], [0.31974045868330647, 0.33503217999410895, 0.17934738899526875, 0.16587997222731582]], "ideal": "D", "sampled": "A", "correct": false}}
{"type": "result", "data": {"idx": 61, "options": ["True, True", "False, False", "True, False", "False, True"], "probs": [[0.3158169435515632, 0.2830697935993991, 0.22395086619925436, 0.17716239654978336], [0.1712050535744571, 0.12922624857247292, 0.22680955447046158, 0.4727591432826084], [0.20632709253263876, 0.16067979988816225, 0.4723015356738702, 0.1606915718053288], [0.2819029818549194, 0.4165982653321504, 0.16833259650379348, 0.13316615620913672]], "ideal": "D", "sampled": "A", "correct": false}}
{"type": "result", "data": {"idx": 62, "options": ["True, True", "False, False", "True, False", "False, True"], "probs": [[0.4665769372903902, 0.242011429658258, 0.11433351868986309, 0.1770781142614887], [0.23393034584074876, 0.16586000968555992, 0.17657038304574302, 0.4236392613279483], [0.24428693981785862, 0.19022758659441855, 0.4027592299321325, 0.16272624355559034], [0.3154205522558824, 0.37450094701334247, 0.14898288914485067, 0.1610956114859244]], "ideal": "C", "sampled": "A", "correct": false}}
{"type": "result", "data": {"idx": 63, "options": ["not anti-symmetric", "transitive", "reflexive", "symmetric"], "probs": [[0.41219270225217675, 0.1946857720418794, 0.14697316287478326, 0.2461483627311606], [0.28435323063202156, 0.1620040410893686, 0.30269384832177315, 0.25094887985683667], [0.24741010565168095, 0.3953409882434227, 0.27174417744683826, 0.0855047285580581], [0.4099856347179629, 0.40994972291922177, 0.1120846503271183, 0.06797999193569705]], "ideal": "B", "sampled": "D", "correct": false}}
{"type": "result", "data": {"idx": 64, "options": ["1", "2", "infinitely many", "0"], "probs": [[0.14023447139823642, 0.35808789993287415, 0.38722223328072597, 0.11445539528816343], [0.13784645701827683, 0.5283955413825742, 0.1235670316627292, 0.21019096983641986], [0.4000163018301015, 0.16936464353648975, 0.2664626498781018, 0.16415640465530693], [0.0708915729616982, 0.3461942918819552, 0.22007244495228936, 0.3628416901040572]], "ideal": "B", "sampled": "C", "correct": false}}
{"type": "result", "data": {"idx": 65, "options": ["True, True", "False, False", "True, False", "False, True"], "probs": [[0.5234189356047082, 0.24723249872069217, 0.10306863693249357, 0.12627992864210605], [0.22098079321558808, 0.16166354714207493, 0.2108567207840825, 0.40649893875825455], [0.19212287662492222, 0.1543731242263916, 0.5061933397740572, 0.14731065927462897], [0.3092955694678414, 0.39095679504175673, 0.17080924167726874, 0.12893839371313306]], "ideal": "C", "sampled": "A", "correct": false}}
{"type": "result", "data": {"idx": 66, "options": ["True, True", "False, False", "True, False", "False, True"], "probs": [[0.3300726760604619, 0.33002737652976216, 0.17393183965630238, 0.16596810765347353], [0.27111186766560175, 0.17502690328317297, 0.23188904724517054, 0.3219721817060548], [0.2750360924470152, 0.22098135616683456, 0.34229504548620954, 0.16168750579994065], [0.36364066055296346, 0.32592111337023477, 0.15885464608787445, 0.15158357988892734]], "ideal": "D", "sampled": "A", "correct": false}}
{"type": "result", "data": {"idx": 67, "options": ["a,b in H=> a * b in H", "a in H => a^-1 in H", "a,b in H=> a * b^-1 in H", "H contains the identity element"], "probs": [[0.5774875196611439, 0.0734151292755036, 0.12295178884600245, 0.2261455621173501], [0.19978686270464924, 0.22638092117373088, 0.15080954582403638, 0.4230226701975835], [0.17001244297404355, 0.11149277453877623, 0.5403220612736482, 0.1781727211135319], [0.17296350902634178, 0.5004750750706215, 0.05442864731155338, 0.27213276849148327]], "ideal": "C", "sampled": "A", "correct": false}}
{"type": "result", "data": {"idx": 68, "options": ["(x \u2212 2)(x + 2)(x \u2212 1)(x + 1)", "(x+1)^4", "(x-1)(x+1)^3", "(x-1)^3(x+1)"], "probs": [[0.379721549266442, 0.30505901344751235, 0.10545072624932184, 0.2097687109367238], [0.26145576843711354, 0.1912720160455759, 0.10238795497612586, 0.4448842604411847], [0.316511133773598, 0.15914097901007504, 0.30678502636419613, 0.21756286075213077], [0.3252494085292026, 0.4241738382179626, 0.07371938337720425, 0.17685736977563055]], "ideal": "A", "sampled": "A", "correct": true}}
{"type": "result", "data": {"idx": 69, "options": ["True, True", "False, False", "True, False", "False, True"], "probs": [[0.3838411981628311, 0.24778831741085283, 0.18130586089782416, 0.18706462342849192], [0.17307854671301537, 0.1306370010651545, 0.2257328263971132, 0.4705516257247169], [0.199208846703717, 0.16774051629979556, 0.4779011691076957, 0.15514946778879174], [0.2794751095179455, 0.34776823801903606, 0.19510043828327142, 0.177656214079747]], "ideal": "A", "sampled": "A", "correct": true}}
{"type": "result", "data": {"idx": 70, "options": ["0", "-2", "a-2", "(2+a)*-1"], "probs": [[0.17313775160462172, 0.384099507530374, 0.289966429890508, 0.15279631087449624], [0.2266748631770308, 0.47984029645294823, 0.059597889313023816, 0.2338869509569971], [0.25350054382237863, 0.17974160726731148, 0.22024094045113968, 0.34651690835917015], [0.27855607656914894, 0.3520998928187363, 0.09932277276623352, 0.2700212577458812]], "ideal": "D", "sampled": "C", "correct": false}}
{"type": "result", "data": {"idx": 71, "options": ["0", "4", "2", "6"], "probs": [[0.06620050571491887, 0.6231945381021449, 0.14802851389188382, 0.1625764421910524], [0.31651630758669586, 0.2927072622132606, 0.3422395859149616, 0.04853684418508191], [0.1378829263241051, 0.647583582788534, 0.0607114023333517, 0.15382208845400916], [0.4982106276824789, 0.15675609017594952, 0.2584629740822185, 0.08657030795935307]], "ideal": "C", "sampled": "D", "correct": false}}
{"type": "result", "data": {"idx": 72, "options": ["1", "2", "3", "4"], "probs": [[0.33050730328671185, 0.2739938158417857, 0.24180084104204866, 0.15369803972945378], [0.27235740826323107, 0.34428507599196756, 0.19616970710237674, 0.18718780854242462], [0.23481653978289235, 0.29222876266043857, 0.32601088767980135, 0.14694380977686772], [0.2436884158056411, 0.4276780719973419, 0.1897845537802849, 0.13884895831673208]], "ideal": "D", "sampled": "A", "correct": false}}
{"type": "result", "data": {"idx": 73, "options": ["0", "3", "12", "30"], "probs": [[0.1150123279056945, 0.602605356274009, 0.1323784172189124, 0.1500038985013841], [0.3343937123559829, 0.3559441294608021, 0.2092607781771729, 0.10040137990604203], [0.2392197179787634, 0.382253605617993, 0.18630617299880645, 0.19222050330443716], [0.24723790399315748, 0.28903117557681735, 0.36539020858485705, 0.09834071174516813]], "ideal": "B", "sampled": "B", "correct": true}}
{"type": "result", "data": {"idx": 74, "options": ["True, True", "False, False", "True, False", "False, True"], "probs": [[0.2665396411909247, 0.3214385008919219, 0.20117724539346118, 0.2108446124236922], [0.2734175785159385, 0.16842597235103848, 0.22314178781315194, 0.33501466121987106], [0.2860483441648435, 0.2092496690168442, 0.31415187373143455, 0.19055011298687777], [0.3503311328288928, 0.26856190363704585, 0.19650070660087485, 0.18460625683318652]], "ideal": "D", "sampled": "A", "correct": false}}
{"type": "result", "data": {"idx": 75, "options": ["True, True", "False, False", "True, False", "False, True"], "probs": [[0.26773339507286653, 0.31787803765932854, 0.19586667416521253, 0.2185218930025924], [0.23205012080733087, 0.20158644018541538, 0.21798400578703186, 0.34837943312022185], [0.23101529019319345, 0.21699334158783865, 0.36343808603100874, 0.18855328208795916], [0.2741826988726049, 0.3575544846429158, 0.18843846949724066, 0.1798243468872387]], "ideal": "B", "sampled": "A", "correct": false}}
{"type": "result", "data": {"idx": 76, "options": ["True, True", "False, False", "True, False", "False, True"], "probs": [[0.40386484845817106, 0.29083733881076496, 0.16573748987038098, 0.139560322760683], [0.30999999773382586, 0.1608087843375213, 0.1939887971387709, 0.33520242068988193], [0.3100854913542059, 0.17392236705222316, 0.37403048389253724, 0.14196165760103371], [0.3837860283435953, 0.3131954716308959, 0.15505919089941095, 0.14795930902609783]], "ideal": "C", "sampled": "A", "correct": false}}
{"type": "result", "data": {"idx": 77, "options": ["0", "3", "12", "30"], "probs": [[0.23594969772366944, 0.3951328440561584, 0.04132251859776047, 0.3275949395224117], [0.2940305479800795, 0.13888582544429198, 0.1325278718293566, 0.4345557546462719], [0.17403822357531457, 0.2003104746002602, 0.36843891281203495, 0.25721238891239034], [0.20482340453007003, 0.35389050837792574, 0.3430130481376958, 0.09827303885430844]], "ideal": "A", "sampled": "A", "correct": true}}
{"type": "result", "data": {"idx": 78, "options": ["True, True", "False, False", "True, False", "False, True"], "probs": [[0.2245726585163611, 0.33183011409302243, 0.1890952884961814, 0.25450193879443506], [0.16636027889853913, 0.1538447485366026, 0.22038461922541652, 0.45941035323944174], [0.22598664317175748, 0.22245766056087246, 0.3392461144135567, 0.21230958175381334], [0.32784174892479767, 0.31277581114097497, 0.18389175282392528, 0.17549068701030207]], "ideal": "D", "sampled": "A", "correct": false}}
