{"type": "result", "data": {"idx": 0, "options": ["The coastal State", "The flag State", "All States enjoy such jurisdiction", "The International Tribunal for the Law of the Sea"], "probs": [[0.19901699826638086, 0.6946136704036543, 0.10007105524939665, 0.0062982759805681465], [0.5734747510936598, 0.21765566123185331, 0.016784648822320215, 0.1920849387521667], [0.023548140922131266, 0.01496728590101686, 0.6464341228014627, 0.31505045027538914], [0.00811287765186853, 0.9017677356617337, 0.0653247613319516, 0.024794625254446128]], "ideal": "B", "sampled": "A", "correct": false}}
{"type": "result", "data": {"idx": 1, "options": ["Justiciability refers to the possibility of enforcement of a particular right by the relevant rights holders", "Justiciability refers to the just nature or cause of a particular right", "Justiciability refers to the courts' assessment of whether the non-enforcement of a particular rights conforms to principles of justice", "Justiciability refers to the obligation of a State to enforce a particular Right"], "probs": [[0.7464877951891299, 0.007318125561100462, 0.0716387330413328, 0.17455534610843682], [0.0029256105520341015, 0.07845035716783308, 0.0483330623439065, 0.8702909698362263], [0.07332183734041792, 0.01573270440289296, 0.8932565832453688, 0.017688874911320318], [0.005376396191980081, 0.9041401075364349, 0.0126991596917562, 0.0777843364798288]], "ideal": "A", "sampled": "A", "correct": true}}
{"type": "result", "data": {"idx": 2, "options": ["R2P is essentially the same as humanitarian intervention", "R2P requires a call for assistance by the State in distress", "R2P is less arbitrary because it requires some UNSC input and its primary objective is to avert a humanitarian crisis", "R2P always involves armed force, whereas humanitarian intervention does not"], "probs": [[0.018986160110517385, 0.1034425581091256, 0.8395155149558678, 0.038055766724489126], [0.07716758893407738, 0.7436848018476907, 0.1252691354597619, 0.053878473658470045], [0.39480900907595057, 0.07189732816058154, 0.4913552421263066, 0.04193842053716125], [0.01616757233872243, 0.03939407085324152, 0.08877723232284417, 0.8556611243851919]], "ideal": "C", "sampled": "C", "correct": true}}
{"type": "result", "data": {"idx": 3, "options": ["The so-called Lotus principle is that 'restrictions upon the independence of States cannot therefore be presumed', or, as it has been construed, 'whatever is not prohibited is permitted in international law'", "The so-called Lotus principle is that States are free to choose the Court that they will submit their disputes", "The so-called Lotus principle is that States are not prohibited to assert their enforcement jurisdiction on the high seas", "The so-called Lotus principle is that customary law derives from the combination of State practice and opinio juris"], "probs": [[0.9732367211926184, 0.006257404071457094, 0.013247167560571047, 0.00725870707535352], [0.0023914582158410655, 0.0028399496325999213, 0.007084060806526114, 0.9876845312450329], [0.00349151360794212, 0.004277953629092435, 0.9757031696579023, 0.01652736300506319], [0.003477175869608292, 0.9565889561826958, 0.02321442191870998, 0.016719445928985985]], "ideal": "A", "sampled": "A", "correct": true}}
{"type": "result", "data": {"idx": 4, "options": ["The UK Constitution's only source of power is that of the sovereign", "The UK Constitution gives the judiciary the power to overturn acts of parliament", "The UK Constitution is uncodified and can be found in a number of sources", "The UK Constitution is based on a Bill of Rights"], "probs": [[0.012812914970989242, 0.012036598074226246, 0.9562142178076106, 0.01893626904717394], [0.011146513259134462, 0.9352413789508478, 0.02492462384429068, 0.02868748384572706], [0.9611541645004015, 0.0058967749618887184, 0.008123105909266083, 0.02482595452844372], [0.0026853316458118185, 0.0020913375694002153, 0.00880461511193952, 0.9864187155728484]], "ideal": "C", "sampled": "C", "correct": true}}
{"type": "result", "data": {"idx": 5, "options": ["It is an obligation of result, that is, States are under a strict obligation to resolve their disputes as soon as possible", "It is an obligation of conduct, ie States have an obligation to try to resolve their disputes through peaceful means. This does not entail an obligation to resolve their disputes", "It is a peremptory norm of international law and all States have a legal interest to safeguard its application in any given dispute", "It is an obligation which concerns solely international courts and tribunals"], "probs": [[0.0004581933286846673, 0.9913425413438371, 0.007001465584757178, 0.001197799642720961], [0.9074875263344412, 0.07333447902973662, 0.0056119184918757515, 0.013566076043946374], [0.0018713999437023241, 0.0017997270996323402, 0.003869864658830371, 0.992459008197835], [0.00044089309847154427, 0.0017167339712272818, 0.9690350577833514, 0.02880731504694975]], "ideal": "B", "sampled": "B", "correct": true}}
{"type": "result", "data": {"idx": 6, "options": ["Protocol 14 changed the committee that hears admissibility cases from a three judge to a one judge formation", "Protocol 14 added a new criterion for admissibility", "Protocol 14 abolished the Commission of Human Rights", "Protocol 14 extended the judicial term of office for the European Court of Human Rights"], "probs": [[0.3914277319857813, 0.17367522871693328, 0.2908962493309801, 0.1440007898663054], [0.3081526457955244, 0.2718832194533262, 0.1478621959538417, 0.27210193869730764], [0.5256888622354275, 0.0844707471065445, 0.28137396669826775, 0.10846642385976019], [0.2351222590176597, 0.3213377738275656, 0.16416434185790027, 0.2793756251968744]], "ideal": "C", "sampled": "C", "correct": true}}
{"type": "result", "data": {"idx": 7, "options": ["Rocks are the islands that are less than 10 square miles", "Rocks are the islands that do not have any maritime zone", "Rocks are the islands which cannot sustain human habitation or economic life of their own and according to article 121 (3) have no Exclusive Economic Zone or continental shelf.", "Rocks are the small islands that can sustain human habitation"], "probs": [[0.019190139244490367, 0.022257615787684714, 0.8758243542332563, 0.08272789063456859], [0.013355362787430458, 0.9432775772607022, 0.02537810536035317, 0.017988954491514157], [0.9023416999448701, 0.0246075175726924, 0.022944534768549085, 0.050106247613888336], [0.0008772413181635066, 0.0018422108950665469, 0.004086855823053337, 0.9931936918637166]], "ideal": "C", "sampled": "C", "correct": true}}
{"type": "result", "data": {"idx": 8, "options": ["It means that only States are considered subjects of international law", "It means having rights and duties under international law and a capacity to enforce these by or against the relevant actor", "It means that an entity may challenge the authority of States", "It is a term that is meant to denote legal, as opposed, to physical persons under international law"], "probs": [[0.002091117980496164, 0.8370227793094942, 0.030492025975003736, 0.13039407663500588], [0.9754869219211778, 0.004808965250454272, 0.012869393436178638, 0.0068347192921892775], [0.009389390857553644, 0.512637589445547, 0.025527572082091696, 0.45244544751480764], [0.01114321055814808, 0.006106138767693921, 0.9497421368638191, 0.033008513710338895]], "ideal": "B", "sampled": "B", "correct": true}}
{"type": "result", "data": {"idx": 9, "options": ["The UN Human Rights Committee", "The UN Human Rights Council", "The UN Universal Periodic Review", "The UN special mandates"], "probs": [[0.9515105281147083, 0.012750147567482264, 0.022377166415492485, 0.013362157802316938], [0.007264306867225334, 0.014674090029216658, 0.026571011849597564, 0.9514905911539604], [0.017350476912089657, 0.027725960278430283, 0.9326447612335328, 0.02227880147594725], [0.003766003819921231, 0.9433498524391499, 0.033304952585724544, 0.019579191055204306]], "ideal": "A", "sampled": "A", "correct": true}}
{"type": "result", "data": {"idx": 10, "options": ["Third generation rights are of primary importance", "Civil and political rights are core rights", "All types of rights are indivisible, interrelated and interdependent", "Social and economic rights are non-enforceable"], "probs": [[0.005050557676785909, 0.0057231696138970506, 0.9776652186438848, 0.011561053965432215], [0.007396754832094928, 0.9687758714768049, 0.01693244470045478, 0.0068949288906454236], [0.9787996724839237, 0.004568330624249657, 0.005056860087363699, 0.011575136704462903], [0.0013787292887729678, 0.0015869704801233688, 0.00541054195907751, 0.9916237581720261]], "ideal": "C", "sampled": "C", "correct": true}}
{"type": "result", "data": {"idx": 11, "options": ["The principal source of immunity for IOs is the UN Charter", "The principal sources of immunity for IOs are headquarters agreements and multilateral treaties providing specific immunities", "The principal source of immunity for IOs is customary law", "The principal source of immunity for IOs is the Vienna Convention on Diplomatic Immunities"], "probs": [[0.0065812311729640935, 0.9175266240161349, 0.044982121437530144, 0.030910023273370828], [0.8011419860984412, 0.08184073346298425, 0.05713976557213869, 0.05987751476643579], [0.005246964653135092, 0.01339794857176152, 0.01219961397424117, 0.9691554727008622], [0.01369914458291444, 0.022762094453900438, 0.9235898565035919, 0.039948904359593126]], "ideal": "B", "sampled": "B", "correct": true}}
{"type": "result", "data": {"idx": 12, "options": ["Yes, the States that were the founding members of the United Nations are vested with more powers and authority", "Yes, the Permanent Five Members of the UN Security Council (UK, USA, France, Russia, China) are in a superior position than the other States", "No, all States are considered equal as sovereign States (the principle of sovereign equality, enshrined in article 2, para 1 UN Charter)", "Whether there will be any hierarchy among States is a matter of each international organization to decide"], "probs": [[0.021066246465065826, 0.007280371299099064, 0.9686654429512219, 0.0029879391846132173], [0.025088613569962576, 0.9562491666733599, 0.010059089286449219, 0.008603130370228255], [0.9483502717980105, 0.01241339800951997, 0.014741531910474504, 0.02449479818199509], [0.009591103785034848, 0.004975658507339666, 0.007017007283150463, 0.978416230324475]], "ideal": "C", "sampled": "C", "correct": true}}
{"type": "result", "data": {"idx": 13, "options": ["Recognition is determinate for the existence of statehood", "Recognition is simply declaratory of statehood but not determinate", "Recognition is merely a declaration of interest", "Recognition requires a declaration by the newly-created State"], "probs": [[0.012770961537034355, 0.9382630952692635, 0.03471823172125769, 0.014247711372444445], [0.4836528481665013, 0.030437433352096508, 0.14296123037827915, 0.3429484880031231], [0.4570699095306988, 0.10521515654088355, 0.08723421684048804, 0.35048071698792954], [0.021485309443685718, 0.032506572124011514, 0.9352884244385593, 0.010719693893743396]], "ideal": "B", "sampled": "B", "correct": true}}
{"type": "result", "data": {"idx": 14, "options": ["Standard-setting means putting forward binding legal standards", "Standard-setting means merely proposing binding legal standards", "Standard-setting means putting forward non-binding legal standards", "Standard-setting means setting certain standards of conduct in human rights treaties"], "probs": [[0.5008827912821434, 0.050370695613522094, 0.06468402425004349, 0.384062488754291], [0.008723506451244112, 0.0049318194823191, 0.061027949770522054, 0.9253167241959147], [0.0029189245292919556, 0.6814525936970995, 0.3024445270886906, 0.013183954584917846], [0.40749560568145116, 0.42039193446032597, 0.13650491425505434, 0.03560754550316857]], "ideal": "C", "sampled": "A", "correct": false}}
{"type": "result", "data": {"idx": 15, "options": ["The Kadi judgment demanded that UNSC resolutions are construed in accordance with human rights", "The Kadi judgment demanded that all UNSC resolutions be incorporated without any further implementing legislation", "The Kadi judgment required that important UNSC resolutions be transformed and not merely incorporated", "The Kadi judgment claimed that UNSC resolutions are not binding if they violate human rights"], "probs": [[0.03300177096606794, 0.0544070976734864, 0.8645740795099452, 0.048017051750500396], [0.06127554664288789, 0.6796455509214985, 0.03492080484951521, 0.22415809748609844], [0.968528703191311, 0.009873553334539981, 0.005942758266244821, 0.01565498510790412], [0.009700069600494136, 0.021351936214782808, 0.0320540158142661, 0.936893978270457]], "ideal": "A", "sampled": "C", "correct": false}}
{"type": "result", "data": {"idx": 16, "options": ["An agreement in 1689 which guaranteed freedom of speech in Parliament", "An agreement in 1215 between the King and his barons, which guaranteed certain protections for subjects", "A constitutional document in the 19th century guaranteeing the right to vote", "A document setting a complete Bill of Rights for England"], "probs": [[0.001648466380111217, 0.9905320880304253, 0.003833502943156322, 0.003985942546307229], [0.9347080113231657, 0.008278844985193476, 0.03248897609427309, 0.024524167497367674], [0.0005024764816181449, 0.0005605759941933607, 0.0010150972782261244, 0.9979218501459624], [0.0013411781252611356, 0.0013204233663831014, 0.9952448003780756, 0.0020935980302800887]], "ideal": "B", "sampled": "B", "correct": true}}
{"type": "result", "data": {"idx": 17, "options": ["Individuals enjoy international legal personality, but this is limited", "Individuals enjoy unlimited international legal personality", "Individuals do not enjoy any international legal personality", "Individuals can only bring claims before international courts"], "probs": [[0.8144977646830788, 0.03634966625154486, 0.12297064592806796, 0.026181923037308458], [0.020690825155482002, 0.023081079266066985, 0.03411271913658794, 0.922115376341863], [0.09593540673825539, 0.08734695156960925, 0.7785573790941293, 0.03816026249800611], [0.0221796611925033, 0.8998880335167488, 0.04411144529524715, 0.03382085989550068]], "ideal": "A", "sampled": "A", "correct": true}}
{"type": "result", "data": {"idx": 18, "options": ["Yes, all the political methods (e.g. negotiation, mediation, inquiry, conciliation) should be exhausted prior to resorting to legal methods", "Legal methods prevail over the political methods, since they are binding upon the parties", "There is no hierarchy among these methods and the choice belongs to the disputing States", "It is a matter of an impartial third party to decide which method will have priority over the other"], "probs": [[0.17330358205359764, 0.04052404495030914, 0.7183099709467503, 0.06786240194934293], [0.06059643625607109, 0.5748797058484263, 0.06155130266527736, 0.3029725551302252], [0.4756257846102862, 0.050125916289686344, 0.4067969079327941, 0.06745139106723334], [0.24097124816919288, 0.40985967556876696, 0.11561294415686975, 0.2335561320051704]], "ideal": "C", "sampled": "C", "correct": true}}
{"type": "result", "data": {"idx": 19, "options": ["In the 1990's it became apparent the European Court of Human Rights had to be reformed because it wasn't examining enough cases", "In the 1990's it became apparent the European Court of Human Rights had to be reformed because the workload had increased", "In the 1990's it became apparent the European Court of Human Rights had to be reformed because it was a part time court that could not process the growing number of complaints", "In the 1990's it became apparent the European Court of Human Rights had to be reformed because of the growth in the number of individuals who could access the Court after the increase in the number of member states"], "probs": [[0.392864264375625, 0.11981752736818534, 0.4452550791737555, 0.042063128982434125], [0.09972345454453534, 0.7032408975568842, 0.1130332020196982, 0.08400244577888226], [0.3148383772442932, 0.21979541910629374, 0.4043251245487341, 0.06104107900067897], [0.1358890841459126, 0.15887950477560656, 0.04623935405625954, 0.6589920569222213]], "ideal": "D", "sampled": "C", "correct": false}}
{"type": "result", "data": {"idx": 20, "options": ["The victim State may use the same means and intensity of force as the aggressor", "The victim State may use any means to defeat and incapacitate the aggressor", "The victim State may only use such means and force as it is necessary to defeat the aggressor", "The victim State can do nothing without Security Council approval"], "probs": [[0.0020173680379433887, 0.006165548978992341, 0.9894585320476242, 0.0023585508354399716], [0.0003964143629554486, 0.994941517744482, 0.0025850943834730294, 0.0020769734090894673], [0.712682427363712, 0.03547929903518963, 0.05082630056008903, 0.20101197294100934], [0.001958779960376963, 0.005001675725854281, 0.009491514267745308, 0.9835480299460234]], "ideal": "C", "sampled": "C", "correct": true}}
{"type": "result", "data": {"idx": 21, "options": ["Jurisdiction is ordinarily extra-territorial", "Jurisdiction is ordinarily on the high seas", "Jurisdiction is ordinarily territorial", "Jurisdiction is determined by the location of the offender."], "probs": [[0.003877144863416856, 0.010873464843934345, 0.978857837382133, 0.006391552810515814], [0.0016692119628730193, 0.9797154378878851, 0.01158796123846617, 0.007027388810775745], [0.9793022632906114, 0.007024192080476124, 0.01158095868085658, 0.0020925858480558526], [0.03146022566687563, 0.03401477271541209, 0.015094445127679577, 0.9194305563900327]], "ideal": "C", "sampled": "C", "correct": true}}
{"type": "result", "data": {"idx": 22, "options": ["Custom, treaties and judicial decisions", "Custom, general principles of law and theory", "Treaties, custom and general principles of law", "Treaties, custom and General Assembly Resolutions"], "probs": [[0.024658729261144995, 0.0072322993297603095, 0.9547022321970895, 0.013406739112005149], [0.0030380372057516045, 0.9619775599671855, 0.010521858481220154, 0.024462544245842804], [0.9696108977811659, 0.005544729690338726, 0.01164678703974917, 0.013197585388746175], [0.041919585452915985, 0.010434416152431455, 0.008254477583157796, 0.9393915207114948]], "ideal": "C", "sampled": "C", "correct": true}}
{"type": "result", "data": {"idx": 23, "options": ["The determination of baselines is used for the measuring of the internal waters of coastal States", "The determination of baselines is instrumental to the establishment of all maritime zones, since they constitute the starting point for measuring the breadth of each zone", "The determination of baselines is instrumental to the safe navigation of vessels on the high seas", "Baselines are drawn only in cases of maritime delimitation between opposing State before an international court or tribunal"], "probs": [[0.0006427997155842876, 0.9940146230537733, 0.0028589649656965573, 0.002483612164945882], [0.9946009719506157, 0.00121101297113323, 0.0020123040713878534, 0.0021757109068632355], [0.005409436589189699, 0.006177607256099982, 0.004591238534835792, 0.9838217175198746], [0.004580819110032853, 0.008491428752102166, 0.973878297828074, 0.01304945420979094]], "ideal": "B", "sampled": "B", "correct": true}}
{"type": "result", "data": {"idx": 24, "options": ["Conciliation is the continuation of mediation with the difference that conciliation produces a binding result, while mediation not", "Conciliation is conducted exclusively by representatives of the UN Secretary-General, while mediation may also be conducted by third States' officials", "Mediation is usually conducted by a person appointed with the consent of the parties, while conciliation involves a commission, which proceeds to an impartial examination of the dispute and proposes settlement terms", "Conciliation is a method of dispute settlement pursued only by virtue of a treaty, while mediation may also be on an ad hoc basis"], "probs": [[0.0032105422616850073, 0.00521127778332141, 0.97774089628922, 0.013837283565773587], [0.0033716146334104354, 0.9644884856899156, 0.020822240881185707, 0.01131765869548817], [0.9736977791791563, 0.0038576694077810726, 0.017294120805169746, 0.005150430507892831], [0.01747176985542059, 0.030188554951116105, 0.012985253729462834, 0.9393544213640005]], "ideal": "C", "sampled": "C", "correct": true}}
{"type": "result", "data": {"idx": 25, "options": ["The risk must emanate from a state agent", "If a real and imminent risk (of death/harm)", "A state should take reasonable steps to prevent death/harm occurring", "A state knows or ought to have known"], "probs": [[0.30141388019525417, 0.10580533268859914, 0.11088774601508092, 0.4818930410010658], [0.2841812126833112, 0.03999335765426317, 0.32203803063014713, 0.35378739893227845], [0.08937791401081398, 0.07888152900735755, 0.3704907755745461, 0.46124978130728234], [0.14649298349068962, 0.3860125128237082, 0.3982832610720492, 0.069211242513553]], "ideal": "A", "sampled": "A", "correct": true}}
{"type": "result", "data": {"idx": 26, "options": ["Only the principal organs of the UN may request an advisory opinion (Security Council, General Assembly, ECOSOC, Trusteeship Council, Secretariat)", "All international organizations may request an advisory opinion", "The General Assembly and the Security Council may request advisory opinions on any legal question, as well as 'other organs of the United Nations and specialized agencies, which may at any time be so authorized by the General Assembly, may also request advisory opinions of the Court on legal questions arising within the scope of their activities'", "The principal organs of the UN may request an advisory opinion as well as the State that have been authorized by the General Assembly"], "probs": [[0.0050878533543491575, 0.006042069224517273, 0.9398384588686222, 0.04903161845251141], [0.0020927508114474236, 0.9057188514582216, 0.0295780892529246, 0.06261030837740636], [0.9262085393017137, 0.014174096985866812, 0.03883221426847909, 0.020785149343940493], [0.0021931355675914293, 0.05926893733629662, 0.011224823453921371, 0.9273131035421905]], "ideal": "C", "sampled": "C", "correct": true}}
{"type": "result", "data": {"idx": 27, "options": ["Its aim is to establish certain offences as universal", "Its aim is to deter the commission of certain international crimes", "Its aim is to provide jurisdiction to all States in respect of particular crimes", "Its aim is to provide jurisdiction to all States in respect of all international crimes"], "probs": [[0.01633641390509515, 0.008541443805936157, 0.09699064970956198, 0.8781314924794067], [0.011519037527233445, 0.01742738209629686, 0.5421651323537372, 0.4288884479227325], [0.008133598080222456, 0.8231662924984404, 0.1430526447570721, 0.02564746456426495], [0.2914369051716934, 0.1535648972841102, 0.05920885764943933, 0.49578933979475703]], "ideal": "C", "sampled": "D", "correct": false}}
{"type": "result", "data": {"idx": 28, "options": ["The conduct of any State organ shall be considered an act of that State, even in the case that this conduct was unauthorized or ultra vires", "Only the conduct of the higher echelons of the government of State shall be attributable to it", "The conduct of any State organs shall be considered an act of that State, provided that it is intra vires", "Only the conduct of the executive branch of the State shall be considered an act of that State."], "probs": [[0.726684443585988, 0.010284623956088753, 0.22511633997741023, 0.03791459238051291], [0.010859772541666772, 0.01708311770483803, 0.02447176719869378, 0.9475853424548014], [0.08058809443173777, 0.026368154062852093, 0.866468126613791, 0.026575624791619103], [0.004959197889936185, 0.7475267316454562, 0.036643990677350226, 0.21087007968725732]], "ideal": "A", "sampled": "A", "correct": true}}
{"type": "result", "data": {"idx": 29, "options": ["Treaties are all agreements concluded between States, international organizations and non-State entities (e.g. corporations)", "Treaties are agreements concluded between States in written form and governed by international law", "Treaties are both the written and oral agreements between States", "Treaties are agreements concluded between States in written form governed either by international or domestic law"], "probs": [[0.006353626507522399, 0.9283495566073741, 0.009540039135912195, 0.055756777649191305], [0.8881757042936191, 0.01317380797544554, 0.08133356620800768, 0.017316921422927636], [0.0033941436998113695, 0.488230622171243, 0.012415945690581657, 0.49595928833836395], [0.029705561454582696, 0.010758605023092425, 0.9535007397006847, 0.0060350937216401696]], "ideal": "B", "sampled": "B", "correct": true}}
{"type": "result", "data": {"idx": 30, "options": ["Such conduct is a public act (jure imperii)", "Such conduct never attracts immunity", "Such conduct is a private act (jure gestionis)", "Such conduct is a public act but is shielded by immunity"], "probs": [[0.07347969655345436, 0.06484014491952647, 0.13098807534019524, 0.7306920830868239], [0.009470880312892834, 0.03574030207456283, 0.7235347247453614, 0.23125409276718298], [0.02216699982319851, 0.04306315045154575, 0.9207893154577327, 0.013980534167523068], [0.06047498830040663, 0.8748807997102391, 0.04390608265354158, 0.020738129235812693]], "ideal": "C", "sampled": "A", "correct": false}}
{"type": "result", "data": {"idx": 31, "options": ["The Court held that the right to a fair trial trumped the privilege of immunity", "The Court held that immunity trumped the right to a fair trial", "The Court held that immunities were not in conflict with the right to a fair trial", "The Court held that human rights considerations prevailed over all other contrary rules of international law, including most immunities"], "probs": [[0.021012766268586936, 0.7291840854287448, 0.17871874461305395, 0.07108440358961432], [0.030354740943184973, 0.31626216457589207, 0.5215253975147042, 0.13185769686621873], [0.049412485987223004, 0.5925690177939424, 0.23947449088834152, 0.11854400523049301], [0.1282140669790174, 0.2589740272638818, 0.5483422523937657, 0.06446965326333509]], "ideal": "C", "sampled": "B", "correct": false}}
{"type": "result", "data": {"idx": 32, "options": ["The Commission required a commitment to submit disputes to the ICJ", "The Commission required a change in boundaries", "The Commission required a commitment to human rights and democracy", "The Commission required an exchange of ethnic populations"], "probs": [[0.015619875643119901, 0.037469414837637986, 0.9366669485309222, 0.010243760888319806], [0.004959315392141605, 0.9674752715840959, 0.01664783700365977, 0.010917575920102727], [0.9424546394326796, 0.010388275919514623, 0.0343292595811573, 0.01282782496664843], [0.013822765101062652, 0.02792156676289021, 0.061948854527712933, 0.8963068135083342]], "ideal": "C", "sampled": "C", "correct": true}}
{"type": "result", "data": {"idx": 33, "options": ["Treaties are to be interpreted in good faith in accordance with the ordinary meaning to be given to the terms of the treaty in their context and in the light of its object and purpose", "Treaties are to be interpreted only in accordance with the ordinary meaning of their terms", "Treaties are to be interpreted in accordance with the intention of the parties, as evidenced in the preparatory works of the treaty", "Treaties are to be interpreted only in light of its object and purpose"], "probs": [[0.952299426573519, 0.0012536660587418255, 0.0032773141922210268, 0.0431695930755182], [0.00010624264137788584, 0.0004912502631339387, 0.0007668268751326408, 0.9986356801203555], [0.000459573378288625, 0.0010116749410213662, 0.9944961129257611, 0.004032638654928825], [0.00011357710320301882, 0.9950273124717065, 0.0028615685580710127, 0.001997541767019508]], "ideal": "A", "sampled": "A", "correct": true}}
{"type": "result", "data": {"idx": 34, "options": ["Port States generally do not enforce their criminal jurisdiction over crimes that do not infringe their customs laws or disrupt peace and public order.", "Port States enforce their jurisdiction in all cases of delinquent vessels", "Port States enforce their jurisdiction only in respect of very serious crimes, such as drug trafficking", "Port States are not entitled to enforce their jurisdiction over any foreign vessel"], "probs": [[0.9111005828513434, 0.015312804326791775, 0.04607479587851101, 0.027511816843353805], [0.04092026379532905, 0.030405017569451336, 0.03965853408600074, 0.8890161844492188], [0.029156820053053905, 0.019120473473293792, 0.9214047523334419, 0.030317954040210388], [0.0017966356894170959, 0.9601004159611876, 0.022582821632483346, 0.01552012661691202]], "ideal": "A", "sampled": "A", "correct": true}}
{"type": "result", "data": {"idx": 35, "options": ["GA Resolutions are considered as additional sources of international law and thus binding upon States", "GA Resolutions are equivalent to treaties", "GA Resolutions reflect always customary law", "GA Resolutions are considered as material source, in the sense that they may enunciate statements of customary law"], "probs": [[0.05893080373625024, 0.02201960120772756, 0.03925772551200549, 0.8797918694440167], [0.007440724617264044, 0.011614539983858446, 0.09352191052922558, 0.887422824769652], [0.03828814596830278, 0.0890203037096924, 0.8186941085034427, 0.05399744171856207], [0.14103536936878616, 0.632049529133841, 0.09847630999636749, 0.12843879140100534]], "ideal": "D", "sampled": "A", "correct": false}}
{"type": "result", "data": {"idx": 36, "options": ["Treaties may create only rights for third States", "Treaties create both obligations and rights for third States", "Treaties do no create obligations or rights for third States without their consent", "Treaties do not create any obligations or rights for third States, even when the latter consent."], "probs": [[0.02147845028369303, 0.9132920655805554, 0.03654655875071315, 0.028682925285038397], [0.7779399635916854, 0.06904286787649681, 0.12308765018114928, 0.029929518250668467], [0.703584041509605, 0.0840230838879025, 0.08018552064784892, 0.13220735385464363], [0.20400562454239468, 0.10582786604296165, 0.5996376588152007, 0.09052885049944294]], "ideal": "C", "sampled": "B", "correct": false}}
{"type": "result", "data": {"idx": 37, "options": ["Article 3", "Article 8", "Article 9", "Article 11"], "probs": [[0.2812966678521125, 0.10348339635055677, 0.11365490761390588, 0.5015650280834248], [0.06986365193335811, 0.024144287205624827, 0.013973539147163703, 0.8920185216138533], [0.17457771039382694, 0.0877852575723175, 0.4672287036424246, 0.27040832829143097], [0.2862143814277537, 0.37329226728521103, 0.04973775147894346, 0.2907555997080918]], "ideal": "A", "sampled": "A", "correct": true}}
{"type": "result", "data": {"idx": 38, "options": ["Dualism suggests that international and domestic law are part of a unified legal system", "Under dualism, international and domestic laws comprise distinct legal Systems", "Dualism suggests that international and domestic law are distinct but equal in hierarchy", "Dualism suggests that international and domestic law are distinct legal systems whereby domestic law always prevails"], "probs": [[0.0003583435658194261, 0.9800741009781072, 0.005143414835026632, 0.014424140521046735], [0.9225901046442835, 0.011982502001673742, 0.05286994393741266, 0.012557449316630167], [0.03513007155176184, 0.03739302540688561, 0.007027093433908411, 0.9204498095074441], [0.1326790670811137, 0.008415795360212641, 0.8385587430020802, 0.020346394456593392]], "ideal": "B", "sampled": "B", "correct": true}}
{"type": "result", "data": {"idx": 39, "options": ["An act is jure imperii when undertaken by an international organisation", "An act is jure imperii when undertaken in an official State capacity", "All acts undertaken by State officials are acts jure imperii", "An act is jure imperii when undertaken by a State corporation"], "probs": [[0.19867375111122862, 0.6826616310387827, 0.0854614722714871, 0.03320314547850151], [0.9609410547038861, 0.014591402046605582, 0.007933438577452328, 0.016534104572056004], [0.3106830513280137, 0.026311390246616228, 0.015468488368713201, 0.6475370699566568], [0.07264407249830182, 0.028006713871399715, 0.7223430996373501, 0.17700611389294837]], "ideal": "B", "sampled": "B", "correct": true}}
{"type": "result", "data": {"idx": 40, "options": ["There is no hierarchy between the formal sources of international law", "Treaties supersede custom", "Custom supersedes treaties", "General Principles of Law supersede both custom and treaties"], "probs": [[0.55393067318209, 0.15143226988185696, 0.2069931451467197, 0.08764391168933329], [0.1714685333437278, 0.2201591929502034, 0.16361504060114734, 0.4447572330049215], [0.06525964937064649, 0.031311094291192006, 0.14478248140582292, 0.7586467748323386], [0.060700181639456785, 0.5243585685698904, 0.19290591702578888, 0.22203533266486394]], "ideal": "A", "sampled": "A", "correct": true}}
{"type": "result", "data": {"idx": 41, "options": ["Resolution 678 allowed the allies to attack Iraq with nuclear and chemical weapons", "Resolution 678 is narrower than the inherent right of self-defence under Article 51 UN Charter", "Resolution 678 was faster to adopt and negotiate.", "Resolution 678 is broader because it authorised the use of force with respect to any matter threatening the peace and security of the Gulf region."], "probs": [[0.0010974945138501713, 0.02203948444085032, 0.18746011136224286, 0.7894029095830567], [0.12353513480631317, 0.2380972075082475, 0.6275718258257859, 0.010795831759653483], [0.02981638171575038, 0.9275426310837991, 0.025913201587994292, 0.016727785512456295], [0.9468280102487832, 0.014376638495909269, 0.014718991743937633, 0.024076359411369916]], "ideal": "D", "sampled": "D", "correct": true}}
{"type": "result", "data": {"idx": 42, "options": ["Treaties may only codify customary law", "Customary law is a different source of international and it cannot be embodied in treaties", "Treaties may 1) codify customary law, 2) 'crystallise' customary law, 3) lead to the emergence of customary law", "Customary law can emerge only from few multilateral treaties"], "probs": [[0.0010411092696048217, 0.0018705483468368555, 0.991923927333814, 0.005164414949744359], [0.0013079297800746726, 0.9553716405305361, 0.012605620841833488, 0.03071480874755568], [0.8858859439140627, 0.01334635525793832, 0.049202206921102914, 0.051565493806896054], [0.0004161369462311713, 0.0008809748542128926, 0.0019241592384550965, 0.9967787288611009]], "ideal": "C", "sampled": "C", "correct": true}}
{"type": "result", "data": {"idx": 43, "options": ["Sovereignty means being recognised by all other States", "Sovereignty means to be able to enter into treaties and join the UN", "Sovereignty means freedom to determine one's own affairs without external interference", "Sovereignty means possessing the right to defend oneself"], "probs": [[0.0014012458687448202, 0.0016902592298330122, 0.9921681949308884, 0.004740299870533796], [0.000577016924241876, 0.995418595035733, 0.0023733650462074915, 0.001631022893817584], [0.9922528695618695, 0.0016130768849961033, 0.0032584864933276427, 0.0028755669598066846], [0.0008453668674147213, 0.0021586758373947942, 0.0023894489597440184, 0.9946065082354465]], "ideal": "C", "sampled": "C", "correct": true}}
{"type": "result", "data": {"idx": 44, "options": ["Recognition is a function as opposed to a power", "Recognition is reciprocal between two States", "Recognition is only afforded to particular administrative acts not to the entity's declared statehood", "Recognition is only afforded to the government, not the State"], "probs": [[0.12771847081585247, 0.3261181815466096, 0.405896550024895, 0.14026679751264298], [0.10279036904155935, 0.42602490739697346, 0.14956545605407398, 0.32161926740739316], [0.6654776333034017, 0.08866047160875558, 0.14848728313933637, 0.09737461184850635], [0.8485439098233308, 0.04567749304371534, 0.04712887343763398, 0.05864972359531987]], "ideal": "C", "sampled": "C", "correct": true}}
{"type": "result", "data": {"idx": 45, "options": ["The act of State doctrine denotes that all State acts attract immunity", "The act of State doctrine denotes that the assessment as to the existence of an alleged tort committed by a State belongs to the executive and not the courts", "The act of State doctrine denotes that the courts are well placed to assess the existence of an alleged tort committed by the State", "The act of State doctrine is a legal mechanism that allows the courts to provide immunity to public acts of foreign States"], "probs": [[0.2545040420228279, 0.2625640508499174, 0.11835792708123304, 0.36457397994602164], [0.8264650870985266, 0.017696930456377824, 0.031060036905096625, 0.12477794543999887], [0.000907108786737305, 0.8709561429003296, 0.07976057017975767, 0.04837617803317539], [0.19271761177043162, 0.10980001090859091, 0.5077530145137389, 0.1897293627072386]], "ideal": "B", "sampled": "B", "correct": true}}
{"type": "result", "data": {"idx": 46, "options": ["The structure of the international society follows the vertical model of the domestic legal orders", "International society consists of a constellation of sovereign States and other international organizations, which are dispersed in a rather horizontal order of authority", "International society is so anarchical that there is no order of authority, neither vertical nor horizontal", "The structure of the international society resembles the structure of the most powerful nations in the world"], "probs": [[0.001468064939561617, 0.9764120608060987, 0.015061144750303743, 0.0070587294040360135], [0.8097524611968954, 0.05774810515605558, 0.037286326146545916, 0.09521310740050314], [0.0020881937756307427, 0.0016010792413957862, 0.003664929641980391, 0.9926457972409931], [0.001558940095928163, 0.0037396967292562546, 0.9817506135680394, 0.012950749506776237]], "ideal": "B", "sampled": "B", "correct": true}}
{"type": "result", "data": {"idx": 47, "options": ["There are no limitations to the incorporation of customary crimes", "Customary crimes must be contained in a multilateral treaty in order to be automatically incorporated", "The courts may freely incorporate customary crimes into the domestic sphere", "The situation is not clear-cut but an act of parliament would most probably be required"], "probs": [[0.09335579310180092, 0.05841449204564542, 0.07860533309972018, 0.7696243816528334], [0.0664284452729554, 0.049364067609142116, 0.7368330954768538, 0.1473743915410487], [0.03947415320103466, 0.7162734482845674, 0.15735394229966254, 0.0868984561147354], [0.8739265824959632, 0.03085342220677769, 0.06531642695966812, 0.02990356823759093]], "ideal": "D", "sampled": "D", "correct": true}}
{"type": "result", "data": {"idx": 48, "options": ["The contiguous zone functions as security zone of the coastal State", "The contiguous zone is a zone, in which the coastal State may explore and exploit its mineral resources", "The contiguous zone is a zone in which the coastal State is permitted to prevent and punish infringements of customs, fiscal, immigration or sanitary laws", "The contiguous zone is a zone in which the coastal State safeguards its archaeological and historical objects"], "probs": [[0.013590280744673113, 0.008843216945353768, 0.9677778969358195, 0.009788605274153588], [0.000764391269040471, 0.9875566680917001, 0.005023901653137439, 0.006655038886121994], [0.9727039290473987, 0.003647970008871034, 0.01838171585902154, 0.005266384984708777], [0.0002642183404999431, 0.023968105494510963, 0.0032438499723912743, 0.9725238260925978]], "ideal": "C", "sampled": "C", "correct": true}}
