{"type": "result", "data": {"idx": 0, "options": ["True, True", "False, False", "True, False", "False, True"], "probs": [[0.30497205708809827, 0.17374436814454777, 0.30497798775034124, 0.2163055869170127], [0.3040749313571917, 0.2057330134742171, 0.2259678081028877, 0.2642242469657035], [0.30562382457971615, 0.08755654813309659, 0.4961224902472537, 0.11069713693993356], [0.24311457753070853, 0.2145288751397246, 0.42009881447598596, 0.12225773275358094]], "ideal": "D", "sampled": "A", "correct": false}}
{"type": "result", "data": {"idx": 1, "options": ["True, True", "False, False", "True, False", "False, True"], "probs": [[0.40599755613927135, 0.13596054302462868, 0.2662502705970766, 0.19179163013902334], [0.29777539217139865, 0.1922360389075572, 0.24303208651246316, 0.266956482308581], [0.2560279128301694, 0.06273729493744551, 0.542035293719402, 0.13919949841298304], [0.32624412551967596, 0.18014012812184327, 0.31622181281926476, 0.17739393343921597]], "ideal": "C", "sampled": "A", "correct": false}}
{"type": "result", "data": {"idx": 2, "options": ["True, True", "False, False", "True, False", "False, True"], "probs": [[0.30913164747944183, 0.16034890470765548, 0.28590988683955976, 0.24460956087334293], [0.2526222169146639, 0.19671905038773776, 0.19983866808800257, 0.35082006450959574], [0.27128940817981073, 0.11486014722629169, 0.4836769103520229, 0.1301735341418746], [0.2971760332287205, 0.2663461863728252, 0.274874627562692, 0.16160315273576228]], "ideal": "B", "sampled": "A", "correct": false}}
{"type": "result", "data": {"idx": 3, "options": ["12", "24", "48", "72"], "probs": [[0.17319393872105926, 0.2599861803397048, 0.2900455166089086, 0.2767743642303274], [0.27330390837904234, 0.2864135631519347, 0.3245583321377176, 0.11572419623130525], [0.3083000320618023, 0.30351133508231004, 0.2555892581500492, 0.13259937460583843], [0.35847858434438634, 0.31143883991471843, 0.19187696622616754, 0.13820560941472768]], "ideal": "D", "sampled": "D", "correct": true}}
{"type": "result", "data": {"idx": 4, "options": ["convolutional networks", "graph networks", "fully connected networks", "RBF networks"], "probs": [[0.9781324826017431, 0.0031131901659192172, 0.015086102241683502, 0.0036682248906541874], [0.003055174044243124, 0.003252233062532107, 0.0032777489739438787, 0.9904148438192809], [0.018533783506312403, 0.006557011678455181, 0.9655897863675279, 0.00931941834770454], [0.0010699796457015465, 0.9880640094901394, 0.00461172181397278, 0.006254288950186237]], "ideal": "A", "sampled": "A", "correct": true}}
{"type": "result", "data": {"idx": 5, "options": ["True, True", "False, False", "True, False", "False, True"], "probs": [[0.2978924512565267, 0.13012778757701407, 0.317126423088786, 0.25485333797767323], [0.2908832002490508, 0.2030540762763485, 0.24115820638696842, 0.2649045169876323], [0.34608963787964075, 0.07030836020619494, 0.38013032506201455, 0.20347167675214975], [0.34473252806691923, 0.17332460242750408, 0.3139047669142215, 0.1680381024913552]], "ideal": "B", "sampled": "A", "correct": false}}
{"type": "result", "data": {"idx": 6, "options": ["O(D)", "O(N)", "O(ND)", "O(ND^2)"], "probs": [[0.09369212388055388, 0.4400275051153753, 0.419899970251055, 0.04638040065301577], [0.0728070570573332, 0.680024787417043, 0.09060811047970911, 0.1565600449459147], [0.10948960492852339, 0.13001298031313846, 0.6011966659215159, 0.15930074873682232], [0.013488791264380733, 0.5871068971367853, 0.15078859380774576, 0.24861571769108812]], "ideal": "A", "sampled": "C", "correct": false}}
{"type": "result", "data": {"idx": 7, "options": ["True, True", "False, False", "True, False", "False, True"], "probs": [[0.40280113220360847, 0.12093314707460372, 0.2768428664652259, 0.19942285415656194], [0.17951750218511037, 0.1292958220920066, 0.27373316065515113, 0.4174535149677319], [0.09265464770679588, 0.031035522124298158, 0.8388731606095443, 0.03743666945936168], [0.37460424655049596, 0.2101197046549671, 0.30101903597192975, 0.11425701272260719]], "ideal": "B", "sampled": "A", "correct": false}}
{"type": "result", "data": {"idx": 8, "options": ["2", "4", "8", "16"], "probs": [[0.1412613754571454, 0.5087079698108768, 0.2329158941920601, 0.11711476043991766], [0.4714973463056954, 0.30441340120638927, 0.10854479426822627, 0.11554445811968904], [0.37694177417637453, 0.23959120267539244, 0.2081695533934283, 0.17529746965480472], [0.2843352087005598, 0.3376489134234312, 0.23943952793943482, 0.1385763498365742]], "ideal": "C", "sampled": "B", "correct": false}}
{"type": "result", "data": {"idx": 9, "options": ["Lower variance", "Higher variance", "Same variance", "None of the above"], "probs": [[0.6947422986055537, 0.15024506540507562, 0.11520081371106311, 0.03981182217830759], [0.3840949236962554, 0.2024008333480613, 0.2558668553573326, 0.15763738749835063], [0.21174551316441673, 0.08422513807319591, 0.5755983933587491, 0.1284309553036382], [0.1962848173886698, 0.49345582390036086, 0.21897614021804698, 0.09128321839292237]], "ideal": "A", "sampled": "A", "correct": true}}
{"type": "result", "data": {"idx": 10, "options": ["True, True", "False, False", "True, False", "False, True"], "probs": [[0.32806458821544204, 0.10322011184241243, 0.2555232028741183, 0.3131920969680273], [0.10397713871861279, 0.05832682639429554, 0.13775324152972576, 0.6999427932573659], [0.17161293645746253, 0.060241957379850296, 0.6895673998792714, 0.07857770618341575], [0.31988901970233297, 0.2530371395670375, 0.25308896580257545, 0.17398487482805414]], "ideal": "A", "sampled": "A", "correct": true}}
{"type": "result", "data": {"idx": 11, "options": ["good fitting", "overfitting", "underfitting", "all of the above"], "probs": [[0.014161699257357566, 0.6212860669245102, 0.17800305220210738, 0.18654918151602484], [0.5426708247042787, 0.10196424620836352, 0.34494842726283476, 0.010416501724522994], [0.4386940896072384, 0.4743366837027189, 0.04144764318647756, 0.04552158340356514], [0.16367972714874618, 0.025496597285766195, 0.5451413169086426, 0.265682358556845]], "ideal": "C", "sampled": "B", "correct": false}}
{"type": "result", "data": {"idx": 12, "options": ["True, True", "False, False", "True, False", "False, True"], "probs": [[0.5599126815235985, 0.10037593542525751, 0.1817676126775172, 0.15794377027362672], [0.17834835388645465, 0.1367368264939932, 0.263592095776913, 0.4213227237426391], [0.1044912491056559, 0.051726602205403434, 0.796681049374101, 0.04710109921483971], [0.3087157789787471, 0.3390224151338461, 0.22943470515122305, 0.12282710063618377]], "ideal": "A", "sampled": "A", "correct": true}}
{"type": "result", "data": {"idx": 13, "options": ["True, True", "False, False", "True, False", "False, True"], "probs": [[0.21744824263693893, 0.12196838563833308, 0.30192912746662803, 0.35865424415809993], [0.28773880859533896, 0.1424346906529891, 0.21720404077992514, 0.35262245987174673], [0.2885625638631315, 0.08663771236091447, 0.32702004662596257, 0.2977796770499914], [0.27889780525173435, 0.19468668430964264, 0.28778306911791035, 0.23863244122071267]], "ideal": "B", "sampled": "A", "correct": false}}
{"type": "result", "data": {"idx": 14, "options": ["pure", "not pure", "useful", "useless"], "probs": [[0.36759018483520306, 0.5518127617603135, 0.039354364875258854, 0.04124268842922462], [0.7077659657836954, 0.03692847268738563, 0.06481167193944981, 0.19049388948946913], [0.6153418742055754, 0.2409681058193931, 0.07465012015066225, 0.0690398997243692], [0.05423816333346211, 0.26696950393457936, 0.4200206429837884, 0.25877168964817016]], "ideal": "B", "sampled": "B", "correct": true}}
{"type": "result", "data": {"idx": 15, "options": ["True, True", "False, False", "True, False", "False, True"], "probs": [[0.2677775421636591, 0.16754547001642392, 0.37177834121306735, 0.19289864650684962], [0.30455616567302235, 0.18761448839836461, 0.3142257677334105, 0.19360357809520254], [0.30304978649490516, 0.10804491226985544, 0.43411754517911855, 0.15478775595612085], [0.26401466521982686, 0.17044410361797024, 0.42856532969607825, 0.1369759013661246]], "ideal": "B", "sampled": "A", "correct": false}}
{"type": "result", "data": {"idx": 16, "options": ["This feature has a strong effect on the model (should be retained)", "This feature does not have a strong effect on the model (should be ignored)", "It is not possible to comment on the importance of this feature without additional information", "Nothing can be determined."], "probs": [[0.5088634934851243, 0.2023956715144277, 0.2639930169320455, 0.02474781796840257], [0.009692794508495826, 0.018250033114605126, 0.02100586287589063, 0.9510513094010085], [0.04827808485506221, 0.05644062476267779, 0.7914643133085928, 0.10381697697366714], [0.005549739450344039, 0.8836299118968334, 0.08614028020749705, 0.024680068345325476]], "ideal": "C", "sampled": "A", "correct": false}}
{"type": "result", "data": {"idx": 17, "options": ["The number of hidden nodes", "The learning rate", "The initial choice of weights", "The use of a constant-term unit input"], "probs": [[0.6214664166981316, 0.13866508418917065, 0.15961225804915094, 0.0802562409635468], [0.15899096072385593, 0.07510012964674558, 0.09643515727967171, 0.6694737522497268], [0.02270044809428352, 0.03801604072405308, 0.740089850204708, 0.19919366087695548], [0.007660409659889446, 0.8649105823421696, 0.0911664878621034, 0.036262520035837645]], "ideal": "A", "sampled": "A", "correct": true}}
{"type": "result", "data": {"idx": 18, "options": ["The polynomial degree", "Whether we learn the weights by matrix inversion or gradient descent", "The assumed variance of the Gaussian noise", "The use of a constant-term unit input"], "probs": [[0.839644409914292, 0.02941217404662282, 0.05284571138296265, 0.07809770455612255], [0.03159220592864339, 0.030382006230456678, 0.11026936290335222, 0.8277564248375477], [0.04439991430941822, 0.09181642695015692, 0.8312994906514646, 0.032484167988960276], [0.02359104890818786, 0.9133447492211222, 0.020341865369272454, 0.04272233640141751]], "ideal": "A", "sampled": "A", "correct": true}}
{"type": "result", "data": {"idx": 19, "options": ["True, True", "False, False", "True, False", "False, True"], "probs": [[0.23437405771096176, 0.13563115691331978, 0.38045924331229236, 0.24953554196342606], [0.25277222297255036, 0.20954181180722609, 0.31459144391017546, 0.22309452121004808], [0.22838749968835811, 0.08943239398675022, 0.5479134794243097, 0.134266626800582], [0.26732619797518264, 0.15713937110702267, 0.3829623644278236, 0.19257206638997104]], "ideal": "A", "sampled": "A", "correct": true}}
{"type": "result", "data": {"idx": 20, "options": ["Requires the dimension of the feature space to be no bigger than the number of samples", "Has the smallest value of the objective function when K = 1", "Minimizes the within class variance for a given number of clusters", "Converges to the global optimum if and only if the initial means are chosen as some of the samples themselves"], "probs": [[0.09278998473040588, 0.062298035493019537, 0.42242854190172274, 0.4224834377748518], [0.14866853201895008, 0.410507750783274, 0.37380571283553327, 0.0670180042622426], [0.11409742534001643, 0.6774635556985613, 0.09609425310828144, 0.11234476575314085], [0.1488790770400872, 0.10232241644818763, 0.09172300576774639, 0.6570755006439788]], "ideal": "C", "sampled": "D", "correct": false}}
{"type": "result", "data": {"idx": 21, "options": ["True, True", "False, False", "True, False", "False, True"], "probs": [[0.3208685112196316, 0.1491961269942413, 0.3259398535128246, 0.20399550817330245], [0.24705750869638496, 0.18647527414967582, 0.25892251341551376, 0.30754470363842545], [0.23258135136420438, 0.10647781319787222, 0.5493417235865132, 0.11159911175141016], [0.2918676348672217, 0.20694378889685341, 0.35210003396029815, 0.14908854217562675]], "ideal": "A", "sampled": "A", "correct": true}}
{"type": "result", "data": {"idx": 22, "options": ["0", "1", "2", "3"], "probs": [[0.21959249345859655, 0.2909087495079487, 0.2864062743138028, 0.20309248261965196], [0.4261279022749199, 0.1259614116458031, 0.20128829465686393, 0.24662239132241304], [0.2328819701701566, 0.23287916875176895, 0.30852148853201455, 0.2257173724460599], [0.3137925705205185, 0.4356521562342771, 0.17602329741252393, 0.07453197573268043]], "ideal": "B", "sampled": "A", "correct": false}}
{"type": "result", "data": {"idx": 23, "options": ["True, True", "False, False", "True, False", "False, True"], "probs": [[0.4432240592029312, 0.11381701784733163, 0.2335614343182702, 0.20939748853146703], [0.1270545758792237, 0.12313874431626676, 0.2229866004657263, 0.5268200792387833], [0.12443807256325676, 0.05877918530490363, 0.7389072499837451, 0.07787549204809452], [0.29035532471614267, 0.29489773508937617, 0.28587791320803024, 0.12886902688645085]], "ideal": "C", "sampled": "A", "correct": false}}
{"type": "result", "data": {"idx": 24, "options": ["Decision Trees", "Density-based clustering", "Model-based clustering", "K-means clustering"], "probs": [[0.008162753264120791, 0.7882876916637499, 0.0330471939805917, 0.17050236099153765], [0.7938643786422738, 0.035987497818643244, 0.1358087125703927, 0.03433941086869025], [0.010591682045592672, 0.013600184580813806, 0.007278968579339261, 0.9685291646942542], [0.07687723076953866, 0.013783580024627111, 0.8136613565197485, 0.09567783258608573]], "ideal": "B", "sampled": "B", "correct": true}}
{"type": "result", "data": {"idx": 25, "options": ["True, True", "False, False", "True, False", "False, True"], "probs": [[0.5158518148387627, 0.09392597875274152, 0.16485733406300837, 0.22536487224548732], [0.07431041861429893, 0.07201762174761046, 0.09103914687442193, 0.7626328126636687], [0.07693331258073924, 0.047395033836637145, 0.8271509151028708, 0.048520738379752834], [0.3089537666273179, 0.3611570054103929, 0.18162848324193948, 0.14826074462034977]], "ideal": "A", "sampled": "A", "correct": true}}
{"type": "result", "data": {"idx": 26, "options": ["they are biased", "they have high variance", "they are not consistent estimators", "None of the above"], "probs": [[0.13493022321305423, 0.26834666726289924, 0.21228671071790706, 0.3844363987061395], [0.7092548649259244, 0.11760592284470298, 0.13120344743581727, 0.04193576469355537], [0.19058229099100268, 0.08457146532201036, 0.44314239076240763, 0.28170385282457927], [0.02674115468846441, 0.16509772958518434, 0.44183662858535644, 0.3663244870409948]], "ideal": "B", "sampled": "B", "correct": true}}
{"type": "result", "data": {"idx": 27, "options": ["linear in D", "linear in N", "polynomial in D", "dependent on the number of iterations"], "probs": [[0.10276469071891, 0.18034172459397219, 0.5218850490350315, 0.19500853555208628], [0.25881694105701314, 0.03907399749269023, 0.06147420761469113, 0.6406348537356056], [0.21212349762219493, 0.14352215297351073, 0.5502260695744278, 0.0941282797298666], [0.08292480430107597, 0.30331044665749, 0.3775215131800482, 0.2362432357613858]], "ideal": "C", "sampled": "A", "correct": false}}
{"type": "result", "data": {"idx": 28, "options": ["Increase bias", "Decrease bias", "Increase variance", "Decrease variance"], "probs": [[0.0017373125025682572, 0.8258101170238906, 0.055326345411137096, 0.11712622496240403], [0.07837940488935029, 0.02176495195750588, 0.8295969684100075, 0.07025867464313633], [0.0037447297436544865, 0.8675189553023649, 0.038716939138333774, 0.09001937571564686], [0.4904514136173084, 0.006623545037944246, 0.4607345948012516, 0.04219044644349576]], "ideal": "D", "sampled": "D", "correct": true}}
{"type": "result", "data": {"idx": 29, "options": ["Best-subset selection", "Forward stepwise selection", "Forward stage wise selection", "All of the above"], "probs": [[0.0016958484056674476, 0.002030031086600008, 0.008153675246486585, 0.988120445161246], [0.04451546362127263, 0.0301242520979423, 0.8942802380941554, 0.031080046086629745], [0.01768810933118459, 0.9143534080436192, 0.030802845351414535, 0.03715563717378162], [0.8441083054471734, 0.023392357539827262, 0.05148971587064059, 0.08100962104235873]], "ideal": "C", "sampled": "D", "correct": false}}
{"type": "result", "data": {"idx": 30, "options": ["Optimize a convex objective function", "Can only be trained with stochastic gradient descent", "Can use a mix of different activation functions", "None of the above"], "probs": [[0.04104538118309868, 0.017516606533076205, 0.3658418263413269, 0.5755961858424982], [0.03928787882193668, 0.6856070594374682, 0.14827168925344414, 0.12683337238715095], [0.7831026852606735, 0.016900285950846094, 0.10934432513406932, 0.09065270355441106], [0.02075572585615269, 0.012491293588283272, 0.019805331703090578, 0.9469476487524735]], "ideal": "C", "sampled": "C", "correct": true}}
{"type": "result", "data": {"idx": 31, "options": ["0.0368", "0.473", "0.078", "None of the above"], "probs": [[0.4701949357516255, 0.22210137543841454, 0.25967001912381327, 0.048033669586146646], [0.3151986692589831, 0.34080598770566084, 0.2166379754516798, 0.1273573674836763], [0.3898346212824553, 0.3083815345243035, 0.2637830733344613, 0.0380007707587799], [0.04670875129117601, 0.7081751796335537, 0.13306412049891042, 0.11205194847635992]], "ideal": "C", "sampled": "A", "correct": false}}
{"type": "result", "data": {"idx": 32, "options": ["True, True", "False, False", "True, False", "False, True"], "probs": [[0.2504653446333884, 0.1542767206101839, 0.30688463030151164, 0.2883733043549161], [0.20255745643501286, 0.17324009277816582, 0.2901619033201166, 0.3340405473667047], [0.27848789093093723, 0.11076083778227414, 0.452067553951833, 0.1586837172349556], [0.30079750120008564, 0.20348968216201319, 0.3103593978082539, 0.18535341872964728]], "ideal": "B", "sampled": "A", "correct": false}}
{"type": "result", "data": {"idx": 33, "options": ["It can not be applied to non-differentiable functions.", "It can not be applied to non-continuous functions.", "It is hard to implement.", "It runs reasonably slow for multiple linear regression."], "probs": [[0.23786730070907763, 0.14203713841418678, 0.45141820366744934, 0.16867735710928627], [0.31349523451045846, 0.06571162942683888, 0.25991048244423154, 0.3608826535184711], [0.1534438855279441, 0.4440124266297796, 0.2339998895589972, 0.16854379818327908], [0.5050062687191889, 0.12570488826284087, 0.2312240520253239, 0.1380647908926464]], "ideal": "D", "sampled": "D", "correct": true}}
{"type": "result", "data": {"idx": 34, "options": ["Supervised learning", "Unsupervised learning", "Clustering", "None of the above"], "probs": [[0.5748924505342007, 0.28906645829568856, 0.04364442371057835, 0.09239666735953245], [0.00508904751604912, 0.002366657937346633, 0.0074044794600159666, 0.9851398149865883], [0.0019770331344394643, 0.010040133103963915, 0.08406157695509944, 0.9039212567064971], [0.14574640689224902, 0.10334926630856385, 0.7287265508340387, 0.02217777586514839]], "ideal": "A", "sampled": "B", "correct": false}}
{"type": "result", "data": {"idx": 35, "options": ["It relates inputs to outputs.", "It is used for prediction.", "It may be used for interpretation.", "It discovers causal relationships"], "probs": [[0.014061662431039368, 0.008012839228022293, 0.021779965286086087, 0.9561455329548523], [0.0042280705196378315, 0.009454876500517451, 0.9495024998487327, 0.03681455303111204], [0.015029408953484912, 0.9445146312509374, 0.01991196719738655, 0.02054399249819118], [0.9475578968871033, 0.010526414096880678, 0.011928026765005633, 0.02998766215101037]], "ideal": "D", "sampled": "D", "correct": true}}
{"type": "result", "data": {"idx": 36, "options": ["To save computing time during testing", "To save space for storing the Decision Tree", "To make the training set error smaller", "To avoid overfitting the training set"], "probs": [[0.0016828521024743563, 0.003675625783676487, 0.006760424231350921, 0.9878810977824982], [0.02378151632216256, 0.028241128168950518, 0.9352480297872656, 0.012729325621621325], [0.003779073656215289, 0.9615188700077962, 0.01137093367912362, 0.023331122556864814], [0.9410793456053516, 0.012222478675149298, 0.030250974816703944, 0.016447200802795183]], "ideal": "D", "sampled": "D", "correct": true}}
{"type": "result", "data": {"idx": 37, "options": ["True, True", "False, False", "True, False", "False, True"], "probs": [[0.3538946316452968, 0.15458508295018616, 0.26298774069861475, 0.22853254460590233], [0.271801811659059, 0.15729673908404435, 0.2218386033777457, 0.349062845779151], [0.1878959727374168, 0.06595456001891534, 0.587920142381411, 0.15822932476225687], [0.2835035194771218, 0.21066289903577956, 0.36979430134140784, 0.13603928004569077]], "ideal": "B", "sampled": "A", "correct": false}}
{"type": "result", "data": {"idx": 38, "options": ["Increase the amount of training data.", "Improve the optimisation algorithm being used for error minimisation.", "Decrease the model complexity.", "Reduce the noise in the training data."], "probs": [[0.793329883138787, 0.021141482487458393, 0.02181273503567587, 0.16371589923807867], [0.24250950594886514, 0.021524207726132866, 0.5380334738580906, 0.19793281236691132], [0.02201735355212523, 0.921692543705899, 0.033573364911548526, 0.022716737730427223], [0.9317953845987197, 0.030424016443503777, 0.013713337862796781, 0.024067260994979765]], "ideal": "B", "sampled": "D", "correct": false}}
{"type": "result", "data": {"idx": 39, "options": ["True, True", "False, False", "True, False", "False, True"], "probs": [[0.4900362339136584, 0.12006838976340017, 0.19188498530510445, 0.19801039091783698], [0.12948554752962346, 0.12746714054263505, 0.17153210936261515, 0.5715152024651263], [0.09339319809270427, 0.04623214475833822, 0.8195721414658552, 0.040802515583102286], [0.3542430294921496, 0.3432963089809352, 0.18378061996706468, 0.1186800414598505]], "ideal": "A", "sampled": "A", "correct": true}}
{"type": "result", "data": {"idx": 40, "options": ["For two dimensional data points, the separating hyperplane learnt by a linear SVM will be a straight line.", "In theory, a Gaussian kernel SVM cannot model any complex separating hyperplane.", "For every kernel function used in a SVM, one can obtain an equivalent closed form basis expansion.", "Overfitting in an SVM is not a function of number of support vectors."], "probs": [[0.3559949258803686, 0.36728961913889674, 0.13943480577124187, 0.13728064910949278], [0.4663408398161894, 0.24192839858496853, 0.1090634316096915, 0.18266732988915058], [0.49126844077169946, 0.21128446491287683, 0.14523424639543656, 0.15221284781998712], [0.2960664839428688, 0.31514700304852544, 0.2200580322505109, 0.1687284806580949]], "ideal": "A", "sampled": "B", "correct": false}}
{"type": "result", "data": {"idx": 41, "options": ["P(H, U, P, W) = P(H) * P(W) * P(P) * P(U)", "P(H, U, P, W) = P(H) * P(W) * P(P | W) * P(W | H, P)", "P(H, U, P, W) = P(H) * P(W) * P(P | W) * P(U | H, P)", "None of the above"], "probs": [[0.04981660151647248, 0.5974801098033936, 0.2867028064521716, 0.06600048212796226], [0.5444805317304143, 0.2695299236097038, 0.14654730930125903, 0.039442235258622844], [0.616050075976973, 0.17106421608749445, 0.052173373324671195, 0.16071233451086128], [0.0396565386600495, 0.6107143781867647, 0.10286366231777681, 0.24676542073540897]], "ideal": "C", "sampled": "C", "correct": true}}
{"type": "result", "data": {"idx": 42, "options": ["True, True", "False, False", "True, False", "False, True"], "probs": [[0.3097626381944219, 0.15332754530997358, 0.2955961945002006, 0.24131362189540392], [0.34567236896872866, 0.1850126832538605, 0.2000622898140163, 0.26925265786339453], [0.31256862540193103, 0.09682166286866241, 0.4206558340171778, 0.16995387761222874], [0.2937767715822898, 0.20829600963011577, 0.33817409457836095, 0.15975312410923342]], "ideal": "B", "sampled": "A", "correct": false}}
{"type": "result", "data": {"idx": 43, "options": ["True, True", "False, False", "True, False", "False, True"], "probs": [[0.26170311155393666, 0.12954575208160485, 0.3257270850132145, 0.28302405125124397], [0.2737980619515527, 0.13343270816465788, 0.11961280585447057, 0.47315642392931884], [0.2900785077783136, 0.07220428858552247, 0.4287603603428834, 0.20895684319328048], [0.3374491132488692, 0.207877385125986, 0.2711675303207353, 0.18350597120440942]], "ideal": "B", "sampled": "A", "correct": false}}
{"type": "result", "data": {"idx": 44, "options": ["Stochastic Gradient Descent", "Mini-Batch Gradient Descent", "Batch Gradient Descent", "All of the above"], "probs": [[0.09088693558079322, 0.06754186557273559, 0.0923192949166384, 0.7492519038298328], [0.14947796200534424, 0.13191555733960963, 0.6293464443057208, 0.08926003624932528], [0.060268125075002905, 0.7938887298679234, 0.06723574398003776, 0.07860740097703596], [0.600258259401736, 0.11455954757739287, 0.14036323886791918, 0.1448189540529519]], "ideal": "D", "sampled": "D", "correct": true}}
{"type": "result", "data": {"idx": 45, "options": ["Decreases model bias", "Decreases estimation bias", "Decreases variance", "Doesn\u2019t affect bias and variance"], "probs": [[0.2048936424976244, 0.14528472287141628, 0.46900342492529334, 0.18081820960566594], [0.07577081656039795, 0.5259610931651181, 0.27717831315042935, 0.12108977702405457], [0.5467415492192157, 0.2623128612249505, 0.07634130921450759, 0.11460428024132616], [0.27515056316558917, 0.21765316696295423, 0.29289623655584707, 0.21430003321560953]], "ideal": "A", "sampled": "C", "correct": false}}
{"type": "result", "data": {"idx": 46, "options": ["3", "4", "7", "15"], "probs": [[0.15723380444861682, 0.2847071289731467, 0.37133982773882124, 0.18671923873941523], [0.2815317553228502, 0.3190048980245604, 0.20597116954012096, 0.19349217701246846], [0.3394639789718672, 0.23330041763833684, 0.3042925297909666, 0.12294307349882935], [0.2446695638849911, 0.3909730133313276, 0.1935496685773201, 0.17080775410636123]], "ideal": "D", "sampled": "C", "correct": false}}
{"type": "result", "data": {"idx": 47, "options": ["anomaly detection", "one-class detection", "train-test mismatch robustness", "background detection"], "probs": [[0.020848212529915658, 0.7701714640592285, 0.054927666306520025, 0.15405265700433582], [0.6757921743891849, 0.046711281704359925, 0.21264359496292015, 0.06485294884353499], [0.049417159255060863, 0.040967182784469834, 0.0605453590188807, 0.8490702988415886], [0.014935156495275667, 0.02790240427700036, 0.938575338830778, 0.01858710029694597]], "ideal": "A", "sampled": "B", "correct": false}}
{"type": "result", "data": {"idx": 48, "options": ["True, True", "False, False", "True, False", "False, True"], "probs": [[0.46776020522208384, 0.12588082252674146, 0.23155596849986992, 0.1748030036513048], [0.11896130086897407, 0.14348773229213962, 0.2365870554035631, 0.5009639113353233], [0.13573331876728625, 0.05151708327618123, 0.769025549792606, 0.04372404806392659], [0.36185568582065936, 0.3243271442357329, 0.19068828150532788, 0.12312888833827987]], "ideal": "D", "sampled": "A", "correct": false}}
{"type": "result", "data": {"idx": 49, "options": ["True, True", "False, False", "True, False", "False, True"], "probs": [[0.22346827385575072, 0.13341659306145692, 0.3515748679286334, 0.291540265054159], [0.26717216570006863, 0.17248255526732803, 0.27138523073418774, 0.2889600481984156], [0.20656182485427613, 0.10549144760183922, 0.5193460141898208, 0.1686007132540638], [0.2412468636537861, 0.19997510013816341, 0.3678953270481885, 0.19088270905986196]], "ideal": "D", "sampled": "A", "correct": false}}
{"type": "result", "data": {"idx": 50, "options": ["O(1)", "O( N )", "O(log N )", "O( N^2 )"], "probs": [[0.061735417642107174, 0.6636932887184498, 0.20885254195345315, 0.06571875158598982], [0.11477723716541742, 0.6814272403035614, 0.09079578517959534, 0.11299973725142586], [0.23115470890801523, 0.23477570619474755, 0.3751971944908928, 0.15887239030634442], [0.17991472510811518, 0.4054102240781354, 0.2830418007829597, 0.13163324993078968]], "ideal": "B", "sampled": "C", "correct": false}}
{"type": "result", "data": {"idx": 51, "options": ["True, True", "False, False", "True, False", "False, True"], "probs": [[0.29671474518749874, 0.1445760238455219, 0.3415464118933675, 0.2171628189736119], [0.22068456974378886, 0.1614367043596493, 0.31613435867047457, 0.30174436712608727], [0.24721238751360416, 0.10799013398968516, 0.4994545131259746, 0.14534296527073606], [0.2396041005610234, 0.16988709567278484, 0.42057991023626234, 0.16992889342992942]], "ideal": "A", "sampled": "A", "correct": true}}
{"type": "result", "data": {"idx": 52, "options": ["True, True", "False, False", "True, False", "False, True"], "probs": [[0.2641245761864195, 0.1732098038799675, 0.29010072779884777, 0.2725648920347652], [0.30872062305582815, 0.16015742956225024, 0.22236517400850217, 0.30875677327341944], [0.2926479366918198, 0.10598685162160452, 0.3938281057031941, 0.20753710588338156], [0.23064018439966463, 0.22353976629614955, 0.37440212999411376, 0.17141791921007207]], "ideal": "D", "sampled": "A", "correct": false}}
{"type": "result", "data": {"idx": 53, "options": ["Is unbounded, encompassing all real numbers.", "Is unbounded, encompassing all integers.", "Is bounded between 0 and 1.", "Is bounded between -1 and 1."], "probs": [[0.011114712099852257, 0.014050326596571638, 0.9547088340866223, 0.02012612711695374], [0.0009257883806258895, 0.9687410188253804, 0.022081801095796133, 0.008251391598197549], [0.97976133926265, 0.007138005694446773, 0.009309681117068192, 0.0037909738258350913], [0.9642935376315124, 0.007248313151975248, 0.005060126063727234, 0.023398023052785183]], "ideal": "C", "sampled": "C", "correct": true}}
{"type": "result", "data": {"idx": 54, "options": ["Linear hard-margin SVM.", "Linear Logistic Regression.", "Linear Soft margin SVM.", "The centroid method."], "probs": [[0.6890633650249852, 0.06716306456875419, 0.07492651733806607, 0.1688470529681945], [0.47877122215385226, 0.05807814525435862, 0.2814420832788187, 0.18170854921297036], [0.4644449815145134, 0.23352041174536717, 0.27303389678334006, 0.02900070985677936], [0.7879895752183851, 0.12466976140170083, 0.05532365375751169, 0.03201700952240235]], "ideal": "A", "sampled": "D", "correct": false}}
{"type": "result", "data": {"idx": 55, "options": ["Partitioning based clustering", "K-means clustering", "Grid based clustering", "All of the above"], "probs": [[0.18474025998545884, 0.03160565832192864, 0.05292891276681095, 0.7307251688258015], [0.03607822806451851, 0.0516803951193704, 0.8605606202435966, 0.05168075647251451], [0.08093856425032073, 0.8303323541930792, 0.05391727115265662, 0.03481181030394353], [0.6712009255988841, 0.11129537635793035, 0.08533231831740254, 0.13217137962578304]], "ideal": "D", "sampled": "D", "correct": true}}
{"type": "result", "data": {"idx": 56, "options": ["True, True", "False, False", "True, False", "False, True"], "probs": [[0.3146030879108189, 0.12127432880623605, 0.282026020543193, 0.282096562639752], [0.17082730570319088, 0.1174003898011612, 0.19357755009300706, 0.5181947543026408], [0.2036222264776655, 0.06507895286651987, 0.6272936006893323, 0.10400521986648235], [0.24921284984857456, 0.25710556291610237, 0.3302097369431516, 0.16347185019217148]], "ideal": "D", "sampled": "A", "correct": false}}
{"type": "result", "data": {"idx": 57, "options": ["True, True", "False, False", "True, False", "False, True"], "probs": [[0.48843435244886746, 0.1023655785950467, 0.24558814259748843, 0.16361192625859738], [0.2253080327067993, 0.17821632161566048, 0.2634139853015868, 0.33306166027595346], [0.21435408664229796, 0.08263670966352449, 0.6300762562528958, 0.07293294734128176], [0.35026426534141036, 0.2369710100814206, 0.28589336783291847, 0.12687135664425062]], "ideal": "D", "sampled": "A", "correct": false}}
{"type": "result", "data": {"idx": 58, "options": ["P(E, F), P(H), P(E|H), P(F|H)", "P(E, F), P(H), P(E, F|H)", "P(H), P(E|H), P(F|H)", "P(E, F), P(E|H), P(F|H)"], "probs": [[0.36227284497599843, 0.27774823950798483, 0.22670599339301262, 0.1332729220230041], [0.19517470894292302, 0.16179715095332559, 0.2667762338848367, 0.37625190611891474], [0.22481276092665356, 0.169686779362876, 0.4070993661473394, 0.1984010934631311], [0.22770021174954633, 0.4973302930891795, 0.1829684620028018, 0.09200103305847236]], "ideal": "B", "sampled": "A", "correct": false}}
{"type": "result", "data": {"idx": 59, "options": ["The use of sampling with replacement as the sampling technique", "The use of weak classifiers", "The use of classification algorithms which are not prone to overfitting", "The practice of validation performed on every classifier trained"], "probs": [[0.1529576371110884, 0.4785598342756651, 0.04966046417612652, 0.31882206433711996], [0.47654489565615477, 0.02409892946424986, 0.284560208824137, 0.21479596595545838], [0.008287496063856007, 0.06673134223303534, 0.13692614651568435, 0.7880550150874243], [0.06294886444281708, 0.22317412499764364, 0.6458102897079638, 0.06806672075157547]], "ideal": "B", "sampled": "B", "correct": true}}
{"type": "result", "data": {"idx": 60, "options": ["True, True", "False, False", "True, False", "False, True"], "probs": [[0.38969109619806735, 0.14111334504603884, 0.2400745373746449, 0.2291210212812489], [0.20825500163573654, 0.17263452192503848, 0.2591801208242838, 0.3599303555149412], [0.20783350237617296, 0.08528838323292044, 0.5921010307763913, 0.11477708351451524], [0.28787113520028496, 0.27897698931483605, 0.2790386205202828, 0.15411325486459626]], "ideal": "B", "sampled": "A", "correct": false}}
{"type": "result", "data": {"idx": 61, "options": ["True, True", "False, False", "True, False", "False, True"], "probs": [[0.34297769747258156, 0.17515185212601309, 0.32726656899656625, 0.1546038813048391], [0.23159842645601167, 0.20436636187925092, 0.35314617958950306, 0.21088903197523431], [0.23490570048156711, 0.08245384761617332, 0.5211870242651364, 0.16145342753712316], [0.20315633106714456, 0.1878751460163131, 0.47983019109248415, 0.12913833172405814]], "ideal": "A", "sampled": "A", "correct": true}}
{"type": "result", "data": {"idx": 62, "options": ["0", "1", "2", "3"], "probs": [[0.08549143500503469, 0.23238844023389976, 0.3543781988620759, 0.32774192579898964], [0.09885903602690137, 0.304507982431718, 0.47166174814384787, 0.12497123329753278], [0.09709743720376608, 0.5764938930667868, 0.2366071088402097, 0.08980156078923746], [0.14900029861181419, 0.5040590053875567, 0.22721299018942884, 0.11972770571120027]], "ideal": "C", "sampled": "D", "correct": false}}
{"type": "result", "data": {"idx": 63, "options": ["The examples farthest from the decision boundary.", "The only examples necessary to compute f(x) in an SVM.", "The data centroid.", "All the examples that have a non-zero weight \u03b1k in a SVM."], "probs": [[0.9012039080460839, 0.05671799042344392, 0.006025145146704007, 0.03605295628376817], [0.007372744812019759, 0.0013427031162588977, 0.010396905193942705, 0.9808876467777786], [0.0012863744144820347, 0.42354891015488005, 0.5611174147843289, 0.014047300546309061], [0.002782366178069629, 0.9905309098658752, 0.004999140121537197, 0.001687583734517976]], "ideal": "B", "sampled": "A", "correct": false}}
{"type": "result", "data": {"idx": 64, "options": ["True, True", "False, False", "True, False", "False, True"], "probs": [[0.2725673480099473, 0.17324633437130899, 0.3725895209291231, 0.18159679658962058], [0.24239648876150408, 0.1978338509600216, 0.25804236528677205, 0.30172729489170225], [0.19465654361325985, 0.07742719808090329, 0.489396762448904, 0.23851949575693285], [0.2511020898567868, 0.18085581062415684, 0.4271754622032236, 0.14086663721583276]], "ideal": "A", "sampled": "A", "correct": true}}
{"type": "result", "data": {"idx": 65, "options": ["Regularization is too low and model is overfitting", "Regularization is too high and model is underfitting", "Step size is too large", "Step size is too small"], "probs": [[0.43879897378763155, 0.31114838219634433, 0.1772926936261244, 0.07275995028989973], [0.09945143906450318, 0.28777203389765066, 0.3015910431678161, 0.31118548377003], [0.2653221746220779, 0.31018864643171, 0.2531784734893214, 0.17131070535689066], [0.07784814096774485, 0.4550424942275886, 0.28035183693824706, 0.18675752776641952]], "ideal": "C", "sampled": "A", "correct": false}}
{"type": "result", "data": {"idx": 66, "options": ["0.0495", "0.078", "0.635", "0.97"], "probs": [[0.6216373350350697, 0.2673584182686712, 0.08282464618413936, 0.028179600412119768], [0.410230666357979, 0.21957626936624122, 0.07470807432381277, 0.29548498985196703], [0.4713118531437721, 0.08718241490498332, 0.3787098711734828, 0.06279586067776177], [0.030786505855805134, 0.6582476488511037, 0.27440523571655023, 0.03656060947654102]], "ideal": "C", "sampled": "A", "correct": false}}
{"type": "result", "data": {"idx": 67, "options": ["True, True", "False, False", "True, False", "False, True"], "probs": [[0.3588284009161643, 0.11114911899571434, 0.2794712227224666, 0.25055125726565475], [0.18049640682775234, 0.14731028455050488, 0.28397383859933084, 0.3882194699224119], [0.25192320156615633, 0.06675080904627798, 0.5677708344504884, 0.11355515483707736], [0.2760369571739847, 0.23609190908008915, 0.3330074300278436, 0.15486370361808255]], "ideal": "A", "sampled": "A", "correct": true}}
{"type": "result", "data": {"idx": 68, "options": ["True, True", "False, False", "True, False", "False, True"], "probs": [[0.43885939617548514, 0.116274444850985, 0.22415034149619859, 0.22071581737733129], [0.5120614981093425, 0.1421863926666057, 0.17151910277088644, 0.17423300635316535], [0.39141778821771167, 0.0428968243776898, 0.324515063578834, 0.24117032372576452], [0.28330221980437487, 0.09944308622262167, 0.48954987885787526, 0.12770481501512818]], "ideal": "A", "sampled": "B", "correct": false}}
{"type": "result", "data": {"idx": 69, "options": ["Expectation Maximization", "CART", "Gaussian Na\u00efve Bayes", "Apriori"], "probs": [[0.7323658438323992, 0.07481381268493056, 0.13976921087681832, 0.05305113250585194], [0.46509476243876974, 0.2231384151629892, 0.046772340187683205, 0.2649944821105578], [0.49463162802644944, 0.022074352853022637, 0.12702519717675423, 0.3562688218437737], [0.12569108604127915, 0.3159848451298395, 0.2660769223900793, 0.292247146338802]], "ideal": "A", "sampled": "A", "correct": true}}
{"type": "result", "data": {"idx": 70, "options": ["Your decision trees are too shallow.", "You need to increase the learning rate.", "You are overfitting.", "None of the above."], "probs": [[0.06134134420670136, 0.028527065468190182, 0.7955276710063719, 0.1146039192187365], [0.02858366880759791, 0.7971103445136315, 0.14291215819371458, 0.03139382838505601], [0.35431913913421487, 0.4409631734339435, 0.16737248569279595, 0.037345201639045686], [0.08596641505420032, 0.11212461357094701, 0.05908448204489424, 0.7428244892299585]], "ideal": "A", "sampled": "C", "correct": false}}
{"type": "result", "data": {"idx": 71, "options": ["linear in K", "quadratic in K", "cubic in K", "exponential in K"], "probs": [[0.39281255495414913, 0.04547061110205583, 0.06513459567339507, 0.4965822381704], [0.14984280706800443, 0.04226496306374634, 0.058679326916540944, 0.7492129028517083], [0.12609678787438514, 0.10618342695478433, 0.6924234186707191, 0.07529636640011138], [0.46716538763091403, 0.2923395378943932, 0.07391765823098428, 0.16657741614370844]], "ideal": "A", "sampled": "A", "correct": true}}
{"type": "result", "data": {"idx": 72, "options": ["True, True", "False, False", "True, False", "False, True"], "probs": [[0.30894335640942094, 0.12286194974651243, 0.3237710248538283, 0.24442366889023828], [0.2943529188338612, 0.14799092708538247, 0.2292394488820672, 0.3284167050986891], [0.2434811289949796, 0.07310012417897478, 0.4996230899563349, 0.1837956567697107], [0.27374230463999755, 0.17671688952567624, 0.3860706916703565, 0.16347011406396966]], "ideal": "B", "sampled": "A", "correct": false}}
