{"type": "result", "data": {"idx": 0, "options": ["It is hard not to verify in our peers the same weakened intelligence due to emotions that we observe in our everyday patients.", "The arrogance of our consciousness, which in general, belongs to the strongest defense mechanisms, blocks the unconscious complexes.", "Because of this, it is difficult to convince people of the unconscious, and in turn to teach them what their conscious knowledge contradicts.", "It is difficult to convince people of the unconscious, and in turn to teach them what their conscious knowledge contradicts."], "probs": [[0.14631299673047826, 0.24656842646517318, 0.2592618763187546, 0.34785670038559396], [0.1381617979446623, 0.24800209340937762, 0.22982683553283634, 0.38400927301312376], [0.16085758032639688, 0.31184951861881866, 0.22515643647250996, 0.3021364644822745], [0.15725330454048378, 0.28665660537336324, 0.1942196007903668, 0.3618704891957862], [0.14348896487808163, 0.2827312774404355, 0.22759811105231864, 0.3461816465291642], [0.15642902952786253, 0.2679214895064604, 0.21546679206124547, 0.36018268880443155], [0.14741145684368775, 0.24840302772404083, 0.26964287340073234, 0.3345426419315391], [0.14527125438681016, 0.24887327476526147, 0.23809732139564804, 0.3677581493522803], [0.15879371287445615, 0.26330506014261945, 0.260038844915885, 0.31786238196703936], [0.15528524614592845, 0.24598811173906232, 0.18034576683978767, 0.41838087517522154], [0.15446815583657994, 0.24852096652828312, 0.27794800448385976, 0.3190628730512772], [0.15706914427692864, 0.24139763052735294, 0.20359551601168777, 0.39793770908403064], [0.18273274326385494, 0.2593628725245084, 0.2191708949112635, 0.3387334892003731], [0.16601603726824835, 0.2432385759337321, 0.22554502706820279, 0.36520035962981673], [0.1720733812224616, 0.23659552358738506, 0.230153886194319, 0.3611772088958343], [0.17989999739963888, 0.2400140654794439, 0.1903864358002399, 0.3896995012206773], [0.15878064692249588, 0.2398893201127769, 0.2682767172146277, 0.33305331565009955], [0.17255481561619598, 0.2528054340584961, 0.22360073851492948, 0.35103901171037843], [0.14895465524630355, 0.2555051369559029, 0.21227806171803626, 0.3832621459797573], [0.16271880545189954, 0.26200223994598587, 0.2390702784515058, 0.3362086760506088], [0.14688483097998953, 0.2440524733426372, 0.23714606814912867, 0.3719166274282446], [0.15196162234274418, 0.2408015989897014, 0.2164349672513092, 0.39080181131624525], [0.1633501648739543, 0.2546804547055195, 0.2550883888943215, 0.32688099142620475], [0.16898292805003867, 0.25960675653027476, 0.2223252124064926, 0.34908510291319395]], "ideal": "D", "sampled": "A", "correct": false}}
{"type": "result", "data": {"idx": 1, "options": ["Tdc", "Tcd", "Tcc", "dTc"], "probs": [[0.272851876206177, 0.26423605486384977, 0.16345327603811818, 0.29945879279185506], [0.2662976840645618, 0.27019365249516625, 0.1620116628253372, 0.30149700051493483], [0.2729698161950401, 0.2643485704448008, 0.17683346831272184, 0.2858481449474372], [0.270682726336512, 0.2621544340311758, 0.16998161627115144, 0.29718122326116075], [0.2633836786667273, 0.2510522826941408, 0.18734207189170457, 0.2982219666474273], [0.26073965816184674, 0.2409386968511609, 0.16889254998801845, 0.32942909489897393], [0.2724747521887788, 0.2557961794952765, 0.16319967287337, 0.3085293953425747], [0.27139702841007285, 0.25874576355530843, 0.16255294027122955, 0.3073042676633892], [0.2658441026862241, 0.25350027896163624, 0.17491505777703384, 0.3057405604751058], [0.27394227538097654, 0.2492441535197308, 0.16161564517695956, 0.3151979258223331], [0.2463737650378666, 0.2311685750005514, 0.21133088203137437, 0.31112677783020765], [0.2615017397811471, 0.23059317239354035, 0.16165583119744048, 0.34624925652787203], [0.2593986573824768, 0.27590118602581176, 0.18449059792295264, 0.2802095585687588], [0.2512389794110048, 0.2800433718891055, 0.17052022129142436, 0.2981974273084653], [0.25506467764798285, 0.26294471006199027, 0.19314494100419655, 0.28884567118583027], [0.23973808047367967, 0.2672734300118653, 0.17055459572985804, 0.32243389368459696], [0.2377726392704584, 0.24505249758829137, 0.2072457465581065, 0.3099291164831437], [0.2439206841987422, 0.25537465478163346, 0.18763217699843815, 0.3130724839211862], [0.26094755138905734, 0.26059954967575666, 0.1689133171730209, 0.3095395816621651], [0.25423617633207357, 0.2539670613769801, 0.14992438851738454, 0.34187237367356177], [0.2510469332398343, 0.24680345493481518, 0.1900153067522562, 0.31213430497309436], [0.2528410516003096, 0.24480916192454028, 0.15147873532034023, 0.35087105105480987], [0.2436038146548533, 0.239575151796144, 0.1788253108013271, 0.3379957226476756], [0.24775153765214838, 0.2474662102133854, 0.15558238557783202, 0.3491998664566342]], "ideal": "A", "sampled": "A", "correct": true}}
{"type": "result", "data": {"idx": 2, "options": ["Some large houses are bigger than some apartments.", "Some houses are bigger than all large apartments.", "Some large apartments are bigger than some houses.", "Some houses are bigger thatn some large apartments."], "probs": [[0.23061342763184783, 0.2611454621549665, 0.2250873762954227, 0.283153733817763], [0.22402618489370346, 0.26175665462742337, 0.2518041096107075, 0.2624130507681657], [0.23721417782318716, 0.28160509464308886, 0.20762330291579162, 0.27355742451793236], [0.24183955065455945, 0.2870583448403611, 0.20501607043433218, 0.26608603397074726], [0.2364636773161507, 0.26778462127474406, 0.22727995769969808, 0.2684717436094071], [0.23459703776563345, 0.2615904924722906, 0.2288579595839685, 0.27495451007810745], [0.22924604668044313, 0.2476853691138691, 0.24586192894709288, 0.2772066551585949], [0.22772150078703893, 0.253787074269115, 0.25992963102735983, 0.2585617938164862], [0.23879291537431988, 0.2580326679970379, 0.21897498282202385, 0.2841994337066184], [0.2378985917017174, 0.26112795262598326, 0.2472593671917921, 0.25371408838050724], [0.2388146704019906, 0.27912173088265324, 0.20248085560086412, 0.27958274301449204], [0.24138970670670362, 0.28204578158419163, 0.21116261182103918, 0.2654018997880655], [0.23850350858855862, 0.2702598788986587, 0.2072936830523835, 0.2839429293603991], [0.24292415740033865, 0.27518105914196894, 0.20606704361266123, 0.27582773974503116], [0.2360771149160819, 0.25932323930054474, 0.20996420083330503, 0.2946354448500683], [0.22670052605536747, 0.26085152830776465, 0.25092708688063875, 0.26152085865622915], [0.24113027749034469, 0.2688764333456099, 0.20758073029826507, 0.28241255876578036], [0.24113617835017684, 0.26888397333317327, 0.22467489538330185, 0.26530495283334804], [0.2381080842907689, 0.27389059815704164, 0.22189159856653984, 0.2661097188856496], [0.23564514600989264, 0.2668192227323728, 0.2299518298901543, 0.26758380126758025], [0.23811647719223195, 0.28281374498696377, 0.19124563671618197, 0.2878241410046223], [0.23908432538157973, 0.2839642251435339, 0.20127262772909607, 0.2756788216457903], [0.24874867125722772, 0.2908166305308302, 0.19511800711710123, 0.26531669099484084], [0.2473816424360849, 0.29825541374085013, 0.20660640297254157, 0.24775654075052342]], "ideal": "C", "sampled": "D", "correct": false}}
{"type": "result", "data": {"idx": 3, "options": ["Valid", "Invalid. Counterexample when G and H are true", "Invalid. Counterexample when G is true and H is false", "Invalid. Counterexample when H is true and G is false"], "probs": [[0.2710704641625139, 0.26357571697128274, 0.17606227538838035, 0.289291543377823], [0.26857605573829435, 0.26119264957677074, 0.17448547480745685, 0.29574581977747805], [0.27820712325175084, 0.27052181956447, 0.1724125444716656, 0.27885851261211353], [0.28657989419097263, 0.2742344602211935, 0.1694581907495193, 0.26972745473831455], [0.2738739672271008, 0.27047590627689044, 0.1724052655109585, 0.2832448608850503], [0.2834667861178173, 0.2754934131823658, 0.17425483463452154, 0.2667849659652954], [0.2224841001777505, 0.3300275255413763, 0.16128060460386082, 0.2862077695770124], [0.21922884369217324, 0.3302576987230297, 0.16397156552693698, 0.28654189195786006], [0.18499154401930618, 0.20356268295287014, 0.27063307969942646, 0.34081269322839725], [0.2167022908500009, 0.19776814584637445, 0.18619964460061708, 0.3993299186030076], [0.1839940520341871, 0.20247415894518883, 0.2691822011621497, 0.34434958775847435], [0.21674804064329548, 0.1978298992044104, 0.1921644480011755, 0.39325761205111864], [0.2267209853493797, 0.3468149550386907, 0.15675817194863917, 0.2697058875632904], [0.22995453265854518, 0.3572980867653845, 0.15180312547963137, 0.260944254996439], [0.18318603259814914, 0.19845371833487382, 0.2808917290090047, 0.3374685199579723], [0.21604652820203865, 0.1971911785696829, 0.18859873625230814, 0.39816355687597027], [0.19474560600793803, 0.18908516134174755, 0.2895490017109345, 0.32662023083937985], [0.21143036133483098, 0.1990534872040706, 0.18749097639722884, 0.4020251749638696], [0.22815554651853115, 0.33833833517212836, 0.15776815538711733, 0.2757379628222231], [0.2306804576488263, 0.3528778955845187, 0.15467073482727248, 0.2617709118393825], [0.1830027577545441, 0.19825816447925085, 0.27627221158769993, 0.34246686607850507], [0.21741081448093305, 0.19842743575931995, 0.19580539767266175, 0.38835635198708524], [0.1938644618516346, 0.18824015275383874, 0.2927347973778947, 0.32516058791663194], [0.2120925391062953, 0.19659345461279631, 0.18807820133124625, 0.4032358048496621]], "ideal": "A", "sampled": "A", "correct": true}}
{"type": "result", "data": {"idx": 4, "options": ["If it's not the case that both Izzy plays Minecraft and Ashleigh stops by then Russell makes dinner.", "If it's both not the case that Izzy plays Minecraft and Ashleigh stops by then Russell makes dinner.", "Izzy playing Minecraft and Ashleigh stopping by entails that Russell makes dinner.", "Russell's making dinner is a sufficient condition for Izzy not playing Minecraft and Ashleigh stopping by."], "probs": [[0.22616375643489486, 0.2020876675331018, 0.2051216035113014, 0.3666269724207019], [0.21944859948718407, 0.19592248193335038, 0.1942655174875531, 0.3903634009919124], [0.23114740846229787, 0.20489978788234206, 0.18649327753109432, 0.37745952602426575], [0.2300935409802731, 0.20353037143179756, 0.19126671485677368, 0.3751093726311556], [0.21633008764994754, 0.1963107793227455, 0.19627620862774894, 0.39108292429955804], [0.22143432825726728, 0.20071582793248963, 0.19915384348954773, 0.37869600022069533], [0.23551787433653273, 0.20554044840664626, 0.19752334056309526, 0.36141833659372574], [0.2289433708872921, 0.19966445266203833, 0.18890986771751211, 0.3824823086331574], [0.22977922854509916, 0.20213313398724062, 0.19280430672624874, 0.3752833306414115], [0.22629773136041367, 0.20180998152607113, 0.19411323340292316, 0.377779053610592], [0.2153696917361856, 0.19236283632547507, 0.19995710847954132, 0.39231036335879804], [0.21877966819005898, 0.19833840427799485, 0.1998939811983486, 0.38298794623359755], [0.22179337835150517, 0.18730812610190176, 0.2026772440473972, 0.3882212513991959], [0.2363651500271146, 0.1872867876381204, 0.2058727535044651, 0.3704753087302999], [0.2169630229256151, 0.1832288056428786, 0.21108956632887427, 0.38871860500263206], [0.23307288037998608, 0.1848141876395631, 0.20796974311134342, 0.3741431887691074], [0.24697908774653377, 0.19592191599305758, 0.18440586717633908, 0.3726931289840696], [0.2461394259323166, 0.19839987759990882, 0.18392037521309562, 0.37154032115467894], [0.2275951402736785, 0.19397961224257035, 0.2065626737315321, 0.37186257365221903], [0.243948470866895, 0.19517956381306958, 0.20947061164861402, 0.3514013535714214], [0.2254465054162521, 0.19370912060371692, 0.20956361220442624, 0.3712807616756047], [0.23921138110085063, 0.19595137558697895, 0.21198509858007725, 0.3528521446320932], [0.24648332614321372, 0.19718836560730976, 0.18985596655759263, 0.3664723415918839], [0.24564669317709406, 0.19967917800821225, 0.18931002710565029, 0.36536410160904337]], "ideal": "B", "sampled": "C", "correct": false}}
{"type": "result", "data": {"idx": 5, "options": ["Some houses are smaller than all apartments.", "Every house is bigger than every apartment.", "Some apartment is smaller than every house.", "Some houses are bigger than every apartment."], "probs": [[0.2307460835122961, 0.2742984510892974, 0.18367412137119682, 0.31128134392720963], [0.2319539705269236, 0.27127278656847914, 0.23333888448941495, 0.2634343583151823], [0.2308649454908913, 0.25367319959358614, 0.21821292067689477, 0.2972489341386278], [0.24317468700361375, 0.2549331783993419, 0.2124396711375466, 0.28945246335949776], [0.2333174347644185, 0.27286738154543666, 0.22045573589981415, 0.27335944769033066], [0.23964005349206552, 0.275887991819688, 0.17624421153326383, 0.30822774305498263], [0.22964341594003845, 0.2562731764019579, 0.1945208579923769, 0.31956254956562674], [0.22961479423134148, 0.2600750624873439, 0.25367665288295754, 0.256633490298357], [0.2268617931803964, 0.25308260696208773, 0.20449942653070471, 0.3155561732268112], [0.2332452753920148, 0.26014760909303125, 0.22036807893600005, 0.2862390364789539], [0.25149476150896377, 0.28957059545049263, 0.18224782968355902, 0.2766868132569845], [0.25621736810677187, 0.28593022480520014, 0.17164636168093717, 0.2862060453070908], [0.22363925311175636, 0.25338855760824824, 0.22135018139876017, 0.3016220077812352], [0.24053490876340292, 0.25205082449928173, 0.21669421243569575, 0.2907200542016196], [0.22763362863817818, 0.26191109806527857, 0.1987622856710615, 0.31169298752548175], [0.23396041542755314, 0.25683699203710814, 0.2175307966937507, 0.291671795741588], [0.24071678516841793, 0.26018601653358225, 0.2037279009615303, 0.29536929723646954], [0.23734712673751537, 0.26055394047551883, 0.2241286054548841, 0.27797032723208165], [0.24790463587858694, 0.2598607021268831, 0.22360331484237392, 0.268631347052156], [0.2527198904225781, 0.25292123492161006, 0.18886815853919092, 0.3054907160166209], [0.2610669511613535, 0.29124123723101597, 0.1694282939690288, 0.27826351753860173], [0.26867758824705107, 0.2861072676177725, 0.15878890216567343, 0.286426241869503], [0.24687947330390245, 0.25480186936691485, 0.2090696841269278, 0.2892489731022549], [0.24962059407060797, 0.26162966303504864, 0.21822390797864955, 0.2705258348156938]], "ideal": "D", "sampled": "D", "correct": true}}
{"type": "result", "data": {"idx": 6, "options": ["Valid", "Invalid. Counterexample when K and L are true", "Invalid. Counterexample when K is true and L is false", "Invalid. Counterexample when L is true and K is false"], "probs": [[0.28072685418788984, 0.2603527346045604, 0.18212507934723585, 0.27679533176031396], [0.2818506867790515, 0.25737069972047677, 0.1828584956089457, 0.277920117791526], [0.28915745842862434, 0.26404840764382426, 0.17900395548014264, 0.26779017834740876], [0.3025952622378555, 0.2677235642958716, 0.17460803946012654, 0.2550731339061464], [0.2903501559347067, 0.265137898963794, 0.17977753966243437, 0.2647344053390649], [0.30176039795245096, 0.26700778802107394, 0.17686039035193715, 0.25437142357453796], [0.22387037012529376, 0.35868517095264907, 0.15953861413103296, 0.25790584469102423], [0.22510650751723849, 0.35511964556003855, 0.16042479871099305, 0.2593490481117299], [0.17908872929046876, 0.20012623367880597, 0.3012959405671653, 0.31948909636356], [0.21342488703159104, 0.19780032056377322, 0.18326574413740127, 0.40550904816723443], [0.1805328306454613, 0.19862875636362703, 0.30374727102680293, 0.31709114186410875], [0.20894730333698638, 0.19977325498411544, 0.1880181617537973, 0.4032612798251009], [0.22767903114657442, 0.36478161545783383, 0.15725689806385573, 0.250282455231736], [0.22922797964182107, 0.37895743341124893, 0.14764726990561702, 0.244167316941313], [0.17706585891068002, 0.19481424404776299, 0.31223600169170823, 0.3158838952498488], [0.21350513932186027, 0.1978811831031515, 0.18917850302450262, 0.3994351744504856], [0.1814402653512515, 0.1845998328292669, 0.32512903768081824, 0.3088308640386634], [0.20823036691414548, 0.19603531674412605, 0.1874616807156343, 0.40827263552609416], [0.2289604497752312, 0.3611697119636143, 0.15817338933734126, 0.2516964488238132], [0.23118186915996147, 0.37628779756261943, 0.15008698477747554, 0.24244334839994355], [0.17651031120545455, 0.19725017855950805, 0.31133140718812446, 0.3149081029469129], [0.21483170553398215, 0.19912114447261176, 0.19037963236040756, 0.39566751753299856], [0.1791341644862472, 0.18510845688468114, 0.32605315288304215, 0.3097042256460295], [0.20762791918186416, 0.1954542667155573, 0.18983642472162254, 0.407081389280956]], "ideal": "D", "sampled": "A", "correct": false}}
{"type": "result", "data": {"idx": 7, "options": ["The university increases financial aid.", "The university does not increase financial aid.", "The board of trustees prevents it.", "The president fails to approve it."], "probs": [[0.2332722027881463, 0.38540537993018076, 0.15512233508697632, 0.22620008209469666], [0.23811658008374165, 0.41874897615514256, 0.14867314312410335, 0.19446130053701244], [0.20971348639498028, 0.29625107620680624, 0.24860693503557693, 0.24542850226263652], [0.21149768792964946, 0.3080275562685393, 0.2210895353009883, 0.25938522040082296], [0.18562973373597058, 0.2703572632261731, 0.30534233024683405, 0.23867067269102224], [0.21420993760440626, 0.2931713076187662, 0.21706970877057094, 0.27554904590625656], [0.25286623456234947, 0.3055671705660552, 0.18446956298191075, 0.25709703178968457], [0.26674475865759173, 0.3273226569664585, 0.19137024592377977, 0.21456233835216995], [0.2632476608714171, 0.32331334577804194, 0.16186564676735468, 0.2515733464831863], [0.2574432011038353, 0.30620379621619714, 0.22276000182010364, 0.2135930007598639], [0.28067272480493355, 0.30875262154900096, 0.1776685837080941, 0.23290606983797138], [0.26112807183527453, 0.2962674542409068, 0.21544830819968072, 0.2271561656241379], [0.21722345375665564, 0.27076787157283394, 0.2576919832224047, 0.2543166913481057], [0.21932954430384957, 0.26076956803665857, 0.23319525319404225, 0.2867056343654496], [0.2703848223175153, 0.3424608758116165, 0.16626380630058094, 0.22089049547028727], [0.2707680084801747, 0.32716905092397786, 0.20381393419212637, 0.19824900630372108], [0.24714979175615975, 0.3439572494909986, 0.1325688859263944, 0.2763240727264472], [0.2913232613217112, 0.37448750248587653, 0.14612611473561854, 0.18806312135679373], [0.22668868301032064, 0.2610508203245419, 0.28163942691847604, 0.2306210696466614], [0.22732763328853345, 0.2578631677647334, 0.20342904630398537, 0.3113801525427478], [0.2913446209031599, 0.3408215685725949, 0.17061145820912355, 0.19722235221512172], [0.2819931976814267, 0.32486780022407247, 0.18993549688039532, 0.20320350511410548], [0.22198559341594995, 0.3137461244746221, 0.15508119760393005, 0.3091870844054979], [0.2743951379978443, 0.3472494780670054, 0.17106960712152677, 0.20728577671362353]], "ideal": "B", "sampled": "B", "correct": true}}
{"type": "result", "data": {"idx": 8, "options": ["E \u2283 F", "F \u2283 G", "H \u2283 ~E", "~H"], "probs": [[0.30938470821542235, 0.19811134333583474, 0.19998154340147212, 0.2925224049472708], [0.31248016745541213, 0.20139197102893244, 0.16574614497496576, 0.32038171644068963], [0.3344295372394505, 0.21763198399799288, 0.1510003231463876, 0.29693815551616903], [0.35521845418156395, 0.22712311621168932, 0.16053964968478213, 0.25711877982196457], [0.32620625226485894, 0.2069355454713798, 0.15738178084490428, 0.309476421318857], [0.326924895118638, 0.2088016898542709, 0.19574968806558898, 0.26852372686150217], [0.2910044447637, 0.22055451241083995, 0.19108965706270875, 0.29735138566275127], [0.2937423200986399, 0.22705445504735935, 0.1735025443409466, 0.30570068041305415], [0.3211388491923686, 0.2552158160188145, 0.1642000030055354, 0.2594453316832815], [0.31295747494421494, 0.249331615820378, 0.15077628643126384, 0.2869346227041432], [0.29747260943683274, 0.21281815524438422, 0.2121643667678429, 0.2775448684509402], [0.27247892995496936, 0.2068058786541282, 0.24169202916315158, 0.27902316212775086], [0.3248603343638763, 0.22119009492569594, 0.1468906402441, 0.3070589303663278], [0.3378788232465466, 0.23301999268585785, 0.1603205650884525, 0.26878061887914306], [0.3303301779743094, 0.2110324745130719, 0.17442915621574065, 0.284208191196878], [0.3254115484206841, 0.21155130230602173, 0.16450681790534225, 0.2985303312679519], [0.32907227697227187, 0.22363846158899875, 0.185402769701849, 0.2618864916368804], [0.34228408333216565, 0.21602368352637127, 0.16034093497580246, 0.28135129806566067], [0.3294800123397838, 0.22533597868406532, 0.14224513939850225, 0.30293886947764864], [0.3226649760877286, 0.23658475277442198, 0.1839393377120138, 0.25681093332583566], [0.3267069257977807, 0.2164881740737486, 0.17042561381619453, 0.2863792862122761], [0.2939484119121335, 0.20645147559962462, 0.22986918685521743, 0.26973092553302447], [0.34221977501993145, 0.23992021736964791, 0.16983111454086597, 0.24802889296955466], [0.34997540187352827, 0.23508090918274954, 0.144485292651431, 0.27045839619229123]], "ideal": "D", "sampled": "C", "correct": false}}
{"type": "result", "data": {"idx": 9, "options": ["L", "~L", "L \u2022 ~L", "L \u2228 ~L"], "probs": [[0.2741603430461751, 0.2639105499758911, 0.17559496271664968, 0.28633414416128417], [0.2936359897910573, 0.2656885047633721, 0.1941173941579447, 0.2465581111876259], [0.27005268347778555, 0.2603587028284203, 0.16909890631082528, 0.3004897072829689], [0.264565441948026, 0.263249371371906, 0.19524972429781295, 0.27693546228225496], [0.31358273879781523, 0.27514856230998613, 0.16403032348809488, 0.2472383753041038], [0.29120838205273974, 0.2722485918689427, 0.15484918421673238, 0.28169384176158524], [0.25232310952748893, 0.2626758398146882, 0.19516221304541304, 0.28983883751240985], [0.27998483595409823, 0.26134953289621543, 0.2002211391758543, 0.25844449187383206], [0.25213519863357464, 0.2545706147254027, 0.20781978401638115, 0.28547440252464146], [0.2707319259372823, 0.2484598308553191, 0.2061607986482453, 0.2746474444591533], [0.289914752664263, 0.266479607399286, 0.19953947960021248, 0.24406616023623853], [0.29063183932473186, 0.2626417655277397, 0.1696903755998906, 0.27703601944763784], [0.2914185436845904, 0.2477879152113392, 0.15140294575956553, 0.30939059524450485], [0.2793666505345479, 0.2571830527877834, 0.16597030059735168, 0.29747999598031694], [0.265271697394423, 0.2519689835649438, 0.1732160027631159, 0.3095433161775173], [0.2828642554088607, 0.24807270977725598, 0.1732613819632144, 0.29580165275066894], [0.28058610199822814, 0.272650547973385, 0.17466649931908892, 0.2720968506092979], [0.2734784700156417, 0.25105752790272423, 0.1561362100642885, 0.31932779191734556], [0.34169767321798583, 0.248403288351589, 0.15653303730511067, 0.2533660010253145], [0.30901907029524334, 0.2511057405753716, 0.14976852238060281, 0.2901066666487822], [0.31230457683347174, 0.26154708080218175, 0.17555495571660934, 0.25059338654773716], [0.3124384944991885, 0.25332833426681567, 0.1502245105485515, 0.2840086605854444], [0.2838708586947255, 0.2493416182153158, 0.195710474041373, 0.2710770489485857], [0.2913891840558792, 0.23257132322676882, 0.17571491705888578, 0.30032457555846614]], "ideal": "D", "sampled": "D", "correct": true}}
{"type": "result", "data": {"idx": 10, "options": ["(\u2200x)[Kx \u2283 (\u2200y)(Py \u2283 Lxy)]", "(\u2200x)[Kx \u2283 (\u2200y)(Lxy \u2283 Py)]", "(\u2200x)(\u2200y)[(Kx \u2022 Py) \u2283 Lyx]", "(\u2200x)[(Kx \u2022 (\u2200y)(Py)) \u2283 Lxy]"], "probs": [[0.2556090468929973, 0.2943855953392565, 0.17368727207029194, 0.27631808559745424], [0.2643692234545212, 0.2998226329358005, 0.17143892005515715, 0.2643692234545212], [0.2513059675442206, 0.2594258486965153, 0.22996503112400668, 0.25930315253525743], [0.2610248625017448, 0.26117730138074263, 0.2041874229703802, 0.27361041304713235], [0.25607649634049817, 0.2602902170885186, 0.22352417810369266, 0.2601091083672905], [0.2645209431383733, 0.2605904042460204, 0.17975243924250756, 0.2951362132730987], [0.2613240039876446, 0.31049798786503424, 0.1668540040596765, 0.2613240039876446], [0.26846573954217995, 0.3092157084580066, 0.1661467477280684, 0.25617180417174507], [0.25584916802763485, 0.26008008477948563, 0.21993730780889476, 0.2641334392839847], [0.25841418676218664, 0.2585999744454699, 0.19903222317589467, 0.28395361551644877], [0.2564355134707554, 0.2605941891409633, 0.24203486738168792, 0.24093542990659342], [0.2645009457800532, 0.26059332487361414, 0.17976975439181306, 0.2951359748545196], [0.24291798065787176, 0.2546138578971161, 0.251820515897447, 0.2506476454475651], [0.25502273437810796, 0.27154892680313686, 0.19332060215924154, 0.28010773655951365], [0.2505955137150555, 0.254656795456228, 0.24405821028978172, 0.25068948043893474], [0.2567603885870712, 0.26926144954849807, 0.18290311096269724, 0.29107505080173357], [0.23552500146395586, 0.26283969297583454, 0.19913030268658327, 0.30250500277362635], [0.24264711139159834, 0.26249355075118597, 0.1927745342061864, 0.3020848035510293], [0.2362144843795634, 0.2554844731798603, 0.2646925567433439, 0.2436084855972324], [0.23663253727226627, 0.27253791281034223, 0.18218111718589494, 0.30864843263149655], [0.24300840494586823, 0.25472614166573526, 0.2810509204583451, 0.2212145328300514], [0.24735664581696282, 0.26771121416659643, 0.1817786639216956, 0.3031534759947452], [0.2248545586837981, 0.25895601508412025, 0.20882800219354897, 0.30736142393853266], [0.23755381216873867, 0.25311387337042585, 0.20415551076741453, 0.305176803593421]], "ideal": "A", "sampled": "A", "correct": true}}
{"type": "result", "data": {"idx": 11, "options": ["Logically equivalent", "Contradictory", "Neither logically equivalent nor contradictory, but consistent", "Inconsistent"], "probs": [[0.26287353036159106, 0.2154441326641169, 0.20287595687267962, 0.3188063800016124], [0.23313554671171446, 0.19567366817158252, 0.19616433362925895, 0.37502645138744406], [0.28386612877790257, 0.20871733995027306, 0.2060253260518124, 0.301391205120012], [0.25558244798634006, 0.20170344109748228, 0.22035309341800424, 0.3223610173981734], [0.21735045311661638, 0.1972103267710886, 0.2275612503062615, 0.35787796970603347], [0.25172388176004334, 0.21131020467388206, 0.2220024880246472, 0.3149634254414274], [0.2504804580866877, 0.23993787227032057, 0.20593545101398508, 0.3036462185290067], [0.23760589600800808, 0.23308281250824026, 0.20002609191285903, 0.32928519947089263], [0.24790476641985834, 0.2112443948514637, 0.23303187339515283, 0.30781896523352514], [0.24585092456336838, 0.20312801583487963, 0.21028444718920386, 0.34073661231254815], [0.21410629470153825, 0.1852731583122881, 0.26434117946873925, 0.33627936741743436], [0.23576885810772538, 0.19480097582181824, 0.24520741766038326, 0.3242227483100731], [0.2819199985842118, 0.1946956155118386, 0.2165612674985898, 0.3068231183053598], [0.2575634679303773, 0.1969412684699458, 0.22786304012846645, 0.31763222337121044], [0.25644857070934135, 0.1812399056557361, 0.24337946238735572, 0.3189320611475668], [0.25015754623403935, 0.1727923976960421, 0.21595881352465102, 0.3610912424452675], [0.23818497002447542, 0.18659060913558606, 0.2523778639127084, 0.3228465568272301], [0.24672697114374148, 0.17727826269763772, 0.21985540954275676, 0.35613935651586404], [0.2264013439190484, 0.23269988594112362, 0.22468096015590713, 0.31621780988392084], [0.25527238462886975, 0.2524032256886799, 0.2150500533507283, 0.27727433623172204], [0.22273035677128492, 0.19109878226841004, 0.2727493982153983, 0.3134214626449067], [0.24943341683983053, 0.205966028639433, 0.23981097695531894, 0.3047895774654175], [0.24824649832885032, 0.21162570151435148, 0.248433865535267, 0.29169393452153125], [0.2588799998739762, 0.20410473612109714, 0.21300384303258865, 0.324011420872338]], "ideal": "B", "sampled": "A", "correct": false}}
{"type": "result", "data": {"idx": 12, "options": ["E \u2283 F", "F \u2283 G", "G \u2283 E", "~~F"], "probs": [[0.34941284283126295, 0.21643578036487374, 0.17446181886559353, 0.25968955783826975], [0.32153941740429304, 0.22209093469734145, 0.15837814694349023, 0.2979915008548753], [0.33314850923067746, 0.20947141943267378, 0.18560169635347198, 0.2717783748831768], [0.29465727678016956, 0.20620397299534485, 0.1695512755246212, 0.32958747459986437], [0.313459625407713, 0.20660036184508807, 0.18924751311890714, 0.2906924995282918], [0.3108166065257927, 0.2108249750276689, 0.17613584766605908, 0.30222257068047936], [0.33653688928899805, 0.21749195778418173, 0.18420575831785163, 0.2617653945089685], [0.3144950521498085, 0.21982185212825162, 0.1697468434142173, 0.29593625220772257], [0.3276268238360029, 0.1987214414923646, 0.22317827250915634, 0.25047346206247617], [0.29016384911859916, 0.20315866473012104, 0.16169166804263851, 0.34498581800864125], [0.29545198547335416, 0.20951192632404284, 0.20818836054262205, 0.28684772755998095], [0.30131006237831626, 0.20402745900498026, 0.17866800723673373, 0.31599447127996977], [0.32326522466287916, 0.23974849281297736, 0.18229158220852407, 0.2546947002156194], [0.28399236700033587, 0.2344574322738694, 0.1602903550876041, 0.32125984553819065], [0.3256649825099044, 0.21627356633138528, 0.20163995614240987, 0.25642149491630045], [0.28859661316652746, 0.2169852800592732, 0.15773133146964724, 0.3366867752045521], [0.2707049588693423, 0.21652448497819027, 0.21573354623147523, 0.2970370098209922], [0.29054494873843983, 0.21529600136034457, 0.18039835841627655, 0.313760691384939], [0.3064191730436981, 0.22803535244674064, 0.1901464667769802, 0.27539900763258107], [0.2989337444006486, 0.22900032994841343, 0.17686581609864643, 0.2952001094522915], [0.30374211522495353, 0.22638726569515477, 0.2012520909294711, 0.2686185280504206], [0.29999279972891185, 0.2202310412901946, 0.1697374135086076, 0.31003874537228593], [0.2847706419655618, 0.21847780372219716, 0.22023243037990445, 0.27651912383233657], [0.2960478287674844, 0.2175087047529794, 0.17549498194898938, 0.3109484844305468]], "ideal": "D", "sampled": "A", "correct": false}}
{"type": "result", "data": {"idx": 13, "options": ["Valid", "Invalid. Counterexample when E, F, and G are true", "Invalid. Counterexample when E and F are true and G is false", "Invalid. Counterexample when E, F, and G are false"], "probs": [[0.33774510525880064, 0.2716437916430953, 0.17572316787457332, 0.21488793512353072], [0.3533036550539442, 0.2711301920531675, 0.1740986477812484, 0.20146750501163987], [0.3403536176130392, 0.2780837548643171, 0.1716540204321141, 0.20990860699052957], [0.353701354858793, 0.2801038574985176, 0.1675994843910957, 0.19859530315159363], [0.3573350639779366, 0.2700056828284205, 0.1720273366378078, 0.20063191645583509], [0.3511636361475386, 0.2737631879104552, 0.17166664216192437, 0.2034065336800818], [0.24354927965200138, 0.39586455805707743, 0.15535456403593065, 0.20523159815499054], [0.2468407564089108, 0.40124117726186126, 0.15032520664730636, 0.2015928595819216], [0.18255549395411308, 0.19442431337045024, 0.3530563659157502, 0.2699638266596865], [0.18487595132558884, 0.19094818896021878, 0.20690979009959848, 0.4172660695145939], [0.17898364786601467, 0.17628409406066836, 0.3629930994747817, 0.28173915849853526], [0.17934062540702841, 0.18817395899279815, 0.19464174821094102, 0.4378436672892324], [0.24530125420915042, 0.40503524522798307, 0.1493105545696152, 0.20035294589325134], [0.24955507364027815, 0.4185083930821452, 0.14048752605963136, 0.19144900711794527], [0.18065786629088956, 0.19850303526477373, 0.3494297317726128, 0.27140936657172393], [0.1825297718303728, 0.19149700724662647, 0.20752371227085453, 0.4184495085521462], [0.18390824446949813, 0.1868872549015333, 0.3614434409210276, 0.267761059607941], [0.18602757535340322, 0.19215403840086345, 0.20186813460547845, 0.4199502515402549], [0.24292415378048662, 0.41384422774944807, 0.14792403577278998, 0.19530758259727526], [0.2398118078468837, 0.4214327334936233, 0.14597758649319947, 0.1927778720662935], [0.17520533239273556, 0.1780229482171291, 0.3666168396312421, 0.28015487965889324], [0.1746344313068736, 0.18611170730448062, 0.1924891207926235, 0.4467647404960223], [0.17929223712356782, 0.1879575010337478, 0.3634794760423851, 0.2692707857002992], [0.17898153723531665, 0.19071745302208082, 0.20031439659039557, 0.429986613052207]], "ideal": "C", "sampled": "A", "correct": false}}
{"type": "result", "data": {"idx": 14, "options": ["Valid", "Invalid. Counterexample when H, I, and J are false", "Invalid. Counterexample when H and I are true and J is false", "Invalid. Counterexample when I is true and H and J are false"], "probs": [[0.3258882712114562, 0.28357439807836066, 0.16975006206498688, 0.22078726854519626], [0.31934055206949097, 0.2822686093425321, 0.1716196362261272, 0.22677120226184966], [0.3415909307379389, 0.28815772267804685, 0.1595274460297009, 0.21072390045431338], [0.3318403412344068, 0.28874084780816944, 0.16491534059954602, 0.21450347025787772], [0.3323407521257689, 0.2892544947830792, 0.16016982790940967, 0.21823492508174216], [0.33140020077787946, 0.29293705700670125, 0.1647531763409798, 0.21090956577443945], [0.22124119272158302, 0.42725998592514935, 0.14346364774082065, 0.20803517351244696], [0.21929004459438212, 0.42351054509948677, 0.1444440760401871, 0.212755334165944], [0.17224986799575154, 0.20471067384425054, 0.33877050824617594, 0.284268949813822], [0.16929556656459038, 0.20134915399406847, 0.17537960591800536, 0.4539756734233358], [0.16837899887007513, 0.203261634784329, 0.34164322437336625, 0.28671614187222966], [0.1697066277095842, 0.20501174030638022, 0.1842187046820481, 0.4410629272019875], [0.23744948988419062, 0.4242463581064375, 0.13179170691269856, 0.2065124449966733], [0.23090298357698874, 0.42556330113704943, 0.13636889375091224, 0.20716482143504955], [0.17783145074760454, 0.19857151212579585, 0.3391260105292818, 0.28447102649731776], [0.17292457559578042, 0.20252534443312184, 0.1820276501290617, 0.44252242974203604], [0.17653292853658786, 0.19709089711776012, 0.3527017621223034, 0.27367441212334864], [0.17071306195003152, 0.20306786287578207, 0.1824910884170703, 0.4437279866571161], [0.22752861471220862, 0.4327543055016444, 0.13234463836831836, 0.20737244131782862], [0.22651846844562867, 0.4374975896935708, 0.1359022923630298, 0.2000816493977707], [0.17276700299639355, 0.202163952439837, 0.3399265205564009, 0.28514252390736855], [0.16865083555822358, 0.20696414644757224, 0.18605425778665935, 0.43833076010754485], [0.17276901465303462, 0.1990041464961755, 0.3561932529931756, 0.2720335857576142], [0.1660992900026215, 0.20384630283739003, 0.177609409529652, 0.4524449975303364]], "ideal": "D", "sampled": "A", "correct": false}}
{"type": "result", "data": {"idx": 15, "options": ["(\u2203x){Fx \u2022 (\u2200y)[Dy \u2283 (\u2203z)(Vz \u2022 Rxyz)]}", "(\u2203x){Fx \u2022 (\u2203y)[Vy \u2022 (\u2203z)(Dz \u2022 Rxyz)]}", "(\u2203x){Fx \u2022 (\u2203y)(\u2203z)[(Vy \u2022 Dz) \u2022 Rxzy]}", "(\u2200x){Fx \u2283 (\u2203y)[Vy . (\u2203z)(Dz \u2022 Rxyz)]}"], "probs": [[0.2557847315913089, 0.24039269565887508, 0.16988747579637664, 0.33393509685343936], [0.28946502307731664, 0.24953443924976468, 0.18489702870622668, 0.276103508866692], [0.2604888897728042, 0.25258415182138433, 0.19154682182700794, 0.2953801364788035], [0.26426452395657524, 0.2523163258777072, 0.18843150136970666, 0.29498764869601085], [0.30392992493451176, 0.2661510407658501, 0.16602158544787537, 0.26389744875176274], [0.2680030345051342, 0.2599653485172891, 0.15348602143692833, 0.31854559544064837], [0.26005810884107483, 0.24825612077996287, 0.15481887986928086, 0.33686689040968143], [0.30371055456507784, 0.25371969121719906, 0.19095869644995322, 0.25161105766776987], [0.24865141508476926, 0.24304026362849748, 0.1962102949423083, 0.31209802624442495], [0.2547487502402687, 0.24902657048775403, 0.20737545753243497, 0.2888492216395423], [0.3139786030342537, 0.27495133054632204, 0.15496977700323553, 0.2561002893161887], [0.26871815321142467, 0.2689365744321823, 0.14795586465309687, 0.31438940760329614], [0.2662160734002222, 0.2642825284974122, 0.17005662871771154, 0.2994447692846541], [0.2677206356895375, 0.25559141848524414, 0.17789725692434452, 0.2987906888008738], [0.2518979460880358, 0.2520511300342237, 0.18239609492362052, 0.31365482885412], [0.2540137767537734, 0.25618889925302185, 0.19730028508120687, 0.29249703881199784], [0.28321606788067566, 0.27469692565011844, 0.16097694924525852, 0.2811100571239474], [0.27122276210389035, 0.27783148650039036, 0.17326643544889028, 0.27767931584682903], [0.2931052402396167, 0.2546542248671773, 0.1704942409450053, 0.2817462938482007], [0.25711109082313305, 0.24935569242029673, 0.1630367712646062, 0.330496445391964], [0.28534439203269907, 0.2558229863387823, 0.17129662631229234, 0.28753599521622625], [0.24378180901733906, 0.24206147003458653, 0.1645323709443022, 0.34962434990377217], [0.254084516595564, 0.25422268017243355, 0.19442084388136094, 0.2972719592506414], [0.24318594100406687, 0.2471488750799043, 0.2091528655253241, 0.3005123182907047]], "ideal": "B", "sampled": "D", "correct": false}}
{"type": "result", "data": {"idx": 16, "options": ["The university raises tuition.", "The governor approves of it.", "The board of trustees recommends it.", "None of the above"], "probs": [[0.23284666135644969, 0.27837915884924624, 0.1841904630590345, 0.3045837166352695], [0.23013252478924442, 0.2889274229299839, 0.17928024323219272, 0.30165980894857897], [0.23720820169509843, 0.27489330020142233, 0.1967018065674183, 0.2911966914360609], [0.23863287267682792, 0.2769798934182706, 0.1719418614930826, 0.3124453723118188], [0.22542101624942087, 0.2656018614979385, 0.23598202005729513, 0.2729951020953455], [0.22300517556821461, 0.2587090432385181, 0.22634509203554726, 0.29194068905771997], [0.263115104066121, 0.27772837460648747, 0.17828763753944477, 0.28086888368794677], [0.2628223080021269, 0.27782899966528296, 0.1782089822772447, 0.28113970995534543], [0.2663296460839017, 0.30894839760551873, 0.1618537008600506, 0.262868255350529], [0.2753011028983234, 0.3002980693918884, 0.1647273177448191, 0.2596735098649691], [0.25115586447391086, 0.2738722684946489, 0.202050083947097, 0.2729217829843432], [0.2515713424175546, 0.26986785348743736, 0.22582857164440717, 0.2527322323506008], [0.25403583804319607, 0.2851992334199626, 0.19800067536045002, 0.2627642530763913], [0.2514515295805871, 0.2828253591619836, 0.17044699698314283, 0.2952761141742865], [0.28573000853974384, 0.3366704036952711, 0.14394173239135377, 0.23365785527363128], [0.2945194498226652, 0.3314765344008649, 0.14386613451195354, 0.23013788116451636], [0.24189825714044133, 0.2720736305452552, 0.1974713533542476, 0.2885567588600559], [0.24899358290866808, 0.262734227994713, 0.25707557113063667, 0.23119661786598225], [0.18838451520131913, 0.33812984316946576, 0.23420531696413394, 0.2392803245650812], [0.18842364759525282, 0.32284834402911544, 0.2379829613613744, 0.2507450469142573], [0.20720573385091026, 0.3899895366633221, 0.19787125877163747, 0.20493347061413014], [0.19811381692862953, 0.3613244944646908, 0.2318669144855571, 0.20869477402112255], [0.18516889599087488, 0.3768945707364741, 0.2100488418101522, 0.22788769136249878], [0.18615062255561562, 0.3557118124053038, 0.25896477310802557, 0.19917279183105502]], "ideal": "D", "sampled": "B", "correct": false}}
