{"type": "result", "data": {"idx": 0, "options": ["10%", "20%", "40%", "80%"], "probs": [[0.26676817733124847, 0.3029553221574949, 0.2339265520582036, 0.19634994835305303], [0.28282985931279775, 0.30183712544513724, 0.22254101102931165, 0.19279200411275332], [0.2834591609471574, 0.30713162280724193, 0.21937139656989604, 0.1900378195757046], [0.2735029715994236, 0.3058793796907052, 0.22536134381780448, 0.1952563047920667], [0.28614469933412995, 0.273736174768609, 0.23229628452874423, 0.20782284126851683], [0.2753653392138095, 0.28034340023237836, 0.23800052628524468, 0.2062907341685674], [0.31168591044152516, 0.2670892397169637, 0.2338285078223614, 0.18739634191914975], [0.34375094851765303, 0.2601145466884949, 0.21074099522597708, 0.185393509467875], [0.3270017753661238, 0.2760503846719425, 0.20340990715064156, 0.19353793271129216], [0.3274464606911323, 0.2808382808881302, 0.20688992736654854, 0.184825330954189], [0.31036276084601805, 0.26209283262988864, 0.21899335410481266, 0.20855105231928064], [0.3393062251673714, 0.2568214160894404, 0.21793615166343974, 0.18593620697974844], [0.33405413224771524, 0.2689289072206234, 0.211226188780816, 0.18579077165084534], [0.3330747931978165, 0.26414655455630537, 0.21737303355965218, 0.18540561858622592], [0.35094610376046514, 0.26974615853929407, 0.19591428629457247, 0.18339345130566834], [0.34148986597714875, 0.27086185195441126, 0.20924498693437607, 0.1784032950340639], [0.3307792445454253, 0.2706326165336159, 0.19954609274221485, 0.19904204607874393], [0.3305139440273901, 0.27044426023903667, 0.21229849528922543, 0.18674330034434777], [0.3090417842686281, 0.26100962184696685, 0.22864939738090884, 0.2012991964034962], [0.2935221703497449, 0.2638358692907943, 0.24229960909150147, 0.20034235116795931], [0.317135909678691, 0.2720887145750444, 0.20722935219210403, 0.2035460234541606], [0.3191206502464275, 0.27379155564239877, 0.21176392153416274, 0.19532387247701102], [0.3195191573848812, 0.2827437477612315, 0.20538928796697212, 0.19234780678691518], [0.32651858545499446, 0.2843554232922327, 0.21309427279802268, 0.17603171835475018]], "ideal": "C", "sampled": "C", "correct": true}}
{"type": "result", "data": {"idx": 1, "options": ["About $300", "About $3k", "About $8k", "About $15k"], "probs": [[0.33490372698843407, 0.20338835426288535, 0.22726287622750724, 0.2344450424211733], [0.34181309761602174, 0.20122928024989564, 0.2213813877296017, 0.2355762343044809], [0.34799552478879936, 0.21468825956057774, 0.2084777535062832, 0.22883846204433966], [0.3443888178777347, 0.20917009126791916, 0.212824914029191, 0.2336161767251552], [0.343017851422964, 0.23235726700422082, 0.19912942048598953, 0.22549546098682563], [0.349126244314474, 0.2292148883528542, 0.20266596668919867, 0.21899290054347312], [0.3811582865757317, 0.18311351263012934, 0.2212599184700136, 0.21446828222412534], [0.38225553442870774, 0.18079357243093433, 0.2218968503443722, 0.21505404269598566], [0.4041415335195132, 0.2235503743462399, 0.15877451710787466, 0.21353357492637223], [0.3975712539901311, 0.2131013945767304, 0.18256011189302915, 0.20676723944010933], [0.4061212893246026, 0.22462110370409755, 0.1546586808611062, 0.21459892601019362], [0.40635744386043615, 0.21112685300922795, 0.18084901696265407, 0.20166668606768182], [0.41867681709697085, 0.17479638493106628, 0.19536579852287655, 0.21116099934908633], [0.4108332333923833, 0.17148121934187396, 0.21048944872763722, 0.20719609843810546], [0.4217005089770639, 0.21233652621891594, 0.16311278662784848, 0.20285017807617167], [0.41437098379759796, 0.20219640431766336, 0.19026510415558745, 0.19316750762915127], [0.4345649013849122, 0.21212325130139242, 0.1506726339509207, 0.20263921326277462], [0.422671854453735, 0.2062842249664016, 0.17398610709357856, 0.1970578133862848], [0.41940256468647263, 0.1696940016394438, 0.19265034451050347, 0.2182530890635801], [0.4207838773306633, 0.16758672891371465, 0.1994155645171068, 0.21221382913851525], [0.42961141683420556, 0.20007090269046815, 0.16361264611728854, 0.20670503425803777], [0.41189914937668726, 0.1947916000886675, 0.1920998990343636, 0.2012093514002816], [0.45323121264402966, 0.198287781951136, 0.14995279310352885, 0.19852821220130545], [0.4293855726289517, 0.19680579004703846, 0.17674508689066595, 0.19706355033334388]], "ideal": "B", "sampled": "D", "correct": false}}
{"type": "result", "data": {"idx": 2, "options": ["52%", "62%", "72%", "82%"], "probs": [[0.39701313959601475, 0.23420039514942614, 0.1644626755687842, 0.2043237895857749], [0.40358480205695013, 0.23447613066360842, 0.17267442980657177, 0.1892646373728697], [0.3932139272008959, 0.2431703688833111, 0.15799203200489123, 0.2056236718109018], [0.40786135192607176, 0.24449856576858756, 0.15645420549735506, 0.1911858767079856], [0.4109540283269008, 0.25415390727362636, 0.14808279274413336, 0.18680927155533947], [0.41813245411506234, 0.2545336782677748, 0.1460311412665248, 0.18130272625063804], [0.3996152758313369, 0.2214978420066516, 0.17634511956760776, 0.20254176249440373], [0.4253656863740894, 0.2249495684875606, 0.17363949118308314, 0.17604525385526687], [0.40463142411677294, 0.23511434650071283, 0.15516347385122087, 0.20509075543129332], [0.4246184292699227, 0.2354844396398087, 0.15294400083895937, 0.1869531301513092], [0.40674176202012063, 0.24765236304231986, 0.14885583296634572, 0.19675004187121378], [0.4303156797204596, 0.24611716336705533, 0.14560032106374524, 0.17796683574873984], [0.4100344654497411, 0.22369509266478751, 0.16477880879248039, 0.201491632992991], [0.4429766369310097, 0.2200517719779432, 0.16472326708348237, 0.1722483239075647], [0.4214442355923438, 0.22288803583478994, 0.15182064831074935, 0.20384708016211694], [0.4338163539117522, 0.22584291280739985, 0.16371261340027307, 0.17662811978057488], [0.42785253048965816, 0.2335738196842964, 0.14711666763369322, 0.1914569820923522], [0.44162882028021067, 0.23364018249619378, 0.14486271357373232, 0.17986828354986323], [0.386605715513397, 0.2280090186965298, 0.17338711279963748, 0.21199815289043572], [0.41150180114418655, 0.22797638515303226, 0.1734140242971519, 0.1871077893056293], [0.38862958461850694, 0.22575335394221194, 0.15879566658903171, 0.2268213947502494], [0.41758791230299364, 0.22784969547868703, 0.1678275341794083, 0.18673485793891104], [0.4015507340953972, 0.23327930169629596, 0.16151216097123555, 0.20365780313707124], [0.4393302398181323, 0.23242285394234655, 0.14645159897762502, 0.18179530716189612]], "ideal": "C", "sampled": "C", "correct": true}}
{"type": "result", "data": {"idx": 3, "options": ["China", "United States", "Germany", "Japan"], "probs": [[0.4757775663853751, 0.1955641060872017, 0.17565438149603013, 0.15300394593139302], [0.4751378524552815, 0.19227561066201404, 0.16738980757425515, 0.16519672920844933], [0.451844735453385, 0.19163409444663157, 0.19195497606131082, 0.16456619393867258], [0.4457244971369997, 0.1920520875238612, 0.18943304464861158, 0.17279037059052751], [0.4444969262858093, 0.1770724373079762, 0.19786427929029998, 0.18056635701591453], [0.4285648698890072, 0.1789612445211078, 0.2128696707740692, 0.1796042147158158], [0.4718687165523265, 0.19715328218823142, 0.15367509194155948, 0.1773029092178826], [0.46950482617831796, 0.19312096842502086, 0.14365355454955106, 0.19372065074711012], [0.4496669634826244, 0.18499959452091605, 0.1739806778858763, 0.19135276401058324], [0.4442673722537824, 0.1857152199984793, 0.15896964851057868, 0.21104775913715965], [0.42120460141234006, 0.17597584865861612, 0.19650878329047738, 0.20631076653856645], [0.4205853828628905, 0.17856181464325094, 0.1814915469774108, 0.21936125541644777], [0.46442156813397395, 0.19113601391406898, 0.15875888815477698, 0.18568352969718005], [0.4559041125347056, 0.1936037184520559, 0.15345370310638523, 0.19703846580685325], [0.4735861279018158, 0.1831005458916745, 0.15698617227336972, 0.18632715383314002], [0.4690858861062495, 0.1842849905391524, 0.14380494187243023, 0.20282418138216782], [0.4236069556109647, 0.17432568705833604, 0.20099146362632073, 0.20107589360437852], [0.44498612481314126, 0.1720592009279569, 0.17500149494156345, 0.20795317921733839], [0.3990376233798933, 0.2074218659279667, 0.18890391006810034, 0.20463660052403967], [0.3793570881894231, 0.21324158567318005, 0.2003717362569549, 0.20702958978044195], [0.4076099213128509, 0.20536062691420268, 0.18133243105986424, 0.20569702061308218], [0.40907595167056754, 0.2094663412579989, 0.1683679247981016, 0.213089782173332], [0.3769257124423415, 0.2118715079195747, 0.20553371614447835, 0.20566906339360538], [0.39737615596992715, 0.2066764708147516, 0.18245506687395718, 0.21349230624136406]], "ideal": "A", "sampled": "A", "correct": true}}
{"type": "result", "data": {"idx": 4, "options": ["by 5 fold", "by 10 fold", "by 15 fold", "by 20 fold"], "probs": [[0.3098565134053471, 0.26861275040243376, 0.1952113567160468, 0.22631937937617236], [0.2958697290163486, 0.2645289222771962, 0.20956937342069829, 0.23003197518575685], [0.2996812119827816, 0.27219593116607355, 0.20576610852558938, 0.22235674822555543], [0.3025964931511698, 0.27488328252442384, 0.20142590407916852, 0.22109432014523778], [0.2941452308322676, 0.25493801017444057, 0.21850900675419893, 0.23240775213909284], [0.30511100461014284, 0.25230563812291207, 0.21962828423695194, 0.22295507292999317], [0.2857008831557901, 0.2763524610071327, 0.22593147713768963, 0.21201517859938757], [0.282371069725364, 0.2773825186603665, 0.233984437055071, 0.2062619744591985], [0.2826179311036437, 0.25275684120897546, 0.23783009605740565, 0.22679513152997516], [0.2962253689469705, 0.2568455040198019, 0.2165846079371352, 0.23034451899609243], [0.2867630123805339, 0.2564753889781061, 0.2302385419376924, 0.2265230566036676], [0.29843879187756783, 0.25477677960793677, 0.21827188457261154, 0.22851254384188388], [0.3110360754560917, 0.27817993938853186, 0.20388857714449093, 0.2068954079108855], [0.30631766874601934, 0.28252814513432095, 0.21369427656812692, 0.19745990945153283], [0.339083373512692, 0.2435590475554094, 0.2022167444026909, 0.21514083442920764], [0.33429115509190344, 0.2478360496536009, 0.2090116558907284, 0.20886113926376726], [0.31969461318178743, 0.24825595686718732, 0.2127342851654686, 0.21931514468555668], [0.3296392808578692, 0.24817955121628857, 0.2029489546371859, 0.21923221318865632], [0.27723598890566065, 0.280963752852056, 0.22619131542255538, 0.215608942719728], [0.2732481102856155, 0.2769033353782455, 0.23728940242077382, 0.21255915181536514], [0.3054793133209743, 0.26482268770635303, 0.20652268517153508, 0.22317531370113763], [0.3011624126978831, 0.26520427268462926, 0.21012569335607414, 0.22350762116141354], [0.2986270918529812, 0.2547295505177854, 0.22164301072719114, 0.22500034680204226], [0.31807243346859543, 0.25498643134984944, 0.20521904220288628, 0.22172209287866884]], "ideal": "C", "sampled": "C", "correct": true}}
{"type": "result", "data": {"idx": 5, "options": ["Lower respiratory infections", "Preterm birth complications", "Diarrheal diseases", "Malaria"], "probs": [[0.5621699052325247, 0.17991436882071837, 0.13604710893427505, 0.12186861691248185], [0.6011853127893836, 0.17808557779668732, 0.09426039315919632, 0.1264687161547328], [0.4824197363731604, 0.3024234518467474, 0.09092994913935257, 0.12422686254073963], [0.4851602198130592, 0.3044148796646938, 0.08541215528483982, 0.12501274513740712], [0.5858121513734561, 0.15552689133519346, 0.12341985105234002, 0.1352411061390104], [0.48001705641892634, 0.17142819164465228, 0.1947264129188374, 0.15382833891758393], [0.4555037888729322, 0.25198777029305724, 0.15536380738634767, 0.13714463334766286], [0.5052646661555105, 0.26694382626581137, 0.10154329023838148, 0.12624821724029664], [0.5000216885897922, 0.24033084151232728, 0.13484719193351066, 0.12480027786436977], [0.5054299423125829, 0.2586896813659097, 0.10966115852321644, 0.12621921769829098], [0.49381573511741444, 0.16839839014519925, 0.17938933730151452, 0.1583965373358718], [0.44591290418685126, 0.1749790336758609, 0.21452170927944897, 0.16458635275783884], [0.6771230797853914, 0.14446774338928217, 0.06570851155024095, 0.11270066517508542], [0.6716237438371686, 0.15025400610149128, 0.060856701622367185, 0.11726554833897293], [0.7135666752241994, 0.1282052614430676, 0.05970383429315744, 0.09852422893957559], [0.6948941452835617, 0.13504392108526314, 0.057774045428429996, 0.11228788810274506], [0.6678263743396259, 0.13181685302777735, 0.0782291763414944, 0.12212759619110239], [0.6660565335697418, 0.1294316985904395, 0.07681465377083142, 0.12769711396898728], [0.382001996002144, 0.26323896643867245, 0.16222390530871353, 0.19253513215047], [0.34373449344383494, 0.24055916012260728, 0.22241164577236777, 0.19329470056119], [0.4061207356398817, 0.24314595353314483, 0.16714382917150564, 0.18358948155546778], [0.3771929032069876, 0.24409792587408474, 0.20555106680867727, 0.1731581040102504], [0.3867130692427002, 0.31152332754367673, 0.14265306717677126, 0.1591105359368518], [0.3830884225392918, 0.3183099782904077, 0.1457878136881917, 0.1528137853821088]], "ideal": "A", "sampled": "C", "correct": false}}
{"type": "result", "data": {"idx": 6, "options": ["10%", "20%", "30%", "40%"], "probs": [[0.2882515148790786, 0.28915729684982006, 0.2000410079749903, 0.22255018019611106], [0.2689721028084615, 0.2916970594188498, 0.22167709797903073, 0.2176537396936579], [0.28260394506900804, 0.2969932213576688, 0.20226643676126266, 0.21813639671206048], [0.27350605473867445, 0.29671362809003365, 0.20844468409385877, 0.22133563297743317], [0.276418779411372, 0.3092417464728126, 0.20098403393678743, 0.21335544007902796], [0.2799557959766635, 0.3037007360243861, 0.20353866504962362, 0.21280480284932682], [0.2942537156720866, 0.26464528631440654, 0.21736042847129963, 0.22374056944220724], [0.2875054180334595, 0.2708972394195503, 0.22966545817939552, 0.21193188426759466], [0.2978914753875659, 0.2721055841095151, 0.20350778074704676, 0.22649515965587225], [0.29176124057947905, 0.2707758464907283, 0.21217285952315348, 0.22529005330663915], [0.29233633162124706, 0.2755146499217615, 0.2028409300761814, 0.22930808828081004], [0.2974336014047735, 0.28041841323469435, 0.2063928899084963, 0.21575509535203585], [0.31036751328985707, 0.2789810167856791, 0.19918863170471482, 0.21146283811974897], [0.3050432412008406, 0.27858867408265287, 0.21169414483295462, 0.20467393978355194], [0.31755118471493854, 0.268330590002561, 0.19766695483537464, 0.21645127034712586], [0.29776731130483325, 0.27631348368742603, 0.21659561989525633, 0.20932358501248438], [0.31397148495795557, 0.27364438361703186, 0.19837173521961293, 0.2140123961053996], [0.31573396918000496, 0.27951657769269045, 0.1995198577442921, 0.2052295952830125], [0.3282031665681943, 0.27284961529551927, 0.18889803901067806, 0.21004917902560838], [0.333113541178963, 0.2684516528441779, 0.19172310255865996, 0.20671170331819913], [0.33645895621480076, 0.26697248615594005, 0.18775163868802278, 0.2088169188412364], [0.33010437097513623, 0.2661212603147562, 0.2021663873539941, 0.20160798125611348], [0.3424590280676011, 0.2634078601247096, 0.18809056560439336, 0.20604254610329595], [0.3527637281406496, 0.2630877314135081, 0.18785134795745306, 0.19629719238838925]], "ideal": "C", "sampled": "D", "correct": false}}
{"type": "result", "data": {"idx": 7, "options": ["29%", "49%", "69%", "89%"], "probs": [[0.4141317605558158, 0.22609481213216043, 0.1829429566677256, 0.17683047054429815], [0.41688830277458744, 0.2205646219713157, 0.1815535005977022, 0.18099357455639462], [0.4241140656013144, 0.22430897578413392, 0.17608086238289797, 0.17549609613165368], [0.42745921216051924, 0.2261804957596154, 0.16938042410858611, 0.17697986787127923], [0.38027676789211995, 0.21753324696729173, 0.19352237830032684, 0.20866760674026144], [0.4163744561088441, 0.2068904247573064, 0.19596849994032647, 0.180766619093523], [0.4219013577844409, 0.21971077379505474, 0.1837509180049405, 0.17463695031556387], [0.4182573494156565, 0.2178126987923024, 0.185179677807951, 0.1787502738840901], [0.4243904713026052, 0.23168121621201082, 0.1655460322564106, 0.17838228012897336], [0.4255206584504899, 0.23238146302760412, 0.16598106919059336, 0.17611680923131257], [0.4059895756132033, 0.22869322723962288, 0.16871731735795303, 0.19659987968922077], [0.42420839627004847, 0.22099095251449946, 0.17907927661715362, 0.17572137449829844], [0.4465367958535217, 0.20844567688867138, 0.17147059225899125, 0.1735469348988157], [0.44793712467686747, 0.20585159429060382, 0.17473111147696213, 0.17148016945556657], [0.46179222828253924, 0.2156281599561212, 0.15909671240030482, 0.16348289926103476], [0.4590398668783819, 0.21772232649533288, 0.1656908839775334, 0.15754692254875183], [0.4288910924959445, 0.21997311709111608, 0.1621506810026143, 0.1889851093103251], [0.4266207388623881, 0.22227894595191508, 0.17442793622573557, 0.17667237885996123], [0.3858735984532483, 0.22777522079863793, 0.1874356632893555, 0.1989155173587583], [0.393123889032571, 0.22835199192338532, 0.1969334900639193, 0.18159062888012434], [0.4139138696090639, 0.23689125122903285, 0.16948352499871092, 0.17971135406319236], [0.40210785858621656, 0.2336930597534575, 0.19232982108562402, 0.17186926047470188], [0.41054867015906493, 0.2349709070208592, 0.17065024664113687, 0.18383017607893898], [0.421161955868238, 0.23731378072084777, 0.16974321258968242, 0.17178105072123181]], "ideal": "C", "sampled": "C", "correct": true}}
{"type": "result", "data": {"idx": 8, "options": ["18%", "38%", "58%", "78%"], "probs": [[0.35087096530824236, 0.2581369645811004, 0.1866998058341182, 0.20429226417653906], [0.3506837382358182, 0.25808253112588786, 0.18379616187772513, 0.20743756866056878], [0.3618220252251316, 0.262163293134131, 0.17809354563184784, 0.1979211359088895], [0.3561242467386401, 0.2621653338681952, 0.18378750704197758, 0.1979229122511871], [0.34798210855818884, 0.2561176419002, 0.17676421998163694, 0.2191360294599742], [0.35983378227679397, 0.2566211261585201, 0.17718346679202332, 0.20636162467266253], [0.37057475908454346, 0.22954186330862583, 0.20033195018248923, 0.19955142732434145], [0.3680062889684789, 0.23152473566601073, 0.19592609999604765, 0.20454287526946272], [0.38156200020017295, 0.24395482603188862, 0.16575423128369263, 0.20872894238424577], [0.3868402723032745, 0.24364531801751685, 0.17074703659653756, 0.19876737298267108], [0.36523014847605123, 0.24467622105828266, 0.16370482985088564, 0.22638880051478044], [0.39012202543008423, 0.24559785762937528, 0.16690665235241012, 0.1973734644881304], [0.39362390652463763, 0.22547710757751216, 0.18488306744386457, 0.19601591835398557], [0.3838306619888571, 0.22679756041903235, 0.19208544263539137, 0.19728633485671915], [0.4100199761582666, 0.22766178032451492, 0.16740869482895626, 0.19490954858826223], [0.40783191330872476, 0.23000896317460237, 0.17723122501435648, 0.18492789840231638], [0.39282826170611435, 0.24344821634612177, 0.15542946985939743, 0.20829405198836645], [0.4055844722108427, 0.24360635148216012, 0.15804309670408365, 0.1927660795029135], [0.3666972542413006, 0.22710829768977187, 0.1892289825169026, 0.21696546545202497], [0.3864148143615899, 0.22480010314123608, 0.19323814827541863, 0.19554693412175533], [0.3831172470926411, 0.23005945292617666, 0.17719098395748323, 0.209632315923699], [0.3893952369300546, 0.23380927739189464, 0.18585094807673655, 0.19094453750131418], [0.3967775822729546, 0.23830898528507025, 0.16719432916186736, 0.19771910318010777], [0.40678476677068093, 0.2368083113670721, 0.16609620798810035, 0.19031071377414663]], "ideal": "C", "sampled": "C", "correct": true}}
{"type": "result", "data": {"idx": 9, "options": ["11%", "26%", "41%", "56%"], "probs": [[0.3463925329334368, 0.2556530389323309, 0.18214419077864907, 0.21581023725558326], [0.35175081035700173, 0.24776978049870854, 0.18797481988055828, 0.21250458916373144], [0.34998809766267497, 0.2543118855950453, 0.18406885586225805, 0.21163116078002164], [0.3505160159935312, 0.25086974721322497, 0.19630261961191917, 0.20231161708132464], [0.34950852390608916, 0.2461568116895567, 0.1896775364686116, 0.21465712783574253], [0.3539550145828665, 0.24929814413834447, 0.18919182466201306, 0.20755501651677596], [0.37357217429468104, 0.22134799251858164, 0.19946146302566253, 0.20561837006107478], [0.3870415744847682, 0.21547246298233347, 0.19731882506600978, 0.2001671373668885], [0.39633172746509704, 0.22787415979013984, 0.167468309385719, 0.20832580325904412], [0.3910688511101706, 0.23192234918441906, 0.1871702093149003, 0.18983859029051], [0.3890970290942756, 0.22367910705238295, 0.16961726291841947, 0.21760660083492198], [0.4059286354682926, 0.22610845822653403, 0.17693429919895998, 0.19102860700621338], [0.3853627511257361, 0.2179298121753074, 0.18457939118808125, 0.21212804541087524], [0.37729025614719125, 0.2133779994406707, 0.207975017528299, 0.20135672678383904], [0.40073553315354254, 0.21651824016085283, 0.17210975751885713, 0.21063646906674752], [0.3954474152774207, 0.22024150696095024, 0.19531839210888838, 0.18899268555274062], [0.4019150555302636, 0.23112092108563803, 0.16209874038561664, 0.20486528289848177], [0.40913010249114745, 0.22801687160859518, 0.17023791624747917, 0.19261510955277816], [0.3928190352279807, 0.21859831454361056, 0.1823060756052198, 0.20627657452318895], [0.40021206731930503, 0.2193792843784273, 0.18578978817423597, 0.1946188600280317], [0.41674479217020394, 0.21815710932580923, 0.16564957549033715, 0.1994485229136497], [0.4124173275763244, 0.222549320881206, 0.17986026822554924, 0.18517308321692036], [0.4319111108347996, 0.2156796455167621, 0.16109921036539795, 0.19131003318304032], [0.42781159277452535, 0.21357010302792126, 0.17242160437767057, 0.18619669971988284]], "ideal": "B", "sampled": "D", "correct": false}}
{"type": "result", "data": {"idx": 10, "options": ["23%", "38%", "53%", "68%"], "probs": [[0.3636951473218731, 0.23590096561479668, 0.20660537430028056, 0.19379851266304965], [0.3810292297527405, 0.23959229108060456, 0.19724417318649087, 0.18213430588016405], [0.3933703420177224, 0.2473325206787172, 0.18258159404900526, 0.1767155431545551], [0.38560366052103934, 0.2350349987058, 0.20616025913441513, 0.17320108153874555], [0.3943401633455424, 0.2479756809221438, 0.17204861597558882, 0.18563553965672494], [0.3980611921114309, 0.2463773192888098, 0.18212363526647163, 0.1734378532332877], [0.3867181423897817, 0.21457640185068844, 0.21660297461361366, 0.1821024810459162], [0.4186575412331587, 0.21807953713143607, 0.19455601273021633, 0.16870690880518893], [0.422537993334985, 0.24197498369889234, 0.162657939060548, 0.17282908380557466], [0.4170211664756822, 0.23886858346747203, 0.17361035165196456, 0.17049989830488116], [0.4185184302286774, 0.2358281796313161, 0.16619585700453127, 0.1794575330354752], [0.4239741328526868, 0.23153266653387064, 0.1710210914890973, 0.17347210902434523], [0.4521507389711798, 0.21104865088511002, 0.1685732180989078, 0.16822739194480235], [0.43761706347857715, 0.2042258530650953, 0.20020428297901827, 0.15795280037730927], [0.46801920135166614, 0.21181862685405856, 0.1540114031283446, 0.1661507685659307], [0.46047014915197176, 0.21166247671234797, 0.17182088618553087, 0.15604648785014935], [0.4539740450818461, 0.23287999974663806, 0.14940062386390587, 0.16374533120761], [0.46483839246211817, 0.23126891597683574, 0.14383664940105942, 0.16005604205998666], [0.45581551439147616, 0.20949491302786533, 0.16227365263897117, 0.17241591984168733], [0.4635079709800089, 0.20644923475328456, 0.17033832534956717, 0.15970446881713937], [0.46269650174387383, 0.20296043738360173, 0.1621009634823988, 0.17224209729012566], [0.4641630191387399, 0.20039715468063155, 0.17312890805447054, 0.162310918026158], [0.4755874219368588, 0.218597559713501, 0.14951177316066291, 0.15630324508897722], [0.48792738372627636, 0.21741017826783474, 0.14405393182192638, 0.15060850608396253]], "ideal": "D", "sampled": "D", "correct": true}}
{"type": "result", "data": {"idx": 11, "options": ["5%", "10%", "15%", "25%"], "probs": [[0.32965843392629024, 0.24167871882530995, 0.20131044677969348, 0.22735240036870633], [0.32663905130578447, 0.23572829012110477, 0.2124559698420504, 0.22517668863106036], [0.33758454505451646, 0.24362013505585228, 0.19671323307236155, 0.2220820867172697], [0.32738010067586887, 0.24381510147443394, 0.2031581164144406, 0.2256466813352566], [0.3361468712991163, 0.24265830939543495, 0.19296558774465628, 0.22822923146079246], [0.34113987768546894, 0.24240517252636065, 0.19891218542684522, 0.21754276426132516], [0.3354649345379859, 0.2420996350433613, 0.2017208546711204, 0.22071457564753236], [0.3380740683358812, 0.23646018611391656, 0.2064933689177183, 0.21897237653248391], [0.3290521653091203, 0.23378996993692447, 0.21727957348083168, 0.21987829117312355], [0.3208056831399226, 0.23899247818251823, 0.20848859286407584, 0.23171324571348334], [0.32394343128625486, 0.2413420491969337, 0.2042336731314024, 0.23048084628540907], [0.32724873257888765, 0.24378959869154634, 0.19984184502499555, 0.22911982360457045], [0.3815036713695492, 0.23180542883939118, 0.17863555250765678, 0.20805534718340285], [0.372233144736805, 0.233371450482602, 0.19140529281402635, 0.2029901118665666], [0.39001666840090327, 0.2124199397601818, 0.19139434045989717, 0.20616905127901775], [0.374008690886181, 0.2169350715798027, 0.19530090978727144, 0.21375532764674485], [0.35945124268208134, 0.22543357456852262, 0.20309037247710815, 0.2120248101722879], [0.3723567834826518, 0.22632946746260021, 0.18851134740945125, 0.21280240154529675], [0.3605525332081731, 0.24072458261565532, 0.18267653064049016, 0.21604635343568143], [0.35643060605078714, 0.23791366386628718, 0.19216425083880365, 0.213491479144122], [0.3675810803874637, 0.22696985978508816, 0.19525667114858325, 0.21019238857886494], [0.3601980101643016, 0.22945372074175954, 0.19118280137108848, 0.21916546762285039], [0.3581958114742665, 0.2281581163178214, 0.20566277203887434, 0.20798330006903779], [0.375462444427134, 0.23181490360751447, 0.18146714704403966, 0.2112555048213119]], "ideal": "B", "sampled": "C", "correct": false}}
{"type": "result", "data": {"idx": 12, "options": ["2%", "4%", "9%", "18%"], "probs": [[0.3102535147768031, 0.25831116397976867, 0.19903928929242698, 0.23239603185100127], [0.31945336937967994, 0.25781087528208435, 0.20494424073171139, 0.21779151450652431], [0.321884205252997, 0.27662338979388523, 0.18518694681500403, 0.21630545803811374], [0.31707865941568375, 0.2724907181136725, 0.1941497830599047, 0.21628083931073908], [0.32416665067759015, 0.2829897063242075, 0.1752189073503795, 0.21762473554782286], [0.3247015975179936, 0.2790626204014123, 0.17823209825664324, 0.2180036837239509], [0.3392010381359562, 0.25714406751719715, 0.18624389447262932, 0.2174109997742173], [0.3506164006630101, 0.2616299429517116, 0.18951554876929122, 0.19823810751598706], [0.33832174032044143, 0.27739238322892884, 0.17732472451754316, 0.20696115183308653], [0.3305895377452819, 0.27965268906617125, 0.18440495704363938, 0.20535281604490752], [0.3469899983661085, 0.28443433136275215, 0.16300081233535516, 0.20557485783578425], [0.34564254089396784, 0.27911467257966893, 0.17026745002746738, 0.20497533639889587], [0.3489465623117165, 0.27292414143480365, 0.17445079530227872, 0.20367850085120112], [0.3564762227845781, 0.2702148298680998, 0.18098190694700714, 0.19232704030031494], [0.36531562153792424, 0.2684752682845825, 0.16895817470288746, 0.19725093537460575], [0.3595584171848266, 0.2726054367475847, 0.17977061062278968, 0.18806553534479897], [0.35449442792110825, 0.2816994529934078, 0.16645035394032784, 0.19735576504515606], [0.34964683648427664, 0.2779708504398848, 0.1776231378139256, 0.19475917516191293], [0.3681302532839817, 0.2541227156022602, 0.17284018572212229, 0.20490684529163583], [0.3743688929169525, 0.25048677250414086, 0.173108734461136, 0.20203560001777054], [0.37920350397614705, 0.2577618994717611, 0.1647337401453887, 0.1983008563067031], [0.37463106395869084, 0.25871209464073325, 0.1706110315127394, 0.1960458097878365], [0.38582975923898016, 0.2622942508959326, 0.16515801107015624, 0.18671797869493098], [0.39101356264018944, 0.25774958727166464, 0.16482461987277688, 0.1864122301153691]], "ideal": "C", "sampled": "D", "correct": false}}
{"type": "result", "data": {"idx": 13, "options": ["minimum wage legislation", "land reform", "progressive taxation", "increased access to education"], "probs": [[0.24255109192316768, 0.2560900785680337, 0.21334638017288798, 0.28801244923591063], [0.23581954398566593, 0.25694794608830646, 0.20433712917030014, 0.30289538065572746], [0.24263286588149843, 0.264261871549883, 0.21398776767498184, 0.27911749479363673], [0.2395809405864963, 0.2572311124360955, 0.19545703833149777, 0.30773090854591045], [0.23039246063346386, 0.2362107677725332, 0.2376045925258351, 0.29579217896816784], [0.22486400787250702, 0.23403582228136843, 0.2241260129083094, 0.31697415683781516], [0.2328966259723463, 0.23835214970112512, 0.23493194577728804, 0.2938192784492405], [0.2286605489916672, 0.23416006119413318, 0.22007822481926909, 0.3171011648949305], [0.2552613171835577, 0.2533243747293572, 0.19779456838743234, 0.2936197395996527], [0.24740836021810278, 0.2573142349462687, 0.2070153653414658, 0.2882620393941627], [0.23478742641209396, 0.2440323008064468, 0.19622679637576249, 0.32495347630569676], [0.23547846864853492, 0.24491972488935174, 0.22308837700376102, 0.29651342935835234], [0.24855258309002456, 0.23523174924976953, 0.23935789580806327, 0.27685777175214266], [0.24322889742803153, 0.2267919033539001, 0.21315011379971466, 0.3168290853183537], [0.26323161153262575, 0.24908266222227307, 0.20349187817697406, 0.28419384796812713], [0.25727087256719894, 0.2551253735764009, 0.21478268501994935, 0.2728210687364508], [0.25538500760348337, 0.238094832901766, 0.19436652666820736, 0.31215363272654323], [0.25283653295004827, 0.24323048419995125, 0.23585980341042248, 0.268073179339578], [0.2149777412199573, 0.2305869757898533, 0.26630443331916426, 0.2881308495710252], [0.21328361549130403, 0.22882378225280733, 0.24398013982835587, 0.3139124623275328], [0.23475584826107376, 0.2635549784834143, 0.19676374507529, 0.30492542808022194], [0.23678099322278762, 0.2620999890929618, 0.22142466070299396, 0.27969435688125666], [0.23878821728225827, 0.26436609027126234, 0.19107380507465788, 0.3057718872718215], [0.23713303316644868, 0.26678035455599985, 0.2326249251319279, 0.26346168704562356]], "ideal": "A", "sampled": "C", "correct": false}}
{"type": "result", "data": {"idx": 14, "options": ["36%", "56%", "76%", "96%"], "probs": [[0.4201892974580743, 0.2224928769618236, 0.17454688509368183, 0.18277094038642028], [0.4165676769709108, 0.22065156367223962, 0.1814386668405491, 0.1813420924163005], [0.42332151527939943, 0.22770696876156157, 0.17045634983265529, 0.1785151660263837], [0.4216743958572712, 0.2305022466251569, 0.1699123334662478, 0.17791102395132416], [0.4020289836702659, 0.23024579998063516, 0.17238614424017906, 0.19533907200891992], [0.4135536376287336, 0.22601764575419594, 0.17741522719919445, 0.18301348931787603], [0.4269503525381398, 0.21563053976434243, 0.18019623515603322, 0.17722287244148452], [0.43054525115303555, 0.21419427329271654, 0.18184103747094532, 0.1734194379833026], [0.4312104389589262, 0.2319687053939278, 0.16060646648858173, 0.17621438905856426], [0.4289838373232057, 0.2308419793613381, 0.16757442055456975, 0.1725997626608864], [0.41407932593021557, 0.2298418214734482, 0.16420401141777669, 0.19187484107855957], [0.42318535935288626, 0.22771446876717252, 0.17055165003538872, 0.1785485217445525], [0.43169835612639035, 0.21805294046290083, 0.1766250773119089, 0.1736236259987999], [0.43527638259235807, 0.21658421727958785, 0.17828874022535657, 0.16985065980269748], [0.4481526910810545, 0.22298195955907693, 0.15942704675987515, 0.16943830249999342], [0.44075812218425225, 0.22273036009022595, 0.17492926640338602, 0.16158225122213576], [0.4170382196176777, 0.22786846075555503, 0.17067697133869922, 0.18441634818806807], [0.4277904906597241, 0.23013783764491055, 0.1671031886840261, 0.1749684829113393], [0.3687317857155489, 0.23177955351599228, 0.1998296320289329, 0.19965902863952598], [0.3721230383161569, 0.2303457592248907, 0.2081625790412072, 0.1893686233177452], [0.3826919127732433, 0.233232497146201, 0.18314425246936009, 0.20093133751119557], [0.3756489585419325, 0.23254672141074004, 0.20368591528498145, 0.18811840466234603], [0.3862855434031439, 0.23550680277376682, 0.19066379962445015, 0.1875438540986391], [0.3990117609101873, 0.23951332268703956, 0.1794877201139253, 0.1819871961888478]], "ideal": "B", "sampled": "C", "correct": false}}
{"type": "result", "data": {"idx": 15, "options": ["6%", "13%", "27%", "46%"], "probs": [[0.2639327229027541, 0.28641505746294155, 0.24253622100895203, 0.20711599852535237], [0.2590637764215123, 0.28547980953163454, 0.2614717742319929, 0.19398463971486019], [0.2752741317961633, 0.3182583796400217, 0.20652097769282815, 0.19994651077098685], [0.26329219338645155, 0.32410970326997246, 0.22734770176521385, 0.18525040147836216], [0.25964913428370234, 0.29541963674872596, 0.2242679991258229, 0.2206632297417488], [0.2790145360850787, 0.30287907427140415, 0.23359747924845387, 0.18450891029506328], [0.29565644701827065, 0.25368664044118194, 0.2552031018360028, 0.19545381060454461], [0.30037675200011893, 0.2577180640951784, 0.2553615347893442, 0.18654364901535847], [0.30992819470369104, 0.30170206863983134, 0.19587058441450866, 0.19249915214196897], [0.3071721746141676, 0.30378922364372135, 0.20987693650595252, 0.17916166513615847], [0.3025664849619576, 0.28083072834645495, 0.20675601628935986, 0.2098467703022276], [0.3233509015214313, 0.2820573108799731, 0.217440452890103, 0.17715133460849258], [0.356700615103663, 0.24212906844559764, 0.20853654480293646, 0.19263377154780284], [0.3476214253128003, 0.2473726012739853, 0.23402989352255718, 0.17097607979065715], [0.37460798021385144, 0.25051137802479934, 0.19642800090732862, 0.1784526407540206], [0.3642494380109841, 0.2513342201458413, 0.2162903845093921, 0.16812595723378249], [0.37164950920873, 0.25646105788260665, 0.19185181246048683, 0.18003762034817647], [0.37532939943897436, 0.2550112268817041, 0.19364744134326298, 0.1760119322360586], [0.3357296535673336, 0.24646237122839165, 0.20901111944893347, 0.20879685565534134], [0.35655469230058634, 0.24594346052844765, 0.22205897004259761, 0.17544287702836842], [0.361567944252097, 0.25335481760352496, 0.19873106477657465, 0.18634617326780337], [0.3659730662329514, 0.2524853721749238, 0.207321411568694, 0.1742201499234308], [0.38107123399334314, 0.25483023738055866, 0.190787878750738, 0.17331064977536026], [0.3833313824846763, 0.25637870642394966, 0.1888103605795287, 0.1714795504118453]], "ideal": "B", "sampled": "C", "correct": false}}
{"type": "result", "data": {"idx": 16, "options": ["34%", "49%", "64%", "79%"], "probs": [[0.3728319891070424, 0.2455486879833754, 0.18974442212637965, 0.19187490068320256], [0.3665835857024774, 0.24907699224842297, 0.19556152818631542, 0.1887778937627842], [0.37589857718174274, 0.2361505635650898, 0.18833038576565075, 0.19962047338751668], [0.3763495199408144, 0.2292421677253532, 0.19765408924194788, 0.1967542229918845], [0.3486421094210095, 0.26010129507849694, 0.17470528111749717, 0.2165513142829964], [0.3784345073943273, 0.25711562162418117, 0.17265105042005494, 0.19179882046143654], [0.37056360197181687, 0.22220579118601372, 0.2072713554781732, 0.19995925126399616], [0.3725367860101581, 0.2268812222920736, 0.21166047680285072, 0.18892151479491756], [0.3657310306660178, 0.25649753210363796, 0.16436903177048173, 0.21340240535986246], [0.3843817102809103, 0.25720872408624773, 0.17825785115499776, 0.18015171437784425], [0.34775762710200225, 0.26365723417574405, 0.16906986625083772, 0.219515272371416], [0.3918631549620586, 0.2620731113025634, 0.1680204943259644, 0.17804323930941357], [0.42429654070356004, 0.20111157597412938, 0.18187507037117479, 0.19271681285113582], [0.43312250272703706, 0.19590995619990464, 0.19458427443393495, 0.17638326653912334], [0.4329483146093222, 0.20529916574542365, 0.1588191366212822, 0.20293338292397192], [0.4315050565396175, 0.20459085735054763, 0.1908950351654604, 0.17300905084437446], [0.4424675074919032, 0.23414045315573281, 0.14320314352249, 0.18018889572987398], [0.43743845816052557, 0.23878771064277773, 0.1483986228556054, 0.17537520824109132], [0.3829894122543814, 0.20573140985296323, 0.1980088829499493, 0.21327029484270604], [0.41274460625959253, 0.20816588150361998, 0.1973594544546807, 0.18173005768210682], [0.404484700915686, 0.20420864799624136, 0.17630120321979006, 0.2150054477682826], [0.4339090987348674, 0.20560376915050907, 0.19188722108379905, 0.16859991093082446], [0.4308745860622592, 0.2243579625859016, 0.1579960435470895, 0.18677140770474968], [0.44865221755255, 0.22284712389056574, 0.15693938029004123, 0.17156127816684302]], "ideal": "A", "sampled": "D", "correct": false}}
{"type": "result", "data": {"idx": 17, "options": ["62%", "72%", "82%", "92%"], "probs": [[0.392323809479752, 0.24605691040336297, 0.17557597943469386, 0.18604330058219115], [0.3795805686207684, 0.2418918681466643, 0.18382731626065058, 0.1947002468719167], [0.38779221805651687, 0.24321142601884876, 0.17631297776387375, 0.1926833780607606], [0.3886960214764985, 0.24389831755712563, 0.1741131887194334, 0.19329247214694242], [0.36583996905721466, 0.2331103900768817, 0.19163133773172883, 0.2094183030341748], [0.387182407768537, 0.23540404349619753, 0.1817925978593588, 0.19562095077590663], [0.38457843199295616, 0.24114752637589765, 0.18612877848711967, 0.18814526304402648], [0.3846836869128206, 0.2375679690133001, 0.18346370208027052, 0.19428464189360878], [0.3816654936588664, 0.24321293144062514, 0.17631357820235655, 0.19880799659815196], [0.3848440291370947, 0.24534694482395886, 0.17237758377888218, 0.19743144216006425], [0.3545886681496759, 0.2367978315354368, 0.18571816936418423, 0.22289533085070307], [0.38326080362812265, 0.2367227779117184, 0.17713841095904226, 0.20287800740111664], [0.3597596233759235, 0.24021514889855378, 0.19738767745029442, 0.2026375501752283], [0.359649357137579, 0.2401511400810491, 0.19438019351059949, 0.20581930917077237], [0.37796461742580584, 0.24089818885762118, 0.1747738737606666, 0.20636331985590636], [0.3761358968875943, 0.23974899169637345, 0.18505740715373925, 0.199057704162293], [0.35097181270529115, 0.2381261998456085, 0.1867493512034028, 0.22415263614569755], [0.3673389687466312, 0.24156798830143958, 0.18081296170275957, 0.21028008114916966], [0.3192671787528732, 0.2416201644652836, 0.20812534973737515, 0.23098730694446806], [0.3280580590626654, 0.252035763059152, 0.21049818080796584, 0.20940799697021678], [0.33415411903633613, 0.24508955341839977, 0.18640100398580844, 0.23435532345945567], [0.34956746248184395, 0.2523862048020043, 0.1948964537516112, 0.20314987886454056], [0.32840335365826073, 0.24859899279969455, 0.18902623651521602, 0.23397141692682868], [0.36551561660250076, 0.25992304740425054, 0.17175951552823557, 0.20280182036501315]], "ideal": "C", "sampled": "B", "correct": false}}
