{"type": "result", "data": {"idx": 0, "options": ["a force that works through matter", "essentially a philosophical notion", "merely a property of a certain kind of matter", "a supernatural phenomenon"], "probs": [[0.1922704044267309, 0.23282756358317777, 0.37738056280204285, 0.19752146908804846], [0.15754622454179748, 0.17990128962239613, 0.21508482416929922, 0.4474676615665072], [0.2822916293544893, 0.358274798306007, 0.18444324087573147, 0.17499033136377218], [0.22636001484395493, 0.3111024293320937, 0.1997114926290921, 0.2628260630948593], [0.16226210946811687, 0.20662264215932394, 0.2551714143621349, 0.37594383391042424], [0.11786463373908362, 0.14851953419719047, 0.5464718463426896, 0.18714398562103624], [0.20135722752349805, 0.22924598707579924, 0.38943009984428406, 0.17996668545641867], [0.1555763906744056, 0.18627117294786547, 0.2159737167146341, 0.4421787195630948], [0.2206452918216652, 0.4482604531948803, 0.18270559206003326, 0.14838866282342122], [0.10041982383408495, 0.23125381309106233, 0.11877872579602997, 0.5495476371788227], [0.08713348598503642, 0.14816293781242532, 0.5599075805539677, 0.2047959955485705], [0.07413752210581583, 0.11336532725678723, 0.6450375769751499, 0.1674595735622471], [0.42066895957554784, 0.24841290709872438, 0.16425471006181397, 0.1666634231639138], [0.3422067855131082, 0.2291934353364731, 0.18620458623665656, 0.24239519281376215], [0.356241391097508, 0.24202909655068905, 0.22300168376428653, 0.1787278284875164], [0.12210159656598854, 0.1437151272174415, 0.15156385188104132, 0.5826194242355286], [0.20968084035207116, 0.21772632000653241, 0.3594067096350798, 0.21318612990631658], [0.12676412978203655, 0.15876948358707949, 0.16475398345867376, 0.5497124030722101], [0.17787326075414614, 0.34569255948964384, 0.17509274890343435, 0.30134143075277564], [0.17565474174135837, 0.26914924781535593, 0.3798206504772859, 0.17537535986599975], [0.09150762314568962, 0.16955462475410216, 0.5384921551365327, 0.20044559686367552], [0.08184516063206292, 0.13518176367204665, 0.5982588261545997, 0.18471424944129072], [0.17630436444106873, 0.5916800210909452, 0.11337597513280898, 0.11863963923517704], [0.1298576891292414, 0.5327782034341184, 0.09637713431348241, 0.24098697302315777]], "ideal": "C", "sampled": "C", "correct": true}}
{"type": "result", "data": {"idx": 1, "options": ["In ancient Rome, religious worship was decentralized and tended to vary with one's social position.", "In ancient Rome, religious worship was the source of much social tension and turmoil.", "In ancient Rome, religious worship was homogeneous and highly centralized.", "In ancient Rome, religious worship was revolutionized by the introduction of Christianity."], "probs": [[0.3192429887816397, 0.234504554166359, 0.19037373645746947, 0.2558787204945318], [0.30139545337855966, 0.24243518391545305, 0.1739194561427171, 0.2822499064632702], [0.32905420657682055, 0.27034553882756446, 0.1372111439567684, 0.2633891105388466], [0.34078516095978784, 0.267854344871126, 0.14265955130787614, 0.24870094276120996], [0.30525840486463646, 0.24210484370523522, 0.15790410887187553, 0.2947326424582528], [0.32337316385592096, 0.23271369584984464, 0.18484370133155337, 0.259069438862681], [0.31986052747926874, 0.25426254431633294, 0.17785072854918124, 0.24802619955521707], [0.2957631481484266, 0.2615712699734931, 0.16189222759887936, 0.2807733541792009], [0.31144157513009796, 0.2477132565684748, 0.19168122396461476, 0.24916394423681248], [0.22432904764766184, 0.24671267725406565, 0.1824929063586816, 0.34646536863959093], [0.28883246875642365, 0.24397407070226862, 0.179048620700006, 0.28814483974130173], [0.2574916779737473, 0.24253162739235756, 0.1751896440807629, 0.3247870504531323], [0.3479299648631366, 0.2685255488045373, 0.134183530024686, 0.24936095620764015], [0.3344282011182918, 0.2709533950699635, 0.14326516219331156, 0.2513532415184331], [0.3196611546998956, 0.2389856981538726, 0.18944951246793812, 0.2519036345782937], [0.26663156943886124, 0.23999060330389213, 0.1774788472254591, 0.3158989799317875], [0.3265405844340926, 0.23733941854637597, 0.18240150535664587, 0.2537184915628855], [0.27235307880966647, 0.23806032181295875, 0.1665293996386683, 0.32305719963870644], [0.30042824593800466, 0.25801277542533396, 0.15581844977695897, 0.2857405287597024], [0.3046648592842392, 0.2543191985328747, 0.1852550263593618, 0.2557609157235242], [0.2779124974926555, 0.24593834576531554, 0.19401742516007975, 0.2821317314819492], [0.2540426774354248, 0.24317366647751265, 0.18701110221032477, 0.31577255377673774], [0.30267313844864224, 0.24929554390682707, 0.1975179614288311, 0.2505133561156996], [0.24770155532872565, 0.24898444107572523, 0.1756386116352045, 0.3276753918603446]], "ideal": "A", "sampled": "A", "correct": true}}
{"type": "result", "data": {"idx": 2, "options": ["Many were accomplished scientists, who added important pieces to human understanding of the universe.", "They utilized new methods of communicating their ideas, such as salons and inexpensive printed pamphlets.", "Most rejected religion altogether and adopted atheism as the only credo of a rational man.", "Many believed that the new scientific discoveries justified a more tolerant and objective approach to social and cultural issues."], "probs": [[0.19424140161953965, 0.24780241773329093, 0.19943552910128357, 0.35852065144588585], [0.2004406690265764, 0.2596863728595455, 0.2773784018066785, 0.26249455620719964], [0.1801764219819137, 0.23328420517495954, 0.23764090237625268, 0.34889847036687405], [0.19823738943759656, 0.2485365235157234, 0.24974959715568978, 0.3034764897909903], [0.23198652265136188, 0.31471362706851946, 0.1978012919228163, 0.25549855825730233], [0.23447128429239872, 0.30377565906062837, 0.17367702203214808, 0.28807603451482483], [0.21170476392334756, 0.24939781796521154, 0.2103158117667497, 0.3285816062446912], [0.20632016041837764, 0.25076981629099665, 0.2895202252122255, 0.2533897979784002], [0.21119729311730362, 0.25652284192031904, 0.23404458860335545, 0.2982352762590219], [0.20225499869730604, 0.25349042194767707, 0.2879370791614766, 0.25631750009354026], [0.24317539501215946, 0.351257820354806, 0.1770194268937884, 0.22854735763924613], [0.24321825759471685, 0.34575085909192477, 0.1714456183408487, 0.2395852648725097], [0.17705088417254938, 0.2515984625325412, 0.24452379310807884, 0.3268268600868306], [0.19709915529757477, 0.25908859403424717, 0.25599433824865575, 0.28781791231952236], [0.19152189789287327, 0.2597970366218169, 0.23697517809882293, 0.3117058872864869], [0.17731840642529173, 0.2600520512193854, 0.2953281358285241, 0.2673014064267988], [0.22228194936987813, 0.30619596733041093, 0.19840461001830667, 0.2731174731814043], [0.21569443389686, 0.3017484933357237, 0.2214928335174807, 0.26106423914993565], [0.28611287471771135, 0.2544654607518362, 0.20217627284889247, 0.25724539158156], [0.28726401922214334, 0.24384015796130323, 0.17625239489700184, 0.29264342781955155], [0.28407024064485603, 0.25692253153783423, 0.19149134195209885, 0.2675158857652109], [0.276596584190979, 0.2538969592167444, 0.18337470837710515, 0.28613174811517145], [0.2743363041255274, 0.25561424706385066, 0.1907177985906946, 0.27933165011992733], [0.2713420350378308, 0.2567809483631823, 0.2038378833948699, 0.26803913310411703]], "ideal": "D", "sampled": "D", "correct": true}}
{"type": "result", "data": {"idx": 3, "options": ["The duke, as a member of the French nobility, is sympathetic to King Louis.", "The duke, as a member of the French nobility, is biased against the king because of his suppression of the nobility.", "The duke, as a member of the French nobility, supported the extension of the administrative, financial, military, and religious control of the central state over the French population.", "The duke, as a member of the French nobility, supported King Louis's preservation of the aristocracy's social position and legal privileges, while he removed their power."], "probs": [[0.1666522373597721, 0.2627782664764443, 0.2154512723795927, 0.35511822368419094], [0.1984118937301048, 0.2716228527526346, 0.25264777256392834, 0.27731748085333224], [0.16482138386476813, 0.25201388815484754, 0.2376642638555288, 0.3455004640248555], [0.1915531640127577, 0.26432801695039954, 0.27438540608610223, 0.26973341285074054], [0.21187821255721537, 0.2832952270644595, 0.22896677378708624, 0.27585978649123893], [0.20111986992732148, 0.2754801511489046, 0.23319014904551338, 0.2902098297782605], [0.16464228681106594, 0.28068100985043304, 0.21976953415208486, 0.33490716908641616], [0.19003847239501287, 0.29025921222645196, 0.2618812024331472, 0.25782111284538795], [0.16668195772468236, 0.2588378450188804, 0.25599070999460466, 0.31848948716183256], [0.17371270576506326, 0.2633665282274132, 0.3102536591652817, 0.25266710674224185], [0.20766106498185025, 0.30512217845713563, 0.22469234615151182, 0.2625244103095023], [0.19397250149858394, 0.2963083507534579, 0.2250880017599084, 0.2846311458880497], [0.17567693742407564, 0.2705573898615521, 0.23616066490199883, 0.31760500771237343], [0.19757528913576808, 0.2791835797040479, 0.2596915507240748, 0.2635495803361092], [0.17435904556144416, 0.26048468376394907, 0.23456514320865915, 0.33059112736594765], [0.18889729875499195, 0.277555937520757, 0.27523254825991744, 0.25831421536433363], [0.21308219650747245, 0.3036436257271138, 0.19706413463385383, 0.28621004303155995], [0.21233688292764175, 0.3072642981698809, 0.1995288282433299, 0.2808699905591475], [0.2463846096276151, 0.29063354620559445, 0.2205432107581247, 0.24243863330866577], [0.22766593435612462, 0.28149903237238416, 0.2203519823979322, 0.27048305077355905], [0.24405641124024008, 0.2746522344477828, 0.22558734636472785, 0.2557040078472493], [0.22008551982951985, 0.27633876017457665, 0.22505718802730523, 0.27851853186859826], [0.2325544655090474, 0.27884525057865234, 0.21659278867462978, 0.2720074951376705], [0.22186360752734424, 0.2833027966023561, 0.21843739828238318, 0.2763961974879165]], "ideal": "B", "sampled": "D", "correct": false}}
{"type": "result", "data": {"idx": 4, "options": ["that the lyrics from the popular song Deutschland \u00fcber alles (which eventually became the German national anthem) were the reason Germany started the war", "that the lyrics from the popular song Deutschland \u00fcber alles (which eventually became the German national anthem) were evidence of Germany's aggressive attitude", "that the reason Germany lost the war was that it was betrayed from within", "that Germany provided the ultimate framework for modern warfare"], "probs": [[0.23179095073327693, 0.23219650077254714, 0.23332195577570702, 0.3026905926184689], [0.23489314315354315, 0.24651762840666844, 0.25371310112323403, 0.2648761272165544], [0.23549148087096455, 0.23042146515894238, 0.25410949802674654, 0.2799775558433465], [0.1995658904049788, 0.22666533626830893, 0.25177637115250123, 0.32199240207421104], [0.21266125140447698, 0.23583085832621703, 0.2903359532065926, 0.26117193696271335], [0.17638736259905058, 0.2114893590368151, 0.25219128660681, 0.3599319916573243], [0.24606999385772135, 0.21400846219890343, 0.23598038796240053, 0.30394115588097464], [0.2548487148201618, 0.2268994863566431, 0.2544988355605789, 0.2637529631626162], [0.26774436232750415, 0.22928601501079332, 0.24125841257543776, 0.2617112099862648], [0.2549392992721055, 0.2286185873198737, 0.24060655713386817, 0.2758355561741526], [0.2429059300831879, 0.23387141619540527, 0.26218630298220047, 0.2610363506392063], [0.25061623006389444, 0.22471318316337976, 0.2383785616629927, 0.2862920250097331], [0.25031231343104593, 0.20625157391461976, 0.2500582486175728, 0.29337786393676146], [0.22684734719440797, 0.19915410577519824, 0.2451995127373186, 0.3287990341930752], [0.2699827591802319, 0.21727978014680208, 0.23807010406959717, 0.2746673565033688], [0.2643802761767175, 0.21085406837739024, 0.23843668398856935, 0.28632897135732294], [0.23467930708025417, 0.20453430134401168, 0.23097882705012573, 0.3298075644256084], [0.2637535929416117, 0.20896671710308862, 0.22534190116059416, 0.3019377886947055], [0.2165962872199738, 0.21528675829274171, 0.27577146474090014, 0.2923454896463843], [0.18995508549698045, 0.19177988169659654, 0.25119718906751637, 0.3670678436389066], [0.23284147228243715, 0.22770964624882944, 0.25145788122245877, 0.28799100014627466], [0.2473549919457745, 0.21847025584745908, 0.23556131996290766, 0.29861343214385877], [0.22379192040732976, 0.2157128984797981, 0.2234850757052014, 0.3370101053076707], [0.24501521517843777, 0.2233532186619622, 0.21910424201824327, 0.31252732404135675]], "ideal": "B", "sampled": "B", "correct": true}}
{"type": "result", "data": {"idx": 5, "options": ["the Russian interest in French culture", "the spirit of camaraderie amongst the miners", "the sense of continual class struggle", "the need for noblesse oblige"], "probs": [[0.27111253947624075, 0.27516723496448775, 0.2633479613800142, 0.19037226407925728], [0.1930290042122246, 0.2435748911193056, 0.18198535115665299, 0.3814107534118168], [0.3249483752663088, 0.3002488061522524, 0.18898375612073404, 0.18581906236070472], [0.2643441636400572, 0.29338628925090576, 0.1847025806928522, 0.25756696631618486], [0.1995619385908612, 0.2518185266465352, 0.19732761361172535, 0.35129192105087825], [0.2162115456873264, 0.2618592420235564, 0.26322085054895883, 0.25870836164015826], [0.291071401906497, 0.2748432334307709, 0.2384067667004433, 0.1956785978622888], [0.21569685635793928, 0.2473599910488724, 0.17667903004310023, 0.3602641224500881], [0.369068378634078, 0.29791366607080505, 0.16348120324942012, 0.16953675194569687], [0.3685422296236304, 0.3042905375696492, 0.15412247409057878, 0.1730447586161416], [0.22031178739979454, 0.2644343932537886, 0.1708834890718718, 0.34437033017454505], [0.3130545206385435, 0.28575097234675656, 0.22485215809791795, 0.17634234881678196], [0.3695065754576621, 0.2694102066837429, 0.17337725021433062, 0.18770596754426444], [0.2976440831370149, 0.26470956598122614, 0.17605753503555108, 0.26158881574620785], [0.4018672168131222, 0.26215276510109736, 0.16065351902805852, 0.17532649895772193], [0.3994941293567632, 0.26643837686668476, 0.154516167380088, 0.17955132629646406], [0.3170658051650555, 0.2710965275493369, 0.17616534231331607, 0.23567232487229153], [0.36934391439178166, 0.27314247050281004, 0.17289126377217012, 0.1846223512332382], [0.200052362663551, 0.23287449672721613, 0.18719209354388935, 0.37988104696534347], [0.21621453357138154, 0.24559402410841047, 0.26764780490675993, 0.27054363731344805], [0.21257461922091328, 0.23991789278846729, 0.1743491466817127, 0.37315834120890673], [0.2941137341596738, 0.2687545200542429, 0.2511076405723412, 0.1860241051137421], [0.2835310910796385, 0.2885185095820839, 0.1832220052529336, 0.244728393985344], [0.32676720129012915, 0.2988690987098995, 0.18635372537964098, 0.1880099745203303]], "ideal": "C", "sampled": "C", "correct": true}}
{"type": "result", "data": {"idx": 6, "options": ["the size of landed estates", "the number of estates owned by an individual", "the monetary value of goods", "the amount of gold held"], "probs": [[0.3138994778706804, 0.21385512606582927, 0.3184246623667145, 0.1538207335967758], [0.2762991785726814, 0.20036384461306603, 0.21249482033511954, 0.3108421563791331], [0.4044939580523264, 0.29180901433656775, 0.1555111970977838, 0.14818583041332206], [0.37168708993781713, 0.27402913975999, 0.14965884609005603, 0.2046249241121368], [0.2157237923998189, 0.18586518699449658, 0.26108570071317233, 0.3373253197925122], [0.1500293128064235, 0.15425790504000064, 0.5034628885080779, 0.19224989354549796], [0.2905061499408528, 0.21557968531509614, 0.3312979588877967, 0.16261620575625443], [0.2652489880244275, 0.20325167777966974, 0.21893975462720505, 0.3125595794686977], [0.37219475934328555, 0.2618993378555741, 0.18792393431715074, 0.17798196838398958], [0.37634391886655455, 0.2429259608625154, 0.16516967867884827, 0.21556044149208178], [0.22450128864490948, 0.19053415029927562, 0.26545993282107105, 0.31950462813474384], [0.1498728796727726, 0.14939584881373827, 0.5025947539722567, 0.1981365174412324], [0.46615535710792305, 0.20052188931668116, 0.1749960060987119, 0.15832674737668387], [0.3695279061424753, 0.20227521655920974, 0.18221035597886454, 0.24598652121945042], [0.46112987394489957, 0.20281916854737556, 0.1745257526461598, 0.16152520476156507], [0.4571709819720102, 0.18874122003147092, 0.15007928160603562, 0.20400851629048325], [0.3010734364249254, 0.19422492672386027, 0.24706177779143712, 0.25763985895977715], [0.35967376524143063, 0.18915648675729374, 0.2261780817713224, 0.22499166612995322], [0.20100184981016067, 0.22797295317593086, 0.2715588969649849, 0.29946629994892354], [0.15270636394322903, 0.18830281126421045, 0.4663383642170416, 0.1926524604755189], [0.21321621754324824, 0.23995351848863997, 0.26648478109050583, 0.28034548277760596], [0.18486656409440586, 0.21089232361225288, 0.39996100063744056, 0.2042801115559007], [0.22993103010040505, 0.3164081322295182, 0.21511912664287516, 0.23854171092720158], [0.2472987395842797, 0.33465111264081104, 0.2073017096879941, 0.2107484379869151]], "ideal": "C", "sampled": "C", "correct": true}}
{"type": "result", "data": {"idx": 7, "options": ["De las Casas was exaggerating to support the start of African slavery.", "Columbus was biased in favor of himself in his writings.", "Columbus's men were nicer to the natives than were later expeditions.", "De las Casas wanted the Spanish to leave the Americas."], "probs": [[0.19611235866634838, 0.24631635108164396, 0.2321509500464821, 0.32542034010552556], [0.19706166104124334, 0.24765366327350394, 0.22274567347053417, 0.33253900211471854], [0.1929279502852132, 0.24230362065560804, 0.23962200756755392, 0.32514642139162486], [0.19442971380019708, 0.23679722921881025, 0.2302413743360248, 0.33853168254496785], [0.17818541394987514, 0.2309937316540592, 0.2505110949332003, 0.34030975936286534], [0.17929818803056333, 0.23068430902345688, 0.2501531690200258, 0.339864333825954], [0.19633312201522168, 0.2470111844895344, 0.2403030687510912, 0.3163526246441527], [0.19569020586633873, 0.24442293144897984, 0.22676721689368098, 0.33311964569100044], [0.1953732970628498, 0.23827190409662521, 0.231646818521788, 0.334707980218737], [0.2045260843712555, 0.2454364302248833, 0.2260329737417582, 0.32400451156210297], [0.18633912779522877, 0.24203865588328782, 0.23160954162560754, 0.34001267459587586], [0.19538042238457867, 0.24970552694841894, 0.2354243581569858, 0.31948969241001657], [0.19473421901101298, 0.24099184623979547, 0.24584850691193508, 0.31842542773725646], [0.19869109986225675, 0.24014696476442218, 0.23356318471480286, 0.3275987505585182], [0.1982172130011894, 0.24154284903546092, 0.2311601363755672, 0.32907980148778243], [0.2039623828899974, 0.24459789658710535, 0.22340604502148817, 0.32803367540140904], [0.19255452143046722, 0.2327890877608488, 0.23701630883553207, 0.3376400818731519], [0.19739727085651082, 0.24405262634541003, 0.2411808299425215, 0.31736927275555765], [0.17933963771873337, 0.2400513958706235, 0.24854081117233176, 0.33206815513831134], [0.18087706649534338, 0.23846443419167979, 0.2506168968449153, 0.33004160236806157], [0.18595226384258806, 0.2470111734472738, 0.22540836369835845, 0.3416281989117797], [0.19478857225036955, 0.25652312847607395, 0.23060254406705363, 0.3180857551065029], [0.18690579570731677, 0.23869300664979434, 0.22827483031032106, 0.34612636723256784], [0.1920066063208139, 0.25077240161936715, 0.23638649363618586, 0.3208344983236331]], "ideal": "B", "sampled": "B", "correct": true}}
{"type": "result", "data": {"idx": 8, "options": ["the spread of revolutionary ideas among the British working class in the eighteenth century", "the rise of the Luddite movement in Britain in the eighteenth century", "the replacing of traditional laborers by machines in the industrialization of Britain in the eighteenth century", "an increase in the use of child labor in eighteenth-century Britain"], "probs": [[0.35073801871607063, 0.23834912476540307, 0.19974961874871705, 0.21116323766980927], [0.31014669400550926, 0.23018867118126007, 0.18980960828864302, 0.26985502642458764], [0.3228891193543841, 0.23168481884070022, 0.22360168395190588, 0.2218243777530098], [0.3179966603794587, 0.2232524371893205, 0.1800761127314531, 0.2786747895997677], [0.2717800180607458, 0.21096198573032385, 0.2576910891527199, 0.2595669069562105], [0.26992506992762944, 0.2160948760335809, 0.2522525899866958, 0.26172746395209384], [0.4006484090784622, 0.1992126524366506, 0.19216392646054153, 0.20797501192434567], [0.3628175934745122, 0.19698079492961837, 0.18419942689180147, 0.256002184604068], [0.4126401008646327, 0.22890970449706194, 0.15908345815563005, 0.1993667363826753], [0.40322837253564364, 0.22228372260819215, 0.16182566893163847, 0.21266223582452576], [0.34125145757881464, 0.20808142111483466, 0.19924841522297934, 0.2514187059833713], [0.3173097575195291, 0.2140770192505317, 0.24186178318639587, 0.22675143994354333], [0.383636707272958, 0.18330014967128253, 0.22734871165641513, 0.20571443129934433], [0.39694397454631636, 0.17158238076692475, 0.17655844458488, 0.25491520000187895], [0.4415033656589272, 0.1997254877960105, 0.16888668396363665, 0.18988446248142563], [0.4146982852609989, 0.19692467737984382, 0.1731243930024947, 0.2152526442566626], [0.3756413887523852, 0.18255419211256985, 0.18940456853084597, 0.252399850504199], [0.34438475963009707, 0.18818256257082713, 0.24103385207626893, 0.2263988256228069], [0.27490612452103214, 0.21862481206518444, 0.2505796812137769, 0.25588938210000656], [0.2769402347806387, 0.21853134685153, 0.24685896176191094, 0.2576694565059203], [0.29821415399545814, 0.24278814002880836, 0.20669566658922864, 0.25230203928650485], [0.2923722732204363, 0.24544380995663143, 0.23513865907499246, 0.2270452576479398], [0.29385923022702715, 0.27112452961216754, 0.182648039621564, 0.2523682004392413], [0.29705617714105315, 0.26999066081895595, 0.20761125406368452, 0.22534190787630634]], "ideal": "C", "sampled": "C", "correct": true}}
{"type": "result", "data": {"idx": 9, "options": ["Pride in the mastery of the military arts", "Chivalry", "Civic pride", "Patronage of the arts"], "probs": [[0.1720571219749055, 0.19896706936753922, 0.3091844319988057, 0.3197913765587496], [0.14642226912736364, 0.18602736569611664, 0.41591498871332155, 0.25163537636319816], [0.20257149936574795, 0.26135781794196183, 0.2386087810547278, 0.2974619015375624], [0.1913889944361986, 0.2584990560749954, 0.34454014893901097, 0.20557180044979498], [0.24310126577112445, 0.40344238251567827, 0.16416047778868598, 0.1892958738245113], [0.2448947912939091, 0.406123763373469, 0.18714946785410536, 0.1618319773785165], [0.15905946965592369, 0.19281408763429853, 0.31887779586934506, 0.32924864674043275], [0.1366283209468136, 0.18753523470978703, 0.4186598249252125, 0.25717661931818686], [0.1792835077143814, 0.24242998250816802, 0.20745780499251468, 0.3708287046849359], [0.21564140271052792, 0.2615042548661912, 0.3264819285995537, 0.19637241372372716], [0.2164501910127373, 0.32682983057895815, 0.17262390768661134, 0.28409607062169323], [0.2702475310702472, 0.3547837594445104, 0.19948760564810153, 0.17548110373714085], [0.29075650624964744, 0.156388929089826, 0.23516355541002187, 0.3176910091505047], [0.2288413413784944, 0.1774012648107411, 0.38707123356379386, 0.20668616014697064], [0.2668678680728874, 0.1564927501375123, 0.21897272110857155, 0.35766666058102875], [0.2830614062161362, 0.1779248399798597, 0.35001477223224864, 0.18899898147175545], [0.4254112541250156, 0.25963276622083237, 0.16546805201306286, 0.1494879275410891], [0.4330367872590946, 0.2686042269379777, 0.16196813170387317, 0.13639085399905448], [0.48955988149575497, 0.15867332876118767, 0.14859279767289776, 0.20317399197015956], [0.4863932961936204, 0.1729631741944461, 0.182277814855988, 0.15836571465594548], [0.4481485521455897, 0.15823594913062217, 0.14911353207479383, 0.2445019665489943], [0.5112470768809984, 0.16840104521624902, 0.16514983511926046, 0.15520204268349216], [0.5905616458827272, 0.16277662403078189, 0.11763860634696116, 0.12902312363952975], [0.5680114287755255, 0.17466021031419984, 0.12622489771624398, 0.13110346309403073]], "ideal": "C", "sampled": "D", "correct": false}}
{"type": "result", "data": {"idx": 10, "options": ["Utopian socialism", "Social conservatism", "Romanticism", "Social Darwinism"], "probs": [[0.11589927397849391, 0.1587087684518649, 0.11170741335984703, 0.6136845441097941], [0.11768869879128792, 0.19717555942388204, 0.42525725918842683, 0.2598784824964032], [0.11292866868727135, 0.14985326265952356, 0.13940498543041865, 0.5978130831227864], [0.11021154947580108, 0.17876961267730507, 0.44389300868878684, 0.267125829058107], [0.16430955021834912, 0.5393339033332173, 0.10857751981426045, 0.18777902653417314], [0.15948524411213497, 0.5486835526929837, 0.09163169294738763, 0.20019951014749363], [0.12816578244004823, 0.19582650209365907, 0.11391040021465361, 0.5620973151516391], [0.13831208851015406, 0.23917292412471566, 0.38848150351456473, 0.2340334837505655], [0.12059141990113519, 0.16516507545082132, 0.1682658728689865, 0.545977631679057], [0.10474830084376845, 0.1781828419549767, 0.46316238762557255, 0.2539064694756823], [0.15881644661079486, 0.5643310714494434, 0.09827141755645494, 0.17858106428330678], [0.1581772475597502, 0.5800661064128951, 0.08380126519412968, 0.17795538073322495], [0.1168001855256527, 0.18721337056632179, 0.1330841292878781, 0.5629023145201474], [0.12518485819705313, 0.2304691420055318, 0.4042828199928767, 0.24006317970453833], [0.12369882037671864, 0.18611859857399882, 0.1724170109662028, 0.5177655699830798], [0.11723111260370994, 0.20605694523095397, 0.4295061092210249, 0.24720583284431116], [0.15565146289823184, 0.5363180480323746, 0.11264118729189944, 0.1953893016774941], [0.1584395636248459, 0.5373382127439054, 0.11121862959192934, 0.19300359393931937], [0.4241591032295587, 0.24926671011836066, 0.13641039822510134, 0.19016378832697933], [0.4296740197033506, 0.23724919024905655, 0.11815634849626636, 0.21492044145132647], [0.421121965852499, 0.24360464911984278, 0.13117983349532136, 0.20409355143233682], [0.4244216368652749, 0.2380404184696737, 0.11138580740226263, 0.22615213716278876], [0.38327728555907753, 0.22171699337777637, 0.14865918012982615, 0.24634654083331994], [0.38462251420943205, 0.2259963899624849, 0.1380846351247032, 0.2512964606033799]], "ideal": "D", "sampled": "D", "correct": true}}
{"type": "result", "data": {"idx": 11, "options": ["Establish control of European states by democracy in the tradition of the Enlightenment.", "Suppress all voices in government other than his own and control all aspects of his citizens' lives.", "Suppress all nationalist revolutions across the continent.", "Suppress all speech but that of monarchs and the churches that they approve of."], "probs": [[0.17665729625288523, 0.376071436245172, 0.19271995753864654, 0.2545513098632962], [0.17666657530488053, 0.39438716160864346, 0.18978211564583344, 0.23916414734064256], [0.16530897472744743, 0.3686269654578759, 0.22789603940818454, 0.23816802030649215], [0.14909158645569479, 0.3595884739993042, 0.2401619404314205, 0.2511579990135805], [0.17622818051006425, 0.3812347948169943, 0.20787501333065292, 0.2346620112422885], [0.16800541423047025, 0.36895803944244754, 0.20126890234414638, 0.2617676438829359], [0.20607830581988443, 0.25788286325736903, 0.24343310294101161, 0.2926057278817349], [0.22190814048676102, 0.2692576090611615, 0.2350683247073115, 0.273765925644766], [0.24119398354851243, 0.3264074969920071, 0.17819209660584137, 0.2542064227536391], [0.2566177133981098, 0.3209849452211122, 0.1983535051883512, 0.22404383609242676], [0.2540656886134938, 0.2851883428230552, 0.20931650384185904, 0.2514294646215919], [0.24466523858434366, 0.27008490783888145, 0.2353717561852817, 0.24987809729149316], [0.22775070706341113, 0.2553577758914843, 0.26078176884400384, 0.2561097481011007], [0.2186671495218955, 0.25301289555880513, 0.2623898684716095, 0.26593008634768983], [0.29355832056572023, 0.30002062615670777, 0.16136151069691926, 0.24505954248065276], [0.32580690534474205, 0.28892989685804565, 0.17043350161001453, 0.21482969608719776], [0.2912045418924951, 0.2838325202181225, 0.17831733821039397, 0.2466455995789884], [0.29859057955708135, 0.28181008341504593, 0.20356438168529667, 0.21603495524257607], [0.23510147979145854, 0.25974947598585973, 0.2491222656883364, 0.2560267784343453], [0.21196912858658665, 0.2455150706974047, 0.2505499496969355, 0.2919658509190731], [0.26917063786123674, 0.2839662986118799, 0.1926584065861804, 0.254204656840703], [0.26485282969367896, 0.2704768261185067, 0.21452016275526142, 0.2501501813325529], [0.2463318035853399, 0.2990219801656803, 0.19076024915574985, 0.2638859669932299], [0.2557764129316261, 0.3004368036815138, 0.21700519967904838, 0.22678158360781164]], "ideal": "C", "sampled": "C", "correct": true}}
{"type": "result", "data": {"idx": 12, "options": ["the International Workingman's Association", "Pierre-Joseph Proudhon", "the Congress of Vienna", "the Paris Commune"], "probs": [[0.23908216892649797, 0.2932869747988106, 0.22973379148132342, 0.237897064693368], [0.3037074343723678, 0.29377959488879535, 0.22049708157794942, 0.1820158890608874], [0.21224935758220798, 0.27736147734981065, 0.25102787471536736, 0.259361290252614], [0.203990441480884, 0.2693269212374934, 0.2843678849000298, 0.2423147522815928], [0.3130239294606933, 0.29799175703513575, 0.2057058245588147, 0.18327848884535622], [0.27250849385789394, 0.30455451293061886, 0.20980429021989475, 0.21313270289159245], [0.23032309799046105, 0.2944873360842228, 0.2330918232294827, 0.24209774259583347], [0.2952517436782027, 0.29698182801993944, 0.22697401519946392, 0.1807924130023939], [0.20008847711733257, 0.271914370983898, 0.25379735985236634, 0.2741997919464031], [0.1990867316251608, 0.27728337873080283, 0.26686481434015524, 0.2567650752038811], [0.30823624590289156, 0.30232531279767216, 0.20558944648816824, 0.18384899471126803], [0.24259671566444577, 0.3045844137364025, 0.21745426950664354, 0.23536460099250817], [0.19779664276052428, 0.28346058723476125, 0.2622761726117118, 0.25646659729300264], [0.19993605611899704, 0.2756995774321356, 0.28815140458588956, 0.23621296176297782], [0.19267241996552523, 0.2732975915815765, 0.26863564437113163, 0.2653943439817666], [0.19051770580118524, 0.27692672194860657, 0.2759068566894764, 0.25664871546073176], [0.22479341252006013, 0.28870238990571756, 0.2559591753239026, 0.23054502215031972], [0.20275540668392725, 0.2901896156221725, 0.25998168137913497, 0.24707329621476531], [0.31713844287616916, 0.29027483729424586, 0.20990434912443243, 0.18268237060515255], [0.27781549507306674, 0.30312860460719976, 0.20860070298911343, 0.21045519723062003], [0.31360219036767917, 0.2932097140728451, 0.21017347511493636, 0.1830146203445394], [0.24733578787750557, 0.2978759363312282, 0.2187603977288533, 0.23602787796241292], [0.23434908336517551, 0.278785701384297, 0.25315928079399164, 0.23370593435653583], [0.2203764915245932, 0.2831456064894772, 0.2474672347059738, 0.2490106671799558]], "ideal": "C", "sampled": "D", "correct": false}}
{"type": "result", "data": {"idx": 13, "options": ["Laissez-faire capitalism", "Mercantilism", "Industrialization", "Bullionism"], "probs": [[0.46490051645010094, 0.20972357375724607, 0.18177474762507354, 0.14360116206757942], [0.4498555398919995, 0.20016051828055587, 0.11713529504672279, 0.23284864668072183], [0.5384825427404796, 0.22533654996483798, 0.10349304150877817, 0.13268786568590424], [0.5397108631872585, 0.2187120551036021, 0.09666996905224504, 0.14490711255689442], [0.43133447855374696, 0.2008415520241153, 0.13753869047991, 0.23028527884222774], [0.4397811692611153, 0.20470826900752512, 0.19168979560798713, 0.1638207660233724], [0.43266456426842587, 0.24275184485107437, 0.16385160410092453, 0.16073198667957522], [0.41627817600276096, 0.23380898826684066, 0.10662764846561168, 0.24328518716478673], [0.4590837393173726, 0.2744602581171432, 0.1185277038584415, 0.1479282986070427], [0.45637285444779324, 0.25625364517114896, 0.1015296936845395, 0.1858438065965183], [0.3471255691225559, 0.23116400947857865, 0.18808177480713584, 0.2336286464917296], [0.3778301775077645, 0.21851333973606799, 0.2179486453315224, 0.18570783732464516], [0.5338697710773077, 0.2161074598747475, 0.1025979904669451, 0.1474247784809997], [0.5315874099590102, 0.21160247446859254, 0.09817046451695997, 0.15863965095543728], [0.49670708174506806, 0.21731522677155765, 0.1399656087020145, 0.1460120826813598], [0.4893442464777874, 0.1980638235320842, 0.11597070269573385, 0.19662122719439454], [0.48232749713064194, 0.2140985588588715, 0.1377775026554302, 0.16579644125505633], [0.48034947630762453, 0.20362621115632693, 0.12302701070560391, 0.19299730173044463], [0.3809767492787996, 0.23519191582271318, 0.13118966826126868, 0.25264166653721853], [0.39348165418080133, 0.23911641956934418, 0.17953429311800428, 0.1878676330318502], [0.3364501247002482, 0.23530688528886431, 0.17942157118580268, 0.2488214187250848], [0.36107057867418935, 0.22607891596200655, 0.21477188487843535, 0.19807862038536872], [0.42716336882556566, 0.26821643511081433, 0.12199928047031994, 0.18262091549330006], [0.42747788547821197, 0.2525505536192182, 0.11289510634433765, 0.20707645445823217]], "ideal": "B", "sampled": "C", "correct": false}}
{"type": "result", "data": {"idx": 14, "options": ["provoking fear to drive their readers to action", "attacking the extreme communists who threatened to sink the entire movement", "demonstrating the understanding of the others in point of fact", "explaining the reasons for debunking opponents of communism"], "probs": [[0.3703079090779816, 0.23329285827745458, 0.1844578020592858, 0.21194143048527803], [0.3487480528490475, 0.22726535456194719, 0.16444141916118613, 0.25954517332781923], [0.3699082864492048, 0.23864771846615235, 0.16502975678150703, 0.2264142382031358], [0.4244894872698152, 0.24201562590036896, 0.14530999116532228, 0.18818489556449353], [0.3510374076158825, 0.22542218525804628, 0.15664919975846328, 0.266891207267608], [0.4225269836862318, 0.22666670181073778, 0.17289358577686254, 0.17791272862616783], [0.3796389215697367, 0.23386029103623587, 0.17754279604396406, 0.2089579912500633], [0.3624076978913669, 0.23270886093842588, 0.16314708455598181, 0.24173635651422537], [0.364637832743356, 0.24278832203071296, 0.18428476702172786, 0.20828907810420322], [0.37128978196781043, 0.25082860889481234, 0.16302172319580424, 0.21485988584157292], [0.3469952201643141, 0.23295247103712105, 0.18516453436391034, 0.23488777433465446], [0.35020550189125266, 0.23878382077117014, 0.18103509728499476, 0.22997557995258242], [0.36380622871474916, 0.24762072404592772, 0.16594815747115993, 0.22262488966816318], [0.42214216055648585, 0.251629419648203, 0.14788426898086224, 0.1783441507144489], [0.36082423267368646, 0.24356307449830397, 0.18943020981787093, 0.2061824829101386], [0.355780929291433, 0.2537699937566665, 0.1623341440992146, 0.22811493275268593], [0.39774408323030347, 0.25435908162190546, 0.17015382169892496, 0.1777430133488661], [0.3324261903430391, 0.24871917066471091, 0.16621871290928908, 0.2526359259829609], [0.3465227043217814, 0.22871672637187374, 0.1640199197971678, 0.2607406494091771], [0.4133350191100111, 0.2295439208882397, 0.17669324311794324, 0.18042781678380598], [0.3577398657441027, 0.225090667582891, 0.18301123378830897, 0.23415823278469727], [0.3491000040748304, 0.2355053047750914, 0.18140115382648922, 0.23399353722358898], [0.3962035535804134, 0.24546100562533354, 0.17458087464286806, 0.18375456605138496], [0.3357430348098849, 0.239712085704196, 0.1755193743601849, 0.2490255050257342]], "ideal": "D", "sampled": "C", "correct": false}}
{"type": "result", "data": {"idx": 15, "options": ["the role of women in army regiments", "the running of a school for domestic servants", "the running of a school for girls", "the role of a woman in running her own domestic household"], "probs": [[0.1481958263280689, 0.17777030863607046, 0.1601629930501608, 0.5138708718856998], [0.16465965157083629, 0.18348454210539458, 0.4708399842333828, 0.18101582199038632], [0.16336344881616124, 0.18667560337227093, 0.18808687763690454, 0.46187407007466325], [0.13453048065358728, 0.16085808988219977, 0.5341747243414188, 0.17043670502279412], [0.21382416941936516, 0.5169635453077032, 0.06946545145312773, 0.19974683371980398], [0.22818827416788465, 0.5311882099582882, 0.06654670338064277, 0.17407681239318443], [0.14584124956110528, 0.16703298191742583, 0.1731644822880006, 0.5139612861334683], [0.156349647301473, 0.16486320159699938, 0.5069943884257327, 0.17179276257579484], [0.16206719221144286, 0.16906143975148927, 0.13992490081468045, 0.5289464671223874], [0.18775701520949578, 0.18342310188366576, 0.46281376476428077, 0.16600611804255772], [0.24711935219677703, 0.48731014127626593, 0.07122416793587838, 0.19434633849107866], [0.27579979133082355, 0.5143878651040444, 0.06739370030212372, 0.14241864316300828], [0.1694206446239805, 0.18191199002830996, 0.23899799582952427, 0.40966936941818527], [0.15389495055015578, 0.16241641825054404, 0.5157572780259455, 0.16793135307335463], [0.18246094064999674, 0.2026596127548983, 0.12872431595568654, 0.4861551305394184], [0.2332590028377121, 0.21744010822267992, 0.3797145655243915, 0.16958632331521653], [0.21591877892889824, 0.5601981657316136, 0.06574056737708116, 0.15814248786240695], [0.2367578131892226, 0.5750034772217908, 0.06240587657098827, 0.12583283291799835], [0.26328498514768645, 0.2105183930561785, 0.1507588498256672, 0.37543777187046784], [0.31187191794329217, 0.22408638378944812, 0.15788205044937384, 0.30615964771788584], [0.27769347194953986, 0.2153807516067192, 0.1459363953344203, 0.3609893810093206], [0.40703318125459, 0.2432881778725311, 0.14899100583778535, 0.20068763493509356], [0.3148923358703226, 0.22986945045092289, 0.15097034650888883, 0.3042678670698657], [0.39845190041926404, 0.2438044584120559, 0.14706164816133283, 0.21068199290734724]], "ideal": "D", "sampled": "D", "correct": true}}
