{"type": "result", "data": {"idx": 0, "options": ["It demonstrates the difference between the internal and the external aspect of a rule.", "It refutes the natural lawyer' view of the role of morality in law.", "It explains the nature of power-conferring rules.", "It illuminates the concept of a rule."], "probs": [[0.31798953762419646, 0.253585673950159, 0.22494666946506123, 0.20347811886058328], [0.31496733423898055, 0.2354721575739946, 0.3090623318839955, 0.14049817620302935], [0.3389451356911776, 0.2501616589547123, 0.1726856755748116, 0.23820752967929848], [0.37570951685831105, 0.24431023397192, 0.24938428774734656, 0.13059596132242235], [0.40923096643539414, 0.26680508453622725, 0.15756152956835714, 0.16640241936002145], [0.43396230234448796, 0.2660901466911138, 0.1645264129317262, 0.13542113793267202], [0.2968567907513354, 0.29028248784023447, 0.22000131008809204, 0.1928594112203381], [0.30432922098468096, 0.27907559688691425, 0.26755646267177047, 0.1490387193566343], [0.2878893656426277, 0.2813940387890583, 0.23785581046729665, 0.19286078500101742], [0.32494403456132465, 0.2847933045582305, 0.22600609541632252, 0.16425656536412234], [0.2850169155474285, 0.28761949295054795, 0.2507818229828201, 0.17658176841920348], [0.30897539390550716, 0.288551981888884, 0.22538856823889725, 0.17708405586671164], [0.31115818682493146, 0.26444909983843284, 0.18810500291306725, 0.2362877103235684], [0.3585655146264914, 0.26448744926918305, 0.23802049810324863, 0.13892653790107692], [0.2812117123683727, 0.25798062256321264, 0.263460316138753, 0.19734734882966162], [0.3242961457908237, 0.2545132566298772, 0.25985374387172777, 0.16133685360757125], [0.3375380236306604, 0.2737539626755557, 0.22073055143740175, 0.16797746215638218], [0.35163456722013336, 0.2679834107486159, 0.17909153070881467, 0.20129049122243603], [0.3479791879305951, 0.29598262903114697, 0.17450943587465415, 0.18152874706360372], [0.37243559192483117, 0.3024834872469904, 0.17841246295649626, 0.14666845777168208], [0.29341816461999326, 0.2608816584552466, 0.2749510068178747, 0.17074917000688541], [0.3189529979222051, 0.26662560500144206, 0.2400992440907692, 0.17432215288558361], [0.3457323753905699, 0.2675272702518529, 0.2225572516148491, 0.16418310264272806], [0.3603157591365344, 0.27041380788918834, 0.1724487193516683, 0.19682171352260894]], "ideal": "D", "sampled": "D", "correct": true}}
{"type": "result", "data": {"idx": 1, "options": ["It is misinterpreted as a prediction.", "His concept of status is misrepresented.", "It is taken literally.", "His idea is considered inapplicable to Western legal systems."], "probs": [[0.2741924091418022, 0.30305360570819173, 0.22671408810220509, 0.1960398969478009], [0.2790915834083167, 0.3135360665923381, 0.19462096359100603, 0.21275138630833915], [0.29986627247313336, 0.3020529285688958, 0.2056471648150894, 0.19243363404288147], [0.28886403372164965, 0.30517350463041715, 0.19231220734057194, 0.21365025420736125], [0.26030185040309195, 0.2921639295475403, 0.23298216659534202, 0.21455205335402577], [0.2361380720477884, 0.28202300840741945, 0.25454428410153834, 0.22729463534325386], [0.2798783099407725, 0.2857828650849523, 0.23120193982190715, 0.20313688505236807], [0.29414176499671163, 0.29149549762231575, 0.18671107012087007, 0.22765166716010254], [0.323075498264378, 0.2960638359479504, 0.19236774454029348, 0.18849292114737815], [0.3237157713489504, 0.305998439966858, 0.17834050685856745, 0.19194528172562414], [0.27675857219003985, 0.2827946158062708, 0.2053298655937818, 0.23511694630990757], [0.2678919950487944, 0.2817891751904874, 0.24666547037681513, 0.20365335928390305], [0.30056596247179657, 0.29781648957457957, 0.2059572518553599, 0.19566029599826398], [0.2832600685119542, 0.30358024710214054, 0.1973096279088261, 0.21585005637707913], [0.2941672757842928, 0.3005722120018405, 0.20779506550446816, 0.1974654466093985], [0.29731061608633647, 0.30852719678584206, 0.19747529627679988, 0.19668689075102158], [0.25669715873586446, 0.27473095989974605, 0.22923013347850732, 0.23934174778588213], [0.25968848495471186, 0.28646637705979383, 0.24685798969521217, 0.2069871481902821], [0.2284199080113662, 0.2949436814804867, 0.24256373216576455, 0.23407267824238254], [0.20956795156481575, 0.27905072095877587, 0.2681961197467996, 0.24318520762960882], [0.24444065654510713, 0.31580961374689, 0.21189394502503095, 0.22785578458297198], [0.2421001755636203, 0.30754172340623137, 0.2451210581248099, 0.20523704280533842], [0.2519286795623895, 0.30577304044964776, 0.21823489013412103, 0.2240633897538417], [0.25197027984854903, 0.3153292991503472, 0.2287264959854715, 0.2039739249156323]], "ideal": "A", "sampled": "C", "correct": false}}
{"type": "result", "data": {"idx": 2, "options": ["Depression of the 1930", "The rise of Fascism", "The international recognition of human rights after World War II", "The Bolshevik Revolution"], "probs": [[0.30518647570558566, 0.21483854627191568, 0.26018142309892967, 0.219793554823569], [0.2728680629328005, 0.21454663252850725, 0.1783254715871484, 0.3342598328515438], [0.3807880353077119, 0.24408669802569105, 0.15824004062977293, 0.21688522593682413], [0.3699456728584424, 0.2485265767718114, 0.1536635721815622, 0.227864178088184], [0.26193680328020735, 0.20592759591722523, 0.1851547051151242, 0.3469808955874432], [0.30558397907562973, 0.21508340214897986, 0.24868216737581722, 0.23065045129957318], [0.3181730020817037, 0.23476369767441954, 0.23546579564447154, 0.21159750449940526], [0.2994895279108012, 0.2317812144524536, 0.1647557318045846, 0.30397352573216063], [0.3604615086025371, 0.2658707538856048, 0.17484322449073003, 0.19882451292112804], [0.37866443797119637, 0.2666906058543012, 0.1550104458484414, 0.199634510226061], [0.2744829777122573, 0.22958141099219825, 0.1849581979756558, 0.3109774132198886], [0.3321448663184158, 0.24511789513514684, 0.22421229551613223, 0.19852494293030512], [0.4395583039016795, 0.21290079074311313, 0.14921304804402136, 0.198327857211186], [0.447136369132173, 0.2098994976012316, 0.13820495533782756, 0.20475917782876782], [0.41516830388782566, 0.22078491242040804, 0.16469135124934955, 0.19935543234241673], [0.4303162033378481, 0.22533099015290795, 0.15318906077419078, 0.19116374563505317], [0.40162191975770895, 0.2272596555455911, 0.15933351994946854, 0.21178490464723143], [0.41942280671446525, 0.23017513974504203, 0.1518278234916958, 0.19857422994879695], [0.2863933316417243, 0.22852764893437882, 0.17569781395215045, 0.3093812053717464], [0.320686757532476, 0.23637476561089926, 0.22981475291338174, 0.213123723843243], [0.27438827528628795, 0.22937247961336, 0.19057039346665616, 0.3056688515336959], [0.33228798211971083, 0.24133335462779365, 0.2311205015344541, 0.19525816161804138], [0.3552084670667823, 0.2701049229263842, 0.1695819845501471, 0.20510462535668636], [0.3834331643620283, 0.2657045523776729, 0.1520732378753016, 0.19878904528499727]], "ideal": "C", "sampled": "C", "correct": true}}
{"type": "result", "data": {"idx": 3, "options": ["There is no distinction between the two forms of legal reasoning.", "Judges are appointed to interpret the law, not to make it.", "It is misleading to pigeon-hole judges in this way.", "Judicial reasoning is always formal."], "probs": [[0.28191925772704335, 0.27712132195570405, 0.19802981303319778, 0.2429296071840548], [0.27566598095220296, 0.27966309841144843, 0.1878945166233571, 0.2567764039129915], [0.2664029518575414, 0.270115605860294, 0.21514990282440705, 0.2483315393577575], [0.27541672770284087, 0.2666150887548281, 0.19323225029514715, 0.26473593314718386], [0.27434350283726183, 0.24960736553590016, 0.20841121113054467, 0.2676379203962933], [0.278410605211711, 0.2492590770096942, 0.20476516468965283, 0.2675651529889419], [0.3154338346915989, 0.26536512767649134, 0.18661305584550972, 0.23258798168640002], [0.31335258947684935, 0.26364383491686805, 0.17707877123192572, 0.2459248042743568], [0.2986080050169837, 0.26316356656303913, 0.2001724839010338, 0.23805594441894343], [0.298031061857938, 0.2585594057778245, 0.19048812983515345, 0.25292140242908406], [0.3074955871017928, 0.2546332369961943, 0.1850600529321782, 0.2528111228698347], [0.30732688304688877, 0.2503756582486593, 0.19347859917136412, 0.2488188594330878], [0.29750178147862943, 0.2660552938330937, 0.1992117225689673, 0.23723120201930958], [0.31183494528252104, 0.25797594744260005, 0.18157612597211958, 0.2486129812027593], [0.3111531482497608, 0.2827825886142979, 0.18709379711506116, 0.21897046592088013], [0.30894279937251684, 0.2765944641044478, 0.18285349282065605, 0.23160924360237928], [0.2987647056280825, 0.25470635292367183, 0.19701860843118774, 0.24951033291705793], [0.29598764023186713, 0.24872181187648576, 0.20789200375224448, 0.24739854403940262], [0.26288307885654355, 0.2546983772871774, 0.2091938797560001, 0.2732246640002789], [0.2670665720891106, 0.2506369687461104, 0.2090305567924347, 0.2732659022723443], [0.2646805047724211, 0.26450759169794497, 0.2042882442270077, 0.2665236592026262], [0.26231983692287564, 0.2618142107137621, 0.21171380892832609, 0.26415214333503617], [0.25764292859902854, 0.2568719723097702, 0.21795730615399211, 0.2675277928372092], [0.2549276313686606, 0.2543573639383267, 0.22580609876928542, 0.2649089058237273]], "ideal": "C", "sampled": "B", "correct": false}}
{"type": "result", "data": {"idx": 4, "options": ["The POP will choose wealth over a compassionate society.", "The POP will choose equality over power.", "The POP will be unselfish.", "The POP will choose to protect the disabled."], "probs": [[0.29236683246549905, 0.32827988263662083, 0.16114632783708818, 0.21820695696079193], [0.30794359395144955, 0.3349948623444503, 0.1544233170341017, 0.20263822656999844], [0.2114215759509742, 0.24428930512176897, 0.31139659414460746, 0.23289252468264937], [0.2328480973823829, 0.2306134597452283, 0.19550723451623722, 0.3410312082561516], [0.22764462908747138, 0.24710530776608466, 0.3005810469261546, 0.22466901612028933], [0.2333934455876607, 0.24235753712614724, 0.19291910527207468, 0.33132991191411737], [0.3562355020671536, 0.23119103329334115, 0.16671849785104667, 0.24585496668845855], [0.3737660813151291, 0.23131185311650115, 0.1603723239904751, 0.2345497414778946], [0.3334191987565646, 0.21959200172028454, 0.19859368801226573, 0.2483951114108851], [0.3597322946467039, 0.2157340017381047, 0.1604235893264387, 0.2641101141887527], [0.3508756651862559, 0.2238831006099484, 0.19473026110578573, 0.23051097299800993], [0.3586892920959741, 0.22195220489284231, 0.16002374170504322, 0.25933476120614035], [0.22486708720958018, 0.24028478202376805, 0.3019561424257973, 0.23289198824085444], [0.22155662539044632, 0.2411431741814027, 0.18607338325527384, 0.3512268170728772], [0.26450443659319545, 0.35233417674853956, 0.1731741901041871, 0.2099871964540779], [0.27742584710250096, 0.35829480411121123, 0.15058801617940348, 0.2136913325068843], [0.21056828214459392, 0.22188154191363632, 0.22348745498042785, 0.3440627208613419], [0.23000755561067, 0.23810016751739338, 0.28991078895544486, 0.24198148781649176], [0.23757069164479347, 0.2274303320930015, 0.3041467413620002, 0.2308522348002048], [0.2282823553964989, 0.22963110415930693, 0.1915897222688022, 0.35049681807539196], [0.28566985893864993, 0.3103494597609016, 0.18088711526839393, 0.22309356593205448], [0.2792171537596912, 0.3082794844795938, 0.16108205912886556, 0.25142130253184947], [0.21766076979844723, 0.2087033241778525, 0.22372320292142955, 0.3499127030022707], [0.22877825326918744, 0.22593128198798965, 0.2972398830909268, 0.2480505815518961]], "ideal": "A", "sampled": "B", "correct": false}}
{"type": "result", "data": {"idx": 5, "options": ["Law and Economics", "Critical Legal Studies", "Historical", "Natural Law"], "probs": [[0.6494863274597703, 0.13265930609044438, 0.10049750284208848, 0.11735686350769683], [0.6417509651455531, 0.12492678964742115, 0.09156877279097135, 0.14175347231605442], [0.6620241304268405, 0.1330765167777303, 0.09591854219790935, 0.10898081049751984], [0.667620052812988, 0.12220589633247247, 0.08947449043281461, 0.12069956032172499], [0.6045146268627342, 0.13125338464576494, 0.10801524104508427, 0.15621674734641658], [0.6297544930208964, 0.12664000877425285, 0.10849803846731663, 0.13510745963753415], [0.3200062691843033, 0.5223895712274369, 0.0882552754695645, 0.06934888401869532], [0.32008949395926906, 0.5135982112609075, 0.08149702967629004, 0.08481526500353335], [0.17524856980063544, 0.2764288289728312, 0.443382547877444, 0.10494005324908931], [0.14166362793315856, 0.21726173484032923, 0.16367137674351032, 0.4774032603830019], [0.17453163340338276, 0.22443751319674848, 0.46899892477474736, 0.13203192852512138], [0.1471754268506388, 0.20543786269047268, 0.19601958403952965, 0.4513671263193588], [0.26896358735987214, 0.5904150868547418, 0.0794772317692389, 0.06114409391614721], [0.24242813657032802, 0.6126827916544396, 0.07627413818907167, 0.06861493348616064], [0.2094190707948868, 0.29187815355498986, 0.3994856744260286, 0.09921710112409472], [0.17580826398523883, 0.22363382751745517, 0.1532979721644684, 0.4472599362328376], [0.14169299495522106, 0.20999061902754704, 0.5535205560851858, 0.09479582983204604], [0.1700441564456077, 0.21616453252306397, 0.18779246787029824, 0.4259988430610301], [0.24382062253898007, 0.5885223149664773, 0.08445132522930587, 0.0832057371652367], [0.24120926495152722, 0.6017029195168483, 0.08764514195571366, 0.0694426734759108], [0.1678969165988057, 0.24469526046395246, 0.4584175596276535, 0.12899026320958834], [0.15447822211628132, 0.21930384633732256, 0.18738302586588998, 0.43883490558050614], [0.1426188583600273, 0.2180584798868083, 0.5408800566180116, 0.09844260503515277], [0.17321002681236675, 0.23103378479600897, 0.188284383078136, 0.4074718052134883]], "ideal": "A", "sampled": "A", "correct": true}}
{"type": "result", "data": {"idx": 6, "options": ["All commands include some sanction.", "The concept of a command contains the likelihood that a sanction will follow failure to obey the command.", "Without a sanction the mere expression of a wish is not a command.", "A command confers power to change one's legal status."], "probs": [[0.2534731067981135, 0.24004492518952505, 0.24017189798593716, 0.2663100699264242], [0.2579802985818627, 0.24071022451691768, 0.22612635309787915, 0.2751831237033404], [0.2497792839754188, 0.24801458415889147, 0.28133249280023587, 0.22087363896545384], [0.2132639405921827, 0.2291600222781615, 0.2364343518313611, 0.32114168519829467], [0.25165681528574074, 0.24225388511059762, 0.25394932899621814, 0.25213997050744347], [0.2086212783843274, 0.22741992769351319, 0.2499635219324011, 0.3139952718897583], [0.2606761157251989, 0.21467831728695808, 0.250842362617204, 0.2738032042706391], [0.26717754797681353, 0.21354545332523386, 0.23417499310155934, 0.28510200549639325], [0.2705035451234274, 0.22983372773915497, 0.2526514755817255, 0.2470112514556921], [0.24348929884814127, 0.22401428554223404, 0.24221720159935517, 0.2902792139102695], [0.2612120625657324, 0.21869617185921775, 0.2327301308010305, 0.28736163467401943], [0.24139496681660452, 0.2219359278456958, 0.23996996877177937, 0.2966991364659203], [0.2543733379828869, 0.24118788178553482, 0.26876017048114853, 0.23567860965042975], [0.22791996124730018, 0.2336832836193089, 0.22617932672828608, 0.3122174283051048], [0.2655575135416974, 0.2518640012408163, 0.23646533406189746, 0.2461131510555888], [0.23760260993254312, 0.24764690169669645, 0.21828896130359246, 0.296461526967168], [0.21199992612864402, 0.22761921921509046, 0.24631861216821666, 0.31406224238804886], [0.2257545691095098, 0.24235219844326672, 0.2835745639923313, 0.24831866835489222], [0.26650479830378765, 0.22991086882901138, 0.24480888609835508, 0.25877544666884594], [0.2314801146907558, 0.2160614962343431, 0.244700335099655, 0.3077580538752461], [0.2763913571558173, 0.234721079445255, 0.22062869367777385, 0.26825886962115386], [0.2556748985988527, 0.23491531608139737, 0.22775048015224325, 0.2816593050675067], [0.2282371039723042, 0.22316911481817397, 0.24523797263378297, 0.30335580847573884], [0.2435007618570979, 0.23446669473488824, 0.27009441640970994, 0.2519381268983039]], "ideal": "D", "sampled": "B", "correct": false}}
{"type": "result", "data": {"idx": 7, "options": ["By denying its existence.", "By explaining the difference between the common law and civil law.", "By distinguishing certain features of the English legal system that facilitated the development of capitalism.", "By recognizing the importance of legitimate domination."], "probs": [[0.28974523747752573, 0.31938615313430957, 0.16104847140923217, 0.22982013787893252], [0.26220675518850756, 0.31737270002252976, 0.20235227933432876, 0.2180682653546339], [0.3003357514288608, 0.3694957925235179, 0.126157322834155, 0.20401113311346628], [0.307800680368161, 0.37264996763317565, 0.14639200268712013, 0.17315734921154322], [0.2806606334265642, 0.450422412863369, 0.10725470046006033, 0.16166225315000649], [0.2989208920687204, 0.43680948288911636, 0.112448477171179, 0.15182114777098424], [0.3157852950536359, 0.2839816596833756, 0.17558507801437792, 0.2246479671486106], [0.26891494996756604, 0.2826916403498919, 0.2315688385539127, 0.21682457102862937], [0.37269177270331977, 0.29601519081107136, 0.11457411136519241, 0.21671892502041643], [0.3743949289900423, 0.30174783318821846, 0.14646883525678367, 0.17738840246495557], [0.3559708594919908, 0.34103712436126676, 0.11463448404119463, 0.18835753200554778], [0.38844718453679805, 0.3386489991424139, 0.11298100960813061, 0.15992280661265745], [0.41692033405903123, 0.2421630620714258, 0.13973334430250922, 0.20118325946703378], [0.39544053683378055, 0.2481891289644863, 0.18820520672688726, 0.16816512737484587], [0.45989957000934806, 0.23581877081578362, 0.10523790826058714, 0.1990437508142812], [0.4507569237867173, 0.24972289053914482, 0.14300788511372386, 0.15651230046041403], [0.508417591150893, 0.24496117991855343, 0.10024159846967598, 0.14637963036087753], [0.5035566687080366, 0.2542126476510466, 0.10166934131559295, 0.14056134222532374], [0.37196129347846324, 0.269174655438466, 0.1492306254081675, 0.20963342557490322], [0.37318305645823574, 0.2741473643681279, 0.16435651948674287, 0.18831305958689346], [0.3845437718951216, 0.26983324258312175, 0.13204111467103957, 0.2135818707507171], [0.4238515288582943, 0.27056133499285, 0.12539222830564797, 0.18019490774320768], [0.4417471885239405, 0.273549884530369, 0.11092758177601661, 0.17377534506967385], [0.4349511271685514, 0.2821299840289612, 0.11183515185104763, 0.1710837368514398]], "ideal": "C", "sampled": "D", "correct": false}}
{"type": "result", "data": {"idx": 8, "options": ["It is a sin for humans not to apply reason.", "The principles of natural law are discoverable by reason.", "Natural law does not apply without good reason.", "The law of nature is the basis of all positive law."], "probs": [[0.3290971566273067, 0.40172944067468463, 0.12350802306352816, 0.1456653795344805], [0.3134587798239883, 0.41350944078331986, 0.13638838040622284, 0.136643398886469], [0.2639626146307697, 0.28350962918353845, 0.26603301167660426, 0.18649474440908761], [0.26915790825900276, 0.313571443717968, 0.18681024946459887, 0.2304603984584303], [0.24838667744993742, 0.2839816596833756, 0.28376958637308664, 0.18386207639360042], [0.26860424073024014, 0.28925298779536607, 0.201543429427752, 0.24059934194664181], [0.4411892162957906, 0.24641837932928734, 0.14515845043523545, 0.1672339538396866], [0.4285210136420318, 0.2589459755600723, 0.15248181151536888, 0.16005119918252697], [0.46250456566953935, 0.2546611428006142, 0.12062413989291347, 0.16221015153693297], [0.47443731200607836, 0.25722461169696703, 0.12375391649695737, 0.1445841596999972], [0.49305493736674744, 0.23588200438380286, 0.11360647782157833, 0.1574565803278714], [0.49736289296607067, 0.2342996798437411, 0.11917457994762216, 0.14916284714256609], [0.23373261440044732, 0.2757718603897272, 0.30311039538795137, 0.18738512972187413], [0.2514727638237026, 0.29322158928754566, 0.21091650819903035, 0.2443891385897214], [0.32482439760334103, 0.4369695549314782, 0.10084851235407187, 0.13735753501110887], [0.3326739867392106, 0.4401059615140345, 0.10401773886779653, 0.12320231277895835], [0.28086565248150425, 0.2986604989074726, 0.15990944742097074, 0.2605644010900524], [0.27327105937212337, 0.2894897201824031, 0.2638672652099375, 0.17337195513553605], [0.24552980794626314, 0.276040711257293, 0.2938589540980138, 0.18457052659842998], [0.2723483009273634, 0.2754563853141216, 0.20435699546421415, 0.2478383181943008], [0.35473584332340424, 0.39464574166212923, 0.10986927650062389, 0.14074913841384262], [0.3674271377000312, 0.3841456741891683, 0.11031434601698101, 0.13811284199381946], [0.2779295146187372, 0.2901907562919343, 0.17875862119794445, 0.2531211077913841], [0.2601375320314136, 0.27504149486416163, 0.28380406322925517, 0.18101690977516957]], "ideal": "B", "sampled": "B", "correct": true}}
{"type": "result", "data": {"idx": 9, "options": ["Women can achieve equality through political pressure.", "Equality is impossible because men define women as different.", "The idea of 'woman' needs to be redefined.", "The world is phallocentric and oppressive."], "probs": [[0.22400532326834505, 0.28027528103953336, 0.21996301082612338, 0.27575638476599823], [0.22355980993361274, 0.2842951502891835, 0.2126810243005693, 0.27946401537663446], [0.21286841273257473, 0.27056850770829205, 0.23319229928937815, 0.2833707801697551], [0.20682390648513796, 0.27126372666220416, 0.23349686660508456, 0.2884155001475733], [0.22596218506335056, 0.28738971685308107, 0.20847150060024813, 0.27817659738332023], [0.21993695525021825, 0.28399244371185606, 0.2124261589497416, 0.2836444419881841], [0.20652022032519288, 0.2792091840579913, 0.22228721278379288, 0.29198338273302293], [0.20445392414510377, 0.2852523539599925, 0.21658114441311746, 0.2937125773817863], [0.20550034325749017, 0.2779951608500493, 0.22109390134108753, 0.29541059445137297], [0.21292561925086853, 0.279269137332799, 0.2291705080390435, 0.27863473527728894], [0.2088078260212945, 0.2780509590824549, 0.21782448885646769, 0.2953167259397829], [0.21113974483106368, 0.28108126759940727, 0.22724042017692112, 0.2805385672926079], [0.1987109660711503, 0.27727243714648026, 0.24269402386345462, 0.28132257281891476], [0.19771289528847152, 0.27587496820499996, 0.23759857953797167, 0.28881355686855686], [0.21697176470546753, 0.27973057087234365, 0.21934633935342743, 0.28395132496876135], [0.22379862436794284, 0.27971289392633236, 0.229860267910033, 0.2666282136956918], [0.21067011119822654, 0.28045477151776826, 0.21988051948020584, 0.2889945977037993], [0.21914979813291596, 0.28697910902014545, 0.22868579623796517, 0.26518529650897343], [0.21266401445717908, 0.27906260723251786, 0.21200994286830888, 0.2962634353419942], [0.21492311787748908, 0.2733435576889957, 0.20760277277564165, 0.30413055155787355], [0.2191960131663237, 0.26999748555098546, 0.21491565448625438, 0.29589084669643645], [0.22533326856028466, 0.27316809918986407, 0.22431759046684804, 0.2771810416830032], [0.20869003234206893, 0.2653715312215555, 0.22118629512959187, 0.3047521412067837], [0.21577115237260197, 0.27408147793640614, 0.2321522807729341, 0.2779950888180578]], "ideal": "A", "sampled": "D", "correct": false}}
{"type": "result", "data": {"idx": 10, "options": ["John Rawls", "Stammler", "Jerome Hall", "John Finns"], "probs": [[0.3787236994506572, 0.25270622213023414, 0.17724473244430222, 0.19132534587480643], [0.3492082252985247, 0.2520487233133775, 0.1686488041515739, 0.23009424713652385], [0.3700095900520344, 0.24693270779367457, 0.19609321067478686, 0.1869644913795042], [0.3294643016069546, 0.24531597290047696, 0.18300609960784864, 0.2422136257847198], [0.32770964500011174, 0.23643097279091685, 0.20952364800265297, 0.22633573410631846], [0.3047820536552449, 0.23404475346714027, 0.20736470198450976, 0.253808490793105], [0.3854431681892699, 0.2453921248693701, 0.18033511250905884, 0.18882959433230115], [0.3591562127204924, 0.23977106746249188, 0.16801583276593382, 0.2330568869510819], [0.376214330996418, 0.24337004485334182, 0.19334696519448513, 0.18706865885575508], [0.36247203030001135, 0.2310977554762416, 0.15209423360985733, 0.2543359805138897], [0.29231569970339244, 0.2280107119443459, 0.2437422987766978, 0.23593128947556383], [0.31424126494128146, 0.21647173486678328, 0.19482787241817123, 0.27445912767376396], [0.3666843175521377, 0.24475729463037046, 0.19435958562337868, 0.19419880209411314], [0.3313021063473324, 0.2391168772935169, 0.17834624646310715, 0.25123476979604353], [0.3473028592016123, 0.23550838580620162, 0.21528534909845282, 0.20190340579373323], [0.3261069959576362, 0.21798018650198042, 0.17558966495519351, 0.28032315248518985], [0.2740816432845447, 0.2205184516012918, 0.24695267902895882, 0.25844722598520464], [0.31068730814162376, 0.2107749612534117, 0.21141110673535393, 0.2671266237696106], [0.2822351371293616, 0.28709059095222034, 0.19205092809512186, 0.2386233437232962], [0.26824739972423345, 0.28151148974332657, 0.19726167911198553, 0.2529794313204544], [0.2600166681141414, 0.26040979053114427, 0.2418269406690643, 0.23774660058565003], [0.2784033251482005, 0.24628683944344282, 0.19556278312856656, 0.2797470521797901], [0.252273697279184, 0.24871012944281914, 0.2457833179980609, 0.25323285517993593], [0.27323624488959225, 0.23802639541629897, 0.20100568232910446, 0.2877316772650043]], "ideal": "B", "sampled": "A", "correct": false}}
{"type": "result", "data": {"idx": 11, "options": ["Historical", "Analytical", "Command", "Sociological"], "probs": [[0.13678106664243456, 0.2124069034840846, 0.25319010016770466, 0.39762192960577614], [0.15832943194503088, 0.20311405367948163, 0.5589185523105601, 0.07963796196492735], [0.15039587691692027, 0.20931383410896093, 0.33053569479866174, 0.3097545940754571], [0.11020757919783324, 0.17075821628384222, 0.6200181198988866, 0.09901608451943802], [0.20327815411442254, 0.5448904036930695, 0.14278434215548322, 0.10904709993702467], [0.17765802407958778, 0.5311805088462802, 0.150412636241365, 0.140748830732767], [0.13396925331665138, 0.1838646464103467, 0.2603941973959672, 0.4217719027770347], [0.160526434198446, 0.18782761320546215, 0.5768307194628094, 0.0748152330332824], [0.15136503809406454, 0.2013641447643845, 0.3038515972676705, 0.3434192197738804], [0.13246725893088498, 0.17841356032535147, 0.5992067038177281, 0.0899124768260354], [0.2938834573244405, 0.5097886057543568, 0.1252626711240415, 0.07106526569716125], [0.24410077164416627, 0.525972381955609, 0.13565852150926969, 0.09426832479095497], [0.15363542962974905, 0.23115522011524384, 0.29825789177799694, 0.3169514583770101], [0.1355214932114565, 0.21677403347863436, 0.5331915298649027, 0.11451294334500646], [0.14641754327740383, 0.22766898570168226, 0.2938916384879906, 0.3320218324329233], [0.13074730432772966, 0.19325967275102277, 0.5830538315715508, 0.09293919124969678], [0.25572548769983505, 0.4230496928835241, 0.18807943532496807, 0.1331453839916727], [0.24198737329748526, 0.42577846757289844, 0.18939159165179414, 0.14284256737782214], [0.4563029800061712, 0.20940840796186716, 0.20340355319417003, 0.1308850587377916], [0.3890394270031035, 0.19935534892472848, 0.19956465063483633, 0.2120405733373317], [0.4669878253915, 0.20440160040601915, 0.19860685165634787, 0.13000372244613292], [0.4111933952870087, 0.21035282075404568, 0.19818578349669475, 0.18026800036225085], [0.37496266323993105, 0.2014466851963818, 0.22846287827088965, 0.1951277731927975], [0.3616270397277314, 0.21309603333463872, 0.2457625347938464, 0.17951439204378347]], "ideal": "D", "sampled": "D", "correct": true}}
{"type": "result", "data": {"idx": 12, "options": ["Conflict.", "Love.", "War.", "Reciprocity."], "probs": [[0.31165393255055934, 0.2427647935277409, 0.25905483186471234, 0.18652644195698737], [0.28715038938520177, 0.21344808218985345, 0.38135913863002435, 0.11804238969492041], [0.3050735456158526, 0.23038387756500076, 0.27008803468828446, 0.19445454203086215], [0.2704183317977353, 0.1918536771420333, 0.4332843196481043, 0.10444367131212712], [0.3911817873494488, 0.4103058194118269, 0.12932520287886742, 0.06918719025985685], [0.3847825217445251, 0.40354731701356805, 0.1333353022602456, 0.07833485888166127], [0.32986577850461796, 0.2529047093599748, 0.24570861090186932, 0.1715209011335379], [0.3159523558903832, 0.20396911791953545, 0.38205366753611586, 0.0980248585539655], [0.3126173158847393, 0.2473006507790438, 0.27234329007867286, 0.16773874315754403], [0.2768017536960588, 0.20896147100514625, 0.4038878651676319, 0.11034891003116304], [0.45113670194075894, 0.3514855686998473, 0.12751924165281026, 0.06985848760658345], [0.424327611880785, 0.36311966177170196, 0.13385052977653958, 0.07870219647097347], [0.32825142631007087, 0.27650729231017357, 0.22974218768180033, 0.16549909359795523], [0.3148060166133997, 0.2340401726283054, 0.3519010271666787, 0.09925278349161622], [0.28932855392568496, 0.26763502558281993, 0.2725063345310675, 0.17053008586042767], [0.27785843607984967, 0.23405390975518958, 0.380730777940824, 0.10735687612413675], [0.3687668689634823, 0.4592600474296238, 0.1092586292465122, 0.06271445426038168], [0.37573052708614174, 0.4607289885513235, 0.10624583420664256, 0.05729465005589224], [0.808852243210668, 0.07648026828477504, 0.06818630444044031, 0.046481183964116664], [0.7834292853734455, 0.08008785008812364, 0.07542220699016321, 0.06106065744826763], [0.7974710970602176, 0.0765961698001451, 0.07439610278164832, 0.05153663025798903], [0.7835615651281275, 0.0801235428243503, 0.07844445780459589, 0.05787043414292632], [0.7678777774964716, 0.083545157993486, 0.09056680139726578, 0.058010263012776675], [0.7894364712258972, 0.0782079410207733, 0.08091712862810646, 0.051438459025222975]], "ideal": "D", "sampled": "D", "correct": true}}
{"type": "result", "data": {"idx": 13, "options": ["That there is no distinction between law and morality.", "That there is a distinction between right and wrong.", "That facts about the world or human nature cannot normally ordain what ought to be", "That human rights are fundamentally unsound."], "probs": [[0.3448239513168033, 0.3643540387332562, 0.14375057600862876, 0.14707143384131172], [0.3244577847258304, 0.34989791062259756, 0.1388540077412151, 0.18679029681035694], [0.3187517523446812, 0.2495532929647755, 0.263724565479609, 0.1679703891109343], [0.29465755378253805, 0.22783285037634057, 0.15773521127114065, 0.3197743844699807], [0.15983081100520796, 0.1473994276882745, 0.49144507181863545, 0.2013246893878821], [0.2548241615040586, 0.1967673599523234, 0.2587578594425843, 0.2896506190010337], [0.38283368242927757, 0.2527510078148223, 0.18368789156554427, 0.18072741809035586], [0.32393283614057, 0.2510537281695405, 0.18341702767615264, 0.24159640791373685], [0.39775583753447763, 0.24257132452855756, 0.18053017968934423, 0.17914265814762056], [0.38681012486448196, 0.23625211145213218, 0.1563678267167732, 0.22056993686661266], [0.28757457227697725, 0.20081650616380367, 0.2721750559612905, 0.2394338654979286], [0.317911814543892, 0.20974336802391655, 0.2395668333787465, 0.23277798395344493], [0.2506763674168901, 0.21527080556491238, 0.358686392847885, 0.17536643407031252], [0.2906989324979835, 0.21781075515011, 0.16571419688679756, 0.325776115365109], [0.3825832135928107, 0.27273200720509444, 0.17099706062467807, 0.17368771847741674], [0.39554228195936975, 0.2653644303603516, 0.13371300297493727, 0.20538028460534136], [0.2690960764615853, 0.19529131052925322, 0.21956261990258902, 0.3160499930065725], [0.22736920210164996, 0.1778945939143479, 0.380613060211844, 0.2141231436721582], [0.15039719863813966, 0.1768758621169458, 0.47264272674129715, 0.20008421240361735], [0.2265862029528322, 0.22500404229018317, 0.2564297134811918, 0.2919800411757928], [0.23701311645521866, 0.26724851128766725, 0.2539322674020512, 0.24180610475506287], [0.26076313462088874, 0.2930860475442869, 0.21920194893072562, 0.2269488688040987], [0.22191700337098152, 0.24572773275302273, 0.20799671111411092, 0.32435855266188485], [0.2326023176406634, 0.25300421177282156, 0.2885485460224442, 0.2258449244640709]], "ideal": "C", "sampled": "B", "correct": false}}
{"type": "result", "data": {"idx": 14, "options": ["Individual stories are suspect.", "The law is static.", "Universal values are meaningless.", "Literature reproduces repression."], "probs": [[0.34962987896283976, 0.20592242477265116, 0.20640987155757556, 0.2380378246069335], [0.3504585921413915, 0.20964300630380375, 0.17976590989222543, 0.2601324915625793], [0.3742335494119243, 0.2422071880188847, 0.1604571366217781, 0.22310212584741285], [0.32472795244784336, 0.23770239946849356, 0.1561515331112159, 0.28141811487244717], [0.30555224870892944, 0.19609834544036317, 0.20902875375190355, 0.2893206519988038], [0.29720191050185757, 0.19489573521142523, 0.2043907554061691, 0.30351159878054806], [0.3103833496260204, 0.27234521505493403, 0.18745976684603063, 0.22981166837301492], [0.3055036481609226, 0.2763547434319025, 0.16159500706993826, 0.25654660123723655], [0.28993022870994417, 0.23123336180570098, 0.24870039890753326, 0.23013601047682156], [0.31176004739743335, 0.2547359244191996, 0.17000398544769127, 0.2635000426356758], [0.26474996609573603, 0.1941608579512729, 0.2199315511980796, 0.32115762465491143], [0.26760858294671935, 0.19606709478324974, 0.22211521861716227, 0.31420910355286863], [0.3527019865055542, 0.2893660919173361, 0.14201041843051562, 0.21592150304659413], [0.31383357851795307, 0.27992056068603943, 0.1460197484058041, 0.2602261122902034], [0.3241297747226674, 0.20357362343899474, 0.23890247516489294, 0.23339412657344488], [0.34936156865441015, 0.21101081369197264, 0.17830601332788779, 0.2613216042257294], [0.29154062702632144, 0.19625580601302914, 0.20445208554089114, 0.3077514813197582], [0.2917510655752454, 0.1995025336394642, 0.2194503908966195, 0.2892960097886709], [0.27671629600017195, 0.23903508838163243, 0.18500107800602253, 0.2992475375121731], [0.25675004718120364, 0.23017920551382443, 0.20167841015229462, 0.31139233705267727], [0.2556745898225478, 0.204326913062682, 0.21938297294739798, 0.32061552406737215], [0.2647535542097214, 0.20812879810828075, 0.21815878475747624, 0.30895886282452156], [0.24814625081918715, 0.21891331670479325, 0.22972501812068136, 0.30321541425533827], [0.2657086411275182, 0.22914443783521635, 0.20243869436377637, 0.3027082265734891]], "ideal": "C", "sampled": "A", "correct": false}}
{"type": "result", "data": {"idx": 15, "options": ["Law as medium' describes law as a body of formal, general rules that control the state and the economy; 'law as institution' inhabits the 'lifeworld' and expresses its shared values and norms in institutional form.", "Law as medium' consists of the manner in which law is presented by the media; 'law as institution' describes the courts.", "Law as medium' concerns the manner in which the law expresses its rules in simplified terms; 'law as institution' refers to the formal declaration of laws by legislative bodies.", "Law as medium' is defined as the intermediate stage of legal development; 'law as institution' is the advanced stage."], "probs": [[0.38073779994203616, 0.20467505737060807, 0.20474208279165376, 0.209845059795702], [0.3296589703680692, 0.1931813272708595, 0.19157323873035098, 0.2855864635307203], [0.38267042088644354, 0.21732451861936633, 0.1789299345156454, 0.22107512587854472], [0.3608680176632746, 0.21473526102348353, 0.18813369236893715, 0.23626302884430472], [0.3380745745514769, 0.19493197230940973, 0.1874476261280709, 0.2795458269110425], [0.3555754965847474, 0.20499358763740544, 0.21012225431900677, 0.22930866135884037], [0.31223698982101117, 0.24629984426568843, 0.21367303706546167, 0.2277901287478387], [0.27418519289367727, 0.23026363088556556, 0.2045653106618392, 0.29098586545891797], [0.30518579934742646, 0.2259019497690491, 0.24989450347747638, 0.21901774730604803], [0.24974424762397626, 0.20700932728650356, 0.2077512262888935, 0.33549519870062666], [0.25200708571504876, 0.19967437385971676, 0.29013915550165537, 0.2581793848235791], [0.2531216291459622, 0.1967391403276197, 0.24579256795615317, 0.30434666247026493], [0.3452202728823355, 0.22438077960722128, 0.19324496674460354, 0.23715398066583973], [0.32610990622031244, 0.22367852257403542, 0.20034928020770726, 0.24986229089794487], [0.3055622370403093, 0.20119935871732966, 0.2705310067422168, 0.2227073974001442], [0.24457100760192763, 0.1815663928078758, 0.21298364437428086, 0.3608789551159157], [0.2811256902961091, 0.19981552360718752, 0.290670658757965, 0.22838812723873833], [0.2603947325986454, 0.1844076376665275, 0.21631112571049826, 0.33888650392432884], [0.28620533426490385, 0.24034242387141874, 0.1927293722002078, 0.28072286956346965], [0.3021575555224688, 0.25761881851986, 0.205277356563505, 0.23494626929416615], [0.26211890966236384, 0.2029191136592231, 0.2747812311788977, 0.26018074539951536], [0.26240363323443244, 0.20077086683931622, 0.23580029253091334, 0.301025207295338], [0.2891017367058197, 0.22395314762946417, 0.2558152859037726, 0.23112982966094353], [0.26797832838098173, 0.21178734843755773, 0.2028941123180995, 0.31734021076336105]], "ideal": "A", "sampled": "A", "correct": true}}
{"type": "result", "data": {"idx": 16, "options": ["One is under a duty to obey the law without exception, regardless of its content.", "There is no duty to obey a law to which one hasn't agreed.", "The duty applies only to those who are directly affected by the law in question.", "The obligation arises independently of the precise legal provisions involved - unless there are grounds to justify a specific exception."], "probs": [[0.28401349684816607, 0.2433561678497722, 0.16461222853279442, 0.3080181066692673], [0.2680758535593893, 0.25483226773574724, 0.3040765225583222, 0.17301535604654122], [0.28407769969129393, 0.2397640907559824, 0.1725894335843971, 0.30356877586832653], [0.25517287467591, 0.26224806511390236, 0.3075026227598453, 0.17507643735034234], [0.33639421053162327, 0.42669196641076484, 0.10424396083969636, 0.1326698621179155], [0.333727243015528, 0.4290107520166983, 0.10570723641133649, 0.1315547684564372], [0.2520935274720454, 0.26861405770199626, 0.1603053384904496, 0.31898707623550876], [0.24489875895617894, 0.2678904155257551, 0.29982595739269235, 0.1873848680253736], [0.20975417761629833, 0.2124814476610894, 0.32525004964049437, 0.25251432498211795], [0.2088277786761311, 0.23540669677287657, 0.3440970778121174, 0.21166844663887496], [0.3261024258376168, 0.3638474236408385, 0.15750701254500393, 0.15254313787654078], [0.2809234088791159, 0.3666928872111116, 0.12665610580322656, 0.22572759800654593], [0.28097604027703765, 0.37971238014999437, 0.11370117283511569, 0.2256104066378523], [0.290465457282172, 0.3842956893191949, 0.1702366398210448, 0.15500221347758827], [0.22696653481687976, 0.2412490587626968, 0.2826017014726756, 0.24918270484774782], [0.22721597211449157, 0.2523561380200137, 0.3105047894628562, 0.20992310030263855], [0.3052329122714939, 0.37928161021254486, 0.17061550913535087, 0.14486996828061036], [0.2880691523248415, 0.4071239737656992, 0.11903925717834019, 0.1857676166311191], [0.6038453353395212, 0.17010856529454899, 0.09842415531395522, 0.12762194395197457], [0.5944398640991864, 0.17814265189773595, 0.10074007510131515, 0.12667740880176248], [0.5096962071671851, 0.1824956251129086, 0.17047314564124116, 0.13733502197866515], [0.4920327071632027, 0.1750341847343538, 0.1273470295929502, 0.20558607840949328], [0.4535149931454139, 0.19119535384650393, 0.2103602438954755, 0.14492940901260667], [0.49547188757830124, 0.1707883796827787, 0.13326895732821317, 0.2004707753107069]], "ideal": "D", "sampled": "D", "correct": true}}
