{"type": "result", "data": {"idx": 0, "options": ["True, True", "False, False", "True, False", "False, True"], "probs": [[0.24115592186160859, 0.2386995696007668, 0.21353980679402032, 0.3066047016436043], [0.24206677532059087, 0.23591900388872247, 0.20444073628698092, 0.31757348440370575], [0.2508814297234257, 0.24062946077817235, 0.18965445174385306, 0.3188346576545489], [0.2544933741511703, 0.2366102827874018, 0.19554532188254226, 0.3133510210788857], [0.24249272001301556, 0.2255703196043894, 0.1984477906295568, 0.33348916965303826], [0.24965836105234282, 0.22162079808879984, 0.22097583112891103, 0.30774500962994633], [0.20838790819367206, 0.24879537149570868, 0.23277985700455284, 0.3100368632060664], [0.200093105422299, 0.24270318764280058, 0.22002288846132, 0.33718081837358044], [0.20225657822041596, 0.21310988384008, 0.26424026880364093, 0.32039326903586307], [0.20171779104348211, 0.20929327362430916, 0.23238979172706045, 0.35659914350514826], [0.19844528143603224, 0.20925327197962865, 0.24713477875198678, 0.34516666773235233], [0.19954523739525842, 0.21036063446028425, 0.22615775800705015, 0.3639363700374072], [0.2848277176580427, 0.24891772115476404, 0.18428908835860242, 0.2819654727285908], [0.29192295667590107, 0.24346888062903446, 0.18895733354586255, 0.2756508290492019], [0.2730034670855826, 0.21727726508820663, 0.23058671444097142, 0.27913255328523934], [0.2664617856107655, 0.21534223531503421, 0.20467114141516884, 0.31352483755903143], [0.28113634695959, 0.22379583274297118, 0.21639880736101483, 0.278669012836424], [0.27792850962269117, 0.22122394205575102, 0.18854813837753165, 0.31229940984402615], [0.24605105058030605, 0.22519918455015248, 0.2106352063992152, 0.31811455837032626], [0.24289337202444455, 0.22570197763114283, 0.23190786395549925, 0.29949678628891335], [0.2419018108260938, 0.20805364285058833, 0.22743367673121018, 0.32261086949210765], [0.2480282151430016, 0.20677193946767866, 0.20897740056679506, 0.33622244472252466], [0.2476095483171824, 0.21954476176853682, 0.23671095855518492, 0.29613473125909584], [0.24949283520585577, 0.21454028252037008, 0.19770272957952958, 0.3382641525942446]], "ideal": "D", "sampled": "A", "correct": false}}
{"type": "result", "data": {"idx": 1, "options": ["True, True", "False, False", "True, False", "False, True"], "probs": [[0.2396261429491347, 0.2411917781766231, 0.22779037395509627, 0.2913917048191459], [0.23805646950690298, 0.23955573496145163, 0.21918209221528748, 0.30320570321635787], [0.24663823065421317, 0.251998238418971, 0.1971132335268944, 0.3042502972999214], [0.25678613779361154, 0.250514835094196, 0.2086266875058402, 0.2840723395063523], [0.2434930615853203, 0.2339785510964877, 0.20735750781373588, 0.3151708794044561], [0.2514417208694566, 0.23410927105751916, 0.23160705313165134, 0.28284195484137287], [0.21425667402985912, 0.27702060339064816, 0.22703275082225216, 0.2816899716572405], [0.20661756652806917, 0.2714441554606221, 0.218955310027441, 0.3029829678838677], [0.20209072227110073, 0.23063143741817504, 0.27081313323035044, 0.29646470698037375], [0.1983891396556078, 0.22991603490890858, 0.2419163430637404, 0.32977848227174317], [0.19732823965960372, 0.2288186847934786, 0.2560414075595399, 0.31781166788737775], [0.20099965334907802, 0.22944416787249688, 0.23019071607048286, 0.33936546260794226], [0.2745524048530684, 0.2595698237159559, 0.19359427688570038, 0.27228349444527533], [0.2849287007485401, 0.25702639645669356, 0.20084398384338903, 0.2572009188513773], [0.26699879364981366, 0.22630080241233883, 0.24576599527276602, 0.2609344085650815], [0.25747383789261635, 0.22500271608677774, 0.21899482094518563, 0.29852862497542026], [0.28482686612342134, 0.23770150820780325, 0.22782236542676296, 0.24964926014201244], [0.276599828522557, 0.23442668069680736, 0.1921068011346101, 0.2968666895460256], [0.2410033046958246, 0.24639865753570864, 0.2148904204153701, 0.2977076172530967], [0.24421695600144563, 0.2457252962857717, 0.23545070691885547, 0.27460704069392716], [0.23854812621848293, 0.22562096674539026, 0.24108025069984626, 0.2947506562362806], [0.24289386333918317, 0.2260609749636636, 0.21657465718867255, 0.3144705044084807], [0.2511010207148777, 0.241152364604682, 0.242246392974566, 0.2655002216058743], [0.24612931148122066, 0.24006850240418215, 0.19991836545609087, 0.3138838205585063]], "ideal": "C", "sampled": "A", "correct": false}}
{"type": "result", "data": {"idx": 2, "options": ["True, True", "False, False", "True, False", "False, True"], "probs": [[0.27394433990527556, 0.22094319100127954, 0.21716640240266644, 0.2879460665907784], [0.28550210166844614, 0.2163175163005412, 0.20277771049531507, 0.2954026714356976], [0.2836751341536088, 0.23233050105632627, 0.18603810666131257, 0.29795625802875236], [0.2952113957344901, 0.2272593013041658, 0.19087451125636756, 0.2866547916049765], [0.29137785542276745, 0.2108400558099932, 0.19136267263894982, 0.30641941602828954], [0.289644207185686, 0.212844681527122, 0.21580561671772802, 0.281705494469464], [0.24832145117188165, 0.23804723433400632, 0.2265994169068061, 0.28703189748730595], [0.2424091655850517, 0.23237955116598577, 0.217587942649478, 0.3076233404994845], [0.24228069229798485, 0.20495835213051944, 0.2544353452406992, 0.29832561023079646], [0.24154182085526205, 0.201130837266213, 0.23068051266453404, 0.3266468291139909], [0.23982676085895407, 0.20604383067346996, 0.23995006797149565, 0.3141793403960803], [0.24077941833680236, 0.20381276611156765, 0.21943699148244225, 0.33597082396918776], [0.31940325615485404, 0.23843903481901926, 0.17669880125098517, 0.2654589076751415], [0.3330333629821506, 0.23363063433309494, 0.18147990646573783, 0.2518560961190166], [0.30226016041594095, 0.20544889567228042, 0.22868910429574987, 0.2636018395160287], [0.2957375767091666, 0.20404020223721714, 0.2035059360356711, 0.2967162849179451], [0.3157470916118509, 0.21466170888964603, 0.2110639128194958, 0.2585272865790073], [0.31072854529598637, 0.21128679494999772, 0.18030774322870718, 0.2976769164253087], [0.2917704625399772, 0.2176799955400701, 0.19768348628814303, 0.2928660555318097], [0.2840266823484589, 0.2184793501873882, 0.22136072812250962, 0.2761332392416433], [0.28909015652626674, 0.1964530050558094, 0.21517992017501522, 0.29927691814290863], [0.29189774391116363, 0.19529628751709147, 0.20083802936452924, 0.31196793910721565], [0.29441044957015583, 0.20950278879080556, 0.2227393106750843, 0.2733474508639543], [0.28945434521901386, 0.2060245902037916, 0.19013484103767375, 0.3143862234395208]], "ideal": "B", "sampled": "A", "correct": false}}
{"type": "result", "data": {"idx": 3, "options": ["12", "24", "48", "72"], "probs": [[0.2717094461602872, 0.23281269120052922, 0.22286281319509754, 0.27261504934408604], [0.2651523311893383, 0.22369241378912944, 0.2279540117161902, 0.28320124320534207], [0.2626945674156708, 0.22862440345385265, 0.2366981506110958, 0.2719828784193807], [0.2514461018109124, 0.22235866220096406, 0.2265331778677246, 0.2996620580203989], [0.26473976975685437, 0.22686803814580142, 0.23849128608294806, 0.26990090591439614], [0.2573911470694897, 0.2240441523553157, 0.23923168361084426, 0.27933301686435036], [0.24487699961253492, 0.22330403817578132, 0.2661617577035508, 0.2656572044081329], [0.25141483542789195, 0.2187989651938031, 0.25274831054067365, 0.2770378887376313], [0.26670074857638704, 0.22157384783159034, 0.22228095264418796, 0.28944445084783466], [0.2591479497634886, 0.22217100028471704, 0.2193376338065165, 0.2993434160452779], [0.2669152458093729, 0.2288455230456911, 0.21904735449463994, 0.285191876550296], [0.25198259947164314, 0.2228295504824015, 0.23421370980781642, 0.29097414013813894], [0.2593693357634653, 0.21883610726683142, 0.2489353492924381, 0.2728592075772652], [0.24028661844711696, 0.202772647122133, 0.26128002998600275, 0.2956607043447473], [0.27147835894907263, 0.2254647049896663, 0.22632555998573772, 0.27673137597552333], [0.2508320063597667, 0.21496893254567828, 0.24446146154709597, 0.289737599447459], [0.27689793703171267, 0.23375736174630046, 0.20695407686548165, 0.2823906242565052], [0.26646637119768607, 0.2248616896386087, 0.23278383214578255, 0.2758881069179227], [0.25635374735803723, 0.22320231300754925, 0.24219430573221412, 0.27824963380219936], [0.2552757110772137, 0.2188214678055889, 0.24881505970761167, 0.27708776130958573], [0.25854109559419264, 0.2285957234006934, 0.2366941018153618, 0.2761690790897522], [0.24412651357593676, 0.22975020108309646, 0.2571784853678063, 0.26894479987316045], [0.27185566185261756, 0.23296402146840836, 0.2265903035629967, 0.2685900130159774], [0.26597692370838355, 0.2278922694145714, 0.2434553245902095, 0.2626754821868355]], "ideal": "D", "sampled": "C", "correct": false}}
{"type": "result", "data": {"idx": 4, "options": ["convolutional networks", "graph networks", "fully connected networks", "RBF networks"], "probs": [[0.5275419353911239, 0.17014917729583603, 0.16347616909299686, 0.1388327181200431], [0.5028259528897365, 0.1740708720180275, 0.1646776572594329, 0.15842551773280308], [0.5555470668050476, 0.1618194604029284, 0.15662536256871026, 0.12600811012331373], [0.5470002563048618, 0.15689541952856503, 0.15661946494089193, 0.13948485912568118], [0.4793535864548088, 0.17941639934303108, 0.17791610588719373, 0.16331390821496639], [0.4731802971867049, 0.17569030215291, 0.17958853486309234, 0.17154086569729274], [0.30597346334139186, 0.4188208485984514, 0.16767976801626486, 0.10752591994389185], [0.2792784273345142, 0.43329650159317545, 0.1708589643069116, 0.11656610666539875], [0.17059735697891987, 0.1965808689907178, 0.46722661747988875, 0.16559515645047357], [0.1891864594385521, 0.195781445357934, 0.20045480727500298, 0.41457728782851094], [0.1673583065199639, 0.19287045010678794, 0.43757065474231327, 0.20220058853093484], [0.16018578169851347, 0.18792181925202994, 0.20804221616032179, 0.4438501827891348], [0.24144424957439226, 0.5801373710504945, 0.11485795967613881, 0.06356041959897453], [0.2124166276118344, 0.5875110450541257, 0.12184705965948371, 0.07822526757455624], [0.17078088004526956, 0.21951557839072866, 0.44648987396736484, 0.16321366749663693], [0.18097588829520253, 0.20887260382038153, 0.20728060855696392, 0.402870899227452], [0.14997007174735724, 0.1755164291611099, 0.4724606941534588, 0.20205280483807403], [0.1528800703003104, 0.18200984324170216, 0.22819350317530507, 0.4369165831826824], [0.24739225206285384, 0.4559535383722208, 0.17401266096282333, 0.12264154850210199], [0.2410069298053062, 0.44400466479370504, 0.17204696659303476, 0.14294143870795398], [0.16040417016357522, 0.21619261597573192, 0.43255403231551215, 0.19084918144518076], [0.16421557471851733, 0.2148351903094036, 0.21292156834495024, 0.4080276665271288], [0.14839220266634762, 0.17374040443561156, 0.48997522125671883, 0.187892171541322], [0.1646009881510937, 0.1991384535572009, 0.22721034963273878, 0.4090502085589666]], "ideal": "A", "sampled": "A", "correct": true}}
{"type": "result", "data": {"idx": 5, "options": ["True, True", "False, False", "True, False", "False, True"], "probs": [[0.24096818265889422, 0.23989340660557304, 0.23503409323726165, 0.2841043173982711], [0.24910061430080127, 0.24040563760388348, 0.22128148704463976, 0.2892122609506755], [0.25136345996970816, 0.249966118459234, 0.20281265976207863, 0.2958577617089792], [0.25703724450171833, 0.24430509671196793, 0.2143035168939054, 0.28435414179240837], [0.24973035228333532, 0.22665539719364552, 0.21488808413514487, 0.3087261662878743], [0.24927275994636772, 0.22615068669519406, 0.2395551758566186, 0.2850213774018196], [0.2198859816535761, 0.2520732358463829, 0.2428399396546216, 0.28520084274541935], [0.2119939263848883, 0.25088735664697903, 0.23052533771697126, 0.3065933791511614], [0.2143608299523684, 0.2169225034359359, 0.2726167399518752, 0.2960999265598205], [0.21170559838838676, 0.2175031932598882, 0.24476327364326558, 0.32602793460845947], [0.21328252551806995, 0.222680002428675, 0.25060549375889024, 0.3134319781943648], [0.2137901750918493, 0.21969037918501055, 0.2320872361414917, 0.3344322094816484], [0.281653054973721, 0.24367367454934244, 0.20388888428225357, 0.2707843860946829], [0.2886655628392517, 0.23846706745624058, 0.21229395268224655, 0.26057341692226116], [0.26939770978077965, 0.21226947323746914, 0.2508390582972125, 0.26749375858453867], [0.2612822133423536, 0.21219911311528358, 0.2281382896713252, 0.2983803837710376], [0.2842978877185285, 0.22422218654628778, 0.23026116533154112, 0.2612187603036426], [0.2774959595599466, 0.21876610673519004, 0.20103380074325028, 0.3027041328616131], [0.2534950039506528, 0.22625937718484135, 0.22114605869903944, 0.2990995600654664], [0.24977699293185465, 0.2227868635973977, 0.2506927139496727, 0.27674342942107494], [0.25363779443406553, 0.21258753852785955, 0.23924734052481916, 0.29452732641325574], [0.2626480499041892, 0.2068583250860888, 0.22534513807047712, 0.30514848683924484], [0.26891549617594995, 0.22543754499572552, 0.2384015250443975, 0.26724543368392706], [0.26523314504552825, 0.22238503229689194, 0.20422242306946484, 0.30815939948811494]], "ideal": "B", "sampled": "A", "correct": false}}
{"type": "result", "data": {"idx": 6, "options": ["O(D)", "O(N)", "O(ND)", "O(ND^2)"], "probs": [[0.2888395189950113, 0.21138933298858092, 0.17296588419138262, 0.32680526372502516], [0.2938802452425258, 0.2083761927761022, 0.1902227642875598, 0.3075207975938122], [0.31575811847146185, 0.2170355831476251, 0.18902679349161758, 0.2781795047892955], [0.30437658141122054, 0.22626646535120132, 0.17932622667326056, 0.2900307264643176], [0.3110169721677278, 0.21375864423523613, 0.20121915336594712, 0.27400523013108896], [0.3006332859190668, 0.2233561161437213, 0.20703798838926227, 0.2689726094479496], [0.2778430456609471, 0.22337881219930192, 0.17441724949445958, 0.3243608925452914], [0.2774773794511035, 0.21616516683078071, 0.19727635087668524, 0.3090811027414305], [0.29468121682615894, 0.22253143453561042, 0.17919872432349165, 0.30358862421473903], [0.29194904175841146, 0.2274201193656506, 0.19800816489205308, 0.2826226738838849], [0.29227463279050353, 0.2241834170648808, 0.17772141626850016, 0.3058205337761155], [0.2902978744901358, 0.22611958460095086, 0.21966073569427957, 0.26392180511463376], [0.32454586025807275, 0.20003177223589436, 0.16619358955151875, 0.30922877785451414], [0.3226858021507189, 0.20203018201582296, 0.16780699547989433, 0.30747702025356377], [0.33592032404880184, 0.22043694377345513, 0.13828832733966814, 0.30535440473807485], [0.3421796108955866, 0.22801048032102594, 0.1595181155260674, 0.27029179315732005], [0.32809034964410844, 0.20868367576549796, 0.1505991563228914, 0.3126268181675022], [0.3270574753447254, 0.21121279976735374, 0.18674194712127046, 0.27498777766665033], [0.3223217677401776, 0.20815522656512062, 0.16247990483685898, 0.3070431007578428], [0.329065963402235, 0.21251463347848862, 0.16850823915591653, 0.28991116386335986], [0.3289257781728466, 0.21583434733582957, 0.14186539600058706, 0.3133744783907368], [0.33661899970440545, 0.22780401191233482, 0.16971380022598312, 0.2658631880572766], [0.34895186192562894, 0.23999949870091508, 0.12677333324356732, 0.28427530602988865], [0.3614875835483797, 0.244655128305011, 0.14196432270020637, 0.251892965346403]], "ideal": "A", "sampled": "C", "correct": false}}
{"type": "result", "data": {"idx": 7, "options": ["True, True", "False, False", "True, False", "False, True"], "probs": [[0.22826545067737003, 0.23812188276521057, 0.24846915907347075, 0.2851435073839486], [0.23456739236404356, 0.2368785475982559, 0.23575428477186208, 0.29279977516583844], [0.23340358185525592, 0.2508086599279271, 0.22002855268943258, 0.2957592054273844], [0.24150693054307018, 0.24771718309254073, 0.2278653051049339, 0.28291058115945517], [0.23823736250644703, 0.22982899499876275, 0.22486091812893846, 0.30707272426585175], [0.23834755304016725, 0.2300129762058028, 0.24747865652116963, 0.2841608141328603], [0.20234307041698632, 0.2585117143577595, 0.25688572949922994, 0.28225948562602426], [0.2001610219254452, 0.25179740408827084, 0.24626013267170255, 0.3017814412145814], [0.1970328539412876, 0.22216670212908185, 0.29258203503543906, 0.28821840879419147], [0.1965620099789337, 0.22141513556136555, 0.2612905540993372, 0.32073230026036353], [0.1961719425618014, 0.22111931613145513, 0.2774713767804565, 0.30523736442628696], [0.1988518297986692, 0.22069155181116326, 0.2560197596285135, 0.32443685866165406], [0.2527845354295035, 0.2594837998776709, 0.21373905023219916, 0.2739926143606264], [0.2684361854393212, 0.2549042923522112, 0.2200190657151542, 0.25664045639331345], [0.251055352333255, 0.22404693887237562, 0.26477851671972974, 0.2601191919746397], [0.24775829908754413, 0.22074027357278223, 0.24098677930806228, 0.29051464793161136], [0.2592306318963831, 0.2314429775494021, 0.2490609325639275, 0.26026545789028727], [0.25689460676300807, 0.22900127338557508, 0.21735653797494964, 0.2967475817764672], [0.23121646044326324, 0.23357258734751524, 0.23220793900551914, 0.30300301310370237], [0.23036145701316657, 0.2363001809614116, 0.25420666874817094, 0.2791316931772509], [0.23046191377811595, 0.21870562757906198, 0.25808579111626456, 0.2927466674265575], [0.23448305179043805, 0.21557712874010823, 0.2426061368134325, 0.3073336825560212], [0.23376334852975447, 0.2252395715303551, 0.2642005046311986, 0.2767965752086919], [0.23275284363999063, 0.22076159539170379, 0.22663104392593028, 0.3198545169423753]], "ideal": "B", "sampled": "A", "correct": false}}
{"type": "result", "data": {"idx": 8, "options": ["2", "4", "8", "16"], "probs": [[0.27371924297101224, 0.25750365083313914, 0.1863419357846023, 0.2824351703112464], [0.27715140165371693, 0.2527022323847102, 0.18861730113799735, 0.2815290647235755], [0.26933092678866394, 0.24557717873910542, 0.19833060198024258, 0.28676129239198805], [0.2647519150819658, 0.2414724713541862, 0.18890402000600556, 0.30487159345784237], [0.2522181419943992, 0.2335541704925293, 0.22386516784186652, 0.29036251957120496], [0.24741477493685896, 0.23640317345906148, 0.2129264366050019, 0.30325561489907765], [0.2868812041162486, 0.2741074520953453, 0.17786745460240388, 0.26114388908600217], [0.30047323401327564, 0.2782336986313076, 0.17222801825982573, 0.24906504899559104], [0.2641464432191983, 0.23340382821902372, 0.23826296270099404, 0.2641867657607839], [0.2745981636934235, 0.24279857764789967, 0.19006725503394373, 0.2925360035247331], [0.24960281326646364, 0.24228628384344567, 0.22511169795921754, 0.28299920483087315], [0.2417045718443769, 0.2345524315979835, 0.21805839563302742, 0.3056846008246122], [0.26950700863704596, 0.2828518025509478, 0.18642605005906174, 0.26121513865294455], [0.26913918438013046, 0.278133524739733, 0.17491035609222608, 0.2778169346879104], [0.26033126917364713, 0.2688729126650499, 0.2105328856118657, 0.26026293244943727], [0.257232218955066, 0.2657784521313964, 0.18083089588264323, 0.2961584329308944], [0.2264136806746615, 0.24528056352550096, 0.2279956625469416, 0.300310093152896], [0.21162644885967524, 0.23272130687528284, 0.2569838983462395, 0.2986683458188024], [0.23906783400964451, 0.26704004006337945, 0.19627898637062025, 0.29761313945635576], [0.23505820592811077, 0.2667094667517763, 0.20552060047125484, 0.2927117267488581], [0.23121907271133507, 0.27057551125373935, 0.2362266822119752, 0.26197873372295033], [0.22704157706128983, 0.282887744150137, 0.1984796435122057, 0.2915910351763675], [0.22822241822914546, 0.2714636366015952, 0.233312431450884, 0.2670015136183753], [0.23088640316332804, 0.27453935552681913, 0.21159260288138135, 0.2829816383284715]], "ideal": "C", "sampled": "A", "correct": false}}
{"type": "result", "data": {"idx": 9, "options": ["Lower variance", "Higher variance", "Same variance", "None of the above"], "probs": [[0.36345691299040955, 0.2698734837575998, 0.14569537961841728, 0.22097422353357335], [0.3334171920643881, 0.25952889352547603, 0.13390193279677035, 0.27315198151336556], [0.3048196298404858, 0.260449427618144, 0.20780996047221914, 0.2269209819691511], [0.30664407290002704, 0.23864596368531207, 0.14196803741322747, 0.3127419259014334], [0.27403832704239994, 0.1970511911784289, 0.23656911713063364, 0.2923413645485375], [0.2864786301623378, 0.19361293266363963, 0.17850650685034092, 0.34140193022368165], [0.34025394406113996, 0.3194491815329646, 0.13023386700290662, 0.21006300730298882], [0.31413463925165647, 0.3043369763910781, 0.12428584411562296, 0.25724254014164244], [0.2736464060972747, 0.27761798266918913, 0.2249992571546367, 0.22373635397889946], [0.29117995497652777, 0.24898253378762464, 0.13882856069607044, 0.3210089504397772], [0.1897573201132399, 0.20793761620733395, 0.32571954017182697, 0.2765855234075992], [0.26386108991845336, 0.2118559330489972, 0.19488318262535573, 0.3293997943071937], [0.2505989483792114, 0.3704599759759606, 0.1605460822014836, 0.21839499334334447], [0.23408042240902088, 0.37451753574616004, 0.12473014181693036, 0.26667189992788876], [0.2682384888297077, 0.32350227715568675, 0.18862194102043092, 0.21963729289417463], [0.26614183581405565, 0.31646198502686984, 0.13716824555766172, 0.2802279335014128], [0.1279730146975258, 0.1718660124864681, 0.4109137065978488, 0.28924726611815726], [0.17383711297319102, 0.1999014347577083, 0.3433443656718764, 0.2829170864972243], [0.1934611859667025, 0.294880257746284, 0.25857059989203457, 0.25308795629497893], [0.18169009142220788, 0.2995252519687923, 0.2318642070102032, 0.28692044949879664], [0.16611617306847673, 0.2735475815991922, 0.3180555308126584, 0.24228071441967267], [0.18997156975923246, 0.29414634140492457, 0.2384685582596873, 0.2774135304761557], [0.12838565728040705, 0.26314969671942207, 0.3639195100337155, 0.2445451358664554], [0.15976239263121883, 0.2803109502419377, 0.3155775869895074, 0.24434907003733605]], "ideal": "A", "sampled": "A", "correct": true}}
{"type": "result", "data": {"idx": 10, "options": ["True, True", "False, False", "True, False", "False, True"], "probs": [[0.278525356600526, 0.1990962654018425, 0.21993206766927434, 0.3024463102283571], [0.27957801277723643, 0.19667003435925057, 0.21056609794922485, 0.3131858548142882], [0.27821975943644195, 0.19869846103588576, 0.1967078447145211, 0.3263739347131512], [0.28872749636754214, 0.19382998634173296, 0.20425714854726795, 0.313185368643457], [0.2781256221888181, 0.18397330294120284, 0.20618035511638308, 0.33172071965359595], [0.2871163189124047, 0.18404893575258358, 0.22664202747462736, 0.30219271776038437], [0.25212729726079997, 0.21410698334540604, 0.23277694678294292, 0.3009887725108511], [0.24493360881939363, 0.21126641645802008, 0.22272363634748701, 0.3210763382750993], [0.2446730620120628, 0.18914568704182433, 0.2600054183343135, 0.30617583251179936], [0.24531583119985284, 0.18384377382580147, 0.2336483413693856, 0.33719205350496007], [0.23848687820692804, 0.1844167168080186, 0.24939360465278562, 0.3277028002322677], [0.2407469934095646, 0.1832712319797474, 0.2292014692375559, 0.34678030527313203], [0.30672248280788444, 0.20921429366122782, 0.1856611017500139, 0.2984021216808738], [0.32266312738975, 0.20674407838399758, 0.18930101595127163, 0.28129177817498074], [0.3000267862957628, 0.18631795426425077, 0.22606024286511486, 0.28759501647487157], [0.28742951151834567, 0.18405953047819135, 0.20652404425463142, 0.3219869136488316], [0.3112523052158331, 0.19035168557503734, 0.21369229891822536, 0.28470371019090424], [0.3010088086428523, 0.18692779163206688, 0.18510889618386836, 0.32695450344121246], [0.2739846028416174, 0.19278449733759837, 0.21630219468390988, 0.31692870503687437], [0.27475991432959146, 0.19320533879843477, 0.23813563228050272, 0.2938991144914711], [0.26925343272377655, 0.18077966569046391, 0.23360624907064878, 0.31636065241511074], [0.2773252046628072, 0.17770474617776202, 0.21896024883702525, 0.32600980022240555], [0.28149629055868386, 0.18604177511920436, 0.240417737346952, 0.29204419687515976], [0.2789084356581675, 0.18433676932900706, 0.20372605625329723, 0.3330287386595282]], "ideal": "A", "sampled": "A", "correct": true}}
{"type": "result", "data": {"idx": 11, "options": ["good fitting", "overfitting", "underfitting", "all of the above"], "probs": [[0.15145836317638836, 0.46649147665331475, 0.12809694920400466, 0.25395321086629224], [0.1686237181349412, 0.4881707204117576, 0.12995751394458688, 0.21324804740871436], [0.14145648899620294, 0.36067653773624625, 0.24154398562709983, 0.256322987540451], [0.17433457334584943, 0.38042426672386054, 0.18342459473302444, 0.2618165650972656], [0.11631213612483797, 0.21361338612655378, 0.39504109926204795, 0.2750333783865603], [0.14898587539813365, 0.22320398353484452, 0.3019692852497732, 0.3258408557172487], [0.18552365897230763, 0.24940606949219501, 0.22843119499783254, 0.33663907643766483], [0.23711923899187864, 0.2603061160139292, 0.2070701389244234, 0.29550450596976874], [0.23764052202830113, 0.30492858004288104, 0.15180708918862668, 0.3056238086401911], [0.2932361189289041, 0.31185657904268577, 0.1902930026881539, 0.20461429924025623], [0.25086367875402926, 0.2629275400056035, 0.1482379480523033, 0.3379708330880639], [0.3101807030779096, 0.2567059473945077, 0.19179577205038703, 0.24131757737719564], [0.10997098027733082, 0.23226960106734723, 0.36783845016625044, 0.2899209683890715], [0.1899730236642374, 0.251488115591171, 0.2030485390959505, 0.3554903215486411], [0.1892055506459909, 0.4539572799030749, 0.12475163300957837, 0.23208553634135587], [0.24651085205162385, 0.4392863279035438, 0.1368437280643789, 0.17735909188045346], [0.20019976494396802, 0.2530299983214132, 0.15414243705307143, 0.39262779958154737], [0.15727073739666286, 0.2506611234893571, 0.3288818152419845, 0.2631863237719955], [0.1188169730207805, 0.24723172386035058, 0.36174638169199264, 0.2722049213268763], [0.14596079505952103, 0.24782002339000897, 0.2610647418992634, 0.3451544395512066], [0.2045381011402856, 0.33716328455846295, 0.1649943961780657, 0.2933042180231858], [0.2345632735730634, 0.3406951769327782, 0.2011317907719504, 0.22360975862220805], [0.1790800637101842, 0.3140873517053946, 0.16111322755653162, 0.34571935692788963], [0.17272174871391627, 0.32698036211380954, 0.2856677259418125, 0.21463016313046168]], "ideal": "C", "sampled": "B", "correct": false}}
{"type": "result", "data": {"idx": 12, "options": ["True, True", "False, False", "True, False", "False, True"], "probs": [[0.2517869770275099, 0.2268271744024424, 0.2256306111586961, 0.2957552373113516], [0.25418217123807557, 0.22548573724842075, 0.2073627802833431, 0.3129693111301606], [0.27158976812581265, 0.2484217396914674, 0.18056859881421955, 0.2994198932685004], [0.2869209646891729, 0.24290223417237267, 0.19094474611757087, 0.27923205492088354], [0.26460737381624616, 0.22412892017699504, 0.1904472438867267, 0.3208164620200321], [0.26890078584993216, 0.22412175271835472, 0.21940546062488936, 0.2875720007068237], [0.22609409687642318, 0.2743691801750472, 0.21223354337477274, 0.2873031794737569], [0.2138109568683364, 0.2678366084974378, 0.2007218360915281, 0.31763059844269775], [0.21188788202430986, 0.21989286091906768, 0.26774515713645486, 0.3004740998201676], [0.20933066306405076, 0.21733044085713507, 0.22614192960385066, 0.3471969663749635], [0.20586466173662457, 0.22057630952249643, 0.24792095277449974, 0.3256380758663793], [0.20780326423951173, 0.2192403375883207, 0.21733750400754023, 0.3556188940646273], [0.27871996576859814, 0.26319972070207326, 0.18247480960563187, 0.27560550382369675], [0.299018438145144, 0.2572445830856126, 0.18691606539233865, 0.2568209132769047], [0.2633573036122029, 0.2126761909309085, 0.25504591298396273, 0.26892059237292587], [0.2577526011470385, 0.21144299522078075, 0.2133908899420328, 0.3174135135901479], [0.2823401731319043, 0.22111165850799983, 0.23404766965623203, 0.2625004986038638], [0.27496086207029546, 0.21874226441235994, 0.18301678792892317, 0.3232800854884214], [0.2558693847419844, 0.2456253581155282, 0.19290744968947723, 0.3055978073530102], [0.25961536553313014, 0.24522085850797906, 0.22167525023501533, 0.2734885256238755], [0.24146026010691118, 0.21777143747757557, 0.23379124350309088, 0.3069770588124223], [0.2494771405960844, 0.21468827976558644, 0.20331884312626516, 0.332515736412064], [0.25970345732952893, 0.2268719821941478, 0.24388985333387975, 0.2695347070424435], [0.2582315244748974, 0.22223165960222913, 0.18583016372595845, 0.333706652096915]], "ideal": "A", "sampled": "A", "correct": true}}
{"type": "result", "data": {"idx": 13, "options": ["True, True", "False, False", "True, False", "False, True"], "probs": [[0.25626726790485405, 0.2277106540700778, 0.21963283925693558, 0.29638923866813255], [0.25740572807598977, 0.2251024096979106, 0.21036942301077, 0.3071224391153296], [0.2585587010602852, 0.23312720407246781, 0.19514457915674913, 0.31316951561049783], [0.26637967624445263, 0.22933334916523504, 0.20121837550718927, 0.30306859898312305], [0.2624848186707272, 0.2157989591144293, 0.1984246820012986, 0.3232915401135449], [0.2658419648417522, 0.21522140821482363, 0.22079943447288386, 0.2981371923705403], [0.23275534806308157, 0.2418885081764566, 0.22933432457537894, 0.29602181908508285], [0.22845525356466106, 0.23752916639071162, 0.21497174454650075, 0.3190438353981266], [0.228389796168767, 0.21612317535916636, 0.2510131857887252, 0.3044738425833414], [0.22554061150591126, 0.21334633546940374, 0.22568534648672936, 0.3354277064379556], [0.22106503277393416, 0.21247485594524385, 0.2428361511410252, 0.32362396003979677], [0.22464890289960973, 0.20929748753440217, 0.221199596853768, 0.3448540126122201], [0.2900225774650442, 0.23848305284852556, 0.18454873285014603, 0.28694563673628426], [0.30521012259084007, 0.23583570823205635, 0.1883333977371888, 0.27062077133991475], [0.286823213071751, 0.21815387902462474, 0.2238925844207031, 0.27113032338292115], [0.2731674272566941, 0.21413845992720845, 0.20638161588062912, 0.30631249683546835], [0.30167130082319404, 0.22244029076319216, 0.2080374986922947, 0.2678509096213191], [0.2934135750624144, 0.2162873861530592, 0.1810855540290356, 0.3092134846554908], [0.2570004982393131, 0.22137148016350627, 0.20980329184212462, 0.311824729655056], [0.25775533527903105, 0.22192471886554316, 0.23115341018580415, 0.28916653556962163], [0.2572131676055124, 0.2081425872790516, 0.22728613829467345, 0.3073581067207626], [0.26734394820758917, 0.20319101188602073, 0.2148581284920494, 0.3146069113143407], [0.2675810038367105, 0.21648188455554188, 0.22928992376612856, 0.28664718774161907], [0.26556303303080453, 0.21149871610974108, 0.2005468397969078, 0.32239141096254653]], "ideal": "B", "sampled": "C", "correct": false}}
{"type": "result", "data": {"idx": 14, "options": ["pure", "not pure", "useful", "useless"], "probs": [[0.2897749033213431, 0.24449939261910286, 0.19711480130116324, 0.2686109026583908], [0.27070293791098377, 0.22016440179497737, 0.1541432474292714, 0.3549894127647674], [0.3093229737770292, 0.2323811878812036, 0.17584078978208262, 0.28245504845968455], [0.29022163149792485, 0.21215483544135472, 0.1614660620527926, 0.3361574709079278], [0.21634322925684538, 0.17586981462255588, 0.19821207827379683, 0.4095748777468019], [0.18639134146482483, 0.15261191355567802, 0.38391838045927806, 0.2770783644202191], [0.33297430969463493, 0.361067915506795, 0.11296768317035144, 0.19299009152821858], [0.33818209167913343, 0.33948475119056937, 0.0998657196660312, 0.22246743736426602], [0.26445032345617225, 0.2227521191054805, 0.2716635586793359, 0.2411339986590113], [0.2503825351231492, 0.21183718107497726, 0.14787430619089334, 0.3899059775109802], [0.1732466000106508, 0.1317350476133985, 0.43446992785474814, 0.2605484244212026], [0.16090963059948776, 0.13780551531402255, 0.41755036629061054, 0.28373448769587917], [0.33204513784902817, 0.22894352672194818, 0.16299420593539124, 0.27601712939363243], [0.31499626290639593, 0.212792360380102, 0.14533465666108372, 0.3268767199524183], [0.25271653749924167, 0.21283711173734907, 0.28523101974807424, 0.24921533091533501], [0.26995416668474725, 0.1923784258060473, 0.14864605220720692, 0.38902135520199854], [0.2885649289964636, 0.21081725389092767, 0.1710565737033666, 0.3295612433092421], [0.24974020196651542, 0.18658823429022914, 0.17375900562937419, 0.38991255801388125], [0.2355586894778078, 0.2154727747539116, 0.18793595205239913, 0.3610325836158815], [0.21779400624567852, 0.20241274522846037, 0.2895053197375119, 0.2902879286883492], [0.1710800851871369, 0.17653177939872586, 0.40293104052881923, 0.24945709478531802], [0.19726731803722583, 0.18285335181354626, 0.34049122950846544, 0.27938810054076246], [0.2833015000754378, 0.3556590126364946, 0.11317402474390958, 0.24786546244415802], [0.27878394304730253, 0.33361201977952043, 0.11542092090553793, 0.2721831161676391]], "ideal": "B", "sampled": "C", "correct": false}}
{"type": "result", "data": {"idx": 15, "options": ["True, True", "False, False", "True, False", "False, True"], "probs": [[0.25603060385822346, 0.24610051533499935, 0.2149418315111134, 0.2829270491956638], [0.2537003419488237, 0.24757538364474724, 0.20953592343714691, 0.2891883508692822], [0.262324537872002, 0.2599037250630869, 0.18810759202584681, 0.2896641449390643], [0.27136336541308187, 0.256678063098241, 0.19477350137192598, 0.2771850700167512], [0.26288471014977277, 0.24108486234347476, 0.20084145962437444, 0.295188967782378], [0.268305254028964, 0.23481982503657975, 0.21824050923074692, 0.27863441160370933], [0.22947139351840698, 0.2660808781691284, 0.22149417632110752, 0.2829535518913571], [0.224125969747035, 0.26403323206694923, 0.2129929395252998, 0.298847858560716], [0.22403313038246164, 0.22569244906340774, 0.26508424688577376, 0.28519017356835685], [0.2209832882953224, 0.2260541386990436, 0.2342543522557117, 0.31870822064992227], [0.2191116809625859, 0.2313392162091659, 0.2433440088982425, 0.3062050938300057], [0.22183831033872467, 0.23056662080366452, 0.21744625268192205, 0.33014881607568874], [0.2921148494768858, 0.255575444440684, 0.18490649482388227, 0.2674032111585479], [0.30624757126629276, 0.24783720812218202, 0.19075288445093702, 0.25516233606058814], [0.2835680161559727, 0.2224698894257434, 0.23420416608482525, 0.25975792823345867], [0.2748716350427339, 0.22577381612603975, 0.2097611929373255, 0.28959335579390083], [0.30172798933731193, 0.23670647251344376, 0.20989120629986907, 0.25167433174937526], [0.2930032487220568, 0.2370676539343548, 0.1797586190376898, 0.2901704782058986], [0.2655356307221842, 0.23970653828687122, 0.20580106094808898, 0.2889567699428556], [0.2646974583495585, 0.23882135390603457, 0.22176701987899433, 0.2747141677654126], [0.26399940869557675, 0.22041433566860572, 0.22829380078174386, 0.28729245475407367], [0.27063593668967084, 0.21894893374263633, 0.20650904186253521, 0.30390608760515764], [0.27416807001817256, 0.23246283480490942, 0.22998860133391577, 0.26338049374300226], [0.2717898528272793, 0.2340618108584143, 0.1889128563947243, 0.3052354798195821]], "ideal": "B", "sampled": "A", "correct": false}}
{"type": "result", "data": {"idx": 16, "options": ["This feature has a strong effect on the model (should be retained)", "This feature does not have a strong effect on the model (should be ignored)", "It is not possible to comment on the importance of this feature without additional information", "Nothing can be determined."], "probs": [[0.6046042576856756, 0.20634532433946767, 0.08081494451582547, 0.10823547335903129], [0.5819603886910516, 0.20241889657170306, 0.0899032069638353, 0.12571750767341006], [0.5229369117057067, 0.20494870570927018, 0.12936947519495662, 0.14274490729006653], [0.4684398332234723, 0.19616566011834494, 0.12747631585883928, 0.20791819069934342], [0.4645044345541542, 0.20027714072481162, 0.1699777445020495, 0.1652406801189847], [0.47631371867451605, 0.1903030638070957, 0.13169928795126554, 0.20168392946712277], [0.36946950962911185, 0.371401027873233, 0.11221985844816654, 0.14690960394948865], [0.37485207519851027, 0.3395013935338725, 0.11898807878303053, 0.1666584523845867], [0.23607045326676326, 0.2288946794575845, 0.32032882093139875, 0.21470604624425346], [0.17163765172974033, 0.18717477934910523, 0.19343000360238416, 0.44775756521877025], [0.2150474520564719, 0.19974032340049577, 0.37649664840057523, 0.20871557604245705], [0.17501193730201967, 0.18200809166947302, 0.2003785550168315, 0.4426014159116758], [0.21010397998687588, 0.4609843927454229, 0.16003259001659184, 0.16887903715110936], [0.19253587433952152, 0.4306527013548797, 0.15157976519171895, 0.22523165901387984], [0.1940189330684676, 0.24570033317881027, 0.3331697632511541, 0.22711097040156802], [0.13665291054731915, 0.19433583938611024, 0.2039148865176274, 0.46509636344894323], [0.11009814343026174, 0.16847374657033043, 0.46891077300141804, 0.2525173368979898], [0.11869630342373819, 0.17397140547532705, 0.2498051542640559, 0.4575271367368789], [0.22433866223925095, 0.5278794686284362, 0.12758159446063966, 0.1202002745716732], [0.19262667196821093, 0.5634642461036078, 0.1028038566811791, 0.14110522514700213], [0.1832038461978814, 0.28104242679646546, 0.3633266985053086, 0.17242702840034457], [0.13182340364593184, 0.24870699270999377, 0.19098627280789673, 0.42848333073617767], [0.12413572143671486, 0.20550120487247875, 0.44501642714509965, 0.22534664644570673], [0.11745401733208903, 0.189222727456156, 0.21815561243548096, 0.475167642676274]], "ideal": "C", "sampled": "A", "correct": false}}
{"type": "result", "data": {"idx": 17, "options": ["The number of hidden nodes", "The learning rate", "The initial choice of weights", "The use of a constant-term unit input"], "probs": [[0.28686032966723435, 0.26616521080662237, 0.22424490901105823, 0.22272955041508505], [0.24786859378916007, 0.2647978027675326, 0.21771467895543967, 0.26961892438786766], [0.2996448412079162, 0.2913793455389533, 0.18523357144680072, 0.22374224170632984], [0.2680793702334307, 0.2864272594165477, 0.1921823918627245, 0.25331097838729705], [0.2772668343097885, 0.2825076323838794, 0.20184877813598803, 0.23837675507034414], [0.2752676307879792, 0.27195376155041084, 0.22349058089405566, 0.2292880266675543], [0.2660835722729253, 0.29791030728684464, 0.21782148206769983, 0.21818463827253023], [0.23156588467326397, 0.29385355987750145, 0.20652814822897775, 0.2680524071202568], [0.2485861927022303, 0.2915883063978431, 0.22880227861500582, 0.23102322218492075], [0.23579010365035594, 0.29000821706732793, 0.2137219309593102, 0.26047974822300596], [0.21786982984346256, 0.2763489145308217, 0.24557548392976056, 0.26020577159595515], [0.2473214529606521, 0.2768397289708619, 0.24600801992924584, 0.22983079803924014], [0.3114796187721261, 0.2981769055373245, 0.17528844845662656, 0.2150550271339228], [0.27553398646046046, 0.29439748646641956, 0.18556649320504315, 0.24450203376807683], [0.2725262465439714, 0.2734927955067606, 0.23035901322262178, 0.22362194462664622], [0.2662337243097202, 0.2800789600365952, 0.20980664533394497, 0.2438806702197396], [0.2819902728519813, 0.2785863411990564, 0.2150915434686895, 0.22433184238027282], [0.2845368214205052, 0.2855599053913855, 0.21050345346477173, 0.21939981962333757], [0.28104087707570147, 0.30005320903638566, 0.18477435408174991, 0.23413155970616295], [0.2699052868555909, 0.29284916996191757, 0.2123668247681015, 0.22487871831439002], [0.22509297390872915, 0.2682314176852779, 0.24602768946172665, 0.26064791884426625], [0.2533563824255062, 0.26656760371448857, 0.24448972905156274, 0.23558628470844248], [0.2878692574291097, 0.2934086743652265, 0.196845117379703, 0.2218769507259608], [0.2896754188497579, 0.29537675221852233, 0.1950988947419764, 0.21984893408974338]], "ideal": "A", "sampled": "C", "correct": false}}
