{"type": "result", "data": {"idx": 0, "options": ["Cerebral infarction during the hospitalization", "Complication of the IVC filter placement", "Compression of the lateral femoral cutaneous nerve", "Hematoma of the left thigh"], "probs": [[0.11536077494779548, 0.19050626596770684, 0.4303607376261393, 0.2637722213583583], [0.11380706387195179, 0.15124956811198362, 0.17390459255909563, 0.561038775356969], [0.1735641165538385, 0.34054010152630626, 0.1910256857100247, 0.2948700961098305], [0.18237319989924602, 0.35244915765282697, 0.2040675607675356, 0.26111008158039145], [0.1275133024399127, 0.16948631151581237, 0.2209531929726007, 0.48204719297167425], [0.14158672303909883, 0.1939027487129195, 0.43127537412019273, 0.23323515402778894], [0.10831278418828268, 0.17878592037376204, 0.4234216759851463, 0.289479619352809], [0.11204200147149103, 0.137695302227131, 0.1712567231441602, 0.5790059730572178], [0.16577350844612723, 0.34617605286092756, 0.15855301678751338, 0.3294974218054318], [0.25789289126839854, 0.4128306261585211, 0.17787464391153646, 0.1514018385615439], [0.0931093834760854, 0.11989845990011312, 0.16894742718923836, 0.6180447293345631], [0.1529868222175017, 0.17613827917992586, 0.48081948631933014, 0.19005541218324226], [0.30416562696983146, 0.20295175605544832, 0.19371862418921817, 0.29916399268550203], [0.3416407602194811, 0.20129872256594392, 0.2110520091128295, 0.24600850800174548], [0.30180309568917635, 0.20771827730180112, 0.15929502959275363, 0.33118359731626895], [0.5485545477997252, 0.17007157458261019, 0.15037170275095962, 0.13100217476670495], [0.37220973881962327, 0.21576154872887054, 0.16812584303503353, 0.24390286931647262], [0.5359601654494192, 0.18533596780020536, 0.1613274120331958, 0.11737645461717966], [0.12088736235547691, 0.16314292073960046, 0.20610514434679483, 0.5098645724581278], [0.12528376836687913, 0.19430835585525988, 0.4390972525114865, 0.2413106231663745], [0.09715308103255832, 0.14618967254205442, 0.16045172271835065, 0.5962055236070366], [0.15690080118543884, 0.20153935840769732, 0.45562187776083857, 0.18593796254602526], [0.18912448349942076, 0.3829265604276058, 0.15718280330619142, 0.27076615266678195], [0.27289370106253535, 0.4367013936306646, 0.1535263382270342, 0.13687856697976575]], "ideal": "C", "sampled": "C", "correct": true}}
{"type": "result", "data": {"idx": 1, "options": ["Braxton Hicks contractions", "lower uterine retraction ring", "hypotonic uterine dysfunction", "primary dysfunctional labor"], "probs": [[0.2087763280775436, 0.19231076823205043, 0.29858851874745973, 0.30032438484294627], [0.19844772215360346, 0.1771108236301281, 0.3477505496951466, 0.2766909044211218], [0.21988407937646365, 0.2122735200271299, 0.2095038114352559, 0.35833858906115057], [0.3084653455514604, 0.2506874911543748, 0.2675261318800309, 0.17332103131413396], [0.2526439986476382, 0.276387925770242, 0.2093605516736873, 0.2616075238084325], [0.3181907974546708, 0.2887358794252569, 0.22888923712270948, 0.16418408589736277], [0.2223775270713147, 0.15426597227499947, 0.3181275176404804, 0.30522898291320544], [0.20716206727340458, 0.1413672715284124, 0.38023677464497496, 0.271233886453208], [0.265926376907839, 0.2157258519747212, 0.1588085686291535, 0.35953920238828635], [0.3430342231214137, 0.2651395319944512, 0.2391433673474973, 0.1526828774366378], [0.31882122155816, 0.24262207744079517, 0.17335847018415645, 0.26519823071688836], [0.36890472077330594, 0.26380712577467963, 0.22012353597238432, 0.14716461737963005], [0.3018022387380922, 0.15563444327841205, 0.20405576512991003, 0.3385075527535857], [0.4224667594924247, 0.16050330336257318, 0.259888395051693, 0.15714154199330915], [0.3391284987640627, 0.17487016505711736, 0.15050231287596272, 0.3354990232028572], [0.4291248448993248, 0.18902293409075374, 0.22591642216319954, 0.1559357987467219], [0.5354033708036984, 0.19719046352321917, 0.12614439426591187, 0.14126177130717052], [0.480791620003407, 0.22544110826865457, 0.14661281464777204, 0.14715445698016635], [0.36077523227898595, 0.1589888483126915, 0.2022181004083594, 0.27801781889996313], [0.4379425076659554, 0.16126472957792012, 0.22327804736631876, 0.17751471528980575], [0.39219003327456153, 0.1726972583851783, 0.15589514140872157, 0.2792175668315386], [0.46457500645566435, 0.1834489459643779, 0.19341861286072753, 0.15855743461923016], [0.5072452123107773, 0.19280167263000367, 0.13333887555822246, 0.16661423940099646], [0.4720656730637055, 0.21128023529084997, 0.15798522059573736, 0.15866887094970716]], "ideal": "C", "sampled": "D", "correct": false}}
{"type": "result", "data": {"idx": 2, "options": ["The findings are clinically and statistically significant", "The findings are clinically insignificant but statistically significant", "The findings are clinically significant but statistically insignificant", "The findings are neither clinically nor statistically significant"], "probs": [[0.5385653376040719, 0.1740620434110148, 0.14398692546835123, 0.14338569341656202], [0.5032432374902046, 0.17322940090179254, 0.1345598766335469, 0.18896748487445594], [0.5616378825463333, 0.17325134702716774, 0.12453346791015571, 0.14057730241634328], [0.49940491461833514, 0.1774025883706221, 0.13563640616426118, 0.18755609074678156], [0.4563965106923387, 0.17790772814347247, 0.1591078262963254, 0.20658793476786338], [0.45764363489407955, 0.17562812826707225, 0.1595134013659198, 0.20721483537292837], [0.3818084767887467, 0.29216827265238926, 0.16856230057113913, 0.1574609498877249], [0.3556755131771801, 0.29438691889699525, 0.16454761973542154, 0.1853899480904031], [0.35503827992944564, 0.2180008110483916, 0.23896705745800229, 0.18799385146416042], [0.277645813900222, 0.19656505300083332, 0.17828307247093833, 0.3475060605280063], [0.21979814438114784, 0.18999468995228821, 0.36603956865525217, 0.22416759691131175], [0.26536039913859366, 0.18818843731259316, 0.20893007759567475, 0.33752108585313845], [0.34055307439559906, 0.3137646334664011, 0.18408174655249968, 0.16160054548550015], [0.31341715531893544, 0.31253131103557175, 0.18896166614560134, 0.1850898673998915], [0.31582022651316255, 0.22291352516906116, 0.2687386056136152, 0.1925276426041611], [0.26275130712219175, 0.20725944327339027, 0.18524472137558642, 0.34474452812883155], [0.20691506254220537, 0.19334715314738923, 0.37843134431584247, 0.22130643989456292], [0.24765801044273417, 0.1984348832662847, 0.22417556749317474, 0.32973153869780636], [0.282731384010652, 0.3849566280456871, 0.1730214655226301, 0.15929052232103078], [0.28496276904828666, 0.38799565448463785, 0.16896137341715017, 0.15808020294992534], [0.22090551913274178, 0.19685821819894528, 0.3737513832002068, 0.20848487936810614], [0.2644946872923524, 0.21515782175296694, 0.20463202891687657, 0.3157154619378041], [0.2235480282015774, 0.19003054780893436, 0.3721201474908425, 0.2143012763986457], [0.24748792858128132, 0.21078000412770348, 0.20695597856460626, 0.3347760886264089]], "ideal": "B", "sampled": "A", "correct": false}}
{"type": "result", "data": {"idx": 3, "options": ["Atrial fibrillation", "Cor pulmonale", "Systemic hypertension", "Tricuspid valve regurgitation"], "probs": [[0.28119446986502405, 0.2697065391954325, 0.2039208500204952, 0.2451781408190482], [0.27423714771397906, 0.2712890126645771, 0.21160515510096597, 0.24286868442047785], [0.26058809519713527, 0.2347161909533979, 0.2665999690385275, 0.2380957447109393], [0.24912410229563642, 0.2043261913951696, 0.2046660868718376, 0.3418836193373564], [0.2677466033655936, 0.22998903123322698, 0.26519272337949246, 0.23707164192168695], [0.23637672822987865, 0.20960851948587447, 0.20338993681676512, 0.35062481536748175], [0.36621749397430353, 0.20653024313768742, 0.20060020683189922, 0.22665205595610982], [0.36508815128824695, 0.20255085239251347, 0.20303360533324302, 0.22932739088599655], [0.3828388097076416, 0.21249729076142107, 0.18219862605003506, 0.22246527338090222], [0.3918946507824374, 0.21750449159781451, 0.1865223413583822, 0.20407851616136585], [0.37559336979795704, 0.21844677950413238, 0.18433425103272802, 0.22162559956518255], [0.3939965728129393, 0.22556732738341292, 0.18165481496098154, 0.1987812847426662], [0.2828898899172528, 0.21804830945121906, 0.2635971487677035, 0.23546465176382464], [0.2686501901268643, 0.19150972015788675, 0.20411073885967124, 0.3357293507555777], [0.3205160498298564, 0.2714673876490923, 0.18687511978664847, 0.22114144263440288], [0.3232058689744402, 0.28237138492792097, 0.19142842639985144, 0.2029943195977874], [0.2672426402301574, 0.2092291861563308, 0.19986374674228932, 0.3236644267712224], [0.2911632613373216, 0.23143258343658296, 0.2669517059811475, 0.21045244914494796], [0.2468367183828341, 0.21544353546703615, 0.2860536957951165, 0.2516660502550132], [0.23135117149940004, 0.19893642368697656, 0.21538152325764343, 0.35433088145597996], [0.29532125589278535, 0.27449822423097303, 0.1919815689133351, 0.2381989508629065], [0.31263323032560414, 0.2773703758455772, 0.19099929290586865, 0.21899710082294996], [0.2563049120555839, 0.2038104771228328, 0.20416011795863015, 0.33572449276295313], [0.2637541473950078, 0.23388605261999754, 0.28288184329056865, 0.219477956594426]], "ideal": "C", "sampled": "B", "correct": false}}
{"type": "result", "data": {"idx": 4, "options": ["Median nerve at the wrist", "Musculocutaneous nerve at the forearm", "Radial nerve at the forearm", "Ulnar nerve at the elbow"], "probs": [[0.34825200357906405, 0.23075366361744853, 0.19912424978297874, 0.22187008292050864], [0.3318566679622672, 0.22663506863235053, 0.25509756800961597, 0.1864106952957663], [0.3680884351388614, 0.23283574676676033, 0.18569945350516884, 0.2133763644892094], [0.32439786675901516, 0.2147213103365949, 0.28703886695373926, 0.1738419558506507], [0.39121592558428864, 0.2553279031850985, 0.1769304880558784, 0.17652568307473443], [0.3898046190559554, 0.24654680100062273, 0.1877172524018885, 0.1759313274415333], [0.3060422241381732, 0.26866772768194974, 0.21451482174635553, 0.21077522633352147], [0.2751689429975531, 0.2567141537090355, 0.28461189782998425, 0.18350500536342715], [0.3002868204923148, 0.2592969757268717, 0.22383254097152952, 0.21658366270928392], [0.2832378446772579, 0.24805377421282737, 0.27968788144175777, 0.18902049956815697], [0.33747357126675925, 0.31024393436190467, 0.19001415369994695, 0.16226834057138914], [0.34660659269820376, 0.313636103647462, 0.18060485064979914, 0.1591524529045351], [0.3596928226496546, 0.25385818639416635, 0.18431236397307857, 0.20213662688310052], [0.30687007762209634, 0.24116462826052606, 0.27136439486657526, 0.1806008991508023], [0.3228683077111341, 0.24601992229087866, 0.21565536509814906, 0.21545640479983816], [0.31124482947060106, 0.24067318022853748, 0.24671725539112202, 0.2013647348097394], [0.3582258606656275, 0.26901979628377337, 0.19239220364600515, 0.180362139304594], [0.351473897660394, 0.2851895093632657, 0.1717846840448256, 0.19155190883151466], [0.512618620367444, 0.21189377499092285, 0.15175285009091688, 0.12373475445071631], [0.500818893238921, 0.21045092609056584, 0.1579526317571809, 0.13077754881333215], [0.48016131037671045, 0.2113167070346333, 0.17703025476173984, 0.13149172772691642], [0.5002909302211196, 0.209921747425068, 0.148251563295798, 0.1415357589580144], [0.4812678622529269, 0.2054077058019314, 0.17740690442029444, 0.13591752742484728], [0.49902440599650016, 0.2096718761017422, 0.14335762390126572, 0.14794609390049188]], "ideal": "D", "sampled": "D", "correct": true}}
{"type": "result", "data": {"idx": 5, "options": ["Fatty acid oxidation", "Fatty acid synthesis", "Gluconeogenesis", "Glycogenolysis"], "probs": [[0.42300590697127166, 0.22109006185927957, 0.1777602152527272, 0.1781438158167216], [0.4368551540875138, 0.2179801547911294, 0.17515198362649392, 0.1700127073948629], [0.4369396902517823, 0.21454858989068612, 0.1835887173475785, 0.16492300240995303], [0.4204172554253918, 0.21297647374193687, 0.20027977524601998, 0.16632649548665132], [0.4572957889962601, 0.21097623438442695, 0.16959295180511152, 0.16213502471420138], [0.4171500739462745, 0.21476819789097484, 0.18957143737608745, 0.1785102906866632], [0.4299416839646505, 0.2355400174620646, 0.164536997659442, 0.16998130081384294], [0.4414152932147428, 0.23091670066541053, 0.16625355677889891, 0.16141444924094772], [0.3810431190477834, 0.22210185724800718, 0.23657395375803886, 0.16028106984617058], [0.387631815264557, 0.21908929104668348, 0.19655468153641084, 0.19672421205234872], [0.3949374677618923, 0.2267076718562182, 0.21982242672231073, 0.15853243355957874], [0.38383575126160113, 0.22040566142960727, 0.19161235713197883, 0.20414623007681276], [0.3231198730085931, 0.30140816427794254, 0.19783118349057874, 0.1776407791228856], [0.3155437393657097, 0.29459938057689755, 0.19628577197190195, 0.19357110798549076], [0.2747653845317995, 0.29943866873244207, 0.25220401219903715, 0.17359193443672133], [0.29079971581172803, 0.3075225146559072, 0.18663578289775662, 0.21504198653460815], [0.27427598422591953, 0.24036118027606282, 0.28567292857780985, 0.1996899068202078], [0.2793547808844638, 0.24116598067256156, 0.24517185983590303, 0.2343073785070716], [0.32279546027518324, 0.29669342326217546, 0.19457628410826308, 0.18593483225437815], [0.3028627633745599, 0.2918878495401319, 0.19138574598305869, 0.2138636410022495], [0.26802452412730365, 0.2788554339469344, 0.2701679967198807, 0.1829520451058813], [0.27901047049637323, 0.2861520903099712, 0.1936202169221702, 0.24121722217148536], [0.2716422338267387, 0.2307766790341527, 0.29656728657249337, 0.20101380046661524], [0.27195929119008894, 0.23115689937884107, 0.2579278503355455, 0.2389559589955245]], "ideal": "A", "sampled": "A", "correct": true}}
{"type": "result", "data": {"idx": 6, "options": ["Reassurance", "Assess for suicidal ideation", "Begin dextroamphetamine therapy", "Increase oxycodone dosage"], "probs": [[0.33424917358169054, 0.26152098565944953, 0.18842236976560783, 0.21580747089325206], [0.3398850464412459, 0.2617488361185607, 0.21369655211794547, 0.1846695652222479], [0.3037014350542922, 0.23777553791075726, 0.20655270226547942, 0.2519703246694711], [0.31945569271992974, 0.24633183316902163, 0.2040913910688929, 0.23012108294215575], [0.3360115041398491, 0.25879234458588984, 0.20157814324237966, 0.2036180079318814], [0.3322607775516611, 0.26001720843047854, 0.17588014374761882, 0.23184187017024152], [0.31309104895712403, 0.23379183509967805, 0.2129011068399766, 0.24021600900322132], [0.3400968414233823, 0.2311869332316875, 0.23493490320880986, 0.19378132203612028], [0.2982975244223797, 0.2093146294146078, 0.2409541755673734, 0.2514336704956391], [0.3291557181916653, 0.20696422764026096, 0.20726211675809628, 0.25661793730997745], [0.3441221261817851, 0.23393311048493937, 0.21648307664838398, 0.20546168658489153], [0.3475143222171837, 0.22886571159849994, 0.17306229011845228, 0.25055767596586404], [0.2552960140659617, 0.2337617655233699, 0.2302038153715059, 0.2807384049391625], [0.29102424217866674, 0.250378523002539, 0.22099216609461775, 0.2376050686241765], [0.28046728904122037, 0.23021965187484125, 0.2376336795911823, 0.2516793793927561], [0.30973825317114045, 0.23868859167526335, 0.2176197799467945, 0.2339533751068017], [0.26142850126053513, 0.2216844078425749, 0.25108393650101224, 0.2658031542958777], [0.28754685611592046, 0.22177324688183436, 0.2327030255876099, 0.25797687131463526], [0.3154330049268778, 0.23926692421627277, 0.2320147225629154, 0.213285348193934], [0.31363593594168654, 0.24556120495840394, 0.20042120811063915, 0.24038165088927035], [0.33822061643917417, 0.23365718026549628, 0.22310224012899021, 0.2050199630663393], [0.3374385237356348, 0.23666958508509006, 0.17895890770553094, 0.2469329833737442], [0.27881616351200483, 0.21176281569270616, 0.25937223431854517, 0.25004878637674377], [0.30356019279960766, 0.20648501503660213, 0.23424151188413084, 0.2557132801796594]], "ideal": "B", "sampled": "A", "correct": false}}
{"type": "result", "data": {"idx": 7, "options": ["Defect in thyroxine (T4) biosynthesis", "Graves' disease", "Multinodular goiter", "Riedel's thyroiditis"], "probs": [[0.3272733018829488, 0.4719767762551822, 0.11906815797982678, 0.08168176378204223], [0.3179479193675275, 0.47315358405815267, 0.12310270035372929, 0.08579579612059053], [0.24315592322630572, 0.20569170966984449, 0.42277076666517555, 0.12838160033867424], [0.24822610994660635, 0.2238307196945807, 0.21326669095111964, 0.3146764793076933], [0.2625720202660249, 0.22564849255212693, 0.36656486984401976, 0.1452146172378284], [0.2612813931060401, 0.22480370922213716, 0.20766484116430137, 0.30625005640752134], [0.5777497973125068, 0.18595114625548198, 0.1275292206804959, 0.10876983565151532], [0.5348182399754098, 0.1979531079027752, 0.13796609844327307, 0.129262553578542], [0.5586907863058252, 0.20377019045699418, 0.12730787693181114, 0.1102311462053694], [0.5500976319784211, 0.19736200127948111, 0.13335159121569554, 0.11918877542640231], [0.5529846117236943, 0.20790030679710833, 0.13005289821673968, 0.10906218316245768], [0.553500473443948, 0.20166391132245445, 0.1321602165566845, 0.112675398576913], [0.21374723950117894, 0.19252531802294584, 0.4925905314367316, 0.10113691093914365], [0.24439765874680183, 0.21706258081802574, 0.22371422085483222, 0.3148255394803402], [0.36198656938360474, 0.41300584938704354, 0.12581804112238568, 0.099189540006966], [0.36208397968462375, 0.4003363906736348, 0.13193047749091266, 0.10564915205082882], [0.23761326780366807, 0.23535294039735874, 0.1802992576269589, 0.34673453407201427], [0.289341241092358, 0.25251564380981617, 0.31004080173253046, 0.14810231326529535], [0.2592845481588077, 0.21245787402478564, 0.39772264960237785, 0.13053492811402886], [0.26748954259831637, 0.20293732007331716, 0.21602565167365276, 0.3135474855547137], [0.3930974964048264, 0.28475199429811665, 0.17273940604751023, 0.14941110314954678], [0.3938361884606575, 0.28089388365040996, 0.17310997326103347, 0.15215995452789907], [0.254934962739858, 0.21927390663705126, 0.1817353042519851, 0.3440558262711056], [0.3112889024688122, 0.2397679906774599, 0.28967530395696506, 0.15926780279676284]], "ideal": "C", "sampled": "B", "correct": false}}
{"type": "result", "data": {"idx": 8, "options": ["Inferior deep cervical", "Parotid", "Retropharyngeal", "Submental"], "probs": [[0.3561600095249689, 0.22681499677394143, 0.18000523475984886, 0.23701975884124082], [0.35645065239159096, 0.2307031486802537, 0.17189564065250856, 0.24095055817564676], [0.37471280803303303, 0.23870213750439412, 0.15950865328913325, 0.2270764010734396], [0.384976411051155, 0.23759297670144683, 0.1715723548423684, 0.2058582573050298], [0.36797351738032114, 0.23438631694316409, 0.16409333537646323, 0.23354683020005157], [0.3773864917790947, 0.2364467899696054, 0.18754503687965096, 0.19862168127164892], [0.34856644269318593, 0.24792684612179086, 0.1818350851353962, 0.22167162594962697], [0.35729653704457426, 0.24644582705554044, 0.16187815848991233, 0.23437947730997294], [0.35581637485690276, 0.2613082605728941, 0.18000686703332855, 0.20286849743687463], [0.3788708689598228, 0.2700042982128819, 0.17194808761623484, 0.17917674511106044], [0.33397312953788766, 0.24914378672898488, 0.194351518303047, 0.22253156533008048], [0.3661810944256248, 0.26074590499339034, 0.19722103482834105, 0.17585196565264383], [0.4080382055862387, 0.22957367265077522, 0.14406591450316722, 0.21832220715981882], [0.4244283861817193, 0.22777647456563066, 0.14741054615127797, 0.20038459300137204], [0.3846443226336835, 0.22335061269854858, 0.1828775663716047, 0.2091274981961632], [0.4439981844578602, 0.227848900247014, 0.15947316887324972, 0.16867974632187602], [0.4002966105626058, 0.2322348127202857, 0.18708842058362532, 0.18038015603348317], [0.4459609157289285, 0.2323242013270423, 0.1601212644434975, 0.16159361840053174], [0.3696182447529816, 0.2467649431718024, 0.15243413134277622, 0.2311826806324398], [0.36440667506388585, 0.2507452368485522, 0.18682132659474407, 0.19802676139281786], [0.33714046066189657, 0.25117164099173445, 0.187161916858258, 0.22452598138811095], [0.3785079306430223, 0.256850860783079, 0.188538843716041, 0.17610236475785773], [0.3789239058000649, 0.26507099275303125, 0.17703696292193288, 0.17896813842497095], [0.4062553881260496, 0.2716431875010408, 0.15524753695295176, 0.16685388731995784]], "ideal": "D", "sampled": "C", "correct": false}}
{"type": "result", "data": {"idx": 9, "options": ["Carbonic anhydrase inhibitor", "Na+ \u2013Cl\u2212 symport inhibitor", "Na+ \u2013K + \u20132Cl\u2212 symport inhibitor", "Osmotic diuretic"], "probs": [[0.3607094287511605, 0.24908228216064626, 0.17680566011091287, 0.21340262887728034], [0.33987767007346137, 0.23860502596205138, 0.20413123373331624, 0.217386070131171], [0.362302208472288, 0.25029506903924387, 0.19216583380914573, 0.19523688857932237], [0.33432716127867057, 0.2310424297816977, 0.21045586464684687, 0.22417454419278487], [0.3710563910654293, 0.26058806801568, 0.16557268056528, 0.2027828602536107], [0.34052955086016123, 0.2545901162789947, 0.16952213138070843, 0.23535820138013563], [0.38444324062391766, 0.257460814277152, 0.15394987852597974, 0.20414606647295055], [0.3705796599017543, 0.24840185043711965, 0.16815352438198836, 0.2128649651791377], [0.3897868700094496, 0.2414717792126628, 0.158435839515292, 0.21030551116259558], [0.3786842242484923, 0.2381500573106336, 0.18847785974064243, 0.1946878586002317], [0.39544107916809856, 0.25303047515856425, 0.1634060268923249, 0.1881224186810123], [0.3770804033546309, 0.256624445688361, 0.1631557144452324, 0.20313943641177565], [0.37278478020210004, 0.257560532852309, 0.15883891992942706, 0.21081576691616385], [0.3503707929763786, 0.24212063171940096, 0.18293358238296, 0.22457499282126048], [0.382972145296004, 0.24466627469199595, 0.16571071495379835, 0.2066508649582017], [0.37283110059301366, 0.23455020433479185, 0.19467946594974492, 0.1979392290224496], [0.363749097661035, 0.25134492667023994, 0.17290621019381383, 0.2119997653749112], [0.37079285248950433, 0.2561946923563597, 0.17620413791283857, 0.19680831714129735], [0.4062115787127969, 0.2440953367094184, 0.14778026716750856, 0.20191281731027616], [0.3748228978070008, 0.2397664826973007, 0.14975886866030663, 0.2356517507353919], [0.384260403367914, 0.23820401300509988, 0.17406820537204243, 0.2034673781549437], [0.3735233489270505, 0.24618152904758414, 0.16644957411935032, 0.213845547806015], [0.36392604216494634, 0.2325764526916489, 0.17817234460204268, 0.22532516044136208], [0.37736132174888626, 0.24109236534371511, 0.18481343707362266, 0.19673287573377599]], "ideal": "B", "sampled": "D", "correct": false}}
{"type": "result", "data": {"idx": 10, "options": ["Chest x-ray", "Complete blood count", "Determination of serum albumin concentration", "Determination of serum digoxin level"], "probs": [[0.31808128001843144, 0.23420234814321397, 0.26077007467612406, 0.18694629706223057], [0.30860185160230336, 0.23459721749765317, 0.278149749636406, 0.1786511811636375], [0.34634783344459336, 0.2550149223696247, 0.2244826372565461, 0.17415460682923586], [0.36632720974922167, 0.2570089582688863, 0.21287103533682736, 0.16379279654506468], [0.3336042215133524, 0.26561150347931706, 0.23031053287930706, 0.17047374202802348], [0.3540024055483866, 0.27301188487029193, 0.20572712402291804, 0.16725858545840347], [0.3468294687694758, 0.22918538405413297, 0.25493287657732217, 0.16905227049906907], [0.3439562720895453, 0.22404628167434057, 0.2693921109583432, 0.16260533517777093], [0.3866688551118412, 0.2400144600626056, 0.21448403275127095, 0.15883265197428226], [0.3951914427836359, 0.23770568480813734, 0.21933110709771972, 0.14777176521050708], [0.3729483151407137, 0.2544549773866313, 0.21689091171620786, 0.15570579565644715], [0.3769536726382025, 0.2571075337006099, 0.2158178304163714, 0.15012096314481618], [0.3721997196927954, 0.2307730798307715, 0.22660032250105788, 0.1704268778753752], [0.39500141139848816, 0.2228860854879653, 0.22245822844664914, 0.15965427456689743], [0.3940218682209418, 0.23322192079640147, 0.20846135975283142, 0.16429485112982528], [0.4043346462291869, 0.22822668125910092, 0.213930597257205, 0.15350807515450715], [0.3863514661402589, 0.22474940118926365, 0.22786365447149923, 0.16103547809897822], [0.36167440639250303, 0.2240643367504922, 0.2574870134640333, 0.15677424329297143], [0.3460695003850172, 0.24333567512592713, 0.22795640948920606, 0.18263841489984958], [0.36325735932703224, 0.24731061597111162, 0.21768797090523037, 0.1717440536966257], [0.3642343634633724, 0.24838275084966246, 0.21507159193796324, 0.17231129364900188], [0.36123812195026533, 0.25396454331719387, 0.21661134062031426, 0.1681859940122265], [0.3646002953194516, 0.23674593510725037, 0.22899388923450348, 0.16965988023879455], [0.33655241629919186, 0.24018487689752913, 0.25121719016926436, 0.17204551653401462]], "ideal": "D", "sampled": "C", "correct": false}}
{"type": "result", "data": {"idx": 11, "options": ["Amoxicillin", "Cefaclor", "Ciprofloxacin", "Erythromycin"], "probs": [[0.29628253421625816, 0.21378533858583346, 0.25837740684514443, 0.23155472025276397], [0.32006745454850616, 0.21692248979559864, 0.2620853043583392, 0.20092475119755598], [0.3142345687835651, 0.22333448631323408, 0.21679660154782096, 0.2456343432553799], [0.34242720428938295, 0.2249420352037923, 0.239931322310157, 0.1926994380966677], [0.35358583396734733, 0.2287589277283236, 0.21860925525313143, 0.19904598295119766], [0.34789417097104547, 0.22154587674632256, 0.2436811182445319, 0.18687883393810006], [0.32779077669056933, 0.2365668635300719, 0.24825196705517089, 0.1873903926241879], [0.3597739743759267, 0.2401795756630202, 0.2295406677952545, 0.17050578206579864], [0.3132056248887254, 0.21913683085728536, 0.2647541125635676, 0.2029034315904216], [0.3006865605922778, 0.21699266260127872, 0.258101929556989, 0.22421884714945448], [0.3330965836580315, 0.22227475872574481, 0.26857002766516214, 0.17605862985106158], [0.3043537644930182, 0.2162512327141508, 0.2694925585270874, 0.20990244416574358], [0.33849280564838063, 0.2089825390221924, 0.22628835994292862, 0.22623629528649836], [0.3586810475425703, 0.21119093578147569, 0.24348513416768408, 0.18664288240826993], [0.3283688576920298, 0.19643907858974463, 0.26900859461976484, 0.20618346899846077], [0.32578078947500233, 0.1948940488564356, 0.2545949664698776, 0.22473019509868444], [0.3569022800027691, 0.21020792659755963, 0.25000376996855694, 0.18288602333111434], [0.35157353206298, 0.2136595727834959, 0.21738344752676206, 0.21738344752676206], [0.36689458933802815, 0.21956395592120884, 0.21646782231257522, 0.1970736323281878], [0.3524883932642057, 0.21420791423849106, 0.24693151938038096, 0.18637217301692224], [0.35457656312282443, 0.20887761127167728, 0.26040652779726636, 0.17613929770823192], [0.3262226131033688, 0.20462718028587568, 0.2510029189485953, 0.2181472875621602], [0.3597677731292627, 0.21529436316158967, 0.24055972749213458, 0.184378136117013], [0.35467008618920304, 0.21567429804586533, 0.19972333609709642, 0.2299322795678352]], "ideal": "D", "sampled": "D", "correct": true}}
{"type": "result", "data": {"idx": 12, "options": ["Facial nerve", "Frontal sinus", "Mastoid sinus", "Olfactory nerve"], "probs": [[0.36691672152957894, 0.2375594263667642, 0.2128191174774008, 0.18270473452625607], [0.34697322087910687, 0.24294447130350127, 0.2142451618172608, 0.19583714590013104], [0.37402323441972146, 0.23845392818530933, 0.20699966260210442, 0.18052317469286477], [0.34386742111582075, 0.23701883850111655, 0.2157557159446491, 0.20335802433841357], [0.36896596685984745, 0.235144366219474, 0.22064359987658988, 0.17524606694408867], [0.34566195360818747, 0.23448143455193526, 0.23079095320141385, 0.18906565853846338], [0.3917554674912459, 0.2170145394736257, 0.21351784783728353, 0.1777121450978449], [0.384017843445945, 0.21954245208862083, 0.2194034242588395, 0.1770362801065947], [0.3927948953475685, 0.21421187475530354, 0.2243006013317934, 0.16869262846533456], [0.34810924526548204, 0.22898960111235495, 0.23245823381006717, 0.19044291971209584], [0.3839771391964858, 0.22650476950370046, 0.21251924017153034, 0.1769988510282834], [0.36942030324429204, 0.2355099214895033, 0.211036583266765, 0.18403319189943967], [0.38669230377704417, 0.22450923248342988, 0.207581811896612, 0.1812166517429139], [0.37478912989889224, 0.22102173329234442, 0.21422161798187522, 0.1899675187268881], [0.3825115732098777, 0.21189675680202627, 0.22902594038159926, 0.17656572950649674], [0.34818064258077697, 0.22552357465894274, 0.23256595326517654, 0.19372982939510372], [0.37250870462507213, 0.22312560675297125, 0.20955042538931565, 0.19481526313264097], [0.3680611440749123, 0.2383703816184336, 0.20707374191973907, 0.18649473228691504], [0.4107290567155585, 0.22055146424578678, 0.20690253683200535, 0.16181694210664938], [0.38277698828429374, 0.21877478573035403, 0.2220491965467075, 0.1763990293386447], [0.4090666120279021, 0.23390577635248586, 0.19068909826094954, 0.16633851325866245], [0.3978275776482745, 0.23830420201254132, 0.1944022985620572, 0.169465921677127], [0.4022387029339796, 0.22998342481787734, 0.19353901088141273, 0.17423886126673027], [0.39154974852089747, 0.24197586286736336, 0.19431181871534198, 0.17216256979639719]], "ideal": "D", "sampled": "D", "correct": true}}
{"type": "result", "data": {"idx": 13, "options": ["anterior scalene", "latissimus dorsi", "pectoralis minor", "supraspinatus"], "probs": [[0.3500048465676056, 0.23654275777742015, 0.16843816385316054, 0.24501423170181372], [0.33819023275257165, 0.2179427179169674, 0.2814028602766156, 0.16246418895384535], [0.3360188254971235, 0.2455523722290956, 0.2076692102989129, 0.21075959187486804], [0.3045353591137573, 0.22612446544293321, 0.30093437430233455, 0.16840580104097497], [0.4045989214969394, 0.2821429073528434, 0.16652846334699462, 0.14672970770322252], [0.3784688412764689, 0.2946885227862355, 0.15337198971168306, 0.17347064612561253], [0.3441158686583978, 0.23246736371281787, 0.17895902001375089, 0.2444577475150334], [0.3153586779326352, 0.2196645950951434, 0.28796786925201445, 0.1770088576202069], [0.33943506060320094, 0.21877537013562148, 0.18503061873759394, 0.25675895042358365], [0.30446517918142596, 0.20876728307256504, 0.31042618018899776, 0.1763413574570112], [0.37071829812383117, 0.28833221554348043, 0.1573660341765598, 0.18358345205612858], [0.39021138588707416, 0.29395102137586865, 0.15072839776878486, 0.16510919486827233], [0.30009586957504897, 0.24089446248213606, 0.24579938852412453, 0.2132102793186904], [0.2813760852122239, 0.22239003410529343, 0.3254087768047849, 0.17082510377769775], [0.32725087780215756, 0.24669154721092545, 0.17854975694270858, 0.24750781794420837], [0.3049489052273532, 0.21576968476312405, 0.3210003173328405, 0.15828109257668224], [0.32025576589051385, 0.3462064369036186, 0.15663806069232436, 0.1768997364135432], [0.3567865277895262, 0.3346343138697304, 0.1690215218481366, 0.13955763639260677], [0.48931397460913983, 0.203245854454156, 0.16936117913701823, 0.1380789916996859], [0.4961373653038542, 0.20308462108887507, 0.14461725751657836, 0.15616075599069235], [0.516595132844572, 0.19849883313725486, 0.13923789766883088, 0.14566813624934216], [0.5398039462534975, 0.19775202262295746, 0.1283169595016503, 0.13412707152189468], [0.48523933325618923, 0.1986826210033859, 0.14829025775873855, 0.1677877878816863], [0.49219595694120444, 0.2011387049102285, 0.1702361575912949, 0.13642918045727218]], "ideal": "D", "sampled": "D", "correct": true}}
{"type": "result", "data": {"idx": 14, "options": ["anteriorly deviated distal femur", "plantar flexed cuboid", "posteriorly deviated fibular head", "unilateral sacral shear"], "probs": [[0.556271596010383, 0.18949825495081826, 0.12097690637758858, 0.1332532425612102], [0.5143648385487222, 0.19551192222070607, 0.13290685413938877, 0.15721638499118296], [0.5594017934418072, 0.1805678254016128, 0.1196218395226233, 0.14040854153395668], [0.5857862146240866, 0.17471880948705484, 0.12932167753294796, 0.11017329825591059], [0.5248857100909158, 0.20592146956410035, 0.11962654351270091, 0.14956627673228293], [0.5919056534175245, 0.19258387384873019, 0.11007973550649386, 0.10543073712725141], [0.5104311856245536, 0.21322130300122055, 0.1299564877009519, 0.1463910235732739], [0.4633796992393153, 0.21592807327184813, 0.14016565916039658, 0.18052656822843993], [0.49464119212808777, 0.2114365430178883, 0.14046849518307786, 0.15345376957094609], [0.46361842746866805, 0.19959098098666322, 0.14465183018191544, 0.19213876126275328], [0.46739810700510953, 0.22996664044941545, 0.1329641044006898, 0.1696711480447852], [0.4791919063922182, 0.20481698518160704, 0.12504062241616085, 0.1909504859100139], [0.5405017692762892, 0.19462427349957467, 0.11935075282340757, 0.14552320430072857], [0.5733481901317372, 0.19073575095723938, 0.1247046421956576, 0.11121141661536578], [0.5318003058587049, 0.2019861846072367, 0.12520442342082408, 0.14100908601323434], [0.5002291798091385, 0.19900059698022202, 0.13039040564186818, 0.17037981746877134], [0.5651235621984199, 0.20166643112122795, 0.11644918557171696, 0.11676082100863519], [0.5109620804043727, 0.20664434594779837, 0.11751165502486936, 0.16488191852295955], [0.519833993558026, 0.2099237935763138, 0.11383036777349784, 0.15641184499216237], [0.598599714022628, 0.19273527880364683, 0.10373498189201776, 0.10493002518170738], [0.5181101079834727, 0.21573578301304425, 0.11635063102461592, 0.14980347787886714], [0.5224203505770009, 0.19804756488941175, 0.11105994216776878, 0.1684721422658186], [0.5839836087832534, 0.18799889365937195, 0.11379468609438871, 0.1142228113629859], [0.5154007672748149, 0.19703443346437402, 0.11466635762498509, 0.172898441535826]], "ideal": "C", "sampled": "A", "correct": false}}
{"type": "result", "data": {"idx": 15, "options": ["Administer amobarbital and then interview the patient", "Ask the patient to provide a narrative with detailed description of the incident and of his symptoms", "Interview the patient under hypnosis", "Interview the patient while paying close attention to his willingness to make eye contact"], "probs": [[0.21910546901982622, 0.25732733263021373, 0.2582763577276663, 0.26529084052229374], [0.27256908603909213, 0.2867490606207639, 0.24996746701531156, 0.1907143862248324], [0.1727033211239322, 0.19049644113641032, 0.39254056762945616, 0.24425967001020135], [0.13707336169272707, 0.1662603989258863, 0.2661774635267455, 0.4304887757546412], [0.2410297763413493, 0.23441038231920694, 0.34781477888368684, 0.17674506235575688], [0.16647664455045355, 0.18091365011821478, 0.2517522089714877, 0.400857496259844], [0.25531819460223004, 0.20946738121799063, 0.24929615852724019, 0.28591826555253913], [0.33036218074720114, 0.2279996045599748, 0.24704446632312305, 0.194593748269701], [0.2557977957529989, 0.21319791037102687, 0.2701285400678235, 0.26087575370815075], [0.3740178569191908, 0.21736024123403855, 0.254856899644692, 0.15376500210207864], [0.38247868984806416, 0.22945219617951465, 0.21259227709718934, 0.17547683677523182], [0.43024630407055847, 0.2172024152716269, 0.20128438464993312, 0.1512668959078815], [0.17732704909865452, 0.19555875365628114, 0.37246342934723214, 0.2546507677978322], [0.14774558827267362, 0.17358566363420697, 0.2693819563943153, 0.40928679159880416], [0.23584087457689154, 0.28583329062533763, 0.24540829994372415, 0.23291753475404667], [0.31665889369238504, 0.312805244676937, 0.22990313855206107, 0.1406327229786169], [0.18055119694759145, 0.19318295674674807, 0.24859109510028532, 0.3776747511053752], [0.279367880755614, 0.21146569914286842, 0.3728956504029057, 0.1362707695986119], [0.2967471182049597, 0.21799612043108124, 0.3234677016411609, 0.16178905962279813], [0.22125013500102386, 0.18448770319297353, 0.23363006460759342, 0.36063209709840915], [0.41068952047623497, 0.2581612986616032, 0.18656524457957585, 0.14458393618258597], [0.4509941973081889, 0.24624596878256375, 0.17522290162650656, 0.1275369321827408], [0.20644495196729187, 0.18611829258306734, 0.25481948633655044, 0.3526172690130904], [0.31125811400444225, 0.19542373748972783, 0.36128327535329896, 0.13203487305253095]], "ideal": "B", "sampled": "B", "correct": true}}
{"type": "result", "data": {"idx": 16, "options": ["Failure of leukocytes to migrate between endothelial cells", "Failure of leukocytes to roll along the endothelial surface", "Inability of leukocytes to ingest microorganisms", "Inability of leukocytes to kill intracellular microorganisms"], "probs": [[0.23883909762977037, 0.2095985200911219, 0.21264671643494842, 0.33891566574415927], [0.2382687961558968, 0.21550913474057432, 0.218723032135594, 0.32749903686793486], [0.24354482057557134, 0.21367931682236999, 0.19732879394299602, 0.34544706855906265], [0.24835305283496356, 0.21447451730124956, 0.3269742775675653, 0.2101981521962216], [0.22894393030833993, 0.2170127053632264, 0.1974619062070136, 0.3565814580214201], [0.3409276407892608, 0.2326970467542483, 0.21199575696243098, 0.21437955539405992], [0.2316854377847062, 0.21642503985311862, 0.2127209242154748, 0.3391685980467004], [0.23665651676672436, 0.2208842485922228, 0.2171835452101008, 0.325275689330952], [0.23849530091710966, 0.21927251899758046, 0.19317577150808177, 0.3490564084772281], [0.2592112162332487, 0.22399151656759284, 0.31064147216911303, 0.2061557949300454], [0.23229461559871556, 0.22023680475779192, 0.1911057056130738, 0.3563628739304187], [0.33153587082384867, 0.23731934668254898, 0.2126113293463269, 0.21853345304727545], [0.25396281856683645, 0.22260633440483285, 0.1903739748760521, 0.3330568720522786], [0.30475758594929625, 0.22496380729321658, 0.2631089906694937, 0.2071696159879934], [0.2556930374614784, 0.21736689039134574, 0.19163858826319688, 0.33530148378397895], [0.3168100023903537, 0.23036000933846923, 0.2340321321839865, 0.21879785598719062], [0.3428024393869533, 0.2452997084238422, 0.18236246834641462, 0.22953538374278987], [0.3084484430376727, 0.2425827754070998, 0.1918608901267383, 0.2571078913284892], [0.25472013298349083, 0.2064993026571291, 0.1939550128663097, 0.34482555139307036], [0.35257827181335305, 0.22269954611519568, 0.20285249639948735, 0.22186968557196388], [0.2673182407553431, 0.2068165329840632, 0.19117749655786212, 0.33468772960273163], [0.3441688222591276, 0.22091286540542857, 0.20435259353121818, 0.23056571870422568], [0.3367103930931988, 0.2228079834827313, 0.19666619328682178, 0.24381543003724818], [0.3075118866996847, 0.22015299734795962, 0.203649395575144, 0.26868572027721166]], "ideal": "D", "sampled": "D", "correct": true}}
