{"type": "result", "data": {"idx": 0, "options": ["paralysis of the facial muscles.", "paralysis of the facial muscles and loss of taste.", "paralysis of the facial muscles, loss of taste and lacrimation.", "paralysis of the facial muscles, loss of taste, lacrimation and decreased salivation."], "probs": [[0.285811867002697, 0.2407089882742709, 0.20912748261495062, 0.2643516620080814], [0.27618346027031576, 0.23625854007412547, 0.24759237834708114, 0.23996562120847761], [0.3010666847563731, 0.25754921180707907, 0.17979509708246297, 0.2615890062540849], [0.3174473501075446, 0.2591236117614838, 0.20180205096661413, 0.2216269870643575], [0.33176486183804493, 0.2838064856754968, 0.16683926432427992, 0.21758938806217828], [0.33288947736538904, 0.28476605665119115, 0.1674037625444546, 0.21494070333896523], [0.30457326766783066, 0.2335550933842754, 0.20935393867783322, 0.25251770017006075], [0.30391957637009487, 0.2367195365132255, 0.24044359029239956, 0.21891729672428004], [0.33266866203796114, 0.2396425455568997, 0.17260585723581406, 0.25508293506932506], [0.36374244632276015, 0.24233015240287634, 0.18008281557074637, 0.2138445856036171], [0.3474614710781327, 0.26230852229901536, 0.16935712578050732, 0.22087288074234462], [0.36577254530109976, 0.26348185536610785, 0.16232483087346936, 0.20842076835932302], [0.35780417068027703, 0.23104369525051524, 0.16903393976392436, 0.24211819420528335], [0.366754694242398, 0.24054968769455903, 0.19941980243328675, 0.19327581552975626], [0.3717010804132133, 0.21181491874081934, 0.16496164603486163, 0.25152235471110573], [0.40053293104934795, 0.21778587994781828, 0.18339383600308395, 0.1982873528997498], [0.4002505480992221, 0.22454324210682636, 0.16427859151381122, 0.21092761818014027], [0.4141932961795792, 0.22172149683223003, 0.16221445555533381, 0.20187075133285698], [0.4116995281582362, 0.22386279544158078, 0.16378007313640688, 0.20065760316377612], [0.42289471792631733, 0.2263819594739463, 0.1630557598797165, 0.18766756262001988], [0.4203639202781192, 0.20489322526512346, 0.16986184804344745, 0.20488100631330988], [0.4516890375347825, 0.2068166162274124, 0.15611315331607653, 0.18538119282172855], [0.43157801670851925, 0.20388412777358123, 0.16382497791536998, 0.20071287750252956], [0.44282444966325246, 0.2027572216044099, 0.1579074804569814, 0.19651084817535625]], "ideal": "A", "sampled": "D", "correct": false}}
{"type": "result", "data": {"idx": 1, "options": ["a protruding mandible due to reactivation of the condylar cartilage by acromegaly.", "a recessive maxilla due to failure of elongation of the cranial base.", "an enlarged frontal bone due to hydrocephaly.", "defective development of the maxillary air sinus."], "probs": [[0.3294796498022966, 0.2606955351853951, 0.19372338678732193, 0.21610142812498634], [0.341672240908051, 0.2500278725945183, 0.19777895230053386, 0.21052093409689684], [0.2963560907650496, 0.24192539576034633, 0.23447351854106058, 0.22724499483354352], [0.3180343068206726, 0.24389130274488577, 0.205373322702971, 0.23270106763147066], [0.32401674017000315, 0.24083938474513567, 0.21587983618366097, 0.21926403880120018], [0.32228237387295366, 0.24332034585426904, 0.1985860615770118, 0.23581121859576548], [0.33588018509545564, 0.2657579739758157, 0.19141187976753082, 0.20694996106119784], [0.34402619346633345, 0.26382948144850005, 0.19301656749478563, 0.19912775749038084], [0.27393412710164144, 0.2343546205452819, 0.25738025004582105, 0.23433100220725558], [0.29175166162171084, 0.2344780335930364, 0.22026459036843493, 0.25350571431681784], [0.3039697661100377, 0.24051215883901403, 0.2331060881216759, 0.22241198682927238], [0.2924526929562894, 0.23874482510086611, 0.2106845378665048, 0.2581179439763397], [0.2651732086202514, 0.3052729504372209, 0.2164632029523991, 0.21309063789012858], [0.27738099874194755, 0.30949931872522335, 0.19367420382836567, 0.21944547860446345], [0.24695286906416697, 0.2887784752324982, 0.2393940168560359, 0.22487463874729893], [0.252354554736575, 0.28601922729674134, 0.20924430459897483, 0.2523819132677088], [0.22632661937924162, 0.2565147761811946, 0.26464651829428126, 0.2525120860452825], [0.23088909339251273, 0.2536367437938024, 0.24969365818248207, 0.2657805045312028], [0.28702418710293254, 0.29619439109309165, 0.21002688062950808, 0.20675454107446775], [0.28186959025425323, 0.30483177301219566, 0.19375832376926705, 0.21954031286428408], [0.26894386798601466, 0.2775437450863413, 0.2373864728753862, 0.21612591395225786], [0.252740975403233, 0.27764245451233266, 0.2128676591173382, 0.2567489108670961], [0.22435617110339104, 0.24645615744426702, 0.2749322015527302, 0.2542554697996117], [0.23270517135491753, 0.24392662540291118, 0.25964887108212914, 0.2637193320600421]], "ideal": "B", "sampled": "A", "correct": false}}
{"type": "result", "data": {"idx": 2, "options": ["Bladder", "Kidney", "Ureter", "Urethra"], "probs": [[0.29221510884223845, 0.2788715362269957, 0.19774056969095744, 0.23117278513980843], [0.2769639019524013, 0.2813638872236529, 0.21911532664113526, 0.22255688408281055], [0.231309953775371, 0.22074419586752067, 0.3017074510407854, 0.24623839921632293], [0.2295402918457966, 0.21231304423344485, 0.276895765588247, 0.2812508982325115], [0.26350485490593223, 0.26353906797101023, 0.24756050859715986, 0.22539556842589764], [0.2834607958510179, 0.2621905505395005, 0.20418423412188505, 0.2501644193875965], [0.26425674948816524, 0.27697298340669646, 0.20263101460443705, 0.25613925240070123], [0.2525405883536522, 0.26886269447499056, 0.22995975611294459, 0.24863696095841267], [0.18400901279980128, 0.20853127226336746, 0.3179606449589961, 0.28949906987783514], [0.19418688405876933, 0.21329251247437492, 0.287007932142643, 0.3055126712242128], [0.20413393084353226, 0.23134179755731357, 0.3064639911712311, 0.2580602803279231], [0.23885846913874312, 0.2503478452209272, 0.2315262337832717, 0.27926745175705797], [0.2589250245271237, 0.29805663669193405, 0.218052375563816, 0.22496596311712624], [0.25776084102671853, 0.2967123554329832, 0.20712896253501017, 0.2383978409052881], [0.2095058771611122, 0.22655349152664256, 0.28637901799136667, 0.2775616132208786], [0.21746295494425968, 0.23885732820371341, 0.24643190181365357, 0.2972478149383733], [0.2141243368173098, 0.25430425999005724, 0.2926903664773075, 0.23888103661532545], [0.24200008759463304, 0.2576333735705099, 0.23457045758825026, 0.26579608114660674], [0.2510964795369202, 0.29822280111242916, 0.23589994798029967, 0.21478077127035095], [0.27221645544527484, 0.30849703001853573, 0.19004943607631838, 0.22923707835987106], [0.21936295597500985, 0.2335380578770443, 0.290627981832946, 0.2564710042149998], [0.2527561930906625, 0.24120737662243513, 0.2196134793769163, 0.2864229508099861], [0.19900030792748802, 0.23634413668104481, 0.3130877222377577, 0.25156783305370944], [0.2258129465735816, 0.2293934719306253, 0.2723997113253597, 0.2723938700704334]], "ideal": "A", "sampled": "A", "correct": true}}
{"type": "result", "data": {"idx": 3, "options": ["Motor neurons", "Skeletal muscles", "Melanocytes", "Sweat glands"], "probs": [[0.21391059137365043, 0.234965216568976, 0.23496029918585581, 0.31616389277151774], [0.20556429903942172, 0.23296263117360103, 0.2329573114592139, 0.32851575822776335], [0.19324121791453278, 0.21560008179177298, 0.27253832598171196, 0.3186203742119823], [0.19917652905449704, 0.20875635118911204, 0.24789882455078854, 0.3441682951056024], [0.19097648843668202, 0.2198355826491161, 0.2693420390417355, 0.3198458897724664], [0.20383167597088464, 0.21032391876775106, 0.2497595622670839, 0.3360848428942804], [0.22310590741787495, 0.20961554346372624, 0.23752216992387198, 0.3297563790945268], [0.2144030236505284, 0.21110457726224616, 0.23184989844105222, 0.3426425005461732], [0.23111554633577858, 0.21377269603003113, 0.2240282263527564, 0.33108353118143385], [0.23475711395117171, 0.20081880985902456, 0.2384754156600689, 0.3259486604297348], [0.22097575003751452, 0.21757382993984561, 0.22447628601701547, 0.3369741339056244], [0.23343145149306305, 0.20282941450148828, 0.24465604884991113, 0.3190830850555375], [0.20296571563981572, 0.2160794384298955, 0.2565968747149204, 0.32435797111536835], [0.20070729843391905, 0.21036097014579877, 0.24211933531849314, 0.34681239600178904], [0.22438362572905143, 0.22794255951662157, 0.2108098448722828, 0.3368639697820442], [0.21975855199644972, 0.21637312743328238, 0.23395244426246772, 0.32991587620780016], [0.21406706527515187, 0.21408721164448352, 0.22435804530647796, 0.3474876776738866], [0.21190286312078938, 0.2152594689886921, 0.2596490758293223, 0.31318859196119625], [0.20583923772420154, 0.21913709397321318, 0.2561929003993648, 0.31883076780322045], [0.21346476990032542, 0.21017608357616685, 0.24571608370642528, 0.33064306271708244], [0.2240065235864691, 0.23114155687427765, 0.21376789148541916, 0.33108402795383407], [0.22998466519338798, 0.2194750559579848, 0.2410433672684756, 0.3094969114801516], [0.22050489330285414, 0.2104270897277057, 0.2275212982426083, 0.34154671862683184], [0.22145082384295303, 0.21132886722550784, 0.25490856547948576, 0.31231174335205336]], "ideal": "C", "sampled": "B", "correct": false}}
{"type": "result", "data": {"idx": 4, "options": ["Afferent arteriole", "Glomerulus", "Loop of Henle", "Renal pelvis"], "probs": [[0.2612551450468115, 0.2454682737343414, 0.1972274631064598, 0.29604911801238726], [0.25284677364612224, 0.2650289495765041, 0.20004580614882275, 0.28207847052855095], [0.20167076886173158, 0.18654720761321947, 0.3273757148560693, 0.28440630856897964], [0.22720576820485663, 0.18259574471078246, 0.20368862150062722, 0.38650986548373367], [0.1854540909776631, 0.17978062269620237, 0.3519749745963199, 0.28279031162981466], [0.2270134572012722, 0.17682606243549887, 0.20997596097837143, 0.3861845192848575], [0.3149170828308097, 0.21312123217357, 0.19404081709171828, 0.27792086780390196], [0.304496641359626, 0.22281862461099125, 0.1997265487750338, 0.27295818515434894], [0.30411696884149425, 0.21234926895684328, 0.19333495485838512, 0.29019880724327735], [0.3245533003812307, 0.21288718059837908, 0.18495066074373515, 0.27760885817665504], [0.28488791410589315, 0.2184744062573947, 0.211741420780427, 0.2848962587562852], [0.32231513721609756, 0.2081416125004997, 0.18950488031966586, 0.28003836986373687], [0.1887018857514192, 0.18873086851037021, 0.3210195350477876, 0.301547710590423], [0.21837447906894972, 0.18391971562334078, 0.20839561830456702, 0.3893101869031425], [0.24643430132581295, 0.26237885577565107, 0.20754155767621071, 0.28364528512232523], [0.25696510073953177, 0.2693512737481656, 0.2001469135084277, 0.27353671190387496], [0.19699567554411268, 0.17939423022860446, 0.2130207568194038, 0.41058933730787905], [0.1777793450311373, 0.17233793229659083, 0.34270640777397415, 0.3071763147982977], [0.16467986771666673, 0.18089696366350763, 0.3653954780068923, 0.28902769051293337], [0.2045526622842939, 0.18054489520554973, 0.2143888888384755, 0.40051355357168084], [0.2192633068122739, 0.2604372280705972, 0.2298159816576495, 0.2904834833594794], [0.2347760805386323, 0.2499697357184222, 0.21379056786601253, 0.301463615776933], [0.1877419594415451, 0.1763968712988865, 0.2127589519777044, 0.423102217181864], [0.17443521769476703, 0.1717616515129912, 0.35240227860251, 0.3014008520897318]], "ideal": "B", "sampled": "B", "correct": true}}
{"type": "result", "data": {"idx": 5, "options": ["They will be unable to breathe without life support.", "They will only be able to breathe quietly.", "It is impossible to predict an effect on breathing.", "Breathing will be unaffected."], "probs": [[0.2871235523197955, 0.21676664896327266, 0.2134075399004335, 0.2827022587164983], [0.27211087939402306, 0.21868023274142237, 0.23278442022856788, 0.2764244675359867], [0.3095651910824736, 0.22652162946762844, 0.1820171502351113, 0.2818960291147866], [0.2943532212432899, 0.21538450142650425, 0.22222251028912068, 0.2680397669410852], [0.31048852664835563, 0.25744459414060283, 0.18255728753406056, 0.24950959157698097], [0.32009816166537786, 0.2416585832592585, 0.20034477112673982, 0.23789848384862378], [0.28183543259312516, 0.26069652643135144, 0.19678641560514232, 0.26068162527038113], [0.2579394059501262, 0.2661646981618285, 0.2138702038870029, 0.26202569190104247], [0.24634665982484988, 0.21074581772204257, 0.23145896883852246, 0.31144855351458506], [0.2349545762432661, 0.19179501494911208, 0.2313474519921811, 0.34190295671544074], [0.21875464262102062, 0.21878533901216207, 0.26806359681597147, 0.2943964214508458], [0.24305563841895295, 0.20793242691371522, 0.23196650801019011, 0.3170454265571417], [0.28559941902885255, 0.24432880843753063, 0.18443521971383955, 0.2856365527197772], [0.27000435781752574, 0.2309806610266753, 0.22040883866119418, 0.27860614239460474], [0.2285535897301527, 0.19552391474193254, 0.243337612674078, 0.3325848827538368], [0.21617644580439613, 0.17646697074195633, 0.23378355198695946, 0.37357303136668807], [0.2335048720083772, 0.206097269310187, 0.2605370995381901, 0.2998607590432457], [0.23896647987360242, 0.20443336663586006, 0.21424803135636755, 0.3423521220341699], [0.28557300139234293, 0.31369664794501917, 0.16022555289714324, 0.2405047976654947], [0.30275984242094583, 0.30758054666510554, 0.16464347399718574, 0.22501613681676286], [0.20958515374993072, 0.21627336093786198, 0.26916112690972444, 0.3049803583024829], [0.2390857856954201, 0.2077616216857579, 0.22116627456021798, 0.331986317958604], [0.24111770503265814, 0.22303681566406455, 0.2449632326285002, 0.2908822465747771], [0.24617684618684094, 0.22772213002914254, 0.19478332084803987, 0.3313177028359766]], "ideal": "B", "sampled": "A", "correct": false}}
{"type": "result", "data": {"idx": 6, "options": ["Epigastric", "Hypochondriac", "Hypogastric", "Lumbar"], "probs": [[0.1865175012605384, 0.201695913005689, 0.28442581637560754, 0.32736076925816504], [0.20772169528314477, 0.20452211795192174, 0.2505776583897829, 0.33717852827515055], [0.23453640144316637, 0.23092663974022204, 0.22381468782018693, 0.3107222708964246], [0.24992712957256494, 0.2348155493081902, 0.22758310691847813, 0.2876742141007667], [0.2217177996585589, 0.20830809509048392, 0.2473631164495546, 0.32261098870140253], [0.2032738120624019, 0.2097530011512544, 0.2957869304027527, 0.29118625628359096], [0.18870979545613512, 0.22412726280832151, 0.2661447524758269, 0.3210181891597164], [0.2088128712918302, 0.22230625977956664, 0.24036001440386387, 0.3285208544247393], [0.21780917046276194, 0.22474983332293821, 0.23552718756227797, 0.3219138085520219], [0.22399375662966506, 0.22401801571936322, 0.23112153315850947, 0.32086669439246224], [0.20046807226119245, 0.21011299756711663, 0.27402701154510695, 0.31539191852658394], [0.20340609548442012, 0.21319109199299363, 0.2780449390133332, 0.305357873409253], [0.22795244840842477, 0.21753676102841393, 0.2279698678645608, 0.3265409225986005], [0.2514646165476188, 0.22194379067930478, 0.23258830154246138, 0.294003291130615], [0.2311831643593643, 0.21051711704660966, 0.24229586890015367, 0.31600384959387234], [0.23214519021573812, 0.21471993623016833, 0.2358175962927558, 0.31731727716133773], [0.24667563664419875, 0.21433917856547854, 0.25058173757399077, 0.2884034471163319], [0.2546991889803585, 0.21449845068253834, 0.2283289479237924, 0.30247341231331076], [0.2218910654312032, 0.22896026539180692, 0.23621964886420682, 0.312929020212783], [0.20618917353161367, 0.23005146128695625, 0.27748224549919503, 0.286277119582235], [0.20374313602028749, 0.21690926600043295, 0.2828920567614683, 0.29645554111781125], [0.19872077103536095, 0.2182759674908391, 0.2846775991136903, 0.29832566226010965], [0.23479780552423446, 0.2240729331746142, 0.25789776441856144, 0.2832314967825899], [0.25033532824589866, 0.22442174776867682, 0.2279515347267266, 0.2972913891586979]], "ideal": "A", "sampled": "C", "correct": false}}
{"type": "result", "data": {"idx": 7, "options": ["Hair in the nose", "Mucous membranes", "Osteoblasts", "Saliva"], "probs": [[0.21297968066528558, 0.3003807753137608, 0.1909328457800204, 0.29570669814093326], [0.2054735272917314, 0.26386347410424416, 0.22219435868425486, 0.3084686398197696], [0.17148006471707442, 0.21679148721885846, 0.29631555960539846, 0.31541288835866865], [0.1672661627254435, 0.2017805904213557, 0.23590137413618367, 0.3950518726170171], [0.1715285403171669, 0.20692590442051934, 0.32048894519183635, 0.3010566099704774], [0.18157697804405346, 0.21564879806560275, 0.2122998214926506, 0.3904744022976932], [0.2874195661084397, 0.21030375986093572, 0.1914829072606682, 0.31079376666995634], [0.2623661951731185, 0.1980682609828128, 0.2279762199275371, 0.3115893238165316], [0.28070402142578704, 0.2119105756070896, 0.1990729570189721, 0.3083124458481513], [0.30971226093056137, 0.2063462137969618, 0.22311785814915122, 0.2608236670233256], [0.292089943440702, 0.20078000723470144, 0.21041561974590337, 0.2967144294786932], [0.3282532144494406, 0.21197210566028335, 0.21197648660173918, 0.24779819318853688], [0.15879219295605984, 0.194575333737486, 0.32584865907007377, 0.32078381413638035], [0.16630064197159733, 0.18266281755919736, 0.24579468733288626, 0.40524185303631904], [0.2237235836841382, 0.26989471105336166, 0.200568729602047, 0.3058129755604531], [0.24159609498934248, 0.26956538166585176, 0.22347613342780684, 0.2653623898169989], [0.19036490290540886, 0.19642794715669287, 0.22257719104976492, 0.39062995878813334], [0.18522040820088112, 0.2003039151275113, 0.3407185724143989, 0.27375710415720866], [0.18030752508487555, 0.18605074561837584, 0.33166727914573996, 0.30197445005100865], [0.2032920508392398, 0.19705645150787643, 0.219827347380967, 0.37982415017191684], [0.25044168158835706, 0.2624985096712996, 0.20765232475941545, 0.27940748388092784], [0.27406802770734967, 0.29179197546902025, 0.20691415665464732, 0.22722584006898275], [0.20818813763527794, 0.20820899926156897, 0.21819726280764085, 0.36540560019551227], [0.21243365199480416, 0.20917108721214103, 0.31399946760967556, 0.2643957930833792]], "ideal": "B", "sampled": "B", "correct": true}}
{"type": "result", "data": {"idx": 8, "options": ["six weeks post-fertilization.", "eight weeks post-fertilization.", "ten weeks post-fertilization.", "twelve weeks post-fertilization."], "probs": [[0.2753807049025991, 0.3120756493506036, 0.20788982818267798, 0.20465381746411931], [0.26696721512292093, 0.3073024841031834, 0.21453385692280533, 0.21119644375109034], [0.2646799166140496, 0.30947033490037695, 0.22290391391980566, 0.20294583446576778], [0.25195928678013163, 0.3135940712609877, 0.21892580855020383, 0.21552083330867683], [0.2691295404592806, 0.3049910022759771, 0.2162721273642256, 0.20960732980051666], [0.2603854355127944, 0.304449691046863, 0.2158879137965283, 0.2192769595438143], [0.27672060909006524, 0.30873077644701846, 0.20566086162565606, 0.20888775273726023], [0.27672203041659404, 0.3087299351818545, 0.20566017659396743, 0.20888785770758403], [0.26276356370747367, 0.2977766140666346, 0.22831446270320221, 0.21114535942268947], [0.26391982636316175, 0.3085808111630132, 0.21542529438628272, 0.21207406798754225], [0.2725734412397562, 0.2993891834913318, 0.2190389334936448, 0.20899844167526715], [0.27000738394573576, 0.30598489814849594, 0.20704124301276056, 0.21696647479300776], [0.27895794633472204, 0.3064042444873866, 0.207325043816991, 0.20731276526090037], [0.2758136134440103, 0.30771810271819, 0.20498626237527465, 0.21148202136252506], [0.2646503925960181, 0.2999147638416739, 0.21602283940437103, 0.21941200405793695], [0.27489766475789534, 0.30669701096328783, 0.20430609581811615, 0.21409922836070067], [0.2661863227490683, 0.2923752025613591, 0.22417391500356315, 0.21726455958600943], [0.2680212298962857, 0.29438981849572365, 0.2222182932604404, 0.21537065824755028], [0.27715290002961396, 0.31408533918824116, 0.20279072525247663, 0.20597103542966824], [0.26520531971774874, 0.31496920709188386, 0.20336143367400514, 0.21646403941636227], [0.2639189738939228, 0.3085806759460345, 0.21208702657745424, 0.21541332348258843], [0.2713392674651604, 0.3123398720905769, 0.2016641944445171, 0.21465666589974558], [0.2482372038080827, 0.2994604661841674, 0.23322285361903927, 0.21907947628871063], [0.2540399767806402, 0.3112877653419785, 0.2207387271412816, 0.21393353063609968]], "ideal": "C", "sampled": "A", "correct": false}}
{"type": "result", "data": {"idx": 9, "options": ["bilateral contraction of antigravity limb muscles.", "bilateral contraction of limb musculature.", "contraction of ipsilateral limb musculature.", "contraction of contralateral limb musculature."], "probs": [[0.29008908760228724, 0.26416670092533684, 0.20896801906367513, 0.23677619230870076], [0.29547745426736083, 0.26489809547544113, 0.19079543932549703, 0.24882901083170098], [0.33381929990291265, 0.31364035603247875, 0.1652753650976845, 0.18726497886692414], [0.30482640859416643, 0.3096797167945173, 0.17922541497345623, 0.20626845953786008], [0.3215195727932544, 0.292785512941736, 0.1748280927261579, 0.2108668214388517], [0.2983829080760119, 0.284762769909039, 0.2019243538177745, 0.2149299680971746], [0.30334625549103006, 0.2476161344881437, 0.20527941598268187, 0.24375819393814435], [0.3231240462468193, 0.24393701187410882, 0.18127725746491866, 0.25166168431415326], [0.3272691515030144, 0.30748759091495365, 0.16981156927786947, 0.19543168820416248], [0.30431368943985976, 0.30915212628134064, 0.17073157427987815, 0.21580260989892144], [0.31380653845817774, 0.28133032142285025, 0.1788251426462094, 0.2260379973727626], [0.2884856674237947, 0.2885273906738899, 0.19830178621509145, 0.22468515558722396], [0.38660814877981875, 0.2419622323900882, 0.1770226647954588, 0.19440695393463422], [0.3966577885146324, 0.2642627217661954, 0.16028406679720608, 0.17879542282196603], [0.40300205946412027, 0.24446331326399368, 0.16801910351055185, 0.18451552366133422], [0.3988704621561283, 0.26992255044379876, 0.15141473483397272, 0.1797922524661002], [0.38647338067442094, 0.269834296070432, 0.16112730865818153, 0.18256501449696547], [0.4253624081186271, 0.2746675014221182, 0.13597249983381485, 0.16399759052543983], [0.35296458528333724, 0.24643677837823286, 0.18313436481215611, 0.21746427142627378], [0.3600306075465038, 0.2634361205777596, 0.18680214224983482, 0.18973112952590174], [0.3597616904578711, 0.24729007848546716, 0.1781156834501083, 0.2148325475065534], [0.34477153930750215, 0.27706942372337046, 0.1817050752116095, 0.19645396165751788], [0.3685938472467699, 0.30087367145500393, 0.1536718033647616, 0.17686067783346454], [0.39714885324579324, 0.30933695813932754, 0.1330452233162297, 0.1604689651986495]], "ideal": "D", "sampled": "C", "correct": false}}
{"type": "result", "data": {"idx": 10, "options": ["hard palate.", "hard palate and upper lip.", "hard palate, upper lip and upper central incisor.", "hard palate, upper lip, upper central incisor and lower first molar."], "probs": [[0.18201947481629197, 0.21283923404531022, 0.2954875572547998, 0.309653733783598], [0.17315211432347377, 0.2121845908062818, 0.36661442315574566, 0.24804887161449876], [0.2009241222858932, 0.2540377600523779, 0.23863654615171917, 0.30640157141000973], [0.21889213051532463, 0.272457514265613, 0.26822594205179673, 0.24042441306726564], [0.24351594212475022, 0.29841044986855764, 0.21831482971980787, 0.2397587781868843], [0.2367911181684642, 0.3040936174144407, 0.22597686800943265, 0.23313839630766242], [0.1892975298766371, 0.22837652604049322, 0.27980137285476414, 0.30252457112810555], [0.18619029396611841, 0.22462609926237398, 0.3425021775471355, 0.24668142912437205], [0.2149102538609171, 0.23607258496307945, 0.2552453875286442, 0.2937717735473593], [0.24596864349123798, 0.257810834885846, 0.2578029372702964, 0.2384175842526196], [0.2751281127134874, 0.2929166729703689, 0.21429633879284912, 0.21765887542329457], [0.2762310206613875, 0.3034260570699534, 0.20853498575986243, 0.2118079364087966], [0.22248840493788252, 0.22959287583958693, 0.21906745615989026, 0.3288512629626403], [0.24385158715193778, 0.2555955052120198, 0.26785042879287135, 0.2327024787431711], [0.2281133864310763, 0.21432905216352216, 0.2505687214268324, 0.3069888398785691], [0.25684795929223597, 0.2413191306939412, 0.28212485975744234, 0.21970805015638045], [0.282241093387941, 0.24144678226171928, 0.253027189362353, 0.2232849348879867], [0.27886415771724354, 0.2500063292434994, 0.25393603384649704, 0.21719347909276004], [0.31313172912839154, 0.24390958974037066, 0.19906791145801397, 0.24389076957322384], [0.305384239363404, 0.2612534981331194, 0.20991771785551055, 0.2234445445479661], [0.3051853775672903, 0.2340308725599862, 0.2303993850716027, 0.2303843647011208], [0.32713131088118674, 0.2469693346661521, 0.21794604412361201, 0.20795331022904917], [0.3104448066407658, 0.2343699221729799, 0.241804394724692, 0.21338087636156233], [0.3084084597395865, 0.24022164222515546, 0.2221641474095104, 0.22920575052574763]], "ideal": "D", "sampled": "D", "correct": true}}
{"type": "result", "data": {"idx": 11, "options": ["Pupillary constriction and a medial strabismus", "Pupillary dilatation and a medial strabismus", "Pupillary constriction and a lateral strabismus", "Pupillary dilatation and a lateral strabismus"], "probs": [[0.3274232202870637, 0.23958198428872632, 0.21143554063742423, 0.22155925468678575], [0.3061408193443293, 0.2311227837308426, 0.22054346560846103, 0.2421929312163671], [0.3238305199393232, 0.2444754577105464, 0.20911604475546913, 0.22257797749466124], [0.3206511032648766, 0.23832318114777454, 0.21363700707427166, 0.2273887084130772], [0.31405847325586445, 0.2227318965351802, 0.2298066249317608, 0.2334030051771946], [0.31629451163542804, 0.22084104354435016, 0.23144397937594127, 0.23142046534428048], [0.30950584543372833, 0.23366084344343968, 0.21951204209051783, 0.23732126893231414], [0.3229139196984005, 0.23628354422297884, 0.21180855051259886, 0.2289939854660218], [0.31629393444158516, 0.22431724439753772, 0.22432396482143577, 0.23506485623944132], [0.31295924909324224, 0.22544918616172446, 0.22900524391916285, 0.2325863207258704], [0.318244209310053, 0.24403987095180948, 0.2120338763968544, 0.2256820432412831], [0.31178266736079746, 0.23538037343593143, 0.22112623513890084, 0.23171072396437023], [0.3413364988622416, 0.22741234977988245, 0.20385750243584722, 0.2273936488220287], [0.3377333081781905, 0.2395222193047958, 0.21138388146528453, 0.2113605909517291], [0.3403331040995726, 0.21636004743796636, 0.21301110086695116, 0.23029574749550985], [0.32978220296562105, 0.21971199422165089, 0.23756984301948797, 0.2129359596932401], [0.355827469914513, 0.24079955394245556, 0.18754068946331823, 0.21583228657971323], [0.336300710891851, 0.2348117749102079, 0.1977366416774138, 0.23115087242052731], [0.33548188206178875, 0.21663461623409672, 0.20997588334367984, 0.2379076182604347], [0.3276395846223955, 0.21828545953066006, 0.23236939654961217, 0.22170555919733223], [0.33441499370591005, 0.22280095847406636, 0.20930986416198624, 0.23347418355803734], [0.3333524812924175, 0.23275056825859256, 0.215266692844362, 0.21863025750462792], [0.338748101949486, 0.23285302272695654, 0.1991762072262513, 0.22922266799730617], [0.3523711719326495, 0.2384617584017662, 0.1886457437972911, 0.2205213257682932]], "ideal": "D", "sampled": "C", "correct": false}}
{"type": "result", "data": {"idx": 12, "options": ["It has an articular disc of hyaline cartilage", "Its articular surfaces are covered by hyaline cartilage", "Proprioceptive information is carried by the chorda tympani and deep temporal nerves", "Proprioceptive information is carried by the masseteric and auriculotemporal nerves."], "probs": [[0.25209961090247945, 0.23693231451920574, 0.22964558687433673, 0.2813224876039781], [0.20966043128984718, 0.23400372708467315, 0.2651609659602886, 0.29117487556519106], [0.2384788429271942, 0.20725967296762432, 0.2620056608356144, 0.2922558231695671], [0.2431768251168984, 0.1836180741489516, 0.20806304238333995, 0.36514205825081003], [0.2290894056763232, 0.22560749609587308, 0.25564679119940986, 0.2896563069283939], [0.25196538123845835, 0.19324696637983732, 0.19937733407939479, 0.35541031820230956], [0.24993727353509138, 0.21724335004432208, 0.23125163407551294, 0.3015677422450736], [0.20865738389789645, 0.21538400647870573, 0.2722640633310805, 0.3036945461923173], [0.2517839632410756, 0.20880782290981548, 0.24033634004072532, 0.29907187370838356], [0.2573147339171726, 0.1883209887459013, 0.21339168506539735, 0.34097259217152875], [0.24032992122154195, 0.23668895659464012, 0.2330171614652313, 0.2899639606185866], [0.263272569348268, 0.20192356119065222, 0.20191918024900055, 0.3328846891120792], [0.2426329295407672, 0.21420173877414017, 0.25042461226948487, 0.29274071931560774], [0.23022640210055964, 0.20969394399987065, 0.21975154190168747, 0.34032811189788226], [0.25071084870440297, 0.21119800522596657, 0.23560358932647824, 0.3024875566431522], [0.24113160010054996, 0.20957548601952308, 0.21962889699484703, 0.3296640167850799], [0.2341183344522942, 0.21659008311818026, 0.23418777386552006, 0.31510380846400543], [0.2308718493090115, 0.20380259440879694, 0.24970213322222248, 0.31562342295996904], [0.2409902512786201, 0.2161158323071848, 0.25663214919384975, 0.2862617671203454], [0.25568441696967753, 0.22222209967933582, 0.20874955691170358, 0.31334392633928304], [0.24532081156428048, 0.21324652212195122, 0.24542614787902778, 0.2960065183347405], [0.26170963436295586, 0.21705599450468058, 0.21036634160510595, 0.3108680294272576], [0.2503222822892683, 0.214209333040751, 0.24272517857508508, 0.2927432059948956], [0.24467109838701234, 0.20292769694632823, 0.252541624211594, 0.29985958035506544]], "ideal": "D", "sampled": "B", "correct": false}}
{"type": "result", "data": {"idx": 13, "options": ["cricothyroid muscle is still functional but the interarytenoid muscles are fully active.", "cricothyroid muscle is still functional but the interarytenoids are weak.", "cricothyroid muscle is paralyzed but the interarytenoids are fully active.", "cricothyroid muscle is paralyzed but the interarytenoids are weak."], "probs": [[0.3025318844672157, 0.2431269477156931, 0.21123038776056907, 0.24311077995652217], [0.32291179410995813, 0.24000171956997599, 0.21513616715997574, 0.22195031906009013], [0.3408641421969096, 0.24555183918117712, 0.20356861968201925, 0.21001539883989404], [0.3351441721325998, 0.241430647391693, 0.20015302894954165, 0.22327215142616552], [0.3565509351320945, 0.23023931454506988, 0.21628981705158082, 0.1969199331712548], [0.3364593584064147, 0.23492375803851986, 0.20093784625494238, 0.22767903720012303], [0.32794919606744005, 0.23624457416556163, 0.195854470114196, 0.23995175955280232], [0.3269812166363845, 0.2507408559071616, 0.2111469954041096, 0.21113093195234425], [0.35344404852169575, 0.24295389691820704, 0.18921175959532235, 0.21439029486477482], [0.334391797627731, 0.25642775416996944, 0.19661100181543192, 0.21256944628686758], [0.35843672810730104, 0.2542119584095784, 0.18310302221280625, 0.2042482911703143], [0.34899423942976027, 0.25537200618043854, 0.18393964241365604, 0.21169411187614515], [0.3245888102413793, 0.25282368438135105, 0.20634962923772396, 0.21623787603954567], [0.33010638740654985, 0.25313816226389324, 0.20024975238972384, 0.21650569783983306], [0.3363059410666994, 0.2538953981459251, 0.18575197179617683, 0.2240466888911986], [0.319393743208521, 0.24492754009465098, 0.21614557300704365, 0.21953314358978437], [0.304049929825361, 0.2368272770159859, 0.22598115424098308, 0.23314163881766997], [0.3073991078158379, 0.23207194648174093, 0.2284729135615451, 0.23205603204087608], [0.32968540961338816, 0.26084251763849836, 0.2063434097765221, 0.20312866287159143], [0.33487728733763045, 0.2488979734067268, 0.1999941497840287, 0.21623058937161402], [0.3486054979539522, 0.2631834627491745, 0.18956605240746865, 0.19864498678940468], [0.3281365832913629, 0.26371189163336867, 0.19293464143329792, 0.2152168835419705], [0.31029072863174084, 0.2342508469921174, 0.2099802525128588, 0.24547817176328296], [0.3040128395255304, 0.24053134380157537, 0.22595608568846762, 0.2294997308844266]], "ideal": "B", "sampled": "B", "correct": true}}
{"type": "result", "data": {"idx": 14, "options": ["The mental symphysis closes at about 1 year postnatally", "The condylar growth cartilage ceases activity at puberty", "The ossification centre appears about 8 weeks I.U.L medial to Meckel's cartilage", "The functional matrix acting on the angle of the mandible is the lateral pterygoid muscle"], "probs": [[0.2249276157254416, 0.192463842127391, 0.23953327177255224, 0.34307527027461515], [0.2510224580513748, 0.20495523510313882, 0.2216106802003502, 0.32241162654513617], [0.23363652029194135, 0.2030599922650646, 0.2337308297439384, 0.32957265759905563], [0.2638479533067588, 0.21880977877487123, 0.20879596093033295, 0.308546306888037], [0.24916197733345583, 0.20028162595348142, 0.23053046028109722, 0.3200259363319655], [0.25717929769505105, 0.20671609658069826, 0.23061872213616652, 0.30548588348808414], [0.22781551560911814, 0.1949382035220891, 0.2351499716747087, 0.342096309094084], [0.2540197296478725, 0.20740600800210396, 0.21736338084659781, 0.32121088140342574], [0.24650911249708354, 0.2142527337380753, 0.2176366830358818, 0.32160147062895933], [0.27353235668885706, 0.23042349171683435, 0.20020442900735172, 0.2958397224869569], [0.26297349518809027, 0.21138537557947887, 0.2181028788498356, 0.30753825028259524], [0.25883008098770105, 0.21465743966806322, 0.2285133578762365, 0.2979991213679992], [0.25831373082878306, 0.19203948627217396, 0.2280678437760597, 0.32157893902298323], [0.28925873139254765, 0.20841968989164217, 0.2084287945015377, 0.29389278411427244], [0.26205019968883414, 0.20099662833901122, 0.22076434398033384, 0.3161888278918208], [0.2901651176470891, 0.21236706635118568, 0.2026523738106381, 0.2948154420910871], [0.29223207071827256, 0.21056342436597283, 0.21388645786719157, 0.28331804694856305], [0.296092493627823, 0.20678528575551725, 0.21005437714984238, 0.2870678433668174], [0.2596240225342754, 0.19913821520282268, 0.23283023089091195, 0.3084075312719899], [0.2699622350683715, 0.20705841735566832, 0.23100270441828594, 0.29197664305767423], [0.2692862112657225, 0.20334826104770737, 0.22685944693711585, 0.3005060806494543], [0.2671236395568753, 0.20811904964750017, 0.23584125933672928, 0.28891605135889525], [0.28566178676609627, 0.22255778310457527, 0.21912038324072225, 0.27266004678860617], [0.28224110179938094, 0.21989807156661476, 0.219912004152122, 0.2779488223818823]], "ideal": "A", "sampled": "C", "correct": false}}
{"type": "result", "data": {"idx": 15, "options": ["Its efferent limb is carried in the optic nerve", "It is mediated by the inferior colliculi in the midbrain", "It is a consensual reflex", "Its afferent limb is carried in the oculomotor nerve"], "probs": [[0.2455336226436421, 0.2306906649445473, 0.21335575618266622, 0.3104199561291444], [0.2560622730008344, 0.2123182745411013, 0.23685707502465775, 0.2947623773334065], [0.21957904933941857, 0.20955448716111078, 0.24119973951551105, 0.32966672388395957], [0.19194889066684026, 0.21417267618421781, 0.23522152004273914, 0.3586569130062028], [0.25673668506682656, 0.21623167514364822, 0.24502437149699818, 0.282007268192527], [0.2294025523464108, 0.2480881771832651, 0.20891118981438264, 0.31359808055594146], [0.24441540238797302, 0.21912761030390054, 0.2225803583637817, 0.31387662884434475], [0.25263576222729145, 0.19988564846219398, 0.25665824152395966, 0.2908203476865549], [0.2158644996726194, 0.19657995416135954, 0.23712236116888546, 0.3504331848971356], [0.22510778566273362, 0.2082253663298079, 0.22869453981177087, 0.3379723080956876], [0.24852193889516885, 0.1935823708579077, 0.24856469032662973, 0.3093309998202937], [0.25058420743271625, 0.2211748295451114, 0.22117777997493954, 0.30706318294723284], [0.20618460455905063, 0.21276051659958295, 0.2566414100676013, 0.3244134686737651], [0.19206940839650685, 0.2109857318937535, 0.2544960639446384, 0.3424487956651012], [0.2070204584537484, 0.21699048253228245, 0.23462372666301937, 0.3413653322509498], [0.2175000588378402, 0.22797484562351508, 0.22797685728039596, 0.32654823815824874], [0.19401422430146065, 0.21312220710056973, 0.24149787783439775, 0.3513656906635719], [0.21337549167975825, 0.21676744320415067, 0.24950297171380373, 0.32035409330228737], [0.2510436958847074, 0.20492971515410535, 0.25504152824228793, 0.28898506061889934], [0.22666780648349014, 0.23390363154456464, 0.21973320839591914, 0.31969535347602607], [0.2573712919318375, 0.2036285968593934, 0.2380659572879403, 0.3009341538208288], [0.2514226957480213, 0.22540546279663448, 0.21508596194363622, 0.308085879411708], [0.19749449780082154, 0.2102683845032108, 0.23457135956836547, 0.35766575802760214], [0.22771730205277232, 0.20736893137315263, 0.23868501895320787, 0.32622874752086717]], "ideal": "C", "sampled": "B", "correct": false}}
{"type": "result", "data": {"idx": 16, "options": ["External and internal intercostal muscles", "External intercostal muscles and diaphragm", "Internal intercostal muscles and diaphragm", "External and internal intercostal muscles and diaphragm"], "probs": [[0.26131572538040415, 0.24937691538889153, 0.2067410586048732, 0.2825663005258311], [0.2771902638815275, 0.2604259809527744, 0.20601127732703395, 0.25637247773866406], [0.24877425655061375, 0.25271781899908513, 0.20306448333818874, 0.2954434410121124], [0.2740730941021551, 0.2615488767362352, 0.20689871905165205, 0.2574793100099576], [0.262253437347613, 0.2835928839696903, 0.19188691959677917, 0.2622667589859175], [0.2768119655812722, 0.2856269861658985, 0.1932638046924865, 0.24429724346034282], [0.3291303164279882, 0.21587669965527614, 0.19051201568963488, 0.26448096812710076], [0.33974563565812066, 0.21263567784335238, 0.20289463990544912, 0.24472404649307786], [0.35489857722098966, 0.21867755379095724, 0.18999451680063434, 0.23642935208741875], [0.4293055810122352, 0.21255342566678598, 0.18467491977492076, 0.17346607344605805], [0.3780263194946073, 0.22226179140393512, 0.17041405271908958, 0.229297836282368], [0.43089246103489204, 0.2235754694778344, 0.17412468529800748, 0.17140738408926606], [0.3388630156353715, 0.20879429953343573, 0.18426251566914512, 0.26808016906204757], [0.36714660570605867, 0.2059752612209687, 0.19349382527482004, 0.2333843076981526], [0.36354840881611533, 0.21374682226865313, 0.19160537990815815, 0.23109938890707338], [0.43703233540109976, 0.20646984565473436, 0.18799739794047135, 0.16850042090369452], [0.42398445983600513, 0.216578195975384, 0.15599672590155553, 0.20344061818705536], [0.47109986048845, 0.2157145919541561, 0.15782447392888863, 0.1553610735285053], [0.4084698259422005, 0.21193681655194932, 0.15749989448402876, 0.22209346292182142], [0.44597797916872967, 0.20742240236976162, 0.1517557628039393, 0.19484385555756942], [0.42921160368168954, 0.20920818418532103, 0.16810781751060802, 0.1934723945223814], [0.47737798224813405, 0.2021588413418527, 0.17024101790627033, 0.15022215840374295], [0.4963312670638846, 0.2005600154115863, 0.1444630601192633, 0.1586456573052658], [0.5142943569082924, 0.19522758989930464, 0.15204969953266398, 0.13842835355973895]], "ideal": "B", "sampled": "D", "correct": false}}
