{"type": "result", "data": {"idx": 0, "options": ["r = k ln[A]", "r = k [A]^2", "r = k [A]", "r = k"], "probs": [[0.1700223284776462, 0.27175842093143726, 0.22528760280218288, 0.3329316476887337], [0.17235345879927125, 0.26700856881141016, 0.22837715998426417, 0.3322608123050544], [0.17200877748173646, 0.28813072177477095, 0.24262037147776871, 0.2972401291657239], [0.15707826378744247, 0.2510944567206573, 0.23220418045278673, 0.3596230989391135], [0.2159642842797399, 0.29068573873286696, 0.2160116252681426, 0.2773383516192505], [0.1492202028250546, 0.23483835858256732, 0.2348174075493065, 0.38112403094307157], [0.17789773111061286, 0.2980013102590669, 0.22144249909563252, 0.3026584594346877], [0.17334881939790123, 0.294952043711017, 0.22262871926670377, 0.30907041752437797], [0.14457830785259235, 0.20715489981487106, 0.34689620133745697, 0.3013705908950796], [0.10580060551151159, 0.1977129414650306, 0.20718259952989698, 0.4893038533935608], [0.1489728197612557, 0.2101431873187926, 0.32546066264651036, 0.3154233301734413], [0.10255824849889975, 0.20085561423122716, 0.207213433119895, 0.48937270404997807], [0.17651996978782794, 0.3796868508767823, 0.19090671266474457, 0.2528864665706452], [0.1661211227292427, 0.33569457623440946, 0.19732619526013093, 0.3008581056762169], [0.12818549572139623, 0.21139712629588453, 0.34311330315019795, 0.3173040747325213], [0.09464563710475143, 0.1973082928850125, 0.18825671635940766, 0.5197893535508283], [0.12465741857660713, 0.19927486181427487, 0.3722672053123615, 0.30380051419675647], [0.10833688743568241, 0.22585367985900465, 0.2024381890508885, 0.46337124355442444], [0.19112285115344588, 0.37429760209613033, 0.18528044883780564, 0.24929909781261814], [0.1572740831270822, 0.31288686574368263, 0.20199526528526607, 0.3278437857439691], [0.1514227241126272, 0.2169643491289612, 0.3059536516360459, 0.3256592750223657], [0.11679620517533389, 0.21826564287749403, 0.19563647228148115, 0.4693016795656909], [0.12386567790357209, 0.18894211441322314, 0.37573580909600574, 0.311456398487199], [0.10918856154133279, 0.21720660701635736, 0.2138265615708339, 0.45977826977147596]], "ideal": "D", "sampled": "A", "correct": false}}
{"type": "result", "data": {"idx": 1, "options": ["all molecular bonds absorb IR radiation", "IR peak intensities are related to molecular mass", "most organic functional groups absorb in a characteristic region of the IR spectrum", "each element absorbs at a characteristic wavelength"], "probs": [[0.11298899014687186, 0.19225377759638804, 0.4400817918313008, 0.2546754403254393], [0.12348549903801162, 0.21341857470984846, 0.30570587740542565, 0.3573900487467143], [0.17082374305279713, 0.39731160986359276, 0.1630586583170749, 0.26880598866653516], [0.1748275309626274, 0.40659788246857176, 0.1832717060859514, 0.2353028803828494], [0.14706420458681374, 0.2748313165976555, 0.21403559402365152, 0.36406888469187926], [0.1359174806960361, 0.22767663811324257, 0.4122735436660974, 0.22413233742462393], [0.10957911446221937, 0.1923698903074732, 0.42678808525722906, 0.2712629098730784], [0.1169544909225455, 0.20531609539009, 0.32299747245492083, 0.35473194113244366], [0.15159694623031772, 0.35813193976081426, 0.18872153475898468, 0.30154957914988334], [0.173165108136808, 0.37834882007325027, 0.18438648784620396, 0.2640995838437377], [0.12209868793752768, 0.23911864275682848, 0.2626152712623501, 0.37616739794329374], [0.1237739902048614, 0.20733453022351966, 0.4188191231842373, 0.2500723562873816], [0.217112963604988, 0.27028201799601487, 0.19165696835134785, 0.3209480499476493], [0.22035447417542597, 0.27862227790616084, 0.23098684043323328, 0.27003640738517987], [0.1862243198964481, 0.2429503161791047, 0.228230724977859, 0.3425946388465882], [0.22032320345797268, 0.2576589392122058, 0.23459829129925638, 0.28741956593056517], [0.21582542679275643, 0.27719238810736213, 0.22980395299586304, 0.2771782320040184], [0.24571213489865049, 0.27851117069485953, 0.188447761344658, 0.287328932961832], [0.15112754926254376, 0.25714496158688205, 0.22340299519753104, 0.36832449385304317], [0.14839548476669484, 0.21596649489826997, 0.4162835528265261, 0.21935446740850906], [0.12910285783166384, 0.21625982545030908, 0.26913217108437504, 0.38550514553365206], [0.14237248683977227, 0.1977122992420327, 0.4251429374814626, 0.23477227633673242], [0.19619733413895973, 0.39643410461549694, 0.18150145221913092, 0.2258671089264124], [0.2122797848411679, 0.39056987148447037, 0.16028283773671384, 0.23686750583764785]], "ideal": "C", "sampled": "C", "correct": true}}
{"type": "result", "data": {"idx": 2, "options": ["2", "3", "4", "5"], "probs": [[0.19795574540834557, 0.2926126761831192, 0.27061620755195814, 0.23881537075657708], [0.19429605907797876, 0.31053816806342965, 0.24951709432614483, 0.24564867843244673], [0.19000775827045918, 0.2638437112329254, 0.31331362850343825, 0.23283490189317718], [0.1837590567774174, 0.2891437242253238, 0.27589200177527257, 0.2512052171219862], [0.17720627254841095, 0.25787460032880655, 0.3110479023429273, 0.25387122467985523], [0.179496996660328, 0.2531691306502879, 0.31018306208353613, 0.2571508105058479], [0.19249172793626693, 0.2757820825864574, 0.2845251304300981, 0.24720105894717753], [0.18765183722133957, 0.29526542734336336, 0.26055987890260895, 0.25652285643268813], [0.18208669395543234, 0.27339265155133524, 0.2956010146978091, 0.24891963969542336], [0.17252102492514595, 0.2672601043910749, 0.275731325121963, 0.28448754546181615], [0.17685102360560118, 0.2614132307856197, 0.2962117912346868, 0.26552395427409237], [0.16897248212957555, 0.24589259944527514, 0.3108291440397126, 0.2743057742854367], [0.19726848286017903, 0.2739300592822123, 0.2870661489119847, 0.241735308845624], [0.1973654625639739, 0.2917342999087826, 0.253452528499987, 0.2574477089272565], [0.18521461827051355, 0.2869194660221872, 0.28246097912166235, 0.24540493648563685], [0.1924358067449957, 0.2934813884644696, 0.25101674348635883, 0.26306606120417586], [0.17850278210320167, 0.25976670443499844, 0.28086525668089996, 0.28086525668089996], [0.16921833660157126, 0.2580717282654578, 0.3064576478430434, 0.2662522871899275], [0.1862101499189446, 0.2667793849803642, 0.288444808441023, 0.25856565655966823], [0.18385491441490392, 0.25931905538294575, 0.28928093806230804, 0.2675450920398423], [0.18434539160754512, 0.29463260923907375, 0.2767697531189453, 0.24425224593443579], [0.18237928097746722, 0.28252256755753097, 0.2738172791271955, 0.26128087223780627], [0.17693774136714413, 0.2656567652905053, 0.2917554036719599, 0.2656500895703906], [0.16992165399761988, 0.2632209399559273, 0.30772737124058974, 0.25913003470586304]], "ideal": "D", "sampled": "B", "correct": false}}
{"type": "result", "data": {"idx": 3, "options": ["The I\u2212 : IO3\u2212 ratio is 3:1.", "The MnO4- : I- ratio is 6:5.", "The MnO4- : Mn2+ ratio is 3:1.", "The H+ : I\u2212 ratio is 2:1."], "probs": [[0.19185438464370522, 0.30682339804049646, 0.2624240776272837, 0.2388981395885146], [0.19400426165296936, 0.3151386583985064, 0.24928293376805222, 0.24157414608047204], [0.19335921106789095, 0.324085265365617, 0.25636416671096635, 0.2261913567555257], [0.19288731769107023, 0.333578308404604, 0.24788552507577194, 0.2256488487285538], [0.19228697451723606, 0.3172807551328614, 0.2509871012770288, 0.23944516897287374], [0.18828595243853835, 0.3156011496347835, 0.2616364139544519, 0.23447648387222622], [0.1939177210373766, 0.314981126379845, 0.257075328881315, 0.2340258236014634], [0.1937987414940733, 0.31974456663941386, 0.24515210820226413, 0.24130458356424866], [0.20020514724636743, 0.3201526403106971, 0.24546037611890947, 0.23418183622402597], [0.20424114774333918, 0.3215221262110256, 0.24269551759604116, 0.23154120834959402], [0.19821389004199594, 0.3270285074852092, 0.2355433281680336, 0.23921427420476124], [0.20497699959085022, 0.3226808213065994, 0.24357020126618484, 0.2287719777363655], [0.19312579588900713, 0.3137132712117998, 0.2600774323726353, 0.23308350042655773], [0.19216460846668826, 0.3170970223719338, 0.25880117378632334, 0.2319371952750546], [0.19564968637133692, 0.3128779576834778, 0.25534877558999003, 0.23612358025519523], [0.1988514691221267, 0.3130524800859633, 0.2554967143205122, 0.2325993363713978], [0.19469439730833538, 0.33146011842809464, 0.242501386156146, 0.231344098007424], [0.20314648163432109, 0.3248709883158325, 0.2452304770655292, 0.2267520528843172], [0.1851601412802633, 0.3152104505706796, 0.2654311218849303, 0.2341982861641268], [0.1759228381946171, 0.3138779652717059, 0.2769994396141417, 0.23319975681953528], [0.19222414205202257, 0.3323832402435865, 0.24699894713377163, 0.2283936704706193], [0.19492211026752174, 0.32160771848346537, 0.26248107140065224, 0.22098909974836062], [0.18873915355611662, 0.3367506017460034, 0.250243429073156, 0.2242668155247239], [0.19516778607944985, 0.33224491776579007, 0.2547410016367951, 0.21784629441796505]], "ideal": "B", "sampled": "C", "correct": false}}
{"type": "result", "data": {"idx": 4, "options": ["always", "only for constant pressure processes", "only for constant temperature processes", "only for constant volume processes"], "probs": [[0.24903032929104757, 0.2866644475571414, 0.23034263458503676, 0.2339625884667743], [0.24811569962921773, 0.2856128641206306, 0.2294972790323452, 0.23677415711780647], [0.24993779880752715, 0.28770799278511494, 0.23118027810077643, 0.23117393020658145], [0.2497003115419239, 0.2919618232548609, 0.22738267817879823, 0.2309551869244169], [0.24921924616047755, 0.28243494872710867, 0.2305184671206765, 0.23782733789173727], [0.2501409053552349, 0.28348049518611423, 0.23137141761850258, 0.23500718174014826], [0.2513248511394507, 0.2938565532462407, 0.21498586346934098, 0.23983273204496755], [0.25894880678074106, 0.2934571250004734, 0.20808811793761942, 0.23950595018116613], [0.20536651899300948, 0.2119012294214476, 0.3231111716437409, 0.259621079841802], [0.21113521719444783, 0.2247732512495677, 0.23190672002181797, 0.33218481143416645], [0.20215149539042052, 0.21520545020384313, 0.3230616142779835, 0.2595814400277528], [0.21147558406079406, 0.228681120680965, 0.23228042171480676, 0.32756287344343415], [0.2551232988187342, 0.29367323039544946, 0.21152057697090865, 0.23968289371490772], [0.2587141355805049, 0.2978073611884428, 0.20789931402661646, 0.23557918910443582], [0.2085159296473407, 0.22198008165642605, 0.31797255167329186, 0.2515314369229414], [0.21332771537529718, 0.23068311349304396, 0.23068157867337255, 0.3253075923582863], [0.19964298603922453, 0.21588176486717525, 0.3240776657734089, 0.2603975832201913], [0.20780667099394567, 0.22825143759284233, 0.2318446441587515, 0.3320972471544605], [0.25099932770902283, 0.29809870868773436, 0.2113794056654282, 0.2395225578378146], [0.25310875868566646, 0.2959442358871569, 0.21315601563974637, 0.23779098968743026], [0.20666200486759992, 0.22000761834533064, 0.32010920401698606, 0.25322117267008337], [0.21071678083940032, 0.23144854257998218, 0.23144790183006045, 0.32638677465055704], [0.20031327900333945, 0.2132487680326607, 0.3251663647217321, 0.26127158814226775], [0.20594235638876604, 0.2226976983712629, 0.237058841054014, 0.33430110408595703]], "ideal": "B", "sampled": "A", "correct": false}}
{"type": "result", "data": {"idx": 5, "options": ["3 lines", "9 lines", "5 lines", "7 lines"], "probs": [[0.23993866500747896, 0.289472941868459, 0.25546598812567567, 0.21512240489838633], [0.24617387329106702, 0.2969954786597015, 0.24622568463162103, 0.21060496331761044], [0.2570669910491684, 0.2959366396379078, 0.23048224699454029, 0.21651412221838348], [0.26538379974868953, 0.31032004281159775, 0.22704276641741655, 0.19725339092229618], [0.24711742977516862, 0.29813324198919877, 0.24333606618212555, 0.21141326195350701], [0.2432759295186343, 0.2981172070450745, 0.26309432400690663, 0.19551253932938456], [0.2362899639197354, 0.3332864443155762, 0.21857537514316536, 0.21184821652152305], [0.24068396866972303, 0.3342215865913307, 0.2191886850609646, 0.20590575957798166], [0.23274013397750418, 0.3036056756669661, 0.25170326230393125, 0.21195092795159848], [0.23852892573070802, 0.31605601778529585, 0.23487776865514412, 0.21053728772885197], [0.2159950914166208, 0.2817622464876081, 0.2862073523444928, 0.21603530965127826], [0.23316585667832782, 0.29023158114881376, 0.2642660101348241, 0.21233655193803433], [0.25449924195243495, 0.31679349042546745, 0.21435558581328135, 0.21435168170881624], [0.25524840136670257, 0.3278099048973621, 0.21498532911453525, 0.2019563645214], [0.21638631295720928, 0.2867203780746011, 0.2735944512329592, 0.2232988576352304], [0.23039527351964637, 0.3005493699876304, 0.24916952850892748, 0.2198858278837958], [0.2167215580508484, 0.2871635768375654, 0.28271444786599037, 0.21340041714559585], [0.22635004596682015, 0.29527524990691156, 0.24479358625329123, 0.23358111777297705], [0.24680469908658442, 0.3374051652454789, 0.21114425127446712, 0.20464588429346953], [0.24509955209726186, 0.33507292460807436, 0.21974771557792822, 0.20007980761673558], [0.21018000495507555, 0.2741774197761382, 0.2918654549486184, 0.22377712022016788], [0.22058933467101535, 0.27890191726139296, 0.28329972696301325, 0.21720902100457845], [0.23286825661031202, 0.2944268505298851, 0.26392709192431385, 0.20877780083548902], [0.2377014975817175, 0.3005363434412453, 0.24529395235988147, 0.21646820651715576]], "ideal": "B", "sampled": "A", "correct": false}}
{"type": "result", "data": {"idx": 6, "options": ["Neutrons", "Alpha particles", "Beta particles", "X-rays"], "probs": [[0.23547139324000416, 0.3321108668163991, 0.25466309133589654, 0.17775464850770017], [0.2369469729534498, 0.32390412118057793, 0.2602823570320764, 0.17886654873389587], [0.2251366410199668, 0.3542349987008835, 0.23971383628405846, 0.18091452389509122], [0.22219836047458844, 0.3388489383463285, 0.25183185181984724, 0.18712084925923578], [0.2109946969236945, 0.2975780158215615, 0.30228264037574376, 0.18914464677900025], [0.20175165249639723, 0.29357394217660293, 0.3029116662656842, 0.20176273896131555], [0.2218271443842765, 0.3278795030927382, 0.26348428113288624, 0.18680907129009902], [0.2238972037806727, 0.3207525014556567, 0.25775113699242863, 0.19759915767124198], [0.21046676916064042, 0.3159856152816689, 0.2788859861976272, 0.19466162926006345], [0.21449895520596918, 0.32203159212873095, 0.25878221179612804, 0.20468724076917183], [0.19982998368872623, 0.29077893925946285, 0.30955136280468104, 0.19983971414712984], [0.2045019685346729, 0.3070204509931679, 0.28396495750739253, 0.20451262286476665], [0.2304579145634748, 0.34064031086135577, 0.2378336162751294, 0.19106815820004006], [0.22454980682719775, 0.33190007003505223, 0.23908410186415519, 0.2044660211735948], [0.23154608102944915, 0.3116195592455249, 0.2707705876190076, 0.1860637720060183], [0.23889390765879903, 0.31651785494920653, 0.24652722108093444, 0.19806101621105998], [0.20682933924514044, 0.30096685883373386, 0.29172769185963643, 0.20047610996148926], [0.2236078944041058, 0.31536846879892244, 0.25741523118104465, 0.2036084055159271], [0.1929248393443296, 0.33338078356358314, 0.28075950916642467, 0.1929348678256626], [0.1849678307586715, 0.32977584001104404, 0.282097786636753, 0.2031585424935315], [0.20931565135663754, 0.3397920626124079, 0.2773545003448383, 0.17353778558611627], [0.2129956398093982, 0.35673786269250063, 0.24520312977970732, 0.18506336761839384], [0.18341563640190836, 0.3591476678489119, 0.2711235284534174, 0.1863131671957623], [0.19049525826740452, 0.3788806610587045, 0.23711899627218713, 0.19350508430170385]], "ideal": "A", "sampled": "A", "correct": true}}
{"type": "result", "data": {"idx": 7, "options": ["Strong oxidizing conditions", "Low-spin electron configuration", "Metallic physical properties", "Unpaired electrons"], "probs": [[0.14633823493631887, 0.2302564611724295, 0.21295068521305235, 0.41045461857819926], [0.1507898189329732, 0.2194295623424071, 0.2565381045325505, 0.37324251409206916], [0.13395859100136798, 0.21077805441331027, 0.24260252350225148, 0.41266083098307027], [0.1218730240240628, 0.1887876916939592, 0.2834032966135423, 0.4059359875684357], [0.15709572560719098, 0.23220517537044505, 0.2510707303311472, 0.3596283685912168], [0.13640689848489446, 0.22144044933488874, 0.22846673426727632, 0.4136859178129405], [0.1483431414115161, 0.22623119571833902, 0.20279232551238585, 0.422633337257759], [0.15758389467785308, 0.22226232619241995, 0.24795316526724664, 0.37220061376248026], [0.14740763822821382, 0.22132173508162006, 0.20468819444350236, 0.42658243214666375], [0.15041468890724655, 0.21549506919867176, 0.2559061576980291, 0.37818408409605253], [0.16902625559070236, 0.2347072213653461, 0.23840172586441208, 0.35786479707953944], [0.16590462128933356, 0.23400294081008063, 0.23768455569499455, 0.3624078821055913], [0.13280527292354047, 0.2155989557289055, 0.2294999360808708, 0.42209583516668325], [0.11977062997808215, 0.19443608342441102, 0.27419598337778217, 0.41159730311972464], [0.14502571305634135, 0.24673696982275256, 0.20776927159482855, 0.4004680454260775], [0.14840104953353178, 0.23350740618892837, 0.25645231815914304, 0.3616392260183968], [0.1367150693995136, 0.23997958002074843, 0.2151109277986946, 0.40819442268104333], [0.15477582810761506, 0.24737253782659635, 0.24353075025030513, 0.3543208837154834], [0.1665206054592866, 0.2348656347079036, 0.23486372735915728, 0.3637500323736525], [0.1454894626521356, 0.21843624626435876, 0.21504685809338495, 0.4210274328901207], [0.17763265534249767, 0.24283346488631116, 0.23170982189900144, 0.3478240577721897], [0.17666392990181698, 0.24151238076917048, 0.23044734504161482, 0.3513763441873977], [0.14742630718664287, 0.22134679553679476, 0.21120709178719838, 0.420019805389364], [0.16252524906969162, 0.23284461745012983, 0.24401464692276414, 0.36061548645741437]], "ideal": "D", "sampled": "D", "correct": true}}
{"type": "result", "data": {"idx": 8, "options": ["1:1", "1:3", "1:6", "2:3"], "probs": [[0.21578928622169805, 0.3449032511904597, 0.23336589234914598, 0.2059415701386963], [0.19877291917641668, 0.3435219772781832, 0.232431423157584, 0.22527368028781614], [0.1856047372628859, 0.2830682185703407, 0.31088278358429344, 0.22044426048247995], [0.1962134034373824, 0.299256941668359, 0.2640848676868978, 0.24044478710736078], [0.1891807559187549, 0.29306875783049663, 0.29305996614565516, 0.22469052000509332], [0.20343466101042587, 0.3054601549796774, 0.2532272934660408, 0.23787789044385596], [0.22457255086184097, 0.35337712830679713, 0.20773183987847113, 0.2143184808528908], [0.2171100844458142, 0.35802830108231465, 0.20082953863343747, 0.22403207573843364], [0.21398866070241693, 0.2971514837778871, 0.24252450146898535, 0.24633535395071063], [0.1949489894344771, 0.28817985721449, 0.25036747748926136, 0.26650367576177153], [0.18121199718022224, 0.2807216774706453, 0.29418752821200533, 0.24387879703712714], [0.19597830782425696, 0.2764326549363074, 0.25968050180221064, 0.267908535337225], [0.17914780972596644, 0.28189781305355155, 0.31942218538904776, 0.21953219173143423], [0.18356675303729017, 0.29802839168736933, 0.2713466720699122, 0.24705818310542835], [0.2012320966612433, 0.31173959642775545, 0.2625027870499772, 0.224525519761024], [0.17916014254804538, 0.3347884614493899, 0.24492874009160445, 0.24112265581096026], [0.1963813631991069, 0.2948685332073227, 0.26431215200630404, 0.24443795148726635], [0.180017873626827, 0.2788775562961174, 0.3062800168684809, 0.23482455310857472], [0.2090066664451964, 0.35560772150121556, 0.22959062234321434, 0.20579498961037376], [0.2142610283616654, 0.37028593373002094, 0.20448673074117962, 0.210966307067134], [0.20274218008537412, 0.33960242538025515, 0.24845071513921813, 0.20920467929515263], [0.21647967718581715, 0.35699439577160247, 0.20660759814413007, 0.21991832879845025], [0.2135935117393589, 0.30601767402675717, 0.2383234472093493, 0.24206536692453462], [0.17811871900257856, 0.26329245142184693, 0.3225904049096578, 0.23599842456591671]], "ideal": "C", "sampled": "B", "correct": false}}
{"type": "result", "data": {"idx": 9, "options": ["T1, unlike T2, is sensitive to very low-frequency molecular motions.", "T2, unlike T1, is sensitive to very low-frequency molecular motions.", "T1, unlike T2, is sensitive to molecular motions at the Larmor frequency.", "T2, unlike T1, is sensitive to molecular motions at the Larmor frequency."], "probs": [[0.15601407222400723, 0.29615676841392063, 0.27820682937413177, 0.2696223298879404], [0.15606822769578288, 0.2916669677651459, 0.27830151964779065, 0.27396328479128057], [0.1706353055054069, 0.33945499384532773, 0.2296742005270911, 0.26023550002217427], [0.16030808326142815, 0.3342044153949548, 0.23697479144499486, 0.2685127097986222], [0.17422016222850964, 0.3255787241964609, 0.2344969843763605, 0.265704129098669], [0.16822850451830823, 0.3243593524912582, 0.22999862981524877, 0.27741351307518475], [0.1600398546291312, 0.3037958099568702, 0.2680945654229266, 0.26806976989107195], [0.16078734688437343, 0.3004808797773586, 0.2735866402123986, 0.2651451330258694], [0.18601652700804377, 0.3317097375700503, 0.22797180370238876, 0.25430193161951714], [0.1620952188806563, 0.3326835930014759, 0.22509759662284545, 0.2801235913950223], [0.1735588311975489, 0.3399067222732145, 0.22998398540104334, 0.25655046102819323], [0.1575812916708941, 0.32851190840201255, 0.23293943252049487, 0.28096736730659844], [0.1652052055072921, 0.3286508521511071, 0.2294244399608892, 0.27671950228071157], [0.17711956362857856, 0.3258740797834011, 0.23106841627840685, 0.2659379402096135], [0.16633841641578284, 0.32577610498055604, 0.22042076615902106, 0.28746471234464005], [0.17989395020909385, 0.3158140684105824, 0.2383785623556844, 0.2659134189246393], [0.16633752978196512, 0.30603926214729626, 0.2617649293736077, 0.2658582785971309], [0.16147162065039067, 0.30176356714060154, 0.2662989854875056, 0.27046582662150226], [0.1647490785218351, 0.32774145922923364, 0.21831134473682795, 0.2891981174121033], [0.18466186246423263, 0.31421318178889407, 0.24470020463552533, 0.25642475101134793], [0.1590571897781933, 0.32139630080216747, 0.23147981556365185, 0.28806669375598737], [0.17500829955687877, 0.32198063015669365, 0.23190544888897474, 0.2711056212974528], [0.16689884660959184, 0.311906069485945, 0.2585749625901093, 0.26262012121435385], [0.1662234241531479, 0.3106408165180108, 0.2615816333864061, 0.26155412584243515]], "ideal": "D", "sampled": "C", "correct": false}}
{"type": "result", "data": {"idx": 10, "options": ["3.02 ppm", "5.03 ppm", "10.56 ppm", "11.30 ppm"], "probs": [[0.15173148202979295, 0.31139589477072177, 0.30181716070630993, 0.23505546239317537], [0.153584475693112, 0.30549775640598426, 0.31031157638571233, 0.23060619141519137], [0.14824871717401028, 0.3501875400193025, 0.2858166098308849, 0.2157471328758023], [0.15561759238448852, 0.32950919372259835, 0.2953720346487426, 0.21950117914417047], [0.14787963639928475, 0.36607966621554816, 0.280685855081274, 0.20535484220389302], [0.15661952687934583, 0.3585754770318748, 0.28366111438144803, 0.20114388160733135], [0.1487963177294303, 0.33018686872120623, 0.2868752436518605, 0.23414156979750295], [0.1491071261449491, 0.32574322331057115, 0.30126615906822796, 0.22388349137625174], [0.14332189091566153, 0.3180404995969931, 0.31311083769977727, 0.2255267716875681], [0.14830669538226776, 0.3091628505105137, 0.3091628505105137, 0.23336760349670488], [0.14468223070668107, 0.3364676882953896, 0.30160871594525357, 0.21724136495267574], [0.15168698942543682, 0.34190450566995145, 0.2924494016273201, 0.21395910317729167], [0.15230840443041735, 0.3770474791149747, 0.2591389119365953, 0.21150520441801268], [0.15530096455752435, 0.3726260176710991, 0.272619970789707, 0.19945304688166957], [0.15391122261866277, 0.35792679657714943, 0.2744320116493455, 0.2137299690548423], [0.15358313916577876, 0.3571637570500838, 0.28253981468236306, 0.20671328900177435], [0.14418995378959712, 0.3005790412125416, 0.3353212475441351, 0.2199097573537262], [0.14359968899244546, 0.313715130059342, 0.32367455956083324, 0.21901062128737933], [0.15038758066617852, 0.3841103498518702, 0.2599011879928925, 0.20560088138905872], [0.15348558355056582, 0.37996110882477807, 0.26943275731242633, 0.19712055021222974], [0.15067238430636676, 0.3672099544987952, 0.2728863832281461, 0.20923127786669193], [0.15164876660598223, 0.3695883915764825, 0.27465478810848576, 0.20410805360904954], [0.14233938711921298, 0.30613832294241444, 0.3310155422200555, 0.22050674761831704], [0.14530907136807897, 0.32244404186230946, 0.31744801048895155, 0.21479887618066007]], "ideal": "D", "sampled": "A", "correct": false}}
{"type": "result", "data": {"idx": 11, "options": ["[The polarization relaxes exponentially: p(t) = [p(0) - peq]exp(-t/T1) + peq.]", "72.0 s", "56.6 s", "12.7 s"], "probs": [[0.1816208118501721, 0.31388936379063503, 0.24830184124316806, 0.2561879830160248], [0.16653110581553937, 0.3016253501359601, 0.2969394414407932, 0.23490410250770732], [0.18046213539093162, 0.31679981323887496, 0.2317681634021617, 0.2709698878680317], [0.180639380775526, 0.31710975413996584, 0.26288583088612766, 0.2393650340983805], [0.1911850095917578, 0.3252902578193956, 0.24553639818453543, 0.23798833430431118], [0.19508202372030656, 0.32677352425168543, 0.2390681057929343, 0.2390763461350737], [0.13864541258983282, 0.4140106798892066, 0.2114559890335341, 0.23588791838742645], [0.14354529768688187, 0.4219968099765314, 0.2189290719047967, 0.21552882033179005], [0.085471447007433, 0.22173539627865627, 0.35992581989465844, 0.3328673367192523], [0.06612846353180234, 0.19441239823561487, 0.2657350937120881, 0.47372404442049465], [0.09960295033368323, 0.25439320338769267, 0.3531981294426796, 0.29280571673594447], [0.07442091071960089, 0.2292911903647733, 0.24028991576310538, 0.45599798305252043], [0.13751250969640344, 0.40426591002877754, 0.21303160389382167, 0.24518997628099734], [0.14500697171738514, 0.42629242574321663, 0.214353281451982, 0.2143473209874162], [0.08454812632207458, 0.21934174816135157, 0.36164752992528454, 0.3344625954912893], [0.06547903721218505, 0.18658346591886077, 0.2714798626860759, 0.4764576340828783], [0.09541356952228794, 0.25142850532742483, 0.3545791374321672, 0.29857878761812007], [0.0707139517243327, 0.22832814285169012, 0.24687934140485765, 0.45407856391911955], [0.1534172010193352, 0.4303581925476009, 0.2064909899185348, 0.20973361641452912], [0.1580230491606239, 0.42964227283598877, 0.20294935113991397, 0.20938532676347332], [0.09137705239863521, 0.23705530870735297, 0.3671749641282239, 0.3043926746657879], [0.06707723042845963, 0.2066601920414537, 0.2532107365807639, 0.4730518408493228], [0.08973176776465505, 0.23645277318974126, 0.3605607747671055, 0.3132546841784981], [0.06652857362558744, 0.20179705319770816, 0.25509765741658313, 0.4765767156601213]], "ideal": "B", "sampled": "A", "correct": false}}
{"type": "result", "data": {"idx": 12, "options": ["4.6 mT", "27 G", "5.4 mT", "3.8 mT"], "probs": [[0.18114874985271068, 0.26776659086997, 0.30342566511836766, 0.24765899405895164], [0.17884195648619058, 0.2685214698875307, 0.30427901313893585, 0.24835756038734288], [0.18059268736577966, 0.2931839306967381, 0.25078202403198047, 0.2754413578055018], [0.16341525830689527, 0.2737151220932996, 0.32505122866650976, 0.23781839083329534], [0.18812213555895385, 0.30540874142261887, 0.2492720149316661, 0.2571971079867612], [0.17930782373863954, 0.29567913099190585, 0.29110098749769375, 0.23391205767176088], [0.1656259298158959, 0.2817910611347695, 0.29997053739409046, 0.25261247155524413], [0.16381433334905396, 0.2743882443025683, 0.31582348908480984, 0.24597393316356783], [0.1702133191856408, 0.2678359328909931, 0.31806902652469865, 0.2438817212986674], [0.16542058688474756, 0.27708031898707014, 0.30911242037565617, 0.24838667365252612], [0.17806943453247387, 0.28019742902409045, 0.2982778415555472, 0.24345529478788844], [0.1729249383772084, 0.2896501762823219, 0.2896591467814934, 0.24776573845897631], [0.18276485526574598, 0.3013854875652782, 0.24986211580725146, 0.2659875412617243], [0.1799589910941622, 0.2921566236253008, 0.29676275115788286, 0.2311216340226541], [0.18162664498618958, 0.2561787030414061, 0.3138832700850113, 0.24831138178739293], [0.17803427044654924, 0.26316487002229977, 0.30767308745665944, 0.25112777197449154], [0.1822777932021196, 0.29133137189421304, 0.2959231943811134, 0.23046764042255397], [0.19294234533340476, 0.3035963086898622, 0.24779271338510014, 0.25566863249163285], [0.18438656235201437, 0.2993428885245725, 0.2520815880095163, 0.2641889610138968], [0.17717878254699992, 0.29216947713300295, 0.29218223252679354, 0.23846950769320355], [0.18789902237406586, 0.2609186366623966, 0.30985646765236446, 0.24132587321117305], [0.18418314502235766, 0.2680306056460748, 0.30372717068355354, 0.244059078548014], [0.1739686500568176, 0.2653132558208666, 0.33020080636712373, 0.23051728765519205], [0.19012284843578642, 0.2899566080863379, 0.2558927612016835, 0.26402778217619216]], "ideal": "A", "sampled": "D", "correct": false}}
{"type": "result", "data": {"idx": 13, "options": ["1:19:36:84:126:126:84:36:19:1", "1:9:36:84:126:126:84:36:9:1", "1:9:35:82:120:120:82:35:9:1", "1:8:28:56:70:56:28:8:1"], "probs": [[0.17069320378980782, 0.28593322631837625, 0.18752254543813404, 0.3558510243536819], [0.19201313589024566, 0.2794468277660635, 0.18615461051891605, 0.3423854257247748], [0.1670223648235425, 0.288661365013185, 0.20152113139880815, 0.3427951386644643], [0.2095553732867623, 0.27337904818446374, 0.18211325867986905, 0.3349523197489049], [0.17723801730290914, 0.2661342918606699, 0.20405301449642513, 0.35257467623999583], [0.19716539977009365, 0.2532286941751929, 0.20347654817453759, 0.3461293577801759], [0.17731605468407352, 0.2924230098431942, 0.18299584088879728, 0.347265094483935], [0.20559764825423363, 0.2682191253134219, 0.16524767122617445, 0.36093555510617], [0.17795892588382348, 0.29810501030399605, 0.18081509113932778, 0.3431209725728527], [0.17572148142487934, 0.2765227853975339, 0.1871076971105388, 0.360648035967048], [0.19229536616199652, 0.28426812366987286, 0.17513827270626253, 0.34829823736186805], [0.17127058418678925, 0.2737624130500501, 0.2034462750781662, 0.3515207275849944], [0.17817643283015905, 0.28479614851010987, 0.19882118699946602, 0.3382062315602651], [0.2216701308417736, 0.25922651255041207, 0.16477843363925057, 0.35432492286856376], [0.1712327301330995, 0.3006044923958581, 0.17671912906786885, 0.3514436483031735], [0.17129343532499144, 0.2914555587667505, 0.19114418259915958, 0.34610682320909847], [0.209071081720678, 0.2727532643886852, 0.17337757088927794, 0.3447980829013588], [0.17369718847921994, 0.27764222023094853, 0.2031306773221018, 0.34552991386772974], [0.16154787951439786, 0.28806238505157944, 0.19189161978556213, 0.3584981155484606], [0.1833069758907665, 0.2795773356558452, 0.18917354858813018, 0.3479421397652581], [0.17264451599315456, 0.28919614220338347, 0.1838262582781744, 0.3543330834252876], [0.16340933222384316, 0.2824179400172306, 0.1971616862315478, 0.35701104142737844], [0.19470398126085645, 0.28336623308209125, 0.1801235526620032, 0.34180623289504913], [0.16146035731400274, 0.287908111303687, 0.19787913853751413, 0.35275239274479614]], "ideal": "D", "sampled": "C", "correct": false}}
{"type": "result", "data": {"idx": 14, "options": ["spin trapping provides more structural information than direct detection by EPR", "spin trapping makes it easy to quantify free radical intermediates", "steady state concentration of free radical intermediates is often too low to enable direct detection by EPR", "detection of spin adducts requires lower power than direct detection of radical intermediates"], "probs": [[0.2189735420860517, 0.2521116547978382, 0.22954441140730364, 0.29937039160880646], [0.22412335870408912, 0.25404030082069584, 0.21060138938705142, 0.3112349509881636], [0.22531235551536544, 0.2553880848538012, 0.22537048494604303, 0.29392907458479034], [0.2154958578057541, 0.2520112730610379, 0.20891802322143313, 0.3235748458117749], [0.21998157916143604, 0.23060545207372668, 0.23423300587177445, 0.3151799627930628], [0.20299992870744282, 0.23371475487315405, 0.23370940535604684, 0.3295759109633563], [0.20885798578212314, 0.24809290477579024, 0.22944477320732368, 0.31360433613476296], [0.22058438923858545, 0.24614865708648365, 0.21722191246331238, 0.3160450411116185], [0.21226199601738938, 0.24438700805804078, 0.22957151319984195, 0.3137794826247279], [0.20514507895362935, 0.23991242406222818, 0.22187516421655096, 0.33306733266759153], [0.22685220635260028, 0.2531434704748367, 0.2098624251675533, 0.31014189790500973], [0.20825096403591847, 0.2473792395066855, 0.22174369787786896, 0.32262609847952706], [0.23521615912970378, 0.2544007338984829, 0.217593404891091, 0.2927897019807223], [0.22303474611897367, 0.25279993569706916, 0.20956916239458218, 0.314596155689375], [0.2163164647648452, 0.2529704012166373, 0.23032398862806425, 0.30038914529045324], [0.21323757824721518, 0.25329996285140544, 0.21328730342433697, 0.3201751553770424], [0.20992535037794507, 0.23062064897763254, 0.2342445368198078, 0.32520946372461457], [0.21034466591326995, 0.22397334203943992, 0.24985153225988463, 0.3158304596874055], [0.2068008451433679, 0.22718883710036464, 0.24564304579359997, 0.3203672718626675], [0.19591890857403021, 0.22911389852598665, 0.23637665020178264, 0.3385905425982005], [0.21919766576492775, 0.2523665017069413, 0.219252069902009, 0.30918376252612195], [0.20693989404367125, 0.25362530726080024, 0.22381437156069842, 0.31562042703483006], [0.20074656304577365, 0.23112719904365736, 0.24220700198661646, 0.3259192358239525], [0.1935128804928064, 0.22279877464325945, 0.2645674167860563, 0.31912092797787783]], "ideal": "D", "sampled": "B", "correct": false}}
{"type": "result", "data": {"idx": 15, "options": ["6.1445 x 10^-27 J T-1", "3.1445 x 10^-27 J T-1", "9.1445 x 10^-27 J T-1", "1.1445 x 10^-28 J T-1"], "probs": [[0.19502426972561307, 0.2666464487441929, 0.2544593550674872, 0.2838699263627068], [0.2009348273076348, 0.2704671323028941, 0.2581039070824965, 0.27049413320697463], [0.1851777947429405, 0.24925965444070522, 0.26953472479562474, 0.2960278259207295], [0.19415631309724468, 0.2533030732228453, 0.26547961633293576, 0.28706099724697426], [0.20049908161389407, 0.2828337676316982, 0.23818887342465164, 0.27847827722975604], [0.19726385194595047, 0.2782706112679765, 0.24178155942961027, 0.28268397725646277], [0.19300309736577545, 0.26387881443607075, 0.2440724150868837, 0.29904567301127005], [0.1991966604628145, 0.25987864699798713, 0.2599019226128101, 0.2810227698263883], [0.18512448114914729, 0.261140815555541, 0.2531324847345991, 0.30060221846071267], [0.19909353848930364, 0.26383242401572876, 0.25177443400151733, 0.28529960339345023], [0.206454992273666, 0.27789819237791086, 0.23771765825755453, 0.27792915699086856], [0.2040248479616899, 0.2789474476045866, 0.24237527764025005, 0.27465242669347345], [0.188558619513647, 0.2538096459736719, 0.27446063005925186, 0.2831711043534292], [0.18774883167432557, 0.2527176103828315, 0.2775775748574679, 0.28195598298537494], [0.19016469089766158, 0.26825431786043064, 0.2559972779494015, 0.28558371319250625], [0.2000801503434328, 0.2693202117018729, 0.257010094586835, 0.2735895432678593], [0.1998514920206859, 0.27324549582455704, 0.24495470126301408, 0.28194831079174293], [0.20555569842058324, 0.2810451769859238, 0.23668476152093945, 0.2767143629725535], [0.1951511800094003, 0.26268181202169016, 0.26684817669107336, 0.2753188311778362], [0.190012066793221, 0.25978936697845784, 0.25578730221420454, 0.2944112639141166], [0.20588057924416334, 0.2728253562054596, 0.2484398893996009, 0.2728541750507762], [0.19838643663289435, 0.26289302891525346, 0.2588437276475189, 0.2798768067043333], [0.1940925299046933, 0.25720206283742203, 0.2572287955209995, 0.2914766116368852], [0.2001072406616632, 0.2610648688888942, 0.26520378580438503, 0.2736241045450576]], "ideal": "C", "sampled": "D", "correct": false}}
{"type": "result", "data": {"idx": 16, "options": ["I only", "II only", "III only", "I and III only"], "probs": [[0.2009006857536896, 0.30163147593057615, 0.2662081082464069, 0.23125972996932734], [0.18376643953869887, 0.3030214905435809, 0.29834643003341305, 0.2148656397843072], [0.20849130734964508, 0.3033961310173245, 0.2555004319963594, 0.232612129536671], [0.19279966043689553, 0.3081341729472029, 0.2805762928529587, 0.21848987366294284], [0.21356878854331338, 0.3360409984246473, 0.24974183363589908, 0.20064837929614027], [0.2157997062109853, 0.32910547675742957, 0.25235034508861787, 0.20274447184296723], [0.19884545802802014, 0.3128717494760246, 0.2593944331834436, 0.22888835921251174], [0.18188238955179717, 0.31925801866697595, 0.2862008043629192, 0.21265878731830765], [0.17989154008404118, 0.3060461212422962, 0.2830592604487646, 0.231003078124898], [0.15805072297292216, 0.304689987182993, 0.2999798789311425, 0.23727941081294235], [0.17993401525408795, 0.336206356736369, 0.270167030968085, 0.2136925969414581], [0.18335402556475375, 0.3320589760227433, 0.2668319721799085, 0.2177550261325944], [0.22174272269389975, 0.29843023861091594, 0.24742262431624829, 0.23240441427893602], [0.21327185310865795, 0.3103496385748333, 0.26965310765113354, 0.20672540056537522], [0.2072411775381748, 0.2833021580889641, 0.2746031582080896, 0.23485350606477148], [0.19005071191230438, 0.28983036544495394, 0.29441184679937255, 0.22570707574336912], [0.2213808845017706, 0.33761522132222316, 0.2394195133727223, 0.20158438070328394], [0.2208773460632618, 0.32648208247612315, 0.23517045025902014, 0.2174701211015949], [0.22394291720620135, 0.3362264582740838, 0.24218731755297468, 0.19764330686674014], [0.21749126908988417, 0.33168226477167184, 0.24649672207751555, 0.2043297439609284], [0.22270917890228964, 0.33437299725049824, 0.2524112462745025, 0.1905065774727096], [0.20730695435279223, 0.33132389678210644, 0.2540464140823713, 0.20732273468273008], [0.22319918203508513, 0.35119449042162587, 0.23764007573016097, 0.18796625171312803], [0.21556657229344225, 0.344525451260246, 0.24052685138373078, 0.19938112496258095]], "ideal": "D", "sampled": "D", "correct": true}}
