{"type": "result", "data": {"idx": 0, "options": ["an average of 10 times, with an rms deviation of about 4", "an average of 10 times, with an rms deviation of about 3", "an average of 10 times, with an rms deviation of about 1", "an average of 10 times, with an rms deviation of about 0.1"], "probs": [[0.4541007307253727, 0.19532853688858487, 0.16708559290373826, 0.18348513938230418], [0.43768623838302173, 0.1973064722038807, 0.1853678264809357, 0.17963946283216192], [0.4547616351473027, 0.20182173266375056, 0.15966457064324518, 0.18375206144570155], [0.44510051930861033, 0.19447347850801044, 0.191471758974016, 0.16895424310936324], [0.45017842421596693, 0.21267723084302328, 0.15806136317186323, 0.17908298166914655], [0.44742247104473476, 0.21469996757893764, 0.1570888044461872, 0.1807887568301404], [0.4499221078613179, 0.19053019297407836, 0.16297951096187163, 0.19656818810273208], [0.4352041184466987, 0.19618754086916756, 0.18431603906695657, 0.18429230151717715], [0.464619492292098, 0.20299910029222365, 0.1532425845441897, 0.17913882277148863], [0.45028890142010836, 0.19369114067594317, 0.18774600975963515, 0.1682739480443133], [0.45625241906472624, 0.21220402101236435, 0.15285801658207432, 0.17868554324083505], [0.44891574000916773, 0.21207786552325436, 0.15761447655835295, 0.18139191780922492], [0.4378902511407751, 0.2005005121254325, 0.16111699465319135, 0.20049224198060103], [0.42227024928264983, 0.1874034469802978, 0.20583628685936026, 0.1844900167776921], [0.4466729461700086, 0.1951577812238085, 0.15682455895762992, 0.20134471354855296], [0.4258666868697907, 0.18899982884126626, 0.20759178386651114, 0.17754170032243188], [0.4599451124208176, 0.22070948777375882, 0.14475712178690062, 0.1745882779185229], [0.454474618440478, 0.22500752916205805, 0.14528906993407295, 0.175228782363391], [0.44712649123746706, 0.20156060757888206, 0.16197291497675848, 0.18933998610689243], [0.4568430159137583, 0.18460420872536268, 0.16809682058184153, 0.19045595467903748], [0.4585716680297887, 0.19118569855076792, 0.15605476824460765, 0.19418786507483574], [0.4571019964132079, 0.18761646837977447, 0.17903930103185747, 0.17624223407516015], [0.4349870707395107, 0.1991768776558002, 0.17578759607312514, 0.1900484554315639], [0.4285043541435705, 0.20243814887225045, 0.1758970942306022, 0.1931604026535768]], "ideal": "B", "sampled": "D", "correct": false}}
{"type": "result", "data": {"idx": 1, "options": ["500 nm", "550 nm", "600 nm", "650 nm"], "probs": [[0.4005189537601495, 0.2546000778420479, 0.1952148973746588, 0.14966607092314374], [0.38473962473328305, 0.2563058848261478, 0.19347664086716657, 0.16547784947340258], [0.3815936332084522, 0.25821360173582963, 0.21075501407795577, 0.14943775087776243], [0.393565338618897, 0.2541185990949249, 0.1830419654377633, 0.16927409674841484], [0.3951795281021139, 0.2591795843824969, 0.19564458142813873, 0.1499963059872505], [0.4149173447025555, 0.24777176960444913, 0.18703464786534643, 0.15027623772764898], [0.4333669711702731, 0.25082650030648307, 0.17511018587059504, 0.14069634255264873], [0.4304619559352864, 0.24914356316052605, 0.17393492678854758, 0.14645955401563993], [0.38356378670671504, 0.21855993566711648, 0.24766786394026769, 0.15020841358590079], [0.40581494609045016, 0.242337304503623, 0.17730511554085765, 0.17454263376506915], [0.3831378392404664, 0.22175451612137823, 0.24739200980239823, 0.14771563473575713], [0.4196349444511357, 0.22462615703223224, 0.20136143565193002, 0.15437746276470204], [0.41097562276260174, 0.28691913819665077, 0.168678219042891, 0.13342701989785652], [0.41709278272668276, 0.2866761769567207, 0.16081767261856966, 0.13541336759802686], [0.4124156174781428, 0.23499732857086705, 0.22076864209398336, 0.1318184117570068], [0.4283451054079275, 0.251822322799096, 0.17857629697638705, 0.1412562747165895], [0.37255793806165166, 0.2156315147661108, 0.2725925743307272, 0.13921797274151032], [0.39026269240222056, 0.22943502881579744, 0.2367293265768583, 0.1435729521051237], [0.43425134211898475, 0.28928647698331955, 0.1500854104556315, 0.12637677034206418], [0.4400548040426797, 0.2841322123720232, 0.14973278342180193, 0.12608020006349518], [0.4222878670863957, 0.23321928629129957, 0.21570003760832843, 0.1287928089139763], [0.4397331839320389, 0.23908891137666125, 0.18914354127458066, 0.13203436331671917], [0.4019419490599731, 0.22547876496625055, 0.24003004667698052, 0.1325492391967958], [0.4314580535860995, 0.23828406344325223, 0.1944907609558253, 0.13576712191482296]], "ideal": "C", "sampled": "A", "correct": false}}
{"type": "result", "data": {"idx": 2, "options": ["There are no changes in the internal energy of the system.", "The temperature of the system remains constant during the process.", "The entropy of the system and its environment remains unchanged.", "The entropy of the system and its environment must increase."], "probs": [[0.27718895670979943, 0.2816559374050772, 0.2564640938979223, 0.18469101188720105], [0.2581657209460914, 0.2926438196104753, 0.2542721964801223, 0.194918262863311], [0.3058989850602921, 0.3206891619633074, 0.2070631024909648, 0.1663487503854357], [0.30885445148078217, 0.3288765451318004, 0.19948318004153565, 0.16278582324588173], [0.2795587098450436, 0.32694195723417424, 0.22123552197283908, 0.17226381084794307], [0.25836817482747504, 0.32164776905778963, 0.25051162758113005, 0.16947242843360524], [0.3040942640028564, 0.2769807063356433, 0.24830117069089444, 0.17062385887060583], [0.28100102299619, 0.28552853207330087, 0.2519987746225493, 0.18147167020795976], [0.3363193521115727, 0.3160489750181147, 0.18873229339720526, 0.15889937937310733], [0.33247654628269335, 0.31243701648192607, 0.1955293384314355, 0.15955709870394505], [0.32248383757227433, 0.3276724218994532, 0.19264426825504283, 0.15719947217322963], [0.2962331694242039, 0.31544944010869047, 0.22722450099285882, 0.16109288937424676], [0.3630168843805433, 0.26567543342065736, 0.2101854297363807, 0.16112225236241864], [0.3691396547869411, 0.274403470381321, 0.1976611525668213, 0.1587957221649166], [0.36588424440539763, 0.2762768864355376, 0.19288699326970513, 0.1649518757893596], [0.36069059661219216, 0.2809971063305248, 0.19314292122407606, 0.165169375733207], [0.3971979440113994, 0.2906786073150257, 0.1682439967116556, 0.14387945186191925], [0.38018653359465515, 0.28262070239669185, 0.18828206042972984, 0.14891070347892316], [0.35960320471486334, 0.27580876491835743, 0.2049829092427007, 0.15960512102407848], [0.36820023462668044, 0.2780180142850624, 0.20026422738601207, 0.15351752360224508], [0.3654968712483577, 0.2937846700392931, 0.18101192867524762, 0.15970652993710155], [0.36489616471886216, 0.2887516150521795, 0.18938239763492748, 0.1569698224940309], [0.39382246132727117, 0.30680784580023657, 0.15671119092327845, 0.14265850184921378], [0.38128400981440047, 0.2970507531182175, 0.1746383510247577, 0.14702688594262436]], "ideal": "C", "sampled": "C", "correct": true}}
{"type": "result", "data": {"idx": 3, "options": ["a dye laser", "a helium-neon laser", "an excimer laser", "a ruby laser"], "probs": [[0.33299710844085867, 0.20840311110939064, 0.2718025648174999, 0.18679721553225073], [0.3201227283194236, 0.20995914069576962, 0.2695872565711341, 0.20033087431367264], [0.32805736336068114, 0.22548885159124918, 0.2595303472407067, 0.18692343770736294], [0.33814596622563564, 0.22177795733114652, 0.24740521238646626, 0.1926708639567516], [0.31468422791116696, 0.20319140537175817, 0.282096760747084, 0.20002760586999088], [0.3296989752336532, 0.2031370338302483, 0.27334305770343875, 0.19382093313265975], [0.31939304948276864, 0.21278049271479374, 0.26480434744068293, 0.2030221102617547], [0.31036355625917955, 0.21668649884848806, 0.24939994139859623, 0.22355000339373615], [0.31168990395260565, 0.2076483008758708, 0.27941550969025275, 0.20124628538127076], [0.32195133447335295, 0.217861402279129, 0.258712235942126, 0.20147502720539198], [0.29730080226216377, 0.19805968410509514, 0.28370152632879514, 0.22093798720394595], [0.32559410219504054, 0.2069774002669513, 0.26994315189319246, 0.19748534554481573], [0.31324115859179247, 0.2328012024050787, 0.25171068683298653, 0.20224695207014226], [0.3180845677534546, 0.22557342050203982, 0.24773541090395265, 0.2086066007405529], [0.2980528517969348, 0.21136953249500776, 0.2889006776655003, 0.20167693794255714], [0.3066130508632602, 0.21743971237151843, 0.2748621012637904, 0.201085135401431], [0.29805673054029397, 0.20169008377234113, 0.28889770173812873, 0.21135548384923614], [0.3032672748153222, 0.2084490836717219, 0.2893935484804431, 0.1988900929325128], [0.31691384312321585, 0.2212595641391747, 0.25071367618914675, 0.21111291644846267], [0.33227073647826066, 0.21454651331921948, 0.2547731659340423, 0.19840958416847754], [0.30867784752325195, 0.20245310360473776, 0.2767139631722725, 0.21215508559973784], [0.33644375703015805, 0.21387595254839442, 0.2579774000681362, 0.1917028902533113], [0.3224749622562691, 0.21149916859097495, 0.2673531571245199, 0.19867271192823605], [0.3259314097415735, 0.22055388152044492, 0.2619073468753258, 0.1916073617626558]], "ideal": "A", "sampled": "A", "correct": true}}
{"type": "result", "data": {"idx": 4, "options": ["The Heisenberg uncertainty principle", "The Pauli exclusion principle", "The Bohr model of the atom", "Nuclear hyperfine coupling"], "probs": [[0.1874810401168429, 0.34488295477508935, 0.28591515759007546, 0.1817208474179923], [0.19851039041145713, 0.3651854613168706, 0.22497781959774313, 0.2113263285739292], [0.1349897235496953, 0.25222951171260055, 0.4224059581334186, 0.19037480650428557], [0.15781894089463286, 0.32387220373681674, 0.28138112599746223, 0.23692772927108818], [0.14780632929804563, 0.2594490608395607, 0.36020039971742535, 0.2325442100449683], [0.14766324174934747, 0.2802518736885751, 0.3433688674005899, 0.2287160170614875], [0.20064498187949392, 0.2829953898501755, 0.3157057651982366, 0.20065386297209392], [0.2178518836832313, 0.30727613884941013, 0.23559402629147483, 0.23927795107588373], [0.2032349647334368, 0.30041159539250667, 0.2866555580205167, 0.20969788175353984], [0.21502994319180999, 0.3178548859912425, 0.25540441652671136, 0.21171075419023613], [0.20378217981857183, 0.2965567619338083, 0.2576476258482889, 0.24201343229933098], [0.2028280198371238, 0.2951665222349639, 0.2860826849651356, 0.2159227728627766], [0.153631806358233, 0.25333464143127055, 0.3862892090887972, 0.20674434302169922], [0.174613092845318, 0.3113301806537803, 0.27907459261758316, 0.2349821337833185], [0.19431422069769408, 0.40506135206161403, 0.223690801130492, 0.17693362601019988], [0.20067878957533372, 0.4118585463392581, 0.2103524294180198, 0.17711023456738836], [0.16185903065198246, 0.3072048333813059, 0.2841150973716846, 0.24682103849502704], [0.1549159850707695, 0.2719364666619509, 0.3546677197658787, 0.21847982840140087], [0.16466530910476507, 0.24339833490503202, 0.35971003231221427, 0.2322263235779886], [0.1739937520443627, 0.2653441368085761, 0.34070414367226415, 0.21995796737479703], [0.20874916326028511, 0.3388984849545982, 0.24030600843866678, 0.2120463432464499], [0.21158152186001922, 0.34349371955852825, 0.2552566750015863, 0.18966808347986627], [0.17622086581160237, 0.2951587218377831, 0.29515440050135927, 0.23346601174925533], [0.15722897562859517, 0.2512952313733842, 0.3831717714139701, 0.20830402148405053]], "ideal": "B", "sampled": "B", "correct": true}}
{"type": "result", "data": {"idx": 5, "options": ["1/2", "1", "3/2", "5/2"], "probs": [[0.3851336962284792, 0.2606206419525903, 0.1936884286647274, 0.16055723305420308], [0.38446136732337705, 0.26016687956582263, 0.18740258829801937, 0.16796916471278092], [0.3663101573631332, 0.26802839228641573, 0.18712453917035568, 0.1785369110800954], [0.3691097034542834, 0.25372772272101185, 0.1915442112696459, 0.18561836245505883], [0.3593638944076916, 0.2588673012852277, 0.19238557492911923, 0.1893832292779614], [0.3574277108933573, 0.24188741678728617, 0.22373030744147693, 0.1769545647778796], [0.3375455191028161, 0.34290254623593935, 0.16975477589093999, 0.14979715867030452], [0.3280997622891951, 0.34930244605181093, 0.1676027054559878, 0.1549950861030062], [0.28349941543635804, 0.2581625542060278, 0.30658015148881707, 0.1517578787687971], [0.29246507835235613, 0.30654119289081705, 0.2207973283783729, 0.18019640027845388], [0.2771116279417811, 0.24843352280854936, 0.31899652832526426, 0.15545832082440522], [0.28100486749566306, 0.28996374336073694, 0.25589611361161596, 0.17313527543198404], [0.37254293989645937, 0.3445895519263403, 0.14364975055508294, 0.13921775752211743], [0.3782116955673467, 0.33908744632526533, 0.14136050218835983, 0.14134035581902815], [0.2961198433359357, 0.234278771768608, 0.3252739060385679, 0.14432747875688842], [0.32534640054589264, 0.26975392488661204, 0.23074259664068103, 0.1741570778268143], [0.30038040873384747, 0.2130357920910469, 0.3099838792967757, 0.17659991977833], [0.31439672322690915, 0.25663415742189033, 0.21952126409248426, 0.20944785515871622], [0.346464970883951, 0.34113676299398565, 0.15864585882949694, 0.15375240719256633], [0.3537219709739721, 0.3272011528999066, 0.16453322521392422, 0.1545436508121971], [0.28233290136513406, 0.24152289688441253, 0.32501128796980044, 0.15113291368065293], [0.2927602398358971, 0.2583945277792567, 0.2793971472968691, 0.16944808498797712], [0.3018312110922222, 0.24256924920980477, 0.28360563091175445, 0.17199390868621856], [0.3107669902912898, 0.2874513225349728, 0.2103108285110861, 0.1914708585626513]], "ideal": "C", "sampled": "A", "correct": false}}
{"type": "result", "data": {"idx": 6, "options": ["V_0/5", "V_0/3", "V_0/2", "2V_0/3"], "probs": [[0.22793191669092142, 0.275011897059596, 0.20436611769539895, 0.29269006845408363], [0.22987704319260066, 0.29524332721921775, 0.20610887117275145, 0.2687707583154301], [0.2287035984482764, 0.28028841076767813, 0.20187678343468277, 0.2891312072493627], [0.23673729675206684, 0.2856360801389636, 0.22951136649272308, 0.2481152565162465], [0.23988439200598888, 0.26352862930472154, 0.26767580103129823, 0.22891117755799134], [0.26977743891827277, 0.2827927087622403, 0.22024142083583986, 0.22718843138364705], [0.2701208212665559, 0.2460055873742388, 0.21373444156492902, 0.27013914969427627], [0.2364499506311641, 0.2852861923928309, 0.19303145767026902, 0.28523239920573595], [0.2690260272368596, 0.2909570211451576, 0.17925069802701266, 0.26076625349097016], [0.24292007448211111, 0.3119979546949889, 0.198315846875086, 0.24676612384781396], [0.27130852763970775, 0.28439904951583783, 0.20484605160369734, 0.239446371140757], [0.2657544989843003, 0.28296307569782764, 0.22037304102282498, 0.23090938419504706], [0.2324671447044602, 0.2676344513625493, 0.21504923699135822, 0.28484916684163225], [0.23786298928266358, 0.273847430917058, 0.2270297854911749, 0.2612597942091035], [0.22804195157205734, 0.29749749758110994, 0.18616824508079755, 0.2882923056660352], [0.22427487371109303, 0.31145206090673627, 0.21405768392329638, 0.25021538135887433], [0.24814645954592346, 0.3187012482144868, 0.19635039885760425, 0.23680189328198548], [0.22850512646849128, 0.2844458008853006, 0.27570147141147766, 0.21134760113473047], [0.27457804828651466, 0.2423832569843585, 0.2789782715173769, 0.2040604231117499], [0.3115479787074502, 0.2624197123273919, 0.22799288753343563, 0.1980394213317222], [0.2957344904881845, 0.2912390188396947, 0.20976128859566193, 0.20326520197645886], [0.2843748585036508, 0.28894140916629735, 0.22502075655183867, 0.2016629756782132], [0.32676232344760686, 0.29760447584997546, 0.18050402670044727, 0.19512917390197046], [0.2861720365919406, 0.2774450522003047, 0.24869449804761318, 0.18768841306014147]], "ideal": "D", "sampled": "D", "correct": true}}
{"type": "result", "data": {"idx": 7, "options": ["0.25mc^2", "0.60mc^2", "0.67mc^2", "1.25mc^2"], "probs": [[0.33368949089948363, 0.2640045127601958, 0.19018403050284943, 0.21212196573747114], [0.34936604798125104, 0.25965933441549716, 0.17572035336404065, 0.21525426413921112], [0.316110441537194, 0.2423983884330104, 0.22421681056810808, 0.2172743593616875], [0.33715808890604165, 0.2505840994254121, 0.1805153515831222, 0.23174245998542403], [0.3167445862946688, 0.21434450998712387, 0.2545732183627062, 0.21433768525550118], [0.31510507587761116, 0.2200038102048601, 0.23791153372067017, 0.22697958009685854], [0.34969699379285013, 0.24800094959640046, 0.1901834904957369, 0.2121185660150125], [0.36426091190510224, 0.24267686901049945, 0.17211177943415906, 0.22095043955023924], [0.3272398758686156, 0.2394461369192487, 0.2048447907488063, 0.22846919636332938], [0.3264800559182312, 0.24265224867640942, 0.19198870370869162, 0.23887899159666776], [0.3481307133127028, 0.23558393820504694, 0.1984134524389412, 0.21787189594330905], [0.3411591052667874, 0.23819547889234866, 0.20377528665412198, 0.21687012908674194], [0.33194965120810754, 0.23912166056625964, 0.22118483481579504, 0.2077438533098378], [0.34321428787788544, 0.24723358834743617, 0.1809060641537274, 0.22864605952095096], [0.3198685252385787, 0.25306760508070114, 0.2002272248000182, 0.22683664478070192], [0.323910578631729, 0.2522939258096913, 0.19047208979931524, 0.2333234056592645], [0.3341621706425444, 0.23698143305522518, 0.20273299211124315, 0.22612340409098725], [0.3219235145150509, 0.231900148609928, 0.22833667012742637, 0.21783966664759472], [0.33259167266092754, 0.22157546706221848, 0.24721929411915117, 0.19861356605770278], [0.3345575133989729, 0.22996023980345193, 0.21946165617481664, 0.21602059052275854], [0.3659209554139285, 0.2595024666004783, 0.17561545704612147, 0.19896112083947173], [0.3476635554335876, 0.2665910521932792, 0.17486103064598701, 0.21088436162714616], [0.3568746745229521, 0.25707310435585395, 0.1794945746480738, 0.20655764637312019], [0.33335806922684214, 0.25562148521902534, 0.19910996556943453, 0.211910479884698]], "ideal": "A", "sampled": "B", "correct": false}}
{"type": "result", "data": {"idx": 8, "options": ["Planck\u2019s constant", "Boltzmann\u2019s constant", "The Rydberg constant", "The speed of light"], "probs": [[0.15302621966755622, 0.2370416996422073, 0.285955539760868, 0.32397654082936844], [0.15797380317540863, 0.2334974065262861, 0.35607676306129543, 0.25245202713700987], [0.1790491693749541, 0.2906656649616466, 0.21602455423175382, 0.31426061133164546], [0.19153793502692684, 0.3013685165718717, 0.2967250169978834, 0.21036853130331806], [0.20158671741794537, 0.34835718635818025, 0.21802332479665942, 0.23203277132721495], [0.2124210798935775, 0.3448410475725333, 0.2523198014698521, 0.19041807096403707], [0.16156737218428552, 0.43246147274084634, 0.21409547431827486, 0.19187568065659324], [0.16424730418470138, 0.43281352515660876, 0.22809299824341078, 0.17484617231527905], [0.10814590086560243, 0.1958566769452984, 0.500160995822012, 0.1958364262670871], [0.11734080005533307, 0.2333920684742019, 0.38482390283759305, 0.26444322853287194], [0.11823922089941147, 0.22441629409096692, 0.48259155755103045, 0.17475292735859113], [0.13758850766305072, 0.2959093274828326, 0.3250160917305125, 0.2414860730236042], [0.16574560853318682, 0.3620816903013742, 0.2031252740213428, 0.2690474270440962], [0.17897702218360992, 0.37895141898921225, 0.2485455349272634, 0.19352602379991443], [0.10828897517267257, 0.17579789719906655, 0.5167283492276168, 0.19918477830064404], [0.11767289260642558, 0.2065508087671296, 0.37993133197833073, 0.29584496654811404], [0.13667571950605845, 0.23252826129639226, 0.45529641073252825, 0.17549960836502104], [0.14170124703119047, 0.3095497396412964, 0.2487516030792512, 0.2999974101482619], [0.2054716138195675, 0.3961244703098046, 0.196111375189739, 0.20229254058088894], [0.21443690037912186, 0.4006871222946631, 0.21786862284942396, 0.1670073543767911], [0.1255683991678376, 0.1975776315620718, 0.5205757980760795, 0.1562781710940111], [0.1579309929184193, 0.25241209925815156, 0.34503756407755315, 0.244619343645876], [0.15479595265646762, 0.23240872176310667, 0.4480120934986645, 0.1647832319817612], [0.1716144459499665, 0.31080256298664105, 0.23462560329291618, 0.28295738767047623]], "ideal": "A", "sampled": "A", "correct": true}}
{"type": "result", "data": {"idx": 9, "options": ["mc/2", "mc/(2^(1/2))", "mc", "(3^(1/2))mc"], "probs": [[0.2716677527106497, 0.2116026909676589, 0.18384973976933874, 0.33287981645235265], [0.28274860132642543, 0.23080033863858054, 0.20368496464585012, 0.28276609528914387], [0.25573908899045994, 0.19306912728600514, 0.2328910047642304, 0.3183007788593045], [0.25197108099152704, 0.2155506739133024, 0.20892165354318268, 0.32355659145198784], [0.30042371150827246, 0.22328777609022768, 0.2232901006713737, 0.2529984116301262], [0.25697446632719645, 0.20015577076328275, 0.19705430258491927, 0.3458154602246015], [0.28946473760295954, 0.19897205829162393, 0.17836370796619821, 0.3331994960392183], [0.3098818499977286, 0.22674330590230626, 0.20645756450276345, 0.25691727949720167], [0.2971066743700624, 0.20744351422370735, 0.18888522119763448, 0.30656459010859577], [0.28737969899076715, 0.21695395332101267, 0.19447565697532782, 0.3011906906128924], [0.3244027841422819, 0.19678317301664625, 0.23007004303524, 0.2487439997058318], [0.2810204922871903, 0.19620744882052055, 0.19929961858186904, 0.3234724402104201], [0.23741998558590904, 0.24118926399950502, 0.19685616500625894, 0.324534585308327], [0.24526558054812567, 0.28677923339059835, 0.1766816132095089, 0.2912735727517671], [0.2619193039918702, 0.2578920866057421, 0.1691330570330134, 0.3110555522693743], [0.2651323079797734, 0.273585051270783, 0.16083189843476825, 0.3004507422146754], [0.22526435887444965, 0.1810238686175501, 0.27602848819160597, 0.31768328421639425], [0.23459719119110173, 0.2169942259571519, 0.207055583575524, 0.34135299917622236], [0.25996870574642406, 0.25200734290962656, 0.21556056186071815, 0.2724633893832312], [0.21817224565433532, 0.21820057276091778, 0.18663967587751346, 0.3769875056072335], [0.2584279775361079, 0.20129215715302753, 0.24281200764135294, 0.29746785756951166], [0.229171339089176, 0.1991339355378981, 0.20545696026203278, 0.3662377650108931], [0.19998064933322898, 0.16581199073254008, 0.2776853872447451, 0.3565219725894858], [0.21613431176561565, 0.19376916026507313, 0.23372946774234768, 0.35636706012696356]], "ideal": "D", "sampled": "B", "correct": false}}
{"type": "result", "data": {"idx": 10, "options": ["square", "hexagon", "cube", "tetrahedron"], "probs": [[0.23749778100718313, 0.28651519326167774, 0.29101689346129206, 0.18497013216984703], [0.23611195465874166, 0.2893262034766905, 0.28483338443569806, 0.18972845732886975], [0.22046257048708517, 0.2701538623668047, 0.3208063983956918, 0.18857716865041832], [0.22340831982618709, 0.26122959667127915, 0.31509195816072133, 0.20027012524181245], [0.24324003624748544, 0.3123737480216652, 0.25494318438176417, 0.18944303124908518], [0.25069714702415263, 0.3072116145771781, 0.2468413377424596, 0.19524990055620964], [0.24402916065354924, 0.24027847883267758, 0.3133770180422059, 0.20231534237156723], [0.24072470127208867, 0.24075425027517341, 0.31894469733244624, 0.1995763510202917], [0.2587965428570397, 0.27986520525994685, 0.26290512082331885, 0.19843313095969464], [0.2566686127327677, 0.2732657058720137, 0.27326186137219693, 0.19680381992302168], [0.27886981184778137, 0.32102290271026723, 0.21721333586805525, 0.18289394947389617], [0.27455596360304024, 0.29691637886697897, 0.22765026511882336, 0.20087739231115745], [0.22237404184617918, 0.24047887737973841, 0.3498819313646285, 0.18726514930945393], [0.22349416050306434, 0.2342546765906009, 0.33554268379942914, 0.2067084790069056], [0.25583591673444506, 0.29914718417592756, 0.2518959305646066, 0.19312096842502086], [0.2545796746318127, 0.28852517699657787, 0.2586200352627715, 0.19827511300883796], [0.25872633629614694, 0.3170493935342298, 0.23194882962615904, 0.19227544044346426], [0.25209870556309055, 0.2994277730369985, 0.25213008740809406, 0.19634343389181685], [0.27621946559228383, 0.24001514134436203, 0.27197144243296556, 0.2117939505303886], [0.28539453654979013, 0.2329676140890574, 0.2558614763875134, 0.22577637287363905], [0.2987979814648756, 0.28964348329791106, 0.2186322561299207, 0.19292627900729264], [0.29210077474181123, 0.27019138751853, 0.22399228654006062, 0.21371555109959817], [0.29896214601388127, 0.2597810923793411, 0.22925296423526867, 0.21200379727150898], [0.2766312997754642, 0.25991264370334743, 0.2480060643902678, 0.21544999203092055]], "ideal": "D", "sampled": "D", "correct": true}}
{"type": "result", "data": {"idx": 11, "options": ["0.024 m", "0.048 m", "0.121 m", "0.242 m"], "probs": [[0.3477351470759017, 0.2708398780206171, 0.19817208342275405, 0.1832528913807272], [0.3391054418743845, 0.26827927221896936, 0.1932543578585985, 0.19936092794804763], [0.36215849627930824, 0.26087569410350775, 0.20319046962641885, 0.17377533989076516], [0.36776837154870595, 0.27332385964456046, 0.17106090229438434, 0.18784686641234927], [0.3529341483459211, 0.2502888031268769, 0.21078349728141638, 0.18599355114578567], [0.3712981066259403, 0.25521091702927234, 0.18967576399964522, 0.1838152122451421], [0.36153530532178985, 0.28602417874420205, 0.1762325290230631, 0.176207986810945], [0.3563988645138093, 0.29549150335106966, 0.16320232315805253, 0.18490730887706847], [0.3539621041051866, 0.24712901551424826, 0.2181121175700502, 0.18079676271051495], [0.3572298586011331, 0.26549372074333283, 0.17687824366708085, 0.2003981768884532], [0.3430064269109323, 0.24324889116166074, 0.2357854509745869, 0.17795923085282006], [0.36843225905239213, 0.26957527202019366, 0.1824242648661142, 0.1795682039613], [0.3517351991818003, 0.29162457147864057, 0.18251232529078207, 0.17412790394877706], [0.3626796142686495, 0.29144396072197365, 0.16350171727534543, 0.1823747076340315], [0.346139187388687, 0.28253721767018297, 0.1972667247266984, 0.17405687011443158], [0.3654382715623236, 0.2891107115125416, 0.16734267270850595, 0.17810834411662887], [0.3211917078528991, 0.22778112372806122, 0.26219973746895614, 0.18882743085008355], [0.3304636081584555, 0.23072429801528213, 0.2534297926938486, 0.18538230103241382], [0.3544642117584405, 0.30798916169965973, 0.16746601952630394, 0.17008060691559584], [0.36070469555682017, 0.30377090426880615, 0.16777371118437948, 0.16775068888999423], [0.34120404208460714, 0.2828930275918321, 0.2069874821845211, 0.16891544803903966], [0.3606449067231976, 0.30372041460814725, 0.17307262120900346, 0.16256205735965168], [0.341561491133963, 0.24222729736785803, 0.22757497088458836, 0.18863624051359063], [0.34224200755276174, 0.24653196699734806, 0.22802964190392733, 0.18319638344596287]], "ideal": "D", "sampled": "A", "correct": false}}
{"type": "result", "data": {"idx": 12, "options": ["Specific heat", "Thermal conductivity", "Electrical resistivity", "Hall coefficient"], "probs": [[0.20683245358782962, 0.2740418314659735, 0.30571970340532584, 0.213406011440871], [0.2119677834318038, 0.2722116248209286, 0.2679955501291053, 0.24782504151816231], [0.21700472607549853, 0.29664875400000046, 0.26591665738769527, 0.22042986243680576], [0.21633951041413335, 0.2911608473492444, 0.26928424431247444, 0.2232153978241478], [0.2171497642776777, 0.27886664864612454, 0.25791218874259564, 0.24607139823360208], [0.2043309479102166, 0.2665370364736656, 0.31161668429213896, 0.21751533122397881], [0.20531356598985046, 0.25957332491822144, 0.31310794868271014, 0.222005160309218], [0.21114237289787344, 0.2587352654267608, 0.2754251617599501, 0.25469719981541566], [0.22987901357137167, 0.2952054230634832, 0.2485911174940164, 0.22632444577112873], [0.26154217900826304, 0.28728763122331064, 0.26570162966281424, 0.1854685600056121], [0.22536820653651596, 0.26766915910238365, 0.24755604946122364, 0.25940658479987677], [0.24456723031936195, 0.2644749581549337, 0.30920556184537645, 0.18175224958032787], [0.2166177416639152, 0.27817990544100635, 0.27817990544100635, 0.2270224473540721], [0.21943969513247089, 0.273138833307974, 0.2774416630039082, 0.2299798084556469], [0.22698297280732824, 0.2781373643041876, 0.2532484904646495, 0.2416311723238347], [0.25884763175186765, 0.2755780599908046, 0.2671018918217911, 0.19847241633553664], [0.2322927987125086, 0.280240961863317, 0.25516514066550006, 0.23230109865867438], [0.2626293599342931, 0.28848144409155896, 0.2506395280110536, 0.19824966786309434], [0.20929097191576, 0.2730066951982349, 0.2730081257096454, 0.24469420707635975], [0.19598473314493947, 0.2637663742074895, 0.31816297292265106, 0.22208591962492], [0.23072578469327495, 0.27402888500801276, 0.2534376865325294, 0.24180764366618285], [0.2429982351120233, 0.2711172320834711, 0.3024544625440439, 0.18343007016046167], [0.2215914428012509, 0.29822942611573067, 0.2550905644638556, 0.2250885665191629], [0.2516808547078349, 0.30362666102631475, 0.25171658769290667, 0.1929758964729437]], "ideal": "D", "sampled": "C", "correct": false}}
{"type": "result", "data": {"idx": 13, "options": ["two hydrogen atoms and one helium atom", "four hydrogen atoms and one helium atom", "six hydrogen atoms and two helium atoms", "three helium atoms and one carbon atom"], "probs": [[0.4145224628254134, 0.2437103503145894, 0.18686581867754676, 0.15490136808245042], [0.48785886163601333, 0.2453351616614101, 0.13132679461119592, 0.13547918199138068], [0.3966599938866203, 0.21233804297338718, 0.23321565883305, 0.15778630420694248], [0.4749847877297944, 0.2011399983988728, 0.1720543179927922, 0.15182089577854055], [0.4659050086214155, 0.16613682602990237, 0.2166942188936869, 0.1512639463549952], [0.4445429907430819, 0.1560613168303677, 0.2306580027511131, 0.16873768957543733], [0.3999983965950557, 0.2664853036137171, 0.16676624117614106, 0.16675005851508617], [0.4781995820118521, 0.2641137897133566, 0.11183845500658672, 0.14584817316820456], [0.3590634762881751, 0.24680963156139388, 0.2078397422821106, 0.18628714976832045], [0.41633097573918104, 0.25652644800143504, 0.13947798725992372, 0.18766458889946017], [0.4330461491793629, 0.19218235633292158, 0.20780979965606053, 0.16696169473165495], [0.4187078600318107, 0.1887480523620462, 0.19475010615875224, 0.19779398134739085], [0.371363910148863, 0.2288171031233507, 0.23242437595603385, 0.1673946106717524], [0.46829756202921263, 0.21779912191533657, 0.1618626338914284, 0.1520406820640224], [0.34270406787258817, 0.2547095195607798, 0.2247850812682756, 0.17780133119835642], [0.4308941533464195, 0.25334190564775527, 0.14435690209742535, 0.1714070388083999], [0.4004996418552442, 0.17498360572495616, 0.26269170639272194, 0.1618250459270777], [0.3863653059324288, 0.17969777223750372, 0.24562657608993024, 0.1883103456401372], [0.42294735972667286, 0.20295404500582945, 0.21604729340441103, 0.1580513017630866], [0.41605862350984296, 0.1965533316452447, 0.21927754252032802, 0.16811050222458432], [0.3854012729527405, 0.21962205736196166, 0.22659918325960837, 0.1683774863256894], [0.3756508342740047, 0.23146510811711668, 0.19491854888989063, 0.19796550861898798], [0.38097605673103585, 0.20394534174467158, 0.2460138387138079, 0.16906476271048468], [0.3726990929677642, 0.21238662933331662, 0.23326509393699127, 0.1816491836619279]], "ideal": "B", "sampled": "A", "correct": false}}
{"type": "result", "data": {"idx": 14, "options": ["Lines in the infrared, visible, and ultraviolet regions of the spectrum reveal primarily the nuclear structure of the sample.", "The wavelengths identified in an absorption spectrum of an element are among those in its emission spectrum.", "Absorption spectra can be used to determine which elements are present in distant stars.", "Spectral analysis can be used to identify the composition of galactic dust."], "probs": [[0.2891053133380577, 0.2760154769153833, 0.23611043308462534, 0.19876877656193362], [0.2987682521044463, 0.27646744248486543, 0.2256695925963753, 0.19909471271431295], [0.28798320052002935, 0.2623534397781875, 0.238897505296533, 0.21076585430525013], [0.27454320528271114, 0.25805447560542594, 0.21732917296730972, 0.25007314604455316], [0.2937173545066848, 0.2675792872638152, 0.23989142475113445, 0.19881193337836556], [0.269570847541767, 0.25737180240648716, 0.2236490267030038, 0.24940832324874201], [0.2846490314109009, 0.29383071025238894, 0.22885519137807106, 0.19266506685863904], [0.29882096795996543, 0.2897756056231222, 0.21536545132382595, 0.1960379749930864], [0.2844591140462611, 0.2845950424386578, 0.2322988509899537, 0.19864699242512737], [0.2657267590658322, 0.2830071280311385, 0.223896102650658, 0.2273700101523713], [0.28560461740008153, 0.28574415186932833, 0.2260627827995621, 0.20258844783102806], [0.2600913721090153, 0.27701015103103693, 0.22966916051204558, 0.23322931624790216], [0.2595936319032947, 0.285236652386921, 0.2364982480096018, 0.2186714676001825], [0.24024787900798922, 0.28100946961527534, 0.2188820722313699, 0.2598605790453655], [0.25774593310815236, 0.28320865106173415, 0.23851178160212516, 0.22053363412798832], [0.23858781088516276, 0.2834731807111258, 0.2278051809920661, 0.2501338273116453], [0.21909562261764418, 0.260300535222166, 0.26033239390337104, 0.2602714481568188], [0.21193491778832516, 0.2557603044325562, 0.2765693879873335, 0.2557353896917851], [0.2488173619016333, 0.30027367766853486, 0.24131435924398673, 0.20959460108584513], [0.22536439372921574, 0.29407344141860886, 0.22906351769849384, 0.2514986470536815], [0.24519284826470675, 0.30056091244311844, 0.23779378120327935, 0.21645245798889542], [0.2200698488709843, 0.29628791519158804, 0.24185294679807215, 0.24178928903935554], [0.207712519263008, 0.2668343225873057, 0.2668637970845834, 0.2585893609651029], [0.19662049996735903, 0.26060719072022254, 0.2862389768743073, 0.2565333323381111]], "ideal": "A", "sampled": "B", "correct": false}}
{"type": "result", "data": {"idx": 15, "options": ["Bosons have symmetric wave functions and obey the Pauli exclusion principle.", "Bosons have antisymmetric wave functions and do not obey the Pauli exclusion principle.", "Fermions have symmetric wave functions and obey the Pauli exclusion principle.", "Fermions have antisymmetric wave functions and obey the Pauli exclusion principle."], "probs": [[0.35795889901331773, 0.2579393799913993, 0.18009018211159084, 0.2040115387836921], [0.3505958914406179, 0.26475179192756537, 0.18484079835950665, 0.1998115181723101], [0.3250466640678842, 0.27383814199226486, 0.1911921358519234, 0.20992305798792749], [0.3267837215153979, 0.2796321552657422, 0.19220847175894054, 0.20137565135991933], [0.34199959978023886, 0.2972560049441625, 0.1747602716056424, 0.18598412356995622], [0.33291178938397564, 0.29854020473355847, 0.1727970689362344, 0.1957509368462315], [0.3414742699143689, 0.26192143947130014, 0.1828656372672088, 0.21373865324712213], [0.36549664629311096, 0.2633636374020557, 0.1754548303743035, 0.19568488583052981], [0.33250876266883383, 0.2845264290129798, 0.17806490723304766, 0.2048999009851387], [0.33320897814279604, 0.28961512443507353, 0.18124964831447085, 0.19592624900765956], [0.3477108815180085, 0.27951083482161254, 0.17768328056322313, 0.19509500299715585], [0.33674866459501956, 0.28815487453670946, 0.18317811462206882, 0.19191834614620215], [0.3255592438748103, 0.2700000880388587, 0.20066722328441852, 0.20377344470191247], [0.3255708861855569, 0.27857980544433425, 0.18559772050905518, 0.21025158776105363], [0.3327337900286114, 0.2847081507370719, 0.1838332469229819, 0.19872481221133478], [0.3350836386208971, 0.2912356300544915, 0.1766562040965361, 0.19702452712807533], [0.3406200009059032, 0.2781208670421217, 0.17135957861141665, 0.20989955334055843], [0.3471427909256988, 0.2834445280066485, 0.17463846763173474, 0.19477421333591796], [0.36251889836255863, 0.2780527041903859, 0.17131852632946382, 0.18810987101759166], [0.3567164050197441, 0.2822869205874122, 0.1608580398654428, 0.20013863442740085], [0.3600342869398572, 0.27187713977955974, 0.1783196329892176, 0.1897689401913655], [0.3578749053995795, 0.27025115889962814, 0.17725301051234432, 0.19462092508844803], [0.3632708543663172, 0.26587924754761105, 0.16381669286962355, 0.20703320511644824], [0.36233477960389154, 0.2693766515806146, 0.1712410700889692, 0.19704749862652468]], "ideal": "D", "sampled": "D", "correct": true}}
{"type": "result", "data": {"idx": 16, "options": ["The Heisenberg uncertainty principle", "The Pauli exclusion principle", "The Bohr model of the atom", "Nuclear hyperfine coupling"], "probs": [[0.1874810401168429, 0.34488295477508935, 0.28591515759007546, 0.1817208474179923], [0.19851039041145713, 0.3651854613168706, 0.22497781959774313, 0.2113263285739292], [0.1349897235496953, 0.25222951171260055, 0.4224059581334186, 0.19037480650428557], [0.15781894089463286, 0.32387220373681674, 0.28138112599746223, 0.23692772927108818], [0.14780632929804563, 0.2594490608395607, 0.36020039971742535, 0.2325442100449683], [0.14766324174934747, 0.2802518736885751, 0.3433688674005899, 0.2287160170614875], [0.20064498187949392, 0.2829953898501755, 0.3157057651982366, 0.20065386297209392], [0.2178518836832313, 0.30727613884941013, 0.23559402629147483, 0.23927795107588373], [0.2032349647334368, 0.30041159539250667, 0.2866555580205167, 0.20969788175353984], [0.21502994319180999, 0.3178548859912425, 0.25540441652671136, 0.21171075419023613], [0.20378217981857183, 0.2965567619338083, 0.2576476258482889, 0.24201343229933098], [0.2028280198371238, 0.2951665222349639, 0.2860826849651356, 0.2159227728627766], [0.153631806358233, 0.25333464143127055, 0.3862892090887972, 0.20674434302169922], [0.174613092845318, 0.3113301806537803, 0.27907459261758316, 0.2349821337833185], [0.19431422069769408, 0.40506135206161403, 0.223690801130492, 0.17693362601019988], [0.20067878957533372, 0.4118585463392581, 0.2103524294180198, 0.17711023456738836], [0.16185903065198246, 0.3072048333813059, 0.2841150973716846, 0.24682103849502704], [0.1549159850707695, 0.2719364666619509, 0.3546677197658787, 0.21847982840140087], [0.16466530910476507, 0.24339833490503202, 0.35971003231221427, 0.2322263235779886], [0.1739937520443627, 0.2653441368085761, 0.34070414367226415, 0.21995796737479703], [0.20874916326028511, 0.3388984849545982, 0.24030600843866678, 0.2120463432464499], [0.21158152186001922, 0.34349371955852825, 0.2552566750015863, 0.18966808347986627], [0.17622086581160237, 0.2951587218377831, 0.29515440050135927, 0.23346601174925533], [0.15722897562859517, 0.2512952313733842, 0.3831717714139701, 0.20830402148405053]], "ideal": "B", "sampled": "B", "correct": true}}
