{"type": "result", "data": {"idx": 0, "options": ["temporary dipoles created by the position of electrons around the nuclei in a molecule", "the three-dimensional intermolecular bonding present in all covalent substances", "the uneven electron-to-proton ratio found on individual atoms of a molecule", "the electronegativity differences between the different atoms in a molecule"], "probs": [[0.30680456297303, 0.3166214776225941, 0.14495509645450302, 0.23161886284987285], [0.29063013193085213, 0.29529359933761234, 0.187697306256598, 0.2263789623749375], [0.2807008963647059, 0.2679089049415439, 0.21865263904907237, 0.23273755954467779], [0.2393134164775485, 0.24696748710286104, 0.25084649766420725, 0.2628725986553832], [0.28550514575964225, 0.299286633700006, 0.19627349076692507, 0.21893472967342664], [0.2755611240588239, 0.3027138411696035, 0.15460431574229103, 0.2671207189292816], [0.3013580351361863, 0.31100006961692533, 0.14921517223966552, 0.2384267229072228], [0.2805102252831754, 0.2940563646873735, 0.1928440836726727, 0.23258932625677842], [0.2776746749600255, 0.28211778399507315, 0.1793165206729863, 0.260891020271915], [0.25663647817895857, 0.26485598873994587, 0.2095089915038942, 0.26899854147720137], [0.2845997129215398, 0.3030416576844902, 0.1726638325082303, 0.23969479678573968], [0.2824674718186554, 0.29610698088544485, 0.15603036479446, 0.2653951824014398], [0.27446415900300764, 0.2877027394173806, 0.21379607163574904, 0.22403702984386267], [0.24569869405105468, 0.26991105479150584, 0.23085774822992813, 0.25353250282751133], [0.2773818034046399, 0.3095202697575476, 0.16827523455911114, 0.2448226921787013], [0.26584497091495907, 0.28753289577469826, 0.20071814952273673, 0.24590398368760594], [0.24781345210815364, 0.2943554388725504, 0.18133795939041947, 0.2764931495288765], [0.2612819671369577, 0.287042051525022, 0.2099952399520687, 0.24168074128595154], [0.2873818959718228, 0.2919842687548558, 0.20704249162518298, 0.21359134354813844], [0.2760320089788973, 0.3032329470579465, 0.15730655660565862, 0.26342848725749757], [0.29654861048458186, 0.31576222962109435, 0.16381015344533198, 0.22387900634899174], [0.2890412379940832, 0.3175387836285335, 0.14998737795697625, 0.243432600320407], [0.2570728216553643, 0.26947285348300654, 0.19107479994024215, 0.28237952482138695], [0.26726575090204785, 0.2673361439833248, 0.2181833107144021, 0.24721479430022525]], "ideal": "A", "sampled": "B", "correct": false}}
{"type": "result", "data": {"idx": 1, "options": ["70 pm, 1402 kJ/mol", "86 pm, 898 kJ/mol", "135 pm, 523 kJ/mol", "40 pm, 995 kJ/mol"], "probs": [[0.23034103555672233, 0.28671262092573235, 0.23770961517265995, 0.24523672824488538], [0.24084409296619755, 0.2951386360570286, 0.21934179123061306, 0.24467547964616074], [0.2332059706036599, 0.2813443499321875, 0.25220840791015403, 0.2332412714539986], [0.24049865065343218, 0.28564343279192617, 0.22953412276497104, 0.24432379368967064], [0.23469598588980708, 0.2921285927003556, 0.2347470074657297, 0.2384284138441076], [0.24070938287815466, 0.29961282458308575, 0.22266590924816762, 0.237011883190592], [0.24698984252441877, 0.3026649310485113, 0.21463225459944266, 0.23571297172762729], [0.2520964556127425, 0.3089219171508046, 0.20579645955574963, 0.23318516758070326], [0.24267441393503328, 0.2973758324292328, 0.23896126802798548, 0.22098848550774838], [0.23227582417828882, 0.2982922925483446, 0.21824600775947273, 0.25118587541389387], [0.23556708499123613, 0.29321468747350043, 0.23561633333044457, 0.23560189410481885], [0.22960534005237318, 0.2995077580060739, 0.22258765329913696, 0.24829924854241603], [0.24361312348868897, 0.298532205702743, 0.23251223457587622, 0.22534243613269175], [0.2475355304162852, 0.3081115827864987, 0.21177809253866783, 0.2325747941585483], [0.24192320937593687, 0.3058722271334395, 0.24198469156610036, 0.2102198718245233], [0.24006621120255553, 0.30830396596853293, 0.21524653798781512, 0.23638328474109638], [0.24118146709854987, 0.29097141511936603, 0.24124135486270476, 0.22660576281937936], [0.23104075283603395, 0.2921127465704852, 0.23843257837392484, 0.238413922119556], [0.22383838889744648, 0.30599820610801104, 0.22041641173542753, 0.24974699315911497], [0.22612200532809706, 0.3091185276865907, 0.21246568632776905, 0.25229378055754315], [0.22483540064074028, 0.3073632281399911, 0.22842810024593388, 0.2393732708733347], [0.21083183584489124, 0.30680674311430833, 0.2280126958857452, 0.25434872505505524], [0.22616326948745796, 0.29966284035649354, 0.2333908239732749, 0.2407830660827736], [0.2188148335286586, 0.3038387071902668, 0.22936054843154616, 0.24798591074952842]], "ideal": "A", "sampled": "A", "correct": true}}
{"type": "result", "data": {"idx": 2, "options": ["ionic bonding", "nonpolar covalent bonding", "covalent network bonding", "metallic bonding"], "probs": [[0.26410898563604945, 0.2768407463750564, 0.2259485721362186, 0.23310169575267556], [0.25230320909624715, 0.2771538454441161, 0.2407939099906407, 0.22974903536899605], [0.264889065371624, 0.27335504101992525, 0.21288553195382479, 0.24887036155462594], [0.25456920642943415, 0.2668372134126201, 0.23182927415182433, 0.24676430590612142], [0.25785956936848525, 0.28325833153537033, 0.23482568119319014, 0.22405641780295427], [0.26979723972062264, 0.28280044020567235, 0.22370866272162465, 0.22369365725208035], [0.264787598536501, 0.3194641280174196, 0.2062608178492268, 0.20948745549685258], [0.24777814004988832, 0.3182176554415996, 0.21531685542943063, 0.21868734897908146], [0.22500689996039575, 0.24717757840002144, 0.2844956005674896, 0.24331992097209318], [0.22632157800318572, 0.2565134465437914, 0.26465335485672864, 0.2525116204962942], [0.23001686079015202, 0.2863208991944705, 0.2606955209217373, 0.22296671899364015], [0.24914797390437043, 0.300595173227386, 0.2268972613255954, 0.2233595914426482], [0.2579107880334435, 0.30633711811817, 0.2008969485558838, 0.23485514519250264], [0.24454618987975832, 0.29503417012125344, 0.21584773061501192, 0.24457190928397635], [0.21458788425040823, 0.2357249566244818, 0.302671176005663, 0.2470159830194469], [0.21896315271343095, 0.24816686652106512, 0.2768475793575833, 0.2560224013079206], [0.2270887080664149, 0.27397093582350535, 0.2533744611095502, 0.24556589490052952], [0.24019362030011546, 0.289782643289198, 0.2221794873253849, 0.24784424898530164], [0.2577131880348393, 0.3013542518727318, 0.22047546656277398, 0.22045709342965492], [0.2716603698306982, 0.2984194888659687, 0.2116097008199843, 0.21831044038334882], [0.23383253462013961, 0.26090943421929524, 0.2821077960133405, 0.2231502350472246], [0.2523304857408572, 0.2771860700149224, 0.23341335701714377, 0.23707008712707664], [0.2430568824588988, 0.2547714298065896, 0.2628538788806555, 0.2393178087538561], [0.24750826497905745, 0.2676736195914583, 0.22540024592411304, 0.25941786940537115]], "ideal": "C", "sampled": "A", "correct": false}}
{"type": "result", "data": {"idx": 3, "options": ["Ag+(aq) + Br-(aq) \u2192 AgBr(s)", "NH4+(aq) + Ag+(aq) \u2192 Ag(NH4)3+2(aq)", "Br-(aq) + NO3-(aq) \u2192 NO3Br(aq)", "NH4Br(aq) + NO3-(aq) \u2192 NH4NO3(aq) + Br-(aq)"], "probs": [[0.25227467323740793, 0.29963562637285956, 0.1437663179666342, 0.3043233823230983], [0.25572700067963966, 0.3233338392451081, 0.17306414760599853, 0.2478750123692537], [0.24409181205661576, 0.29448416040010084, 0.15762366037160913, 0.30380036707167424], [0.23829325251262407, 0.2743254683436449, 0.17166637394101492, 0.31571490510271616], [0.268931714903075, 0.35634414094712735, 0.1373789155592095, 0.23734522849058812], [0.2709685942548327, 0.3119396063951525, 0.12408024441194236, 0.2930115548380724], [0.22251594228212462, 0.2857720383255789, 0.1628248743356437, 0.3288871449566528], [0.24250677542249027, 0.3114531867977352, 0.1918758892728655, 0.25416414840690904], [0.23187057779672193, 0.2711324827916999, 0.17505129126638302, 0.32194564804519515], [0.2500515095601139, 0.26622203986500526, 0.17733705210871473, 0.30638939836616613], [0.26225965821713726, 0.31150888929367976, 0.17202482859523197, 0.25420662379395104], [0.27535847647292994, 0.2931723979767762, 0.14287576503742794, 0.28859336041286593], [0.22073175668689918, 0.3162427936548489, 0.1565460460192193, 0.30647940353903264], [0.23432114019669917, 0.3104864266059325, 0.1769064611941558, 0.2782859719032125], [0.24409157399018858, 0.2944852455334215, 0.15762193734294405, 0.30380124303344586], [0.264513987372561, 0.29056088814686853, 0.1762289474923984, 0.26869617688817204], [0.26603533625764636, 0.3209640835963755, 0.14694470998912662, 0.2660558700568515], [0.29387712475698924, 0.32790684696733136, 0.13456898926342908, 0.24364703891225029], [0.2491892203197801, 0.3250629700414014, 0.16863297426900672, 0.25711483526981177], [0.24520991740158832, 0.29124981162019753, 0.1583450287422145, 0.30519524213599963], [0.28093757385372387, 0.29912068545447684, 0.1601006340790438, 0.2598411065127555], [0.29290144398272255, 0.28841333317336176, 0.15197859118721566, 0.2667066315567], [0.2522718012080644, 0.2603295743205094, 0.17341312764341002, 0.3139854967280161], [0.2939215775387561, 0.27188287803093997, 0.1623447634024855, 0.27185078092781845]], "ideal": "A", "sampled": "D", "correct": false}}
{"type": "result", "data": {"idx": 4, "options": ["W", "Sb", "Fe", "An"], "probs": [[0.20747047042350095, 0.5056063977687677, 0.12783984457645403, 0.15908328713127726], [0.19263837313628154, 0.46946518027454365, 0.15972909805754232, 0.17816734843163246], [0.15678401289802552, 0.18914820251957548, 0.4329530298276916, 0.22111475465470737], [0.2200357863102961, 0.22705068706912324, 0.2067309859217049, 0.3461825405988757], [0.17588969539165844, 0.2294347813664485, 0.3135948981449858, 0.2810806249969073], [0.21329969384327224, 0.24940150977254294, 0.11966442347376424, 0.4176343728104206], [0.34467500958385966, 0.3393743386432057, 0.13712306523625326, 0.17882758643668137], [0.2566628677390788, 0.3676970491131891, 0.19076296116700603, 0.18487712188072603], [0.29340078192404134, 0.3377419017061749, 0.16719434660159593, 0.2016629696681878], [0.2535019890264087, 0.3575390683513691, 0.18841286563219597, 0.2005460768900262], [0.24619236219160956, 0.36389055302243556, 0.16922484084426628, 0.22069224384168856], [0.2818036763234506, 0.38522505866422513, 0.13313492139327437, 0.19983634351904994], [0.11689426177903708, 0.22185749143911349, 0.4623918303741332, 0.19885641630771628], [0.1630925983027444, 0.24871602651969932, 0.2029978781735555, 0.3851934969040008], [0.17697423035467819, 0.5624979524311462, 0.11607772423366762, 0.144450092880508], [0.16142913938083955, 0.5547946177582659, 0.12973351968620558, 0.15404272307468891], [0.14430610741706604, 0.27387657431304124, 0.11596665163345629, 0.4658506665364364], [0.15262455201484051, 0.27212364289792024, 0.2988693802912993, 0.27638242469594], [0.22004596231030482, 0.22706473684827566, 0.2915613564092018, 0.26132794433221773], [0.24582991001531873, 0.23460002241172828, 0.0947908013964276, 0.4247792660765254], [0.27438678517021314, 0.3692796417916197, 0.149204666921338, 0.20712890601682915], [0.28773560902776174, 0.4187098411893124, 0.11627613665285134, 0.17727841303007452], [0.1880426499642844, 0.22333069967984934, 0.11586464595039418, 0.47276200430547205], [0.18898162161767296, 0.22097410415690524, 0.3317229696570142, 0.25832130446840756]], "ideal": "B", "sampled": "B", "correct": true}}
{"type": "result", "data": {"idx": 5, "options": ["0.33 atm", "0.40 atm", "0.50 atm", "2.0 atm"], "probs": [[0.2843039716288449, 0.34836287341099864, 0.1779342793624768, 0.18939887549767967], [0.2738694033905998, 0.31524453503450006, 0.21667053448985543, 0.1942155269850447], [0.29239425060209295, 0.34725216027602, 0.17736683784141707, 0.18298675118046995], [0.2734189845819346, 0.3247136972605212, 0.2197191500527738, 0.1821481680047704], [0.3027513830731139, 0.3948925913507452, 0.14527801734907955, 0.1570780081270613], [0.29700867548543375, 0.3873972959490275, 0.15410118375064596, 0.1614928447148928], [0.26940370807652453, 0.33010567706974936, 0.20337874604420939, 0.1971118687095167], [0.2666888157253362, 0.30697875297043314, 0.22813304576580126, 0.19819938543842935], [0.2906251847453363, 0.35610920187250067, 0.16561295090449735, 0.1876526623776657], [0.27308480708171334, 0.3294250519501285, 0.21269976139773894, 0.1847903794704192], [0.30386058398607363, 0.39019332494986214, 0.1458102060950085, 0.1601358848690557], [0.2962541877927165, 0.38641527291248456, 0.15371085701835846, 0.16361968217644046], [0.2843037672490384, 0.34836347464848455, 0.17793392438601968, 0.18939883361645737], [0.27094291272689974, 0.3167868743095037, 0.23177079745423498, 0.18049941540936157], [0.29132431308508877, 0.3625858967748408, 0.16090264675047328, 0.18518714328959712], [0.2734188735211658, 0.324714213577224, 0.2197184562463387, 0.18214845655527148], [0.2976487709723238, 0.400559592231969, 0.14736241759506344, 0.1544292191006437], [0.2997258051889297, 0.4033533692456262, 0.1438251457044475, 0.15309567976099658], [0.29625435336304917, 0.38641588148711864, 0.15371128228060327, 0.1636184827692289], [0.2854305420402203, 0.38411306186312644, 0.16264925410762385, 0.16780714188902945], [0.29330085036060577, 0.3825622073578729, 0.1570078800614175, 0.16712906212010387], [0.2836800473096402, 0.3877696038727182, 0.15914520382563457, 0.16940514489200706], [0.2898904171263488, 0.36647931829838803, 0.1758440934197324, 0.16778617105553073], [0.2880976285675446, 0.37577347083427265, 0.16938016321694307, 0.16674873728123968]], "ideal": "C", "sampled": "D", "correct": false}}
{"type": "result", "data": {"idx": 6, "options": ["very soluble", "very electronegative", "isoelectronic with a noble gas", "highly colored"], "probs": [[0.31191205045704085, 0.23923496186620888, 0.17778835659072056, 0.27106463098602973], [0.2861025375751039, 0.21270099597086883, 0.18192614884235356, 0.31927031751167373], [0.31661597984152, 0.23171728956067283, 0.18912014726177226, 0.2625465832360349], [0.3005331709600983, 0.23412647492144, 0.17398459948372558, 0.2913557545347361], [0.28158232147288337, 0.20933042152620532, 0.19974004922687288, 0.3093472076740384], [0.2733737744602244, 0.2197337233879856, 0.18216470829320097, 0.32472779375858907], [0.3158158016512512, 0.23113667618203448, 0.18284718418010695, 0.2702003378866073], [0.2809949433226047, 0.20889917881488418, 0.18149052017630632, 0.32861535758620475], [0.3229163884793661, 0.23265846071300886, 0.1928815990493535, 0.2515435516582715], [0.3148973881883436, 0.2304539531238891, 0.17669244108817334, 0.2779562174995939], [0.2774910802493177, 0.1999432354990914, 0.20308620317844303, 0.3194794809731478], [0.28381190546928614, 0.2211021846640196, 0.18330014296427635, 0.3117857668024179], [0.3076073183168227, 0.23963988957929483, 0.18957775546833888, 0.2631750365355436], [0.29557790468425454, 0.24131343537202032, 0.176553884829691, 0.2865547750140341], [0.3118592546845437, 0.2391834294435128, 0.186282861009728, 0.26267445476221557], [0.3102825833504669, 0.24171958501127752, 0.17410948611381777, 0.27388834542443785], [0.28552559440746106, 0.22949041765854258, 0.1993915468164303, 0.28559244101756603], [0.29064768549873676, 0.22642196712613863, 0.19672472773015204, 0.2862056195449726], [0.26131106199128173, 0.2133572611999915, 0.210044583956593, 0.31528709275213374], [0.26133106189356636, 0.22712723706423624, 0.19126239482171067, 0.3202793061204867], [0.26258569170633606, 0.2078015742153275, 0.2077945408674543, 0.32181819311088217], [0.2719919423783814, 0.23272350774946401, 0.1869976101181312, 0.3082869396540234], [0.27259417553219645, 0.2225562714546011, 0.21910137773047209, 0.2857481751827303], [0.27506642301313267, 0.22109236322699763, 0.2109645361556207, 0.292876677504249]], "ideal": "C", "sampled": "C", "correct": true}}
{"type": "result", "data": {"idx": 7, "options": ["no two electrons can have the same four quantum numbers", "no two electrons with the same spin can occupy an orbital", "no two electrons can occupy separate orbitals", "no two electrons can pair up if there is an empty orbital at the same energy level available"], "probs": [[0.20249845066888336, 0.26416258033237355, 0.19940620663211903, 0.33393276226662405], [0.20143064554359877, 0.2669036050335353, 0.20464969864453256, 0.3270160506783334], [0.20272987776860035, 0.28151839549232077, 0.17617459330921054, 0.3395771333298684], [0.20049527285478264, 0.2535008191808877, 0.21017101404949376, 0.3358328938148359], [0.22609745158210312, 0.2995831295237717, 0.1603608995784571, 0.3139585192156681], [0.22774207250370943, 0.27908736048698, 0.17194701473264498, 0.32122355217666554], [0.20882398755774842, 0.27241199394088816, 0.1901769134159374, 0.32858710498542604], [0.20499363539553153, 0.2674122154445265, 0.2050375044140818, 0.3225566446458602], [0.21307744938753787, 0.2867847297267014, 0.18516975087550053, 0.3149680699102602], [0.20772338472956178, 0.2626395107853252, 0.21774499632870778, 0.3118921080564052], [0.23558954892186798, 0.3073235451867817, 0.15453346072082136, 0.30255344507052895], [0.23135324965557702, 0.28797608181970336, 0.16929618760299214, 0.31137448082172753], [0.21005914239151183, 0.2827206636003259, 0.17148224028667336, 0.33573795362148895], [0.20928330717378144, 0.25646933910666203, 0.19974829254537094, 0.3344990610741856], [0.215739518382433, 0.2814356684403318, 0.17889666555523046, 0.3239281475220048], [0.20790545079590564, 0.2587921734845608, 0.21123030233790524, 0.32207207328162835], [0.22522398155988133, 0.28476192695744545, 0.16225718966717617, 0.32775690171549704], [0.226799714941944, 0.28230420172824994, 0.16596308596207687, 0.3249329972677292], [0.2519045098796558, 0.2810680484172357, 0.16783657168150729, 0.29919086992160115], [0.2464162335621396, 0.2623566012609922, 0.174770588417142, 0.31645657665972626], [0.2548602635096081, 0.2799590354859581, 0.16717221588484607, 0.29800848501958777], [0.23918230472821847, 0.254653360599841, 0.1892440588695697, 0.3169202757023708], [0.24727643655336082, 0.2674201984820541, 0.17266359666254635, 0.3126397682020387], [0.23879841256722084, 0.2623141901166825, 0.17749334702306385, 0.3213940501930328]], "ideal": "D", "sampled": "D", "correct": true}}
{"type": "result", "data": {"idx": 8, "options": ["Rb+", "Se2-", "As5+", "Sr2+"], "probs": [[0.22683448749249058, 0.2653005083340271, 0.21652915748980253, 0.2913358465836798], [0.2125186495259287, 0.2604817294526848, 0.2028633831021946, 0.32413623781919193], [0.25039797272568437, 0.27944558023264277, 0.1950762213548783, 0.27508022558679457], [0.2254502013368582, 0.2720567447900956, 0.19903175227033093, 0.3034613015027152], [0.23825428242467916, 0.26589149630229364, 0.2038611650838416, 0.2919930560891855], [0.23035577623792977, 0.2652441938028986, 0.21312264241002563, 0.291277387449146], [0.22401018104682136, 0.28328755072968215, 0.21383389509813622, 0.27886837302536027], [0.20983727274226852, 0.2780943214615247, 0.20666472611744846, 0.30540367957875836], [0.23164442979032696, 0.30699463760779083, 0.18620047906561898, 0.2751604534362632], [0.2116278567421298, 0.30324842801998664, 0.1957907375341618, 0.28933297760372173], [0.21290851492813476, 0.2911146792146117, 0.19091654743083844, 0.3050602583264151], [0.21753151712626473, 0.29743063446885315, 0.2012505084074949, 0.28378733989738725], [0.26062277995254235, 0.28189254684218046, 0.19679713271101792, 0.2606875403942593], [0.23833428745564375, 0.27016659360657874, 0.2039350030843378, 0.2875641157534397], [0.250449899565714, 0.27949455794124156, 0.18619014598340758, 0.28386539640963687], [0.23077019129801504, 0.2784517954117375, 0.1943971092265558, 0.29638090396369166], [0.23890546673845747, 0.28380046137714937, 0.18905187214665173, 0.28824219963774145], [0.24346065518805626, 0.28919854757277996, 0.19568154213855868, 0.27165925500060506], [0.23774164985772883, 0.27373148356731364, 0.19716590955873137, 0.29136095691622615], [0.22804885760576624, 0.26671763854462577, 0.2077212153506993, 0.2975122883989087], [0.22234454417472074, 0.2725153524526332, 0.18154690887383745, 0.3235931943988086], [0.22554906192182272, 0.27644349886200315, 0.1991277694892938, 0.29887966962688034], [0.2372059864817586, 0.2817920618166438, 0.17634644314314768, 0.3046555084584499], [0.24494197962218853, 0.29097354409169124, 0.1820906698521675, 0.2819938063339527]], "ideal": "C", "sampled": "C", "correct": true}}
{"type": "result", "data": {"idx": 9, "options": ["the O\u2013H bonds in sulfuric acid are much weaker than in sulfurous acid due to the electron withdrawing of the oxygen atoms on sulfuric acid", "sulfuric acid has more oxygen atoms in its formula", "the sulfur in sulfuric acid is more electronegative than the sulfur in sulfurous acid", "sulfuric acid has the hydrogen atoms bound directly to the sulfur atom"], "probs": [[0.2857950457255125, 0.26445285665368823, 0.19346463053070861, 0.2562874669900907], [0.27419793194475706, 0.2658939321685088, 0.18560369034336127, 0.27430444544337285], [0.2922875626433798, 0.2790505927380609, 0.1746125694131965, 0.2540492751053628], [0.2926712333863365, 0.2707993685928389, 0.18610695002602126, 0.25042244789480334], [0.28955052162942146, 0.27642733679711223, 0.17028227954241357, 0.26373986193105275], [0.2995637699597095, 0.2728852074005292, 0.19049105330128505, 0.23705996923847625], [0.26369675598343617, 0.3495434768216428, 0.1575491255729434, 0.22921064152197765], [0.25061836836216045, 0.3591969012854914, 0.1618956029253235, 0.2282891273270246], [0.22055327057281782, 0.27466092329440456, 0.2386086206974978, 0.2661771853352798], [0.1947486520401301, 0.2791687208258779, 0.22427835724080408, 0.3018042697931879], [0.17167241613828405, 0.23478787785226832, 0.2967747107332001, 0.2967649951762475], [0.15682566398044265, 0.23195843741896435, 0.2841539126969425, 0.3270619858036505], [0.28056759529231734, 0.3231197652553432, 0.15994571446177439, 0.23636692489056504], [0.2860680690758304, 0.3094645922747491, 0.1708956164484561, 0.2335717221009644], [0.22983261598087854, 0.2688682038981833, 0.24478132655584772, 0.2565178534650905], [0.20539440824703034, 0.26391208955724677, 0.22219055060878404, 0.3085029514869388], [0.2575464469668082, 0.28746946786540584, 0.22039093908278798, 0.23459314598499806], [0.22457329440433976, 0.28855575418071144, 0.18920024583236927, 0.2976707054825795], [0.269510342480987, 0.3462398143517549, 0.15363270617184285, 0.2306171368954153], [0.2893368217257358, 0.33318575220394914, 0.16237850001682783, 0.2150989259534872], [0.18007241872808782, 0.23499834974747752, 0.2970387504531496, 0.28789048097128506], [0.17207775495484018, 0.23174259863733657, 0.2794834291809434, 0.3166962171268799], [0.2550429739554436, 0.29371932583672117, 0.2115428031999344, 0.23969489690790075], [0.21356451191011488, 0.2967277422738217, 0.19762693049083377, 0.2920808152252296]], "ideal": "A", "sampled": "A", "correct": true}}
{"type": "result", "data": {"idx": 10, "options": ["0.0641 M", "1.64 M", "0.115 M", "0.400 mol/L"], "probs": [[0.1504304818979336, 0.2441954347392679, 0.23301638906476196, 0.3723576941980365], [0.14431383774286285, 0.21330454307734148, 0.3462375596940714, 0.29614405938572425], [0.13994807868028564, 0.24182957817447745, 0.2068504151412935, 0.41137192790394345], [0.13429869910176748, 0.2146306963740339, 0.3483903459616354, 0.30268025846256325], [0.19581008862056976, 0.31293838280473857, 0.21508313072309404, 0.2761683977515976], [0.2005314051825233, 0.31062823068033424, 0.2272651459456936, 0.26157521809144885], [0.1738974581408543, 0.28673591363065415, 0.18804779557849483, 0.3513188325499967], [0.17157829529216395, 0.2536034172399021, 0.2919020521988708, 0.28291623516906317], [0.1725409549656396, 0.28008996185437535, 0.2147540800913657, 0.33261500298861935], [0.16436007372344918, 0.23916892348566712, 0.31685420395462843, 0.2796167987362552], [0.22531808427635086, 0.33827821929103896, 0.19275101388930546, 0.24365268244330468], [0.22225714390013732, 0.3442739648556344, 0.1931269226216941, 0.2403419685225342], [0.14834097026295215, 0.2728675007547262, 0.18176862595647827, 0.39702290292584336], [0.1477630331297881, 0.23615258143425538, 0.31285710071943185, 0.30322728461652465], [0.1509513795791939, 0.24124172275286832, 0.256802246354306, 0.35100465121363184], [0.1452676569644823, 0.20810795758556253, 0.3485235131268447, 0.29810087222311044], [0.19733162516366473, 0.3203404295174876, 0.216756406654444, 0.26557153856440363], [0.19703818562089673, 0.3248963307279844, 0.20016452369827323, 0.27790095985284563], [0.19504742649944654, 0.30688584998841767, 0.2142436972497023, 0.2838230261624335], [0.19557648279394144, 0.3077216583654268, 0.2251384656713086, 0.27156339306932314], [0.18312715810764624, 0.2836606033009022, 0.2582800205514844, 0.27493221793996714], [0.19158936686920722, 0.2921674127386354, 0.24603356394891668, 0.27020965634324073], [0.19390592554972425, 0.30509097290239506, 0.22321460313992558, 0.2777884983079551], [0.19857040637445791, 0.3075833710000304, 0.2048972309890303, 0.28894899153648135]], "ideal": "C", "sampled": "D", "correct": false}}
{"type": "result", "data": {"idx": 11, "options": ["SF4", "PCl5", "BF3", "CO2"], "probs": [[0.24057796180426172, 0.38448669241189704, 0.18161387061510714, 0.1933214750687341], [0.23701047972392336, 0.378793246780112, 0.18460111707980476, 0.19959515631615987], [0.23299976833815272, 0.42860370231449585, 0.165236560011723, 0.17315996923562846], [0.23239373014620188, 0.4274937275741229, 0.167403253410456, 0.17270928876921918], [0.23205982944850645, 0.39479936968910406, 0.1807434206798704, 0.1923973800825191], [0.22253271603545385, 0.3967560470190848, 0.1903571159894082, 0.19035412085605313], [0.23834385824706183, 0.3750131390602066, 0.18276235315500772, 0.2038806494377238], [0.23339998818686197, 0.3672415394867856, 0.19656178671767935, 0.20279668550867308], [0.26756692328708337, 0.3833217081539225, 0.16230461241625851, 0.18680675604273553], [0.25737018541072865, 0.38041983751515385, 0.17969221678183608, 0.1825177601922814], [0.2433187925077725, 0.37691324383850894, 0.17803230614621846, 0.2017356574075001], [0.2537136224425266, 0.37501213695756774, 0.18563732886619708, 0.18563691163370855], [0.24146797171198756, 0.35691149423823243, 0.1851584232342564, 0.2164621107155236], [0.24100217526247408, 0.3562256958892627, 0.20296427627592253, 0.19980785247234067], [0.2622536122536666, 0.36414697762662546, 0.16934275625442802, 0.2042566537652799], [0.25582724807088336, 0.3608219921228076, 0.1961704939407635, 0.18718026576554558], [0.2528141253701712, 0.36789228172910154, 0.17928873802219372, 0.2000048547785335], [0.25075620783974845, 0.3764760549955005, 0.18929854315561329, 0.18346919390913774], [0.21641817486614498, 0.3919326896235428, 0.1851280590783039, 0.20652107633200834], [0.20738477693831156, 0.39359539156799367, 0.19483685201191336, 0.2041829793817814], [0.23648710194119602, 0.40233185283792233, 0.16511054089339705, 0.1960705042274846], [0.24182051417793587, 0.3987403809625521, 0.17972052095523353, 0.17971858380427852], [0.23702383822741632, 0.4095905896733717, 0.16291892041368528, 0.19046665158552673], [0.2286636509768249, 0.4206223174045334, 0.1780986056970324, 0.17261542582160933]], "ideal": "A", "sampled": "C", "correct": false}}
{"type": "result", "data": {"idx": 12, "options": ["Fluorine has a very high electronegativity; therefore the H-F bond is stronger than any other H-X bond.", "HF is smaller than any other H-X molecule; therefore it exhibits stronger London dispersion forces.", "The dipoles in a HF molecule exhibit a particularly strong attraction force to the dipoles in other HF molecules.", "The H-F bond is the most ionic in character compared to all other hydrogen halides."], "probs": [[0.2777348715126705, 0.2303475106970467, 0.20972196443186128, 0.2821956532584215], [0.26521384713381796, 0.23053446409781142, 0.23052096364577115, 0.2737307250225995], [0.30450478646846546, 0.2525442280001854, 0.16561343020948793, 0.2773375552218612], [0.2845549540748511, 0.25920831768292435, 0.20504037728285224, 0.2511963508593723], [0.28127742229982916, 0.26853564779063366, 0.1816902038525179, 0.26849672595701923], [0.2816127156449064, 0.2730904735920783, 0.1966883928373942, 0.2486084178256211], [0.2514202371411506, 0.2595084088634742, 0.20851174616253665, 0.28055960773283856], [0.23625779935566935, 0.2555761856903506, 0.2185963177880703, 0.28956969706590974], [0.25519629930095533, 0.2593179008207, 0.20512674441183618, 0.28035905536650846], [0.23612809096169077, 0.2594525670419501, 0.23255300415532856, 0.27186633774103053], [0.23931772711582974, 0.26711125169174654, 0.20479202232756544, 0.2887789987648583], [0.2407172095748632, 0.27719695199331146, 0.20922724033967227, 0.27285859799215306], [0.2847258023010467, 0.2553295676752598, 0.18389896224541943, 0.276045667678274], [0.2725350599096136, 0.26016793040069897, 0.21907539989956035, 0.2482216096901271], [0.2576298483087418, 0.22744449427435814, 0.22743531515988433, 0.2874903421570157], [0.23798875153681834, 0.23077052485467195, 0.2614788671846148, 0.2697618563238949], [0.280157749031151, 0.26745957532025405, 0.20506146853693313, 0.24732120701166185], [0.2667676845934605, 0.2711083333088302, 0.19526003590151172, 0.26686394609619757], [0.26914001711627666, 0.27782161282897605, 0.18797370139747313, 0.2650646685572741], [0.2779835586560541, 0.28695352165303906, 0.1972106634126385, 0.23785225617826833], [0.2497945762890314, 0.24991874766709762, 0.217126164073781, 0.28316051187008995], [0.25317827958478856, 0.2613402708104971, 0.22006076422660614, 0.2654206852781082], [0.27853412263391963, 0.2786724650185524, 0.2007148474467206, 0.24207856480080736], [0.27109549003255023, 0.275509839431823, 0.18640421152597358, 0.26699045890965317]], "ideal": "C", "sampled": "D", "correct": false}}
{"type": "result", "data": {"idx": 13, "options": ["3.8 \u00d7 10^-3 mol/L", "5.77 \u00d7 10^-3 mol/L", "1.97 \u00d7 10^-3 M", "9.9 \u00d7 10^-4 M"], "probs": [[0.20946639462005942, 0.21281848528613617, 0.30015012171619543, 0.27756499827760894], [0.1964023025255659, 0.20912072615674787, 0.2995747193584655, 0.2949022518592207], [0.2306988686092467, 0.27402713892103786, 0.24184505639041967, 0.2534289359792958], [0.21870442384393732, 0.26386825033971234, 0.23653855132296264, 0.28088877439338766], [0.2041958688860207, 0.25024214011547735, 0.2791828471264778, 0.26637914377202415], [0.2079381557476649, 0.23202546630045526, 0.28877351545705054, 0.2712628623948293], [0.20619875190580225, 0.21614772079213646, 0.3001197576222707, 0.2775337695797906], [0.18902815594827083, 0.21092462223261427, 0.31175001988050133, 0.28829720183861357], [0.2190726333913887, 0.2522161527555451, 0.26849635632642266, 0.2602148574266436], [0.21001692114160359, 0.25338789818137203, 0.24946643409618524, 0.28712874648083914], [0.20873251866298523, 0.23291103886586426, 0.2944403632352413, 0.2639160791359092], [0.20430714803264086, 0.2279738438485805, 0.2927348148262491, 0.27498419319252954], [0.20904530582721711, 0.2561849355441447, 0.24447165427147416, 0.290298104257164], [0.2144286451359443, 0.2627836128391754, 0.24304851525009294, 0.27973922667478734], [0.2176320520178593, 0.231725197534557, 0.26672973828733365, 0.28391301206025005], [0.224013854957448, 0.2579006139124545, 0.23483455619097326, 0.28325097483912426], [0.1563880592428222, 0.1886862665226124, 0.3580830394863627, 0.2968426346482027], [0.1578526841796344, 0.2059283913742724, 0.3503180548293168, 0.28590086951677635], [0.19367830694869292, 0.25664078501049314, 0.24490424197587263, 0.3047766659649413], [0.21276481225537372, 0.2732532186981902, 0.24495570329098318, 0.2690262656554529], [0.19812397952071417, 0.25051319969940233, 0.25848049307980925, 0.2928823276000742], [0.2136546106967449, 0.2743995230281064, 0.24598391718168774, 0.265961948993461], [0.16519279284038876, 0.21550978075763846, 0.3338013787591031, 0.28549604754286967], [0.16980685067019907, 0.23216066001721167, 0.3223426879875397, 0.27568980122504955]], "ideal": "A", "sampled": "A", "correct": true}}
{"type": "result", "data": {"idx": 14, "options": ["The N-H bonds within the NH3 molecules break apart.", "The overall temperature of the solution rises as the NH3 molecules speed up.", "The amount of energy within the system remains constant.", "The hydrogen bonds holding separate NH3 molecules together break apart."], "probs": [[0.3308807611134573, 0.32583761211951584, 0.12961079178944523, 0.2136708348775816], [0.31824497333696844, 0.3183350955625457, 0.14804213188723878, 0.21537779911324714], [0.306764231289158, 0.2974039480953263, 0.17483753672710173, 0.22099428378841401], [0.2900657951541752, 0.290144175262047, 0.19028432665352557, 0.22950570283025223], [0.31107615957910184, 0.3210424434662324, 0.15404122836776105, 0.2138401684869047], [0.316313803164322, 0.3213872909224511, 0.14486061035138156, 0.21743829546184534], [0.29689130626468213, 0.33652163049970973, 0.1493332259108285, 0.2172538372247796], [0.28903070950689563, 0.31753669132206486, 0.16473894310552392, 0.22869365596551558], [0.2435709052502292, 0.280430044497371, 0.2361498588661159, 0.23984919128628385], [0.2561933772365372, 0.27279407596226724, 0.22264993852087406, 0.2483626081803215], [0.29077134780531044, 0.2954410734214341, 0.1764135851437117, 0.2373739935295438], [0.29775587483081845, 0.31213522608919686, 0.15451746026241406, 0.23559143871757057], [0.24957212803252266, 0.38665494318910243, 0.1663069873881926, 0.1974659412901823], [0.23995182630856876, 0.36032862541435845, 0.1811898106509995, 0.21852973752607327], [0.2230325158755591, 0.35099285314458123, 0.20634586799546134, 0.2196287628843983], [0.2352035010340523, 0.34771912768404734, 0.18905879273522577, 0.22801857844667456], [0.24093706849413174, 0.3398782813136613, 0.18192858586450578, 0.2372560642277011], [0.2520693951028075, 0.35558281934801017, 0.17330027399566506, 0.21904751145351725], [0.31107530458253196, 0.32104287026656253, 0.15404212702823233, 0.2138396980226732], [0.3137937848109788, 0.3188302577094596, 0.14827113237454456, 0.21910482500501702], [0.3112822174714658, 0.3113723992990019, 0.1565685719095064, 0.2207768112200259], [0.3189400291597775, 0.3140822806305496, 0.13721124213107622, 0.2297664479785967], [0.29130187193666746, 0.2913805798689127, 0.17951583593010087, 0.23780171216431897], [0.2994361608753031, 0.29030067590852343, 0.17334576465976576, 0.23691739845640766]], "ideal": "D", "sampled": "A", "correct": false}}
{"type": "result", "data": {"idx": 15, "options": ["a strong acid", "a weak acid", "a weak base", "a strong base"], "probs": [[0.3065634552269654, 0.30659170783027007, 0.15177542874340963, 0.23506940809935492], [0.3052224930683034, 0.2912715797567217, 0.17666657704335603, 0.22683935003161887], [0.3073680904984639, 0.2798874890557934, 0.18071102555640367, 0.23203339478933901], [0.30443180057985775, 0.27291718529292447, 0.18180519611515286, 0.2408458179120649], [0.30107466729288584, 0.2918353806964706, 0.16890413322417294, 0.23818581868647065], [0.2894300178978987, 0.28496658374549505, 0.1701639120086154, 0.25543948624799084], [0.3286140609742518, 0.3444190076307602, 0.13072835102455388, 0.19623858027043412], [0.3362355234497294, 0.35240641403307804, 0.1256568842097824, 0.1857011782074101], [0.2771548843954545, 0.22979187278262, 0.2771881735885661, 0.21586506913335943], [0.269435993720887, 0.24534859519684765, 0.21993344364549464, 0.26528196733677073], [0.29818195545942916, 0.23590271524071096, 0.25112551822424295, 0.2147898109756169], [0.28923602633182816, 0.27601872536871686, 0.17545152754528337, 0.25929372065417156], [0.32864106677586824, 0.3286719717851022, 0.13701223243929433, 0.20567472889973518], [0.31395643651780514, 0.3139886528249426, 0.1628969439659746, 0.2091579665912777], [0.3066849318827988, 0.25827809395954815, 0.22091990048703, 0.21411707357062307], [0.30955976705971877, 0.27321097659137084, 0.19073327168007614, 0.22649598456883424], [0.3261498753511998, 0.2923885503408397, 0.17734624274881278, 0.20411533145914768], [0.3166000497531188, 0.3021331980204466, 0.15674602750244837, 0.22452072462398623], [0.33574893316810467, 0.33577644071105095, 0.12161107833336687, 0.20686354768747747], [0.3311826187745921, 0.3312097090872545, 0.12376534185157406, 0.21384233018657936], [0.3223347769453785, 0.26310722449131935, 0.18951236070213856, 0.2250456377611636], [0.30203454783415773, 0.27936740874335736, 0.1642326067452526, 0.2543654365772323], [0.3199529695183903, 0.2694542745895087, 0.19408420015546266, 0.21650855563663826], [0.2964269816579031, 0.269927114221283, 0.16372111438067682, 0.26992478964013705]], "ideal": "C", "sampled": "A", "correct": false}}
{"type": "result", "data": {"idx": 16, "options": ["at equilibrium there are more products than reactants", "the value of \u0394G\u00b0 is greater than zero", "the value of \u0394S\u00b0 is greater than zero", "the value of Keq is less than one"], "probs": [[0.29755677883162457, 0.337231417347104, 0.14057798263282525, 0.22463382108844618], [0.2966308372446173, 0.3414697988384879, 0.13796625002090446, 0.22393311379599037], [0.2504496276128182, 0.24278524515585148, 0.275109738083985, 0.2316553890473453], [0.28818976446801764, 0.2793667572551734, 0.16168249900985462, 0.27076097916695435], [0.22239574291847283, 0.20895336010244217, 0.3391679080609621, 0.22948298881812293], [0.2594886758587849, 0.22548397219137511, 0.25550559541271517, 0.25952175643712483], [0.3431881265539028, 0.26732470785910784, 0.13441821530850984, 0.2550689501784796], [0.33616177746995374, 0.26184762692132074, 0.1401551875401288, 0.2618354079685968], [0.34732011349601455, 0.27054698236956415, 0.1470926145248086, 0.23504028950961267], [0.2948083158918446, 0.2643158891124988, 0.1505999058692003, 0.2902758890264563], [0.32801283380127566, 0.2554985062671064, 0.1649626542451719, 0.25152600558644606], [0.28012173471940766, 0.23964381510929544, 0.18663291531670248, 0.2936015347545944], [0.24263206527345668, 0.23156616544347242, 0.279316979053238, 0.2464847901298329], [0.2926195394381118, 0.2582820173071735, 0.15183242342588812, 0.2972660197288266], [0.3191829967057853, 0.3617578202386216, 0.11929401931901948, 0.1997651636365736], [0.29055076185202605, 0.3397605342876778, 0.12498845624444682, 0.24470024751584937], [0.2837353475287844, 0.25043929740245974, 0.17758544581479702, 0.28823990915395886], [0.22506308888722532, 0.20818592916114356, 0.3076751873733165, 0.25907579447831464], [0.2396337198807747, 0.24345098031638815, 0.2846222944849255, 0.23229300521791166], [0.2741215947348652, 0.2657374858175087, 0.19441466900615859, 0.26572625034146746], [0.28990863454831467, 0.384139759019059, 0.12667585341814655, 0.19927575291447974], [0.2637197375033827, 0.35494464632299555, 0.14118489621657915, 0.24015071985704267], [0.2861901564042206, 0.29998180714202916, 0.15321366715707582, 0.26061436919667447], [0.23652918986889526, 0.2518313564381204, 0.25982264068840444, 0.2518168129045799]], "ideal": "A", "sampled": "B", "correct": false}}
