{"type": "result", "data": {"idx": 0, "options": ["includes two or more alternatives", "classifies subjects", "affirms the antecedent or denies the consequent", "leads to a valid conclusion"], "probs": [[0.237412643601649, 0.3296831898297606, 0.2819810597330683, 0.15092310673552212], [0.2201635819550877, 0.30098702314389053, 0.29630975698307943, 0.18253963781794233], [0.2994918405407296, 0.3968389568432076, 0.15539858669864362, 0.14827061581741924], [0.30588636255016316, 0.3632984215149338, 0.23455819834745087, 0.09625701748745215], [0.25802457618857016, 0.36395379081191137, 0.19787193258953953, 0.18014970030997893], [0.24905849057311316, 0.3458452897734494, 0.3148858915301513, 0.09021032802328617], [0.2176313186180124, 0.2975264996729841, 0.3588749659037843, 0.12596721570521915], [0.20173513887295394, 0.27578777072055966, 0.36535191532296185, 0.15712517498352455], [0.2638882359019047, 0.3496606595515133, 0.2558060250055386, 0.1306450794410434], [0.20811152456109802, 0.31737706062004145, 0.2631083428596602, 0.21140307185920026], [0.1822254846971507, 0.2693678575861584, 0.37985739824207465, 0.16854925937461626], [0.1756771083846414, 0.276429746666173, 0.3549317472062981, 0.19296139764288747], [0.36424170835423764, 0.302027663497892, 0.17208483300619562, 0.16164579504167473], [0.3262127814036439, 0.2879193317632299, 0.28791515943825147, 0.09795272729487467], [0.29301385758805343, 0.2840528360893614, 0.25066440174467286, 0.17226890447791232], [0.22065796459533715, 0.27897663654681903, 0.25800361073401173, 0.24236178802383204], [0.3120052469656009, 0.2841261582667694, 0.3072067751099407, 0.09666181955768904], [0.2254387438071833, 0.29407921430508, 0.20852613447011417, 0.27195590731762254], [0.230711105900449, 0.37455922919579754, 0.19737236493897173, 0.19735729986478176], [0.24747967916965954, 0.360141258494388, 0.2939308728168817, 0.09844818941907081], [0.1854662635459051, 0.3058462556386363, 0.29183120773310545, 0.21685627298235313], [0.1764019420803269, 0.30964821785737096, 0.26901853656893115, 0.24493130339337102], [0.26800322729651743, 0.39000293899154964, 0.24026479003608234, 0.10172904357585057], [0.1759885970179791, 0.3611638789834438, 0.18159711088514643, 0.2812504130134306]], "ideal": "A", "sampled": "C", "correct": false}}
{"type": "result", "data": {"idx": 1, "options": ["Changing the meaning of a word or phrase from one part of the argument to another.", "Confusing figurative language with literal language.", "Reasoning that ideas presented in an appealing manner are correct, regardless of the content of the message.", "Using emotionally charged language to create an impression about the subject of a claim, without making an argument that the language fits the subject."], "probs": [[0.2501701377056688, 0.2581878861796773, 0.31142806539657675, 0.18021391061807712], [0.2452154122760739, 0.2491513006266456, 0.35688578547118893, 0.14874750152609156], [0.35253547739648944, 0.3364956877190555, 0.16399317465532062, 0.1469756601291344], [0.35881157636596117, 0.3118302430845329, 0.22813988539858474, 0.10121829505092123], [0.37965080986810357, 0.34043050569834066, 0.16591257226102707, 0.11400611207252868], [0.37342179850515295, 0.3245334753685434, 0.20308578443284137, 0.09895894159346226], [0.21344241597920197, 0.32050796747787214, 0.2918204286268915, 0.17422918781603436], [0.217188659544753, 0.3016290113271, 0.33648500344495313, 0.14469732558319387], [0.27659413215732287, 0.39631217714161265, 0.1901544183302506, 0.13693927227081382], [0.270743604413263, 0.35322343773254933, 0.266629691892579, 0.1094032658616087], [0.29055530695856707, 0.4295459815294941, 0.17628714965866887, 0.10361156175327], [0.29446840502706256, 0.4089663654824891, 0.19318415366553723, 0.10338107572491108], [0.40781907400199696, 0.267521637613174, 0.16741392756454232, 0.1572453607202867], [0.39690195623015617, 0.2603603244977037, 0.2407939529000689, 0.10194376627207126], [0.3935353990122769, 0.26221411000336337, 0.19486629632349997, 0.14938419456085977], [0.3505206599325892, 0.25651475020124104, 0.2773639476807527, 0.11560064208541711], [0.4532716639374168, 0.29734170876959387, 0.16421090309484157, 0.08517572409814775], [0.4487660593651897, 0.2990320667181208, 0.15513926974085193, 0.09706260407583756], [0.46590103653105847, 0.25337454107758134, 0.161058019955935, 0.11966640233542515], [0.442133625200894, 0.2519849353173936, 0.20566413723844623, 0.1002173021432662], [0.4466362530027264, 0.2506038975034932, 0.18623665944603823, 0.11652318994774209], [0.41847297856849675, 0.2499481904997933, 0.2171632067430652, 0.11441562408864471], [0.47815440525263503, 0.2600392180432877, 0.17053960770271337, 0.09126676890136386], [0.4714429483413789, 0.2645328699800976, 0.16045092403292086, 0.10357325754560259]], "ideal": "C", "sampled": "D", "correct": false}}
{"type": "result", "data": {"idx": 2, "options": ["significance", "snob appeal", "poisoning the well", "appeal to anonymous authority"], "probs": [[0.19135691223615148, 0.23084416983203337, 0.3575403689980594, 0.2202585488337557], [0.17823551859020292, 0.24746901163173132, 0.2938835366355079, 0.28041193304255785], [0.27187344024035404, 0.30333047650208933, 0.22896717145288373, 0.19582891170467293], [0.3008726357592692, 0.3253537222206846, 0.22713658347620633, 0.14663705844383987], [0.18379261540146705, 0.2592075091577391, 0.26328944372615526, 0.29371043161463856], [0.23039981260379033, 0.2652128755131187, 0.3249472524622243, 0.1794400593208667], [0.16960720968945317, 0.2429778015814305, 0.37632728179993913, 0.21108770682917716], [0.16499093173284476, 0.2555597126228358, 0.2987795471846301, 0.28066980835968935], [0.2357381248873452, 0.2756396490709568, 0.2671575804211133, 0.22146464552058473], [0.28484374706346083, 0.31286773548674757, 0.2634637990846593, 0.13882471826513232], [0.1563046104110248, 0.24978965146145282, 0.2830487447239719, 0.3108569933035505], [0.22477038202422248, 0.26280316707844076, 0.34275823828130647, 0.16966821251603031], [0.3046913399288641, 0.27315446324664994, 0.20943419321120257, 0.21272000351328338], [0.3386445540255053, 0.28519665342111544, 0.2186684394060919, 0.15749035304728737], [0.28447117550892526, 0.25107534969097917, 0.2358627844853935, 0.2285906902147021], [0.3515194952136426, 0.27809691426357214, 0.2305561452873463, 0.13982744513543893], [0.3277665972381889, 0.2803807854372024, 0.22180314359831071, 0.17004947362629796], [0.36012243147698636, 0.284903487984554, 0.2117245730032026, 0.14324950743525705], [0.1692419748877307, 0.26214407454158484, 0.26214407454158484, 0.3064698759290996], [0.2006414323653378, 0.2700210430941855, 0.3577150893534606, 0.17162243508701608], [0.16455708932891272, 0.2432152254104355, 0.27994106051330964, 0.3122866246473421], [0.22955106758722535, 0.26013829647129805, 0.3500543847378661, 0.16025625110361047], [0.297087486101967, 0.29251536288144586, 0.2463233135942167, 0.16407383732237044], [0.3239677999306096, 0.2996497019982335, 0.23704241644266227, 0.13934008152849464]], "ideal": "C", "sampled": "C", "correct": true}}
{"type": "result", "data": {"idx": 3, "options": ["a specific type of false cause fallacy that argues that since two event happened at the same time one event must have caused the other", "arguing that an event that preceded another event necessarily is the cause of the second event", "arguing that since something is new it is necessarily good", "drawing a conclusion based on a comparison when the items being compared are not similar enough to support the conclusion."], "probs": [[0.29530869251406633, 0.30477882790999333, 0.20622135128498265, 0.19369112819095768], [0.2998334333075218, 0.3046221298588712, 0.2817293875354705, 0.11381504919813651], [0.2770641620002414, 0.2904498148963061, 0.22975738807299673, 0.2027286349304558], [0.26056627213036887, 0.2862451459552248, 0.3047063739205584, 0.14848220789384795], [0.3690915808931371, 0.39297715756211765, 0.14012246591793034, 0.09780879552681494], [0.3697324444908316, 0.3998672693656955, 0.13394097084353518, 0.09645931519993774], [0.29035255358396994, 0.3291054710973756, 0.2124821914128869, 0.16805978380576755], [0.29409071142808085, 0.32305981983605403, 0.2763276932187983, 0.10652177541706684], [0.24751572677276548, 0.2940134747630415, 0.29864660347465305, 0.15982419488953997], [0.2146422777748721, 0.28443101893295725, 0.31731216061852685, 0.18361454257364376], [0.3435616492881536, 0.40806999798508714, 0.1573272943339377, 0.09104105829282155], [0.2982805237644419, 0.3952570380505377, 0.17816141939640226, 0.1283010186886181], [0.24548738068103704, 0.3253077614773014, 0.23799795264602863, 0.19120690509563293], [0.23296357240270563, 0.3086891312002512, 0.3235056842617101, 0.13484161203533307], [0.226727749089326, 0.3099858005028534, 0.2866929897391052, 0.1765934605687154], [0.19156004834881826, 0.29217211647854446, 0.3362947501624251, 0.1799730849102122], [0.27762591629212985, 0.4507332708181224, 0.17108312120005964, 0.10055769158968811], [0.24679349544257737, 0.4400679799479357, 0.19835767295729637, 0.11478085155219055], [0.4732167999051317, 0.30085174209100274, 0.13560924513412026, 0.0903222127697453], [0.4744371983427957, 0.30638627584431627, 0.12574607694736664, 0.09343044876552142], [0.4806583523269647, 0.2961702942552035, 0.131430372582644, 0.09174098073518779], [0.40729113856600624, 0.31726052264739557, 0.14525953799580532, 0.1301888006907928], [0.430274354466256, 0.30517249386917106, 0.14873645754946666, 0.11581669401510625], [0.37948928410458355, 0.30979747500294347, 0.17109375210164954, 0.1396194886908234]], "ideal": "D", "sampled": "D", "correct": true}}
{"type": "result", "data": {"idx": 4, "options": ["arguing that something should be done because that's the way it's been done in the past.", "arguing that an act should be carried out because it will not have any significant consequences, when there is no evidence of the effects", "reasoning that a conclusion is true because it's been claimed so often", "reasoning that a claim is true because so many people believe it is true"], "probs": [[0.3389365571715284, 0.333737810407351, 0.22232013276022328, 0.10500549956089736], [0.3377396934238707, 0.35401646960650474, 0.19858668002785157, 0.10965715684177296], [0.3324586723974283, 0.3595305356058771, 0.18946038043496552, 0.11855041146172905], [0.3238521572733801, 0.33945301622833146, 0.19955684245938934, 0.1371379839388991], [0.3169137035563683, 0.353604923260761, 0.19528046830371665, 0.1342009047791541], [0.31034509474839167, 0.32025451536227384, 0.2133369914475136, 0.15606339834182087], [0.3577566875814029, 0.3309339109825182, 0.2038824484994693, 0.10742695283660966], [0.3586871677082786, 0.35320669935399845, 0.18039877979737734, 0.10770735304034562], [0.34365208909496087, 0.34914403109802117, 0.2117665644741912, 0.09543731523282678], [0.36319446289487795, 0.34129392843041795, 0.19144613896298643, 0.10406546961171767], [0.3210289275631825, 0.33130053669777143, 0.2276993014495155, 0.11997123418953054], [0.34259931443040453, 0.31204275646442575, 0.22126561737187878, 0.12409231163329094], [0.3918781040496864, 0.3459039083657054, 0.15837061639588787, 0.1038473710887203], [0.3402639582609582, 0.3679982697594427, 0.18795514015129738, 0.10378263172830172], [0.3699555661944132, 0.3369193967613964, 0.1919758148023007, 0.10114922214188972], [0.3579343556999854, 0.33633753653977627, 0.21379642186411077, 0.09193168579612757], [0.29592887666577466, 0.34070212914748355, 0.24926818343248439, 0.11410081065425737], [0.356859941540439, 0.3514314486798448, 0.1971426398216444, 0.09456596985807178], [0.3390374582380008, 0.34988261308397656, 0.18437688600296437, 0.12670304257505827], [0.319180596986121, 0.36175765759651235, 0.19978327747870067, 0.11927846783866594], [0.3194968700089439, 0.3297222554353963, 0.21964442727753505, 0.13113644717812475], [0.3428382651799418, 0.3221646619004754, 0.23204941073830215, 0.1029476620812807], [0.2698264754461815, 0.34656032539952036, 0.2657226364466493, 0.11789056260764887], [0.3278359917001114, 0.36017497000258886, 0.21507310336494415, 0.09691593483235557]], "ideal": "C", "sampled": "C", "correct": true}}
{"type": "result", "data": {"idx": 5, "options": ["false criteria", "hasty generalization", "ad crumenam", "division"], "probs": [[0.25646968909113826, 0.334538121948819, 0.2029085992697046, 0.20608358959033812], [0.2562562456103827, 0.3140087110093979, 0.29040917367497293, 0.13932586960524646], [0.22646329816982336, 0.340002849962217, 0.19987734553651038, 0.23365650623144918], [0.250696081694931, 0.3072073986228609, 0.24684955526279206, 0.19524696431941602], [0.28323972644416895, 0.3416985621959785, 0.2348464017103668, 0.14021530954948574], [0.26950051976279754, 0.32009288188456014, 0.21323053218928728, 0.19717606606335503], [0.237441692290429, 0.3195488500208317, 0.21286860423445803, 0.23014085335428125], [0.24172408516189056, 0.315303946771921, 0.3008682682679987, 0.14210369969818978], [0.2358749429906451, 0.33791385104596616, 0.1866164858934374, 0.23959471996995133], [0.23735936691054466, 0.32448137770273083, 0.27754847039631525, 0.16061078489040925], [0.2980410069513003, 0.3430890338349268, 0.21808380726529433, 0.14078615184847856], [0.274810254546341, 0.33154124018214737, 0.2243363260998503, 0.16931217907166132], [0.1948902991915198, 0.3066446619909425, 0.22788008573816687, 0.27058495297937085], [0.2214606172060227, 0.29805622390079833, 0.2756604038100076, 0.20482275498317135], [0.22797706381221128, 0.32660531507734764, 0.19502694612241164, 0.2503906748880294], [0.22407762704038978, 0.3260837495000912, 0.2833114862158705, 0.1665271371436485], [0.26547267239202704, 0.3304469486607389, 0.19732444888393402, 0.2067559299633], [0.2551568486309725, 0.3434183350371375, 0.22877075116687262, 0.17265406506501738], [0.30553288175188553, 0.28261596803866823, 0.2533393577483085, 0.15851179236113772], [0.2973755476997277, 0.2708131236051783, 0.21761229439063082, 0.21419903420446323], [0.3521161639424832, 0.28743245356132596, 0.2203872069784558, 0.14006417541773503], [0.3262455456746202, 0.28796892949761527, 0.22427546000700702, 0.1615100647207575], [0.30755198687577423, 0.2757390829839428, 0.198613196694868, 0.21809573334541496], [0.3021491765673803, 0.28390091654799543, 0.23907206950181148, 0.1748778372828128]], "ideal": "D", "sampled": "D", "correct": true}}
{"type": "result", "data": {"idx": 6, "options": ["responding to an argument with an expression of derision instead of a counter argument", "attempts to gain agreement based solely the feelings aroused by the message", "characterizing an opponent's position in such way to make it or its consequences appear to be ridiculous", "arguing actions should be taken to avoid negative results, when those results are exaggerated, unlikely, or irrelevant"], "probs": [[0.18098632308459864, 0.2848051019386055, 0.39542700623910654, 0.13878156863768934], [0.208386806132626, 0.30804561421446797, 0.24369244237444368, 0.23987513717846234], [0.27528289983212734, 0.4683821673365259, 0.14510174634725756, 0.11123318638408917], [0.32689629277094023, 0.4908437174372821, 0.1280511997783402, 0.05420878991343746], [0.223567722630062, 0.3356793722579596, 0.23071554185917767, 0.21003736315280072], [0.2515038418479076, 0.32810233309030495, 0.3547786586864861, 0.06561516627530131], [0.181525788494889, 0.3186657845158269, 0.38441131947112916, 0.11539710741815495], [0.1974391578285766, 0.3575939695594033, 0.2535866016009154, 0.1913802709111047], [0.22251632643598354, 0.5094568436504672, 0.18743109328249907, 0.08059573653105016], [0.26009928693071593, 0.550761629758058, 0.13711179536119272, 0.052027287850033355], [0.1691191221473244, 0.29226777390102143, 0.36948326776927276, 0.16912983608238139], [0.16791383180938133, 0.2726186933521415, 0.49370413240491157, 0.06576334233356561], [0.3462791688948421, 0.3924689234032819, 0.13777346702369975, 0.12347844057817622], [0.42757824105213904, 0.39552286082624316, 0.12253505857615485, 0.05436383944546294], [0.3001835047898516, 0.35102683302230087, 0.21967247126289907, 0.12911719082494838], [0.3929781463713666, 0.38097397908387, 0.1423726283755321, 0.08367524606923134], [0.3894065051092206, 0.36588776380551535, 0.19281882189386226, 0.051886909091401805], [0.40036101633922283, 0.394237652596238, 0.12405912114709094, 0.08134220981744822], [0.22673623400231396, 0.44402021498887795, 0.16592212520834826, 0.16332142570045985], [0.2704561968656346, 0.4322991998977734, 0.2387493419315286, 0.0584952612050634], [0.18124594202339517, 0.34943518936506246, 0.2852074929662948, 0.1841113755452476], [0.1875052898934733, 0.35039716955495664, 0.3909220695104683, 0.07117547094110176], [0.2742929099011404, 0.5718203654651647, 0.11617790646781748, 0.037708818065877454], [0.2746769548978225, 0.5907938611839122, 0.09495607974822641, 0.039573104070038875]], "ideal": "A", "sampled": "C", "correct": false}}
{"type": "result", "data": {"idx": 7, "options": ["Appeal to ignorance", "Double negative", "Equivocation", "Burden of proof"], "probs": [[0.5211479585670632, 0.21727925213072616, 0.1277290861519238, 0.13384370305028687], [0.4781611846303322, 0.21555673868626918, 0.1627077110072811, 0.1435743655761175], [0.5596411490094619, 0.21579234503779504, 0.10353484131642914, 0.1210316645363139], [0.5101016911384485, 0.2194196199978402, 0.13946997043496331, 0.13100871832874791], [0.5112628821980156, 0.22339280938225423, 0.14199219325272466, 0.12335211506700554], [0.5162604046938783, 0.22557134274266025, 0.14115606772814523, 0.11701218473531613], [0.3281799060862958, 0.34939874112695846, 0.16247639580077017, 0.1599449568859756], [0.30746709149785323, 0.3324978251421443, 0.19545617372562007, 0.16457890953438234], [0.17098087325443984, 0.20307302775547248, 0.45761284909459743, 0.16833324979549028], [0.19835218785209777, 0.2628063857292583, 0.28415042159100024, 0.25469100472764367], [0.1924606979824263, 0.23955614505464168, 0.4204147991055823, 0.14756835775734972], [0.23979283152230255, 0.28928413122132995, 0.2593041580863524, 0.21161887907001511], [0.37989090737206904, 0.3405853408060027, 0.13976731478463722, 0.13975643693729098], [0.36135938221537434, 0.32906317217243497, 0.16806298242225, 0.1415144630899407], [0.18420913813656262, 0.19007983801848286, 0.46314421291488245, 0.16256681083007204], [0.21807578853798054, 0.2714290103470756, 0.26721257765042666, 0.24328262336451717], [0.23017922727486115, 0.25283280765963917, 0.37953729564737615, 0.1374506693181235], [0.2948818294373861, 0.2995611816214329, 0.2091212781792755, 0.19643571066190546], [0.4061662139858739, 0.3018975392530355, 0.1641260011684384, 0.1278102454926523], [0.41234442280323197, 0.30172630916702736, 0.16403640682817947, 0.1218928611015612], [0.24885537847093614, 0.20313995771850338, 0.40397449721864576, 0.14403016649191475], [0.3234789919011321, 0.2330252791257339, 0.2442025058591169, 0.19929322301401708], [0.2821563226023734, 0.23394663978184238, 0.35671490958811397, 0.12718212792767022], [0.36766316387364756, 0.25670226640809723, 0.19075987662673113, 0.18487469299152406]], "ideal": "A", "sampled": "A", "correct": true}}
{"type": "result", "data": {"idx": 8, "options": ["ignoring another person's arguments and attacking her character instead", "asserting an opposing arguer has taken an easily defeated position, which she has not really taken", "causing confusion during an argument by a lack of ability to engage in refutation", "using threats of harm instead of reasoning to gain agreement"], "probs": [[0.3151069785307556, 0.27380650416835406, 0.291477999315976, 0.11960851788491435], [0.21258644123972167, 0.22633495250062924, 0.2159793163328164, 0.3450992898268327], [0.38086704693500556, 0.32581548423121925, 0.1771523277067269, 0.11616514102704832], [0.3699392510607783, 0.3214472388252778, 0.14949528203175824, 0.15911822798218567], [0.15194904576288523, 0.1722116742526387, 0.20773379193055824, 0.4681054879539178], [0.212830222014072, 0.2095590296046694, 0.34016341981357395, 0.2374473284676846], [0.3021221526139337, 0.41952041725017536, 0.1832840483441364, 0.09507338169175454], [0.2378040672746865, 0.4046032126883967, 0.16348339887687396, 0.1941093210600428], [0.23756988875211071, 0.2911138897347033, 0.37381170031739686, 0.09750452109578907], [0.27155219696571303, 0.3598002385792873, 0.16996296732028518, 0.19868459703471447], [0.11867492202693643, 0.17002493998105275, 0.4479825925385528, 0.26331754535345797], [0.17895029906925392, 0.24848510331499624, 0.32409785243024836, 0.24846674508550148], [0.37615388525470056, 0.3881497362639252, 0.1405843827999003, 0.09511199558147398], [0.3554153687089604, 0.4155760941153023, 0.11361648716957935, 0.11539204990615795], [0.2690415402161369, 0.24499650479635757, 0.3915139763523576, 0.0944479785351479], [0.29695572561168243, 0.321126809054484, 0.17459688558629943, 0.20732057964753411], [0.21204110435694948, 0.1961291966895966, 0.4632131663938005, 0.1286165324596534], [0.23315591659997503, 0.27262405777041054, 0.19946207995783793, 0.2947579455717765], [0.15884792023118957, 0.2788502400320677, 0.23118476110701008, 0.3311170785297326], [0.20935879715366665, 0.3617969722532762, 0.2606057122540424, 0.16823851823901476], [0.10014568566708722, 0.14573818878081954, 0.5248555696932806, 0.22926055575881257], [0.154316800136584, 0.23533824434517198, 0.34782207526993575, 0.26252288014830827], [0.1706483274934538, 0.22965988806857424, 0.47867635371417433, 0.12101543062379766], [0.19179497024562653, 0.3113592703936743, 0.23873593977996244, 0.25810981948073675]], "ideal": "A", "sampled": "A", "correct": true}}
{"type": "result", "data": {"idx": 9, "options": ["Laudatory personality", "Guilt by association", "Reprehensible personality", "Circular reasoning"], "probs": [[0.3168782042674969, 0.3591536932698407, 0.21782356823029786, 0.10614453413236455], [0.2885885152352793, 0.35367776886032476, 0.23929218232348223, 0.11844153348091371], [0.24804197815404047, 0.31362508555997287, 0.3136043729466871, 0.12472856323929954], [0.24904895574198288, 0.33521040271713787, 0.2693277516892116, 0.1464128897516677], [0.2132081069261076, 0.32013769862655383, 0.3201114427789679, 0.14654275156837068], [0.2513868994139474, 0.33835010204731025, 0.2553815727254964, 0.15488142571324603], [0.37034259622352067, 0.3023315780431037, 0.2143732985033782, 0.1129525271299974], [0.34358530556899475, 0.3032799268174826, 0.23251991040675613, 0.12061485710676646], [0.38437141415996945, 0.29941804329359156, 0.20258622624138045, 0.11362431620505856], [0.3460610339467258, 0.3054667526724477, 0.22698932239338765, 0.1214828908874388], [0.33909225965763107, 0.31861779565333703, 0.2155761452634549, 0.12671379932557697], [0.3359086711098017, 0.3156264329944402, 0.21691674835548996, 0.1315481474402681], [0.24359935882634806, 0.3032352969229269, 0.3227716732115386, 0.1303936709391864], [0.24225065155881162, 0.3160316755436725, 0.2877278156155024, 0.15398985718201344], [0.35552155636581656, 0.34467145384914005, 0.20260915177592742, 0.09719783790911594], [0.3132312846879163, 0.34411081155508605, 0.22920897259194897, 0.11344893106504866], [0.2739131070723472, 0.33568241188500003, 0.23432704105635546, 0.15607743988629733], [0.23810680917822882, 0.3255342937839622, 0.2963768629843708, 0.13998203395343817], [0.19978740511643656, 0.30950334203868535, 0.339895034698009, 0.15081421804686912], [0.2355582521124773, 0.3271065202224908, 0.27543197310637724, 0.16190325445865467], [0.2702441372324816, 0.36373360044496394, 0.24609823729104746, 0.11992402493150706], [0.27383223377285093, 0.35723212623922107, 0.24550482811189978, 0.12343081177602822], [0.24882800126055102, 0.32460309039097734, 0.2608067470768578, 0.1657621611716138], [0.2131923703160423, 0.3151494813373027, 0.32512670267658544, 0.14653144557006953]], "ideal": "B", "sampled": "B", "correct": true}}
{"type": "result", "data": {"idx": 10, "options": ["Appeal to ignorance", "Extension", "a priori", "Complex question"], "probs": [[0.20351489466562198, 0.2306826160312305, 0.26966597421753974, 0.29613651498560783], [0.2213474859963671, 0.2214255680775245, 0.33236770332852617, 0.22485924249758224], [0.16506788624864846, 0.21535564108589372, 0.28084803461747365, 0.33872843794798413], [0.17609944759779356, 0.21582295116285075, 0.3558032479379845, 0.25227435320137115], [0.34258962695122025, 0.23925595696130833, 0.23186718616155294, 0.18628722982591847], [0.2791878920393332, 0.24264699579803078, 0.2706625799662798, 0.20750253209635625], [0.21712329462040653, 0.29687549007883923, 0.2619632301350189, 0.2240379850657353], [0.264989352349722, 0.27351531918454997, 0.28216812469210706, 0.179327203673621], [0.13664435931733662, 0.21170318983752884, 0.408034521061073, 0.24361792968406154], [0.1335578242770714, 0.20693690764418785, 0.36315488270533125, 0.2963503852734095], [0.21409266865954668, 0.2209795829286791, 0.38177543305847816, 0.18315231525329606], [0.21022757335412362, 0.24976075809607146, 0.27002297056103974, 0.2699886978887652], [0.15588741235198483, 0.2694520096129737, 0.3052874252682727, 0.2693731526667687], [0.1785551783048647, 0.2518944181532261, 0.3607773834221996, 0.2087730200197096], [0.11578896499401824, 0.20650118174207702, 0.4509789880424736, 0.2267308651214311], [0.10512580643194332, 0.1995898917148356, 0.40947898913193553, 0.28580531262128556], [0.14866151800227792, 0.2064776096422194, 0.45094030798576806, 0.19392056426973459], [0.1732915613881573, 0.24070559080956969, 0.30903136266611164, 0.2769714850361614], [0.3038242277900004, 0.2559494819415275, 0.2559203948766137, 0.18430589529185837], [0.2502148523740551, 0.254251189631166, 0.28806779644194846, 0.20746616145283045], [0.2163029856600966, 0.209732824978098, 0.39178966243177255, 0.18217452683003288], [0.22100307547312448, 0.2317116901771715, 0.2544458394490916, 0.2928393948006124], [0.18168678877920985, 0.20595788953628896, 0.4032021164490902, 0.20915320513541097], [0.198424688032185, 0.22146383425775584, 0.26295577301633377, 0.31715570459372533]], "ideal": "D", "sampled": "A", "correct": false}}
{"type": "result", "data": {"idx": 11, "options": ["Attacking the Person (ad hominem)", "Equivocation", "Begging the Question", "Appeal to Pity"], "probs": [[0.31090332001030746, 0.2498977556544315, 0.200788608196821, 0.23841031603843998], [0.3448753212736777, 0.26451469647540093, 0.20598931039252222, 0.1846206717583991], [0.30681265091713905, 0.2427870152061523, 0.20765826046936403, 0.2427420733073446], [0.36968446875941796, 0.2541603521498302, 0.20421705256497305, 0.1719381264257788], [0.35679119821795247, 0.26112860438596597, 0.19404032824483242, 0.18803986905124911], [0.35819484712491184, 0.2580874187066133, 0.19786790911758412, 0.18584982495089072], [0.27550730516997585, 0.297986482023995, 0.22491783236575774, 0.20158838034027135], [0.30469911123442117, 0.3194238733582478, 0.2127661980634472, 0.16311081724388377], [0.18023084102258818, 0.23512555656466036, 0.34209063645756643, 0.24255296585518502], [0.20221782616089712, 0.23282859523267035, 0.2517154737544033, 0.31323810475202923], [0.2182803568281947, 0.2633706887790838, 0.3226648520703581, 0.1956841022223634], [0.21189203224769163, 0.25171922884691184, 0.2556442839949702, 0.2807444548104263], [0.2781448918579297, 0.2915823415884507, 0.2235493775449754, 0.20672338890864422], [0.3205787741644842, 0.30124520354700046, 0.21696350819791801, 0.16121251399059733], [0.19652976386563292, 0.23345163810081737, 0.3291974414436256, 0.24082115648992408], [0.2119064692019054, 0.23281616664037005, 0.2516959384337481, 0.30358142562397644], [0.24699834354729602, 0.2549071945726356, 0.30268586129925507, 0.19540860048081332], [0.22871694307300522, 0.23977537808069993, 0.2512447275155582, 0.28026295123073663], [0.30209253414873116, 0.297504496693395, 0.2142683288676851, 0.18613464019018874], [0.30577728604860976, 0.2918614490315735, 0.21687908791636878, 0.1854821769034479], [0.22430059311531103, 0.2582399248818603, 0.316378176180673, 0.20108130572215566], [0.22314714225604573, 0.24516636496068658, 0.24512753253404065, 0.286558960149227], [0.23763143586068736, 0.24910299100931393, 0.3099907178862667, 0.203274855143732], [0.22551858758934076, 0.23642292968684914, 0.2438929266073732, 0.2941655560164369]], "ideal": "C", "sampled": "A", "correct": false}}
{"type": "result", "data": {"idx": 12, "options": ["Equivocation", "Affirming the Consequent", "Gambler's Fallacy", "Inconsistency"], "probs": [[0.3072415796437111, 0.26702915823682666, 0.21122191214768127, 0.21450734987178097], [0.28536554317703633, 0.25590010712269645, 0.2258037410211142, 0.232930608579153], [0.3077039053507829, 0.25920685074172534, 0.21825853124004524, 0.2148307125674465], [0.2760360918971857, 0.2514298334892444, 0.22890537167004624, 0.24362870284352364], [0.2830195170807869, 0.261851314605684, 0.23469381381748333, 0.22043535439604578], [0.27577718267731255, 0.25917249142998067, 0.221653499531828, 0.24339682626087872], [0.3165059136507195, 0.258425001154702, 0.21421532649960745, 0.21085375859497105], [0.3027319772507618, 0.24718924249371013, 0.22154479226289484, 0.22853398789263324], [0.31017130148034056, 0.25326069809555557, 0.22001394299431992, 0.21655405732978392], [0.3115165279720124, 0.24654303856027895, 0.22444846068236549, 0.21749197268534315], [0.29520627853302517, 0.24484187362129828, 0.22640298304677955, 0.233548864698897], [0.3112197471662118, 0.25411977982781603, 0.2207458880211817, 0.21391458488479045], [0.3054159328843105, 0.26134813218704245, 0.21664244257194668, 0.21659349225670035], [0.287489856937242, 0.24989176911758237, 0.2204963680807338, 0.2421220057644418], [0.2948558628264257, 0.2562872767192138, 0.2191966920871883, 0.22966016826717223], [0.296065028040828, 0.25335320450285925, 0.22355803511949915, 0.22702373223681357], [0.2873732872095454, 0.24979358910246652, 0.21699436203489195, 0.24583876155309614], [0.29776573178174687, 0.2628979980682689, 0.22484047708647134, 0.21449579296351287], [0.29200643733213566, 0.2701656560354323, 0.22748239675098342, 0.21034550978144861], [0.2860577404212996, 0.26466739175057186, 0.2193948030252407, 0.22988006470288785], [0.2829108493803526, 0.2658727129152871, 0.22386683187828693, 0.22734960572607332], [0.3032545103834626, 0.2762246090460074, 0.21849141687217818, 0.20202946359835178], [0.2859005970356159, 0.26451871190583043, 0.21253082470751636, 0.2370498662510373], [0.3075240299919288, 0.27576876094815295, 0.2181359710793508, 0.19857123788056744]], "ideal": "D", "sampled": "B", "correct": false}}
{"type": "result", "data": {"idx": 13, "options": ["arguing that something is necessarily bad because it doesn't cost very much", "substituting individual stories for a larger sample when supporting a generalization", "arguing that what is true in nature must be true about humans", "the same thing as the  post hoc  fallacy"], "probs": [[0.30866733420285936, 0.3185385787059607, 0.2480712998266648, 0.12472278716451515], [0.25915103762015446, 0.3175696682974571, 0.20503434231265927, 0.2182449516697292], [0.31716413956800155, 0.3430109202598976, 0.22494791128945485, 0.11487702878264597], [0.2832047174167719, 0.36372379277145744, 0.21718126728858728, 0.1358902224231834], [0.22173694603201832, 0.26751228367060703, 0.24740491067662645, 0.2633458595207482], [0.23721281121327964, 0.29528753626578674, 0.31433193467400594, 0.15316771774692767], [0.31892109022806353, 0.29966998019581764, 0.2603501929421585, 0.12105873653396035], [0.2555945889573382, 0.28967721130565455, 0.22914697910481957, 0.22558122053218768], [0.3896620505457107, 0.3333684702401859, 0.1784401344144798, 0.09852934469962357], [0.3576348939709009, 0.3413256628173725, 0.18849622780070724, 0.11254321531101931], [0.22414805814921338, 0.2662364760896618, 0.23494901550598818, 0.27466645015513663], [0.273714461111904, 0.25319904841033974, 0.3354409436677513, 0.13764554671000495], [0.36805462047082943, 0.31984018202445386, 0.20330086070059408, 0.10880433670412262], [0.334847688641442, 0.33491659161079546, 0.20313344893808358, 0.127102270709679], [0.3907618100890975, 0.3343029767374018, 0.16809963439659484, 0.10683557867690585], [0.37090807044051194, 0.33253832657175836, 0.17799648110289162, 0.11855712178483803], [0.30405284330424764, 0.3340220600340455, 0.20902567544094144, 0.1528994211207654], [0.32937771043264635, 0.3094854333227229, 0.219462354709228, 0.14167450143540275], [0.22624260717537037, 0.2645515141715662, 0.26455342152036937, 0.24465245703269403], [0.22958159908226888, 0.2684742092009734, 0.3669680788611335, 0.13497611275562424], [0.23082960910056358, 0.2918526610550002, 0.22377291142394734, 0.2535448183204889], [0.25741194230199316, 0.261519835059707, 0.34110169652279754, 0.13996652601550227], [0.3209715128347808, 0.3581603435933313, 0.20092079048239583, 0.119947352989492], [0.3266209910986884, 0.33706044645127026, 0.21425905502294118, 0.12205950732710011]], "ideal": "C", "sampled": "C", "correct": true}}
{"type": "result", "data": {"idx": 14, "options": ["Style over substance", "Question begging epithets", "Hypostatization", "Amphiboly"], "probs": [[0.24364018399902723, 0.27612678859612494, 0.27183075376598226, 0.2084022735388656], [0.20506494050754268, 0.26335141452527183, 0.2803223174578116, 0.25126132740937385], [0.259967919264547, 0.28556754756742775, 0.25199594715703927, 0.20246858591098593], [0.2336353669150268, 0.29540003562595635, 0.2647760054337844, 0.20618859192523248], [0.18462755173818438, 0.26450647324620236, 0.29048944765467594, 0.2603765272609373], [0.19751276662498785, 0.2829721952087491, 0.30594856455689584, 0.2135664735093672], [0.2375358201304472, 0.26503269282118413, 0.27774075995643543, 0.21969072699193318], [0.20073946710190066, 0.24986057726445882, 0.28757586215314845, 0.26182409338049206], [0.25486469266250183, 0.2756156921111103, 0.25489425656630743, 0.21462535856008044], [0.22637186126745593, 0.2907096531907974, 0.25653848814003727, 0.2263799973017094], [0.19501571027568151, 0.25044210255276744, 0.2837763597548164, 0.27076582731673465], [0.20275340972303368, 0.28153377768562227, 0.2859558164787439, 0.22975699601260016], [0.24889807771485672, 0.2734031717712938, 0.27769753747931036, 0.20000121293453912], [0.21001460207323447, 0.2782717818516076, 0.2916130590916252, 0.2201005568835327], [0.24518090118726668, 0.26931762291304795, 0.28223320418406667, 0.20326827161561872], [0.2130426434506126, 0.28227686458570966, 0.2778888899124597, 0.22679160195121803], [0.18359679377646337, 0.2589559698468193, 0.3324913780063864, 0.22495585827033093], [0.193454795763882, 0.27714736505720305, 0.2996568515443741, 0.22974098753454084], [0.15934054551915353, 0.2468257397166428, 0.3269790708691728, 0.2668546437950308], [0.16549748180641777, 0.2686717211931493, 0.3396184146064648, 0.22621238229396812], [0.16815641771298556, 0.24469887082363254, 0.31418866384148864, 0.27295604752189323], [0.17752785714389047, 0.2793266433298413, 0.3115994883523792, 0.23154601107388897], [0.16112258258888829, 0.2615678725085894, 0.3465053891717018, 0.2308041556308205], [0.1736376382642904, 0.28187741986443865, 0.314444979563353, 0.23003996220791792]], "ideal": "B", "sampled": "C", "correct": false}}
{"type": "result", "data": {"idx": 15, "options": ["Tu quoque", "Composition", "Appeal to the masses", "Appeal to reason"], "probs": [[0.2912073774524498, 0.3052160487050977, 0.24524487918017907, 0.15833169456227345], [0.28995827701644117, 0.31356216408342197, 0.21216080222871628, 0.1843187565714206], [0.30397137996494894, 0.3087922930408676, 0.23675629494206837, 0.1504800319521151], [0.29409830444650986, 0.3332911580486573, 0.21518582631645253, 0.15742471108838033], [0.27645207272542877, 0.30366102762943836, 0.23282013034936533, 0.18706676919576756], [0.22496923466803168, 0.3123709512581343, 0.29806223064567905, 0.164597583328155], [0.3113217353509479, 0.2747660875045668, 0.26218163964510754, 0.15173053739937772], [0.30745049849877115, 0.2888581113398581, 0.22850164428301017, 0.1751897457783606], [0.361583907520855, 0.28606163600023093, 0.21933188378608706, 0.13302257259282702], [0.37039246047630037, 0.30233286907233803, 0.1952022702736479, 0.13207240007771368], [0.32283907163374603, 0.2894205662491411, 0.22539921921028097, 0.16234114280683193], [0.31504746798929995, 0.28688168095339966, 0.2492462061208655, 0.14882464483643487], [0.34108829055953693, 0.265663941599978, 0.24188718509394896, 0.15136058264653607], [0.33660602566214015, 0.2834746539309268, 0.2106577902821645, 0.1692615300247685], [0.3996577322032403, 0.27044660253273944, 0.191774579740876, 0.13812108542314425], [0.4209511389482264, 0.28043990070817315, 0.1597891676360394, 0.13881979260756103], [0.35090916822457197, 0.2955207184329044, 0.20955277665020433, 0.1440173365923193], [0.39249325964380116, 0.28718108791761005, 0.18254270201713413, 0.13778295032145463], [0.26719953810882235, 0.2981142312552173, 0.2510337158478485, 0.18365251468811183], [0.230027627474497, 0.309563244705786, 0.3047593190252107, 0.15564980869450634], [0.32169017192484695, 0.3022329806979261, 0.2143126874947812, 0.1617641597824457], [0.3221234880922927, 0.31224532981833664, 0.2248992703660158, 0.14073191162335486], [0.28384036668801177, 0.3532765612629402, 0.2109484586191366, 0.1519346133299114], [0.3224445879136936, 0.34327667948151097, 0.19559094307850913, 0.13868778942628626]], "ideal": "C", "sampled": "C", "correct": true}}
{"type": "result", "data": {"idx": 16, "options": ["poisoning the well", "suppressed evidence", "appeal to pride", "appeal to the people"], "probs": [[0.23285529709082736, 0.36638302699189335, 0.22222009961230912, 0.1785415762049702], [0.12409017968011919, 0.30240104224054454, 0.4908453512708664, 0.08266342670846982], [0.2618379255593555, 0.3810228052201896, 0.20078436729115534, 0.1563549018292996], [0.16455720486006553, 0.3027036510306659, 0.44042915429560703, 0.09230998971366157], [0.31255340154388844, 0.5153901998875644, 0.11146380919669463, 0.060592589271852536], [0.33924295431047297, 0.4710662100957192, 0.12288817787274552, 0.06680265762106231], [0.21192961297509877, 0.4022304593449795, 0.24017878648684343, 0.1456611410930783], [0.11547261332540547, 0.3139244779442096, 0.501649882680298, 0.06895302595008694], [0.18611893887978484, 0.3760236073366906, 0.2883018681849665, 0.14955558549855807], [0.09492740284080868, 0.2834354490946803, 0.5378619747441047, 0.0837751732204063], [0.23597741735686123, 0.5750964665174398, 0.12832010803131144, 0.060606007994387444], [0.2371656217699031, 0.5690294548495092, 0.12896538020461137, 0.06483954307597636], [0.23866326748930053, 0.39354082351652037, 0.22075579729322695, 0.14704011160095212], [0.1550893096131457, 0.2989732436154296, 0.47035192210560034, 0.07558552456582435], [0.17202297107679462, 0.34215158730529915, 0.33162034048728456, 0.15420510103062166], [0.09262016207647612, 0.25179409415452325, 0.5763624181090067, 0.07922332555999388], [0.27509227093183575, 0.4465940955914586, 0.18616694971047426, 0.09214668366623141], [0.24769361512974059, 0.48504206983890674, 0.17026414577562907, 0.09700016915572361], [0.5162695684234822, 0.2941977701354706, 0.1207448923522553, 0.06878776898879196], [0.5140545061280163, 0.28839359945789317, 0.12798116337085486, 0.06957073094323568], [0.4463667638901127, 0.3068265272004429, 0.16423521790193818, 0.08257149090750623], [0.45812382015936276, 0.3052176946550005, 0.14644705303214256, 0.09021143205349418], [0.47446511555899185, 0.28782066892436325, 0.16145855113023352, 0.0762556642864114], [0.4589576559489265, 0.3057785125003007, 0.14902672614236698, 0.08623710530840581]], "ideal": "D", "sampled": "D", "correct": true}}
