{"type": "result", "data": {"idx": 0, "options": ["ADD.", "AIDA.", "PESTLE.", "SWOT."], "probs": [[0.4547551497190426, 0.3829909248796061, 0.12433449648806266, 0.037919428813288636], [0.4609057111779672, 0.38214711205148877, 0.1147380049725922, 0.042209171697951804], [0.45430862795953236, 0.2629680203772983, 0.22845995380612663, 0.05426339775704272], [0.5694892278603372, 0.22655967859387496, 0.12317418030518475, 0.08077691314060309], [0.44478656843059117, 0.26562651395466386, 0.23809560598818597, 0.051491311526559], [0.5982780411369503, 0.21671169832631682, 0.11242526684750458, 0.07258499358922829], [0.5757289802603822, 0.26362739517730616, 0.11338117083996119, 0.047262453622350487], [0.5865154172260704, 0.2602997048940727, 0.10193212457635493, 0.05125275320350199], [0.5687886136923502, 0.26454703420455034, 0.11923681232709536, 0.047427539676004056], [0.5706470927829653, 0.2532580073954447, 0.11594526652097387, 0.060149633200616164], [0.5838079125702748, 0.255079851176422, 0.11318717263323838, 0.047925063520064835], [0.5813603216046107, 0.2500732419814123, 0.11448800627961328, 0.054078430034363696], [0.40454290518717423, 0.31022302237695715, 0.22694926637970658, 0.058284805956162054], [0.48768356074222075, 0.27792048244438566, 0.14417552839137152, 0.09022042832202207], [0.4274815006592996, 0.360033093505734, 0.1572771364394612, 0.05520826929550523], [0.440111994699336, 0.34281420704274496, 0.14743299780801825, 0.06964080034990085], [0.4665501609004109, 0.22741390254129465, 0.21698627878821508, 0.08904965767007934], [0.3828423235292331, 0.2511126044637845, 0.28452753381877044, 0.08151753808821198], [0.4372094955464464, 0.2912834145333489, 0.22684008272360912, 0.04466700709659564], [0.5607951670028068, 0.2528080547792211, 0.11941366941726886, 0.06698310870070327], [0.45227203779478237, 0.36918563472182886, 0.13580894772413407, 0.04273337965925471], [0.47170232836114845, 0.35059028967321865, 0.1309991222415225, 0.04670825962411043], [0.5465287835928376, 0.20425319942260506, 0.16669795411958535, 0.08252006276497194], [0.4440578884306158, 0.2304086713794381, 0.25303761828944427, 0.07249582180050183]], "ideal": "B", "sampled": "B", "correct": true}}
{"type": "result", "data": {"idx": 1, "options": ["The realm of understanding.", "Personal selling.", "Noise.", "Feedback."], "probs": [[0.288120018448031, 0.3818721600148204, 0.19808975464703707, 0.13191806679011156], [0.3195971798637217, 0.3566766923804535, 0.2489881627163426, 0.07473796493948216], [0.2868328711612751, 0.34614968554305836, 0.24929461066386577, 0.11772283253180074], [0.2567864300772114, 0.31479110607059024, 0.3196868228662667, 0.10873564088593164], [0.3378347208435468, 0.4548345871535278, 0.13869233634712677, 0.06863835555579859], [0.3515357270027612, 0.4515972002413121, 0.11964245527851854, 0.07722461737740814], [0.3376051585815055, 0.3768167607650868, 0.17248984193536823, 0.11308823861803942], [0.366509624530447, 0.355382003347398, 0.20247170779628748, 0.0756366642258675], [0.29508551512560544, 0.304595525463825, 0.27730324448400445, 0.12301571482656509], [0.3273578461916525, 0.30287786186892934, 0.2714705067798782, 0.09829378505953995], [0.3817611349915321, 0.4002445339574119, 0.14954626934625306, 0.06844806160480298], [0.3827321414942629, 0.40757645937967124, 0.12428961322585762, 0.08540178580020825], [0.22725291852786714, 0.40530512599218044, 0.24579516258936268, 0.12164679279058974], [0.21000668091452104, 0.35186618038672934, 0.32031863447326037, 0.11780850412548924], [0.19955384131256254, 0.36721106021357874, 0.3043863909112881, 0.12884870746257057], [0.2137738535423689, 0.3753330865375469, 0.3160272420616608, 0.09486581775842341], [0.26466429844853395, 0.464727449544021, 0.1819537119128802, 0.0886545399945648], [0.24622946402313176, 0.4899313631883343, 0.17740147474874804, 0.08643769793978588], [0.5138752077098996, 0.31672567746409924, 0.10607559187576442, 0.06332352285023672], [0.5440282334712101, 0.31010779942977584, 0.08088734767039252, 0.06497661932862153], [0.5183841086104709, 0.3195005118434356, 0.10210668484789326, 0.06000869459820027], [0.529040690242191, 0.3160289800146919, 0.07989473580593567, 0.07503559383718145], [0.5108054393944175, 0.2911705141484999, 0.12327465689308499, 0.07474938946399763], [0.5103984322514818, 0.2955256612146711, 0.11938605100552308, 0.07468985542832396]], "ideal": "A", "sampled": "D", "correct": false}}
{"type": "result", "data": {"idx": 2, "options": ["In the late 1800s.", "In the early 1900s.", "In the 1920s.", "After the end of the Second World War."], "probs": [[0.33382177349567055, 0.35541689392350373, 0.2057097852024362, 0.1050515472783895], [0.2903418026319524, 0.33423918972255307, 0.24454114996870105, 0.13087785757679352], [0.33075477168030526, 0.34131269189190216, 0.22384687766490016, 0.10408565866289242], [0.305547996082805, 0.32531137725339837, 0.24175826793391095, 0.12738235862988573], [0.29499798131025345, 0.3449411885112936, 0.23707913643495315, 0.12298169364349985], [0.2966872034185794, 0.3523799390666928, 0.23474036063829254, 0.11619249677643526], [0.3440625718497277, 0.35505083728832204, 0.19917266365641412, 0.1017139271055361], [0.29483051767244745, 0.33940808444467213, 0.2369490159684839, 0.12881238181439653], [0.31890264387892486, 0.3189627253613001, 0.248415620960902, 0.11371900969887301], [0.29537441443307616, 0.3096071687148202, 0.24878434092941515, 0.14623407582268846], [0.28130156218132046, 0.3393705835505293, 0.26020858076903747, 0.11911927339911278], [0.282448683389324, 0.34075281528332924, 0.2454388177959875, 0.1313596834313593], [0.3292386804993626, 0.36735647639418356, 0.20607410215705646, 0.09733074084939738], [0.29666885730637743, 0.35236546393685514, 0.23109073934628332, 0.11987493931048412], [0.31984329458736205, 0.351342382629415, 0.2233324216331162, 0.10548190105010678], [0.28579714465565836, 0.33419090008089514, 0.24071414407596664, 0.13929781108747985], [0.2747819946625373, 0.33150425286663626, 0.2791588236913104, 0.11455492867951605], [0.27688743537866023, 0.33404480667352515, 0.2642552731540105, 0.12481248469380407], [0.27539896551896426, 0.3592400198928887, 0.24690645562762892, 0.11845455886051813], [0.28367024445922967, 0.3700273009017577, 0.23520906091953825, 0.11109339361947429], [0.2816134434897239, 0.36165243922509893, 0.2447097784737879, 0.11202433871138924], [0.2983541608539393, 0.3713628427990743, 0.21159966516764936, 0.11868333107933708], [0.26366777011105563, 0.3386063378295351, 0.28071714281365906, 0.11700874914575018], [0.2729153510842091, 0.33970020679562823, 0.26045967961658606, 0.12692476240357659]], "ideal": "C", "sampled": "A", "correct": false}}
{"type": "result", "data": {"idx": 3, "options": ["The level of tangibility associated with the type of product.", "Performance-value.", "Variations in supply and demand.", "The way in which the service is delivered."], "probs": [[0.23310934800232846, 0.3392827409380321, 0.2947685630393731, 0.1328393479202663], [0.2382878423136662, 0.34143458521548226, 0.29664098108421005, 0.12363659128664152], [0.24069156108910303, 0.3448862186457474, 0.2814828497110881, 0.13293937045406146], [0.2384536677590921, 0.34166150772639575, 0.29223635354343774, 0.12764847087107442], [0.26404398283636643, 0.37247308529954093, 0.2481174431773643, 0.11536548858672838], [0.26093950087383183, 0.3680877277456872, 0.2569645864419098, 0.11400818483857117], [0.23048530860153657, 0.36842600056459807, 0.2737886350147615, 0.1273000557191038], [0.23025624334036932, 0.3623488761032197, 0.2821931410860836, 0.12520173937032733], [0.20847114981646422, 0.3492291829556566, 0.3034130560611056, 0.13888661106677358], [0.21042075359915746, 0.33635610311636527, 0.29683322037769355, 0.15638992280678374], [0.2360860582011111, 0.37151599969269034, 0.27180488477436976, 0.12059305723182877], [0.22836931387836865, 0.35938418443459863, 0.2670693735074565, 0.1451771280795762], [0.23804928359989044, 0.3688224851716291, 0.2574747800569552, 0.1356534510715253], [0.2269403500961606, 0.35712889684867505, 0.282505614579941, 0.13342513837522335], [0.20919661533523679, 0.35596591761078045, 0.29975337233754634, 0.13508409461643636], [0.21078310824438806, 0.3422457320462848, 0.2927382966033218, 0.15423286300600536], [0.23906160532435894, 0.3761972430538854, 0.2626279851140015, 0.12211316640775421], [0.23731483238686987, 0.3676781380048672, 0.24878349534292468, 0.14622353416533826], [0.279551763821312, 0.3647160095835091, 0.23918349147492854, 0.11654873502025033], [0.2763847112379255, 0.360570728742782, 0.24781736729051063, 0.11522719262878185], [0.26479906630249467, 0.356424908495812, 0.2648746151919914, 0.11390140990970195], [0.24977918338929034, 0.3415134897712116, 0.2618498840941882, 0.14685744264530984], [0.2638481239423943, 0.35513916343520757, 0.2639190236668193, 0.11709368885557879], [0.25751851835424105, 0.34663741227629064, 0.25361009295981785, 0.14223397630965046]], "ideal": "B", "sampled": "D", "correct": false}}
{"type": "result", "data": {"idx": 4, "options": ["found guilty under the Sherman Antitrust Act and face prison time", "found guilty under the Magnuson-Moss Warranty Act and face large fines", "found guilty under the Adamson Act and face prison time and fines", "found not guilty because retailers are allowed to set their own price levels"], "probs": [[0.37215097972909295, 0.24410036168639834, 0.20236351800108004, 0.18138514048342863], [0.33357802030088596, 0.23291815815026928, 0.2944361567202817, 0.13906766472856302], [0.3603695142018889, 0.2596039849142104, 0.18408333311872638, 0.19594316766517436], [0.3354595999221201, 0.2416631949201914, 0.29149974258308503, 0.13137746247460344], [0.3982273876532935, 0.2824420588562266, 0.20343105189805843, 0.11589950149242148], [0.39696810532790644, 0.29505253494678046, 0.20278580938008192, 0.10519355024523114], [0.35271349020182324, 0.28791397378077904, 0.19787971378553418, 0.1614928221318635], [0.33035797369690206, 0.2826126855718509, 0.26549002921146686, 0.12153931141978018], [0.31247869596454037, 0.2359045182812421, 0.2590911128722486, 0.19252567278196894], [0.32153186677953755, 0.24274723591086547, 0.297421072355287, 0.13829982485431], [0.28054131591651904, 0.22900891597467574, 0.3659520852075791, 0.12449768280122608], [0.378229683275393, 0.27248165414710435, 0.244250092545315, 0.10503856993218762], [0.33181969316918525, 0.2838667417441083, 0.19816628687087748, 0.18614727811582898], [0.3171769820064665, 0.2671382844391781, 0.2933930289478624, 0.12229170450649303], [0.3199422549847055, 0.2165189812276198, 0.2868385187600424, 0.17670024492763228], [0.3233475434955596, 0.22933628004487203, 0.3038190052178518, 0.1434971711417165], [0.3244363584784621, 0.26074497657422074, 0.29545636963204874, 0.11936229521526846], [0.3807568791015134, 0.2786310571357471, 0.21698873909644892, 0.12362332456629058], [0.35785594264981424, 0.3258888367899832, 0.21372111241774713, 0.1025341080424554], [0.3529883131922448, 0.3265128232663044, 0.220927766567065, 0.09957109687438583], [0.27946815724761537, 0.22813456438091612, 0.3702978899793439, 0.12209938829212459], [0.37330487644891786, 0.2566234190253845, 0.2647674699218111, 0.10530423450388658], [0.3310437226787249, 0.2788163146009602, 0.2702354212597637, 0.11990454136055119], [0.3828997101154919, 0.2890841131163561, 0.21482395113698047, 0.11319222553117153]], "ideal": "A", "sampled": "A", "correct": true}}
{"type": "result", "data": {"idx": 5, "options": ["A composite analysis of all environmental factors inside and outside the firm.", "A series of business decisions that aid in selling a product.", "The relationship between a firm's marketing strengths and its business weaknesses.", "A blending of four strategic elements to satisfy specific target markets."], "probs": [[0.353934959462727, 0.3273953345416321, 0.1924625870003725, 0.12620711889526837], [0.3707615760399796, 0.34296101583807076, 0.19541330779187766, 0.090864100230072], [0.3162431403299655, 0.3018097252969882, 0.22781351753104143, 0.15413361674200485], [0.35224120662332137, 0.3157971069689184, 0.23103852282590207, 0.1009231634818582], [0.39508500985638995, 0.3830026416321253, 0.13236390151521074, 0.089548446896274], [0.3989555090655965, 0.37485574275769334, 0.1357637444090775, 0.09042500366763262], [0.3722511751429225, 0.33374585707103754, 0.17314308421925295, 0.120859883466787], [0.39266124125909907, 0.3520444044678397, 0.16629505283029708, 0.08899930134276418], [0.35672885707519786, 0.3248594749373105, 0.1970341383771876, 0.12137752951030402], [0.37781986706664805, 0.32322287225062674, 0.2119735354845511, 0.08698372509817406], [0.40552721934164465, 0.41199855546998254, 0.11089022869589031, 0.0715839963924825], [0.4102670909093892, 0.40398732425684053, 0.1121847646151767, 0.0735608201185936], [0.32521581161918794, 0.3103773249319161, 0.220084678805446, 0.14432218454344997], [0.36501808591194734, 0.3171912015213573, 0.21799588879268367, 0.09979482367401166], [0.3445945356099337, 0.31875803825977195, 0.21567633585206347, 0.12097109017823088], [0.3633367093540018, 0.3207060039248734, 0.2309902929276424, 0.08496699369348235], [0.4141812930722079, 0.3771918398652659, 0.12833052338348933, 0.08029634357903687], [0.4113661607313973, 0.3688250775484283, 0.1335768739049252, 0.08623188771524913], [0.4617312114453159, 0.30763860617068794, 0.13231645128844882, 0.09831373099554726], [0.47535915741460927, 0.2975288242540608, 0.13202935062431193, 0.09508266760701799], [0.46157684917602554, 0.3027658462221648, 0.14755930005028467, 0.08809800445152498], [0.4802623462235832, 0.28683513827488155, 0.1397941729255919, 0.09310834247594331], [0.4735445940501958, 0.3010570980228646, 0.13359329003552833, 0.09180501779141124], [0.4628584566674094, 0.29426792610313957, 0.14119129109240672, 0.1016823260370443]], "ideal": "D", "sampled": "D", "correct": true}}
{"type": "result", "data": {"idx": 6, "options": ["Gatekeepers.", "Buyers.", "Users.", "Initiators."], "probs": [[0.438120017687973, 0.3633048073596877, 0.12361903679837728, 0.07495613805396205], [0.4375879927133527, 0.38029043299219006, 0.11068444365215777, 0.07143713054229944], [0.44722355740436687, 0.3651095737184426, 0.12423401694944967, 0.06343285182774086], [0.445492946379146, 0.3752497378324271, 0.11093495619774717, 0.06832235949067976], [0.42378728807585714, 0.3625901530181204, 0.13763777138007474, 0.07598478742594765], [0.4286908155578914, 0.349987120519908, 0.13285209638509027, 0.08846996743711036], [0.38640956915300656, 0.39878182410836477, 0.14220153860215282, 0.07260706803647587], [0.3840150661077756, 0.41534091161474523, 0.13070596168942694, 0.06993806048805225], [0.35962425018321315, 0.382925405423995, 0.18663243152690842, 0.07081791276588337], [0.3478875483812264, 0.4263756306518086, 0.1593382221251698, 0.06639859874179521], [0.3364631756104122, 0.3813755724635314, 0.20098205949631545, 0.08117919232974093], [0.3340866242455642, 0.39686658678804904, 0.18457382778040218, 0.08447296108598457], [0.4022625298085707, 0.40237360306989145, 0.13269964551267366, 0.0626642215088642], [0.40813539036209046, 0.40825766929265705, 0.11697598719881437, 0.0666309530464381], [0.37378902353450044, 0.3797821813377095, 0.1794072740914012, 0.06702152093638879], [0.3611900073460656, 0.42240350342356875, 0.15062477366422855, 0.06578171546613712], [0.37662038203287934, 0.3767277001957867, 0.17248558996383054, 0.07416632770750341], [0.36746012065729167, 0.41005461181907277, 0.16059071835489358, 0.06189454906874201], [0.35090848015669546, 0.4233951175520713, 0.15098046917492275, 0.07471593301631049], [0.36214185836692786, 0.4041117847787085, 0.14637180107476291, 0.08737455567960069], [0.31831097971131594, 0.4024889436902069, 0.20240101047510134, 0.0767990660233758], [0.3176600384045878, 0.42095381644560165, 0.18106632202641973, 0.08031982302339086], [0.34476638762087763, 0.3907899623247624, 0.18751126898373002, 0.07693238097062992], [0.3376778460595384, 0.4269971890620249, 0.1698597866210482, 0.06546517815738853]], "ideal": "A", "sampled": "A", "correct": true}}
{"type": "result", "data": {"idx": 7, "options": ["Motive development.", "An attitude.", "A self-concept.", "Product evaluation."], "probs": [[0.3542609670818671, 0.30784796061333936, 0.21157100250263777, 0.12632006970215573], [0.38445503777347284, 0.2902518082752336, 0.181629187671744, 0.14366396617954952], [0.3594571488978904, 0.30752371363885855, 0.20484549379481112, 0.12817364356843994], [0.37339785134935854, 0.2908557311772163, 0.184874010292967, 0.15087240708045818], [0.37613019343429555, 0.2667605280609399, 0.2143425047183271, 0.14276677368643742], [0.382572894990526, 0.26299053819813784, 0.21802035296793645, 0.13641621374339968], [0.3152176455643585, 0.29158112777108647, 0.25331977722616994, 0.1398814493383851], [0.35668612054426135, 0.26510978137449415, 0.20971295547940724, 0.16849114250183728], [0.29979499724795095, 0.309370483287474, 0.2447207086330205, 0.14611381073155458], [0.3047265960757199, 0.30957802665746853, 0.230050724274001, 0.1556446528928106], [0.3450182532182244, 0.2524612062527147, 0.22629737373252906, 0.17622316669653187], [0.29464550486335384, 0.26832332004948484, 0.2768300647683744, 0.16020111021878686], [0.352826258673329, 0.2971666930120069, 0.20744678122393748, 0.14256026699072663], [0.37553030248701363, 0.2663416564198227, 0.18885660169620222, 0.1692714392969614], [0.3551911327001584, 0.29452096188228355, 0.21546752542889303, 0.13482037988866502], [0.3700573952066126, 0.2882529494210321, 0.2012263177345003, 0.14046333753785498], [0.3765913247685542, 0.26295173165552854, 0.1984800100128058, 0.1619769334631114], [0.3551568580761979, 0.27664383418643185, 0.2154428298423965, 0.15275647779497376], [0.3653256838354864, 0.28014564093909167, 0.21146167497514531, 0.14306700015027662], [0.38099365854933165, 0.27021514964061183, 0.21711802156902738, 0.13167317014102914], [0.3782164397723286, 0.2945974126968619, 0.1902020098048682, 0.1369841376259413], [0.3415515277141701, 0.3062142866341455, 0.22055045753972655, 0.13168372801195785], [0.3754528612062822, 0.2924537709007791, 0.191791676477288, 0.14030169131565068], [0.3566503822446847, 0.30038177964067714, 0.2096928506879922, 0.13327498732664594]], "ideal": "A", "sampled": "C", "correct": false}}
{"type": "result", "data": {"idx": 8, "options": ["Promotion.", "Product.", "Target market.", "Pricing."], "probs": [[0.2993119016092934, 0.31379064446841987, 0.25611680361873546, 0.13078065020355129], [0.3051745158795783, 0.31995351669180805, 0.2415257286101872, 0.1333462387184264], [0.31267774334908316, 0.3227189206956883, 0.2513417620060467, 0.11326157384918185], [0.32561409955365866, 0.3308591295575912, 0.2309818600033487, 0.11254491078540138], [0.3113565212656247, 0.31639299416410555, 0.25029988209636295, 0.12195060237390684], [0.3245746049895585, 0.3147044934894826, 0.24130039326070965, 0.11942050816024927], [0.3009041547474364, 0.30574968454164486, 0.26983427998705467, 0.12351188062386402], [0.30651310083185174, 0.3114646970914274, 0.2542223036034993, 0.1277998983732216], [0.3152417336161124, 0.3153597806185963, 0.2534069494174915, 0.11599153624779979], [0.32034891601913745, 0.3204686915519092, 0.25352451013827876, 0.10565788219067455], [0.3107430338548815, 0.31576365229310016, 0.24593797323628572, 0.1275553405157326], [0.31613701343253153, 0.3065309501391266, 0.26633742250567566, 0.11099461382266612], [0.31335126883604925, 0.32341622821112515, 0.2598822077866458, 0.10335029506617982], [0.33233893648254476, 0.32730979401807364, 0.23575901637390959, 0.10459225302547202], [0.3105415999578832, 0.3255663513811702, 0.24963010845072212, 0.1142619401102245], [0.32114030711344027, 0.3314568574597461, 0.24633361969162276, 0.10106921563519086], [0.3266505045348617, 0.3319130885774521, 0.23537189731037209, 0.10606450947731405], [0.3240096189956202, 0.3292342346809, 0.2524484863031512, 0.09430765992032858], [0.3073853964567283, 0.3172769068339923, 0.25494230740733265, 0.12039538920194676], [0.3187057839830435, 0.3138849600626664, 0.24830063979902747, 0.11910861605526256], [0.29908519980300774, 0.3235283195648914, 0.24043039975146202, 0.1369560807806388], [0.31072158977969316, 0.3157492115014613, 0.2537147568210319, 0.11981444179781366], [0.3226920101497828, 0.3279020815244025, 0.23251738726487714, 0.11688852096093758], [0.32176104903939773, 0.32695696485402104, 0.24680580747950712, 0.10447617852707415]], "ideal": "C", "sampled": "C", "correct": true}}
{"type": "result", "data": {"idx": 9, "options": ["Classical conditioning.", "Operant conditioning.", "Social learning.", "Behavioural learning."], "probs": [[0.2752674221717225, 0.33210864659802997, 0.2429579794163933, 0.14966595171385422], [0.2682898440472829, 0.3392249390721143, 0.2443155464050575, 0.1481696703755453], [0.27093766348056136, 0.3268815126784276, 0.2428993691067105, 0.15928145463430052], [0.26952584772019905, 0.3251765273133624, 0.24930227547470346, 0.1559953493917351], [0.25957587745538196, 0.3282090772093311, 0.2596117594520678, 0.15260328578321908], [0.25921346962203845, 0.32266693342478203, 0.26333012389499805, 0.1547894729581815], [0.30748701092506187, 0.3377824425359544, 0.22853541371921188, 0.12619513271977184], [0.297596245974345, 0.34260562058837435, 0.2318005114561977, 0.127997621881083], [0.3063836784766801, 0.33657209084757395, 0.23130126984492397, 0.125742960730822], [0.29646178635282355, 0.336010004009829, 0.2419955098089648, 0.1255326997283826], [0.2888744175145238, 0.3378022610803402, 0.24711985883625756, 0.12620346246887837], [0.28751909729943415, 0.33100837465790867, 0.2498336732137709, 0.13163885472888628], [0.2833445923738765, 0.3211360525594479, 0.24620306122518626, 0.1493162937414894], [0.2797449826914469, 0.3220448493635475, 0.2507906555878665, 0.14741951225713915], [0.2884552266444961, 0.32693151610596527, 0.2545933203023388, 0.13001993684719987], [0.28180347610560685, 0.3244226727568331, 0.2606568815749901, 0.13311696946256993], [0.285335787665199, 0.3336615363520966, 0.24409257600526624, 0.13691009987743813], [0.28812322421859343, 0.33170092117143374, 0.25430140603311324, 0.12587444847685964], [0.2921974323872282, 0.3260495357827713, 0.23482125114428473, 0.1469317805857158], [0.2906958037738858, 0.3243672444714932, 0.241027593053771, 0.14390935860085002], [0.29895839092126075, 0.3284186422496441, 0.24403835830632278, 0.12858460842277233], [0.2969573260870255, 0.32116643657056904, 0.25009851154577095, 0.13177772569663454], [0.3015576555791292, 0.33127220968163995, 0.23124290655859184, 0.13592722808063895], [0.3018778652210513, 0.33162940533508783, 0.24259891336515207, 0.12389381597870879]], "ideal": "A", "sampled": "B", "correct": false}}
{"type": "result", "data": {"idx": 10, "options": ["To break down large markets into smaller markets.", "To provide an opportunity to surpass competitors.", "By grouping together customers with similar needs, it provides a commercially viable method of serving these customers.", "To allow the achievement of greater market share."], "probs": [[0.20881386475983058, 0.2681755663045302, 0.3963434156090122, 0.12666715322662697], [0.1523849494247498, 0.23242205032733368, 0.2717308659321901, 0.3434621342157264], [0.30327082397953664, 0.4923808207331834, 0.1187955648485564, 0.08555279033872355], [0.29903192522921457, 0.47055965832775076, 0.1348201104970991, 0.09558830584593556], [0.1563010341323919, 0.25377088404485715, 0.25377088404485715, 0.33615719767789376], [0.2297141769213493, 0.2950219003567687, 0.35035483089623554, 0.12490909172564645], [0.1813995499071605, 0.3665104130444235, 0.3234442962945489, 0.12864574065386705], [0.12992021440160453, 0.3267036378056933, 0.23166677353449627, 0.3117093741582059], [0.21853651592639387, 0.5410121799690664, 0.14790599377254263, 0.09254531023199714], [0.22524268755118665, 0.5489767152343321, 0.13039480051290295, 0.09538579660157827], [0.11431269495395464, 0.2576722070041011, 0.29198183083689416, 0.33603326710505016], [0.16843325148974234, 0.31473950017433344, 0.3856357691146107, 0.13119147912131351], [0.41959287774257126, 0.32177742593250347, 0.1384001045148232, 0.12022959171010204], [0.4100746810026174, 0.30960464474443017, 0.15326975284474229, 0.12705092130821014], [0.3969884396099892, 0.28598984220774576, 0.19965974389524188, 0.11736197418702317], [0.37728452678722274, 0.29388707873266573, 0.18106462059594536, 0.1477637737841662], [0.39892816242365176, 0.29191708344343953, 0.18555977800450982, 0.12359497602839888], [0.37537851925910826, 0.31126072999702636, 0.16402837632446324, 0.14933237431940208], [0.13404533265680726, 0.3267099260957165, 0.21763497588842326, 0.321609765259053], [0.20461756293839808, 0.36484784427880335, 0.3024731621212259, 0.12806143056157268], [0.11196562646699863, 0.23708960411561905, 0.29506668445497514, 0.3558780848624072], [0.16782913360537766, 0.29460839751136464, 0.40269233592412745, 0.13487013285913022], [0.25589107701928304, 0.5011307447310609, 0.14584095339982764, 0.09713722474982849], [0.2505891602191887, 0.5306279023159305, 0.12216012087613548, 0.09662281648874532]], "ideal": "C", "sampled": "C", "correct": true}}
{"type": "result", "data": {"idx": 11, "options": ["Repeat purchases.", "Buyphases.", "Buyclasses.", "Tenders."], "probs": [[0.33755981164269083, 0.43347769002429315, 0.16453714299336217, 0.06442535523965383], [0.3456763639518649, 0.44390156202856357, 0.13329029479636076, 0.07713177912321079], [0.3147822343599595, 0.4303073914686732, 0.19095714530642452, 0.06395322876494276], [0.30851716489650793, 0.4489441017866632, 0.15275311809934033, 0.08978561511748853], [0.283127348213171, 0.37512241207493285, 0.26188910980470875, 0.0798611298071874], [0.2606608109260138, 0.38527526476797297, 0.2566597595302275, 0.09740416467578572], [0.36347265401843804, 0.3692432779167629, 0.19458358712722568, 0.07270048083757337], [0.3809777795887485, 0.38102927800182934, 0.1446283161495539, 0.09336462615986825], [0.38634919726816774, 0.4113234556942464, 0.12742813784735596, 0.07489920909022989], [0.3844483821041018, 0.4092983633563284, 0.11911818472682988, 0.0871350697127399], [0.34908251011106917, 0.35462544421659464, 0.18982525733674493, 0.1064667882355912], [0.35682498075877034, 0.3513376283541045, 0.20019481328382316, 0.091642577503302], [0.33657118173197104, 0.37551909121812643, 0.213973042139277, 0.07393668481062553], [0.33122369150152065, 0.39958667155700545, 0.16657839465593868, 0.10261124218553522], [0.3747317902289152, 0.452081067876939, 0.1090759294840673, 0.06411121231007846], [0.36906958447586885, 0.4522587459587017, 0.10250752647330423, 0.07616414299212523], [0.30078994328381936, 0.3628713082048624, 0.2166889543111312, 0.11964979410018706], [0.31569727311263746, 0.3577795815771791, 0.2346469689776208, 0.09187617623256261], [0.29035312967691407, 0.3907530939428326, 0.240744947121026, 0.07814882915922733], [0.259158917018453, 0.40144021511355654, 0.25122413785401493, 0.08817672991397553], [0.31363786841901553, 0.44932414068299853, 0.15773621984918104, 0.07930177094880494], [0.3242307627192066, 0.4432278606092852, 0.1656310719505549, 0.06691030462095328], [0.2767550646982003, 0.4220563172872011, 0.19937342403325478, 0.10181519388134375], [0.2984517679012093, 0.4144135825928773, 0.21167235618177685, 0.07546229322413656]], "ideal": "C", "sampled": "B", "correct": false}}
{"type": "result", "data": {"idx": 12, "options": ["Winner's curse.", "Winner's price.", "Winner's reward.", "Loss-leader pricing."], "probs": [[0.25667268800173515, 0.319473305892984, 0.23010048953677417, 0.1937535164685067], [0.27171908040842063, 0.33295519644962496, 0.225283424173868, 0.17004229886808636], [0.2596320548339142, 0.3132136510478215, 0.2401424234886595, 0.18701187052960477], [0.2608144321898242, 0.32973641645198454, 0.23018879039055137, 0.17926036086763986], [0.23795697516995926, 0.2961734996660339, 0.2654833376671129, 0.20038618739689393], [0.244613558029509, 0.30445995923812397, 0.2604153156020102, 0.19051116703035684], [0.25754898016413535, 0.3307371338651507, 0.22031322952948576, 0.1914006563412282], [0.2654654800089438, 0.35172073621752636, 0.21668560279313706, 0.16612818088039272], [0.23171063564753153, 0.30224161436391567, 0.2709212818196314, 0.19512646806892145], [0.22906610026056562, 0.2941588715295056, 0.2477010898386928, 0.229073938271236], [0.2329800655316765, 0.3086798694814555, 0.26818179282302673, 0.1901582720638413], [0.22262736820993728, 0.2949664846517746, 0.2562653383912875, 0.2261408086470006], [0.24886017671270733, 0.3401886268969461, 0.2230960858318567, 0.18785511045848985], [0.24198610717639255, 0.35212316580882336, 0.22034842935462054, 0.18554229756016358], [0.23641642221183468, 0.3334355850650546, 0.2516857012352282, 0.1784622913878825], [0.24064717411517192, 0.3238617277972409, 0.22964731540908656, 0.20584378257850067], [0.21511212630243093, 0.30338729329017683, 0.2762324296029075, 0.20526815070448473], [0.2152573305706498, 0.29888484632328133, 0.2637603682194366, 0.2220974547866323], [0.20697048304395443, 0.3107312917398619, 0.27853083607749357, 0.20376738903869004], [0.21164418210852484, 0.3177485607730345, 0.27177978774183215, 0.19882746927660852], [0.21990136292917067, 0.33534313743977195, 0.26527259936984754, 0.17948290016120988], [0.21746563391294352, 0.32142962458926133, 0.2503229789329923, 0.2107817624648028], [0.20289691999891493, 0.31428744278908705, 0.28615467462984245, 0.19666096248215556], [0.2074050250772119, 0.31138588386875354, 0.27053071275020596, 0.21067837820382856]], "ideal": "A", "sampled": "A", "correct": true}}
{"type": "result", "data": {"idx": 13, "options": ["Price bundling.", "Price elasticity.", "Price inelasticity.", "Price inflation."], "probs": [[0.2907888141317323, 0.41014725806910013, 0.19374281645715172, 0.10532111124201585], [0.27623364120765637, 0.4083087115452518, 0.19287502620023675, 0.12258262094685513], [0.22945887531903206, 0.3088200482065624, 0.3445187015343514, 0.11720237484005418], [0.18378040740381904, 0.2937294033987466, 0.25922054822298135, 0.26326964087445304], [0.17410594871783952, 0.2455645145813127, 0.4587789348344285, 0.1215506017664193], [0.15294862826282266, 0.22963888256521753, 0.3447352544697525, 0.27267723460220733], [0.48256355263628936, 0.29273814977279, 0.149526019783757, 0.07517227770716366], [0.45930685319281783, 0.2874733018391438, 0.1538830307673646, 0.09933681410067376], [0.5123795947134377, 0.31572195689019583, 0.11258346198955323, 0.05931498630681315], [0.4717236915683495, 0.3293735405611638, 0.12308641969018741, 0.07581634808029931], [0.47475319388599385, 0.28353303245550704, 0.15659168127711787, 0.08512209228138123], [0.4360413014188548, 0.2905129432063041, 0.18758006439255961, 0.08586569088228144], [0.3589683094492337, 0.30232896722074826, 0.2586021961325594, 0.0801005270974586], [0.30377943225980153, 0.2944829551427017, 0.19617657946104766, 0.2055610330364491], [0.4195754903801328, 0.41313529779980507, 0.10777798494695418, 0.05951122677310795], [0.38729533166035857, 0.42542523013887634, 0.11450576058786344, 0.07277367751290162], [0.3264498260193871, 0.2926728557952415, 0.21413406194694573, 0.16674325613842567], [0.27499623333131124, 0.27503861223563675, 0.3759469259577668, 0.07401822837528522], [0.18705957193469716, 0.2943279234570361, 0.4086410226604298, 0.10997148184783694], [0.16708511855637065, 0.27552013354883514, 0.3026054365955731, 0.2547893111992211], [0.29760735780589925, 0.4831377195361256, 0.14282011771532047, 0.07643480484265461], [0.27757923344686447, 0.47968662258800415, 0.1606787657223049, 0.08205537814282644], [0.22662460662391148, 0.37370052177152374, 0.23386393388936372, 0.16581093761520105], [0.21230824764128917, 0.3393206969902501, 0.35561553435082444, 0.0927555209176363]], "ideal": "B", "sampled": "B", "correct": true}}
{"type": "result", "data": {"idx": 14, "options": ["Relationship marketing.", "Service mix.", "Market exchanges.", "Service failure."], "probs": [[0.3985197810927718, 0.27394469426442253, 0.2133528137006741, 0.11418271084213155], [0.41159873056462404, 0.2873919734395633, 0.18847983426115864, 0.112529461634654], [0.41671008923380204, 0.3348917689107221, 0.1509515342141979, 0.09744660754127794], [0.4089094399996974, 0.3337986766958224, 0.16016308961697168, 0.09712879358750849], [0.4100729524679191, 0.30006644126752446, 0.18778067825346925, 0.10207992791108718], [0.39053383174705886, 0.29026800174889034, 0.21571211353981978, 0.10348605286423103], [0.3273323798398599, 0.3273870671018433, 0.2321527468341354, 0.11312780612416141], [0.338203281130349, 0.354494065010861, 0.19577068088481137, 0.11153197287397863], [0.308872530097846, 0.3288515605851447, 0.25213924799243237, 0.11013666122457695], [0.31922084915078486, 0.3506620049915133, 0.19065325742880415, 0.13946388832889767], [0.2634617109591185, 0.25942647647816325, 0.35458410046864264, 0.12252771199407557], [0.267669677707608, 0.25948554274825186, 0.31792065498033867, 0.1549241244638014], [0.41960806442135323, 0.3372261944032495, 0.14504121976170503, 0.09812452131369223], [0.4129145443026569, 0.33707123991456556, 0.1519337594357191, 0.09808045624705841], [0.3841483478117783, 0.27245580335348807, 0.23671657629278703, 0.10667927244194661], [0.39466322052500663, 0.27992180404131534, 0.1779316094031562, 0.1474833659305218], [0.3605120750863046, 0.27647283464533395, 0.2597206215321531, 0.1032944686362083], [0.37852432756029725, 0.28579103517966054, 0.1964238107540907, 0.13926082640595153], [0.3591268199713451, 0.3764224777848488, 0.17505354395008987, 0.08939715819371627], [0.3450301664356856, 0.3560417373727746, 0.20606068235200903, 0.09286741373953071], [0.30255964620783, 0.2933059654337859, 0.29792028884531313, 0.10621409941307096], [0.3094072341609538, 0.2907173931307946, 0.2646976113054699, 0.13517776130278167], [0.3271782495403415, 0.3708049765098322, 0.2179866497890713, 0.08403012406075494], [0.3449909712401076, 0.3789698509416238, 0.17081801718864842, 0.10522116052962024]], "ideal": "C", "sampled": "A", "correct": false}}
{"type": "result", "data": {"idx": 15, "options": ["Search marketing.", "Internet advertising.", "Permission-based email marketing.", "Social web marketing."], "probs": [[0.13102265677204736, 0.30472933533194174, 0.40370079898528466, 0.16054720881072626], [0.11350386318884953, 0.28099483716704327, 0.25585124586784147, 0.3496500536762657], [0.22463452144300133, 0.49853108822691794, 0.13843221548507462, 0.1384021747450061], [0.2512315177460706, 0.49205671908102777, 0.13037560748687857, 0.12633615558602304], [0.10612624882590471, 0.2282651215563437, 0.23921976981155013, 0.42638885970620144], [0.1517564722038954, 0.3066530662462307, 0.3641552193466105, 0.17743524210326342], [0.15286086953723294, 0.2901641812679336, 0.37257404241931114, 0.18440090667552234], [0.13539662754080803, 0.27358164972934684, 0.24523956705800679, 0.34578215557183833], [0.26303826347571363, 0.47645625326972557, 0.12823333609212614, 0.13227214706243462], [0.2754477005243183, 0.4835776162197051, 0.12614573725013714, 0.11482894590583953], [0.14869938346152498, 0.2822503959179678, 0.2232807956925034, 0.3457694248280038], [0.1838984258036405, 0.3129078009601937, 0.33833773408407347, 0.1648560390520923], [0.37579459128536474, 0.29274765453185336, 0.15669274651236414, 0.17476500757041774], [0.3901680169634468, 0.29923633183878945, 0.15046547575974045, 0.1601301753380233], [0.3824156522368439, 0.31711879369425555, 0.13853727279708225, 0.16192828117181834], [0.3935700659380625, 0.32130852924735975, 0.14257812926400495, 0.14254327545057283], [0.4132680954112813, 0.29774833166227005, 0.13212332325036316, 0.1568602495760855], [0.4004811941818363, 0.2930733342866085, 0.1544387821371804, 0.1520066892943748], [0.08567508373055735, 0.19925162342620875, 0.25187513417373986, 0.46319815856949403], [0.12802983819158087, 0.27973473069254656, 0.41993656750294345, 0.1722988635129291], [0.10170502138830659, 0.2557501773597092, 0.24025505599767188, 0.4022897451543124], [0.1325934906227014, 0.31323524193225627, 0.4085357730299451, 0.14563549431509723], [0.2514493894336434, 0.5161143809994571, 0.12258184594234568, 0.1098543835245538], [0.2332845988157832, 0.5096966433873455, 0.14153125353488424, 0.11548750416198694]], "ideal": "C", "sampled": "C", "correct": true}}
{"type": "result", "data": {"idx": 16, "options": ["Vehicle.", "Courier.", "Transportation.", "Distribution channel."], "probs": [[0.12997512518059837, 0.21102543173110236, 0.2709429859844108, 0.38805645700388847], [0.15409979564647192, 0.26220003794491614, 0.36974400503633414, 0.2139561612722778], [0.13930750099379755, 0.20918600570830975, 0.2728065292682611, 0.37869996392963157], [0.16990486263096835, 0.2632241091927453, 0.3486979395578529, 0.21817308851843345], [0.2898503882870858, 0.4490628905005646, 0.15277523028477985, 0.10831149082756973], [0.28766405814215473, 0.44567229359673477, 0.15401053658195551, 0.11265311157915495], [0.0938994653883594, 0.21498444514073492, 0.30793162947845, 0.3831844598924557], [0.11210792587423254, 0.273228539604727, 0.4298230451021094, 0.1848404893189311], [0.08908267996997887, 0.20396043206231337, 0.30141344438896367, 0.40554344347874405], [0.101663037243054, 0.24777587705209672, 0.4214540672179207, 0.22910701838692854], [0.1709803742583702, 0.4722079915652131, 0.2128289915604546, 0.1439826425159621], [0.1746607519612665, 0.489977166306339, 0.1859646532956169, 0.1493974283367776], [0.10236946779794405, 0.18541543845101272, 0.30093787752340445, 0.4112772161276388], [0.12371898633260693, 0.2499798573312587, 0.40573925942270983, 0.22056189681342458], [0.10566608097836387, 0.20372760749197333, 0.2918084030710803, 0.3987979083585825], [0.12611236804467266, 0.25086735939265215, 0.39465219326711737, 0.22836807919555788], [0.217458412029455, 0.44631525869674726, 0.2043280154262301, 0.1318983137475676], [0.21722182305634657, 0.4672274221425812, 0.185839724733131, 0.12971102996794126], [0.4095222086014278, 0.32404491543543085, 0.15791966137141064, 0.10851321449173074], [0.40915075008583046, 0.3187304972337711, 0.1602627158200454, 0.11185603676035301], [0.3974019525489344, 0.27749852997261076, 0.18776082619701717, 0.13733869118143768], [0.4164133903502242, 0.27746057094152904, 0.17093716305368686, 0.13518887555455994], [0.4005410194157668, 0.27109182686156613, 0.19833025925352493, 0.13003689436914215], [0.4244994430712875, 0.278465423373202, 0.1715548391832028, 0.1254802942723076]], "ideal": "D", "sampled": "D", "correct": true}}
