{"type": "result", "data": {"idx": 0, "options": ["Media release", "Media tour", "Press room", "Promotional days/weeks"], "probs": [[0.17514104356469984, 0.37083919174959906, 0.239435378910408, 0.2145843856752931], [0.20958795588250975, 0.41042612833565567, 0.25286547477393556, 0.127120440907899], [0.1325528621541031, 0.2555416524154706, 0.360366910659993, 0.2515385746704333], [0.14216981191242453, 0.2740793105352335, 0.28277792259705875, 0.3009729548552832], [0.1457407815829443, 0.29444471876194256, 0.38402010150943827, 0.17579439804567484], [0.15533664821025064, 0.31383630630215825, 0.24062103030659585, 0.29020601508099525], [0.2359213899114659, 0.3029923529021644, 0.23597524270962003, 0.2251110143767496], [0.2823068369527581, 0.3353206714843569, 0.253125623029527, 0.12924686843335798], [0.24537695941855464, 0.3007028698620501, 0.22698865828628398, 0.2269315123331113], [0.28985180584119596, 0.3134587015357466, 0.23662043400363922, 0.16006905851941822], [0.3019258722647977, 0.3586149864823872, 0.2075596184457348, 0.13189952270708025], [0.30369251963439514, 0.338855624165028, 0.2023431658542469, 0.15510869024632995], [0.11973842977280094, 0.24572639164851542, 0.3926593958938853, 0.24187578258479833], [0.13897646755115506, 0.2679243345600017, 0.2988876357541466, 0.2942115620346966], [0.1827238296467975, 0.3361412484267607, 0.2537347002450796, 0.2274002215813622], [0.2205191668570184, 0.34698008970456373, 0.2660441358710896, 0.16645660746732832], [0.1649761448642697, 0.31804664972085245, 0.23634430059381303, 0.2806329047210648], [0.16971008956463243, 0.2932697061442297, 0.33231283230362174, 0.20470737188751614], [0.13857538996741228, 0.27135726806788074, 0.4202837645587254, 0.16978357730598154], [0.1620047986345411, 0.2843750118924914, 0.25095668432587176, 0.3026635050470957], [0.22295733126194908, 0.3676705414832107, 0.2487849480973986, 0.1605871790574416], [0.22781707683635088, 0.3474460295604819, 0.23879982884522186, 0.18593706465794538], [0.17093404361681266, 0.30004544701948893, 0.23367414321615412, 0.2953463660475443], [0.17459449690606163, 0.2834372604634226, 0.331369618483118, 0.21059862404739774]], "ideal": "B", "sampled": "B", "correct": true}}
{"type": "result", "data": {"idx": 1, "options": ["Quickly investigate to make certain your product is definitely the cause of the illness.", "Stop all sales of the product throughout the nation and issue a recall for that product.", "Stop sales of the product in the Albany, New York, market and issue a recall for that product.", "Issue a press release to the Albany, New York, market explaining how to treat the symptoms."], "probs": [[0.178704493268046, 0.22248713174415097, 0.294747574363123, 0.3040608005246801], [0.20297795532104132, 0.23008185622775476, 0.23739475009451613, 0.3295454382566878], [0.19838246109938257, 0.27127274059704004, 0.2548471314995808, 0.27549766670399656], [0.2311110118131498, 0.30628622487957774, 0.2241021759316389, 0.23850058727563359], [0.13843502309182287, 0.15209132658050445, 0.3024879738756718, 0.40698567635200084], [0.14574953043496267, 0.16013382909283108, 0.3497957974444236, 0.3443208429277827], [0.19800402517132823, 0.2209636005681863, 0.28372571292253823, 0.2973066612379472], [0.23381943649964673, 0.2096582470675522, 0.22670466857811722, 0.32981764775468386], [0.21752006655186584, 0.23528773379095708, 0.25440972282697616, 0.2927824767302009], [0.20045948029983254, 0.23081273067764485, 0.23814207597244136, 0.33058571295008127], [0.2281712727420607, 0.18628100669196124, 0.25863529790648104, 0.32691242255949704], [0.18330185237915247, 0.20138320314485617, 0.28846810096090464, 0.32684684341508674], [0.23053700073048314, 0.2200716915517273, 0.25329488890759727, 0.29609641871019227], [0.2715359031882547, 0.2323373108869912, 0.22873993215657698, 0.2673868536681771], [0.23069120826150016, 0.21014062820601884, 0.2534683497573793, 0.3056998136751017], [0.21365338880150891, 0.2137380124971813, 0.23109829767864082, 0.34151030092266893], [0.25342151142474717, 0.2069037972645118, 0.2698534388592184, 0.26982125235152254], [0.205435305813273, 0.2023244201934669, 0.2638727426265058, 0.32836753126675433], [0.13111537816096025, 0.17649913971605236, 0.282053292151304, 0.4103321898716834], [0.13807335906058735, 0.18879861200347867, 0.3365866641836544, 0.3365413646522796], [0.17849800786817288, 0.218779648167949, 0.26390666946692704, 0.33881567439695104], [0.15855654836266334, 0.2236859019817854, 0.2872123973199748, 0.33054515223557646], [0.1898621973164417, 0.24389428624737003, 0.27208704564494113, 0.2941564706912471], [0.1667359173131146, 0.25434780118306133, 0.2624186277127108, 0.31649765369111327]], "ideal": "B", "sampled": "C", "correct": false}}
{"type": "result", "data": {"idx": 2, "options": ["community relations", "consumer relations", "employee relations", "public issues"], "probs": [[0.2539785764264614, 0.28341468743508086, 0.22770648853131234, 0.23490024750714544], [0.26634952820184954, 0.3213560926794933, 0.21742390418000215, 0.19487047483865502], [0.2085024478376755, 0.22200653616373556, 0.3179785107645855, 0.2515125051340034], [0.24844965336222474, 0.252416551087887, 0.27291101214540786, 0.22622278330448037], [0.2205530422375757, 0.2539097217121296, 0.3015029250378154, 0.22403431091247927], [0.23826498855942482, 0.26174063657917673, 0.2617213842780556, 0.23827299048334283], [0.24199569631202378, 0.270036059440369, 0.23828213339380197, 0.24968611075380523], [0.25898912160505105, 0.31738698006396104, 0.22504572232729228, 0.19857817590369564], [0.2074161171705731, 0.227857440687282, 0.3065844475916408, 0.2581419944505042], [0.24071918370219014, 0.26033200382561916, 0.2728073461264164, 0.22614146624577425], [0.22445208987655696, 0.27079662274399535, 0.28377279213551937, 0.22097849514392828], [0.23071087894516773, 0.2697846293179617, 0.26146245000131957, 0.23804204163555095], [0.19216709409720564, 0.24680482584168573, 0.32186506154492683, 0.23916301841618182], [0.2266326113335587, 0.2956448914920746, 0.27771563660016263, 0.20000686047420405], [0.21819320129317843, 0.3126290328564959, 0.26737783950145566, 0.20179992624887003], [0.23072793046039075, 0.35743723698391866, 0.24564497562373544, 0.16618985683195514], [0.18864203144323752, 0.25789286530898087, 0.3363337068072227, 0.21713139634055892], [0.17248080464074797, 0.25100325425463643, 0.36518275474701933, 0.21133318625759628], [0.2297467887171834, 0.2815473079399849, 0.272870659800899, 0.21583524344193272], [0.24372011020071435, 0.29404438853502074, 0.24375721409374201, 0.2184782870705229], [0.22738874768758602, 0.30604999342331507, 0.2658848086960027, 0.20067645009309623], [0.22907402426473292, 0.3131734933190248, 0.2555881960259137, 0.2021642862903286], [0.20958681714803434, 0.25286031143610765, 0.32465783242105084, 0.21289503889480715], [0.19434090288478417, 0.24571765982330407, 0.3464923890189107, 0.21344904817300103]], "ideal": "B", "sampled": "B", "correct": true}}
{"type": "result", "data": {"idx": 3, "options": ["1917", "1922", "1925", "1927"], "probs": [[0.27349395244732777, 0.32482252897654346, 0.2529813986291715, 0.14870211984695725], [0.27147005772244964, 0.32749687158035623, 0.2511077410726491, 0.14992532952454507], [0.28576932632014473, 0.3447429393517269, 0.24067696512364953, 0.12881076910447886], [0.27551212493537286, 0.33760725945423686, 0.2394050472824027, 0.14747556822798757], [0.2888309144065844, 0.3377196536829372, 0.24325839850419056, 0.13019103330628776], [0.27688025187702675, 0.3237455044178794, 0.2601453247341248, 0.13922891887096903], [0.3367259652602399, 0.29719845786096016, 0.22787816348828713, 0.13819741329051274], [0.34908054835943886, 0.3033225969662104, 0.21509642368325269, 0.13250043089109803], [0.3534842080495298, 0.30239158415167183, 0.20783827887128206, 0.1362859288275163], [0.3435750151719043, 0.293919967357332, 0.20519638632288265, 0.15730863104788104], [0.3580085390151439, 0.3062604115039875, 0.20402209762711715, 0.13170895175375144], [0.33358734840508164, 0.2944284711994722, 0.23291907609883622, 0.13906510419660992], [0.36866240082952306, 0.31048218569341085, 0.19736468035112634, 0.12349073302593977], [0.36332387543121386, 0.3012454329877592, 0.2038390663754313, 0.13159162510559563], [0.36496600244016597, 0.31221159635428736, 0.18643998996837097, 0.1363824111371757], [0.356987010115062, 0.30538649273996904, 0.19111373098112522, 0.1465127660638437], [0.37307577565013517, 0.2951682981653862, 0.19663197972190893, 0.1351239463625697], [0.3601113855478664, 0.3032825886899934, 0.20203784106141548, 0.1345681846007247], [0.3681291827748889, 0.30522589962929286, 0.2033334909672807, 0.12331142652853753], [0.3631365732573466, 0.291825430431445, 0.21351370748916285, 0.13152428872204555], [0.3716492652521417, 0.3129982649967, 0.1869096010736476, 0.12844286857751064], [0.36191371079640444, 0.3047999143295664, 0.19375127552002305, 0.1395350992540061], [0.3626976283051687, 0.3054613400288937, 0.19417197956974552, 0.137669051996192], [0.3615387164267732, 0.30927864850774217, 0.18759705496360118, 0.14158558000188343]], "ideal": "B", "sampled": "C", "correct": false}}
{"type": "result", "data": {"idx": 4, "options": ["Product-oriented", "Person-oriented", "Idea-oriented", "Message-oriented"], "probs": [[0.2218551933543556, 0.3228945731793805, 0.25944307443885367, 0.19580715892741024], [0.22548091555480898, 0.3082893008705065, 0.2763353123188659, 0.18989447115581862], [0.2316014617449902, 0.34238663312349144, 0.2427812963481355, 0.18323060868338287], [0.23050321979755667, 0.3251610446420152, 0.25322336333280815, 0.19111237212761997], [0.24043521999205508, 0.33918384724991724, 0.2331074098445544, 0.18727352281347326], [0.23563505270069596, 0.3429577801610796, 0.2320473297623507, 0.18935983727587372], [0.2273207523393032, 0.29657492922484247, 0.26584232643098554, 0.21026199190486877], [0.22898936610598333, 0.28065506039219523, 0.285065327333693, 0.20529024606812846], [0.26866650000506653, 0.33445578820243826, 0.2092992999313953, 0.18757841176109988], [0.26621858676283194, 0.33140946436134117, 0.2277672154814395, 0.17460473329438736], [0.275800215762086, 0.3327823132190078, 0.2018449961112507, 0.18957247480765546], [0.2699411591599997, 0.33604819580675976, 0.21696437049616452, 0.17704627443707602], [0.22996440184849998, 0.30955051911431736, 0.26066484656312855, 0.19982023237405414], [0.23436084387342976, 0.2963528632821323, 0.26564612982000824, 0.20364016292442969], [0.2648835896383698, 0.32464371579516677, 0.21966255690922648, 0.19081013755723697], [0.26933732626128953, 0.31994453069348466, 0.23406666514917024, 0.17665147779605556], [0.2789260190286365, 0.3313494373727707, 0.2009712636414553, 0.18875327985713747], [0.27874299881055037, 0.3363388478419612, 0.21046853063386037, 0.17444962261362804], [0.24132860064073014, 0.29120073153445897, 0.26102450876344446, 0.20644615896136645], [0.2423283832329064, 0.29700865453466024, 0.25009786334821427, 0.21056509878421908], [0.28017169651823487, 0.3126592384362372, 0.21155341282686146, 0.19561565211866644], [0.2711114706324788, 0.31706665380406623, 0.22835982864420099, 0.18346204681925396], [0.28466297476645946, 0.33291698494699434, 0.19570955955756272, 0.18671048062898343], [0.2820395995120058, 0.33504327145106566, 0.2064028207097372, 0.17651430822719136]], "ideal": "C", "sampled": "D", "correct": false}}
{"type": "result", "data": {"idx": 5, "options": ["to develop a vision statement", "to interpret trends for management", "to interpret the organization's business plan", "to consider the role public relations might play"], "probs": [[0.12352183828077816, 0.14671639043760573, 0.2917778578638677, 0.4379839133177484], [0.16017350791541637, 0.1902500419165685, 0.40910184988910575, 0.24047460017890934], [0.11816228796206465, 0.1425605192483233, 0.27911747954842525, 0.46015971314118675], [0.1534570558675536, 0.18514073831552363, 0.4043834684568538, 0.25701873726006896], [0.19171376810114382, 0.23495403279926305, 0.3112601087863934, 0.26207209021319977], [0.1968426823889662, 0.2301856542865872, 0.2909790531854066, 0.28199261003903997], [0.14167161930147976, 0.15562840367022127, 0.28624529917683966, 0.41645467775145933], [0.1866292412877982, 0.19562703952105712, 0.389054369561342, 0.22868934952980266], [0.16090574379427272, 0.1852426026503988, 0.24926958232802177, 0.4045820711273067], [0.20971565018848887, 0.2130608270149575, 0.3739367405649164, 0.20328678213163728], [0.2603076773713299, 0.2728687009797426, 0.22978021886972202, 0.23704340267920546], [0.2836262541185373, 0.27070462297616465, 0.23154937873626827, 0.21411974406902973], [0.1289172917475529, 0.15075291691703072, 0.2772744297703988, 0.44305536146501756], [0.17124406736503145, 0.18519729098021792, 0.39823674558238287, 0.24532189597236778], [0.1470230436337363, 0.17192695311646278, 0.2621523556813269, 0.418897647468474], [0.19057288196050112, 0.19666161545152955, 0.40987919535474415, 0.20288630713322517], [0.24501667184117998, 0.26088356191638284, 0.24127531820282627, 0.2528244479396109], [0.2744281034556992, 0.27024394673750357, 0.2347911333026808, 0.22053681640411643], [0.21266295108031627, 0.24104109709840843, 0.2774344889120849, 0.2688614628091904], [0.22042459071009038, 0.23469480778581234, 0.26182009347562984, 0.2830605079284675], [0.25171621881244066, 0.276526204423485, 0.21201919875351735, 0.25973837791055693], [0.27424820437525427, 0.2700612464258843, 0.21363835888042418, 0.24205219021843724], [0.2459275460880571, 0.2659752110271198, 0.21371342558084755, 0.2743838172039756], [0.27577252015016024, 0.27584130391227407, 0.20498708499369808, 0.24339909084386763]], "ideal": "B", "sampled": "D", "correct": false}}
{"type": "result", "data": {"idx": 6, "options": ["When victims of abuse remain silent about the abuse", "When people hide their opinions if they do not agree with the majority", "When people hide their opinions if they are in disagreement with their close peers or family members", "When public relations uses opinion poll results to generate support for a particular issue"], "probs": [[0.21530194899226848, 0.29432508785053946, 0.2943263693504211, 0.19604659370677094], [0.22443495019709978, 0.3265935978982012, 0.22800279471970067, 0.22096865708499835], [0.24859095358123842, 0.3451791210180787, 0.2299426415315593, 0.17628728376912361], [0.23621422753994537, 0.3659107793773111, 0.1989489554846702, 0.19892603749807336], [0.20890462085147862, 0.294640030017237, 0.2559927365524966, 0.24046261247878775], [0.19386365095416166, 0.2691930612412035, 0.2956574050982399, 0.24128588260639494], [0.24595427901277828, 0.28312616271855656, 0.27016626578104713, 0.20075329238761797], [0.24875327934836988, 0.2908569449406247, 0.22301287785999324, 0.23737689775101217], [0.29184875695105866, 0.33595812794498775, 0.2006138860521357, 0.17157922895181785], [0.3097371597160826, 0.3678682610561857, 0.17377305805911128, 0.1486215210686204], [0.24162372174301644, 0.2825185740462124, 0.24165519299639263, 0.2342025111143785], [0.2583976618744715, 0.2838278964320219, 0.2883041758520943, 0.16947026574141233], [0.2945565116657734, 0.2992288007688271, 0.23304499235110043, 0.1731696951142991], [0.27969030856135185, 0.28413344713389016, 0.20788294325877946, 0.22829330094597855], [0.31205402871665033, 0.3219954275168221, 0.20150179558462133, 0.16444874808190624], [0.3534369170312304, 0.3269108533532342, 0.18338368831231197, 0.13626854120322343], [0.2841723561002754, 0.27980244156900463, 0.2248321473373648, 0.2111930548933552], [0.3369083702227331, 0.30203521248658116, 0.2043716609273625, 0.15668475626332323], [0.18537298395487592, 0.29167152317443, 0.2655742247308226, 0.25738126803987144], [0.17375438690330258, 0.26915789851050687, 0.30027435569179, 0.25681335879440054], [0.20251203467871093, 0.3088311162630504, 0.24815455827155034, 0.24050229068668835], [0.20922150270538672, 0.2997381254847961, 0.3092540960038057, 0.18178627570601144], [0.23083140411908484, 0.35202823492218366, 0.21020941984595432, 0.2069309410127772], [0.2592545565370298, 0.3714124129972567, 0.20193580693680424, 0.16739722342890928]], "ideal": "A", "sampled": "C", "correct": false}}
{"type": "result", "data": {"idx": 7, "options": ["Research and evaluation", "Strategy and evaluation", "Strategy and implementation", "Objectives and implementation"], "probs": [[0.3622726417580157, 0.29574220152175595, 0.20010918079456408, 0.14187597582566425], [0.3584855549943417, 0.2836436373254677, 0.21747826361684192, 0.14039254396334866], [0.3860046949448676, 0.29143444352143827, 0.20665516419106583, 0.11590569724262828], [0.36033507345500776, 0.294155436376448, 0.20217036913819214, 0.1433391209303521], [0.3671014278371313, 0.272864674940419, 0.23706387841739984, 0.1229700187050499], [0.35652064949587997, 0.28208600593413385, 0.23022960349325794, 0.1311637409767282], [0.37169113197646275, 0.28062197145066864, 0.2021239071565816, 0.14556298931628694], [0.3571494082965171, 0.2738884213541035, 0.2200734117439888, 0.14888875850539057], [0.38343566080914654, 0.2986834004418875, 0.18115721371214183, 0.1367237249368241], [0.3817227780437216, 0.29734924432642046, 0.18900217113989037, 0.1319258063899675], [0.37069543640042646, 0.28875529332916294, 0.19537593131233638, 0.14517333885807424], [0.36563162357585755, 0.2938526141117535, 0.22180708249047743, 0.11870867972191156], [0.3765264451127227, 0.27125507590442355, 0.21795736251081993, 0.13426111637203378], [0.3576543330788586, 0.2700252532688959, 0.2136039286638279, 0.1587164848884176], [0.39134761104026583, 0.2863756673291698, 0.18489464840091085, 0.1373820731296535], [0.37900966402078434, 0.29523184892563126, 0.1906122416067246, 0.13514624534685982], [0.3491559572294488, 0.2806106763706532, 0.20529517223428362, 0.1649381940656144], [0.37593230601366107, 0.29744809862977056, 0.1861363202147314, 0.140483275041837], [0.36191543933110276, 0.26483368870947854, 0.23371270296620697, 0.13953816889321172], [0.3555105891103619, 0.26840092748706684, 0.23686142538067068, 0.13922705792190063], [0.3645522730644303, 0.2929808548373085, 0.1951668643955167, 0.1473000076027445], [0.3702461906823954, 0.3022448032123158, 0.21099982524788907, 0.11650918075739977], [0.36644097612947046, 0.29913684277021413, 0.19313917764372657, 0.1412830033565888], [0.3738359892106833, 0.3148645232645238, 0.1880146753901283, 0.12328481203466457]], "ideal": "A", "sampled": "C", "correct": false}}
{"type": "result", "data": {"idx": 8, "options": ["Defining the program", "Planning the program", "Taking action and implementing ideas", "Evaluation of the program"], "probs": [[0.23295466946648563, 0.49321518078305226, 0.1704557563261963, 0.10337439332426578], [0.2470837087930294, 0.44747436355202785, 0.17523603585183423, 0.13020589170310848], [0.23233579894556436, 0.44094745986381073, 0.22521580082263054, 0.10150094026799437], [0.2485351264228241, 0.4294867515134478, 0.18472155926764539, 0.1372565626960827], [0.23118111144404796, 0.38720973745274156, 0.2539371810012858, 0.1276719700019246], [0.24145073826505115, 0.3919647873253343, 0.2131066439369801, 0.1534778303726345], [0.2722021997940031, 0.44188312679319475, 0.1651244051244628, 0.12079026818833936], [0.2719993631567658, 0.4148074747923575, 0.16760088751429522, 0.14559227443658146], [0.2761759192877109, 0.42779641478509345, 0.19282799275711024, 0.1031996730700854], [0.25507553329565946, 0.41407492857569206, 0.18089663838251255, 0.1499528996461359], [0.2815252756336356, 0.3848523978548125, 0.21253893633925622, 0.12108339007229571], [0.24514767919349378, 0.3857174044886124, 0.20325798375698936, 0.16587693246090443], [0.2614753686240881, 0.4050359484126874, 0.19132542957982895, 0.14216325328339555], [0.2666923443213493, 0.3942000626259242, 0.17221325890805655, 0.16689433404466994], [0.2563467285325074, 0.41614782185941124, 0.19657619002617313, 0.13092925948190823], [0.24265916960935877, 0.38782182241240865, 0.19198323724609329, 0.1775357706321393], [0.27230941435029704, 0.3840716366362462, 0.20881516607058545, 0.13480378284287126], [0.23449549426021907, 0.3747721369900865, 0.23452258457167044, 0.156209784078024], [0.24110759433022677, 0.3914155007296466, 0.23009682846604315, 0.13738007637408348], [0.25107714905429185, 0.39505866754662206, 0.18660894312495935, 0.16725524017412677], [0.24982575512352279, 0.41844567203135286, 0.21371890340912025, 0.1180096693360041], [0.2246854122550301, 0.4069107709878459, 0.2014301836076087, 0.16697363304951526], [0.2503251209701648, 0.3938690838976943, 0.22795190594157655, 0.12785388909056433], [0.1976504504132873, 0.38102901545870266, 0.27443838525707515, 0.14688214877093492]], "ideal": "B", "sampled": "B", "correct": true}}
{"type": "result", "data": {"idx": 9, "options": ["ingratiation", "downplaying", "distancing", "nonexistence"], "probs": [[0.1889573363615463, 0.35866228276871653, 0.25433519859058235, 0.19804518217915482], [0.20007278023149572, 0.324821501937809, 0.2957478165330778, 0.1793579011976175], [0.18534746102688518, 0.3518147625488534, 0.24948156992749076, 0.21335620639677064], [0.2020827503051586, 0.32300882473390735, 0.2850522270544761, 0.189856197806458], [0.2208244866157628, 0.3474941654899171, 0.25422755638881056, 0.17745379140550957], [0.22552742061743902, 0.3548992573860036, 0.24391564724390372, 0.17565767465265364], [0.18550417378192322, 0.3466574652640306, 0.2576139347776629, 0.21022442607638328], [0.2071769540681605, 0.31598287191679825, 0.29682936492793016, 0.18001080898711105], [0.17839302547619823, 0.32820213861746966, 0.2678729135798019, 0.22553192222653018], [0.20975211885715447, 0.2958736209535847, 0.3149498198596544, 0.17942444022960638], [0.22443451167145972, 0.3215812385938778, 0.2707896136064951, 0.18319463602816732], [0.2358191855125389, 0.31742143958538616, 0.2714979931513065, 0.1752613816507684], [0.17101241901315412, 0.3297297407316709, 0.2691111604467807, 0.23014667970839428], [0.2041845798911798, 0.3114321873984069, 0.2925523264793909, 0.19183090613102244], [0.1684376696049317, 0.32476737124153643, 0.2692351260740003, 0.23755983297953154], [0.20633966036073773, 0.29106727673283156, 0.3147032605497736, 0.1878898022566571], [0.21360634482117194, 0.32076234690544025, 0.2617862068280333, 0.20384510134535452], [0.22263541483686125, 0.3140658093068977, 0.27285071798143107, 0.19044805777481], [0.23439683716327941, 0.3306460776786987, 0.23444569807228532, 0.20051138698573656], [0.23926897637157402, 0.3375234258972414, 0.22482413236218532, 0.1983834652689993], [0.23785974791829653, 0.3201672827927166, 0.24165577414169645, 0.2003171950472904], [0.25407954717951614, 0.3212769962367851, 0.23873637124229172, 0.1859070852414071], [0.24191253605785407, 0.3205783462376196, 0.2273099489971168, 0.2101991686074095], [0.2501388229200269, 0.316298847111705, 0.23873533661862031, 0.19482699324964778]], "ideal": "B", "sampled": "D", "correct": false}}
{"type": "result", "data": {"idx": 10, "options": ["It hasn't", "Doubled", "Tripled", "Quadrupled"], "probs": [[0.21251868882857444, 0.3344456205265217, 0.2371536457725591, 0.21588204477234477], [0.20579863205874224, 0.3289600112395348, 0.25618571803945606, 0.20905563856226694], [0.21813840836879148, 0.312562341769637, 0.25114452462151754, 0.21815472514005396], [0.19859533305857452, 0.31252980694819177, 0.26730853714815767, 0.22156632274507607], [0.2095065501269836, 0.32970770207601735, 0.24120385223587756, 0.2195818954611215], [0.20778035747890866, 0.33213999874787115, 0.23185784529592032, 0.2282217983772999], [0.2852056281697808, 0.3084582044105495, 0.22217709982889733, 0.18415906749077232], [0.2669480065153916, 0.30732884084105294, 0.2393469440892321, 0.18637620845432332], [0.2801970755714994, 0.27590473661331777, 0.28915091484424044, 0.1547472728709424], [0.2668253898424735, 0.25467271748645715, 0.2355383590613962, 0.24296353350967317], [0.27875102394269974, 0.29218611989038307, 0.270225026289174, 0.15883782977774316], [0.27125577752594265, 0.2713287038131648, 0.2180176656038697, 0.2393978529570228], [0.2961129932141126, 0.3008511155796536, 0.23430106739744197, 0.16873482370879184], [0.2785749989681768, 0.29662513287938014, 0.24208940202423876, 0.18271046602820434], [0.2953897074256534, 0.27324574775875404, 0.27324574775875404, 0.15811879695683845], [0.27301452374751684, 0.24865367257056623, 0.24479485285203031, 0.23353695072988662], [0.2723667838191779, 0.27242990513610754, 0.2899928900311606, 0.16521042091355398], [0.25660131143749654, 0.24492580426049143, 0.2648167092778722, 0.23365617492413981], [0.2756886050239847, 0.2981707929176417, 0.23958009416926773, 0.18656050778910585], [0.2848478428057565, 0.29397310489576856, 0.22538640085351846, 0.19579265134495652], [0.2827845555676046, 0.27846140081573545, 0.26988429230560557, 0.1688697512110544], [0.27260260958918, 0.25616287419133144, 0.21909963429466453, 0.252134881824824], [0.270244683741655, 0.2619889637269506, 0.287732805465702, 0.18003354696569246], [0.250680036756955, 0.2319049329610782, 0.2546889852010742, 0.26272604498089264]], "ideal": "C", "sampled": "A", "correct": false}}
{"type": "result", "data": {"idx": 11, "options": ["They both require research monitoring.", "They both deal with acute risks.", "New organizational practices are developed as a result of each.", "Both have the potential to damage an organisation's reputation."], "probs": [[0.2323524251786386, 0.3278239818562279, 0.30320464206265363, 0.13661895080247988], [0.22226618890525066, 0.3185534869874894, 0.3039800316977514, 0.15520029230950852], [0.24056585074438144, 0.33414342007534625, 0.29032023488480796, 0.13497049419546434], [0.23516650495561695, 0.3266248404653081, 0.302081912725758, 0.13612674175331696], [0.24229023219144716, 0.3313362349437576, 0.2747207026612324, 0.15165283010356284], [0.24654836582835132, 0.337136352965253, 0.2883865790021135, 0.12792870210428212], [0.23572118929236072, 0.3223441886928823, 0.3075999663104966, 0.13433465560426042], [0.22283832888530555, 0.3144157639179667, 0.30955998241428506, 0.15318592468244266], [0.25443897786154485, 0.34254868366341656, 0.2709857942333643, 0.1320265441416743], [0.24715654532563003, 0.3432852830117551, 0.28908215693218453, 0.12047601463043031], [0.24922759828459415, 0.3303397595552076, 0.2738905548775487, 0.14654208718264955], [0.2552930154439773, 0.33836490416667125, 0.2894386691972059, 0.11690341109214553], [0.22715069689789882, 0.3411471000143543, 0.28728959389569797, 0.1444126090920489], [0.22456730899949304, 0.3372502326628082, 0.2976289689243234, 0.14055348931337538], [0.2338949168906352, 0.3568082419283198, 0.2651713389765793, 0.14412550210446567], [0.23282809553202266, 0.35516917701984196, 0.28539320823676523, 0.1266095191113701], [0.2490705922273894, 0.36254980076055776, 0.2571053726086594, 0.13127423430339344], [0.2447068858252651, 0.36750242384202697, 0.2647214253333836, 0.12306926489932431], [0.2396342420392871, 0.32770114645510445, 0.28031363662787095, 0.15235097477773749], [0.2475270180172763, 0.338467588299497, 0.28952054912059394, 0.12448484446263275], [0.24930371717238128, 0.33565141246904795, 0.26142143031926957, 0.15362343993930117], [0.2537121119756877, 0.34693657572965153, 0.28317233284326143, 0.11617897935139934], [0.2618751862662699, 0.3525406472410975, 0.25793359065357785, 0.12765057573905478], [0.25624450656825104, 0.355907464648844, 0.2686626274814368, 0.1191854012014681]], "ideal": "B", "sampled": "D", "correct": false}}
{"type": "result", "data": {"idx": 12, "options": ["1917", "1922", "1925", "1927"], "probs": [[0.27349395244732777, 0.32482252897654346, 0.2529813986291715, 0.14870211984695725], [0.27147005772244964, 0.32749687158035623, 0.2511077410726491, 0.14992532952454507], [0.28576932632014473, 0.3447429393517269, 0.24067696512364953, 0.12881076910447886], [0.27551212493537286, 0.33760725945423686, 0.2394050472824027, 0.14747556822798757], [0.2888309144065844, 0.3377196536829372, 0.24325839850419056, 0.13019103330628776], [0.27688025187702675, 0.3237455044178794, 0.2601453247341248, 0.13922891887096903], [0.3367259652602399, 0.29719845786096016, 0.22787816348828713, 0.13819741329051274], [0.34908054835943886, 0.3033225969662104, 0.21509642368325269, 0.13250043089109803], [0.3534842080495298, 0.30239158415167183, 0.20783827887128206, 0.1362859288275163], [0.3435750151719043, 0.293919967357332, 0.20519638632288265, 0.15730863104788104], [0.3580085390151439, 0.3062604115039875, 0.20402209762711715, 0.13170895175375144], [0.33358734840508164, 0.2944284711994722, 0.23291907609883622, 0.13906510419660992], [0.36866240082952306, 0.31048218569341085, 0.19736468035112634, 0.12349073302593977], [0.36332387543121386, 0.3012454329877592, 0.2038390663754313, 0.13159162510559563], [0.36496600244016597, 0.31221159635428736, 0.18643998996837097, 0.1363824111371757], [0.356987010115062, 0.30538649273996904, 0.19111373098112522, 0.1465127660638437], [0.37307577565013517, 0.2951682981653862, 0.19663197972190893, 0.1351239463625697], [0.3601113855478664, 0.3032825886899934, 0.20203784106141548, 0.1345681846007247], [0.3681291827748889, 0.30522589962929286, 0.2033334909672807, 0.12331142652853753], [0.3631365732573466, 0.291825430431445, 0.21351370748916285, 0.13152428872204555], [0.3716492652521417, 0.3129982649967, 0.1869096010736476, 0.12844286857751064], [0.36191371079640444, 0.3047999143295664, 0.19375127552002305, 0.1395350992540061], [0.3626976283051687, 0.3054613400288937, 0.19417197956974552, 0.137669051996192], [0.3615387164267732, 0.30927864850774217, 0.18759705496360118, 0.14158558000188343]], "ideal": "B", "sampled": "C", "correct": false}}
{"type": "result", "data": {"idx": 13, "options": ["270", "600", "2,800", "5,200"], "probs": [[0.18382066760341925, 0.24742332467083475, 0.3435013643085385, 0.22525464331720746], [0.16435105852106213, 0.2354844326218256, 0.36470978905026147, 0.2354547197068508], [0.1983092785439094, 0.2977723345858556, 0.3024563355833477, 0.2014620511868873], [0.19546923655689535, 0.3173644400503767, 0.2550048117827513, 0.23216151150997663], [0.19215161810158005, 0.30237635516516015, 0.29767819792515215, 0.20779382870810761], [0.1935103323941286, 0.3045199649261876, 0.2860623427669301, 0.21590735981275364], [0.1976822883038385, 0.29683422597011555, 0.3014982297491796, 0.2039852558768663], [0.17888153287999253, 0.27283610671253067, 0.3290839941880043, 0.21919836611947247], [0.21634149026233893, 0.3148551425703238, 0.27785868691967996, 0.19094468014765728], [0.19302083837576953, 0.2990370139037104, 0.26390433702071464, 0.24403781059980542], [0.19367133079022605, 0.29538395997908284, 0.30475550886921315, 0.20618920026147794], [0.18601975674645474, 0.28818754647118816, 0.27932341152572226, 0.24646928515663485], [0.23505391089079117, 0.2836052646118077, 0.2706107360218004, 0.2107300883756007], [0.23246079230043826, 0.2848936148400449, 0.2676256716412456, 0.21501992111827117], [0.24106060684477512, 0.3194413280001122, 0.24877887213063565, 0.19071919292447703], [0.22400759492075897, 0.30152082889523146, 0.25390598553720195, 0.22056559054680763], [0.23240270757151388, 0.27178106924175194, 0.29387382983638843, 0.2019423932503457], [0.19922015063112689, 0.24799460527760928, 0.32345464252088285, 0.22933060147038095], [0.21619940124077366, 0.28649703092238876, 0.2776697617144339, 0.21963380602240365], [0.21887141323349046, 0.2811184613782337, 0.2811079411592157, 0.2189021841290601], [0.2184653579970286, 0.2986904382406998, 0.2677370607585199, 0.21510714290375174], [0.2109612469593883, 0.2752288404679223, 0.270959180758285, 0.24285073171440438], [0.23848557469844148, 0.2922852337068097, 0.26200276610615447, 0.20722642538859437], [0.20350833538387142, 0.2613807061258943, 0.3008446141902459, 0.23426634419998837]], "ideal": "C", "sampled": "C", "correct": true}}
{"type": "result", "data": {"idx": 14, "options": ["Enabling", "Functional", "Normative", "Diffused"], "probs": [[0.2654866615489872, 0.2871241612016753, 0.2167229684482301, 0.2306662087011074], [0.28158610217181, 0.29980631766282617, 0.21258918305329938, 0.20601839701206445], [0.27472471369366236, 0.29711239641578974, 0.20740931605979007, 0.22075357373075782], [0.286603144181823, 0.3099502828422098, 0.20646376290450869, 0.19698280997145848], [0.29577198180918585, 0.3004860832914321, 0.20976556522886042, 0.19397636957052167], [0.28784529207411175, 0.306465215468664, 0.21393963588574672, 0.19174985647147755], [0.26275549358813777, 0.28416801359136273, 0.2247826736357531, 0.22829381908474639], [0.27000084516686285, 0.2919970452493495, 0.23097956178262713, 0.20702254770116055], [0.2642219741146383, 0.29025221733088175, 0.2123422983774482, 0.23318351007703172], [0.26484034646665644, 0.29551283843152765, 0.230134169591339, 0.20951264541047693], [0.2939593449841131, 0.2986494853995191, 0.208482307048419, 0.19890886246794884], [0.27541154209882324, 0.2978516772411685, 0.22836018756191898, 0.19837659299808927], [0.2725612168541279, 0.29940974406077203, 0.21904281247834717, 0.20898622650675291], [0.28272468270104156, 0.30575421905074024, 0.2202158453872502, 0.191305252760968], [0.2675183931465138, 0.298503628387891, 0.20514930171258244, 0.22882867665301268], [0.2757563796182175, 0.30769266987440674, 0.21479679752204583, 0.20175415288532994], [0.29710624385587775, 0.30659288860824774, 0.20744381787462202, 0.18885704956125252], [0.2855880515649229, 0.3040640606566578, 0.22595356065824762, 0.18439432702017164], [0.28970003988528154, 0.29895527058697174, 0.21531865640271208, 0.19602603302503463], [0.2819737493709878, 0.3049458861046067, 0.21622714398129173, 0.19685322044311374], [0.2880136496724572, 0.3066497560045583, 0.2010981469490806, 0.20423844727390394], [0.27614063433241076, 0.3033444926337716, 0.2184805157335746, 0.202034357200243], [0.2884067339669357, 0.31190255745961387, 0.2045399576897519, 0.1951507507836985], [0.28011565087113943, 0.3125545568484174, 0.21480487075117158, 0.19252492142927158]], "ideal": "C", "sampled": "D", "correct": false}}
{"type": "result", "data": {"idx": 15, "options": ["Audiences are more vulnerable and passive than ever before.", "Television viewing, in particular, creates increased activity in the right hemisphere of the brain.", "Active receivers are not uniformly affected by mass communication messages.", "Technology has led to increasingly passive recipients at the ends of message transmission systems."], "probs": [[0.262306354546949, 0.2792740082677872, 0.2664962927284686, 0.19192334435679517], [0.2570751126036068, 0.2694613755729169, 0.2824047035771448, 0.19105880814633147], [0.2685417790659676, 0.32398885002489236, 0.2445763461855401, 0.16289302462359992], [0.24366640641337636, 0.31293727363216484, 0.25944997037364204, 0.1839463494808168], [0.2616001445270288, 0.2829097891438157, 0.269971229704182, 0.18551883652497347], [0.2322639593924466, 0.28463033687100636, 0.27160830112388534, 0.21149740251266166], [0.2619816816772311, 0.2833262254506876, 0.27461959565632704, 0.1800724971157542], [0.26715382532854876, 0.2714133221919127, 0.2889304713775299, 0.17250238100200854], [0.26650169489102865, 0.2793488204199869, 0.27935799953528134, 0.1747914850537031], [0.27715882656186847, 0.28601947423935764, 0.2687017917364355, 0.1681199073623384], [0.2681236386682327, 0.2766912404927146, 0.28998301726584147, 0.1652021034732112], [0.28868860433625054, 0.29792198979739354, 0.2588505783246973, 0.1545388274416586], [0.2862477472325531, 0.32442395425663834, 0.23368581082484616, 0.15564248758596239], [0.26360325200916446, 0.31309525575018854, 0.24768963070819788, 0.1756118614324491], [0.2784375895188138, 0.27417180468334607, 0.2784960020654653, 0.1688946036323748], [0.28538285407329, 0.2854389420415107, 0.26399801978818, 0.16518018399701928], [0.2613669892680497, 0.29622444066088843, 0.2655439635019601, 0.17686460646910182], [0.29522106829156675, 0.31432742515584017, 0.23728017228851883, 0.15317133416407427], [0.28237332207876054, 0.282427919930115, 0.2612180851902761, 0.17398067270084835], [0.24728079890875412, 0.2802596306443207, 0.26743756925061524, 0.20502200109631], [0.28849693700025963, 0.26686924295633774, 0.26687937574579756, 0.17775444419760503], [0.31279273236213745, 0.27609865108792614, 0.2436664958203475, 0.1674421206295889], [0.27723586556523294, 0.2951749264898764, 0.24857559797662254, 0.17901360986826806], [0.31810849291693677, 0.303608291089594, 0.2256394792598956, 0.15264373663357358]], "ideal": "C", "sampled": "D", "correct": false}}
{"type": "result", "data": {"idx": 16, "options": ["A politician", "A house of worship", "A government institution", "A publicly-traded company"], "probs": [[0.3205156576236099, 0.24196758503330645, 0.21022742671313527, 0.22728933052994843], [0.34026720609440353, 0.2451144271081781, 0.2266970987883443, 0.18792126790907404], [0.31067103144400005, 0.23822937903406127, 0.22379787264016446, 0.22730171678177422], [0.3116804519722908, 0.24276818737486375, 0.22452652938535272, 0.22102483116749277], [0.34887714750007043, 0.2592945810577817, 0.22179191803764303, 0.17003635330450484], [0.3253603376230183, 0.2574141102001182, 0.2167683159125138, 0.2004572361643497], [0.31384920135431577, 0.2225820802650171, 0.21913170159259482, 0.24443701668807236], [0.3327127247438636, 0.22515470793773437, 0.24345168067099549, 0.19868088654740654], [0.3226571726872304, 0.23243245826471792, 0.2051209092698152, 0.23978945967823653], [0.32979078571735576, 0.2266893785975404, 0.20965338688423038, 0.23386644870087347], [0.3584439456104416, 0.2542087435468142, 0.2042632996831717, 0.18308401105957245], [0.34540489312532585, 0.24495869872504636, 0.19682984052120295, 0.21280656752842483], [0.3277156645669747, 0.2252650015067798, 0.22526586577420624, 0.22175346805203924], [0.3242463469181064, 0.22995534536923162, 0.2263920306933032, 0.21940627691935882], [0.3413224169073553, 0.23098109316034346, 0.20384171299323928, 0.22385477683906196], [0.34382091924623875, 0.229060523813095, 0.2085637983899229, 0.21855475845074335], [0.3456967667681953, 0.24136606627178323, 0.2097041246173449, 0.20323304224267663], [0.3505460671811341, 0.2372189497296065, 0.20934683394345538, 0.202888149045804], [0.3526939241119834, 0.23497368482542602, 0.23497825948163942, 0.17735413148095117], [0.33087617155581006, 0.23835141954422667, 0.2204439937847946, 0.21032841501516863], [0.3678573369612001, 0.2375361770153928, 0.2096273451833906, 0.18497914074001648], [0.3506797745270592, 0.23362987534958699, 0.2029833136896964, 0.21270703633365742], [0.3455056455687274, 0.24503196743851138, 0.2063401166197023, 0.20312227027305887], [0.3505623988540443, 0.23723085575757663, 0.2061120153178099, 0.20609472997056918]], "ideal": "C", "sampled": "D", "correct": false}}
