{"type": "result", "data": {"idx": 0, "options": ["Offerings", "Prayers", "Apparitions", "Idols"], "probs": [[0.31589830545169884, 0.19463913180676312, 0.2275546470388721, 0.26190791560266596], [0.27564325104450715, 0.18946478694377764, 0.30276190329260216, 0.23213005861911304], [0.3055130884567324, 0.19421634365488558, 0.23063518448304263, 0.26963538330533937], [0.27780145321407734, 0.19095244013347656, 0.28220716079408326, 0.24903894575836283], [0.31968897101529886, 0.22320270203500106, 0.22320109270961627, 0.2339072341400838], [0.3226569890653295, 0.23242798445284668, 0.20511695740555946, 0.23979806897626432], [0.2929990124260001, 0.20779030951822505, 0.22821048920005518, 0.2710001887557196], [0.26201371136708673, 0.19779906264350888, 0.30160442890502254, 0.23858279698438184], [0.26200118267894623, 0.18873299375177086, 0.27034449171783415, 0.2789213317514488], [0.2495527900439213, 0.1883934615124639, 0.296383355474388, 0.2656703928692268], [0.2996527298933535, 0.23707145803392676, 0.2262126389845394, 0.23706317298818036], [0.3008015408691736, 0.24940438194456538, 0.20039955971025797, 0.24939451737600302], [0.291766320017104, 0.22025975910993845, 0.23446359087363083, 0.2535103298993267], [0.26957247461879075, 0.20996954170659188, 0.2825414324281627, 0.23791655114645469], [0.26076777340950236, 0.19685808995531898, 0.2733084126025365, 0.2690657239326421], [0.24677277344300572, 0.19220805739054425, 0.3023834020307294, 0.2586357670357206], [0.27402687886677374, 0.2307823368909347, 0.24566546812180137, 0.24952531602049016], [0.28324736453756244, 0.23120808711075844, 0.22762256991836682, 0.2579219783333123], [0.3413750376341337, 0.21033678006497195, 0.2136483543756778, 0.23463982782521658], [0.3430870524165725, 0.21810362065792013, 0.19550605407646351, 0.24330327274904387], [0.3225053596547404, 0.2018388092590018, 0.23597346595510654, 0.23968236503115123], [0.33367782827855236, 0.20883265135584098, 0.20559579131931469, 0.251893728946292], [0.3020224778939516, 0.20438111707368772, 0.23524213623906737, 0.25835426869329325], [0.3175773132973838, 0.2082945282075412, 0.21490822939462748, 0.2592199290004475]], "ideal": "D", "sampled": "D", "correct": true}}
{"type": "result", "data": {"idx": 1, "options": ["Daoism", "Yin-Yang School", "Mengzi", "Humanistic Buddhism"], "probs": [[0.25621176908784954, 0.2191667803530326, 0.26026491491568293, 0.2643565355434349], [0.28009647186763587, 0.2286234706357336, 0.2590637234570889, 0.23221633393954166], [0.2281397235823892, 0.20452041346115957, 0.3167664847995888, 0.2505733780568624], [0.24123558347409113, 0.21625900065280068, 0.27337624269232713, 0.26912917308078105], [0.2696844596938151, 0.21335312404059004, 0.28264730744743166, 0.23431510871816322], [0.24201459050760354, 0.2135941864872095, 0.26582155025061444, 0.2785696726545725], [0.24682773260514088, 0.2355436042703704, 0.25073279068642457, 0.26689587233806417], [0.26896098654204637, 0.24490860467054026, 0.24876475702368206, 0.2373656516637313], [0.19031717520611402, 0.19946790337946538, 0.35007058005689046, 0.2601443412575301], [0.2202507951747523, 0.2134880667780564, 0.26987085950078826, 0.29639027844640303], [0.1992270857242011, 0.1992411375185773, 0.34967578870990873, 0.2518559879473129], [0.21665636348513917, 0.20674801486892352, 0.2613512355230536, 0.3152443860228837], [0.23175899100140848, 0.22464657799322835, 0.29299354910958497, 0.2506008817957782], [0.2316913008458189, 0.2390640377759288, 0.2666945159168578, 0.26255014536139454], [0.20074563911823903, 0.21707546258107507, 0.3362103399706139, 0.24596855823007202], [0.2241692129174596, 0.23494160523064342, 0.2662231365507326, 0.2746660452011644], [0.19515755770639062, 0.2077608406335971, 0.3425378203049491, 0.2545437812550632], [0.20553163263240162, 0.2055455354151726, 0.29906632156363183, 0.28985651028879394], [0.25709041184326814, 0.22338245141112809, 0.2780027902443524, 0.24152434640125134], [0.23003553880099764, 0.22297934692266064, 0.260686856214868, 0.28629825796147373], [0.20124500997177538, 0.204431265902287, 0.3477430602368956, 0.246580663789042], [0.21328607517264392, 0.2067386091552855, 0.2696337441775838, 0.3103415713944868], [0.18537876560559086, 0.2068239213862996, 0.3463598294615042, 0.26143748344660533], [0.1933272543358928, 0.20262100384797485, 0.3138223745886512, 0.29022936712748115]], "ideal": "B", "sampled": "A", "correct": false}}
{"type": "result", "data": {"idx": 2, "options": ["325 CE", "119 CE", "451 CE", "596 CE"], "probs": [[0.26838430359683335, 0.23686785640630945, 0.2857176618630427, 0.2090301780338145], [0.2565604111808217, 0.23729981126051689, 0.29997506287711617, 0.20616471458154526], [0.24070538219331608, 0.2191830393574543, 0.3342136690548578, 0.2058979092943718], [0.21409350417460887, 0.23151060826314676, 0.32648118292888634, 0.22791470453335805], [0.2592385747656055, 0.25128493084905423, 0.2937818213076932, 0.195694672977647], [0.2309144918525942, 0.25762740158883474, 0.3011958047624605, 0.2102623016961106], [0.2357468561181202, 0.24708100765324967, 0.3123386343556618, 0.20483350177296833], [0.22628048397245915, 0.24854287873022163, 0.31913212414071657, 0.20604451305660265], [0.23713669885221123, 0.240890718700958, 0.3191268538849366, 0.20284572846189414], [0.22641879458435402, 0.2448377016038614, 0.31932644129620896, 0.20941706241557562], [0.24892127504966582, 0.26917089633460656, 0.2910417491527475, 0.19086607936298008], [0.24563021589400452, 0.2697942216455224, 0.2871944265198446, 0.19738113584062847], [0.23943539737943384, 0.24322599935406058, 0.3026981561269211, 0.2146404470395845], [0.21380463877580252, 0.24610865847119257, 0.3160086964055403, 0.22407800624746457], [0.2561634595211043, 0.24445345598041815, 0.29029564364163263, 0.20908744075684488], [0.24889310450171676, 0.24125625961822922, 0.3002482860906198, 0.20960234968943423], [0.2207148156094926, 0.25406345392374974, 0.31128502155700555, 0.2139367088097521], [0.24452609550075538, 0.24839832626476407, 0.30434448430905564, 0.20273109382542495], [0.2670655588101344, 0.24701671667931996, 0.2843144876123441, 0.2016032367982015], [0.23710082468999688, 0.24850207564729945, 0.2951024472418368, 0.21929465232086687], [0.273212168684284, 0.23739144557413963, 0.2863497478429688, 0.20304663779860757], [0.27334391660722646, 0.23382423467347915, 0.28648745583876906, 0.2063443927805253], [0.23188613007303638, 0.2430368923445361, 0.30722739831672363, 0.2178495791657039], [0.2602276503779537, 0.24069100615955516, 0.29954686757906934, 0.1995344757834218]], "ideal": "D", "sampled": "D", "correct": true}}
{"type": "result", "data": {"idx": 3, "options": ["Akitu", "Wag and Thoth", "Bast", "Nehebkau"], "probs": [[0.31800487160475605, 0.2515759132316081, 0.21857738166981594, 0.21184183339381993], [0.3391577752708983, 0.2481463662203225, 0.2224411616598175, 0.1902546967489617], [0.3103122664631197, 0.24935963375817152, 0.2270479019199074, 0.21328019775880133], [0.27721692456710234, 0.24466539948726415, 0.23346454001329967, 0.2446531358323338], [0.3274795315093288, 0.24337675439735082, 0.23960839985572122, 0.1895353141375992], [0.2856207617364156, 0.24432567851748158, 0.2405419903995353, 0.22951156924656752], [0.27146803116461804, 0.2845142356238954, 0.23587139384154845, 0.2081463392699381], [0.2865082025241446, 0.2820840179638113, 0.23754160103806682, 0.19386617837397732], [0.20374671229908026, 0.23821753971034926, 0.3307332792765952, 0.2273024686139753], [0.22463262078899915, 0.2317743897206275, 0.250609189246866, 0.2929838001435074], [0.21255757769135228, 0.22984289435702207, 0.34503598969597404, 0.2125635381556516], [0.2273657037170434, 0.2309569727573124, 0.24972598253816644, 0.29195134088747776], [0.2709474522953369, 0.3167897415322709, 0.23177000532559472, 0.18049280074679752], [0.24716750538358503, 0.31247573156582636, 0.23221529325859314, 0.20814146969199548], [0.21061584037498743, 0.2424291931978448, 0.32622700440263336, 0.2207279619245344], [0.22385625872543433, 0.23830372447825215, 0.2458701468142888, 0.2919698698820247], [0.17856264644752412, 0.2257407076651826, 0.3664119054431448, 0.22928474034414853], [0.22134781211409527, 0.2356342559166691, 0.25879496719029876, 0.2842229646789369], [0.2838515340998039, 0.27947071191854034, 0.2505176663148225, 0.18616008756683322], [0.24245278173566082, 0.2834827261360713, 0.24629297483048113, 0.22777151719778677], [0.22015686153098937, 0.23073561372450016, 0.3357183238956381, 0.21338920074887235], [0.2187593546475854, 0.2257135923619817, 0.2518016956226303, 0.3037253572678026], [0.1769658651318888, 0.23082529350036757, 0.3465071073797604, 0.24570173388798322], [0.22750079290527814, 0.23109496783247857, 0.2538081667496049, 0.2875960724126384]], "ideal": "A", "sampled": "A", "correct": true}}
{"type": "result", "data": {"idx": 4, "options": ["Zazen", "Tariki", "Kami", "Ikebana"], "probs": [[0.24252330487100873, 0.17469993752580112, 0.22432171474602866, 0.35845504275716145], [0.24084198831358142, 0.16045078872701557, 0.3615846687429862, 0.23712255411641675], [0.25055726613408336, 0.1749333388948346, 0.22113856011985009, 0.35337083475123193], [0.23435139304512592, 0.16619439173773373, 0.3687225822926009, 0.23073163282453943], [0.3567138909936865, 0.26100531217826045, 0.16590766607055982, 0.21637313065749325], [0.3559443864433295, 0.26454214835752965, 0.1734941555978704, 0.20601930950127043], [0.26244833671734336, 0.19812547863341753, 0.20763571248905163, 0.33179047206018747], [0.26551625129905565, 0.17688810823579018, 0.33047431704077457, 0.22712132332437954], [0.27360221740847657, 0.2065449058803007, 0.20979982612419212, 0.3100530504870306], [0.2548340932720605, 0.18072145223960434, 0.3324022987868471, 0.23204215560148808], [0.3966204526161561, 0.2601372107501059, 0.15292957774290172, 0.1903127587908363], [0.37636460728563437, 0.26691072381119946, 0.152085255009068, 0.2046394137940982], [0.2664152641862162, 0.18600454647462364, 0.21077347975689237, 0.33680670948226776], [0.2597637214961719, 0.17037181808394897, 0.3441649726309675, 0.22569948768891163], [0.26440318011996655, 0.19046088696368615, 0.2261813268543397, 0.3189546059620076], [0.2519779615736438, 0.17051313087932912, 0.3444532905675215, 0.23305561687950552], [0.37263936355916594, 0.2521655596863226, 0.17881533768199873, 0.19637973897251274], [0.3547857489954841, 0.25556938314448846, 0.16761050117661327, 0.22203436658341416], [0.4609114825264644, 0.16694678364514767, 0.15440651772862368, 0.21773521599976425], [0.4521345697845442, 0.1770744253700219, 0.16377391651604595, 0.20701708822938794], [0.47037815342046607, 0.17037659627914467, 0.16006025431849955, 0.1991849958818897], [0.4511617258086168, 0.17395563940322223, 0.15839727693396163, 0.2164853577541993], [0.46017306801086816, 0.17467776980308944, 0.16410110377226994, 0.20104805831377243], [0.4476120404807342, 0.17258584240460326, 0.15471233195438103, 0.2250897850602815]], "ideal": "D", "sampled": "D", "correct": true}}
{"type": "result", "data": {"idx": 5, "options": ["Harmony and balance", "Devotion and piety", "Love and passion", "Goodwill and love"], "probs": [[0.31784191250838467, 0.24755660818192463, 0.20205180043864626, 0.2325496787710444], [0.30287917994094243, 0.2396161222275472, 0.22161072160157672, 0.23589397612993368], [0.25292139866026153, 0.20324267142107175, 0.309911574244628, 0.2339243555740387], [0.28500755769121994, 0.19589414606835073, 0.25549861024749515, 0.2635996858929342], [0.2544111571294296, 0.20443872800751486, 0.30214321160061863, 0.23900690316243692], [0.29833120104667443, 0.20187377927668762, 0.23235958812297375, 0.26743543145366416], [0.321832076197028, 0.22120883069767058, 0.21778204061377596, 0.2391770523915254], [0.3070015815486995, 0.21101475621095883, 0.2428786383958577, 0.23910502374448397], [0.2993952676264355, 0.19331799733669552, 0.28128105818321425, 0.22600567675365474], [0.2954845770225169, 0.19079122229681678, 0.24884160231309616, 0.26488259826757016], [0.295073206766644, 0.19352797873576397, 0.28158479506560447, 0.22981401933198758], [0.308844215478097, 0.19328248548940533, 0.2295316882550895, 0.26834161067740825], [0.2544480637787067, 0.22456573616898712, 0.2928913620683128, 0.22809483788399335], [0.2770763594070705, 0.22615658897646815, 0.2483880929640681, 0.24837895855239328], [0.278946642236034, 0.2423721140734193, 0.25800693417005954, 0.22067430942048713], [0.27510068227729967, 0.24661521978617032, 0.23167544946254345, 0.24660864837398658], [0.24853015313837373, 0.20605100996297934, 0.30452657196645333, 0.24089226483219361], [0.23150088456184018, 0.20752821186050502, 0.3067081846443478, 0.25426271883330703], [0.25311321734818937, 0.21315766453182006, 0.2959416839832643, 0.23778743403672623], [0.28389132020018754, 0.2176815271159882, 0.2317238747841854, 0.26670327779963887], [0.283255627965588, 0.23120382658343838, 0.2579287184463838, 0.22761182690458978], [0.29376300728716825, 0.2360611671560206, 0.21493842875389968, 0.25523739670291146], [0.26649236676412225, 0.19498127696948503, 0.2881693243692238, 0.2503570317971689], [0.24603519988317618, 0.194641471288896, 0.3014701975975317, 0.25785313113039615]], "ideal": "A", "sampled": "B", "correct": false}}
{"type": "result", "data": {"idx": 6, "options": ["Shabad", "Khalse", "Nam", "Guru"], "probs": [[0.41094303739346927, 0.19717859023593884, 0.1852371571063109, 0.20664121516428097], [0.39103414372322326, 0.20606685603883382, 0.19358763962185047, 0.20931136051609242], [0.4266950594939488, 0.21123536474818483, 0.1697375847346806, 0.19233199092318579], [0.3804851826717226, 0.23078428550415514, 0.19133200034570683, 0.1973985313784154], [0.4222923235390732, 0.2058148686244062, 0.18449640156692076, 0.18739640616959982], [0.38934059186824266, 0.22184753914130612, 0.20199871648323922, 0.18681315240721197], [0.30711802837161667, 0.29306524989058486, 0.204595729688212, 0.19522099194958648], [0.29997715350965987, 0.29075962302161373, 0.2094300091057202, 0.19983321426300618], [0.21743197412951087, 0.22434352001772725, 0.3474765069811287, 0.21074799877163314], [0.24157045419228665, 0.2131920722928229, 0.24925121291095154, 0.29598626050393895], [0.24029110369663587, 0.2292963862189832, 0.3183507322946725, 0.21206177768970844], [0.25616821644128684, 0.21572205422151555, 0.23325461146883153, 0.29485511776836604], [0.34981492532160585, 0.29001806002800795, 0.1814939542310274, 0.17867306031935876], [0.31109032031763056, 0.3111053108857901, 0.19775435326506038, 0.1800500154315189], [0.24120349767791932, 0.2162224597814133, 0.3297066537575027, 0.21286738868316468], [0.26408651862016713, 0.20248872341409094, 0.229454833685085, 0.30396992418065694], [0.2577825149966409, 0.23842061698405995, 0.3061428620189823, 0.19765400590031684], [0.2942301288812656, 0.21193283478386563, 0.20865131601614428, 0.28518572021872446], [0.36417188427215247, 0.24259889079283936, 0.20429423176953096, 0.18893499306547717], [0.3326702911920645, 0.2590938662683474, 0.22161949999616648, 0.18661634244342162], [0.25238148503677177, 0.19051502004662954, 0.3343710452447714, 0.2227324495718273], [0.28222840144109734, 0.17118550620643383, 0.24141604014426596, 0.30517005210820286], [0.24809033045806622, 0.2155545236782426, 0.33386418717538807, 0.2024909585883031], [0.30177502921856586, 0.19484739913042787, 0.22427287027164086, 0.2791047012793654]], "ideal": "A", "sampled": "A", "correct": true}}
{"type": "result", "data": {"idx": 7, "options": ["Muhammad's miraculous ascent to heaven", "Muhammad's migration to Mecca", "Muhammad's first community in Mecca", "Muhammad's revelations of the Qur'an"], "probs": [[0.3711972070324021, 0.16995307041705032, 0.1956215562197944, 0.2632281662307532], [0.33240746449528796, 0.1724569453100926, 0.3172051797314285, 0.17793041036319093], [0.34887011415167324, 0.1700328813337918, 0.20510665497099634, 0.2759903494435386], [0.3094354661821477, 0.18768953344403957, 0.29993552860406375, 0.20293947166974902], [0.4483540951757304, 0.2085120826751098, 0.1755909174505119, 0.16754290459864793], [0.40635629273296003, 0.2244206301816207, 0.1831732784572868, 0.1860497985281325], [0.2740894812952151, 0.35195978947994483, 0.18259826028609788, 0.19135246883874218], [0.2775358176688232, 0.35638179309434853, 0.21280799169772693, 0.15327439743910132], [0.16096391792583395, 0.15601774583633976, 0.4375697839546792, 0.24544855218314704], [0.1692324803257248, 0.16148970251359596, 0.38139362844260627, 0.28788418861807297], [0.22051947320940643, 0.23844822172902727, 0.35240714163204445, 0.18862516332952184], [0.23552716915148847, 0.2468427084609979, 0.2507332525787369, 0.2668968697087767], [0.2584879696110683, 0.35333412882132553, 0.1804688423691525, 0.20770905909845364], [0.25410920000352716, 0.369748497423085, 0.20419755271721035, 0.1719447497561775], [0.15763339633607173, 0.15519617727629353, 0.4352645342401195, 0.25190589204751523], [0.15652649802757893, 0.15899867528571193, 0.3874285989952953, 0.29704622759141386], [0.1851386438766768, 0.21310353179353814, 0.3919616943234372, 0.20979612990634788], [0.20077171321375992, 0.20394402132545877, 0.2744387604189031, 0.3208455049418782], [0.36598187681353, 0.2987195849119921, 0.17288982866465682, 0.16240870950982114], [0.3370382634792236, 0.30213494735311813, 0.18041706766989885, 0.1804097213977594], [0.23058452053423364, 0.17680263780975544, 0.39843544953706256, 0.19417739201894835], [0.2600291111809624, 0.17322495836112597, 0.24813746283161997, 0.3186084675262916], [0.2053465992006949, 0.18407943842954433, 0.40840464826314515, 0.20216931400661564], [0.24449970554349723, 0.16805016003508202, 0.26854861580275047, 0.31890151851867027]], "ideal": "A", "sampled": "A", "correct": true}}
{"type": "result", "data": {"idx": 8, "options": ["Laws of Dharma", "Laws of Karma", "Laws of Vishnu", "Laws of Manu"], "probs": [[0.3262586939941229, 0.18590818620712427, 0.2704928557377697, 0.21734026396098313], [0.24810561535261558, 0.18153132496448998, 0.4354664980929737, 0.13489656148992069], [0.2826139162130318, 0.17142343987756725, 0.3152939488993332, 0.23066869491006775], [0.22772360863749086, 0.17461293224494143, 0.452909400398862, 0.1447540586187057], [0.35287226645671005, 0.24636584906651257, 0.2581851366715422, 0.14257674770523518], [0.36095844329078464, 0.248101662734747, 0.2404669332472541, 0.15047296062721424], [0.3136527853604913, 0.196291056587344, 0.2641354562850994, 0.22592070166706535], [0.24292685813044698, 0.18338414081242102, 0.4330898949991669, 0.14059910595796507], [0.22980810116402048, 0.15550448130798036, 0.3848742051651566, 0.2298132122628426], [0.2124631233278912, 0.1603869593213722, 0.4788224087964939, 0.14832750845424272], [0.3132552299560344, 0.24398419985668435, 0.2852419997538592, 0.157518570333422], [0.3344523459838713, 0.24091817023065293, 0.2564519460146847, 0.16817753767079105], [0.28052214675406684, 0.19893200701482527, 0.29862952984643404, 0.22191631628467387], [0.23567003360522507, 0.19236202822731596, 0.4267716470943038, 0.14519629097315512], [0.24655042606806343, 0.17484058885968193, 0.36439666956615296, 0.2142123154061017], [0.22976881383929837, 0.1789570343937114, 0.44291946627720824, 0.148354685389782], [0.3268943228065207, 0.2796323382465258, 0.2506599202698125, 0.14281341857714105], [0.3407262861387942, 0.2695603966443391, 0.24543668327261361, 0.14427663384425307], [0.3793232569021677, 0.19680552792940553, 0.260723310948616, 0.16314790411981075], [0.39286585467505175, 0.1944968940273071, 0.23830112102327564, 0.17433613017436547], [0.3418902746791238, 0.19179780554661205, 0.29706043326324016, 0.16925148641102394], [0.395981478471861, 0.18706332981489046, 0.2328025355465009, 0.1841526560667476], [0.33585257836139004, 0.18548955850636775, 0.2872901985040698, 0.19136766452817242], [0.35513185058552477, 0.17858488164180789, 0.2639305113259006, 0.2023527563467667]], "ideal": "D", "sampled": "D", "correct": true}}
{"type": "result", "data": {"idx": 9, "options": ["The Holy Book", "The Narrative", "The Recitation", "The Pillars"], "probs": [[0.34256880961555614, 0.1749793860889427, 0.2506457827638412, 0.23180602143166], [0.398639500202645, 0.17416435670866698, 0.18539656805653848, 0.2417995749321496], [0.3779939469018172, 0.1842327294200117, 0.21205106691461825, 0.22572225666355283], [0.39857537738197985, 0.18536727680996917, 0.18536772384481826, 0.23068962186323272], [0.3859613720400201, 0.17671727605729579, 0.1881141457335546, 0.2492072060691295], [0.3607652323735244, 0.1758352886336166, 0.21543689597015886, 0.24796258292270007], [0.35199671455682924, 0.23086243521553684, 0.21020213944296864, 0.20693871068466524], [0.3803911804772502, 0.23805941638950123, 0.17146696148588217, 0.21008244154736638], [0.28929615055220753, 0.19272694509916374, 0.3128252951454778, 0.2051516091031509], [0.35275479096357704, 0.21065504219049563, 0.19789160196317387, 0.23869856478275345], [0.2520891167282667, 0.16277095916388365, 0.344584082696909, 0.24055584131094065], [0.27845988919602266, 0.16890545942757834, 0.27416006953478383, 0.27847458174161516], [0.40191591380862446, 0.23262697802582152, 0.17559646329906664, 0.18986064476648734], [0.41236956060117413, 0.23133451200193172, 0.16149752608572884, 0.1947984012111653], [0.30070515119830593, 0.1686912997483318, 0.33028154085485484, 0.20032200809850748], [0.3735468573927798, 0.17372688131601177, 0.19995840786011942, 0.252767853331089], [0.28327759253298895, 0.16141664499168784, 0.33120479189407437, 0.22410097048124883], [0.34052532464774543, 0.1659688924063841, 0.21987261023949847, 0.273633172606372], [0.34266750042193234, 0.24683018761879094, 0.18924964036389064, 0.22125267149538608], [0.3283343759596305, 0.24401400581604937, 0.2054790201046782, 0.22217259801964193], [0.24192696398731095, 0.17156162133117814, 0.35201846143145904, 0.2344929531500519], [0.26883881079672906, 0.17631957635071888, 0.28175620962441766, 0.2730854031281344], [0.25164749090922994, 0.18412027428155492, 0.33864705237427684, 0.2255851823349383], [0.2933803840191892, 0.19241549359447085, 0.247065368971338, 0.267138753315002]], "ideal": "C", "sampled": "A", "correct": false}}
{"type": "result", "data": {"idx": 10, "options": ["Mother of Light", "Father of Goodness", "Ineffable Lover", "Eternal Spirit"], "probs": [[0.29453914476849274, 0.18147327953332057, 0.2640420417509073, 0.25994553384727936], [0.29467749592695314, 0.18732243774448187, 0.28120568391848894, 0.23679438231007605], [0.29936670361843076, 0.18444668695135155, 0.2560788614470327, 0.260107747883185], [0.3022149683062992, 0.19513696103153083, 0.2709208292046964, 0.23172724135747358], [0.3060084924691156, 0.1975884913841262, 0.2617642024160554, 0.23463881363070277], [0.3108871717836736, 0.20389821544775827, 0.2577526684333124, 0.22746194423525573], [0.30601913890048543, 0.17437576206515334, 0.2658924897707353, 0.2537126091636259], [0.30958336588624746, 0.18200734255877984, 0.28190055486721094, 0.22650873658776172], [0.31016521256302115, 0.17952118009674123, 0.25316493569025744, 0.25714867154998017], [0.313487454330304, 0.19314717617847532, 0.2640009044145202, 0.2293644649767005], [0.3262723732603013, 0.19181861267285555, 0.25412086028479763, 0.22778815368204552], [0.3208836268926108, 0.19770474435342075, 0.25385856247600647, 0.22755306617796198], [0.3016743569765506, 0.1978561073982715, 0.2580548447692176, 0.24241469075596037], [0.30466724347010105, 0.20616108791438717, 0.2731202623904891, 0.21605140612502272], [0.29703104493031884, 0.194810539464543, 0.25408139822326437, 0.25407701728187376], [0.30077202917739254, 0.20673207678706873, 0.2654498675468276, 0.2270460263887111], [0.30103176091817935, 0.21016736402252928, 0.26155870118794167, 0.22724217377134967], [0.3003684118254408, 0.21636315655168117, 0.2529554181869134, 0.2303130133359646], [0.3044111223038938, 0.19350925662696206, 0.2686651130844242, 0.23341450788471993], [0.30933392044788743, 0.199733734110886, 0.2646072208616771, 0.2263251244795495], [0.3058153941054987, 0.1944016040011315, 0.26159986461169377, 0.23818313718167608], [0.30298878385127076, 0.20184869159906121, 0.25918080241558344, 0.2359817220340846], [0.2992685049690997, 0.19936796426663006, 0.26828064712343075, 0.23308288354083956], [0.2988361551538558, 0.20540181718508935, 0.2556273157174358, 0.24013471184361904]], "ideal": "B", "sampled": "D", "correct": false}}
{"type": "result", "data": {"idx": 11, "options": ["Bushido", "Shinto", "Nichiren", "Soto Zen"], "probs": [[0.21927723286343298, 0.20924709735208402, 0.3343727588319192, 0.23710291085256383], [0.23873567223045528, 0.2042127519014001, 0.35284393496495736, 0.20420764080318726], [0.2174873533253047, 0.21412700731590428, 0.33686474464243776, 0.23152089461635328], [0.24879755447995516, 0.2195749464348168, 0.3348071326696914, 0.1968203663155366], [0.2909642197528787, 0.219644377837475, 0.2955614063836348, 0.1938299959260114], [0.2817110335035235, 0.22637375512321772, 0.2952437312533139, 0.19667148001994492], [0.21537132031721812, 0.18712853729918322, 0.34960068831527136, 0.2478994539683273], [0.24113564550157504, 0.18489545857391723, 0.3677077645844239, 0.20626113124008383], [0.22777678749002503, 0.1918179598800637, 0.3262920476554988, 0.25411320487441247], [0.2706603624949292, 0.20114802712729668, 0.3421637313571023, 0.1860278789206718], [0.2964973063024227, 0.20700054741814358, 0.2829356406961377, 0.21356650548329603], [0.30084234473081056, 0.21003228423879292, 0.3008573352989701, 0.1882680356314265], [0.23148901413317755, 0.21078464072645914, 0.33683031292124477, 0.22089603211911857], [0.2562227248889285, 0.21917051074697333, 0.3341923653745245, 0.19041439888957368], [0.2495718225714789, 0.2101718571520723, 0.305796763097559, 0.23445955707888982], [0.2752509496905613, 0.21775223961536838, 0.3320315876876555, 0.17496522290641478], [0.2954823628445668, 0.23743965865622327, 0.2732898551952262, 0.1937881232039837], [0.3115638242583417, 0.23154679283489152, 0.29270202354695996, 0.16418735925980682], [0.30903191509542555, 0.19339835979206393, 0.29489548233805685, 0.20267424267445364], [0.28610173717563564, 0.20608245448443163, 0.2951968101920573, 0.21261899804787537], [0.32373324515761, 0.19032357914814857, 0.2769186239698567, 0.20902455162438469], [0.32058060166014163, 0.19445149598561315, 0.296503126591596, 0.1884647756626492], [0.29748369910646266, 0.21095824786587863, 0.28387432018625725, 0.20768373274140148], [0.3228578317268367, 0.20204943717559437, 0.29398075181257544, 0.18111197918499347]], "ideal": "D", "sampled": "D", "correct": true}}
{"type": "result", "data": {"idx": 12, "options": ["Sangat", "Langar", "Gurdwara", "Panth"], "probs": [[0.248241357532909, 0.33406191065362584, 0.23321604031328608, 0.1844806914001791], [0.2401263785159781, 0.36049367068064375, 0.18412682960954316, 0.215253121093835], [0.20481817727452017, 0.2321009521267317, 0.3484282247139508, 0.2146526457847973], [0.23548139278498767, 0.2429655157834883, 0.21441992795677667, 0.30713316337474733], [0.1521051914602519, 0.19228991520209945, 0.4200126778666981, 0.23559221537095054], [0.17589459787354464, 0.19319037515405968, 0.34982975271333494, 0.2810852741590607], [0.33593672510602424, 0.2169058769724424, 0.24966603515035687, 0.19749136267117645], [0.3638915500341619, 0.21729894175150938, 0.18015699503068636, 0.23865251308364238], [0.3505048892815878, 0.23717309962047725, 0.19972541033451907, 0.21259660066341587], [0.34391382845648916, 0.2363786881386098, 0.18699783363555242, 0.23270964966934862], [0.3115786127983716, 0.19806009838626457, 0.22797840962643062, 0.2623828790889332], [0.2995750605760453, 0.20271198449491892, 0.2643974423144111, 0.23331551251462468], [0.24515745041303003, 0.19394457338301033, 0.35119783874814436, 0.20970013735581527], [0.29608848688025746, 0.191176533679918, 0.2166378199837531, 0.29609715935607145], [0.3060215160841918, 0.2830387395790115, 0.20386995676907613, 0.2070697874677206], [0.29522710595714535, 0.28172489578104737, 0.1966819137632575, 0.22636608439854977], [0.247146375537644, 0.17801923517535423, 0.26724620854428593, 0.3075881806427158], [0.20641972122512373, 0.17656882105492155, 0.36801347132817364, 0.2489979862917811], [0.1533741228631861, 0.2413051760149867, 0.385616218790835, 0.21970448223099218], [0.17278821507174108, 0.259397741241179, 0.32791646823112547, 0.23989757535595446], [0.21255811413313921, 0.38491674106692353, 0.19969647525648637, 0.20282866944345088], [0.21289525068345347, 0.3795501404487068, 0.2196711814085867, 0.18788342735925304], [0.1725054855845544, 0.2671922782868025, 0.27140450879310285, 0.28889772723554025], [0.15653176461498708, 0.2501499987732065, 0.3583304209900251, 0.23498781552178136]], "ideal": "B", "sampled": "B", "correct": true}}
{"type": "result", "data": {"idx": 13, "options": ["Buddhism", "Daoism", "Confucianism", "Shamanism"], "probs": [[0.2490115388684271, 0.2866282250185746, 0.23762578477944268, 0.22673445123355557], [0.25676330921466484, 0.28645890948292024, 0.2266092002165206, 0.23016858098589427], [0.223958934402076, 0.23472071740905892, 0.32082648516187706, 0.220493862926988], [0.23036606950789854, 0.24523613219842882, 0.2867122036932127, 0.23768559450045992], [0.21862746121403417, 0.23274082739586305, 0.33338650064154984, 0.21524521064855295], [0.2302018254765144, 0.2375217675925198, 0.2910193502611965, 0.24125705656976926], [0.2817109524921994, 0.2409742921349831, 0.2646611928675158, 0.21265356240530173], [0.2939851792165151, 0.23995835361589432, 0.24757754062389514, 0.21847892644369543], [0.28023016032411524, 0.23233097443148312, 0.275903041992268, 0.2115358231521336], [0.2918331070225633, 0.23450699795683097, 0.26992038291855125, 0.20373951200205445], [0.28036608871448643, 0.22180023456679715, 0.27603771868511773, 0.2217959579335987], [0.2839229829589065, 0.2211321392940346, 0.2839430101204443, 0.21100186752661457], [0.20597403318726468, 0.2297940747302123, 0.34496535305364306, 0.21926653892887996], [0.217277526833741, 0.2386446594953311, 0.3016790747340838, 0.2423987388368441], [0.2324641152595327, 0.2553262228409231, 0.2760768357869653, 0.23613282601257887], [0.23990842697605494, 0.263504177305574, 0.26765671369737065, 0.22893068192100036], [0.21537906135675863, 0.22222697898150598, 0.3183289576254472, 0.24406500193628816], [0.205649179536352, 0.2121903426548449, 0.36663355624785704, 0.21552692146094604], [0.21225993016832498, 0.22952073468176987, 0.3392130979673636, 0.21900623708254155], [0.21888426270209782, 0.23301318632735998, 0.30391055795358196, 0.24419199291696023], [0.24380035695975846, 0.27199599144123, 0.25155845281946393, 0.23264519867954767], [0.24523460862568405, 0.27790540453992796, 0.25702404973320875, 0.21983593700117923], [0.20995253948116469, 0.21662784266176702, 0.32015932557240273, 0.25326029218466556], [0.21055879010477296, 0.21057129217919965, 0.3581968896954219, 0.22067302792060547]], "ideal": "B", "sampled": "B", "correct": true}}
{"type": "result", "data": {"idx": 14, "options": ["Worship", "Submission", "Obedience", "Faith"], "probs": [[0.3811863362407968, 0.2579445540647054, 0.1402422338583894, 0.2206268757361084], [0.3658889749810168, 0.25545264810467183, 0.17016867815751924, 0.2084896986567921], [0.308406258963407, 0.18417019865801715, 0.25173145154981624, 0.2556920907287596], [0.31015802813161386, 0.17129560578968037, 0.2131808495240199, 0.30536551645468585], [0.2842871588823101, 0.19848093684239618, 0.28878722022249104, 0.22844468395280268], [0.3207001936010662, 0.18854157343794622, 0.17990720002182517, 0.3108510328391624], [0.4346824326865847, 0.2021588860453336, 0.14113116911840748, 0.22202751204967425], [0.42166847614703634, 0.19919561144499232, 0.17038296415268694, 0.2087529481552844], [0.4229330231005352, 0.19364520039804084, 0.16053921755112688, 0.2228825588502971], [0.4184251080586378, 0.19766293152161288, 0.1799765783354418, 0.20393538198430747], [0.43438584255383506, 0.2150511922479869, 0.13884866443152527, 0.21171430066665275], [0.43527657437854234, 0.21888627435888877, 0.1369766911276796, 0.20886046003488928], [0.3130725417143716, 0.19901471431097184, 0.23633705781531458, 0.251575686059342], [0.31726754181293243, 0.18363139305113352, 0.21468787213038096, 0.2844131929055531], [0.3377632498403387, 0.22856017944911358, 0.18654760716480165, 0.24712896344574609], [0.3367566117790856, 0.22787938670205088, 0.20748905526278183, 0.22787494615608173], [0.341868171546356, 0.20098643295028018, 0.1692475575487907, 0.2878978378545731], [0.31148352751770825, 0.2107777861924128, 0.2351396048558116, 0.24259908133406735], [0.29331961271213836, 0.19540785251093865, 0.2755700051508945, 0.23570252952602844], [0.3303689805997889, 0.17962960209970671, 0.1796300342334006, 0.31037138296710376], [0.3610323046353955, 0.25206450351955595, 0.1679117082268434, 0.21899148351820516], [0.3674534370368859, 0.2525710538543333, 0.16054392337814652, 0.21943158563063428], [0.33308563625717125, 0.17553440257744213, 0.19278726554335293, 0.2985926955220337], [0.30504264515441065, 0.18503324134188562, 0.26093872601347295, 0.2489853873902308]], "ideal": "B", "sampled": "B", "correct": true}}
{"type": "result", "data": {"idx": 15, "options": ["Suffering", "Soul", "Impermanence", "No-self"], "probs": [[0.18419972726948075, 0.19609468296766255, 0.33881877334818106, 0.28088681631467566], [0.185245933890384, 0.176775472992497, 0.3684317226105812, 0.26954687040653785], [0.21229648587964925, 0.22956359384148456, 0.2443680166953813, 0.3137719034834849], [0.18659600991552674, 0.19864499873052419, 0.3596980655013598, 0.25506092575258926], [0.2525836376543401, 0.268894417920974, 0.196726370033239, 0.28179557429144686], [0.23366398313283732, 0.26479620527946046, 0.24489469063499453, 0.2566451208527077], [0.15879284080456496, 0.1771598484511815, 0.38095257250064674, 0.2830947381436068], [0.1592810374017685, 0.15439114663209524, 0.4067655983204698, 0.2795622175456664], [0.2233147752572221, 0.24528170782246297, 0.216459302846355, 0.3149442139739599], [0.19862300155560766, 0.20817282793824338, 0.31742480394050177, 0.27577936646564716], [0.2570223471709014, 0.26520511110149514, 0.19102067958857719, 0.2867518620390263], [0.2315725683934382, 0.2624310254788228, 0.2352402806046803, 0.27075612542305866], [0.25068024171885783, 0.1777696784820659, 0.25464332480630936, 0.31690675489276693], [0.21346222180172356, 0.17153308049413474, 0.3575056546197306, 0.25749904298441106], [0.27023613450209016, 0.19465711710890649, 0.22404843566561394, 0.3110583126233894], [0.2322154835134026, 0.1780609259698134, 0.3224258874439981, 0.26729770297278593], [0.29246139959244016, 0.23137405857177576, 0.2139859976254398, 0.26217854411034425], [0.2849296714059593, 0.23995553669781625, 0.19893070156166556, 0.27618409023455887], [0.312669371225999, 0.17268401639946035, 0.2115774334990615, 0.3030691787754791], [0.26965045122637604, 0.1768547243640378, 0.29617591806740406, 0.2573189062421821], [0.3145857453031667, 0.18208262322512364, 0.20312899349088706, 0.30020263788082263], [0.2639168798659576, 0.18716141579663725, 0.2766066193304021, 0.2723150849070031], [0.31212437149741307, 0.1953355669779945, 0.22134444115332638, 0.27119562027126604], [0.3050225240422108, 0.20320375843383442, 0.20965469434304457, 0.2821190230809102]], "ideal": "D", "sampled": "D", "correct": true}}
{"type": "result", "data": {"idx": 16, "options": ["Spiritual narratives", "Redemption narratives", "Birth narratives", "Theological narratives"], "probs": [[0.3646318126740548, 0.19216190849295617, 0.23543897970464758, 0.2077672990283414], [0.37225064076857606, 0.19313473709775741, 0.22579493779971865, 0.20881968423394784], [0.37199104591517784, 0.2478178293565751, 0.19603726587497222, 0.1841538587532748], [0.3686980416614084, 0.24562359585760293, 0.19736131121811498, 0.18831705116287362], [0.3745000027192646, 0.19430197526341988, 0.23073675653384645, 0.2004612653834691], [0.3556579861081416, 0.1933824386035202, 0.24830509709647358, 0.2026544780918646], [0.3354974588712804, 0.2166299948851198, 0.23791754171361817, 0.2099550044299816], [0.34509170051938487, 0.21596837041602523, 0.2263293564093281, 0.21261057255526178], [0.32612319255144895, 0.25800181585958637, 0.22415261970391268, 0.19172237178505194], [0.33900943344337264, 0.25591445658796796, 0.2088678590266579, 0.1962082508420015], [0.3298325538305421, 0.19696487484392808, 0.25688695905023906, 0.21631561217529074], [0.32983238515938806, 0.1969649674120295, 0.25688706294786645, 0.216315584380716], [0.3652381976931712, 0.24331983961295708, 0.20489175884512006, 0.1865502037487517], [0.35850370685935123, 0.23883322880014507, 0.2107647429993567, 0.19189832124114695], [0.323092594252669, 0.21190514615615258, 0.2596263405253991, 0.20537591896577928], [0.34123574158553455, 0.2135550433084626, 0.23823313837799176, 0.20697607662801112], [0.3445009239492889, 0.21559914623132337, 0.2405125313680383, 0.19938739835134947], [0.3614814931013529, 0.21926567282966086, 0.22271353336004807, 0.19653930060893815], [0.3593133664385749, 0.21457071171903266, 0.22137955829854306, 0.20473636344384932], [0.33995899107327354, 0.21275702211793246, 0.2410818666784683, 0.20620212003032568], [0.3440875852916853, 0.19606860593674164, 0.24785086892223498, 0.21199293974933803], [0.34074266726118296, 0.19721991724128493, 0.2454416827480421, 0.21659573264949003], [0.3399430811065239, 0.2566195130091586, 0.21274185178536645, 0.19069555399895108], [0.3550405535461693, 0.2557442891532523, 0.1991703659714991, 0.19004479122907927]], "ideal": "C", "sampled": "C", "correct": true}}
{"type": "result", "data": {"idx": 17, "options": ["Vajrayana", "Theravada", "Mahayana", "Mahavira"], "probs": [[0.19353018699141206, 0.2125613540198434, 0.40337428446550666, 0.19053417442323783], [0.22323476108516244, 0.23395845640284402, 0.2735277454807182, 0.26927903693127536], [0.2643393913293695, 0.31887022132769705, 0.24069851993148356, 0.17609186731144988], [0.26905922301667995, 0.3348684162252841, 0.21961478378430815, 0.1764575768737278], [0.19961178598213514, 0.20920051943952736, 0.31404808628470515, 0.2771396081936323], [0.16035202143972957, 0.1964782029193857, 0.4497438668754968, 0.19342590866538795], [0.170233883106101, 0.2220372656676431, 0.41482444467677915, 0.19290440644947676], [0.1932502686784136, 0.24430266020239164, 0.28562206027035747, 0.27682501074883725], [0.22331212299689457, 0.3149368354325568, 0.28231071125489904, 0.17944033021564956], [0.22266147201998068, 0.35031379309708877, 0.2563001291585007, 0.17072460562442984], [0.17129132149890786, 0.2131854593540629, 0.34603756662723095, 0.26948565241979827], [0.12014475524194719, 0.17757248577303464, 0.5219195834567485, 0.18036317542826968], [0.28242831577730215, 0.24539067607480078, 0.2780665970146765, 0.19411441103322055], [0.30022969838954794, 0.24891328809156374, 0.24125747380228263, 0.20959953961660566], [0.2625507155178304, 0.235361221936073, 0.3069722697870763, 0.19511579265902032], [0.28827375170685987, 0.24276465175108364, 0.27082857486877593, 0.19813302157328055], [0.26223702017537054, 0.22784841737401143, 0.27484039288515394, 0.23507416946546408], [0.2503390461158184, 0.22441434705482974, 0.29730408172638945, 0.22794252500296242], [0.19043910217706683, 0.20916475041853738, 0.31893968103706766, 0.2814564662673281], [0.16808642946250513, 0.19347589292605805, 0.4292464383782782, 0.20919123913315862], [0.1759379786030828, 0.1932380939259182, 0.36670404420881436, 0.2641198831621846], [0.137196662072479, 0.16549830383640027, 0.5097756461255938, 0.18752938786552698], [0.21845372670056573, 0.28493235361505387, 0.26767063935913105, 0.22894328022524935], [0.20802791104579027, 0.2799463528122747, 0.2799482899632008, 0.23207744607873423]], "ideal": "C", "sampled": "C", "correct": true}}
