{"type": "result", "data": {"idx": 0, "options": ["0", "4", "2", "6"], "probs": [[0.005810511465651874, 0.46800891911426973, 0.471776886446799, 0.05440368287327943], [0.012532321945052731, 0.1273500642540185, 0.8580482745102949, 0.0020693391906338853], [0.022011179105784134, 0.9146721208819092, 0.03540727436437014, 0.02790942554793655], [0.06455373279858005, 0.07771324680390007, 0.8503520832387821, 0.007380937058737725]], "ideal": "B", "sampled": "D", "correct": false}}
{"type": "result", "data": {"idx": 1, "options": ["8", "2", "24", "120"], "probs": [[0.01831831088142773, 0.7601083129100308, 0.2159705370179761, 0.005602839090565362], [0.310727557189161, 0.4010876297225518, 0.27350913660446163, 0.014675676383825546], [0.060493111597420615, 0.2602165501065103, 0.6604692745209251, 0.01882106367514404], [0.058144854938872365, 0.35003419924675916, 0.5733175148990193, 0.018503430815349213]], "ideal": "C", "sampled": "B", "correct": false}}
{"type": "result", "data": {"idx": 2, "options": ["0", "1", "0,1", "0,4"], "probs": [[0.014658909081805676, 0.11149271381752789, 0.8658506104695726, 0.007997766531093858], [0.044173672420618905, 0.6115515776261417, 0.3336494238687026, 0.010625325984536839], [0.0695729578891628, 0.5128354066698289, 0.3789553075644249, 0.03863632777658342], [0.2313952812736883, 0.4507556095493771, 0.2671285052964738, 0.05072060378046076]], "ideal": "D", "sampled": "C", "correct": false}}
{"type": "result", "data": {"idx": 3, "options": ["True, True", "False, False", "True, False", "False, True"], "probs": [[0.022828488408238062, 0.04776281660602906, 0.9049815966846264, 0.024427098201106435], [0.01125065320873269, 0.08551727907840362, 0.7889048986277989, 0.11432716898506479], [0.024753377991738754, 0.076549056749077, 0.8868779952159822, 0.011819569943202083], [0.07500933799135613, 0.377842393644797, 0.48523059120965567, 0.06191767705419122]], "ideal": "B", "sampled": "A", "correct": false}}
{"type": "result", "data": {"idx": 4, "options": ["2x^2 + 5", "6x^2 + 4x + 6", "0", "x^2 + 1"], "probs": [[0.03706653246930375, 0.9097663663127741, 0.049488804223505434, 0.003678296894416737], [0.6154024743669115, 0.2674278937927293, 0.10259037951300237, 0.014579252227356752], [0.010036376537598451, 0.6696837103647981, 0.29539913623897374, 0.024880776758629704], [0.08103285721528, 0.15310999735300423, 0.7572954289255576, 0.00856171640615815]], "ideal": "B", "sampled": "B", "correct": true}}
{"type": "result", "data": {"idx": 5, "options": ["True, True", "False, False", "True, False", "False, True"], "probs": [[0.029576465484522516, 0.04613616689578273, 0.9005694388442692, 0.023717928675425524], [0.01431135589710431, 0.08685975739349328, 0.6587579415326293, 0.24007094507677304], [0.017262191942910232, 0.04505928475253654, 0.9296229212376028, 0.008055601966950461], [0.14837747589687675, 0.29363485730282357, 0.46094789409575965, 0.09703977260454005]], "ideal": "A", "sampled": "A", "correct": true}}
{"type": "result", "data": {"idx": 6, "options": ["True, True", "False, False", "True, False", "False, True"], "probs": [[0.048125106069342796, 0.04953478208182087, 0.8879234739650127, 0.014416637783823646], [0.006875644264388213, 0.06157232665543994, 0.541373716038447, 0.3901783129417249], [0.007384860126285204, 0.028874230302438936, 0.9604557973036103, 0.003285112167665539], [0.062466281227736835, 0.6269591333284025, 0.2508034659149133, 0.05977111942894732]], "ideal": "A", "sampled": "A", "correct": true}}
{"type": "result", "data": {"idx": 7, "options": ["True, True", "False, False", "True, False", "False, True"], "probs": [[0.03623339214906445, 0.05091644898913435, 0.8917784822850504, 0.021071676476750775], [0.011093649392193058, 0.06719224523869397, 0.5820543440191464, 0.33965976124996655], [0.008418466534322698, 0.035291755919148966, 0.9510488697789925, 0.005240907667535832], [0.12433103470751089, 0.3740506171806125, 0.3888618647663354, 0.11275648324554122]], "ideal": "D", "sampled": "A", "correct": false}}
{"type": "result", "data": {"idx": 8, "options": ["0", "4", "2", "6"], "probs": [[0.0046453945946701115, 0.30526819532865623, 0.6677032589376263, 0.022383151039047408], [0.013626554612925779, 0.154562464786166, 0.8299749240696116, 0.0018360564312966225], [0.03739841988890682, 0.8865160541705343, 0.03323618619433154, 0.04284933964622737], [0.04158047524303917, 0.06583323975987675, 0.882901655304034, 0.00968462959305015]], "ideal": "B", "sampled": "D", "correct": false}}
{"type": "result", "data": {"idx": 9, "options": ["1", "2", "2,3", "6"], "probs": [[0.014652611689725743, 0.23654213550848607, 0.7453091145551767, 0.003496138146611526], [0.019793329720771267, 0.9201783789311127, 0.055831716881455, 0.0041965743666610295], [0.4035682470000397, 0.3738905572641894, 0.18547437007675852, 0.0370668255590124], [0.027209116599375888, 0.18473530123513157, 0.6441835868415757, 0.14387199522391686]], "ideal": "C", "sampled": "C", "correct": true}}
{"type": "result", "data": {"idx": 10, "options": ["True, True", "False, False", "True, False", "False, True"], "probs": [[0.10430815931455968, 0.08973651478737853, 0.789241978326961, 0.016713347471100825], [0.019416804125134326, 0.09467089320739178, 0.5415344490832749, 0.3443778534841991], [0.019941978488875887, 0.034876958116926586, 0.9395823039222458, 0.005598759371951694], [0.20311656010130924, 0.37358729717515093, 0.39741359933575693, 0.025882543287782892]], "ideal": "C", "sampled": "A", "correct": false}}
{"type": "result", "data": {"idx": 11, "options": ["symmetric only", "anti-symmetric only", "both symmetric and anti-symmetric", "an equivalence relation"], "probs": [[0.017842195924753466, 0.06640886462355242, 0.9000028713640613, 0.01574606798763284], [0.008106530469543642, 0.7702352238836572, 0.20204440814562538, 0.01961383740117375], [0.013617570238794644, 0.24466213276252197, 0.7197568764445132, 0.021963420454170143], [0.21739423564388435, 0.5314423876906437, 0.06934155346323849, 0.18182182310223344]], "ideal": "C", "sampled": "C", "correct": true}}
{"type": "result", "data": {"idx": 12, "options": ["1", "2", "5", "11"], "probs": [[0.012407918736764938, 0.140047553317718, 0.8360450453826332, 0.01149948246288377], [0.03031279651582858, 0.4725244549642433, 0.48498233290584297, 0.012180415514085132], [0.35194142045802457, 0.25185767798775754, 0.39159216024430826, 0.004608741209909572], [0.15737778415828085, 0.34486700128644165, 0.4172002499044048, 0.08055496455087265]], "ideal": "A", "sampled": "C", "correct": false}}
{"type": "result", "data": {"idx": 13, "options": ["(x \u2212 2)(x + 2)(x \u2212 1)", "(x + 1)(x + 4)(x \u2212 2)", "(x + 1)(x \u2212 4)(x \u2212 2)", "(x - 1)(x \u2212 4)(x \u2212 2)"], "probs": [[0.7840410785099796, 0.17402098447224754, 0.0357605019764797, 0.0061774349412931666], [0.6188282781569743, 0.19226633927489883, 0.12852686259275295, 0.060378519875373945], [0.45064282412790935, 0.18541161714130228, 0.35908791419253056, 0.004857644438257827], [0.4832496759599103, 0.45555705930624946, 0.04972125709747328, 0.011472007536366954]], "ideal": "C", "sampled": "A", "correct": false}}
{"type": "result", "data": {"idx": 14, "options": ["6", "12", "30", "105"], "probs": [[0.010656870940218876, 0.6653673076909277, 0.31603127832542316, 0.007944542943430256], [0.010150947597584782, 0.12565082298671595, 0.8591855159481616, 0.005012713367537642], [0.01646816805870181, 0.5849414139478999, 0.39576177620214675, 0.0028286416912515462], [0.06193020633519567, 0.26889099340877065, 0.6557359967153361, 0.013442803440697497]], "ideal": "C", "sampled": "D", "correct": false}}
{"type": "result", "data": {"idx": 15, "options": ["True, True", "False, False", "True, False", "False, True"], "probs": [[0.0674577623184623, 0.06585021767031303, 0.8166289559697036, 0.05006306394152106], [0.020508396078878836, 0.08749898021628547, 0.5049857637801678, 0.3870068598246679], [0.012305171987136045, 0.039594008961542033, 0.9412845240716473, 0.006816294879674616], [0.11524044978748722, 0.4027220696416569, 0.31090090370573004, 0.1711365767651258]], "ideal": "B", "sampled": "A", "correct": false}}
{"type": "result", "data": {"idx": 16, "options": ["1", "-1", "i", "-i"], "probs": [[0.01791337301856171, 0.07634221690556095, 0.1061322530054316, 0.7996121569704457], [0.006351735343527736, 0.11137992112409749, 0.8787978250500128, 0.003470518382361921], [0.008874150040218538, 0.9577502472238304, 0.027920150482598625, 0.005455452153352374], [0.3273927520276629, 0.08898773655913884, 0.3870184363482047, 0.19660107496499357]], "ideal": "C", "sampled": "D", "correct": false}}
{"type": "result", "data": {"idx": 17, "options": ["(1,1)", "(3,1)", "(1,6)", "(3,6)"], "probs": [[0.03485601550838548, 0.3380004020293493, 0.5987748770759451, 0.0283687052863201], [0.03680276249763453, 0.15457158386361103, 0.7997671848911488, 0.008858468647605538], [0.3521296199176083, 0.6311838833442508, 0.013724593894852574, 0.002961902743288353], [0.7775878398542836, 0.10275267138730736, 0.0893247665256962, 0.030334722132712866]], "ideal": "C", "sampled": "D", "correct": false}}
{"type": "result", "data": {"idx": 18, "options": ["multiplication is not a binary operation", "multiplication is not associative", "identity element does not exist", "zero has no inverse"], "probs": [[0.005411660439283978, 0.41019306652374726, 0.5559905911870651, 0.028404681749903744], [0.07687258783574057, 0.6742680781706178, 0.23684434102660004, 0.012014992867041467], [0.2805240535800406, 0.6947334473554612, 0.014648463388209357, 0.010094035576288815], [0.6687358542376801, 0.0915364091207594, 0.046139958725651964, 0.1935877778159085]], "ideal": "D", "sampled": "C", "correct": false}}
{"type": "result", "data": {"idx": 19, "options": ["True, True", "False, False", "True, False", "False, True"], "probs": [[0.04499287990448353, 0.07997428863603734, 0.8251133633811916, 0.04991946797828759], [0.018088042869011084, 0.09855105800351745, 0.5906978889016038, 0.29266301012586765], [0.020239106049275247, 0.06376245807255825, 0.9047559768474137, 0.011242458930752739], [0.18806459007766724, 0.40801608558389324, 0.30010163781026084, 0.10381768642817872]], "ideal": "A", "sampled": "A", "correct": true}}
{"type": "result", "data": {"idx": 20, "options": ["True, True", "False, False", "True, False", "False, True"], "probs": [[0.14416645734370628, 0.09972215628599333, 0.72057224654972, 0.035539139720580364], [0.020032824461344214, 0.0940038464458719, 0.42837350519028733, 0.4575898238024965], [0.015385268190090307, 0.03987228349595507, 0.9380992582573345, 0.006643189956620043], [0.18158758225972282, 0.38873181901655945, 0.3609595704003689, 0.06872102822334882]], "ideal": "A", "sampled": "A", "correct": true}}
{"type": "result", "data": {"idx": 21, "options": ["2x^2 + 5", "6x^2 + 4x + 6", "0", "x^2 + 1"], "probs": [[0.0554505844111367, 0.8656670399910125, 0.0758191938679563, 0.003063181629894495], [0.6589183881144842, 0.25660444252292597, 0.07432339496401233, 0.010153774298577506], [0.016644295954399986, 0.6900031239781926, 0.2685165510036642, 0.024836028963743213], [0.10583273725342644, 0.1281384337371823, 0.7584620469730535, 0.0075667819363377485]], "ideal": "A", "sampled": "B", "correct": false}}
{"type": "result", "data": {"idx": 22, "options": ["True, True", "False, False", "True, False", "False, True"], "probs": [[0.17566926793279455, 0.07346869388588602, 0.727581201530591, 0.023280836550728372], [0.011698317484072629, 0.06911555541786561, 0.44567548352569414, 0.4735106434723676], [0.008035297242833127, 0.029928111424020114, 0.9582358881447968, 0.003800703088349937], [0.15897485621780583, 0.6036248240365683, 0.19617479700730758, 0.041225522638318295]], "ideal": "D", "sampled": "A", "correct": false}}
{"type": "result", "data": {"idx": 23, "options": ["semi group with identity", "commutative semigroups with identity", "group", "abelian group"], "probs": [[0.2011834904791207, 0.08104800734037332, 0.53699876873036, 0.18076973335014593], [0.008049722235328622, 0.2464095044181465, 0.7446134796339126, 0.0009272936126122994], [0.020127807867101444, 0.9508326267936287, 0.02505300279709588, 0.003986562442173959], [0.326094678448825, 0.14978257919662166, 0.043908397449041014, 0.48021434480551234]], "ideal": "D", "sampled": "D", "correct": true}}
{"type": "result", "data": {"idx": 24, "options": ["True, True", "False, False", "True, False", "False, True"], "probs": [[0.04259235998188529, 0.04705072430492107, 0.8896329849443003, 0.020723930668893307], [0.009216117508620204, 0.06744998573438067, 0.5877584114386515, 0.3355754852183476], [0.008179387873045582, 0.026538132021028553, 0.9608218012207936, 0.004460678785132252], [0.10618344693314158, 0.6039196848265403, 0.22108043728048138, 0.06881643085983664]], "ideal": "B", "sampled": "A", "correct": false}}
{"type": "result", "data": {"idx": 25, "options": ["subgroup", "finite abelian group", "infinite, non abelian group", "ininite, abelian"], "probs": [[0.008381665300948941, 0.10549897963108694, 0.8778050140415324, 0.008314340926431631], [0.012502107983248266, 0.9529059578608405, 0.02864676177049822, 0.005945172285412947], [0.6731023932475168, 0.14306991331614946, 0.04843922379163538, 0.13538846954469846], [0.024609592984495474, 0.1790721068238924, 0.21190103294348, 0.5844172671481321]], "ideal": "C", "sampled": "C", "correct": true}}
{"type": "result", "data": {"idx": 26, "options": ["True, True", "False, False", "True, False", "False, True"], "probs": [[0.028335521711695958, 0.03328273091669657, 0.9169050076737788, 0.021476739597828722], [0.014835677011457543, 0.08320878391024102, 0.7977233476287514, 0.10423219134954997], [0.028485720098868576, 0.06104548459774284, 0.9005252441260719, 0.00994355107731664], [0.10135007940634508, 0.32250653252476597, 0.44351018468280284, 0.13263320328608608]], "ideal": "C", "sampled": "A", "correct": false}}
{"type": "result", "data": {"idx": 27, "options": ["Yes, with p=2.", "Yes, with p=3.", "Yes, with p=5.", "No."], "probs": [[0.10639198630598241, 0.49517144641160654, 0.2847391303029724, 0.11369743687943867], [0.12881211935185724, 0.3253321051272263, 0.5344008206786766, 0.01145495474223982], [0.15623222342118656, 0.3428263406295156, 0.4703637229353652, 0.03057771291393257], [0.022522723929270506, 0.24684291275104772, 0.7177767953427817, 0.012857567876900048]], "ideal": "B", "sampled": "B", "correct": true}}
{"type": "result", "data": {"idx": 28, "options": ["True, True", "False, False", "True, False", "False, True"], "probs": [[0.031027680735420206, 0.0587763759982054, 0.865466973152623, 0.04472897001375137], [0.010876560157180403, 0.10626114488171619, 0.5844183931049668, 0.2984439017561366], [0.014130646177245012, 0.05979815791957547, 0.9166297792166106, 0.009441416586568954], [0.08163359197829, 0.3840184595204977, 0.36860079393427897, 0.16574715446693333]], "ideal": "D", "sampled": "A", "correct": false}}
{"type": "result", "data": {"idx": 29, "options": ["True, True", "False, False", "True, False", "False, True"], "probs": [[0.02331147485530698, 0.03433718095493452, 0.9311092321554555, 0.01124211193430298], [0.007329375340937025, 0.08766803532356247, 0.7411443322196379, 0.16385825701586257], [0.01326130713960077, 0.04365244237000629, 0.9374125018356505, 0.005673748554742436], [0.08661914938638482, 0.4039891512283944, 0.400343999239405, 0.10904770004581575]], "ideal": "A", "sampled": "A", "correct": true}}
{"type": "result", "data": {"idx": 30, "options": ["True, True", "False, False", "True, False", "False, True"], "probs": [[0.09389249752155825, 0.08335355466590967, 0.7987050219885159, 0.02404892572401622], [0.013047543972752778, 0.06556611073839622, 0.5458637734692924, 0.37552257171955866], [0.010071565203789145, 0.026858295729869093, 0.9580334241105679, 0.0050367148557738705], [0.09826650323084059, 0.4110872981869272, 0.4576361706747515, 0.033010027807480774]], "ideal": "B", "sampled": "A", "correct": false}}
{"type": "result", "data": {"idx": 31, "options": ["commutative semi group", "abelian group", "non-abelian group", "None of these"], "probs": [[0.003614621492112594, 0.9250317869192362, 0.06596817117016937, 0.005385420318481822], [0.5290258243590031, 0.45781806640655787, 0.012720296409732813, 0.0004358127247062045], [0.02203356488781899, 0.06467740279230953, 0.004763559468866729, 0.9085254727510047], [0.0012654510833012061, 0.04940112159669213, 0.9222580315386086, 0.027075395681398027]], "ideal": "B", "sampled": "B", "correct": true}}
{"type": "result", "data": {"idx": 32, "options": ["True, True", "False, False", "True, False", "False, True"], "probs": [[0.11865471264455575, 0.07120511359486885, 0.7861150970933566, 0.02402507656721885], [0.020700878648486194, 0.10173312378078482, 0.5684666344058013, 0.30909936306492775], [0.022343950884922928, 0.040010296773139054, 0.9291411266270126, 0.008504625614925371], [0.28465380943714624, 0.3990702882113929, 0.2651115029958969, 0.051164399255563944]], "ideal": "A", "sampled": "A", "correct": true}}
{"type": "result", "data": {"idx": 33, "options": ["g = g^-1 for every g in G", "g = g^2 for every g in G", "(g o h)^2 = g^2 o h^2 for every g,h in G", "G is of finite order"], "probs": [[0.32813253964915357, 0.06228247650994918, 0.6030374759176856, 0.0065475078232115685], [0.011711263558974656, 0.9722031560641479, 0.011350539057243677, 0.004735041219633824], [0.43223104198597173, 0.2930155119976604, 0.27017370064964513, 0.0045797452667227165], [0.004673322150840287, 0.9233783664218103, 0.005383214789344225, 0.0665650965380052]], "ideal": "C", "sampled": "C", "correct": true}}
{"type": "result", "data": {"idx": 34, "options": ["True, True", "False, False", "True, False", "False, True"], "probs": [[0.08207916284099864, 0.05939049512916348, 0.8219640070429128, 0.036566334886925], [0.012359596511388739, 0.06350491798395587, 0.6434360598106367, 0.28069942559401867], [0.011662926284748432, 0.03308816558542432, 0.9486424131579764, 0.00660649487185082], [0.13710539816634368, 0.22751103642857926, 0.5545385786204566, 0.08084498668462045]], "ideal": "A", "sampled": "A", "correct": true}}
{"type": "result", "data": {"idx": 35, "options": ["0", "4", "2", "6"], "probs": [[0.003755928056390663, 0.2626524432192095, 0.7150643695294058, 0.018527259094994128], [0.011581770954569071, 0.16224957832838596, 0.8244942936477918, 0.0016743569692531564], [0.025305603969642376, 0.9142847520049717, 0.030024496482777368, 0.030385147442608496], [0.03510398018849328, 0.0644726742312133, 0.8919218466132379, 0.008501498867055438]], "ideal": "B", "sampled": "D", "correct": false}}
{"type": "result", "data": {"idx": 36, "options": ["0", "1", "11", "22"], "probs": [[0.018306970129912583, 0.23179288486216962, 0.7087705079867299, 0.04112963692118783], [0.021350025584652696, 0.30391936059525665, 0.6292872769929423, 0.04544333672714833], [0.11324154865482136, 0.4145512410581422, 0.4585075190071364, 0.013699691179900053], [0.08794360181082955, 0.30920945097497426, 0.5825169399814418, 0.02033000713275439]], "ideal": "D", "sampled": "D", "correct": true}}
{"type": "result", "data": {"idx": 37, "options": ["Yes, with p=2.", "Yes, with p=3.", "Yes, with p=5.", "No."], "probs": [[0.18726341937961175, 0.3961459787313727, 0.31109757585928954, 0.10549302592972602], [0.09752776745528367, 0.4536127525972487, 0.4306260734435227, 0.018233406403944892], [0.2029777993478561, 0.32836846798306085, 0.4574502288957976, 0.01120350367328542], [0.031153635057866533, 0.39974476019797894, 0.5395297558307286, 0.029571848813425946]], "ideal": "B", "sampled": "A", "correct": false}}
{"type": "result", "data": {"idx": 38, "options": ["1", "2", "3", "4"], "probs": [[0.22482684870087674, 0.15537938900944612, 0.6158505250713453, 0.003943237118331802], [0.15259773800340587, 0.4298729832059471, 0.2851335363530064, 0.1323957423376406], [0.034579311776068766, 0.057449910335930394, 0.9008500516758933, 0.007120726112107542], [0.012330685274739522, 0.5202045636367316, 0.4627308423546271, 0.004733908633901738]], "ideal": "C", "sampled": "A", "correct": false}}
{"type": "result", "data": {"idx": 39, "options": ["True, True", "False, False", "True, False", "False, True"], "probs": [[0.015776239554350854, 0.031950265612288704, 0.9384248386841361, 0.01384865604922441], [0.007796798162020332, 0.08679971389050563, 0.7886320616175192, 0.1167714262299548], [0.020653486788347344, 0.0892398976619682, 0.8783248295064884, 0.011781785943196106], [0.06077579996935785, 0.31043395423497877, 0.5007682331149714, 0.12802201258069187]], "ideal": "D", "sampled": "A", "correct": false}}
{"type": "result", "data": {"idx": 40, "options": ["0", "1", "-1", "12"], "probs": [[0.007473946940992816, 0.9240999151007687, 0.06704055779198037, 0.001385580066258057], [0.7763384027170686, 0.2112871718081052, 0.00871107080143977, 0.0036633545733865142], [0.005131362740940556, 0.01570146657019289, 0.11126075259071086, 0.8679064179981557], [0.0018396234637229063, 0.06885144649232078, 0.9244104745695524, 0.004898455374403909]], "ideal": "C", "sampled": "B", "correct": false}}
{"type": "result", "data": {"idx": 41, "options": ["0", "3", "12", "30"], "probs": [[0.005593410680094865, 0.2333669404293096, 0.7549800291677911, 0.006059619622804467], [0.027189834890409482, 0.8713426264494054, 0.09478462133411106, 0.00668291722607402], [0.06736163987307138, 0.47781925452929, 0.39033165351385524, 0.06448745198378333], [0.021802629217433037, 0.13403598313754134, 0.8372835110606205, 0.006877876484405171]], "ideal": "A", "sampled": "C", "correct": false}}
{"type": "result", "data": {"idx": 42, "options": ["True, True", "False, False", "True, False", "False, True"], "probs": [[0.039937841145506185, 0.07143239410131633, 0.8621884858420898, 0.026441278811087588], [0.014872279293694241, 0.10210181961867333, 0.6041435115206994, 0.278882389466933], [0.009632088435865625, 0.046061021262189555, 0.9387059994799888, 0.005600890721956044], [0.08754745543813468, 0.5259010595339252, 0.3249879059992623, 0.06156357892867784]], "ideal": "B", "sampled": "A", "correct": false}}
{"type": "result", "data": {"idx": 43, "options": ["True, True", "False, False", "True, False", "False, True"], "probs": [[0.00924341841860712, 0.030914371686157526, 0.9437891796042356, 0.016053030190999774], [0.008524376929907323, 0.10774852374515001, 0.8174089222977563, 0.0663181769271864], [0.02474697940935176, 0.10391570907168844, 0.8340587242279434, 0.03727858719101647], [0.04608087459219677, 0.2251082285045953, 0.48402728002802087, 0.24478361677518706]], "ideal": "C", "sampled": "C", "correct": true}}
{"type": "result", "data": {"idx": 44, "options": ["True, True", "False, False", "True, False", "False, True"], "probs": [[0.0253731723154394, 0.03738961511130512, 0.8815921002256322, 0.055645112247623266], [0.0071940052805006885, 0.048595379105375, 0.7279966333861472, 0.21621398212797713], [0.005461495531891876, 0.026750418220778067, 0.9626934814293151, 0.0050946047180148975], [0.1172019922407637, 0.2619202156246065, 0.537599627154947, 0.08327816487968284]], "ideal": "C", "sampled": "A", "correct": false}}
{"type": "result", "data": {"idx": 45, "options": ["True, True", "False, False", "True, False", "False, True"], "probs": [[0.06960867202015132, 0.061764261344964023, 0.8481163207910724, 0.02051074574381231], [0.019687265155730858, 0.107078716148159, 0.6569107174216441, 0.216323301174466], [0.028643392477056114, 0.05091557731861043, 0.9128333473765777, 0.007607682727755734], [0.17720175749670422, 0.4327412714304534, 0.3231329225237019, 0.06692404844914054]], "ideal": "C", "sampled": "A", "correct": false}}
{"type": "result", "data": {"idx": 46, "options": ["True, True", "False, False", "True, False", "False, True"], "probs": [[0.008576374036864773, 0.027819877847526174, 0.9464490497525138, 0.017154698263095253], [0.010472505596175942, 0.0947054870030547, 0.8261105609723004, 0.06871144632846891], [0.01661962869607455, 0.06459554440579215, 0.9019600370471493, 0.016824789750983924], [0.06087630727420524, 0.18645629632203406, 0.5514496070982708, 0.20121778920548986]], "ideal": "B", "sampled": "C", "correct": false}}
{"type": "result", "data": {"idx": 47, "options": ["0", "2", "1", "3"], "probs": [[0.010207913931763214, 0.16247061071446137, 0.8236457954333263, 0.003675679820449117], [0.08465400577807237, 0.3955859603733037, 0.5143792918180062, 0.005380741930617731], [0.15780267902512798, 0.4369230074629014, 0.30396919080693313, 0.10130512260503746], [0.02920387922861288, 0.1938778842814194, 0.7416000742572942, 0.03531816213267353]], "ideal": "B", "sampled": "C", "correct": false}}
{"type": "result", "data": {"idx": 48, "options": ["True, True", "False, False", "True, False", "False, True"], "probs": [[0.3529098953915627, 0.10577161687874775, 0.5205766000866111, 0.02074188754307847], [0.014281091212351922, 0.08259475936941585, 0.3050295100008139, 0.5980946393174184], [0.00952084794792807, 0.02900534864025806, 0.9566014413422746, 0.004872361969539213], [0.18066770711478006, 0.5112862238027013, 0.283920570028372, 0.024125498954146625]], "ideal": "C", "sampled": "A", "correct": false}}
{"type": "result", "data": {"idx": 49, "options": ["8", "120", "240", "24"], "probs": [[0.009701187079210142, 0.27855441801606845, 0.6906306948755182, 0.021113699929203214], [0.041423101282619904, 0.5931932373734677, 0.36034325030078596, 0.005040410943126378], [0.19423871289820477, 0.4037605030099865, 0.38257737091267274, 0.019423413079136], [0.05100451542311335, 0.30493403273207215, 0.6259483261586563, 0.018113125586158255]], "ideal": "B", "sampled": "C", "correct": false}}
{"type": "result", "data": {"idx": 50, "options": ["True, True", "False, False", "True, False", "False, True"], "probs": [[0.007668076763668991, 0.022800156101161977, 0.9432899643513991, 0.026241802683769924], [0.005742422494710101, 0.060593494095773325, 0.7938887691399876, 0.13977531416952896], [0.017982500563453987, 0.09108092142970005, 0.8670600779516767, 0.02387649995516919], [0.050950026099130734, 0.24708943636146516, 0.4538583287940679, 0.24810220864533622]], "ideal": "D", "sampled": "C", "correct": false}}
{"type": "result", "data": {"idx": 51, "options": ["0", "2", "1", "3"], "probs": [[0.005976035081425815, 0.138419873219324, 0.852862101089245, 0.002741990510005122], [0.0479098633218446, 0.3469588460614576, 0.6021309498575934, 0.003000340659104377], [0.10090951921257148, 0.5476183457905306, 0.2763016305975472, 0.0751705042993508], [0.019855845804984493, 0.12681223807149453, 0.8379422272253528, 0.015389688798168134]], "ideal": "B", "sampled": "C", "correct": false}}
{"type": "result", "data": {"idx": 52, "options": ["6", "8", "4", "2"], "probs": [[0.07421851157399904, 0.23410674927277766, 0.4543720185302311, 0.23730272052299214], [0.030095656043934244, 0.21842497864693397, 0.7405554059416091, 0.010923959267522678], [0.2520017295155103, 0.6049643800603056, 0.12557694157798552, 0.017456948746198537], [0.05844987490430986, 0.2083652294028962, 0.648493163425895, 0.0846917321668989]], "ideal": "A", "sampled": "D", "correct": false}}
{"type": "result", "data": {"idx": 53, "options": ["True, True", "False, False", "True, False", "False, True"], "probs": [[0.044144043748194486, 0.06472374978028736, 0.8274303930850867, 0.0637018132864314], [0.013944616358054876, 0.07888387785028259, 0.6268191255230717, 0.28035238016859076], [0.014733491779573555, 0.04827579958844913, 0.9271388251563927, 0.009851883375584595], [0.16347501439568243, 0.2658799469556789, 0.4620442183429989, 0.10860082020563977]], "ideal": "C", "sampled": "A", "correct": false}}
{"type": "result", "data": {"idx": 54, "options": ["0", "2", "1", "3"], "probs": [[0.0029634849337402073, 0.3994207028412686, 0.5910340620095863, 0.0065817501154048635], [0.37335869632853236, 0.1627053299656197, 0.46291918231425355, 0.0010167912915943981], [0.017334935678423636, 0.7859933990417515, 0.049731839608526424, 0.14693982557129842], [0.01277386340230855, 0.05807492199942849, 0.9250190959761578, 0.004132118522105164]], "ideal": "B", "sampled": "B", "correct": true}}
{"type": "result", "data": {"idx": 55, "options": ["True, True", "False, False", "True, False", "False, True"], "probs": [[0.015851979704572274, 0.0290412951920641, 0.9441618698598581, 0.010944855143505546], [0.005482099023548386, 0.07310528314230559, 0.7641863829289866, 0.15722623480515946], [0.008529642879886778, 0.052045166262174626, 0.9340767150488235, 0.005348475709115101], [0.04770006700314543, 0.5681206093182887, 0.287554120384349, 0.09662520319421683]], "ideal": "A", "sampled": "A", "correct": true}}
{"type": "result", "data": {"idx": 56, "options": ["True, True", "False, False", "True, False", "False, True"], "probs": [[0.04994334932022764, 0.04298637726871001, 0.8728129700292117, 0.034257303281850726], [0.014091538630938876, 0.06254043179009687, 0.5630074513426303, 0.36036057813633393], [0.017355343410238033, 0.05009851048839393, 0.9268955435523655, 0.0056506024490025515], [0.13583409858122084, 0.48723525682216023, 0.218693382556419, 0.15823726194019994]], "ideal": "D", "sampled": "A", "correct": false}}
{"type": "result", "data": {"idx": 57, "options": ["1", "2", "3", "4"], "probs": [[0.2701867124379679, 0.21147520069941897, 0.5086185150866075, 0.009719571676005678], [0.13639449665390965, 0.3378043967801964, 0.2609595876385205, 0.2648415188273734], [0.07264887588167704, 0.22351969922020812, 0.6954501911937053, 0.008381233604409458], [0.031140213777685756, 0.3614011780440035, 0.5971508850566326, 0.010307723021678159]], "ideal": "B", "sampled": "A", "correct": false}}
{"type": "result", "data": {"idx": 58, "options": ["True, True", "False, False", "True, False", "False, True"], "probs": [[0.03453883579830899, 0.04742774810060063, 0.884147418710798, 0.033885997290292263], [0.01974461672242144, 0.09547625674886666, 0.7706288845634679, 0.11415024186524396], [0.03254440256768747, 0.0790324542351966, 0.8663509035402217, 0.02207223955689426], [0.12822394033294887, 0.23408827372972474, 0.4761918215046787, 0.16149596433264768]], "ideal": "A", "sampled": "A", "correct": true}}
{"type": "result", "data": {"idx": 59, "options": ["True, True", "False, False", "True, False", "False, True"], "probs": [[0.04550130580094477, 0.06980456281119356, 0.8452361067799119, 0.039458024507949815], [0.015265056385770762, 0.08703488053213947, 0.7530072828488662, 0.14469278013322362], [0.03705670453174594, 0.058240021003025944, 0.8912387829693911, 0.013464491395837077], [0.18003441793983335, 0.2140903520539223, 0.5244277236330839, 0.0814475062731605]], "ideal": "A", "sampled": "A", "correct": true}}
{"type": "result", "data": {"idx": 60, "options": ["True, True", "False, False", "True, False", "False, True"], "probs": [[0.03581314733712322, 0.05699120779834044, 0.8679433353090709, 0.039252309455465415], [0.015448926734540165, 0.08192943417250607, 0.677541466247591, 0.2250801727453627], [0.019294191437433814, 0.047503241109616345, 0.9231622355724424, 0.01004033178050745], [0.08205551225327018, 0.3118434087403912, 0.4986113943385183, 0.10748968456782032]], "ideal": "D", "sampled": "A", "correct": false}}
{"type": "result", "data": {"idx": 61, "options": ["True, True", "False, False", "True, False", "False, True"], "probs": [[0.07287444823601552, 0.04695786846573258, 0.8609037286182017, 0.019263954580050133], [0.012878370697895287, 0.08310318139385181, 0.4907017436536443, 0.41331670415460864], [0.010770374831204181, 0.030091361117164764, 0.955040544193125, 0.004097719758506096], [0.09376671769624985, 0.5408663668558589, 0.30021148469707115, 0.06515543065082012]], "ideal": "D", "sampled": "A", "correct": false}}
{"type": "result", "data": {"idx": 62, "options": ["True, True", "False, False", "True, False", "False, True"], "probs": [[0.03916776391447028, 0.048235143341551635, 0.8915247205763189, 0.021072372067659117], [0.012185325219943553, 0.07986675402878479, 0.5912953763282721, 0.31665254432299955], [0.009545886396892736, 0.02647358114607603, 0.9590527260397863, 0.00492780631724493], [0.07118532166939386, 0.5102097467599181, 0.3555907063663658, 0.0630142251043222]], "ideal": "C", "sampled": "A", "correct": false}}
{"type": "result", "data": {"idx": 63, "options": ["not anti-symmetric", "transitive", "reflexive", "symmetric"], "probs": [[0.0637682755508452, 0.10131524577703636, 0.4124012619768538, 0.42251521659526464], [0.013720868283285573, 0.12978539872751804, 0.7423927164998666, 0.11410101638932979], [0.00898461467568255, 0.4714931625637372, 0.5051676395231635, 0.014354583137416776], [0.08495673631351318, 0.8334909769821878, 0.049534619403161756, 0.032017667201137294]], "ideal": "B", "sampled": "D", "correct": false}}
{"type": "result", "data": {"idx": 64, "options": ["1", "2", "infinitely many", "0"], "probs": [[0.0022317287611648686, 0.4331743880637753, 0.5629726086101593, 0.0016212744649005029], [0.033128472670264496, 0.8789119988206285, 0.027894585282748033, 0.060064943126358884], [0.29879530760422496, 0.09194592976486371, 0.5845515629419182, 0.02470719958899309], [0.001539017082393254, 0.26131502943173973, 0.6007660802481151, 0.13637987313775193]], "ideal": "B", "sampled": "C", "correct": false}}
{"type": "result", "data": {"idx": 65, "options": ["True, True", "False, False", "True, False", "False, True"], "probs": [[0.08800409201407527, 0.04880369944838428, 0.8349595867277088, 0.02823262170983172], [0.008647977027304861, 0.05838484455196435, 0.5964297412796691, 0.3365374370410617], [0.004578360134208272, 0.019013647929996935, 0.9733780746160303, 0.0030299172197645247], [0.023724413331954006, 0.7202106326333656, 0.21466847670932054, 0.04139647722535986]], "ideal": "C", "sampled": "A", "correct": false}}
{"type": "result", "data": {"idx": 66, "options": ["True, True", "False, False", "True, False", "False, True"], "probs": [[0.14497580258732845, 0.09938229027098262, 0.7025066790768332, 0.053135227964855786], [0.018057078659429824, 0.07514712437674322, 0.43052385536072424, 0.4762719415031027], [0.017805894580911735, 0.04392670118824898, 0.9281794074305706, 0.010087996700268694], [0.1814840909878339, 0.31822959059616907, 0.43177316231840224, 0.06851315599759478]], "ideal": "D", "sampled": "A", "correct": false}}
{"type": "result", "data": {"idx": 67, "options": ["a,b in H=> a * b in H", "a in H => a^-1 in H", "a,b in H=> a * b^-1 in H", "H contains the identity element"], "probs": [[0.03178225504709732, 0.28916985224529007, 0.14653223969860193, 0.5325156529090107], [0.060290337501253725, 0.19344412076690704, 0.5771568502975049, 0.16910869133433434], [0.034859570596004176, 0.5027985427149176, 0.4511831570089578, 0.011158729580120392], [0.0892430657617123, 0.7275197206896544, 0.12364351718293466, 0.05959369626569866]], "ideal": "C", "sampled": "D", "correct": false}}
{"type": "result", "data": {"idx": 68, "options": ["(x \u2212 2)(x + 2)(x \u2212 1)(x + 1)", "(x+1)^4", "(x-1)(x+1)^3", "(x-1)^3(x+1)"], "probs": [[0.7420056852024685, 0.07842440800214924, 0.1489650148004883, 0.03060489189489406], [0.05153104577803019, 0.30295010110780324, 0.5588206960533176, 0.08669815696084897], [0.4859362775779174, 0.24919058087999663, 0.26378188802806346, 0.001091253414022536], [0.642088798414269, 0.34533016149677037, 0.007825271767105653, 0.004755768221854934]], "ideal": "A", "sampled": "D", "correct": false}}
{"type": "result", "data": {"idx": 69, "options": ["True, True", "False, False", "True, False", "False, True"], "probs": [[0.0352117370804959, 0.043725813281375286, 0.9019559931351332, 0.01910645640299557], [0.009412472523205026, 0.06624162559016289, 0.708434659988604, 0.2159112417980281], [0.009170993879447512, 0.03449447324301689, 0.9510529117452937, 0.0052816210322418145], [0.08104134853740698, 0.521703823701907, 0.3106424119566454, 0.08661241570404056]], "ideal": "A", "sampled": "A", "correct": true}}
{"type": "result", "data": {"idx": 70, "options": ["0", "-2", "a-2", "(2+a)*-1"], "probs": [[0.026891346417106922, 0.30617617873372166, 0.6571004243186062, 0.009832050430565217], [0.07945922460315899, 0.7705767584516345, 0.09436462600877996, 0.05559939083642653], [0.1990960955555408, 0.4399598174853275, 0.22378971837026557, 0.13715436848886614], [0.08894764697368303, 0.19227196417518955, 0.13035337722751353, 0.5884270115236139]], "ideal": "D", "sampled": "C", "correct": false}}
{"type": "result", "data": {"idx": 71, "options": ["0", "4", "2", "6"], "probs": [[0.0034850102972032028, 0.2640676962621735, 0.7116995694559578, 0.02074772388466541], [0.011529689222698314, 0.13963512553102092, 0.8472175280697899, 0.001617657076490871], [0.023520916368755144, 0.9149660467630062, 0.027685260339635927, 0.03382777642860275], [0.04112147739633744, 0.06377146125159863, 0.8871566876607866, 0.007950373591277305]], "ideal": "C", "sampled": "D", "correct": false}}
{"type": "result", "data": {"idx": 72, "options": ["1", "2", "3", "4"], "probs": [[0.08371422373199089, 0.17512635678803068, 0.7287790664739209, 0.01238035290605758], [0.058479681910217976, 0.5284079676917309, 0.3872875241727495, 0.02582482612530162], [0.06756322301685318, 0.19950154351112342, 0.7042292400907053, 0.028705993281318138], [0.08173385580454764, 0.3098443882683711, 0.49277592110600044, 0.11564583472108085]], "ideal": "D", "sampled": "C", "correct": false}}
{"type": "result", "data": {"idx": 73, "options": ["0", "3", "12", "30"], "probs": [[0.003657159140072082, 0.29632647849564825, 0.6960248017867208, 0.003991560477558869], [0.03468688877935364, 0.8924848485621656, 0.06837113815511317, 0.004457124403367578], [0.030532090715540586, 0.3147185923321765, 0.5625561265622739, 0.09219319029000887], [0.009557384405791515, 0.09913029873845157, 0.8875592070201772, 0.0037531097355796585]], "ideal": "B", "sampled": "C", "correct": false}}
{"type": "result", "data": {"idx": 74, "options": ["True, True", "False, False", "True, False", "False, True"], "probs": [[0.06769737297972399, 0.06803418391109822, 0.8316092118560006, 0.03265923115317723], [0.020112583673947117, 0.10753747214933658, 0.7205241415742527, 0.15182580250246364], [0.028365876866235058, 0.05796450446109722, 0.903990935212762, 0.009678683359905745], [0.22091573630416603, 0.22931197501750272, 0.4566618543899755, 0.09311043418835577]], "ideal": "D", "sampled": "A", "correct": false}}
{"type": "result", "data": {"idx": 75, "options": ["True, True", "False, False", "True, False", "False, True"], "probs": [[0.11283157671191037, 0.06888510683875544, 0.7957831483828915, 0.022500167966442625], [0.02942976875679869, 0.12282330381431215, 0.513539665150739, 0.3342072621781501], [0.03942481941730079, 0.06040905060967751, 0.891135759430716, 0.009030370442305723], [0.17649700271799496, 0.37386490024955327, 0.3824254685980756, 0.06721262833437622]], "ideal": "B", "sampled": "A", "correct": false}}
{"type": "result", "data": {"idx": 76, "options": ["True, True", "False, False", "True, False", "False, True"], "probs": [[0.11476095831907397, 0.08000474243589675, 0.7551526364968312, 0.050081662648198084], [0.013454718238256416, 0.09248424130996342, 0.5462914592800012, 0.3477695810717789], [0.017096223053172918, 0.05814023228689425, 0.9133289319357547, 0.011434612624178097], [0.1884342822710704, 0.3874199572587036, 0.32815845819534134, 0.09598730217488462]], "ideal": "C", "sampled": "A", "correct": false}}
{"type": "result", "data": {"idx": 77, "options": ["0", "3", "12", "30"], "probs": [[0.00518085500369272, 0.25439538186877036, 0.733218690158051, 0.0072050728694858695], [0.022933334675869832, 0.8641622874955758, 0.1059489648754442, 0.006955412853110217], [0.0259395898952016, 0.3194851344398861, 0.6234588154118048, 0.03111646015310755], [0.018645234091564798, 0.27703585753553367, 0.6940836789384178, 0.010235229334483736]], "ideal": "A", "sampled": "C", "correct": false}}
