{"type": "result", "data": {"idx": 0, "options": ["7 N", "5 N", "10 N", "12 N"], "probs": [[0.08663642246967011, 0.28804385634899105, 0.6104468065913873, 0.014872914489951553], [0.04260049914647385, 0.41604335622956845, 0.5310475422570793, 0.010308602266878459], [0.027054245857228227, 0.5464264021573975, 0.40993796782344216, 0.016581384061932193], [0.030527388944466008, 0.2717172063464867, 0.6224552663747868, 0.07530013823426046]], "ideal": "A", "sampled": "C", "correct": false}}
{"type": "result", "data": {"idx": 1, "options": ["weight of fluid.", "volume of fluid.", "density of fluid.", "All of these."], "probs": [[0.005946832264912122, 0.023092985236917017, 0.004023054163586576, 0.9669371282345843], [0.009708962015713921, 0.01725159330353328, 0.9695113510352459, 0.003528093545506871], [0.007494840432197493, 0.6448131713456319, 0.10831189266860576, 0.2393800954535649], [0.046842186634987654, 0.7416136701249102, 0.19887172747831472, 0.012672415661787381]], "ideal": "B", "sampled": "D", "correct": false}}
{"type": "result", "data": {"idx": 2, "options": ["totally internally reflects", "passes into the air above", "is absorbed", "None of these"], "probs": [[0.7757525190384582, 0.19849728923971555, 0.004907947715931134, 0.020842243905895078], [0.007447503234940042, 0.007673365263296576, 0.004112511514414796, 0.9807666198873486], [0.0018341690265896912, 0.016147639570730628, 0.9725283961282286, 0.009489795174451034], [0.005201745393875189, 0.9569687136052881, 0.0352696079771002, 0.0025599329237364654]], "ideal": "B", "sampled": "A", "correct": false}}
{"type": "result", "data": {"idx": 3, "options": ["always.", "sometimes.", "never.", "on planet Earth only."], "probs": [[0.2994467519947669, 0.2777391859388621, 0.4154258352460033, 0.007388226720367682], [0.04701145505469175, 0.07621947157274847, 0.017155569556296022, 0.8596135037162638], [0.010998058910175757, 0.026082452367493694, 0.9599052750037348, 0.003014213618595699], [0.021107496927514267, 0.9237831337248973, 0.034768518445537404, 0.020340850802051023]], "ideal": "B", "sampled": "A", "correct": false}}
{"type": "result", "data": {"idx": 4, "options": ["changes", "aligns with the electric field", "is at right angles to the electric field", "converts to magnetic energy"], "probs": [[0.973654516411151, 0.016139983272448123, 0.008659798191358955, 0.0015457020250419305], [0.0028148471937925073, 0.732018449945796, 0.016969119166413086, 0.24819758359399835], [0.00960584956428358, 0.028336333413714297, 0.8996720414820574, 0.0623857754399447], [0.009373054594311907, 0.9232745524953834, 0.005528460112036674, 0.06182393269826806]], "ideal": "A", "sampled": "A", "correct": true}}
{"type": "result", "data": {"idx": 5, "options": ["red", "yellow-green", "blue", "violet"], "probs": [[0.00528863643942092, 0.05145227660633116, 0.9206720812605859, 0.022587005593662043], [0.0046394377469272515, 0.3722508734668386, 0.5988163766210622, 0.0242933120651719], [0.022533646890217127, 0.21681575870542086, 0.7431193895646616, 0.017531204739700438], [0.030559805653606855, 0.0659465372174539, 0.0401682014798379, 0.8633254555491013]], "ideal": "D", "sampled": "C", "correct": false}}
{"type": "result", "data": {"idx": 6, "options": ["mass distorts spacetime.", "gravity affects clocks.", "light can\u2019t escape from a black hole.", "All of these."], "probs": [[0.008293744186820702, 0.005123417940462814, 0.00262990577199135, 0.9839529320007251], [0.0029507163004583482, 0.016484706306490876, 0.5196020793426167, 0.46096249795043404], [0.010261247100307083, 0.11320186306880414, 0.8612111760402416, 0.015325713690647221], [0.03112853818229705, 0.9166962879115782, 0.01565371890280659, 0.03652145490331813]], "ideal": "D", "sampled": "A", "correct": false}}
{"type": "result", "data": {"idx": 7, "options": ["voltage", "energy", "Both of these", "Neither of these"], "probs": [[0.0030216737843898694, 0.023462977465391287, 0.971605351470941, 0.0019099971792778273], [0.004047991574152977, 0.05932117802569993, 0.0011154574671955041, 0.9355153728329516], [0.219603348227429, 0.11315041957168272, 0.6653429969737515, 0.0019032351271367953], [0.007729853986291818, 0.5960479391982031, 0.016354115716302096, 0.379868090999203]], "ideal": "A", "sampled": "A", "correct": true}}
{"type": "result", "data": {"idx": 8, "options": ["chaotic", "ordered", "positioned by amplitude", "in phase"], "probs": [[0.004700130877758538, 0.9156589096572838, 0.07642637347250003, 0.003214585892457589], [0.725706626695095, 0.24762780615966215, 0.014251067102610876, 0.01241449994263193], [0.011421227592515432, 0.02763647529206248, 0.006626237047381045, 0.954316059968041], [0.0032695477689386964, 0.02105415759786937, 0.9736392317955209, 0.0020370627376709908]], "ideal": "B", "sampled": "B", "correct": true}}
{"type": "result", "data": {"idx": 9, "options": ["amplitude", "wavelength", "frequency", "energy"], "probs": [[0.0023991325309165585, 0.042864925157068565, 0.6289113612935758, 0.325824580918439], [0.005841572393015279, 0.09104282568047696, 0.29445959222565476, 0.608656009600853], [0.0017096674306745572, 0.029802572634432523, 0.2869306090173401, 0.6815571508175529], [0.009257209779669057, 0.03394215692266438, 0.4712028178203818, 0.48559781537728475]], "ideal": "D", "sampled": "C", "correct": false}}
{"type": "result", "data": {"idx": 10, "options": ["the same", "opposite", "Either of these", "Need more information"], "probs": [[0.0025189070172804565, 0.9628640049426606, 0.03184736969378966, 0.002769718246269299], [0.7522629197425403, 0.2135296676264114, 0.01885103544907771, 0.015356377081970598], [0.017637814306245808, 0.026613522644251576, 0.030436197397939582, 0.925312465551563], [0.0014449760247087571, 0.03300456207666995, 0.9604532362137511, 0.005097225584870179]], "ideal": "B", "sampled": "B", "correct": true}}
{"type": "result", "data": {"idx": 11, "options": ["conduction", "convection", "radiation", "radioactivity"], "probs": [[0.0016453140302034029, 0.017179921151198464, 0.9807020954358957, 0.0004726692827023792], [0.0037311108747853533, 0.9909772987298768, 0.002510885737013507, 0.002780704558324284], [0.9649364297341296, 0.016308816057067323, 0.010133414471625767, 0.008621339637177301], [0.0006230433482481121, 0.0023223127247641497, 0.007707225316402597, 0.9893474185105852]], "ideal": "C", "sampled": "C", "correct": true}}
{"type": "result", "data": {"idx": 12, "options": ["half, 1 A", "2 A", "Depends on which lamp is closer to the battery", "Not enough information to say"], "probs": [[0.07244155403885842, 0.6322652023019724, 0.029956559308767932, 0.26533668425040124], [0.0883629280375589, 0.10265136891513378, 0.7400453961662521, 0.06894030678105528], [0.03409036583011522, 0.3709134715695044, 0.16115785953477163, 0.4338383029656087], [0.10867217012409497, 0.33791077269709763, 0.5517259967313353, 0.001691060347472173]], "ideal": "B", "sampled": "B", "correct": true}}
{"type": "result", "data": {"idx": 13, "options": ["increase.", "decrease.", "remain unchanged.", "None of these."], "probs": [[0.717596180064892, 0.24462321631714865, 0.03456143694980417, 0.003219166568155216], [0.00665911358118658, 0.024844304765909486, 0.0059654044803116564, 0.9625311770725923], [0.0012889975559608358, 0.014668047417437872, 0.9788596052377663, 0.005183349688835019], [0.004419961562505572, 0.8856401015636765, 0.10370411175750116, 0.006235825016316815]], "ideal": "A", "sampled": "A", "correct": true}}
{"type": "result", "data": {"idx": 14, "options": ["2mg", "mg", "mg/2", "mg/4"], "probs": [[0.005501384367845796, 0.23688103201087798, 0.7469138484937289, 0.010703735027547328], [0.00418298685613366, 0.8551809427091704, 0.1349074524672173, 0.0057286178674785995], [0.1733342914606147, 0.6790297868674823, 0.10822875232209349, 0.03940716924980954], [0.12905593407436988, 0.27630478552655185, 0.52957619020376, 0.06506309009531824]], "ideal": "B", "sampled": "C", "correct": false}}
{"type": "result", "data": {"idx": 15, "options": ["less.", "equal.", "greater.", "none because it sinks."], "probs": [[0.8745727507498667, 0.0600478565123565, 0.06414510157269342, 0.0012342910650833723], [0.012372488867113576, 0.09783148591471574, 0.009055994289893404, 0.8807400308282772], [0.0010974276652645453, 0.005476194820567502, 0.9917605376291948, 0.0016658397849731567], [0.002539995131318214, 0.9690809572319533, 0.022458679821286895, 0.00592036771544154]], "ideal": "A", "sampled": "A", "correct": true}}
{"type": "result", "data": {"idx": 16, "options": ["red.", "green.", "white minus red.", "a mixture of green and yellow."], "probs": [[0.9295772901383894, 0.04546740355320887, 0.02175710394988381, 0.0031982022585179547], [0.005509355715520434, 0.007192493139221932, 0.0011568011553542894, 0.9861413498899033], [0.005298788496029894, 0.011380561414454562, 0.9807880154367742, 0.0025326345527413225], [0.006345229169550932, 0.9769565976248036, 0.012828268001943978, 0.0038699051037014705]], "ideal": "A", "sampled": "A", "correct": true}}
{"type": "result", "data": {"idx": 17, "options": ["speed", "frequency", "wavelength", "All of these"], "probs": [[0.0007708528183807333, 0.18573186614799442, 0.0047531130011008015, 0.808744167932524], [0.03937611702842564, 0.02783283945376202, 0.9271906552930447, 0.00560038812476764], [0.000138455618537601, 0.029528892466052125, 0.008354072157934322, 0.9619785796574759], [0.0012584271885954074, 0.16485666067862956, 0.8315820704458871, 0.0023028415868880177]], "ideal": "B", "sampled": "B", "correct": true}}
{"type": "result", "data": {"idx": 18, "options": ["volume", "mass", "weight", "density"], "probs": [[0.5095452145654814, 0.15168510601918644, 0.07369691242579134, 0.26507276688954073], [0.0005796211768388311, 0.01194434332917008, 0.16940782954646838, 0.8180682058475227], [0.0004176226958610807, 0.030046398774684017, 0.9690111582675004, 0.0005248201619544958], [0.002525908903108292, 0.986434233226843, 0.009380649888993977, 0.0016592078810547918]], "ideal": "D", "sampled": "A", "correct": false}}
{"type": "result", "data": {"idx": 19, "options": ["transverse waves", "longitudinal waves", "all waves", "None of these"], "probs": [[0.19325737941206172, 0.043543115902705536, 0.7519386522008847, 0.011260852384347946], [0.008761133777451392, 0.12179224630681053, 0.010727650215105685, 0.8587189696006324], [0.012936668080055154, 0.05017767311316682, 0.9162549163523028, 0.020630742354475144], [0.02037798966381235, 0.7081025226386172, 0.024020597442270614, 0.24749889015529988]], "ideal": "A", "sampled": "A", "correct": true}}
{"type": "result", "data": {"idx": 20, "options": ["buoyant force", "mass", "weight", "All of these"], "probs": [[0.0035800933834310533, 0.017716258762495343, 0.5260238050888466, 0.452679842665227], [0.008006864508986718, 0.10094002989331752, 0.8898796156129244, 0.0011734898847713384], [0.32590682003622057, 0.6593213227643501, 0.008556366930158498, 0.006215490169270828], [0.12876927239721697, 0.05290537075711919, 0.01098983961934052, 0.8073355171263233]], "ideal": "A", "sampled": "D", "correct": false}}
{"type": "result", "data": {"idx": 21, "options": ["thermal energy.", "vibrational kinetic energy.", "average translational kinetic energy.", "rotational kinetic energy."], "probs": [[0.7065755503242261, 0.12917240648433323, 0.16248379018542308, 0.0017682529060175185], [0.3794235083765315, 0.37681714641316333, 0.02126116376795769, 0.22249818134234745], [0.5477941011023898, 0.02342209836538889, 0.4198452969804338, 0.008938503451787514], [0.006847673353250755, 0.9474748181520566, 0.022282176210204577, 0.023395332184488093]], "ideal": "C", "sampled": "A", "correct": false}}
{"type": "result", "data": {"idx": 22, "options": ["move farther than the input piston", "exceed the force input", "exceed the input piston\u2019s speed", "produce increased energy"], "probs": [[0.17284020007132722, 0.7212619458343663, 0.04953281732006578, 0.056365036674240684], [0.564805107203422, 0.14905362273912076, 0.13391027252259685, 0.15223099743486032], [0.06934279663625297, 0.12364377318545974, 0.05529732402505375, 0.7517161060532336], [0.023446690157803044, 0.11518310689975848, 0.8404363942026537, 0.020933808639784713]], "ideal": "D", "sampled": "B", "correct": false}}
{"type": "result", "data": {"idx": 23, "options": ["decreases", "increases", "remains unchanged", "may increase or decrease"], "probs": [[0.0015572934089796392, 0.9890131002177308, 0.0049481846492915905, 0.00448142162399796], [0.8397982080567966, 0.025617647794225335, 0.1323862814566621, 0.002197862592315947], [0.0014221007516482878, 0.7812608718282287, 0.0445046478965604, 0.1728123794235627], [0.0016883492345497995, 0.028463452159816115, 0.969084355410803, 0.0007638430948310869]], "ideal": "C", "sampled": "B", "correct": false}}
{"type": "result", "data": {"idx": 24, "options": ["half the bend.", "the same bend if the branch doesn\u2019t break.", "twice the bend.", "4 times the bend."], "probs": [[0.003578375781394875, 0.2919227662072514, 0.7027796347020941, 0.0017192232092596116], [0.0766632322716784, 0.9032781876124526, 0.01607489347176341, 0.0039836865441055976], [0.27554981050158545, 0.08704536568688903, 0.11643737517670413, 0.5209674485348214], [0.0029766543570000346, 0.03036006567324582, 0.44473365348614774, 0.5219296263836064]], "ideal": "C", "sampled": "C", "correct": true}}
{"type": "result", "data": {"idx": 25, "options": ["increases but less than doubles", "doubles", "more than doubles", "depends on factors not stated"], "probs": [[0.001150898481893142, 0.9927892773262273, 0.005325908674123804, 0.0007339154177556529], [0.6588719412896697, 0.23743685812248208, 0.07223034568641351, 0.03146085480143471], [0.0010160421298667755, 0.006247820396190079, 0.004448334865818972, 0.9882878025081242], [0.0003822779736515913, 0.007941375255667552, 0.9910038391623117, 0.0006725075083690772]], "ideal": "A", "sampled": "B", "correct": false}}
{"type": "result", "data": {"idx": 26, "options": ["1 minute.", "2 minutes.", "5 minutes.", "9 minutes."], "probs": [[0.01762829103797104, 0.23207077577393698, 0.7386994897753401, 0.011601443312751952], [0.008958389894082217, 0.17152210900615977, 0.8137150326451474, 0.00580446835461057], [0.041687862711412865, 0.5206593478208289, 0.41803093395420676, 0.019621855413551485], [0.1298185670523515, 0.21411814206710977, 0.6396166955977866, 0.016446595182752162]], "ideal": "D", "sampled": "D", "correct": true}}
{"type": "result", "data": {"idx": 27, "options": ["move at a constant speed in a straight line", "accelerate at a constant rate in a straight line", "come to rest", "increase its amount of inertia"], "probs": [[0.6882684505746152, 0.2968468486634463, 0.014166405059056647, 0.000718295602881894], [0.6299325949288088, 0.18827224152873978, 0.006473268045559713, 0.17532189539689172], [0.004209444444976295, 0.009437898291645796, 0.9016241543694539, 0.08472850279392408], [0.0017087240446613992, 0.8684572442596501, 0.1254332132189572, 0.004400818376731328]], "ideal": "A", "sampled": "A", "correct": true}}
{"type": "result", "data": {"idx": 28, "options": ["everyday low speeds.", "relativistic speeds.", "Both of these.", "Neither of these."], "probs": [[0.002070724640464037, 0.1481850827293376, 0.8474869952323968, 0.002257197297801601], [0.02380204894638158, 0.9437415850519361, 0.023050484742152603, 0.009405881159529804], [0.016659715218584937, 0.030709246038097892, 0.004626024308966244, 0.9480050143343509], [0.0017147039282202747, 0.015588325266375585, 0.9230633777201694, 0.05963359298523467]], "ideal": "C", "sampled": "B", "correct": false}}
{"type": "result", "data": {"idx": 29, "options": ["evaporation", "condensation", "Both", "Neither"], "probs": [[0.001936539417569121, 0.05297420843132585, 0.9418912461472794, 0.0031980059038256036], [0.009306051113451277, 0.8811657690468152, 0.04264406241479435, 0.06688411732493911], [0.035591102867805965, 0.10522633711517855, 0.13320633668456822, 0.7259762232324473], [0.0035888879240342786, 0.07349165922558061, 0.1683739790252918, 0.7545454737250933]], "ideal": "C", "sampled": "C", "correct": true}}
{"type": "result", "data": {"idx": 30, "options": ["shorter", "taller", "equal in height", "inoperable"], "probs": [[0.008247664829208967, 0.23284590886347734, 0.7098443845658098, 0.04906204164150393], [0.010424661497589171, 0.69102490263146, 0.20466312859332197, 0.09388730717762882], [0.02126306849896833, 0.06807704852500814, 0.7595204168877802, 0.15113946598824338], [0.08799205588426351, 0.13365739383467506, 0.389718735332279, 0.38863181484878245]], "ideal": "B", "sampled": "C", "correct": false}}
{"type": "result", "data": {"idx": 31, "options": ["force due to gravity is the same on each.", "air resistance is always zero in free fall.", "inertia of both rocks is the same.", "ratio of force to mass is the same."], "probs": [[0.8979894216879829, 0.037399722868198725, 0.02293817621819925, 0.0416726791256191], [0.005807465930388077, 0.04728314320095414, 0.518059455632125, 0.42884993513653286], [0.026988085821626488, 0.12441832785343727, 0.8462440516470467, 0.0023495345778894706], [0.19606875034527368, 0.7716531803514162, 0.019880259211257755, 0.01239780999205233]], "ideal": "D", "sampled": "A", "correct": false}}
{"type": "result", "data": {"idx": 32, "options": ["increases but less than doubles", "doubles", "more than doubles", "depends on factors not stated"], "probs": [[0.0011446049954743347, 0.9940832302567337, 0.0040920740179913, 0.0006800906298006223], [0.7632476636910003, 0.16286454987010052, 0.06268911767233627, 0.011198668666562876], [0.0007116140561558202, 0.004807487212774764, 0.003447648763826362, 0.9910332498672431], [0.00035697838635479086, 0.006647789751844575, 0.9924787632048326, 0.0005164685569680175]], "ideal": "C", "sampled": "B", "correct": false}}
{"type": "result", "data": {"idx": 33, "options": ["equals mass moving at the speed of light squared.", "equals moving mass.", "is fundamentally different than mass.", "and mass are closely related."], "probs": [[0.011605251015473557, 0.010768629019127333, 0.0017126836423271763, 0.9759134362230719], [0.0017479456339745967, 0.010888185835202936, 0.9866570076038415, 0.00070686082698098], [0.006263062355332976, 0.9782542117556283, 0.011340173799848348, 0.004142551989190355], [0.8598144205698297, 0.13309753175318415, 0.005743815664682314, 0.0013442319123037815]], "ideal": "D", "sampled": "D", "correct": true}}
{"type": "result", "data": {"idx": 34, "options": ["light leaving the Sun is slowed by gravity.", "light passing the Sun is deflected.", "a clock on the Sun\u2019s surface runs faster than on Earth.", "All of these."], "probs": [[0.009732689653112388, 0.22215112917426966, 0.0044564697637992645, 0.7636597113088187], [0.011654162418007213, 0.023760627182139164, 0.9482453605690832, 0.01633984973077048], [0.008726101432807607, 0.6633778859263225, 0.05137209259482166, 0.27652391994604825], [0.01241986480012845, 0.1551631573141479, 0.824503022129684, 0.007913955656039738]], "ideal": "D", "sampled": "D", "correct": true}}
{"type": "result", "data": {"idx": 35, "options": ["reduces by 2", "reduces by 4", "increases by 2", "increases by 4"], "probs": [[0.4276046263324695, 0.4024465201789091, 0.12724419858177727, 0.042704654806844135], [0.08968619156082694, 0.0934478630019275, 0.7631617102400545, 0.05370423509719104], [0.16218207412419472, 0.48182310572314085, 0.3125803102408624, 0.04341450981180199], [0.022575699631687197, 0.3741664727465092, 0.5599745720055477, 0.04328325551625594]], "ideal": "A", "sampled": "D", "correct": false}}
{"type": "result", "data": {"idx": 36, "options": ["increases", "decreases", "remains the same", "Not enough information to say"], "probs": [[0.014719313884739694, 0.21008731504078523, 0.7670653543331953, 0.008128016641279741], [0.022255452223194413, 0.3287999909295658, 0.054594818192132764, 0.594349738555107], [0.004104935161108772, 0.016026890150013205, 0.9667968301552708, 0.013071344433607215], [0.007930918041923616, 0.4547654668276756, 0.5061701778163081, 0.031133437214092615]], "ideal": "A", "sampled": "A", "correct": true}}
{"type": "result", "data": {"idx": 37, "options": ["30 km/h", "40 km/h", "50 km/h", "60 km/h"], "probs": [[0.06545871660146561, 0.7475187369647824, 0.17507806858821678, 0.011944477745535198], [0.031703859564471824, 0.24709294733914416, 0.5706336497689865, 0.15056954322739757], [0.05935624503204764, 0.16381437769729926, 0.6485546705865008, 0.12827470658415227], [0.02681420327590391, 0.13470150312589071, 0.8345817788633069, 0.003902514634898485]], "ideal": "C", "sampled": "B", "correct": false}}
{"type": "result", "data": {"idx": 38, "options": ["amplitude", "polarization", "momentum", "frequency"], "probs": [[0.0004299740030187965, 0.0015387356074718138, 0.005932703714132337, 0.9920985865753771], [0.0003521222947235082, 0.012916737014650511, 0.9857505276234332, 0.00098061296719281], [0.0011483057431445742, 0.9938515055616194, 0.0041387296295462405, 0.0008614589656898087], [0.9624464835860155, 0.033331676778617154, 0.0015793218390138266, 0.002642517696353565]], "ideal": "D", "sampled": "D", "correct": true}}
{"type": "result", "data": {"idx": 39, "options": ["electrons", "protons", "neutrons", "ions"], "probs": [[0.903630020668603, 0.052017666539612824, 0.01434949137410867, 0.030002821317675465], [0.003962099634060979, 0.01366520116833512, 0.05960910473535915, 0.9227635943622448], [0.0018506350448146297, 0.02329810413977201, 0.974178965809386, 0.0006722949060274096], [0.012275777739677581, 0.9762681997963119, 0.007700964103340002, 0.0037550582606705957]], "ideal": "A", "sampled": "A", "correct": true}}
{"type": "result", "data": {"idx": 40, "options": ["less.", "more.", "the same.", "Need more information."], "probs": [[0.016737063939719656, 0.3610353084041887, 0.6000105592750943, 0.02221706828099739], [0.01965311783131519, 0.23650694551860318, 0.05172002086979079, 0.6921199156802909], [0.012099742929284563, 0.04441952005595751, 0.9155767481505196, 0.02790398876423828], [0.019780642821788787, 0.2292379087251034, 0.7400922602212305, 0.010889188131877295]], "ideal": "C", "sampled": "A", "correct": false}}
{"type": "result", "data": {"idx": 41, "options": ["overlapping one another", "constructively interfering", "moving slower than the source producing them", "All of these"], "probs": [[0.0037606846453029147, 0.06018560589119331, 0.004677992652948869, 0.9313757167105549], [0.0014008455058978713, 0.017125605057288308, 0.9763446072577308, 0.0051289420790830735], [0.01030714533274501, 0.9369111086336274, 0.012535728547965336, 0.040246017385662226], [0.07052196295586252, 0.4150508187207171, 0.5089751885569227, 0.005452029666497736]], "ideal": "D", "sampled": "D", "correct": true}}
{"type": "result", "data": {"idx": 42, "options": ["cold day", "hot day", "day with steady temperature", "None of these"], "probs": [[0.3468843698154703, 0.09973230211929542, 0.48109307880359053, 0.07229024916164381], [0.5590510922182013, 0.39515873491419506, 0.037356242255437155, 0.008433930512166553], [0.8590603861973789, 0.11400522065722811, 0.02194766613941549, 0.004986726905977514], [0.00848986324415956, 0.8806169866056527, 0.0904607573651232, 0.020432392685064558]], "ideal": "B", "sampled": "C", "correct": false}}
{"type": "result", "data": {"idx": 43, "options": ["half", "twice", "the same", "None of these"], "probs": [[0.024016733555425735, 0.21379279673272297, 0.7243106132699184, 0.037879856341932826], [0.12156485472763075, 0.49228848855819596, 0.10874820904643424, 0.277398447567739], [0.04523799889933934, 0.07099418262061372, 0.7250377454065687, 0.15873007297347821], [0.005473063062502374, 0.24673041116386538, 0.6665985828815666, 0.0811979427920656]], "ideal": "C", "sampled": "C", "correct": true}}
{"type": "result", "data": {"idx": 44, "options": ["hot to cold ever", "cold to hot ever", "hot to cold without external energy", "cold to hot without external energy"], "probs": [[0.09338380583879484, 0.09598345481488178, 0.7709420459130125, 0.039690693333310885], [0.022372566661368463, 0.6078617111997795, 0.3261846972568044, 0.043581024782047714], [0.3098597526240433, 0.15416903792270106, 0.3980304300387034, 0.13794077931455218], [0.05521637575560448, 0.12206714525638025, 0.2962367335699005, 0.5264797453181148]], "ideal": "D", "sampled": "C", "correct": false}}
{"type": "result", "data": {"idx": 45, "options": ["hydrogen.", "oxygen.", "nitrogen.", "But all have the same speed on average."], "probs": [[0.10015049277286106, 0.18788641129383882, 0.35796232941259587, 0.35400076642070427], [0.07594897314336721, 0.20435253512482757, 0.5913361090077659, 0.12836238262403932], [0.0861829866030166, 0.08032621948135646, 0.612574618618784, 0.22091617519684295], [0.009341303728435084, 0.1834310351484077, 0.34994382915590155, 0.4572838318672557]], "ideal": "A", "sampled": "C", "correct": false}}
{"type": "result", "data": {"idx": 46, "options": ["greater", "less", "the same", "Any of these"], "probs": [[0.00330163589755152, 0.15350957434895954, 0.8206060050346713, 0.0225827846188176], [0.03964469788209187, 0.3348117048977924, 0.29975278745775147, 0.32579080966236423], [0.01501044322100371, 0.0760353416158758, 0.6389049762062669, 0.2700492388568536], [0.01706402186680559, 0.07326506063863925, 0.5654520977366537, 0.3442188196579014]], "ideal": "C", "sampled": "C", "correct": true}}
{"type": "result", "data": {"idx": 47, "options": ["less than 0.8 N", "0.8 N", "greater than 0.8 N", "dependent on the orientation of its body"], "probs": [[0.009232742642189097, 0.6597163031356718, 0.32780581465210357, 0.00324513947003562], [0.08213693525361795, 0.39690908194224994, 0.09518799788017879, 0.42576598482395334], [0.0043405763822337295, 0.024265024300135222, 0.6590674380773826, 0.3123269611402485], [0.006747759531701818, 0.024557488471228107, 0.96343125607981, 0.005263495817260125]], "ideal": "B", "sampled": "B", "correct": true}}
{"type": "result", "data": {"idx": 48, "options": ["along and parallel to the wave", "perpendicular to the wave", "Both of these", "Neither of these"], "probs": [[0.4590763241848958, 0.06880729334005914, 0.4681180503647875, 0.003998332010257598], [0.09375826405316354, 0.18618789574595698, 0.010027211170337781, 0.7100266289305417], [0.010313777261199383, 0.019757464622298212, 0.9649690718011524, 0.004959686215350014], [0.006717869399013011, 0.9660202126608278, 0.018678934267368177, 0.008582983572790932]], "ideal": "A", "sampled": "A", "correct": true}}
{"type": "result", "data": {"idx": 49, "options": ["the work done on them", "motion", "Both of these", "Neither of these"], "probs": [[0.0017303587961087772, 0.01214579098995012, 0.9842907176537528, 0.001833132460188327], [0.0045846249804905774, 0.9743663844610776, 0.013358546662197724, 0.0076904437962341116], [0.31584291374858525, 0.14841161069018977, 0.5323097490895977, 0.003435726371627232], [0.007262898530528712, 0.10497625058656687, 0.007199448921189925, 0.8805614018617145]], "ideal": "A", "sampled": "C", "correct": false}}
{"type": "result", "data": {"idx": 50, "options": ["voltage", "energy", "Both of these", "Neither of these"], "probs": [[0.002410849891357276, 0.02348278748698601, 0.9722969348138646, 0.0018094277077921233], [0.0032970378636651707, 0.04757271230126508, 0.0009823629487774087, 0.9481478867862924], [0.22515800236550887, 0.1115801391109422, 0.661216725305019, 0.002045133118529937], [0.00690134247249897, 0.5444821159331068, 0.016414974005480528, 0.43220156748891364]], "ideal": "A", "sampled": "A", "correct": true}}
{"type": "result", "data": {"idx": 51, "options": ["inside the nucleus", "outside the nucleus", "Either of these", "Neither of these"], "probs": [[0.9631552932043963, 0.014306608098382202, 0.021375249811672367, 0.001162848785549164], [0.0035677370860939337, 0.015452467011506023, 0.0020499117813578163, 0.9789298840210422], [0.004008901455372415, 0.011999269464688546, 0.9819053778576293, 0.002086451122309665], [0.005215580855160743, 0.9862593345815109, 0.006012072178117583, 0.002513012285210776]], "ideal": "A", "sampled": "A", "correct": true}}
{"type": "result", "data": {"idx": 52, "options": ["absorbed", "reflected", "scattered", "refracted"], "probs": [[0.01025116826085053, 0.11389545461504985, 0.8696892941727818, 0.006164082851317717], [0.004508000431073799, 0.5380251524837883, 0.025964286744010488, 0.4315025602411273], [0.3617889303428239, 0.039344783587553576, 0.5928457897751107, 0.006020496194511835], [0.0031978094429340877, 0.8593799456989485, 0.044145110918214554, 0.0932771338399029]], "ideal": "A", "sampled": "A", "correct": true}}
{"type": "result", "data": {"idx": 53, "options": ["destruction", "interference", "resonance", "amplification"], "probs": [[0.0004460442091182297, 0.9791493027974868, 0.017376749214449313, 0.0030279036789456586], [0.9516613276418913, 0.04348760848837158, 0.003079374060953038, 0.0017716897087840806], [0.0035556072423639147, 0.012586976148833614, 0.2166638193123391, 0.7671935971964634], [0.0003869008518432331, 0.05820297906775559, 0.934258117114109, 0.0071520028662921875]], "ideal": "B", "sampled": "B", "correct": true}}
{"type": "result", "data": {"idx": 54, "options": ["all the colors together", "two or more appropriate colors", "light when a prism is held upside down", "None of these"], "probs": [[0.01453467544974627, 0.8613642966699103, 0.08826203424417706, 0.03583899353616629], [0.01835160099052627, 0.8506433756946913, 0.07424827484560433, 0.056756748369178114], [0.20154078828310762, 0.35584307641293644, 0.41010976903050983, 0.03250636617344609], [0.01929160024645904, 0.13148386799623235, 0.8087768568943366, 0.040447674762971994]], "ideal": "D", "sampled": "B", "correct": false}}
{"type": "result", "data": {"idx": 55, "options": ["about 1 A", "2 A", "Depends on which lamp is closer to the battery", "Not enough information to say"], "probs": [[0.08993729018766682, 0.7677279552701403, 0.018269357826665483, 0.12406539661552743], [0.10325010350618147, 0.044117980687035624, 0.6176135677438321, 0.23501834796295076], [0.013895670235355113, 0.29588941342923436, 0.3336902626839989, 0.35652465355141166], [0.06695917418768416, 0.43387336640683616, 0.49847896172882783, 0.00068849757665181]], "ideal": "D", "sampled": "B", "correct": false}}
{"type": "result", "data": {"idx": 56, "options": ["Speed only", "Wavelength only", "Both speed and wavelength", "Neither of these"], "probs": [[0.0009690451631851407, 0.015662046278172952, 0.9808504662113572, 0.002518442247284727], [0.003850874931818097, 0.9290360782685754, 0.03905876091992483, 0.0280542857796817], [0.0030209862601535, 0.02383411896678452, 0.9625721714060347, 0.01057272326702732], [0.000407282567764452, 0.009083021737371168, 0.004135880292601027, 0.9863738153022633]], "ideal": "C", "sampled": "C", "correct": true}}
{"type": "result", "data": {"idx": 57, "options": ["2 Hz", "4 Hz", "8 Hz", "16 Hz"], "probs": [[0.12217538580945625, 0.5552910207619546, 0.29497803518298693, 0.02755555814560216], [0.11528185363106697, 0.447386397715391, 0.42456014264831127, 0.012771605905230765], [0.06973561306135759, 0.7341078163567645, 0.14073797377433045, 0.0554185967075475], [0.0440899621210858, 0.1430847059277017, 0.7573030646677219, 0.05552226718349054]], "ideal": "B", "sampled": "B", "correct": true}}
{"type": "result", "data": {"idx": 58, "options": ["frequency", "period", "wavelength", "amplitude"], "probs": [[0.0037696755737524025, 0.005823059329517506, 0.0025945512656895746, 0.9878127137310405], [0.00080836464574065, 0.009495301764786784, 0.9515570400013529, 0.03813929348811963], [0.001090628604326633, 0.9843593038104477, 0.013816004241194297, 0.0007340632440314236], [0.7912988742106722, 0.19560782824312223, 0.007234255776577931, 0.0058590416696276265]], "ideal": "D", "sampled": "D", "correct": true}}
{"type": "result", "data": {"idx": 59, "options": ["charged", "uncharged", "Either of these", "Neither of these"], "probs": [[0.015278832516559869, 0.698782345871809, 0.27919746287533914, 0.006741358636291985], [0.13999342082570249, 0.49137461231952895, 0.04368263222241881, 0.32494933453234975], [0.22721863942230525, 0.11814142586388797, 0.44841571969650706, 0.20622421491729973], [0.0429645471239886, 0.4052845222411489, 0.5444907327239358, 0.007260197810926641]], "ideal": "C", "sampled": "B", "correct": false}}
{"type": "result", "data": {"idx": 60, "options": ["absorbed", "transmitted", "scattered", "polarized"], "probs": [[0.020563657835250247, 0.217780137816082, 0.7610217150903011, 0.0006344891583665676], [0.011033434029244633, 0.8601369552523263, 0.0045155750847638496, 0.12431403553366524], [0.17785521363319323, 0.012334245611948179, 0.8000213734011733, 0.00978916725368526], [0.0015313200134733566, 0.7949477294484762, 0.12525965992485577, 0.07826129051319458]], "ideal": "C", "sampled": "C", "correct": true}}
{"type": "result", "data": {"idx": 61, "options": ["thorium-242", "thorium-238", "thorium-234", "radium-214"], "probs": [[0.014748690927264795, 0.8343448268985689, 0.14439328864758338, 0.006513193426582928], [0.29154362402791134, 0.4648886780009095, 0.14315335024494846, 0.10041434762623065], [0.028480254647256082, 0.08605371759093755, 0.6861848510960852, 0.19928117656572117], [0.08496546902711156, 0.1710815759406069, 0.7244241371850467, 0.0195288177472348]], "ideal": "C", "sampled": "B", "correct": false}}
{"type": "result", "data": {"idx": 62, "options": ["toward you", "away from you", "Both of these", "None of these"], "probs": [[0.0023534548116147212, 0.2376662449194528, 0.7557824589381561, 0.004197841230776328], [0.23551826966308906, 0.5420770826345029, 0.033669737361832784, 0.1887349102405752], [0.006636753900172677, 0.0213394134919416, 0.17654611760443426, 0.7954777149034514], [0.0008381344002481129, 0.05161170802740031, 0.8824032149742342, 0.06514694249811737]], "ideal": "C", "sampled": "B", "correct": false}}
{"type": "result", "data": {"idx": 63, "options": ["charge", "energy", "mass", "all of these"], "probs": [[0.003989964336729879, 0.09329250295419478, 0.44987534095035825, 0.45284219165871714], [0.01268318908481379, 0.39333300483514033, 0.588329876773062, 0.005653929206983798], [0.12438681716788594, 0.5185177634744546, 0.11954651739275167, 0.2375489018649078], [0.01472666789663219, 0.23366773496126905, 0.1765375910160909, 0.5750680060260078]], "ideal": "D", "sampled": "D", "correct": true}}
{"type": "result", "data": {"idx": 64, "options": ["unchanged", "twice as much", "half as much", "four times as much"], "probs": [[0.002173566966321575, 0.5953338765224866, 0.3856420233823085, 0.01685053302888335], [0.03162765361226782, 0.545486187337052, 0.2751805361004425, 0.14770562285023772], [0.0057582982279054985, 0.15125023443833469, 0.6106612925170275, 0.23233017471673237], [0.01180507237844262, 0.13976948293438962, 0.8278189806595672, 0.020606463927600634]], "ideal": "B", "sampled": "B", "correct": true}}
{"type": "result", "data": {"idx": 65, "options": ["breaking the sound barrier", "pulling out of a subsonic dive", "flying faster than sound", "Each of these produces a sonic boom"], "probs": [[0.08042665929705267, 0.09273652400951427, 0.09616573583858982, 0.7306710807548432], [0.03045019867384483, 0.23740588068598611, 0.1342731924601449, 0.5978707280800242], [0.009794467689723136, 0.06187257309213027, 0.9252552040180337, 0.003077755100112825], [0.01798601554216819, 0.2099513913502822, 0.01614901164836572, 0.7559135813591839]], "ideal": "C", "sampled": "A", "correct": false}}
{"type": "result", "data": {"idx": 66, "options": ["becomes slightly radioactive", "doesn\u2019t become radioactive", "will spoil faster", "should be avoided"], "probs": [[0.9311058266695382, 0.06200916523074147, 0.005794445359977241, 0.001090562639743038], [0.0011596393645303166, 0.002993113148448746, 0.0016485189545186435, 0.9941987284325023], [0.0004373750445656537, 0.006639942105325518, 0.9917957252674044, 0.0011269574827043672], [0.0007568827690705963, 0.9911760491321115, 0.007525426199554155, 0.0005416417992637095]], "ideal": "B", "sampled": "A", "correct": false}}
{"type": "result", "data": {"idx": 67, "options": ["fluorescence.", "coherence.", "polarization.", "de-excitation."], "probs": [[0.9126545124027288, 0.03204042022542795, 0.02175615055277354, 0.03354891671906974], [0.0013052366740194618, 0.005663893943558743, 0.0027431188243146223, 0.9902877504581071], [0.000988713702276229, 0.010748703074201806, 0.9877471961936606, 0.0005153869298613212], [0.005899021014038145, 0.9873069654806638, 0.004225299283635641, 0.002568714121662418]], "ideal": "D", "sampled": "A", "correct": false}}
{"type": "result", "data": {"idx": 68, "options": ["reflected or converted to internal energy in the material.", "mainly reflected.", "mainly refracted.", "transmitted at a lower frequency."], "probs": [[0.8786385894612206, 0.09897129580762393, 0.017776518338185467, 0.004613596292969938], [0.9083036031136352, 0.052701748018814, 0.013019138727577016, 0.025975510039973743], [0.019116464063528474, 0.026980416290540852, 0.9240925758644848, 0.029810543681445895], [0.002252577889816672, 0.9703576338295561, 0.019754324860690363, 0.007635463319936902]], "ideal": "A", "sampled": "A", "correct": true}}
{"type": "result", "data": {"idx": 69, "options": ["1/100 as much", "10 times as much", "100 times as much", "1000 times as much"], "probs": [[0.39694499669765904, 0.10969637251519641, 0.4744926357205125, 0.018865994966632053], [0.002933745411509655, 0.01787695000861299, 0.033042652235950654, 0.9461466522439267], [0.0015740490902081956, 0.0140548457373572, 0.9761773748597059, 0.008193730212728699], [0.001150278019165784, 0.9137183379030084, 0.08117308424290783, 0.0039582997349179765]], "ideal": "C", "sampled": "A", "correct": false}}
{"type": "result", "data": {"idx": 70, "options": ["direction", "energy", "Both of these", "Neither of these"], "probs": [[0.00906853991841491, 0.017383952752484305, 0.9686851495363429, 0.0048623576927579355], [0.003522270351290233, 0.1626019068732402, 0.008115156930585761, 0.8257606657448838], [0.010476024703884125, 0.0673776708435681, 0.9214905397042282, 0.0006557646483195921], [0.010793848052607524, 0.905453331816809, 0.009233982378723426, 0.0745188376518601]], "ideal": "A", "sampled": "A", "correct": true}}
{"type": "result", "data": {"idx": 71, "options": ["more dense", "less dense", "more slippery", "warmer"], "probs": [[0.015517956722018387, 0.9625540465512371, 0.020559365121606762, 0.0013686315051377176], [0.46767949549055066, 0.36625179896180526, 0.009121044789754834, 0.15694766065788923], [0.021665909328536886, 0.03501524253332904, 0.8799723604943465, 0.06334648754378762], [0.00404559896650543, 0.8499567739765392, 0.13916396497144828, 0.006833661985507039]], "ideal": "A", "sampled": "A", "correct": true}}
{"type": "result", "data": {"idx": 72, "options": ["frequency.", "wavelength.", "air temperature.", "All of these."], "probs": [[0.0017288604215408752, 0.005550189386881653, 0.08788650447227583, 0.9048344456193016], [0.0015832066300811866, 0.023678869945034674, 0.9735037133739693, 0.001234209950914788], [0.27263172594946594, 0.713207043404114, 0.009195387071342665, 0.004965843475077412], [0.01088280685277546, 0.031599505391127394, 0.0035911121317134145, 0.9539265755243838]], "ideal": "C", "sampled": "D", "correct": false}}
{"type": "result", "data": {"idx": 73, "options": ["conduction", "convection", "radiation", "All of these, although radiation is greatest"], "probs": [[0.000876661791548057, 0.014413227203315176, 0.9609738480861942, 0.023736262818942505], [0.0015702605781164705, 0.9453846782515205, 0.05197900427705118, 0.001066056793311878], [0.8297100284121577, 0.1671255274609717, 0.0023450935872742188, 0.0008193504395964215], [0.010212686534816762, 0.011801763225112376, 0.005470027083251098, 0.9725155230568198]], "ideal": "C", "sampled": "C", "correct": true}}
