{"type": "result", "data": {"idx": 0, "options": ["p = 4", "p = 8", "p = 12", "p = 24"], "probs": [[0.14590979757781916, 0.621463522105682, 0.22738670749918571, 0.005239972717313163], [0.14635459241392623, 0.6046327026164604, 0.19509666538209802, 0.0539160394875153], [0.2357072444395106, 0.13248633192422957, 0.6008675254506739, 0.030938898085585895], [0.006031579979440193, 0.5656990733051265, 0.42223448512105916, 0.006034861494374131]], "ideal": "C", "sampled": "A", "correct": false}}
{"type": "result", "data": {"idx": 1, "options": ["5", "7", "8", "9"], "probs": [[0.002915324500399255, 0.07077861615927473, 0.9219616480306175, 0.004344411209708504], [0.006398409487325634, 0.22646663824467145, 0.756075661768432, 0.011059290399570956], [0.011882276748923632, 0.21182704818045564, 0.7229801705205049, 0.053310504450115856], [0.005819827114824872, 0.17066595727482234, 0.8103903301217742, 0.013123885388578544]], "ideal": "C", "sampled": "C", "correct": true}}
{"type": "result", "data": {"idx": 2, "options": ["1 over 5", "\u22125", "\u22121 over 5", "5"], "probs": [[0.06281009876610498, 0.4514860675946911, 0.4787493505217043, 0.006954483017499608], [0.4129929151794177, 0.15590524323427488, 0.30882983706418754, 0.12227200442211986], [0.3182681291493309, 0.1278842425186148, 0.5368187576969361, 0.017028870535118184], [0.13106306481822796, 0.11234890425641465, 0.6550796920186714, 0.10150833880668589]], "ideal": "D", "sampled": "B", "correct": false}}
{"type": "result", "data": {"idx": 3, "options": ["4", "5", "6", "7"], "probs": [[0.003133579202214267, 0.11489553169211739, 0.8752717501229891, 0.006699138882679249], [0.0035534625758271467, 0.18163875700801224, 0.8098232507739341, 0.004984529542226447], [0.012791878997302915, 0.46957488094138405, 0.35097362280205785, 0.1666596171592552], [0.007058997661900118, 0.04269880624765529, 0.8637042126768074, 0.08653798331363718]], "ideal": "B", "sampled": "D", "correct": false}}
{"type": "result", "data": {"idx": 4, "options": ["4t = 112; $448", "4t = 112; $28", "t over 4 = 112; $448", "t over 4 = 112; $28"], "probs": [[0.13455281061236044, 0.31316874361389646, 0.2870754684839309, 0.2652029771898122], [0.08018604515834636, 0.059490280974476284, 0.8431874355727013, 0.01713623819447611], [0.044677007209460586, 0.1363613547788708, 0.7330688132925349, 0.08589282461913368], [0.20488899217318735, 0.25100106933442107, 0.5072508642781236, 0.03685907411426795]], "ideal": "B", "sampled": "D", "correct": false}}
{"type": "result", "data": {"idx": 5, "options": ["9", "11", "26", "32"], "probs": [[0.13142560008106854, 0.3732709296119978, 0.430659418787609, 0.06464405141932464], [0.11006772353043592, 0.24715196715577578, 0.6233229543640315, 0.019457354849756792], [0.09585857992616481, 0.27218815276004704, 0.5960864931332057, 0.03586677408058238], [0.08879977248017736, 0.3211896312624672, 0.5565161440123597, 0.033494452144995794]], "ideal": "C", "sampled": "B", "correct": false}}
{"type": "result", "data": {"idx": 6, "options": ["1.1 over 11", "11 over 11", "12 over 11", "11 over 12"], "probs": [[0.4518837759980264, 0.12368181630917556, 0.3974705786057737, 0.02696382898702437], [0.06245150113730909, 0.20403386878454913, 0.2264049823326522, 0.5071096476454896], [0.02770569364049548, 0.0540041402431256, 0.9039557583694292, 0.014334407646949647], [0.010255221725343051, 0.9075445929143103, 0.07872678683298245, 0.0034733984273642047]], "ideal": "C", "sampled": "A", "correct": false}}
{"type": "result", "data": {"idx": 7, "options": ["3.6", "36", "0.01272", "12.72"], "probs": [[0.02793474687001492, 0.04580843017758157, 0.9245213308224254, 0.0017354920299781395], [0.0062673627262965804, 0.9182862533274359, 0.06680483605231188, 0.00864154779395573], [0.6268708757267869, 0.041420721070144814, 0.32953346198688344, 0.0021749411161848635], [0.13324309449846375, 0.7691700803082978, 0.09367946974109839, 0.003907355352140044]], "ideal": "B", "sampled": "C", "correct": false}}
{"type": "result", "data": {"idx": 8, "options": ["159.26", "2.224", "14,111", "126.26"], "probs": [[0.8624827677817671, 0.11089408884883506, 0.011901155900498853, 0.014721987368898898], [0.1627064326647601, 0.03149219562436818, 0.8020495670719179, 0.0037518045389538556], [0.019741931385820033, 0.6890791464579998, 0.28342481666108166, 0.007754105395098496], [0.8351611931211732, 0.1265721089189684, 0.037492772659845096, 0.0007739252000132786]], "ideal": "D", "sampled": "D", "correct": true}}
{"type": "result", "data": {"idx": 9, "options": ["0.72", "0.702", "10.0571", "7.2"], "probs": [[0.4316831616640388, 0.33330458399043583, 0.11950217509584256, 0.11551007914968282], [0.3312150042193716, 0.23062776142271216, 0.3952948215032806, 0.04286241275463557], [0.6255659318780276, 0.3132559586319413, 0.048877298652363135, 0.012300810737668023], [0.44062907017296515, 0.17744958897491092, 0.3728373438024207, 0.009083996949703244]], "ideal": "D", "sampled": "D", "correct": true}}
{"type": "result", "data": {"idx": 10, "options": ["150 + 400 + 200", "200 + 400 + 200", "200 + 450 + 200", "200 + 500 + 200"], "probs": [[0.009852369599384785, 0.21162880075887716, 0.7651134949516178, 0.013405334590120227], [0.00963018435650943, 0.3305376103050641, 0.654859469008367, 0.004972736230059439], [0.020996194149757036, 0.3604823341246454, 0.5254279795385793, 0.0930934920870182], [0.013749722111746169, 0.10530271880247803, 0.8653074317032167, 0.015640127282559077]], "ideal": "C", "sampled": "B", "correct": false}}
{"type": "result", "data": {"idx": 11, "options": ["21", "7", "1", "None of these"], "probs": [[0.013163688444180692, 0.038791201571319635, 0.9444382084210713, 0.0036069014634284137], [0.03116848403638168, 0.9171661981375328, 0.048995719678341404, 0.002669598047744201], [0.8279166892419817, 0.11675829450253239, 0.051521994654772085, 0.003803021500713846], [0.012882564702967043, 0.1317207320706821, 0.05461190452193434, 0.8007847986044165]], "ideal": "D", "sampled": "C", "correct": false}}
{"type": "result", "data": {"idx": 12, "options": ["8", "9", "49", "63"], "probs": [[0.02417904402763553, 0.3360900430302979, 0.6183376035219073, 0.021393309320159315], [0.019864487651072033, 0.3743768790594548, 0.5713297511315568, 0.03442888205791632], [0.03986623278878279, 0.31064776682412215, 0.6334637030992686, 0.016022297187826513], [0.019705797107834953, 0.2672271795444568, 0.7001122411599909, 0.012954782087717305]], "ideal": "A", "sampled": "B", "correct": false}}
{"type": "result", "data": {"idx": 13, "options": ["6", "11", "8", "5"], "probs": [[0.14992576951660713, 0.35536489712894537, 0.4799527741438099, 0.01475655911063759], [0.028955284611053848, 0.29367014872203395, 0.5768259188582817, 0.10054864770863044], [0.022102166499977056, 0.1931532356151162, 0.7788732775291826, 0.005871320255724169], [0.06259075738134198, 0.5182099496266581, 0.39850790492209, 0.020691387969909884]], "ideal": "A", "sampled": "A", "correct": true}}
{"type": "result", "data": {"idx": 14, "options": ["10 bars of soap for $23.20", "16 bars of soap for $36.48", "13 bars of soap for $29.51", "12 bars of soap for $27.60"], "probs": [[0.15472837482611476, 0.36409734323395215, 0.4079014244819715, 0.07327285735796163], [0.03433520453655283, 0.25259746146135803, 0.7009873443681583, 0.01207998953393082], [0.016724535196864943, 0.18605927012137022, 0.7937014225105624, 0.0035147720712024643], [0.02508365567001048, 0.8664691509884778, 0.10476777777141046, 0.003679415470101308]], "ideal": "C", "sampled": "A", "correct": false}}
{"type": "result", "data": {"idx": 15, "options": ["5 minutes", "14 minutes", "34 minutes", "70 minutes"], "probs": [[0.002069718765865763, 0.4846661961978855, 0.5099546571620399, 0.0033094277742088596], [0.030309837943610606, 0.5102945672598065, 0.45585537907462464, 0.0035402156219582295], [0.26531251258823396, 0.5264848266376697, 0.09023348168375882, 0.11796917899033751], [0.00895055328941998, 0.039624200186004814, 0.920602706218578, 0.030822540205997263]], "ideal": "B", "sampled": "B", "correct": true}}
{"type": "result", "data": {"idx": 16, "options": ["18", "24", "25", "29"], "probs": [[0.08208598761089647, 0.1445776490372618, 0.7672725747215647, 0.006063788530276972], [0.06035536560756302, 0.7502524893926058, 0.18018441001117164, 0.009207734888659544], [0.19069251993394593, 0.4086032633071138, 0.39425854084181544, 0.006445675817124886], [0.05223442727498161, 0.4539438312366989, 0.3951206574865058, 0.09870108390181366]], "ideal": "B", "sampled": "C", "correct": false}}
{"type": "result", "data": {"idx": 17, "options": ["(60/6)\u201412=a", "(60\u201412)/6=a", "(60-6)-12=a", "(60+12)/6=a"], "probs": [[0.04570656784524921, 0.9341904050236662, 0.01687939193723763, 0.003223635093846889], [0.6708926199207855, 0.30965853830219725, 0.016136471751568175, 0.003312369925449038], [0.016113066901635133, 0.7350391679799219, 0.2445205875214182, 0.004327177497024822], [0.03523538088329903, 0.8895981814741805, 0.0742192906378688, 0.0009471469046517015]], "ideal": "B", "sampled": "B", "correct": true}}
{"type": "result", "data": {"idx": 18, "options": ["5", "25", "50", "125"], "probs": [[0.0015096096735181216, 0.9542627595814767, 0.03949890393854725, 0.004728726706457971], [0.006390130383236189, 0.20282056198420997, 0.7801441865793257, 0.010645120953228168], [0.004485362768582115, 0.41599232825931215, 0.36433420345038126, 0.21518810542172448], [0.0017739648799314466, 0.034079307958591216, 0.9631496217276042, 0.0009971053338731003]], "ideal": "D", "sampled": "B", "correct": false}}
{"type": "result", "data": {"idx": 19, "options": ["7", "16", "30", "33"], "probs": [[0.05615893886806666, 0.6717044873090395, 0.25767148162405124, 0.014465092098842577], [0.24491059424131056, 0.12780305557449337, 0.6208857803694935, 0.006400569714702585], [0.09367409609273514, 0.387676994864534, 0.5025643846234019, 0.01608452431932899], [0.0950590149498497, 0.15265849541216464, 0.7423014662314898, 0.009981023306495846]], "ideal": "A", "sampled": "B", "correct": false}}
{"type": "result", "data": {"idx": 20, "options": ["\u221212", "12", "8", "16"], "probs": [[0.04382380905066148, 0.49608733714008274, 0.35556376440355136, 0.10452508930570438], [0.1874467244020866, 0.4693136116397116, 0.3368141282214941, 0.006425535636707685], [0.11412280711789029, 0.6346903395413681, 0.09613089935912827, 0.1550559538816133], [0.1643611806954127, 0.12360664593987873, 0.6655734851168621, 0.04645868814784642]], "ideal": "C", "sampled": "B", "correct": false}}
{"type": "result", "data": {"idx": 21, "options": ["382", "397", "406", "447"], "probs": [[0.01592079063729314, 0.22818655814662575, 0.7483492238342376, 0.007543427281843468], [0.14776001424891452, 0.47004166587507007, 0.3455817347644877, 0.036616585011527675], [0.10526192030357837, 0.2098859368071786, 0.5907906205243565, 0.09406152226488652], [0.009768912689311283, 0.1401305380401534, 0.8310665990652867, 0.019033950105248658]], "ideal": "B", "sampled": "C", "correct": false}}
{"type": "result", "data": {"idx": 22, "options": ["\u22127", "\u22121", "1", "7"], "probs": [[0.372013756842573, 0.4954158388726066, 0.12646722091512852, 0.006103183269691906], [0.8863463341419967, 0.08611915035964716, 0.01363380056315392, 0.013900714835202216], [0.01942493343168509, 0.04595639436346146, 0.8491214291503898, 0.0854972429544637], [0.02368892737870303, 0.6339396857355628, 0.3027504991539702, 0.039620887631763975]], "ideal": "A", "sampled": "A", "correct": true}}
{"type": "result", "data": {"idx": 23, "options": ["53", "63", "73", "83"], "probs": [[0.007838909268393902, 0.1986135418045772, 0.7867751213464719, 0.0067724274805570014], [0.0066248191982531185, 0.2405257058983957, 0.7474316305611356, 0.005417844242215558], [0.025226118869466834, 0.414641452684304, 0.46823097332153585, 0.09190145502469328], [0.004951400336153982, 0.06256838137234208, 0.9218813078291154, 0.010598910362388535]], "ideal": "C", "sampled": "B", "correct": false}}
{"type": "result", "data": {"idx": 24, "options": ["11.1", "5.7", "3.7", "22.68"], "probs": [[0.004816744150038779, 0.12559879188963802, 0.8684184802102665, 0.0011659836500566869], [0.08015123257538011, 0.8585788074995578, 0.05462278831910295, 0.006647171505959108], [0.07101695609216034, 0.04126453614456884, 0.8652923557567055, 0.022426151906565314], [0.010542407185507169, 0.22255098353361474, 0.7621810786855638, 0.004725530495314262]], "ideal": "B", "sampled": "C", "correct": false}}
{"type": "result", "data": {"idx": 25, "options": ["32", "3.2", "3,200", "320"], "probs": [[0.007618533796922632, 0.9775933477266382, 0.010574668846047922, 0.004213449530391283], [0.008918502192715031, 0.019070896876476187, 0.9027331890032373, 0.06927741182757145], [0.007421916012194496, 0.07115858915149542, 0.10642752978716206, 0.814991964949148], [0.0017225756931813143, 0.02554641183846187, 0.9721009547115504, 0.0006300576568063332]], "ideal": "A", "sampled": "B", "correct": false}}
{"type": "result", "data": {"idx": 26, "options": ["46.4", "456", "4.56", "45.6"], "probs": [[0.030326460680653654, 0.10140554482098812, 0.8463355172856318, 0.021932477112726424], [0.0048146952206977855, 0.3156168539159575, 0.6760673690700996, 0.003501081693245107], [0.023544733772623536, 0.34490116342169713, 0.6216338617817037, 0.009920240923975629], [0.033748590458492905, 0.45047177222252605, 0.4695049365737897, 0.046274700645191326]], "ideal": "D", "sampled": "C", "correct": false}}
{"type": "result", "data": {"idx": 27, "options": ["508", "508 r2", "578", "578 r2"], "probs": [[0.22007683573181572, 0.02260355345987405, 0.7554268465307967, 0.0018927641775135133], [0.005510470875541265, 0.9068335965873039, 0.05560930864374412, 0.03204662379341073], [0.12345830632710979, 0.018177552231964857, 0.8567558284370643, 0.0016083129038610066], [0.0073675982670296895, 0.9153224081068421, 0.052314868572125334, 0.024995124954002888]], "ideal": "D", "sampled": "A", "correct": false}}
{"type": "result", "data": {"idx": 28, "options": ["100 \u2014 5d", "5d+ 100", "100 / 5d", "5d"], "probs": [[0.8415219657544892, 0.10832412378413864, 0.0459644899327613, 0.0041894204286108145], [0.05782529463416664, 0.8351531266172252, 0.09997514951080863, 0.007046429137799568], [0.4820706021027128, 0.31581147940976934, 0.20088866399742883, 0.001229254390089012], [0.0758327226571052, 0.9011684121982736, 0.01831604115277767, 0.00468282389184354]], "ideal": "A", "sampled": "A", "correct": true}}
{"type": "result", "data": {"idx": 29, "options": ["4t", "t over 4", "t \u2212 4", "t + 4"], "probs": [[0.6947513741247351, 0.027201382610937793, 0.003395397236678796, 0.27465184592764835], [0.0017139242767510864, 0.006644506682828675, 0.02765848753612263, 0.9639830814042976], [0.001166543401283834, 0.01828039721721349, 0.9800953987466154, 0.0004576605348872249], [0.0009794282167203314, 0.9958219906000223, 0.002789574781094833, 0.00040900630216247815]], "ideal": "A", "sampled": "A", "correct": true}}
{"type": "result", "data": {"idx": 30, "options": ["681,452", "462,017", "246,412", "125,655"], "probs": [[0.13695851800211753, 0.2080765266546205, 0.6489699767049063, 0.005994978538355697], [0.11850183064056052, 0.36401940473312017, 0.5073168428425363, 0.010161921683783052], [0.28209995064634075, 0.24610765757489714, 0.4474208469180775, 0.02437154476068463], [0.08724051193077104, 0.11337512054649994, 0.7610370658449009, 0.03834730157782807]], "ideal": "B", "sampled": "C", "correct": false}}
{"type": "result", "data": {"idx": 31, "options": ["15 remainder 7", "15 remainder 3", "16 remainder 5", "16 remainder 1"], "probs": [[0.09515699921151125, 0.49670055523312806, 0.3970187069365505, 0.01112373851881021], [0.1161854447509658, 0.5181192563372915, 0.3631825908315327, 0.0025127079802100155], [0.23561057722321987, 0.7002713608524329, 0.05951396448955301, 0.00460409733479421], [0.10749525700895907, 0.4506581179656437, 0.43484959508192567, 0.006997029843471546]], "ideal": "B", "sampled": "D", "correct": false}}
{"type": "result", "data": {"idx": 32, "options": ["17 over 2", "34 over 4", "17 over 4", "19 over 2"], "probs": [[0.07815650857031765, 0.09379753478218437, 0.8203454620505325, 0.007700494496965464], [0.034685595334263776, 0.2696688953473003, 0.6799488967744092, 0.015696612444026783], [0.09405080815496558, 0.17354198997617723, 0.727598535665405, 0.004808666103452149], [0.12491480144010118, 0.38060525413075835, 0.47433128659478746, 0.020148657734352985]], "ideal": "A", "sampled": "C", "correct": false}}
{"type": "result", "data": {"idx": 33, "options": ["200,000 + 7,000 + 200 + 4", "200,000 + 7,000 + 200 + 40", "200,000 + 70,000 + 200 + 40", "200,000 + 70,000 + 2,000 + 40"], "probs": [[0.04729165133779944, 0.3379097844922348, 0.5946930515490115, 0.020105512520954234], [0.14423107105438973, 0.46040659945502493, 0.3801054990211311, 0.015256830369454214], [0.05942793628829923, 0.5053814705557308, 0.27263701264035883, 0.16255358041561108], [0.05370575189053396, 0.15497039256930367, 0.5600046514904778, 0.23131920394968455]], "ideal": "C", "sampled": "C", "correct": true}}
{"type": "result", "data": {"idx": 34, "options": ["220 parts", "770 parts", "4 parts", "110 parts"], "probs": [[0.06635860526088229, 0.6320907637762568, 0.04353868701905786, 0.258011943843803], [0.004738704066977975, 0.02169844986576472, 0.9714815494590153, 0.0020812965082419935], [0.0029223523670481944, 0.17088474120705255, 0.8236641185339635, 0.00252878779193576], [0.08519440923219347, 0.4351370351919923, 0.4787558038189547, 0.0009127516568594449]], "ideal": "D", "sampled": "D", "correct": true}}
{"type": "result", "data": {"idx": 35, "options": ["the mean would increase.", "the mean would decrease.", "the median would increase.", "the median would decrease."], "probs": [[0.09245234761376157, 0.6052642486580342, 0.26114818548462554, 0.04113521814357863], [0.014864473785946476, 0.1980638255209536, 0.7562761521710858, 0.030795548422014096], [0.08497433839528676, 0.708621539017912, 0.17980549658397832, 0.026598625902822904], [0.07723018583799615, 0.23718378122151162, 0.5617391508385511, 0.12384688200194119]], "ideal": "A", "sampled": "D", "correct": false}}
{"type": "result", "data": {"idx": 36, "options": ["\u20137", "5", "7", "27"], "probs": [[0.02299448223430596, 0.10090080361039504, 0.8695027580361848, 0.0066019560191142015], [0.31151715149980813, 0.5068841613835162, 0.1719572556737757, 0.009641431342899996], [0.4293499120446817, 0.3380279939441013, 0.1381850432670525, 0.09443705064416445], [0.04979032577460867, 0.10402659885797345, 0.5566025474168274, 0.2895805278505905]], "ideal": "A", "sampled": "C", "correct": false}}
{"type": "result", "data": {"idx": 37, "options": ["3-p", "p+3", "3/p", "p-3"], "probs": [[0.7736629610759281, 0.08236999451261043, 0.007004400578299665, 0.13696264373316175], [0.008534901782514969, 0.02193636635279373, 0.9648215778742215, 0.0047071538904697886], [0.0023352822307701414, 0.8765640687114573, 0.12060500450635828, 0.0004956444514142788], [0.8794021436261793, 0.1165495790338025, 0.0038472769503076314, 0.0002010002897105784]], "ideal": "D", "sampled": "D", "correct": true}}
{"type": "result", "data": {"idx": 38, "options": ["30 \u00d7 10^1", "30 \u00d7 10^3", "(6 \u00d7 5) \u00d7 10^2", "(6 \u00d7 5) \u00d7 10^3"], "probs": [[0.028045942011515418, 0.14001078406773196, 0.542346339051244, 0.28959693476950865], [0.011004793477084447, 0.18651197883579637, 0.7976136221639664, 0.0048696054231527645], [0.07031547277462663, 0.605957627235852, 0.20054039357087308, 0.1231865063186483], [0.13579944860174906, 0.15649158784697395, 0.5551455450949578, 0.15256341835631917]], "ideal": "C", "sampled": "D", "correct": false}}
{"type": "result", "data": {"idx": 39, "options": ["0", "3", "9", "12"], "probs": [[0.015977669862796074, 0.47684351670839237, 0.48080290433731293, 0.026375908991498616], [0.030669359030199385, 0.13163944881375333, 0.8286055798207781, 0.009085612235269177], [0.021935485056060248, 0.21734194212459007, 0.7149037638161263, 0.0458188089032234], [0.006861505021271474, 0.10508310676339967, 0.8838848371975827, 0.004170550917746108]], "ideal": "C", "sampled": "B", "correct": false}}
{"type": "result", "data": {"idx": 40, "options": ["1850x", "2000 \u2212150x", "150x", "2000 +150x"], "probs": [[0.05299783783546694, 0.9029913357690422, 0.03295135584844815, 0.01105947044704272], [0.8407126931471713, 0.10107766440500036, 0.05575202931876149, 0.0024576130290668166], [0.23995857802722087, 0.6931326207871196, 0.06023772275715674, 0.006671078328502835], [0.8330095986165407, 0.13901932503797543, 0.02672730752295992, 0.0012437687225239627]], "ideal": "B", "sampled": "B", "correct": true}}
{"type": "result", "data": {"idx": 41, "options": ["w > 2.3", "w < 2.4", "w > 3.2", "w < 3.3"], "probs": [[0.04532631282525662, 0.8968513941185149, 0.05259106131083847, 0.005231231645389987], [0.17665636537692664, 0.159904688580735, 0.2982017099559129, 0.3652372359864255], [0.07880072793922233, 0.3167394003870614, 0.58281085600011, 0.021649015573606375], [0.06610143380998475, 0.3287078835846461, 0.4312627145593058, 0.17392796794606336]], "ideal": "D", "sampled": "B", "correct": false}}
{"type": "result", "data": {"idx": 42, "options": ["-6", "-5", "0", "5"], "probs": [[0.47042952208847005, 0.372070256321499, 0.03350694776798525, 0.12399327372204569], [0.009384991613745852, 0.05902675333977952, 0.9211790852037121, 0.010409169742762578], [0.0026255531864618578, 0.06687598716861769, 0.9200953898130445, 0.010403069731875974], [0.0034713011526843755, 0.6702617226801824, 0.32453303563197483, 0.0017339404351584089]], "ideal": "A", "sampled": "A", "correct": true}}
{"type": "result", "data": {"idx": 43, "options": ["156", "110", "94", "48"], "probs": [[0.298202228815182, 0.27042071136597085, 0.42006664205140243, 0.011310417667444731], [0.1474689538979519, 0.31590759662758267, 0.5265691861172695, 0.01005426325719584], [0.12124502815514798, 0.30840460949563014, 0.5560638038674139, 0.01428655838180795], [0.12939460060286243, 0.42949554579613963, 0.4274418974080099, 0.013667956092988008]], "ideal": "C", "sampled": "A", "correct": false}}
{"type": "result", "data": {"idx": 44, "options": ["15, 17", "15, 19", "17, 19", "17, 21"], "probs": [[0.07935501848605914, 0.4845400582995588, 0.4221717828862847, 0.013933140228097333], [0.27732650346742005, 0.24368801014769315, 0.4712838981713473, 0.00770158811353951], [0.1499760864133832, 0.7310897683101151, 0.09379703539319298, 0.025137109783308714], [0.13193083201313452, 0.21681915867601737, 0.5775468521001615, 0.0737031571106866]], "ideal": "D", "sampled": "B", "correct": false}}
{"type": "result", "data": {"idx": 45, "options": ["3 cans", "12 cans", "36 cans", "13 cans"], "probs": [[0.006019296233290769, 0.7782803914443593, 0.21207063283082697, 0.003629679391522905], [0.030895176847876512, 0.31578867114663683, 0.6455416383294085, 0.0077745135760781325], [0.013652444850687607, 0.3046479918897201, 0.6790641695755181, 0.0026353935840742466], [0.01752489287464118, 0.5429197676949469, 0.43799532485413606, 0.0015600144762758727]], "ideal": "B", "sampled": "B", "correct": true}}
{"type": "result", "data": {"idx": 46, "options": ["3.18, 3 and 1 over 8, 3.8,3", "3,3 and 1 over 8, 3.18, 3", "3.8, 3 and 1 over 8, 3.18, 3", "3.8, 3.18, 3 and 1 over 8, 3"], "probs": [[0.027798044623987984, 0.7408409897568493, 0.21686343148563264, 0.014497534033530098], [0.1835183582244598, 0.22462930776716464, 0.5852590461605816, 0.006593287747794035], [0.050374525943477, 0.2836411474025819, 0.6525738645832794, 0.01341046197066178], [0.023666037012586013, 0.14709536253405975, 0.8142638766840994, 0.01497472366925483]], "ideal": "D", "sampled": "B", "correct": false}}
{"type": "result", "data": {"idx": 47, "options": ["10", "11", "20", "2"], "probs": [[0.18807417800514983, 0.6859043476216611, 0.11226036040259475, 0.013761113870594302], [0.33363471146465706, 0.26487386791376244, 0.38978207942390375, 0.01170934109767672], [0.09490096318001302, 0.27371258968349116, 0.5904634306231062, 0.04092301641338956], [0.015414978765438195, 0.2437344104027329, 0.7365604673367696, 0.004290143395059315]], "ideal": "C", "sampled": "B", "correct": false}}
{"type": "result", "data": {"idx": 48, "options": ["800,000", "830,000", "836,000", "840,000"], "probs": [[0.025039622971568906, 0.1289756617280369, 0.8421576161476519, 0.0038270990527421948], [0.0568243725435768, 0.4650737148760608, 0.4754946925051597, 0.0026072199752026686], [0.1254949615158407, 0.8152541813509313, 0.04797255794124561, 0.011278299091982344], [0.30710583172857725, 0.11291802003558826, 0.5640242508922982, 0.01595189724353623]], "ideal": "D", "sampled": "D", "correct": true}}
{"type": "result", "data": {"idx": 49, "options": ["14", "\u22124", "45", "\u221245"], "probs": [[0.042605074552486306, 0.38411708374558085, 0.3349626249683827, 0.23831521663355018], [0.044305630816807315, 0.10822951406194897, 0.8425583505720555, 0.004906504449188155], [0.023294893776037093, 0.9323730518684532, 0.04119925113853111, 0.0031328031169785653], [0.6645389025300336, 0.08727742503104802, 0.20220641262504152, 0.04597725971387695]], "ideal": "D", "sampled": "D", "correct": true}}
{"type": "result", "data": {"idx": 50, "options": ["21 birds", "40 birds", "42 birds", "84 birds"], "probs": [[0.0023979902107557046, 0.08746792082216387, 0.9080648294650906, 0.0020692594019898324], [0.008769711948294933, 0.9055430181058977, 0.0781158250600773, 0.007571444785730073], [0.02136049094643278, 0.1445264401408994, 0.8017260014594899, 0.03238706735317789], [0.010466410982115947, 0.13867657156411345, 0.8124873200198576, 0.038369697333913044]], "ideal": "A", "sampled": "C", "correct": false}}
{"type": "result", "data": {"idx": 51, "options": ["78", "83", "131", "153"], "probs": [[0.05924285288249189, 0.419589737557136, 0.45493037281071097, 0.06623703664966109], [0.02816811808377275, 0.18727509980761048, 0.7792524225574413, 0.005304359451175424], [0.3155146393672406, 0.4539513509317558, 0.1987550205680727, 0.03177898903293087], [0.19974836593499593, 0.14324285008494025, 0.6393868886819343, 0.017621895198129577]], "ideal": "B", "sampled": "D", "correct": false}}
{"type": "result", "data": {"idx": 52, "options": ["Leslie spent 20 dollars and 8 cents at a store. How is the amount of money Leslie spent written as a fraction?", "Mr. Kramer\u2019s 8 grandchildren shared 20 crackers equally. How many crackers did each grandchild get?", "Mitch bought 20 containers of flowers at a plant store. Each container had 8 flowers in it. How many flowers did Mitch buy?", "Stamps are sold in booklets of 20 stamps. Donna used 8 stamps to send invitations for a party. How many booklets of stamps did Donna use to send her invitations?"], "probs": [[0.02777413925329452, 0.17434486449076306, 0.7388520079170777, 0.059028988238864676], [0.32822688799371863, 0.1857099498304171, 0.44766279216732524, 0.03840036990853901], [0.3076651210650518, 0.34794990520983504, 0.26680366196064154, 0.07758131166447162], [0.47712837086699583, 0.17771344414702464, 0.22305460936743504, 0.12210357551854444]], "ideal": "B", "sampled": "C", "correct": false}}
{"type": "result", "data": {"idx": 53, "options": ["120 miles", "80 miles", "26 miles", "12 miles"], "probs": [[0.307077907724955, 0.4321670139186751, 0.25622978243146805, 0.004525295824901804], [0.13367758988766804, 0.4179208967697132, 0.43806994936116167, 0.010331563881457029], [0.015000048888281145, 0.2633768459634859, 0.7058627979442366, 0.015760307103996403], [0.0038497793312732014, 0.5310907146965673, 0.4587034693755864, 0.006356036496573062]], "ideal": "A", "sampled": "A", "correct": true}}
{"type": "result", "data": {"idx": 54, "options": ["add 6 to both sides", "divide both sides by 6", "multiply both sides by 6", "subtract 6 from both sides"], "probs": [[0.026202679336684617, 0.16920195943702476, 0.790841182011921, 0.013754179114369668], [0.05964443070672972, 0.8841193337149127, 0.03883244961272825, 0.017403785865629344], [0.8679169837819347, 0.06772131336547457, 0.059774326820330466, 0.004587375932260278], [0.03146054178495205, 0.2660064378419507, 0.17548789422568054, 0.5270451260474167]], "ideal": "B", "sampled": "C", "correct": false}}
{"type": "result", "data": {"idx": 55, "options": ["7", "10", "21", "39"], "probs": [[0.01157326770604873, 0.16068848419712534, 0.823680372766428, 0.004057875230397883], [0.036593619389584844, 0.09314839454229393, 0.8606414117861308, 0.009616574181990406], [0.02450442319339179, 0.0663914657847531, 0.8944447739397369, 0.014659336982118219], [0.004030241510224971, 0.0447416530097164, 0.9440965864393063, 0.0071315189407523735]], "ideal": "A", "sampled": "B", "correct": false}}
{"type": "result", "data": {"idx": 56, "options": ["84 \u2212 11 = t; 73\u00b0F", "t \u2212 84 = 11; 95\u00b0F", "84 \u2212 t = 11; 73\u00b0F", "t \u2212 11 = 84; 95\u00b0F"], "probs": [[0.04257047730991231, 0.05752408136352411, 0.8897785511551964, 0.01012689007136714], [0.07362736760833703, 0.2002018689909051, 0.5445579289845457, 0.1816128343162122], [0.06526069014232179, 0.10560263161186026, 0.8210157338315569, 0.008120944314260992], [0.08663745904117609, 0.36288159811681425, 0.1751223044285718, 0.37535863831343785]], "ideal": "D", "sampled": "C", "correct": false}}
{"type": "result", "data": {"idx": 57, "options": ["72 \u00f7 9 = 8", "72 \u2013 9 = 63", "9 + 72 = 81", "9 \u00f7 72 = 0.125"], "probs": [[0.7850325404905079, 0.1991090549760748, 0.01339580533344538, 0.0024625990999719754], [0.021491314413063053, 0.05300549592272261, 0.6745345936586975, 0.25096859590551684], [0.004819909643177978, 0.5591752606700994, 0.4337576687892812, 0.0022471607974414946], [0.010315746486424223, 0.9551503119022215, 0.031042173838328847, 0.00349176767302531]], "ideal": "A", "sampled": "A", "correct": true}}
{"type": "result", "data": {"idx": 58, "options": ["2 boxes", "4 boxes", "5 boxes", "6 boxes"], "probs": [[0.0038870195743279374, 0.21426731078034827, 0.7760474527716441, 0.005798216773679665], [0.006366589967842817, 0.4168736881878117, 0.5728920216066588, 0.0038677001376867027], [0.017859333958000902, 0.6991885834681236, 0.21748678181486178, 0.06546530065901364], [0.00646750415628724, 0.10788935748377776, 0.8809745577509321, 0.004668580509002862]], "ideal": "D", "sampled": "D", "correct": true}}
{"type": "result", "data": {"idx": 59, "options": ["14", "20", "40", "60"], "probs": [[0.14197433337204932, 0.24066645487350083, 0.6056734469556025, 0.01168576469884732], [0.02321069286380741, 0.17897692047627428, 0.7922854365331734, 0.005526950026744883], [0.09341500130664536, 0.36270475984342343, 0.5242489497308599, 0.019631289019071258], [0.09777661047730306, 0.2841850413028935, 0.5841302057468065, 0.03390814237299696]], "ideal": "B", "sampled": "D", "correct": false}}
{"type": "result", "data": {"idx": 60, "options": ["6 over 14", "8 over 49", "14 over 28", "6 over 7"], "probs": [[0.7363582451009713, 0.19286880343491236, 0.05158955324652281, 0.01918339811759359], [0.05277592789238618, 0.33013815965914944, 0.6133697908795056, 0.0037161214689586993], [0.7986845380747005, 0.1602597237965576, 0.03875787186864417, 0.0022978661600976573], [0.5227579432543616, 0.4219238128218277, 0.05332333924344374, 0.0019949045803669]], "ideal": "D", "sampled": "D", "correct": true}}
{"type": "result", "data": {"idx": 61, "options": ["5", "10", "15", "20"], "probs": [[0.00036882492918185783, 0.9969109948135264, 0.0022571489805743154, 0.0004630311767174014], [0.9837067739995785, 0.0109312614403434, 0.005147470943262673, 0.0002144935168154363], [0.0004957451204821856, 0.0077630740897708115, 0.00553746989390001, 0.986203710795847], [0.00034123394895418235, 0.006648028387543949, 0.9928292808526267, 0.0001814567108752363]], "ideal": "B", "sampled": "B", "correct": true}}
{"type": "result", "data": {"idx": 62, "options": ["125 push-ups", "279 push-ups", "1,395 push-ups", "1,406 push-ups"], "probs": [[0.021990704542001152, 0.24534695515517674, 0.5807173652870774, 0.15194497491574468], [0.007171484082239885, 0.10580517097114418, 0.8828959303988507, 0.0041274144477651785], [0.1567368923489552, 0.7704787238743595, 0.05722996651146772, 0.015554417165217592], [0.0360133909994612, 0.11228822957453882, 0.814124765963371, 0.03757361336262898]], "ideal": "C", "sampled": "D", "correct": false}}
{"type": "result", "data": {"idx": 63, "options": ["6 and 10", "5 and 12", "10 and 12", "12 and 15"], "probs": [[0.7596021849170419, 0.09889112389863923, 0.13853832600673954, 0.0029683650775793316], [0.27280180525726516, 0.5054585726052053, 0.20748624843389393, 0.014253373603635577], [0.22254409554818708, 0.15345656298590843, 0.6056999933970754, 0.018299347968829056], [0.20194496814213256, 0.4082375290056381, 0.36039177653737375, 0.02942572621485561]], "ideal": "C", "sampled": "A", "correct": false}}
{"type": "result", "data": {"idx": 64, "options": ["\u22124", "\u22122", "10", "2"], "probs": [[0.16607772614034705, 0.8140778799412058, 0.015447869255124699, 0.004396524563322388], [0.1797137924977032, 0.1517640880299995, 0.35709111282721556, 0.31143100654508177], [0.03789096240564099, 0.1650556586877829, 0.6307282902251902, 0.1663250885813859], [0.006943111632244485, 0.1176346814528245, 0.8743223369956106, 0.0010998698193204904]], "ideal": "D", "sampled": "B", "correct": false}}
{"type": "result", "data": {"idx": 65, "options": ["232", "236", "345", "460"], "probs": [[0.030367443967382897, 0.6582642526317615, 0.3041896100482809, 0.007178693252574687], [0.07122831112205519, 0.19476011574891297, 0.7141659921640315, 0.019845580865000288], [0.01750545866644915, 0.22313044802880866, 0.7388313852305312, 0.020532707974210966], [0.01765120805247273, 0.30686033048550587, 0.6727740767883241, 0.0027143845736973017]], "ideal": "C", "sampled": "B", "correct": false}}
{"type": "result", "data": {"idx": 66, "options": ["50 and 400", "450 and 700", "750 and 1,000", "1,050 and 1,300"], "probs": [[0.009838963445453154, 0.48736474850797645, 0.49676541387309936, 0.006030874073471042], [0.055870015246612975, 0.5000037557411177, 0.4394917791821506, 0.004634449730118787], [0.1254467857094617, 0.7317821628093565, 0.12157088179467075, 0.0212001695865111], [0.10708639340827872, 0.08567234529824011, 0.7977127708612914, 0.009528490332189762]], "ideal": "D", "sampled": "B", "correct": false}}
{"type": "result", "data": {"idx": 67, "options": ["7", "12", "48", "56"], "probs": [[0.006462846967071811, 0.5775967731960917, 0.3720016796125195, 0.04393870012431701], [0.003351623549568699, 0.05561968117726754, 0.936397993562719, 0.004630701610444702], [0.019257755212825026, 0.6077899700173645, 0.36884169358563285, 0.004110581084177648], [0.15732761385184685, 0.21822042185486085, 0.6167797704123551, 0.007672193780937162]], "ideal": "A", "sampled": "D", "correct": false}}
{"type": "result", "data": {"idx": 68, "options": ["18 and 28", "180 and 280", "1,800 and 2,800", "18,000 and 28,000"], "probs": [[0.24003448372281475, 0.547172385353857, 0.2068101681919301, 0.005982962631398138], [0.12959227737038478, 0.30734695832916, 0.2575702522479368, 0.3054905119525185], [0.2502703503601325, 0.3406227712701509, 0.38137613803042664, 0.027730740239289932], [0.19836976211156096, 0.2724112556137244, 0.382189462673089, 0.14702951950162557]], "ideal": "C", "sampled": "A", "correct": false}}
{"type": "result", "data": {"idx": 69, "options": ["7 \u2022 11^2 \u2022 13", "7^2 \u2022 11", "7 \u2022 11 \u2022 13", "7 \u2022 11"], "probs": [[0.11343313398291, 0.16821621936367642, 0.7054920438932758, 0.012858602660137802], [0.03192332061691711, 0.5093185977026913, 0.4507944054569181, 0.007963676123473536], [0.04858046806370841, 0.15360140915170184, 0.7959880292247368, 0.0018300934598529754], [0.02848044410063134, 0.8238913416038597, 0.12754750250494545, 0.02008071169056357]], "ideal": "D", "sampled": "A", "correct": false}}
{"type": "result", "data": {"idx": 70, "options": ["$20.93 ", "$28.93 ", "$32.93 ", "$48.93 "], "probs": [[0.0329634395473148, 0.4505646104366888, 0.5113224922389514, 0.005149457677044971], [0.06176129031771738, 0.7877678336682177, 0.1434652071483897, 0.007005668765675236], [0.09187596710291518, 0.5809020789930104, 0.30582161652477574, 0.02140033727929866], [0.06902184066704617, 0.24434847171523372, 0.6758381459323971, 0.010791541585322953]], "ideal": "C", "sampled": "C", "correct": true}}
{"type": "result", "data": {"idx": 71, "options": ["160", "240", "320", "640"], "probs": [[0.2536364359675636, 0.13199000842534211, 0.6080638440056132, 0.006309711501481094], [0.1691457315258503, 0.23943803979075526, 0.5809982364323302, 0.01041799215106429], [0.34291072271308715, 0.3581017108681368, 0.2506532268080342, 0.04833433951074183], [0.12660223767629145, 0.1299750258476398, 0.7230314059497693, 0.020391330426299387]], "ideal": "A", "sampled": "C", "correct": false}}
{"type": "result", "data": {"idx": 72, "options": ["0.021 repeating", "0.21 Repeating", "0.22 Repeating", "0.2121"], "probs": [[0.031193575410298047, 0.08330243219667975, 0.3945165342268876, 0.4909874580661346], [0.020218601071701404, 0.16197862917840022, 0.8133473840036614, 0.004455385646236962], [0.06384821019660221, 0.6423814232488828, 0.279261016123225, 0.014509350331289927], [0.7579715395877417, 0.17341383130882249, 0.06556216751875799, 0.0030524614846778146]], "ideal": "B", "sampled": "D", "correct": false}}
{"type": "result", "data": {"idx": 73, "options": ["(40 \u00d7 10) + (6 \u00d7 2) = 400 + 12", "(40 \u00d7 6) + (10 \u00d7 2) = 240 + 20", "(40 \u00d7 12) + (6 \u00d7 12) = 480 + 72", "(40 \u00d7 12) + (60 \u00d7 12) = 480 + 720"], "probs": [[0.0049765398861258536, 0.043166548444985214, 0.9488316495923286, 0.0030252619765603725], [0.0029250279440602997, 0.8028580733180712, 0.1924951425420901, 0.0017217560957783844], [0.10745102270655062, 0.5844457992657223, 0.27027375872569065, 0.037829419202036474], [0.009666481108368333, 0.07399640272933349, 0.9056103875268466, 0.01072672853545155]], "ideal": "C", "sampled": "C", "correct": true}}
{"type": "result", "data": {"idx": 74, "options": ["$649 ", "$6,049 ", "$6,409 ", "$6,490 "], "probs": [[0.009700297675159073, 0.7465481390766134, 0.10924429036055837, 0.1345072727876691], [0.09120130649237879, 0.0998839740971415, 0.8069980178876986, 0.0019167014227810801], [0.007960273575777112, 0.8102093025011181, 0.17414867203136072, 0.007681751791744008], [0.01135511173846381, 0.5538144146863375, 0.43275551960438896, 0.002074953870809686]], "ideal": "B", "sampled": "D", "correct": false}}
{"type": "result", "data": {"idx": 75, "options": ["SSSSS; AAA", "SSSSS; AAAA", "SSSSSSSS; AAAA", "SSSSSSSS; A"], "probs": [[0.03930334593540113, 0.7501352251764092, 0.15666394809541778, 0.053897480692771865], [0.05348819692971615, 0.35803769368963667, 0.5403737626568678, 0.04810034662377939], [0.07768850722327358, 0.4775825271351659, 0.31208589479954535, 0.13264307074201512], [0.020404329787445923, 0.38304591674498617, 0.5646063758468862, 0.03194337752068172]], "ideal": "D", "sampled": "B", "correct": false}}
{"type": "result", "data": {"idx": 76, "options": ["$2.82 ", "$2.97 ", "$6.47 ", "$12.77 "], "probs": [[0.6496278962102888, 0.2876159093723229, 0.060748043654427424, 0.0020081506629607863], [0.5474967935599627, 0.3706193254121838, 0.05581871026263728, 0.026065170665216252], [0.19528083256983098, 0.05716072014474472, 0.7420880075109633, 0.005470439674461013], [0.02438304478813478, 0.618658518660109, 0.35250203435618055, 0.00445640209557564]], "ideal": "A", "sampled": "A", "correct": true}}
{"type": "result", "data": {"idx": 77, "options": ["4 over 6", "10 over 12", "15 over 17", "5 over 6"], "probs": [[0.05619167326604904, 0.47529773128876096, 0.2241514837461268, 0.2443591115990632], [0.2840421954281935, 0.06122681467517717, 0.5741767011479944, 0.08055428864863502], [0.012895211017101005, 0.048911293513139976, 0.9131849670882164, 0.025008528281542573], [0.013086849412919372, 0.22962222128817827, 0.7548792780211427, 0.0024116511777596745]], "ideal": "D", "sampled": "B", "correct": false}}
