{"type": "result", "data": {"idx": 0, "options": ["0", "4", "2", "6"], "probs": [[0.0718432627762748, 0.5145663290847682, 0.22130861540280247, 0.1922817926361545], [0.1390885859588771, 0.5168221592386315, 0.2154402583622069, 0.1286489963402845], [0.13307303585489144, 0.47926472060848996, 0.16823289298022975, 0.2194293504563888], [0.21436809320642788, 0.2177767487811338, 0.353462850318712, 0.2143923075937263]], "ideal": "B", "sampled": "B", "correct": true}}
{"type": "result", "data": {"idx": 1, "options": ["8", "2", "24", "120"], "probs": [[0.19114898209232553, 0.49584170456921967, 0.1442983638873668, 0.168710949351088], [0.17003110809553065, 0.5237691040008121, 0.13878638171296961, 0.1674134060906876], [0.1942474514908936, 0.43778240023970144, 0.22359904311448944, 0.1443711050549155], [0.25472117986046244, 0.3884549968125389, 0.20469745721543026, 0.15212636601156831]], "ideal": "C", "sampled": "B", "correct": false}}
{"type": "result", "data": {"idx": 2, "options": ["0", "1", "0,1", "0,4"], "probs": [[0.12583750297603036, 0.14945873393920459, 0.5729039821513194, 0.1517997808334456], [0.10506941220500289, 0.7293557415269261, 0.10184328850318868, 0.06373155766488235], [0.42470218777800484, 0.3867512556504856, 0.0876534412493051, 0.1008931152222044], [0.4220132074758058, 0.2946497002390692, 0.035190430714820475, 0.24814666147030448]], "ideal": "D", "sampled": "C", "correct": false}}
{"type": "result", "data": {"idx": 3, "options": ["True, True", "False, False", "True, False", "False, True"], "probs": [[0.29089581746756915, 0.4721765482536406, 0.1193869998977379, 0.11754063428105237], [0.11725205839555122, 0.5862417176804683, 0.14593377599200258, 0.15057244783197793], [0.20171658855807095, 0.4764064344322425, 0.2510596719256544, 0.07081730498403208], [0.24911290873986083, 0.6563384859362923, 0.040668545482882526, 0.05388005974096437]], "ideal": "B", "sampled": "A", "correct": false}}
{"type": "result", "data": {"idx": 4, "options": ["2x^2 + 5", "6x^2 + 4x + 6", "0", "x^2 + 1"], "probs": [[0.16329685095252072, 0.7093561992734043, 0.04128923328238943, 0.0860577163916855], [0.332056288979801, 0.14062571966540335, 0.19521673057386682, 0.3321012606809289], [0.13958241252073184, 0.15818831558714408, 0.36207458912796897, 0.3401546826641551], [0.1311299016603857, 0.36208971252129424, 0.3735770173421343, 0.13320336837618577]], "ideal": "B", "sampled": "B", "correct": true}}
{"type": "result", "data": {"idx": 5, "options": ["True, True", "False, False", "True, False", "False, True"], "probs": [[0.18212490731798048, 0.5107935932926788, 0.21969100486403995, 0.0873904944253007], [0.2217818862509045, 0.5320450821596335, 0.14774682066592768, 0.09842621082353435], [0.21906151854566422, 0.5093533027863755, 0.20580280745070134, 0.06578237111725889], [0.3110455022597031, 0.5459231219032331, 0.08637844898996909, 0.05665292674709462]], "ideal": "A", "sampled": "D", "correct": false}}
{"type": "result", "data": {"idx": 6, "options": ["True, True", "False, False", "True, False", "False, True"], "probs": [[0.2906482322533793, 0.4572598031053285, 0.14845137791294694, 0.10364058662834524], [0.15550887814857475, 0.5961390821954379, 0.11738950187864473, 0.13096253767734264], [0.2512472365264892, 0.45496525070607524, 0.24352959703191657, 0.050257915635518936], [0.28385040372640363, 0.6297591970958316, 0.04285627635032735, 0.043534122727437445]], "ideal": "A", "sampled": "A", "correct": true}}
{"type": "result", "data": {"idx": 7, "options": ["True, True", "False, False", "True, False", "False, True"], "probs": [[0.18787001071481743, 0.5268992185065752, 0.17649304865025842, 0.10873772202834894], [0.12933874944517612, 0.5796710545906604, 0.1713580250605486, 0.11963217080361492], [0.20406991773475508, 0.521120084948286, 0.21724403468846024, 0.05756596252849871], [0.2069609915229092, 0.6786114482358568, 0.07613990277332884, 0.03828765736790512]], "ideal": "D", "sampled": "A", "correct": false}}
{"type": "result", "data": {"idx": 8, "options": ["0", "4", "2", "6"], "probs": [[0.0722971526179219, 0.534242069627174, 0.22270329788916662, 0.17075747976573746], [0.1367090493303919, 0.5578927993216521, 0.1989207118550698, 0.10647743939288619], [0.12089258971611369, 0.5251744623780101, 0.1576833497284629, 0.1962495980774132], [0.1992553591639915, 0.24416218331753123, 0.37228387035753985, 0.18429858706093738]], "ideal": "B", "sampled": "B", "correct": true}}
{"type": "result", "data": {"idx": 9, "options": ["1", "2", "2,3", "6"], "probs": [[0.08486423577365827, 0.18831741667654386, 0.47342189788985206, 0.2533964495599458], [0.09128823603407894, 0.6641039649745129, 0.09871512356262337, 0.1458926753287849], [0.4769717227484408, 0.2985291823227076, 0.07202297555714306, 0.15247611927170857], [0.17034500074121106, 0.2853065899337168, 0.08838168880733571, 0.45596672041773645]], "ideal": "C", "sampled": "C", "correct": true}}
{"type": "result", "data": {"idx": 10, "options": ["True, True", "False, False", "True, False", "False, True"], "probs": [[0.2818380425983138, 0.5024344025088937, 0.12703769640619575, 0.08868985838659672], [0.1669952720236676, 0.547575950567801, 0.15935957430199618, 0.12606920300653524], [0.2582822374444124, 0.43255590260214116, 0.2582983605004021, 0.05086349935304429], [0.2995532207257601, 0.595745395413076, 0.06478567634886519, 0.039915707412298614]], "ideal": "C", "sampled": "A", "correct": false}}
{"type": "result", "data": {"idx": 11, "options": ["symmetric only", "anti-symmetric only", "both symmetric and anti-symmetric", "an equivalence relation"], "probs": [[0.2953636866038484, 0.2953784089522033, 0.2953762333825071, 0.11388167096144122], [0.3072528346197831, 0.4470635965016413, 0.05339317057610615, 0.1922903982024695], [0.2024184046531912, 0.25589980147307334, 0.4089180582997734, 0.13276373547396206], [0.4809055518420692, 0.32036643501073725, 0.06928183727878781, 0.12944617576840575]], "ideal": "C", "sampled": "A", "correct": false}}
{"type": "result", "data": {"idx": 12, "options": ["1", "2", "5", "11"], "probs": [[0.11071611444813986, 0.3518925747567529, 0.291726009888414, 0.24566530080669322], [0.17402155370535383, 0.42407022459302157, 0.17133755683134907, 0.23057066477027555], [0.22429132459304937, 0.41907638307195344, 0.14258177577023431, 0.21405051646476286], [0.17078932391437626, 0.28163049881162505, 0.2524357848705841, 0.2951443923034146]], "ideal": "A", "sampled": "C", "correct": false}}
{"type": "result", "data": {"idx": 13, "options": ["(x \u2212 2)(x + 2)(x \u2212 1)", "(x + 1)(x + 4)(x \u2212 2)", "(x + 1)(x \u2212 4)(x \u2212 2)", "(x - 1)(x \u2212 4)(x \u2212 2)"], "probs": [[0.4536966315397421, 0.19516686802392288, 0.12999367518922614, 0.2211428251471089], [0.4579920657933451, 0.410568552111212, 0.05059054328180085, 0.08084883871364204], [0.5292439657383892, 0.29229478133880193, 0.07744776000230993, 0.10101349282049897], [0.38780606891256203, 0.3165435935424124, 0.06041067918032234, 0.23523965826470322]], "ideal": "C", "sampled": "C", "correct": true}}
{"type": "result", "data": {"idx": 14, "options": ["6", "12", "30", "105"], "probs": [[0.11715931316341745, 0.2682154574561529, 0.20564044967916192, 0.4089847796012677], [0.12134937105344165, 0.17936847968566474, 0.4725526833616556, 0.22672946579923794], [0.12189401957426983, 0.7237695616602482, 0.07055203028551607, 0.08378438837996595], [0.26514462424084384, 0.30523262334491114, 0.16855282092056428, 0.26106993139368073]], "ideal": "C", "sampled": "D", "correct": false}}
{"type": "result", "data": {"idx": 15, "options": ["True, True", "False, False", "True, False", "False, True"], "probs": [[0.194493324583889, 0.5124267163113967, 0.22039757982950844, 0.07268237917520586], [0.1311851900938645, 0.6558889657911009, 0.12133433893092523, 0.09159150508410936], [0.2058036220802592, 0.47109492035481015, 0.27266230735644126, 0.050439150108489345], [0.2037283247467862, 0.711085111495017, 0.04690335498304681, 0.038283208675150004]], "ideal": "B", "sampled": "A", "correct": false}}
{"type": "result", "data": {"idx": 16, "options": ["1", "-1", "i", "-i"], "probs": [[0.24974592122102945, 0.6278839951935613, 0.10249638728723982, 0.01987369619816943], [0.2546480357077515, 0.6709463751889924, 0.06338761893835317, 0.01101797006490287], [0.5138000153349086, 0.4326820496179306, 0.04704934816025663, 0.006468586786904149], [0.25401328525466454, 0.2878566853626813, 0.34182130344199074, 0.11630872584066344]], "ideal": "C", "sampled": "C", "correct": true}}
{"type": "result", "data": {"idx": 17, "options": ["(1,1)", "(3,1)", "(1,6)", "(3,6)"], "probs": [[0.13538769771051906, 0.3797413834665335, 0.26508803968067324, 0.21978287904227414], [0.17645060751386363, 0.24500912060360092, 0.3296728084700524, 0.24886746331248305], [0.17741597790547334, 0.5638637416127378, 0.14940461180940934, 0.10931566857237952], [0.26524042685299476, 0.2611577769680265, 0.25709092231368674, 0.21651087376529196]], "ideal": "C", "sampled": "D", "correct": false}}
{"type": "result", "data": {"idx": 18, "options": ["multiplication is not a binary operation", "multiplication is not associative", "identity element does not exist", "zero has no inverse"], "probs": [[0.21552179796554993, 0.09127648306851506, 0.2223750352534653, 0.4708266836124697], [0.13388276497821597, 0.5133022222393712, 0.2501449659259802, 0.10267004675643275], [0.3042396993404281, 0.3968493460273069, 0.1482815637524132, 0.15062939077985174], [0.6643094392913754, 0.10512169605112512, 0.05453070347287648, 0.17603816108462295]], "ideal": "D", "sampled": "D", "correct": true}}
{"type": "result", "data": {"idx": 19, "options": ["True, True", "False, False", "True, False", "False, True"], "probs": [[0.19860572677448327, 0.5071668133141425, 0.21142665482026166, 0.08280080499111266], [0.16054576808096277, 0.5516874933543275, 0.1791188569909966, 0.10864788147371304], [0.251828854919274, 0.4854266155493599, 0.21541965487128237, 0.047324874560083746], [0.293501880982394, 0.6213582695645276, 0.05515113793552556, 0.029988711417552896]], "ideal": "A", "sampled": "A", "correct": true}}
{"type": "result", "data": {"idx": 20, "options": ["True, True", "False, False", "True, False", "False, True"], "probs": [[0.35461612401569853, 0.4344915973813052, 0.14105973381940176, 0.06983254468359452], [0.15360232957254144, 0.5196528356799458, 0.13556201552641753, 0.19118281912109517], [0.21033988732893696, 0.36917372892068123, 0.3749934970022116, 0.045492886648170215], [0.2534162255572003, 0.688872774332688, 0.033765980883393054, 0.02394501912671862]], "ideal": "A", "sampled": "A", "correct": true}}
{"type": "result", "data": {"idx": 21, "options": ["2x^2 + 5", "6x^2 + 4x + 6", "0", "x^2 + 1"], "probs": [[0.21398378348488148, 0.6489267775419841, 0.049263651124507306, 0.08782578774862711], [0.4586956090442552, 0.16615562143849164, 0.11780895728402814, 0.25733981213322504], [0.1891032420865285, 0.19210934292000753, 0.3069675151379412, 0.31181989975552277], [0.17458911947996905, 0.369635654816217, 0.3064309817351495, 0.14934424386866443]], "ideal": "A", "sampled": "B", "correct": false}}
{"type": "result", "data": {"idx": 22, "options": ["True, True", "False, False", "True, False", "False, True"], "probs": [[0.36008648451155495, 0.4623651893407338, 0.09844365274918672, 0.07910467329852458], [0.15681143804463699, 0.5388573648475987, 0.15929035062793004, 0.14504084637983422], [0.23149884003505955, 0.4750211589497038, 0.2426220503499855, 0.05085795056525113], [0.279581228303634, 0.6706953272903491, 0.02946866588453557, 0.02025477842148131]], "ideal": "D", "sampled": "A", "correct": false}}
{"type": "result", "data": {"idx": 23, "options": ["semi group with identity", "commutative semigroups with identity", "group", "abelian group"], "probs": [[0.12371326697547647, 0.17447086326787328, 0.47425820205305236, 0.22755766760359786], [0.1628418549081294, 0.41584161347654774, 0.33414575212537084, 0.08717077938995202], [0.4241287145589213, 0.38019022335778563, 0.04909700166329405, 0.146584060319999], [0.41898702463730125, 0.09646100236081583, 0.1425556753085606, 0.3419962975933223]], "ideal": "D", "sampled": "C", "correct": false}}
{"type": "result", "data": {"idx": 24, "options": ["True, True", "False, False", "True, False", "False, True"], "probs": [[0.106561805492766, 0.5583530830287803, 0.2439297659132264, 0.09115534546522733], [0.10596557434179783, 0.5818777343888326, 0.1802644810018496, 0.13189221016752], [0.14372499392774662, 0.5095613040232814, 0.2858490368873807, 0.06086466506159122], [0.19535501444885883, 0.671296243833648, 0.07186984323639588, 0.061478898381097186]], "ideal": "B", "sampled": "A", "correct": false}}
{"type": "result", "data": {"idx": 25, "options": ["subgroup", "finite abelian group", "infinite, non abelian group", "ininite, abelian"], "probs": [[0.2889625429818154, 0.17529459295904068, 0.3710547685252114, 0.1646880954339325], [0.411679837153512, 0.3928146093155618, 0.12168314397372261, 0.07382240945720361], [0.2670384128732199, 0.23567470118057454, 0.3221140897581951, 0.17517279608801048], [0.3399008461507874, 0.3143725944089545, 0.13950605481203998, 0.2062205045282181]], "ideal": "C", "sampled": "C", "correct": true}}
{"type": "result", "data": {"idx": 26, "options": ["True, True", "False, False", "True, False", "False, True"], "probs": [[0.15592123798839552, 0.47283477290960596, 0.2736619453404163, 0.0975820436615822], [0.17278400908232397, 0.5845292588286719, 0.16232607652389194, 0.08036065546511217], [0.24313924076419413, 0.46140868154633374, 0.23201825068088178, 0.06343382690859034], [0.28511048216423757, 0.5582277954386893, 0.09402430101107818, 0.06263742128599496]], "ideal": "C", "sampled": "C", "correct": true}}
{"type": "result", "data": {"idx": 27, "options": ["Yes, with p=2.", "Yes, with p=3.", "Yes, with p=5.", "No."], "probs": [[0.5238582031911061, 0.2361548753334019, 0.047229548280459006, 0.19275737309503302], [0.49115857842986554, 0.23571127826383423, 0.17789580058685037, 0.09523434261944987], [0.4454188975650116, 0.1745298219635138, 0.306173833474997, 0.07387744689647764], [0.1411158186388705, 0.5495324894097019, 0.24769178768577194, 0.06165990416565561]], "ideal": "B", "sampled": "A", "correct": false}}
{"type": "result", "data": {"idx": 28, "options": ["True, True", "False, False", "True, False", "False, True"], "probs": [[0.20908833794221557, 0.4786193059573362, 0.1874319128464135, 0.12486044315403474], [0.14557520581552696, 0.6034085536788942, 0.1245256197219155, 0.12649062068366332], [0.22108931844851915, 0.46805897192051316, 0.23906831327957256, 0.07178339625139514], [0.24522464283371137, 0.6360785621469975, 0.054719872655147835, 0.06397692226414321]], "ideal": "D", "sampled": "A", "correct": false}}
{"type": "result", "data": {"idx": 29, "options": ["True, True", "False, False", "True, False", "False, True"], "probs": [[0.29830209842236016, 0.4995662308956036, 0.1323726853103528, 0.06975898527168344], [0.12294556553435801, 0.6243812403395368, 0.11550350773700946, 0.1371696862890957], [0.22998086763137215, 0.40999805312231924, 0.3094956530396246, 0.05052542610668396], [0.21278314227009082, 0.7198441510568244, 0.03263244623880111, 0.03474026033428362]], "ideal": "A", "sampled": "A", "correct": true}}
{"type": "result", "data": {"idx": 30, "options": ["True, True", "False, False", "True, False", "False, True"], "probs": [[0.3372734781219919, 0.4984567911314095, 0.08661970465929027, 0.07765002598730837], [0.18306132603658504, 0.5727596707736989, 0.11636694917805755, 0.12781205391165854], [0.26490623940439467, 0.45063008887866346, 0.2412138837877347, 0.043249787829207166], [0.31523188886762454, 0.6269183742616776, 0.030729042305836837, 0.027120694464860994]], "ideal": "B", "sampled": "A", "correct": false}}
{"type": "result", "data": {"idx": 31, "options": ["commutative semi group", "abelian group", "non-abelian group", "None of these"], "probs": [[0.2161996009975643, 0.6354570818496589, 0.06098356310828791, 0.0873597539444889], [0.6503150634543211, 0.2668973629256028, 0.02684160705488679, 0.055945966465189303], [0.14656819838513127, 0.10074296147838009, 0.07486164047153135, 0.6778271995649573], [0.11057074528034137, 0.20338998909711856, 0.47288192209120267, 0.21315734343133738]], "ideal": "B", "sampled": "B", "correct": true}}
{"type": "result", "data": {"idx": 32, "options": ["True, True", "False, False", "True, False", "False, True"], "probs": [[0.21029353923086214, 0.4889539959893178, 0.21030017024783976, 0.09045229443198026], [0.1265577636068338, 0.5245829067724015, 0.20543604474886137, 0.14342328477190336], [0.21582472000609196, 0.45691257029803306, 0.26444837054277875, 0.06281433905309619], [0.24780877103621443, 0.6427804662018787, 0.06566555492660885, 0.04374520773529806]], "ideal": "A", "sampled": "A", "correct": true}}
{"type": "result", "data": {"idx": 33, "options": ["g = g^-1 for every g in G", "g = g^2 for every g in G", "(g o h)^2 = g^2 o h^2 for every g,h in G", "G is of finite order"], "probs": [[0.7133463104102395, 0.15917793092601334, 0.044896688809562026, 0.08257906975418514], [0.5224118025385315, 0.22122626162538953, 0.08937800595596766, 0.16698392978011128], [0.24270724119362921, 0.18905809801503048, 0.37012118648942327, 0.19811347420191702], [0.1337858120399172, 0.5209544222883807, 0.138037351683323, 0.20722241388837903]], "ideal": "C", "sampled": "A", "correct": false}}
{"type": "result", "data": {"idx": 34, "options": ["True, True", "False, False", "True, False", "False, True"], "probs": [[0.25492464163978373, 0.46888626151906615, 0.18944997095545715, 0.08673912578569298], [0.17635104846760144, 0.4946096462087284, 0.17093909549221595, 0.1581002097314542], [0.25172001496003193, 0.47029323081876556, 0.21532239338572903, 0.06266436073547345], [0.29179525155043856, 0.5451648790204379, 0.09039860150507159, 0.07264126782405196]], "ideal": "A", "sampled": "A", "correct": true}}
{"type": "result", "data": {"idx": 35, "options": ["0", "4", "2", "6"], "probs": [[0.0635267464137679, 0.5403104786242722, 0.22878028494083827, 0.1673824899211216], [0.12459288255342957, 0.6133012403419212, 0.16506620364722266, 0.09703967335742654], [0.12472716624735872, 0.5011127553296195, 0.15523461880297854, 0.21892545952004322], [0.1823932501134683, 0.23422352618283968, 0.3861518742331371, 0.1972313493705549]], "ideal": "B", "sampled": "B", "correct": true}}
{"type": "result", "data": {"idx": 36, "options": ["0", "1", "11", "22"], "probs": [[0.1907797540882075, 0.3564666966648084, 0.26489995111409037, 0.1878535980328937], [0.18856068881769797, 0.5288751563236187, 0.14458699092053937, 0.13797716383814398], [0.2365107300501642, 0.4216674644824121, 0.1960892554405272, 0.14573254992689647], [0.2620713153528062, 0.33655179045041245, 0.2423974460478238, 0.1589794480489575]], "ideal": "D", "sampled": "C", "correct": false}}
{"type": "result", "data": {"idx": 37, "options": ["Yes, with p=2.", "Yes, with p=3.", "Yes, with p=5.", "No."], "probs": [[0.5342025457792801, 0.2059726599785725, 0.0405551731235674, 0.21926962101858002], [0.4109751498051735, 0.2572194769761264, 0.23417636480995635, 0.09762900830874371], [0.43574754210949207, 0.18457268520410672, 0.3188248931823897, 0.060854879404011505], [0.1575238614194472, 0.5413339935198747, 0.2364858923796967, 0.06465625258098141]], "ideal": "B", "sampled": "A", "correct": false}}
{"type": "result", "data": {"idx": 38, "options": ["1", "2", "3", "4"], "probs": [[0.3681487283515814, 0.42375578563217087, 0.11054058199499295, 0.09755490392125475], [0.309066811443262, 0.2995810597710559, 0.15063199848313813, 0.24072013020254396], [0.22108696900688712, 0.23172554825646088, 0.41308112081862236, 0.13410636181802962], [0.2170689601324009, 0.5900858175928702, 0.10915307943518616, 0.08369214273954281]], "ideal": "C", "sampled": "A", "correct": false}}
{"type": "result", "data": {"idx": 39, "options": ["True, True", "False, False", "True, False", "False, True"], "probs": [[0.22074224042681911, 0.5463477142885065, 0.1666273586259022, 0.06628268655877223], [0.14357544373346506, 0.6434726070455525, 0.13488365607936656, 0.07806829304161587], [0.22225657931193574, 0.5500971879296203, 0.18716645936161422, 0.04047977329682973], [0.20031523928744097, 0.6776659472589411, 0.09315775387036672, 0.028861059483251107]], "ideal": "D", "sampled": "A", "correct": false}}
{"type": "result", "data": {"idx": 40, "options": ["0", "1", "-1", "12"], "probs": [[0.4053837867993529, 0.554123132462983, 0.02182291189184398, 0.018670168745820184], [0.7645564763572648, 0.21232392138918016, 0.021352300666841746, 0.0017673014867133517], [0.09740771424845107, 0.07828421203221007, 0.49471295243556074, 0.3295951211837781], [0.039215117250762786, 0.7755765827463978, 0.14345241921317567, 0.041755880689663745]], "ideal": "C", "sampled": "B", "correct": false}}
{"type": "result", "data": {"idx": 41, "options": ["0", "3", "12", "30"], "probs": [[0.2258472077070169, 0.604417305992681, 0.0710670703260442, 0.09866841587425791], [0.3668006062140829, 0.2521182894454608, 0.12096190451366065, 0.2601191997267957], [0.22298775117794883, 0.21280331368717315, 0.3734583723227513, 0.1907505627121267], [0.13184984419964044, 0.2791556798880991, 0.38154466093374517, 0.20744981487851527]], "ideal": "A", "sampled": "B", "correct": false}}
{"type": "result", "data": {"idx": 42, "options": ["True, True", "False, False", "True, False", "False, True"], "probs": [[0.26932282456995665, 0.4876898446648822, 0.16336316598941664, 0.07962416467574455], [0.15576014830998094, 0.5878655690907088, 0.15578270866718572, 0.10059157383212457], [0.251391607244167, 0.46969122395443136, 0.22537896433481386, 0.0535382043665878], [0.2708553949408922, 0.6497822950891887, 0.044917169619202335, 0.03444514025071669]], "ideal": "B", "sampled": "A", "correct": false}}
{"type": "result", "data": {"idx": 43, "options": ["True, True", "False, False", "True, False", "False, True"], "probs": [[0.30745538147517915, 0.5148999439715491, 0.10460972741308434, 0.0730349470401873], [0.19639707341305443, 0.5594987481086274, 0.11728204477456279, 0.1268221336037553], [0.23188137120360539, 0.4469766732932563, 0.2669125864700348, 0.05422936893310351], [0.2048474802278589, 0.6822620477084569, 0.0634622485098353, 0.049428223453848924]], "ideal": "C", "sampled": "A", "correct": false}}
{"type": "result", "data": {"idx": 44, "options": ["True, True", "False, False", "True, False", "False, True"], "probs": [[0.2235889882542188, 0.46600672742579813, 0.2343277045026738, 0.07607657971730929], [0.1734871132013098, 0.5099244155219221, 0.1935552372854753, 0.12303323389129274], [0.2546567377489229, 0.4757705734739157, 0.21783200391063332, 0.05174068476652803], [0.29768386258423846, 0.5063900313288966, 0.12410006578441181, 0.07182604020245319]], "ideal": "C", "sampled": "A", "correct": false}}
{"type": "result", "data": {"idx": 45, "options": ["True, True", "False, False", "True, False", "False, True"], "probs": [[0.2776820526847946, 0.5609227752674641, 0.12322086829031335, 0.0381743036574279], [0.18525494385367666, 0.6365749070095286, 0.11413913984388344, 0.06403100919291134], [0.28528018826551876, 0.5165752594804613, 0.1651164237764473, 0.033028128377572644], [0.2291399103686605, 0.5411671076968291, 0.16505283621968336, 0.06464014561482705]], "ideal": "C", "sampled": "C", "correct": true}}
{"type": "result", "data": {"idx": 46, "options": ["True, True", "False, False", "True, False", "False, True"], "probs": [[0.24753266371344268, 0.5240288649586489, 0.14551975590501098, 0.08291871532289752], [0.19331774307448898, 0.5682020997893424, 0.12482181098258771, 0.11365834605358086], [0.24374076994016558, 0.4847441369340575, 0.2117773168893423, 0.059737776136434655], [0.26290470946718364, 0.5742476710307269, 0.10136293845421333, 0.06148468094787605]], "ideal": "B", "sampled": "A", "correct": false}}
{"type": "result", "data": {"idx": 47, "options": ["0", "2", "1", "3"], "probs": [[0.19512878320119423, 0.38810419943804253, 0.22461889865379187, 0.19214811860697134], [0.2924533362366367, 0.3814713883895508, 0.1541236283698709, 0.17195164690394163], [0.26970176513488775, 0.31535958140078163, 0.238035365202189, 0.17690328816214165], [0.28226731486480955, 0.31989352341791694, 0.1880450779627753, 0.20979408365449825]], "ideal": "B", "sampled": "C", "correct": false}}
{"type": "result", "data": {"idx": 48, "options": ["True, True", "False, False", "True, False", "False, True"], "probs": [[0.3056661245231534, 0.571060370057719, 0.07490697641865951, 0.04836652890046803], [0.16056244193321026, 0.5692591112972695, 0.11932634649965744, 0.15085210016986278], [0.2519838223055738, 0.47078246048891914, 0.23673158969870536, 0.04050212740680168], [0.2888493045902207, 0.6716033961367259, 0.026451479729873363, 0.013095819443180083]], "ideal": "C", "sampled": "A", "correct": false}}
{"type": "result", "data": {"idx": 49, "options": ["8", "120", "240", "24"], "probs": [[0.10408958171223312, 0.5204584883849815, 0.17163134086613116, 0.20382058893665414], [0.23682409169653965, 0.5593414818779355, 0.09873241038031888, 0.10510201594520593], [0.29119273800327583, 0.3512887630164349, 0.07961595743384552, 0.2779025414464438], [0.11050547493626081, 0.15106802952167644, 0.3404219993545632, 0.39800449608749955]], "ideal": "B", "sampled": "C", "correct": false}}
{"type": "result", "data": {"idx": 50, "options": ["True, True", "False, False", "True, False", "False, True"], "probs": [[0.15258173882628198, 0.5941372622289937, 0.18120066824824077, 0.07208033059648362], [0.1335430830724192, 0.6272432628033359, 0.13996138615737816, 0.0992522678668668], [0.18436654919566625, 0.5252274137337101, 0.23674642419971495, 0.053659612770908686], [0.18343454515964325, 0.6709971448371326, 0.10130756969454305, 0.04426074020868115]], "ideal": "D", "sampled": "A", "correct": false}}
{"type": "result", "data": {"idx": 51, "options": ["0", "2", "1", "3"], "probs": [[0.18862237034341955, 0.4251120686105955, 0.19161339102259434, 0.19465216992339063], [0.2799934786277186, 0.376809691999569, 0.1595463180314842, 0.1836505112412282], [0.22659678417269216, 0.3297458539611289, 0.2528135142548365, 0.19084384751134248], [0.26935586731952804, 0.3300666559912505, 0.19402542997484426, 0.20655204661437718]], "ideal": "B", "sampled": "B", "correct": true}}
{"type": "result", "data": {"idx": 52, "options": ["6", "8", "4", "2"], "probs": [[0.18216289849490558, 0.3247743893056343, 0.20642677255036632, 0.28663593954909383], [0.13803240244103782, 0.36942886201535285, 0.32601266124526923, 0.1665260741983401], [0.13112024204166195, 0.7088684239014902, 0.05297861171237022, 0.10703272224447763], [0.16390324492099018, 0.5291291154682782, 0.08637375834179684, 0.22059388116893475]], "ideal": "A", "sampled": "D", "correct": false}}
{"type": "result", "data": {"idx": 53, "options": ["True, True", "False, False", "True, False", "False, True"], "probs": [[0.3199231671955615, 0.4654938349480921, 0.13976730613156174, 0.07481569162478464], [0.18409805272314833, 0.5244671183965725, 0.14116168231091444, 0.15027314646936477], [0.1977219619932138, 0.4057148169852306, 0.34165279144807514, 0.05491042947348046], [0.2950976810689043, 0.6150519297033313, 0.05291019791513718, 0.036940191212627205]], "ideal": "C", "sampled": "A", "correct": false}}
{"type": "result", "data": {"idx": 54, "options": ["0", "2", "1", "3"], "probs": [[0.09078887849138269, 0.6502343415563755, 0.1750061511818402, 0.08397062867040161], [0.23789811663703125, 0.4514726202812664, 0.20669426483890854, 0.10393499814279379], [0.16600420574661423, 0.39824669362357296, 0.13979306399041022, 0.2959560365394026], [0.13918619724374034, 0.22594161809472557, 0.493485100809231, 0.14138708375230308]], "ideal": "B", "sampled": "B", "correct": true}}
{"type": "result", "data": {"idx": 55, "options": ["True, True", "False, False", "True, False", "False, True"], "probs": [[0.44381294307101976, 0.430166488334967, 0.071327707049604, 0.0546928614444092], [0.14494426136834326, 0.5302057064692733, 0.14723713301416597, 0.17761289904821748], [0.19615142366406255, 0.4218104527879874, 0.33894375923201964, 0.04309436421593043], [0.21846966890885933, 0.7276314049305042, 0.030506510909523468, 0.023392415151113077]], "ideal": "A", "sampled": "A", "correct": true}}
{"type": "result", "data": {"idx": 56, "options": ["True, True", "False, False", "True, False", "False, True"], "probs": [[0.18701502260897204, 0.47016747730364716, 0.251666510415246, 0.09115098957213479], [0.12617163734877931, 0.5148753676756541, 0.18648036378188848, 0.17247263109367814], [0.15146664145067806, 0.45221119725569003, 0.33606717463446883, 0.06025498655916307], [0.17942548130568486, 0.6563227894306031, 0.10223836641180288, 0.062013362751909176]], "ideal": "D", "sampled": "A", "correct": false}}
{"type": "result", "data": {"idx": 57, "options": ["1", "2", "3", "4"], "probs": [[0.33291613060137, 0.3892358127074876, 0.12057765957766023, 0.1572703970134822], [0.28379978881025125, 0.288294276915144, 0.16947257012005967, 0.2584333640545451], [0.2253096814927204, 0.2938941673060289, 0.33301892377058007, 0.1477772273306706], [0.2377808200083187, 0.48036046978619346, 0.1442292844015352, 0.13762942570395265]], "ideal": "B", "sampled": "A", "correct": false}}
{"type": "result", "data": {"idx": 58, "options": ["True, True", "False, False", "True, False", "False, True"], "probs": [[0.14645663120558525, 0.5192530232037361, 0.23042159123532857, 0.10386875425534997], [0.17769613463078884, 0.5559800142392346, 0.1568300241783633, 0.10949382685161321], [0.19233985013768268, 0.4686824855917664, 0.27554002918169956, 0.06343763498885135], [0.2694119613129185, 0.5977322085249306, 0.08747169700402364, 0.04538413305812724]], "ideal": "A", "sampled": "A", "correct": true}}
{"type": "result", "data": {"idx": 59, "options": ["True, True", "False, False", "True, False", "False, True"], "probs": [[0.11770660122449081, 0.6565206294789275, 0.17670220793142455, 0.0490705612651571], [0.22985269520651264, 0.6151224282241663, 0.10042180942961622, 0.05460306703970483], [0.24127027929255784, 0.5107806438616391, 0.18500104958206495, 0.06294802716373807], [0.28254454239538784, 0.49589792234022523, 0.15850403476066074, 0.0630535004037262]], "ideal": "A", "sampled": "B", "correct": false}}
{"type": "result", "data": {"idx": 60, "options": ["True, True", "False, False", "True, False", "False, True"], "probs": [[0.11278204775610515, 0.6290574341129876, 0.19185400496756244, 0.06630651306334479], [0.11000971576968722, 0.6430385756075968, 0.16259451330015218, 0.08435719522256384], [0.18139778079233865, 0.5587523121105515, 0.19310898984379504, 0.06674091715331472], [0.21107048340696216, 0.5737622719237615, 0.13628498599276614, 0.07888225857651017]], "ideal": "D", "sampled": "C", "correct": false}}
{"type": "result", "data": {"idx": 61, "options": ["True, True", "False, False", "True, False", "False, True"], "probs": [[0.40379821347583583, 0.3913795264110596, 0.11039402088028381, 0.09442823913282072], [0.14724810639411123, 0.4396230941515093, 0.1920597432668634, 0.22106905608751604], [0.20452413451722765, 0.3479241767402331, 0.40046373904238397, 0.047087949600155214], [0.26546898877154973, 0.6885815960759014, 0.020471345936268048, 0.025478069116280803]], "ideal": "D", "sampled": "A", "correct": false}}
{"type": "result", "data": {"idx": 62, "options": ["True, True", "False, False", "True, False", "False, True"], "probs": [[0.2589294631440503, 0.5230494776072295, 0.12423719557054126, 0.09378386357817886], [0.16539755461946182, 0.5423264502936678, 0.13928775487937414, 0.1529882401074963], [0.20896068213280572, 0.43552127476151686, 0.29470050331983416, 0.060817539685843296], [0.2505501378445954, 0.6601182068303518, 0.050904217790475006, 0.03842743743457774]], "ideal": "C", "sampled": "A", "correct": false}}
{"type": "result", "data": {"idx": 63, "options": ["not anti-symmetric", "transitive", "reflexive", "symmetric"], "probs": [[0.5750406383893037, 0.21156182883054364, 0.11501500754398326, 0.09838252513616928], [0.33842790123416255, 0.2437774240726834, 0.24760946628955485, 0.17018520830359915], [0.21344930785401092, 0.31059052611491994, 0.3464834884510608, 0.12947667748000832], [0.1891420441123489, 0.5473206516406837, 0.1669244281723074, 0.09661287597466003]], "ideal": "B", "sampled": "A", "correct": false}}
{"type": "result", "data": {"idx": 64, "options": ["1", "2", "infinitely many", "0"], "probs": [[0.21918893368485937, 0.5341372250617116, 0.11371919003247132, 0.13295465112095778], [0.2010975986027369, 0.3999711393922928, 0.08253444361452446, 0.31639681829044586], [0.1487921393719001, 0.20986276310950405, 0.23046853676228168, 0.4108765606563141], [0.2071017884611999, 0.41839455793536984, 0.1945607935090298, 0.1799428599944005]], "ideal": "B", "sampled": "B", "correct": true}}
{"type": "result", "data": {"idx": 65, "options": ["True, True", "False, False", "True, False", "False, True"], "probs": [[0.1855000676699737, 0.6178102996653861, 0.12950184747024, 0.06718778509440013], [0.1311411549679838, 0.6455036949055828, 0.133213623352337, 0.09014152667409639], [0.21132115236005844, 0.5396302522800367, 0.1894366208458112, 0.05961197441409369], [0.21075181737843887, 0.6697706130376083, 0.07170719171816733, 0.04777037776578543]], "ideal": "C", "sampled": "A", "correct": false}}
{"type": "result", "data": {"idx": 66, "options": ["True, True", "False, False", "True, False", "False, True"], "probs": [[0.23223577264433512, 0.5316004712973871, 0.15714204192719483, 0.07902171403108295], [0.1322565863076689, 0.5656130481873503, 0.14987898318100193, 0.15225138222397896], [0.21379008727774373, 0.43188720615443665, 0.31598675012418737, 0.038335956343632245], [0.26452108328122487, 0.6445624611587655, 0.04970490392789844, 0.041211551532111215]], "ideal": "D", "sampled": "A", "correct": false}}
{"type": "result", "data": {"idx": 67, "options": ["a,b in H=> a * b in H", "a in H => a^-1 in H", "a,b in H=> a * b^-1 in H", "H contains the identity element"], "probs": [[0.5272566996673225, 0.18801507861443575, 0.1633393232109579, 0.12138889840728385], [0.42101071535343043, 0.3658150841172818, 0.0676635374854951, 0.14551066294379264], [0.6966784672727039, 0.17616471824041288, 0.05372269795873736, 0.07343411642814592], [0.16883772106754044, 0.4244966976070084, 0.0862381730518478, 0.32042740817360327]], "ideal": "C", "sampled": "C", "correct": true}}
{"type": "result", "data": {"idx": 68, "options": ["(x \u2212 2)(x + 2)(x \u2212 1)(x + 1)", "(x+1)^4", "(x-1)(x+1)^3", "(x-1)^3(x+1)"], "probs": [[0.6729905384659493, 0.05356092304727465, 0.22544605797394773, 0.04800248041282836], [0.10012269838734622, 0.49288180832763356, 0.2256594167845746, 0.18133607640044558], [0.27770567641787425, 0.32982752000890975, 0.34028193542608265, 0.05218486804713337], [0.19096669090386587, 0.7436149535571841, 0.01861532173492278, 0.04680303370402724]], "ideal": "A", "sampled": "A", "correct": true}}
{"type": "result", "data": {"idx": 69, "options": ["True, True", "False, False", "True, False", "False, True"], "probs": [[0.35244033616592685, 0.4669112284365549, 0.1144221505752731, 0.0662262847222451], [0.13198312329026735, 0.5470742256646118, 0.1617195509677606, 0.15922309997736026], [0.25729922712485154, 0.3985262245529521, 0.30083296662915937, 0.043341581593036985], [0.25239053130987515, 0.6968852215971055, 0.029677603114431128, 0.021046643878588168]], "ideal": "A", "sampled": "A", "correct": true}}
{"type": "result", "data": {"idx": 70, "options": ["0", "-2", "a-2", "(2+a)*-1"], "probs": [[0.09751739279310219, 0.14870409555211686, 0.45803463113172155, 0.2957438804230594], [0.1653102909562041, 0.5013154073852348, 0.19631732705779686, 0.13705697450076418], [0.359524244300222, 0.46165296546131734, 0.078978715164575, 0.09984407497388564], [0.5440783934025759, 0.20652002968749417, 0.10064656731533166, 0.14875500949459824]], "ideal": "D", "sampled": "D", "correct": true}}
{"type": "result", "data": {"idx": 71, "options": ["0", "4", "2", "6"], "probs": [[0.06632485490933995, 0.529934009116495, 0.25426427613157454, 0.14947685974259048], [0.13570910462084237, 0.5895289627469712, 0.17700731000676734, 0.09775462252541912], [0.13062586795159847, 0.516676283575651, 0.15035910230746344, 0.20233874606528712], [0.18863197512373384, 0.23478507552712574, 0.39936389320211996, 0.17721905604702043]], "ideal": "C", "sampled": "B", "correct": false}}
{"type": "result", "data": {"idx": 72, "options": ["1", "2", "3", "4"], "probs": [[0.1927995773122756, 0.3491650417346762, 0.2254308096710673, 0.23260457118198088], [0.1730675989453937, 0.3496627494644665, 0.22930618558263835, 0.24796346590750143], [0.1747005555648662, 0.3421099134623144, 0.2622956296197196, 0.22089390125309982], [0.21488600646960612, 0.3381249555886675, 0.2252294685432172, 0.22175956929850918]], "ideal": "D", "sampled": "A", "correct": false}}
{"type": "result", "data": {"idx": 73, "options": ["0", "3", "12", "30"], "probs": [[0.23306596609998112, 0.6435377504565489, 0.05450040900351705, 0.06889587433995288], [0.44630819542136785, 0.1803369102965844, 0.08518099957874212, 0.2881738946033056], [0.19889832438332689, 0.1649137537042167, 0.42772414001347586, 0.20846378179898054], [0.1442411030278907, 0.2571609203039327, 0.3570184547684897, 0.24157952179968686]], "ideal": "B", "sampled": "B", "correct": true}}
{"type": "result", "data": {"idx": 74, "options": ["True, True", "False, False", "True, False", "False, True"], "probs": [[0.23760406744464035, 0.4439119729604284, 0.20969230174755413, 0.10879165774737716], [0.14722676573711602, 0.5302054881519355, 0.17760376630437555, 0.14496397970657293], [0.1999927788771786, 0.4507100648833126, 0.27337956833161337, 0.07591758780789544], [0.23443607372289296, 0.6473194787330452, 0.05313640321276638, 0.06510804423129543]], "ideal": "D", "sampled": "A", "correct": false}}
{"type": "result", "data": {"idx": 75, "options": ["True, True", "False, False", "True, False", "False, True"], "probs": [[0.20744012294125397, 0.4674853384027296, 0.21403181550746644, 0.11104272304854997], [0.15294822584451137, 0.5508121620857461, 0.17332690624606462, 0.1229127057236779], [0.20389754156677486, 0.44537071378378607, 0.2875612845329397, 0.06317046001649931], [0.2783597375639388, 0.6175855257387645, 0.04837383497781588, 0.05568090161948083]], "ideal": "B", "sampled": "A", "correct": false}}
{"type": "result", "data": {"idx": 76, "options": ["True, True", "False, False", "True, False", "False, True"], "probs": [[0.3694209020431132, 0.4319054919084579, 0.11092289867920223, 0.08775070726922671], [0.15822884514279772, 0.5353057501401473, 0.12714884037157412, 0.17931656424548092], [0.210775697674275, 0.38769342480502633, 0.35300376087240054, 0.04852711654829809], [0.25172353705512374, 0.6950482155765656, 0.028688432157354032, 0.024539815110956622]], "ideal": "C", "sampled": "A", "correct": false}}
{"type": "result", "data": {"idx": 77, "options": ["0", "3", "12", "30"], "probs": [[0.45290235017853675, 0.41239282791955606, 0.06945581040176443, 0.06524901140014272], [0.2508555575699422, 0.22842731388825807, 0.17241587719337914, 0.3483012512484206], [0.18128736045205654, 0.15031091643393582, 0.46295922300121056, 0.2054425000127971], [0.12045075949787185, 0.4915516752309535, 0.21811882174282915, 0.16987874342834552]], "ideal": "A", "sampled": "A", "correct": true}}
{"type": "result", "data": {"idx": 78, "options": ["True, True", "False, False", "True, False", "False, True"], "probs": [[0.21683566952430705, 0.488653254137748, 0.21348039008477898, 0.08103068615316594], [0.1613213943683089, 0.5047461164351457, 0.17998101500941996, 0.15395147408712545], [0.23375389780803685, 0.4232848190013955, 0.2819778060279249, 0.0609834770626428], [0.2520025576398141, 0.5859324117189175, 0.08985896072908588, 0.07220606981218247]], "ideal": "D", "sampled": "A", "correct": false}}
