{"type": "result", "data": {"idx": 0, "options": ["True, True", "False, False", "True, False", "False, True"], "probs": [[0.21863144983832114, 0.36615003222253467, 0.3282385893011416, 0.08697992853800264], [0.2611782129637781, 0.4956365559553853, 0.10553246698063441, 0.1376527640002022], [0.2239504076003717, 0.4384881090228792, 0.2659704168164124, 0.07159106646033665], [0.22923373575959505, 0.6329375935809558, 0.08977325025639465, 0.04805542030305445]], "ideal": "D", "sampled": "A", "correct": false}}
{"type": "result", "data": {"idx": 1, "options": ["True, True", "False, False", "True, False", "False, True"], "probs": [[0.1829196973179623, 0.3581509914498327, 0.3872846393442645, 0.07164467178794051], [0.17188452054417494, 0.628735179922179, 0.12189428416244447, 0.07748601527120162], [0.25111998608462244, 0.4765596105242285, 0.22512707260222595, 0.047193330688923125], [0.23172033975608067, 0.5825526626935287, 0.14729958551692818, 0.03842741193346241]], "ideal": "C", "sampled": "C", "correct": true}}
{"type": "result", "data": {"idx": 2, "options": ["True, True", "False, False", "True, False", "False, True"], "probs": [[0.11564037805743924, 0.35068662799968986, 0.46461161409352264, 0.06906137974934826], [0.13142447879046365, 0.61727996955421, 0.14893186693300406, 0.10236368462232218], [0.1826994696520168, 0.5454587278849697, 0.21697741502241533, 0.05486438734059812], [0.24614490795416707, 0.6188140568525492, 0.10422916806405425, 0.03081186702922943]], "ideal": "B", "sampled": "C", "correct": false}}
{"type": "result", "data": {"idx": 3, "options": ["12", "24", "48", "72"], "probs": [[0.08410164030621087, 0.5484361688872813, 0.18085761501215536, 0.18660457569435246], [0.0864511255401013, 0.59081230781094, 0.1801905131103059, 0.1425460534386528], [0.1539959872956957, 0.6090906721692749, 0.10099845152831873, 0.1359148889067107], [0.216317733371185, 0.26505683665053137, 0.2734722670577162, 0.24515316282056743]], "ideal": "D", "sampled": "D", "correct": true}}
{"type": "result", "data": {"idx": 4, "options": ["convolutional networks", "graph networks", "fully connected networks", "RBF networks"], "probs": [[0.9983662096444335, 0.0012443692784838776, 0.0002864717311861686, 0.00010294924589649835], [0.0006753610367642986, 0.001343135868909406, 0.0013431227139777408, 0.9966383802803486], [0.0010619270955421602, 0.0018931131950664648, 0.9961077889974811, 0.0009371706119102968], [0.00010222939226062219, 0.9991926212724553, 0.0004953836442615068, 0.00020976559102248485]], "ideal": "A", "sampled": "A", "correct": true}}
{"type": "result", "data": {"idx": 5, "options": ["True, True", "False, False", "True, False", "False, True"], "probs": [[0.11764033926415526, 0.43709954565785275, 0.368097002118323, 0.07716311285966895], [0.15451018165346722, 0.6016368730888839, 0.16970672822447158, 0.07414621693317723], [0.20477294156988618, 0.6018806471118217, 0.14074748228768638, 0.05259892893060583], [0.2548402519100846, 0.5395042239390504, 0.15701089622360684, 0.04864462782725812]], "ideal": "B", "sampled": "C", "correct": false}}
{"type": "result", "data": {"idx": 6, "options": ["O(D)", "O(N)", "O(ND)", "O(ND^2)"], "probs": [[0.1144821132964237, 0.1297323055236177, 0.48959497279955816, 0.2661906082804004], [0.1247408380472036, 0.56786718940324, 0.12870312407012616, 0.1786888483794303], [0.32532651754971176, 0.41773439562310943, 0.0772725309083438, 0.17966655581883506], [0.3403325181958244, 0.22671546715363075, 0.06495399966049344, 0.36799801489005146]], "ideal": "A", "sampled": "C", "correct": false}}
{"type": "result", "data": {"idx": 7, "options": ["True, True", "False, False", "True, False", "False, True"], "probs": [[0.21228237922488102, 0.3784443820286822, 0.3392577544839667, 0.07001548416247011], [0.2288539954302191, 0.515736270292618, 0.11873502017707604, 0.1366747140000868], [0.3203314029936529, 0.36299259413482304, 0.2574103541484575, 0.05926564862306655], [0.2995150100122205, 0.6145659707414688, 0.05124293286303949, 0.03467608628327123]], "ideal": "B", "sampled": "A", "correct": false}}
{"type": "result", "data": {"idx": 8, "options": ["2", "4", "8", "16"], "probs": [[0.1256983987653204, 0.4252648226412602, 0.18290306080827767, 0.2661337176851417], [0.17566878568356536, 0.2556180579520533, 0.09854460958018094, 0.47016854668420044], [0.13512990078662424, 0.19973846075531898, 0.3790160473655539, 0.2861155909925029], [0.08309807501633037, 0.30398803230971294, 0.2992680593480459, 0.3136458332259107]], "ideal": "C", "sampled": "A", "correct": false}}
{"type": "result", "data": {"idx": 9, "options": ["Lower variance", "Higher variance", "Same variance", "None of the above"], "probs": [[0.4560006668112253, 0.3336293995311476, 0.11174777403081533, 0.09862215952681176], [0.14490706582908391, 0.14266798764400718, 0.010174079351803136, 0.7022508670751058], [0.02644457857168629, 0.017617014567885735, 0.8621796356332291, 0.09375877112719888], [0.028072367618754004, 0.48230175901554895, 0.18305579838788338, 0.3065700748778136]], "ideal": "A", "sampled": "A", "correct": true}}
{"type": "result", "data": {"idx": 10, "options": ["True, True", "False, False", "True, False", "False, True"], "probs": [[0.19877935647795583, 0.33290978766763346, 0.3714137021615175, 0.09689715359289319], [0.1616277384475092, 0.529977615646341, 0.19195817266006326, 0.1164364731460865], [0.24859268396814813, 0.3972733168381041, 0.2861583339195767, 0.06797566517417111], [0.2974148767960089, 0.5302122373031559, 0.11647909437204505, 0.055893791428790064]], "ideal": "A", "sampled": "C", "correct": false}}
{"type": "result", "data": {"idx": 11, "options": ["good fitting", "overfitting", "underfitting", "all of the above"], "probs": [[0.146787614709269, 0.11980524002162547, 0.38673636601526795, 0.3466707791538376], [0.18364558496423078, 0.3223090659475568, 0.48384521764667676, 0.010200131341535636], [0.8435859113663762, 0.1355765221863361, 0.00741340356454154, 0.013424162782746246], [0.16874939830215333, 0.07971207348622747, 0.2235571080057696, 0.5279814201058496]], "ideal": "C", "sampled": "C", "correct": true}}
{"type": "result", "data": {"idx": 12, "options": ["True, True", "False, False", "True, False", "False, True"], "probs": [[0.24507255484585153, 0.29103830020142457, 0.3737204912866877, 0.09016865356603615], [0.1722064937807744, 0.48297340392667387, 0.18048174946413273, 0.16433835272841896], [0.21126274447619162, 0.37078940312150527, 0.37080326120120766, 0.04714459110109548], [0.2794297529829649, 0.6703187688548248, 0.027668131556800465, 0.022583346505409826]], "ideal": "A", "sampled": "A", "correct": true}}
{"type": "result", "data": {"idx": 13, "options": ["True, True", "False, False", "True, False", "False, True"], "probs": [[0.14491128077747462, 0.41282587104599455, 0.37590633519286426, 0.06635651288366656], [0.16172891853622579, 0.6396602391556995, 0.12794607876451863, 0.07066476344355609], [0.22916306855631205, 0.6229432115893269, 0.09259545036412353, 0.05529826939023754], [0.31499805339260406, 0.487884182704979, 0.14880385660820616, 0.04831390719421074]], "ideal": "B", "sampled": "C", "correct": false}}
{"type": "result", "data": {"idx": 14, "options": ["pure", "not pure", "useful", "useless"], "probs": [[0.08496143413566636, 0.8992665928397056, 0.009990010055068837, 0.005781962869559288], [0.8006983175398238, 0.105030541531974, 0.03056541786062434, 0.06370572296757791], [0.17609714297860354, 0.3906952513120644, 0.03634056143733597, 0.39686704417199603], [0.015524596205657906, 0.04026795983311126, 0.9165308611151595, 0.027676582746071345]], "ideal": "B", "sampled": "B", "correct": true}}
{"type": "result", "data": {"idx": 15, "options": ["True, True", "False, False", "True, False", "False, True"], "probs": [[0.2549343945963319, 0.3767733787344612, 0.3172952163506723, 0.05099701021853461], [0.22798644644772847, 0.5913547056562412, 0.11111824544457621, 0.06954060235145412], [0.24987707471113638, 0.49695001916944975, 0.2039615615112915, 0.049211344508122375], [0.2302930219821093, 0.588076096615418, 0.1396870860841309, 0.04194379521834175]], "ideal": "B", "sampled": "C", "correct": false}}
{"type": "result", "data": {"idx": 16, "options": ["This feature has a strong effect on the model (should be retained)", "This feature does not have a strong effect on the model (should be ignored)", "It is not possible to comment on the importance of this feature without additional information", "Nothing can be determined."], "probs": [[0.46795594845207583, 0.16176487098420164, 0.3318607731334329, 0.03841840733028965], [0.4651705098908266, 0.12327485678388822, 0.019809442542290282, 0.3917451906829949], [0.11992939172765539, 0.13382222155848708, 0.5633568931062991, 0.18289149350755846], [0.04382741790700213, 0.8666860395795218, 0.07003738678263566, 0.01944915563084038]], "ideal": "C", "sampled": "A", "correct": false}}
{"type": "result", "data": {"idx": 17, "options": ["The number of hidden nodes", "The learning rate", "The initial choice of weights", "The use of a constant-term unit input"], "probs": [[0.6358493186881484, 0.0639511159623618, 0.18796171615856508, 0.11223784909092469], [0.013949863126470768, 0.32757967362053875, 0.017091887197596085, 0.6413785759553944], [0.1280763345857163, 0.05956316960615221, 0.6504505518341255, 0.16190994387400598], [0.0059766957958682304, 0.9009912848576225, 0.02021917434270873, 0.07281284490380052]], "ideal": "A", "sampled": "A", "correct": true}}
{"type": "result", "data": {"idx": 18, "options": ["The polynomial degree", "Whether we learn the weights by matrix inversion or gradient descent", "The assumed variance of the Gaussian noise", "The use of a constant-term unit input"], "probs": [[0.9291639740350415, 0.03384625627678141, 0.00803886100243716, 0.028950908585739923], [0.005686662553058146, 0.003189970902982571, 0.004360101704468498, 0.9867632647394908], [0.021863511033623977, 0.017296146760791827, 0.9443361846189615, 0.016504157486622643], [0.006777157805161926, 0.9902285638546008, 0.0018527600362378501, 0.0011415182039994165]], "ideal": "A", "sampled": "A", "correct": true}}
{"type": "result", "data": {"idx": 19, "options": ["True, True", "False, False", "True, False", "False, True"], "probs": [[0.16172562823126518, 0.3879742630947386, 0.3702276370879599, 0.08007247148603626], [0.171290515973394, 0.6265666997717624, 0.12730086891800876, 0.07484191523683485], [0.1940359091055191, 0.49550651180095023, 0.25309131395454687, 0.05736626503898379], [0.21177647847966183, 0.62245577103786, 0.12067265717467443, 0.04509509320780375]], "ideal": "A", "sampled": "C", "correct": false}}
{"type": "result", "data": {"idx": 20, "options": ["Requires the dimension of the feature space to be no bigger than the number of samples", "Has the smallest value of the objective function when K = 1", "Minimizes the within class variance for a given number of clusters", "Converges to the global optimum if and only if the initial means are chosen as some of the samples themselves"], "probs": [[0.047893401565923324, 0.04499364697900757, 0.6821591370577544, 0.22495381429731462], [0.0689931313964668, 0.38482877864659965, 0.5098187562069233, 0.036359333650010255], [0.5065200924366832, 0.46846106643760516, 0.015295702031215315, 0.009723138994496302], [0.23455769520314484, 0.12555379048384732, 0.05930671272002794, 0.5805818014929799]], "ideal": "C", "sampled": "C", "correct": true}}
{"type": "result", "data": {"idx": 21, "options": ["True, True", "False, False", "True, False", "False, True"], "probs": [[0.20568878103756155, 0.3610088080883486, 0.37249146361870655, 0.06081094715538323], [0.18380016755113057, 0.6315910533217833, 0.11148834474067063, 0.07312043428641549], [0.2604953137690768, 0.5021355319982048, 0.18764459223957466, 0.04972456189314378], [0.24175949212160458, 0.6173627925988369, 0.10078576876119902, 0.04009194641835949]], "ideal": "A", "sampled": "C", "correct": false}}
{"type": "result", "data": {"idx": 22, "options": ["0", "1", "2", "3"], "probs": [[0.05625437441611643, 0.33927795234405145, 0.5173328055818588, 0.0871348675579733], [0.059355719357594386, 0.690036143667394, 0.21044223792394012, 0.04016589895107148], [0.07026029599051194, 0.5792024299517406, 0.19705818613449683, 0.1534790878232506], [0.1335936690343329, 0.057463637108197366, 0.6373841427047399, 0.17155855105272985]], "ideal": "B", "sampled": "C", "correct": false}}
{"type": "result", "data": {"idx": 23, "options": ["True, True", "False, False", "True, False", "False, True"], "probs": [[0.187974165630002, 0.39795177281501487, 0.35673754606395447, 0.057336515391028645], [0.16587066648731918, 0.5611458420192333, 0.13328899441816677, 0.13969449697528072], [0.2548158073611623, 0.39467929319520473, 0.3026198035690135, 0.04788509577461942], [0.34109951295228813, 0.6080793426282184, 0.03651894069047372, 0.014302203629019775]], "ideal": "C", "sampled": "A", "correct": false}}
{"type": "result", "data": {"idx": 24, "options": ["Decision Trees", "Density-based clustering", "Model-based clustering", "K-means clustering"], "probs": [[0.00023740857903108348, 0.9980220380932299, 0.0011150505862804663, 0.0006255026414586328], [0.9780418032725373, 0.01270268996326746, 0.0030646751340730996, 0.006190831530122074], [0.000564227412068704, 0.006066019262119028, 0.004578810711963971, 0.9887909425138482], [0.001701429389694572, 0.004923322761085175, 0.9832733388135654, 0.01010190893565483]], "ideal": "B", "sampled": "B", "correct": true}}
{"type": "result", "data": {"idx": 25, "options": ["True, True", "False, False", "True, False", "False, True"], "probs": [[0.22596621872928394, 0.3137324709210272, 0.37845140813206135, 0.08184990211762751], [0.22017447648230842, 0.5199921130614041, 0.09619259833327624, 0.16364081202301123], [0.21465479155204098, 0.2888642890293263, 0.4404775267470111, 0.05600339257162154], [0.31956242440402505, 0.6256754187946241, 0.03368258735519854, 0.021079569346152342]], "ideal": "A", "sampled": "A", "correct": true}}
{"type": "result", "data": {"idx": 26, "options": ["they are biased", "they have high variance", "they are not consistent estimators", "None of the above"], "probs": [[0.33572416077382855, 0.5711015132197683, 0.013430683566343103, 0.07974364234006005], [0.6767563995686481, 0.1054246453014856, 0.01775534869659999, 0.2000636063332663], [0.2615281103631419, 0.08359302021307569, 0.2917633419586274, 0.36311552736515496], [0.038840664673110106, 0.27817468588961874, 0.32017074580995936, 0.3628139035273118]], "ideal": "B", "sampled": "B", "correct": true}}
{"type": "result", "data": {"idx": 27, "options": ["linear in D", "linear in N", "polynomial in D", "dependent on the number of iterations"], "probs": [[0.41760147235988077, 0.12737240085777074, 0.2781907063174814, 0.17683542036486713], [0.3090501027016183, 0.39685800200675786, 0.041825770251137546, 0.2522661249404863], [0.3449692468768167, 0.1507216877546919, 0.28156266496028215, 0.22274640030820925], [0.059476115537717526, 0.6295275370943527, 0.027230151488117877, 0.2837661957798118]], "ideal": "C", "sampled": "A", "correct": false}}
{"type": "result", "data": {"idx": 28, "options": ["Increase bias", "Decrease bias", "Increase variance", "Decrease variance"], "probs": [[0.06831142643534935, 0.34153563725300795, 0.07740734800474548, 0.5127455882068972], [0.07664098073195863, 0.12247547871066687, 0.6725209555108651, 0.12836258494650934], [0.04734857926539138, 0.8933994394737269, 0.01335544176173498, 0.04589653939914668], [0.9402719621318425, 0.030701377985613003, 0.009812858767229307, 0.01921380101531513]], "ideal": "D", "sampled": "D", "correct": true}}
{"type": "result", "data": {"idx": 29, "options": ["Best-subset selection", "Forward stepwise selection", "Forward stage wise selection", "All of the above"], "probs": [[0.07475555656065529, 0.02175575299166432, 0.006845651630740167, 0.8966430387169402], [0.09241523041902319, 0.07426144484364779, 0.6217714176884546, 0.21155190694887446], [0.08946797941016725, 0.6928268050907506, 0.10460044252418553, 0.11310477287489666], [0.8600661758450924, 0.09065174943688098, 0.012078171507051195, 0.03720390311097539]], "ideal": "C", "sampled": "D", "correct": false}}
{"type": "result", "data": {"idx": 30, "options": ["Optimize a convex objective function", "Can only be trained with stochastic gradient descent", "Can use a mix of different activation functions", "None of the above"], "probs": [[0.6924717776586478, 0.06050821924041086, 0.015061428235888965, 0.23195857476505247], [0.17153626806463262, 0.0737807085572961, 0.23446655445784031, 0.520216468820231], [0.7307880332403017, 0.14167050317397195, 0.05051428733899566, 0.07702717614673063], [0.030727079218385828, 0.444536267016767, 0.03648961566144211, 0.488247038003405]], "ideal": "C", "sampled": "A", "correct": false}}
{"type": "result", "data": {"idx": 31, "options": ["0.0368", "0.473", "0.078", "None of the above"], "probs": [[0.557433133071153, 0.307857131717008, 0.08285694035269683, 0.05185279475914212], [0.31345498792266746, 0.5332293549632465, 0.030555844531548998, 0.12275981248253702], [0.350750630325031, 0.15565517775134136, 0.4165401818416242, 0.07705400998200342], [0.04739525753062529, 0.8667907505416172, 0.03691205546987733, 0.04890193635788014]], "ideal": "C", "sampled": "A", "correct": false}}
{"type": "result", "data": {"idx": 32, "options": ["True, True", "False, False", "True, False", "False, True"], "probs": [[0.16030996382249968, 0.3042258182577601, 0.44267027894221644, 0.09279393887752378], [0.15784339605183498, 0.586471378744606, 0.12683926521463387, 0.12884595988892508], [0.24280582323065178, 0.40033399460687313, 0.2883620731758047, 0.06849810888667036], [0.2552065684126366, 0.6122137030756394, 0.0895902114058213, 0.04298951700590271]], "ideal": "B", "sampled": "C", "correct": false}}
{"type": "result", "data": {"idx": 33, "options": ["It can not be applied to non-differentiable functions.", "It can not be applied to non-continuous functions.", "It is hard to implement.", "It runs reasonably slow for multiple linear regression."], "probs": [[0.08254302538234165, 0.07399659823621234, 0.3757739774737683, 0.4676863988076777], [0.1325307838172303, 0.6626295109831636, 0.18690290286192054, 0.017936802237685533], [0.14476023376654668, 0.8330423956583213, 0.009547978534304348, 0.012649391940827698], [0.7879969007182753, 0.07216147647604088, 0.009174078155191558, 0.13066754455049226]], "ideal": "D", "sampled": "D", "correct": true}}
{"type": "result", "data": {"idx": 34, "options": ["Supervised learning", "Unsupervised learning", "Clustering", "None of the above"], "probs": [[0.8844267483520233, 0.0992302949529743, 0.015457174206654444, 0.0008857823883480329], [0.02353694595418525, 0.0071784294121466806, 0.014275830962229456, 0.9550087935714386], [0.00483027299381396, 0.011587314423093183, 0.8647135483299189, 0.11886886415317403], [0.024208090092245733, 0.9227049524787652, 0.039293577960129424, 0.013793379368859677]], "ideal": "A", "sampled": "A", "correct": true}}
{"type": "result", "data": {"idx": 35, "options": ["It relates inputs to outputs.", "It is used for prediction.", "It may be used for interpretation.", "It discovers causal relationships"], "probs": [[0.03624705553510811, 0.013129380371336171, 0.04441213926102358, 0.9062114247325321], [0.028998474438625698, 0.01815257526184234, 0.7137669654308644, 0.2390819847686676], [0.3405677149468626, 0.23050990642843389, 0.10387919890651827, 0.32504317961818524], [0.23323494441225393, 0.11368733000269096, 0.11913093320809591, 0.5339467922769592]], "ideal": "D", "sampled": "D", "correct": true}}
{"type": "result", "data": {"idx": 36, "options": ["To save computing time during testing", "To save space for storing the Decision Tree", "To make the training set error smaller", "To avoid overfitting the training set"], "probs": [[0.21669139628520764, 0.02887159475420094, 0.009822972674112196, 0.7446140361864793], [0.004371032801811507, 0.015019967036280297, 0.9587550043970786, 0.02185399566482959], [0.0007619169160325359, 0.992229473813718, 0.003258295825666416, 0.003750313344583079], [0.9854843878747525, 0.011120173186000618, 0.0013702723692586819, 0.00202516646998819]], "ideal": "D", "sampled": "D", "correct": true}}
{"type": "result", "data": {"idx": 37, "options": ["True, True", "False, False", "True, False", "False, True"], "probs": [[0.14691442140276526, 0.36935373861855925, 0.3932058483475196, 0.09052599153115592], [0.20041912941432855, 0.5038620270572551, 0.17414084204885039, 0.12157800137956597], [0.24844587309494687, 0.4941067787158128, 0.19655280179339585, 0.06089454629584441], [0.2591767223941247, 0.6026060378565251, 0.09387230557437756, 0.044344934074972635]], "ideal": "B", "sampled": "C", "correct": false}}
{"type": "result", "data": {"idx": 38, "options": ["Increase the amount of training data.", "Improve the optimisation algorithm being used for error minimisation.", "Decrease the model complexity.", "Reduce the noise in the training data."], "probs": [[0.034705177366212814, 0.012569464894061357, 0.014694984247402225, 0.9380303733923236], [0.015522792095328971, 0.01759017349954807, 0.6917314751123081, 0.2751555591928148], [0.016706943421436152, 0.6368038137697228, 0.09318381046219622, 0.2533054322466448], [0.20925769712943917, 0.74188926974349, 0.014692184638711614, 0.03416084838835919]], "ideal": "B", "sampled": "D", "correct": false}}
{"type": "result", "data": {"idx": 39, "options": ["True, True", "False, False", "True, False", "False, True"], "probs": [[0.21834424649926987, 0.25930132300191955, 0.44805465121312743, 0.0742997791856832], [0.1976956844475508, 0.5127926391924331, 0.09787221106098562, 0.1916394651990304], [0.24633279370415978, 0.336709925036478, 0.3584390055273292, 0.05851827563203304], [0.30385690018902795, 0.6234767250547181, 0.03462977976363963, 0.03803659489261435]], "ideal": "A", "sampled": "A", "correct": true}}
{"type": "result", "data": {"idx": 40, "options": ["For two dimensional data points, the separating hyperplane learnt by a linear SVM will be a straight line.", "In theory, a Gaussian kernel SVM cannot model any complex separating hyperplane.", "For every kernel function used in a SVM, one can obtain an equivalent closed form basis expansion.", "Overfitting in an SVM is not a function of number of support vectors."], "probs": [[0.8830606356927225, 0.07596188051976954, 0.0262511354402486, 0.014726348247259359], [0.6454623184620158, 0.12709562171424463, 0.027485513391369412, 0.19995654633237014], [0.6009139902118571, 0.12595432760882116, 0.2353121296209199, 0.03781955245840187], [0.3856658335427376, 0.5438537767696072, 0.04464186378316028, 0.02583852580449492]], "ideal": "A", "sampled": "A", "correct": true}}
{"type": "result", "data": {"idx": 41, "options": ["P(H, U, P, W) = P(H) * P(W) * P(P) * P(U)", "P(H, U, P, W) = P(H) * P(W) * P(P | W) * P(W | H, P)", "P(H, U, P, W) = P(H) * P(W) * P(P | W) * P(U | H, P)", "None of the above"], "probs": [[0.1778362953687936, 0.7846514486375944, 0.03188418800071193, 0.005628067892900055], [0.7760015284461754, 0.1901665072696508, 0.010398343544997768, 0.023433620639176086], [0.9345574443150764, 0.04726131363956744, 0.01022092101669531, 0.007960320928660865], [0.014957073238649966, 0.1793910164546939, 0.7320293970402657, 0.0736225131663904]], "ideal": "C", "sampled": "B", "correct": false}}
{"type": "result", "data": {"idx": 42, "options": ["True, True", "False, False", "True, False", "False, True"], "probs": [[0.12132736858514573, 0.416925960485281, 0.379640245703042, 0.08210642512653124], [0.1463420292806444, 0.6356938054429264, 0.13325559198045095, 0.08470857319597827], [0.2195339186304774, 0.510449048002808, 0.20305326427684278, 0.06696376898987187], [0.3758463943190475, 0.4605038864562726, 0.12013571976717356, 0.043513999357506356]], "ideal": "B", "sampled": "C", "correct": false}}
{"type": "result", "data": {"idx": 43, "options": ["True, True", "False, False", "True, False", "False, True"], "probs": [[0.11359616706416016, 0.38430244872012564, 0.42874772630062963, 0.07335365781508457], [0.15851122802714931, 0.6468320746980148, 0.1253992253580864, 0.06925747181674942], [0.19828510886153586, 0.6013059346682862, 0.08011880903103806, 0.12029014733913994], [0.20763985191772652, 0.5385840374114744, 0.21092148984583542, 0.042854620724963634]], "ideal": "B", "sampled": "C", "correct": false}}
{"type": "result", "data": {"idx": 44, "options": ["Stochastic Gradient Descent", "Mini-Batch Gradient Descent", "Batch Gradient Descent", "All of the above"], "probs": [[0.1687936936066077, 0.09769187029624204, 0.022843727745045183, 0.7106707082521051], [0.21654871948732923, 0.0796694880742784, 0.36836795897471913, 0.3354138333636732], [0.24945532526428377, 0.16360486039685887, 0.3986349522262023, 0.188304862012655], [0.19377584320360164, 0.4648527696669291, 0.08465463478043586, 0.25671675224903334]], "ideal": "D", "sampled": "D", "correct": true}}
{"type": "result", "data": {"idx": 45, "options": ["Decreases model bias", "Decreases estimation bias", "Decreases variance", "Doesn\u2019t affect bias and variance"], "probs": [[0.2621551155781851, 0.12778246401462653, 0.44598114486049223, 0.16408127544669612], [0.18444165448161073, 0.6239825440022536, 0.10843204625034782, 0.08314375516578784], [0.4513638908540225, 0.31024301948881755, 0.1376669761475137, 0.10072611340964627], [0.08566615804549715, 0.5414591603533289, 0.04444476986477814, 0.32842991163639584]], "ideal": "A", "sampled": "C", "correct": false}}
{"type": "result", "data": {"idx": 46, "options": ["3", "4", "7", "15"], "probs": [[0.11068537332542633, 0.26972637180655384, 0.2271248897785414, 0.3924633649894784], [0.10566289685329712, 0.22023946031331373, 0.18545286108990494, 0.4886447816434842], [0.14922161398825928, 0.25386384126985595, 0.24991424379233798, 0.3470003008495468], [0.09791945649594301, 0.2969606143654913, 0.27896209646669623, 0.3261578325718694]], "ideal": "D", "sampled": "A", "correct": false}}
{"type": "result", "data": {"idx": 47, "options": ["anomaly detection", "one-class detection", "train-test mismatch robustness", "background detection"], "probs": [[0.9873738649970176, 0.0077779919890903675, 0.0016560388636111417, 0.0031921040502808497], [0.06084790836569138, 0.024584703190745454, 0.020381605288549095, 0.8941857830550141], [0.03298271815700893, 0.03147242197143967, 0.8776573326668163, 0.05788752710473503], [0.0019158959869565806, 0.9924486414948399, 0.004119847739167109, 0.0015156146790364063]], "ideal": "A", "sampled": "A", "correct": true}}
{"type": "result", "data": {"idx": 48, "options": ["True, True", "False, False", "True, False", "False, True"], "probs": [[0.47632104153638277, 0.2630531787609261, 0.2215215861575811, 0.039104193445109965], [0.14445132860059468, 0.6177515110760898, 0.07151309825451357, 0.1662840619688019], [0.26011347913439514, 0.1994473349072677, 0.5173487095614359, 0.02309047629690127], [0.3637159036314353, 0.60911300571741, 0.01701179224229529, 0.010159298308859366]], "ideal": "D", "sampled": "A", "correct": false}}
{"type": "result", "data": {"idx": 49, "options": ["True, True", "False, False", "True, False", "False, True"], "probs": [[0.1829825585962978, 0.2970216428873311, 0.4321872816943396, 0.08780851672203147], [0.17541311601317117, 0.6316945583461735, 0.1150452540659371, 0.07784707147471828], [0.2026931113188519, 0.5257650397810011, 0.22263298014201582, 0.048908868658131203], [0.27609273685699687, 0.6221892809909171, 0.06661312256603966, 0.03510485948604644]], "ideal": "D", "sampled": "C", "correct": false}}
{"type": "result", "data": {"idx": 50, "options": ["O(1)", "O( N )", "O(log N )", "O( N^2 )"], "probs": [[0.03345054623166494, 0.7265037595814344, 0.05345672894470771, 0.18658896514219298], [0.4379290942017984, 0.2783818545271557, 0.013859479699629666, 0.26982957147141623], [0.48060481303282215, 0.24168666474528222, 0.05065831390534952, 0.22705020821654612], [0.14104298070993943, 0.07093102642775372, 0.48470325356426974, 0.30332273919803715]], "ideal": "B", "sampled": "B", "correct": true}}
{"type": "result", "data": {"idx": 51, "options": ["True, True", "False, False", "True, False", "False, True"], "probs": [[0.14074213696545998, 0.2588753084663311, 0.47616460559848267, 0.12421794886972626], [0.12425592544887111, 0.6310353498402803, 0.12043985750425326, 0.1242688671065953], [0.1505496147664732, 0.5173410580035379, 0.2642425199988544, 0.06786680713113451], [0.14477505631302687, 0.6590632501004241, 0.1277691664671161, 0.06839252701943285]], "ideal": "A", "sampled": "C", "correct": false}}
{"type": "result", "data": {"idx": 52, "options": ["True, True", "False, False", "True, False", "False, True"], "probs": [[0.09703652921229783, 0.524599512040291, 0.25567884203018654, 0.1226851166172246], [0.07893086243451997, 0.703525551679653, 0.11131756339694743, 0.10622602238887958], [0.11349185454516256, 0.7635815169955508, 0.04731386546959213, 0.07561276288969453], [0.10878602398644473, 0.5190078963645179, 0.26509328471333937, 0.10711279483569794]], "ideal": "D", "sampled": "C", "correct": false}}
{"type": "result", "data": {"idx": 53, "options": ["Is unbounded, encompassing all real numbers.", "Is unbounded, encompassing all integers.", "Is bounded between 0 and 1.", "Is bounded between -1 and 1."], "probs": [[0.01061944194790108, 0.01893154339974058, 0.9411275359574376, 0.029321478594920777], [0.0012686798250901412, 0.9865635685344418, 0.011132274554131153, 0.0010354769863368744], [0.610392613837747, 0.37022252884591517, 0.017588085957664104, 0.0017967712586737165], [0.26300073051236855, 0.0442975231443589, 0.010521289784101367, 0.6821804564591711]], "ideal": "C", "sampled": "C", "correct": true}}
{"type": "result", "data": {"idx": 54, "options": ["Linear hard-margin SVM.", "Linear Logistic Regression.", "Linear Soft margin SVM.", "The centroid method."], "probs": [[0.5307480214917696, 0.1520677242738169, 0.08529908399844457, 0.23188517013596893], [0.11968553778438203, 0.14437567556699832, 0.5534317226709854, 0.18250706387763427], [0.15374063526570578, 0.5201174214005932, 0.28277505494713734, 0.04336688828656361], [0.3397926446239382, 0.49440770532989536, 0.09888582217003619, 0.06691382777613018]], "ideal": "A", "sampled": "D", "correct": false}}
{"type": "result", "data": {"idx": 55, "options": ["Partitioning based clustering", "K-means clustering", "Grid based clustering", "All of the above"], "probs": [[0.0625506997965899, 0.07545105198498188, 0.09995604082040704, 0.7620422072980212], [0.07163041762635537, 0.10260702573034204, 0.8070760293328954, 0.018686527210407217], [0.2653439998065726, 0.5617360597675196, 0.04757373885871986, 0.12534620146718797], [0.5897048027267717, 0.22735279457452098, 0.06313312704031458, 0.11980927555839267]], "ideal": "D", "sampled": "D", "correct": true}}
{"type": "result", "data": {"idx": 56, "options": ["True, True", "False, False", "True, False", "False, True"], "probs": [[0.20815962179966768, 0.29818481518164314, 0.40127163514014036, 0.09238392777854883], [0.1536053476182005, 0.5888408045195098, 0.08617019228409532, 0.1713836554781944], [0.21677821262906258, 0.31542360704585587, 0.41788463713147467, 0.04991354309360692], [0.2870150634515146, 0.6569855506203726, 0.03706603662594205, 0.01893334920217079]], "ideal": "D", "sampled": "A", "correct": false}}
{"type": "result", "data": {"idx": 57, "options": ["True, True", "False, False", "True, False", "False, True"], "probs": [[0.24179932243637653, 0.23805446671833214, 0.43786855831148425, 0.08227765243380707], [0.13615148173852662, 0.639476377884467, 0.0838840628743945, 0.1404880774026119], [0.25536794514280714, 0.3490544402235336, 0.3490659737227691, 0.04651164081089017], [0.2057160104819313, 0.7180194063150023, 0.046625713624559736, 0.029638869478506705]], "ideal": "D", "sampled": "A", "correct": false}}
{"type": "result", "data": {"idx": 58, "options": ["P(E, F), P(H), P(E|H), P(F|H)", "P(E, F), P(H), P(E, F|H)", "P(H), P(E|H), P(F|H)", "P(E, F), P(E|H), P(F|H)"], "probs": [[0.5603242086900494, 0.3674699773263023, 0.03582051130236142, 0.03638530258128684], [0.11708936926363277, 0.5586085360580013, 0.22570017146073934, 0.09860192311762654], [0.20976184150146532, 0.5273459513900886, 0.21306826013380278, 0.049823946874643324], [0.44614161374646366, 0.5215924783426293, 0.022561959079559022, 0.009703948731348009]], "ideal": "B", "sampled": "A", "correct": false}}
{"type": "result", "data": {"idx": 59, "options": ["The use of sampling with replacement as the sampling technique", "The use of weak classifiers", "The use of classification algorithms which are not prone to overfitting", "The practice of validation performed on every classifier trained"], "probs": [[0.0201573313130545, 0.8843386268145307, 0.05147439271055345, 0.04402964906186133], [0.512551501716127, 0.44532517921420683, 0.016999260096020104, 0.025124058873646157], [0.051521177256806036, 0.17983358911921418, 0.04618407727836938, 0.7224611562456104], [0.017128345624758113, 0.034601731344863, 0.8383087689441757, 0.1099611539862032]], "ideal": "B", "sampled": "B", "correct": true}}
{"type": "result", "data": {"idx": 60, "options": ["True, True", "False, False", "True, False", "False, True"], "probs": [[0.12217764265275279, 0.40692673645296695, 0.3944281784210128, 0.07646744237326744], [0.14522037449592917, 0.6308198805573038, 0.13857891180392046, 0.08538083304284665], [0.2402271127409815, 0.4929312356903425, 0.19004828801232837, 0.07679336345634763], [0.2805078928852423, 0.5938425040113517, 0.08827016326064596, 0.03737943974275995]], "ideal": "B", "sampled": "C", "correct": false}}
{"type": "result", "data": {"idx": 61, "options": ["True, True", "False, False", "True, False", "False, True"], "probs": [[0.13941369741634596, 0.33444919680515456, 0.39718493223413237, 0.1289521734443671], [0.16435781242066502, 0.5647847693950262, 0.16958667462550492, 0.10127074345880382], [0.17199822233398035, 0.5910457019783668, 0.15179812001867324, 0.08515795556897957], [0.20180958808146815, 0.5400845488378421, 0.19258033024203697, 0.0655255327386528]], "ideal": "A", "sampled": "C", "correct": false}}
{"type": "result", "data": {"idx": 62, "options": ["0", "1", "2", "3"], "probs": [[0.050722767742423985, 0.16634490216786446, 0.4521437647113582, 0.3307885652783533], [0.0432141293488798, 0.30004636791535505, 0.42309479812450784, 0.23364470451125727], [0.050818884013403745, 0.37559355141028405, 0.3528117317982006, 0.2207758326781116], [0.07396416585791062, 0.25423536459750806, 0.20425262163779925, 0.46754784780678205]], "ideal": "C", "sampled": "C", "correct": true}}
{"type": "result", "data": {"idx": 63, "options": ["The examples farthest from the decision boundary.", "The only examples necessary to compute f(x) in an SVM.", "The data centroid.", "All the examples that have a non-zero weight \u03b1k in a SVM."], "probs": [[0.002629775778957616, 0.99665420717936, 0.0004789233168397898, 0.0002370936248425058], [0.3104785961134276, 0.011668616839438109, 0.6471099816708427, 0.030742805276291616], [0.0001526415491208958, 0.9938549166935049, 0.0024635264154293816, 0.003528915241944848], [0.062070887276407194, 0.5797887768236073, 0.35719778148069786, 0.0009425543192876156]], "ideal": "B", "sampled": "D", "correct": false}}
{"type": "result", "data": {"idx": 64, "options": ["True, True", "False, False", "True, False", "False, True"], "probs": [[0.24032890794258088, 0.33367514606953774, 0.338943779434642, 0.08705216645323936], [0.21276490007712406, 0.5349012891734369, 0.12123733644957942, 0.1310964741998596], [0.2358180608310437, 0.4138915024489487, 0.25499786594206403, 0.0952925706779436], [0.22363787553997808, 0.5984932094438429, 0.11071399433229888, 0.0671549205838801]], "ideal": "A", "sampled": "A", "correct": true}}
{"type": "result", "data": {"idx": 65, "options": ["Regularization is too low and model is overfitting", "Regularization is too high and model is underfitting", "Step size is too large", "Step size is too small"], "probs": [[0.7803555232026003, 0.1536666653437232, 0.02712374753567649, 0.03885406381800001], [0.45500182422913177, 0.1754329476265571, 0.08031706391489413, 0.289248164129417], [0.2742672264301691, 0.1562901586137884, 0.4315188228652496, 0.13792379199079288], [0.1850255280548083, 0.6983002423541812, 0.061977799975634726, 0.05469642951537577]], "ideal": "C", "sampled": "A", "correct": false}}
{"type": "result", "data": {"idx": 66, "options": ["0.0495", "0.078", "0.635", "0.97"], "probs": [[0.6751593614781262, 0.26030222597042446, 0.042492771316444286, 0.022045641135005088], [0.2982858107983703, 0.5317688029117843, 0.07310006004287323, 0.09684532614697217], [0.36904035345319436, 0.1379076627694298, 0.4247821677148764, 0.0682698159624994], [0.06923868606676994, 0.8839916954803397, 0.027541752199518967, 0.019227866153371343]], "ideal": "C", "sampled": "A", "correct": false}}
{"type": "result", "data": {"idx": 67, "options": ["True, True", "False, False", "True, False", "False, True"], "probs": [[0.1238111099193031, 0.45289396897723816, 0.3527400168964683, 0.07055490410699043], [0.13793051138682824, 0.6789249726531107, 0.10576230207695202, 0.07738221378310904], [0.22892399767270272, 0.524028162455751, 0.17830125321522813, 0.06874658655631814], [0.15288595511980455, 0.6959854208134292, 0.11186025040535544, 0.039268373561410816]], "ideal": "A", "sampled": "C", "correct": false}}
{"type": "result", "data": {"idx": 68, "options": ["True, True", "False, False", "True, False", "False, True"], "probs": [[0.17046227287455243, 0.442159007050927, 0.318495408331996, 0.06888331164252455], [0.22750985959147016, 0.5994188278227478, 0.10580943681447746, 0.0672618756713046], [0.3774721608027635, 0.4697838407665696, 0.10002744904640115, 0.05271654928426576], [0.37279164156843075, 0.4639545527276674, 0.11731064672311452, 0.04594315888078731]], "ideal": "A", "sampled": "C", "correct": false}}
{"type": "result", "data": {"idx": 69, "options": ["Expectation Maximization", "CART", "Gaussian Na\u00efve Bayes", "Apriori"], "probs": [[0.7239254021898969, 0.02186288469617451, 0.04020880854945564, 0.21400290446447298], [0.010264082295247803, 0.002254764174893627, 0.03418397669059458, 0.953297176739264], [0.04372846862020576, 0.03005636030706988, 0.8921589570178143, 0.03405621395491005], [0.02924700646340586, 0.9241996434550623, 0.015901473303134885, 0.03065187667839687]], "ideal": "A", "sampled": "A", "correct": true}}
{"type": "result", "data": {"idx": 70, "options": ["Your decision trees are too shallow.", "You need to increase the learning rate.", "You are overfitting.", "None of the above."], "probs": [[0.0004441963943366302, 0.002942103791891882, 0.9840317397174162, 0.012581959996355292], [0.0004350854295190156, 0.9944192451845127, 0.003165018644414226, 0.0019806506415540335], [0.9810451040770589, 0.015857145720321774, 0.0018938787552628886, 0.0012038713473564294], [0.004166112156743684, 0.018671646379958863, 0.0043660792370756795, 0.9727961621262218]], "ideal": "A", "sampled": "C", "correct": false}}
{"type": "result", "data": {"idx": 71, "options": ["linear in K", "quadratic in K", "cubic in K", "exponential in K"], "probs": [[0.7381034011519595, 0.18373233370390585, 0.022996601078443864, 0.055167663965690825], [0.15520189367186912, 0.1002080142552791, 0.038034374861667004, 0.7065557171111847], [0.16205760069318492, 0.15955413099514906, 0.5397629382560629, 0.13862532995560306], [0.2151734578805593, 0.7166529457296438, 0.0237680529876437, 0.044405543302153266]], "ideal": "A", "sampled": "A", "correct": true}}
{"type": "result", "data": {"idx": 72, "options": ["True, True", "False, False", "True, False", "False, True"], "probs": [[0.18650544344234546, 0.36517594608696563, 0.34847156632314247, 0.09984704404754648], [0.1670061659864385, 0.6302868802725132, 0.10451641566244238, 0.09819053797860586], [0.24228757617434912, 0.521018683858268, 0.15163049100313225, 0.08506324886425064], [0.20918951303090344, 0.605320554752598, 0.1309138944341788, 0.05457603768231974]], "ideal": "B", "sampled": "C", "correct": false}}
