{"type": "result", "data": {"idx": 0, "options": ["7 N", "5 N", "10 N", "12 N"], "probs": [[0.5256273060534031, 0.4095512426873468, 0.05897700236904168, 0.00584444879020835], [0.30305659361245885, 0.10484674890258563, 0.49958274140621417, 0.09251391597874134], [0.03261201834466527, 0.4794293650494706, 0.47917258823932557, 0.008786028266538553], [0.05577272957444862, 0.5293388643008389, 0.4121078599912732, 0.002780546033439306]], "ideal": "A", "sampled": "A", "correct": true}}
{"type": "result", "data": {"idx": 1, "options": ["weight of fluid.", "volume of fluid.", "density of fluid.", "All of these."], "probs": [[0.1762115822575942, 0.7898168040563931, 0.018571270800864913, 0.01540034278514779], [0.9245594285497792, 0.0246463118284307, 0.014942559706505676, 0.03585169981528439], [0.08625140104512687, 0.07613360937768043, 0.4963842666873478, 0.3412307227898449], [0.04675930829625937, 0.5028175409084922, 0.44368365717564145, 0.006739493519607019]], "ideal": "B", "sampled": "B", "correct": true}}
{"type": "result", "data": {"idx": 2, "options": ["totally internally reflects", "passes into the air above", "is absorbed", "None of these"], "probs": [[0.23452175675692066, 0.7224786271335073, 0.028006772954373833, 0.01499284305519823], [0.022472616513060224, 0.008268974805316747, 0.013631851550644877, 0.9556265570309781], [0.008127315832284739, 0.016166264054149188, 0.7787995868429363, 0.19690683317062985], [0.04136652226661135, 0.4448378193360001, 0.5039685490066829, 0.00982710929070568]], "ideal": "B", "sampled": "A", "correct": false}}
{"type": "result", "data": {"idx": 3, "options": ["always.", "sometimes.", "never.", "on planet Earth only."], "probs": [[0.03902222772725833, 0.5390692092900037, 0.4196975922543415, 0.002210970628396486], [0.08261132002200633, 0.6104338543704614, 0.018441832824778546, 0.28851299268275377], [0.210593298056524, 0.04416169225727969, 0.4746630787374763, 0.27058193084872], [0.034810071336046945, 0.31069115698046657, 0.6173232379243172, 0.03717553365916934]], "ideal": "B", "sampled": "B", "correct": true}}
{"type": "result", "data": {"idx": 4, "options": ["changes", "aligns with the electric field", "is at right angles to the electric field", "converts to magnetic energy"], "probs": [[0.9866825313726788, 0.005869654344911327, 0.005868387746136988, 0.001579426436272842], [0.005013028121886314, 0.8431990082970542, 0.022466180676462378, 0.12932178280459708], [0.005162834564360549, 0.007515825410771534, 0.9839865087022007, 0.003334831222667136], [0.009311282199854928, 0.9500211845580694, 0.015352438735379597, 0.025315094406696066]], "ideal": "A", "sampled": "A", "correct": true}}
{"type": "result", "data": {"idx": 5, "options": ["red", "yellow-green", "blue", "violet"], "probs": [[0.05349106420773404, 0.020956881654504572, 0.1867666570173694, 0.738785397020392], [0.012478500357728128, 0.040930038700324904, 0.9315280233138532, 0.015063437528093708], [0.05309079115510322, 0.8307591521140326, 0.07729207579592179, 0.038857980834942345], [0.32401722870359556, 0.02072463379344754, 0.04970331063676492, 0.605554826766192]], "ideal": "D", "sampled": "D", "correct": true}}
{"type": "result", "data": {"idx": 6, "options": ["mass distorts spacetime.", "gravity affects clocks.", "light can\u2019t escape from a black hole.", "All of these."], "probs": [[0.025631835251262336, 0.007343945968754783, 0.005047458039881211, 0.9619767606401016], [0.03311365553854542, 0.010751356920270627, 0.10199756835092624, 0.8541374190902576], [0.04222420676278556, 0.05422103020677321, 0.6605397590697308, 0.24301500386071034], [0.08124533003754555, 0.6803316853445499, 0.04348820317967113, 0.19493478133823341]], "ideal": "D", "sampled": "A", "correct": false}}
{"type": "result", "data": {"idx": 7, "options": ["voltage", "energy", "Both of these", "Neither of these"], "probs": [[0.25030943702208286, 0.12589816724386574, 0.600498675121483, 0.023293720512568405], [0.05521735507280774, 0.06258694035241777, 0.01793068633845934, 0.8642650181363152], [0.06900202045653756, 0.06904454092190077, 0.840888120487649, 0.021065318033912588], [0.04911597127478371, 0.32038718816847067, 0.031715784573167524, 0.5987810558835781]], "ideal": "A", "sampled": "A", "correct": true}}
{"type": "result", "data": {"idx": 8, "options": ["chaotic", "ordered", "positioned by amplitude", "in phase"], "probs": [[0.022240083025516416, 0.9457871046061567, 0.028559067397138264, 0.0034137448711886974], [0.9076386596248651, 0.06576049259824082, 0.017698895003098764, 0.008901952673795335], [0.0405906914963933, 0.019179187432339564, 0.015899155373120862, 0.9243309655981463], [0.014601535821707413, 0.012893884201289943, 0.9618136106621975, 0.010690969214805106]], "ideal": "B", "sampled": "B", "correct": true}}
{"type": "result", "data": {"idx": 9, "options": ["amplitude", "wavelength", "frequency", "energy"], "probs": [[0.0066544847663770725, 0.0037924177276067506, 0.0016828752370378567, 0.9878702221689784], [0.0035644941021877406, 0.003794956153617248, 0.9883393980313929, 0.004301151612802068], [0.00737468361063924, 0.9660695477644539, 0.020046113645006105, 0.006509654879900776], [0.992450665012452, 0.004057875855605934, 0.0016909929002884452, 0.001800466131653549]], "ideal": "D", "sampled": "D", "correct": true}}
{"type": "result", "data": {"idx": 10, "options": ["the same", "opposite", "Either of these", "Need more information"], "probs": [[0.11498921400109842, 0.8499091248513272, 0.02566071773923663, 0.009440943308337729], [0.7624036924974812, 0.075535678357045, 0.029566447757928684, 0.13249418128754506], [0.03925987442357534, 0.02536193165754409, 0.041795824886660046, 0.8935823689322205], [0.025747165944551485, 0.10849245255261566, 0.8528080271645629, 0.012952354238269854]], "ideal": "B", "sampled": "B", "correct": true}}
{"type": "result", "data": {"idx": 11, "options": ["conduction", "convection", "radiation", "radioactivity"], "probs": [[0.004312250846035558, 0.00405411753217865, 0.9910491177417461, 0.0005845137800397031], [0.010875018803654905, 0.9791692936649297, 0.006195687036798861, 0.003760000394616548], [0.990254787130781, 0.001912673290902886, 0.0011594388256222729, 0.00667310065269386], [0.004579217477629296, 0.0033522047934333816, 0.002451342926367939, 0.9896172347025693]], "ideal": "C", "sampled": "C", "correct": true}}
{"type": "result", "data": {"idx": 12, "options": ["half, 1 A", "2 A", "Depends on which lamp is closer to the battery", "Not enough information to say"], "probs": [[0.2668910045917614, 0.5650394565005882, 0.08663414259224549, 0.08143539621540491], [0.1917800563259154, 0.058504744902255754, 0.07994140385454575, 0.669773794817283], [0.0448577427372495, 0.10764534586722128, 0.6194032157026903, 0.22809369559283887], [0.2865724063346499, 0.4725075820084082, 0.19693570497309748, 0.04398430658384436]], "ideal": "B", "sampled": "A", "correct": false}}
{"type": "result", "data": {"idx": 13, "options": ["increase.", "decrease.", "remain unchanged.", "None of these."], "probs": [[0.1508504923898372, 0.5969134674195785, 0.24868476828402677, 0.0035512718065575225], [0.243486006079733, 0.31264223247729533, 0.0895530392339811, 0.35431872210899057], [0.09897027974832595, 0.05299050049621075, 0.502551537165953, 0.34548768248951023], [0.04547077620189159, 0.35773636506212303, 0.4052765848205982, 0.19151627381538716]], "ideal": "A", "sampled": "B", "correct": false}}
{"type": "result", "data": {"idx": 14, "options": ["2mg", "mg", "mg/2", "mg/4"], "probs": [[0.050694066837225576, 0.6180924749572416, 0.2917047429847153, 0.03950871512081746], [0.09414101338668888, 0.6960158859477572, 0.19927380953099028, 0.010569291034563558], [0.173355407002943, 0.534137566860905, 0.17331091213396504, 0.11919611390218694], [0.12714765396272784, 0.18509309654650943, 0.5026661528442533, 0.18509309654650943]], "ideal": "B", "sampled": "C", "correct": false}}
{"type": "result", "data": {"idx": 15, "options": ["less.", "equal.", "greater.", "none because it sinks."], "probs": [[0.7088129975475516, 0.203384380467463, 0.08471150527781311, 0.00309111660717229], [0.027658581156245657, 0.04563126180010239, 0.010181710597120483, 0.9165284463465314], [0.046100692544854806, 0.02321404298434686, 0.9266487678387261, 0.004036496532072272], [0.032139917210616056, 0.7796961657716883, 0.17387858177480067, 0.014285335142894933]], "ideal": "A", "sampled": "A", "correct": true}}
{"type": "result", "data": {"idx": 16, "options": ["red.", "green.", "white minus red.", "a mixture of green and yellow."], "probs": [[0.5394172677965043, 0.03047932689793963, 0.4202064283148325, 0.009896976890723476], [0.07946003479241322, 0.0482539587053036, 0.01666434348076429, 0.8556216629215189], [0.041086539124570186, 0.020688064143838177, 0.9355928187601593, 0.0026325778714323574], [0.055313685895272934, 0.8662875584264613, 0.055323446156181164, 0.023075309422084547]], "ideal": "A", "sampled": "A", "correct": true}}
{"type": "result", "data": {"idx": 17, "options": ["speed", "frequency", "wavelength", "All of these"], "probs": [[0.03335598129458196, 0.8606283711934098, 0.08002395971822669, 0.02599168769378149], [0.9188377867814371, 0.05185560851933458, 0.020295451803875965, 0.009011152795352306], [0.03950071998568513, 0.04477151391116845, 0.01646791923412825, 0.8992598467690182], [0.10954804564640797, 0.10958342100017938, 0.714398921519692, 0.06646961173372068]], "ideal": "B", "sampled": "B", "correct": true}}
{"type": "result", "data": {"idx": 18, "options": ["volume", "mass", "weight", "density"], "probs": [[0.12286074641400936, 0.07454443088239687, 0.6238334867305608, 0.17876133587303294], [0.020070811021285218, 0.3139942176961385, 0.5176099355102, 0.14832503567237626], [0.01141922199774947, 0.4285731651789756, 0.4855357710160696, 0.07447184170720533], [0.37289016677526005, 0.2904071682643858, 0.13709478896050345, 0.19960787589985068]], "ideal": "D", "sampled": "D", "correct": true}}
{"type": "result", "data": {"idx": 19, "options": ["transverse waves", "longitudinal waves", "all waves", "None of these"], "probs": [[0.3443648722044899, 0.23689921119819643, 0.3904050224870462, 0.028330894010267414], [0.012931828735055858, 0.06570802060745401, 0.013775041697544163, 0.9075851088599459], [0.10756827141018774, 0.025583080845327136, 0.5135688539118982, 0.3532797937325869], [0.021032121108723968, 0.13725538601566464, 0.22623778961660254, 0.6154747031590089]], "ideal": "A", "sampled": "A", "correct": true}}
{"type": "result", "data": {"idx": 20, "options": ["buoyant force", "mass", "weight", "All of these"], "probs": [[0.019015454533172986, 0.04562951810918689, 0.9163349049355324, 0.019020122322107768], [0.027937659262442734, 0.9254457708337804, 0.03165854803301519, 0.014958021770761614], [0.8901514924073715, 0.06449351086437026, 0.026878500043955582, 0.018476496584302643], [0.023771916335162395, 0.057035950881520414, 0.02693799036834317, 0.892254142314974]], "ideal": "A", "sampled": "C", "correct": false}}
{"type": "result", "data": {"idx": 21, "options": ["thermal energy.", "vibrational kinetic energy.", "average translational kinetic energy.", "rotational kinetic energy."], "probs": [[0.05599380909104841, 0.06348172438620035, 0.8759237935391265, 0.004600672883624705], [0.10375452941268044, 0.8690459829707462, 0.019193905244684638, 0.008005582271888748], [0.9748807213921556, 0.005117323691886713, 0.004241655641025726, 0.01576029917493191], [0.04353884413003381, 0.06335893532353457, 0.01815642490697388, 0.8749457955394577]], "ideal": "C", "sampled": "C", "correct": true}}
{"type": "result", "data": {"idx": 22, "options": ["move farther than the input piston", "exceed the force input", "exceed the input piston\u2019s speed", "produce increased energy"], "probs": [[0.5147045100798734, 0.31212543507895607, 0.12221698097505948, 0.050953073766111016], [0.17875859231230262, 0.13923235637092227, 0.6239603269103312, 0.058048724306443915], [0.12681220470590857, 0.5684018730548847, 0.2369000017406075, 0.06788592039859928], [0.6371852613178771, 0.2656183382365157, 0.08623093297110512, 0.010965467374502045]], "ideal": "D", "sampled": "D", "correct": true}}
{"type": "result", "data": {"idx": 23, "options": ["decreases", "increases", "remains unchanged", "may increase or decrease"], "probs": [[0.044973288826383524, 0.6210944207730136, 0.3322918197950169, 0.0016404705055860864], [0.050358663462252436, 0.3284459416139154, 0.19917237466021073, 0.4220230201636215], [0.05804454695894983, 0.06181216735173845, 0.6643213556911448, 0.2158219298981669], [0.060969545238737946, 0.1879058145301432, 0.7428632232547812, 0.008261416876337661]], "ideal": "C", "sampled": "B", "correct": false}}
{"type": "result", "data": {"idx": 24, "options": ["half the bend.", "the same bend if the branch doesn\u2019t break.", "twice the bend.", "4 times the bend."], "probs": [[0.023900152489756674, 0.5441920018793939, 0.42364032947698865, 0.00826751605386085], [0.2455735720069922, 0.6677598728695366, 0.07968937337643092, 0.006977181647040222], [0.08031436321442674, 0.03564775894835198, 0.020308213958604007, 0.8637296637786173], [0.01751917147979093, 0.012829352514803582, 0.545005415786258, 0.42464606011914746]], "ideal": "C", "sampled": "B", "correct": false}}
{"type": "result", "data": {"idx": 25, "options": ["increases but less than doubles", "doubles", "more than doubles", "depends on factors not stated"], "probs": [[0.13102411183884696, 0.403876020479991, 0.45719410559822904, 0.007905761982932984], [0.1511463008157428, 0.4109512979446092, 0.1176976508813678, 0.3202047502582802], [0.3965239731248152, 0.07811349291910252, 0.3965239731248152, 0.12883856073126707], [0.032842950497693514, 0.08934516113155928, 0.7477266525948353, 0.1300852356759119]], "ideal": "A", "sampled": "B", "correct": false}}
{"type": "result", "data": {"idx": 26, "options": ["1 minute.", "2 minutes.", "5 minutes.", "9 minutes."], "probs": [[0.07449520434063187, 0.3782069710875359, 0.4855416452812017, 0.06175617919063048], [0.1657054201032476, 0.18774332755074044, 0.2731391069106709, 0.37341214533534106], [0.15345800521667935, 0.13541721335890017, 0.6875838905616614, 0.023540890762759118], [0.08209366999648657, 0.6064656947028403, 0.2863958184287962, 0.025044816771876987]], "ideal": "D", "sampled": "A", "correct": false}}
{"type": "result", "data": {"idx": 27, "options": ["move at a constant speed in a straight line", "accelerate at a constant rate in a straight line", "come to rest", "increase its amount of inertia"], "probs": [[0.9772971273887433, 0.015800138038734486, 0.005129481048055557, 0.0017732534244665977], [0.02884075730591677, 0.012024877342540135, 0.0036680550947710126, 0.9554663101567721], [0.00795606477873733, 0.0029278127017624183, 0.978895731598085, 0.010220390821415293], [0.01172407629268575, 0.9314192580271471, 0.052541718150803655, 0.00431494742936352]], "ideal": "A", "sampled": "A", "correct": true}}
{"type": "result", "data": {"idx": 28, "options": ["everyday low speeds.", "relativistic speeds.", "Both of these.", "Neither of these."], "probs": [[0.011009452607092964, 0.34253071937705676, 0.6397751420148892, 0.006684685900961132], [0.33358678218366705, 0.15758641062591158, 0.13063447176103782, 0.3781923353293835], [0.0240077635323257, 0.05082976779705291, 0.024010281828548443, 0.901152186742073], [0.02808816859409618, 0.04634455868549971, 0.8211365769122042, 0.1044306957081999]], "ideal": "C", "sampled": "B", "correct": false}}
{"type": "result", "data": {"idx": 29, "options": ["evaporation", "condensation", "Both", "Neither"], "probs": [[0.19574671033784088, 0.1525899842837235, 0.6418991373407854, 0.009764167937650203], [0.09972604920422187, 0.12807071923324062, 0.034469766602371665, 0.7377334648601658], [0.2056641753906475, 0.12483234703291768, 0.6337286451582989, 0.03577483231813595], [0.07664610901579369, 0.19584151777702274, 0.04368451497621682, 0.6838278581309667]], "ideal": "C", "sampled": "A", "correct": false}}
{"type": "result", "data": {"idx": 30, "options": ["shorter", "taller", "equal in height", "inoperable"], "probs": [[0.2915505965471046, 0.37449925708757625, 0.3302732633026817, 0.0036768829626374643], [0.36604536666921145, 0.4149043683264309, 0.12646243351811456, 0.09258783138624305], [0.02932628703796519, 0.035415035793072064, 0.9123747023735428, 0.02288397469541993], [0.015173218451734168, 0.20969298811840376, 0.7311541553131431, 0.04397963801671897]], "ideal": "B", "sampled": "A", "correct": false}}
{"type": "result", "data": {"idx": 31, "options": ["force due to gravity is the same on each.", "air resistance is always zero in free fall.", "inertia of both rocks is the same.", "ratio of force to mass is the same."], "probs": [[0.3969878540611253, 0.01539601123318051, 0.00993633993345431, 0.5776797946722398], [0.006063389105840667, 0.013666734984795538, 0.5809121112380481, 0.3993577645713157], [0.0059796515988938485, 0.1059956478515944, 0.8872150799056745, 0.0008096205438372868], [0.1790167417591882, 0.8023354457152957, 0.01469223845614391, 0.003955573969372163]], "ideal": "D", "sampled": "A", "correct": false}}
{"type": "result", "data": {"idx": 32, "options": ["increases but less than doubles", "doubles", "more than doubles", "depends on factors not stated"], "probs": [[0.06727563806865808, 0.6796855549757298, 0.2498679092676197, 0.0031708975879924544], [0.1775193250394458, 0.6197351863084336, 0.10764108229823723, 0.09510440625388338], [0.563326101433275, 0.05939647728144114, 0.23479268655390723, 0.14248473463137667], [0.02213092206558822, 0.04687924411935102, 0.8840727294725964, 0.04691710424246439]], "ideal": "C", "sampled": "B", "correct": false}}
{"type": "result", "data": {"idx": 33, "options": ["equals mass moving at the speed of light squared.", "equals moving mass.", "is fundamentally different than mass.", "and mass are closely related."], "probs": [[0.006246888247569898, 0.004865980838610988, 0.0017900792201458002, 0.9870970515936733], [0.004573853948253543, 0.00457537805757897, 0.9877059615505731, 0.003144806343594404], [0.005702849688079149, 0.9592461940152924, 0.032817182411401795, 0.0022337737852266603], [0.9763858440547226, 0.02026628418264645, 0.00227373967088889, 0.0010741319917419948]], "ideal": "D", "sampled": "D", "correct": true}}
{"type": "result", "data": {"idx": 34, "options": ["light leaving the Sun is slowed by gravity.", "light passing the Sun is deflected.", "a clock on the Sun\u2019s surface runs faster than on Earth.", "All of these."], "probs": [[0.032138557988595516, 0.3049498310690442, 0.017203626095050436, 0.6457079847473098], [0.42659469401215644, 0.01874894734163328, 0.5477584253822898, 0.006897933163920478], [0.02419470005514092, 0.1392382200480026, 0.03520440597171467, 0.8013626738251418], [0.06246587735269743, 0.40741021100984265, 0.5231114114618683, 0.007012500075591533]], "ideal": "D", "sampled": "B", "correct": false}}
{"type": "result", "data": {"idx": 35, "options": ["reduces by 2", "reduces by 4", "increases by 2", "increases by 4"], "probs": [[0.657985872131966, 0.310862037423292, 0.0099891890760691, 0.021162901268672814], [0.6479983828612115, 0.06419260703588432, 0.0773803133085429, 0.21042869669436126], [0.09899206642919418, 0.06010133139376835, 0.8290662323053035, 0.011840369771733921], [0.07928865969978144, 0.35551070368808735, 0.5170758846538683, 0.048124751858262906]], "ideal": "A", "sampled": "A", "correct": true}}
{"type": "result", "data": {"idx": 36, "options": ["increases", "decreases", "remains the same", "Not enough information to say"], "probs": [[0.043392026657564524, 0.08110507154700645, 0.8717060435301015, 0.0037968581653274615], [0.04864635698597005, 0.8102889098015281, 0.10962625704410911, 0.03143847606839268], [0.5063390806755587, 0.12801349352530256, 0.15441376199390752, 0.21123366370523122], [0.08381774587902238, 0.054133096858404, 0.11459418811971607, 0.7474549690428576]], "ideal": "A", "sampled": "C", "correct": false}}
{"type": "result", "data": {"idx": 37, "options": ["30 km/h", "40 km/h", "50 km/h", "60 km/h"], "probs": [[0.0610656621911729, 0.42387967981719304, 0.4802477621533458, 0.03480689573828827], [0.04772787824302697, 0.513122966217291, 0.3995685800590786, 0.039580575380603375], [0.1530504845384267, 0.4160343470162509, 0.3670948798154495, 0.06382028852987286], [0.15591758856615964, 0.3513808072907981, 0.39810411903502524, 0.09459748500801693]], "ideal": "C", "sampled": "C", "correct": true}}
{"type": "result", "data": {"idx": 38, "options": ["amplitude", "polarization", "momentum", "frequency"], "probs": [[0.0029609045664126814, 0.00191235759441585, 0.004587444938276812, 0.9905392928008946], [0.0007464678090605762, 0.010971814734754476, 0.9873806898803053, 0.0009010274758797422], [0.017846674664337977, 0.9744681035660349, 0.0025715424167141593, 0.005113679252913036], [0.9802533890344962, 0.003322955949173449, 0.0024313099286817643, 0.013992344987648564]], "ideal": "D", "sampled": "D", "correct": true}}
{"type": "result", "data": {"idx": 39, "options": ["electrons", "protons", "neutrons", "ions"], "probs": [[0.9035791837971385, 0.022638166531874716, 0.00832040988124041, 0.06546223968974635], [0.028696663188558885, 0.01355826919599907, 0.0068175260446691555, 0.9509275414707729], [0.007372433225023638, 0.017690765258207078, 0.9654654722762275, 0.009471329140541794], [0.03214883388056416, 0.940350579343687, 0.020754839942628785, 0.00674574673312004]], "ideal": "A", "sampled": "A", "correct": true}}
{"type": "result", "data": {"idx": 40, "options": ["less.", "more.", "the same.", "Need more information."], "probs": [[0.3631001695311271, 0.2203136077010378, 0.4114012700547654, 0.00518495261306966], [0.18966474343670964, 0.5845302560538489, 0.09537866320917879, 0.13042633720026264], [0.2953558453862114, 0.16836043563439046, 0.5185261175066969, 0.017757601372701336], [0.17942828893571047, 0.37996019776954854, 0.26109039002756884, 0.1795211231671722]], "ideal": "C", "sampled": "C", "correct": true}}
{"type": "result", "data": {"idx": 41, "options": ["overlapping one another", "constructively interfering", "moving slower than the source producing them", "All of these"], "probs": [[0.17573181104701063, 0.47773664961724044, 0.1207785897804173, 0.22575294945533164], [0.4551262828327839, 0.18974394735250533, 0.27600191685789005, 0.07912785285682072], [0.6204995646080088, 0.22828244949960372, 0.12217686903917402, 0.029041116753213473], [0.16924507329899685, 0.4061210133943587, 0.35830723347535964, 0.06632667973128478]], "ideal": "D", "sampled": "B", "correct": false}}
{"type": "result", "data": {"idx": 42, "options": ["cold day", "hot day", "day with steady temperature", "None of these"], "probs": [[0.2489815288564198, 0.26507450036166225, 0.4368708577756232, 0.049073112906294764], [0.3596164908616975, 0.3172994279342942, 0.23209929636854018, 0.09098478473546809], [0.14623730101072668, 0.14627722122215586, 0.25662258647233877, 0.4508628911947787], [0.07388514334629084, 0.3995614379212157, 0.4525811109431585, 0.07397230768933497]], "ideal": "B", "sampled": "B", "correct": true}}
{"type": "result", "data": {"idx": 43, "options": ["half", "twice", "the same", "None of these"], "probs": [[0.17922460091781592, 0.37951583832807134, 0.42979584460809256, 0.01146371604602013], [0.16948568440428485, 0.5221391799045684, 0.217623914362545, 0.09075122122860174], [0.0787338151505694, 0.11462417352723536, 0.6593704118196234, 0.14727159940257184], [0.07758379212985826, 0.3479161067828147, 0.5059838445271863, 0.06851625646014077]], "ideal": "C", "sampled": "A", "correct": false}}
{"type": "result", "data": {"idx": 44, "options": ["hot to cold ever", "cold to hot ever", "hot to cold without external energy", "cold to hot without external energy"], "probs": [[0.6781709543229217, 0.1179170789090662, 0.19423110075679761, 0.009680865911214384], [0.407624200229719, 0.5234735206540052, 0.05868943626179893, 0.01021284275447681], [0.7466400810579672, 0.24232351613895523, 0.007787477637366032, 0.0032489250657115527], [0.6849224821881915, 0.2518680189248888, 0.019418758130320582, 0.04379074065659906]], "ideal": "D", "sampled": "C", "correct": false}}
{"type": "result", "data": {"idx": 45, "options": ["hydrogen.", "oxygen.", "nitrogen.", "But all have the same speed on average."], "probs": [[0.7138226935670154, 0.08010050178046108, 0.10945300653004689, 0.09662379802247661], [0.0734355638282165, 0.02104883568228443, 0.290430203838057, 0.615085396551442], [0.09172648942291924, 0.26542609122488287, 0.5618860585481311, 0.08096136070406677], [0.755885408545616, 0.14885173784888947, 0.03320791995414593, 0.06205493355134857]], "ideal": "A", "sampled": "A", "correct": true}}
{"type": "result", "data": {"idx": 46, "options": ["greater", "less", "the same", "Any of these"], "probs": [[0.06137850121167814, 0.08935091284017296, 0.8474143887076057, 0.0018561971405432764], [0.03176413343027546, 0.9284347501776612, 0.03176538512776316, 0.008035731164300132], [0.7849001053710641, 0.09378982799933748, 0.06442852125630655, 0.056881545273291825], [0.058317599067924025, 0.05148326374895439, 0.0848653800015798, 0.8053337570815418]], "ideal": "C", "sampled": "C", "correct": true}}
{"type": "result", "data": {"idx": 47, "options": ["less than 0.8 N", "0.8 N", "greater than 0.8 N", "dependent on the orientation of its body"], "probs": [[0.20870445284409853, 0.44194077806842635, 0.3441231135074678, 0.005231655480007285], [0.16519312189670987, 0.39644195739442983, 0.08844438741713581, 0.34992053319172445], [0.2674518227309758, 0.052752815181702106, 0.603112220703849, 0.0766831412834732], [0.14859686296714344, 0.13968920152878714, 0.6663421242545219, 0.04537181114954748]], "ideal": "B", "sampled": "B", "correct": true}}
{"type": "result", "data": {"idx": 48, "options": ["along and parallel to the wave", "perpendicular to the wave", "Both of these", "Neither of these"], "probs": [[0.44812889112869314, 0.5078942316345851, 0.028633321474578085, 0.015343555662143614], [0.10894214131856045, 0.022863620708358894, 0.062095312431624694, 0.806098925441456], [0.05674592994089607, 0.07766357830288177, 0.2544913054663163, 0.6110991861899059], [0.05160175501332633, 0.16946219954347475, 0.7586745421175386, 0.020261503225660275]], "ideal": "A", "sampled": "B", "correct": false}}
{"type": "result", "data": {"idx": 49, "options": ["the work done on them", "motion", "Both of these", "Neither of these"], "probs": [[0.8769011586326841, 0.07199931473313982, 0.03399953049456555, 0.017099996039610495], [0.029395167604979084, 0.0229053344294197, 0.14025864109166328, 0.807440856773938], [0.13512776540180263, 0.08199608332273545, 0.7776326653671636, 0.005243485808298306], [0.0406939660178846, 0.6367144177728283, 0.021784667572723935, 0.30080694853656315]], "ideal": "A", "sampled": "A", "correct": true}}
{"type": "result", "data": {"idx": 50, "options": ["voltage", "energy", "Both of these", "Neither of these"], "probs": [[0.27107381515019374, 0.1280992910722773, 0.5739710862289343, 0.026855807448594542], [0.05521739769660739, 0.06258698692113855, 0.01792997534237261, 0.8642656399398815], [0.0774746368450612, 0.06841619051274317, 0.8332355611365612, 0.020873611405634488], [0.04719889943722938, 0.34883770603057507, 0.028629556508699784, 0.5753338379234958]], "ideal": "A", "sampled": "A", "correct": true}}
{"type": "result", "data": {"idx": 51, "options": ["inside the nucleus", "outside the nucleus", "Either of these", "Neither of these"], "probs": [[0.9619425509316379, 0.029053956129653433, 0.006898753288253, 0.0021047395504556147], [0.0047390988815877765, 0.010685036212457567, 0.022615371700121477, 0.9619604931058332], [0.005779818291924343, 0.012241508201930188, 0.9718308251323562, 0.010147848273789225], [0.01053238554107778, 0.9482940915695899, 0.03243791272381706, 0.008735610065515237]], "ideal": "A", "sampled": "A", "correct": true}}
{"type": "result", "data": {"idx": 52, "options": ["absorbed", "reflected", "scattered", "refracted"], "probs": [[0.021911199404226544, 0.046412801682724436, 0.9308718132054257, 0.0008041856076233235], [0.02071568834793634, 0.8813950216512401, 0.06376673565614634, 0.03412255424467728], [0.17759443278136902, 0.025606378132330673, 0.7950535174235802, 0.0017456715627201136], [0.01819591630433179, 0.7272839084897066, 0.14308525886977233, 0.11143491623618929]], "ideal": "A", "sampled": "C", "correct": false}}
{"type": "result", "data": {"idx": 53, "options": ["destruction", "interference", "resonance", "amplification"], "probs": [[0.00577953380783565, 0.9720502953412815, 0.020172272201537833, 0.0019978985493450036], [0.9867577617870201, 0.00967589330268216, 0.0031412157041158313, 0.0004251291061818449], [0.024923632951849618, 0.00337439184058282, 0.03626634330484849, 0.935435631802719], [0.0021416545399527294, 0.017934060130583067, 0.9789734108546249, 0.0009508743748393777]], "ideal": "B", "sampled": "B", "correct": true}}
{"type": "result", "data": {"idx": 54, "options": ["all the colors together", "two or more appropriate colors", "light when a prism is held upside down", "None of these"], "probs": [[0.7379058626223276, 0.06865149016234517, 0.05690119063620925, 0.13654145647911803], [0.09032723849867234, 0.009529761756083431, 0.04267948025009576, 0.8574635193951484], [0.009424036806626191, 0.01762195013389491, 0.9615773409377956, 0.011376672021683343], [0.036670387231537684, 0.8350578050744606, 0.1129762916421155, 0.01529551595188618]], "ideal": "D", "sampled": "A", "correct": false}}
{"type": "result", "data": {"idx": 55, "options": ["about 1 A", "2 A", "Depends on which lamp is closer to the battery", "Not enough information to say"], "probs": [[0.2081017916055116, 0.7263465955929749, 0.043613112332817415, 0.021938500368696073], [0.1444517313673197, 0.02845153945940234, 0.09325818544721856, 0.7338385436260594], [0.02656543073270323, 0.09274193660870733, 0.6437565695665687, 0.2369360629920208], [0.10475425068652154, 0.6029080116265565, 0.2847425937055463, 0.007595143881375706]], "ideal": "D", "sampled": "A", "correct": false}}
{"type": "result", "data": {"idx": 56, "options": ["Speed only", "Wavelength only", "Both speed and wavelength", "Neither of these"], "probs": [[0.025568441359936283, 0.013694573557779989, 0.9595393737008893, 0.0011976112813944062], [0.026227324905298617, 0.8687879941251675, 0.033676553137847565, 0.07130812773168628], [0.0636861540646552, 0.010406255604706304, 0.8792888423000658, 0.04661874793057272], [0.01748772527379703, 0.0506080166397449, 0.03478032356670698, 0.8971239344197511]], "ideal": "C", "sampled": "C", "correct": true}}
{"type": "result", "data": {"idx": 57, "options": ["2 Hz", "4 Hz", "8 Hz", "16 Hz"], "probs": [[0.3341554192820492, 0.5509812275529942, 0.10189928545110863, 0.012964067613847906], [0.3939241361261884, 0.34763683568666526, 0.19801355365239387, 0.06042547443475251], [0.299178705291714, 0.299178705291714, 0.3389074978813808, 0.06273509143519121], [0.10175164535656576, 0.45599960504380693, 0.4023867145934172, 0.03986203490621006]], "ideal": "B", "sampled": "B", "correct": true}}
{"type": "result", "data": {"idx": 58, "options": ["frequency", "period", "wavelength", "amplitude"], "probs": [[0.020223032365639486, 0.003515275605713654, 0.0016604384612379293, 0.9746012534674089], [0.004148404277841593, 0.005328299555760354, 0.7905862352339412, 0.19993706083245685], [0.005891340446704984, 0.7717313919734725, 0.221061157417486, 0.0013161100623364699], [0.9299991869939291, 0.0673733587496429, 0.0013136030376866492, 0.0013138511187412787]], "ideal": "D", "sampled": "D", "correct": true}}
{"type": "result", "data": {"idx": 59, "options": ["charged", "uncharged", "Either of these", "Neither of these"], "probs": [[0.10982402608917852, 0.7624921259166706, 0.10316366840152105, 0.024520179492629766], [0.2851063800016849, 0.23636148962438863, 0.4148700515051348, 0.06366207876879164], [0.05676493610948567, 0.3267137815492372, 0.0775826226776876, 0.5389386595635896], [0.07038290000462857, 0.2038274242985014, 0.7110134309488796, 0.014776244647990405]], "ideal": "C", "sampled": "B", "correct": false}}
{"type": "result", "data": {"idx": 60, "options": ["absorbed", "transmitted", "scattered", "polarized"], "probs": [[0.0031448528119993736, 0.008556792200954086, 0.9878714204061916, 0.00042693448085494426], [0.012078367453685292, 0.9609236343949218, 0.009413481908222924, 0.01758451614316998], [0.7617125269211696, 0.015818703417168522, 0.21821182273083153, 0.004256946830830277], [0.004491638043228145, 0.02013896271747402, 0.004783968099800341, 0.9705854310394975]], "ideal": "C", "sampled": "C", "correct": true}}
{"type": "result", "data": {"idx": 61, "options": ["thorium-242", "thorium-238", "thorium-234", "radium-214"], "probs": [[0.2043854995377383, 0.43271886330869463, 0.33690302807665673, 0.02599260897691031], [0.48025079991852554, 0.42385604124769105, 0.07839249467922131, 0.017500664054562094], [0.3931014420264819, 0.1126705672428421, 0.27012964275371887, 0.22409834787695715], [0.16932274423241853, 0.2042856845906849, 0.5908834865888293, 0.03550808448806727]], "ideal": "C", "sampled": "B", "correct": false}}
{"type": "result", "data": {"idx": 62, "options": ["toward you", "away from you", "Both of these", "None of these"], "probs": [[0.02488409553181218, 0.14326534814555594, 0.8242484390593493, 0.007602117163282583], [0.17619631020818582, 0.6968103180279833, 0.03259600386807705, 0.09439736779575378], [0.08949252962171175, 0.10794860123508526, 0.40111419554513944, 0.40144467349806356], [0.019767954075100787, 0.07820018773378194, 0.06090573154610563, 0.8411261265450116]], "ideal": "C", "sampled": "C", "correct": true}}
{"type": "result", "data": {"idx": 63, "options": ["charge", "energy", "mass", "all of these"], "probs": [[0.15237047472120518, 0.09243920707467833, 0.6027549786316239, 0.15243533947249258], [0.03587141153240871, 0.49524329611942003, 0.031659844316063016, 0.43722544793210827], [0.2674875577084526, 0.09841680599075465, 0.5664228242547842, 0.06767281194600852], [0.08096232158861517, 0.3628925931458719, 0.027982493494861288, 0.5281625916706516]], "ideal": "D", "sampled": "C", "correct": false}}
{"type": "result", "data": {"idx": 64, "options": ["unchanged", "twice as much", "half as much", "four times as much"], "probs": [[0.08536204994708255, 0.6308688787777011, 0.12419954783421894, 0.15956952334099733], [0.32793492808493463, 0.053538964389997015, 0.5406184912815647, 0.07790761614350371], [0.024046619295232285, 0.10125456343804687, 0.2143251669525104, 0.6603736502142105], [0.10975568332723586, 0.15974067640890394, 0.7156293015358288, 0.014874338628031364]], "ideal": "B", "sampled": "B", "correct": true}}
{"type": "result", "data": {"idx": 65, "options": ["breaking the sound barrier", "pulling out of a subsonic dive", "flying faster than sound", "Each of these produces a sonic boom"], "probs": [[0.29736541047842274, 0.10941393416386154, 0.5554030189287932, 0.037817636328922495], [0.027621551357365125, 0.5906768627647216, 0.10262902404960907, 0.2790725617283042], [0.21438484962554533, 0.18922735378696345, 0.5826731209655296, 0.01371467552196161], [0.04534717901285121, 0.8039285455784794, 0.06597833499099054, 0.08474594031767886]], "ideal": "C", "sampled": "A", "correct": false}}
{"type": "result", "data": {"idx": 66, "options": ["becomes slightly radioactive", "doesn\u2019t become radioactive", "will spoil faster", "should be avoided"], "probs": [[0.7272733679499516, 0.2084208047612834, 0.043664132691819325, 0.02064169449694569], [0.1840180876068322, 0.0410750055111847, 0.04652266134567753, 0.7283842454363055], [0.0402980776046438, 0.04033049508033472, 0.7145178210837712, 0.20485360613125034], [0.19784529505181733, 0.5382543801723099, 0.2540383934720632, 0.009861931203809644]], "ideal": "B", "sampled": "A", "correct": false}}
{"type": "result", "data": {"idx": 67, "options": ["fluorescence.", "coherence.", "polarization.", "de-excitation."], "probs": [[0.06703012009896059, 0.004286575323884345, 0.002767764554175439, 0.9259155399229796], [0.015029673799032693, 0.014125748851803347, 0.9299730865466399, 0.04087149070252407], [0.01147107768113394, 0.9114671851284736, 0.07480207753288125, 0.0022596595575112063], [0.8068095047900652, 0.1800515546948028, 0.006978874266325326, 0.006160066148806662]], "ideal": "D", "sampled": "D", "correct": true}}
{"type": "result", "data": {"idx": 68, "options": ["reflected or converted to internal energy in the material.", "mainly reflected.", "mainly refracted.", "transmitted at a lower frequency."], "probs": [[0.8569153291049403, 0.13144139552466752, 0.009518675221484465, 0.0021246000489077263], [0.18934402044180712, 0.054272071572843326, 0.006897395617387522, 0.749486512267962], [0.015180721623000682, 0.017209130980435597, 0.939238234416453, 0.028371912880110702], [0.02147031832779882, 0.9131957994710541, 0.0583617395143336, 0.006972142586813469]], "ideal": "A", "sampled": "A", "correct": true}}
{"type": "result", "data": {"idx": 69, "options": ["1/100 as much", "10 times as much", "100 times as much", "1000 times as much"], "probs": [[0.5417775188275296, 0.1758688732287924, 0.19922386410486065, 0.08312974373881743], [0.06967804839801073, 0.047906620345190984, 0.03291947144385814, 0.8494958597129402], [0.01909611102318041, 0.014883742932213666, 0.9201789086056956, 0.04584123733891029], [0.024344166783685235, 0.7117989671855877, 0.12363519541359987, 0.14022167051712717]], "ideal": "C", "sampled": "A", "correct": false}}
{"type": "result", "data": {"idx": 70, "options": ["direction", "energy", "Both of these", "Neither of these"], "probs": [[0.14196874923125727, 0.20662054791471224, 0.6364361299372908, 0.014974572816739692], [0.012885461284081289, 0.011376812809250996, 0.013721283229940732, 0.962016442576727], [0.019735543401631136, 0.025363469407698503, 0.9512474401108425, 0.0036535469798278787], [0.016060489104634087, 0.2847408497197852, 0.016062938483128262, 0.6831357225924525]], "ideal": "A", "sampled": "A", "correct": true}}
{"type": "result", "data": {"idx": 71, "options": ["more dense", "less dense", "more slippery", "warmer"], "probs": [[0.1716991161106264, 0.76965586592169, 0.046200326383913436, 0.012444691483770086], [0.3058890697185568, 0.032243404504185995, 0.01430031376347337, 0.6475672119137839], [0.02065544665659604, 0.008097336981171177, 0.0925911481881906, 0.8786560680740422], [0.0077262597914588465, 0.09415637275818516, 0.8928031627940493, 0.005314204556306692]], "ideal": "A", "sampled": "B", "correct": false}}
{"type": "result", "data": {"idx": 72, "options": ["frequency.", "wavelength.", "air temperature.", "All of these."], "probs": [[0.017306617571735013, 0.003628963124552467, 0.1449160216075854, 0.8341483975961271], [0.014275460862202912, 0.3682451696376481, 0.6070286983927589, 0.010450671007390147], [0.8025367175070448, 0.17905521363648552, 0.008914633828970715, 0.00949343492749899], [0.26353858327980473, 0.010221475125037198, 0.009599392660528554, 0.7166405488346295]], "ideal": "C", "sampled": "C", "correct": true}}
{"type": "result", "data": {"idx": 73, "options": ["conduction", "convection", "radiation", "All of these, although radiation is greatest"], "probs": [[0.016860605173587877, 0.003535188530049029, 0.058849290334642965, 0.9207549158617201], [0.010079787008501621, 0.31377404603622316, 0.6639724901178936, 0.012173676737381534], [0.8328058801006419, 0.14476833342905485, 0.0028224252748408076, 0.019603361095462398], [0.49655559914764497, 0.0033481957735264313, 0.003345877479073908, 0.4967503274997547]], "ideal": "C", "sampled": "D", "correct": false}}
{"type": "result", "data": {"idx": 74, "options": ["like any other force", "multiplied by a lever arm", "that is fictitious", "that accelerates things"], "probs": [[0.022162958781302127, 0.9426187192498793, 0.028457803397062453, 0.006760518471756177], [0.9769655503853775, 0.015795518672865303, 0.004816905785768581, 0.002422025055988601], [0.015518749478071624, 0.012087849237779582, 0.012087033399186065, 0.9603063677849627], [0.012188323181440107, 0.013814135839176171, 0.9682384402893385, 0.005759100590045228]], "ideal": "B", "sampled": "B", "correct": true}}
