{"type": "result", "data": {"idx": 0, "options": ["total revenue is greater than total cost at its greatest distance", "total revenue is equal to total cost", "marginal product is at its highest point", "total product is at its highest point"], "probs": [[0.008361700454168154, 0.9665077979730015, 0.02005870155461516, 0.005071799918215186], [0.9497307904111435, 0.01971449841308055, 0.00821692290294703, 0.02233778817282897], [0.0027489354224603086, 0.006195444069782629, 0.012320112276081638, 0.9787355081316754], [0.0007046839391270207, 0.0024598212689721016, 0.9922398834891153, 0.004595611202785552]], "ideal": "A", "sampled": "B", "correct": false}}
{"type": "result", "data": {"idx": 1, "options": ["Increase capital and decrease labor so that the marginal product of capital falls and the marginal product of labor rises.", "Increase capital and decrease labor so that the marginal product of capital rises and the marginal product of labor falls.", "Decrease capital and increase labor so that the marginal product of capital rises and the marginal product of labor falls.", "Decrease capital and increase labor so that the marginal product of capital falls and the marginal product of labor rises."], "probs": [[0.12433393209670357, 0.4339664585029876, 0.382968847067209, 0.05873076223309986], [0.03223136830136868, 0.2535234703625729, 0.6891424693734001, 0.025102691862658382], [0.031605728909363674, 0.3850399072095134, 0.5602297353252743, 0.023124628455848548], [0.07619851961615082, 0.563039972929383, 0.3414953971232549, 0.019266110231211258]], "ideal": "C", "sampled": "A", "correct": false}}
{"type": "result", "data": {"idx": 2, "options": ["the supply curve intersects the demand curve", "neither party has an incentive to deviate from his or her strategy", "the marginal revenue curve intersects the marginal cost curve", "the equilibrium is unstable and each party would like to switch strategies"], "probs": [[0.002613374639039712, 0.9904586921925185, 0.0033556971455002593, 0.0035722359229415535], [0.9921799505511799, 0.00520681818060721, 0.0010252727323250496, 0.0015879584358878375], [0.004590658932983957, 0.002457519059901113, 0.0015866283780333267, 0.9913651935290816], [0.0008014614401997907, 0.0018062614292803237, 0.9958948147801959, 0.0014974622503239434]], "ideal": "B", "sampled": "B", "correct": true}}
{"type": "result", "data": {"idx": 3, "options": ["goods X and Y are normal goods.", "goods X and Y are inferior goods.", "goods X and Y are complementary goods.", "goods X and Y are substitute goods."], "probs": [[0.06610013297656293, 0.02933909634434235, 0.5891586918108089, 0.31540207876828574], [0.008989358609751958, 0.5562288363643371, 0.4331181633899128, 0.0016636415359981686], [0.022709588864758167, 0.9657107734161964, 0.009467063848713844, 0.0021125737703315624], [0.6077068345584208, 0.05653573477294882, 0.010456772344797208, 0.3253006582238332]], "ideal": "D", "sampled": "D", "correct": true}}
{"type": "result", "data": {"idx": 4, "options": ["causes the equilibrium price to be artificially high", "causes the equilibrium price to be artificially low", "exists when markets cannot reach equilibrium", "results in an equilibrium that does not maximize the total benefit to society"], "probs": [[0.0023969120932050515, 0.029204795283722256, 0.0012055186149672705, 0.9671927739081054], [0.015737754343119366, 0.005110717092462085, 0.9737111977048001, 0.005440330759618434], [0.0025987296247402696, 0.9849787729370856, 0.009655645831700166, 0.0027668515064739395], [0.9963965069752706, 0.0023206135374306803, 0.0008535989541394564, 0.00042928043315922196]], "ideal": "D", "sampled": "D", "correct": true}}
{"type": "result", "data": {"idx": 5, "options": ["Collusive output levels tend to increase, driving the price above competitive levels.", "Consumer surplus falls as the price is driven downward.", "Collusive output levels tend to decrease, driving the price down to competitive levels.", "Joint profit maximization costs society consumer surplus as the price rises above competitive levels."], "probs": [[0.7088691002063032, 0.008924433037607166, 0.021405270340951996, 0.26080119631513754], [0.0031783363200932496, 0.005938450144633648, 0.8278519834664908, 0.16303122996878233], [0.009101997989037491, 0.7231123390293592, 0.26599296717322257, 0.001792695708380718], [0.34397825082709416, 0.642658462420534, 0.010386928760161486, 0.0029763578922103063]], "ideal": "D", "sampled": "D", "correct": true}}
{"type": "result", "data": {"idx": 6, "options": ["Perfectly horizontal demand curve.", "Highly inelastic demand curve.", "Highly elastic demand curve.", "A demand curve consisting of two discontinuous segments."], "probs": [[0.031124529653824135, 0.02424483463837776, 0.0900635529243123, 0.8545670826834858], [0.01715211278397484, 0.04115135714373722, 0.9364634771764824, 0.005233052795805615], [0.03646293102162842, 0.6463994064102181, 0.30529780666011863, 0.011839855808034863], [0.7855371045802616, 0.1546945087251557, 0.02525203427368374, 0.03451635232089895]], "ideal": "D", "sampled": "D", "correct": true}}
{"type": "result", "data": {"idx": 7, "options": ["Higher risk job.", "Investment in human capital.", "Increase in production of SUVs.", "Racial discrimination."], "probs": [[0.00042975555589126285, 0.0013238244673889788, 0.9976588720598798, 0.0005875478168399153], [0.0013959793172218429, 0.9883693478673679, 0.008550749179403058, 0.0016839235360072917], [0.9700453817970515, 0.015679784986435998, 0.010776199996496377, 0.003498633120016202], [0.0139724202984111, 0.0017767063196699427, 0.004536351042931438, 0.9797145222389875]], "ideal": "C", "sampled": "C", "correct": true}}
{"type": "result", "data": {"idx": 8, "options": ["all requirements for price discrimination", "required in order for a firm to earn short-run profits", "all sources of elastic demand", "all barriers to entry"], "probs": [[0.0011639062839795557, 0.0040625943195225535, 0.0007059644452975032, 0.9940675348512004], [0.0003147153025507722, 0.0007092772657493095, 0.9986409697529274, 0.0003350375787725442], [0.0014060547045742888, 0.9955769960265751, 0.0019218513383244971, 0.0010950978305260834], [0.9966977680709627, 0.0024707795974829197, 0.0005868219094377273, 0.00024463032211667895]], "ideal": "D", "sampled": "D", "correct": true}}
{"type": "result", "data": {"idx": 9, "options": ["increasing-cost industry", "constant-cost industry", "decreasing-cost industry", "profit-making industry"], "probs": [[0.05851349757147294, 0.20426750517240486, 0.7128239314579949, 0.024395065698127175], [0.08741113119314935, 0.7320200445655338, 0.03643925683688932, 0.14412956730442747], [0.429803342565903, 0.05134182078566041, 0.3793000920206926, 0.13955474452774397], [0.022142288915468794, 0.13565562487231134, 0.4734518763803292, 0.36875020973189065]], "ideal": "B", "sampled": "C", "correct": false}}
{"type": "result", "data": {"idx": 10, "options": ["Amount of wood used to make a desk.", "Number of pickles put on a sandwich.", "The size of a McDonald\u2019s kitchen.", "Number of teacher\u2019s assistants in local high schools."], "probs": [[0.05131903027365263, 0.024245072774512415, 0.9097300897046584, 0.014705807147176548], [0.0267180172088477, 0.7808990027142052, 0.11974358780497162, 0.07263939217197546], [0.829153340078803, 0.07712406680325613, 0.08739127881862375, 0.00633131419931705], [0.25573309729472987, 0.17576261992971412, 0.026951928999427353, 0.5415523536761286]], "ideal": "C", "sampled": "C", "correct": true}}
{"type": "result", "data": {"idx": 11, "options": ["Price rises, but quantity is ambiguous.", "Price falls, but quantity is ambiguous.", "Price is ambiguous, but quantity rises.", "Price is ambiguous, but quantity falls."], "probs": [[0.6304563579885578, 0.15940823392296558, 0.2046792111726319, 0.005456196815844726], [0.3744786632454529, 0.37446295742050306, 0.22711487144966094, 0.02394350778438304], [0.23083673071286306, 0.04546070030680624, 0.6274545694639482, 0.09624799941638248], [0.05440349876336611, 0.6628085374169345, 0.11517532168667124, 0.16761264203302817]], "ideal": "C", "sampled": "A", "correct": false}}
{"type": "result", "data": {"idx": 12, "options": ["A bumper crop of oranges in Florida", "A decrease in the price of Tang", "Expectations of lower future prices for orange juice", "Expectations of higher future income among juice drinkers"], "probs": [[0.1420110144769544, 0.2066248177288256, 0.3859937729152421, 0.26537039477897784], [0.03063004397151337, 0.06903410227226076, 0.4501313742782783, 0.45020447937794755], [0.016166665482115185, 0.6874690805476317, 0.2865569705113771, 0.009807283358876033], [0.23689647369543743, 0.5015256479108329, 0.16280706467799075, 0.09877081361573896]], "ideal": "D", "sampled": "D", "correct": true}}
{"type": "result", "data": {"idx": 13, "options": ["Demand is downward-sloping.", "The demand curve lies above the marginal revenue curve.", "Price is determined by the equilibrium in the entire market.", "Average revenue differs from price."], "probs": [[0.012226626461225694, 0.009523748769584905, 0.9712812307074562, 0.006968393961733179], [0.025500550273186096, 0.7001251842280374, 0.200574780306159, 0.07379948509261745], [0.5331636468099488, 0.07216048716179313, 0.3664138478265169, 0.028262018101741247], [0.027205682489757868, 0.1470765081806305, 0.07872328469336509, 0.7469945245362465]], "ideal": "C", "sampled": "C", "correct": true}}
{"type": "result", "data": {"idx": 14, "options": ["money.", "plant and equipment.", "where the central government is located.", "the center of the economy."], "probs": [[0.015785063442968757, 0.9766536227565965, 0.0061817246661221405, 0.001379589034312546], [0.9936583180851591, 0.0029720043326950814, 0.0009062211194212235, 0.00246345636272458], [0.002173550358637494, 0.002622022259128768, 0.0014940130025287062, 0.993710414279705], [0.0008526575105356565, 0.0033724823749274107, 0.9953183101649807, 0.00045654984955621736]], "ideal": "B", "sampled": "B", "correct": true}}
{"type": "result", "data": {"idx": 15, "options": ["Ray pulls weeds, since he has absolute advantage in cooking.", "Dorothy pulls weeds, since she has absolute advantage in cooking.", "Dorothy cooks, since she has comparative advantage in cooking.", "Ray cooks, since he has comparative advantage in cooking."], "probs": [[0.00815376202479699, 0.014313101342284114, 0.6084073996675703, 0.36912573686534855], [0.015055343058530676, 0.08663889506669023, 0.8218390099824475, 0.07646675179233159], [0.025140912836714588, 0.17452232088026529, 0.47427299460633376, 0.32606377157668637], [0.11451672994615586, 0.12976879790161167, 0.24241038070830806, 0.5133040913439244]], "ideal": "D", "sampled": "D", "correct": true}}
{"type": "result", "data": {"idx": 16, "options": ["The price of apple peelers/corers rises.", "Your aunt\u2019s friends gossip all day, slowing their dough-making process.", "There is a sale on ovens.", "A new study reveals that apples increase your risk of cancer."], "probs": [[0.4061061845888673, 0.13184002385832785, 0.46017254599644075, 0.0018812454563640348], [0.10679368883439083, 0.7891400565139132, 0.06477364731143706, 0.03929260724025898], [0.27821571046633475, 0.03765716086930704, 0.6674146751006802, 0.016712453463678032], [0.011880153333368684, 0.8329044913178875, 0.14472945612652824, 0.010485899122215573]], "ideal": "C", "sampled": "A", "correct": false}}
{"type": "result", "data": {"idx": 17, "options": ["do nothing; she is consuming her utility maximizing combination of chips and dip.", "increase her consumption of chips until the marginal utility of chip consumption equals 30.", "decrease her consumption of chips until the marginal utility of chip consumption equals 30.", "decrease her consumption of chips and increase her consumption of dip until the marginal utility per dollar is equal for both goods."], "probs": [[0.03656727195726288, 0.01047779547378243, 0.009842206976022463, 0.9431127254929322], [0.0019025618359681605, 0.004027893234111744, 0.985542698205258, 0.008526846624662084], [0.004933175373089019, 0.8296463652054974, 0.16336389522448258, 0.002056564096930985], [0.7639597018057873, 0.21888685546458492, 0.013144371218957725, 0.0040090714106700365]], "ideal": "D", "sampled": "D", "correct": true}}
{"type": "result", "data": {"idx": 18, "options": ["Demand curves that should be added vertically", "Market failure", "Prices that are too low", "Quantities of output that are too high"], "probs": [[0.002779511725003308, 0.9896071155065256, 0.0035689820604785216, 0.004044390607992584], [0.9967901159550224, 0.0014987344694275151, 0.0009089742133283392, 0.0008021752622216559], [0.00042886379904713117, 0.0031690772008266337, 0.0007527258095355639, 0.9956493330905907], [0.0006650563545470962, 0.0012426093639631894, 0.9968497306382927, 0.001242603543197011]], "ideal": "B", "sampled": "B", "correct": true}}
{"type": "result", "data": {"idx": 19, "options": ["marginal cost (MC) intersects AVC and ATC at their maximum points.", "AVC and ATC intersect MC at its maximum point.", "MC intersects AVC and ATC at their minimum points.", "AVC and ATC intersect MC at its minimum point."], "probs": [[0.07628510083554185, 0.17192311630226584, 0.600048416797275, 0.1517433659649173], [0.03858823043773893, 0.13469685728357617, 0.6425722410718456, 0.1841426711068393], [0.5948338383365133, 0.28099798564554507, 0.1171314691677364, 0.007036706750205287], [0.529506667088467, 0.08645197711744465, 0.2501346971699925, 0.13390665852409586]], "ideal": "C", "sampled": "D", "correct": false}}
{"type": "result", "data": {"idx": 20, "options": ["disobey the law of demand", "are a joint product", "are a complementary good with ice cream", "are an inferior good"], "probs": [[0.005535737926949938, 0.002615641265982344, 0.2667346524410459, 0.7251139682660218], [0.005246771086851191, 0.16325631861430998, 0.8288572653914676, 0.0026396448073711535], [0.025083491488586726, 0.941459652379563, 0.032207529876160906, 0.0012493261556894347], [0.9045977911697684, 0.06556239091535362, 0.005727040494453509, 0.024112777320424522]], "ideal": "D", "sampled": "D", "correct": true}}
{"type": "result", "data": {"idx": 21, "options": ["A rival firm matches price decreases of rivals, but fails to match any price increases of rivals.", "A rival firm matches price increases of rivals, but fails to match any price decrease of rivals.", "A rival firm fails to match both price increases or price decreases of rivals.", "(I)) Rival firms act independently of each other."], "probs": [[0.21620599560912432, 0.3146052903526689, 0.45772757354355936, 0.011461140394647459], [0.4300462152921296, 0.4300642754988556, 0.12321278015587896, 0.016676728953135805], [0.08398939376917346, 0.14742355843515778, 0.7486328290219607, 0.019954218673708026], [0.04116099128053414, 0.6049281661201098, 0.3237881801354216, 0.03012266236393448]], "ideal": "A", "sampled": "A", "correct": true}}
{"type": "result", "data": {"idx": 22, "options": ["I only.", "II only.", "III only.", "I and III only."], "probs": [[0.010194939715998176, 0.007008228731983981, 0.005809782691855261, 0.9769870487601625], [0.007361855799942669, 0.010714858228869938, 0.9642558690722719, 0.017667416798915436], [0.018966835616421845, 0.9140304326263503, 0.04550351650441805, 0.021499215152809843], [0.5080811919926114, 0.308226009301576, 0.15501351150822915, 0.02867928709758349]], "ideal": "D", "sampled": "D", "correct": true}}
{"type": "result", "data": {"idx": 23, "options": ["a monopoly produces more output and sells for a higher price", "a monopoly produces less output and sells for a higher price", "a monopoly can make profit in the short run but not in the long run", "a perfect competitor breaks even in the short run and the monopoly does not"], "probs": [[0.008242419453134158, 0.9527388750933132, 0.03259910826454474, 0.006419597089007799], [0.977569368817404, 0.010860833248020773, 0.003111540046893392, 0.008458257787681897], [0.005417464159176971, 0.0107754196013615, 0.01383470987076185, 0.9699724062686996], [0.002300488409147252, 0.004575399439518518, 0.987939525172809, 0.005184586878525205]], "ideal": "B", "sampled": "B", "correct": true}}
{"type": "result", "data": {"idx": 24, "options": ["Price signals that guide producers on what, when, how, and for whom to produce goods and services.", "Active government ownership and direction of production.", "Voluntary market exchange between buyers and sellers.", "Distribution of income and goods on the basis of contribution or productivity."], "probs": [[0.00662063913109468, 0.9825959394530954, 0.009632845594405408, 0.0011505757214044258], [0.9720240844280947, 0.008409973760805062, 0.017803120610838434, 0.0017628211002617983], [0.002157382939361656, 0.007530353635471238, 0.004030552300783461, 0.9862817110243837], [0.000967791604482221, 0.0016986696448297132, 0.9969773985954744, 0.00035614005521369957]], "ideal": "B", "sampled": "B", "correct": true}}
{"type": "result", "data": {"idx": 25, "options": ["efficiency is achieved", "the goods on the axes are perfect substitutes in consumption", "utility is maximized", "resources are not specialized"], "probs": [[0.6544573001627467, 0.1875152500384517, 0.01198744904188477, 0.1460400006569168], [0.08384651393148072, 0.025576983602091964, 0.795545370954885, 0.09503113141154229], [0.00741775409042865, 0.43113233320945815, 0.5535529469261039, 0.007896965674009309], [0.031056600599501508, 0.9076486495262704, 0.058021167126891, 0.0032735826473369776]], "ideal": "D", "sampled": "A", "correct": false}}
{"type": "result", "data": {"idx": 26, "options": ["Economic Profits = Accounting Profits.", "Economic Costs = Explicit Costs plus Implicit Costs.", "Economic Costs = Explicit Costs minus Implicit Costs.", "Opportunity Costs = Economic Profits."], "probs": [[0.010686142667603553, 0.9620041519001407, 0.019964637790616087, 0.007345067541639652], [0.9836611618503219, 0.00851150590919424, 0.004279449525874298, 0.0035478826146094987], [0.1296417531424691, 0.012060532041891147, 0.012836784731623226, 0.8454609299840166], [0.005153238528064927, 0.008497252655893312, 0.9820763597345501, 0.004273148981491641]], "ideal": "B", "sampled": "B", "correct": true}}
{"type": "result", "data": {"idx": 27, "options": ["An upward shift in AFC.", "An upward shift in MPL.", "A downward shift in ATC.", "An upward shift in MC."], "probs": [[0.17509546613290142, 0.42003219689650856, 0.07770101609494598, 0.32717132077564404], [0.07174844999034458, 0.15191176447292604, 0.7714548663128507, 0.004884919123878675], [0.048986203598650656, 0.6762926527457707, 0.10371120195758946, 0.1710099415979892], [0.14256393413188323, 0.1258242849034808, 0.724053103175309, 0.007558677689327001]], "ideal": "D", "sampled": "D", "correct": true}}
{"type": "result", "data": {"idx": 28, "options": ["1", "2", "3", "4"], "probs": [[0.052342038283424916, 0.3206295281738412, 0.5990109237529769, 0.028017509689756966], [0.08019832222113002, 0.24701658458710965, 0.5229484243559761, 0.14983666873578416], [0.08457778771468656, 0.29519949679996726, 0.5870988630854582, 0.03312385229988793], [0.053385054760059204, 0.25468250252686775, 0.650354601924683, 0.04157784068839005]], "ideal": "B", "sampled": "B", "correct": true}}
{"type": "result", "data": {"idx": 29, "options": ["The demand curve will shift to the left, decreasing the price of multigrained bread.", "The supply curve will shift to the left, increasing the price of multigrained bread.", "The demand curve will shift to the right, increasing the price of multigrained bread.", "The supply curve will shift to the right, decreasing the price of multigrained bread."], "probs": [[0.0010300100156859224, 0.001498716360759041, 0.9968061664471569, 0.0006651070763981347], [0.001904897940648409, 0.9867862893948334, 0.008537063747947417, 0.002771748816570807], [0.9446729093772022, 0.04151293491299971, 0.013476660007434716, 0.0003374956023634325], [0.0010925775583675982, 0.003582601577867827, 0.001917715601637741, 0.9934071051621268]], "ideal": "C", "sampled": "C", "correct": true}}
{"type": "result", "data": {"idx": 30, "options": ["Ease of entry and exit in the long run", "Homogenous products", "Perfectly elastic demand for the firm's product", "Long-run positive profits"], "probs": [[0.9577688784735126, 0.01987963152221029, 0.006869831349310381, 0.015481658554966774], [0.05448197071373895, 0.033048452420883966, 0.45619364627479725, 0.45627593049057985], [0.016242180123879825, 0.2386913612905985, 0.7352126287925481, 0.009853829692973532], [0.12952941069453738, 0.8446592681657062, 0.017529896751847115, 0.008281424287909279]], "ideal": "A", "sampled": "A", "correct": true}}
{"type": "result", "data": {"idx": 31, "options": ["free market capitalism", "placing limits on the quantity that can be produced", "government purchases of the good", "setting a minimum on the quantity that can be produced"], "probs": [[0.01735993200978233, 0.9479189037444044, 0.017359650750378968, 0.017361513395434337], [0.975436374712143, 0.015768383423650507, 0.00398652506703971, 0.004808716697166808], [0.008409802202613649, 0.01571304226863861, 0.003732036480876455, 0.9721451189478713], [0.005160540954596235, 0.008508939374216021, 0.9833891962436325, 0.00294132332755523]], "ideal": "B", "sampled": "B", "correct": true}}
{"type": "result", "data": {"idx": 32, "options": ["Jason should shut down in the short run, with economic losses of $20.", "Jason should shut down in the short run, with economic losses of $10.", "Jason should clean 9 pools per day, with economic losses of $20.", "Jason should clean 9 pools per day, with economic losses of $10."], "probs": [[0.06709781683545343, 0.08616220500847784, 0.7213694672341024, 0.1253705108219663], [0.01674098432433451, 0.2618828872633688, 0.7118361809746407, 0.009539947337655962], [0.0709668557418973, 0.1502499006575583, 0.7629448884401449, 0.015838355060399555], [0.03232862703689623, 0.5730631776158196, 0.3475654915353141, 0.047042703711970064]], "ideal": "D", "sampled": "A", "correct": false}}
{"type": "result", "data": {"idx": 33, "options": ["P = MC.", "Price-maker.", "Strong barriers to entry.", "Few firms."], "probs": [[0.9754137114225334, 0.012281817959570226, 0.009562952166909043, 0.002741518350987288], [0.03669460874495909, 0.003207092323626765, 0.013499802513347292, 0.9465984963180668], [0.004583318053170648, 0.0035701867505935673, 0.9896803068682548, 0.0021661882279810072], [0.009590622459841849, 0.978321833762294, 0.010867836432249122, 0.0012197072456149997]], "ideal": "A", "sampled": "A", "correct": true}}
{"type": "result", "data": {"idx": 34, "options": ["consumer surplus is minimized, while producer surplus is maximized.", "the total welfare is maximized.", "producer surplus is minimized, while consumer surplus is maximized.", "the difference between consumer and producer surplus is maximized."], "probs": [[0.001994063841449584, 0.9703868073740812, 0.02585920012544149, 0.0017599285590277156], [0.8926821792400709, 0.03922406143522189, 0.06466613597863634, 0.0034276232460708654], [0.005143793846162253, 0.012340564288519935, 0.0021445379384519184, 0.9803711038268659], [0.00587795986847669, 0.0024505345115031236, 0.9885247302783752, 0.0031467752416449953]], "ideal": "B", "sampled": "B", "correct": true}}
{"type": "result", "data": {"idx": 35, "options": ["a 10 percent increase in income produces a 15 percent increase in consumption of DVDs. DVDs are a normal luxury good.", "a 10 percent increase in income produces a 15 percent increase in consumption of DVDs. DVDs are an inferior good.", "a 10 percent increase in income produces a 15 percent decrease in consumption of DVDs. DVDs are an inferior good.", "a 10 percent increase in the price of DVDs produces a 15 percent decrease in consumption of DVDs. DVDs are a price elastic good."], "probs": [[0.9399395132512569, 0.04130413818832793, 0.011115385389151381, 0.007640963071263813], [0.015710991997394414, 0.0037326296196119255, 0.008410513070042995, 0.9721458652129507], [0.0029507226563427955, 0.006650362791361237, 0.9868384243906919, 0.0035604900616040074], [0.013557683905898055, 0.950551508866231, 0.025329825333622925, 0.010560981794248074]], "ideal": "A", "sampled": "A", "correct": true}}
{"type": "result", "data": {"idx": 36, "options": ["income effect.", "substitution effect.", "marginal effect.", "supply effect."], "probs": [[0.004592684328743181, 0.9917667001721223, 0.003156503035632123, 0.000484112363502379], [0.9711068609644167, 0.022841340723673383, 0.00155427649889532, 0.004497521713014652], [0.0015777256419026145, 0.004029121735810811, 0.008529283149163455, 0.9858638693731231], [0.0013168164348413048, 0.005901845661166002, 0.992448333870059, 0.0003330039339336904]], "ideal": "B", "sampled": "B", "correct": true}}
{"type": "result", "data": {"idx": 37, "options": ["A superstar basketball player's $40 million earnings.", "A social security retirement income.", "A welfare payment from social services.", "A cashier at a restaurant receiving the same $8 an hour that other cashiers receive."], "probs": [[0.24700273737094866, 0.5229432932993086, 0.14982008447028627, 0.08023388475945653], [0.2643049755541789, 0.04593699968657227, 0.05539935660550911, 0.6343586680537396], [0.055304836321759206, 0.07102343419501894, 0.8651863907571343, 0.00848533862608753], [0.051437403150574434, 0.4046782480899644, 0.5195738366978628, 0.024310511961598318]], "ideal": "D", "sampled": "A", "correct": false}}
{"type": "result", "data": {"idx": 38, "options": ["decrease price as demand is elastic.", "decrease price as demand is inelastic.", "increase price as demand is elastic.", "increase price as demand is inelastic."], "probs": [[0.159120396949237, 0.024412824020424193, 0.8080307304649467, 0.008436048465392155], [0.01969127490683341, 0.8374798866418265, 0.014407925354532442, 0.12842091299680766], [0.014413158040312153, 0.01534737520193853, 0.9492633713103228, 0.020976095347426563], [0.020552658001945324, 0.8740581468525754, 0.01327056467260107, 0.09211863037287814]], "ideal": "A", "sampled": "A", "correct": true}}
{"type": "result", "data": {"idx": 39, "options": ["a monopsony buys from a monopoly", "a monopoly sells to two different types of consumers", "a monopoly buys from a monopsony", "a monopolist sells two different types of goods"], "probs": [[0.5674840363247626, 0.26811481237366075, 0.16259269850056787, 0.001808452701008724], [0.02107943813646253, 0.7910915037709474, 0.011284791974885883, 0.17654426601770423], [0.14610475016376498, 0.011995888720031789, 0.8408510259201394, 0.0010483350960637887], [0.010074902754071276, 0.8520482736225349, 0.08979974408757009, 0.04807707943582375]], "ideal": "A", "sampled": "A", "correct": true}}
{"type": "result", "data": {"idx": 40, "options": ["the demand for existing firms to shift rightward.", "the market price of the product to increase.", "the demand for existing firms to become more inelastic.", "the demand for existing firms to shift leftward."], "probs": [[0.36790213533391336, 0.01831934255654221, 0.007173102455213138, 0.6066054195543313], [0.01680685917701989, 0.014835478432501225, 0.3375921179882481, 0.6307655443022308], [0.007512357281889629, 0.05909352171126297, 0.9243311573248163, 0.009062963582031146], [0.04364892670676072, 0.8768007566648461, 0.07196468449244935, 0.007585632035943773]], "ideal": "D", "sampled": "A", "correct": false}}
{"type": "result", "data": {"idx": 41, "options": ["AVC that first rises, but eventually falls, as output increases.", "AFC that first rises, but eventually falls, as output increases.", "MP that first falls, but eventually rises, as output increases.", "MC that first falls, but eventually rises, as output increases."], "probs": [[0.09505134465893744, 0.08388869896106847, 0.61981753179873, 0.20124242448126411], [0.06641008970188268, 0.012286230481219186, 0.9167836674705695, 0.004520012246328586], [0.008937612058514509, 0.8045804394869904, 0.1795204258220626, 0.006961522532432523], [0.7913737780816333, 0.030687992508204302, 0.09451799738791161, 0.08342023192225076]], "ideal": "D", "sampled": "D", "correct": true}}
{"type": "result", "data": {"idx": 42, "options": ["how unlimited resources are allocated between scarce wants.", "how money is circulated through the economy.", "how corporations maximize the share price of their stock.", "how scarce resources are allocated to satisfy unlimited wants."], "probs": [[0.0109645230194819, 0.0011558466487700246, 0.0007943761755289432, 0.9870852540562192], [0.0007543493415579363, 0.0006657577472610615, 0.9978255038884136, 0.0007543889227673788], [0.0018026561448973558, 0.9940270977335502, 0.003584983148623879, 0.0005852628729284708], [0.9975082326897681, 0.0014090841937609896, 0.00045743855521578357, 0.000625244461255162]], "ideal": "D", "sampled": "D", "correct": true}}
{"type": "result", "data": {"idx": 43, "options": ["This is long run increasing returns to scale.", "This is long run decreasing returns to scale.", "This is long run constant returns to scale.", "This is short run diminishing marginal productivity."], "probs": [[0.11123952868459965, 0.14283437839241883, 0.7253459000655208, 0.020580192757460772], [0.05172457969394431, 0.19218927704917288, 0.6707900119549554, 0.0852961312019275], [0.04496184196015688, 0.4834464607855602, 0.4266197224048927, 0.04497197474939021], [0.13525442777711635, 0.3676500618090144, 0.47207200522470444, 0.025023505089164826]], "ideal": "D", "sampled": "D", "correct": true}}
{"type": "result", "data": {"idx": 44, "options": ["Private violin lessons", "The volunteer fire department in your community", "A $1 ticket for admission to a museum", "A bag of potato chips"], "probs": [[0.010609270006882141, 0.9550845209385546, 0.032678923439217536, 0.0016272855153457865], [0.9831858437444118, 0.012377343523080625, 0.0027616639794078, 0.0016751486530998455], [0.004593739068484393, 0.001401221196854086, 0.001915099823477726, 0.9920899398111838], [0.0019167017655561515, 0.0024613172813669226, 0.9928327074313872, 0.0027892734216897366]], "ideal": "B", "sampled": "B", "correct": true}}
{"type": "result", "data": {"idx": 45, "options": ["A visit to the orthodontist", "A session at the tanning salon", "A large pizza", "The International Space Station"], "probs": [[0.00587448468385543, 0.0031447158625369604, 0.002954017323874422, 0.9880267820297332], [0.0016953640998132315, 0.0019212747641598764, 0.9951428497196223, 0.0012405113164045524], [0.006628657676195837, 0.9838010551443632, 0.006628657676195837, 0.002941629403245131], [0.9900445372021974, 0.0051957171901603075, 0.002305481262994163, 0.00245426424464811]], "ideal": "D", "sampled": "D", "correct": true}}
{"type": "result", "data": {"idx": 46, "options": ["normal", "inferior", "complements", "substitutes"], "probs": [[0.01757303873625452, 0.5467172457990721, 0.25822023468524474, 0.17748948067942866], [0.006624389331193546, 0.526254347277845, 0.46435870958851877, 0.002762553702442612], [0.26626540969736406, 0.7238587613900698, 0.007096096871177543, 0.002779731941388638], [0.6307833837145355, 0.2320632802616699, 0.051777132236079805, 0.08537620368771481]], "ideal": "C", "sampled": "D", "correct": false}}
{"type": "result", "data": {"idx": 47, "options": ["More students graduate with the necessary skills for this labor market.", "Demand for the good produced by this labor is stronger.", "The price of a complementary resource increases.", "The Department of Labor removes the need for workers to pass an exam before they can work in this field."], "probs": [[0.09108681028687907, 0.6730561656908371, 0.19282269135112695, 0.0430343325711568], [0.1256766784911346, 0.1424171051600778, 0.49707616111249237, 0.2348300551362952], [0.1233402155711032, 0.15837904337315334, 0.4878007623720899, 0.23047997858365354], [0.047820812539707436, 0.08934585436842496, 0.7480836872197938, 0.11474964577207382]], "ideal": "B", "sampled": "B", "correct": true}}
{"type": "result", "data": {"idx": 48, "options": ["producer surplus is lost and consumer surplus is gained.", "monopoly prices ensure productive efficiency but cost society allocative efficiency.", "monopoly firms do not engage in significant research and development.", "consumer surplus is lost with higher prices and lower levels of output."], "probs": [[0.014056384915498179, 0.8696698764224597, 0.01240476717576083, 0.10386897138628119], [0.09393011891376775, 0.009901605665364951, 0.8911891090588343, 0.004979166262032955], [0.010018103510740466, 0.79587879370322, 0.01651713430608396, 0.17758596837995558], [0.43095480217439924, 0.01474776171803888, 0.5533545461995187, 0.0009428898080431215]], "ideal": "D", "sampled": "D", "correct": true}}
{"type": "result", "data": {"idx": 49, "options": ["A shortage of good X exists.", "The quantity demanded equals the quantity supplied of good X.", "A surplus of good X exists.", "The government regulates the quantity of good X produced at the market price."], "probs": [[0.0019105229929418416, 0.989685449841791, 0.007556187235054204, 0.0008478398302129904], [0.9899336295938839, 0.004584755097718032, 0.0019111301909558599, 0.0035704850174422794], [0.0011671751236796875, 0.0010301123807861389, 0.0009090710636801479, 0.996893641331854], [0.0006250127600031876, 0.0008025590554164563, 0.9972492283139538, 0.00132319977062653]], "ideal": "B", "sampled": "B", "correct": true}}
{"type": "result", "data": {"idx": 50, "options": ["Quantity demanded of pears rises.", "Quantity supplied of pears falls.", "Quantity demanded of pears falls.", "Demand for pears falls."], "probs": [[0.002036431202829358, 0.0038050086959575476, 0.9910038644790793, 0.0031546955221337615], [0.1825657195510902, 0.7220899488877747, 0.07610114691428214, 0.019243184546852966], [0.9578737922236888, 0.03714349611924908, 0.00324541550242592, 0.0017372960546361386], [0.9483197193585516, 0.015330702774904654, 0.007707393150504521, 0.028642184616039235]], "ideal": "C", "sampled": "C", "correct": true}}
{"type": "result", "data": {"idx": 51, "options": ["equilibrium quantity rises, but the price change is ambiguous.", "equilibrium quantity falls, but the price change is ambiguous.", "equilibrium quantity rises, and the price rises.", "equilibrium quantity falls, and the price falls."], "probs": [[0.6955001620842963, 0.012740318991300492, 0.28992377338487485, 0.001835745439528308], [0.018629992922879902, 0.8977109153546201, 0.06502607748940213, 0.01863301413309781], [0.012338646064744259, 0.004539734674435011, 0.9801901967779678, 0.0029314223828528618], [0.011790833335943957, 0.9367480198561077, 0.036319203366737274, 0.015141943341211096]], "ideal": "A", "sampled": "A", "correct": true}}
{"type": "result", "data": {"idx": 52, "options": ["where price is equal to average total cost.", "where marginal revenue equals marginal cost.", "where normal profits are made.", "where price is equal to marginal cost."], "probs": [[0.1532271962700085, 0.6060798808779211, 0.043903388405696506, 0.1967895343463739], [0.5028345312751883, 0.025041118771700507, 0.44374991042060585, 0.02837443943250536], [0.01637748848511486, 0.789196328518521, 0.1210174957750279, 0.07340868712133627], [0.5476786295512007, 0.1569270903463132, 0.2931550953859651, 0.0022391846165209723]], "ideal": "D", "sampled": "D", "correct": true}}
{"type": "result", "data": {"idx": 53, "options": ["perfectly inelastic.", "elastic.", "inelastic.", "unit elastic."], "probs": [[0.003270147616804713, 0.9653372214775235, 0.029144833003991257, 0.0022477978016804743], [0.9924062693866207, 0.004597610146442992, 0.002618795157174919, 0.00037732520976134504], [0.00854942721713553, 0.002450038565323351, 0.0007471653169905739, 0.9882533688005506], [0.0026227504403308686, 0.0020433996121080266, 0.9939293898726179, 0.0014044599749431794]], "ideal": "B", "sampled": "B", "correct": true}}
{"type": "result", "data": {"idx": 54, "options": ["A progressive tax system", "A regressive tax system", "A proportional tax system", "An excise tax system"], "probs": [[0.9953290498387609, 0.0027960776468096975, 0.0014964724103992098, 0.0003784000040301774], [0.012378401737792158, 0.003546894704137315, 0.0006561303487899844, 0.9834185731092805], [0.0027850256386626237, 0.0010908637481364543, 0.9915316498372599, 0.00459246067594094], [0.003821142952785356, 0.9350886949818306, 0.05976929521264767, 0.0013208667527364083]], "ideal": "A", "sampled": "A", "correct": true}}
{"type": "result", "data": {"idx": 55, "options": ["Brent works nights, so he chooses to buy bread at 7 a.m. rather than at 7 p.m.", "Bob and Nancy each receive a \"$1 off\" coupon in the mail, but Bob redeems it while Nancy does not.", "Katie buys 12 Cokes for $3, and Josh buys one Coke at a time for $1.", "Velma likes to go to the movies at the lower afternoon matinee price, and Rosemary would rather pay more for the evening show."], "probs": [[0.7370108640950581, 0.1644521102940292, 0.08802365806843443, 0.01051336744247824], [0.056339786920197865, 0.04972187558829195, 0.012571405945950674, 0.8813669314455596], [0.007349861357021194, 0.022641209999188384, 0.9626578736968838, 0.007351054846906558], [0.04108307234720097, 0.728234897822974, 0.18412339940978692, 0.04655863032003811]], "ideal": "A", "sampled": "A", "correct": true}}
{"type": "result", "data": {"idx": 56, "options": ["A government subsidy.", "A government tax.", "A higher price.", "A lower level of output."], "probs": [[0.007479012233607023, 0.9795989669941855, 0.009602793178401093, 0.003319227493806405], [0.9013214219551532, 0.028975218882380662, 0.012077930528406276, 0.057625428534059865], [0.005853185072529965, 0.007517637691262673, 0.0019006625519157581, 0.9847285145842916], [0.0013991177416450731, 0.005891301172775642, 0.9905415312553527, 0.0021680497302265416]], "ideal": "A", "sampled": "B", "correct": false}}
{"type": "result", "data": {"idx": 57, "options": ["supply falls, increasing the price and decreasing the quantity.", "supply falls, increasing the price and increasing the quantity.", "demand falls, increasing the price and decreasing the quantity.", "demand rises, increasing the price and increasing the quantity."], "probs": [[0.015481744986396703, 0.03489984755596286, 0.6184523366981732, 0.33116607065946724], [0.0031368945682062155, 0.008527494702064589, 0.9855667046495552, 0.0027689059801740265], [0.00953923982127044, 0.9730944410475911, 0.01080939987116405, 0.006556919159974378], [0.8295304950375195, 0.12723706017045572, 0.04129988863122092, 0.0019325560608038283]], "ideal": "D", "sampled": "D", "correct": true}}
{"type": "result", "data": {"idx": 58, "options": ["the total benefit equals the total cost of eating cookies.", "the marginal benefit equals the marginal cost of the next cookie.", "the marginal cost of eating cookies is maximized.", "the marginal benefit of eating cookies is minimized."], "probs": [[0.012309345246525251, 0.9778797039054345, 0.005814598301468836, 0.003996352446571302], [0.9849486350028235, 0.005169047042210565, 0.004025398287519604, 0.005856919567446334], [0.005049458897193552, 0.010042608166736194, 0.02263054337857509, 0.9622773894574952], [0.005176602383514601, 0.007532357896018137, 0.9864970711073728, 0.0007939685130943939]], "ideal": "B", "sampled": "B", "correct": true}}
{"type": "result", "data": {"idx": 59, "options": ["I, II, and III.", "I and II.", "I only.", "I and III."], "probs": [[0.07645352953987031, 0.8220199968561588, 0.09816619784854462, 0.003360275655426232], [0.4230327416667767, 0.12121770732899606, 0.0326229021238143, 0.42312664878041295], [0.030486198922852994, 0.008207561156927976, 0.5403874324702228, 0.4209188073499962], [0.042572708716025635, 0.27764214795615816, 0.6659570627814134, 0.013828080446402803]], "ideal": "B", "sampled": "B", "correct": true}}
