{"type": "result", "data": {"idx": 0, "options": ["True, True", "False, False", "True, False", "False, True"], "probs": [[0.16118941779191487, 0.04916604107066214, 0.722437422437762, 0.06720711859966104], [0.06062492501781643, 0.3488782513955696, 0.5076148320370373, 0.08288199144957677], [0.07299022298627733, 0.18640935634700928, 0.7371837574515023, 0.003416663115211101], [0.16008872387696726, 0.5948272610516243, 0.19310541860101776, 0.05197859637039067]], "ideal": "D", "sampled": "A", "correct": false}}
{"type": "result", "data": {"idx": 1, "options": ["True, True", "False, False", "True, False", "False, True"], "probs": [[0.12791729829861825, 0.05332932233250236, 0.7361441151456287, 0.08260926412325065], [0.08386031256245852, 0.48261611030809537, 0.3758716158832078, 0.05765196114623832], [0.20595602113679518, 0.14156701763885918, 0.6344723523573051, 0.018004608767040547], [0.3021153818592635, 0.3879238083120829, 0.25046244354448893, 0.05949836618416465]], "ideal": "C", "sampled": "C", "correct": true}}
{"type": "result", "data": {"idx": 2, "options": ["True, True", "False, False", "True, False", "False, True"], "probs": [[0.08951573884721307, 0.051017292218897864, 0.7979259549618988, 0.061541013871990326], [0.051938585979522056, 0.43491536553641763, 0.4928002714975804, 0.020345776886479917], [0.16192394330345147, 0.364953905415495, 0.41353220152336273, 0.05958994965769085], [0.3276995713114481, 0.25520315065244237, 0.27166896504447835, 0.1454283128916312]], "ideal": "B", "sampled": "C", "correct": false}}
{"type": "result", "data": {"idx": 3, "options": ["12", "24", "48", "72"], "probs": [[0.015109841865101692, 0.20854030761080938, 0.6034148992717012, 0.17293495115238774], [0.1507398463524663, 0.2815894442278272, 0.36158942633843405, 0.20608128298127248], [0.2306417427124799, 0.2961196369259392, 0.3572191973541906, 0.11601942290739031], [0.3360166053440905, 0.24581747487165476, 0.31565434678182563, 0.10251157290242914]], "ideal": "D", "sampled": "C", "correct": false}}
{"type": "result", "data": {"idx": 4, "options": ["convolutional networks", "graph networks", "fully connected networks", "RBF networks"], "probs": [[0.9960729796497486, 0.001166510735429874, 0.0015941814350482985, 0.00116632807977319], [0.004064761591587592, 0.0008005194878367303, 0.00042849954002134014, 0.9947062192805544], [0.0007079478795331104, 0.0003789638002404723, 0.9967324923987977, 0.002180595821428712], [0.0014818398256355113, 0.9856568712761868, 0.0037839836970218004, 0.009077305101155836]], "ideal": "A", "sampled": "A", "correct": true}}
{"type": "result", "data": {"idx": 5, "options": ["True, True", "False, False", "True, False", "False, True"], "probs": [[0.1346875094359616, 0.13469467689350723, 0.6840607772446745, 0.04655703632585667], [0.10181389734517413, 0.5170691223619043, 0.3553688857074191, 0.025748094485502467], [0.27796399901222607, 0.33529347552686917, 0.33530906214165057, 0.05143346321925422], [0.29397579477067914, 0.33311408134358983, 0.33311822386632417, 0.03979189991940686]], "ideal": "B", "sampled": "C", "correct": false}}
{"type": "result", "data": {"idx": 6, "options": ["O(D)", "O(N)", "O(ND)", "O(ND^2)"], "probs": [[0.02964713007441031, 0.12482996097702263, 0.8139572021451655, 0.031565706703401496], [0.054663297657841725, 0.5186309543447373, 0.07019018015061812, 0.3565155677468028], [0.03838006119895768, 0.02054819882935884, 0.6391225599407369, 0.30194917993094655], [0.007610721640452551, 0.5335691660148589, 0.2855862426663635, 0.173233869578325]], "ideal": "A", "sampled": "A", "correct": true}}
{"type": "result", "data": {"idx": 7, "options": ["True, True", "False, False", "True, False", "False, True"], "probs": [[0.18758048906609334, 0.06901592503483638, 0.5778128288923248, 0.16559075690674555], [0.07753673362427937, 0.3699199281322638, 0.47498657736002703, 0.07755676078342977], [0.10258541197684627, 0.2040426571280769, 0.6689940763010317, 0.02437785449404518], [0.18633799771318607, 0.47585857408198057, 0.2247641267153202, 0.11303930138951318]], "ideal": "B", "sampled": "A", "correct": false}}
{"type": "result", "data": {"idx": 8, "options": ["2", "4", "8", "16"], "probs": [[0.021817516093033822, 0.36329683046021444, 0.528591846064359, 0.08629380728239266], [0.19167599080076342, 0.24613521990698894, 0.2040361016784718, 0.35815268751377577], [0.16291890551252453, 0.23705200142123056, 0.3908122661076899, 0.20921682685855503], [0.14497844873409071, 0.2245510518326322, 0.41950905318833476, 0.21096144614494236]], "ideal": "C", "sampled": "B", "correct": false}}
{"type": "result", "data": {"idx": 9, "options": ["Lower variance", "Higher variance", "Same variance", "None of the above"], "probs": [[0.9674664359530869, 0.012181061596728934, 0.012965013567591761, 0.0073874887825923505], [0.03924484733031509, 0.22586204505611387, 0.12088763127183817, 0.6140054762417329], [0.0027518230628590583, 0.005826761975345711, 0.9798325945473002, 0.011588820314495053], [0.042132136847402794, 0.8463316682067008, 0.03281422893295331, 0.07872196591294309]], "ideal": "A", "sampled": "A", "correct": true}}
{"type": "result", "data": {"idx": 10, "options": ["True, True", "False, False", "True, False", "False, True"], "probs": [[0.14246693039800212, 0.03602946495605626, 0.7235634814438338, 0.09794012310210783], [0.043466319852712494, 0.2207548353951665, 0.6799538972317914, 0.05582494742032959], [0.062343335513704926, 0.12400538241795422, 0.8085299954218363, 0.005121286546504442], [0.15417531188591085, 0.6097972415142809, 0.18596881695455594, 0.050058629545252316]], "ideal": "A", "sampled": "A", "correct": true}}
{"type": "result", "data": {"idx": 11, "options": ["good fitting", "overfitting", "underfitting", "all of the above"], "probs": [[0.0011544854297758007, 0.00908178959386314, 0.985977682418035, 0.0037860424583260853], [0.010098156346852787, 0.9677019253680883, 0.02008278634691325, 0.002117131838145635], [0.36817677228184026, 0.13546290412001422, 0.02353675376137913, 0.47282356973676637], [0.003249538702874298, 0.004728946650455436, 0.0328205736598158, 0.9592009408868545]], "ideal": "C", "sampled": "C", "correct": true}}
{"type": "result", "data": {"idx": 12, "options": ["True, True", "False, False", "True, False", "False, True"], "probs": [[0.3262721324343932, 0.03897438243787804, 0.6095873797979968, 0.025166105229731964], [0.03719496133977968, 0.2925777852926471, 0.6193746581543051, 0.050852595113268055], [0.01854552583913255, 0.028726991313194672, 0.9512040013948401, 0.001523481352832686], [0.1466825045130008, 0.7449640222210797, 0.09470749883626897, 0.013645974329650479]], "ideal": "A", "sampled": "A", "correct": true}}
{"type": "result", "data": {"idx": 13, "options": ["True, True", "False, False", "True, False", "False, True"], "probs": [[0.07237854177728148, 0.07239105875324262, 0.778161739248977, 0.07706866012049886], [0.08677897502947615, 0.3889583340612265, 0.4993907584786778, 0.024871932330619528], [0.22238816485477095, 0.390303342772982, 0.2682513198175489, 0.11905717245469813], [0.233481779671209, 0.2485360800971404, 0.3849228918167476, 0.13305924831490298]], "ideal": "B", "sampled": "C", "correct": false}}
{"type": "result", "data": {"idx": 14, "options": ["pure", "not pure", "useful", "useless"], "probs": [[0.007517668752220001, 0.9846777146976105, 0.004024116251725456, 0.003780500198444066], [0.9530367769056945, 0.005002109137908772, 0.005001616468240238, 0.03695949738815646], [0.003430509353976279, 0.008761103889455914, 0.09418250290494726, 0.8936258837516206], [0.002525857135605735, 0.014536319021549667, 0.8992810076737588, 0.08365681606908579]], "ideal": "B", "sampled": "B", "correct": true}}
{"type": "result", "data": {"idx": 15, "options": ["True, True", "False, False", "True, False", "False, True"], "probs": [[0.087157603208046, 0.06377683642022476, 0.8270206902045879, 0.02204487006714128], [0.08109886523200505, 0.6379588501190117, 0.26593540181095493, 0.015006882738028285], [0.33487025398944287, 0.2955415590637656, 0.26083472757167064, 0.1087534592751209], [0.30274184810634813, 0.32226704968769176, 0.3430742280642511, 0.031916874041709]], "ideal": "B", "sampled": "C", "correct": false}}
{"type": "result", "data": {"idx": 16, "options": ["This feature has a strong effect on the model (should be retained)", "This feature does not have a strong effect on the model (should be ignored)", "It is not possible to comment on the importance of this feature without additional information", "Nothing can be determined."], "probs": [[0.008022837528836983, 0.003345525513569991, 0.9872365275280237, 0.0013951093295693506], [0.007179901497943117, 0.3920385809324311, 0.03023103646361331, 0.5705504810060125], [0.1287553610087447, 0.028734907545165136, 0.8396633874339395, 0.00284634391215061], [0.022948172264981602, 0.5919631322055058, 0.026006169733371016, 0.35908252569614163]], "ideal": "C", "sampled": "A", "correct": false}}
{"type": "result", "data": {"idx": 17, "options": ["The number of hidden nodes", "The learning rate", "The initial choice of weights", "The use of a constant-term unit input"], "probs": [[0.9066177207275465, 0.07442283536098472, 0.010071159289784349, 0.008888284521684397], [0.27339175163774526, 0.04193050302203313, 0.02881185377411217, 0.6558658914661094], [0.00653173910159837, 0.00838850340300614, 0.9694079697083298, 0.01567178768706567], [0.005011518823725178, 0.9550202536735906, 0.032676136461562776, 0.00729209094112144]], "ideal": "A", "sampled": "A", "correct": true}}
{"type": "result", "data": {"idx": 18, "options": ["The polynomial degree", "Whether we learn the weights by matrix inversion or gradient descent", "The assumed variance of the Gaussian noise", "The use of a constant-term unit input"], "probs": [[0.9834367093079571, 0.008509024095039583, 0.003775697921582218, 0.004278568575421018], [0.007461108938946259, 0.002922206964922964, 0.012301886793840889, 0.9773147972022899], [0.0017956422869322382, 0.006671746671688596, 0.9901340426597364, 0.001398568281642847], [0.007471798020693687, 0.978642827004699, 0.012319015229648537, 0.0015663596449588593]], "ideal": "A", "sampled": "A", "correct": true}}
{"type": "result", "data": {"idx": 19, "options": ["True, True", "False, False", "True, False", "False, True"], "probs": [[0.16812915547722634, 0.05128412607269452, 0.6650042904809612, 0.11558242786911792], [0.06663501907762588, 0.40820028765589483, 0.40818896277355743, 0.11697573039292185], [0.15753320782229033, 0.1677162894495929, 0.6633308322342278, 0.011419670393888892], [0.21445656991160267, 0.4539927176082222, 0.20145803387746222, 0.13009267850271292]], "ideal": "A", "sampled": "A", "correct": true}}
{"type": "result", "data": {"idx": 20, "options": ["Requires the dimension of the feature space to be no bigger than the number of samples", "Has the smallest value of the objective function when K = 1", "Minimizes the within class variance for a given number of clusters", "Converges to the global optimum if and only if the initial means are chosen as some of the samples themselves"], "probs": [[0.003123610710894015, 0.007493454412812315, 0.9814056643450207, 0.007977270431272873], [0.01020580714428103, 0.918714879140187, 0.06655007587722883, 0.004529237738303096], [0.9408616979082055, 0.04684291684021754, 0.0063396845030498205, 0.005955700648527129], [0.05090361908915655, 0.024046946672880206, 0.022589322513904095, 0.9024601116240591]], "ideal": "C", "sampled": "C", "correct": true}}
{"type": "result", "data": {"idx": 21, "options": ["True, True", "False, False", "True, False", "False, True"], "probs": [[0.09538860120623936, 0.04797221097015329, 0.7987632930125008, 0.05787589471110657], [0.06470759788643507, 0.4491999627781739, 0.4492116750905657, 0.03688076414482534], [0.16733377952069023, 0.3328175202988262, 0.48427548368288625, 0.015573216397597277], [0.25291724294684986, 0.41700086177435036, 0.25293086260726644, 0.07715103257153334]], "ideal": "A", "sampled": "C", "correct": false}}
{"type": "result", "data": {"idx": 22, "options": ["0", "1", "2", "3"], "probs": [[0.21071170269648024, 0.4460887628186937, 0.3065764226642342, 0.03662311172059189], [0.07859850469120072, 0.06121981356225143, 0.11436487434944481, 0.745816807297103], [0.0848266171605009, 0.15849043191143805, 0.5531483209600979, 0.20353462986796308], [0.0821225431795631, 0.44395775259999043, 0.39177853448911537, 0.08214116963133111]], "ideal": "B", "sampled": "A", "correct": false}}
{"type": "result", "data": {"idx": 23, "options": ["True, True", "False, False", "True, False", "False, True"], "probs": [[0.12731648458578082, 0.046842547072002895, 0.7326726612483456, 0.09316830699387064], [0.04881307382466566, 0.2808998681826803, 0.5946649644673301, 0.07562209342532394], [0.08385108921254415, 0.15666342832453134, 0.747399428391611, 0.012086053971313546], [0.2209653373345108, 0.439428411946453, 0.2352163765084566, 0.10438987411057965]], "ideal": "C", "sampled": "A", "correct": false}}
{"type": "result", "data": {"idx": 24, "options": ["Decision Trees", "Density-based clustering", "Model-based clustering", "K-means clustering"], "probs": [[0.005967745078851601, 0.8857733493003833, 0.04409514386493987, 0.06416376165582516], [0.9555159944183195, 0.010616195540326764, 0.02885334793862774, 0.005014462002726027], [0.019225460479469964, 0.05226619050399998, 0.0020265801396884115, 0.9264817687768416], [0.008487383717577684, 0.0020163038000865093, 0.9810081584609995, 0.008488153921336235]], "ideal": "B", "sampled": "B", "correct": true}}
{"type": "result", "data": {"idx": 25, "options": ["True, True", "False, False", "True, False", "False, True"], "probs": [[0.2067625216681035, 0.05228986198569273, 0.6369568085146882, 0.10399080773151557], [0.044525772328692564, 0.18746457992109578, 0.654288172656434, 0.11372147499377769], [0.0295682313636825, 0.10321257483475549, 0.8641006534747154, 0.003118540226846537], [0.13686900757241283, 0.6529952724888407, 0.13687018476422594, 0.07326553507452058]], "ideal": "A", "sampled": "A", "correct": true}}
{"type": "result", "data": {"idx": 26, "options": ["they are biased", "they have high variance", "they are not consistent estimators", "None of the above"], "probs": [[0.06969465314645003, 0.6613346933657208, 0.21468321976899035, 0.05428743361883884], [0.6376086635385685, 0.04619323520263086, 0.01499472177007726, 0.3012033793887234], [0.0035077603040327807, 0.024352131068802664, 0.9137223830409852, 0.058417725486179406], [0.01145784717110367, 0.3146079068877896, 0.45770761071372174, 0.21622663512738502]], "ideal": "B", "sampled": "B", "correct": true}}
{"type": "result", "data": {"idx": 27, "options": ["linear in D", "linear in N", "polynomial in D", "dependent on the number of iterations"], "probs": [[0.07728234177390253, 0.06820469564910626, 0.023572570457063905, 0.8309403920199273], [0.019620457935066362, 0.022237375437245348, 0.9454678722124326, 0.012674294315255715], [0.0347935570292234, 0.698855902887133, 0.039430403684249465, 0.22692013629939414], [0.8627133625691705, 0.05515458226113064, 0.03345367039267476, 0.0486783846770241]], "ideal": "C", "sampled": "D", "correct": false}}
{"type": "result", "data": {"idx": 28, "options": ["Increase bias", "Decrease bias", "Increase variance", "Decrease variance"], "probs": [[0.004987178518487344, 0.24032141982063754, 0.014431612994765893, 0.7402597885661092], [0.03293668300101417, 0.0030645458694027908, 0.9625509455319244, 0.0014478254976586287], [0.008164304554775315, 0.9437505406896741, 0.01958575680402935, 0.028499397851521235], [0.9817099815345444, 0.006615424163554513, 0.005836675443078794, 0.005837918758822311]], "ideal": "D", "sampled": "D", "correct": true}}
{"type": "result", "data": {"idx": 29, "options": ["Best-subset selection", "Forward stepwise selection", "Forward stage wise selection", "All of the above"], "probs": [[0.03216989457918477, 0.22331339950538975, 0.05646420479985456, 0.6880525010155709], [0.23336859566698645, 0.3847597625040645, 0.2644714175899668, 0.11740022413898224], [0.23607556695421797, 0.23599605435750312, 0.08683090720821532, 0.4410974713800636], [0.15494111514470923, 0.1756007838371045, 0.5409336282566445, 0.12852447266154174]], "ideal": "C", "sampled": "B", "correct": false}}
{"type": "result", "data": {"idx": 30, "options": ["Optimize a convex objective function", "Can only be trained with stochastic gradient descent", "Can use a mix of different activation functions", "None of the above"], "probs": [[0.015668548904686684, 0.012991523586634985, 0.7550019747661127, 0.2163379526425656], [0.01752131013660816, 0.8987248662801819, 0.07376949334168387, 0.009984330141526025], [0.9163754087855199, 0.05169912112396052, 0.022941308350146187, 0.008984161640373313], [0.05659888044549185, 0.034331575672091164, 0.023595083942048414, 0.8854744598403685]], "ideal": "C", "sampled": "C", "correct": true}}
{"type": "result", "data": {"idx": 31, "options": ["0.0368", "0.473", "0.078", "None of the above"], "probs": [[0.31553823281620397, 0.35749191641478717, 0.3154742472289714, 0.011495603440037491], [0.3647394314905104, 0.3646889165563265, 0.22120197616382853, 0.04936967568933455], [0.37082767344719914, 0.3271901893020677, 0.25483059785637574, 0.0471515392943574], [0.05835522890537078, 0.4050484204957937, 0.4050596559702445, 0.131536694528591]], "ideal": "C", "sampled": "C", "correct": true}}
{"type": "result", "data": {"idx": 32, "options": ["True, True", "False, False", "True, False", "False, True"], "probs": [[0.1468640614965342, 0.04208484805238964, 0.7458648334918985, 0.06518625685917766], [0.038027074934581837, 0.29912973087372613, 0.6332190136812734, 0.029624180410418633], [0.07371170265228762, 0.12938291170525285, 0.7924754229413535, 0.004429962601105952], [0.20178356990193622, 0.5485045970633253, 0.20177947208256253, 0.04793236085217598]], "ideal": "B", "sampled": "A", "correct": false}}
{"type": "result", "data": {"idx": 33, "options": ["It can not be applied to non-differentiable functions.", "It can not be applied to non-continuous functions.", "It is hard to implement.", "It runs reasonably slow for multiple linear regression."], "probs": [[0.11787530648369379, 0.13357677260968515, 0.22021625592230334, 0.5283316648843177], [0.15136789766559627, 0.3631294545609028, 0.46625484448369764, 0.019247803189803257], [0.07461852746348134, 0.40341661278035695, 0.24466798253893904, 0.2772968771172227], [0.11044117910093931, 0.43684056803723825, 0.4368033449362331, 0.01591490782558939]], "ideal": "D", "sampled": "D", "correct": true}}
{"type": "result", "data": {"idx": 34, "options": ["Supervised learning", "Unsupervised learning", "Clustering", "None of the above"], "probs": [[0.9866939662648672, 0.0051779914015253345, 0.0045693287999444615, 0.003558713433662999], [0.002779767543439977, 0.0007965010965818442, 0.006668543735346848, 0.9897551875246313], [0.0008934687831722589, 0.003533773774868524, 0.9797353114769046, 0.01583744586505455], [0.019853218634472803, 0.9566207164106793, 0.019853136678089356, 0.0036729281767586236]], "ideal": "A", "sampled": "A", "correct": true}}
{"type": "result", "data": {"idx": 35, "options": ["It relates inputs to outputs.", "It is used for prediction.", "It may be used for interpretation.", "It discovers causal relationships"], "probs": [[0.004898182624957335, 0.01508959302839907, 0.04646996449350844, 0.9335422597531351], [0.0018960544162172183, 0.01401023609806237, 0.9820750600939425, 0.002018649291777903], [0.005842384467716637, 0.9825601663708873, 0.007047179216697363, 0.0045502698446987025], [0.9182503750132402, 0.024472569862000384, 0.0115589554480158, 0.04571809957674356]], "ideal": "D", "sampled": "D", "correct": true}}
{"type": "result", "data": {"idx": 36, "options": ["To save computing time during testing", "To save space for storing the Decision Tree", "To make the training set error smaller", "To avoid overfitting the training set"], "probs": [[0.0031518717632836274, 0.0024548227278722223, 0.004047174682253369, 0.9903461307265908], [0.0004563617333533173, 0.00279562421639857, 0.9952515845555094, 0.0014964293947386936], [0.0023118567147348236, 0.9928317052833178, 0.004057435311809019, 0.0007990025901384216], [0.9923839513800925, 0.005207720649284745, 0.0013166892967401743, 0.0010916385738825515]], "ideal": "D", "sampled": "D", "correct": true}}
{"type": "result", "data": {"idx": 37, "options": ["True, True", "False, False", "True, False", "False, True"], "probs": [[0.12498545738712409, 0.05211033834252888, 0.7192604333269578, 0.10364377084338929], [0.04551328108789217, 0.29679394649857493, 0.6282983608898562, 0.029394411423676613], [0.11826912657911375, 0.23524314841610627, 0.6393796198348789, 0.007108105069901026], [0.23881080566334673, 0.4191202787701367, 0.2542026619790903, 0.08786625348742623]], "ideal": "B", "sampled": "C", "correct": false}}
{"type": "result", "data": {"idx": 38, "options": ["Increase the amount of training data.", "Improve the optimisation algorithm being used for error minimisation.", "Decrease the model complexity.", "Reduce the noise in the training data."], "probs": [[0.10738227530338135, 0.545353212755441, 0.016467680455907723, 0.3307968313852699], [0.011897404538472154, 0.03664958061459011, 0.9450824149744514, 0.006370599772486337], [0.012579095062478392, 0.881892891057988, 0.0820231168606051, 0.023504896918928497], [0.0967174431852184, 0.180700219430594, 0.7146420148284608, 0.007940322455726855]], "ideal": "B", "sampled": "D", "correct": false}}
{"type": "result", "data": {"idx": 39, "options": ["True, True", "False, False", "True, False", "False, True"], "probs": [[0.3160592031016016, 0.022899892264176824, 0.5905081055114298, 0.07053279902279172], [0.030745942055198445, 0.07851566826881923, 0.5801468825962524, 0.3105915069797299], [0.00583474113353985, 0.011604106220616044, 0.9811746427781768, 0.0013865097676672715], [0.08829962527092164, 0.7870375571882287, 0.08294981033978222, 0.041713007101067484]], "ideal": "A", "sampled": "A", "correct": true}}
{"type": "result", "data": {"idx": 40, "options": ["For two dimensional data points, the separating hyperplane learnt by a linear SVM will be a straight line.", "In theory, a Gaussian kernel SVM cannot model any complex separating hyperplane.", "For every kernel function used in a SVM, one can obtain an equivalent closed form basis expansion.", "Overfitting in an SVM is not a function of number of support vectors."], "probs": [[0.2295307521722917, 0.37842365652869486, 0.3339927122105035, 0.05805287898850991], [0.18196736205319325, 0.36190846438106306, 0.4101029282682539, 0.04602124519748981], [0.11542359566393211, 0.5173085254314523, 0.24437169364077382, 0.12289618516384174], [0.16233141377545637, 0.4412739588780696, 0.3436820153919333, 0.052712611854540674]], "ideal": "A", "sampled": "D", "correct": false}}
{"type": "result", "data": {"idx": 41, "options": ["P(H, U, P, W) = P(H) * P(W) * P(P) * P(U)", "P(H, U, P, W) = P(H) * P(W) * P(P | W) * P(W | H, P)", "P(H, U, P, W) = P(H) * P(W) * P(P | W) * P(U | H, P)", "None of the above"], "probs": [[0.008955575049454928, 0.4315423139890205, 0.5540687743188694, 0.005433336542655171], [0.07953625141951708, 0.6659723494803554, 0.24499002005321374, 0.009501378946913669], [0.5364739218343177, 0.17416530586281256, 0.15369342036955297, 0.13566735183331669], [0.019173283051019153, 0.023130040904991815, 0.6758987340305925, 0.28179794191339647]], "ideal": "C", "sampled": "C", "correct": true}}
{"type": "result", "data": {"idx": 42, "options": ["True, True", "False, False", "True, False", "False, True"], "probs": [[0.05419847893605222, 0.09512797173400854, 0.7964633281777301, 0.054210221052209115], [0.07649794106168582, 0.38851135386349844, 0.4988461956054882, 0.03614450936932756], [0.22010573428781863, 0.3628822863357091, 0.34092858616418903, 0.07608339311228321], [0.20685134826022153, 0.3410325646059419, 0.4113778173512115, 0.04073826968262509]], "ideal": "B", "sampled": "C", "correct": false}}
{"type": "result", "data": {"idx": 43, "options": ["True, True", "False, False", "True, False", "False, True"], "probs": [[0.0775127009406398, 0.0935082847714687, 0.7354628169001244, 0.09351619728776708], [0.10569271008067403, 0.39271472471958546, 0.445004085592672, 0.05658847950706847], [0.2363366641561287, 0.3438863250933128, 0.2850838729404113, 0.13469313771014718], [0.23905294774983518, 0.2544736227962171, 0.37024393122302596, 0.13622949813092175]], "ideal": "B", "sampled": "C", "correct": false}}
{"type": "result", "data": {"idx": 44, "options": ["Stochastic Gradient Descent", "Mini-Batch Gradient Descent", "Batch Gradient Descent", "All of the above"], "probs": [[0.02874519963677143, 0.01743593128462622, 0.11369095398862733, 0.840127914989975], [0.08450627378595445, 0.15788755015371603, 0.3787651943303582, 0.3788409816299713], [0.027412036992722627, 0.3784300762087368, 0.26010701590629814, 0.33405087079224244], [0.2734635174000981, 0.07835388927868271, 0.06914456933045356, 0.5790380238907656]], "ideal": "D", "sampled": "D", "correct": true}}
{"type": "result", "data": {"idx": 45, "options": ["Decreases model bias", "Decreases estimation bias", "Decreases variance", "Doesn\u2019t affect bias and variance"], "probs": [[0.08615252785078571, 0.11778021692084585, 0.5618008531993255, 0.23426640192904297], [0.054908288863523884, 0.45989389832505445, 0.3159972632808216, 0.16920054943060003], [0.4970756470659998, 0.12570212780172269, 0.23477795717752623, 0.14244426785475123], [0.18329743890442368, 0.3881363521304302, 0.16174294096912317, 0.26682326789602295]], "ideal": "A", "sampled": "C", "correct": false}}
{"type": "result", "data": {"idx": 46, "options": ["3", "4", "7", "15"], "probs": [[0.007336027974170189, 0.08936840361482591, 0.6603409696480484, 0.24295459866295543], [0.024806091975277403, 0.3216827267368777, 0.6009906630528169, 0.05252051813502794], [0.12557210073695071, 0.5990514180919928, 0.2346009918611626, 0.04077548920989383], [0.31213554736830734, 0.21451532838583606, 0.25877180692946034, 0.21457731721639628]], "ideal": "D", "sampled": "D", "correct": true}}
{"type": "result", "data": {"idx": 47, "options": ["anomaly detection", "one-class detection", "train-test mismatch robustness", "background detection"], "probs": [[0.3815044189147346, 0.48983624891960803, 0.12385635157459926, 0.004802980491058107], [0.09460438500642722, 0.1071978476872292, 0.006048485918692086, 0.7921492812876515], [0.046926331567482195, 0.008681269751324116, 0.831813283431525, 0.1125791151496686], [0.0037198901575210977, 0.80323627482946, 0.17922245606856485, 0.013821378844453978]], "ideal": "A", "sampled": "A", "correct": true}}
{"type": "result", "data": {"idx": 48, "options": ["True, True", "False, False", "True, False", "False, True"], "probs": [[0.25568926236572537, 0.03684203685137999, 0.6133836484333536, 0.09408505224954103], [0.015930664735462743, 0.10388035471389437, 0.5977832925256802, 0.28240568792496273], [0.008392757933845536, 0.020133650033090707, 0.9700144277485021, 0.0014591641845616335], [0.06402607768036625, 0.8303298640043004, 0.07723018983611826, 0.028413868379215102]], "ideal": "D", "sampled": "A", "correct": false}}
{"type": "result", "data": {"idx": 49, "options": ["True, True", "False, False", "True, False", "False, True"], "probs": [[0.1180086385411665, 0.04920181802458782, 0.7696018498902053, 0.06318769344404038], [0.05409796122592649, 0.3997666805600207, 0.5133106073722232, 0.0328247507418296], [0.13382848223451202, 0.2833497935301531, 0.5635310639555723, 0.019290660179762605], [0.20205548554169792, 0.4847289955483606, 0.22896975447160434, 0.08424576433833716]], "ideal": "D", "sampled": "C", "correct": false}}
{"type": "result", "data": {"idx": 50, "options": ["O(1)", "O( N )", "O(log N )", "O( N^2 )"], "probs": [[0.006183447060204926, 0.8098879134971162, 0.1594707125831004, 0.024457926759578454], [0.22203269350507027, 0.0720935828305185, 0.6838835400715154, 0.021990183492895794], [0.02750994343462262, 0.5525726459292851, 0.08473413105315365, 0.3351832794829386], [0.17669655916525695, 0.01862814176601134, 0.791873173775458, 0.01280212519327376]], "ideal": "B", "sampled": "B", "correct": true}}
{"type": "result", "data": {"idx": 51, "options": ["True, True", "False, False", "True, False", "False, True"], "probs": [[0.07181116763986552, 0.029942927154031393, 0.8749224330839447, 0.023323472022158457], [0.048880835311164314, 0.49372897742683036, 0.43569080092122675, 0.021699386240778572], [0.1518683987908918, 0.2209957547224575, 0.6007287330840537, 0.026407113302597002], [0.19337942856877993, 0.4093658273624793, 0.26432259463543506, 0.13293214933330572]], "ideal": "A", "sampled": "C", "correct": false}}
{"type": "result", "data": {"idx": 52, "options": ["True, True", "False, False", "True, False", "False, True"], "probs": [[0.056940882968119305, 0.06453844856169322, 0.8368449743980398, 0.041675693972147584], [0.05562564848300421, 0.49586490164241176, 0.43755171728251546, 0.010957732492068587], [0.22307180863199258, 0.41679294776293324, 0.1632209791029629, 0.19691426440211124], [0.28221223176000027, 0.1711900408572138, 0.385759150731122, 0.16083857655166398]], "ideal": "D", "sampled": "C", "correct": false}}
{"type": "result", "data": {"idx": 53, "options": ["Is unbounded, encompassing all real numbers.", "Is unbounded, encompassing all integers.", "Is bounded between 0 and 1.", "Is bounded between -1 and 1."], "probs": [[0.0017100329234521372, 0.002337512321409808, 0.8320924022480959, 0.16386005240704216], [0.0008480084768494207, 0.5298415313041582, 0.467514952305008, 0.0017955078139843584], [0.8130767783257711, 0.18142868385497965, 0.004542257215415766, 0.000952280503833517], [0.20034133015007546, 0.005340896509661199, 0.0018457643771534692, 0.7924720088631099]], "ideal": "C", "sampled": "C", "correct": true}}
{"type": "result", "data": {"idx": 54, "options": ["Linear hard-margin SVM.", "Linear Logistic Regression.", "Linear Soft margin SVM.", "The centroid method."], "probs": [[0.710883902112014, 0.13998841977231247, 0.10901596938071317, 0.04011170863496034], [0.11196848510223971, 0.03208287418494004, 0.028310935380190968, 0.8276377052326293], [0.011417434071180904, 0.015610290035475797, 0.9655967545178401, 0.00737552127550319], [0.13558491962101527, 0.6886225886801993, 0.15364847961283687, 0.022144011985948505]], "ideal": "A", "sampled": "A", "correct": true}}
{"type": "result", "data": {"idx": 55, "options": ["Partitioning based clustering", "K-means clustering", "Grid based clustering", "All of the above"], "probs": [[0.023330419607459022, 0.008584076985518078, 0.1953523111704305, 0.7727331921365924], [0.006082803790403972, 0.5143703487630228, 0.07888124545052584, 0.4006656018960474], [0.059823533816745086, 0.34427194886228024, 0.5676392764273569, 0.02826524079361772], [0.19308028393989132, 0.2809266939133107, 0.06268568847872469, 0.46330733356807324]], "ideal": "D", "sampled": "D", "correct": true}}
{"type": "result", "data": {"idx": 56, "options": ["True, True", "False, False", "True, False", "False, True"], "probs": [[0.1340816472024955, 0.03842255802718706, 0.771586632740779, 0.05590916192953849], [0.03749681785346704, 0.31397424253815387, 0.5176223803466078, 0.1309065591617713], [0.04129184362454455, 0.07248162394791605, 0.8828340071164908, 0.0033925252110485887], [0.15582313744893955, 0.6560737954370334, 0.1375096835531024, 0.0505933834609247]], "ideal": "D", "sampled": "A", "correct": false}}
{"type": "result", "data": {"idx": 57, "options": ["True, True", "False, False", "True, False", "False, True"], "probs": [[0.17009677752599514, 0.037960509070884996, 0.76237693135515, 0.029565781947969858], [0.047713652959368406, 0.35257274434278413, 0.45271236374488866, 0.14700123885295882], [0.023567453587123272, 0.032217379246429624, 0.9413985981824465, 0.0028165688840005873], [0.16381984459252558, 0.6479425832594419, 0.1538957758423041, 0.03434179620572841]], "ideal": "D", "sampled": "A", "correct": false}}
{"type": "result", "data": {"idx": 58, "options": ["P(E, F), P(H), P(E|H), P(F|H)", "P(E, F), P(H), P(E, F|H)", "P(H), P(E|H), P(F|H)", "P(E, F), P(E|H), P(F|H)"], "probs": [[0.1370577148692471, 0.5420813287002961, 0.06474148122268099, 0.2561194751077758], [0.01888085036918042, 0.010760660532042074, 0.7542222855909733, 0.2161362034078042], [0.009247114087418582, 0.032280292839760534, 0.9432209869755974, 0.01525160599722347], [0.06396519898858279, 0.6877237897526516, 0.2232570266777155, 0.02505398448105014]], "ideal": "B", "sampled": "A", "correct": false}}
{"type": "result", "data": {"idx": 59, "options": ["The use of sampling with replacement as the sampling technique", "The use of weak classifiers", "The use of classification algorithms which are not prone to overfitting", "The practice of validation performed on every classifier trained"], "probs": [[0.24138220479088532, 0.7435095701242181, 0.006847450786516967, 0.008260774198379523], [0.45008826959826037, 0.014468795872945769, 0.025390569336380633, 0.5100523650924131], [0.011478158740392859, 0.031201809903109466, 0.045397628474705035, 0.9119224027817926], [0.017349264621353024, 0.8359630868986981, 0.14526314284523376, 0.0014245055347151254]], "ideal": "B", "sampled": "B", "correct": true}}
{"type": "result", "data": {"idx": 60, "options": ["True, True", "False, False", "True, False", "False, True"], "probs": [[0.16005704460630146, 0.10334652867307667, 0.6739040261032196, 0.06269240051740224], [0.08224862935687106, 0.4446494049082013, 0.4446692830575281, 0.02843268257739952], [0.22120272156551415, 0.28403709023675516, 0.46833105024538996, 0.026429137852340728], [0.23816297236197845, 0.4179744893498129, 0.28728773330891993, 0.05657480487928872]], "ideal": "B", "sampled": "C", "correct": false}}
{"type": "result", "data": {"idx": 61, "options": ["True, True", "False, False", "True, False", "False, True"], "probs": [[0.1316557096010511, 0.04844324175541134, 0.7576894593315032, 0.06221158921203431], [0.06901177056754058, 0.5099656609865248, 0.3971616647581803, 0.023860903587754233], [0.11622379080421935, 0.11624080047878578, 0.757985192534966, 0.009550216082028863], [0.24735753512171155, 0.4341405380173316, 0.2632984846190646, 0.055203442141892274]], "ideal": "A", "sampled": "C", "correct": false}}
{"type": "result", "data": {"idx": 62, "options": ["0", "1", "2", "3"], "probs": [[0.10392717338979568, 0.4110474311596233, 0.46579728189572417, 0.01922811345485684], [0.1952312646679931, 0.26684735017871736, 0.2355088959550458, 0.30241248909824375], [0.1457379820357269, 0.27228028936761023, 0.50868657174468, 0.07329515675198282], [0.055129237056753266, 0.49138089643436594, 0.3826878339959369, 0.07080203241294383]], "ideal": "C", "sampled": "A", "correct": false}}
{"type": "result", "data": {"idx": 63, "options": ["The examples farthest from the decision boundary.", "The only examples necessary to compute f(x) in an SVM.", "The data centroid.", "All the examples that have a non-zero weight \u03b1k in a SVM."], "probs": [[0.8390050035128161, 0.036866423185267484, 0.010561837941566319, 0.11356673526035009], [0.02244891840264751, 0.0030386257732262023, 0.01981208149613147, 0.9547003742279948], [0.000749806463862729, 0.005540493429494066, 0.9917946851134681, 0.0019150148931750706], [0.007715405430373263, 0.9493161416472427, 0.04170878483110943, 0.001259667991274693]], "ideal": "B", "sampled": "A", "correct": false}}
{"type": "result", "data": {"idx": 64, "options": ["True, True", "False, False", "True, False", "False, True"], "probs": [[0.12911149377159495, 0.07832169240221622, 0.6980736590941423, 0.09449315463204652], [0.07733032649983426, 0.3255999897124611, 0.5368236162804978, 0.06024606740720686], [0.15818871038357682, 0.29556911017356885, 0.5187399109649796, 0.02750226837787468], [0.23307221430974379, 0.3609944176016535, 0.2811510180802821, 0.1247823499083206]], "ideal": "A", "sampled": "C", "correct": false}}
{"type": "result", "data": {"idx": 65, "options": ["Regularization is too low and model is overfitting", "Regularization is too high and model is underfitting", "Step size is too large", "Step size is too small"], "probs": [[0.19629744004083724, 0.6852663863226293, 0.10507329718672101, 0.013362876349812439], [0.12984571624110913, 0.3115490500569387, 0.044876524529037946, 0.5137287090729142], [0.026051367494224185, 0.0708257005327049, 0.8627606871965262, 0.04036224467654467], [0.018207388539501865, 0.774286114325763, 0.19574785813960544, 0.011758638895129665]], "ideal": "C", "sampled": "A", "correct": false}}
{"type": "result", "data": {"idx": 66, "options": ["0.0495", "0.078", "0.635", "0.97"], "probs": [[0.10821903535448722, 0.08428459809257476, 0.7996527626537201, 0.007843603799217877], [0.04216949943119762, 0.5821632644706889, 0.3530900716841835, 0.022577164313929934], [0.18538988181957972, 0.3463538967376299, 0.4446821104965561, 0.023574110846234324], [0.021729240475107176, 0.4100039654374418, 0.46458110814378734, 0.1036856858436637]], "ideal": "C", "sampled": "C", "correct": true}}
{"type": "result", "data": {"idx": 67, "options": ["True, True", "False, False", "True, False", "False, True"], "probs": [[0.1126392106873436, 0.046967226832255744, 0.7345244856393273, 0.10586907674107336], [0.048959028882834724, 0.36176986172474224, 0.5263857342965849, 0.06288537499583814], [0.10815089838924996, 0.24374530790301244, 0.6224002946648239, 0.02570349894291367], [0.1404107892617714, 0.555361840392953, 0.1802910077565032, 0.12393636248877238]], "ideal": "A", "sampled": "A", "correct": true}}
{"type": "result", "data": {"idx": 68, "options": ["True, True", "False, False", "True, False", "False, True"], "probs": [[0.19136031825537617, 0.09622719568067517, 0.6274801176522583, 0.08493236831169029], [0.06831771160097354, 0.4742353575732753, 0.41851124319164795, 0.03893568753410323], [0.21592433507155934, 0.2446826370782552, 0.5180058420899412, 0.021387185660244282], [0.28417676949059073, 0.4134668447918005, 0.2841855611757761, 0.018170824441832645]], "ideal": "A", "sampled": "C", "correct": false}}
{"type": "result", "data": {"idx": 69, "options": ["Expectation Maximization", "CART", "Gaussian Na\u00efve Bayes", "Apriori"], "probs": [[0.7421847097271856, 0.18765484061465773, 0.05376266337078143, 0.016397786187375214], [0.008036696315708346, 0.003566521902266954, 0.059384248882111614, 0.929012532799913], [0.0010259993163185032, 0.0035813129582638647, 0.9929311296451802, 0.0024615579802374286], [0.0033921769768084035, 0.9405599301635589, 0.04682669896814668, 0.009221193791486004]], "ideal": "A", "sampled": "A", "correct": true}}
{"type": "result", "data": {"idx": 70, "options": ["Your decision trees are too shallow.", "You need to increase the learning rate.", "You are overfitting.", "None of the above."], "probs": [[0.0010933937728244726, 0.0019191051531698298, 0.9940150833818879, 0.0029724175921177825], [0.002425404366645585, 0.9785075595653246, 0.01792116351638729, 0.0011458724516425181], [0.9667837335652925, 0.022736997145851406, 0.00836427257373963, 0.002114996615116518], [0.005849579032729687, 0.0075119772979736175, 0.002763561043610045, 0.9838748825256867]], "ideal": "A", "sampled": "C", "correct": false}}
{"type": "result", "data": {"idx": 71, "options": ["linear in K", "quadratic in K", "cubic in K", "exponential in K"], "probs": [[0.3348843430028924, 0.29551943913485235, 0.10872102446719815, 0.2608751932950571], [0.08105211089676428, 0.009096269546254131, 0.03828630264578401, 0.8715653168111975], [0.052833812594083145, 0.04380616042157562, 0.826473032556587, 0.07688699432775425], [0.04455653643991832, 0.6970386012250313, 0.12112058133345477, 0.13728428090159567]], "ideal": "A", "sampled": "A", "correct": true}}
