{"type": "result", "data": {"idx": 0, "options": ["Wrong, Wrong", "Wrong, Not wrong", "Not wrong, Wrong", "Not wrong, Not wrong"], "probs": [[0.1659570323176676, 0.16595336663171384, 0.08883182686535876, 0.5792577740852598], [0.05749517421616068, 0.7936963679430558, 0.06515013879705024, 0.0836583189437333], [0.23004592514705446, 0.0399777967461438, 0.7085763813481134, 0.02139989665868832], [0.0468367937669766, 0.5706056398372881, 0.34607842818970563, 0.03647913810602965]], "ideal": "D", "sampled": "A", "correct": false}}
{"type": "result", "data": {"idx": 1, "options": ["Wrong, Wrong", "Wrong, Not wrong", "Not wrong, Wrong", "Not wrong, Not wrong"], "probs": [[0.10153537556627745, 0.4550499794229279, 0.27600657835891546, 0.16740806655187918], [0.058339767152197484, 0.8053725957065111, 0.040097139771743305, 0.09619049726954812], [0.18695589313435573, 0.036814739844215585, 0.7394134163578076, 0.0368159505636211], [0.021131926660394148, 0.3305679178836381, 0.6175515457636669, 0.0307486095923009]], "ideal": "A", "sampled": "C", "correct": false}}
{"type": "result", "data": {"idx": 2, "options": ["Wrong, Wrong", "Wrong, Not wrong", "Not wrong, Wrong", "Not wrong, Not wrong"], "probs": [[0.06263838336070142, 0.19293838397352023, 0.07098190163748347, 0.6734413309282948], [0.03439410338962906, 0.8870462013071684, 0.03439498255812304, 0.04416471264507957], [0.14942687733397297, 0.029425353851102277, 0.7588522586569733, 0.06229551005795145], [0.042011200751466554, 0.398593538980656, 0.5117874664780198, 0.04760779368985766]], "ideal": "D", "sampled": "A", "correct": false}}
{"type": "result", "data": {"idx": 3, "options": ["Wrong, Wrong", "Wrong, Not wrong", "Not wrong, Wrong", "Not wrong, Not wrong"], "probs": [[0.217016940526557, 0.4054229077847381, 0.24592563898224687, 0.13163451260645803], [0.050269106220724266, 0.7863411570189976, 0.056962361600742424, 0.10642737505953567], [0.17268966533109578, 0.03000988993430994, 0.773926924252761, 0.023373520381833334], [0.02590907967051628, 0.4052916236703576, 0.5203914729051011, 0.048407823654024934]], "ideal": "B", "sampled": "A", "correct": false}}
{"type": "result", "data": {"idx": 4, "options": ["Wrong, Wrong", "Wrong, Not wrong", "Not wrong, Wrong", "Not wrong, Not wrong"], "probs": [[0.0021772728488499093, 0.002177280299431048, 0.0003136697278834637, 0.9953317770238356], [0.02617779295844939, 0.7650288710714613, 0.03808890169213096, 0.17070443417795828], [0.31675956830044366, 0.04287024001610134, 0.5917914729640966, 0.0485787186193584], [0.27699630830655464, 0.5174972298783256, 0.0374883181380621, 0.16801814357705763]], "ideal": "D", "sampled": "D", "correct": true}}
{"type": "result", "data": {"idx": 5, "options": ["Wrong, Wrong", "Wrong, Not wrong", "Not wrong, Wrong", "Not wrong, Not wrong"], "probs": [[0.10097038744870424, 0.39934971924602997, 0.31102877852190614, 0.18865111468335963], [0.058517465243372715, 0.8078219534489915, 0.07513915225526771, 0.05852142895236801], [0.31115367310019393, 0.08914605327967809, 0.45271201905450037, 0.14698825446562763], [0.03146144213326805, 0.19272596934398264, 0.6726474616289067, 0.10316512679384263]], "ideal": "C", "sampled": "C", "correct": true}}
{"type": "result", "data": {"idx": 6, "options": ["Wrong, Wrong", "Wrong, Not wrong", "Not wrong, Wrong", "Not wrong, Not wrong"], "probs": [[0.07821987548704658, 0.5100766517102555, 0.39723329827920634, 0.014470174423491548], [0.05929058875005982, 0.8184812863833172, 0.0862649488309026, 0.035963175935720404], [0.27556096709149136, 0.04788709293152977, 0.6610045837591244, 0.015547356117854431], [0.02774336752715317, 0.23229372542318433, 0.715478361914058, 0.024484545035604464]], "ideal": "D", "sampled": "C", "correct": false}}
{"type": "result", "data": {"idx": 7, "options": ["Wrong, Wrong", "Wrong, Not wrong", "Not wrong, Wrong", "Not wrong, Not wrong"], "probs": [[0.10062398690182961, 0.5110255225924465, 0.07836915332280492, 0.309981337082919], [0.05579618717371454, 0.7702693830203368, 0.05579885820702743, 0.11813557149892129], [0.11870879324951429, 0.04367150235718371, 0.7740734584131593, 0.0635462458801427], [0.03239034788604245, 0.23933767735045128, 0.650559947189603, 0.07771202747390334]], "ideal": "D", "sampled": "B", "correct": false}}
{"type": "result", "data": {"idx": 8, "options": ["Wrong, Wrong", "Wrong, Not wrong", "Not wrong, Wrong", "Not wrong, Not wrong"], "probs": [[0.21140567326202891, 0.5746540851419477, 0.06863619181911657, 0.1453040496769068], [0.015420137113180694, 0.5786194504367201, 0.00825392412501193, 0.39770648822508725], [0.052725860896191724, 0.005557498164610654, 0.9345805387462407, 0.00713610209295689], [0.012405069478832397, 0.8696719418577993, 0.09166090829738054, 0.026262080265987805]], "ideal": "A", "sampled": "A", "correct": true}}
{"type": "result", "data": {"idx": 9, "options": ["Wrong, Wrong", "Wrong, Not wrong", "Not wrong, Wrong", "Not wrong, Not wrong"], "probs": [[0.10147367568005171, 0.35418493079853114, 0.4547874100764898, 0.08955398334492738], [0.09503895255805006, 0.7022302903031237, 0.09503440025320403, 0.1076963567856222], [0.2505628219670412, 0.038426232376369766, 0.681083037434794, 0.02992790812179492], [0.02564385771882849, 0.27570364441338624, 0.6613391176596748, 0.037313380108110486]], "ideal": "C", "sampled": "C", "correct": true}}
{"type": "result", "data": {"idx": 10, "options": ["Wrong, Wrong", "Wrong, Not wrong", "Not wrong, Wrong", "Not wrong, Not wrong"], "probs": [[0.5374815463482294, 0.25388216969812255, 0.07274042069184553, 0.13589586316180258], [0.10485064354441079, 0.6836993173984626, 0.038572784940462276, 0.17287725401666434], [0.25105593073569393, 0.04943695383465926, 0.6824211008615304, 0.0170860144681164], [0.07721519328447554, 0.5705532281335522, 0.30539515020363134, 0.04683642827834091]], "ideal": "D", "sampled": "A", "correct": false}}
{"type": "result", "data": {"idx": 11, "options": ["Wrong, Wrong", "Wrong, Not wrong", "Not wrong, Wrong", "Not wrong, Not wrong"], "probs": [[0.19430311130821287, 0.46609631436553894, 0.32036152657845113, 0.019239047647797044], [0.15924313729215434, 0.6298188599476248, 0.15923686390385325, 0.05170113875636767], [0.2962344018095509, 0.045430601061720345, 0.6271101890166909, 0.031224808012037857], [0.03110572601858832, 0.2298499563061806, 0.7079366655815013, 0.03110765199372983]], "ideal": "B", "sampled": "B", "correct": true}}
{"type": "result", "data": {"idx": 12, "options": ["Wrong, Wrong", "Wrong, Not wrong", "Not wrong, Wrong", "Not wrong, Not wrong"], "probs": [[0.16021646438265702, 0.3843339950629142, 0.38435113139815774, 0.07109840905627104], [0.13257252279719664, 0.5941305953625616, 0.1928832550455769, 0.08041362669466486], [0.19140915766819225, 0.037691783542337355, 0.7570315080192508, 0.013867550670219622], [0.030193450538238183, 0.3246161011339738, 0.6064189572816291, 0.0387714909461589]], "ideal": "C", "sampled": "A", "correct": false}}
{"type": "result", "data": {"idx": 13, "options": ["Wrong, Wrong", "Wrong, Not wrong", "Not wrong, Wrong", "Not wrong, Not wrong"], "probs": [[0.8246556754714218, 0.09848924294154195, 0.06769407243571245, 0.009161009051323792], [0.09294560758463538, 0.6867803488010409, 0.02350033126909716, 0.19677371224522652], [0.10496066790362653, 0.00861605218594184, 0.8788193074629832, 0.007603972347448434], [0.01717932588393422, 0.7305069054789324, 0.23715226183469998, 0.01516150670243338]], "ideal": "A", "sampled": "A", "correct": true}}
{"type": "result", "data": {"idx": 14, "options": ["Wrong, Wrong", "Wrong, Not wrong", "Not wrong, Wrong", "Not wrong, Not wrong"], "probs": [[0.10030460954525032, 0.30895994951972966, 0.35010238584965536, 0.24063305498536466], [0.05637747652321633, 0.7782765945052759, 0.09295074276612342, 0.07239518610538431], [0.1967704014958842, 0.04390541169242566, 0.6060714314671052, 0.15325275524458498], [0.03419646489923775, 0.17365720605412624, 0.6868089922924878, 0.10533733665414813]], "ideal": "D", "sampled": "C", "correct": false}}
{"type": "result", "data": {"idx": 15, "options": ["Wrong, Wrong", "Wrong, Not wrong", "Not wrong, Wrong", "Not wrong, Not wrong"], "probs": [[0.022784421637852555, 0.1021196106866947, 0.5186134247841326, 0.3564825427913201], [0.016214669896824168, 0.885320129980584, 0.034327587676430835, 0.06413761234616099], [0.11985407246669029, 0.01622165397060224, 0.781540467913162, 0.08238380554954541], [0.010853231226442953, 0.2799119779613485, 0.5925469635248399, 0.11668782718736861]], "ideal": "A", "sampled": "C", "correct": false}}
{"type": "result", "data": {"idx": 16, "options": ["Wrong, Wrong", "Wrong, Not wrong", "Not wrong, Wrong", "Not wrong, Not wrong"], "probs": [[0.16271378461984878, 0.2682616472332507, 0.06783079506890458, 0.5011937729779959], [0.052361258130160626, 0.8190887675324618, 0.05236211867229322, 0.07618785556508424], [0.3200920384762777, 0.055625257487656024, 0.5980055671441681, 0.026277136791898144], [0.05001477002663414, 0.47454246015016405, 0.41876452048843027, 0.05667824923477153]], "ideal": "D", "sampled": "A", "correct": false}}
{"type": "result", "data": {"idx": 17, "options": ["Wrong, Wrong", "Wrong, Not wrong", "Not wrong, Wrong", "Not wrong, Not wrong"], "probs": [[0.02105948022917014, 0.11384577663478657, 0.02386408560799111, 0.8412306574280521], [0.032935246821924676, 0.8494172095403024, 0.047920837993598114, 0.06972670554417479], [0.28529310011027575, 0.03861208230904993, 0.6039562179739596, 0.07213859950671474], [0.04407496393804191, 0.5369457621966758, 0.32566762088583984, 0.09331165287944242]], "ideal": "C", "sampled": "C", "correct": true}}
{"type": "result", "data": {"idx": 18, "options": ["Wrong, Wrong", "Wrong, Not wrong", "Not wrong, Wrong", "Not wrong, Not wrong"], "probs": [[0.009089763791765631, 0.08624201757042008, 0.7220874242203303, 0.1825807943174839], [0.023314078277973955, 0.8748706412871948, 0.06337460873499132, 0.038440671599839896], [0.3229335937703409, 0.030039085032527144, 0.603319368240891, 0.043707952856240885], [0.017412648770810144, 0.11354371920503314, 0.7403751511382998, 0.1286684807858569]], "ideal": "C", "sampled": "C", "correct": true}}
{"type": "result", "data": {"idx": 19, "options": ["Wrong, Wrong", "Wrong, Not wrong", "Not wrong, Wrong", "Not wrong, Not wrong"], "probs": [[0.6176072769014632, 0.33056499557922103, 0.050707524976914414, 0.001120202442401266], [0.14563493700424332, 0.7395881551432892, 0.03682159328132698, 0.07795531447114042], [0.1604625616906298, 0.019164950064137605, 0.8148809249091559, 0.0054915632360766665], [0.029655932757381993, 0.6749712510977237, 0.28136355861197127, 0.014009257432923049]], "ideal": "A", "sampled": "A", "correct": true}}
{"type": "result", "data": {"idx": 20, "options": ["Wrong, Wrong", "Wrong, Not wrong", "Not wrong, Wrong", "Not wrong, Not wrong"], "probs": [[0.08084094523575136, 0.3623151182766042, 0.46523293848153763, 0.09161099790610684], [0.037157892900283505, 0.8457097347299706, 0.0694196218971062, 0.047712750372639744], [0.17289391480322364, 0.03404554787767618, 0.7748357797167433, 0.018224757502356807], [0.02586655032673703, 0.2960223952541324, 0.6266677589088225, 0.05144329541030801]], "ideal": "D", "sampled": "C", "correct": false}}
{"type": "result", "data": {"idx": 21, "options": ["Wrong, Wrong", "Wrong, Not wrong", "Not wrong, Wrong", "Not wrong, Not wrong"], "probs": [[0.7018238485090417, 0.06528109478598516, 0.22786093339483188, 0.005034123210141299], [0.2476927766988051, 0.46275099540536124, 0.21858654564002156, 0.07096968215581205], [0.14473722057539967, 0.011881346435091991, 0.8328957348646179, 0.010485698024890393], [0.020938460045306036, 0.42057749393161975, 0.5400042716988057, 0.018479774224268518]], "ideal": "A", "sampled": "A", "correct": true}}
{"type": "result", "data": {"idx": 22, "options": ["Wrong, Wrong", "Wrong, Not wrong", "Not wrong, Wrong", "Not wrong, Not wrong"], "probs": [[0.09719151930141448, 0.33922576648161723, 0.2641991356928262, 0.29938357842414204], [0.05824819514040584, 0.7096151033494849, 0.10882005717835841, 0.12331664423175086], [0.2580777416048572, 0.06525364541821929, 0.6190795324834483, 0.05758908039347524], [0.029669259592156196, 0.31898292786583765, 0.5959148425244452, 0.055432969917560984]], "ideal": "A", "sampled": "C", "correct": false}}
{"type": "result", "data": {"idx": 23, "options": ["Wrong, Wrong", "Wrong, Not wrong", "Not wrong, Wrong", "Not wrong, Not wrong"], "probs": [[0.7565791972548526, 0.16881636600971642, 0.07037802380705295, 0.004226412828378062], [0.12582723584175032, 0.82049177693487, 0.021865492317893868, 0.03181549480548588], [0.1791870093408745, 0.012980976685150455, 0.8030562756731843, 0.004775738200790795], [0.040901480348911265, 0.6398254358203422, 0.3022214938563858, 0.017051589874360677]], "ideal": "B", "sampled": "A", "correct": false}}
{"type": "result", "data": {"idx": 24, "options": ["Wrong, Wrong", "Wrong, Not wrong", "Not wrong, Wrong", "Not wrong, Not wrong"], "probs": [[0.591684062175311, 0.27948607065530606, 0.10283192282486354, 0.025997944244519452], [0.2168650651155925, 0.5894593065699739, 0.06212854826717784, 0.13154707994725573], [0.35487722223258555, 0.04238519310425255, 0.5850673132062798, 0.017670271356882008], [0.057385393229530936, 0.5444933246490006, 0.3741957593695835, 0.023925522651885016]], "ideal": "A", "sampled": "A", "correct": true}}
{"type": "result", "data": {"idx": 25, "options": ["Wrong, Wrong", "Wrong, Not wrong", "Not wrong, Wrong", "Not wrong, Not wrong"], "probs": [[0.09020558676558506, 0.3567663702252894, 0.4042927592268654, 0.1487352836822601], [0.061206898058199635, 0.6580576332174608, 0.16637599531146133, 0.11435947331287824], [0.12672030142472274, 0.024953091046312957, 0.8263037069602858, 0.022022900468678528], [0.02341303038472308, 0.3232137256477659, 0.6038042891095936, 0.04956895475791736]], "ideal": "A", "sampled": "A", "correct": true}}
{"type": "result", "data": {"idx": 26, "options": ["Wrong, Wrong", "Wrong, Not wrong", "Not wrong, Wrong", "Not wrong, Not wrong"], "probs": [[0.11079359713838793, 0.38670762694232697, 0.3412845039792015, 0.16121427184008355], [0.09503639984115393, 0.7022292979522043, 0.10769035482695019, 0.0950439472796915], [0.29836450448217905, 0.058752131372291766, 0.557396144350959, 0.08548721969457024], [0.026276138264505138, 0.3200985562503292, 0.597997499897825, 0.055627805487340636]], "ideal": "A", "sampled": "C", "correct": false}}
{"type": "result", "data": {"idx": 27, "options": ["Wrong, Wrong", "Wrong, Not wrong", "Not wrong, Wrong", "Not wrong, Not wrong"], "probs": [[0.1031459906275984, 0.4622613661371355, 0.3177120207570184, 0.11688062237824773], [0.18400940982682493, 0.5666968436977129, 0.16237128384170763, 0.08692246253375455], [0.20283605815231248, 0.05811528622795578, 0.7079394764962127, 0.031109179023518972], [0.04114421314022966, 0.20894331905447322, 0.729222159530064, 0.020690308175233086]], "ideal": "C", "sampled": "B", "correct": false}}
{"type": "result", "data": {"idx": 28, "options": ["Wrong, Wrong", "Wrong, Not wrong", "Not wrong, Wrong", "Not wrong, Not wrong"], "probs": [[0.1679347492869963, 0.11542255688248944, 0.3137548039634024, 0.4028878897671118], [0.011117998354170693, 0.8831907386493935, 0.012598524624173877, 0.09309273827226196], [0.06606482141546714, 0.00894126032246531, 0.9119841857697323, 0.01300973239233529], [0.015337370505930491, 0.6521486116161191, 0.271851542622809, 0.06066247515514132]], "ideal": "C", "sampled": "A", "correct": false}}
{"type": "result", "data": {"idx": 29, "options": ["Wrong, Wrong", "Wrong, Not wrong", "Not wrong, Wrong", "Not wrong, Not wrong"], "probs": [[0.26542515976667297, 0.7215122750838071, 0.010292346913278034, 0.002770218136241895], [0.21495374085444074, 0.7502622792278628, 0.012127475185449842, 0.02265650463224659], [0.5891893681053035, 0.0797400274715562, 0.31536875111790147, 0.015701853205238776], [0.0163830022200262, 0.5425429555853354, 0.4225091503001915, 0.018564891794446918]], "ideal": "B", "sampled": "B", "correct": true}}
{"type": "result", "data": {"idx": 30, "options": ["Wrong, Wrong", "Wrong, Not wrong", "Not wrong, Wrong", "Not wrong, Not wrong"], "probs": [[0.09434864064627108, 0.42283666759727984, 0.22633900083333353, 0.25647569082311555], [0.0869087097368388, 0.727694066999575, 0.08691066178888228, 0.098486561374704], [0.16108432240609458, 0.040728818233835305, 0.6370916292030887, 0.16109523005698134], [0.03082538180838929, 0.29245921694115296, 0.6191214264764525, 0.0575939746740052]], "ideal": "D", "sampled": "B", "correct": false}}
{"type": "result", "data": {"idx": 31, "options": ["Wrong, Wrong", "Wrong, Not wrong", "Not wrong, Wrong", "Not wrong, Not wrong"], "probs": [[0.8962366480194375, 0.044622481125229346, 0.05729906560530697, 0.0018418051500262071], [0.17211122184575134, 0.7713452964740092, 0.03840268223511184, 0.018140799345127596], [0.2880661337053083, 0.01625247401009906, 0.6910246845599445, 0.0046567076246481045], [0.05881170664906434, 0.6322972891647866, 0.2986704762478732, 0.010220527838275895]], "ideal": "B", "sampled": "A", "correct": false}}
{"type": "result", "data": {"idx": 32, "options": ["Wrong, Wrong", "Wrong, Not wrong", "Not wrong, Wrong", "Not wrong, Not wrong"], "probs": [[0.5695784091379884, 0.30486512181094416, 0.11216030268739619, 0.013396166263671218], [0.35969426053098236, 0.5233078265585311, 0.09094005534518358, 0.026057857465302908], [0.539695069967386, 0.08276594958609575, 0.3273342464114482, 0.050204733935069995], [0.05095754247719327, 0.2932483288342996, 0.620768315515076, 0.035025813073431035]], "ideal": "B", "sampled": "B", "correct": true}}
{"type": "result", "data": {"idx": 33, "options": ["Wrong, Wrong", "Wrong, Not wrong", "Not wrong, Wrong", "Not wrong, Not wrong"], "probs": [[0.21509546640307484, 0.45534313992727743, 0.31297365702279323, 0.01658773654685449], [0.08078543600271622, 0.7664851317090682, 0.10372807520401094, 0.0490013569842047], [0.2565590816105045, 0.03064259775690513, 0.6973891085155387, 0.01540921201705163], [0.028415634907746012, 0.3252086900757409, 0.6075335076491949, 0.038842167267318206]], "ideal": "B", "sampled": "C", "correct": false}}
{"type": "result", "data": {"idx": 34, "options": ["Wrong, Wrong", "Wrong, Not wrong", "Not wrong, Wrong", "Not wrong, Not wrong"], "probs": [[0.221342154045775, 0.6016703264958196, 0.17239311603692886, 0.004594403321476507], [0.277444770543089, 0.5873506467717796, 0.1020662377724947, 0.03313834481263662], [0.2944175092407944, 0.06569654689658004, 0.6232731527442275, 0.01661279101839804], [0.03341018538888581, 0.19227407132728558, 0.7603858409957583, 0.013929902188070286]], "ideal": "A", "sampled": "B", "correct": false}}
{"type": "result", "data": {"idx": 35, "options": ["Wrong, Wrong", "Wrong, Not wrong", "Not wrong, Wrong", "Not wrong, Not wrong"], "probs": [[0.3982496620883596, 0.5113576133236417, 0.08886365729180783, 0.0015290671961908785], [0.14000220248979728, 0.8056526506834935, 0.03539755488420399, 0.018947591842505215], [0.3634340921811563, 0.029833539760646427, 0.5991887711896886, 0.007543596768508722], [0.02874794918411065, 0.5095842976533003, 0.4496828229244578, 0.011984930138131226]], "ideal": "B", "sampled": "A", "correct": false}}
{"type": "result", "data": {"idx": 36, "options": ["Wrong, Wrong", "Wrong, Not wrong", "Not wrong, Wrong", "Not wrong, Not wrong"], "probs": [[0.22627717639726808, 0.4790267446841534, 0.29055144808057803, 0.004144630738000487], [0.06214668975764784, 0.8579031908904008, 0.07041917320863503, 0.009530946043316346], [0.49552257875056893, 0.052228609935931106, 0.43728443120613125, 0.014964380007368728], [0.04217208129298578, 0.3531095047712057, 0.5821443730515989, 0.02257404078420963]], "ideal": "D", "sampled": "C", "correct": false}}
{"type": "result", "data": {"idx": 37, "options": ["Wrong, Wrong", "Wrong, Not wrong", "Not wrong, Wrong", "Not wrong, Not wrong"], "probs": [[0.2040895819459912, 0.48954433197848085, 0.23128192124438127, 0.07508416473114668], [0.11402306685046856, 0.6561346209494913, 0.10062320599735233, 0.12921910610268783], [0.18075199894760538, 0.05868251029104861, 0.7148580736846372, 0.045707416976708805], [0.028254761005352166, 0.30377311133816004, 0.6430333387830185, 0.024938788773469226]], "ideal": "B", "sampled": "A", "correct": false}}
{"type": "result", "data": {"idx": 38, "options": ["Wrong, Wrong", "Wrong, Not wrong", "Not wrong, Wrong", "Not wrong, Not wrong"], "probs": [[0.23779116201570674, 0.4442523609605407, 0.30535331740873345, 0.012603159515019105], [0.10601272477734364, 0.6912897743554369, 0.08256278801351592, 0.1201347127537035], [0.12859236581994393, 0.02234647130400923, 0.8385044533258669, 0.01055670945017999], [0.017534957265117914, 0.31082241393952004, 0.6579848280497683, 0.013657800645593686]], "ideal": "A", "sampled": "A", "correct": true}}
{"type": "result", "data": {"idx": 39, "options": ["Wrong, Wrong", "Wrong, Not wrong", "Not wrong, Wrong", "Not wrong, Not wrong"], "probs": [[0.06130544369675096, 0.2424858171616518, 0.5816574952165641, 0.11455124382503318], [0.04224059368421308, 0.8484337198110278, 0.047863971061422775, 0.06146171534333637], [0.18375594980576368, 0.06760150218675598, 0.7266926791786613, 0.021949868728818954], [0.02563093888922346, 0.35380737373784177, 0.5832646120660809, 0.03729707520685384]], "ideal": "C", "sampled": "C", "correct": true}}
{"type": "result", "data": {"idx": 40, "options": ["Wrong, Wrong", "Wrong, Not wrong", "Not wrong, Wrong", "Not wrong, Not wrong"], "probs": [[0.03759634410371153, 0.21637291720492496, 0.6664315908533375, 0.07959914773802605], [0.02567311882501284, 0.8501856173566604, 0.05434946626213787, 0.0697917974561889], [0.1077365047033341, 0.030868709383816282, 0.7960448706157572, 0.06534991519709232], [0.010168941014883599, 0.23143607957654064, 0.7128219186977047, 0.04557306061087108]], "ideal": "C", "sampled": "C", "correct": true}}
{"type": "result", "data": {"idx": 41, "options": ["Wrong, Wrong", "Wrong, Not wrong", "Not wrong, Wrong", "Not wrong, Not wrong"], "probs": [[0.4431159797123515, 0.23716637612104408, 0.30455504935217764, 0.015162594714426755], [0.11646724845717984, 0.7594618541913355, 0.09069885008512314, 0.033372047166361475], [0.33366711619324413, 0.02417402060897599, 0.6233311647113053, 0.018827698386474568], [0.04295268606390409, 0.4618264682670069, 0.4617655225184113, 0.03345532305067767]], "ideal": "B", "sampled": "A", "correct": false}}
{"type": "result", "data": {"idx": 42, "options": ["Wrong, Wrong", "Wrong, Not wrong", "Not wrong, Wrong", "Not wrong, Not wrong"], "probs": [[0.0031191905166053414, 0.015840610115044517, 0.001012669971371938, 0.9800275292969782], [0.09892345145157591, 0.6450491498879578, 0.14392992745442895, 0.11209747110603736], [0.24830139985953237, 0.04314978388153813, 0.6749420711100028, 0.03360674504892672], [0.20529038284348206, 0.49244780122267956, 0.20528516743729788, 0.09697664839654052]], "ideal": "D", "sampled": "D", "correct": true}}
{"type": "result", "data": {"idx": 43, "options": ["Wrong, Wrong", "Wrong, Not wrong", "Not wrong, Wrong", "Not wrong, Not wrong"], "probs": [[0.4130576739655369, 0.46803818894402455, 0.11835594907062018, 0.0005481879198183942], [0.354047209774917, 0.5836932776238005, 0.04228438462543665, 0.019975127875845818], [0.2597212461714972, 0.027375118472784832, 0.7059814247735192, 0.0069222104821987426], [0.012170690701876265, 0.3138848455154817, 0.6644651703487137, 0.009479293333928444]], "ideal": "B", "sampled": "B", "correct": true}}
{"type": "result", "data": {"idx": 44, "options": ["Wrong, Wrong", "Wrong, Not wrong", "Not wrong, Wrong", "Not wrong, Not wrong"], "probs": [[0.004027142807659281, 0.00966061576596355, 0.0008985877968219643, 0.9854136535295552], [0.07726333458967241, 0.7330541063816849, 0.07726220955208621, 0.11242034937655647], [0.3221990567819887, 0.04941222227617163, 0.6019388627272925, 0.02644985811454723], [0.13922660919108745, 0.6239644009458936, 0.17876880560061165, 0.05804018416240731]], "ideal": "D", "sampled": "A", "correct": false}}
{"type": "result", "data": {"idx": 45, "options": ["Wrong, Wrong", "Wrong, Not wrong", "Not wrong, Wrong", "Not wrong, Not wrong"], "probs": [[0.7114602902803818, 0.12363095545753125, 0.15875317110372195, 0.006155583058364969], [0.2890135850142686, 0.539948441999131, 0.1365172810486098, 0.03452069183799061], [0.28658176172864175, 0.0183210600945548, 0.6874593069254014, 0.007637871151402104], [0.04254914938649703, 0.5873838230580509, 0.35625253119442946, 0.013814496261022583]], "ideal": "A", "sampled": "A", "correct": true}}
{"type": "result", "data": {"idx": 46, "options": ["Wrong, Wrong", "Wrong, Not wrong", "Not wrong, Wrong", "Not wrong, Not wrong"], "probs": [[0.2748640313550725, 0.5818640838360614, 0.10112057767568648, 0.04215130703317969], [0.0561484000863894, 0.7750996032845152, 0.03405596548494025, 0.13469603104415515], [0.23321138276582243, 0.031562771586222046, 0.7183305607048875, 0.01689528484306793], [0.03179869102813741, 0.49743265649817053, 0.43896741324695276, 0.031801239126739274]], "ideal": "B", "sampled": "A", "correct": false}}
{"type": "result", "data": {"idx": 47, "options": ["Wrong, Wrong", "Wrong, Not wrong", "Not wrong, Wrong", "Not wrong, Not wrong"], "probs": [[0.07447008676871886, 0.42854576660064325, 0.2024382322460894, 0.29454591428454846], [0.051083787618956024, 0.7990980654928604, 0.0842222946160525, 0.065595852172131], [0.18075118948397847, 0.04570105300916876, 0.7148627031884716, 0.05868505421838119], [0.026863066515613956, 0.3272608451886893, 0.6113809183233448, 0.03449516987235194]], "ideal": "C", "sampled": "C", "correct": true}}
{"type": "result", "data": {"idx": 48, "options": ["Wrong, Wrong", "Wrong, Not wrong", "Not wrong, Wrong", "Not wrong, Not wrong"], "probs": [[0.4147638987159142, 0.2850591156390694, 0.28506915902246127, 0.015107826522555138], [0.2826550560511362, 0.5280519048631847, 0.11782255592028425, 0.07147048306539486], [0.4652664203555955, 0.04903975274786957, 0.4652501184847652, 0.02044370831176968], [0.04965330379804093, 0.36689553344484005, 0.5337959030816352, 0.049655259575483855]], "ideal": "B", "sampled": "C", "correct": false}}
{"type": "result", "data": {"idx": 49, "options": ["Wrong, Wrong", "Wrong, Not wrong", "Not wrong, Wrong", "Not wrong, Not wrong"], "probs": [[0.09376343012841128, 0.25488017146185105, 0.47617425658296375, 0.17518214172677393], [0.06810213387092418, 0.7321669408071222, 0.08744335080131786, 0.11228757442063575], [0.2756981001719677, 0.025645076748010573, 0.6613434544925859, 0.03731336848743576], [0.023672730521928947, 0.3267935027642892, 0.6105022038449787, 0.039031562768803235]], "ideal": "A", "sampled": "C", "correct": false}}
{"type": "result", "data": {"idx": 50, "options": ["Wrong, Wrong", "Wrong, Not wrong", "Not wrong, Wrong", "Not wrong, Not wrong"], "probs": [[0.4929167568895925, 0.4929040611011759, 0.011592521422949361, 0.002586660486282228], [0.33055874480530345, 0.61756092282697, 0.021132059209045772, 0.030748273058680848], [0.19610936835711348, 0.020670158386894125, 0.7756156277502948, 0.007604845405697531], [0.01966747641366741, 0.39504331346376104, 0.5747610330006904, 0.010528177021881142]], "ideal": "B", "sampled": "A", "correct": false}}
{"type": "result", "data": {"idx": 51, "options": ["Wrong, Wrong", "Wrong, Not wrong", "Not wrong, Wrong", "Not wrong, Not wrong"], "probs": [[0.585568555531726, 0.21542350549908315, 0.19011609080124078, 0.008891848067950016], [0.09304503229377017, 0.7790564820248784, 0.06394765954219285, 0.06395082603915855], [0.4068140079026886, 0.055058941411383115, 0.5223514806876196, 0.01577556989830865], [0.05035103149470114, 0.47772190325938185, 0.42157328438695535, 0.05035378075896162]], "ideal": "B", "sampled": "A", "correct": false}}
{"type": "result", "data": {"idx": 52, "options": ["Wrong, Wrong", "Wrong, Not wrong", "Not wrong, Wrong", "Not wrong, Not wrong"], "probs": [[0.4280497819108108, 0.22911635309236308, 0.33337639796119317, 0.009457466935632947], [0.13496873165318693, 0.6048968534023749, 0.19637301442966734, 0.06376140041477088], [0.2536096392695334, 0.03029090306842019, 0.6893659554368609, 0.02673350212518556], [0.042010536428536194, 0.3986039637496606, 0.5117783774718738, 0.04760712224992932]], "ideal": "B", "sampled": "A", "correct": false}}
{"type": "result", "data": {"idx": 53, "options": ["Wrong, Wrong", "Wrong, Not wrong", "Not wrong, Wrong", "Not wrong, Not wrong"], "probs": [[0.2876936868061613, 0.537459983482184, 0.15400518877022817, 0.02084114084142646], [0.11611241846115564, 0.5896443127996172, 0.04840218275301424, 0.245841085886213], [0.10204843567492697, 0.02580267595672812, 0.8544129219146736, 0.01773596635367141], [0.020843909391266277, 0.47442401928700734, 0.47440116090646206, 0.03033091031526429]], "ideal": "B", "sampled": "A", "correct": false}}
{"type": "result", "data": {"idx": 54, "options": ["Wrong, Wrong", "Wrong, Not wrong", "Not wrong, Wrong", "Not wrong, Not wrong"], "probs": [[0.45107487222889847, 0.2735889278977388, 0.27360430589622003, 0.0017318938771426406], [0.07953688097200945, 0.8551019795638278, 0.04257273855970684, 0.022788400804455905], [0.3585636233886787, 0.04282687876814001, 0.5911667804767885, 0.007442717266392813], [0.03649259267837445, 0.30555602286787803, 0.646820952758833, 0.011130431594914478]], "ideal": "D", "sampled": "C", "correct": false}}
{"type": "result", "data": {"idx": 55, "options": ["Wrong, Wrong", "Wrong, Not wrong", "Not wrong, Wrong", "Not wrong, Not wrong"], "probs": [[0.3398939307458937, 0.3398977752454097, 0.26472198467434943, 0.05548630923434721], [0.05833549775219921, 0.8053039281557458, 0.08487763968424478, 0.05148293430781022], [0.2505614911300639, 0.03842668843645174, 0.6810832441582935, 0.029928576175190947], [0.03571567777176213, 0.33887535659417845, 0.5586785236476142, 0.06673044188644528]], "ideal": "D", "sampled": "A", "correct": false}}
{"type": "result", "data": {"idx": 56, "options": ["Wrong, Wrong", "Wrong, Not wrong", "Not wrong, Wrong", "Not wrong, Not wrong"], "probs": [[0.05368807638808788, 0.3089567182082314, 0.3967171980922546, 0.2406380072114261], [0.038205840401364946, 0.7673848413539115, 0.04329325711467915, 0.15111606103004446], [0.14090214752883506, 0.016829023154150486, 0.8108266901337923, 0.03144213908322213], [0.0183659941128337, 0.4736694880321471, 0.47365056355549406, 0.03431395419952509]], "ideal": "A", "sampled": "A", "correct": true}}
{"type": "result", "data": {"idx": 57, "options": ["Wrong, Wrong", "Wrong, Not wrong", "Not wrong, Wrong", "Not wrong, Not wrong"], "probs": [[0.0889741650746203, 0.24185746954302556, 0.0889759532138568, 0.5801924120684974], [0.04234248020739798, 0.8504777981553339, 0.03736710958997273, 0.06981261194729542], [0.20779856824447754, 0.04091863743473431, 0.640051193169104, 0.1112316010516842], [0.031222749382030672, 0.29624071603941593, 0.6271052336546072, 0.045431300823946155]], "ideal": "D", "sampled": "C", "correct": false}}
{"type": "result", "data": {"idx": 58, "options": ["Wrong, Wrong", "Wrong, Not wrong", "Not wrong, Wrong", "Not wrong, Not wrong"], "probs": [[0.020407878924792452, 0.09146602093112285, 0.5263556631622325, 0.3617704368818522], [0.01023625289904525, 0.9214506869231516, 0.027825204966896687, 0.04048785511090651], [0.22334953641111882, 0.016179777318563363, 0.6879550660170706, 0.0725156201532472], [0.011569555487431743, 0.2323825771839588, 0.631659062029893, 0.12438880519871649]], "ideal": "C", "sampled": "C", "correct": true}}
{"type": "result", "data": {"idx": 59, "options": ["Wrong, Wrong", "Wrong, Not wrong", "Not wrong, Wrong", "Not wrong, Not wrong"], "probs": [[0.002174528007496037, 0.0031639335174594055, 0.0005852739983381417, 0.9940762643767064], [0.055830704865410107, 0.6801445952840877, 0.09204838997605125, 0.17197630977445094], [0.2399230220699773, 0.04724518795879588, 0.6521662254370656, 0.06066556443416119], [0.2688708522983482, 0.4432872401245038, 0.14391429291971955, 0.1439276145574285]], "ideal": "D", "sampled": "D", "correct": true}}
{"type": "result", "data": {"idx": 60, "options": ["Wrong, Wrong", "Wrong, Not wrong", "Not wrong, Wrong", "Not wrong, Not wrong"], "probs": [[0.11354862474451104, 0.44910494795775024, 0.12867252048038233, 0.3086739067173564], [0.05886188674401118, 0.8125726358545069, 0.0315090684160938, 0.09705640888538816], [0.177070777613007, 0.057486465772755686, 0.7002972207196735, 0.06514553579456377], [0.03728448462797474, 0.4542424667996483, 0.4542179990914209, 0.054255049380956]], "ideal": "A", "sampled": "A", "correct": true}}
{"type": "result", "data": {"idx": 61, "options": ["Wrong, Wrong", "Wrong, Not wrong", "Not wrong, Wrong", "Not wrong, Not wrong"], "probs": [[0.6153812388489137, 0.3732374596411805, 0.009947989103717152, 0.0014333123061886712], [0.23454572306461458, 0.7224469336130938, 0.01499422361028497, 0.028013119612006674], [0.38654393522073655, 0.040743061588928216, 0.5624109155108037, 0.010302087579531553], [0.030374693084978605, 0.41932702931697996, 0.5384022322189705, 0.011896045279070946]], "ideal": "B", "sampled": "A", "correct": false}}
{"type": "result", "data": {"idx": 62, "options": ["Wrong, Wrong", "Wrong, Not wrong", "Not wrong, Wrong", "Not wrong, Not wrong"], "probs": [[0.336969960325304, 0.4326598498763413, 0.20438585488140906, 0.025984334816945624], [0.1787524723456108, 0.623877782278788, 0.07451053930105339, 0.12285920597454783], [0.2509387311751411, 0.04360803750129386, 0.6821095016385103, 0.023343729585054842], [0.035612611422881926, 0.38286664451294444, 0.5570426329085619, 0.024478111055611644]], "ideal": "D", "sampled": "A", "correct": false}}
{"type": "result", "data": {"idx": 63, "options": ["Wrong, Wrong", "Wrong, Not wrong", "Not wrong, Wrong", "Not wrong, Not wrong"], "probs": [[0.41197946957983184, 0.3635586262791039, 0.19461848061141498, 0.029843423429649272], [0.09510336779931083, 0.7963055341777161, 0.05090432222086647, 0.057686775702106605], [0.337449278288452, 0.01903901598458038, 0.630425683908886, 0.013086021718081662], [0.023065979561111376, 0.5249934401301236, 0.40884508297554595, 0.04309549723321902]], "ideal": "B", "sampled": "A", "correct": false}}
{"type": "result", "data": {"idx": 64, "options": ["Wrong, Wrong", "Wrong, Not wrong", "Not wrong, Wrong", "Not wrong, Not wrong"], "probs": [[0.1730165876866241, 0.47029508734127473, 0.25174897156376536, 0.1049393533083358], [0.11718785365803946, 0.674360116484682, 0.1171846797106109, 0.09126735004666768], [0.20498446086199676, 0.05182882513695092, 0.7154426733905488, 0.027744040510503554], [0.034231398506253605, 0.3247822248967221, 0.6067532345548983, 0.0342331419421261]], "ideal": "D", "sampled": "A", "correct": false}}
{"type": "result", "data": {"idx": 65, "options": ["Wrong, Wrong", "Wrong, Not wrong", "Not wrong, Wrong", "Not wrong, Not wrong"], "probs": [[0.39690930090871995, 0.5096416529835923, 0.03258062935198586, 0.06086841665570187], [0.06794369585447278, 0.8277390731934251, 0.03636831959150341, 0.06794891126059868], [0.210476785089568, 0.04144688228119649, 0.7346196666487835, 0.013456665880451952], [0.031650383681954504, 0.38558986024675157, 0.5610046438828852, 0.021755112088408697]], "ideal": "B", "sampled": "A", "correct": false}}
{"type": "result", "data": {"idx": 66, "options": ["Wrong, Wrong", "Wrong, Not wrong", "Not wrong, Wrong", "Not wrong, Not wrong"], "probs": [[0.2410538283316951, 0.6552723667901365, 0.07826627850026455, 0.025407526277903856], [0.20503233371114807, 0.6315440534913805, 0.09685475378260044, 0.06656885891487098], [0.28243343354328126, 0.09169535764951461, 0.5979037562673803, 0.027967452439823782], [0.04559493512237335, 0.29733837689681647, 0.62940867605974, 0.027658011821070142]], "ideal": "D", "sampled": "B", "correct": false}}
{"type": "result", "data": {"idx": 67, "options": ["Wrong, Wrong", "Wrong, Not wrong", "Not wrong, Wrong", "Not wrong, Not wrong"], "probs": [[0.3912300419732942, 0.3912300419732942, 0.20941982907713944, 0.008120086876272208], [0.042240387007561137, 0.8484347872692244, 0.06145851611089313, 0.04786630951232136], [0.25873856199582285, 0.027272158892267577, 0.703308561931361, 0.010680717080548584], [0.027937520355337055, 0.3003637997383902, 0.6358243664565794, 0.03587431334969328]], "ideal": "D", "sampled": "A", "correct": false}}
{"type": "result", "data": {"idx": 68, "options": ["Wrong, Wrong", "Wrong, Not wrong", "Not wrong, Wrong", "Not wrong, Not wrong"], "probs": [[0.021804462963831883, 0.0461602170475218, 0.004865347838948927, 0.9271699720496974], [0.0498902423343274, 0.7804253086079624, 0.06406153981755683, 0.10562290914015328], [0.20658444096970507, 0.03168231656475545, 0.7210505088560133, 0.04068273350952615], [0.07707768850176443, 0.6453790212234477, 0.20951888431418342, 0.06802440586060442]], "ideal": "D", "sampled": "A", "correct": false}}
{"type": "result", "data": {"idx": 69, "options": ["Wrong, Wrong", "Wrong, Not wrong", "Not wrong, Wrong", "Not wrong, Not wrong"], "probs": [[0.2935024078494306, 0.48389926451965665, 0.15710909109386836, 0.06548923643704437], [0.13309290260089104, 0.7659045625137983, 0.06286803281043435, 0.03813450197487624], [0.3030000542080626, 0.03618954020592195, 0.6414376317411635, 0.019372773744851957], [0.04061478353287123, 0.43667390694196245, 0.49479406790631586, 0.0279172415188504]], "ideal": "B", "sampled": "A", "correct": false}}
{"type": "result", "data": {"idx": 70, "options": ["Wrong, Wrong", "Wrong, Not wrong", "Not wrong, Wrong", "Not wrong, Not wrong"], "probs": [[0.26530282797348825, 0.3406555538064078, 0.3860294987088893, 0.008012119411214633], [0.21853229543777308, 0.5242374573027461, 0.2476270065706226, 0.0096032405888583], [0.3281415206858006, 0.044410487462771424, 0.6130288394549438, 0.014419152296484175], [0.02292939420964521, 0.10276602025740891, 0.8603957142309259, 0.013908871202019968]], "ideal": "A", "sampled": "B", "correct": false}}
{"type": "result", "data": {"idx": 71, "options": ["Wrong, Wrong", "Wrong, Not wrong", "Not wrong, Wrong", "Not wrong, Not wrong"], "probs": [[0.291075249658932, 0.3298269101333025, 0.37376581365642875, 0.0053320264513367095], [0.1875145402535364, 0.5775626933867714, 0.18750714927830087, 0.04741561698139144], [0.19141780551165238, 0.0376934870180601, 0.7570207996289688, 0.013867907741318694], [0.03217987042745724, 0.30531833255184504, 0.6463189864924714, 0.016182810428226214]], "ideal": "A", "sampled": "A", "correct": true}}
{"type": "result", "data": {"idx": 72, "options": ["Wrong, Wrong", "Wrong, Not wrong", "Not wrong, Wrong", "Not wrong, Not wrong"], "probs": [[0.020444695742215385, 0.24907335167050682, 0.41065623054726075, 0.31982572194001707], [0.0188865061686085, 0.9099904707469979, 0.03113858523928341, 0.0399844377451102], [0.1138201462734142, 0.01977962797704814, 0.841001901216329, 0.025398324433208618], [0.013187891323358005, 0.34010850144480315, 0.5607083831654558, 0.085995223966383]], "ideal": "C", "sampled": "C", "correct": true}}
{"type": "result", "data": {"idx": 73, "options": ["Wrong, Wrong", "Wrong, Not wrong", "Not wrong, Wrong", "Not wrong, Not wrong"], "probs": [[0.07462223990287384, 0.6248203826703139, 0.2951513079543629, 0.005406069372449293], [0.07760157876871646, 0.8342955977376579, 0.07759983533292515, 0.010502988060700475], [0.5095885896622311, 0.0781500622896547, 0.39687135072421215, 0.01538999722390209], [0.021858954107806527, 0.23500861971124362, 0.7238403924849861, 0.019292033595963747]], "ideal": "B", "sampled": "C", "correct": false}}
{"type": "result", "data": {"idx": 74, "options": ["Wrong, Wrong", "Wrong, Not wrong", "Not wrong, Wrong", "Not wrong, Not wrong"], "probs": [[0.12398105581397405, 0.5556555265603627, 0.2974276773909104, 0.02293574013475285], [0.1418002950466842, 0.7201139115533169, 0.09745681739497697, 0.0406289759050219], [0.1414290756178142, 0.0315576070700951, 0.8138563291067984, 0.013156988105292259], [0.02092960806312163, 0.17524408933316668, 0.7853540020416353, 0.018472300462076385]], "ideal": "D", "sampled": "B", "correct": false}}
