{"type": "result", "data": {"idx": 0, "options": ["0", "4", "2", "6"], "probs": [[0.15746847028153713, 0.35964644487549213, 0.2908575577870853, 0.19202752695588546], [0.14981774761046235, 0.3503324932950208, 0.2723913747933602, 0.22745838420115663], [0.150122957663469, 0.3022661253845342, 0.33189112439250706, 0.21571979245948972], [0.14450731027949093, 0.29105289088495745, 0.3195450448466942, 0.24489475388885737], [0.1498954273626006, 0.3190206241434584, 0.3238718759112754, 0.20721207248266563], [0.15861932931744344, 0.33240532871736983, 0.3169642388503684, 0.19201110301481836], [0.336145530194569, 0.20932868744809321, 0.2755403600518644, 0.1789854222054734], [0.3211047005167663, 0.2063714979923303, 0.26944285226984244, 0.20308094912106092], [0.3801669647984153, 0.256286274897142, 0.19176999589835167, 0.17177676430609104], [0.3318141300235652, 0.27188839146090976, 0.23802153692377823, 0.1582759414917468], [0.32832049786149214, 0.2777147499726718, 0.2177870435636293, 0.1761777085022067], [0.32530512433062, 0.2707903006166541, 0.2523614986774837, 0.15154307627524224], [0.20914545341508084, 0.17385619617964437, 0.421517723435961, 0.19548062686931378], [0.25341267860902345, 0.20112774065344471, 0.32449836581690406, 0.2209612148206278], [0.2690544804379846, 0.3366828064785327, 0.21026766924745227, 0.18399504373603043], [0.251853045023334, 0.317425633675518, 0.24886890872509718, 0.1818524124760508], [0.2644151527740932, 0.3335309127691915, 0.21831691913558152, 0.1837370152211337], [0.25758826730059614, 0.30503043529321217, 0.27324095365652906, 0.16414034364966262], [0.30394906255467674, 0.2078959674611807, 0.295938227980617, 0.19221674190352556], [0.328701759414261, 0.2112333444855972, 0.27367943114763404, 0.18638546485250776], [0.3760121818406702, 0.24949428808420837, 0.2019266665067011, 0.17256686346842032], [0.35171739835727006, 0.25422317923551013, 0.23147283036805844, 0.16258659193916136], [0.37052940214357694, 0.26391195461757494, 0.19139234149353065, 0.17416630164531746], [0.3260954666719895, 0.2757564823911475, 0.2376253491048615, 0.16052270173200148]], "ideal": "B", "sampled": "B", "correct": true}}
{"type": "result", "data": {"idx": 1, "options": ["8", "2", "24", "120"], "probs": [[0.3002559676580566, 0.29227824322690493, 0.22766483845512095, 0.17980095055991752], [0.3044011249178063, 0.29412722146360465, 0.2118027476485948, 0.18966890586999427], [0.3203065991081366, 0.26245397326705905, 0.2466929405680965, 0.17054648695670785], [0.32133789889764397, 0.24731702363053315, 0.22165777616496277, 0.2096873012068601], [0.3060960471324, 0.2733964323724101, 0.24139864740341904, 0.1791088729917708], [0.29769065973165976, 0.26586270329677797, 0.23278383908328137, 0.20366279778828086], [0.32789003357156415, 0.2563210687333165, 0.22990549755918432, 0.185883400035935], [0.31814137097991985, 0.2648768424722916, 0.22486360368864186, 0.19211818275914663], [0.3062557164276781, 0.2608728862068185, 0.25512547819003156, 0.1777459190754718], [0.29981503334347914, 0.26780185499794285, 0.22728047111265687, 0.2051026404459211], [0.3171668303117856, 0.2557890376820324, 0.2443536334336778, 0.18269049847250413], [0.3202184247520171, 0.26453147739319277, 0.21258290332916033, 0.20266719442562975], [0.3036458609011594, 0.27330876745180466, 0.25094602993923143, 0.17209934160780452], [0.30910846587904706, 0.2717738151278519, 0.19408904014077022, 0.22502867875233082], [0.3274002470464013, 0.24228813473806235, 0.2387882691021868, 0.1915233490133495], [0.31654042002373534, 0.23801051077846794, 0.22544716296325698, 0.22000190613453974], [0.30390028068067315, 0.2301539400035641, 0.23947056349119644, 0.2264752157245663], [0.3191086995149731, 0.25534171243947956, 0.23450284053279635, 0.19104674741275093], [0.29188649973672903, 0.2391203123354117, 0.27994491812931727, 0.18904826969854205], [0.2950788780018484, 0.23068087144393917, 0.2399899250027445, 0.2342503254514679], [0.3076021762660156, 0.22759073158583235, 0.26239434663992817, 0.2024127454082239], [0.3109232233291366, 0.23195016727437937, 0.23579822829687316, 0.22132838099961089], [0.2773518346673607, 0.18824856542399251, 0.3036800415116864, 0.23071955829696034], [0.3038939716448857, 0.21965618248508337, 0.2780808971890423, 0.1983689485809887]], "ideal": "C", "sampled": "B", "correct": false}}
{"type": "result", "data": {"idx": 2, "options": ["0", "1", "0,1", "0,4"], "probs": [[0.21545717118016022, 0.13493426142773735, 0.5360142588079403, 0.11359430848416212], [0.33955849731559684, 0.19746878133835127, 0.2965126765899087, 0.16646004465614317], [0.3609668939224351, 0.2809361009811486, 0.20937333929133747, 0.1487236657050789], [0.3278800600528618, 0.25708429087479834, 0.2442022230826329, 0.170833425889707], [0.3850260846688507, 0.27952803428036305, 0.1837895445545799, 0.15165633639620632], [0.36711218402421725, 0.25804596752259606, 0.2111593006167357, 0.163682547736451], [0.2138623573484156, 0.16961563642806224, 0.48453071616398147, 0.13199128995954068], [0.26110940779951686, 0.24702989684510698, 0.3399328538445517, 0.15192784141082447], [0.2424538586818797, 0.25159071373863146, 0.3222450719603473, 0.18371035551914153], [0.24067062192711827, 0.21859850174395745, 0.23710101917393156, 0.3036298570549927], [0.28429180804467136, 0.2507167197620003, 0.2969411655507747, 0.1680503065425536], [0.26911604000744155, 0.23178842316055404, 0.22354869209157077, 0.27554684464043366], [0.36067839915903105, 0.2908490554571016, 0.187561896609953, 0.16091064867391436], [0.33262680470775613, 0.2616479875639103, 0.2540343588023205, 0.1516908488260131], [0.33816185086323, 0.18935712887901243, 0.2932012633209094, 0.17927975683684821], [0.30439530892918437, 0.17724371916537135, 0.28709830975348793, 0.23126266205195634], [0.310153192984352, 0.1544276062671188, 0.4069162601633062, 0.12850294048522307], [0.37148846852738243, 0.21994128314178957, 0.23497084831201556, 0.17359939991881243], [0.3843052982899691, 0.27376520630959855, 0.17798870800145772, 0.16394078729897457], [0.3711151910448658, 0.22889812755241257, 0.2562458102336963, 0.14374087106902536], [0.3723229654558815, 0.17562969993892266, 0.2719802775116893, 0.1800670569935065], [0.3366141369097703, 0.1702694322038706, 0.2939953847530844, 0.19912104603327463], [0.3487528510228799, 0.14514358123961651, 0.3824024143074651, 0.12370115333003852], [0.41811578215602796, 0.21359644191523933, 0.2124673064595393, 0.15582046936919344]], "ideal": "D", "sampled": "A", "correct": false}}
{"type": "result", "data": {"idx": 3, "options": ["True, True", "False, False", "True, False", "False, True"], "probs": [[0.3125222092165299, 0.1635894653343386, 0.3413818521916831, 0.1825064731574484], [0.21398789326160755, 0.1748818658082205, 0.37943167621369706, 0.2316985646164749], [0.33144238587879726, 0.26888439056568664, 0.19518405197099062, 0.20448917148452544], [0.3294640481142551, 0.26516357061595497, 0.24337674674938212, 0.1619956344204078], [0.30568001126689653, 0.2877419633539164, 0.21048708571604685, 0.1960909395631402], [0.33910222373948984, 0.25441334786314823, 0.24860855555768732, 0.15787587273967463], [0.2217433204245857, 0.22206701833469686, 0.34428636677310515, 0.21190329436761227], [0.22936872329113153, 0.22437683414292187, 0.3645930100491535, 0.18166143241679303], [0.25015463677066513, 0.24859528990300186, 0.3481590643725606, 0.15309100885377236], [0.2712037265029547, 0.24926358458887368, 0.2398012876270819, 0.23973140118108974], [0.24003141043029644, 0.2188204428862064, 0.3611885445417534, 0.17995960204174377], [0.2344255605447971, 0.20715834453666815, 0.2661563893197223, 0.2922597054988124], [0.3229878890636616, 0.29697284541994173, 0.167848127584483, 0.21219113783191362], [0.34366351874705003, 0.3086336896801365, 0.21712775849805233, 0.1305750329747611], [0.4086394912072289, 0.18439724923295941, 0.27926932863105086, 0.1276939308287608], [0.32094762682529404, 0.21078861385826245, 0.25246018921175817, 0.21580357000468534], [0.38677279408404275, 0.24051405901974082, 0.2748477931858919, 0.0978653536103245], [0.36303730438166276, 0.2723758640184955, 0.19014898790673757, 0.17443784359310416], [0.30124604698983387, 0.4000559150772582, 0.15054146943971117, 0.14815656839319674], [0.2607431411482421, 0.3893451988307707, 0.20345167813650755, 0.14645998178447966], [0.2671297053504906, 0.16996646938808638, 0.37767612201228656, 0.18522770314913645], [0.29155586470232897, 0.18269061366983988, 0.2639517305803871, 0.261801790947444], [0.26318377842023183, 0.28291649255865986, 0.3388080374291294, 0.11509169149197891], [0.3022637574887876, 0.3300824364665148, 0.19247283956054834, 0.17518096638414932]], "ideal": "B", "sampled": "A", "correct": false}}
{"type": "result", "data": {"idx": 4, "options": ["2x^2 + 5", "6x^2 + 4x + 6", "0", "x^2 + 1"], "probs": [[0.22012621162120638, 0.242716342186498, 0.30919173356778995, 0.22796571252450568], [0.21598657963500228, 0.25151333210337345, 0.2848955094529405, 0.24760457870868374], [0.20982662466533672, 0.25604862735240075, 0.3394309383121728, 0.19469380957008975], [0.23835806546211846, 0.2712319791045754, 0.28418821093578406, 0.20622174439752206], [0.21922260704097737, 0.24734310819160454, 0.2937272015678886, 0.23970708309952946], [0.2400795376013324, 0.24289959709005862, 0.29760680806004347, 0.2194140571485655], [0.23950511571612693, 0.18714036324448116, 0.37255094006733286, 0.20080358087205902], [0.24554929527199656, 0.20426928081842258, 0.2835998110070431, 0.2665816128025377], [0.2466054783036426, 0.2763273335321386, 0.28280543435351935, 0.19426175371069943], [0.25729057573622355, 0.27728134804100607, 0.2444832063144819, 0.22094486980828842], [0.2360894232752268, 0.20749042926143937, 0.272659569951448, 0.28376057741188576], [0.23600098840023895, 0.1858996478416338, 0.3448441079635903, 0.23325525569453695], [0.15603729848437836, 0.17739464076481587, 0.4295521314079343, 0.23701592924287146], [0.18006504265362733, 0.17646767898518903, 0.3982572377108876, 0.24521004055029602], [0.20208900863758913, 0.2689274509142012, 0.2953457788031129, 0.23363776154509666], [0.21127394385278722, 0.23858048442985802, 0.2900274564023508, 0.26011811521500394], [0.17612190542844036, 0.22525574264657997, 0.3330294191504281, 0.26559293267455153], [0.17747180955446415, 0.22179887688023095, 0.33302922542173796, 0.26770008804356693], [0.222982798957157, 0.19894005957014496, 0.30817856003934396, 0.2698985813333541], [0.24748281763279964, 0.18455493173310966, 0.32148873323729327, 0.24647351729679742], [0.23985659358914438, 0.19495793594085853, 0.2858097169766207, 0.2793757533933764], [0.23988303897191898, 0.16548089927986823, 0.34227723389834536, 0.2523588277498674], [0.23056946005394688, 0.19181499801699453, 0.33687909430237195, 0.24073644752668663], [0.22009235618297734, 0.19954347608478198, 0.345098525251211, 0.2352656423810297]], "ideal": "B", "sampled": "B", "correct": true}}
{"type": "result", "data": {"idx": 5, "options": ["True, True", "False, False", "True, False", "False, True"], "probs": [[0.3053685769933355, 0.1598328077608375, 0.3494381956322961, 0.18536041951353083], [0.1922693607695166, 0.16336879619421427, 0.41759811092009796, 0.2267637320161712], [0.3379700384976279, 0.265717671231739, 0.1989829360633551, 0.197329354107278], [0.3306981322462785, 0.25994660791658125, 0.22940680943282446, 0.1799484503043158], [0.28857286471642296, 0.31262944728156383, 0.20335522873058348, 0.19544245917142972], [0.32659843560767526, 0.27764791247452403, 0.22484098372595188, 0.17091266809184885], [0.22156215372141344, 0.24753867824995746, 0.3411970537916477, 0.18970211413698135], [0.2376394009000753, 0.23984378931275346, 0.3358273555870899, 0.18668945410008136], [0.24975544585373374, 0.26419382103749456, 0.34474085216915495, 0.1413098808396167], [0.2850912085594708, 0.2682104884619803, 0.21553393232750565, 0.2311643705510433], [0.22646795745623027, 0.2549811829354755, 0.3514506236664235, 0.16710023584187067], [0.2211583852546786, 0.25488695499732317, 0.2630510925983592, 0.260903567049639], [0.3178098750122985, 0.32854628070069675, 0.16511755934021408, 0.18852628484679068], [0.32820466157492184, 0.34734401103360973, 0.19172337649335514, 0.1327279507981133], [0.3892713478765545, 0.15991678533719098, 0.32336234472158065, 0.12744952196467385], [0.3216414499205791, 0.1908143488993319, 0.27135378523964826, 0.2161904158404408], [0.34721925592512226, 0.23711181998033612, 0.3046235419160714, 0.11104538207847023], [0.3508473372967365, 0.2652710478285634, 0.2002277820932475, 0.18365383268145258], [0.3180994391123246, 0.3726689517125347, 0.15284109114072175, 0.15639051793441894], [0.27199193832538565, 0.36682331558374004, 0.20725604889704477, 0.15392869709382953], [0.2885971453079216, 0.16332814582527003, 0.3742789141244603, 0.17379579464234807], [0.31695902816700866, 0.17662576102376648, 0.2611851134811689, 0.24523009722805597], [0.262843024533468, 0.28251553841904825, 0.3303752390877695, 0.12426619785971428], [0.31347891685212076, 0.32153749462727005, 0.18894624708193544, 0.17603734133867374]], "ideal": "A", "sampled": "A", "correct": true}}
{"type": "result", "data": {"idx": 6, "options": ["True, True", "False, False", "True, False", "False, True"], "probs": [[0.2993089734796772, 0.17079799893566652, 0.3509324997868379, 0.1789605276978184], [0.18113531029911298, 0.17041297034801886, 0.4062065784380866, 0.24224514081478155], [0.3390530195916533, 0.2584495726662406, 0.20130912057640665, 0.2011882870656995], [0.33888928058994755, 0.2542766478834597, 0.24656060356055118, 0.16027346786604152], [0.296445147822427, 0.29480584135061605, 0.21401916975537288, 0.19472984097158413], [0.33784298112122324, 0.26571721627788597, 0.24395271370214652, 0.15248708879874429], [0.18945868954587722, 0.2574365917736679, 0.36627738026842194, 0.18682733831203294], [0.19025790049876126, 0.24472672838774104, 0.391555416167357, 0.17345995484614066], [0.2009925275248446, 0.23355962431720065, 0.43348616753736513, 0.13196168052058962], [0.21101230066376359, 0.2285433526325661, 0.2736837524843154, 0.2867605941193549], [0.17885126171707733, 0.2526336610064597, 0.41051813955970196, 0.15799693761676104], [0.16122630236920757, 0.2172866463443907, 0.29256409403736344, 0.32892295714903824], [0.2756153170018841, 0.33066032811644613, 0.17694249048292682, 0.21678186429874294], [0.31063356992476243, 0.3446314334524753, 0.2190545499105744, 0.1256804466121878], [0.31405749445907627, 0.17097024363104096, 0.38893940461353166, 0.12603285719635116], [0.2444023642055748, 0.18477227180705855, 0.3121725730480962, 0.25865279083927045], [0.3282937006797144, 0.2463412431435556, 0.32668872631434404, 0.09867632976238598], [0.3142828689839505, 0.27577826788913534, 0.20338411930232095, 0.2065547437245932], [0.28925749656645694, 0.4122736453597736, 0.15393686293016295, 0.1445319950436065], [0.25323184228628576, 0.3995373546332944, 0.21042186097349505, 0.13680894200692476], [0.23925068972102426, 0.14872311054173015, 0.4448406695874739, 0.16718553004977163], [0.24922941627218997, 0.1513772814493626, 0.27866287355837865, 0.32073042862006873], [0.23539677961489316, 0.2652018148992045, 0.3863299007723806, 0.11307150461352168], [0.27472547627283583, 0.3095911808306942, 0.20462727510169734, 0.21105606769477261]], "ideal": "A", "sampled": "A", "correct": true}}
{"type": "result", "data": {"idx": 7, "options": ["True, True", "False, False", "True, False", "False, True"], "probs": [[0.3317570834315548, 0.16581837082419282, 0.31746382937224243, 0.18496071627200988], [0.24866314229862765, 0.18087045846560892, 0.3382241427560183, 0.23224225637974513], [0.3494800678958706, 0.2542997338264161, 0.20587434179325018, 0.1903458563844631], [0.349588234699927, 0.25040223445765836, 0.23335097032386165, 0.16665856041855295], [0.317602728537788, 0.25789219522716866, 0.2222421947233491, 0.20226288141169427], [0.36233323528222144, 0.2308626644725208, 0.24576846103657754, 0.16103563910868024], [0.2528706939486532, 0.24957650894867117, 0.3107195085405235, 0.18683328846215214], [0.266767841555376, 0.2473022004998771, 0.30791531386493975, 0.17801464397980712], [0.2763444822205598, 0.24636705584397486, 0.3291393865187551, 0.14814907531671023], [0.3012036293085128, 0.24640738227265513, 0.23328021961262888, 0.21910876870620322], [0.28361728361963323, 0.1983582943724177, 0.3430564650094706, 0.17496795689847847], [0.27497392480344707, 0.19083536875075038, 0.2671063800320193, 0.26708432631378326], [0.3436026428416677, 0.28783993216735326, 0.18283905904427417, 0.18571836584670487], [0.3629421239289971, 0.2969985857756181, 0.2104693470614883, 0.1295899431338965], [0.39303579336891453, 0.17064684373450226, 0.3045019461729314, 0.13181541662365176], [0.33830396849873046, 0.19772317397359943, 0.259997439060323, 0.20397541836734712], [0.38623048700313384, 0.21208282670991246, 0.29923953711260504, 0.10244714907434867], [0.3645006363548821, 0.24722897635567037, 0.21306129970414742, 0.17520908748530006], [0.36438668578874917, 0.31501482036451534, 0.16847122199810327, 0.15212727174863225], [0.3240643537931733, 0.327642331318347, 0.20647396760526765, 0.14181934718321204], [0.33088096972971404, 0.16279378531735406, 0.33973467346608754, 0.16659057138684435], [0.3599648826949179, 0.17303964751777645, 0.2499487288038634, 0.21704674088344222], [0.317802537516913, 0.24238775622732026, 0.3263473108887548, 0.11346239526701193], [0.35955290911318755, 0.2721213020970109, 0.20213034144614403, 0.1661954472436575]], "ideal": "D", "sampled": "A", "correct": false}}
{"type": "result", "data": {"idx": 8, "options": ["0", "4", "2", "6"], "probs": [[0.16109207270918682, 0.3651776611439784, 0.3120819627926596, 0.16164830325417515], [0.16306325062686128, 0.37862191888084046, 0.23273770958520465, 0.2255771208070936], [0.15644527412550463, 0.3988036452612021, 0.2736644609692888, 0.17108661954400442], [0.15470526542936044, 0.41025790033159265, 0.22428087734607438, 0.21075595679297252], [0.15587233702199116, 0.281453592218041, 0.36171884958042344, 0.20095522107954436], [0.16123764695813128, 0.27563143595178635, 0.3921903488300555, 0.17094056816002687], [0.35970639642893754, 0.21710574301238783, 0.2728832025123463, 0.1503046579463283], [0.3898103411021091, 0.217715675408929, 0.20629265334447552, 0.18618133004448634], [0.41734519596694775, 0.2748482227050591, 0.16658523677113748, 0.14122134445685564], [0.3773128800406107, 0.29053980975046517, 0.19193354819087763, 0.14021376191804655], [0.3815537804446667, 0.25927112276557546, 0.19718467284807656, 0.1619904238416813], [0.3585936587061658, 0.2552542502291466, 0.24762768657835213, 0.13852440438633548], [0.2624291674850092, 0.19555279577451418, 0.3812251374657054, 0.16079289917477121], [0.35469743268351, 0.23164277012138548, 0.23190260168845558, 0.1817571954066489], [0.31460452076626905, 0.36135372515879566, 0.17852130530479496, 0.14552044867014033], [0.2972648993244795, 0.34661697821403914, 0.2003231465568022, 0.15579497580467913], [0.3344196578179952, 0.30601163539279896, 0.19738259595939175, 0.16218611072981404], [0.3049379127139946, 0.2854414411546105, 0.26413754806876255, 0.14548309796263237], [0.281837518755661, 0.21169863323689522, 0.321094329308731, 0.18536951859871278], [0.29715991460033814, 0.21805337394163077, 0.30821079471919577, 0.17657591663883532], [0.3534929751996361, 0.2853021621418799, 0.1884600817968736, 0.1727447807616104], [0.3286279737620743, 0.2866483032416751, 0.23038408157905815, 0.15433964131719238], [0.34753441289265935, 0.3082179678933861, 0.17958779363642652, 0.164659825477528], [0.3011059344172932, 0.31210755178832544, 0.23738147240777088, 0.14940504128661045]], "ideal": "B", "sampled": "B", "correct": true}}
{"type": "result", "data": {"idx": 9, "options": ["1", "2", "2,3", "6"], "probs": [[0.20791395006484856, 0.22159846124817248, 0.4317875206038702, 0.13870006798310874], [0.24015938159689565, 0.20095526271739042, 0.20079959029337296, 0.358085765292341], [0.22747089778679122, 0.35698952203430595, 0.2772362149308185, 0.13830336514808433], [0.2457541227094944, 0.32269358631721795, 0.23134084043573586, 0.20021145043755179], [0.2358588909249912, 0.23844567294188576, 0.2478349692549076, 0.2778604667782154], [0.21109010045146645, 0.22589811536783702, 0.3313001293387592, 0.23171165474193733], [0.29672579742836797, 0.2647007265243907, 0.31470136726936015, 0.12387210867788111], [0.31764266838362326, 0.24051132022453242, 0.1637008685812825, 0.27814514271056184], [0.2929762601559441, 0.37237036224456227, 0.2233432978168304, 0.11131007968266324], [0.280274054967925, 0.36242326010348347, 0.19447563007091934, 0.1628270547576722], [0.31821970705993985, 0.2175636939085852, 0.25447784714190197, 0.20973875178957302], [0.26298304214009677, 0.211905693454457, 0.35864312830066386, 0.16646813600478236], [0.4026468395784182, 0.23773661253459122, 0.23048767445166743, 0.1291288733353232], [0.41753546643657835, 0.23229997550012188, 0.17346862473745825, 0.1766959332258415], [0.3989531934018355, 0.28066911872397876, 0.2144671944393745, 0.10591049333481123], [0.379952054580365, 0.28723455328556163, 0.1844726110653169, 0.14834078096875644], [0.397240322911936, 0.22074975574417868, 0.2441917995480576, 0.13781812169582774], [0.3545387492581938, 0.21787901869857126, 0.29355166234274704, 0.13403056960048787], [0.26077798783489947, 0.25360817470423, 0.17807269625291774, 0.3075411411079527], [0.23560972860498097, 0.2505154348736145, 0.2746380310177053, 0.23923680540369918], [0.2822911952960966, 0.3371995586654242, 0.18842747244060842, 0.19208177349787078], [0.21399504263041833, 0.2987812205668708, 0.3549021534997291, 0.13232158320298176], [0.25906139416591484, 0.39178090991795583, 0.22930489307356944, 0.11985280274255991], [0.23780173487959705, 0.38904590651767607, 0.2423817108754556, 0.13077064762727125]], "ideal": "C", "sampled": "C", "correct": true}}
{"type": "result", "data": {"idx": 10, "options": ["True, True", "False, False", "True, False", "False, True"], "probs": [[0.37604932292295107, 0.1750649284367319, 0.3004021211978446, 0.1484836273424724], [0.2521125934451149, 0.19658849838513462, 0.34537937719081074, 0.20591953087893972], [0.38824421654432767, 0.2590367131305026, 0.18949738347102113, 0.16322168675414858], [0.3829207844833718, 0.2554400746817223, 0.21849449490085576, 0.1431446458340501], [0.32844962643972514, 0.2792135047164596, 0.21915717236933038, 0.17317969637448483], [0.38135976870896565, 0.2465782055051718, 0.23170899306711626, 0.1403530326187463], [0.22287130685710374, 0.3099680886847962, 0.30525497053871214, 0.1619056338193879], [0.22229720649880452, 0.28813865777948994, 0.33183491226692635, 0.15772922335477915], [0.21548070332459565, 0.2522682882931135, 0.4035142421842561, 0.1287367660980348], [0.2380416322100053, 0.25574388335341164, 0.24031006571303568, 0.26590441862354736], [0.20129842473620932, 0.21283785553685597, 0.4338564197412103, 0.15200729988572442], [0.18079347906688922, 0.19417242703880266, 0.2893932759472417, 0.3356408178470664], [0.3117317053880008, 0.35671288834559794, 0.16841246687911057, 0.16314293928729065], [0.3207811712897908, 0.36994332071419583, 0.1948456466003122, 0.11442986129570118], [0.36807522210394755, 0.1838073731915212, 0.333176938149888, 0.1149404664546432], [0.308842936390836, 0.2076048614653425, 0.26259664481030454, 0.22095555723351698], [0.3317293399397506, 0.24300336612583717, 0.33241938294823486, 0.09284791088617736], [0.33837388934167373, 0.2809616243271716, 0.20079422886765055, 0.17987025736350412], [0.25889505496386894, 0.47364455299674924, 0.14316041129352022, 0.12429998064586162], [0.23729323454461196, 0.47309241911909106, 0.1711526449169189, 0.11846170131937807], [0.2504674530781354, 0.15931549495044928, 0.4406152801623362, 0.1496017717090791], [0.27000232321293766, 0.1758879493349163, 0.26629709004345, 0.28781263730869605], [0.22728224062479513, 0.2724596973076897, 0.3936967287320296, 0.10656133323548554], [0.2835064530089113, 0.348027050460345, 0.1936447322174977, 0.17482176421324597]], "ideal": "C", "sampled": "A", "correct": false}}
{"type": "result", "data": {"idx": 11, "options": ["symmetric only", "anti-symmetric only", "both symmetric and anti-symmetric", "an equivalence relation"], "probs": [[0.23796011078780008, 0.2052123191097349, 0.3640566928644022, 0.19277087713806285], [0.25702657910061694, 0.20828693792693723, 0.3311940977958336, 0.20349238507661224], [0.30205758052766596, 0.23358324613694414, 0.24322782857245565, 0.22113134466293421], [0.33466662967831806, 0.2843342294607875, 0.24162180669405656, 0.1393773340668379], [0.2958556325182808, 0.3491701975362951, 0.15617502758803772, 0.1987991422573864], [0.3303378224042526, 0.3960607051453304, 0.14335818587300092, 0.13024328647741604], [0.22378784572104815, 0.21885116581807512, 0.34524316514597014, 0.21211782321490658], [0.2383907919643965, 0.2388009166300051, 0.33247343197825907, 0.1903348593273393], [0.2428702562804539, 0.26093041894210767, 0.2782299220283751, 0.21796940264906334], [0.26187154648069455, 0.3188951313176741, 0.28859955069516957, 0.13063377140646176], [0.258780326537535, 0.36032571848118566, 0.1675570731061469, 0.2133368817751324], [0.27771183017958173, 0.357307572409317, 0.2185884201728737, 0.14639217713822758], [0.2750660016818353, 0.3026486156489625, 0.22860241061532843, 0.19368297195387374], [0.2944740806323752, 0.3850615523030062, 0.19969312396028363, 0.12077124300433499], [0.2683846870277751, 0.2585132640784773, 0.2734585322625605, 0.19964351653118703], [0.28849533197379024, 0.3379937111993397, 0.23065105078298043, 0.14285990594388967], [0.29709993580588606, 0.23344218629899832, 0.3103411680352987, 0.1591167097598169], [0.29995931831164735, 0.25490947415770454, 0.2740686115019757, 0.1710625959286724], [0.42429618758797977, 0.22034431335080665, 0.14014195976817018, 0.21521753919304343], [0.4928435086711136, 0.2188519835253255, 0.1493713706582425, 0.13893313704531843], [0.42007573958462296, 0.20174278029229117, 0.15483641055683126, 0.22334506946625463], [0.3838991808432281, 0.21208943514561457, 0.24273072499073575, 0.16128065892042157], [0.48551945426617305, 0.19156690859169662, 0.1860528532660859, 0.13686078377604446], [0.47519169669143013, 0.19808075420308427, 0.17370199182984664, 0.15302555717563893]], "ideal": "C", "sampled": "D", "correct": false}}
{"type": "result", "data": {"idx": 12, "options": ["1", "2", "5", "11"], "probs": [[0.26686945554925606, 0.19514040646985822, 0.29521751400856416, 0.24277262387232154], [0.2588041491126761, 0.18770280290430083, 0.3376216884256024, 0.21587135945742064], [0.2913527829855315, 0.2534273006279257, 0.255096707543504, 0.20012320874303885], [0.25803652787662856, 0.2189337047556708, 0.3160677300981676, 0.20696203716953304], [0.27458613699035567, 0.2599218746771487, 0.26805701449728137, 0.1974349737352142], [0.25685302568726787, 0.24701951055825966, 0.2818790799937484, 0.21424838366072407], [0.32466024234682006, 0.22859526614687334, 0.23561694599266536, 0.21112754541364126], [0.29253558629220106, 0.21402851701750203, 0.30191813265872386, 0.191517763931573], [0.32520791400387367, 0.21681148978670706, 0.2654736002198582, 0.19250699588956105], [0.29658963389441895, 0.19768046741653164, 0.29896470010376397, 0.2067651984852854], [0.3196453106136558, 0.2630249818445725, 0.24114480252916964, 0.17618490491260197], [0.3014222889413329, 0.2581035417625429, 0.22194988361911105, 0.21852428557701314], [0.36475433265103663, 0.23568346040499172, 0.20449267901703172, 0.19506952782693993], [0.34281073464851425, 0.2248193222885325, 0.244882721658177, 0.18748722130477624], [0.34660025911143044, 0.24029923614990925, 0.23630573991102635, 0.17679476472763397], [0.32692794469877867, 0.22303042810551155, 0.24091428102740786, 0.2091273460683019], [0.3541842891164799, 0.2552052361946832, 0.21969106136476332, 0.17091941322407353], [0.32579030545018434, 0.24605603490133413, 0.23083929601025652, 0.19731436353822498], [0.28372061249756786, 0.2296425252923205, 0.27276620266094054, 0.2138706594491711], [0.2814321135766374, 0.22430036291322142, 0.26843281777699207, 0.2258347056331491], [0.29163835753437756, 0.23603155771658857, 0.29859395166900793, 0.17373613298002594], [0.272369380679768, 0.26011180487487634, 0.24018326041407728, 0.22733555393127833], [0.2838712334349002, 0.22447012362619648, 0.3044714033299197, 0.1871872395089836], [0.24962612240124557, 0.23458354963747616, 0.3155224824970603, 0.20026784536421796]], "ideal": "A", "sampled": "D", "correct": false}}
{"type": "result", "data": {"idx": 13, "options": ["(x \u2212 2)(x + 2)(x \u2212 1)", "(x + 1)(x + 4)(x \u2212 2)", "(x + 1)(x \u2212 4)(x \u2212 2)", "(x - 1)(x \u2212 4)(x \u2212 2)"], "probs": [[0.260460026847901, 0.18677768666002048, 0.25142214448984, 0.3013401419022385], [0.22851262643864528, 0.18862923696793457, 0.2946781173846771, 0.288180019108743], [0.2867292037291554, 0.22067426646495283, 0.20888385730902304, 0.28371267239686876], [0.24382105867416515, 0.18317010178060025, 0.37941016047035664, 0.19359867897487795], [0.2697746833821973, 0.25856614880855516, 0.21086481839887122, 0.2607943493103763], [0.3022147506833281, 0.28072125553427074, 0.20357871660279095, 0.2134852770796102], [0.2627175967812797, 0.2364703048091004, 0.26794388089051985, 0.2328682174191], [0.2603939058940233, 0.25743593612260474, 0.25138579672806843, 0.23078436115530354], [0.2898881305514306, 0.2957996295484309, 0.20467424965804376, 0.2096379901420947], [0.27032655072002587, 0.24705832826023832, 0.2778222817229224, 0.2047928391968134], [0.3046138260608722, 0.2556477417375271, 0.2068657761783362, 0.23287265592326453], [0.30380343218408434, 0.21441866243236826, 0.29101746025855624, 0.19076044502499115], [0.25835910436907683, 0.22180519995855524, 0.23242123422682653, 0.2874144613455414], [0.23816787058963707, 0.15537446967261687, 0.42324498922235726, 0.1832126704153888], [0.2733644842828137, 0.21364744005450959, 0.22740773854365784, 0.28558033701901886], [0.272147983285392, 0.1934899091527091, 0.3481672703871651, 0.18619483707473378], [0.30053154974546753, 0.3263850357676264, 0.18138784979203754, 0.19169556459486853], [0.3215456700464112, 0.30803055486074016, 0.18517608000501193, 0.1852476949878367], [0.27450412918123546, 0.2179625662639714, 0.23379986334191052, 0.2737334411128826], [0.2998231559744717, 0.2325312276687779, 0.25746824567520127, 0.21017737058154914], [0.28698266832563424, 0.215765903083231, 0.23879944853180332, 0.25845197995933145], [0.28262170725288466, 0.19948738514146025, 0.29513310943374466, 0.22275779807191043], [0.32204960813730277, 0.24401433036228695, 0.21693246908007938, 0.21700359232033087], [0.3231693900252883, 0.2506732121059922, 0.1997310429531591, 0.2264263548155604]], "ideal": "C", "sampled": "D", "correct": false}}
{"type": "result", "data": {"idx": 14, "options": ["6", "12", "30", "105"], "probs": [[0.22770615259078208, 0.23384574401790548, 0.277672175702583, 0.2607759275887294], [0.22411713001871073, 0.23933179674139426, 0.3221309482729169, 0.2144201248669781], [0.23809419499008294, 0.27293063834147074, 0.2749571963844237, 0.21401797018402263], [0.22648098387596224, 0.23086374307756444, 0.3155093992779233, 0.22714587366855], [0.2458276714267123, 0.3219343183661691, 0.2504953555143204, 0.18174265459279823], [0.22790518269078858, 0.31283612920709114, 0.25111009184651367, 0.20814859615560655], [0.2600422838076527, 0.24325479927096283, 0.262931320982677, 0.2337715958387074], [0.2642537951205168, 0.2590553462246285, 0.27355960008746644, 0.20313125846738828], [0.27178575225649904, 0.24834951746063566, 0.264273182381976, 0.21559154780088932], [0.23991965172634977, 0.20422164180822025, 0.33685214798425106, 0.2190065583811789], [0.2716795286765076, 0.2880013372610499, 0.256028779005101, 0.18429035495734153], [0.2542083040879763, 0.2824030304388834, 0.2569801287686183, 0.206408536604522], [0.2830842648734409, 0.22819917711720208, 0.26061164553504845, 0.22810491237430855], [0.25153899939939306, 0.20762399455688368, 0.2503291740861299, 0.2905078318575933], [0.2707383294022795, 0.25125747542167254, 0.2914637879517709, 0.18654040712427708], [0.2665468752117639, 0.24162171778646863, 0.2632144689296722, 0.22861693797209529], [0.2672053992721887, 0.2854960986163074, 0.24024487613323886, 0.20705362587826498], [0.26677581665232325, 0.28956577178920445, 0.24176266787018713, 0.20189574358828516], [0.3191222690824451, 0.20992892426815574, 0.2738554897863963, 0.19709331676300287], [0.3201666271416046, 0.20901601637347564, 0.2501506581697253, 0.22066669821519444], [0.31240862139306724, 0.20392045072780643, 0.2922261313470121, 0.19144479643211423], [0.3028855919535066, 0.19926193354521357, 0.24602189657612109, 0.2518305778251587], [0.3014485909154126, 0.20947210418036186, 0.27972168623677474, 0.20935761856745083], [0.2913491129583834, 0.21049776671211978, 0.2877651750753647, 0.2103879451541321]], "ideal": "C", "sampled": "D", "correct": false}}
{"type": "result", "data": {"idx": 15, "options": ["True, True", "False, False", "True, False", "False, True"], "probs": [[0.3705071210490699, 0.1570850610575947, 0.310319334237538, 0.16208848355579739], [0.22176722020326503, 0.15872627731652683, 0.39029157739389503, 0.22921492498631313], [0.3968956172069382, 0.24309724566889707, 0.1863498389534567, 0.173657298070708], [0.39557065376943445, 0.24033496555264605, 0.21376908676366874, 0.15032529381425078], [0.3614959500967002, 0.24129147877119192, 0.2063933636701325, 0.19081920736197538], [0.4129407826529498, 0.21629624711187115, 0.22673983055290634, 0.14402313958227272], [0.21337902007557596, 0.2071485313781417, 0.3754977453347044, 0.2039747031115779], [0.24207995421611206, 0.21905500673793207, 0.3587024967923802, 0.18016254215357566], [0.223976948120341, 0.19035647240295403, 0.4397357570764045, 0.14593082230030044], [0.2715932807529558, 0.2069541873413254, 0.2576678471804636, 0.2637846846252552], [0.23946440931144058, 0.20350781687572472, 0.3896609958515617, 0.16736677786127294], [0.22568258640893504, 0.18883883951206093, 0.28586915132524915, 0.2996094226537549], [0.3027214931186428, 0.3359778177385685, 0.17147971475493598, 0.18982097428785272], [0.321544845164143, 0.348561248062638, 0.20477720823488527, 0.12511669843833373], [0.35539384613673836, 0.1530329837338186, 0.36764933559647317, 0.12392383443296988], [0.2947618750862127, 0.1682023754011983, 0.28634477512192613, 0.25069097429066284], [0.3223186110955127, 0.18248261373540867, 0.39602073728042814, 0.09917803778865052], [0.36063358721455063, 0.22261076004977293, 0.2124471844884973, 0.20430846814717915], [0.2998895346818488, 0.40153044458188675, 0.15106150506416327, 0.14751851557210116], [0.2643317917370482, 0.373827641774996, 0.21790388549032147, 0.1439366808976343], [0.26129180969044746, 0.1335991213664662, 0.43883837572830553, 0.16627069311478082], [0.27550479356417545, 0.1334203014624764, 0.255329962714859, 0.3357449421584891], [0.21799876796512133, 0.1852971869827913, 0.48522468311945627, 0.11147936183263112], [0.30185515866508555, 0.2887320942153629, 0.20151652682694104, 0.2078962201926105]], "ideal": "B", "sampled": "A", "correct": false}}
{"type": "result", "data": {"idx": 16, "options": ["1", "-1", "i", "-i"], "probs": [[0.23197893342942022, 0.24429821567617638, 0.29546420103922155, 0.22825864975518184], [0.2268174006224908, 0.24079412274371934, 0.275580508944818, 0.25680796758897184], [0.22414355311750397, 0.369551991925716, 0.20384206179490835, 0.2024623930618717], [0.20458179100548465, 0.3218549989779304, 0.30268820215154124, 0.1708750077650437], [0.2173894099350705, 0.41271130381668253, 0.18419933983930706, 0.1856999463089399], [0.2167320050111644, 0.36894549584925973, 0.25338746247383853, 0.16093503656573732], [0.23903012207919933, 0.19134151584032166, 0.30913482955790683, 0.26049353242257217], [0.23218417963495075, 0.18009285090276175, 0.34853829891360405, 0.23918467044868347], [0.23384632961061633, 0.3859605673773397, 0.19519888771015803, 0.18499421520188591], [0.2055200250396256, 0.31071160166469297, 0.3288134136113554, 0.15495495958432606], [0.24685865638171672, 0.29975029823166743, 0.2390805929660135, 0.21431045232060233], [0.24270042412982643, 0.2619618436139846, 0.30947100651937975, 0.18586672563680923], [0.43319206381841135, 0.18130724940754497, 0.1890043402574157, 0.19649634641662797], [0.35349878665250106, 0.1675587594341566, 0.31993108984608915, 0.15901136396725316], [0.44092598553062967, 0.18460583684982554, 0.18211568890180949, 0.19235248861773527], [0.40773076972471856, 0.1816720285082569, 0.23964360772760146, 0.17095359393942308], [0.36052937923623124, 0.35227401635733213, 0.1548643479280735, 0.1323322563783631], [0.3699208762942589, 0.3420256368152929, 0.14462147848756002, 0.1434320083028882], [0.3627594492812122, 0.23361250853512017, 0.21135279764489, 0.19227524443877764], [0.36071068875099055, 0.22342781878693888, 0.23471245258413345, 0.1811490397779371], [0.37005982902104, 0.21694370258497478, 0.2089620294648668, 0.2040344388291184], [0.35433509942326097, 0.20289620755074003, 0.2592545151451256, 0.18351417778087342], [0.3025899546757197, 0.35967887215820465, 0.1833972973011482, 0.15433387576492746], [0.3076973923958557, 0.3540957305900015, 0.17508913760452433, 0.16311773930961845]], "ideal": "C", "sampled": "C", "correct": true}}
{"type": "result", "data": {"idx": 17, "options": ["(1,1)", "(3,1)", "(1,6)", "(3,6)"], "probs": [[0.2796498626451789, 0.18500180652364256, 0.3222518322851992, 0.2130964984459794], [0.22296042405878475, 0.1940625876878959, 0.368128741225612, 0.21484824692770735], [0.2767993293962045, 0.20917492236116672, 0.2947721866900651, 0.21925356145256367], [0.28303636382832625, 0.22075409681768468, 0.29686654938172413, 0.19934298987226487], [0.283340760540665, 0.2448232544661094, 0.27687094437902926, 0.19496504051419636], [0.28952632214292384, 0.2482307627021622, 0.28087768792913015, 0.18136522712578376], [0.27958331342474185, 0.21305342651422435, 0.27327741004110706, 0.23408584991992676], [0.2877695688810575, 0.22284914057034114, 0.29745022789172126, 0.1919310625568801], [0.2845919643179507, 0.2051924107706272, 0.28474938018009543, 0.22546624463132667], [0.24915685870943238, 0.20207630999196796, 0.363348977083095, 0.18541785411550468], [0.2936197185478786, 0.19735169683077597, 0.3178405151502803, 0.1911880693710651], [0.277277712157621, 0.22857354919671444, 0.29095212055742103, 0.20319661798824354], [0.30741377287649607, 0.24939608946648334, 0.22831890454159773, 0.21487123301542288], [0.3135666940365594, 0.2505337670353983, 0.2500369623064392, 0.185862576521603], [0.31230199799248837, 0.22697234489692986, 0.2508693672595294, 0.2098562897510524], [0.23916044472507503, 0.21473832106322935, 0.35958542880418054, 0.18651580530751508], [0.33882940317028104, 0.20910404932053053, 0.2856134814574832, 0.16645306595170525], [0.33615623899447344, 0.21572258423428448, 0.24405477211255777, 0.2040664045586843], [0.32342101674626034, 0.2666966497618002, 0.22399312744315603, 0.18588920594878347], [0.30569060722838837, 0.26421808406398734, 0.2400814670059965, 0.1900098416016278], [0.2910274862952075, 0.2050096541438133, 0.3006267845330019, 0.20333607492797726], [0.3137649390909707, 0.22632820086386113, 0.2602509039454951, 0.19965595599967306], [0.34258729726505627, 0.23609878472260165, 0.24891350041692065, 0.17240041749542143], [0.3374366810198453, 0.22350916597260864, 0.23567146411672085, 0.20338268879082516]], "ideal": "C", "sampled": "D", "correct": false}}
