{"type": "result", "data": {"idx": 0, "options": ["This type occurs in binary systems.", "This type occurs in young galaxies.", "This type produces gamma-ray bursts.", "This type produces high amounts of X-rays."], "probs": [[0.5218455557668401, 0.15923788430121125, 0.1569701064830463, 0.1619464533489024], [0.5159012809564197, 0.16242331302717503, 0.15518717568867657, 0.1664882302277287], [0.5052703543206876, 0.2091245321850785, 0.13946333318353807, 0.14614178021069585], [0.500976048403474, 0.2057594152673694, 0.14835632509102484, 0.1449082111381318], [0.5151804165798888, 0.20029880402914615, 0.13781897927662867, 0.14670180001433641], [0.528469204849802, 0.1930237412259674, 0.14360792933458483, 0.13489912448964578], [0.13751169572227676, 0.5621592820737336, 0.14660028713967826, 0.15372873496431141], [0.13147376986963816, 0.5676865154170654, 0.150373551951693, 0.15046616266160348], [0.07182674162732586, 0.11944883404557123, 0.6677628804653907, 0.14096154376171224], [0.13340902923541956, 0.14220043160985416, 0.12946719508666912, 0.5949233439680571], [0.08532986852664196, 0.13755223256130544, 0.5988311215549241, 0.17828677725712844], [0.10441813583982859, 0.09820177418488425, 0.09296416542761476, 0.7044159244476724], [0.256896771670424, 0.43087400285685745, 0.15609203742648003, 0.15613718794623846], [0.2638784607403082, 0.41900562611494174, 0.17336746790214005, 0.14374844514261], [0.14072959543041544, 0.15959544953882504, 0.508339777786555, 0.19133517714420445], [0.20871849109937665, 0.15649006701871873, 0.1482240943894038, 0.4865673473925008], [0.2816227460109525, 0.21952032204817934, 0.3249777353968409, 0.17387919644402727], [0.16037707324383202, 0.16182378217272622, 0.11656220877776623, 0.5612369357056756], [0.22092905465116483, 0.4366474411436837, 0.16449377919541625, 0.17792972490973522], [0.23175718342025806, 0.4336570009010848, 0.18227132338230054, 0.15231449219635662], [0.14887977913202502, 0.15986564515622728, 0.4600242903364977, 0.23123028527525], [0.14019962071565356, 0.10929549065019953, 0.11546047374823847, 0.6350444147859085], [0.19472487849210174, 0.2090801509731589, 0.4266267843602676, 0.16956818607447177], [0.1264479011170778, 0.1336978226766403, 0.11084866522634189, 0.62900561087994]], "ideal": "A", "sampled": "A", "correct": true}}
{"type": "result", "data": {"idx": 1, "options": ["Its speed relative to you", "Its composition", "Its size", "Its distance from you"], "probs": [[0.1266531440495046, 0.07060387414268499, 0.31461720249111996, 0.4881257792166904], [0.0716992994452787, 0.05951729460595896, 0.668449704792186, 0.20033370105657627], [0.1818432171069464, 0.15950580890406385, 0.14200598846481693, 0.5166449854241728], [0.12533457575975201, 0.13676160572591733, 0.5351027249754814, 0.20280109343884922], [0.09185010254581409, 0.6923722108228879, 0.07639967080189193, 0.13937801572940606], [0.10671277184145288, 0.6409977578327146, 0.11044561697264306, 0.14184385325318946], [0.0738634191040866, 0.06947788802518721, 0.46160377443000344, 0.39505491834072276], [0.05257635268902062, 0.06202682572022931, 0.724085103261856, 0.1613117182288941], [0.08599585782633984, 0.5124038304649838, 0.10488273634807276, 0.2967175752606036], [0.07433839363124833, 0.1691400160960101, 0.5612071323193322, 0.1953144578534094], [0.055065453047014205, 0.7940923570792516, 0.05394905059990218, 0.09689313917383195], [0.06444283887110287, 0.7293264972140839, 0.09187614300758817, 0.11435452080722505], [0.1855528125559808, 0.07510479818668925, 0.13289842503300603, 0.6064439641243239], [0.09087908267311999, 0.07721830270858306, 0.6546353160606709, 0.17726729845762607], [0.17285313041509562, 0.07389119516303758, 0.14249818560185842, 0.6107574887200083], [0.06485781314535856, 0.05259181009421628, 0.7123217847350858, 0.17022859192533932], [0.14140127703177496, 0.6314215706508366, 0.0960034660601238, 0.13117368615726457], [0.1396474602521244, 0.6187229432466127, 0.09481266563835322, 0.14681693076290966], [0.7226476560905983, 0.06418936603337327, 0.07936956614401629, 0.13379341163201205], [0.7237614230737207, 0.06737334129941244, 0.09149598124834908, 0.11736925427851777], [0.70523952379864, 0.07615295683348162, 0.07627344762108758, 0.14233407164679082], [0.688629002291943, 0.084922816666939, 0.10181893862446428, 0.12462924231665364], [0.7164384392840887, 0.09187668158225909, 0.07994558959197205, 0.11173928944168023], [0.7342515909588865, 0.08440454734000866, 0.07458998729325036, 0.10675387430785449]], "ideal": "D", "sampled": "D", "correct": true}}
{"type": "result", "data": {"idx": 2, "options": ["Because the molecules that compose the Earth's atmosphere have a blue-ish color.", "Because the sky reflects the color of the Earth's oceans.", "Because the atmosphere preferentially scatters short wavelengths.", "Because the Earth's atmosphere preferentially absorbs all other colors."], "probs": [[0.04680537362218679, 0.046452029842678245, 0.8441783659183449, 0.06256423051678997], [0.09020949966459518, 0.06757573088011701, 0.4587516222342429, 0.38346314712104496], [0.05508857073074395, 0.849337552934564, 0.0505698157657329, 0.04500406046895905], [0.06563523350665218, 0.8323496851453481, 0.060252985676624606, 0.041762095571375016], [0.08277759515163446, 0.0990889348194245, 0.06706423906912776, 0.7510692308598133], [0.09947586729518317, 0.3041489101333087, 0.5098426899560863, 0.08653253251542187], [0.038088638863104325, 0.1155221516734493, 0.7662841937242301, 0.08010501563921633], [0.06867153657318753, 0.38035553260218163, 0.3357638643485921, 0.2152090663760387], [0.040823897761339725, 0.8669327385005338, 0.05201984487064658, 0.040223518767479954], [0.03866603539995076, 0.8740562665474123, 0.05285750622731109, 0.03442019172532586], [0.06791444476313577, 0.20122885261402368, 0.0900090458158794, 0.6408476567069611], [0.04185598637758384, 0.3192190766160773, 0.5740225207599945, 0.06490241614634434], [0.9147956387431974, 0.03465297451762959, 0.026163123594147155, 0.024388263045025855], [0.9192581480802208, 0.0340154793484335, 0.027337632204950925, 0.019388740266394783], [0.8959431101376726, 0.04061629272935597, 0.035296645209183845, 0.028143951823787556], [0.9055156465009117, 0.03650981330265472, 0.03457584739520497, 0.023398692701228595], [0.9120638829740191, 0.03914871380610114, 0.02798553886751314, 0.020801864252366672], [0.9178968102859818, 0.03615154103386826, 0.024854818691418694, 0.021096829888731215], [0.0965084000805131, 0.05674505317753916, 0.06792870264459909, 0.7788178439973487], [0.07305239705092278, 0.0639679946875984, 0.7869234279672788, 0.07605618019420003], [0.09211854508392894, 0.055015098261814444, 0.10943247365522, 0.7434338828990366], [0.0499572973619786, 0.04729907531333596, 0.8465147585218481, 0.05622886870283728], [0.09876751080085973, 0.7596119584902578, 0.07877406418449169, 0.06284646642439085], [0.08909229055508705, 0.7764704110967932, 0.07217395197364236, 0.06226334627447742]], "ideal": "C", "sampled": "C", "correct": true}}
{"type": "result", "data": {"idx": 3, "options": ["The first time you drop a bowling ball and it falls to the ground proving your hypothesis.", "After you\u2019ve repeated your experiment many times.", "You can never prove your theory to be correct only \u201cyet to be proven wrong\u201d.", "When you and many others have tested the hypothesis."], "probs": [[0.07662475336693654, 0.4152900103895822, 0.20396736870059276, 0.30411786744288855], [0.08289227325041645, 0.301405686802612, 0.2682629127434259, 0.34743912710354563], [0.05331223144570591, 0.5272315202934362, 0.1908437332786928, 0.2286125148821651], [0.05823253622692626, 0.5411781466517277, 0.251516034745008, 0.14907328227633804], [0.08170165880384679, 0.49782378986055287, 0.17198412071080668, 0.24849043052479364], [0.08211666711865255, 0.5497070200060612, 0.18114791128379212, 0.18702840149149416], [0.09277134718095333, 0.12894047219027993, 0.33759082831385706, 0.4406973522149097], [0.12795028089197485, 0.13741862772521077, 0.29359769818231013, 0.4410333931005042], [0.09576445856782582, 0.48750353869792645, 0.18644590711893547, 0.23028609551531226], [0.11565680141824843, 0.49579489595547654, 0.18668688970939235, 0.2018614128168827], [0.11766348427360364, 0.1377172875946942, 0.2515684291001394, 0.4930507989315628], [0.11411021308621457, 0.14787499164428777, 0.39635955102176923, 0.3416552441477284], [0.34668208714901977, 0.19013782693650555, 0.23887699417811492, 0.22430309163635972], [0.27102225612340786, 0.18498624583739537, 0.3686708752640339, 0.17532062267516285], [0.5147537570970578, 0.1546603852760644, 0.1409873794191303, 0.18959847810774746], [0.5739173121499104, 0.14408671425073774, 0.1344456781477689, 0.147550295351583], [0.48945794296773487, 0.2482866533618244, 0.12297637209662204, 0.1392790314738187], [0.6062916841664343, 0.19394693399753632, 0.09096476773165528, 0.10879661400437408], [0.18781690857370792, 0.1571055548363446, 0.26552752449025396, 0.38955001199969347], [0.15128115494293323, 0.16897746184167858, 0.3755635786677952, 0.30417780444759296], [0.1541221485348945, 0.09805424598005208, 0.2448761894764574, 0.502947415908596], [0.1538476668717744, 0.1083542869631519, 0.4261430266988759, 0.3116550193661978], [0.1516267151458459, 0.46087926388418893, 0.1861707976972136, 0.2013232231727516], [0.16981686143914843, 0.5002976506359467, 0.14442963466303765, 0.18545585316186727]], "ideal": "C", "sampled": "C", "correct": true}}
{"type": "result", "data": {"idx": 4, "options": ["Titan is the only outer solar system moon with a thick atmosphere", "Titan is the only outer solar system moon with evidence for recent geologic activity", "Titan's atmosphere is composed mostly of hydrocarbons", "A and D"], "probs": [[0.40430673920740257, 0.19871872671056967, 0.18997870458411503, 0.20699582939791272], [0.44269152493596076, 0.20122308718131618, 0.182269840019312, 0.17381554776341107], [0.39292334335321855, 0.24804724011184132, 0.15788016741246208, 0.20114924902247805], [0.42213583452438946, 0.2645033738048591, 0.17380771493319774, 0.1395530766375537], [0.4371465769827253, 0.208259523509443, 0.15387195003520152, 0.2007219493726302], [0.4208277165468912, 0.21011199055001084, 0.19176314769257752, 0.17729714511052042], [0.42008030886738973, 0.1970205338388038, 0.17282645862600723, 0.2100726985677992], [0.4702917634970535, 0.19309620557284585, 0.17625458536769711, 0.16035744546240357], [0.4151611912460319, 0.19776596143607808, 0.1762115674877111, 0.21086127973017893], [0.4382892650692298, 0.20236516582290012, 0.18182528694426908, 0.17752028206360096], [0.4628566892195307, 0.19609507039783622, 0.15789841898150897, 0.18314982130112406], [0.4502533241580688, 0.19679483182861907, 0.15722737736240194, 0.19572446655091022], [0.3641660646357824, 0.25247125686544064, 0.1737636696926189, 0.20959900870615808], [0.4044840871215085, 0.2614434322238274, 0.1872249813604142, 0.14684749919424986], [0.35342368480009156, 0.22836455700498032, 0.2132016867186014, 0.20501007137632668], [0.3789444951259567, 0.25463592568886034, 0.1910972040719201, 0.17532237501326287], [0.3893888716283476, 0.23453019998722516, 0.20417924800652312, 0.17190168027790406], [0.37308106378581163, 0.22468221520147322, 0.17528644463584, 0.2269502762768751], [0.4478049246700783, 0.17687397757632925, 0.15641661919082378, 0.21890447846276864], [0.4341810604007617, 0.1797283845798284, 0.20739713055188513, 0.17869342436752478], [0.4350040684206616, 0.1857906933178688, 0.16820443176150415, 0.21100080639996543], [0.4212928931327968, 0.181330038768096, 0.16938336167578574, 0.2279937063233215], [0.4404235941173066, 0.19103391969137537, 0.1914903274051431, 0.17705215868617497], [0.42825640947540405, 0.18286214222086294, 0.16948888689107902, 0.219392561312654]], "ideal": "D", "sampled": "D", "correct": true}}
{"type": "result", "data": {"idx": 5, "options": ["m*v", "0.5*m/(R^3)", "0.5*m*(2GM/R)", "0.6*G(M^2)/R"], "probs": [[0.17037780581201037, 0.15349213777437704, 0.4573919772644415, 0.2187380790491711], [0.19151845001694323, 0.1596142899945418, 0.3786739593760795, 0.27019330051243545], [0.20404216067131128, 0.393679576790285, 0.19015712394111228, 0.21212113849729142], [0.19472497409534825, 0.37546500000380423, 0.2581622859851303, 0.1716477398157172], [0.2195387598721376, 0.31697493316080994, 0.21458331918681617, 0.24890298768023628], [0.1988071174297202, 0.29849952767788823, 0.31604564341314423, 0.18664771137924732], [0.18298426541322885, 0.15018180234989448, 0.45112974119338783, 0.21570419094348883], [0.1925860431263701, 0.1496379591213118, 0.3963292715896382, 0.2614467260626799], [0.2059800414242984, 0.3829360191756207, 0.17355071979364575, 0.23753321950643513], [0.20479457383483976, 0.3836986777353841, 0.24169345557796176, 0.16981329275181434], [0.21745930803870295, 0.30698786333186007, 0.20440601082152443, 0.27114681770791255], [0.21228945253156647, 0.3047091066532602, 0.30270099636865566, 0.18030044434651768], [0.3454995154988973, 0.20934940872483074, 0.2000742107429702, 0.24507686493330175], [0.28360620983405666, 0.1960160492467382, 0.3272391058844648, 0.19313863493474034], [0.34531297247196285, 0.20443672820560027, 0.20150489502605698, 0.24874540419637992], [0.32318831059172104, 0.20514710207116263, 0.29489357059528154, 0.17677101664183478], [0.3099115809567382, 0.30533588179850035, 0.19557383396095815, 0.1891787031838033], [0.31654157288063434, 0.3023968248542696, 0.2078169224108982, 0.17324467975419783], [0.32342629087132807, 0.19890525334150985, 0.20726309151050978, 0.27040536417665234], [0.28041467903476247, 0.19082554251507636, 0.33928410226540723, 0.1894756760847539], [0.31262477112414083, 0.20642743742949424, 0.21334863978568913, 0.26759915156067576], [0.27640895797190335, 0.2068553176231066, 0.3452593827531465, 0.17147634155184355], [0.29305787561624785, 0.3326698094570348, 0.19390999402059184, 0.1803623208061255], [0.2829272448733644, 0.33162957426569567, 0.20569683609336006, 0.17974634466757985]], "ideal": "C", "sampled": "C", "correct": true}}
{"type": "result", "data": {"idx": 6, "options": ["it was stripped away by the magnetic field when it rapidly decreased in strength", "it was broken into hydrogen and oxygen by ultraviolet light and the hydrogen was lost through thermal escape", "it was consumed by a civilization of thirsty Martians", "it was vaporized during a period of intense volcanism and was lost to space through thermal escape"], "probs": [[0.05359839095240723, 0.7082908511399079, 0.0682159788318911, 0.16989477897579375], [0.06374637781936236, 0.7055093049297543, 0.16311936078824588, 0.06762495636263753], [0.04053841631569084, 0.05549766123128065, 0.7058874490673743, 0.1980764732856542], [0.02468160847785398, 0.04401643459015862, 0.8556349649562947, 0.07566699187569279], [0.03772370530929814, 0.8578242690667407, 0.057358525901357905, 0.04709349962260329], [0.03526917748043678, 0.8403273285341134, 0.047042954663333476, 0.07736053922211637], [0.642266011089456, 0.09725957745609222, 0.0721688765152319, 0.18830553483921983], [0.690938949515867, 0.09051756559897284, 0.14891771970690235, 0.06962576507825775], [0.6528646835676151, 0.07813579425446109, 0.09647136154337822, 0.17252816053454556], [0.5399314647311773, 0.10291725571174723, 0.25539704457921275, 0.10175423487786275], [0.7794197796995849, 0.10295622794790674, 0.056035354727863564, 0.061588637524644815], [0.7020678414884308, 0.14066137162439027, 0.06857209549796171, 0.0886986912892172], [0.04010801194168219, 0.0722275274001625, 0.6504784497035957, 0.23718601085455968], [0.025625146921733375, 0.05430562815629689, 0.8300170904511684, 0.09005213437080123], [0.0489304419956435, 0.722733172600223, 0.08256216038823923, 0.1457742249158943], [0.053739368988593876, 0.7017441887941297, 0.16089753453706984, 0.0836189075802066], [0.03174873577122776, 0.8500366768853682, 0.051788993041328855, 0.06642559420207522], [0.03846148200521373, 0.8211949237894092, 0.0787229945606095, 0.06162059954476758], [0.9068585908431563, 0.028367695323174465, 0.03539415695818292, 0.029379556775486315], [0.849875161524161, 0.03756641265634754, 0.04069812640920988, 0.07186029931028155], [0.8943666289125555, 0.040419186678896615, 0.03184663741319579, 0.03336754689535214], [0.8449315144603529, 0.059164570517579756, 0.042803688398069896, 0.0531002265239975], [0.8500140962263307, 0.03907376652470637, 0.046513904660996135, 0.06439823248796675], [0.8243715227641686, 0.04856610333855644, 0.07489497269607893, 0.05216740110119598]], "ideal": "B", "sampled": "D", "correct": false}}
{"type": "result", "data": {"idx": 7, "options": ["Lunar rocks are composed of fragments pulverized by many impacts.", "Radioactive dating of lunar samples shows that they are older.", "The Moon's surface is more heavily eroded than the Earth's surface.", "The Moon's surface has more impact craters than the Earth's surface."], "probs": [[0.13821689680165042, 0.08946909687914006, 0.0983364574636794, 0.6739775487555301], [0.20524761117787155, 0.20763325746019012, 0.4050743583240119, 0.1820447729379264], [0.13890012424651463, 0.05543719335581495, 0.34022267001857054, 0.46544001227909987], [0.07853581667797405, 0.05166428105391675, 0.7054580370511446, 0.1643418651169646], [0.20832166011622066, 0.4103409043780227, 0.21956370622974636, 0.16177372917601032], [0.220210161481977, 0.3592625206459539, 0.15570224587996087, 0.2648250718921083], [0.23862451066947588, 0.06590642378077198, 0.10625745164138077, 0.5892116138083714], [0.5294255298189069, 0.1269936038728557, 0.19261616808537696, 0.1509646981228605], [0.3405870997915083, 0.08499542384462506, 0.1382024668437601, 0.43621500942010655], [0.13699671359450985, 0.07184157417069859, 0.6588807694444498, 0.13228094269034169], [0.43620448269972395, 0.2762917999479359, 0.13262822325519646, 0.15487549399714365], [0.4116277343593322, 0.2710592311981004, 0.13961551424153318, 0.17769752010103423], [0.16835996005162948, 0.12747546649267663, 0.2947342307650091, 0.4094303425906848], [0.1250416608392949, 0.09467261072033266, 0.5223622204803102, 0.2579235078600622], [0.13125516472934426, 0.4359747170966003, 0.13075499235276158, 0.30201512572129385], [0.13357146481046894, 0.33238712940430115, 0.3683154990398776, 0.16572590664535233], [0.07538632007001894, 0.741991385265978, 0.07924657041511635, 0.10337572414888671], [0.08282685653811081, 0.7195283448187454, 0.10421373973279319, 0.09343105881035058], [0.6041285169962715, 0.11549677268390332, 0.14626980771636786, 0.13410490250345738], [0.5649485026795039, 0.10973690185383457, 0.11519899015455452, 0.21011560521210695], [0.5931385158899354, 0.17712506650107107, 0.1050567999377098, 0.12467961757128372], [0.5932412191128646, 0.16639438393832054, 0.10342637525527336, 0.13693802159354143], [0.5917330912713333, 0.10144535613047105, 0.1142426235182445, 0.19257892897995113], [0.547262508571369, 0.10630162757305033, 0.20222522299761733, 0.14421064075796328]], "ideal": "B", "sampled": "D", "correct": false}}
{"type": "result", "data": {"idx": 8, "options": ["Iron", "Hydrogen", "Methane", "Helium"], "probs": [[0.2750469948856408, 0.43355703599565665, 0.09752135704386726, 0.19387461197483524], [0.12867547762113737, 0.3018722876883515, 0.5104664639687655, 0.05898577062174564], [0.19174982952645228, 0.14368932581362745, 0.4039707836718241, 0.26059006088809616], [0.19158923624030152, 0.12472331522648031, 0.4539658128761275, 0.22972163555709071], [0.22388616869255695, 0.5135430250114161, 0.18747938236148076, 0.07509142383454617], [0.20439482005013598, 0.47992423291627095, 0.08540076997613616, 0.2302801769574569], [0.14456450183770192, 0.29011802349448157, 0.10109968700219135, 0.46421778756562515], [0.07313970666384181, 0.16883138260725009, 0.701454359633293, 0.056574550995615105], [0.13085385738042102, 0.12492969909720057, 0.4510364901672876, 0.2931799532550908], [0.060973757463044204, 0.11755760320003444, 0.7623356295979765, 0.059133009638944876], [0.07924907056286196, 0.8341137921369761, 0.04737002490303868, 0.03926711229712327], [0.07457390899119759, 0.8419610198242072, 0.04026999579187087, 0.04319507529272426], [0.11479687860647574, 0.3742311056214524, 0.2635014990230377, 0.24747051664903416], [0.09933148915558092, 0.3528381498006693, 0.3588968430933186, 0.1889335178504312], [0.13689355754814864, 0.4360120659036344, 0.20440616016141197, 0.222688216286805], [0.0685398894931472, 0.22315948860533855, 0.6369683219850004, 0.07133229981651378], [0.08708729464304853, 0.6865839259148909, 0.10042435525211257, 0.125904424089948], [0.09955522939561386, 0.7034128150367774, 0.12121729280591884, 0.07581466266168985], [0.3705692026157434, 0.24895570415353047, 0.3057040845181489, 0.0747710086125772], [0.40555930998654294, 0.28344537326751684, 0.08129678986840937, 0.22969852677753083], [0.5194231155124238, 0.32282587161056314, 0.09114048425372899, 0.06661052852328407], [0.45189127944928303, 0.3993083327970076, 0.06834354639558407, 0.08045684125812529], [0.3027293108304303, 0.12427086474450624, 0.34408542766770117, 0.22891439665736227], [0.38034137229525317, 0.1432358590392019, 0.3934602053041641, 0.08296256326138084]], "ideal": "D", "sampled": "D", "correct": true}}
{"type": "result", "data": {"idx": 9, "options": ["Near-Earth asteroids gradually disintegrate and spread out along their orbital path. When the Earth passes through the orbit of an asteroid we are bombarded by sand-sized particles which cause a meteor shower.", "Near-Earth asteroids disintegrate as they enter Earth's atmosphere creating hundreds of bright meteors that appear to radiate from a single location in the sky.", "The nuclei of comets disintigrate as they enter Earth's atmosphere creating hundreds of bright meteors that appear to radiate from a central location in the sky.", "The nuclei of comets gradually disintegrate and spread out along the comet's orbital path. When the Earth passes through the orbit of a comet we are bombarded by sand-sized particles which cause a meteor shower."], "probs": [[0.40523750754547083, 0.1917937759061391, 0.198370999150809, 0.20459771729758108], [0.26767498252099253, 0.15642426906451962, 0.35112279650037964, 0.2247779518141082], [0.4110574256575617, 0.2968515169019771, 0.14147496207617688, 0.1506160952642843], [0.2330358967084949, 0.1905594084716283, 0.45869816274683534, 0.11770653197304143], [0.20382006616208284, 0.600786273127218, 0.10030233933743912, 0.09509132127326002], [0.21398663837538062, 0.5837479320143233, 0.1061990202290763, 0.09606640928121982], [0.1494481220856432, 0.14730883694281807, 0.19088081444736407, 0.5123622264241746], [0.10409741614990368, 0.1391725210891254, 0.6022086604333766, 0.15452140222759428], [0.14070679245972234, 0.30795106288691426, 0.14546991883253704, 0.4058722257208264], [0.11948011458274653, 0.35251115698534286, 0.3613463234138846, 0.166662404918026], [0.13281207379020654, 0.6570699508011391, 0.10621134665491086, 0.10390662865374357], [0.12069838428567764, 0.6655715853044583, 0.1076251643145755, 0.10610486599528857], [0.3317440846750419, 0.3460340304634849, 0.16357027480070066, 0.1586516099607725], [0.19042585150194447, 0.24130006415590916, 0.45223979063580394, 0.11603429360634245], [0.22169781720050666, 0.21530746883865448, 0.25609565923464817, 0.30689905462619066], [0.22432036361357938, 0.17916291683368, 0.37470495138735244, 0.2218117680653882], [0.16695361832818487, 0.481242178704428, 0.19906644217565442, 0.15273776069173273], [0.13486304274955124, 0.3533915719010489, 0.165707923498216, 0.34603746175118383], [0.5193699520400854, 0.2515239379821437, 0.10919698163971618, 0.11990912823805475], [0.5502509124138961, 0.2503252439095948, 0.09815583070827692, 0.10126801286823214], [0.48428915576659226, 0.2239544787223666, 0.17074446341972607, 0.12101190199131505], [0.5372631269093386, 0.2124523260443079, 0.12908833544439866, 0.12119621150195488], [0.525029874166652, 0.13600225137294158, 0.19387898470553674, 0.14508888965486968], [0.5908462824574461, 0.12109414871035595, 0.13229567907036574, 0.15576388966183224]], "ideal": "D", "sampled": "D", "correct": true}}
{"type": "result", "data": {"idx": 10, "options": ["Radiation pressure from the Sun's light pushes the ions away.", "The conservation of the angular momentum in the tail keeps it always pointing away from the Sun.", "The ions are following Keplerian orbits that lead away from the Sun.", "The solar wind electromagnetically \"blows\" the ions directly away from the Sun."], "probs": [[0.5062716934778025, 0.1820200735585127, 0.11486959602215197, 0.19683863684153272], [0.4480775758748926, 0.2134713764730791, 0.13790285174949238, 0.20054819580253588], [0.5290955979458227, 0.1338145305650907, 0.12980427040060116, 0.2072856009884854], [0.5104117316925966, 0.14513909599016445, 0.1397034951948966, 0.20474567702234236], [0.4215337335641851, 0.25992217657351036, 0.13279567657573257, 0.18574841318657195], [0.4308451606280227, 0.25746155933524495, 0.1188496851288001, 0.19284359480793228], [0.21317990122093816, 0.36029136177274773, 0.1649657338692685, 0.2615630030370456], [0.1862488052807052, 0.36522542623357057, 0.2164105156688356, 0.23211525271688865], [0.2046062858080787, 0.1463307930779394, 0.30300475066864596, 0.3460581703453359], [0.23947573482157938, 0.1925956400262748, 0.31063001419090286, 0.25729861086124295], [0.20877052841483004, 0.40618184204808117, 0.15903624890644438, 0.2260113805306444], [0.2182311913943574, 0.4050888535680612, 0.1649398431788918, 0.2117401117586896], [0.15429650586071617, 0.32205287199578253, 0.21625614042979519, 0.3073944816137061], [0.15016749128445536, 0.3470408578645488, 0.23668815466541626, 0.26610349608557954], [0.14727767422647683, 0.15207617566994922, 0.28662653046206177, 0.4140196195415122], [0.16085478370181383, 0.2051693353722961, 0.3577472833743038, 0.27622859745158623], [0.18121381512177936, 0.3753239884404136, 0.16015868422821844, 0.2833035121095886], [0.176021561008971, 0.409952253062261, 0.19977124033360716, 0.2142549454951608], [0.4717929362778939, 0.1892567574788618, 0.1452087461803186, 0.19374155996292564], [0.4859459391314183, 0.18599219236851627, 0.1269348786307524, 0.201126989769313], [0.4767465861256912, 0.20678911585994345, 0.12068672425573884, 0.1957775736586265], [0.48426967132807447, 0.2004187673067487, 0.12257951314148112, 0.19273204812369568], [0.4826436494510432, 0.16818114612265025, 0.12804723893174844, 0.2211279653945581], [0.5120694636786515, 0.16632291672950722, 0.13166384397620587, 0.18994377551563543]], "ideal": "D", "sampled": "D", "correct": true}}
{"type": "result", "data": {"idx": 11, "options": ["By observing the duration of a solar eclipse.", "By measuring the size of Earth's shadow on the Moon in a lunar eclipse.", "By comparing the maximum altitude of the Sun in two cities at different latitudes at the same time on the same day.", "By sending fleets of ships around Earth."], "probs": [[0.04615304435210145, 0.09848731413750614, 0.7703707533083811, 0.08498888810201126], [0.046176224829484476, 0.06264739973065896, 0.07046446009673978, 0.8207119152431168], [0.07842328281775754, 0.7278922091010658, 0.11333702334616161, 0.08034748463501502], [0.0694173300117073, 0.7833572542166247, 0.06787926918860565, 0.07934614648306233], [0.04305814206169608, 0.04015512764052337, 0.2519478201614202, 0.6648389100363603], [0.037667523146939774, 0.06260098237670665, 0.8134174356107179, 0.08631405876563564], [0.1487574107981368, 0.12238070185181521, 0.6327154541468392, 0.09614643310320882], [0.08685151843521884, 0.05654474839547708, 0.07436319852488281, 0.7822405345444212], [0.12755012130802545, 0.7237505100316103, 0.07929111034997799, 0.06940825821038622], [0.123306197599169, 0.7566934086241596, 0.05393544856039784, 0.06606494511627353], [0.20348581214853692, 0.06927639835507417, 0.20221040688942937, 0.5250273825069596], [0.06308404402611661, 0.07377527708400101, 0.7705101427448431, 0.09263053604503922], [0.8758958250937223, 0.0582138091932954, 0.03347774097444091, 0.03241262463854135], [0.8958783098762259, 0.04673860940574652, 0.02525187083126733, 0.032131209786760324], [0.8775929473235676, 0.05833039978547917, 0.0338049690035444, 0.030271683787408736], [0.8891368209509694, 0.05215744103497594, 0.02730985077118711, 0.031395887142867625], [0.8943307232273346, 0.04629675212231826, 0.030166193277982124, 0.029206331272364938], [0.8651717127263844, 0.05751050169055438, 0.03747195931572315, 0.03984582616733811], [0.04262609676830251, 0.120540149681072, 0.09101717749554214, 0.7458165759550833], [0.03133563650331011, 0.40682502970762274, 0.49114160993043177, 0.0706977237586354], [0.044930463630814134, 0.3049977844461367, 0.1385646966118071, 0.5115070552112421], [0.0260126147544093, 0.23381066668393596, 0.6671360829868765, 0.07304063547477824], [0.037960849981392535, 0.8387529315612866, 0.07674177792453592, 0.04654444043278494], [0.037053281505825736, 0.8123286568296019, 0.08554534944003118, 0.06507271212454126]], "ideal": "C", "sampled": "C", "correct": true}}
{"type": "result", "data": {"idx": 12, "options": ["a dwarf galaxy orbiting the Milky Way.", "the closest planetary nebula to the Earth.", "a bright star cluster discovered by Magellan.", "the outer arm of the Milky Way named after Magellan."], "probs": [[0.9115193092996159, 0.026265014547426406, 0.022138476864384807, 0.040077199188572846], [0.9098816563948916, 0.025607464975579836, 0.021926246703791587, 0.042584631825737004], [0.9280361221088586, 0.020991821998767955, 0.017147788201308245, 0.03382426759106527], [0.9179586356872883, 0.023712352718469665, 0.019217745471265844, 0.039111266022976196], [0.9084186485364196, 0.0247806997961305, 0.02294017170929857, 0.043860479858151336], [0.9013192845880016, 0.028745750540045484, 0.02539053073015831, 0.04454443404179462], [0.13065737338558053, 0.7434054529287965, 0.05248271242209911, 0.07345446116352393], [0.11615109216680825, 0.7427486512550928, 0.050440961882239316, 0.09065929459585964], [0.0668356838378455, 0.050878047813911594, 0.7335694950749307, 0.1487167731733121], [0.059704170236843254, 0.029577423170081486, 0.05030771337319156, 0.8604106931198837], [0.07604103911453962, 0.05924333717020719, 0.708212639295402, 0.1565029843198512], [0.0604649181568886, 0.03315398817063143, 0.06193342758145419, 0.8444476659910258], [0.07906757323795974, 0.7479029324942327, 0.05402984117187369, 0.11899965299593389], [0.07448714419979792, 0.7437642409890309, 0.05374753242280317, 0.12800108228836796], [0.04951393489489689, 0.046178741921718364, 0.7661444943601522, 0.13816282872323252], [0.041705624193620824, 0.023781808358762643, 0.04618532645487914, 0.8883272408927374], [0.04553997634231262, 0.039275949484878975, 0.7677976059258934, 0.147386468146915], [0.04564581472451364, 0.02522949147888174, 0.057291005227879124, 0.8718336884687254], [0.06436834170260383, 0.7750145119780938, 0.053441118301844524, 0.10717602791745781], [0.07014396354498212, 0.7749553072402668, 0.05733201908486051, 0.0975687100298905], [0.04808420314904023, 0.04518751427079367, 0.7616358994675986, 0.1450923830125675], [0.04311212275402552, 0.026579898175962565, 0.05409257173580342, 0.8762154072342085], [0.0414410398107507, 0.040811048550716815, 0.779427964490227, 0.1383199470483055], [0.04404736797194626, 0.02736780863568191, 0.05399470171523654, 0.8745901215771353]], "ideal": "A", "sampled": "A", "correct": true}}
{"type": "result", "data": {"idx": 13, "options": ["Actually water-ice is all over Mercury and not just at the poles.", "The pole is the only place fortunate enough to have had comet impacts", "Radar from the earth can only see Mercury's poles.", "These craters contain the only permanently shadowed regions on Mercury"], "probs": [[0.08712143870609614, 0.045631220722432767, 0.07459965069592361, 0.7926476897755474], [0.06742336751047642, 0.048681081424577964, 0.7523288298166462, 0.13156672114829945], [0.0975640163454, 0.04653712967952244, 0.0903680521049715, 0.765530801770106], [0.049234153485990174, 0.03419582287536736, 0.8387511056894247, 0.07781891784921782], [0.10989856759812124, 0.7480037239489132, 0.05891550726195427, 0.08318220109101122], [0.10264694842633748, 0.7621415966306172, 0.06387364958889784, 0.07133780525414743], [0.08280569781558932, 0.03828095888511752, 0.07667138914726439, 0.8022419540520288], [0.05563397125216899, 0.030080663779325376, 0.8155078583323594, 0.09877750653614624], [0.07246510926723765, 0.030989394627782278, 0.05606466346635296, 0.8404808325386272], [0.06729558754343985, 0.04060573814990761, 0.7752927425429874, 0.11680593166366512], [0.08237616278808697, 0.7197800546082821, 0.09422792844381137, 0.10361585405981959], [0.08100552614696814, 0.7418504731553879, 0.08438468472159408, 0.09275931587604987], [0.09923268065883657, 0.0424370683922065, 0.1266622036814012, 0.7316680471675557], [0.04679172927853041, 0.024344515415745113, 0.8615481384957788, 0.06731561670994564], [0.08532768423502943, 0.03975566446565646, 0.06758324750892569, 0.8073334036903884], [0.07313629711670351, 0.04884468581617615, 0.7490910011864518, 0.12892801578066854], [0.07929063196986594, 0.750670406922304, 0.08531479918020754, 0.08472416182762252], [0.08418218547349877, 0.7652387478324706, 0.06416549915420099, 0.08641356743982968], [0.7796263941509848, 0.06506122357219027, 0.06770927155640417, 0.08760311062042078], [0.7878980157168287, 0.06679902324603114, 0.06954602255045335, 0.07575693838668678], [0.7806772865331264, 0.06313078810359905, 0.06569676089711224, 0.09049516436616227], [0.810518735487779, 0.05740914077922945, 0.056559878905720916, 0.07551224472727065], [0.7808066561866326, 0.07104242010101575, 0.06630487195966005, 0.08184605165269161], [0.8172185311226526, 0.05743763937600106, 0.0515340224771239, 0.07380980692422238]], "ideal": "D", "sampled": "D", "correct": true}}
{"type": "result", "data": {"idx": 14, "options": ["Virgo", "Laniakea", "Sculptor", "Bo\u00f6tes"], "probs": [[0.06184029067791344, 0.8838014404232315, 0.022977578869155524, 0.031380689929699494], [0.0661017405150392, 0.8806156345619425, 0.01974020621215099, 0.03354241861086728], [0.03809582775160062, 0.048969807395939015, 0.8707257163732531, 0.04220864837920728], [0.07468616522678351, 0.047919547281521147, 0.05917047951104838, 0.818223807880647], [0.03845355344032635, 0.05221015052833784, 0.8653789532860322, 0.043957342645303564], [0.07805612508046607, 0.055858938631962674, 0.06281997867447815, 0.8032649575130931], [0.9398554176610092, 0.026264634567807508, 0.015833476910650113, 0.018046470760533187], [0.9430868196741586, 0.024756381428937418, 0.01446778909968602, 0.01768900969721796], [0.934628730181062, 0.026946280299485054, 0.018404711138878087, 0.020020278280574837], [0.936523483055705, 0.026790422916856252, 0.016150189321360416, 0.020535904606078285], [0.9374668913897124, 0.02441685946289334, 0.018034900930660486, 0.020081348116733733], [0.9341473047573975, 0.02569947200864592, 0.01783081642652627, 0.022322406707430315], [0.036998571202136454, 0.06302185567283992, 0.8524216698442139, 0.04755790318080971], [0.06715037528353353, 0.08114356527204583, 0.06832411005327321, 0.7833819492911475], [0.07308838624653069, 0.852591169578873, 0.03326821003921257, 0.04105223403538372], [0.06898756478754252, 0.8634351684057465, 0.02665389015975541, 0.040923376546955596], [0.06627784821224403, 0.05904615141938387, 0.14279885802043296, 0.7318771422479391], [0.04137541260807537, 0.05319257706186421, 0.8542994068982867, 0.051132603331773725], [0.03404592053354386, 0.060306122005797554, 0.861542959310602, 0.0441049980500566], [0.055621651929251045, 0.09112815118471965, 0.06462439365642068, 0.7886258031296086], [0.05752473846498505, 0.8752765882888458, 0.028532427545491908, 0.038666245600677204], [0.050117408380609255, 0.8845002834499006, 0.027511288059392566, 0.03787102001009754], [0.05192976831347267, 0.05160449829215079, 0.1127298632695198, 0.7837358700248568], [0.0365798896730578, 0.048141928315635706, 0.8693587506944345, 0.045919431216872]], "ideal": "B", "sampled": "B", "correct": true}}
{"type": "result", "data": {"idx": 15, "options": ["Venus", "Mars", "Jupiter", "Saturn"], "probs": [[0.02097391236629345, 0.029115236623160713, 0.9139473811868116, 0.03596346972373418], [0.022715306352484445, 0.014898372814254202, 0.032032141322649185, 0.9303541794106122], [0.03671034568724481, 0.9264041546820687, 0.016434163496336213, 0.020451336034350252], [0.03697231101014812, 0.9258039747970775, 0.016944418012332294, 0.020279296080442013], [0.024460901984897865, 0.016168865375903934, 0.03266160005844402, 0.9267086324807542], [0.02686960854792671, 0.04259045944582778, 0.8837430611397116, 0.046796870766533966], [0.0215864773793905, 0.03530519698634158, 0.9046199348240553, 0.038488390710212525], [0.022757594175901494, 0.01576261079980603, 0.02945016406508417, 0.9320296308592083], [0.0371100843148026, 0.9291393202127124, 0.014776804533505683, 0.01897379083897927], [0.036021739913293965, 0.9305558011117433, 0.015148281697071931, 0.018274177177890857], [0.02311976340972671, 0.016914188135537505, 0.027672375295403822, 0.932293673059332], [0.02926983415965191, 0.05595561705094138, 0.8697858804958231, 0.044988668193583686], [0.969871624763655, 0.01147501222886469, 0.00708244028154677, 0.011570922625933578], [0.9713243109414728, 0.01113877336655034, 0.00714829554037007, 0.010388620051606772], [0.9711923779170649, 0.01148990842380044, 0.006767450025884762, 0.010550263533249912], [0.9709829186796535, 0.011487171871154776, 0.007145094727941368, 0.010384814621250385], [0.9721741151744561, 0.011866939341333985, 0.006565256092527052, 0.009393689291682909], [0.9730909680828049, 0.011784900960962514, 0.00622181972133443, 0.008902311134898075], [0.02557733107836946, 0.013798750068538004, 0.02875804355433429, 0.9318658751987582], [0.025272138037655704, 0.03852596821212006, 0.8988416060079093, 0.03736028764231491], [0.02485135889315897, 0.013831864956125784, 0.027294527519228003, 0.9340222485314872], [0.02966662533098534, 0.04149875953291644, 0.8885891585804279, 0.04024545645567032], [0.06235220772196338, 0.9036566839945284, 0.01553778100262329, 0.01845332718088496], [0.06416600025542663, 0.9012748211860743, 0.01586449101687195, 0.018694687441627184]], "ideal": "C", "sampled": "C", "correct": true}}
