{"type": "result", "data": {"idx": 0, "options": ["an average of 10 times, with an rms deviation of about 4", "an average of 10 times, with an rms deviation of about 3", "an average of 10 times, with an rms deviation of about 1", "an average of 10 times, with an rms deviation of about 0.1"], "probs": [[0.3335683295755555, 0.22517548163702178, 0.23787745476553107, 0.20337873392189165], [0.35165496248908296, 0.23564074494452592, 0.21284330840560134, 0.19986098406078975], [0.3704981991129701, 0.2387661564479076, 0.18011776564353285, 0.21061787869558946], [0.3677599837340708, 0.2444942964218232, 0.20910147453546066, 0.1786442452086453], [0.4032497465691504, 0.2423768824450719, 0.17444746454472493, 0.1799259063410527], [0.3668086747046275, 0.23650108194972866, 0.21699590782116945, 0.17969433542447438], [0.35328456755919974, 0.23674015698449707, 0.2138355672145631, 0.1961397081417401], [0.36080829918389845, 0.23993032750756796, 0.20513143560316702, 0.19412993760536654], [0.3979010583136147, 0.24659533449066362, 0.1680194163139963, 0.18748419078172537], [0.3764458540235141, 0.252163734229565, 0.20098294016224572, 0.17040747148467517], [0.420991874011854, 0.23950164374551736, 0.1644663835072915, 0.17504009863533712], [0.3882139324753693, 0.24061855671383792, 0.19940192995461578, 0.171765580756177], [0.30603210502926365, 0.25534455127000905, 0.21159035911189197, 0.22703298448883535], [0.2874630987356732, 0.28270736333880997, 0.23427976665538214, 0.19554977117013467], [0.3184475349830161, 0.25953817751700353, 0.19123633488942637, 0.23077795251055402], [0.2963755814844701, 0.28236077074448246, 0.2377562593507314, 0.18350738832031607], [0.31116788648927235, 0.26179131082684587, 0.21188820264937933, 0.21515259993450248], [0.3076340762178205, 0.2669532219216535, 0.21106533075053846, 0.21434737100998755], [0.3402422913532612, 0.21754769654560635, 0.21247982660076387, 0.2297301854003686], [0.33608955116878797, 0.21662731019828285, 0.2593226796734875, 0.18796045885944165], [0.36523078520955643, 0.2194596477881994, 0.1818054846554455, 0.2335040822467987], [0.33365216847897916, 0.22184637186692974, 0.27195838091038044, 0.17254307864371066], [0.3623216937918233, 0.2142780210078651, 0.21092807615888615, 0.21247220894142546], [0.35816815269868757, 0.21847781073550815, 0.21340319094283475, 0.20995084552296953]], "ideal": "B", "sampled": "D", "correct": false}}
{"type": "result", "data": {"idx": 1, "options": ["500 nm", "550 nm", "600 nm", "650 nm"], "probs": [[0.3008221342736346, 0.22836084321300168, 0.24940085036941542, 0.2214161720439483], [0.2988490715495555, 0.22508881648481843, 0.24019948777837397, 0.23586262408725214], [0.31566294554201774, 0.22505102714059771, 0.2479206882479123, 0.21136533896947224], [0.2997549175916371, 0.21878382561403165, 0.24858076867955628, 0.232880488014775], [0.31172653565081215, 0.2579563519405206, 0.22643570262260307, 0.2038814096860642], [0.312042816490447, 0.25430352630025116, 0.2179409511739057, 0.21571270593539618], [0.3531975798432128, 0.2187073412126246, 0.2209513816158265, 0.20714369722833603], [0.35078904029199326, 0.2224119305388245, 0.21956411001870826, 0.207234919050474], [0.345321129088474, 0.21217717860535473, 0.2507916167363554, 0.19171007546981583], [0.33625255534799564, 0.2066700997743511, 0.24035171746376424, 0.21672562731388897], [0.3483062438066125, 0.21234014944605767, 0.2491539157551806, 0.19019969089214925], [0.3377133263096254, 0.21589690563135844, 0.2304360143934733, 0.2159537535655428], [0.33787746240924993, 0.24093063891298205, 0.22151274146942698, 0.199679157108341], [0.3298566043047066, 0.244666546558709, 0.216306880094832, 0.20916996894175238], [0.33409442498637854, 0.2167943204187822, 0.2502377256429975, 0.19887352885184176], [0.3342427063963324, 0.216986699605142, 0.23521344098976707, 0.21355715290875849], [0.31904877179796165, 0.2204944705890004, 0.2566680984439511, 0.20378865906908683], [0.3233734609886584, 0.2183016403025866, 0.2500072009616827, 0.20831769764707225], [0.3517039873115974, 0.2527998798594345, 0.20187469727202256, 0.19362143545694552], [0.3545016891229047, 0.25287189700351814, 0.19112267803541896, 0.20150373573815816], [0.3434112173992074, 0.22286189264399087, 0.24170874777131401, 0.19201814208548773], [0.3560382127405803, 0.22405871746683667, 0.21260140834112848, 0.20730166135145459], [0.3352663020533721, 0.19959618744034927, 0.2493099495313586, 0.21582756087492], [0.35836691194716025, 0.2020379930836281, 0.22782305220207807, 0.21177204266713356]], "ideal": "C", "sampled": "D", "correct": false}}
{"type": "result", "data": {"idx": 2, "options": ["There are no changes in the internal energy of the system.", "The temperature of the system remains constant during the process.", "The entropy of the system and its environment remains unchanged.", "The entropy of the system and its environment must increase."], "probs": [[0.18865079613674274, 0.18902439803902332, 0.23053487445985016, 0.3917899312643838], [0.19842431242902145, 0.23433350373448308, 0.309439604094073, 0.2578025796424224], [0.23617821225611285, 0.27034496452653134, 0.16953113168180037, 0.3239456914355554], [0.23040607569297808, 0.26782912013236626, 0.2977896332442994, 0.20397517083035627], [0.29340250528486056, 0.3131176344369078, 0.18316151598281802, 0.2103183441954136], [0.2914184157903591, 0.27866957908051554, 0.24123035421162417, 0.18868165081750118], [0.201239472644455, 0.15334707954026855, 0.2618423778105909, 0.3835710699046856], [0.20602732542832825, 0.177923678327559, 0.35859250792918324, 0.25745648821492956], [0.27729795619894493, 0.3654888733329455, 0.14566210562003842, 0.21155106474807112], [0.2559548203709402, 0.3218805645733804, 0.2253751057738396, 0.19678950918183982], [0.396000224133479, 0.24828427647332282, 0.1621676755758336, 0.19354782371736456], [0.35195716687561407, 0.23671571555280257, 0.2164367702917866, 0.19489034717979678], [0.5499445795462934, 0.15044462679312204, 0.11940070985553734, 0.18021008370504724], [0.5343677997054743, 0.16562075911296215, 0.14787805078935037, 0.15213339029221312], [0.5452534487916273, 0.15630306325735122, 0.11837925417230609, 0.18006423367871535], [0.4779129681938532, 0.1801271870646942, 0.16723467163817682, 0.17472517300327575], [0.5977272719563083, 0.1572074074644264, 0.1083962123704542, 0.13666910810881114], [0.5591960507132004, 0.16799922160614975, 0.11857237577316293, 0.15423235180748684], [0.308412930087811, 0.20580648760506334, 0.2017288147686212, 0.28405176743850447], [0.27053217709531185, 0.2045048894978635, 0.313598770682373, 0.21136416262445165], [0.292450542831225, 0.25663855286895, 0.1898394049538166, 0.26107149924600836], [0.23299851316868286, 0.2334766616147733, 0.2941946001296713, 0.23933022498687256], [0.2670172710894168, 0.41801380484075773, 0.13803998918881477, 0.17692893478101068], [0.25409404576684447, 0.3946574804384103, 0.1465594833894805, 0.2046889903052647]], "ideal": "C", "sampled": "C", "correct": true}}
{"type": "result", "data": {"idx": 3, "options": ["a dye laser", "a helium-neon laser", "an excimer laser", "a ruby laser"], "probs": [[0.5198307919083284, 0.15474758118348095, 0.17047292466408426, 0.15494870214410644], [0.4962051214553347, 0.15601187012948903, 0.1801617932043043, 0.16762121511087197], [0.4664932508900227, 0.17288841765055202, 0.18751101566400485, 0.1731073156954204], [0.41409276572721765, 0.1780990772263893, 0.20569127140612498, 0.20211688554026808], [0.4392725563043634, 0.16795993338574627, 0.21650305587850285, 0.17626445433138746], [0.437474104530136, 0.16090589468851169, 0.19785770755947735, 0.20376229312187494], [0.2435085137023238, 0.43841840792168746, 0.150419703874732, 0.16765337440125674], [0.25535789129564646, 0.42185056205345706, 0.14140661059396023, 0.18138493595693628], [0.2893471591986248, 0.16744562489776002, 0.36468376899194305, 0.1785234468116721], [0.215256750562123, 0.14230445025928334, 0.2544246613724915, 0.38801413770610216], [0.20756728326488247, 0.15066885497646285, 0.4418246315924183, 0.1999392300662364], [0.2123023953135382, 0.14594088058380553, 0.24701412773600312, 0.39474259626665315], [0.2505913003852324, 0.3681784460123227, 0.20040027197978783, 0.18082998152265709], [0.25373408195819286, 0.3475840091357738, 0.18777243791132986, 0.2109094708947034], [0.1904536577733542, 0.1707687475877478, 0.4523913128999088, 0.18638628163898915], [0.1708548864806173, 0.16569404796177362, 0.25526116056456105, 0.408189904893048], [0.19242899691412785, 0.14413223098661312, 0.44316737179995624, 0.2202714001993028], [0.18465614592160196, 0.14384772096399032, 0.3254016983988578, 0.34609443461554995], [0.20232963559988423, 0.46796661610692036, 0.15081392227095225, 0.17888982592224315], [0.1973466933762364, 0.4711352971707638, 0.14714554783069908, 0.18437246152230072], [0.16537146010618675, 0.21088185985377572, 0.44176128813388693, 0.18198539180615061], [0.1810197084961116, 0.2400997429846036, 0.23687317965046123, 0.34200736876882354], [0.19210978995486994, 0.15687105993079387, 0.44280179989689, 0.20821735011744613], [0.1776915665939316, 0.15087861045995477, 0.3083309874871643, 0.3630988353589493]], "ideal": "A", "sampled": "A", "correct": true}}
{"type": "result", "data": {"idx": 4, "options": ["The Heisenberg uncertainty principle", "The Pauli exclusion principle", "The Bohr model of the atom", "Nuclear hyperfine coupling"], "probs": [[0.29539699900011895, 0.4706132656930118, 0.08979387303703962, 0.14419586216982955], [0.293460812550716, 0.4601325803653536, 0.1076023227705334, 0.138804284213397], [0.2624778410160646, 0.14400717400053756, 0.4069714187129951, 0.18654356617040277], [0.21952871485402725, 0.09527059430561599, 0.11702824866283333, 0.5681724420775234], [0.3027040958101837, 0.21007841823384446, 0.3299632072118767, 0.15725427864409514], [0.20685437730880832, 0.1266442620142577, 0.09658985080253063, 0.5699115097744033], [0.6621918529610087, 0.1444386360402813, 0.0728773756354282, 0.12049213526328188], [0.6226982341604279, 0.16256807463987763, 0.09223068446717371, 0.1225030066325207], [0.6395975350694021, 0.10776139794702567, 0.12074594198449981, 0.13189512489907246], [0.6452537966695036, 0.09900865252841815, 0.09262129939527851, 0.16311625130679977], [0.6160116607523366, 0.14187696151873405, 0.12095173086650439, 0.12115964676242497], [0.6503979175395307, 0.12422779205821682, 0.07214445190039336, 0.15322983840185908], [0.18729767665008906, 0.2549044159445208, 0.3698524026048896, 0.18794550470050056], [0.14283181193414243, 0.12922691816189105, 0.09853698690230045, 0.6294042829016661], [0.18006185648840536, 0.5449169711248455, 0.13664432951501512, 0.13837684277173404], [0.16048150599909272, 0.5674230751719006, 0.0897249700640926, 0.18237044866491411], [0.16047554194739685, 0.13324503996366094, 0.2537635640177749, 0.4525158539711673], [0.1660981202868142, 0.16256517412475074, 0.4307606284002936, 0.2405760770881414], [0.29728122656706757, 0.28904639810275207, 0.25805073204885104, 0.1556216431813293], [0.18699278729056037, 0.22258714500126808, 0.08733626128842299, 0.5030838063197486], [0.27436390398004806, 0.42342497350474084, 0.16085051186195215, 0.14136061055325894], [0.24559609589504947, 0.48671737308403396, 0.0776102542799587, 0.1900762766409579], [0.17297190554924544, 0.10838904311458968, 0.27138802608658014, 0.44725102514958476], [0.21601971016066052, 0.13747581223621932, 0.41611359639267204, 0.2303908811104481]], "ideal": "B", "sampled": "B", "correct": true}}
{"type": "result", "data": {"idx": 5, "options": ["1/2", "1", "3/2", "5/2"], "probs": [[0.3475071942834482, 0.22316051524853617, 0.23982943174062413, 0.18950285862739152], [0.3510618716760211, 0.221971510147995, 0.2294224786184771, 0.19754413945750685], [0.4118008192425193, 0.20754210030321787, 0.20306489754479318, 0.1775921828094696], [0.4268479601223366, 0.19741961044599982, 0.19310803370380714, 0.18262439562785643], [0.41202697767707575, 0.20605926520640291, 0.19854271705762028, 0.18337103995890108], [0.42149877383824436, 0.1964841338434927, 0.20306077574690287, 0.17895631647136007], [0.32614955302791665, 0.31462255117131177, 0.1895195841599726, 0.16970831154079893], [0.3238509941351066, 0.319901322092928, 0.1809950944748589, 0.17525258919710648], [0.29620526562076804, 0.29945494080119156, 0.24280917237398106, 0.16153062110405936], [0.30601058775153994, 0.30464471745326693, 0.20312979233303957, 0.18621490236215352], [0.2873263401597459, 0.34238642960919013, 0.21112548127336267, 0.15916174885770132], [0.28266579331113184, 0.3448135307803679, 0.19507660260450044, 0.1774440732039998], [0.4277092984573706, 0.20570013802080295, 0.1905675324437925, 0.17602303097803396], [0.42460246604599966, 0.20105352396583118, 0.19824040833396933, 0.17610360155419985], [0.3898954093066373, 0.2125471383120659, 0.22670501468298745, 0.17085243759830934], [0.37931709347397474, 0.20838841172791578, 0.23114758038749744, 0.181146914310612], [0.3786962217102374, 0.20640676596464658, 0.24372852609913517, 0.17116848612598085], [0.39408001299731993, 0.20659513769468016, 0.21693342921948708, 0.18239141998851288], [0.496576987208285, 0.17466318345315265, 0.16962575658017254, 0.15913407265838975], [0.4744736183038688, 0.17490085697062915, 0.18363277338646186, 0.1669927512390402], [0.4327875648909478, 0.19860191651668582, 0.1959446224415589, 0.1726658960508075], [0.41522639253519633, 0.19506847602546307, 0.2147176967598926, 0.174987434579448], [0.4406292003608851, 0.191414748707692, 0.20415443819330648, 0.1638016126381164], [0.45210530390265413, 0.1873985761543828, 0.19372933476996285, 0.16676678507300022]], "ideal": "C", "sampled": "D", "correct": false}}
{"type": "result", "data": {"idx": 6, "options": ["V_0/5", "V_0/3", "V_0/2", "2V_0/3"], "probs": [[0.2290853904367456, 0.23745464214745973, 0.2843981555833961, 0.24906181173239855], [0.2266306199392728, 0.24612481133040648, 0.3066012056342489, 0.22064336299607176], [0.23094129560068516, 0.24892655012502496, 0.2651211917135239, 0.255010962460766], [0.1946427138859873, 0.18211422044687256, 0.36001314099944487, 0.2632299245676953], [0.2003967344619616, 0.23527364781044055, 0.373767232466622, 0.1905623851609758], [0.20700034188643845, 0.26084473337836217, 0.3125016344398439, 0.21965329019535543], [0.2368721251976863, 0.1971920310835346, 0.3333909560911895, 0.2325448875275896], [0.2552890181286154, 0.21923652289105547, 0.30960988995316985, 0.21586456892715927], [0.25737192457212443, 0.2731458463054189, 0.24299565721121386, 0.22648657181124285], [0.24732907482488867, 0.2582394816950927, 0.31425679195147527, 0.18017465142854333], [0.2594531437576666, 0.2840537088221317, 0.22471472283865873, 0.23177842448154296], [0.2441175950556538, 0.2528819814930394, 0.2982834368134309, 0.20471698653787584], [0.22955378765873077, 0.19112836961792168, 0.29866819370789, 0.2806496489154575], [0.19493859095229166, 0.15968715128753572, 0.38989509310087034, 0.2554791645593023], [0.2486030086210023, 0.24778717002140682, 0.2537500635653323, 0.24985975769225857], [0.24978901072410703, 0.2587599859306747, 0.30517855990021203, 0.18627244334500626], [0.20709226714846432, 0.2672060687989107, 0.24330418937002157, 0.2823974745826034], [0.2017288981635962, 0.22948251784637416, 0.39422763020461593, 0.1745609536854137], [0.23814731479070345, 0.2159339753183263, 0.36540689516277464, 0.18051181462819563], [0.24324214053294138, 0.23489808593866054, 0.304508133403672, 0.21735164002472607], [0.24786581465903543, 0.36827305504384067, 0.20174084902386352, 0.1821202811732604], [0.24244215359521942, 0.35450403822381626, 0.2235930048125011, 0.1794608032684632], [0.2588891425304378, 0.25202188268796494, 0.23692171626287342, 0.25216725841872384], [0.24734483288221454, 0.2622938116780812, 0.29998793748019453, 0.1903734178595097]], "ideal": "D", "sampled": "B", "correct": false}}
{"type": "result", "data": {"idx": 7, "options": ["0.25mc^2", "0.60mc^2", "0.67mc^2", "1.25mc^2"], "probs": [[0.22063155973888468, 0.2551200871605822, 0.2936930524848387, 0.23055530051569445], [0.22081058054162184, 0.22005641786127753, 0.2360701893938474, 0.3230628121032532], [0.23047059085238214, 0.3165892863973503, 0.23879314245002273, 0.21414698020024484], [0.2427296602076502, 0.29187428513418107, 0.2362850272972776, 0.2291110272608911], [0.24851642546552768, 0.25355792043057684, 0.2401153594015332, 0.25781029460236227], [0.2543684726236395, 0.24766536437484402, 0.2596371355555385, 0.238329027345978], [0.25101301071517884, 0.22950191793530939, 0.2880071699331286, 0.23147790131638316], [0.2625615972781356, 0.2238527006835215, 0.2577277796525654, 0.2558579222857775], [0.2505461163324157, 0.318355039399839, 0.22558407964905935, 0.20551476451868594], [0.24681095040920048, 0.29922237097542304, 0.24995321778083082, 0.2040134607345457], [0.2626991051977168, 0.30636236981553994, 0.2154528562644099, 0.21548566862233337], [0.24139787203031024, 0.27064095557849976, 0.2771451042103846, 0.21081606808080539], [0.3100597950523915, 0.248243190270967, 0.22427653442394696, 0.21742048015269452], [0.2971144020260289, 0.2360658347370593, 0.23428730664294548, 0.23253245649396628], [0.3205188810504829, 0.24868728217975927, 0.22294428942358263, 0.2078495472461752], [0.3026039645161215, 0.23670801870702948, 0.25009480488920877, 0.21059321178764023], [0.28886033790529486, 0.29947523921079244, 0.2106365020077964, 0.20102792077611628], [0.2822112780856697, 0.2902514083430702, 0.22962466222172495, 0.1979126512495351], [0.26442448484150965, 0.21162916173737148, 0.24753430099698495, 0.2764120523241339], [0.2690206290074664, 0.2070440295300281, 0.26394541248775916, 0.2599899288747463], [0.2929968193923967, 0.2658011277379857, 0.21192232946538156, 0.22927972330423604], [0.2645053644066403, 0.2615503448448398, 0.26368544288875645, 0.21025884775976347], [0.2825811420819364, 0.3020888476639244, 0.21249648293228438, 0.20283352722185483], [0.2659899552498015, 0.29341360486473633, 0.2357327455682349, 0.20486369421722722]], "ideal": "A", "sampled": "C", "correct": false}}
{"type": "result", "data": {"idx": 8, "options": ["Planck\u2019s constant", "Boltzmann\u2019s constant", "The Rydberg constant", "The speed of light"], "probs": [[0.8463917216111766, 0.04601224425697195, 0.03479799190564431, 0.07279804212620718], [0.858143050692315, 0.04521327193851004, 0.04710669547831886, 0.049536981790856055], [0.8175008905234679, 0.059795082339258995, 0.04487037620024027, 0.07783365083703281], [0.8050773202946168, 0.06122232273519494, 0.06281004147207006, 0.07089031539811821], [0.8459828558163961, 0.07585152294362679, 0.030452389493909958, 0.04771323164606717], [0.8099108028446698, 0.0889615242509776, 0.035167384684214154, 0.06596028812013845], [0.03512832639817882, 0.8236214793864056, 0.03261929486951991, 0.10863089924589565], [0.034912417706608835, 0.8446911072750757, 0.04327014442824443, 0.07712633049007105], [0.030259042637089686, 0.0523845510238415, 0.8114311603602947, 0.10592524587877412], [0.029086064686296223, 0.03152419471126564, 0.14125917333924326, 0.7981305671631949], [0.03221430629169663, 0.14825747905679137, 0.7049680947552478, 0.11456011979626417], [0.03249376482035521, 0.07461899901907881, 0.034676594839518605, 0.8582106412210474], [0.05398452472464684, 0.8494466246923088, 0.02811905282130907, 0.06844979766173527], [0.05002130958690703, 0.8640895517203745, 0.03165440645368654, 0.054234732139031884], [0.04812829235814061, 0.08142057012948206, 0.7360643778358479, 0.13438675957652946], [0.04093764782939732, 0.04835774076034453, 0.13884334471690032, 0.7718612665933579], [0.04669188074159776, 0.17135580414929666, 0.681259534369482, 0.10069278063962363], [0.05125220148296871, 0.1622622649182511, 0.05101874500622252, 0.7354667884925576], [0.2117150409925235, 0.6712880679942821, 0.04253023830725946, 0.07446665260593498], [0.2078895168071859, 0.648654296526736, 0.04881526638411441, 0.09464092018196368], [0.08550119379787219, 0.06881633530020967, 0.7219074914412262, 0.12377497936069197], [0.06356965146851344, 0.02678053140626961, 0.04554797065282298, 0.864101846372394], [0.07258130068490523, 0.07802941068007499, 0.7392914339688648, 0.11009785456615497], [0.07526064563160609, 0.042340539294093225, 0.0606357656158318, 0.8217630493584689]], "ideal": "A", "sampled": "A", "correct": true}}
{"type": "result", "data": {"idx": 9, "options": ["mc/2", "mc/(2^(1/2))", "mc", "(3^(1/2))mc"], "probs": [[0.28722239806030525, 0.18773126971446094, 0.3309877019200917, 0.1940586302051421], [0.3136851191207006, 0.22024984655561936, 0.25402700898491226, 0.2120380252387678], [0.28958596481827986, 0.24148694088933745, 0.270078676759474, 0.19884841743290868], [0.25989326057537443, 0.22192182473342206, 0.29245596249588485, 0.22572895209531865], [0.2521524281340472, 0.18688352027952562, 0.3453599122035798, 0.21560413928284738], [0.2522557339973957, 0.1884139449942355, 0.34544327336905145, 0.2138870475393173], [0.2159106795545281, 0.32682309525389847, 0.2710895320826741, 0.18617669300889933], [0.23302274940067844, 0.3366554677149764, 0.22944347558111297, 0.2008783072032322], [0.22813708607674027, 0.2386300223214723, 0.3625049454731063, 0.17072794602868113], [0.2557238974274362, 0.2495752311930114, 0.28099528370960886, 0.21370558756994357], [0.2323857614876629, 0.17353493490674043, 0.4089770438553317, 0.18510225965026497], [0.27367376337248417, 0.2161675405410979, 0.2986715062164244, 0.21148718976999345], [0.2920744884284803, 0.2807154529686241, 0.2311676637075196, 0.19604239479537602], [0.2322019223964757, 0.19675281935084513, 0.24525973563810924, 0.32578552251456994], [0.21437144277336265, 0.20407994089469972, 0.4146988093438298, 0.1668498068881078], [0.2490299753740253, 0.269185062185056, 0.25307875492010806, 0.22870620742081063], [0.250810168634303, 0.24481100602053238, 0.2846609864945367, 0.21971783875062795], [0.24050295708908095, 0.21880071189004727, 0.2861482841406461, 0.2545480467802257], [0.231319084740395, 0.2835940420344, 0.29316633936811376, 0.1919205337570912], [0.22807965150818868, 0.2952876256727499, 0.2889061142704314, 0.18772660844863], [0.19649217116334597, 0.25439796607328496, 0.3657505322850727, 0.18335933037829633], [0.22504844104555496, 0.308028136282578, 0.27422991800888763, 0.19269350456297935], [0.23231597934771944, 0.261195876011832, 0.3060920627434548, 0.20039608179699372], [0.21480077392689328, 0.21806223553755033, 0.31329218196029396, 0.2538448084752624]], "ideal": "D", "sampled": "A", "correct": false}}
{"type": "result", "data": {"idx": 10, "options": ["square", "hexagon", "cube", "tetrahedron"], "probs": [[0.46588462933623515, 0.2971922777086752, 0.12067207037696567, 0.11625102247812395], [0.437499728010042, 0.2833761443436574, 0.15741654677107605, 0.12170758077522452], [0.5536009751243267, 0.14425730918778798, 0.16634421296757304, 0.1357975026203123], [0.5026516021375831, 0.1568728033667573, 0.19408759139549533, 0.1463880030001643], [0.501344129352976, 0.23916209519014983, 0.13930645168501476, 0.12018732367185934], [0.5291417161719095, 0.22977496338908437, 0.12283509040386345, 0.1182482299351427], [0.5991622119667661, 0.15610106055217032, 0.12751419650957094, 0.11722253087149265], [0.5012530534584826, 0.20094851548603812, 0.17199445746625736, 0.12580397348922187], [0.6650039206150697, 0.11350938084655134, 0.10922688420076514, 0.11225981423761379], [0.6345030617488979, 0.1266483207915115, 0.13592152194868154, 0.10292709541090905], [0.5830706562439967, 0.15798435044303846, 0.13942653494544205, 0.11951845826752279], [0.656565566490963, 0.13529289170619618, 0.11035675883252809, 0.09778478287031268], [0.4058980224353078, 0.2011569231202634, 0.21792472247314582, 0.17502033187128296], [0.36722206762735854, 0.2128173965464149, 0.25923798148084276, 0.1607225542453838], [0.4161694931441496, 0.26326263967037317, 0.1570893855914304, 0.16347848149404684], [0.38730446077444114, 0.2909347458032119, 0.18763193765838088, 0.13412885566396612], [0.3845295664958512, 0.34112749008593296, 0.12898250115091972, 0.14536044216729618], [0.40198033459817906, 0.3294725912165539, 0.1446528967863446, 0.12389417729892238], [0.6434626222303264, 0.14454310179334495, 0.11165251252624384, 0.10034176335008481], [0.6964424278435233, 0.12372334661349335, 0.08835137679450727, 0.09148284864847601], [0.6842501723585133, 0.1388715619275218, 0.08484035679776383, 0.09203790881620112], [0.7140805773772028, 0.13936683638018582, 0.07112330250567721, 0.07542928363693423], [0.7252044241363437, 0.10347666924658812, 0.07449415357350041, 0.0968247529435678], [0.7233450738606308, 0.10984802580837545, 0.08226075461202965, 0.08454614561896408]], "ideal": "D", "sampled": "D", "correct": true}}
{"type": "result", "data": {"idx": 11, "options": ["0.024 m", "0.048 m", "0.121 m", "0.242 m"], "probs": [[0.2697841404205127, 0.20253684209332276, 0.24844327946011555, 0.27923573792604905], [0.272862787921817, 0.17522841429107855, 0.23421240991675582, 0.3176963877703486], [0.28874047328567787, 0.2400138967997563, 0.2329401214450188, 0.238305508369547], [0.28553651056726764, 0.2430179525527804, 0.23396132439842648, 0.23748421238152545], [0.28569270880302167, 0.23199039587981585, 0.22334101635016873, 0.25897587886699375], [0.28329492904125336, 0.2247093632765792, 0.24704825893266574, 0.24494744864950166], [0.28373363611245, 0.22326120731982171, 0.23981982467160518, 0.2531853317961231], [0.2859046416308982, 0.20325000279226912, 0.23058968436513624, 0.2802556711116964], [0.30544126030728547, 0.24417476353587764, 0.2208830863016498, 0.22950088975518712], [0.29384547469061667, 0.250069797014025, 0.2370475828410566, 0.21903714535430172], [0.3053202467249598, 0.23845712414042822, 0.21570507654052462, 0.24051755249408738], [0.3007805138758201, 0.24043569682922747, 0.256294377310109, 0.2024894118848434], [0.294881395584763, 0.21624837934658941, 0.22164338986172566, 0.2672268351069219], [0.28711457341040564, 0.22769352319169855, 0.2427079636826382, 0.24248393961525763], [0.3006528526049353, 0.23478660775499283, 0.23509841454365032, 0.22946212499642157], [0.29871710241677074, 0.25024326887479587, 0.23356425063765163, 0.21747537797078179], [0.3056011543206915, 0.213878813571386, 0.2243997636868632, 0.2561202683210593], [0.29047648414194727, 0.20972293060662398, 0.23241696798341244, 0.2673836171680163], [0.3082280594500258, 0.19032680347119493, 0.21765870826714398, 0.2837864287116353], [0.30498613086355847, 0.20047684307019786, 0.23286478321221676, 0.2616722427540269], [0.2947278960458936, 0.21282331960491965, 0.24537460869145286, 0.2470741755577339], [0.30177101489864067, 0.22835528848271866, 0.23228162524761534, 0.23759207127102533], [0.30273520492364725, 0.22730336742358245, 0.22405866942461874, 0.24590275812815154], [0.2901723341327958, 0.22475498577560052, 0.23219377944242947, 0.2528789005491742]], "ideal": "D", "sampled": "C", "correct": false}}
{"type": "result", "data": {"idx": 12, "options": ["Specific heat", "Thermal conductivity", "Electrical resistivity", "Hall coefficient"], "probs": [[0.17601185069743552, 0.1506758526018342, 0.4042172552007713, 0.269095041399959], [0.10173526039206113, 0.11714250284537862, 0.615728103148761, 0.1653941335137992], [0.21370583770522245, 0.39703527088963303, 0.14261871574883017, 0.24664017555631437], [0.12043413635600064, 0.25531850911187837, 0.4896355611531384, 0.13461179327898262], [0.16391170145356443, 0.577920262293246, 0.10274314210835209, 0.15542489404483747], [0.1787490115322974, 0.5350052315202874, 0.15321068812785119, 0.13303506871956397], [0.14192469628113888, 0.13984725086255, 0.4284546736714149, 0.2897733790848962], [0.06795638393936182, 0.10612800083720361, 0.6676767069818448, 0.1582389081415898], [0.13921848145550791, 0.5741480077847089, 0.09888474789591348, 0.1877487627638698], [0.08845266065521089, 0.3045443591102149, 0.49145876156067586, 0.11554421857389832], [0.0889464388150641, 0.7411246232431927, 0.06416654757514745, 0.10576239026659577], [0.1231775618423297, 0.6424562525838771, 0.134495158017989, 0.09987102745580423], [0.33489647504318576, 0.17941913006895688, 0.17268759010495413, 0.3129968046829032], [0.1345817208713591, 0.13677926971644014, 0.6010418802364486, 0.12759712907575216], [0.3478124983586873, 0.1968615025552717, 0.14751462417089078, 0.3078113748151502], [0.13248132562746978, 0.12950960186347485, 0.629737693894644, 0.10827137851441145], [0.15178085389726248, 0.6930666433892966, 0.06002811744397411, 0.0951243851694668], [0.19967124307935102, 0.6120790835381515, 0.0915924026777737, 0.09665727060472373], [0.5153137887405487, 0.174101571003027, 0.12946541220248264, 0.18111922795394172], [0.5326961636295415, 0.16908573346746095, 0.17060730586995418, 0.12761079693304342], [0.5774674587109625, 0.13406575124311151, 0.12025730669062704, 0.1682094832552989], [0.5157459070318231, 0.15864714032928312, 0.20401683721786018, 0.12159011532103361], [0.5870581952202099, 0.21958779123595598, 0.08469871556953061, 0.10865529787430353], [0.5442858974410639, 0.22363285884731493, 0.11881777731495374, 0.11326346629666738]], "ideal": "D", "sampled": "D", "correct": true}}
{"type": "result", "data": {"idx": 13, "options": ["two hydrogen atoms and one helium atom", "four hydrogen atoms and one helium atom", "six hydrogen atoms and two helium atoms", "three helium atoms and one carbon atom"], "probs": [[0.49744947257284416, 0.23786231164156063, 0.13552984190033066, 0.12915837378526457], [0.49161846589527486, 0.25241177331323417, 0.0995028652336461, 0.15646689545784487], [0.4977937340238595, 0.194166332463875, 0.17577101288468272, 0.13226892052758274], [0.3932006715321831, 0.2034364223788855, 0.11596214942908198, 0.2874007565598494], [0.44285488124233563, 0.15469999609830715, 0.2155308872245788, 0.1869142353347784], [0.44059944804970375, 0.1602294915788503, 0.1543994717801111, 0.24477158849133482], [0.49369712518050773, 0.2418170512157652, 0.1421672754654902, 0.12231854803823686], [0.49316174889256165, 0.2472743745036741, 0.0937966650734177, 0.16576721143034656], [0.4299008057625974, 0.2602997007571765, 0.18326281680139442, 0.12653667657883164], [0.35782538993507973, 0.2871302537112551, 0.11144813068277548, 0.24359622557088964], [0.46826413079968177, 0.17839066255637245, 0.18306441204293256, 0.1702807945010132], [0.46581246750148414, 0.1615741824707614, 0.16326062136357658, 0.2093527285641779], [0.440498394936929, 0.24464032780586037, 0.17898269529289393, 0.13587858186431673], [0.37378668698168965, 0.27531591778866704, 0.11372256090883517, 0.23717483422080812], [0.4360591069646325, 0.25800527292913755, 0.1745332855348078, 0.1314023344714221], [0.2775249070972151, 0.34011765611539724, 0.10927405939996156, 0.2730833772874261], [0.4178677200853189, 0.1862915009073886, 0.1895125508118898, 0.20632822809540263], [0.404923880353244, 0.18062237979885015, 0.19107861463773476, 0.22337512511017107], [0.24247863163673117, 0.39738105539338453, 0.185757288742644, 0.17438302412724027], [0.23608429727577665, 0.39932748671353097, 0.15468522904756554, 0.20990298686312683], [0.2512178047877326, 0.41469510149697697, 0.16574473183450464, 0.16834236178078577], [0.21403388039016547, 0.4302866032203911, 0.15766499465125708, 0.19801452163818634], [0.2601911645810538, 0.3115405049149435, 0.1931846382071716, 0.23508369219683103], [0.2383039742469902, 0.3038241862946908, 0.18114332852936338, 0.27672851082895555]], "ideal": "B", "sampled": "B", "correct": true}}
{"type": "result", "data": {"idx": 14, "options": ["Lines in the infrared, visible, and ultraviolet regions of the spectrum reveal primarily the nuclear structure of the sample.", "The wavelengths identified in an absorption spectrum of an element are among those in its emission spectrum.", "Absorption spectra can be used to determine which elements are present in distant stars.", "Spectral analysis can be used to identify the composition of galactic dust."], "probs": [[0.27472025153273916, 0.1938471495911347, 0.24930593368898238, 0.2821266650871438], [0.2763620234343606, 0.1965445966361734, 0.23193217120437604, 0.29516120862509], [0.26009910641385825, 0.1835367843507083, 0.2675454557460139, 0.2888186533894195], [0.27364022352463124, 0.17861907714664135, 0.19790746859441402, 0.3498332306343134], [0.25256388624276666, 0.17819407049441366, 0.2659326712243261, 0.30330937193849355], [0.2559541501736115, 0.17507642766686543, 0.2233278635416796, 0.34564155851784345], [0.33278654014080444, 0.18569507256364773, 0.2315378108847409, 0.2499805763108069], [0.3424719069572401, 0.1896276062759311, 0.20858945197228151, 0.25931103469454725], [0.33534369868691183, 0.21207829449673526, 0.20266494756892076, 0.24991305914743214], [0.34123852337109245, 0.21082432251812308, 0.20142748649747308, 0.2465096675133114], [0.33451266578163397, 0.1971844197381058, 0.20696031120017438, 0.26134260318008584], [0.3318808277549018, 0.19565419267682138, 0.2364147979853131, 0.23605018148296372], [0.25841208134635657, 0.16726464773839061, 0.2829319707945788, 0.291391300020674], [0.2736724194459044, 0.16646153479066925, 0.19327979413961677, 0.3665862515238095], [0.2678498545661983, 0.2175674373418846, 0.23741229658696295, 0.2771704114049542], [0.27690984558183185, 0.2180110565499035, 0.22516491000345668, 0.279914187764808], [0.258754957050065, 0.16887112695356227, 0.22573882820112418, 0.34663508769524853], [0.24238016837825246, 0.1644613569145644, 0.3176864933994643, 0.2754719812077188], [0.2515561282383179, 0.16669666765453395, 0.27971264717165945, 0.3020345568354887], [0.26709879238017076, 0.17293838180178692, 0.21046183138357516, 0.3495009943344672], [0.26868659655576155, 0.19561626306628443, 0.24191904426061442, 0.2937780960173396], [0.2751123092826958, 0.19565955385574785, 0.2596345322955651, 0.26959360446599123], [0.2533883154138854, 0.17466741798561553, 0.22984921929921967, 0.34209504720127937], [0.22587937307180486, 0.16835234821784417, 0.3303093559940176, 0.27545892261633337]], "ideal": "A", "sampled": "B", "correct": false}}
{"type": "result", "data": {"idx": 15, "options": ["Bosons have symmetric wave functions and obey the Pauli exclusion principle.", "Bosons have antisymmetric wave functions and do not obey the Pauli exclusion principle.", "Fermions have symmetric wave functions and obey the Pauli exclusion principle.", "Fermions have antisymmetric wave functions and obey the Pauli exclusion principle."], "probs": [[0.26602929827890853, 0.2816383540348702, 0.20151105521094326, 0.25082129237527795], [0.24250542753736892, 0.26486020882967626, 0.24544989694510275, 0.24718446658785204], [0.20560627254547748, 0.18036616530554125, 0.26296361102677057, 0.35106395102221066], [0.18476002855956614, 0.17664855190392476, 0.3870492759839297, 0.2515421434525794], [0.2439269833927758, 0.31410964852247236, 0.20463235369316313, 0.23733101429158873], [0.22315740743089893, 0.26779769252258645, 0.3018344460522628, 0.20721045389425186], [0.2343255956437629, 0.30622663178282505, 0.18022857067485698, 0.2792192017985551], [0.25625513146885776, 0.30505208541615436, 0.2099787388522487, 0.2287140441627392], [0.24569337067531316, 0.27248618003981373, 0.21934144196701086, 0.2624790072178622], [0.20153027470584628, 0.20193385774956624, 0.3845177235141668, 0.21201814393042068], [0.26296129820101405, 0.2656831145020877, 0.20736393330407746, 0.2639916538928208], [0.2339704518377826, 0.2516450025134719, 0.25434777517081614, 0.2600367703779294], [0.23112423715664374, 0.16162449119858974, 0.23938433823575853, 0.367866933309008], [0.2637944103307497, 0.16017199335111862, 0.3567003447935759, 0.21933325142455584], [0.2922025620645145, 0.2408440261838395, 0.25900533792766695, 0.20794807372397905], [0.27634822084159844, 0.18871175397333972, 0.34294410003522396, 0.19199592504983787], [0.3134878370891793, 0.3070297928452364, 0.16326232739432187, 0.21622004257126237], [0.30876742410101926, 0.3095847229535616, 0.17522714247022037, 0.20642071037519877], [0.37558734595094245, 0.2246851604441756, 0.1866856972175641, 0.21304179628731787], [0.35616436923724376, 0.18356692911585357, 0.2660233775987902, 0.19424532394811245], [0.32732978459899614, 0.20519015190933634, 0.19940802452954345, 0.26807203886212405], [0.3886384020084363, 0.20346739557132393, 0.20411438903128917, 0.2037798132889506], [0.40397301341822817, 0.22880164001096395, 0.1503473781157721, 0.21687796835503576], [0.40427625777666576, 0.2253748956898217, 0.1665073508827379, 0.2038414955507746]], "ideal": "D", "sampled": "D", "correct": true}}
{"type": "result", "data": {"idx": 16, "options": ["The Heisenberg uncertainty principle", "The Pauli exclusion principle", "The Bohr model of the atom", "Nuclear hyperfine coupling"], "probs": [[0.29539699900011895, 0.4706132656930118, 0.08979387303703962, 0.14419586216982955], [0.293460812550716, 0.4601325803653536, 0.1076023227705334, 0.138804284213397], [0.2624778410160646, 0.14400717400053756, 0.4069714187129951, 0.18654356617040277], [0.21952871485402725, 0.09527059430561599, 0.11702824866283333, 0.5681724420775234], [0.3027040958101837, 0.21007841823384446, 0.3299632072118767, 0.15725427864409514], [0.20685437730880832, 0.1266442620142577, 0.09658985080253063, 0.5699115097744033], [0.6621918529610087, 0.1444386360402813, 0.0728773756354282, 0.12049213526328188], [0.6226982341604279, 0.16256807463987763, 0.09223068446717371, 0.1225030066325207], [0.6395975350694021, 0.10776139794702567, 0.12074594198449981, 0.13189512489907246], [0.6452537966695036, 0.09900865252841815, 0.09262129939527851, 0.16311625130679977], [0.6160116607523366, 0.14187696151873405, 0.12095173086650439, 0.12115964676242497], [0.6503979175395307, 0.12422779205821682, 0.07214445190039336, 0.15322983840185908], [0.18729767665008906, 0.2549044159445208, 0.3698524026048896, 0.18794550470050056], [0.14283181193414243, 0.12922691816189105, 0.09853698690230045, 0.6294042829016661], [0.18006185648840536, 0.5449169711248455, 0.13664432951501512, 0.13837684277173404], [0.16048150599909272, 0.5674230751719006, 0.0897249700640926, 0.18237044866491411], [0.16047554194739685, 0.13324503996366094, 0.2537635640177749, 0.4525158539711673], [0.1660981202868142, 0.16256517412475074, 0.4307606284002936, 0.2405760770881414], [0.29728122656706757, 0.28904639810275207, 0.25805073204885104, 0.1556216431813293], [0.18699278729056037, 0.22258714500126808, 0.08733626128842299, 0.5030838063197486], [0.27436390398004806, 0.42342497350474084, 0.16085051186195215, 0.14136061055325894], [0.24559609589504947, 0.48671737308403396, 0.0776102542799587, 0.1900762766409579], [0.17297190554924544, 0.10838904311458968, 0.27138802608658014, 0.44725102514958476], [0.21601971016066052, 0.13747581223621932, 0.41611359639267204, 0.2303908811104481]], "ideal": "B", "sampled": "B", "correct": true}}
