{"type": "result", "data": {"idx": 0, "options": ["r = k ln[A]", "r = k [A]^2", "r = k [A]", "r = k"], "probs": [[0.21343144713355897, 0.11089420316040093, 0.22963631200525672, 0.44603803760078337], [0.20641721215645065, 0.12151949649666229, 0.3335988670372644, 0.3384644242096227], [0.22299574645607542, 0.1824216869651895, 0.1356007178826737, 0.4589818485960614], [0.20036307868256015, 0.4392170774730788, 0.18735972976719126, 0.17306011397716978], [0.19513976862773608, 0.4413233166688926, 0.13135826782102492, 0.2321786467823464], [0.21262073291921701, 0.43435960612481067, 0.19725697916305285, 0.15576268169291946], [0.2090347048718897, 0.1341102679204861, 0.2713779725942443, 0.3854770545133799], [0.18644262570598988, 0.13553926145361586, 0.32329034320324795, 0.3547277695371463], [0.21275286691375236, 0.18667887427547714, 0.14889984053225205, 0.45166841817851844], [0.22168935833144587, 0.3158709406536851, 0.2812190353589173, 0.18122066555595173], [0.17640015919827762, 0.3988042235688385, 0.15733016088043944, 0.26746545625244444], [0.1854991112315195, 0.4258608690711909, 0.21415405825160028, 0.17448596134568933], [0.4184582233010497, 0.16670814154865207, 0.1289340555538943, 0.28589957949640393], [0.5362970588730245, 0.17986196963797596, 0.14815918437433492, 0.13568178701466463], [0.348770260775975, 0.1422358751154761, 0.13691490887226432, 0.37207895513628453], [0.4724588236473058, 0.18381353268613687, 0.1841072643843145, 0.1596203791822428], [0.5287036855831755, 0.23316925588027537, 0.11824832767370767, 0.11987873076284143], [0.626867096752807, 0.1742640532598261, 0.09409481750695266, 0.10477403238041413], [0.24494532478223516, 0.13134548458173162, 0.1273597516695381, 0.4963494388664951], [0.22207673553620486, 0.2009815335365281, 0.41037304428208055, 0.16656868654518647], [0.23636117751291985, 0.11718178626603633, 0.12876661216496182, 0.517690423956082], [0.3408688211618029, 0.20547345013193624, 0.26223953138587275, 0.1914181972203881], [0.2834841695528734, 0.4236168843369593, 0.15456076303361274, 0.13833818297655454], [0.2858652344575901, 0.40123941901721066, 0.1510499805686808, 0.1618453658565184]], "ideal": "D", "sampled": "C", "correct": false}}
{"type": "result", "data": {"idx": 1, "options": ["all molecular bonds absorb IR radiation", "IR peak intensities are related to molecular mass", "most organic functional groups absorb in a characteristic region of the IR spectrum", "each element absorbs at a characteristic wavelength"], "probs": [[0.04437398521019094, 0.05581145712245392, 0.8208839265893424, 0.0789306309780128], [0.07724545092670454, 0.04418764230027259, 0.07707988412592982, 0.801487022547093], [0.07745572231331273, 0.7762559553571776, 0.06212629566826378, 0.0841620265612459], [0.08952498891324616, 0.7738377153510536, 0.05908541816013297, 0.07755187747556727], [0.09783090030494543, 0.060974720723155774, 0.044704713817014664, 0.7964896650548842], [0.07033565261517122, 0.08122734403238589, 0.7602934637058508, 0.08814353954659204], [0.03476707562323461, 0.06166944435515178, 0.825354408327475, 0.07820907159413859], [0.059509216224755065, 0.04837999300100371, 0.06125550944697402, 0.8308552812272672], [0.0732561820568744, 0.7810067985031, 0.06301282445628267, 0.08272419488374294], [0.07399161131688278, 0.7888033359871148, 0.052350032874363316, 0.08485501972163904], [0.05505998886660468, 0.04405212840075045, 0.06368573849288152, 0.8372021441397633], [0.03519634608266235, 0.061449562635451004, 0.8032960474424548, 0.1000580437394319], [0.8678854975769218, 0.04906010817021866, 0.03249448416450207, 0.05055990998835747], [0.8760729944816414, 0.046894004915421325, 0.03057336821658098, 0.046459632286356224], [0.8707181279289092, 0.04517271402900231, 0.03337488720511598, 0.05073427073697244], [0.8804715592129408, 0.04126926007905407, 0.029315401800096615, 0.048943778807908504], [0.8798279499179076, 0.043892702637911375, 0.030700522488250243, 0.04557882485593075], [0.8958640755792209, 0.03676624749136382, 0.02511345445182396, 0.042256222377591336], [0.09731364869274269, 0.05478076518994244, 0.04375579189019812, 0.8041497941271167], [0.05828570356807995, 0.06622671833617634, 0.8013829885596713, 0.0741045894360724], [0.07562235094106182, 0.03474591374364227, 0.06201231320221784, 0.827619422013078], [0.04900942815364199, 0.05069361702134338, 0.8178237797667899, 0.08247317495822469], [0.11395088412291414, 0.7311789283739658, 0.06844935463504924, 0.0864208327680708], [0.09897881376577511, 0.7598449900044246, 0.05411874300748047, 0.0870574531223198]], "ideal": "C", "sampled": "C", "correct": true}}
{"type": "result", "data": {"idx": 2, "options": ["2", "3", "4", "5"], "probs": [[0.20813773880512937, 0.33331996695821126, 0.2561635710961295, 0.2023787230405298], [0.20267015391543133, 0.319613630745433, 0.23616294208544783, 0.24155327315368785], [0.21243866959416388, 0.29323762215367694, 0.2941159561859111, 0.2002077519662481], [0.22539370095552666, 0.2833191496345077, 0.2428821808286343, 0.24840496848133134], [0.21360782423290833, 0.2835616255584404, 0.29342753566631546, 0.2094030144423358], [0.2070497032621712, 0.274852382743334, 0.2934353220123771, 0.22466259188211768], [0.35727677063969526, 0.22737379165895524, 0.24480305275830463, 0.17054638484304485], [0.3496481231943022, 0.22608328200230096, 0.21642165206326947, 0.20784694264012732], [0.3662856707717561, 0.2748178161460176, 0.1894017997372947, 0.1694947132449316], [0.3470370717441142, 0.26445576151862005, 0.22156050468910676, 0.16694666194815902], [0.3548031362419054, 0.26207380066121305, 0.19992457029754832, 0.18319849269933322], [0.30723417260009583, 0.24151020109488747, 0.2811217945700171, 0.17013383163499957], [0.3059172882442137, 0.248113583776673, 0.25092804055494083, 0.19504108732417247], [0.2950571775141344, 0.24500446019106809, 0.23822042343618466, 0.22171793875861281], [0.30222851485312424, 0.29351309376274587, 0.20068636833637335, 0.20357202294775656], [0.28279472237365905, 0.2923403469133203, 0.23738544394340844, 0.18747948666961223], [0.3047796189480224, 0.289148509473496, 0.2039702385460016, 0.20210163293247996], [0.2868370413493375, 0.2595758139827552, 0.2707430124012094, 0.1828441321666979], [0.3045355470035581, 0.23938355560840122, 0.2477659358660749, 0.20831496142196573], [0.26591267386660195, 0.22602418879322408, 0.2650909642582994, 0.24297217298187457], [0.2830067276671644, 0.2879954576204314, 0.21966275570580165, 0.2093350589066025], [0.26245757152622246, 0.27769543890275866, 0.25956948815463604, 0.20027750131638286], [0.3128241849702073, 0.2765584546563863, 0.196622443229825, 0.21399491704358142], [0.29787164479686873, 0.27165212819762297, 0.2330132240865089, 0.19746300281899937]], "ideal": "D", "sampled": "B", "correct": false}}
{"type": "result", "data": {"idx": 3, "options": ["The I\u2212 : IO3\u2212 ratio is 3:1.", "The MnO4- : I- ratio is 6:5.", "The MnO4- : Mn2+ ratio is 3:1.", "The H+ : I\u2212 ratio is 2:1."], "probs": [[0.2690856256003092, 0.22552405105331955, 0.2745544109550929, 0.2308359122912783], [0.28219872710267, 0.2274152487288988, 0.22236640749138184, 0.26801961657704937], [0.2666233698273298, 0.24360334144768897, 0.2555804176200031, 0.23419287100497807], [0.2854821341127459, 0.26283219062393864, 0.2197836753538457, 0.23190199980946977], [0.2513465285049862, 0.19784024355817312, 0.2465619444600545, 0.3042512833767862], [0.2616655269251692, 0.20437406305972533, 0.2754797380213592, 0.25848067189374624], [0.25148952754276005, 0.23329860664951166, 0.2688513776048798, 0.24636048810284852], [0.2572189424507261, 0.21893265656026295, 0.2174133936791798, 0.30643500720983113], [0.26326039430846704, 0.24615313110274217, 0.24259950218158874, 0.24798697230720204], [0.2553902604233677, 0.24062729237992272, 0.22270174654136926, 0.2812807005553403], [0.24878406529417899, 0.1868087537811895, 0.23638728339768197, 0.32801989742694954], [0.2452980392136543, 0.20549943734886467, 0.2704722244696717, 0.27873029886780937], [0.2713361003325417, 0.23652950712075327, 0.24814514073795743, 0.24398925170874763], [0.2846410657073846, 0.25013280657808484, 0.22093077660171556, 0.244295351012815], [0.2673103034516725, 0.24416896299821583, 0.24443618553382415, 0.24408454791628748], [0.26077544686570714, 0.2419226318355871, 0.22745107112040522, 0.26985085007830056], [0.28336018321064715, 0.2356992959740497, 0.24155417082278366, 0.2393863498925195], [0.26506312889002165, 0.22921662837309384, 0.2520332559085208, 0.25368698672836365], [0.2349037974837957, 0.18930844960703808, 0.2510338425385258, 0.32475391027064043], [0.25321418044419153, 0.20730501411272287, 0.27936819192953694, 0.2601126134135487], [0.2592424076762116, 0.21891487480254676, 0.24068257983058164, 0.28116013759066], [0.2530492657042982, 0.21880021177131373, 0.2662968158290291, 0.261853706595359], [0.273944181501778, 0.2482910714031303, 0.23714442118766627, 0.2406203258074254], [0.2514345868742984, 0.22964008955923815, 0.26673083699864636, 0.2521944864678171]], "ideal": "B", "sampled": "C", "correct": false}}
{"type": "result", "data": {"idx": 4, "options": ["always", "only for constant pressure processes", "only for constant temperature processes", "only for constant volume processes"], "probs": [[0.2822093560186436, 0.48564226601474353, 0.11887733194245245, 0.11327104592416042], [0.2787948804994547, 0.4950289055950792, 0.1202248689378547, 0.10595134486761135], [0.3427767199846516, 0.34926405923568954, 0.1637497720145022, 0.14420944866515673], [0.347466402730396, 0.34314721220235067, 0.16089281250045567, 0.14849357246679767], [0.31499049533719764, 0.3964243291879292, 0.16014957665018487, 0.12843559872468832], [0.3411049544470144, 0.37294524904336346, 0.15426187215692946, 0.1316879242526927], [0.6246897670700781, 0.19698122435300508, 0.09761563087941026, 0.08071337759750663], [0.6254563927024995, 0.20031878350162033, 0.1000628098745419, 0.07416201382133822], [0.5168758399174181, 0.1494731985118584, 0.23415264928297222, 0.09949831218775125], [0.47948591589729084, 0.14879036108045754, 0.14667493282207972, 0.2250487901001719], [0.5225316998405889, 0.1546767239418189, 0.23121493079171684, 0.0915766453258754], [0.4935915763833205, 0.1519798577859925, 0.1418451602224817, 0.2125834055082053], [0.50918858858926, 0.24300585503676964, 0.13758751646105807, 0.11021803981291234], [0.49971753726162343, 0.24797453168516065, 0.13715364139760133, 0.11515428955561455], [0.4229442852267127, 0.1725305079666583, 0.28786213681922423, 0.11666306988740478], [0.44060250455797706, 0.15739874305643098, 0.15636387232820373, 0.24563487995738822], [0.4201844459406895, 0.16741873821189923, 0.2928132799813378, 0.11958353576607346], [0.4342249721651643, 0.1539044219612136, 0.16405203913467079, 0.24781856663895127], [0.43920056044237155, 0.27777375526450016, 0.1700875086873179, 0.11293817550581035], [0.46255696383038847, 0.2601419551336374, 0.15928903879850198, 0.11801204213747214], [0.3805059705181049, 0.19018725623850213, 0.31491225250837623, 0.11439452063501672], [0.3956908347395245, 0.181533102283617, 0.1667994012189362, 0.2559766616579223], [0.39012649577877495, 0.16939045259081575, 0.3204076528532512, 0.12007539867715807], [0.4056189176503, 0.1616549568466884, 0.17641901179491037, 0.25630711360810116]], "ideal": "B", "sampled": "B", "correct": true}}
{"type": "result", "data": {"idx": 5, "options": ["3 lines", "9 lines", "5 lines", "7 lines"], "probs": [[0.34171536052214246, 0.235486235662303, 0.21997476784212897, 0.20282363587342556], [0.3342451750897902, 0.23766693470485575, 0.21854241190155427, 0.2095454782037998], [0.32989267003057593, 0.227329451230226, 0.21738028848054222, 0.22539759015865582], [0.36068193195675863, 0.23341574468113577, 0.20641142742987947, 0.19949089583222615], [0.33337509132009246, 0.22619036990838784, 0.22310918234875138, 0.2173253563227683], [0.33965249834083966, 0.2250838808465261, 0.23833444001870877, 0.19692918069392545], [0.26379585263475325, 0.3320043086673611, 0.20155277846228187, 0.20264706013560382], [0.26328320093154217, 0.32624534741493016, 0.1934575942995685, 0.21701385725395916], [0.2703549104447072, 0.26907096686825793, 0.2592753315144585, 0.20129879107257637], [0.27148866246177866, 0.26601978737406407, 0.22612496871288915, 0.23636658135126812], [0.27291247245920475, 0.25714728233626954, 0.2536462843164475, 0.21629396078807825], [0.2785468184236339, 0.25440109531722865, 0.23384552398505415, 0.2332065621740833], [0.30805787441034105, 0.292587995499916, 0.19213823972211155, 0.20721589026763138], [0.30787257274507057, 0.30405426928502416, 0.19049616723826432, 0.19757699063164091], [0.31698149911842155, 0.24947825443452648, 0.23485832263949835, 0.1986819237075536], [0.29342388229344935, 0.23830171706970557, 0.24637208142284248, 0.2219023191140026], [0.32513697963273647, 0.24227585664126874, 0.23349399166472354, 0.19909317196127124], [0.3050685064965224, 0.2401014077468653, 0.22595680767825324, 0.22887327797835902], [0.2745322625739859, 0.3220793354499027, 0.19249464856390414, 0.2108937533122073], [0.272649884196673, 0.32233577963466703, 0.20673140881378427, 0.19828292725487567], [0.2821192825190022, 0.24583653345738776, 0.2501903548643248, 0.22185382905928525], [0.28393965956709555, 0.24359655377813058, 0.240255400514419, 0.2322083860403549], [0.28754284546565245, 0.26261227929033876, 0.2471642606135763, 0.2026806145304325], [0.2900487909942849, 0.26699129937860594, 0.21485234265201059, 0.2281075668750986]], "ideal": "B", "sampled": "A", "correct": false}}
{"type": "result", "data": {"idx": 6, "options": ["Neutrons", "Alpha particles", "Beta particles", "X-rays"], "probs": [[0.7117076899380748, 0.11442647532193581, 0.08473218724082407, 0.08913364739916532], [0.6950125927149023, 0.12466221396395052, 0.07531120979644895, 0.10501398342469813], [0.7132281329972139, 0.1027912982745234, 0.0910969410409184, 0.09288362758734431], [0.6852139182805217, 0.10030779166777358, 0.0815337070626912, 0.13294458288901348], [0.7453836964528763, 0.08497811297918693, 0.08530792783780992, 0.08433026263012681], [0.731977451788043, 0.08676899094356168, 0.08443543188270825, 0.09681812528568713], [0.13767315445953743, 0.5769885181803688, 0.16167578099541385, 0.12366254626467994], [0.11321036853881172, 0.609021920173716, 0.12388870488026749, 0.15387900630720477], [0.110412521494128, 0.18095265057434137, 0.5424492277787694, 0.16618560005276126], [0.101126883126857, 0.16180654755827437, 0.1292883407460378, 0.6077782284688309], [0.0664365475189994, 0.11404645291562725, 0.6190729463487981, 0.20044405311657532], [0.08221470747545849, 0.10904705767093277, 0.1888261330421568, 0.619912101711452], [0.09741300725659362, 0.6132957110203052, 0.15159361988303993, 0.13769766174006123], [0.07726021455618977, 0.6242411415060493, 0.11557253220590953, 0.18292611163185146], [0.11216032838177624, 0.20516987754349236, 0.5177697693119175, 0.1649000246628139], [0.09631214317370868, 0.1615288584123806, 0.12603936149116393, 0.6161196368227468], [0.06044852428035036, 0.094495185766179, 0.6090077825288304, 0.23604850732464025], [0.07960223854273858, 0.0841844869997178, 0.2170956202716238, 0.6191176540859198], [0.06506535198424443, 0.6541484533760932, 0.14269730126675265, 0.13808889327290974], [0.06266553419206822, 0.6500484652145535, 0.1280961724348641, 0.15918982805851417], [0.06087565253021849, 0.1509228548193514, 0.5716571402906215, 0.2165443522598086], [0.07482703029361135, 0.1346382051571676, 0.18010917304145257, 0.6104255914077684], [0.048852298949828475, 0.09430489048504528, 0.6175098487584046, 0.23933296170672155], [0.06931242987844977, 0.08912501350457785, 0.21091150921096039, 0.630651047306012]], "ideal": "A", "sampled": "A", "correct": true}}
{"type": "result", "data": {"idx": 7, "options": ["Strong oxidizing conditions", "Low-spin electron configuration", "Metallic physical properties", "Unpaired electrons"], "probs": [[0.08079521116416707, 0.076558863317497, 0.06714845247942909, 0.7754974729389068], [0.046977435527671155, 0.07808795029118469, 0.7863146270926852, 0.08861998698845891], [0.07664085695451435, 0.07609516899733239, 0.10019189564800013, 0.7470720783001531], [0.03751532085836009, 0.051704650225284005, 0.8383240917539785, 0.07245593706237742], [0.07485408864996707, 0.8129383900165829, 0.05198259274018505, 0.06022492849326503], [0.07027295897638332, 0.8316692616144838, 0.04239503246425416, 0.055662746844878694], [0.07268578490314438, 0.04113238314988255, 0.05165753994156356, 0.8345242919054094], [0.042017152982643746, 0.04800437601906064, 0.8411382153897619, 0.0688402555085338], [0.08868383978732544, 0.05686024436330928, 0.04265546228015818, 0.811800453469207], [0.0505531646178302, 0.054683632328352216, 0.8199379321122103, 0.07482527084160723], [0.1052003381206542, 0.7789416560224838, 0.04680146812322015, 0.0690565376336419], [0.11813258821669513, 0.7659132654186276, 0.05014868957053292, 0.06580545669414431], [0.06279769796538712, 0.04743886560408061, 0.10375677473298953, 0.7860066615975427], [0.03371582740855351, 0.04399322218715176, 0.860162008104251, 0.06212894220004369], [0.07907591317496682, 0.06510226809128523, 0.048083321293664924, 0.8077384973400831], [0.047497138366717526, 0.08019531399737621, 0.7950850750336188, 0.07722247250228746], [0.08227765059475817, 0.8137179258760077, 0.04084386052807603, 0.06316056290115807], [0.09124850854755998, 0.7840337477748281, 0.06094959254864385, 0.06376815102896802], [0.8817905951777543, 0.04563073219945874, 0.03196989589755672, 0.04060877662523024], [0.8821708045219869, 0.043563209875444445, 0.028223263359816914, 0.04604272214275172], [0.8753794251453686, 0.05133344127345123, 0.029361007130616557, 0.04392612635056366], [0.880352621141438, 0.04926357072805221, 0.029529592184356263, 0.04085421584615354], [0.9001584160296742, 0.041111897164010446, 0.021571351037991494, 0.03715833566832389], [0.9091306537792337, 0.03870464815395412, 0.022481664446846558, 0.029683033519965523]], "ideal": "D", "sampled": "D", "correct": true}}
{"type": "result", "data": {"idx": 8, "options": ["1:1", "1:3", "1:6", "2:3"], "probs": [[0.26891720692981086, 0.2853457373891892, 0.24216980100489596, 0.20356725457610395], [0.2764784867869187, 0.300419406544055, 0.2249471146412054, 0.19815499192782088], [0.2688097099513674, 0.24018209038034463, 0.2922418458801604, 0.19876635368812762], [0.2895427941986458, 0.2547677457077843, 0.2431981265301693, 0.21249133346340052], [0.26646262007577987, 0.23989256856586844, 0.2966277554837109, 0.19701705577464082], [0.28139972264635316, 0.24755534158324216, 0.2596425971182431, 0.2114023385521615], [0.2913279700884375, 0.27704973767685204, 0.24454591072680276, 0.18707638140790772], [0.2952592582628136, 0.28526215892376483, 0.2328338553424145, 0.1866447273710071], [0.3097744033887318, 0.2539070882231466, 0.2580220737500566, 0.178296434538065], [0.2820353549740113, 0.25003186238339437, 0.2642620543016288, 0.20367072824096555], [0.27860673428947974, 0.21285579462140738, 0.31506573211780436, 0.1934717388713085], [0.3013597681614435, 0.22849949851583046, 0.2591464480625756, 0.21099428516015048], [0.26416805777542673, 0.27384978938120624, 0.2697176675186697, 0.1922644852246973], [0.278890098918055, 0.28246652656253984, 0.23241001018926966, 0.2062333642301355], [0.23923306521218418, 0.24991120767942193, 0.3340219010677981, 0.17683382594059577], [0.2528295181017186, 0.2902561680644148, 0.23137190590911186, 0.22554240782475476], [0.23904489690788971, 0.21021859972218343, 0.3611512887459834, 0.18958521452394342], [0.24761648473647646, 0.23552525041132297, 0.3027928471262454, 0.2140654176259552], [0.257956616317565, 0.28907739251710846, 0.25929325043668466, 0.1936727406286419], [0.2690502187057565, 0.2923353699253337, 0.23495950502667165, 0.2036549062422381], [0.2648031294914119, 0.23836747234013567, 0.3041370374791005, 0.19269236058935196], [0.2811400550152845, 0.257151033597041, 0.24551406134424092, 0.21619484994343358], [0.2713716585458397, 0.210535239995299, 0.3267076264485698, 0.19138547491029143], [0.2572088982081161, 0.20751925063923538, 0.32966543255934005, 0.2056064184933085]], "ideal": "C", "sampled": "A", "correct": false}}
{"type": "result", "data": {"idx": 9, "options": ["T1, unlike T2, is sensitive to very low-frequency molecular motions.", "T2, unlike T1, is sensitive to very low-frequency molecular motions.", "T1, unlike T2, is sensitive to molecular motions at the Larmor frequency.", "T2, unlike T1, is sensitive to molecular motions at the Larmor frequency."], "probs": [[0.2304994475313329, 0.3584693754273184, 0.1903093790633282, 0.22072179787802054], [0.2464655747673321, 0.33295850450755754, 0.18821995799834657, 0.23235596262676378], [0.2706989524675386, 0.21970908849534826, 0.2964902387341793, 0.2131017202029338], [0.2279664277802429, 0.26735141870686163, 0.2829456329062757, 0.22173652050661968], [0.2532471493601022, 0.23869159036548954, 0.28190306666365733, 0.2261581935107509], [0.25805772501887947, 0.23939643377934008, 0.28270901510461893, 0.21983682599716153], [0.26022094097782295, 0.3743629995454057, 0.1699108306906956, 0.19550522868607578], [0.25925963341803654, 0.358714152576989, 0.16799930725803913, 0.2140269066469353], [0.26864308916752555, 0.22328030236158067, 0.2897467997304967, 0.21832980864039706], [0.2165409986917498, 0.251998104189412, 0.2999518602772173, 0.23150903674162093], [0.2816156106664911, 0.17796046764918058, 0.3416818925146031, 0.1987420290697252], [0.244724992559592, 0.2378340547716316, 0.2830930692135284, 0.234347883355248], [0.284300812582578, 0.2764070414149634, 0.23856448345673065, 0.20072766244572796], [0.3031878100917398, 0.24806082604288193, 0.2584430767667443, 0.190308286998634], [0.3483100248504084, 0.24383460672752996, 0.20555450367849423, 0.20230086464356734], [0.24025433121088163, 0.222802239973948, 0.3460882655347244, 0.19085516318044596], [0.26592467627699234, 0.35091669252482455, 0.18481564908470402, 0.19834298201347908], [0.2835264076620775, 0.3076226298276499, 0.18370657762279327, 0.22514438478747936], [0.2594553607280485, 0.26854053937314354, 0.2626400071906666, 0.2093640926081414], [0.24229322417380067, 0.1936054263156508, 0.38335440254225944, 0.18074694686828913], [0.2849625774955353, 0.26851872986738506, 0.237284109730589, 0.20923458280649065], [0.3009461596730182, 0.20728107721287298, 0.3170619152345952, 0.17471084777951357], [0.26903112343429114, 0.37792094810526977, 0.16750543816235128, 0.18554249019808777], [0.25970694807118305, 0.3591436498870474, 0.1748811330453683, 0.20626826889640132]], "ideal": "D", "sampled": "C", "correct": false}}
{"type": "result", "data": {"idx": 10, "options": ["3.02 ppm", "5.03 ppm", "10.56 ppm", "11.30 ppm"], "probs": [[0.2075609353704037, 0.2324349065657011, 0.2615122716906738, 0.29849188627322143], [0.20670178530533384, 0.22080171106037833, 0.2729087471689066, 0.2995877563653812], [0.2245253555393595, 0.27834167244208957, 0.24772902582406203, 0.2494039460944889], [0.20444425905356858, 0.2594516679793672, 0.3036544394446911, 0.23244963342237307], [0.2254510771459379, 0.29059527620428316, 0.23545071042734456, 0.24850293612243435], [0.2031432867315414, 0.27232614562658364, 0.3041477844432992, 0.22038278309857576], [0.22559076690857138, 0.22996813175952707, 0.2755634322151094, 0.2688776690167921], [0.21190392110326556, 0.2176579748668562, 0.28647828953018867, 0.28395981439968954], [0.24552525211612963, 0.2748549241319381, 0.23894106983327007, 0.24067875381866213], [0.20808952484834356, 0.24999133867466974, 0.3214290583451107, 0.22049007803187595], [0.24159027993632845, 0.29015112352675126, 0.23140529140610033, 0.23685330503081992], [0.20752819442782877, 0.26537691357863463, 0.3205628847503675, 0.20653200714316913], [0.25454028354575076, 0.27837913319509466, 0.23461489634960903, 0.2324656868095455], [0.25079130385912646, 0.2617033953735845, 0.2619380588810223, 0.22556724178626678], [0.25660855722581744, 0.2699215532534308, 0.24982437115604536, 0.22364551826470636], [0.24465277424015683, 0.26962706042175744, 0.2657665570445346, 0.21995360819355111], [0.2367826401950565, 0.314876735178931, 0.228660762287162, 0.2196798622388505], [0.23247540792061488, 0.30431356116131936, 0.23893819034874636, 0.22427284046931936], [0.26224813644195133, 0.26942483390929683, 0.23973403093009046, 0.2285929986186614], [0.24590757462352575, 0.2668330828181154, 0.2608441567663272, 0.22641518569203162], [0.25290727612827374, 0.2765870690069177, 0.25008878109338406, 0.22041687367142448], [0.2411929106648906, 0.27647912911510036, 0.26205647379603747, 0.2202714863239716], [0.24143371394393778, 0.30632226286795017, 0.236835439322953, 0.21540858376515903], [0.23640935201609248, 0.2976340771834001, 0.24495996562415717, 0.22099660507635022]], "ideal": "D", "sampled": "D", "correct": true}}
{"type": "result", "data": {"idx": 11, "options": ["[The polarization relaxes exponentially: p(t) = [p(0) - peq]exp(-t/T1) + peq.]", "72.0 s", "56.6 s", "12.7 s"], "probs": [[0.20170387623677236, 0.24196949598753706, 0.344567805494184, 0.2117588221815066], [0.21505478871535083, 0.2560402078360517, 0.32171623936904253, 0.20718876397955494], [0.20403374729500343, 0.2817828952984361, 0.2843339442922453, 0.22984941301431516], [0.20905994811321596, 0.27123354095042357, 0.31025333596286075, 0.20945317487349968], [0.19889098996590443, 0.2520629242425305, 0.2951234666744827, 0.25392261901708235], [0.20009317693954737, 0.26161667312126824, 0.29453864251799494, 0.24375150732118941], [0.25791415953909347, 0.2390124982209282, 0.3050776169155579, 0.1979957252244204], [0.26077895576793003, 0.2454846874979616, 0.29664911932812604, 0.19708723730598235], [0.25070134923490317, 0.2532203608447574, 0.26569749109908053, 0.23038079872125888], [0.3040796608644527, 0.22999422935314467, 0.2249900318454233, 0.24093607783697935], [0.2659451782114924, 0.25632200788327864, 0.25867382845708065, 0.21905898534814827], [0.2991611018602738, 0.23166161428069668, 0.20471052518361338, 0.2644667585754161], [0.2696811854569644, 0.26813393828571713, 0.25024574992538434, 0.21193912623193414], [0.2629687448630706, 0.2553956470324162, 0.27657797517725735, 0.20505763282725586], [0.25335122999915627, 0.21885517749139302, 0.2949868010440465, 0.23280679136540422], [0.30367103668500683, 0.20110209583867375, 0.22468379472458314, 0.27054307265173627], [0.26941122227664144, 0.2458114472269442, 0.2811523545194065, 0.20362497587700784], [0.29797823438178545, 0.21673165457872928, 0.2070580001231798, 0.27823211081630544], [0.25530391168115824, 0.24033073362299354, 0.2622865658054753, 0.2420787887903729], [0.25215550503129963, 0.2627410512082975, 0.25698574609017233, 0.22811769757023057], [0.23252863382543318, 0.23856318705566829, 0.27709788907075233, 0.2518102899481462], [0.29313832955317365, 0.21321234422596544, 0.23452230144960357, 0.2591270246712573], [0.23349703498089303, 0.23953796563825788, 0.2985509589231834, 0.2284140403576657], [0.2872830459463777, 0.21223838083879404, 0.22802093152005332, 0.2724576415947749]], "ideal": "B", "sampled": "C", "correct": false}}
{"type": "result", "data": {"idx": 12, "options": ["4.6 mT", "27 G", "5.4 mT", "3.8 mT"], "probs": [[0.24731724698803986, 0.18268518692470184, 0.32189373137991534, 0.24810383460734298], [0.26034346608216064, 0.19535361519519417, 0.2989454611679803, 0.24535745745466486], [0.28888455460884993, 0.261604461965693, 0.19180463538344883, 0.25770634794200825], [0.2971527829893389, 0.27322542257519056, 0.22171681786768535, 0.2079049764677852], [0.3012943834922366, 0.2602878445383952, 0.18789063581947837, 0.25052713604988985], [0.2952862635661975, 0.263116087542745, 0.23822348952558367, 0.20337415926547378], [0.17623487900975265, 0.1970931230478987, 0.3160626731226885, 0.31060932471966013], [0.179402610027809, 0.20866118991258856, 0.321770290156919, 0.2901659098026834], [0.17524569963780412, 0.20383013479116535, 0.31922095535154327, 0.30170321011948725], [0.16584375753504416, 0.19592846958402987, 0.30685905312963485, 0.3313687196512911], [0.17771317493848038, 0.20505540338758055, 0.3040135917351459, 0.31321782983879315], [0.1566131208151798, 0.18071417095726627, 0.2851551642821284, 0.3775175438454255], [0.2942912753699742, 0.2623741484841083, 0.19086117688065557, 0.2524733991652619], [0.30947845248827666, 0.2736661054317839, 0.2102456775024192, 0.20660976447752022], [0.24034164843540035, 0.18753401933225214, 0.3031147420103227, 0.2690095901220248], [0.24049076077186068, 0.18765337483714975, 0.2962337985899778, 0.2756220657010118], [0.27810105678638364, 0.2679601013392471, 0.2563141882163272, 0.1976246535580421], [0.2936679808104811, 0.2597551422978505, 0.18459418964310867, 0.26198268714855966], [0.27982529161083014, 0.2593985420385319, 0.18868907721870504, 0.2720870890319329], [0.2941217974410114, 0.27255162187843496, 0.2159933117413101, 0.21733326883924353], [0.24076662900225457, 0.18929545217620533, 0.3107946401997336, 0.25914327852180646], [0.23176653680867912, 0.1738862246101062, 0.3160067498367923, 0.2783404886444224], [0.26794314781047424, 0.26433772239929115, 0.2712366323086082, 0.19648249738162646], [0.2750656183504643, 0.25697465579735496, 0.18546105090338347, 0.2824986748487973]], "ideal": "A", "sampled": "A", "correct": true}}
{"type": "result", "data": {"idx": 13, "options": ["1:19:36:84:126:126:84:36:19:1", "1:9:36:84:126:126:84:36:9:1", "1:9:35:82:120:120:82:35:9:1", "1:8:28:56:70:56:28:8:1"], "probs": [[0.2159220777568927, 0.36334763329504005, 0.24961696936896355, 0.1711133194791037], [0.22215204269679198, 0.34571970020830056, 0.2356484418223356, 0.19647981517257185], [0.19950927791984552, 0.2984190284907422, 0.35475236173896935, 0.14731933175044293], [0.2270090979263762, 0.3396433743335428, 0.2262039136453526, 0.2071436139947284], [0.21398739729247043, 0.2180891353812797, 0.3632967851217809, 0.20462668210446902], [0.2145589461970975, 0.22214636370426039, 0.3138459435479349, 0.2494487464507072], [0.23513009791511252, 0.3357258686724471, 0.23989015457779123, 0.18925387873464913], [0.22936103552190532, 0.30293237257156236, 0.26325356173107345, 0.20445303007545887], [0.22532010076176975, 0.33978566523968784, 0.26050078866260956, 0.17439344523593284], [0.218978893452161, 0.33023115497161004, 0.25718429298832673, 0.19360565848790223], [0.22802599451723296, 0.3010931104446295, 0.2943332282705787, 0.1765476666675589], [0.23876706119127158, 0.3202826130111997, 0.23795207197003368, 0.202998253727495], [0.21589816782851465, 0.29636245521379545, 0.30844652190034877, 0.17929285495734112], [0.2161398231767045, 0.27657461163616087, 0.25195631382329986, 0.25532925126383477], [0.22347435178054167, 0.28363413482794003, 0.299882628002381, 0.19300888528913726], [0.21182564214474117, 0.2930952055920404, 0.2690836231004869, 0.22599552906273154], [0.22200870511695928, 0.3000505864320158, 0.23734951016913614, 0.24059119818188876], [0.23120320297537464, 0.332684144373461, 0.2080378588213072, 0.22807479372985712], [0.164681161486097, 0.17038128760597132, 0.4229479603657979, 0.24198959044213375], [0.1701109358465155, 0.1787906831684528, 0.36778013798552145, 0.28331824289951024], [0.18814077042071445, 0.2277611263691451, 0.361906420013072, 0.2221916830970684], [0.1718076194920337, 0.2162305595692912, 0.38922665099225334, 0.22273516984642178], [0.17828595370825515, 0.23337404079824406, 0.3071473492799911, 0.2811926561135097], [0.18350272822027025, 0.2478206381603424, 0.2968736798206025, 0.27180295369878493]], "ideal": "D", "sampled": "B", "correct": false}}
{"type": "result", "data": {"idx": 14, "options": ["spin trapping provides more structural information than direct detection by EPR", "spin trapping makes it easy to quantify free radical intermediates", "steady state concentration of free radical intermediates is often too low to enable direct detection by EPR", "detection of spin adducts requires lower power than direct detection of radical intermediates"], "probs": [[0.14455669793776943, 0.1183546531449818, 0.5677218905777819, 0.16936675823946687], [0.25414364012658464, 0.13534415450267648, 0.14875099664923194, 0.46176120862150694], [0.24223263739780668, 0.4840697681722991, 0.11944416998208326, 0.15425342434781097], [0.23851307800320684, 0.47659160832429637, 0.1282000747880323, 0.15669523878446448], [0.2525298407026544, 0.15124319855524646, 0.1444052201063158, 0.45182174053578333], [0.14717118156632555, 0.10799084742702464, 0.5737062566210975, 0.17113171428555224], [0.10276484488413269, 0.13035285471566344, 0.6060215830196896, 0.16086071728051426], [0.19426157157450133, 0.13598116146102204, 0.1518147036822229, 0.5179425631822537], [0.20032562908051535, 0.5101300249425545, 0.12578434678618364, 0.16375999909074646], [0.19878603219807053, 0.4791570829991601, 0.13499742543841337, 0.187059459264356], [0.17922753627974236, 0.12645885723932182, 0.15263307547929655, 0.5416805309016393], [0.13418069680452682, 0.127477588156195, 0.5266729671230692, 0.21166874781620895], [0.7644293163132585, 0.06849873891917631, 0.0706782868521932, 0.09639365781537201], [0.7488760295590217, 0.07311695013867088, 0.07429744992185643, 0.10370957028045105], [0.7197936176533929, 0.08955100177823057, 0.08029572664888418, 0.1103596538194923], [0.6796086379235223, 0.09962667449590681, 0.09005232832386352, 0.1307123591567073], [0.6702994107529774, 0.1122263669855425, 0.08953493832646521, 0.1279392838350149], [0.6612957119280416, 0.11072594671334222, 0.09043058007051245, 0.13754776118810375], [0.22013306615535486, 0.14819194374986738, 0.1529628187265021, 0.47871217126827564], [0.12267131841904692, 0.12210317444224834, 0.5676397811498022, 0.18758572588890257], [0.209083627821432, 0.13324041962121905, 0.16209633687636507, 0.4955796155809839], [0.14306006473630867, 0.12664333550751383, 0.5150220027805829, 0.21527459687559466], [0.19778465649753948, 0.503393239868717, 0.1332711736292752, 0.16555092990446832], [0.19149072751709303, 0.4910778177944161, 0.13001328899176098, 0.18741816559672986]], "ideal": "D", "sampled": "C", "correct": false}}
{"type": "result", "data": {"idx": 15, "options": ["6.1445 x 10^-27 J T-1", "3.1445 x 10^-27 J T-1", "9.1445 x 10^-27 J T-1", "1.1445 x 10^-28 J T-1"], "probs": [[0.3082696451196312, 0.2686345834964907, 0.2371394300649934, 0.18595634121888469], [0.31091117855777606, 0.2908027469821044, 0.20622445640885906, 0.19206161795126045], [0.2721506140004822, 0.31182614895045263, 0.22106667519583995, 0.1949565617532252], [0.2512681632226872, 0.3089009040940312, 0.21222827061508115, 0.22760266196820045], [0.3118381453464798, 0.26963901115285566, 0.22891604556959458, 0.18960679783107], [0.29288907090541977, 0.26330591656281527, 0.23063440734020782, 0.21317060509155714], [0.27677760350253855, 0.27335954524404715, 0.21795570007635243, 0.2319071510770619], [0.26911788775140183, 0.27858241974634, 0.24215033287144636, 0.2101493595308118], [0.24850632247823928, 0.2803361415582701, 0.2613472640253027, 0.20981027183818798], [0.23876390281477533, 0.30048613394089146, 0.2358542724081038, 0.2248956907362294], [0.2791916131694075, 0.2630621790622863, 0.23968222734915495, 0.21806398031915125], [0.26562788288238104, 0.2602883797537755, 0.23896541476943345, 0.23511832249441], [0.30722414986363206, 0.30344268224419574, 0.2069090722754953, 0.18242409551667685], [0.29534055119811975, 0.30337481063736255, 0.210141608551362, 0.19114302951315565], [0.29730985330724, 0.28018085058354564, 0.23599992421890215, 0.18650937179031218], [0.3049242632497322, 0.2965737415512048, 0.20868795550858057, 0.18981403959048238], [0.2955452965405694, 0.26567702295163276, 0.2383045298380729, 0.20047315056972498], [0.3077671573415662, 0.268175069486728, 0.22948280316505984, 0.194574969906646], [0.1738102688502469, 0.28764651937269736, 0.3111446386946812, 0.2273985729823745], [0.1815550679250321, 0.27556512578250414, 0.27995089527998973, 0.26292891091247406], [0.21647771223059453, 0.30398608872296984, 0.25200467172704355, 0.22753152721939207], [0.18153412908786348, 0.25686860464729055, 0.2589009740526008, 0.30269629211224514], [0.1798356121647644, 0.27513035309155176, 0.3023273556428612, 0.24270667900082268], [0.1692894224759116, 0.28451263477769545, 0.30298023961464304, 0.2432177030317499]], "ideal": "C", "sampled": "A", "correct": false}}
{"type": "result", "data": {"idx": 16, "options": ["I only", "II only", "III only", "I and III only"], "probs": [[0.25135284285188253, 0.21541355227143813, 0.21420186436713712, 0.31903174040954224], [0.2439603990662576, 0.21401575524478436, 0.30282685608855814, 0.23919698950039991], [0.23107738790585497, 0.20273151991724211, 0.2096096128015717, 0.35658147927533124], [0.22607764262564742, 0.19833598733444516, 0.3359126994286929, 0.23967367051121452], [0.2535317057206287, 0.30888040251386684, 0.20950333218431538, 0.22808455948118908], [0.2578196669666638, 0.29735646856693326, 0.22861591106656404, 0.21620795329983888], [0.25704061982445464, 0.21685445306516757, 0.2123660146977728, 0.313738912312605], [0.2643678367901198, 0.2282784329896085, 0.2942030596050092, 0.21315067051526246], [0.24158690917538256, 0.2022291152138472, 0.229763211003024, 0.32642076450774626], [0.2524652220423662, 0.20481579308869388, 0.2853539926326128, 0.2573649921363271], [0.29148983952468405, 0.2966205775441142, 0.23729619381438988, 0.1745933890168119], [0.27426755834262045, 0.29484206874465074, 0.2215125593546929, 0.20937781345803594], [0.24444802102982308, 0.21114686129365887, 0.21665780244091204, 0.327747315135606], [0.2445017840916859, 0.20304916517189175, 0.330794979944229, 0.2216540706921933], [0.2608893889192936, 0.20515908910246758, 0.22769593378698566, 0.3062555880912532], [0.2640464603636863, 0.2012383937634455, 0.29154250022833783, 0.24317264554453039], [0.29364785111518965, 0.2785993772675242, 0.23902517198578652, 0.18872759953149962], [0.272993555115696, 0.2912152328211345, 0.20866842630418808, 0.2271227856589814], [0.3550512194278433, 0.23696380851283316, 0.200180634836206, 0.20780433712311758], [0.3459105594381653, 0.23089691192275733, 0.21590676054901772, 0.20728576799005963], [0.37197499909294723, 0.22249275112173147, 0.216432046623759, 0.18910020306156228], [0.36640773311788655, 0.21748579194414708, 0.20499288154557466, 0.2111135932923917], [0.36090521096271916, 0.2446483595319824, 0.20513201369177417, 0.18931441571352428], [0.35220518179880395, 0.24250377350850122, 0.19097269785025278, 0.21431834674244205]], "ideal": "D", "sampled": "D", "correct": true}}
