{"type": "result", "data": {"idx": 0, "options": ["Freedom of speech is protected except in certain situations, such as yelling \"fire\" in a crowded theater.", "Once a church has been recognized by the federal government, its tax-exempt status can never be revoked.", "Once Congress has created an administrative agency, that agency can be dissolved only by a constitutional amendment.", "State-sponsored prayer during school hours is prohibited, but voluntary prayer by student groups before school is allowed."], "probs": [[0.03515817564413246, 0.022392859471651715, 0.06582009730369938, 0.8766288674805165], [0.08526705395174568, 0.06289314618583992, 0.7018352307087616, 0.15000456905365273], [0.03993951573500942, 0.028825987449676432, 0.07247269978922857, 0.8587617969260856], [0.04301873630081029, 0.061187418972781724, 0.7856314758980641, 0.1101623687283438], [0.1090930608077884, 0.6655944932269156, 0.1052283103405373, 0.12008413552475874], [0.09205862535887423, 0.7211729614768607, 0.0945123100740457, 0.09225610299021933], [0.023195484996435384, 0.02716440188858069, 0.04622775757189882, 0.9034123554430851], [0.0523972115286698, 0.0768916199923922, 0.7456066274371212, 0.12510454094181678], [0.02748256610392655, 0.03193989839696143, 0.06710118949713521, 0.8734763459019768], [0.04598426989692568, 0.07704059320814122, 0.7292673262696606, 0.14770781052527243], [0.11336419814707822, 0.40296444593039116, 0.20443593115875153, 0.27923542466377904], [0.06494946631997722, 0.1941535429279021, 0.08696443392291278, 0.6539325567292079], [0.036935270104106764, 0.04063587665625268, 0.06346505927006338, 0.8589637938695772], [0.04299419761389524, 0.0656243639583244, 0.779473963225447, 0.11190747510233329], [0.036636253317367605, 0.03906945656853096, 0.07246031881368942, 0.851833971200412], [0.06868720002763641, 0.08221702960639798, 0.69268917514394, 0.15640659512202554], [0.0909210985249192, 0.5588455600621824, 0.1731403224767001, 0.1770930188361983], [0.08933233535389108, 0.4619966183289573, 0.1283926973243761, 0.3202783488927755], [0.653719265804462, 0.12274412430322955, 0.10529908105569351, 0.11823752873661486], [0.6897309113469505, 0.11427920544736786, 0.09652462169197752, 0.0994652614137041], [0.6060766992536081, 0.12596833329227528, 0.12936900169244134, 0.13858596566167525], [0.5343377510022576, 0.10192183997324368, 0.11679878655697987, 0.24694162236751885], [0.5127791089382722, 0.14013621000831353, 0.1696132247037965, 0.17747145624961783], [0.5222558261917749, 0.12594338968753402, 0.11964445292547941, 0.23215633109521164]], "ideal": "D", "sampled": "D", "correct": true}}
{"type": "result", "data": {"idx": 1, "options": ["Registered voters between the ages of 35 and 45 are more likely to vote than are those under the age of 21.", "A registered voter who has attained his or her General Educational Development (GED) is less likely to vote than a high school dropout.", "Registered voters are more likely to vote in general elections than they are in primary elections.", "More women than men have voted in every presidential election since 1980."], "probs": [[0.26409364531062524, 0.2711183211269557, 0.20817891381622497, 0.25660911964619404], [0.25899449760095644, 0.27006179896460836, 0.20094317794647587, 0.2700005253879593], [0.2026985406270798, 0.17926391690273677, 0.36313458732408965, 0.2549029550460938], [0.23979342756873248, 0.20082046981172824, 0.22271595229317953, 0.3366701502263597], [0.19893156887295627, 0.16143026465261176, 0.37335984782538906, 0.26627831854904294], [0.24205787838151238, 0.19043040557432844, 0.23555487742981457, 0.3319568385143446], [0.35387728669315194, 0.19589341268647026, 0.20254736250244756, 0.24768193801793026], [0.36375264413750447, 0.18767951986341988, 0.19400813261738864, 0.254559703281687], [0.3518596133896689, 0.2089763637135698, 0.19671905649487184, 0.24244496630188941], [0.3468253755151684, 0.20758456551809948, 0.20475364304132748, 0.24083641582540463], [0.37039450359208625, 0.18665021934207723, 0.19753992849907667, 0.24541534846675983], [0.354746832450909, 0.19330889610612448, 0.20941261008913556, 0.242531661253831], [0.20933299630774851, 0.167253995900893, 0.36628492571371873, 0.25712808197763976], [0.2609668814298683, 0.18693825976539313, 0.2312788974245239, 0.3208159612802147], [0.2764722879041398, 0.28162248660985534, 0.19538020212275117, 0.2465250232632537], [0.2508252784113017, 0.3033978252286953, 0.2039496539642216, 0.24182724229578137], [0.25860290663360175, 0.1956650909336264, 0.23276897016588993, 0.31296303216688187], [0.1887535331768815, 0.16690883287472616, 0.40139848587967075, 0.24293914796872154], [0.18171204895515145, 0.15333104360553707, 0.39570558656826693, 0.2692513207710446], [0.23152131874874596, 0.18356641455691083, 0.2361306653441094, 0.3487816012502338], [0.24851164228149797, 0.2914112632334131, 0.20695454136718788, 0.25312255301790104], [0.23439120196183655, 0.3066194814158062, 0.21268572450452322, 0.246303592017834], [0.22668727753371834, 0.20054262280884458, 0.23122640985440457, 0.3415436897030325], [0.17208672545361064, 0.1697864481700612, 0.4148288841181749, 0.24329794215815323]], "ideal": "B", "sampled": "B", "correct": true}}
{"type": "result", "data": {"idx": 2, "options": ["The geographical area in which the child grows up", "The child's family", "The media to which the child is exposed", "The child's religion"], "probs": [[0.11747824049376154, 0.6508356734210398, 0.11857855710457442, 0.11310752888062434], [0.11628976463108648, 0.6493070124930527, 0.1004001349110339, 0.13400308786482693], [0.08659500563325537, 0.10046167595826053, 0.6997909493060158, 0.11315236900246833], [0.2735671576479472, 0.23584348396788282, 0.11877417032242431, 0.3718151879617457], [0.0809499935296432, 0.07033707241797475, 0.7298090676765194, 0.11890386627586255], [0.31347644793052587, 0.12661758252632418, 0.1720584209397995, 0.3878475485033504], [0.8175329425970043, 0.060580018561609446, 0.06263599149085022, 0.059251047250536086], [0.8245729557472538, 0.059690522107755835, 0.04308704530502494, 0.07264947673996544], [0.8353730159223768, 0.06336688782273613, 0.04906479476801967, 0.05219530138686739], [0.7772952416323887, 0.07872673082101432, 0.05465844016647092, 0.08931958728012607], [0.7658713744512016, 0.0668755049517746, 0.06753683341128904, 0.0997162870857348], [0.7301757228507195, 0.07168710711763647, 0.08870793727920069, 0.10942923265244335], [0.09420603906888807, 0.08058710840331641, 0.7263056364560389, 0.09890121597175665], [0.20741022193994266, 0.1328614145595452, 0.09888098690947086, 0.5608473764910413], [0.16227665179216866, 0.6374965166967669, 0.09935174659349981, 0.10087508481756466], [0.1692779500766504, 0.5913795716854775, 0.1052792680014589, 0.13406321013641317], [0.22703150758229473, 0.1273276853183617, 0.1082430447620333, 0.5373977622373103], [0.10931409405654853, 0.09204648767773543, 0.6774337584250054, 0.12120565974071061], [0.04492040455366561, 0.07069290007284265, 0.7805664669349169, 0.10382022833857478], [0.09486294145167976, 0.11807660452126134, 0.1761293923726901, 0.6109310615543688], [0.06328842222459234, 0.7367007072992897, 0.09221684852361757, 0.10779402185250037], [0.06800808452843654, 0.715178338433288, 0.10714882877222374, 0.10966474816605162], [0.10265811169082452, 0.16537973899155115, 0.1012081913998914, 0.6307539578177329], [0.06109610381397901, 0.11065847755334286, 0.7129872653065585, 0.11525815322611961]], "ideal": "B", "sampled": "B", "correct": true}}
{"type": "result", "data": {"idx": 3, "options": ["Coining money", "Authorizing constitutional amendments", "Having representation in Congress", "Appealing to the president to adjudicate disputes"], "probs": [[0.6678621371275534, 0.07095213445168908, 0.18907936478987097, 0.0721063635308866], [0.6359343074207571, 0.07362789824527113, 0.1527839337013749, 0.13765386053259687], [0.705888055632333, 0.0755857189736178, 0.14171395455375513, 0.07681227074029406], [0.6497422955318891, 0.08459681145601673, 0.13560183142853022, 0.1300590614835639], [0.6283185119417266, 0.0683405201195579, 0.16839773088491305, 0.13494323695380245], [0.5890439748174994, 0.07789476960118498, 0.21236710248253984, 0.12069415299877577], [0.10705750673812343, 0.6420996331995784, 0.15255333822676895, 0.0982895217355292], [0.10558889726544851, 0.6534363578095538, 0.0919728793709925, 0.14900186545400518], [0.09604313926574885, 0.13765132787814638, 0.624264665877148, 0.14204086687895673], [0.20888967809972414, 0.27072420713578466, 0.2111589163330635, 0.30922719833142776], [0.06360845456704557, 0.06988193302295947, 0.6920804586934514, 0.1744291536165436], [0.13455711203543017, 0.10402359734907911, 0.5097249111788994, 0.25169437933659133], [0.21104422524016994, 0.4917469693488912, 0.17966975537633914, 0.11753904993459968], [0.20561953806100375, 0.4826988197096753, 0.11836830309496153, 0.19331333903435935], [0.10431638436702098, 0.10034998580070667, 0.6674500752873102, 0.12788355444496222], [0.26744827226932216, 0.19133904289270792, 0.2423692756295832, 0.29884340910838675], [0.09568800348481295, 0.08123201512931012, 0.5746643881820191, 0.2484155931038578], [0.2179621639326132, 0.12525442428013467, 0.37211812093289015, 0.284665290754362], [0.07490410487564161, 0.5813495386253941, 0.15529414662743538, 0.1884522097715289], [0.07543798015072502, 0.4890058483888214, 0.21881315762039846, 0.2167430137400551], [0.06044317861130896, 0.09664080568058545, 0.6475856585949769, 0.1953303570131287], [0.10373035276305143, 0.16593033698395313, 0.46297336185703086, 0.26736594829596455], [0.07547591049533121, 0.14001268459974853, 0.47127295589069684, 0.3132384489142234], [0.12374335142418266, 0.24647767062801032, 0.29546963827066075, 0.33430933957714626]], "ideal": "A", "sampled": "A", "correct": true}}
{"type": "result", "data": {"idx": 4, "options": ["contribute money to candidates for election", "coordinate local get-out-the-vote campaigns", "promote the defeat of incumbents in the federal and state legislatures", "organize protest demonstrations and other acts of civil disobedience"], "probs": [[0.9182491609439007, 0.021965336788812292, 0.02573723059499337, 0.03404827157229359], [0.8993565994802217, 0.024757187921363333, 0.028116155285530957, 0.04777005721288396], [0.9208177704523409, 0.023081037228077025, 0.023511282198104926, 0.032589910021477125], [0.9104053171173582, 0.024865801577602445, 0.024941791915003512, 0.03978708929003589], [0.8695953474542991, 0.03195129921386279, 0.03280001725822628, 0.06565333597361177], [0.8890074291903202, 0.028162933253744273, 0.03176117989637083, 0.0510684575595647], [0.05167946835959912, 0.8712614525996688, 0.038241755234777255, 0.03881732370595481], [0.05163222365557969, 0.8704036725123554, 0.03732288225231519, 0.040641221479749766], [0.034909466886307215, 0.07517345035924626, 0.838951408555941, 0.050965674098505484], [0.024735829365935415, 0.033061575818625004, 0.03111929509908248, 0.911083299616357], [0.035412151231010484, 0.05240116248351412, 0.8508076635239782, 0.061379022661497244], [0.0270440729448454, 0.03215657721665978, 0.10157619536394667, 0.8392231543745482], [0.05669050002560104, 0.8570070989617082, 0.041320820019297606, 0.044981580893393075], [0.05059318578785482, 0.8599622780717574, 0.0398781557350353, 0.049566380305352445], [0.033942224293996695, 0.048692983461935714, 0.8685774284580553, 0.04878736368601231], [0.026639941260242744, 0.024865403130526244, 0.033781484093491417, 0.9147131714157396], [0.03511127228022175, 0.04479294080853442, 0.8642376418538945, 0.055858144957349316], [0.02769352846724191, 0.026670325271819822, 0.038270293218260185, 0.907365852942678], [0.0587291281494453, 0.8599650525969601, 0.040512818187627066, 0.040793000965967566], [0.05461526079273231, 0.8648605007516894, 0.04106668877389705, 0.03945754958168125], [0.03572008013307639, 0.061802283927340274, 0.8452115368522275, 0.05726609898735584], [0.02818341245924761, 0.037381572906331935, 0.09342799679588563, 0.8410070177385348], [0.03497965555333752, 0.12523293214008477, 0.7781593028834299, 0.06162810932314779], [0.027634938979742677, 0.047810286441858384, 0.03293581433743089, 0.8916189601409681]], "ideal": "A", "sampled": "A", "correct": true}}
{"type": "result", "data": {"idx": 5, "options": ["Impeachment, conviction, and removal from office by Congress", "Removal from office by the appointing president", "Removal from office by the president-elect", "Recall elections by citizens residing in the district over which the judge has jurisdiction"], "probs": [[0.48753640199358733, 0.20176390386424592, 0.12960155252095817, 0.18109814152120857], [0.529063606018429, 0.20568806850439095, 0.12911107221941304, 0.13613725315776704], [0.47707801204968125, 0.18691771566120927, 0.16156371658454707, 0.1744405556045624], [0.47492720256683846, 0.18754615818931286, 0.13758174663652795, 0.19994489250732075], [0.5205494087332077, 0.1758080396505018, 0.16437898329672052, 0.13926356821957006], [0.4735679186833814, 0.18124655837253567, 0.13295577068919254, 0.21222975215489037], [0.1010522343352467, 0.6399492167775214, 0.1139377529940308, 0.14506079579320114], [0.09190813451086305, 0.6860393881111752, 0.11930003761052178, 0.10275243966744006], [0.03571609633477104, 0.07864207451353278, 0.7664426250329505, 0.11919920401874567], [0.030466692565810253, 0.04365653656543612, 0.06021085022021131, 0.8656659205485423], [0.025977884404152683, 0.05763181793365716, 0.8433798235630461, 0.07301047399914412], [0.025039563416445247, 0.0370189005275174, 0.06606266277762764, 0.8718788731784097], [0.08129492643541532, 0.6457494093055318, 0.13438652854965932, 0.13856913560939355], [0.07031152606235742, 0.6530848935512753, 0.11902197803922315, 0.15758160224714415], [0.03925289366451244, 0.0927350394669364, 0.7550789291171248, 0.11293313765142637], [0.03527857945676993, 0.05297968106811022, 0.06104911854545445, 0.8506926208296653], [0.022754935967010503, 0.05167585656092791, 0.8303249547712017, 0.09524425260085989], [0.033512776369739344, 0.04691212612781677, 0.1237384646896047, 0.7958366327128391], [0.07026197812943859, 0.733842199474519, 0.10827405830339215, 0.08762176399265025], [0.06349922704070877, 0.7168751695780124, 0.08907293955711611, 0.13055266372416266], [0.03111319029986764, 0.07464003347946421, 0.8054065860504389, 0.08884019007022924], [0.03775729294872147, 0.061306894732944234, 0.07819351669652416, 0.8227422955218101], [0.02282456236898489, 0.04646226624396958, 0.8198830300808413, 0.11083014120620427], [0.03445410509602871, 0.046382090282961815, 0.1262146886854925, 0.792949115835517]], "ideal": "A", "sampled": "A", "correct": true}}
{"type": "result", "data": {"idx": 6, "options": ["vice president", "president's chief of staff", "national security advisor", "chair of the Federal Reserve Board"], "probs": [[0.1990151137501594, 0.4861696966299204, 0.1618425898483922, 0.15297259967152804], [0.14613384224702647, 0.607248017239166, 0.06985268100178103, 0.1767654594120265], [0.07577614079147424, 0.09513792074881945, 0.679154128326545, 0.14993181003316125], [0.0754872169633135, 0.0656497229309089, 0.11635667951408835, 0.7425063804916893], [0.047845062737147004, 0.0568598772910075, 0.729137734749256, 0.1661573251225894], [0.06949243259446236, 0.054167466791553626, 0.17114321160735357, 0.7051968889066305], [0.8339091886071168, 0.0537299982038055, 0.04795135041736816, 0.06440946267170951], [0.8270267915664025, 0.050848242395426825, 0.03881327934239941, 0.08331168659577126], [0.7593054174617586, 0.06739926337521808, 0.08030546455772339, 0.09298985450529985], [0.8045533535024624, 0.057386470250121877, 0.05041678769009256, 0.08764338845732315], [0.8077696169812664, 0.04629758893284407, 0.055151243811672086, 0.09078155017421748], [0.8128345254095526, 0.05037501603978829, 0.05295542039804851, 0.08383503805261058], [0.06525720201929916, 0.09139936079956161, 0.7276397075956466, 0.11570372948549261], [0.07076197071090853, 0.06011262608694874, 0.12849950843142482, 0.7406258946707179], [0.1555590079735827, 0.5575007365831754, 0.1285130568767142, 0.1584271984665276], [0.1251649074082109, 0.6630116502870217, 0.07505418135803874, 0.1367692608467286], [0.07389057647116902, 0.052856975873697316, 0.20144233705897358, 0.6718101104961601], [0.03572364004731555, 0.05081550195688535, 0.8428157221764434, 0.07064513571935573], [0.035901467307381356, 0.07035311872377858, 0.7192537596297128, 0.17449165423912721], [0.04664760663553734, 0.060417062503780955, 0.17110779154561592, 0.7218275392150657], [0.04782221180782055, 0.7804806362515648, 0.060190696400899905, 0.11150645543971466], [0.048266795786365564, 0.7754823766930399, 0.07923978027906785, 0.09701104714152667], [0.057058385648708076, 0.0830932172588878, 0.17768177123555282, 0.6821666257568513], [0.033534536770696004, 0.08504710234202102, 0.7914487116326725, 0.08996964915461048]], "ideal": "B", "sampled": "B", "correct": true}}
{"type": "result", "data": {"idx": 7, "options": ["The amount of coverage the issue receives in the major news media", "The degree to which public opinion on the issue is likely to shift quickly", "The number of people affected by the issue", "The importance of the issue to a particular individual or group"], "probs": [[0.13944781691909924, 0.13005448295122043, 0.501440323774724, 0.2290573762549563], [0.2444206585231676, 0.20763939055092226, 0.27834723641237247, 0.26959271441353766], [0.27191001579292506, 0.2943655892072638, 0.19663328223397877, 0.23709111266583235], [0.20972474542322833, 0.24736332137981976, 0.3290908136363795, 0.21382111946057245], [0.22734447837632524, 0.3612065178334048, 0.15683228477007702, 0.2546167189201929], [0.16850043094710268, 0.26549701086743643, 0.35869012882803764, 0.20731242925742324], [0.09242771151805808, 0.10079904939124586, 0.5788151958535619, 0.22795804313713416], [0.15339112737406588, 0.1660510946957445, 0.37878451876382613, 0.30177325906636343], [0.14841793697211028, 0.2691820005681448, 0.306025658607065, 0.2763744037526799], [0.1648464029140373, 0.2743379730555561, 0.3218606960174342, 0.23895492791297246], [0.15090586018683655, 0.26537787516178496, 0.27244811841433514, 0.31126814613704334], [0.09864348025164804, 0.12877695069251718, 0.5367068567826057, 0.23587271217322905], [0.24300844240713587, 0.3326958318408676, 0.17846589746878358, 0.245829828183213], [0.18859824536344913, 0.26841071245370396, 0.3199164569057983, 0.22307458517704862], [0.2108796717146707, 0.3072855518046527, 0.2381345068892302, 0.24370026949144638], [0.23811871165813095, 0.3014065667895058, 0.24291529120929709, 0.21755943024306615], [0.1659335940910345, 0.4850819408408503, 0.17041143773282152, 0.17857302723529364], [0.17596525476499836, 0.5025011450295159, 0.15576385424259892, 0.16576974586288676], [0.7534837406672956, 0.07169759539906433, 0.057299116892565255, 0.11751954694107483], [0.7056949085357295, 0.09395231235613437, 0.09201209177637802, 0.10834068723175815], [0.7100519854633641, 0.08950068455787635, 0.07097858507125715, 0.1294687448075024], [0.6698371767327904, 0.11184602229668816, 0.11305319516720344, 0.10526360570331794], [0.7438996475265851, 0.0867177183304646, 0.07094542897934837, 0.09843720506360194], [0.771225679272394, 0.08059170721273796, 0.06291273141898317, 0.0852698819958848]], "ideal": "D", "sampled": "D", "correct": true}}
{"type": "result", "data": {"idx": 8, "options": ["which special interest groups have endorsed which candidates", "the relative strength of each candidate's support, as indicated by public opinion polls", "candidates' positions on international issues", "candidates' positions on domestic issues"], "probs": [[0.12372558101796716, 0.317120808438507, 0.10317869099022227, 0.4559749194533036], [0.16597098605078697, 0.2460680379045716, 0.38337190097825286, 0.2045890749663886], [0.12060875624119288, 0.09864057001439637, 0.45569799024820107, 0.32505268339620963], [0.09714558119317365, 0.10045943557896113, 0.5872398105755287, 0.2151551725523366], [0.19336782393906013, 0.3201823532261147, 0.30935317274814794, 0.17709664998667723], [0.22084709341561398, 0.2801957046647106, 0.18297156144423746, 0.31598564037543797], [0.28564994673107774, 0.1722294636724183, 0.14003362832953026, 0.4020869611669737], [0.32365296252271425, 0.1542509840051354, 0.33395944037553243, 0.18813661299661788], [0.3245471288820647, 0.12238646935718239, 0.18315554618560187, 0.369910855475151], [0.19770675895621198, 0.1339555233583009, 0.5098972320046743, 0.15844048558081275], [0.3608096974365347, 0.2883931269181556, 0.1598468351272759, 0.1909503404180338], [0.40304062944908964, 0.26692660447104083, 0.1626222507810877, 0.1674105151987818], [0.12443462758012017, 0.1228327974554253, 0.42484551663918657, 0.3278870582252679], [0.10167588671307834, 0.10431459188590103, 0.577429912085827, 0.2165796092151937], [0.14632775723985939, 0.14903115558484795, 0.17342216489567888, 0.5312189221796138], [0.11380662531638343, 0.1281915662246111, 0.6417132306223099, 0.11628857773669561], [0.17193223790494233, 0.46622303818306726, 0.13270597356282768, 0.2291387502491627], [0.1837667986954384, 0.5064335917711695, 0.1658852397531003, 0.14391436968029178], [0.2349961995843495, 0.1791574507772579, 0.38208541270249885, 0.20376093683589375], [0.28925930194699795, 0.16776073977227712, 0.16331754106542704, 0.37966241711529786], [0.3121402309841736, 0.2918016953743018, 0.18042503564378953, 0.21563303789773508], [0.3267145357188342, 0.29834794106039314, 0.1803024506298469, 0.1946350724909258], [0.3022541746530798, 0.18375902149864787, 0.16935310018385336, 0.3446337035644189], [0.3205690001442536, 0.21734925001483252, 0.2618935093744753, 0.20018824036643856]], "ideal": "B", "sampled": "D", "correct": false}}
{"type": "result", "data": {"idx": 9, "options": ["One man, one vote", "Separate but equal", "Judicial review", "Right to privacy"], "probs": [[0.019591482244755595, 0.02989696321767574, 0.9179253525975034, 0.0325862018400653], [0.01342015188914899, 0.016592181491093615, 0.027345019124306695, 0.9426426473954507], [0.038952296934855225, 0.9028572086086997, 0.026609622761177513, 0.0315808715952676], [0.03627273060712943, 0.9092574101722375, 0.024591263335363014, 0.02987859578527009], [0.01299074062233648, 0.013845409732385175, 0.024291613253665745, 0.9488722362916125], [0.020586147863992755, 0.03504218899286631, 0.9134302717401279, 0.030941391303012995], [0.021407563863724863, 0.03673144589989106, 0.9062551331844864, 0.035605856951897705], [0.013538095644838098, 0.016349039422049294, 0.026528514029574596, 0.943584350803538], [0.04016174381583628, 0.9025147924727235, 0.027440474655374032, 0.02988298895606624], [0.040120158714143296, 0.9015946471310579, 0.025754487379248726, 0.03253070667555007], [0.01364755824594591, 0.013986702134263838, 0.028465690174831335, 0.943900049344959], [0.022723795589589063, 0.036626818384700846, 0.9040145916939165, 0.03663479423179359], [0.9375436010490029, 0.024421942891869265, 0.01580670884439579, 0.022227747114732032], [0.9421075107762928, 0.023235642111655713, 0.01539608758590941, 0.019260759426141978], [0.94624406738831, 0.023155746733951082, 0.013125808893727412, 0.017474376884011524], [0.9448966233388519, 0.023300690205196265, 0.013518382579773638, 0.018284303776178113], [0.9458357432456971, 0.02011276048588848, 0.01441017680422539, 0.01964131936418906], [0.9420353007117095, 0.020825932750696816, 0.014803588133106282, 0.022335178304487387], [0.012395911767983452, 0.014507755541138307, 0.0241036692901386, 0.9489926633007396], [0.02173902017211823, 0.04193260371876748, 0.9063411033355822, 0.02998727267353216], [0.013097472036245469, 0.014399970383993268, 0.030474425171664078, 0.9420281323080972], [0.022464481085694522, 0.036489957436621395, 0.9078116158163073, 0.03323394556137673], [0.04240257579530428, 0.909349522011182, 0.024976418446799403, 0.023271483646714258], [0.045234396609874376, 0.9041314780946588, 0.02542202545347467, 0.025212099741992216]], "ideal": "C", "sampled": "C", "correct": true}}
{"type": "result", "data": {"idx": 10, "options": ["A congressperson who retires to take a position teaching political science at a university", "A former president who advises a current president on a particular foreign policy issue", "A voter who researches the positions of all candidates in a race before choosing whom to support", "An official who leaves the State Department to work as a paid consultant to foreign governments"], "probs": [[0.1655817962774857, 0.11663524320975154, 0.11494413273997339, 0.6028388276727894], [0.11686149944870186, 0.10160280826845047, 0.6300290995931774, 0.15150659258967028], [0.13134008253274004, 0.07975068449919571, 0.2120418485178547, 0.5768673843502096], [0.07035563454918198, 0.0682466731113497, 0.6652047930829267, 0.19619289915654167], [0.21064587563094692, 0.45734642314350077, 0.1486438854976034, 0.1833638156279489], [0.15842337949110277, 0.4702302374443543, 0.10748812851237498, 0.26385825445216793], [0.16486230122447276, 0.0856282989827232, 0.10582305998437469, 0.6436863397084294], [0.10302165610154869, 0.07661612673601834, 0.6909362385894644, 0.12942597847296852], [0.17435541747256994, 0.10671713202124586, 0.09426135568868253, 0.6246660947175017], [0.08049184143104775, 0.07509682382709452, 0.7093701414752687, 0.135041193166589], [0.24284884916615704, 0.4876124974742002, 0.09838518877888883, 0.17115346448075394], [0.21568390403492252, 0.47574722053200147, 0.12516821733104874, 0.1834006580020273], [0.11467144380842577, 0.07128009040059911, 0.18221313842322648, 0.6318353272677486], [0.07731691059678182, 0.06829280456435825, 0.6301638530321861, 0.22422643170667378], [0.132958216460787, 0.09514830863793436, 0.07301472017907033, 0.6988787546222083], [0.10562591017562585, 0.09403841731416125, 0.6202822188349668, 0.18005345357524605], [0.18880183570877043, 0.4537895219962357, 0.0820642467789785, 0.2753443954160154], [0.21222032288246587, 0.4644341101117302, 0.1250983755895809, 0.19824719131622306], [0.4924028515323332, 0.13676477967325132, 0.21571975944269195, 0.15511260925172354], [0.47745622622532097, 0.13369939128311784, 0.13290390767031776, 0.2559404747212434], [0.5538599366768182, 0.15025904437308105, 0.11727463190706126, 0.17860638694303949], [0.5046238597947074, 0.16647109885511452, 0.1415619914651219, 0.18734304978505614], [0.4107591631824042, 0.14658175844222043, 0.12956552592309642, 0.313093552352279], [0.4372033411243951, 0.15478782123585663, 0.21367169596097435, 0.1943371415787739]], "ideal": "D", "sampled": "D", "correct": true}}
{"type": "result", "data": {"idx": 11, "options": ["Constitutional amendments", "Presidential executive orders", "Laws passed by Congress", "Laws passed by state legislatures"], "probs": [[0.1529157126479203, 0.18596289945492925, 0.37938356242137866, 0.28173782537577174], [0.19796196214251852, 0.20755118748112802, 0.32974416996949113, 0.2647426803068623], [0.2628945253291375, 0.32745451760268834, 0.17547430540509806, 0.2341766515630761], [0.2729198973043019, 0.32690459973679153, 0.1954745828235563, 0.20470092003535026], [0.28599377614333643, 0.30230288966723873, 0.17795193029292578, 0.23375140379649906], [0.24799277267392622, 0.3040791315692956, 0.23717721234078248, 0.2107508833159957], [0.1482973843664645, 0.2059590071233784, 0.35939577218276464, 0.28634783622739246], [0.17881794538524626, 0.25829479480626294, 0.30022091117808464, 0.2626663485304061], [0.17493795378062008, 0.4300458558977503, 0.1837056929793739, 0.2113104972422557], [0.17482894917809505, 0.4297197822754976, 0.17929247287048788, 0.21615879557591944], [0.19110760090824214, 0.37451362606118144, 0.20709811148956697, 0.22728066144100942], [0.1765618692208753, 0.33793576037771805, 0.24947855248883546, 0.2360238178125712], [0.3820699821286804, 0.2177494038275047, 0.17529644515570736, 0.22488416878810752], [0.3527069284352536, 0.2349987853828874, 0.20947439342208884, 0.20281989265977016], [0.3042805330574454, 0.21250415796170208, 0.2266329478975823, 0.2565823609832702], [0.3096495706866784, 0.21792746562242374, 0.22524334004846866, 0.24717962354242914], [0.32502010461418074, 0.27378684279564985, 0.20384304223406363, 0.19735001025610577], [0.33714527390722526, 0.26061374334789505, 0.17388652522444117, 0.22835445742043847], [0.36835008855950896, 0.2200193106908124, 0.17715160546915465, 0.23447899518052395], [0.2361965398610829, 0.2117856058798722, 0.3262780703658838, 0.22573978379316112], [0.3133754729911234, 0.21046814320366938, 0.22984066603269526, 0.24631571767251198], [0.21049219367783384, 0.19474101064641947, 0.3345095216893426, 0.2602572738864041], [0.2512643560139102, 0.3716238029935728, 0.18423154399246805, 0.192880296900049], [0.24076256153560086, 0.3790771364786633, 0.16067668793978865, 0.21948361394594715]], "ideal": "A", "sampled": "C", "correct": false}}
{"type": "result", "data": {"idx": 12, "options": ["It provides a structured environment in which factions may flourish.", "It limits the dangers of factionalism by diluting political power.", "It allows factions to dominate on the national level while limiting their influence on state governments.", "It eliminates any opportunity for factions to form."], "probs": [[0.06817887976750223, 0.7536970060942253, 0.09570566175314613, 0.0824184522851263], [0.0875689954445335, 0.7480819614718344, 0.08924673217184302, 0.0751023108117891], [0.09222201463154153, 0.13439937234963656, 0.5963421596662887, 0.1770364532525332], [0.04685928153959211, 0.05574891240611435, 0.06082788031224015, 0.8365639256420534], [0.048132287263985093, 0.06432098389224424, 0.7944758829602312, 0.09307084578353951], [0.06636987700063, 0.06198446893799873, 0.14776714309802216, 0.7238785108633491], [0.6610867877971639, 0.12232000197260263, 0.0912042320994095, 0.12538897803082394], [0.6733872293752577, 0.10992744563910796, 0.08070494233754871, 0.13598038254808562], [0.6699875889054093, 0.10686658589069653, 0.09101149777106551, 0.13213432733282862], [0.6297594984188156, 0.10524337620221308, 0.08421349579484204, 0.18078362948412924], [0.6043390035024934, 0.11003796755167168, 0.14405918119897299, 0.14156384764686197], [0.5992316469122642, 0.11348134024465724, 0.12315357199971634, 0.16413344074336228], [0.09479014825222426, 0.09868062516980733, 0.6128561772538806, 0.19367304922408773], [0.06227797989732749, 0.05462533540246521, 0.07654792497368178, 0.8065487596265255], [0.11992006270699686, 0.6307869097880605, 0.1363789469548046, 0.11291408045013795], [0.11704062146086527, 0.6450598546935843, 0.10285653458148446, 0.13504298916406593], [0.08105905443802942, 0.058480937681618994, 0.24315281481642784, 0.6173071929639238], [0.05159904961067176, 0.06528831467238794, 0.7456559164271924, 0.1374567191897479], [0.08895900033300379, 0.26013436717073746, 0.5362688858548808, 0.11463774654137798], [0.09907213523684547, 0.22394990751925326, 0.1505775738313899, 0.5264003833125114], [0.07429138212682719, 0.6812858340133486, 0.13606426828074197, 0.1083585154790822], [0.0677567178611734, 0.6561874551061018, 0.11935259789964321, 0.1567032290330816], [0.111561142698031, 0.18300770620615828, 0.2509187608158748, 0.45451239017993594], [0.07270033290927531, 0.14944674852580875, 0.5943762969423569, 0.183476621522559]], "ideal": "B", "sampled": "B", "correct": true}}
{"type": "result", "data": {"idx": 13, "options": ["Non-whites are more likely to vote Democratic than are whites.", "Women are more likely to vote Democratic than are men.", "Low-income Americans are more likely to vote Democratic than are upper-income Americans.", "Evangelical Christians are more likely to vote Democratic than are non-religious Americans."], "probs": [[0.22479916771787747, 0.22682952540588747, 0.2635611554186063, 0.2848101513576287], [0.23100028241350082, 0.2189599955172925, 0.2794119930163162, 0.2706277289528905], [0.23062418170767127, 0.2637477916403273, 0.2224146408801406, 0.28321338567186083], [0.2231953690661232, 0.25519750660478946, 0.24967373531081785, 0.27193338891826946], [0.258699506495355, 0.21809127924645563, 0.2271253168355791, 0.29608389732261026], [0.25229631348135495, 0.2299557935987952, 0.22674375908826758, 0.2910041337315823], [0.2056991874116717, 0.23334356792405977, 0.2586820980844187, 0.3022751464798498], [0.2152685011628025, 0.22408244833843874, 0.2836959575221573, 0.2769530928766014], [0.19218255291175443, 0.26508187850027065, 0.2513167820423344, 0.29141878644564057], [0.19966887233151373, 0.25666854165414077, 0.2433095908414836, 0.3003529950728619], [0.23214914594203778, 0.21323039270981878, 0.25358498849672373, 0.3010354727514197], [0.22842965079910962, 0.21987469967860943, 0.22891939240664397, 0.32277625701563695], [0.22617020384702988, 0.2710518619460572, 0.22502606285426022, 0.2777518712526527], [0.2259814027617107, 0.25239617006037185, 0.25477126617821344, 0.266851160899704], [0.22187601525907172, 0.22211024660138343, 0.27046521286352426, 0.2855485251760206], [0.2276863042437781, 0.21408537347091244, 0.2606472113564318, 0.29758111082887767], [0.23940752444257382, 0.2716104984011837, 0.22546823320518297, 0.2635137438510595], [0.2421342545187594, 0.27042650770781473, 0.20597004581462908, 0.28146919185879676], [0.27548871262563246, 0.22510043455198772, 0.21679172563744464, 0.28261912708493514], [0.2746418796098332, 0.22970763531139088, 0.21610853717873685, 0.27954194780003905], [0.2676902413100535, 0.22742937502970914, 0.22596423325663179, 0.27891615030360556], [0.2671733299246487, 0.22696532105878378, 0.21183645634943407, 0.29402489256713343], [0.26919182731213653, 0.23780737460548768, 0.2168355551616741, 0.27616524282070165], [0.272190992092555, 0.23857388253469528, 0.20116232633311076, 0.28807279893963894]], "ideal": "D", "sampled": "D", "correct": true}}
{"type": "result", "data": {"idx": 14, "options": ["certiorari", "de jure", "ex post facto", "stare decisis"], "probs": [[0.01988799529583006, 0.02739602255615316, 0.04599566145106154, 0.9067203205969552], [0.024984419250283055, 0.04417177645356393, 0.9001294340033379, 0.030714370192815168], [0.020326612401621202, 0.03622686842339948, 0.03807891138590671, 0.9053676076890727], [0.02473466521269341, 0.043054216487863894, 0.9045394843469788, 0.027671633852463892], [0.052615238448086916, 0.9021237742763688, 0.02307142262675184, 0.02218956454879249], [0.047728292025491274, 0.9053817980731942, 0.024268364250827304, 0.022621545550487208], [0.021441286801474058, 0.025860740704113788, 0.04142564966829933, 0.9112723227261128], [0.024374145922443174, 0.03985837154826176, 0.9062684643674662, 0.02949901806182881], [0.020454345345144266, 0.030227625852138583, 0.03831252842129798, 0.9110055002814191], [0.023910404443853076, 0.034239205503042255, 0.916321192320413, 0.025529197632691725], [0.0453577137287116, 0.9092075502057445, 0.022718417583276293, 0.022716318382267613], [0.04156748569794162, 0.9147953373120948, 0.022325647951058583, 0.021311528938904995], [0.02368123562462307, 0.03498547307732158, 0.03914924140550193, 0.9021840497925534], [0.02621205395671986, 0.04285092374665764, 0.9006846747544798, 0.030252347442142682], [0.021524546906336567, 0.028958073206606812, 0.04191708611185124, 0.9076002936752053], [0.024392846787570102, 0.03492085609294805, 0.9131772449207775, 0.027509052098704335], [0.04992676953589725, 0.9104923789087082, 0.020716620519482212, 0.018864230935912312], [0.046512075110434, 0.9170796938595984, 0.018414909155426536, 0.017993321774540987], [0.964353611599892, 0.014061889411840516, 0.010335060374488739, 0.011249438513778763], [0.9604987492192243, 0.014905781469767655, 0.011299022461741933, 0.013296446749266104], [0.9618673054213196, 0.01540094016552267, 0.011771072830219373, 0.010960681482938396], [0.9636552081575454, 0.014956774729866847, 0.010990774902587921, 0.01039724210999983], [0.9561841949397396, 0.016679741207522254, 0.013046507540067219, 0.014089556212670917], [0.9617432161934472, 0.015279917685273687, 0.011404430039203549, 0.011572435982075555]], "ideal": "D", "sampled": "D", "correct": true}}
{"type": "result", "data": {"idx": 15, "options": ["Blue-collar workers who belong to a union", "Professionals", "Voters who are active in their political parties", "Voters aged 18-29"], "probs": [[0.1420506132118097, 0.11688590396921933, 0.13590215550202558, 0.6051613272169454], [0.08072820786194614, 0.09588465665124589, 0.7338050444468215, 0.08958209093998654], [0.13964874936995594, 0.12042298077017612, 0.18547215917735155, 0.5544561105825164], [0.06563777426988818, 0.06988398677988385, 0.796580189412298, 0.06789804943792997], [0.1043520859945366, 0.6706637689496184, 0.13123617967219947, 0.09374796528364547], [0.11212291233244137, 0.650996665561764, 0.1377192694490737, 0.09916115255672091], [0.0993652753669021, 0.07864536796299815, 0.11287274535090715, 0.7091166112191926], [0.05368329424073024, 0.06528670145554044, 0.8045541403516001, 0.07647586385212915], [0.08575959992267604, 0.08123072738935672, 0.1005190357310676, 0.7324906368568996], [0.05576905940028992, 0.08116259908833688, 0.7610328054282668, 0.10203553598310641], [0.14241426964893775, 0.5339717745817784, 0.15931409530066598, 0.16429986036861785], [0.1395230847599731, 0.49520774194987466, 0.15853277864859325, 0.206736394541559], [0.14925067347659274, 0.10923180145768463, 0.20613661713530507, 0.5353809078304176], [0.07665638684551786, 0.0671390756475178, 0.7834393276886115, 0.07276520971835289], [0.14397599123415022, 0.11043056346334157, 0.12251919780606901, 0.6230742473964391], [0.10858524006391372, 0.10946317179096604, 0.6576039292393747, 0.12434765880574548], [0.18692144652236736, 0.5289771354397501, 0.14261988866541292, 0.14148152927246957], [0.17890477021520199, 0.48312396425571486, 0.1808830783248172, 0.1570881871042659], [0.4767129519553508, 0.1333969394166203, 0.20713067872368124, 0.18275942980434765], [0.44874986333010536, 0.14118928995524652, 0.22976094139661132, 0.18029990521803682], [0.4863358735551872, 0.14041261373546282, 0.19394746420828166, 0.1793040484010683], [0.45152099570524545, 0.1572501463360253, 0.1872470322884521, 0.20398182557027714], [0.4456880190960315, 0.1515988341597637, 0.2013746111769194, 0.20133853546728542], [0.43771836809487474, 0.15726444357945113, 0.19780485624786331, 0.20721233197781075]], "ideal": "D", "sampled": "D", "correct": true}}
