{"type": "result", "data": {"idx": 0, "options": ["(0, \u2013 3)", "(4, 1)", "(2, 2)", "(\u2013 4, \u20132)"], "probs": [[0.37132546855261245, 0.20271732213134927, 0.2048379511157171, 0.22111925810032118], [0.37591195102747227, 0.20511235294675104, 0.20556090770096339, 0.2134147882248133], [0.3497483819523357, 0.21643190283805042, 0.21029988165779673, 0.2235198334518172], [0.3438378325332757, 0.22645277120073248, 0.2082797915768929, 0.2214296045890989], [0.3662346844569975, 0.20775606916620884, 0.21482281064593103, 0.21118643563086265], [0.3672775680543901, 0.21511736830582828, 0.20568155056687065, 0.21192351297291098], [0.2948734496352142, 0.2456957477953535, 0.21730292878633933, 0.24212787368309296], [0.2984677045782272, 0.2465951962997842, 0.2249370433146441, 0.23000005570734453], [0.2932481765453822, 0.22070583698926668, 0.23362097141790683, 0.25242501494744424], [0.29897654499069076, 0.23943509515864064, 0.24179031312715538, 0.2197980466235132], [0.32210446360777795, 0.2661342401874435, 0.19956870969829166, 0.2121925864064868], [0.31436259019751756, 0.25775263094936135, 0.20737795838693185, 0.22050682036618924], [0.2995599001215322, 0.2399923574682199, 0.22587773874759134, 0.23457000356265656], [0.2973164319694749, 0.2400122433660821, 0.22061218319117273, 0.24205914137327028], [0.31464348813828824, 0.22067364061621073, 0.2142986410210422, 0.2503842301244588], [0.3305482713792703, 0.22633507367203104, 0.23036881818712465, 0.21274783666157399], [0.32062047716749237, 0.2588515579441618, 0.1955806463761252, 0.22494731841222054], [0.33696033543077153, 0.24566974501329433, 0.21209309360966802, 0.20527682584626614], [0.3154074000312498, 0.22977492553342777, 0.23024998946048034, 0.2245676848748421], [0.31863882659707704, 0.23406199759792148, 0.22028362420556064, 0.22701555149944086], [0.3183722793737566, 0.23751796779641574, 0.20831696687045706, 0.23579278585937055], [0.31856096737063094, 0.23037690608513026, 0.21507467968323854, 0.23598744676100028], [0.29839791955354283, 0.21244055887599614, 0.2265516302790698, 0.2626098911913912], [0.327245031670465, 0.21710187518067553, 0.22618925906228018, 0.2294638339865793]], "ideal": "D", "sampled": "A", "correct": false}}
{"type": "result", "data": {"idx": 1, "options": ["2500", "2", "50", "25"], "probs": [[0.26787203547660027, 0.2791113555152255, 0.23911087212555637, 0.2139057367826179], [0.2660143235664383, 0.28374399443077747, 0.24114277903665354, 0.20909890286613064], [0.27422323002984017, 0.2813119208140419, 0.24668089307818958, 0.19778395597792836], [0.24920222532048608, 0.26376343163838006, 0.2768635492772691, 0.21017079366386476], [0.26741349295961747, 0.27862229525309656, 0.25806760400832496, 0.19589660767896105], [0.25963572825736997, 0.27057216778249626, 0.2525252812487062, 0.21726682261142752], [0.27921459075996613, 0.28873684999439597, 0.23057357964594136, 0.20147497949969656], [0.28349242878816727, 0.29772154824684066, 0.23403831870174932, 0.18474770416324274], [0.2556398250747361, 0.2996460839753627, 0.23729768746652022, 0.207416403383381], [0.2603227793910057, 0.3121901452229161, 0.25518751141857304, 0.17229956386750514], [0.2567155437426015, 0.3383045595040738, 0.2168751125379622, 0.18810478411536244], [0.2735624746071436, 0.3306647341716589, 0.2257234021364389, 0.17004938898475858], [0.3197020184496431, 0.28494365718755726, 0.22398559591828646, 0.17136872834451314], [0.3061919923600139, 0.2750700845997586, 0.23562479102491712, 0.18311313191531034], [0.31260385640410027, 0.26797154143795565, 0.20416000179156518, 0.21526460026637886], [0.335264921154828, 0.2784780263622279, 0.21211364863181903, 0.17414340375112508], [0.3158216319284656, 0.3190985464327664, 0.18626529809155895, 0.1788145234472091], [0.34552810107483417, 0.31770515912135056, 0.2085491449706196, 0.1282175947331956], [0.3378452062268966, 0.27196544406078565, 0.2240536510720313, 0.16613569854028645], [0.32081794735561353, 0.2562949061137443, 0.2264699935686616, 0.1964171528619806], [0.36379094012291013, 0.2751793943123831, 0.18068691134693107, 0.18034275411777567], [0.358822887486441, 0.2734612564984871, 0.20833005319434364, 0.15938580272072825], [0.33844169466625246, 0.30407005092336786, 0.1760901782323137, 0.18139807607806596], [0.3525995068286844, 0.3166696774146638, 0.19678812020223585, 0.133942695454416]], "ideal": "C", "sampled": "D", "correct": false}}
{"type": "result", "data": {"idx": 2, "options": ["392", "336", "300", "297"], "probs": [[0.3736159522743962, 0.2482920252810957, 0.18187815084142508, 0.196213871503083], [0.3599438452394169, 0.24481645254926762, 0.19243756277797106, 0.2028021393333444], [0.3970551131003478, 0.21017460285556247, 0.207358625949069, 0.18541165799502068], [0.3910046109608372, 0.21356803929195545, 0.20105517791605734, 0.19437217173114998], [0.3754793721449873, 0.2417692063679022, 0.19461965599053577, 0.18813176539657478], [0.3810544964447213, 0.24538186555706168, 0.1826566484783718, 0.19090698941984527], [0.43034728074695805, 0.22794554446010581, 0.16440954312797754, 0.1772976315649586], [0.4092583594917529, 0.21837439805507833, 0.1886309804037681, 0.18373626194940068], [0.4617659173881631, 0.18734422697672018, 0.17499787060669253, 0.1758919849284242], [0.4564063344555811, 0.1940665158107593, 0.17297262668492377, 0.17655452294873586], [0.42747336189485674, 0.21426126145731156, 0.17659459568848127, 0.18167078085935043], [0.43272047184791385, 0.21860867223678468, 0.17459566179834743, 0.17407519401695404], [0.3555808066966197, 0.2380751073122368, 0.2137344181323894, 0.19260966775875416], [0.35844637028108906, 0.24002932725023993, 0.20729379971618167, 0.19423050265248934], [0.3317891111795283, 0.2788487762791633, 0.1887914099510907, 0.2005707024902177], [0.3365766057545642, 0.2896151797241158, 0.1886027278025684, 0.18520548661875158], [0.3775978386024532, 0.23747973141679615, 0.18819385765101093, 0.1967285722297397], [0.3775835520371642, 0.24508973223232874, 0.18818544778773505, 0.189141267842772], [0.35295539214391897, 0.24198949286839377, 0.2123121447536912, 0.19274297013399608], [0.3617886304493558, 0.2500980794179681, 0.19203074274526988, 0.1960825472874062], [0.34450440055392484, 0.2637047053443818, 0.19462305925525322, 0.19716783474644012], [0.35882692990846965, 0.2725763876079676, 0.18456810435940743, 0.18402857802415531], [0.35697833231959775, 0.23543145110981908, 0.20485449140488707, 0.20273572506569607], [0.356059469134015, 0.23850802582436176, 0.21407050635005445, 0.1913619985915688]], "ideal": "A", "sampled": "B", "correct": false}}
{"type": "result", "data": {"idx": 3, "options": ["\\frac{7}{9}", "\\frac{8}{9}", "\\frac{5}{9}", "\\frac{9}{11}"], "probs": [[0.22528662456663515, 0.24804768703029684, 0.31123209924065404, 0.215433589062414], [0.2177342539132732, 0.25128514320975454, 0.25719643403093295, 0.27378416874603934], [0.23403961161536888, 0.23639882313029767, 0.3336329857264012, 0.19592857942793226], [0.23035523979611086, 0.24012116310940534, 0.26168880643876563, 0.2678347905557181], [0.19517576692536767, 0.1780550181687637, 0.3572540282845871, 0.26951518652128154], [0.20847159869543577, 0.191694263099678, 0.33151737856426405, 0.26831675954062223], [0.19887853852181886, 0.23859450150693692, 0.33668043232653, 0.2258465275447142], [0.19485590150279172, 0.2431124931794553, 0.2733387093470151, 0.2886928958707379], [0.2038423418794876, 0.24839563665290243, 0.3370454609057028, 0.21071656046190718], [0.2003232597959917, 0.24412541487791325, 0.2723813232932703, 0.2831700019328247], [0.17812202603642072, 0.21200313846132357, 0.331141168872067, 0.27873366653018866], [0.1774521837599961, 0.21283029556394864, 0.3298670799759784, 0.2798504406000768], [0.23485795361011924, 0.2467686756235557, 0.30239535276236185, 0.2159780179039632], [0.2352769523623747, 0.2570813894014769, 0.23403133449598315, 0.2736103236401652], [0.23660045779964375, 0.24856796849673632, 0.302277106152175, 0.21255446745144488], [0.23115121282629866, 0.2505607194697314, 0.2409529429007197, 0.2773351247032502], [0.21215105686900604, 0.21598843381594707, 0.3071671219508779, 0.26469338726416897], [0.20693802214764384, 0.20574703197367775, 0.3189026021965545, 0.26841234358212396], [0.17237899682052718, 0.21672574527701866, 0.357535589971087, 0.2533596678313672], [0.19044795701626152, 0.2413968561797698, 0.305166042925743, 0.26298914377822563], [0.18759760258705993, 0.22509798405303647, 0.2982621490657091, 0.28904226419419454], [0.18562243876985177, 0.2261960357201401, 0.3216476142084816, 0.26653391120152653], [0.17564938175489145, 0.23145704424493888, 0.3265175673105728, 0.26637600658959687], [0.17472919819991906, 0.21454709766149818, 0.345764815772766, 0.2649588882658167]], "ideal": "B", "sampled": "C", "correct": false}}
{"type": "result", "data": {"idx": 4, "options": ["(-inf, 10)", "(-inf, 9)", "(-inf, 8)", "(-inf, 7)"], "probs": [[0.26304001397363536, 0.22552440240286792, 0.2554720418040401, 0.2559635417194566], [0.23698800799860956, 0.21128520367416873, 0.2669857740135236, 0.28474101421369813], [0.23422784402925426, 0.2154055620393651, 0.3134552742687745, 0.23691131956260617], [0.2658252000919055, 0.21914789588877015, 0.250220108742423, 0.2648067951769013], [0.2291667576029201, 0.2090977398976539, 0.29487508093038267, 0.2668604214690433], [0.23418458595960204, 0.20551308374992994, 0.27221386810757914, 0.2880884620828889], [0.24017427859288779, 0.19643054900589252, 0.28584265706064915, 0.27755251524057056], [0.23082693262812315, 0.19031331224793405, 0.28122857629271275, 0.29763117873123], [0.2559993152362715, 0.2093921358945725, 0.27958803116321, 0.25502051760594596], [0.273092678963869, 0.21823065820446852, 0.25508960318727664, 0.25358705954438576], [0.24411666754601044, 0.21592198631872175, 0.27288899229552843, 0.26707235373973937], [0.24288209504089112, 0.21648793565516242, 0.28907621765453334, 0.2515537515494131], [0.23734182395214357, 0.20988895070606786, 0.31268420161787597, 0.24008502362391254], [0.25808403662496954, 0.2077592076975728, 0.264714904541572, 0.26944185103588564], [0.2621589898800951, 0.2178411781570031, 0.2525843977675577, 0.267415434095344], [0.2634378075336233, 0.23297986385876684, 0.2702100872723259, 0.233372241235284], [0.24917055292661922, 0.19909056722482082, 0.2636945804139345, 0.28804429933462544], [0.26340261491589173, 0.20875469159116988, 0.2944889112191294, 0.23335378217380898], [0.24464713399120175, 0.21132746651633488, 0.3003959402200582, 0.24362945917240514], [0.25097487110594674, 0.19582704937046067, 0.2676526068491961, 0.28554547257439644], [0.2658220191656661, 0.21075142603865632, 0.2501631639623347, 0.2732633907333429], [0.2626506089901534, 0.22157593069244966, 0.2757556736193513, 0.24001778659804565], [0.23783777015473362, 0.18133188651191864, 0.25167921913021346, 0.32915112410313424], [0.2720019302096737, 0.20732822139956186, 0.283436425998371, 0.23723342229239341]], "ideal": "C", "sampled": "B", "correct": false}}
{"type": "result", "data": {"idx": 5, "options": ["396", "72", "66", "36"], "probs": [[0.22706836798108426, 0.21874255265704687, 0.3581809454527085, 0.19600813380916038], [0.20784418843794786, 0.2341005846280936, 0.3127615907731104, 0.24529363606084814], [0.24560020077158526, 0.2578481964075385, 0.2811834467234267, 0.21536815599744952], [0.24938803533450501, 0.25776101308395316, 0.2724321308056732, 0.22041882067586863], [0.23819123916006094, 0.1858400906686936, 0.3239362932100696, 0.2520323768611758], [0.22859354996164194, 0.16363886484771323, 0.41194252403260095, 0.19582506105804387], [0.30660116669449855, 0.18339185414864537, 0.3148190676851166, 0.19518791137173944], [0.2947164221516045, 0.18047391145322877, 0.3002216562361554, 0.22458801005901136], [0.32578118108447285, 0.2949219775615147, 0.1919451739571601, 0.18735166729685226], [0.3290840783113198, 0.28427047381748616, 0.2129906926237349, 0.1736547551474591], [0.3057380798593245, 0.2703774732305917, 0.18158809431096554, 0.24229635249911824], [0.3124351845732103, 0.2515613771956142, 0.2577277162074765, 0.17827572192369898], [0.21722459467228705, 0.19055254471553384, 0.3677399401335746, 0.22448292037860454], [0.24437137707497622, 0.22121726805092246, 0.3026391773326795, 0.23177217744142187], [0.268301788963396, 0.24868621300186675, 0.22652060128749082, 0.25649139664724635], [0.2569806911834497, 0.2419517225075962, 0.28088468728959115, 0.22018289891936296], [0.24475746583748448, 0.3077181669081937, 0.20989059535224197, 0.23763377180207984], [0.24961694328622464, 0.28350581871100944, 0.24450404210911805, 0.22237319579364787], [0.283771191267175, 0.13636860453268065, 0.3860508558669703, 0.19380934823317403], [0.3337335337921066, 0.15914193031302015, 0.32960162054582987, 0.1775229152490434], [0.3868446282264954, 0.1948866364097399, 0.18320749300122988, 0.2350612422625348], [0.36274430692657783, 0.19760355645831618, 0.274626765739676, 0.16502537077542997], [0.37183332439518973, 0.26214957234622155, 0.18165895341010255, 0.1843581497484862], [0.376527935228842, 0.24742950496583474, 0.2020467519558085, 0.17399580774951479]], "ideal": "B", "sampled": "D", "correct": false}}
{"type": "result", "data": {"idx": 6, "options": ["0.16", "0.24", "0.3", "0.5"], "probs": [[0.32826197144086766, 0.2650131284925569, 0.21144723890097442, 0.19527766106560102], [0.32598522787984574, 0.2531952597423806, 0.22530307209180428, 0.19551644018596934], [0.3226944361590017, 0.23521180887201568, 0.2392306965694198, 0.20286305829956283], [0.3325834323518202, 0.23305698084075693, 0.23333205628046677, 0.2010275304269561], [0.33099818226365313, 0.23405730721994145, 0.24551993606019532, 0.18942457435621013], [0.3331600824607069, 0.2319379815804877, 0.2471713497144574, 0.18773058614434798], [0.3485048062973681, 0.2482367120697707, 0.21596064839646315, 0.18729783313639808], [0.3519082016606656, 0.24299245708252262, 0.2232120301617685, 0.18188731099504327], [0.3375466666805957, 0.2258432492890565, 0.2260729059990417, 0.21053717793130608], [0.33933608709351093, 0.22160134546920907, 0.24184002749170339, 0.1972225398455766], [0.3387567547180709, 0.23582132594218033, 0.23604934350055262, 0.18937257573919616], [0.33029213052230055, 0.2317403520152638, 0.2489253692240137, 0.18904214813842193], [0.26282275742474853, 0.28992647749814315, 0.2541009892193945, 0.19314977575771383], [0.2555622420120643, 0.2885742740256956, 0.2822349029164173, 0.17362858094582284], [0.27989637431838027, 0.28332718781786315, 0.2278362478410418, 0.20894018992271476], [0.2601230779048416, 0.25912839557810746, 0.2941053553243227, 0.18664317109272824], [0.2629959363375148, 0.2603347080785385, 0.2709606966391654, 0.20570865884478137], [0.2762317441494722, 0.25681517290930284, 0.2591586487975435, 0.20779443404368136], [0.3136732326681645, 0.28695765562403075, 0.23072286291680497, 0.16864624869099978], [0.3167147432461984, 0.28760776777990804, 0.2240799732008006, 0.1715975156730929], [0.3240928794459058, 0.28073768079771166, 0.215357328126233, 0.1798121115301495], [0.32497508783257595, 0.2859796413186155, 0.21433245601592968, 0.1747128147328789], [0.3344168910881709, 0.2422014140512526, 0.23493379002048964, 0.18844790474008682], [0.34972828623135405, 0.2397542297600364, 0.22544407842289016, 0.18507340548571935]], "ideal": "C", "sampled": "B", "correct": false}}
{"type": "result", "data": {"idx": 7, "options": ["42", "12", "36", "39"], "probs": [[0.310208355011442, 0.26367429289079913, 0.2405466919978322, 0.18557065999992664], [0.30554415862055434, 0.25769903485287043, 0.24064194436522113, 0.1961148620613541], [0.2922661776409052, 0.22259132398473488, 0.31965934152144443, 0.1654831567529155], [0.2750038966263841, 0.22655269361571082, 0.2571530197096818, 0.24129038994822335], [0.29369186914469597, 0.23261555680369417, 0.2993963613896731, 0.17429621256193675], [0.2765651344976426, 0.2260720580590197, 0.24103872475597882, 0.25632408258735895], [0.2808826225583614, 0.23324775345902066, 0.29547643218250064, 0.19039319170011731], [0.27890503403735606, 0.2280364185343634, 0.298014253348113, 0.1950442939801675], [0.27421670740757964, 0.23492648845161418, 0.29758357555299064, 0.1932732284878155], [0.2718909301518427, 0.23841456356005222, 0.2950518639075192, 0.19464264228058592], [0.2746427830193721, 0.22626224636576833, 0.3100016872274064, 0.18909328328745315], [0.2759764831382697, 0.22380674216605426, 0.3189040171617849, 0.1813127574338911], [0.30530085246785665, 0.2343908925301618, 0.29011934128127037, 0.17018891362071117], [0.29044259840667963, 0.22832208998768622, 0.26327486254474136, 0.2179604489608928], [0.31872760771413816, 0.27734458030453607, 0.23034946274913382, 0.17357834913219192], [0.3152752063231147, 0.27430997522308026, 0.23324381855377826, 0.1771709998000268], [0.2941596297375141, 0.22064643263536887, 0.24461968969699388, 0.24057424783012316], [0.3098156015347549, 0.22872218955007945, 0.2966730759738361, 0.16478913284132957], [0.29456654188071485, 0.2407616972682517, 0.2843132912828327, 0.18035846946820072], [0.2910657140003929, 0.23427621319704311, 0.24210976830356853, 0.23254830439899543], [0.3087125718284885, 0.26863285896475964, 0.24505703148775473, 0.17759753761899713], [0.3065418853074453, 0.26464974483213155, 0.2510789297109262, 0.17772944004949687], [0.2824290520756216, 0.24772032710162636, 0.24424190418551314, 0.22560871653723888], [0.2879050543062797, 0.24276948377582952, 0.3075882654662581, 0.16173719635163264]], "ideal": "A", "sampled": "B", "correct": false}}
{"type": "result", "data": {"idx": 8, "options": ["\\frac{125}{648}", "\\frac{25}{648}", "\\frac{625}{648}", "\\frac{1}{648}"], "probs": [[0.2618811389261694, 0.29524945769860084, 0.23364168055043186, 0.20922772272479792], [0.25588107106511015, 0.27957099673336494, 0.2648572325441625, 0.19969069955736246], [0.25109999995253823, 0.26793771580255304, 0.2518554590114112, 0.22910682513349748], [0.2571880144461693, 0.2557981533808568, 0.2559778911818024, 0.23103594089117144], [0.2705212235180223, 0.2842527031614246, 0.23575545845058368, 0.2094706147699694], [0.2635827699573919, 0.2726602296654945, 0.2464713937761985, 0.2172856065009151], [0.2736435952647685, 0.24394882813408034, 0.23469130251555026, 0.24771627398560087], [0.26117050255949514, 0.21866953044925636, 0.3015295817918612, 0.21863038509938734], [0.27820929467564337, 0.2403746956290629, 0.2520913741918932, 0.22932463540340056], [0.26589103738119546, 0.21577598999440628, 0.27950518487563586, 0.23882778764876245], [0.27936177127916095, 0.27571444363903236, 0.2286555903120023, 0.21626819466980438], [0.2668615321080484, 0.2717549841095696, 0.2253799620847026, 0.2360035215976794], [0.2377141309568634, 0.28525467429044343, 0.24792404852157926, 0.2291071461311139], [0.24241752558880506, 0.2819696324488238, 0.25090849023174777, 0.22470435163062338], [0.23351119902579986, 0.293702917053107, 0.2613704087456278, 0.2114154750754653], [0.23773630669530021, 0.28089452624177935, 0.2661117692356958, 0.21525739772722463], [0.23610787794934604, 0.2724961719388314, 0.26020685611169775, 0.2311890939001248], [0.23406711567187782, 0.26804250875478547, 0.2441699988027126, 0.25372037667062414], [0.1422803997851189, 0.31912350651410815, 0.34521797295932893, 0.19337812064144405], [0.13238441153725888, 0.2619338475243271, 0.39366651211220177, 0.2120152287262123], [0.155650454083173, 0.25327143447953104, 0.3437519422388831, 0.24732616909841285], [0.16492900250692935, 0.26848518845734337, 0.30439424511726565, 0.26219156381846165], [0.1519082337465966, 0.27150806781914744, 0.3462421893727244, 0.23034150896153158], [0.15255133452613528, 0.29718493646279437, 0.31158151560748504, 0.2386822133035853]], "ideal": "C", "sampled": "A", "correct": false}}
{"type": "result", "data": {"idx": 9, "options": ["8", "12", "10", "4"], "probs": [[0.24442956213339007, 0.2195603730989535, 0.2670411209054148, 0.2689689437622417], [0.2583202796415538, 0.23934798653557504, 0.28445348988470504, 0.21787824383816617], [0.25260913369513704, 0.21821410951816425, 0.23785255846982895, 0.2913241982168698], [0.261725596707946, 0.2332253088352715, 0.28599419334668424, 0.21905490101009825], [0.24690961835299458, 0.26753550765223205, 0.2655750512811207, 0.21997982261365265], [0.2535242811642168, 0.2683864017571761, 0.2521737590827824, 0.22591555789582465], [0.22297552225744183, 0.2378384470701798, 0.26334053275335956, 0.27584549781901885], [0.21549920735588385, 0.24089904127096168, 0.30467754599385477, 0.23892420527929972], [0.2254603970913432, 0.21384704214036623, 0.2683789333715082, 0.29231362729678234], [0.20401454273828007, 0.20435254578264295, 0.3373064150667606, 0.25432649631231635], [0.22818237540824254, 0.26110875603925776, 0.2674148678512187, 0.24329400060128095], [0.2319103708062013, 0.26129677110393235, 0.24555375437802981, 0.26123910361183655], [0.2192048248547929, 0.22660323637539231, 0.26093187536771656, 0.29326006330209825], [0.1976899802487094, 0.22094969449217963, 0.34251546856316056, 0.23884485659595042], [0.21243069747304474, 0.21113437097443238, 0.3074660851131461, 0.2689688463393768], [0.20773205410953935, 0.21301271239697406, 0.3302514653917828, 0.2490037680017038], [0.21860582798610825, 0.26627623635436315, 0.2727370817278715, 0.2423808538316571], [0.21470719253796236, 0.2677373547921462, 0.2699854929477373, 0.24756995962215403], [0.26538458463876, 0.23289562759454643, 0.2479954212655981, 0.25372436640109547], [0.26682346658983697, 0.23965845642586384, 0.26128831113812645, 0.23222976574617277], [0.24342997408876527, 0.24012257215229088, 0.2944164696389187, 0.2220309840200251], [0.2541037721944927, 0.23920052528371963, 0.28202929249478503, 0.22466640992700262], [0.24097780521817536, 0.22154320444122022, 0.31768851995735625, 0.21979047028324813], [0.23311321435027724, 0.21941182015132238, 0.31214010712363216, 0.23533485827476822]], "ideal": "B", "sampled": "D", "correct": false}}
{"type": "result", "data": {"idx": 10, "options": ["13", "14", "1", "2"], "probs": [[0.37940764988752435, 0.218226808559333, 0.23627867154319632, 0.1660868699099463], [0.35223948952013495, 0.2090800404339565, 0.2228213399425845, 0.21585913000332405], [0.3765346986077221, 0.22526315040594394, 0.20695073952324503, 0.19125141136308893], [0.3881466023621202, 0.22680727996985678, 0.21505732623914003, 0.16998879132888303], [0.36486927758589327, 0.20828517399985447, 0.21182087692946566, 0.21502467138478662], [0.38316144268085023, 0.21361196993890977, 0.24438376324640598, 0.15884282403383398], [0.3269484492683491, 0.22863384056931946, 0.26349465858560417, 0.1809230514767273], [0.301218445550801, 0.22427032551504109, 0.2465893887245026, 0.2279218401096553], [0.3232166420610888, 0.22961981250106148, 0.24284268551361002, 0.2043208598242397], [0.3266787181962874, 0.23572411779603308, 0.24357977144100654, 0.19401739246667293], [0.31101080308708606, 0.21250062862147842, 0.23552523200056233, 0.24096333619087318], [0.32173266420519664, 0.22322698108310782, 0.27834885403329584, 0.1766915005783997], [0.2956090227128145, 0.24945598466500557, 0.24968838317149858, 0.20524660935068137], [0.31279018518180995, 0.2744403183185795, 0.23687875268474717, 0.17589074371486332], [0.30692062929656766, 0.2303480368414821, 0.25128339220851803, 0.21144794155343222], [0.3189061987733105, 0.2547412064571028, 0.2511734812501144, 0.17517911341947226], [0.2995158046328779, 0.19828947785631337, 0.3052812127379904, 0.1969135046728183], [0.30798889121280465, 0.2087473484291705, 0.27919519776875895, 0.20406856248926586], [0.33030153329040485, 0.2365374423900672, 0.22595359526081785, 0.2072074289587101], [0.35861779324455473, 0.24885646247927662, 0.23050694852273151, 0.1620187956534371], [0.33342921730521907, 0.22255356607595783, 0.22988107798184892, 0.21413613853697414], [0.3653229907390384, 0.2399563830870469, 0.23477088353204473, 0.15994974254187], [0.35120631307446537, 0.25146583469575806, 0.2257412441070015, 0.17158660802277503], [0.3607444709067734, 0.2603309711504277, 0.20944797678510013, 0.16947658105769875]], "ideal": "D", "sampled": "A", "correct": false}}
{"type": "result", "data": {"idx": 11, "options": ["30", "64", "2048", "60"], "probs": [[0.2252856641782542, 0.25355786082593207, 0.30606701967039734, 0.21508945522541642], [0.2515482045689239, 0.259829852850529, 0.2682134548785315, 0.2204084876020156], [0.2167961150190995, 0.30137372013893, 0.29917371270049037, 0.18265645204148015], [0.22652095216451423, 0.2981429949381381, 0.27370827979527257, 0.20162777300207504], [0.21005055619241195, 0.19289496826530206, 0.35512257147937093, 0.24193190396291503], [0.20932205019288158, 0.20303674040194516, 0.3539519309643607, 0.2336892783408126], [0.2195589971059941, 0.24908596269297992, 0.32005788800245044, 0.2112971520985755], [0.25274372474920137, 0.2672880033477286, 0.2653111854721712, 0.2146570863308988], [0.23620971330993468, 0.30132620625682804, 0.26186873725809384, 0.2005953430751434], [0.2400908022878882, 0.3160667419117527, 0.24620886144560158, 0.19763359425475752], [0.24528175224471374, 0.24747453258730015, 0.2872310237711877, 0.2200126912967984], [0.222252052668578, 0.21562133406000816, 0.34486945946240666, 0.21725715370900717], [0.26042379762203893, 0.22471596783912262, 0.3197008824162465, 0.195159352022592], [0.2656588295679692, 0.23283990072127192, 0.28110167800210767, 0.2203995916086512], [0.2691609721606609, 0.26318679825933244, 0.2675138573089268, 0.20013837217107985], [0.25791039291692386, 0.2601932209412371, 0.2793584382445869, 0.20253794779725218], [0.2352015936854481, 0.22640844839918836, 0.3401874848832124, 0.19820247293215115], [0.23687804880041316, 0.21928721337379775, 0.3426782139394002, 0.2011565237863889], [0.25094833219676094, 0.2415632384308043, 0.28932114570462864, 0.21816728356780613], [0.2237113978682056, 0.23652483168077285, 0.3210628580567617, 0.21870091229425984], [0.2633652467275125, 0.2535611764404287, 0.267961897464477, 0.21511167926758182], [0.22884411640460198, 0.22908004650030747, 0.3335691541205185, 0.20850668287457202], [0.24337255952308706, 0.3153975009602815, 0.2515270411716704, 0.18970289824496098], [0.232532788825648, 0.2920424509333489, 0.289917903070162, 0.18550685707084108]], "ideal": "D", "sampled": "C", "correct": false}}
{"type": "result", "data": {"idx": 12, "options": ["0", "1", "2", "4"], "probs": [[0.2943998531047175, 0.27117845009269864, 0.2215429660226447, 0.21287873067993915], [0.27352990882254474, 0.255951218104063, 0.2464004979363894, 0.22411837503700283], [0.27750019975955975, 0.240023214792007, 0.2970010207146972, 0.18547556463373602], [0.2792127007318755, 0.25530211973757055, 0.22192188103117144, 0.2435632983993825], [0.28103883327887175, 0.24311407994792952, 0.2937957775505737, 0.18205130912262502], [0.2709433814893438, 0.24953832473459878, 0.255791910139728, 0.22372638353632934], [0.3374747285285669, 0.23266501375695464, 0.2500395737332469, 0.17982068388123154], [0.33634232495892263, 0.2230166627551617, 0.24533471434850163, 0.19530629783741404], [0.2996194913740426, 0.1985715150847419, 0.31072234641302277, 0.19108664702819275], [0.3272471725613457, 0.21199777720238724, 0.22773493824111962, 0.23302011189514737], [0.32223951813336443, 0.20386654136526397, 0.27926328775474274, 0.19463065264662885], [0.3295387674469839, 0.21854307080919225, 0.2559504248832579, 0.19596773676056592], [0.3096901568368378, 0.2496454044821183, 0.25805217794139085, 0.18261226063965308], [0.30833713136024843, 0.2505896761938583, 0.228441155781586, 0.21263203656430726], [0.32276253927214293, 0.27926524638526723, 0.22465971930582665, 0.17331249493676318], [0.32750282176293416, 0.29017022681568455, 0.19799927170083703, 0.18432767962054428], [0.30126782064213614, 0.19970506127893994, 0.29126139228181464, 0.20776572569710927], [0.30120761833125015, 0.18606620193351395, 0.3378856328737078, 0.17484054676152802], [0.3015443176189811, 0.2374414872123231, 0.28037823079339974, 0.18063596427529605], [0.2940881208172185, 0.24084500607160791, 0.2508450112860143, 0.21422186172515928], [0.30750640307252936, 0.2923735888792684, 0.2243400894077763, 0.17577991854042596], [0.3074366702213907, 0.31367796188916236, 0.19325138338583303, 0.18563398440361392], [0.2939143522373129, 0.2426064497378222, 0.2526795901504738, 0.2107996077743911], [0.29396831110254806, 0.2407405751482139, 0.2864363405884069, 0.1788547730608311]], "ideal": "D", "sampled": "B", "correct": false}}
{"type": "result", "data": {"idx": 13, "options": ["92", "93", "94.5", "95"], "probs": [[0.11940012392847099, 0.17956230443922333, 0.46306176023908086, 0.23797581129322481], [0.13448788424708472, 0.19755253488163324, 0.20083070098583325, 0.46712887978544876], [0.12373383895115782, 0.534653985505908, 0.1966837285269985, 0.14492844691593562], [0.12123442710992768, 0.5665117628271259, 0.1622604465827608, 0.14999336338018562], [0.137385802514312, 0.2216789457230461, 0.3493228904452715, 0.2916123612173704], [0.13346605298382053, 0.24028074080799608, 0.41910906855066116, 0.20714413755752226], [0.08841620714138697, 0.12392158521670608, 0.5971630437508243, 0.19049916379108267], [0.12682528603559143, 0.17501771187495835, 0.27784138501128636, 0.4203156169781639], [0.13462866755570763, 0.563808261496934, 0.1414005754717455, 0.1601624953756129], [0.12754139492937147, 0.551190563253933, 0.17071531965687378, 0.1505527220598218], [0.14536388216949223, 0.22379635272172285, 0.20235809681776162, 0.4284816681910233], [0.11985975859932828, 0.1933948455079174, 0.5226307666563126, 0.1641146291364417], [0.4408573674459267, 0.205288612664418, 0.19013004926538407, 0.1637239705242712], [0.48696350320828763, 0.19854737520397, 0.1610002791571508, 0.15348884233059154], [0.45981806957728505, 0.21920979163911739, 0.14058732542385402, 0.1803848132597435], [0.4376001264372849, 0.2291424814404154, 0.17451868879372912, 0.15873870322857056], [0.454468051098972, 0.23798540658424328, 0.15143816984696992, 0.15610837236981479], [0.47162739309598184, 0.2412667315390809, 0.1559314359897264, 0.13117443927521089], [0.21365378476548805, 0.21739485533753383, 0.23718765022189334, 0.3317637095750848], [0.18245959551982774, 0.19761123055644458, 0.4191557529023714, 0.20077342092135628], [0.22180418998473417, 0.2537726797471887, 0.1718426968260032, 0.35258043334207395], [0.19193564639460425, 0.2337645624905198, 0.40462640526758137, 0.16967338574729454], [0.24923687423469346, 0.4086049320469463, 0.1551469312496884, 0.1870112623686718], [0.25444662568408905, 0.43719750638404514, 0.16086581347764206, 0.14749005435422377]], "ideal": "B", "sampled": "C", "correct": false}}
{"type": "result", "data": {"idx": 14, "options": ["R <= T <= M <= L", "L <= T <= M <= R", "R <= M <= T <= L", "L <= M <= T <= R"], "probs": [[0.28746266026789236, 0.2920531121216161, 0.20205791894733682, 0.21842630856315468], [0.2758667170725568, 0.28239947554625344, 0.2304310053356529, 0.21130280194553688], [0.26031850214271285, 0.31670437352444436, 0.21398318026410434, 0.20899394396873847], [0.259671296754272, 0.31838342069804587, 0.21178018729088574, 0.21016509515679643], [0.27750115756892274, 0.2863921437456275, 0.23006437030922358, 0.20604232827622618], [0.28793986341726896, 0.29726953962737973, 0.19929803014946643, 0.21549256670588485], [0.28622027381033566, 0.22810228376061692, 0.2210321441840738, 0.2646452981449736], [0.3079774333530033, 0.2251247133815959, 0.24361124269297585, 0.2232866104724249], [0.2807973157603493, 0.24208182141256526, 0.22739593817130058, 0.24972492455578485], [0.2985620035779833, 0.23606529394703618, 0.24369875683577114, 0.22167394553920935], [0.29239109591288703, 0.34213036805144503, 0.18562121964060568, 0.17985731629506221], [0.2902791841079467, 0.33970472719408584, 0.18431310628468098, 0.18570298231328652], [0.2647553682062515, 0.30249279734447604, 0.20281156895516744, 0.22994026539410498], [0.27049057866936344, 0.3115597572146303, 0.2024382441306855, 0.21551141988532077], [0.2905660352888684, 0.2838997927098843, 0.20116819430603103, 0.2243659775952163], [0.2717503864530612, 0.2592161258912728, 0.2657067139820778, 0.2033267735735882], [0.293630871716801, 0.315224619307173, 0.18642684638780105, 0.20471766248822493], [0.2905904650397581, 0.3118875324414217, 0.1949341594977948, 0.20258784292102539], [0.31081893573843233, 0.23637222889127588, 0.2291931028555156, 0.2236157324147762], [0.2866117996676025, 0.24331608774786026, 0.22499229346934552, 0.24507981901519174], [0.32032140608920084, 0.28727459476586487, 0.18089744177294637, 0.2115065572719879], [0.3241411552020923, 0.2884512073436291, 0.1816350709235785, 0.2057725664307001], [0.30513265725899175, 0.23952591416824712, 0.20641635356269425, 0.2489250749100669], [0.32644315091490483, 0.2387823653526673, 0.21070759544466702, 0.22406688818776083]], "ideal": "D", "sampled": "D", "correct": true}}
{"type": "result", "data": {"idx": 15, "options": ["16", "2\\sqrt{2}", "5", "5+2\\sqrt{13}"], "probs": [[0.24107153764510222, 0.37824032432586513, 0.22588451348164768, 0.15480362444738496], [0.21956872937867788, 0.32332858440026907, 0.18711909649885095, 0.2699835896222021], [0.2421310995496912, 0.21940395416187924, 0.39589071890384475, 0.1425742272845848], [0.23489072476470246, 0.20615343178923165, 0.3576064567330407, 0.20134938661302518], [0.2657846291331292, 0.2706892570787959, 0.22828449986930205, 0.23524161381877284], [0.27129681532631245, 0.26372720380334513, 0.2706726950537313, 0.19430328571661107], [0.3004797786316733, 0.19312130488375714, 0.2752491317488417, 0.23114978463572783], [0.24914905426394923, 0.15882229803404452, 0.2278486788045009, 0.36417996879750536], [0.3080092874454619, 0.24463602168986548, 0.2431633399731141, 0.20419135079155853], [0.2953063249292706, 0.2514642476784058, 0.23662473258990105, 0.21660469470242247], [0.2964598624546858, 0.18025476275831245, 0.26489219856272245, 0.25839317612427926], [0.24930422005544525, 0.17443393169089247, 0.33202180263060094, 0.24424004552306133], [0.28050370693404075, 0.23865133453911208, 0.33519004789755896, 0.14565491052928817], [0.26428579493842747, 0.22479926867623418, 0.3156954253687047, 0.19521951091663364], [0.2626038530594341, 0.40893388399764263, 0.19302706706124073, 0.1354351957816825], [0.24625430998723827, 0.4047244190765014, 0.1698963343927241, 0.17912493644353616], [0.2970580325548705, 0.2755163486540615, 0.2455743739251622, 0.18185124476590578], [0.2963700503896325, 0.27695228821392104, 0.2177390540102224, 0.2089386072862241], [0.23803601375929406, 0.2622593719178252, 0.2160070006633461, 0.2836976135595346], [0.2533407433572169, 0.2813220536033507, 0.2691037872431651, 0.19623341569626732], [0.22555498104358263, 0.2351982076171815, 0.28876440853675184, 0.25048240270248406], [0.22780020532714215, 0.24117991325827642, 0.29162457582418533, 0.2393953054903961], [0.2512352541205957, 0.28782547375141654, 0.3047355503950425, 0.1562037216329452], [0.24679841853301118, 0.3057205585614924, 0.2187208318872828, 0.22876019091821365]], "ideal": "D", "sampled": "C", "correct": false}}
{"type": "result", "data": {"idx": 16, "options": ["8", "3", "6", "9"], "probs": [[0.30320671649533404, 0.28301522554629954, 0.22958211940588683, 0.18419593845247956], [0.2944574311907068, 0.2748260754842996, 0.2372968459294838, 0.1934196472955098], [0.2963503345006937, 0.24211947978279952, 0.28151262223159407, 0.1800175633849127], [0.2967199473298884, 0.24827947459955177, 0.25069803744127855, 0.20430254052928135], [0.27824074441751095, 0.22553097045447615, 0.3163412558170903, 0.17988702921092253], [0.28603576335643977, 0.2337729175913758, 0.273827688298719, 0.20636363065346539], [0.29676237699402064, 0.23869459328648668, 0.27112874385983476, 0.1934142857596579], [0.2886641154297464, 0.2340499565091608, 0.26575471156061714, 0.21153121640047562], [0.31025756326963044, 0.24759959419872724, 0.24618940786610047, 0.19595343456554187], [0.29672310195463636, 0.2424632644777912, 0.2467624432609446, 0.2140511902066278], [0.283073523107877, 0.23310580051909766, 0.27959210511010735, 0.204228571162918], [0.2830157749213783, 0.23486291309945467, 0.27953155576481564, 0.20258975611435137], [0.31094440351380237, 0.22767330364583144, 0.2907998816258996, 0.17058241111446662], [0.30799043175478447, 0.23280808327254132, 0.23874706027504497, 0.22045442459762923], [0.31275383566929127, 0.2806938970015062, 0.22243419950270157, 0.18411806772650094], [0.3090600921044624, 0.2752400595383769, 0.22501644154598563, 0.19068340671117512], [0.2988872363367067, 0.23487212811470307, 0.2605004426800182, 0.20574019276857197], [0.29639588128326183, 0.22741616786602645, 0.3044297234899726, 0.17175822726073908], [0.27847594019966093, 0.2292515635261166, 0.30206567046005833, 0.19020682571416414], [0.2882672803073852, 0.2374520564221506, 0.2613184710879304, 0.21296219208253386], [0.29202258148815763, 0.266255225717395, 0.23907267688695988, 0.20264951580748747], [0.2945085895292365, 0.27275041962297053, 0.23925107294541048, 0.19348991780238248], [0.2916338915315039, 0.25373525937256586, 0.2522204072354586, 0.20241044176047165], [0.28682611244510664, 0.24945662166534616, 0.28108800292446695, 0.18262926286508027]], "ideal": "A", "sampled": "B", "correct": false}}
{"type": "result", "data": {"idx": 17, "options": ["-2", "-4", "-1", "1"], "probs": [[0.2514050081539581, 0.19014341203884472, 0.3446091515854846, 0.21384242812171256], [0.24361111909198563, 0.19008657543724483, 0.3473529529837768, 0.21894935238699273], [0.2522964812905095, 0.20477943425484274, 0.2777808647739397, 0.265143219580708], [0.252968534978874, 0.2168314138929624, 0.3182893882844083, 0.2119106627437553], [0.2631822486974532, 0.26187502945017155, 0.2578150591322001, 0.21712766262017516], [0.2692484121797495, 0.2699256401939857, 0.2679258744404536, 0.19290007308581117], [0.26374970291899436, 0.23887841467385373, 0.26029823656469914, 0.23707364574245277], [0.25134109699176377, 0.22755649005412928, 0.3088880684994303, 0.21221434435467668], [0.24871358280594022, 0.2552764561352289, 0.2653868934016145, 0.23062306755721634], [0.2514899410277936, 0.25407091159173656, 0.2902729852247983, 0.2041661620556716], [0.26156617377613756, 0.2643227993129873, 0.2837192840763009, 0.19039174273457424], [0.26603867206527787, 0.2667150358121134, 0.2796094881975878, 0.18763680382502088], [0.26526773763828415, 0.20067263245580455, 0.27216891262697174, 0.2618907171789395], [0.2611488958760882, 0.20695779907186823, 0.33117904762325356, 0.20071425732879], [0.24031849561193205, 0.19501193156396193, 0.3618253821044745, 0.2028441906196315], [0.25782325477073376, 0.20918915852020675, 0.32691841827165585, 0.2060691683374036], [0.2749058942952906, 0.2609232106681494, 0.26720112957668263, 0.1969697653598774], [0.26252559607162196, 0.2571173386649667, 0.2551560477703776, 0.22520101739303375], [0.27495982011072806, 0.24728413308394112, 0.2472325899696809, 0.2305234567356499], [0.28231546279945097, 0.2537392973646102, 0.27238324281829696, 0.1915619969176419], [0.2697954097181352, 0.25020348277559795, 0.29975711403003535, 0.18024399337623143], [0.2655111590583525, 0.23857963438300123, 0.31149992807819676, 0.18440927838044954], [0.280848247926269, 0.2524777500092186, 0.26060767405957574, 0.20606632790493667], [0.2598852139485704, 0.23733993655036933, 0.26900776416330324, 0.23376708523775705]], "ideal": "B", "sampled": "D", "correct": false}}
