{"type": "result", "data": {"idx": 0, "options": ["inflation had already impacted the economy before the fiscal stimulus.", "the economy initially had some unemployed resources.", "aggregate supply decreased.", "aggregate demand is steeply sloped."], "probs": [[0.192562568057631, 0.5025856569292078, 0.1483293793698245, 0.15652239554333675], [0.20904578022331355, 0.46321043148239216, 0.19744640273542063, 0.13029738545887368], [0.18651020069684007, 0.13066193587317454, 0.46551765111464866, 0.21731021221533672], [0.21224075486748029, 0.11586479873380123, 0.29425184908745633, 0.37764259721126214], [0.19294637727218175, 0.16828741382297957, 0.4818366539270148, 0.15692955487782387], [0.23825274900543494, 0.19377204242788734, 0.18799072031383773, 0.37998448815283997], [0.6264043859092518, 0.10645262578696545, 0.11093012656860511, 0.15621286163517759], [0.6301372332302171, 0.10624649104515412, 0.1422078821907834, 0.12140839343384538], [0.606084906631604, 0.11492387264271481, 0.11425349924295039, 0.16473772138273088], [0.6037008570522441, 0.11904615215821236, 0.1290008512085396, 0.14825213948100394], [0.6061807825094699, 0.14994205421243204, 0.112516856834091, 0.131360306344007], [0.5873867474916242, 0.152274553682545, 0.11607007647910302, 0.1442686222467278], [0.1917957265291786, 0.11404755860668696, 0.5016650295377639, 0.19249168522637056], [0.2449124415679834, 0.10580745811331738, 0.302041424871941, 0.3472386753467582], [0.2863099106700471, 0.3113249381167523, 0.17315603074887487, 0.22920912036432572], [0.2607462107874477, 0.3213331103003557, 0.21400840578323324, 0.20391227302896334], [0.25995374498014107, 0.16727847357741535, 0.16470015538178423, 0.4080676259606593], [0.24219443262471396, 0.198581936914463, 0.3359963347575292, 0.22322729560329382], [0.3235850809345507, 0.11479762512796436, 0.41870464310688543, 0.1429126507305995], [0.49721312871757656, 0.11124649643693374, 0.15957092817125193, 0.23196944657423776], [0.45836832431786684, 0.25214886287091665, 0.14258515620914058, 0.14689765650207595], [0.41114517346575574, 0.26658720372151945, 0.15431879569666995, 0.16794882701605487], [0.4451358748567774, 0.12893686081481637, 0.14623859959089472, 0.2796886646375115], [0.44692212338746723, 0.14435426889406525, 0.22762985525239113, 0.18109375236607642]], "ideal": "B", "sampled": "B", "correct": true}}
{"type": "result", "data": {"idx": 1, "options": ["II III and IV only", "I and III only", "II and IV only", "III and IV only"], "probs": [[0.2714076516621658, 0.23465310475924545, 0.23541373449830655, 0.2585255089802822], [0.2704571444947697, 0.2393664383743286, 0.2345942372654591, 0.25558217976544256], [0.2635247173470737, 0.2562130162269248, 0.2232746878095493, 0.2569875785164522], [0.2419585698309194, 0.24463052680682817, 0.22873972013183286, 0.28467118313041956], [0.2583092268287271, 0.24916933098190794, 0.23665841979365157, 0.2558630222957134], [0.24598399925776168, 0.24100838240048644, 0.23252679058779402, 0.2804808276539579], [0.27867426634999093, 0.2177175367341019, 0.2253846309739084, 0.27822356584199875], [0.2985363379912804, 0.22428440864492669, 0.23778052344175674, 0.23939872982203622], [0.288239670471951, 0.198769125395858, 0.24255603593808547, 0.27043516809410556], [0.2572024242979108, 0.2173849408821916, 0.22502139879066801, 0.30039123592922956], [0.29898052959163557, 0.22111849155124436, 0.23448247855818177, 0.24541850019893832], [0.2643252532120889, 0.2181904548727697, 0.20886000366327698, 0.30862428815186443], [0.23302405621868924, 0.2933961879941764, 0.22387936219775167, 0.2497003934893827], [0.20928583482582883, 0.2871501573849237, 0.22433876501784894, 0.27922524267139853], [0.24210009697937201, 0.24488703143791338, 0.2575906889655101, 0.2554221825172045], [0.19245489513305197, 0.2385702204039607, 0.2178221260634433, 0.351152758299544], [0.1948887734648719, 0.22687502541173238, 0.29485908587098597, 0.2833771151524097], [0.19109412456347555, 0.22250785758332997, 0.2266604832583359, 0.35973753449485857], [0.2396127915085074, 0.28550851767648017, 0.23933951910932866, 0.2355391716056838], [0.21912645780904352, 0.2846351094841238, 0.2258939545775341, 0.2703444780292985], [0.2488990686749011, 0.22381330690808157, 0.26685091452834425, 0.26043670978867306], [0.2167092678224507, 0.21918767361851607, 0.22330969237076792, 0.3407933660882653], [0.19850327959921518, 0.20387716010605222, 0.3221950078669609, 0.2754245523277717], [0.20232482855456885, 0.1999065935383981, 0.23998560724199858, 0.35778297056503444]], "ideal": "D", "sampled": "A", "correct": false}}
{"type": "result", "data": {"idx": 2, "options": ["The price level rises but real GDP falls.", "Both the price level and real GDP rise.", "The price level rises but the change in real GDP is uncertain.", "Real GDP rises but the change in the price level is uncertain."], "probs": [[0.19471991020877372, 0.39149534635021466, 0.22475277069591826, 0.18903197264509336], [0.18547038455732084, 0.41613539429116203, 0.2140696612670085, 0.18432455978450862], [0.18438710112035264, 0.18914040720296288, 0.42043837121946004, 0.20603412035722443], [0.20454966681196227, 0.1823397711625354, 0.21153673126339934, 0.401573830662103], [0.16059827270083626, 0.20035229325390802, 0.45240753600886596, 0.18664189793638972], [0.18701545056251598, 0.30213870244557073, 0.23159350907303802, 0.27925233781887526], [0.4561643301984479, 0.1603332608777884, 0.20611305532778498, 0.1773893534959787], [0.39058378334907945, 0.16050359605137823, 0.2713290452685824, 0.1775835752309599], [0.42361894069705064, 0.21004721445373184, 0.16757482530178575, 0.19875901944743177], [0.41335325197159545, 0.2182303750824143, 0.19728846258072696, 0.1711279102652633], [0.38415135666543354, 0.2708570183925832, 0.16050008655224982, 0.18449153828973341], [0.3558166781822173, 0.27555380500573223, 0.19093122439849905, 0.17769829231355136], [0.18899146002118528, 0.1331559588352198, 0.47320989474705216, 0.20464268629654278], [0.19796817445194304, 0.12216831270504909, 0.21114875846067283, 0.46871475428233506], [0.2658456861706963, 0.37892007823969587, 0.16939873991702772, 0.18583549557258008], [0.26697158015169536, 0.34643130458612037, 0.22194019786462468, 0.16465691729755955], [0.2371417581797923, 0.22155092654396888, 0.1672405451368938, 0.374066770039345], [0.19120475932838926, 0.17717692518216238, 0.4678423175916475, 0.16377599779780083], [0.19292343667056175, 0.09943145286057609, 0.5474846052009167, 0.16016050516794547], [0.3335775335223426, 0.1181890929166773, 0.21924676835589293, 0.32898660510508715], [0.25745648910381225, 0.4095044257679688, 0.1653006572945714, 0.16773842773364755], [0.2839759716717956, 0.3571643318078784, 0.19561060095198268, 0.16324909546834337], [0.37954867447915025, 0.1795555975787434, 0.17140554145358888, 0.26949018638851746], [0.2520795872496126, 0.1579891176371897, 0.42697962913269466, 0.16295166588050305]], "ideal": "D", "sampled": "B", "correct": false}}
{"type": "result", "data": {"idx": 3, "options": ["result in lower domestic prices.", "sometimes raise and sometimes lower the amount of the product sold domestically.", "lower the amount of the product sold domestically.", "raise the amount of the product sold domestically."], "probs": [[0.14073226925121282, 0.1431641088830087, 0.5057917086038332, 0.21031191316194525], [0.18231139260295556, 0.1743140142543339, 0.2903255094151963, 0.3530490836275142], [0.20172204375815853, 0.21359807569033865, 0.3163577663039375, 0.2683221141475653], [0.21592301246771256, 0.21143861198088704, 0.2740296031282698, 0.29860877232313054], [0.19590277645433582, 0.1801434862519059, 0.30959172898962023, 0.31436200820413807], [0.12321961945299083, 0.1273313789090896, 0.559549582534571, 0.18989941900334859], [0.17141194810013974, 0.12264132941284193, 0.46140010648972224, 0.24454661589729604], [0.22781967775004283, 0.14387191616241002, 0.3228446494786259, 0.30546375650892127], [0.23044294459963544, 0.3694564456787268, 0.17599600814007102, 0.22410460148156675], [0.2219971749262121, 0.2684580723443103, 0.35657099417117366, 0.15297375845830394], [0.24567183823941166, 0.29703049639059076, 0.17347558874991803, 0.2838220765200795], [0.18698668478049565, 0.20582003889409847, 0.4656610190402717, 0.14153225718513418], [0.23917404171182174, 0.18373208019881063, 0.3133833454740087, 0.2637105325153589], [0.25271657859887486, 0.1896221694048018, 0.2679731329403509, 0.2896881189559724], [0.27009548363937963, 0.31421052299042734, 0.20303085164369478, 0.21266314162649821], [0.2326648692455759, 0.24253748399350678, 0.37066391877616706, 0.15413372788475027], [0.27678365337416294, 0.28207028749954155, 0.19398801604917945, 0.24715804297711605], [0.3046862366303836, 0.29391975959698224, 0.23268256975961882, 0.16871143391301532], [0.24231306438148012, 0.18475679111888557, 0.3077954443324403, 0.265134700067194], [0.24318670861693162, 0.18109188702244797, 0.35005902718889365, 0.22566237707172673], [0.25776866459904324, 0.2861073059467565, 0.20146678686312983, 0.2546572424910704], [0.22447590679809362, 0.20804204294734718, 0.41166052744679577, 0.15582152270776345], [0.2697544733873633, 0.3343191494356926, 0.18178914756430956, 0.21413722951263456], [0.2878657111773685, 0.3708959387272414, 0.1938890007192766, 0.14734934927611357]], "ideal": "C", "sampled": "C", "correct": true}}
{"type": "result", "data": {"idx": 4, "options": ["expansionary monetary policy.", "contractionary monetary policy.", "a depreciating dollar.", "fiscal policy designed to reduce the budget deficit."], "probs": [[0.4315051967739913, 0.3140765977474402, 0.11834326208923086, 0.13607494328933764], [0.4191553246052324, 0.3074796680786492, 0.14423961305604094, 0.12912539416007743], [0.351651007622318, 0.1612757867223309, 0.3097397638586403, 0.17733344169671078], [0.41513301175058054, 0.14941230860087168, 0.15575066671455068, 0.27970401283399704], [0.32701879680034807, 0.24364361852745184, 0.29261636367044547, 0.13672122090175456], [0.38499752256890907, 0.25708362840650034, 0.1378339996473344, 0.2200848492772562], [0.4774891902783585, 0.250183083075621, 0.13200663338712332, 0.14032109315889718], [0.43472382032838314, 0.2601831412164346, 0.17223406862885401, 0.1328589697263282], [0.4263680703919356, 0.16338269897802107, 0.2348011801842844, 0.17544805034575892], [0.518943042640233, 0.14655573048054282, 0.15885719112102228, 0.1756440356582018], [0.3739803246475892, 0.27650282608196247, 0.21580269083614878, 0.13371415833429956], [0.38668052033607586, 0.31898863199211325, 0.135201967631054, 0.15912887994075692], [0.26367411014781167, 0.2465369999162185, 0.31756064292593134, 0.17222824691003852], [0.3218766460803158, 0.24746834506883023, 0.18280675861139078, 0.2478482501394632], [0.2861920254213716, 0.2455530278801783, 0.2768710810135434, 0.1913838655849066], [0.3395847081798477, 0.2590495049694411, 0.19139438865655026, 0.20997139809416093], [0.28010648068806165, 0.1715621624482647, 0.29999184158436876, 0.2483395151793049], [0.24776449427862146, 0.15909075498344905, 0.3574161177901224, 0.2357286328478071], [0.26899733735915204, 0.31315746433646935, 0.2903687016320626, 0.12747649657231605], [0.34982686710097616, 0.3244850884875257, 0.1302937547688463, 0.19539428954265178], [0.2674516915656639, 0.41596926375181503, 0.19662069393423823, 0.11995835064828278], [0.2766847055379734, 0.4580048986514103, 0.12135923088408712, 0.1439511648265291], [0.3693837413006071, 0.16804699097243359, 0.23054697420237774, 0.23202229342458155], [0.3312722195543213, 0.15919916567401288, 0.282779787195952, 0.22674882747571382]], "ideal": "B", "sampled": "B", "correct": true}}
{"type": "result", "data": {"idx": 5, "options": ["nominal GDP falls.", "the nominal interest rate falls.", "bond prices fall.", "the supply of money falls."], "probs": [[0.3194683193840993, 0.24556100366044145, 0.1563017070137125, 0.27866896984174677], [0.33941128792247954, 0.2956383857754721, 0.2252866275126988, 0.1396636986893496], [0.2845057206390052, 0.11427007444147873, 0.30188044452806817, 0.2993437602914479], [0.3310507784296211, 0.1268653105539577, 0.2913108424355716, 0.25077306848084957], [0.34886623846084003, 0.22222033637535119, 0.27730174610367153, 0.15161167896013727], [0.3598458063288555, 0.20873824627880289, 0.15660957523777874, 0.2748063720545629], [0.5445768982346724, 0.12748304453473883, 0.11905795103881188, 0.20888210609177696], [0.6332896758492397, 0.1277603319827013, 0.13209384284803044, 0.10685614922002855], [0.4867966392207605, 0.14295653146371587, 0.1501520045019442, 0.22009482471357947], [0.5552840298197537, 0.13944685629962442, 0.1634552077434172, 0.14181390603720473], [0.6086959974312649, 0.1601852065205995, 0.11652934065479034, 0.11458945529334524], [0.6363657759712981, 0.14548014211302654, 0.10021151675929502, 0.11794256505638039], [0.19178419037786276, 0.13848171874822643, 0.3714285526585385, 0.29830553811537225], [0.22914377535506775, 0.15787902943340765, 0.3376358549744766, 0.275341340137048], [0.2576702419707191, 0.2837856582811262, 0.19372505571730086, 0.26481904393085387], [0.2717686552764108, 0.31370201236296846, 0.24658874797458086, 0.16794058428603986], [0.25246999417611493, 0.23597513840148857, 0.21515520556072187, 0.2963996617616746], [0.2595131993034249, 0.2369361966611437, 0.32462248202892385, 0.1789281219065075], [0.2995681717756608, 0.17922121017539586, 0.36897432250603335, 0.15223629544290995], [0.3582809971892478, 0.15082683117153467, 0.16593184069916803, 0.32496033084004955], [0.372122831776908, 0.2927377347213705, 0.1878833658576857, 0.14725606754403578], [0.41063183541959963, 0.2762574255190204, 0.14930666981634527, 0.1638040691450347], [0.37659774349135433, 0.1263442822074992, 0.20721845944294778, 0.2898395147581987], [0.3585829787876691, 0.1341910978151941, 0.31319693194471454, 0.1940289913524223]], "ideal": "B", "sampled": "B", "correct": true}}
{"type": "result", "data": {"idx": 6, "options": ["means that no inferior products will be produced.", "implies that the economy's output is distributed evenly.", "means that those who work hardest will get more.", "implies that resources are used to produce the goods and services society desires in just the right amounts."], "probs": [[0.03912726760169547, 0.021135046918550754, 0.04406143691649422, 0.8956762484632596], [0.046532439712523764, 0.02940252346319358, 0.8695216547325528, 0.05454338199172984], [0.0415294490916857, 0.022426732951194135, 0.05055510073292801, 0.8854887171241922], [0.04044621550388968, 0.02806743871328369, 0.8769157773007781, 0.05457056838204859], [0.06772712908347563, 0.822062496769458, 0.05896227783373088, 0.051248096213335495], [0.06639496307541246, 0.8381127552510165, 0.047546031205887816, 0.04794625036768323], [0.042438253281809564, 0.021532665695339404, 0.05126835348017035, 0.8847607274426806], [0.04803086855791754, 0.0333256638258535, 0.8563256996590803, 0.06231776785714861], [0.04450166762819354, 0.021713697269543676, 0.05546231309038505, 0.8783223219118778], [0.04504859265754811, 0.032248083259715135, 0.8686413888317226, 0.0540619351510142], [0.05900798169380262, 0.850304444263823, 0.04604015927675404, 0.0446474146656203], [0.05823795887351016, 0.8592901805198075, 0.04202828092642452, 0.04044357958025777], [0.041665155669089515, 0.025095657032972566, 0.051523090572862876, 0.881716096625075], [0.04463542052796774, 0.03170246861397985, 0.8675297110019471, 0.05613239975610528], [0.04400830731848988, 0.026305571293828774, 0.054428745258479135, 0.8752573760292022], [0.050058645560942056, 0.03814787232523276, 0.8521869365077246, 0.05960654550610057], [0.05792094901693894, 0.8480522284234343, 0.04736730261775913, 0.04665951984186759], [0.05988199702664668, 0.8301467391407346, 0.05861884047941485, 0.05135242325320388], [0.8668538718632498, 0.041499422851499476, 0.036651720996338094, 0.05499498418891262], [0.8545088402714275, 0.04155349015919604, 0.03698880955843679, 0.06694885991093968], [0.8808207412581646, 0.036353978849806616, 0.03312253542148794, 0.04970274437054086], [0.8762108143444943, 0.03532680759425407, 0.03373203677585441, 0.05473034118539716], [0.8701269820235841, 0.037345093574628556, 0.033759550011348255, 0.058768374290439095], [0.8669533746273891, 0.04023020626341551, 0.036943661797560284, 0.05587275721163513]], "ideal": "D", "sampled": "D", "correct": true}}
{"type": "result", "data": {"idx": 7, "options": ["production within a nation's borders.", "production by a nation's citizens wherever they may be.", "income earned by the factors of production plus depreciation and indirect business taxes.", "(A) and (C)"], "probs": [[0.4498710371007942, 0.14961774270362624, 0.13965606238459194, 0.2608551577109876], [0.6341494680996332, 0.12204513988000332, 0.11387707612727722, 0.12992831579308622], [0.5241677359774963, 0.1456841284518339, 0.10259309047153943, 0.22755504499913032], [0.5786666532176226, 0.15344276218561156, 0.13558693834917107, 0.1323036461475948], [0.5630861091970416, 0.12769788882939237, 0.1318834761214539, 0.17733252575211217], [0.2792293768727109, 0.12897424590749612, 0.43740156940320457, 0.1543948077165884], [0.15836581040025452, 0.5993759392720671, 0.11075919035514398, 0.13149905987253432], [0.14147229582209608, 0.6561755674617474, 0.11843241583478946, 0.08391972078136697], [0.13746138018083873, 0.09832561833415862, 0.520524088394178, 0.2436889129908247], [0.16775130483699074, 0.0972041531050225, 0.13401452304637748, 0.6010300189116092], [0.1301837356176249, 0.1114833603024746, 0.6140198432478287, 0.14431306073207184], [0.20188291218435364, 0.11166123216480073, 0.18565465369711467, 0.500801201853731], [0.5146255049973342, 0.12325550236826913, 0.09683671136235539, 0.26528228117204133], [0.561263195201311, 0.1464811094483118, 0.1513575739804906, 0.1408981212698866], [0.14610200336353535, 0.0489636497021209, 0.561713126626582, 0.24322122020776177], [0.1239322284033063, 0.037536539413278794, 0.07764354405255192, 0.760887688030863], [0.528134309960286, 0.16886761047645776, 0.14921387205481915, 0.15378420740843704], [0.2145285957302829, 0.08604487391245277, 0.09680929346267049, 0.6026172367945938], [0.26088099891673416, 0.32305472123209494, 0.19589998732336406, 0.22016429242780683], [0.19023130904982738, 0.22821329321566255, 0.40107285964405753, 0.18048253799045252], [0.15779383949233208, 0.14276950485379844, 0.5072320254305016, 0.19220463012336786], [0.20718808470084643, 0.15187659858138522, 0.20449109373431926, 0.4364442228834491], [0.24664909032579505, 0.2867185344982186, 0.25523679304982355, 0.21139558202616276], [0.1670798423376434, 0.11769339134460167, 0.1214735851119275, 0.5937531811058274]], "ideal": "D", "sampled": "A", "correct": false}}
{"type": "result", "data": {"idx": 8, "options": ["accounting cost", "switching cost", "inferior cost", "opportunity cost"], "probs": [[0.042110087365622315, 0.06850891120831636, 0.06298652572239759, 0.8263944756036637], [0.031129531508412595, 0.05561293691729639, 0.8810061269989221, 0.032251404475368874], [0.0363457470415275, 0.045339167958046406, 0.12940420450101553, 0.7889108803994106], [0.02512248107277509, 0.036626730997452735, 0.9051233152263046, 0.03312747260346753], [0.04268797962488968, 0.90984734106654, 0.020231856521084803, 0.027232822687485524], [0.04128755094622229, 0.9081188084199108, 0.02050790669067381, 0.030085733843193154], [0.03133245912253945, 0.027939965789541766, 0.05348562046265537, 0.8872419545252634], [0.024598703869621086, 0.030204390147521683, 0.9147082872704623, 0.030488618612394925], [0.028867753596090617, 0.027617581546009264, 0.03158099245162952, 0.9119336723062705], [0.028104408630378174, 0.03760608159205237, 0.9013118440806829, 0.03297766559688662], [0.0469126736492125, 0.9040260152337976, 0.01979734396200005, 0.029263967054989907], [0.0486360281250725, 0.9013652473193635, 0.019892441699674537, 0.03010628275588938], [0.028961199699325806, 0.03213878078764198, 0.13766518570049815, 0.8012348337125341], [0.021780670133266653, 0.028250637108907687, 0.917418439020122, 0.03255025363770362], [0.028263594972448024, 0.03338405271948476, 0.03848279016285448, 0.8998695620452127], [0.028986738640950003, 0.038190255066895516, 0.9008624426569486, 0.03196056353520585], [0.036172221197058, 0.9091634461570738, 0.02184913796818189, 0.03281519457768638], [0.0400268795292715, 0.908544273126815, 0.021331577815521408, 0.0300972694283921], [0.9760452604039652, 0.010200875287741933, 0.005604486624851319, 0.008149377583441511], [0.9764827265692342, 0.009587938331138319, 0.0055186443269922, 0.008410690672635312], [0.9752806405953306, 0.010765953899651865, 0.0058707324672752715, 0.008082672937742234], [0.9747077305904287, 0.011015121656883344, 0.006006672928903412, 0.008270474723784562], [0.9751133240007591, 0.010192750866683949, 0.00595888769787753, 0.00873503733467939], [0.9759865069750817, 0.010123761643191852, 0.005737603796435929, 0.008152127485290513]], "ideal": "D", "sampled": "D", "correct": true}}
{"type": "result", "data": {"idx": 9, "options": ["there is no cyclical unemployment.", "the inflation rate is zero.", "there is no structural unemployment.", "the nation is experiencing a recession."], "probs": [[0.3765195253633513, 0.16995468480743123, 0.24652014302947353, 0.2070056466997439], [0.3298634588388551, 0.16100305317222366, 0.2280159890423687, 0.28111749884655257], [0.39429417836141756, 0.21813218618435154, 0.18873118143475992, 0.19884245391947097], [0.38864334834737346, 0.2306217218612224, 0.19953146277561046, 0.18120346691579367], [0.3439180501367741, 0.1745744768418964, 0.21473008072121277, 0.26677739220011676], [0.3943648039900282, 0.17940418420428095, 0.23497194049392833, 0.19125907121176247], [0.23562609093696574, 0.28285156413237933, 0.26448227770296123, 0.2170400671276937], [0.2117633765022309, 0.2835895247588372, 0.23579294541174853, 0.26885415322718337], [0.23998587188683979, 0.2332479392242825, 0.29139605595827894, 0.23537013283059882], [0.2256514646081419, 0.20604709402786836, 0.23055758266997217, 0.33774385859401757], [0.18875714488334516, 0.15077192263758116, 0.3690823779220918, 0.2913885544569818], [0.23189781949433058, 0.17411440868595163, 0.2705883423801132, 0.3233994293396046], [0.3328906148537124, 0.25988807109880013, 0.2014849691717766, 0.20573634477571087], [0.3604335051608337, 0.25018874926697104, 0.2032996208747408, 0.18607812459745443], [0.25798903066271184, 0.16816451405532673, 0.3523562111661436, 0.22149024401581788], [0.2524290793477478, 0.14638733026652936, 0.22047952800928014, 0.3807040622764427], [0.34277073482598014, 0.1838061848810577, 0.26650090414595495, 0.20692217604700722], [0.2727985205734498, 0.15699314281233945, 0.2238349120319278, 0.346373424482283], [0.18889374184684649, 0.3353478162244867, 0.22042869533948067, 0.25532974648918616], [0.1967617810540794, 0.3230121933193194, 0.2748432375262541, 0.20538278800034707], [0.16427633164670408, 0.1583240032037721, 0.36401733752425197, 0.3133823275252719], [0.1966550411092512, 0.18095224285019818, 0.28342788141689157, 0.33896483452365905], [0.22124469607710762, 0.2698308567407735, 0.28148982345463003, 0.22743462362748884], [0.20870304105578985, 0.23171442744798945, 0.2269935309659939, 0.3325890004302268]], "ideal": "A", "sampled": "A", "correct": true}}
{"type": "result", "data": {"idx": 10, "options": ["pay that amount to its trading partners.", "have a positive value of equal magnitude on its capital account.", "depreciate its currency.", "appreciate its currency."], "probs": [[0.291280925825413, 0.42821754507197585, 0.1458914879003369, 0.13461004110227429], [0.28801096770316503, 0.4039504112175162, 0.1511802591759894, 0.15685836180332938], [0.3102094874997095, 0.2186288865977778, 0.27959004458358505, 0.1915715812189276], [0.3314345279432064, 0.1877177115406941, 0.22193200055323006, 0.25891575986286947], [0.31924326301939104, 0.19851830906561807, 0.2723765806654958, 0.20986184714949507], [0.2754535253612829, 0.1713036371013446, 0.31141392981511873, 0.24182890762225376], [0.5833157430747009, 0.164584148612197, 0.1325846641955858, 0.11951544401751625], [0.5544470548075313, 0.16784819958915695, 0.14171889422906847, 0.1359858512742432], [0.5979916675532775, 0.16610105952826087, 0.11624109431836985, 0.11966617850009173], [0.5524125118465012, 0.16855480997242298, 0.14459985474989748, 0.1344328233311783], [0.5856282158029679, 0.16140949844750088, 0.12118215202954168, 0.13178013361998953], [0.5341439564971812, 0.16947672779514747, 0.1547321173234296, 0.14164719828424177], [0.3484807221827548, 0.18244200540399066, 0.26221580873584055, 0.206861463577414], [0.3523231796914157, 0.16537972039386445, 0.24335392179669144, 0.2389431780180284], [0.3762289341346041, 0.2981464012882944, 0.14902623218336902, 0.17659843229373245], [0.36416752227978644, 0.26276207750679237, 0.20207247738225564, 0.17099792273116554], [0.3657537836369237, 0.29460686974045464, 0.13725093151757684, 0.20238841500504484], [0.40285402532363673, 0.28625693914411904, 0.146547079071649, 0.16434195636059523], [0.3415693538571754, 0.18170597605956554, 0.2377243417941924, 0.23900032818906664], [0.23072575030403772, 0.12856195865775996, 0.4201391636905148, 0.22057312724768754], [0.36292565406099114, 0.270235333866206, 0.1530715845829895, 0.21376742738981333], [0.3100344651606907, 0.22365674531269197, 0.279369933614812, 0.1869388558118053], [0.29615342614073376, 0.36380636688409057, 0.13931040464438652, 0.20072980223078915], [0.3181182884010674, 0.35295088673359226, 0.14736037613588884, 0.18157044862945151]], "ideal": "B", "sampled": "B", "correct": true}}
{"type": "result", "data": {"idx": 11, "options": ["The cash you receive from babysitting your neighbor\u2019s kids", "The sale of illegal drugs", "The sale of cucumbers to a pickle manufacturer", "The sale of a pound of tomatoes at a supermarket"], "probs": [[0.23006979090342902, 0.14527865593417114, 0.26137931963962246, 0.36327223342277737], [0.16818709781530913, 0.1203370964130521, 0.4771478976679515, 0.23432790800368722], [0.2692287386339821, 0.21161221911633837, 0.1854880236866963, 0.3336710184629832], [0.24200220043024048, 0.20890758618251173, 0.339773590236101, 0.20931662305114682], [0.2128496648583003, 0.41426113861025987, 0.16750815758681342, 0.20538103884462638], [0.22592356318614695, 0.413031477277318, 0.195277893312621, 0.16576706612391404], [0.31165758430392415, 0.1618540911323333, 0.23957000375602028, 0.28691832070772233], [0.23172223910938466, 0.13850783016649365, 0.3954765259150047, 0.23429340470911694], [0.3517110891033503, 0.2477496229199731, 0.15041567159555713, 0.25012361628111945], [0.33396284276053734, 0.23522787232306294, 0.2798805409443398, 0.15092874387205993], [0.2554502455359313, 0.4024903895665953, 0.15169927568550248, 0.19036008911197094], [0.30532833020827643, 0.3491832509531106, 0.19156312369686654, 0.15392529504174643], [0.34354418512723617, 0.1455854326341002, 0.19461975989779723, 0.31625062224086636], [0.303252018715513, 0.15261577421273204, 0.3446690779081222, 0.19946312906363278], [0.3557934343778077, 0.170869969378159, 0.1632333765626691, 0.3101032195813642], [0.24415269162651987, 0.14478004388702181, 0.4578547732182372, 0.1532124911682211], [0.3390854748335609, 0.33951504552761747, 0.15441583785729476, 0.16698364168152685], [0.33371379968167075, 0.3090013861347188, 0.1877016126921826, 0.1695832013914279], [0.5384198111423264, 0.11202633218974421, 0.15096933435469168, 0.19858452221323772], [0.5606548910918808, 0.11848967786042908, 0.1809826980569883, 0.13987273289070173], [0.5560504793564738, 0.13632285593576957, 0.1252721845978396, 0.18235448000991702], [0.5580092155078721, 0.13573520086443866, 0.16921277594681394, 0.13704280758087528], [0.595359691848819, 0.15417292942312796, 0.11837482627601066, 0.1320925523520424], [0.5602173125151266, 0.15084898245541284, 0.15346853204818903, 0.13546517288127147]], "ideal": "D", "sampled": "D", "correct": true}}
{"type": "result", "data": {"idx": 12, "options": ["5 percent decrease", "\u00bc percent increase", "3 percent increase", "5 percent increase"], "probs": [[0.23803015902968724, 0.24823548658074737, 0.27695861960038015, 0.23677573468918528], [0.23039446651982837, 0.23465925361308818, 0.33116151872908606, 0.20378476103799742], [0.25172090152784926, 0.2816765266125377, 0.2524781785283606, 0.21412439323125246], [0.25828784701625496, 0.25904431936534617, 0.3005816936192338, 0.18208613989916503], [0.25288219010930235, 0.2829742813713782, 0.26369956918998777, 0.20044395922933164], [0.25124421338840897, 0.2811770098944909, 0.2745790142354118, 0.19299976238168834], [0.22567743060716247, 0.25048908588765556, 0.3046023249321557, 0.2192311584730262], [0.2193023064201356, 0.24153132323880613, 0.31761600003714135, 0.2215503702039169], [0.2166311047770515, 0.2539944832967523, 0.29461474886802774, 0.23475966295816847], [0.2212194105216442, 0.2675686060711527, 0.26961814149225055, 0.24159384181495258], [0.20478397910907414, 0.23637913517345222, 0.3386643579064551, 0.22017252771101856], [0.23443330123365136, 0.2622488360664607, 0.2791475272153559, 0.22417033538453202], [0.2502331100119293, 0.3028404369224196, 0.23571847025602535, 0.21120798270962574], [0.2376721018661992, 0.2809911626148691, 0.2943902567570526, 0.18694647866187908], [0.23647044949059967, 0.2730548422220707, 0.272974018322559, 0.21750068986477059], [0.24682791915327024, 0.280552315063183, 0.25938640862852425, 0.21323335705502247], [0.24357533815414803, 0.2642773130909171, 0.30645817971827943, 0.18568916893665538], [0.2739746990812642, 0.27699400229935545, 0.2481650671784549, 0.20086623134092546], [0.24968698618299334, 0.2951251268091716, 0.26033338901777464, 0.19485449789006046], [0.2567847332580688, 0.2785409349141986, 0.28507509399968084, 0.17959923772805172], [0.22356954547865981, 0.27694994621114977, 0.29705355011016216, 0.20242695810002825], [0.23672734198587164, 0.30251431462123785, 0.2546499669297199, 0.2061083763631706], [0.26384746632548994, 0.2730824906391633, 0.2883615748540053, 0.17470846808134144], [0.2665402412091494, 0.28908259965938027, 0.25500617568652645, 0.18937098334494387]], "ideal": "D", "sampled": "D", "correct": true}}
{"type": "result", "data": {"idx": 13, "options": ["more effective in X because the policy will increase net exports.", "more effective in X because the policy will decrease net exports.", "equally effective in X and Y.", "less effective in X because the policy will decrease net exports."], "probs": [[0.47730396750850873, 0.22926522105829394, 0.1565485698856753, 0.13688224144752198], [0.4469201133126101, 0.2303329190282289, 0.20042998489431987, 0.1223169826648411], [0.42175596481850003, 0.20892631760691388, 0.23545271069155255, 0.13386500678303354], [0.37951905097025845, 0.20489305561062757, 0.2679427603802774, 0.14764513293883655], [0.4002416580425185, 0.23015645776784868, 0.24738692313242713, 0.1222149609572057], [0.4408824311983053, 0.2496155425771143, 0.16390758262701138, 0.14559444349756903], [0.42731902202557653, 0.2720800542618986, 0.14921202875761388, 0.15138889485491097], [0.4227562984864739, 0.2608263991204444, 0.20340167716340424, 0.11301562512967739], [0.3502374589092969, 0.18324804304197792, 0.33553212877732935, 0.13098236917139577], [0.34616779761775, 0.1854341151315191, 0.3239497195761843, 0.14444836757454657], [0.4032050192908075, 0.25072032957908663, 0.23043405204000603, 0.11564059899009983], [0.40079108479703734, 0.27591874679417644, 0.16110217519897094, 0.16218799310981533], [0.22715733266116542, 0.46746458205481967, 0.1873548272853051, 0.11802325789870982], [0.22104909025682948, 0.43744335598847717, 0.2018545328539875, 0.13965302080070588], [0.206684753278091, 0.39641639586299204, 0.26426628229359594, 0.13263256846532104], [0.22068283288481616, 0.38228682249369234, 0.25092825664943913, 0.1461020878720524], [0.2153879415317515, 0.3141180808616041, 0.3222106636895388, 0.14828331381710555], [0.21201173100770526, 0.3643734861359254, 0.275373884274062, 0.14824089848230734], [0.3524857470238641, 0.2707161383218243, 0.26488772841304337, 0.11191038614126829], [0.4050072253837659, 0.2991979509053829, 0.15779166392273317, 0.13800315968811805], [0.3922513804883006, 0.28972992124110675, 0.20726511397707922, 0.11075358419351343], [0.4453869892326748, 0.272669770471896, 0.14380141029712237, 0.1381418298983068], [0.3193326294102817, 0.1764768808903647, 0.3809576332188165, 0.12323285638053713], [0.33884761238952943, 0.17315517622222232, 0.35929230387331745, 0.12870490741493082]], "ideal": "D", "sampled": "A", "correct": false}}
{"type": "result", "data": {"idx": 14, "options": ["Unemployment falls with little inflation.", "Unemployment rises with little inflation.", "Unemployment falls with rampant inflation.", "Unemployment rises with rampant inflation."], "probs": [[0.6375845074016041, 0.14675837753735663, 0.12090477346164914, 0.09475234149939012], [0.6273744748454839, 0.1537447136020749, 0.11805052397002337, 0.10083028748241787], [0.6328311514755721, 0.14566483983680664, 0.12672769927659178, 0.0947763093110295], [0.6171109217632565, 0.1512235734734016, 0.12358876592746017, 0.10807673873588171], [0.5761136116464646, 0.16122894828348353, 0.15774156974311035, 0.10491587022694152], [0.5862801757804411, 0.15779516334438648, 0.15080815776878748, 0.10511650300638493], [0.4578556026591985, 0.3004491761227138, 0.13035506591484547, 0.11134015520324222], [0.4894314547375472, 0.28784784265094016, 0.12011783897729124, 0.10260286353422142], [0.2867618372707078, 0.16991751624803475, 0.4318633780108643, 0.11145726837039319], [0.4390345447960368, 0.22963778330119167, 0.18191905046791004, 0.14940862133486144], [0.4685306390213523, 0.14511011971900495, 0.2759652815770893, 0.11039395958255348], [0.4073095801352759, 0.1793797096153398, 0.20676589934393935, 0.20654481080544493], [0.2299550759535596, 0.54388085263779, 0.1353697559322502, 0.09079431537640022], [0.23940005004246961, 0.5319483677530175, 0.13034019877426034, 0.09831138333025255], [0.2261334640594678, 0.20435868049337316, 0.4691261613710026, 0.10038169397615646], [0.27826417318971375, 0.33865884952314196, 0.2206310248342368, 0.16244595235290749], [0.24354698487310936, 0.13986811457272752, 0.48201180936081545, 0.13457309109334764], [0.29147184326523257, 0.22013919381293454, 0.2765927057674009, 0.21179625705443197], [0.14642165927067205, 0.657540097562931, 0.12061937421738503, 0.07541886884901189], [0.1459887601886917, 0.6207316424712941, 0.14397322915584718, 0.08930636808416705], [0.17592325280566354, 0.32386886105073737, 0.37926452217885487, 0.12094336386474423], [0.19301682708717416, 0.3903789519873293, 0.23511423168215417, 0.18148998914334238], [0.14668544251134755, 0.1675852735122183, 0.5467433006965766, 0.13898598317985755], [0.2121389923458899, 0.24240511292171676, 0.35063480804878655, 0.19482108658360678]], "ideal": "A", "sampled": "A", "correct": true}}
{"type": "result", "data": {"idx": 15, "options": ["70%.", "30%.", "40%.", "90%."], "probs": [[0.3468922066139997, 0.2643929483274817, 0.21781216102339807, 0.1709026839351205], [0.33972766485799044, 0.26303261123898936, 0.2218345519405118, 0.17540517186250842], [0.334490885269247, 0.2509975954341947, 0.24181074671083305, 0.17270077248572527], [0.3244671772920394, 0.2551581225265494, 0.236371662647159, 0.1840030374342522], [0.32809077665450165, 0.2404746258301244, 0.2646767952580894, 0.16675780215728456], [0.32472051715343125, 0.245569441641028, 0.24409792223674237, 0.18561211886879833], [0.32228323333790837, 0.2594273647491879, 0.25191807368980845, 0.1663713281230952], [0.32392202272403636, 0.2607983467078932, 0.22868531472267603, 0.18659431574539442], [0.3210126565962299, 0.2504661529727956, 0.2588753843718943, 0.1696458059590802], [0.30423409910532717, 0.23372033333108122, 0.2472584845022371, 0.2147870829613545], [0.30077787782555276, 0.2383731567863695, 0.27927702246381014, 0.18157194282426758], [0.3180175829797311, 0.2349190720729112, 0.2667091925646867, 0.18035415228267096], [0.3150496874449419, 0.2637225169789079, 0.25210467729743585, 0.16912311817871437], [0.30755590931147514, 0.2615375479565159, 0.2347961628977678, 0.19611037973424114], [0.32635231281618515, 0.25464029255825305, 0.2492035887530206, 0.1698038057725412], [0.3015692739909538, 0.2409036981549252, 0.24128774577089032, 0.2162392819832307], [0.2905411253820894, 0.24511256417174293, 0.28052286564835965, 0.18382344469780795], [0.32174662711224034, 0.247136033961379, 0.2514936402633717, 0.17962369856300894], [0.3190635442414701, 0.27562764284238656, 0.2379740923405138, 0.1673347204756295], [0.3154902990957242, 0.27253537417721624, 0.23164931173163633, 0.18032501489542327], [0.3179563032958289, 0.25798523807904017, 0.240894112576209, 0.1831643459489219], [0.3454407103693646, 0.2551903984412111, 0.22378879449828543, 0.1755800965911389], [0.31756811384458256, 0.26174094490351674, 0.24058095391427844, 0.18010998723762225], [0.33161653088492804, 0.2547538426410408, 0.23971316277293356, 0.17391646360109764]], "ideal": "B", "sampled": "A", "correct": false}}
{"type": "result", "data": {"idx": 16, "options": ["prevent inflation.", "prevent recessions from occurring.", "prevent inflation and recessions from occurring.", "are government policies already in place that promote deficit spending during recessions and surplus budgets during expansions."], "probs": [[0.12009680240722378, 0.06743068649277428, 0.10869664600576659, 0.7037758649942353], [0.054190708970282504, 0.059102235897630716, 0.7936941803117444, 0.0930128747203423], [0.1141244579476571, 0.07038504094329083, 0.10910093363329326, 0.7063895673757588], [0.058841254556255385, 0.056648019695577645, 0.8033801912458033, 0.08113053440236363], [0.09176951037576281, 0.7525659314917854, 0.07329715151794645, 0.08236740651450528], [0.08455254818731998, 0.7738366664631446, 0.06806121715177059, 0.07354956809776475], [0.1063258816628726, 0.045771700246743215, 0.09037976134372015, 0.7575226566466641], [0.04554247195456117, 0.04522566208583971, 0.8428982056374276, 0.0663336602221715], [0.08587128540206615, 0.0406029292810647, 0.06911659137039744, 0.8044091938464717], [0.07656964662348399, 0.07487154026079973, 0.7650184485650976, 0.08354036445061865], [0.08435478859368813, 0.7962903323033357, 0.0599246385695389, 0.05943024043343735], [0.08097002331691534, 0.8075492206365302, 0.06074959728443484, 0.05073115866211957], [0.09670493955474348, 0.04717628021199039, 0.09916844408888856, 0.7569503360443776], [0.043448364761139446, 0.043156078469107434, 0.8433424077337809, 0.0700531489359722], [0.09034746408594574, 0.04878356452643496, 0.07801927857868342, 0.7828496927089359], [0.07193679254621935, 0.07546192294406386, 0.753379691266484, 0.0992215931432328], [0.09381328522220894, 0.7174349426505771, 0.09256625919608472, 0.09618551283112928], [0.0863613878035921, 0.7424786256065257, 0.08928544272972613, 0.08187454376015611], [0.4941659937428486, 0.12693020155726661, 0.13969608690653668, 0.23920771769334812], [0.5299171410032821, 0.13092117524915228, 0.14406705317941185, 0.1950946304681538], [0.42265109483101704, 0.13409868281032808, 0.154649441067294, 0.2886007811913609], [0.49719245735225803, 0.15289546092127285, 0.16826530787855648, 0.18164677374791266], [0.49410861725634475, 0.13938853143251806, 0.15708290038922182, 0.20941995082191536], [0.4777234396466334, 0.1468974653973646, 0.17760430637059008, 0.19777478848541194]], "ideal": "D", "sampled": "D", "correct": true}}
