{"type": "result", "data": {"idx": 0, "options": ["too much curvature of the cornea and lens", "too little curvature of the cornea and lens", "too much curvature of the iris and lens", "too little curvature of the iris and lens"], "probs": [[0.5543611173007104, 0.30890149565457165, 0.060891614719164155, 0.07584577222555378], [0.5602223580399477, 0.3121929303590901, 0.05781884189316686, 0.06976586960779527], [0.24916601369152705, 0.07960454703643721, 0.5611641709828301, 0.11006526818920562], [0.283860153315742, 0.08265476857762734, 0.12438302018850758, 0.5091020578181231], [0.5385986841021596, 0.12990907549100955, 0.21190487073299955, 0.11958736957383133], [0.450445485768597, 0.12612964386114556, 0.12654167582629713, 0.29688319444396033], [0.7457094719576183, 0.14557836488664558, 0.0459104995096739, 0.06280166354606222], [0.7528388787007461, 0.14132648125892505, 0.046713510471945364, 0.05912112946838347], [0.6253656930705105, 0.08861682827232717, 0.1898859050646053, 0.09613157349255709], [0.5903108583475978, 0.10017989350941574, 0.09817101585991177, 0.21133823218307474], [0.6780894438320022, 0.07194655543284297, 0.17605313704201986, 0.07391086359313492], [0.18325000726461743, 0.052930913071541096, 0.07304643730019564, 0.6907726422636459], [0.051796297890025045, 0.2186054711726138, 0.5880939298120577, 0.14150430102530354], [0.1023689173942105, 0.47204374040576097, 0.15185398427569696, 0.27373335782433156], [0.10465127228644039, 0.634627699788527, 0.15398214755902653, 0.1067388802660061], [0.09895831795661547, 0.6640885273719777, 0.11424550817522847, 0.12270764639617845], [0.13786832113086797, 0.29509432439957006, 0.24700519054171366, 0.3200321638278483], [0.13131294360558687, 0.32359043811957044, 0.2427237037938281, 0.3023729143810146], [0.16568119575391616, 0.4523420266005748, 0.24608836698919775, 0.13588841055631126], [0.16980770228595196, 0.4859892427435306, 0.15520754454968005, 0.1889955103208374], [0.11699326200323237, 0.46145587581394293, 0.26929618329896665, 0.152254678783858], [0.11037319733032734, 0.34950309467541324, 0.12649102319270536, 0.41363268470155407], [0.14053541396267386, 0.14521963917557779, 0.25758328737846614, 0.45666165938328224], [0.17158679406734864, 0.1933058173268576, 0.3224790941977022, 0.3126282943080916]], "ideal": "A", "sampled": "B", "correct": false}}
{"type": "result", "data": {"idx": 1, "options": ["OCD.", "schizophrenia.", "conversion disorder.", "antisocial personality disorder."], "probs": [[0.08708015568934833, 0.7978630423384837, 0.03672745714036542, 0.07832934473180252], [0.08426177406665979, 0.8087541965843275, 0.043185773749960285, 0.06379825549905249], [0.06080968936651649, 0.05283489724400355, 0.7520151593526357, 0.13434025393684418], [0.039337949792550515, 0.02405452281249995, 0.04907304649090687, 0.8875344808040426], [0.05393991498244022, 0.05478690441626272, 0.8106660064840422, 0.08060717401725491], [0.046384121969044505, 0.03264239150415643, 0.032227539486816115, 0.888745946939983], [0.8452747276644457, 0.03683677121210544, 0.04028269098175188, 0.077605810041697], [0.857832996910325, 0.03651738288877975, 0.04384983105015529, 0.06179978905073991], [0.821967736213558, 0.049726889458669724, 0.040744242081893575, 0.08756113214587871], [0.8206209967533706, 0.055384452543763896, 0.04983260741948642, 0.074161943183379], [0.8710782405815986, 0.04402716253591522, 0.030370384459970288, 0.05452421232251593], [0.87170374337614, 0.04337537734356214, 0.029926191812612586, 0.05499468736768526], [0.05697712289944895, 0.04686233697608776, 0.7382367124043674, 0.15792382762009588], [0.037411720114360066, 0.02341165428242894, 0.0477705530442293, 0.8914060724589816], [0.11563056693455466, 0.6891308862594007, 0.05619008076832828, 0.1390484659377164], [0.11274285434421445, 0.698581995861395, 0.07722976170060084, 0.11144538799378974], [0.04395004255006071, 0.030921970673565325, 0.03541811842036054, 0.8897098682560134], [0.0527989150590671, 0.04768910950292843, 0.7997571139755113, 0.09975486136249319], [0.10310765946210022, 0.05919365496052955, 0.7435055859611158, 0.09419309951625439], [0.08132780190996029, 0.02768164821285265, 0.03706271504495863, 0.8539278347322284], [0.17906024494035847, 0.7047962913223685, 0.04689530527321785, 0.06924815836405512], [0.17210070338351757, 0.7155660203539935, 0.04202910030137035, 0.07030417586111856], [0.09692037547643269, 0.038562465014507476, 0.03961322400775978, 0.8249039354013], [0.09208244211988234, 0.07225049546938994, 0.7241620531143396, 0.11150500919638814]], "ideal": "B", "sampled": "B", "correct": true}}
{"type": "result", "data": {"idx": 2, "options": ["Homeostatic regulation", "Goal-setting", "Expectancy-value", "Hierarchy of needs"], "probs": [[0.03592567517994205, 0.03739989548547586, 0.05745506658575573, 0.8692193626488264], [0.03314764951711825, 0.04646540649075167, 0.9005195916903085, 0.019867352201821627], [0.035365169750798967, 0.0354043039231936, 0.05313605517719989, 0.8760944710488076], [0.026785940660919064, 0.04708298886659167, 0.9052033603921544, 0.020927709980334813], [0.07455665858373052, 0.8715706427297062, 0.02859962178214959, 0.025273076804413673], [0.06440190706346276, 0.8797906871836101, 0.03146475051732033, 0.024342655135606787], [0.02743732074291777, 0.03391791229499081, 0.058572029462896066, 0.8800727373991953], [0.02912931935987802, 0.047006102608722115, 0.9040726604072439, 0.019791917524155933], [0.03010444264285561, 0.039003576062351365, 0.05899448538368561, 0.8718974958111074], [0.02719498974112794, 0.04893470164295926, 0.8976421321863755, 0.026228176329537355], [0.05657667462190493, 0.8969790009847056, 0.02537542843193658, 0.02106889586145283], [0.05160648192596853, 0.8908534329868061, 0.030883493668503268, 0.026656591318722164], [0.032906506942792665, 0.03732856446120648, 0.055152696853264, 0.8746122316427368], [0.026192987326397174, 0.04787976633172593, 0.9063922211420589, 0.019535025099817988], [0.03145109894526702, 0.03681287516444337, 0.062611468816499, 0.8691245569737907], [0.029241914623975893, 0.047913741784865994, 0.8996395063302625, 0.023204837160895664], [0.052512212400321466, 0.8993681507842382, 0.025451426692997443, 0.02266821002244292], [0.054385661746661595, 0.8887989453977443, 0.028275869539840463, 0.02853952321575371], [0.9302796782938461, 0.02973812842453332, 0.019525827357420984, 0.020456365824199577], [0.9354402547569798, 0.026600108072848988, 0.017873608537862053, 0.020086028532309213], [0.9212769055055882, 0.03259390565772122, 0.023878815322761402, 0.022250373413929207], [0.9021465164598448, 0.03788939110948972, 0.027532493641580207, 0.03243159868908532], [0.9342408392514007, 0.028496141306227102, 0.018562491220661677, 0.018700528121710577], [0.9160222409107592, 0.03530810915365925, 0.02281921394188407, 0.025850435893697496]], "ideal": "D", "sampled": "D", "correct": true}}
{"type": "result", "data": {"idx": 3, "options": ["measures what it purports to measure", "yields consistent results on successive administrations", "has been piloted and statistically analyzed", "includes norms based on a representative sample of the general population"], "probs": [[0.92411574421858, 0.019515813567027068, 0.024888209115318676, 0.03148023299907426], [0.9268510116286146, 0.018681535043077707, 0.023633095792496506, 0.03083435743581121], [0.9272995063279085, 0.019582945997417778, 0.02458420600186469, 0.028533341572809023], [0.9291867068739138, 0.019318232418815712, 0.02443318827448006, 0.02706187233279039], [0.9229991119790851, 0.019802218319568802, 0.026251618447570443, 0.030947051153775586], [0.9203381931751373, 0.020688132335834872, 0.027635726396251517, 0.03133794799277626], [0.05657968057838654, 0.862481909529916, 0.04248060665426489, 0.03845780313743253], [0.056134572057313196, 0.8620938914776202, 0.04084673272698146, 0.04092480363808521], [0.03188356562479443, 0.035350324695206964, 0.8875675100448995, 0.045198599535099054], [0.038324385377898396, 0.029674453270967478, 0.07342255019042698, 0.8585786110607071], [0.02543997833593858, 0.031464084954204684, 0.8949518924113951, 0.04814404419846173], [0.035191919519988464, 0.02703879018215609, 0.08521968093697996, 0.8525496092608755], [0.05319338453856663, 0.8697665611667541, 0.043861497875612394, 0.03317855631906685], [0.053478711742592694, 0.8672247158262641, 0.04408060873814293, 0.03521596359300026], [0.032385901095994755, 0.04068230897798083, 0.880666984241559, 0.04626480558446538], [0.03783905638650174, 0.030704496343431417, 0.07716971146331503, 0.8542867357067518], [0.027186702326498922, 0.03750685518217106, 0.8913060226598309, 0.04400041973149908], [0.03661266055014474, 0.03162494054074333, 0.07237029998854184, 0.8593920988205701], [0.046125977656291325, 0.8677975322371979, 0.04551035486541491, 0.040566135141095826], [0.04588802565091943, 0.8699305121470579, 0.045977194200158854, 0.038204267901863896], [0.026400038428944044, 0.03641812428356232, 0.8860382851325163, 0.05114355205497738], [0.03523552947446893, 0.02793019016985795, 0.08334716781202212, 0.8534871124436509], [0.027911705278572493, 0.037911178372489175, 0.8868228592651667, 0.04735425698377165], [0.0382781121930369, 0.035742281132902565, 0.06887647920383841, 0.8571031273702221]], "ideal": "A", "sampled": "A", "correct": true}}
{"type": "result", "data": {"idx": 4, "options": ["the provision of a free, appropriate public education for students with disabilities", "the provision of bilingual education for English-language learners", "schools being held responsible for providing tests that do not discriminate on the basis of race", "the assignment of similar funding to athletic activities for boys and girls"], "probs": [[0.8308731223831961, 0.058311074314644565, 0.04810156246425247, 0.06271424073790687], [0.800061127460483, 0.06934071740772323, 0.057203405554667804, 0.073394749477126], [0.8089318522377955, 0.06688602965702628, 0.05391450043081774, 0.07026761757436044], [0.7632528174129655, 0.07494779898811328, 0.06382240544582167, 0.09797697805309957], [0.8029361161415957, 0.06958863248883511, 0.056085463051925404, 0.07138978821764386], [0.7852043146660806, 0.0696728995275234, 0.05616709756787515, 0.08895568813852078], [0.29005474236197804, 0.5310016395215194, 0.08672384141497251, 0.09221977660153008], [0.27543172442715574, 0.5162611045638619, 0.09407977828992203, 0.11422739261906041], [0.21858811376293122, 0.09863269328084717, 0.5807814597502715, 0.10199773310595013], [0.17319943595885712, 0.056734760121220335, 0.06968074672892342, 0.7003850570909991], [0.22137932636456162, 0.09384385449572648, 0.5611664474318372, 0.12361037160787468], [0.2349759340051279, 0.06793080269611067, 0.0888341814190722, 0.6082590817796892], [0.3428045017020178, 0.4345275888761746, 0.11536116495651236, 0.10730674436529525], [0.2784438770499121, 0.4499791331136133, 0.11487148872167764, 0.1567055010147969], [0.12920090169804013, 0.07970688998775655, 0.7040676264038657, 0.08702458181033766], [0.15720237672841317, 0.054812922659899226, 0.07336977813873789, 0.7146149223729497], [0.2028830886973104, 0.1078797179894922, 0.4871038117713114, 0.20213338144188597], [0.10223105451160551, 0.03884562723090093, 0.055761050233397745, 0.8031622679240958], [0.44038304682142493, 0.2803326546865511, 0.13707134126246168, 0.14221295712956228], [0.39141087553726933, 0.2983772665447457, 0.1359857727157454, 0.17422608510223953], [0.14914547127700706, 0.08056865006726925, 0.6582315661581494, 0.11205431239757431], [0.18419726210607312, 0.06680451880360448, 0.08667248451884114, 0.6623257344714812], [0.26495472383694896, 0.13870074266896665, 0.38587946845843407, 0.21046506493565026], [0.10872076369687923, 0.040677886149109485, 0.0480364967235831, 0.8025648533304282]], "ideal": "C", "sampled": "A", "correct": false}}
{"type": "result", "data": {"idx": 5, "options": ["0%", "25%", "50%", "75%"], "probs": [[0.23225657293475835, 0.27235948630888374, 0.26238354646944445, 0.23300039418691346], [0.1786670588871107, 0.22298102743127426, 0.2551657633277645, 0.34318615025385046], [0.23822942373754485, 0.2793875336367646, 0.245144277786536, 0.23723876473915453], [0.2630759336134532, 0.2831145395421715, 0.2332730730105463, 0.22053645373382896], [0.19862971901949197, 0.2598504087091351, 0.26456161936615313, 0.27695825280521974], [0.18631724733758567, 0.27198323199438335, 0.32643919693485063, 0.2152603236331804], [0.25444719571977303, 0.2781140547431657, 0.27017948431322486, 0.1972592651238364], [0.21235556898377694, 0.22664616999743883, 0.3058556317977225, 0.25514262912106167], [0.24918478729707896, 0.3112454824586114, 0.23706777468529294, 0.20250195545901672], [0.23975431855631338, 0.31127198402582146, 0.23336902159318287, 0.21560467572468228], [0.23437130448858678, 0.26434642073848846, 0.24487212297851876, 0.25641015169440595], [0.18368755005418871, 0.2309992874778882, 0.406684332945741, 0.17862882942218203], [0.3405938839217838, 0.25375397478463035, 0.21251392585811227, 0.19313821533547357], [0.3842948434012515, 0.24292323352833098, 0.2083069265918285, 0.16447499637858903], [0.3669494633464214, 0.23017835271771173, 0.2133790818630003, 0.18949310197286653], [0.3562239918486087, 0.24538467794495766, 0.22564934046690246, 0.17274198963953116], [0.3476658955564359, 0.25701912469024846, 0.21856527867023165, 0.176749700983084], [0.32387994666913544, 0.2670884887361758, 0.22536133080620988, 0.18367023368847885], [0.27213074132279746, 0.23338453568362652, 0.27153624463130194, 0.22294847826227404], [0.2836601435854493, 0.2510103583084866, 0.2830266356185174, 0.1823028623875467], [0.2725705544761027, 0.21282841580212336, 0.2634806970017032, 0.2511203326200708], [0.2276831485903016, 0.212713367104519, 0.3716763964423316, 0.1879270877628478], [0.2906713826763737, 0.29387301641554936, 0.225696984293794, 0.18975861651428294], [0.2782208621223702, 0.29940319058285264, 0.23353843388606235, 0.18883751330871482]], "ideal": "A", "sampled": "C", "correct": false}}
{"type": "result", "data": {"idx": 6, "options": ["variance", "mean", "range", "median"], "probs": [[0.8368895777471037, 0.08544146536322113, 0.04337196554339029, 0.03429699124628484], [0.8337602179682846, 0.08920382987242875, 0.04287214725702665, 0.03416380480226001], [0.8336932807648907, 0.08248620471900214, 0.04857253717048851, 0.03524797724561868], [0.8620106466584889, 0.06695207404068537, 0.033722442601625, 0.037314836599200714], [0.7956945776785256, 0.08578689267691078, 0.08010118334533671, 0.038417346199226966], [0.8283390494539647, 0.07011246013810975, 0.050975386617920546, 0.05057310369000491], [0.05434192732807951, 0.8662958770621343, 0.038583053685629226, 0.04077914182415693], [0.05896292252856323, 0.8626127887980156, 0.03782156987494993, 0.04060271869847127], [0.043910542071140174, 0.08470683847304593, 0.8116963677647041, 0.05968625159110981], [0.08097690644709526, 0.09777038907661806, 0.17570970115207263, 0.6455430032242141], [0.07087458933458987, 0.15019368193263222, 0.6905060070996152, 0.08842572153316272], [0.10389768611803198, 0.27209069105836686, 0.11790485151848494, 0.5061067712051163], [0.05643050567101262, 0.8322026373711673, 0.05696442923139953, 0.05440242762642053], [0.05010400897866093, 0.8503819386413446, 0.03939477579666207, 0.06011927648333244], [0.03799243756726253, 0.09863023752866057, 0.80203547475768, 0.06134185004639688], [0.055372006773090385, 0.09729012773487021, 0.41965546887153393, 0.42768239652050544], [0.03540591245712868, 0.06672401203589379, 0.8209304166526518, 0.07693965875432578], [0.051429868505667574, 0.07729317362270456, 0.4416516190571747, 0.42962533871445313], [0.07221320324572901, 0.7853226719407905, 0.08006234525880043, 0.06240177945468006], [0.0562344052315086, 0.822793202321263, 0.04970935844903665, 0.0712630338981918], [0.05851495570554819, 0.14610471591928623, 0.7262573024187494, 0.06912302585641614], [0.08740966346766893, 0.3279634239928072, 0.09842623390860941, 0.4862006785309145], [0.044873916825975003, 0.0706615929982785, 0.7854016579609072, 0.09906283211483925], [0.06035736212303844, 0.0782023121690008, 0.4165043200157322, 0.4449360055922286]], "ideal": "A", "sampled": "A", "correct": true}}
{"type": "result", "data": {"idx": 7, "options": ["They need provide supervision only to school psychologists who are not fully certified or licensed and to any school psychology interns.", "They should provide professional but not administrative supervision.", "They are eligible to serve as supervisors after one year of experience as a school psychologist.", "They should hold the Nationally Certified School Psychologist credential or the state school psychologist credential."], "probs": [[0.18684441504199598, 0.25626583739344355, 0.21942006558578164, 0.33746968187877885], [0.18976139095797115, 0.28146527053477854, 0.2447824103820639, 0.28399092802518644], [0.19287423447076352, 0.18454104269930327, 0.24878382673063498, 0.3738008959992982], [0.17544053754602634, 0.1772935416713915, 0.3564899020507565, 0.2907760186318257], [0.1901166765219096, 0.28422216001622047, 0.243312913800479, 0.28234824956139093], [0.19557008695122838, 0.2789394550130405, 0.23506971663103238, 0.2904207413046987], [0.22278503569654673, 0.15225273498090863, 0.22897520101982605, 0.3959870282027186], [0.25641198874025334, 0.18656211989460292, 0.2720610105764759, 0.2849648806886678], [0.27359890527375047, 0.1702699635712411, 0.1947820604430255, 0.3613490706119829], [0.30009703186567394, 0.1942034003333289, 0.2519711368415126, 0.25372843085948454], [0.28963981370591674, 0.24074330509624353, 0.1921627905249415, 0.2774540905728982], [0.30533850644960125, 0.23470229257832814, 0.21745981597901087, 0.24249938489305972], [0.1772765639652871, 0.16437545172157053, 0.2869095163220922, 0.3714384678910501], [0.17342266438657314, 0.15956354139639717, 0.3361123501918374, 0.33090144392519233], [0.1862470860964699, 0.25537190599784315, 0.17424515407265675, 0.38413585373303016], [0.17985238401063405, 0.3118861959843809, 0.24324003222000115, 0.2650213876849839], [0.19383573530166134, 0.29670390483750186, 0.18567970393231398, 0.32378065582852283], [0.18111860750294526, 0.297368884056872, 0.2628047764038495, 0.25870773193633323], [0.31049661899988434, 0.19937668144566778, 0.23169497452758508, 0.2584317249268628], [0.3000721975871689, 0.19726865285552747, 0.23465907921022636, 0.2680000702470772], [0.31870352138095054, 0.23933187061133018, 0.1808526474564807, 0.2611119604512386], [0.30912645510481757, 0.25298334673398204, 0.20360727329645614, 0.23428292476474424], [0.28431047700843115, 0.20371904691322226, 0.2055808875105369, 0.30638958846780967], [0.2690601348607893, 0.20040848849199833, 0.2747072577201794, 0.25582411882703293]], "ideal": "D", "sampled": "D", "correct": true}}
{"type": "result", "data": {"idx": 8, "options": ["at the beginning of the list", "in the middle of the list", "at the end of the list", "distributed throughout the list"], "probs": [[0.1427173848582817, 0.10868870725042344, 0.5466211789320133, 0.2019727288592815], [0.16814981775129276, 0.10371852896931395, 0.14211909789182098, 0.5860125552875722], [0.23070754223498074, 0.21220411583422807, 0.30257354360335004, 0.2545147982274411], [0.2072979422391166, 0.20458017897289163, 0.28955415751286073, 0.29856772117513103], [0.12252234301169336, 0.07043871072903085, 0.11913824470227938, 0.6879007014569964], [0.1398980904983299, 0.10495266984133929, 0.48830848563564977, 0.26684075392468104], [0.1570113850373558, 0.1573040587356125, 0.4833131288011414, 0.20237142732589028], [0.15227882577725807, 0.11243682009586868, 0.11448463432612395, 0.6207997197007493], [0.2685180564177029, 0.22667008298350513, 0.3013445391749318, 0.20346732132386017], [0.2881957292268567, 0.23404769597097236, 0.25580871102636005, 0.22194786367581087], [0.08804519736021062, 0.05472728772591512, 0.12651233750843502, 0.7307151773054392], [0.1711200275512275, 0.10316811193483214, 0.3191298747002871, 0.4065819857136533], [0.22899227183245913, 0.19175878450977674, 0.3123505757786993, 0.26689836777906484], [0.21215040347390585, 0.1804823374424, 0.25536050628968016, 0.352006752694014], [0.2501761577747008, 0.15432277090313415, 0.4216796394510644, 0.17382143177110065], [0.29006275099502016, 0.16173097248649104, 0.20999116880595095, 0.33821510761253787], [0.19044147146166113, 0.13216030399430964, 0.3875728787455881, 0.2898253456984411], [0.24081926458963893, 0.1290881426910948, 0.14442261406426063, 0.4856699785550056], [0.11518127583166078, 0.09945765877695151, 0.1580317287012653, 0.6273293365901224], [0.13450646198676347, 0.15039939952777753, 0.4308440918663824, 0.2842500465190766], [0.1412660118230275, 0.09568985867929847, 0.24710873152338694, 0.5159353978742871], [0.19182282909228912, 0.14848843052885077, 0.34412101004148576, 0.31556773023737433], [0.1688207933489304, 0.15401947037767547, 0.4243106119115841, 0.25284912426181005], [0.24374610946881814, 0.18295207072597874, 0.2079688695470483, 0.3653329501581548]], "ideal": "A", "sampled": "C", "correct": false}}
{"type": "result", "data": {"idx": 9, "options": ["Piaget's cognitive development theory", "Erikson's psychosocial stage theory", "Kohlberg's moral development theory", "Ainsworth's social attachment theory"], "probs": [[0.028662367483735043, 0.91600283209022, 0.024955256512534916, 0.030379543813510015], [0.025702540542481712, 0.91624464459892, 0.02595936576944131, 0.032093448989157045], [0.024701930948140608, 0.04506416312995169, 0.8813113700657634, 0.048922535756144254], [0.019461592911158343, 0.02119597447520843, 0.029895723252864645, 0.9294467092607686], [0.02349639631208366, 0.04672546207306143, 0.8718437952754418, 0.05793434623941317], [0.01792003217517949, 0.024085441646710715, 0.04033673189239794, 0.9176577941857118], [0.9495189404755195, 0.02323579694923554, 0.012089810780100527, 0.01515545169514443], [0.9522382692134256, 0.021555530913291883, 0.01112667060449643, 0.015079529168786033], [0.9523502338975068, 0.021897475593275817, 0.01157699960712431, 0.014175290802093034], [0.9545306908690941, 0.02014484641439345, 0.010320783679275665, 0.01500367893723674], [0.9507996344338517, 0.021694861636936034, 0.01146783596303076, 0.016037667866181465], [0.9505735023956385, 0.021025879817974432, 0.011466881453575503, 0.016933736232811542], [0.02448166697523988, 0.05221185039009461, 0.8736531056181166, 0.049653376916548926], [0.0201226594598936, 0.024255969451387357, 0.03091375955813352, 0.9247076114305856], [0.026374514946874174, 0.9183521201411036, 0.026215785916390656, 0.02905757889563156], [0.024184369314156268, 0.9173366716978593, 0.026598273684722687, 0.031880685203261795], [0.019506107977492113, 0.027906766106551514, 0.04973405589833086, 0.9028530699176255], [0.024048759762061826, 0.04743090482036265, 0.8706334706676514, 0.057886864649924055], [0.024318626017635424, 0.051066416782021624, 0.8612725027981599, 0.06334245430218305], [0.020050783604648594, 0.025715106382559954, 0.040463333891607174, 0.9137707760211843], [0.029449307415230084, 0.9053508919284506, 0.02927474402024413, 0.03592505653607515], [0.030636542186107365, 0.9056893867331544, 0.027731553653268657, 0.035942517327469614], [0.020209786452259626, 0.028907952256945653, 0.05152287564013694, 0.8993593855506578], [0.025625377127189587, 0.04638625542694623, 0.8718200065271452, 0.056168360818718954]], "ideal": "B", "sampled": "B", "correct": true}}
{"type": "result", "data": {"idx": 10, "options": ["aptitude", "projective", "achievement", "intelligence"], "probs": [[0.12051880421527968, 0.17553810460483216, 0.4294089664438163, 0.2745341246360718], [0.10774013077909807, 0.15440144673229658, 0.40509589295222853, 0.33276252943637685], [0.18091160738544315, 0.512895859150148, 0.1219405775272837, 0.18425195583712517], [0.17600943062845226, 0.5069710754569072, 0.16604992751160402, 0.15096956630303654], [0.15329380103465112, 0.24714454637761257, 0.20065143403413918, 0.39891021845359714], [0.11028994284547439, 0.22487574161112664, 0.5375715097832857, 0.12726280566011322], [0.13387775619297204, 0.2012694507825189, 0.43097338718296846, 0.2338794057415406], [0.15085958617279466, 0.17238951498287408, 0.2555068845272955, 0.4212440142170358], [0.17639881370687793, 0.24157327411143226, 0.2922809123700639, 0.2897469997116259], [0.16362904010566925, 0.22762261328805164, 0.32709351178713014, 0.281654834719149], [0.16281480323302414, 0.25053740665213603, 0.20664920834542552, 0.3799985816694143], [0.17408639190840314, 0.29676917192352437, 0.26885586974316444, 0.26028856632490804], [0.22135851114799082, 0.35747752122698023, 0.18287717076614354, 0.2382867967588854], [0.2219952195660802, 0.3448043167246291, 0.2411809116360763, 0.19201955197321444], [0.17459275347015016, 0.21937449928040506, 0.30079309045624125, 0.3052396566932035], [0.14897524928862588, 0.20395197001682447, 0.37636056362505416, 0.2707122169694955], [0.18520826375432836, 0.3133871005666851, 0.31414190399697023, 0.18726273158201623], [0.20930572475801143, 0.34058619557152325, 0.21025752155637784, 0.23985055801408747], [0.1895872148804854, 0.29186486325132255, 0.20739085352162295, 0.3111570682465691], [0.13874860976372724, 0.2576419595680403, 0.47191900880748, 0.13169042176075244], [0.15162046929961295, 0.19035325303349376, 0.25087405370084304, 0.4071522238660502], [0.17255235692467252, 0.23441273763181877, 0.32901894062391085, 0.2640159647195978], [0.20366876404921577, 0.35829152051688706, 0.2606025519437115, 0.17743716339018567], [0.21788589329498856, 0.37734725505293026, 0.18278762423970862, 0.22197922731237255]], "ideal": "C", "sampled": "C", "correct": true}}
{"type": "result", "data": {"idx": 11, "options": ["proximity and similarity", "top-down processing and bottom-up processing", "binocular and monocular cues", "size and shape constancy"], "probs": [[0.13014146490372971, 0.20917650743454297, 0.5182688158490232, 0.14241321171270413], [0.15959680554453395, 0.3069451542471414, 0.1964526532826861, 0.3370053868256385], [0.14074223580992876, 0.6817785907170031, 0.0876904107656056, 0.08978876260746253], [0.14047278776416905, 0.6489506508271536, 0.0946333205895857, 0.11594324071909158], [0.1771089232652425, 0.31252982277934255, 0.17515755666061378, 0.33520369719480114], [0.10970102576413543, 0.22460242282893605, 0.5186757599394135, 0.14702079136751506], [0.30933759074303, 0.17534710726395805, 0.3994273304454508, 0.11588797144756109], [0.3584077273491871, 0.20792740330568307, 0.1535443009905038, 0.28012056825462606], [0.2771733382277675, 0.5543721872433063, 0.06452582727825733, 0.10392864715066885], [0.37424464424103643, 0.41315336570308786, 0.1059145296227268, 0.10668746033314888], [0.4074153449941802, 0.24973716399045484, 0.10258509580565726, 0.24026239510970768], [0.2601862069787464, 0.23604699532027396, 0.3991315542864224, 0.1046352433145573], [0.6677988940085944, 0.19858654073885842, 0.06034748991009865, 0.07326707524244849], [0.6508704360636991, 0.1846275331707659, 0.06459276906887822, 0.09990926159665672], [0.6979575106440934, 0.17767149108026914, 0.050692096587915986, 0.07367890158772145], [0.6801763912236937, 0.17036240148880943, 0.07245204856216257, 0.07700915862533429], [0.6938692744198534, 0.17802962230032313, 0.045158254807143916, 0.08294284837267955], [0.6946877940002951, 0.18536323583303815, 0.05627145701488593, 0.06367751305178077], [0.17569945046185334, 0.1750352907766585, 0.24506337543644807, 0.4042018832250401], [0.09012474729523712, 0.11086680573804944, 0.6754482883217761, 0.12356015854493742], [0.20551997155995166, 0.3511703223336432, 0.10540073247098324, 0.3379089735354219], [0.13251001233817306, 0.15801572014371656, 0.612165537959165, 0.0973087294589454], [0.15555062714655915, 0.6904801052437155, 0.057855258974735375, 0.09611400853499], [0.17702365711157003, 0.6777535979257892, 0.07459403162124012, 0.0706287132414007]], "ideal": "C", "sampled": "C", "correct": true}}
{"type": "result", "data": {"idx": 12, "options": ["be paralyzed", "fall into a coma", "suffer severe speech impairment", "die"], "probs": [[0.35005764063328865, 0.25235833211054093, 0.13655375619036822, 0.2610302709658022], [0.313281304113434, 0.26410103854123435, 0.2164349543507808, 0.20618270289455082], [0.3802102577180776, 0.12933430793575676, 0.22631701965947648, 0.26413841458668913], [0.3196264314554527, 0.14749603582957427, 0.27918319227388, 0.253694340341093], [0.2924741121096762, 0.292910328689421, 0.2236511044382586, 0.1909644546626441], [0.32043020959182394, 0.31591676721045947, 0.14615302840937863, 0.21749999468833794], [0.5644208360471413, 0.12199258421609535, 0.11506563021777672, 0.19852094941898654], [0.501078292645227, 0.13477924063111887, 0.18083999510267992, 0.18330247152097426], [0.5831241315159378, 0.09365784864386831, 0.14228799189706284, 0.18093002784313109], [0.4867382536325779, 0.11024930080601839, 0.22915471575752042, 0.17385772970388333], [0.5057509835601155, 0.18171301889312966, 0.13040032204275742, 0.1821356754039974], [0.4934365785629584, 0.20893420432604803, 0.1213704878072551, 0.17625872920373845], [0.25606168076999425, 0.2297135659737222, 0.25930077607723195, 0.25492397707905157], [0.2670711497078153, 0.2065142033336416, 0.27262603421387627, 0.25378861264466684], [0.22707966306143637, 0.4120703698591145, 0.15183998869092774, 0.20900997828852141], [0.23366599827155304, 0.3598344188494749, 0.2136830782832985, 0.19281650449567353], [0.2569790741994436, 0.3957417547941576, 0.14021657196942644, 0.20706259893697243], [0.2284505345853302, 0.33563834904962514, 0.23680419943317527, 0.19910691683186937], [0.4996065422217075, 0.12718730242115808, 0.18173884665961432, 0.19146730859752015], [0.5313456376898954, 0.12511611821135799, 0.11989277719811638, 0.2236454668006302], [0.372696887595842, 0.3020979851807449, 0.12829058253348205, 0.19691454458993105], [0.42661193962477095, 0.2650554239124712, 0.11257236701403693, 0.1957602693487209], [0.568128194267669, 0.11001688330164784, 0.11580239290018814, 0.206052529430495], [0.523164876098245, 0.113047556762232, 0.16017839549636032, 0.20360917154316266]], "ideal": "D", "sampled": "B", "correct": false}}
{"type": "result", "data": {"idx": 13, "options": ["achievement", "standardized", "projective", "triarchic"], "probs": [[0.14045417725988898, 0.7148280952104786, 0.05599726902870456, 0.08872045840092783], [0.11914054046328287, 0.7486793704903717, 0.048236852620953806, 0.08394323632539162], [0.06325661343257405, 0.11821143984945083, 0.7148752754593628, 0.10365667115861231], [0.07297881028420262, 0.061476167972304915, 0.0660116456309816, 0.7995333760125108], [0.056529389234853046, 0.10815110358385258, 0.7351607974376414, 0.10015870964365296], [0.07944415366106788, 0.06641704591254054, 0.10958364870231198, 0.7445551516240796], [0.8816839253773524, 0.04124381949685031, 0.03614310336391267, 0.040929151661884544], [0.9037875397525317, 0.035054616104217416, 0.027964561758157182, 0.03319328228509368], [0.8726734106380442, 0.04345100243334676, 0.03868004977658446, 0.04519553705202469], [0.9013729959234146, 0.035234944078824375, 0.02922998455559924, 0.03416207534216185], [0.9023551075046388, 0.032369240150515635, 0.029718901073377695, 0.03555675117146791], [0.9072389973524043, 0.030815163024289924, 0.02964563788960212, 0.03230020163370358], [0.07321123723541303, 0.12359843309776974, 0.6913633890402116, 0.11182694052660572], [0.08961457691477713, 0.07316789720840797, 0.07267071996892922, 0.7645468058078857], [0.1220019743990865, 0.7315374530321008, 0.05911983110403091, 0.0873407413647817], [0.12692991654377958, 0.7494459002130353, 0.04828314025414792, 0.07534104288903723], [0.08706002876171161, 0.06625791786524993, 0.12103309751655768, 0.7256489557564808], [0.06477322235731586, 0.08788009470179763, 0.7672105202142938, 0.08013616262659266], [0.06678129384930452, 0.14365632196756045, 0.6712239188014145, 0.11833846528172054], [0.10417300384066112, 0.09126663884154261, 0.12295061257033923, 0.681609744647457], [0.10263873349469012, 0.7781028498573123, 0.046357261222015105, 0.07290115532598249], [0.12791248773510186, 0.7435492650853335, 0.0502022266277469, 0.07833602045181773], [0.08943249562958022, 0.08146946451530072, 0.11773327122842454, 0.7113647685266945], [0.06522567375169591, 0.11013905374680104, 0.7488245740134355, 0.07581069838806757]], "ideal": "B", "sampled": "B", "correct": true}}
{"type": "result", "data": {"idx": 14, "options": ["discrimination", "spontaneous recovery", "trace conditioning", "generalization"], "probs": [[0.057171029166581004, 0.08192392590426095, 0.11117068884100477, 0.7497343559881533], [0.03332276666816709, 0.050847228990232717, 0.8690944377886478, 0.04673556645295242], [0.06434567224078398, 0.10046648158270925, 0.07891869485394713, 0.7562691512225597], [0.041634686134812325, 0.05651330793518679, 0.8597773704025383, 0.04207463542746261], [0.05379715096844735, 0.8701118087701813, 0.032428713340802065, 0.043662326820569204], [0.05769779905099864, 0.8632181881995058, 0.036450769748618946, 0.0426332429008766], [0.0499217202909921, 0.10246684937021953, 0.10016514172100525, 0.7474462885177832], [0.038113219500838, 0.08593867357431793, 0.8177102572864773, 0.05823784953836681], [0.053640161303731025, 0.13176259544398938, 0.13290231077052417, 0.6816949323817555], [0.043135625470097555, 0.07400668493738005, 0.8109895300415012, 0.07186815945102121], [0.04751572402656165, 0.8506966860140152, 0.04300510153863837, 0.05878248832078486], [0.04810015169200473, 0.847781257048222, 0.04319741962693072, 0.060921171532842426], [0.06953802289636801, 0.1060523774486599, 0.0746713683130356, 0.7497382312419365], [0.06619673270961832, 0.08706956420765025, 0.7908729372937829, 0.05586076568894845], [0.06421506623009139, 0.09056607635734679, 0.13083573102243923, 0.7143831262901226], [0.05544921900544367, 0.06337544061678994, 0.8114596271967949, 0.06971571308097146], [0.0860858429752447, 0.812105792950224, 0.04952075442595487, 0.05228760954857645], [0.08055200511848028, 0.821526638807212, 0.040263105605285135, 0.057658250369022564], [0.6958172553773233, 0.1480122131252879, 0.07749761236069022, 0.07867291903669861], [0.7317173912750697, 0.12801262448909856, 0.07535946199976025, 0.06491052213607147], [0.6763698517064004, 0.11118852677910403, 0.11946341061160659, 0.09297821080288893], [0.7039679025911688, 0.1121696713391403, 0.09912811594478001, 0.0847343100249109], [0.7436135895758287, 0.09896698445631354, 0.09094674003784249, 0.0664726858300153], [0.7290836953648994, 0.11525037939071629, 0.08120780781396171, 0.07445811733042264]], "ideal": "D", "sampled": "D", "correct": true}}
{"type": "result", "data": {"idx": 15, "options": ["the mere-exposure effect.", "self-serving bias.", "equipotentiality.", "the fundamental attribution error."], "probs": [[0.10213128035630538, 0.0840951899830405, 0.10008465795960514, 0.713688871601049], [0.10097263150560644, 0.1437023643288936, 0.6291911226363939, 0.12613388142910606], [0.10452504922261376, 0.06967625332714872, 0.22037885575976415, 0.6054198415904734], [0.07954294233718807, 0.07962621002593097, 0.6820825337681565, 0.15874831376872447], [0.13830902965013375, 0.6079779176107348, 0.14227720881652808, 0.11143584382260327], [0.12607196629652123, 0.5761276783433638, 0.11806522179299524, 0.1797351334671197], [0.1240458469856038, 0.07074414832563841, 0.092459341986778, 0.7127506626019798], [0.10481497403705703, 0.12460020923563087, 0.6629460051524503, 0.1076388114748618], [0.11938483711571864, 0.05869139948985915, 0.09178400380677071, 0.7301397594876515], [0.11597444828356343, 0.11162851746264912, 0.6729121352341705, 0.09948489891961698], [0.18892737012594193, 0.6025450318828437, 0.10475616312106187, 0.10377143477015252], [0.18795281646756337, 0.5994233488437136, 0.11179606615379079, 0.10082776843493217], [0.10497098373867539, 0.10588909649536497, 0.19529647942667522, 0.5938434402392844], [0.08561991878905746, 0.11992818533817028, 0.61817300747057, 0.17627888830220226], [0.10188697581127583, 0.15430865150066844, 0.12044556796674191, 0.6233588046213138], [0.10661731103247277, 0.2243455531192572, 0.5459283305047032, 0.12310880524356682], [0.12184047497367512, 0.6309720559221772, 0.105471056933781, 0.14171641207036664], [0.12814097105175346, 0.6283484100667123, 0.13700513540328405, 0.10650548337825021], [0.7681022915155881, 0.07424837213557622, 0.09202189751718771, 0.06562743873164795], [0.7511382009846136, 0.07376113282784962, 0.06844844382343661, 0.10665222226410015], [0.7534575426911018, 0.10272197444618518, 0.0736649538253309, 0.07015552893738208], [0.7556927203376387, 0.098308213045303, 0.06993111222283095, 0.07606795429422732], [0.7568327413288722, 0.06258849985535406, 0.07227032846295325, 0.10830843025282047], [0.668634479192348, 0.0856199717854768, 0.16066332279523415, 0.08508222612694108]], "ideal": "D", "sampled": "D", "correct": true}}
{"type": "result", "data": {"idx": 16, "options": ["grounding a teenager for staying out past curfew", "spanking a child for misbehavior", "permanently revoking the driving privileges of a third-time DWI driver", "refusing to return the boss' phone call after not getting the expected raise"], "probs": [[0.34283957903651, 0.2615233439399546, 0.21411699692602573, 0.18152007999750971], [0.34619650642118127, 0.2539543320018661, 0.19374305054522395, 0.20610611093172865], [0.3074566102426701, 0.17688319176602524, 0.36755660478581487, 0.1481035931054898], [0.3566077053190298, 0.21344982085477654, 0.18162851033778654, 0.24831396338840714], [0.29387715018020083, 0.1814371022186472, 0.33258491255615874, 0.19210083494499322], [0.34980393495053613, 0.2045207233379622, 0.1781573497521744, 0.2675179918593273], [0.3672691613607148, 0.21471536586957074, 0.23675226299352586, 0.18126320967618856], [0.3656405780576038, 0.2154288601234344, 0.20628762289961788, 0.2126429388193439], [0.41065009279838877, 0.2237559954787252, 0.19503262018843023, 0.17056129143445575], [0.41152561933233645, 0.22959274735517388, 0.1711165061754684, 0.18776512703702128], [0.39173687667913515, 0.21683616090144453, 0.16543981924309417, 0.22598714307632614], [0.4171297127446721, 0.2102424290493761, 0.1762160904166885, 0.19641176768926333], [0.29418324106150934, 0.1964146257853211, 0.3488206111073087, 0.16058152194586084], [0.3389278149904942, 0.22459116727304645, 0.1794062298710809, 0.2570747877653785], [0.3352094738501612, 0.3233464513389871, 0.16544934365960445, 0.17599473105124722], [0.3460305487479191, 0.3038778142570578, 0.16553498052796803, 0.18455665636705504], [0.35465555322630465, 0.19631084212751532, 0.19833540323373955, 0.25069820131244047], [0.3089413092563754, 0.17234424011688915, 0.3334664453749149, 0.18524800515182058], [0.26976180475877914, 0.1858267066565103, 0.34604961192201544, 0.1983618765626951], [0.3154088948473501, 0.21393310169027036, 0.19076075226428107, 0.2798972510980985], [0.29974723305904366, 0.315100972547924, 0.16641879328045212, 0.21873300101258022], [0.31419819122095793, 0.3252848934014463, 0.17043587309748456, 0.19008104218011118], [0.3146968185586945, 0.19587837157674853, 0.2351581901076716, 0.25426661965688535], [0.29370160575098075, 0.1664105877228301, 0.3595064121345901, 0.18038139429159905]], "ideal": "D", "sampled": "B", "correct": false}}
