{"type": "result", "data": {"idx": 0, "options": ["Bargaining", "Satisficing", "Accepting", "Compromising"], "probs": [[0.023764413378941116, 0.9072317682915825, 0.0332795910491951, 0.03572422718028127], [0.02826149742358238, 0.8667728866437877, 0.06891549622378457, 0.03605011960884539], [0.027715945299696867, 0.05863930239534173, 0.8511062143137549, 0.06253853789120656], [0.03696633019062864, 0.06901048611606192, 0.3739698793567308, 0.5200533042365786], [0.03859964759109425, 0.14904943060608275, 0.7534180416488822, 0.05893288005394084], [0.041233251769437214, 0.4332764438813378, 0.0840543415796825, 0.4414359626695425], [0.9085585122405466, 0.03662145873016159, 0.03391857463631561, 0.02090145429297615], [0.8722512108849737, 0.04842191180024009, 0.05895158636920801, 0.0203752908455782], [0.8980977996569152, 0.03944996312685747, 0.03486728615907913, 0.02758495095714822], [0.8980208199531707, 0.04165800458687429, 0.04372294034968353, 0.01659823501027148], [0.8899139603563407, 0.06648550809327189, 0.02885734424797066, 0.014743187202416737], [0.9107251932068872, 0.049782068459592814, 0.025860848384387958, 0.013631889849132005], [0.027470429281976405, 0.04089896220513815, 0.884118939537623, 0.047511668875262494], [0.03252414362269779, 0.03711976621374948, 0.36121956855989723, 0.5691365215036555], [0.03447257290300641, 0.8977456520765016, 0.02645892600340813, 0.04132284891708383], [0.04267314440577451, 0.8789578658972931, 0.04877123972142185, 0.029597749875510546], [0.06015982164497522, 0.35730890552730815, 0.06514837997471491, 0.5173828927530018], [0.045655551612944295, 0.13098586899243445, 0.768238175311778, 0.0551204039828433], [0.04520796289447824, 0.04847680458474578, 0.8621062731861205, 0.04420895923465547], [0.12191418666366033, 0.06835181653961452, 0.12205873537026798, 0.6876752613264572], [0.04936803886055502, 0.8901982323125118, 0.030449848675755942, 0.02998388005117724], [0.05042157813144923, 0.8881184607243557, 0.033358222055318014, 0.02810173898887699], [0.14667338896352877, 0.09392042201893311, 0.08434004030561662, 0.6750661486119215], [0.04689605934918936, 0.07372081643144636, 0.833526185911341, 0.04585693820802335]], "ideal": "B", "sampled": "B", "correct": true}}
{"type": "result", "data": {"idx": 1, "options": ["Framing bias", "Hindsight bias", "Over-confidence bias", "Heuristics"], "probs": [[0.21929692402908224, 0.09431637471282656, 0.07019104546385023, 0.616195655694241], [0.13577140057091788, 0.09188007759843905, 0.7081316286730959, 0.06421689305754714], [0.23738780084736968, 0.0915169471816781, 0.0960639246591842, 0.575031327211768], [0.13819603772160913, 0.0787509752450909, 0.7150956891041859, 0.06795729782911406], [0.21557944002631949, 0.6700298935256652, 0.056768485676821495, 0.057622180671193825], [0.21042197627076367, 0.6746964353438579, 0.05454393394425553, 0.060337654341122905], [0.16266212592862206, 0.0756505612499118, 0.07005346133843457, 0.6916338513830316], [0.11183000021561267, 0.07869765672201746, 0.7490592374928992, 0.06041310546947067], [0.1826093738959333, 0.09253986661536259, 0.07105512541854525, 0.6537956339701588], [0.12705696385167822, 0.0853140628439742, 0.722143395002594, 0.06548557820175359], [0.16020338949954327, 0.7302128318236458, 0.05544645815233761, 0.05413732042447327], [0.17430763785632172, 0.7010572886862168, 0.06573626153496202, 0.05889881182249944], [0.18109891092538188, 0.10157503250585043, 0.09860657983435174, 0.618719476634416], [0.12446871024522371, 0.08757864943995429, 0.7185880159192334, 0.0693646242955886], [0.18148812108942586, 0.11355716395562296, 0.08002935855692946, 0.6249253562980217], [0.1285521464548392, 0.09934313441374686, 0.7026672185354434, 0.06943750049597047], [0.14777081208665152, 0.7454216133385329, 0.0515376346649798, 0.055269939809835765], [0.1550942430532263, 0.7349827617409215, 0.05669027819768179, 0.05323271690817046], [0.9465426616565975, 0.02351897722443207, 0.015209232158002486, 0.014729128860967947], [0.9394063686178448, 0.026239083344126213, 0.016445990190705674, 0.017908557747323393], [0.9517052358795156, 0.021197626779669975, 0.01318382776849417, 0.013913309472320199], [0.9401580323294436, 0.025854042873977894, 0.016204258627995505, 0.017783666068583007], [0.9411763600502164, 0.02412309883362464, 0.016475962565361227, 0.018224578450797703], [0.9359152612468468, 0.025937809496280245, 0.01915492177867386, 0.018992007378199137]], "ideal": "D", "sampled": "D", "correct": true}}
{"type": "result", "data": {"idx": 2, "options": ["The way things are.", "The way things are going to be.", "The way things should be.", "The way things were."], "probs": [[0.051712584580939566, 0.04862136494135244, 0.844501567295965, 0.05516448308174291], [0.036957661990203526, 0.025412427573664763, 0.03968961504025659, 0.8979402952958752], [0.07548856031765531, 0.8331616197010887, 0.049576093952357146, 0.041773725928898796], [0.07785376769616921, 0.8328834826804533, 0.05033835416940666, 0.038924395353970805], [0.03197945317283242, 0.02018115319312262, 0.04657102055275042, 0.9012683729812946], [0.04408813475793291, 0.03804225332497164, 0.88181581779633, 0.03605379402076545], [0.04331809975771411, 0.06161586436565287, 0.8401804123267692, 0.05488562344986381], [0.034645157309810416, 0.029187624020721108, 0.03991534016989961, 0.8962518783995689], [0.07347822961027106, 0.8238547474210693, 0.05730553737196048, 0.04536148549669915], [0.07161716050904846, 0.8284296618275571, 0.04703334508216872, 0.05291983248122578], [0.029764498492047393, 0.02144962527503803, 0.055654766229845984, 0.8931311099030685], [0.040544747950564286, 0.03812147226440117, 0.8699760767278163, 0.0513577029572182], [0.9041969451564015, 0.03881303687532045, 0.03171027292380669, 0.025279744944471418], [0.9019968701594501, 0.03902409050860766, 0.03213464324743179, 0.026844395984510515], [0.8861622031864529, 0.0360108159518758, 0.0512440082310974, 0.026582972530573866], [0.8853074546989762, 0.034332048160765356, 0.03518446154410444, 0.045176035496154], [0.8730638687412873, 0.04115820333812972, 0.04970528594432885, 0.036072641876254107], [0.8354985090628344, 0.040957757010107516, 0.04574164034403609, 0.07780209348302203], [0.029010296783628996, 0.023143118977901594, 0.04978134640233642, 0.898065237736133], [0.03921461294866096, 0.045887599122922874, 0.8749817436608488, 0.03991604416756737], [0.02774504163171194, 0.024308601074916746, 0.061613797331965627, 0.8863325598614057], [0.03843770691508526, 0.040636708607063636, 0.8644407712712998, 0.05648481310655131], [0.07100530501474263, 0.8342553127689776, 0.054517375537744, 0.04022200657853576], [0.0665470848343037, 0.832205225873531, 0.047252143750957716, 0.053995545441207646]], "ideal": "C", "sampled": "C", "correct": true}}
{"type": "result", "data": {"idx": 3, "options": ["The potential for entry into the industry", "The threat of substitute products", "The power of customers", "The level of rivalry"], "probs": [[0.054768031687980806, 0.107238431048445, 0.1411623316515686, 0.6968312055120056], [0.037675094276718606, 0.09697875487928469, 0.801600703534798, 0.06374544720919872], [0.051587290288008944, 0.09867026508849218, 0.11195151339914192, 0.7377909311243569], [0.03805954640545687, 0.09495630576387268, 0.7789444690478392, 0.0880396786828312], [0.052466701710937945, 0.7968084215321051, 0.05093364044514582, 0.09979123621181119], [0.0486047790445376, 0.7735523600436297, 0.045382142406474556, 0.13246071840535817], [0.07922903388520756, 0.10173860115480338, 0.13711833850325114, 0.6819140263567379], [0.044878869957113314, 0.08002306549734743, 0.8168779476471296, 0.05822011679840968], [0.07142192284246653, 0.0938909372718083, 0.09328849076191616, 0.741398649023809], [0.05576300952848522, 0.10178936878553596, 0.7604520177350158, 0.081995603850963], [0.06268228403053848, 0.8016752360950348, 0.05370543736560217, 0.08193704240882464], [0.06393240969910086, 0.7925385029277054, 0.050277019466129134, 0.09325206780706462], [0.03922409746435962, 0.06777739195925936, 0.10185686004581533, 0.7911416504305657], [0.03147581917513833, 0.06930043444386867, 0.8334640139481828, 0.06575973233281018], [0.03730554986817069, 0.06346080002390328, 0.06657005374648423, 0.8326635962614418], [0.03779019555780117, 0.09282094585045358, 0.798050731268096, 0.07133812722364927], [0.04482794352196655, 0.7654291048433778, 0.043527429835879844, 0.14621552169877589], [0.05074133313132546, 0.7706906737310089, 0.049659911168169715, 0.12890808186949598], [0.8237624715226717, 0.07251905826908762, 0.045804556596557626, 0.057913913511683054], [0.8043518185459659, 0.07776542123024979, 0.04912659598584344, 0.06875616413794085], [0.8347962902111667, 0.06435206843483988, 0.048648192104401466, 0.0522034491495919], [0.8332735684235364, 0.06323403251997281, 0.04670330429248663, 0.05678909466400414], [0.8059161304621635, 0.06823000311169201, 0.05078345536677834, 0.07507041095936613], [0.8242401362444433, 0.06403800934408352, 0.04655900086579927, 0.06516285344567399]], "ideal": "D", "sampled": "D", "correct": true}}
{"type": "result", "data": {"idx": 4, "options": ["Margaret Thatcher", "Mikhail Gorbachov", "Nelson Mandela", "Bill Clinton"], "probs": [[0.3521163901878568, 0.2502899355806489, 0.2044431624606031, 0.19315051167089126], [0.3366377253005715, 0.25470342470532453, 0.17518922162720385, 0.2334696282669001], [0.35609414108726395, 0.27364065424922585, 0.18676259555252592, 0.18350260901098425], [0.356248866172239, 0.2759161375460123, 0.16618493692956307, 0.20165005925218563], [0.32681779589285515, 0.23051003079001578, 0.2051508930797961, 0.23752128013733298], [0.3423066836940674, 0.24144873740191966, 0.21159215899950784, 0.2046524198045051], [0.29330460982397355, 0.2827708293376218, 0.22211575339693457, 0.20180880734147003], [0.2975283429833992, 0.26945235118023575, 0.17821050381917564, 0.25480880191718935], [0.25689822815618235, 0.2806010585832294, 0.2558278181271402, 0.206672895033448], [0.2710008080627992, 0.2634235682739434, 0.18115512895365826, 0.2844204946095991], [0.256215170370657, 0.23204634974342825, 0.25915418617244945, 0.2525842936134653], [0.2517720275167595, 0.22108995410481322, 0.22296832006288536, 0.3041696982155419], [0.31652037249381265, 0.3074898215072768, 0.19257429814124483, 0.18341550775766574], [0.3289701191291612, 0.30024160293802504, 0.1646455301766347, 0.2061427476561791], [0.29320577220973526, 0.2782256942444824, 0.23454338659300494, 0.19402514685277739], [0.2922472059434468, 0.26269888875241665, 0.18064406512361345, 0.26440984008052315], [0.2940638319248369, 0.24251792961142302, 0.24460853269323599, 0.2188097056705041], [0.2906474172778353, 0.22350031135231427, 0.21669542787292273, 0.2691568433969277], [0.2688318490713224, 0.28945481774296616, 0.20039227602862106, 0.24132105705709042], [0.27485254813742704, 0.29601800879882967, 0.2130839856215418, 0.21604545734220149], [0.2533645033583, 0.25423151252111614, 0.2406650483367581, 0.2517389356838257], [0.24784633145467042, 0.24298624329839802, 0.21437370455544677, 0.2947937205914848], [0.24602393046612772, 0.2733401737339197, 0.25276444113005114, 0.22787145456990138], [0.25605154416461606, 0.257000658739745, 0.20966746223360908, 0.2772803347620299]], "ideal": "D", "sampled": "A", "correct": false}}
{"type": "result", "data": {"idx": 5, "options": ["Work flow design", "Work schedule design", "Work rate design", "Work output design"], "probs": [[0.09642822160084281, 0.821519963233869, 0.03781106189553838, 0.04424075316974977], [0.10212416597077104, 0.8108891558084917, 0.04262617706373734, 0.04436050105699986], [0.15422074495203855, 0.12014925478687423, 0.636169969971936, 0.08946003018915122], [0.1619989187108001, 0.1079209412497, 0.10722177128992788, 0.622858368649572], [0.1506785199097671, 0.12495775146897026, 0.651333053384648, 0.07303067513661458], [0.17859868996005265, 0.15399766424264089, 0.08923290815730514, 0.5781707375400014], [0.581354358973998, 0.2620082076978479, 0.07341396555111068, 0.0832234676770434], [0.5750919365646061, 0.2632645866285532, 0.08490596394487167, 0.076737512761969], [0.5258741339077629, 0.1641304182534416, 0.20789348922160425, 0.1021019585171912], [0.5183989195304466, 0.17632348657301286, 0.12721387498402084, 0.17806371881251973], [0.46984017940770423, 0.19580683547848785, 0.25193963015405396, 0.08241335485975393], [0.524315047413242, 0.21179924429773947, 0.0986372582820381, 0.16524844990698043], [0.1259004035905793, 0.2353777455703807, 0.5572229664753678, 0.08149888426367212], [0.1816368888651356, 0.4294056039973481, 0.13210236237502138, 0.25685514466249487], [0.12407991190920778, 0.6718796841363607, 0.11584469533978423, 0.08819570851464731], [0.12621948874042793, 0.6623373425737694, 0.08688527117607009, 0.12455789740973258], [0.1756675094190406, 0.20869658885299355, 0.3877480923741738, 0.22788780925379204], [0.13363067708191215, 0.14913863007678924, 0.5913966318340246, 0.125834060907274], [0.10880724517173243, 0.30301390495028857, 0.5245612585621375, 0.06361759121584147], [0.11864314669090012, 0.5407387815150339, 0.07672091113459188, 0.2638971605594742], [0.07833458278162458, 0.8369505186337219, 0.04399182532309117, 0.0407230731615623], [0.07426940291292215, 0.8513482060135218, 0.03198060187276435, 0.042401789100791634], [0.139713989776021, 0.15468293657369728, 0.43140566987560025, 0.27419740367468143], [0.09908866881333332, 0.10307291149062349, 0.7059986590633113, 0.09183976053273192]], "ideal": "B", "sampled": "B", "correct": true}}
{"type": "result", "data": {"idx": 6, "options": ["Workers enjoy responsibility.", "Workers view physical and mental effort as a natural part of work.", "Workers like to show initiative.", "Workers like to be directed."], "probs": [[0.11885584019419272, 0.0805335161287614, 0.09209943297102968, 0.7085112106060162], [0.1006629325398196, 0.12355268092374791, 0.6604199458029564, 0.11536444063347612], [0.1238507338836365, 0.08657227291158216, 0.1122025848054685, 0.6773744082993128], [0.09558090139353072, 0.08925856249966187, 0.6787854724986603, 0.13637506350814718], [0.12982525994133484, 0.7150317419748915, 0.08811878389212424, 0.06702421409164944], [0.14069804757466672, 0.7002679809267605, 0.08107180268358795, 0.07796216871498486], [0.15819320670398176, 0.07423688747128879, 0.1040620022931197, 0.6635079034316097], [0.1528894465479061, 0.11559064026206142, 0.5719282073099309, 0.1595917057801016], [0.1245584241335448, 0.058452426533885195, 0.09727378917723616, 0.7197153600553339], [0.0895811311498953, 0.07674704318076633, 0.7260623518442993, 0.10760947372503897], [0.1799675917455118, 0.6550295753113183, 0.09148081118500918, 0.07352202165816067], [0.1729577838404038, 0.6701532252127884, 0.08455061470725296, 0.07233837613955481], [0.12150624302672541, 0.08901084147240576, 0.10922554052850945, 0.6802573748723594], [0.0991476148521811, 0.09259219190767766, 0.6667740145620306, 0.14148617857811072], [0.11353493396148999, 0.08449204947332976, 0.10367295812767421, 0.6983000583375061], [0.08975805742549622, 0.10030646324524647, 0.7102380115680055, 0.09969746766125179], [0.08289793534371213, 0.8143874204351582, 0.0549548220371362, 0.04775982208399342], [0.07903777179877994, 0.8198621394389888, 0.05663330564280221, 0.04446678301942902], [0.6832356808593835, 0.11610843845606363, 0.09800489757000568, 0.10265098301454725], [0.7087830726858337, 0.10882123462192195, 0.08233224345410543, 0.10006344913813892], [0.7104600773109833, 0.12073794186007504, 0.07750318314109844, 0.09129879758784326], [0.7326434408868943, 0.11074630837391115, 0.07220091393004038, 0.08440933670915425], [0.7982999057109385, 0.07205229433241367, 0.05801555432422465, 0.07163224553242319], [0.7492231390968357, 0.09028738332587394, 0.07618225024554132, 0.08430722723174904]], "ideal": "D", "sampled": "D", "correct": true}}
{"type": "result", "data": {"idx": 7, "options": ["Referent", "Expert", "Reward", "Legitimate"], "probs": [[0.04125491560027898, 0.04677703638485972, 0.05912827371310195, 0.8528397742017594], [0.023906784530501022, 0.04431780129015617, 0.8724736716699274, 0.05930174240941544], [0.04533858512375513, 0.06151949871611262, 0.0660035076298218, 0.8271384084303104], [0.031286239620894815, 0.06370121985036892, 0.8416683076970527, 0.06334423273168362], [0.12183592849240475, 0.5066802350169309, 0.13201766811428528, 0.239466168276379], [0.11804827213561021, 0.5605543809527307, 0.10355022471442779, 0.2178471220972313], [0.04749558013364208, 0.06150628596895651, 0.05778207579694711, 0.8332160580004543], [0.029122698036829923, 0.0597636454353449, 0.8478420134984983, 0.06327164292932684], [0.049211313605842105, 0.06890698958660073, 0.08311416581421692, 0.7987675308933403], [0.027893038248235313, 0.06692677982027773, 0.8441031541499429, 0.06107702768154413], [0.11955162492842901, 0.6488366319733708, 0.09254516190989709, 0.13906658108830305], [0.10463565396493492, 0.668907582492613, 0.07259653603931661, 0.15386022740313554], [0.03720742740910414, 0.04779523966693058, 0.04385666875524859, 0.8711406640687167], [0.03205723866819609, 0.06947051376176205, 0.804023727919061, 0.09444851955098085], [0.05027014724206282, 0.07432685736325044, 0.08489133353508468, 0.7905116617596021], [0.029510357191223975, 0.08086064140793935, 0.8260211620651352, 0.06360783923570151], [0.07023893505344547, 0.7692316402986803, 0.04541284725846252, 0.11511657728941173], [0.05864469421284104, 0.7108426199268137, 0.05223435613339867, 0.1782783296269465], [0.7658904961302272, 0.09738692112903043, 0.0713162065520244, 0.06540637608871802], [0.7810067417286636, 0.08763540404701955, 0.06620930780986502, 0.06514854631445183], [0.5969667389617928, 0.10056403948430875, 0.22528220543037436, 0.07718701602352408], [0.6212472087549099, 0.09531239064156104, 0.1356190243369686, 0.14782137616656046], [0.7468423469166863, 0.09800579689970446, 0.07760121158781126, 0.07755064449579799], [0.6549711519556942, 0.11388741196539924, 0.10298612428109713, 0.1281553116978094]], "ideal": "D", "sampled": "D", "correct": true}}
{"type": "result", "data": {"idx": 8, "options": ["Henry Fayol", "Max Weber", "Adam Smith", "Mary Parker Follett"], "probs": [[0.11966335192756443, 0.7829627610760428, 0.04886436970327609, 0.04850951719311666], [0.15447355569022414, 0.7055033848284193, 0.0749195581317028, 0.06510350124965367], [0.05496795908893772, 0.09364041789772962, 0.7811032620159619, 0.07028836089737078], [0.09363635606127468, 0.08022306946269796, 0.12536888285919737, 0.7007716915168299], [0.08177612782030215, 0.14956580212383244, 0.6832944204965486, 0.08536364945931671], [0.10941010701077047, 0.15948992545357862, 0.1080669386025667, 0.6230330288330842], [0.9601421036397206, 0.02197438355427832, 0.009149899038173637, 0.008733613667827341], [0.9561851005861165, 0.02258927556909243, 0.010654553750107874, 0.01057106999468319], [0.9252469798699209, 0.028456396318175887, 0.03274787470634711, 0.01354874900555611], [0.9413721727067532, 0.023823200212868684, 0.013463829880922195, 0.021340797099455907], [0.952865368284047, 0.02198095074995092, 0.014285205955116618, 0.010868474910885403], [0.9506811811366338, 0.02261827259677151, 0.01092919488352933, 0.015771351283065345], [0.04998994767136005, 0.1997291952091162, 0.6725469431367591, 0.07773391388276464], [0.06940812637921162, 0.1735543278449029, 0.12027761574461342, 0.6367599299312721], [0.061266661368889246, 0.8035435765574156, 0.08731364555506829, 0.047876116418626845], [0.06320649157779712, 0.8225070911387987, 0.053783760152008295, 0.06050265703139584], [0.05106630453205733, 0.12277643897690643, 0.3613775304832, 0.4647797259078362], [0.03953008833303035, 0.12988450250995306, 0.7553111403589109, 0.07527426869810572], [0.09127636524945773, 0.18050002097768675, 0.6227179354616534, 0.10550567821120202], [0.09790141572128597, 0.190531187807246, 0.10872807838700076, 0.6028393179844672], [0.10497734733730325, 0.7965751915245961, 0.05590038021802834, 0.04254708082007232], [0.09455942801927976, 0.839086333163288, 0.02803032416711233, 0.03832391455031999], [0.0685924987647076, 0.08416663422959675, 0.37227673721601867, 0.47496412968967694], [0.048949048282891996, 0.10059105678827275, 0.7579343374651784, 0.0925255573636569]], "ideal": "B", "sampled": "B", "correct": true}}
{"type": "result", "data": {"idx": 9, "options": ["Frederick Taylor", "Seebohm Rowntree", "Henry Ford", "Max Weber"], "probs": [[0.16943775722132284, 0.5974539206162368, 0.13784673089699995, 0.0952615911654404], [0.14418535362784707, 0.6476751758307796, 0.11187370453769918, 0.09626576590367411], [0.10880519093433257, 0.1596509980631707, 0.6353853410994021, 0.09615846980309456], [0.15264904042597874, 0.153989131614392, 0.15825321797179498, 0.5351086098878343], [0.08076682806350009, 0.13218523757604, 0.6855934363751486, 0.10145449788531137], [0.1646857957470897, 0.16233153155814928, 0.24077861781160423, 0.43220405478315677], [0.8495848304611946, 0.07838139799021765, 0.03720205332267872, 0.034831718125909066], [0.8294451730283258, 0.08740246070956133, 0.040830920086051055, 0.04232144607606187], [0.8370522758750877, 0.08682255218487311, 0.039021740195529016, 0.037103431644510174], [0.8233951206666107, 0.09022174640257337, 0.04023652090867544, 0.04614661192214047], [0.8249936483908397, 0.08493273482915371, 0.05052425207560504, 0.039549364604401595], [0.7723114181398697, 0.10050806031518657, 0.06516505274884875, 0.06201546869609494], [0.1664659343538279, 0.1829619664598884, 0.55409251399551, 0.09647958509077369], [0.2397716492174703, 0.18259388206563343, 0.14173941312803034, 0.4358950554888659], [0.300927088427921, 0.5291925348136205, 0.09364510815038438, 0.07623526850807419], [0.3066229132517645, 0.5309402187847567, 0.08099540825882007, 0.08144145960465873], [0.2485620379199375, 0.17927168307895852, 0.1887375265171141, 0.3834287523839899], [0.14079946929003645, 0.15475856333862512, 0.5971302629630517, 0.1073117043082867], [0.06641525573787393, 0.139564525584404, 0.6800100167913976, 0.11401020178632439], [0.12490577436155749, 0.15322657733100625, 0.2596167507679386, 0.4622508974394976], [0.10746097267840087, 0.6495345201144616, 0.13531835555318866, 0.1076861515539489], [0.1157806922612249, 0.6176679317830617, 0.15405920605487433, 0.11249216980083909], [0.14656997162336602, 0.2327492157211375, 0.1848181690036661, 0.4358626435518304], [0.09604382800226087, 0.19724175919830578, 0.5831648284556881, 0.12354958424374522]], "ideal": "B", "sampled": "B", "correct": true}}
{"type": "result", "data": {"idx": 10, "options": ["John Kenneth Galbraith", "John Maynard Keynes", "Milton Friedman", "Alfred Marshall"], "probs": [[0.20826246462952053, 0.22048888265338673, 0.35044584719151095, 0.22080280542558176], [0.22635069290887597, 0.228660223710006, 0.20373991101880623, 0.3412491722623118], [0.25567459676578047, 0.3044405831920557, 0.24311968319488717, 0.1967651367472767], [0.2578063789732867, 0.3192394232770704, 0.23215409073203455, 0.1908001069176084], [0.24217693866121345, 0.22275044353687154, 0.23947109636461783, 0.29560152133729717], [0.2349528784076926, 0.23731639625267684, 0.30794423356636147, 0.21978649167326905], [0.204307308901005, 0.16844691836481404, 0.3836812788961487, 0.24356449373803218], [0.22682528871489135, 0.17028922348373615, 0.24441658686388912, 0.35846890083748334], [0.29892548915734807, 0.25837954876223274, 0.22489288447038486, 0.21780207751003436], [0.27994731900119696, 0.2616597491735746, 0.2622260529204061, 0.19616687880482234], [0.26836152481504016, 0.22479642775173675, 0.19418082796663325, 0.31266121936658986], [0.26543926003427637, 0.23855118874826348, 0.2885178198294391, 0.2074917312880211], [0.5449136142594216, 0.15035696998330775, 0.14829114740905577, 0.1564382682482148], [0.5945229352558308, 0.13703761585064417, 0.12697392322421142, 0.1414655255693136], [0.6155551900678434, 0.12918317797915654, 0.11332346174937716, 0.1419381701036229], [0.6436196016891381, 0.1220236727624081, 0.11132107011844922, 0.12303565533000453], [0.6216739051045892, 0.13459805154192234, 0.10259604090156543, 0.14113200235192305], [0.6029971567833704, 0.14795518748673092, 0.1163591243347787, 0.13268853129511995], [0.24421759311227018, 0.19980168638320028, 0.273709867475525, 0.2822708529290045], [0.22870722283861136, 0.20072060527705263, 0.33186655231176454, 0.2387056194725715], [0.2801600479847189, 0.22394176492662254, 0.196418514721377, 0.29947967226728156], [0.2614067157631966, 0.22768409208637394, 0.31442713265810585, 0.19648205939232366], [0.28452906009689805, 0.2989819645582671, 0.20259554682136185, 0.21389342842347303], [0.2784317044956982, 0.297201417148301, 0.2411061257706969, 0.18326075248530388]], "ideal": "C", "sampled": "C", "correct": true}}
{"type": "result", "data": {"idx": 11, "options": ["Mary Parker Follett", "Elton Mayo", "Lillian Gilbreth", "Frederick Taylor"], "probs": [[0.04714446746401018, 0.8586899977454161, 0.03710310422695871, 0.05706243046361505], [0.07109786622333233, 0.8168225944478764, 0.05383366385930122, 0.05824587536949003], [0.023040114783728912, 0.0485042238961462, 0.8828260614095234, 0.04562959981060154], [0.06867400811946625, 0.08772334782361489, 0.17735644343794718, 0.6662462005189717], [0.034477110049630486, 0.0698284041483951, 0.8476251141871174, 0.04806937151485699], [0.07417046085528366, 0.08230867104218886, 0.15150719518243116, 0.6920136728200963], [0.9607298484020871, 0.015204057283222678, 0.010535738273702615, 0.013530355940987643], [0.9622443765484715, 0.014874347245432662, 0.012241380858006547, 0.010639895248089276], [0.9559398630402057, 0.016483870819395226, 0.012445306999375851, 0.015130959041023174], [0.9603961377486236, 0.015317426489552574, 0.012899690666800016, 0.011386744995023783], [0.9637865597368646, 0.014553071292529838, 0.011251326156761096, 0.010409042713844525], [0.9636221370790308, 0.01421399758659272, 0.010647883192266309, 0.011515982042110153], [0.01952213282275878, 0.049947944742891416, 0.8877532696223476, 0.04277665271200227], [0.0483136953926161, 0.08977401900391314, 0.18009660934983096, 0.6818156761536398], [0.03940988012339407, 0.8327192370835869, 0.05793711050831142, 0.06993377218470768], [0.04216006005133231, 0.8303446591611733, 0.06198327037973102, 0.0655120103077634], [0.036953369775517705, 0.05605097671611831, 0.3205768060170238, 0.5864188473913402], [0.025267841244816038, 0.05620046693977396, 0.8618306500686336, 0.05670104164677643], [0.02414929994337744, 0.07514196451589522, 0.8561249763228231, 0.04458375911790423], [0.04829304664844142, 0.11083377151573012, 0.12083220480664236, 0.7200409769291861], [0.06291198682966548, 0.7461968604012419, 0.11704479814607094, 0.0738463545230217], [0.04319672500099436, 0.8184293693671423, 0.057385389151952154, 0.08098851637991122], [0.035103748826455124, 0.06472525624422827, 0.2836644894408546, 0.616506505388462], [0.022764184974826542, 0.05182373789540793, 0.8657007039167272, 0.05971137311303833]], "ideal": "B", "sampled": "B", "correct": true}}
{"type": "result", "data": {"idx": 12, "options": ["Strategic", "Operational", "Functional", "Developmental"], "probs": [[0.07068763138206133, 0.0538013667947304, 0.09017484157896831, 0.7853361601442399], [0.08465454852709832, 0.08873602134198731, 0.7169708715701008, 0.10963855846081356], [0.07449374046139483, 0.056700247919864694, 0.12108501022349973, 0.7477210012952408], [0.0648124818797602, 0.07520104254925036, 0.7269099408176058, 0.13307653465338357], [0.17712593472749338, 0.5907644164887379, 0.10036313012050345, 0.13174651856326522], [0.18339843375928008, 0.5928336050290224, 0.07967697439337104, 0.14409098671832654], [0.07069636669952915, 0.12316166986301744, 0.07960118115340833, 0.726540782184045], [0.07178827699126314, 0.11745476981639076, 0.7163262241848567, 0.09443072890748941], [0.06531472406159276, 0.08066388843647816, 0.29782858044166455, 0.5561928069602645], [0.056328062853609535, 0.07881888647340135, 0.6828902922766478, 0.1819627582963413], [0.10322808112766521, 0.6688890705665028, 0.10422125845929577, 0.12366158974653625], [0.09787503665405409, 0.6441277884946656, 0.05373572205116326, 0.20426145270011706], [0.06794074582021, 0.08197833340411166, 0.1070156980655286, 0.7430652226101497], [0.06740224310527071, 0.09807539657211496, 0.7045326179713853, 0.12998974225122903], [0.06657748420699679, 0.08031670449181262, 0.30357878266298416, 0.5495270285382065], [0.06471209779592646, 0.086401035288246, 0.665832380412026, 0.1830544864038016], [0.10037854758753294, 0.640274624752312, 0.09371766912841399, 0.16562915843174106], [0.10035522505431421, 0.6060290471460905, 0.06542305048846497, 0.22819267721113026], [0.7362930020724361, 0.09283009723868096, 0.0735815807257969, 0.09729531986308607], [0.7328521958912085, 0.09991571716247667, 0.06168171183470204, 0.10555037501161277], [0.6464539813829766, 0.11580760862121929, 0.13787019354119698, 0.0998682163546071], [0.615046271877259, 0.1220147286072398, 0.07533579446595252, 0.18760320494954869], [0.6531177162470967, 0.1134241148716036, 0.1145602613572955, 0.11889790742400422], [0.6494303859715022, 0.10934227308437683, 0.07829415725790674, 0.1629331835862143]], "ideal": "A", "sampled": "D", "correct": false}}
{"type": "result", "data": {"idx": 13, "options": ["Guiding, mentoring and motivating", "Guiding, commanding and motivating", "Guiding, demonstrating and motivating", "Guiding, mentoring and demonstrating"], "probs": [[0.36916306061088333, 0.3285229156802953, 0.13937184005518036, 0.16294218355364098], [0.39242914956286334, 0.36037010783107826, 0.10586575531701037, 0.14133498718904805], [0.28844376535977057, 0.23182893596271203, 0.305728158153474, 0.1739991404240434], [0.3794490751162564, 0.22838482598740104, 0.22728531399011653, 0.16488078480622603], [0.4089423722321912, 0.22232696578119424, 0.2094791687427469, 0.15925149314386766], [0.4170426117180022, 0.22323217812688684, 0.18271257110254438, 0.17701263895256658], [0.48910980682980765, 0.23830416441107696, 0.12887330159935123, 0.14371272705976415], [0.5006696358321345, 0.24589632791029598, 0.11195743916982207, 0.14147659698774742], [0.4873180090893755, 0.18487828968106662, 0.17418564854310542, 0.15361805258645247], [0.38940668181111404, 0.18683935798033108, 0.15531468722796835, 0.26843927288058655], [0.39304153936027386, 0.18126896971830106, 0.28634359576390966, 0.13934589505751543], [0.3729987199678357, 0.21757372045686257, 0.17530140540190006, 0.23412615407340168], [0.31798036461956763, 0.28742970728549316, 0.21576668845492525, 0.17882323954001395], [0.31180110106030756, 0.2647374530656028, 0.2826133626027413, 0.14084808317134828], [0.3530439453705316, 0.29744016800291717, 0.16589398673550226, 0.18362189979104895], [0.32609444367464147, 0.2501437924530733, 0.14395747862870156, 0.2798042851435837], [0.2710479553325965, 0.1967642727210209, 0.3867731940264291, 0.14541457781995346], [0.27257025239126104, 0.20742432771039007, 0.1848851591163763, 0.3351202606819726], [0.2081871715520104, 0.3601460945202546, 0.2599618059148165, 0.1717049279129185], [0.25731324380109777, 0.3281383416283312, 0.19029510942299266, 0.22425330504757837], [0.21848846781980424, 0.29653318500731496, 0.34243850957536653, 0.1425398374975142], [0.2662489672297875, 0.2706805427000366, 0.20801077471067442, 0.25505971525950144], [0.20656685682978007, 0.13020885086403203, 0.5424739162265729, 0.12075037597961494], [0.25223719695314867, 0.16160271819401956, 0.20006006655987132, 0.38610001819296047]], "ideal": "A", "sampled": "A", "correct": true}}
{"type": "result", "data": {"idx": 14, "options": ["Incomplete information", "An agreed goal", "A structured problem", "High level of certainty regarding the environment"], "probs": [[0.41431855533869566, 0.2021801888415665, 0.19627178910987159, 0.18722946660986628], [0.39272318456785155, 0.20559152081315726, 0.214195108815324, 0.18749018570366718], [0.4251910257573949, 0.19339588908127658, 0.20783211849792163, 0.17358096656340685], [0.4394041495809504, 0.1862858169914381, 0.21477700237765407, 0.15953303094995744], [0.40587581365777214, 0.22266456977295895, 0.19226951035709933, 0.17919010611216957], [0.4506201974504552, 0.20335931770914734, 0.18114705112036006, 0.16487343362003742], [0.20477797968789635, 0.42112691931307356, 0.18853157194959583, 0.18556352894943426], [0.20371472805826743, 0.4222553653402547, 0.1950651112700311, 0.1789647952314468], [0.16557536277417473, 0.17512898852583414, 0.4557814691900744, 0.20351417940991673], [0.1884936951504621, 0.18158055432295278, 0.2353955498338116, 0.3945302005927735], [0.16995912788598871, 0.17976719139208797, 0.4644095599186927, 0.1858641207032306], [0.20726694473439455, 0.24855062733415711, 0.20636904545104692, 0.33781338238040143], [0.2301133435666913, 0.34348816608998517, 0.22736156119447884, 0.1990369290488447], [0.21594540772662782, 0.35963973399380594, 0.23616582152866003, 0.18824903665090623], [0.1638376536680575, 0.1666594867732972, 0.4617275939217116, 0.2077752655369337], [0.19146050510876075, 0.17057453094207187, 0.23722463843834418, 0.40074032541082316], [0.16443502656312986, 0.1880606235664684, 0.46343585153600697, 0.18406849823439478], [0.19985496102413405, 0.25117759771319603, 0.18834379961646566, 0.36062364154620424], [0.21834455942364092, 0.4184327832146525, 0.18586464883623624, 0.17735800842547036], [0.22275493704900412, 0.43022125314014525, 0.1823196830817579, 0.16470412662909273], [0.15835224798312872, 0.15978804943400365, 0.4901828388461315, 0.1916768636367361], [0.24242303089034975, 0.19205364523797297, 0.21968868519319773, 0.3458346385784795], [0.1846684879773147, 0.18344751668611697, 0.43467060764239956, 0.1972133875941688], [0.23911267808018224, 0.20643107638910482, 0.19418548002279168, 0.36027076540792125]], "ideal": "A", "sampled": "A", "correct": true}}
{"type": "result", "data": {"idx": 15, "options": ["Making people's strengths effective and their weaknesses irrelevant.", "Enhancing the ability of people to contribute.", "To operate the organisation's status system.", "Integrating people in a common venture by thinking through, setting and exemplifying the organisational objectives, values and goals."], "probs": [[0.24000232336494925, 0.22086044156456747, 0.23921817959457778, 0.2999190553759055], [0.23696279876489293, 0.21471964140651648, 0.24756569036698794, 0.30075186936160264], [0.24431332977275733, 0.24889107052632328, 0.22882840161250162, 0.2779671979884178], [0.231898870565666, 0.25741096944900715, 0.20705867993163724, 0.3036314799536896], [0.24683837976795966, 0.2636220933104244, 0.19753406056869313, 0.2920054662529228], [0.23019346131437393, 0.26171116208102063, 0.2137096023514066, 0.2943857741531988], [0.20418257096532047, 0.23208903226517708, 0.24366833667993187, 0.3200600599895706], [0.20412734148845263, 0.21456415949106342, 0.24347199497172367, 0.3378365039487603], [0.1956980853436109, 0.27050346536469677, 0.24098115026003053, 0.29281729893166175], [0.1949558374064419, 0.2983364640376531, 0.19127832001193812, 0.31542937844396685], [0.1991284310748464, 0.24875819309908775, 0.2249516512980867, 0.32716172442797914], [0.18425913545082384, 0.2411994790074739, 0.2572214747874128, 0.31731991065428944], [0.23385354525710778, 0.23089886855410927, 0.2312879527682051, 0.30395963332057785], [0.22207560802152854, 0.23703343810701158, 0.22645961898596043, 0.31443133478549945], [0.2077694237024439, 0.2003690004148386, 0.28102180358937523, 0.3108397721933423], [0.23457513747253705, 0.20754531023811082, 0.22298993168031483, 0.33488962050903726], [0.21416632190689608, 0.22505008501394905, 0.23801321569645836, 0.32277037728269653], [0.2476236707860514, 0.2243818524908431, 0.20608695156431087, 0.3219075250587946], [0.23139183910535027, 0.21973778960110163, 0.20824522398550716, 0.34062514720804093], [0.22278883719021159, 0.22704167323462182, 0.22727220909599352, 0.32289728037917304], [0.21504500297809942, 0.2042122008722776, 0.240943401488016, 0.33979939456160696], [0.2020725398436015, 0.19799155894947326, 0.27545835744194264, 0.3244775436649826], [0.21727214103933618, 0.2866772625553849, 0.2115019943651057, 0.28454860194017323], [0.21127534309378584, 0.30387142034157033, 0.19478526960915976, 0.2900679668554841]], "ideal": "C", "sampled": "C", "correct": true}}
{"type": "result", "data": {"idx": 16, "options": ["A theoretical assumption", "An illustration", "A theoretical model", "An example serving as a model"], "probs": [[0.5560746871284088, 0.11380832065708288, 0.12518362886225484, 0.2049333632522535], [0.2626848083561707, 0.10125895060470902, 0.4143254242402393, 0.22173081669888095], [0.6334589595056135, 0.1199092954209712, 0.06630300478741634, 0.1803287401859989], [0.6800422021063449, 0.11536150338567898, 0.12203209010012465, 0.08256420430785147], [0.568842747151478, 0.215856760291857, 0.07126635045141454, 0.1440341420052505], [0.5569367740155691, 0.20482153919207488, 0.14208565007729948, 0.0961560366150566], [0.08410450132918111, 0.5369293729195209, 0.15491108710193563, 0.2240550385493623], [0.07220104919692714, 0.29731356430104994, 0.45399611169038884, 0.17648927471163406], [0.08559829995963215, 0.6853961552112205, 0.06993726848669642, 0.15906827624245082], [0.08784349196387449, 0.687141115245493, 0.1383456875368764, 0.08666970515375609], [0.11254680555597656, 0.69044666748439, 0.07217849836282997, 0.12482802849680347], [0.1210546294597995, 0.6868619288970702, 0.09075346586905458, 0.10132997567407566], [0.6030341667731631, 0.11776483933676415, 0.07208779822601279, 0.20711319556405994], [0.68589646811295, 0.0995096146449373, 0.12999963624961736, 0.08459428089249527], [0.510049532074558, 0.11025892619158394, 0.09297445260051067, 0.2867170890333473], [0.32650467993410237, 0.10932620695128184, 0.44382897345626354, 0.12034013955835224], [0.6621250908271428, 0.15718012578166918, 0.08293802788208957, 0.09775675540909849], [0.6821010366182787, 0.14742024790586977, 0.07364204799549157, 0.0968366673803599], [0.551747449458312, 0.1890569804279244, 0.08535528309319129, 0.1738402869205723], [0.4926209596087932, 0.1897697654108108, 0.20405991981551672, 0.11354935506487926], [0.4707118202169133, 0.1336933056326135, 0.15662085775029774, 0.23897401630017542], [0.3931343467184931, 0.11979145287735632, 0.34220194048286395, 0.14487225982128663], [0.6129439792214413, 0.1635186161282331, 0.10826819953638499, 0.11526920501394061], [0.7063048498419433, 0.12069704138273431, 0.07275726049165132, 0.10024084818367109]], "ideal": "D", "sampled": "D", "correct": true}}
