{"type": "result", "data": {"idx": 0, "options": ["jus in bello.", "jus ad bellum.", "moral nihilism.", "all of the above"], "probs": [[0.7896084225782904, 0.09732502009053554, 0.04645268662330508, 0.06661387060786898], [0.7352719436609731, 0.1118865538199438, 0.0990076896332635, 0.053833812785819515], [0.6596507835144831, 0.10359931246206547, 0.11415679135888183, 0.12259311256456958], [0.7273422858126721, 0.08827239032633136, 0.10436767662379184, 0.08001764713720466], [0.7020987533112641, 0.1518824752969581, 0.0895245332004211, 0.056494238091356584], [0.7519071501361806, 0.12770063840846566, 0.055936279173733734, 0.06445593218162003], [0.6377935672319286, 0.20888880293797493, 0.06385394597176719, 0.08946368375832925], [0.5857413657472088, 0.21564844453273757, 0.13216104314429925, 0.0664491464757544], [0.47318709916643503, 0.1142387270862202, 0.2506664133616226, 0.1619077602857222], [0.5816979201694866, 0.1093776075760307, 0.1610825169651258, 0.14784195518935692], [0.4856406151762742, 0.21068504450598532, 0.23233528432906903, 0.07133905588867145], [0.5578105962044895, 0.1870746137450628, 0.09436334528034021, 0.16075144467010752], [0.22555653266841044, 0.3616013092156837, 0.2062877508622241, 0.20655440715368178], [0.2422634588755262, 0.41050492489688545, 0.19717963940378236, 0.15005197672380605], [0.21491074880165617, 0.3112030075358534, 0.2525222338859377, 0.22136400967655273], [0.2466296888139037, 0.3546477012674168, 0.20240088106755305, 0.19632172875112647], [0.19079615105242048, 0.20836921096515226, 0.41335359311094877, 0.18748104477147848], [0.19081974596319976, 0.19278929210133547, 0.36183695079752287, 0.25455401103794184], [0.19307666583492286, 0.5652156345305361, 0.15568002708904755, 0.08602767244549347], [0.17864573824684, 0.5744512462618471, 0.10708761560264689, 0.139815399788666], [0.21040098680539443, 0.43310776993932176, 0.25895220424554355, 0.09753903890974024], [0.2156218253557291, 0.43375533096839153, 0.11776397990261955, 0.2328588636732598], [0.22027220157971947, 0.19317123579792508, 0.3954340576049737, 0.19112250491738175], [0.23083312119222674, 0.19319091159584664, 0.34889428764388014, 0.22708167946804644]], "ideal": "A", "sampled": "A", "correct": true}}
{"type": "result", "data": {"idx": 1, "options": ["violates human dignity.", "fails a prima facie duty of honesty.", "is tantamount to asserting that you are infallible.", "is a risk worth taking of the speech is dangerous enough."], "probs": [[0.22383451637134633, 0.2792452781550945, 0.2859883819225829, 0.21093182345097627], [0.21915669737054802, 0.2844179570390478, 0.2713395952907066, 0.22508575019969754], [0.23395063677923764, 0.3779081814479867, 0.21517347438488818, 0.17296770728788746], [0.2509680463747308, 0.3990490377400488, 0.18110312390574654, 0.16887979187947386], [0.27956564897874686, 0.2803564834526851, 0.22341984349757477, 0.2166580239709933], [0.2516157514373091, 0.26436506517426195, 0.28590406686617625, 0.19811511642225269], [0.3909152978813321, 0.21963026936422533, 0.1939281340600715, 0.19552629859437107], [0.38563746784701197, 0.22541180586664517, 0.20049158035436426, 0.1884591458319786], [0.3723749781139369, 0.26249394451491187, 0.16051168793220366, 0.20461938933894763], [0.457994761540702, 0.267608626600647, 0.14893814032149214, 0.12545847143715882], [0.44646590943640196, 0.23387874660537342, 0.14979626236848137, 0.1698590814897432], [0.4917306298557307, 0.22550715357833, 0.1562042329276899, 0.1265579835382494], [0.6145185414688754, 0.1330069939065187, 0.11834669464676348, 0.13412776987784242], [0.6560777581221942, 0.12145261395943437, 0.10471709859475958, 0.11775252922361187], [0.531942800586161, 0.18118778409301695, 0.13055281728848084, 0.1563165979323413], [0.6137814566906051, 0.16794836644600483, 0.1163547941654407, 0.10191538259794934], [0.7080390837664942, 0.10048230436982312, 0.08938244462959878, 0.10209616713408395], [0.7100427308723193, 0.10156404453016046, 0.10481281066709502, 0.08358041383042518], [0.3623925609103696, 0.20700010090486926, 0.21356351136054597, 0.2170438267242152], [0.31583857062521387, 0.2092459170423427, 0.2604983707927682, 0.21441714143967522], [0.31237235662197627, 0.29205793139398145, 0.18843026457332768, 0.20713944731071457], [0.3369803625908172, 0.30286642003409053, 0.21136919522051714, 0.14878402205457514], [0.23503127602559085, 0.443794634523992, 0.16053063632615272, 0.16064345302426444], [0.2464480922438194, 0.4511015578325032, 0.17921316087798772, 0.12323718894568966]], "ideal": "C", "sampled": "C", "correct": true}}
{"type": "result", "data": {"idx": 2, "options": ["obscures the harms of noncoerced, consensual sex by implying that because what is coerced is bad what is noncoerced is good.", "obscures the harms of rape by equating all sex with nonconsensual sex.", "by not acknowledging a distinction between what is good and what noncoerced, has led to the acknowledgement of the harms of consensual sex.", "All of the above"], "probs": [[0.24766739448417308, 0.1310362258731288, 0.13301854230678695, 0.48827783723591117], [0.40111978642744656, 0.14371470677265724, 0.2981632262717576, 0.1570022804281386], [0.21531762982680056, 0.10288095111417704, 0.14963581223913047, 0.5321656067198919], [0.44026603278284554, 0.15892676227858285, 0.19956941302670467, 0.20123779181186693], [0.40127484790619306, 0.25873600662934243, 0.16059544202285078, 0.17939370334161375], [0.4291470136046726, 0.2597002917000492, 0.12253784737594048, 0.1886148472193377], [0.23818398939278024, 0.13729309362547124, 0.14042797030165025, 0.4840949465800983], [0.3756623565775003, 0.14543026684260418, 0.33657270666571404, 0.14233466981418144], [0.21507917823158793, 0.11739648394743936, 0.18744533181056489, 0.4800790059104078], [0.3591614174233756, 0.1732401005226017, 0.2464294208765787, 0.22116906107744397], [0.3388972080072294, 0.2680033583371047, 0.21029564972827033, 0.18280378382739557], [0.3605756216966486, 0.26775381365354284, 0.1547116958152271, 0.2169588687345815], [0.1709462851114988, 0.10987945644948797, 0.12344633786635943, 0.5957279204726538], [0.34291208723262556, 0.2624212644778768, 0.19957790077252763, 0.19508874741697002], [0.18946489831002014, 0.12088262378618243, 0.1423039148777272, 0.5473485629260701], [0.33945346381031616, 0.20704035767392714, 0.246043581431991, 0.20746259698376565], [0.2281159264269012, 0.17596233675936082, 0.3534123161117023, 0.24250942060203565], [0.22985843626768251, 0.17324114817910047, 0.3240886531717743, 0.27281176228144266], [0.2502208687147746, 0.3724287803460576, 0.17175717906064594, 0.20559317177852182], [0.24567757178356817, 0.39213203795606505, 0.14069214252179396, 0.2214982476385728], [0.20898571296947907, 0.4354720944405422, 0.17287455239840308, 0.18266764009157566], [0.2095594766395185, 0.3853230292806059, 0.16406798850051962, 0.24104950547935597], [0.22188868455191793, 0.22501707894289164, 0.30579798499274036, 0.24729625141245007], [0.22597344890878224, 0.20384561130886134, 0.29969848092475115, 0.27048245875760524]], "ideal": "A", "sampled": "D", "correct": false}}
{"type": "result", "data": {"idx": 3, "options": ["its quantity alone.", "its quality alone.", "both its quantity and its quality.", "neither its quantity nor its quality."], "probs": [[0.045590362758989415, 0.08593911548680301, 0.8132317540244869, 0.055238767629720735], [0.1401526266287261, 0.15554122062207854, 0.1279762910462369, 0.5763298616029585], [0.08933895858727688, 0.7587762502521574, 0.0975231531817663, 0.05436163787879936], [0.08433195148795532, 0.7562111043048833, 0.08060480568983408, 0.07885213841732731], [0.12252980575447375, 0.13274370930353088, 0.4957943597643453, 0.24893212507765006], [0.0667513186697712, 0.07689971017439977, 0.7815839342581438, 0.07476503679768522], [0.050888979456371795, 0.08334370204997203, 0.8074068666904467, 0.05836045170320948], [0.1851836878758027, 0.13796272410285126, 0.14133108713786272, 0.5355225007834833], [0.2310944646365814, 0.5572918056884419, 0.12500996886433768, 0.08660376071063894], [0.2045466513592096, 0.5859162981495347, 0.11414189230677174, 0.09539515808448389], [0.20256729723822908, 0.13007423474194588, 0.17805427576391955, 0.4893041921559055], [0.09352739293723913, 0.08792744707073831, 0.7413196673444622, 0.07722549254756035], [0.833111172441285, 0.0701851899624056, 0.05416586300741553, 0.04253777448889389], [0.8022815793545357, 0.07594149011951645, 0.05684969349362629, 0.06492723693232157], [0.7699325450505016, 0.1240436844688682, 0.056307433351982544, 0.049716337028647736], [0.7629297629906353, 0.1277943196260844, 0.05846459901651522, 0.05081131826676512], [0.8589464445259677, 0.053774070108768536, 0.048885923321325735, 0.03839356194393808], [0.7774644667056088, 0.06805274786982578, 0.10877906773147877, 0.045703717593086716], [0.08325568864891797, 0.05827706874508133, 0.11674350145294407, 0.7417237410530566], [0.04452112342160887, 0.05376430708505267, 0.8452068130011676, 0.0565077563921708], [0.16845496499209772, 0.13467501503894092, 0.14917901601429148, 0.5476910038546698], [0.1065086310060867, 0.14690981256573757, 0.652226125673319, 0.09435543065485678], [0.23517470848668146, 0.4776413297878495, 0.14532249731391314, 0.14186146431155586], [0.21584158329587508, 0.41505609392485576, 0.2495570685629931, 0.11954525411627606]], "ideal": "C", "sampled": "C", "correct": true}}
{"type": "result", "data": {"idx": 4, "options": ["the animal.", "the wider effects on human beings.", "both A and B", "neither A nor B"], "probs": [[0.22127675836715208, 0.23979520734506235, 0.338412453999799, 0.20051558018798654], [0.2509841695470216, 0.26992867198654835, 0.21518749637798806, 0.263899661988442], [0.13328848877176286, 0.09764958244814688, 0.5171988048423609, 0.25186312383772935], [0.17982914238133668, 0.08374416452952488, 0.16662795095142613, 0.5697987420377123], [0.11794434268834467, 0.09721131311329552, 0.48714985636145414, 0.29769448773690566], [0.20995508996666723, 0.09935378731229415, 0.2188857728356054, 0.47180534978543326], [0.22589043117127577, 0.32957184802532385, 0.27751884275162886, 0.1670188779517715], [0.2967311828057622, 0.2974951057582163, 0.20283321148611952, 0.20294049984990192], [0.22431143447565738, 0.11029465166733446, 0.4730003036681584, 0.19239361008884978], [0.35179864832521185, 0.14016867963806784, 0.23311784513768147, 0.27491482679903884], [0.23932718871633282, 0.13981768279141213, 0.40227063886865627, 0.21858448952359877], [0.35817907858093884, 0.15924154932284348, 0.2355458990492966, 0.24703347294692107], [0.14381515121123595, 0.33310619988053686, 0.33037794644044466, 0.19270070236778256], [0.20415743605944858, 0.2713476838502596, 0.18634922143514598, 0.33814565855514583], [0.14604240252423195, 0.22326278857612092, 0.4772042391124179, 0.15349056968722927], [0.20668117749719134, 0.34470891537116877, 0.17583736595521576, 0.2727725410764241], [0.17107377601689003, 0.11958539541560047, 0.39599576263611685, 0.3133450658313926], [0.14816744237904067, 0.0921284177902911, 0.37080767529532205, 0.38889646443534615], [0.11484436518527459, 0.27421199864071305, 0.3255602966584996, 0.28538333941551275], [0.16591455040703068, 0.280937969656507, 0.19749547539166556, 0.3556520044447967], [0.12356477689866294, 0.27067766599174853, 0.375904603857381, 0.22985295315220752], [0.1570209641439223, 0.3309715241918611, 0.21512531270355553, 0.2968821988606611], [0.15714528920948695, 0.14555983027016126, 0.3634742741895689, 0.3338206062307829], [0.14144133029953843, 0.11652274428632899, 0.40417709942590613, 0.33785882588822647]], "ideal": "B", "sampled": "B", "correct": true}}
{"type": "result", "data": {"idx": 5, "options": ["skin cell nuclear transfer", "stem cell nuclear transmission", "somatic cell nuclear transfer", "none of the above"], "probs": [[0.04037468345523539, 0.02733516462876846, 0.8716221905474113, 0.060667961268584855], [0.05446884116684358, 0.022534633388868065, 0.02916704720215962, 0.8938294781421288], [0.046716026565562625, 0.9106562656409225, 0.014482413295752596, 0.0281452943977623], [0.06089362883592895, 0.8891276186335487, 0.019327006080184495, 0.030651746350337777], [0.05949331365074984, 0.027454610677225523, 0.04492956428877213, 0.8681225112832525], [0.02986647163429155, 0.03897348628964038, 0.8953782206734607, 0.03578182130260728], [0.037344867970398515, 0.07909334930046168, 0.8256544789185606, 0.057907303710579235], [0.05354877144887034, 0.052304226389585824, 0.028898924499960635, 0.8652480775615832], [0.04809523248697166, 0.9086641325063205, 0.015379642407603856, 0.02786099249910403], [0.057834620758989236, 0.8919490458601537, 0.01849672360258158, 0.03171960967827551], [0.030161886777621143, 0.021231136221336495, 0.3374560911318603, 0.611150885769182], [0.026692684760200997, 0.0365021203597297, 0.8927523473654573, 0.04405284741461198], [0.9763521346973042, 0.01156152783086909, 0.0043905606615908714, 0.007695776710235813], [0.9700696620511156, 0.014633943620626979, 0.005780185884477552, 0.009516208343779897], [0.9754319326269839, 0.01173165363698744, 0.00477925601524829, 0.008057157620780388], [0.9655829619587232, 0.016374117692059858, 0.0068843927413306675, 0.011158527507886328], [0.965332637807093, 0.018119717957945338, 0.006776268715007006, 0.009771375419954625], [0.9642844022884985, 0.01881919277788021, 0.006982848419551978, 0.009913556414069317], [0.03146342334318236, 0.1089460155326899, 0.02163576248983387, 0.8379547985342939], [0.021586367657239088, 0.22859324299685896, 0.7103907995110511, 0.039429589734850806], [0.030870265760760324, 0.11924173516163065, 0.06536057836694134, 0.7845274206106677], [0.022627074488120735, 0.15347654001074887, 0.7744239601416308, 0.049472425259499596], [0.04474282992652101, 0.91391509421748, 0.016217438442063435, 0.02512463731393564], [0.04096937907554608, 0.9190624674381174, 0.014505105576405075, 0.025463047809931496]], "ideal": "C", "sampled": "C", "correct": true}}
{"type": "result", "data": {"idx": 6, "options": ["we allow the patient to harm him- or herself.", "we force doctors to harm the patient.", "we harm the patient's family.", "we harm the patient."], "probs": [[0.26950056562860475, 0.1587633710388045, 0.134812659077842, 0.43692340415474873], [0.31914861560482355, 0.21479636958493914, 0.30580441773734285, 0.16025059697289445], [0.2255236090593622, 0.1092491018309442, 0.14944674783845935, 0.5157805411712343], [0.26932700663117415, 0.1537582083262761, 0.38163550547015485, 0.19527927947239493], [0.40366216888470796, 0.29603755029999873, 0.16225260252741783, 0.13804767818787544], [0.39589315648888357, 0.2791814207751519, 0.14832441507286745, 0.17660100756309705], [0.16273886448719513, 0.5151690993738317, 0.13526377483635857, 0.1868282612026146], [0.17314761488313382, 0.5190374734693853, 0.1936754540828926, 0.11413945746458824], [0.12485327942473713, 0.0782791771893655, 0.515770212234246, 0.2810973310516514], [0.12220976806903439, 0.06868035425419794, 0.18824125491333868, 0.620868622663429], [0.11694755752549012, 0.16150987628006752, 0.6255579776602671, 0.09598458843417518], [0.13466586572569614, 0.09418347757659704, 0.09272776819517092, 0.6784228884025358], [0.19367486236542866, 0.34104770418571334, 0.16353356836590982, 0.3017438649829482], [0.17335601149255972, 0.3005994558033751, 0.36852350827346564, 0.15752102433059953], [0.12840800368717722, 0.10501213683664126, 0.5518624946478233, 0.21471736472835817], [0.1299849647893026, 0.0840742544773433, 0.1896036188712215, 0.5963371617621326], [0.1364755759031855, 0.20540955354589174, 0.5014040394906862, 0.1567108309602365], [0.1676623995086139, 0.1603117608910192, 0.12685403415564792, 0.545171805344719], [0.1869755047303732, 0.5430853840966127, 0.15057678182608372, 0.11936232924693047], [0.1745393075011681, 0.5395957070169959, 0.14166311496083564, 0.14420187042100038], [0.14078435510157894, 0.15263988303565285, 0.577592560257262, 0.12898320150550618], [0.1374124525016618, 0.08480849482127094, 0.08547965799253257, 0.6922993945845347], [0.13489568634161506, 0.11744554689679935, 0.5706427862861164, 0.17701598037546912], [0.14649881421054695, 0.08428701757541834, 0.11256058512992588, 0.6566535829841088]], "ideal": "D", "sampled": "A", "correct": false}}
{"type": "result", "data": {"idx": 7, "options": ["preventive", "proportional", "equality", "retaliatory"], "probs": [[0.15984995661567547, 0.3754802047830849, 0.2683056294649755, 0.19636420903626414], [0.17467057703178832, 0.34007126089510054, 0.30736082789208496, 0.17789733408102618], [0.12168623032737856, 0.1613960302026709, 0.535122942910988, 0.1817947964589624], [0.17084544168993535, 0.22314974170851248, 0.38935826965364617, 0.21664654684790596], [0.1669180268688455, 0.27784315658986036, 0.39556393056401257, 0.1596748858772816], [0.1920804346655713, 0.31973807926187797, 0.27160503096278626, 0.21657645500976444], [0.426981432007215, 0.17262346065176226, 0.25144142659299756, 0.14895368064802514], [0.37424932233602537, 0.1943013879029736, 0.2557026927348365, 0.17574659692616454], [0.4150684835356922, 0.222435969426382, 0.1918126522082898, 0.17068289472963602], [0.3669156079086969, 0.22632941264140183, 0.2448833399038505, 0.1618716394460508], [0.34150093281577965, 0.3089859141251522, 0.17198562364071907, 0.17752752931834911], [0.33482957880813113, 0.2913613107914825, 0.21658774363580333, 0.15722136666458306], [0.1546011520886449, 0.17541127872467455, 0.47082565807087756, 0.199161911015803], [0.20516378869800836, 0.22386252544276652, 0.3340412030177874, 0.23693248274143772], [0.2415514999155324, 0.35214894481730197, 0.2054508297617795, 0.20084872540538612], [0.21283696272573938, 0.29144668141897695, 0.32554250467230106, 0.17017385108298258], [0.24149332887459815, 0.27193953224917017, 0.23464764560782744, 0.25191949316840423], [0.18512616387212472, 0.22719148814752413, 0.4091299060679092, 0.17855244181244195], [0.1575091402451753, 0.1563960085531841, 0.5477882868005144, 0.1383065643011262], [0.24624005691450274, 0.21080607801970036, 0.2978117852453141, 0.2451420797204828], [0.2652052443056407, 0.34119147497047375, 0.20058196776723977, 0.19302131285664575], [0.25209837773754923, 0.33731528610618455, 0.2355128938392789, 0.1750734422169873], [0.27517231476021886, 0.27131458305642114, 0.20983683435496897, 0.243676267728391], [0.1935883048824613, 0.23389873002224285, 0.40510374869207144, 0.16740921630322442]], "ideal": "B", "sampled": "B", "correct": true}}
{"type": "result", "data": {"idx": 8, "options": ["consequentialism", "Kantianism", "virtue ethics", "contractualism"], "probs": [[0.5348977127197312, 0.15451285810636953, 0.16863504535448742, 0.14195438371941188], [0.5367541588750671, 0.15383869981188783, 0.15048562581908115, 0.15892151539396396], [0.5046288816236814, 0.18866423698373766, 0.16413944468825445, 0.14256743660432655], [0.5088808015803361, 0.19325070369174807, 0.15070118233099347, 0.14716731229692234], [0.5074227745369619, 0.15726155593839902, 0.16635433336297098, 0.16896133606166802], [0.49905706190627735, 0.1608394259178646, 0.18399219487246044, 0.15611131720339763], [0.3185772204504553, 0.32402490600609324, 0.18919997841612016, 0.16819789502733132], [0.32189939861801214, 0.33778662996132736, 0.16221324332879686, 0.17810072799186363], [0.29618085751764384, 0.22733342171422624, 0.2878099808320177, 0.18867573983611224], [0.24059966921187492, 0.16291293985743208, 0.18920022811190418, 0.4072871627187888], [0.28454154739230336, 0.20200090981480517, 0.30630808850806623, 0.2071494541848252], [0.24475784628579128, 0.14973797500197925, 0.20988326011685218, 0.3956209184953773], [0.3031711921265221, 0.34655368841034184, 0.1785641935075204, 0.17171092585561565], [0.30679041601317497, 0.3562157504830543, 0.1632389897427486, 0.17375484366102212], [0.30148447455384914, 0.20096082092185344, 0.30700735169581195, 0.19054735272848553], [0.24680535879623355, 0.1619386749431077, 0.19258051247844213, 0.3986754536822166], [0.29382554131528305, 0.19587619892599725, 0.3186365413143964, 0.1916617183443233], [0.2556124138865254, 0.15150285126967766, 0.2140145440174796, 0.37887019072631734], [0.2122081061830426, 0.36712718251199034, 0.21605692682065714, 0.20460778438430993], [0.20539091219351788, 0.35812630712196747, 0.2445465885670824, 0.19193619201743223], [0.1950575411124675, 0.2078290730506969, 0.36841800805222374, 0.22869537768461184], [0.1807502561850476, 0.17668849754618493, 0.26157984914488, 0.3809813970238875], [0.19088955790546652, 0.2983767776899216, 0.31323252058570045, 0.1975011437189114], [0.18395083318521122, 0.2597115519512065, 0.24242237614253168, 0.31391523862105064]], "ideal": "D", "sampled": "A", "correct": false}}
{"type": "result", "data": {"idx": 9, "options": ["institutional adequacy", "dispersion of causes and effects", "fragmentation of agency", "all of the above"], "probs": [[0.21795953483250385, 0.1647488152108427, 0.2203176286548949, 0.39697402120175856], [0.30818191626837466, 0.23302370654731855, 0.2930280609587071, 0.1657663161255997], [0.16326346474823678, 0.14766615017762227, 0.3414627218776847, 0.3476076630964562], [0.29780514820250953, 0.21658232606762418, 0.28769429249832756, 0.19791823313153872], [0.1944647795405497, 0.18434425479186844, 0.3979312898796679, 0.22325967568791397], [0.22919044237810926, 0.1831159171743251, 0.28441128555689205, 0.30328235479067356], [0.3223227118085145, 0.15968463599494795, 0.18125458739727526, 0.3367380646992623], [0.39233391303866005, 0.18691999651350988, 0.23321651715043, 0.18752957319740002], [0.4689512620241073, 0.15469406774127384, 0.12258196058510731, 0.25377270954951153], [0.49201936210386343, 0.16357791150796122, 0.19622309475837116, 0.14817963152980418], [0.4572135737496334, 0.22651618379300373, 0.12052617786325491, 0.19574406449410794], [0.45684490707522046, 0.2245789817864711, 0.1419211752798354, 0.17665493575847302], [0.19817073037001923, 0.15208779953781895, 0.3055080907713479, 0.34423337922081393], [0.3347404350712006, 0.21144664600532728, 0.2680122593971142, 0.18580065942635793], [0.29004916978035394, 0.24262133599807517, 0.1618861729025807, 0.30544332121899015], [0.32645006443797686, 0.2976856364467617, 0.22694976149985568, 0.14891453751540576], [0.2848804507900372, 0.24804145846147096, 0.16676745810130128, 0.30031063254719054], [0.21169327425668022, 0.22923365356813408, 0.3881956703158048, 0.1708774017593809], [0.2539053743568055, 0.20434436776631423, 0.2844868174885271, 0.2572634402883532], [0.2950345189564082, 0.2000835180057619, 0.19128426337462345, 0.3135976995632065], [0.3580309823723759, 0.27487900737387494, 0.1439563782025661, 0.22313363195118308], [0.3254167984783555, 0.3183103156023255, 0.162833762706421, 0.19343912311289801], [0.324164360729226, 0.20483289656974957, 0.17416913805650427, 0.2968336045445201], [0.21530756352178895, 0.2025396972692129, 0.3708385824786327, 0.21131415663036546]], "ideal": "D", "sampled": "B", "correct": false}}
{"type": "result", "data": {"idx": 10, "options": ["the problem of massive world overpopulation over generations.", "the problem that the bad effects of current carbon dioxide emissions will fall largely on future generations.", "the problem that the compounding effects of greenhouse gas emissions require the current generation to, in effect, cooperate with future generations.", "the problem that countries are possibly biased toward the interests of the current generation, which largely benefits from carbon dioxide emissions."], "probs": [[0.04982023294583863, 0.8181694714720098, 0.07547000021675272, 0.056540295265398784], [0.05077168117976537, 0.8271314727225124, 0.04926763254205097, 0.07282921345567124], [0.07180812476632618, 0.7553326768169215, 0.10788958920538333, 0.06496960911136894], [0.06507186687939133, 0.6529728270857156, 0.07154768811266929, 0.21040761782222384], [0.035093503755392254, 0.08358295725848422, 0.7879820201062023, 0.09334151877992121], [0.057339470280972867, 0.1547767404478432, 0.3177956999672772, 0.47008808920390677], [0.7104500478507165, 0.08098632781152942, 0.13472741740542876, 0.07383620683232531], [0.7978986530619868, 0.06499908888062195, 0.05923135227576409, 0.07787090568162715], [0.8156384813239267, 0.09896057105858672, 0.03673338616023295, 0.04866756135725365], [0.7711482873130066, 0.11736535629545282, 0.053782677012747894, 0.05770367927879268], [0.8351600516449694, 0.06390783744686018, 0.039409613920991106, 0.06152249688717925], [0.7709946286952802, 0.08584721001807241, 0.08591357978705622, 0.057244581399591175], [0.30155917100396645, 0.0739200912663899, 0.5302113732102374, 0.09430936441940622], [0.2288689472627837, 0.05880165493943993, 0.08901114049040439, 0.623318257207372], [0.8084187590896348, 0.09808810923199769, 0.04600777557727994, 0.047485356001087546], [0.7853640737635403, 0.1088301514986817, 0.057838148070195806, 0.04796762656758211], [0.20099481646165865, 0.0831690852659673, 0.06582851354587504, 0.650007584626499], [0.32016410943399826, 0.13775935562426087, 0.4487626485262179, 0.09331388631552301], [0.06324120931312671, 0.03605301436065864, 0.8218657418502675, 0.0788400343759471], [0.11164550731657476, 0.04583560777374825, 0.23294371884841203, 0.6095751659612649], [0.10826367601472171, 0.7646061577917344, 0.049626308125569285, 0.07750385796797468], [0.11545639311922777, 0.730958510400893, 0.0935905561712588, 0.059994540208620474], [0.14936948154943913, 0.1964436515174384, 0.06687344014438062, 0.5873134266887419], [0.16026096163772027, 0.37600514569102594, 0.3791358200762208, 0.08459807249503297]], "ideal": "D", "sampled": "B", "correct": false}}
{"type": "result", "data": {"idx": 11, "options": ["it fails to reconcile prima facie duties.", "it can run counter to a person's being able to integrate her commitments at various levels.", "it can run counter to the idea that persons are atomistic and individually rational actors.", "it fails to recognize that possibility that the persons are best understood in relation to one another."], "probs": [[0.29772575355805064, 0.2602992239200397, 0.1629126147951017, 0.279062407626808], [0.361890435182622, 0.2833481132700813, 0.16781020162811644, 0.18695124981918024], [0.32263447869667233, 0.17360829787877707, 0.2531556411384019, 0.2506015821861487], [0.2757930755339441, 0.16167287526898133, 0.33275055881987436, 0.2297834902772002], [0.3846486806484858, 0.20833370087447609, 0.2068401425870049, 0.20017747579003323], [0.41265475745842933, 0.2018870413101488, 0.16737796364540972, 0.2180802374860121], [0.42741784016494466, 0.17479414787893843, 0.15696815590291066, 0.24081985595320626], [0.47177533884768624, 0.1741136707455546, 0.1716792979164315, 0.1824316923903277], [0.4125088154857114, 0.15110448001304203, 0.17706832287925056, 0.259318381521996], [0.3966387987741918, 0.14989204256549488, 0.25785096708785976, 0.19561819147245355], [0.4613497256771316, 0.16888003049592176, 0.18575288353492966, 0.18401736019201698], [0.48810102005193307, 0.17588516102120244, 0.16153608742338604, 0.17447773140347841], [0.28323011743484494, 0.17549555968986674, 0.2878999325971018, 0.25337439017818647], [0.23503022593979822, 0.1598418849499686, 0.36135656714868714, 0.24377132186154607], [0.21524468703634875, 0.3747652284356274, 0.14882564986724478, 0.2611644345607791], [0.24389855197764446, 0.33846553652380496, 0.22524456341928015, 0.19239134797927046], [0.17700119842312578, 0.5452031059078487, 0.11472429675875145, 0.16307139881027408], [0.22038464750896514, 0.4593641850177155, 0.1557773430887247, 0.16447382428459467], [0.4859300842949646, 0.15819619047229178, 0.17807073460650333, 0.17780299052624027], [0.47226025242075637, 0.16498885555438797, 0.1638279359228119, 0.19892295600204377], [0.4067066614449612, 0.24761748666205555, 0.1729528287590068, 0.1727230230339764], [0.40173238511836556, 0.2563323974353043, 0.1617046743469658, 0.18023054299936433], [0.4650561788246598, 0.22565738709442595, 0.13370955786020938, 0.17557687612070483], [0.42930055721428007, 0.1911483172367852, 0.19288208216517186, 0.18666904328376285]], "ideal": "B", "sampled": "D", "correct": false}}
{"type": "result", "data": {"idx": 12, "options": ["often have to be made quickly and without immediate authorization.", "should be made with visibility and accountability by the highest-level officials.", "have no objective answer.", "none of the above"], "probs": [[0.7795059068843477, 0.06252803373665437, 0.05312814958817081, 0.10483790969082703], [0.7399008704004184, 0.07680882341073915, 0.07571751454346771, 0.10757279154537475], [0.6996210500067737, 0.0737751242247154, 0.09486558608362987, 0.13173823958488107], [0.6194435726645183, 0.08454975243853935, 0.08951195862065449, 0.20649471617628787], [0.6366701172897583, 0.10319404379881171, 0.11442244882052166, 0.14571338999090833], [0.5624834172800199, 0.10015153660030052, 0.10938568912725734, 0.22797935689242216], [0.18675270436903676, 0.6136267596066362, 0.098630747842438, 0.10098978808188908], [0.24523886824682756, 0.5497824239812635, 0.10328228564254767, 0.10169642202936119], [0.3493409596328845, 0.11989588498335685, 0.38236479238181736, 0.14839836290194133], [0.3923994121278148, 0.1368712525490519, 0.13612074064207064, 0.3346085945810626], [0.17743023699445742, 0.09810799066909592, 0.5584902000318711, 0.16597157220457553], [0.24836403878934948, 0.0866262886846972, 0.16859660538547272, 0.4964130670404806], [0.17312802888593398, 0.5342614809414385, 0.13942686137434906, 0.15318362869827837], [0.22350935960139776, 0.505013439492343, 0.12095536404616397, 0.1505218367600953], [0.11822752781823637, 0.3482607421092728, 0.3892564272134043, 0.1442553027590865], [0.1445062287825943, 0.48653712138828314, 0.11831825794112268, 0.2506383917879999], [0.19293101757633999, 0.1257319841080945, 0.4306265220825456, 0.25071047613301994], [0.08215974893106351, 0.08355558538263563, 0.6153104809010065, 0.2189741846852944], [0.11077200705064227, 0.6145828595391537, 0.1228722111536052, 0.15177292215659888], [0.12769044649015984, 0.5828832257056757, 0.11298196509136026, 0.17644436261280413], [0.1287038662514689, 0.4870228316005663, 0.20783584437186906, 0.17643745767609573], [0.12916508315702063, 0.5042253136130601, 0.12069055436834782, 0.24591904876157142], [0.15476644835862569, 0.349694683381456, 0.262320029903643, 0.23321883825627535], [0.11825970423084275, 0.254836570085689, 0.39262920669047646, 0.23427451889299178]], "ideal": "B", "sampled": "A", "correct": false}}
{"type": "result", "data": {"idx": 13, "options": ["to minimize damage incurred by all individual living beings.", "to minimize the suffering of all sentient creatures.", "to promote the functional integrity of ecosystems.", "to promote human welfare."], "probs": [[0.14766630359004215, 0.17991453525840975, 0.21898939181069638, 0.4534297692408517], [0.15344663648769477, 0.24406577245234579, 0.2684009492904192, 0.3340866416695402], [0.14961073469859634, 0.2183172353131563, 0.27423770458806657, 0.3578343253001808], [0.13683783191040708, 0.23343873120365283, 0.3828071127266075, 0.24691632405933256], [0.13459932802761673, 0.2881832122514551, 0.2818579375462008, 0.2953595220747274], [0.14617140990737096, 0.36595821630586706, 0.23826150308688787, 0.2496088705998741], [0.16842277220872562, 0.11961803494972348, 0.18263865869425241, 0.5293205340472985], [0.19742586010844942, 0.15649685495267246, 0.2667928079516052, 0.3792844768872729], [0.17909766042368228, 0.19559901335067148, 0.15486148690499668, 0.4704418392206495], [0.13799808867365912, 0.21935559114839237, 0.4410484296735999, 0.20159789040434856], [0.19224709843403173, 0.3130573127271791, 0.18129158558497643, 0.31340400315381267], [0.18301906507952473, 0.39811228501297785, 0.22338155908354504, 0.19548709072395237], [0.1231143724367446, 0.10301637747732915, 0.192736254017889, 0.5811329959680372], [0.12632601604886604, 0.12458455470999227, 0.471920547979929, 0.2771688811612127], [0.14136623266017098, 0.1279209741202516, 0.1417533797406475, 0.5889594133789299], [0.12301794896601606, 0.1645785184255515, 0.4972409194672908, 0.21516261304114165], [0.1414553971419175, 0.46530688911272816, 0.149882628765937, 0.24335508487941737], [0.1454345475413094, 0.5216744152922486, 0.15412910622835346, 0.1787619308380886], [0.3930544139631603, 0.17473016156803195, 0.1834910159079221, 0.24872440846088562], [0.5055296865932356, 0.16821516547263854, 0.13540567052781532, 0.19084947730631047], [0.4675679992115229, 0.18194990266007594, 0.12722311749619308, 0.22325898053220805], [0.5441376675892227, 0.19126541690713075, 0.11893935927101457, 0.14565755613263207], [0.48593540804948604, 0.1817896880694367, 0.11942028697951587, 0.2128546168015614], [0.56678963546434, 0.18419790540578626, 0.10762417475733044, 0.14138828427254324]], "ideal": "D", "sampled": "D", "correct": true}}
{"type": "result", "data": {"idx": 14, "options": ["consequentialism", "virtue ethics", "both A and B", "neither A nor B"], "probs": [[0.3781940936664042, 0.3393467366356057, 0.1505679637043112, 0.13189120589367886], [0.38048470016489344, 0.366356193982682, 0.1108118146547132, 0.14234729109771138], [0.47349361128047845, 0.1255673412530726, 0.26189573567690144, 0.1390433116895475], [0.4148377612394154, 0.11804412045354638, 0.1457720103774341, 0.3213461078296041], [0.39098203178310637, 0.123139113175476, 0.31479564305972224, 0.1710832118816954], [0.47276194659966553, 0.11416695691125439, 0.1409872971701934, 0.2720837992188867], [0.7913296405231317, 0.06597309214847445, 0.07134863361419692, 0.07134863361419692], [0.8107265233182803, 0.05782296880501444, 0.06060289218415768, 0.0708476155925475], [0.8149872421403336, 0.057254809880491635, 0.06188076361395009, 0.06587718426522472], [0.8331552488444108, 0.05246247193097663, 0.05495475457246274, 0.05942752455214979], [0.7835090276338307, 0.06485415346054621, 0.06901985509033011, 0.08261696371529297], [0.8340473049932048, 0.04857266621442688, 0.05048128141730941, 0.06689874727505897], [0.1868290388469894, 0.21870299659134892, 0.46688338216419434, 0.1275845822974673], [0.1870332876790771, 0.23859588198197657, 0.12080664636501515, 0.4535641838739312], [0.18451811646342034, 0.5104266480654662, 0.17203852788931126, 0.13301670748180222], [0.17511054610780338, 0.5445622720090036, 0.11306813189645232, 0.16725904988674065], [0.1373148956267723, 0.11571400180367308, 0.3025425857545913, 0.4444285167149633], [0.16071518003399132, 0.09828855242772325, 0.5359572847539267, 0.2050389826843588], [0.16727705048919278, 0.2325616295021426, 0.43129413673000777, 0.16886718317865682], [0.14419208680427714, 0.2183885308641635, 0.14426484917546367, 0.4931545330560957], [0.16834500430331015, 0.5235430001688981, 0.14978905020646427, 0.15832294522132742], [0.14448319589366893, 0.5634057605210663, 0.12168576003416093, 0.17042528345110386], [0.12069989084511909, 0.14456428693699822, 0.28524857969149975, 0.44948724242638294], [0.15718660693901132, 0.11415780269898639, 0.5281724052003788, 0.20048318506162346]], "ideal": "C", "sampled": "B", "correct": false}}
{"type": "result", "data": {"idx": 15, "options": ["will be seen as curiosities.", "will be scrutinized in relation to the person they are clones of.", "both of the above", "none of the above"], "probs": [[0.26429681785905185, 0.22666886923420793, 0.35423712335394897, 0.15479718945279128], [0.34356954598839684, 0.25219900138845314, 0.14582099205397756, 0.2584104604691725], [0.2959138022403829, 0.22590661526864947, 0.29507462848418803, 0.1831049539067796], [0.2058158665689646, 0.17531654236947702, 0.2003711312808891, 0.4184964596806693], [0.35869045665359856, 0.1810874721712941, 0.2417336959180063, 0.21848837515710107], [0.2081672108089785, 0.154021587507044, 0.21087728519694884, 0.42693391638702866], [0.35319915936632273, 0.18368557367403626, 0.305688802952131, 0.15742646390750994], [0.4104042893478719, 0.21858997453589685, 0.14332137364631417, 0.22768436236991713], [0.4553349587065597, 0.2331513454175104, 0.1654101112563967, 0.14610358451953312], [0.4746262814542054, 0.21965244918418808, 0.16589605064985957, 0.13982521861174693], [0.4201963135267653, 0.15875773839962198, 0.1650228573972154, 0.2560230905763973], [0.436552766723324, 0.18249942762818272, 0.2104349457747938, 0.17051285977369945], [0.2759880680167646, 0.2582058569798075, 0.26278444730418976, 0.2030216275992381], [0.22540066944783949, 0.214294372902662, 0.1738691498262798, 0.3864358077232187], [0.2821647184482471, 0.28312828712123145, 0.2350753659508686, 0.1996316283796529], [0.2652994135546538, 0.3238804090277386, 0.20777352461783857, 0.203046652699769], [0.21351025460806372, 0.17904519343277855, 0.25308425363234194, 0.3543602982268158], [0.2055142968687537, 0.18621163068339758, 0.38318845625860193, 0.22508561608924682], [0.2060910370997166, 0.3079482178999296, 0.2304927156414843, 0.2554680292588695], [0.1823245977480299, 0.23683611340430966, 0.1980723977465326, 0.3827668910011279], [0.2044081687722838, 0.337989240850982, 0.18359965084147278, 0.27400293943526144], [0.21367491461174395, 0.3764539900574039, 0.21277916112233553, 0.19709193410851664], [0.16213719303570273, 0.18284180486099666, 0.3044330730069266, 0.3505879289963739], [0.1574859148481073, 0.19953882394912978, 0.41998662914626134, 0.22298863195650157]], "ideal": "C", "sampled": "B", "correct": false}}
{"type": "result", "data": {"idx": 16, "options": ["because dead people no longer exist, and thus cannot benefit from choosing to die.", "because some things (e.g., long-term torture) are worse than death.", "because there has yet to be a satisfactory philosophical explanation of why death is bad.", "because death is, by definition, undesirable."], "probs": [[0.2220939612790566, 0.15644778775938856, 0.2483536972856629, 0.3731045535758919], [0.21939866242598952, 0.15577359495989412, 0.33551952239496063, 0.28930822011915575], [0.23163300060003306, 0.267034701468625, 0.16850274297391937, 0.33282955485742255], [0.22343056234614767, 0.259607378510612, 0.24027699587739296, 0.2766850631658474], [0.22015561995225133, 0.3184479677821248, 0.18872749241111408, 0.2726689197545098], [0.22961996835587942, 0.2863038224634896, 0.22309145661584012, 0.26098475246479086], [0.29443124720257324, 0.2972222940905974, 0.17481237835831884, 0.23353408024851052], [0.3062487840346217, 0.2859496175956879, 0.19511224327520466, 0.21268935499448577], [0.25612638924698117, 0.2861909738606706, 0.1777868972711933, 0.27989573952115493], [0.31532655733681036, 0.2809059196024703, 0.21055804739762585, 0.1932094755630935], [0.30426099440004145, 0.3321953664060728, 0.16192854697979642, 0.20161509211408932], [0.297311484783959, 0.32971724864523566, 0.18792264161614883, 0.18504862485465645], [0.32373192420744223, 0.23533990626157453, 0.16964731856009657, 0.27128085087088666], [0.2874756710319983, 0.21560910020685153, 0.24842154607044645, 0.24849368259070373], [0.2951473593416706, 0.20633114872299635, 0.22688467798348372, 0.2716368138518494], [0.3165876959420861, 0.21285385525642742, 0.2591327505786194, 0.21142569812286707], [0.3199975442566721, 0.2515551708155374, 0.19000179780607107, 0.2384454870217194], [0.3212078809416951, 0.2544957697137014, 0.20469561217168436, 0.21960073707291908], [0.3602402966961765, 0.22055534512081612, 0.15285926248955675, 0.2663450955934506], [0.327146410909363, 0.23053434488852187, 0.20043614504717136, 0.24188309905494376], [0.35842026878678035, 0.23179178973763945, 0.1849124216064265, 0.22487551976915368], [0.3506950631179869, 0.2303636750240133, 0.22173550061942573, 0.19720576113857408], [0.253301643105, 0.3692351611395638, 0.1551181514511694, 0.22234504420426685], [0.28333803586304956, 0.34507911879725894, 0.16051831600672697, 0.21106452923296454]], "ideal": "A", "sampled": "D", "correct": false}}
