{"type": "result", "data": {"idx": 0, "options": ["essential to our existence", "unimportant to most people", "not essential to our existence", "rarely viewed"], "probs": [[0.18776814546556228, 0.23420635118275915, 0.4411722451880659, 0.13685325806361262], [0.17958004618726806, 0.3316627391589872, 0.24170245538488386, 0.2470547591688609], [0.20794805262548297, 0.5373987394809142, 0.10671825387846408, 0.1479349539151388], [0.1944771321902199, 0.5349061845495068, 0.1396712300188689, 0.1309454531414044], [0.2347553004162607, 0.19368151741232262, 0.20531091970205817, 0.3662522623693585], [0.15715971821703073, 0.19905652400435028, 0.4592213102599908, 0.18456244741862818], [0.16310033686617204, 0.19566573783782698, 0.48844943901331644, 0.1527844861826845], [0.23212278339376896, 0.2832479350023769, 0.25112043686141744, 0.23350884464243674], [0.1561492625407748, 0.14933837348746212, 0.5644296743561458, 0.1300826895156173], [0.17986242739342737, 0.24279184998814018, 0.23622583202482086, 0.3411198904936116], [0.17257464701780398, 0.16001444278611973, 0.24686826376539597, 0.42054264633068034], [0.18771750663675718, 0.11499084188411572, 0.18286746193525005, 0.514424189443877], [0.38798723199044904, 0.37722558341464496, 0.11341429669638256, 0.12137288779852343], [0.41548900050207527, 0.34274933760163967, 0.12434707951336622, 0.11741458228291882], [0.30081579534407044, 0.11886521604757794, 0.4630946883557277, 0.11722430015262397], [0.4309715353245359, 0.1347887914335639, 0.1737450043493366, 0.26049466879256356], [0.3906120592329932, 0.19825070785987964, 0.26823704050701935, 0.1429001923001078], [0.44237811371530456, 0.1568064023335052, 0.1205753481010316, 0.2802401357501586], [0.20863432311815805, 0.18177113476876056, 0.33362169064588076, 0.2759728513672006], [0.13915828076339373, 0.16432476286920902, 0.5600163423457464, 0.13650061392165086], [0.16066891192779958, 0.13457863232009842, 0.3400365164541389, 0.3647159391979631], [0.1736978376595637, 0.09539181382775756, 0.2122544119945102, 0.5186559364181685], [0.15837462480830833, 0.17033030344824845, 0.5585487567603648, 0.11274631488307844], [0.25387143375761656, 0.2195672737945639, 0.13983991500885845, 0.38672137733896106]], "ideal": "C", "sampled": "C", "correct": true}}
{"type": "result", "data": {"idx": 1, "options": ["the state", "the justice system", "the body", "the soul"], "probs": [[0.04373689612328778, 0.058874029224850424, 0.16025153696340075, 0.737137537588461], [0.03894328838535402, 0.05407727931928599, 0.828795741189347, 0.07818369100601306], [0.05666953845011278, 0.06323434576743464, 0.08256800687223535, 0.7975281088102172], [0.07586079665571022, 0.11480737219778422, 0.7225454287429591, 0.08678640230354641], [0.05565712930769987, 0.8321649407385399, 0.048032146089031266, 0.064145783764729], [0.06088405552086582, 0.8289684250993953, 0.054639076025133224, 0.05550844325460566], [0.042277560051666045, 0.0828119898539977, 0.18401923824346164, 0.6908912117508746], [0.038407425322074557, 0.07121359370497322, 0.798774340700871, 0.09160464017208116], [0.040615403368446844, 0.0659520571151602, 0.17001899091745917, 0.7234135484989338], [0.04359261075012631, 0.09827929930080602, 0.7516789015555335, 0.10644918829353416], [0.037204220610085374, 0.8032532869723858, 0.0628823484202747, 0.09666014389725407], [0.03715632566042448, 0.8212902132633885, 0.05898983535302995, 0.08256362562315707], [0.04507121986871768, 0.05270873519063103, 0.08109010392703864, 0.8211299409136127], [0.048812840581158395, 0.0891104131699373, 0.7845364282179048, 0.07754031793099947], [0.0358622547691289, 0.047523478487642386, 0.17006551710855478, 0.746548749534674], [0.030266759970489564, 0.04991612592197261, 0.8399381056331923, 0.07987900837434556], [0.0826720340370732, 0.7325509571881933, 0.09022795878637353, 0.09454904988836], [0.07339637308860666, 0.7602033358143027, 0.07349249303317486, 0.09290779796391577], [0.8263428395087833, 0.05662635467290161, 0.0585436834010876, 0.05848712231722747], [0.8437222116931702, 0.05305122134962766, 0.05485819213613977, 0.04836837472106234], [0.8222428267184128, 0.053761923460144766, 0.06758229448757809, 0.056412955233864394], [0.8339325716885477, 0.05244271416261193, 0.058168116909625193, 0.055456597139215094], [0.8481065539529126, 0.04560973021586, 0.05689614604715646, 0.04938756968407101], [0.8503266508747671, 0.04503100331399292, 0.052342496417127356, 0.05229984929411258]], "ideal": "D", "sampled": "D", "correct": true}}
{"type": "result", "data": {"idx": 2, "options": ["right action", "good consequences", "happiness", "a good will"], "probs": [[0.5217976699130573, 0.08528096210571999, 0.10633931102231894, 0.28658205685890376], [0.19403354126647265, 0.05481757075161405, 0.6914283915875551, 0.05972049629435818], [0.42484423699036394, 0.09126589381273081, 0.09287434017283368, 0.39101552892407154], [0.24720866205681835, 0.06767485150091276, 0.6147528839765752, 0.07036360236569363], [0.3243160762972518, 0.5617932457372468, 0.05921568372954707, 0.05467499413595432], [0.32097851868140787, 0.5604329045998204, 0.06142544304607359, 0.05716313357269815], [0.08687122294736266, 0.6643710830794657, 0.07566268854074068, 0.17309500533243097], [0.09987708477800944, 0.4420783353029181, 0.39036024776251366, 0.06768433205655876], [0.058596870695958654, 0.03880734296486362, 0.6843225827813798, 0.2182732034577979], [0.0879217013628776, 0.04160149395049836, 0.7933856844108653, 0.07709112017575875], [0.16210216161401675, 0.7287063543611252, 0.053985997626851606, 0.05520548629800646], [0.1422924138905096, 0.7306625270712128, 0.057622104094881686, 0.06942295484339592], [0.08261578436916674, 0.6217877198679218, 0.061546000889353025, 0.2340504947735584], [0.11519003829981403, 0.39071810823822084, 0.4262768391283772, 0.0678150142335879], [0.056404597727640664, 0.044357058992974895, 0.7123986096014385, 0.1868397335779459], [0.0899748091320956, 0.04749469246264087, 0.7872495894576325, 0.0752809088476311], [0.18797338707256317, 0.67866131204514, 0.06985309979563911, 0.06351220098665773], [0.15840876336910872, 0.6846257549528972, 0.06517856664569915, 0.09178691493229484], [0.9191127555511102, 0.03026643067692691, 0.029154407291989853, 0.02146640637997311], [0.9152224489752414, 0.030379948804464037, 0.03164041768149729, 0.022757184438797273], [0.9277443539263774, 0.026339095964662752, 0.026794471708446833, 0.019122078300513], [0.9176211512201768, 0.027514180558075734, 0.027133005098245167, 0.02773166302350227], [0.9179282766446301, 0.02840108791380029, 0.03222987421981953, 0.02144076112175015], [0.8885306747936886, 0.034473596714708746, 0.035078330582181565, 0.041917397809421074]], "ideal": "D", "sampled": "D", "correct": true}}
{"type": "result", "data": {"idx": 3, "options": ["found in everyday objects", "nonexistent", "everywhere in the natural world", "not of this world"], "probs": [[0.07173781734378276, 0.08328213417766941, 0.6997775926519376, 0.14520245572661022], [0.07302330487998726, 0.09166059710406027, 0.6439758586535793, 0.1913402392623731], [0.15125385601440847, 0.29893971822877236, 0.1829194955159863, 0.36688693014083285], [0.13508547035979593, 0.23553243363335183, 0.44139862405424307, 0.18798347185260916], [0.11731416601899099, 0.547847587720834, 0.1364292549630726, 0.19840899119710242], [0.11562382342535481, 0.5357640941220895, 0.1987215861574651, 0.14989049619509062], [0.1504749998441365, 0.13821497970078012, 0.4136367563083417, 0.29767326404674166], [0.0935441451115004, 0.10607038866203124, 0.5891407552028423, 0.2112447109236261], [0.21944040529682923, 0.3172597572420455, 0.1809140456359115, 0.2823857917252137], [0.2068188996948281, 0.2989988415835967, 0.29491702598117137, 0.1992652326404038], [0.11057391593257572, 0.5987896634898396, 0.12952428240278013, 0.1611121380748045], [0.11803015056494902, 0.5865417587198488, 0.14833576644213328, 0.14709232417306892], [0.24616204176837506, 0.17201177309293658, 0.23371593554757983, 0.3481102494911085], [0.16905617208411006, 0.13592169772452786, 0.5229825817126804, 0.17203954837868163], [0.34174685648400877, 0.18023548481344417, 0.21952594160251174, 0.2584917170000353], [0.17561925240873094, 0.13368817270051467, 0.514716826985721, 0.17597574780503347], [0.3241074141455871, 0.34010890569050667, 0.1836775851306235, 0.1521060949332827], [0.3472534366014031, 0.3068091823329308, 0.1764515313858438, 0.16948584957982227], [0.7533762566495006, 0.0806557250039943, 0.08529678113347834, 0.0806712371130267], [0.7634067705271694, 0.07860345568325645, 0.08641024871223396, 0.07157952497734019], [0.7136637408243875, 0.09434511300696717, 0.1053966632663861, 0.08659448280225918], [0.694317457289793, 0.10002592279719283, 0.11804069799828054, 0.08761592181473359], [0.7630447348384922, 0.08628672515493654, 0.07742391588461142, 0.07324462402195978], [0.7519984076463552, 0.0877245421383452, 0.08580571220391392, 0.07447133791138566]], "ideal": "D", "sampled": "D", "correct": true}}
{"type": "result", "data": {"idx": 4, "options": ["one does not know that one\u2019s actions are wrong.", "one knows that one\u2019s actions are wrong, but does them anyway.", "one knows that one\u2019s feelings are inappropriate, and does not act on them.", "one does the right action, but for the wrong reason."], "probs": [[0.06627418623027687, 0.8119190062244764, 0.05681924703382532, 0.06498756041142144], [0.07310819788532966, 0.8090102256549323, 0.057513476697865856, 0.06036809966187218], [0.047026097723415886, 0.05380823138553074, 0.8200416013556003, 0.079124069435453], [0.07281351737985904, 0.054192525590125426, 0.09079293602325685, 0.7822010209067587], [0.0543238582931407, 0.047646871629505455, 0.8290973715601856, 0.06893189841716824], [0.05590296431997621, 0.04096140263264417, 0.07594548768637298, 0.8271901452610066], [0.8024373860816254, 0.06853530499567652, 0.049428613235226716, 0.07959869558747139], [0.8235345911509457, 0.06505361538009474, 0.04877712086428084, 0.06263467250467866], [0.7588263127410841, 0.08788944059637577, 0.06592207606116214, 0.08736217050137796], [0.760066892425695, 0.08601504178907927, 0.06707754430647518, 0.0868405213787505], [0.815564534392428, 0.06803180454074001, 0.05388383334778398, 0.06251982761904798], [0.7736065925360488, 0.07846832216142485, 0.0602419371824675, 0.08768314802005879], [0.037909919701416966, 0.038577476794318104, 0.8685601592902952, 0.05495244411396979], [0.05731429989531145, 0.040067941543445736, 0.06817250799708083, 0.834445250464162], [0.07601338057850271, 0.7370129273830258, 0.07928409580957077, 0.10768959612890075], [0.07937731805845166, 0.7117774604592438, 0.0881529540228862, 0.12069226735941835], [0.055771410474137535, 0.039914510091355944, 0.08519117359501976, 0.8191229057394868], [0.0626870500890015, 0.04891832427510395, 0.7631277839217481, 0.12526684161414645], [0.04657694654059296, 0.03361563622129979, 0.8638706817863643, 0.05593673535174292], [0.06723034925890158, 0.03661258409215702, 0.08445805803711855, 0.8116990085118229], [0.1282468264213759, 0.659963075598047, 0.09636053630257876, 0.11542956157799833], [0.1273786761448164, 0.6203827446192827, 0.1127598915213803, 0.13947868761452062], [0.061596281361408434, 0.04444174434961206, 0.0641655470056328, 0.8297964271833467], [0.07888225523995993, 0.06976985982681382, 0.6807780315849243, 0.17056985324830193]], "ideal": "B", "sampled": "B", "correct": true}}
{"type": "result", "data": {"idx": 5, "options": ["are the result of applying arbitrarily stringent standards.", "are based on linguistic confusions.", "are logically self-refuting.", "grow from the consistent application of ordinary standards."], "probs": [[0.4484559065915103, 0.18707110264622703, 0.1554009937399345, 0.20907199692232814], [0.45649484734910684, 0.20109387331260534, 0.21636729463109522, 0.12604398460719257], [0.4686308851839527, 0.1698306627275586, 0.15137870245989601, 0.21015974952859268], [0.4180532333126852, 0.19003282202321126, 0.25260436155945715, 0.13930958300464638], [0.5007464513905423, 0.26210714699953264, 0.1269523858372015, 0.11019401567272355], [0.5393364824062492, 0.2510458733245816, 0.10731798754609871, 0.10229965662307049], [0.2778478645359147, 0.29864777021544203, 0.1886556949622235, 0.23484867018641975], [0.2676908751366333, 0.313636759298574, 0.26680842834452295, 0.15186393712026972], [0.2633522231122422, 0.21865334266184758, 0.27719617713290634, 0.24079825699300383], [0.24850311123339155, 0.23025571493754105, 0.2636481899846653, 0.2575929837444021], [0.21321709232684216, 0.2744153603288512, 0.3507634312018721, 0.16160411604243452], [0.2608641308027671, 0.2513331993765672, 0.1976533175016483, 0.2901493522190174], [0.22550276065581493, 0.32640696603330455, 0.2012956618289125, 0.246794611381968], [0.20830814227899797, 0.3286423931889553, 0.28830980822079444, 0.1747396562112523], [0.20488484507068822, 0.26580560600790104, 0.2770644765377809, 0.25224507228362986], [0.2040565843915121, 0.2627083086860006, 0.2571411162359497, 0.27609399058653755], [0.1739426799259682, 0.31839414478950206, 0.32163836590297207, 0.18602480928155765], [0.2131835466343163, 0.31593622186315734, 0.21240953558390066, 0.2584706958186257], [0.4456730120083113, 0.2749379832031867, 0.1462695874683382, 0.13311941722016385], [0.4826720520962556, 0.266824758012009, 0.1252836025872472, 0.12521958720448825], [0.23073884727667163, 0.25785584792037236, 0.3509468943094077, 0.16045841039354836], [0.2839684272711154, 0.21800620011313834, 0.19432971458666481, 0.30369565792908143], [0.26955685016797537, 0.22200939057037414, 0.32676458355497, 0.1816691756066805], [0.29315174496674806, 0.2032927931133108, 0.1899460908564549, 0.31360937096348623]], "ideal": "D", "sampled": "A", "correct": false}}
{"type": "result", "data": {"idx": 6, "options": ["enter a particular society.", "set up a particular form of government.", "establish the principles of justice for the basic structure of society.", "establish the content of morality."], "probs": [[0.08461847889008017, 0.10090538701251914, 0.7000175087928356, 0.11445862520456508], [0.04493066906686332, 0.03618318851874473, 0.04335729648164572, 0.8755288458327463], [0.09918230321554847, 0.7867190475487488, 0.05423473355331278, 0.05986391558239], [0.0924497645468325, 0.7866321987138436, 0.05466232908241474, 0.06625570755690915], [0.04217303814270786, 0.027949092230128675, 0.05516745015952991, 0.8747104193676335], [0.05415831032303962, 0.06403262048258646, 0.7675211881912912, 0.11428788090308273], [0.07978155582019912, 0.14514459884420858, 0.6546912290200244, 0.12038261621556792], [0.046843329208428444, 0.03831461645363309, 0.04415842320365292, 0.8706836310342856], [0.09430656827097555, 0.7730225525439054, 0.056666096281787585, 0.07600478280333146], [0.09285980738843147, 0.7316180088866683, 0.06833316588711374, 0.10718901773778651], [0.04075175857337105, 0.030602506072944603, 0.04968761686903901, 0.8789581183846453], [0.06345733668615619, 0.06675777980535876, 0.7458597031904111, 0.12392518021807404], [0.9173022629273082, 0.02866070755237901, 0.020066175314974167, 0.033970854105338594], [0.92363169319514, 0.026282579587655838, 0.018693172605955908, 0.0313925545112482], [0.9241425514582234, 0.02651441131565235, 0.018412871524508236, 0.030930165601615996], [0.9189053447758129, 0.028505653993901217, 0.020105037124687645, 0.03248396400559827], [0.9331313358439247, 0.023443879891569857, 0.01628711340776947, 0.02713767075673599], [0.921682436185003, 0.027283987586682785, 0.01894833558688762, 0.03208524054142662], [0.04633588681401464, 0.032431017362577474, 0.05308292766067837, 0.8681501680627295], [0.058798899540426705, 0.08130206609069147, 0.7469158489659117, 0.11298318530297011], [0.045175722212366105, 0.036106831111272, 0.044966908522288324, 0.8737505380540735], [0.06589962991861799, 0.08629411817399466, 0.722038594320993, 0.12576765748639426], [0.09482419627927054, 0.7825588119885462, 0.046159096631178044, 0.07645789500100528], [0.08996606717811224, 0.7541560614191888, 0.061258760028078695, 0.09461911127462022]], "ideal": "C", "sampled": "C", "correct": true}}
{"type": "result", "data": {"idx": 7, "options": ["modest changes to our personal habits, but not to our society as a whole.", "modest changes to our personal habits, as well as to society.", "drastic changes to our personal habits, but not to our society.", "drastic changes to both our personal habits and to our society."], "probs": [[0.23044758002625038, 0.3935143175246748, 0.17344915089739188, 0.20258895145168296], [0.2661810239396471, 0.4303418842661207, 0.17539961294868026, 0.12807747874555192], [0.2146316936617025, 0.15603256784115152, 0.3851142891788242, 0.24422144921832176], [0.16307315228738836, 0.1452818810794507, 0.3877652585118674, 0.30387970802129355], [0.2775374609321358, 0.278389181490877, 0.2864802138745375, 0.1575931436024497], [0.2740846410665227, 0.3215749071768272, 0.1865366138905543, 0.21780383776609588], [0.3902798476341543, 0.17208367071565725, 0.17261951645616497, 0.2650169650940235], [0.4406574999453544, 0.186797607713282, 0.2125411055745071, 0.1600037866668565], [0.4617491134800072, 0.16095318138410214, 0.1602814221263795, 0.2170162829095112], [0.33731442219478536, 0.17247152121663345, 0.31177934343821406, 0.1784347130503671], [0.5592166268149583, 0.1874242005671027, 0.1292842198672385, 0.12407495265070051], [0.4686791984858684, 0.22694062169872467, 0.1481669031754875, 0.1562132765399194], [0.22036000755669446, 0.21752334804858084, 0.3407808193107283, 0.22133582498399637], [0.19577597694632767, 0.16647843270670598, 0.35134158944513527, 0.2864040008018311], [0.2449625988787991, 0.3549357214931433, 0.20250933775557572, 0.1975923417724819], [0.26170653882111305, 0.3319105604528443, 0.25313747681045795, 0.1532454238155847], [0.20682806956446068, 0.3586873954371437, 0.17783492536800571, 0.25664960953038995], [0.2234467185347365, 0.4223438924827201, 0.1951532123833414, 0.15905617649920203], [0.3559077169594269, 0.20322880425633397, 0.26250715476587005, 0.17835632391836903], [0.4277514389399667, 0.18715945816673454, 0.16576581697696344, 0.2193232858163353], [0.36568837553708866, 0.3015981198008133, 0.1736834152574553, 0.15903008930464274], [0.4139317026957175, 0.2678171832402643, 0.16424757751684552, 0.15400353644717266], [0.322831481662892, 0.16646321116213328, 0.18633772430940732, 0.3243675827655674], [0.36507372956577794, 0.18965492575492554, 0.2565974516433939, 0.18867389293590256]], "ideal": "D", "sampled": "B", "correct": false}}
{"type": "result", "data": {"idx": 8, "options": ["knowledge", "wealth", "community", "courage"], "probs": [[0.8988291526522842, 0.0337811429269997, 0.03462731658846225, 0.03276238773225381], [0.9173592189407036, 0.028583010229088407, 0.02862084054903553, 0.025436930181172428], [0.9248699951484362, 0.028150032626163862, 0.024871633807340157, 0.022108338318059865], [0.9305186953444716, 0.02619110258212199, 0.023507101677867546, 0.019783100295538834], [0.9279326752138752, 0.026948781686738647, 0.023450153192664237, 0.021668389806721852], [0.9247814874203862, 0.027278022431417075, 0.025662928434682646, 0.022277561613514067], [0.03365537113744936, 0.8169182446871559, 0.0620031945866571, 0.08742318948873759], [0.03719791906564255, 0.8284972976643821, 0.05420398368342687, 0.08010079948654852], [0.03141849478010071, 0.09986539592275967, 0.7811582393755628, 0.08755786982157678], [0.037043435702685854, 0.07544220659735786, 0.20217153067568674, 0.6853428269242695], [0.03877832838211511, 0.11050059608192163, 0.7223572815053948, 0.12836379393056846], [0.033821686846944435, 0.06834744610440142, 0.2623490373352898, 0.6354818296133643], [0.14610804758712415, 0.7092957692587117, 0.06444345389147746, 0.08015272916268666], [0.1694021361196353, 0.6453701208976498, 0.09083611449558067, 0.09439162838713429], [0.08176645574820111, 0.1266857674093089, 0.6705088564790169, 0.12103892026347311], [0.1475979481639656, 0.09760742269942776, 0.159893566357986, 0.5949010626786206], [0.17588381729578198, 0.2295386378168796, 0.43660629441851795, 0.15797125036882048], [0.15458024698293008, 0.13126444303156903, 0.12443394394717601, 0.5897213659383249], [0.125435720169081, 0.7230879394326745, 0.06172290213821127, 0.08975343816003321], [0.15238413681460547, 0.6326157025841463, 0.10249666181321708, 0.1125034986880311], [0.07994957327005646, 0.11819695768215169, 0.655695741227978, 0.14615772771981383], [0.10121108062687519, 0.07824515142465943, 0.2129687406596571, 0.6075750271888083], [0.13641119611737354, 0.21140308130965443, 0.5122816195101588, 0.1399041029628132], [0.1372792036967925, 0.1763992388250518, 0.12426290470294356, 0.5620586526752122]], "ideal": "A", "sampled": "A", "correct": true}}
{"type": "result", "data": {"idx": 9, "options": ["perform the action that leads to the greatest total happiness.", "act only on maxims that we can will to become universal laws.", "behave only in such a way as a perfectly virtuous person would behave.", "place the interests of others above the interests of ourselves."], "probs": [[0.06719529922560176, 0.7553690164651011, 0.10449616654315574, 0.07293951766614142], [0.05761303264576887, 0.7873065822815332, 0.07966655848123196, 0.07541382649146595], [0.04799372630840828, 0.08242068316081466, 0.7868591428974321, 0.08272644753334499], [0.037384577056813556, 0.05193359626978196, 0.06682229859383475, 0.8438595279795698], [0.04458223026573236, 0.060549067043580554, 0.8022483795665334, 0.09262032302415373], [0.0315191944586144, 0.035187848881299076, 0.13310406059489302, 0.8001888959651935], [0.8851951331794944, 0.04013228607933269, 0.036922308180047096, 0.03775027246112588], [0.9008871391175679, 0.03439129772373576, 0.02749217878693934, 0.037229384271756996], [0.894769928574509, 0.0390093708504504, 0.02952406812874195, 0.036696632346298705], [0.8914656008951526, 0.040418751383186374, 0.030103769038200896, 0.038011878583460106], [0.8876696923344615, 0.03692757751714984, 0.030455060640527533, 0.044947669407861136], [0.8832341559508529, 0.039423927166566695, 0.035977344179659386, 0.041364572602921076], [0.05786638786509933, 0.04881704235020081, 0.8052818808306116, 0.08803468885408827], [0.057686658426913444, 0.03474589540449701, 0.07368771205665044, 0.833879734011939], [0.08227063092169944, 0.7725367064379498, 0.07117736444919856, 0.07401529809115216], [0.07583715359870384, 0.7758698809504936, 0.07037971482674531, 0.07791325052405722], [0.056004028105780715, 0.03851828794956947, 0.0704179872547537, 0.8350596965898961], [0.06942495573688898, 0.053758661187304636, 0.758059129824323, 0.11875725315148335], [0.04359606554561789, 0.050645979232739974, 0.809331389172615, 0.09642656594902707], [0.036135722351957694, 0.03241577780387245, 0.1284698560161925, 0.8029786437279773], [0.07429826505719424, 0.7599971976118141, 0.08190292315016992, 0.08380161408082178], [0.08232325998374683, 0.7373536173459126, 0.09510616141272593, 0.08521696115761455], [0.03881934357082348, 0.04435930855797895, 0.06775930649406325, 0.8490620412771342], [0.05232189616859467, 0.05894302553476133, 0.7807835412209378, 0.10795153697570611]], "ideal": "B", "sampled": "B", "correct": true}}
{"type": "result", "data": {"idx": 10, "options": ["maximizing the utility of all sentient beings.", "God\u2019s commands.", "the agreement of rational persons choosing the terms of their interaction.", "the purposive order of nature."], "probs": [[0.10228877267891957, 0.09108063440568215, 0.7123258019253902, 0.09430479089000807], [0.09779886827534807, 0.06222291243778129, 0.11656702221832008, 0.7234111969685505], [0.17129584889940327, 0.6597093244770682, 0.08454274259343596, 0.08445208393009257], [0.17536527100200636, 0.6648302178291575, 0.09141861710389576, 0.06838589396494031], [0.1015008777502137, 0.0692539970396346, 0.09057476505587887, 0.7386703600542728], [0.1621101027250587, 0.11678998742142689, 0.6283652688178099, 0.09273464093570452], [0.06822743825306063, 0.15519040603199255, 0.6864442195122921, 0.09013793610265468], [0.06101301420479192, 0.07656468396683626, 0.10092613537370784, 0.761496166354664], [0.08515080190568215, 0.7518789283459358, 0.08630444237180446, 0.07666582727657753], [0.0821637982692749, 0.7662583221103902, 0.07760027281462817, 0.07397760670570669], [0.05681339608448794, 0.05912640646159658, 0.13464605706592467, 0.7494141402879908], [0.06449907633022739, 0.09539811488639317, 0.7582070374799312, 0.08189577120344821], [0.8756748330280791, 0.0460135068333426, 0.03856906509958448, 0.0397425949389938], [0.8961124023520186, 0.039654516566033034, 0.03376389369993291, 0.03046918728201547], [0.8645377819164484, 0.04949956858972592, 0.04419305343947124, 0.04176959595435447], [0.8684350542448596, 0.04599051331236985, 0.03948705030353174, 0.046087382039238844], [0.8964643639396839, 0.039353979704312474, 0.03273786818060619, 0.03144378807539751], [0.8832254646821045, 0.042245945981642365, 0.03381060443291394, 0.040717984803339186], [0.06196604015752961, 0.08087518930930562, 0.0836285737613939, 0.7735301966717708], [0.07699028745319428, 0.127087392722685, 0.7102815733737927, 0.08564074635032806], [0.05570796007013634, 0.05238284798077036, 0.14049407524341415, 0.7514151166056792], [0.05852917624818989, 0.07348413819445558, 0.7726036963033228, 0.09538298915403172], [0.13750410339314648, 0.6486653701015511, 0.12882307508881438, 0.08500745131648804], [0.13802542613708127, 0.6510558515765406, 0.09607036983425561, 0.1148483523521226]], "ideal": "C", "sampled": "C", "correct": true}}
{"type": "result", "data": {"idx": 11, "options": ["religion.", "physics.", "psychology.", "art."], "probs": [[0.11915266423857283, 0.20362490261824495, 0.5786212639034735, 0.09860116913970879], [0.07371891618761464, 0.06435039181440066, 0.11311869827802432, 0.7488119936199604], [0.15513095720441414, 0.4599546330693746, 0.28788382670038487, 0.09703058292582638], [0.14683903314674665, 0.4220516853491111, 0.17864719989160774, 0.2524620815125345], [0.08309084985319842, 0.06404111008858862, 0.2992697410584697, 0.5535982988997432], [0.079543438224021, 0.09478118018952109, 0.6317817301600611, 0.19389365132639677], [0.13686938990384734, 0.16973968354374563, 0.5957461772485728, 0.09764474920383417], [0.0689729146332658, 0.04581120186051972, 0.09786219784537865, 0.7873536855608358], [0.16883527853509855, 0.5634699933381919, 0.1885471301662026, 0.07914759786050696], [0.13835489336195184, 0.41068874561587604, 0.13532745433504767, 0.31562890658712445], [0.07989837435857662, 0.04402735608701983, 0.26392728253673126, 0.6121469869176722], [0.06585237505843551, 0.05443606999039312, 0.6019549481332903, 0.27775660671788105], [0.5649924403979937, 0.20603163998819596, 0.15243295174280505, 0.07654296777100533], [0.557338842058161, 0.1851219115239319, 0.13483049175032466, 0.12270875456758246], [0.60021643336198, 0.15140820676125513, 0.16831911862590943, 0.08005624115085538], [0.26400651344967996, 0.1295627297526945, 0.16537422690939174, 0.4410565297882338], [0.4413472477264409, 0.11044823537355794, 0.3264367251576678, 0.12176779164233333], [0.4436411062253182, 0.10598776725337473, 0.276177054828587, 0.17419407159272002], [0.10175512199363419, 0.1064782459528979, 0.28785331533225844, 0.5039133166212095], [0.12465632703585555, 0.19579122635500093, 0.5062852803132459, 0.17326716619589758], [0.10284552262385559, 0.09422484363158251, 0.23924942732820126, 0.5636802063163606], [0.10157687227729992, 0.1292033887676876, 0.5467746068567587, 0.2224451319982537], [0.13479221853785037, 0.5344483652754495, 0.21075317966495022, 0.1200062364217499], [0.13462437487352158, 0.5421106734015239, 0.1916064442263202, 0.13165850739863436]], "ideal": "C", "sampled": "C", "correct": true}}
{"type": "result", "data": {"idx": 12, "options": ["duty.", "justice.", "virtue.", "supererogation."], "probs": [[0.42601610936386636, 0.2198046678143081, 0.1720358081873338, 0.1821434145344917], [0.40921365059755394, 0.22152034436277204, 0.1528606482976096, 0.21640535664206442], [0.41802991055286765, 0.22971676630042737, 0.16494703536987446, 0.18730628767683052], [0.40995791013658733, 0.2184113245037133, 0.15674708226228382, 0.21488368299741553], [0.36287880204375944, 0.22606240741696007, 0.20519715889999118, 0.20586163153928927], [0.41928189988711845, 0.209795787909509, 0.16278831659119644, 0.2081339955121761], [0.5498730703600646, 0.1551884756883308, 0.15369247356583973, 0.14124598028576485], [0.5602848445766441, 0.14864535406764007, 0.127814827432147, 0.16325497382356882], [0.5578646229503376, 0.1663537223874191, 0.13022728651137103, 0.14555436805087235], [0.5417940616065872, 0.16552349923385964, 0.12068580089792745, 0.17199663816162572], [0.5642940141765646, 0.1405942821716311, 0.13698960165737695, 0.15812210189442735], [0.5655519365698791, 0.13765075801426532, 0.13834330438184134, 0.1584540009340142], [0.32787244043025915, 0.22964232131141324, 0.23995048222747853, 0.20253475593084908], [0.34017600653203045, 0.22914320103876368, 0.1848639359804264, 0.24581685634877945], [0.33263259131465195, 0.2924176665127618, 0.18650379219264998, 0.1884459498799363], [0.2968649433167717, 0.3202237045344696, 0.15271230847892522, 0.23019904356983348], [0.31071497395723685, 0.20769476326838843, 0.22908009120379302, 0.2525101714705817], [0.24083719427450567, 0.1838820074647959, 0.3481066122867267, 0.2271741858739717], [0.23018677530371015, 0.20887273547944843, 0.3127097487136936, 0.2482307404031478], [0.24079448699910982, 0.22716899890919764, 0.3049196989505457, 0.2271168150411468], [0.24135900312158853, 0.32918696611250836, 0.20010096726499813, 0.229353063400905], [0.22571567707705914, 0.3381600232751774, 0.23477042768501885, 0.2013538718627446], [0.2396486294186988, 0.2279601740030894, 0.25526212502271817, 0.27712907145549365], [0.1961577476019876, 0.18657385745048835, 0.3850234929825241, 0.23224490186499994]], "ideal": "B", "sampled": "B", "correct": true}}
{"type": "result", "data": {"idx": 13, "options": ["one and the same thing", "both nonexistent", "two distinct things", "imaginary"], "probs": [[0.9029795922847792, 0.03759449760626447, 0.03535400719193438, 0.024071902817021897], [0.901960511327766, 0.03640150488244293, 0.027727222690466905, 0.03391076099932411], [0.927330030815405, 0.03544253163344682, 0.01899513257842747, 0.01823230487272069], [0.9365593426605456, 0.03111931397858394, 0.01693163403001354, 0.015389709230856894], [0.9056231648500084, 0.0374194655505987, 0.022903968329045635, 0.03405340117034724], [0.9281380884420734, 0.031559752844749975, 0.022052092296913028, 0.01825006631626361], [0.12208209384880124, 0.7271585138685194, 0.08480658747272357, 0.0659528047099558], [0.10089250803314789, 0.77162761638238, 0.05855918017277414, 0.06892069531169796], [0.0888188279290294, 0.15368322110527405, 0.6871114559016086, 0.07038649496408797], [0.10340933706422674, 0.16546278327360536, 0.08940547237516726, 0.6417224071870007], [0.07248984589508392, 0.09999513774139275, 0.7426315698696674, 0.08488344639385598], [0.08761411969690161, 0.08703210268813355, 0.30696615802382027, 0.5183876194911445], [0.144068572561043, 0.7574125531092463, 0.05313691825679814, 0.04538195597291258], [0.14453835783943564, 0.7600558995440505, 0.05126653611147338, 0.044139206405040425], [0.07411923976201988, 0.07306394698088899, 0.8018099634970226, 0.05100684966006855], [0.12869916036104226, 0.06530411881396424, 0.1069844048280635, 0.69901231589693], [0.0813731297257705, 0.08742145867436645, 0.7773265548269013, 0.053878856672961765], [0.10609900171657635, 0.06700906606154303, 0.08682291045964417, 0.7400690216622364], [0.10758360193679803, 0.8100795533794825, 0.03845827180802726, 0.043878572775692244], [0.12034783007361628, 0.7935755306383941, 0.047250177853686924, 0.03882646133430268], [0.07000821463020789, 0.09288095197518698, 0.7636359531007632, 0.07347488019384202], [0.09547040434540699, 0.08567679438191965, 0.28389506241194995, 0.5349577387607234], [0.09310312498843124, 0.17012555768781196, 0.6765526482043178, 0.060218669019438995], [0.09734057489046728, 0.13740937205655113, 0.07543126380536744, 0.6898187891476142]], "ideal": "A", "sampled": "A", "correct": true}}
{"type": "result", "data": {"idx": 14, "options": ["rational", "artificial", "constitutional", "fair"], "probs": [[0.46252259607458207, 0.23870916662213282, 0.14483427999955464, 0.15393395720373043], [0.4778981924362093, 0.24092102640987398, 0.16306056963286245, 0.1181202114210543], [0.31206699272650135, 0.15845436874073585, 0.36352099881348693, 0.1659576396192759], [0.3353483080528604, 0.17158286271763634, 0.3017155527766827, 0.19135327635282054], [0.4029313863668072, 0.2527705283371478, 0.2163970152159906, 0.12790106998005435], [0.39690092202032273, 0.26295506951563563, 0.1464234888407196, 0.19372051952332203], [0.28377370311940814, 0.5114405383302181, 0.08541431658967948, 0.11937144186069425], [0.30190221203063294, 0.4763317348829615, 0.10706402307691261, 0.114702029909493], [0.3842823206994105, 0.19061017034531885, 0.2529408931479237, 0.17216661570734693], [0.43706842601296986, 0.18988336337867903, 0.23850939810112107, 0.13453881240723004], [0.4421167837500488, 0.2953393967053178, 0.14972145407724868, 0.11282236536738471], [0.461782288021222, 0.3182892467057596, 0.11348565973101248, 0.10644280544200593], [0.19860540624369066, 0.43545991826858516, 0.19312319445352505, 0.17281148093419912], [0.18087353492029865, 0.4057772275797306, 0.1842656202013277, 0.229083617198643], [0.09665558101222378, 0.7514918129695409, 0.06505733225057629, 0.08679527366765903], [0.08847746021405879, 0.7918200285583904, 0.04389939714791553, 0.07580311397963531], [0.20539089423179413, 0.26660423673692907, 0.27966748831850596, 0.24833738061277083], [0.2023080019564975, 0.2605810903895931, 0.35401762398412423, 0.18309328356978516], [0.38732287572416896, 0.3270952129565553, 0.1645679634985266, 0.12101394772074912], [0.3619667481427995, 0.317831089529468, 0.1421686219380599, 0.17803354028967255], [0.44231836321455803, 0.2586600857315113, 0.18794604204044937, 0.11107550891348128], [0.4877203535129204, 0.25368905864936275, 0.14352751425373472, 0.11506307348398208], [0.4478770760968723, 0.1770792559851507, 0.22251173687806272, 0.15253193093991427], [0.4239830672316953, 0.1663440316749168, 0.28811901804903844, 0.12155388294434943]], "ideal": "D", "sampled": "B", "correct": false}}
{"type": "result", "data": {"idx": 15, "options": ["a mind", "absolute existence", "material substance", "a material universe"], "probs": [[0.9404218633368637, 0.02956189353496698, 0.015953928121226355, 0.014062314906942871], [0.9483402940249923, 0.025710496484325166, 0.013235867717967692, 0.012713341672714814], [0.9444622009454782, 0.02833874220964731, 0.014033029210790925, 0.013166027534083554], [0.9404732426353721, 0.02956744047311255, 0.015223548490872152, 0.014735768300643125], [0.946169956779949, 0.025057739811201053, 0.014732074677033247, 0.014040228631816686], [0.9412761259595852, 0.027159981081897936, 0.016346613857002583, 0.015217279001514239], [0.08271776601130534, 0.799676343700584, 0.051052703575864875, 0.06655318661224573], [0.07952029079475868, 0.8248814755252316, 0.037337112333532665, 0.058261121246476984], [0.06912246191281728, 0.07030633679134662, 0.7896976889692827, 0.07087351222655337], [0.10229664887512997, 0.09926496297223689, 0.09048572046916246, 0.7079526675834706], [0.05835105434705146, 0.07328529600598727, 0.7915459215479353, 0.07681772799902589], [0.10247494432013105, 0.08053431779137046, 0.10765647302469615, 0.7093342647638023], [0.07909770426998866, 0.8399844293944149, 0.035435017722803615, 0.045482848512792856], [0.0810985186533108, 0.8411478932765306, 0.03256257971376458, 0.04519100825639403], [0.08505459810647233, 0.07574267628223243, 0.781115526023511, 0.05808719948778426], [0.17685916754534767, 0.14227452660755344, 0.0891777412626713, 0.5916885644844275], [0.07702585996642944, 0.06596590528747973, 0.7945664465037664, 0.06244178814232448], [0.16640562191691954, 0.10342125645146218, 0.1330309420893789, 0.5971421794422394], [0.051982554758617225, 0.8486032954708014, 0.0408794762022225, 0.058534673468358916], [0.05329011752668583, 0.8430371283641827, 0.044607989485571396, 0.05906476452356015], [0.05696802670636357, 0.09259630131684092, 0.7794128175703029, 0.07102285430649262], [0.10129757743140813, 0.12047081170209224, 0.08756632161234125, 0.6906652891541584], [0.07529634308392757, 0.08345991371095818, 0.7652506739401884, 0.07599306916492587], [0.10609815505795508, 0.10706511378108216, 0.12834832357855372, 0.658488407482409]], "ideal": "A", "sampled": "A", "correct": true}}
{"type": "result", "data": {"idx": 16, "options": ["duty and charity.", "egoism and altruism.", "rights and privileges.", "positive and negative rights."], "probs": [[0.5859994335333577, 0.16300483167780203, 0.10379830824140572, 0.14719742644743455], [0.6161483296820286, 0.14893987170994236, 0.09941062922739063, 0.13550116928063846], [0.6037403895568575, 0.1163049107948994, 0.13411971825420974, 0.14583498129403333], [0.6277398700287489, 0.10673923441964046, 0.10779373748244274, 0.15772715796916792], [0.6171375192295167, 0.12566648984188045, 0.11824907889893176, 0.13894691192967115], [0.6020798265951747, 0.1254222132265975, 0.11267340517924238, 0.1598245548989854], [0.6192384134649934, 0.15190420458610962, 0.11138044215402465, 0.11747693969487226], [0.643203084428386, 0.14936922600391825, 0.10785060455205335, 0.09957708491564232], [0.6852658339257292, 0.09880943521756207, 0.11310083333686853, 0.10282389741984027], [0.7055829376940547, 0.09264581925675128, 0.10686447043734469, 0.09490677251184935], [0.6651880043964985, 0.11842274056850345, 0.11965274210960768, 0.09673651282539035], [0.6832293133429711, 0.10818251201652443, 0.10843416284361547, 0.10015401169688896], [0.29512131650955664, 0.32293352962682187, 0.2170158507758302, 0.16492930298779132], [0.2990611582415603, 0.34865630708594353, 0.18378727683933344, 0.16849525773316268], [0.39303815894710004, 0.21932439974657503, 0.1924267881105747, 0.19521065309575025], [0.39363216810770885, 0.22668002007005594, 0.2344711362063836, 0.1452166755158516], [0.270999733644442, 0.4219645324220177, 0.14458638643646365, 0.16244934739707662], [0.29016153967052233, 0.45900163147489775, 0.13236264280592833, 0.11847418594865158], [0.6508997179050983, 0.14327980790016462, 0.10585853614133792, 0.0999619379533992], [0.6353592437298614, 0.1465355481401235, 0.10576380558908993, 0.11234140244092508], [0.706398955042157, 0.10116698357069025, 0.09598669224146522, 0.09644736904568753], [0.725273560291623, 0.09383089979292768, 0.09551597527973321, 0.08537956453571606], [0.7159453523047271, 0.11432628162065875, 0.07999717324176393, 0.08973119273285018], [0.7649519981800094, 0.10208213997295303, 0.06552992711656201, 0.0674359346304756]], "ideal": "A", "sampled": "D", "correct": false}}
