{"type": "result", "data": {"idx": 0, "options": ["Aging is related to an increase in vaginal lubrication", "Aging is associated with an increase in the frequency and number of orgasmic contractions in both sexes", "There is no significant relationship between aging and sexual responses in either sex", "Aging is related to some loss of erectile rigidity in the male"], "probs": [[0.0851308704901664, 0.04983275701295175, 0.056920601760216835, 0.808115770636665], [0.07085497887781946, 0.07343031684112326, 0.6793267928674027, 0.17638791131365453], [0.07636473901481057, 0.04687268181706101, 0.0681904837080338, 0.8085720953600947], [0.07368525336498041, 0.060413801974388566, 0.6896116342335249, 0.17628931032710615], [0.10476158011900524, 0.6674912223115752, 0.08727988889716064, 0.14046730857225895], [0.11371733840178758, 0.6494871716029416, 0.08426689795208926, 0.1525285919431816], [0.08654885834948456, 0.05435716048483678, 0.06257552722858947, 0.7965184538370892], [0.06896674452504914, 0.07727343476541815, 0.6765609341344955, 0.17719888647503726], [0.08190410796973914, 0.04872669033623798, 0.07315072607283092, 0.796218475521192], [0.1275016170798288, 0.0764809892815988, 0.5600694208751303, 0.23594797266344203], [0.16199338917284695, 0.5107479843209445, 0.12302999563864396, 0.20422863076756456], [0.166959385051739, 0.5311909755178286, 0.10854305002369702, 0.19330658930673544], [0.07186497586548714, 0.045862390561381534, 0.06570070089411793, 0.8165719325790134], [0.05648197191029742, 0.07816054612987042, 0.7169327681768293, 0.14842471368300292], [0.06793157932794665, 0.04073723138893801, 0.06307736203017948, 0.8282538271529358], [0.11625649345783266, 0.08682790074270302, 0.5568955332640395, 0.2400200724354248], [0.25859212102115714, 0.3448226944810233, 0.15061386969330173, 0.2459713147045178], [0.2651587505420752, 0.41389484442788493, 0.14074089051093586, 0.180205514419104], [0.5470426718868344, 0.14780181754989963, 0.11259182625324014, 0.19256368421002582], [0.553655688063984, 0.14382514463286666, 0.12223688602891751, 0.18028228117423187], [0.5481079693758452, 0.14348123645507185, 0.11548437663910437, 0.19292641742997865], [0.5539162836998555, 0.1496194027157921, 0.12431380336701196, 0.1721505101173405], [0.5349168180884456, 0.14449314771637803, 0.12476724384967537, 0.19582279024550103], [0.5909494205044048, 0.14422872768560738, 0.1065735750283537, 0.15824827668163408]], "ideal": "D", "sampled": "D", "correct": true}}
{"type": "result", "data": {"idx": 1, "options": ["\u201cBlank slates\u201d", "Less intelligent than adults", "\u201cLittle scientists\u201d", "Shaped by culture"], "probs": [[0.0484496311185627, 0.05847477165051344, 0.8224544449137448, 0.07062115221717903], [0.038889468436700894, 0.0340511916925829, 0.07274559274977153, 0.8543137470209446], [0.15064872575313282, 0.6974444880764937, 0.06858006016850035, 0.08332672590187308], [0.1657056994355696, 0.6612898854538349, 0.08348639495178051, 0.08951802005881496], [0.05549748986015122, 0.05172066364282213, 0.05471920588417667, 0.83806264051285], [0.11245537314803337, 0.1216618927068671, 0.6496383677114265, 0.11624436633367308], [0.035604227198064435, 0.06920105937473975, 0.8135487406127628, 0.08164597271443293], [0.02072960465235786, 0.02945898330002918, 0.06441318268282503, 0.885398229264788], [0.055595000580242415, 0.837842483090476, 0.06613133994867221, 0.0404311762806093], [0.051937942086155445, 0.853067287534565, 0.05894870704128703, 0.036046063237992615], [0.0250543364316839, 0.03672631580215312, 0.0848333938465391, 0.8533859538196239], [0.04062455625564376, 0.06149709011923086, 0.8451739173141493, 0.05270443621097609], [0.9136244091730545, 0.02845770689731017, 0.02918928685935491, 0.028728596970280334], [0.9087770102781234, 0.02966807075978015, 0.030904570994289258, 0.0306503478678072], [0.9079257997173598, 0.0280620870200027, 0.03338742684329742, 0.03062468631934007], [0.9221748801531248, 0.023266819323737985, 0.028774118343203564, 0.02578418207993371], [0.8902977008566564, 0.03371232337489006, 0.041699479795181, 0.03429049587327254], [0.9277096182437214, 0.021818072976566433, 0.027402025963560776, 0.023070282716151386], [0.0423531740598661, 0.07726614579428712, 0.05198383974424871, 0.8283968403015981], [0.07435296389242703, 0.13263723260656957, 0.7085826200377215, 0.08442718336328184], [0.029039192215099943, 0.0390664466066249, 0.09239860984573177, 0.8394957512325434], [0.03739623227130645, 0.054013947071226504, 0.8611957737286406, 0.04739404682882634], [0.1037299056197146, 0.7557943007300917, 0.0861511842475955, 0.05432460930259817], [0.09610107325320641, 0.7934725106428017, 0.06565416456875436, 0.044772251435237546]], "ideal": "C", "sampled": "C", "correct": true}}
{"type": "result", "data": {"idx": 2, "options": ["about 68% of the observed scores for the test population lie within 15 points of the mean score", "about 68% of the individuals with a given cure score will have observed scores within 15 points of the true score", "about 15% of the scores are in error (i.e., they are not measuring the trait reliably)", "differences of up to 30 points represent the same true score"], "probs": [[0.4549538926311529, 0.2356325308931434, 0.16210237626905594, 0.14731120010664778], [0.4265404704761208, 0.23161964461304652, 0.16440467779787446, 0.17743520701295823], [0.5192451035232188, 0.162862365314838, 0.18073997438351844, 0.13715255667842474], [0.42007502909274286, 0.17058590052806163, 0.1684073358605778, 0.2409317344186177], [0.37445351477693145, 0.20325140653008228, 0.2401147484539243, 0.18218033013906193], [0.3713207840548174, 0.20787557957477823, 0.17545554040107933, 0.24534809586932504], [0.5360512573167697, 0.1735913254566848, 0.14873311968945904, 0.1416242974370864], [0.4812327622886077, 0.17951019106500338, 0.1598477363426578, 0.17940931020373113], [0.558611222429014, 0.1595544838679393, 0.13995872645109117, 0.1418755671519556], [0.4862816397569301, 0.18561166415829514, 0.1577798692560271, 0.17032682672874763], [0.44160092220653263, 0.19113669148341622, 0.17159302998298911, 0.19566935622706205], [0.41062583370688316, 0.20454534310494882, 0.19411484272840387, 0.1907139803597641], [0.2461465262204649, 0.3815552833063028, 0.23122229825296992, 0.14107589212026245], [0.2283867469489732, 0.3711497463771401, 0.19092971017013852, 0.20953379640374817], [0.24713349708132465, 0.44443032803308674, 0.16574287659869485, 0.14269329818689375], [0.25875341889654896, 0.4107268154210397, 0.17506486175693808, 0.1554549038254732], [0.2809518021206016, 0.1958795665884769, 0.3045175418626362, 0.21865108932828525], [0.2313338552382797, 0.17292356747035828, 0.45457733350286955, 0.14116524368849248], [0.21084496062606697, 0.334609086262366, 0.25651278707036057, 0.19803316594120646], [0.2207289949381901, 0.36712780346237517, 0.19803439064089903, 0.21410881085853567], [0.18253622675297845, 0.5088881773903479, 0.14767245726788833, 0.16090313848878532], [0.1930896095980922, 0.513977283155795, 0.15507885939644722, 0.13785424774966554], [0.20785188731349358, 0.2246220726013623, 0.34091057929791635, 0.22661546068722774], [0.1815540140222547, 0.20392679558363377, 0.4617401223394434, 0.1527790679546681]], "ideal": "B", "sampled": "B", "correct": true}}
{"type": "result", "data": {"idx": 3, "options": ["An Apgar", "A teratogen", "Only a problem in the first 6 weeks", "A controlled substance"], "probs": [[0.05389291349771666, 0.8666819816207448, 0.028247600050177925, 0.05117750473136063], [0.05698939592719103, 0.8881660384147234, 0.0220263402411067, 0.03281822531697883], [0.04570556806138008, 0.03885082846013953, 0.8723779438767472, 0.04306565950173316], [0.05071961185487026, 0.03716792303006198, 0.056687697897804666, 0.8554247671172631], [0.062008468846066526, 0.10898987513337687, 0.7824206513238474, 0.046581004596709163], [0.05964929871317859, 0.10901027713724372, 0.03541529857357157, 0.7959251254760061], [0.9455402439695149, 0.020431952434791643, 0.012602355259501097, 0.021425448236192364], [0.9599951406353849, 0.01615747978960427, 0.010445156026614591, 0.013402223448396184], [0.942987966947168, 0.022550167240599654, 0.01358798967851059, 0.020873876033721768], [0.9457693328042063, 0.02226141148843467, 0.014063433151821804, 0.017905822455537283], [0.9586650574292981, 0.017040670445891054, 0.010268763765991892, 0.014025508258818955], [0.9488121977104785, 0.0211468503712466, 0.012355525965909858, 0.017685425852364964], [0.05181003066096215, 0.06210071312910262, 0.8395086055081301, 0.04658065060180505], [0.06830477746439237, 0.06476223537668199, 0.08127023921255663, 0.785662747846369], [0.06196429986984696, 0.8724135208323658, 0.0273384322981305, 0.03828374689965676], [0.08654039158833995, 0.856929938627099, 0.024850814976647595, 0.03167885470791347], [0.06688222584994352, 0.09442864469345508, 0.09301999331691538, 0.745669136039686], [0.057575463520403804, 0.05587112076839772, 0.8492670501282117, 0.037286365482986784], [0.06991545042367626, 0.05626680501336802, 0.8353938672610209, 0.038423877201934804], [0.06914966526997876, 0.036218289147352735, 0.041048295638895865, 0.8535837498437726], [0.0805659795106387, 0.8696512566148419, 0.02207612766615188, 0.027706636108367537], [0.09484982704634401, 0.8487808229234195, 0.024997240395733637, 0.03137210953450284], [0.06524890846581606, 0.05903321370725119, 0.0886522008427219, 0.7870656768842108], [0.06166811465613306, 0.041787810630298114, 0.8612885648302939, 0.03525550978327487]], "ideal": "B", "sampled": "B", "correct": true}}
{"type": "result", "data": {"idx": 4, "options": ["needs analysis.", "job evaluation.", "summative evaluation.", "formative evaluation."], "probs": [[0.9008512605483632, 0.03499732349663733, 0.026859179548252003, 0.03729223630674749], [0.9211581159714729, 0.03184153819090426, 0.023862944424574224, 0.023137401313048613], [0.9154535989954085, 0.03263690060910041, 0.022625401664326035, 0.02928409863116514], [0.8860077989110634, 0.045931604439368286, 0.04122492359501522, 0.026835672954553094], [0.9230032659614302, 0.032912031685254396, 0.022638014883987135, 0.021446687369328258], [0.9198212300758011, 0.036014148172536634, 0.024389956870917016, 0.019774664780745268], [0.12020824937965603, 0.7028684667753781, 0.08373417021788887, 0.09318911352707707], [0.1342764864722876, 0.7149852886445869, 0.0763497839378099, 0.07438844084531561], [0.0959405007906802, 0.08039979781898048, 0.7515226041874825, 0.07213709710285679], [0.09019540114997786, 0.05933695942558105, 0.2751884121144538, 0.5752792272099874], [0.11187261341883593, 0.08604527263972997, 0.7211552261585058, 0.08092688768292827], [0.1406452281968958, 0.08289652749272491, 0.15525270316515233, 0.621205541045227], [0.12499838600563468, 0.7426168198586561, 0.06883965510249536, 0.06354513893321384], [0.1220368063176069, 0.7311692182646483, 0.09117516061366429, 0.05561881470408054], [0.09441553688401437, 0.07373092817208732, 0.7682446159712251, 0.06360891887267325], [0.06660002345298269, 0.04416425815967166, 0.43072806982248046, 0.4585076484648652], [0.126180079726623, 0.31390263925551587, 0.47744976402254763, 0.08246751689531348], [0.10285189614768858, 0.15113768880868683, 0.07551742794458453, 0.67049298699904], [0.14610150965396665, 0.7309817776929806, 0.06414612696933673, 0.05877058558371607], [0.13313351870038276, 0.7434152891415252, 0.07390645974971746, 0.0495447323083746], [0.1153269186500617, 0.07643749564121718, 0.7368953823306379, 0.07134020327808327], [0.1539542548689012, 0.07120286089042471, 0.1608721183854901, 0.613970765755184], [0.16109619312927606, 0.12098055535922121, 0.6346012069573647, 0.083322044454138], [0.12196412699408836, 0.0664195825737109, 0.07029512849968289, 0.7413211618325178]], "ideal": "A", "sampled": "A", "correct": true}}
{"type": "result", "data": {"idx": 5, "options": ["a useful strategy for helping the client understand the present.", "a way for the client to avoid coming to terms with the present.", "\"the \"\"second layer\"\" of therapy.\"", "\"a way for achieving \"\"closure\"\" near the end of therapy.\""], "probs": [[0.571299301672237, 0.178539510533103, 0.12801514278528378, 0.12214604490937626], [0.5259539249332041, 0.18347016645011682, 0.12945220784507153, 0.16112370067160747], [0.5171631805303532, 0.18901836225072452, 0.15722597346637837, 0.13659248365254392], [0.5508812583300745, 0.1708560858368474, 0.12341302448151655, 0.1548496312515615], [0.5023809967503635, 0.14869998997751074, 0.17721006706313036, 0.17170894610899531], [0.5430572790275539, 0.14072122097757575, 0.16122352065689993, 0.15499797923797048], [0.22900552874744542, 0.5061244926384272, 0.14171399069118468, 0.12315598782294274], [0.2379194611383064, 0.46031855846333947, 0.1449577190588338, 0.15680426123952035], [0.252259481572042, 0.2162386231099513, 0.378921670625986, 0.15258022459202078], [0.31692201368205525, 0.21493970175828436, 0.15897545453769846, 0.3091628299219619], [0.22498913591388933, 0.1399607893702145, 0.4547766541334701, 0.18027342048242606], [0.2944498999785465, 0.15189419911615334, 0.25958377507093156, 0.2940721257343686], [0.1970358224292759, 0.4823036501936423, 0.17347071029175842, 0.1471898169853234], [0.19810150561735873, 0.5160866975268215, 0.13788393138460334, 0.14792786537121644], [0.1841719448382265, 0.16034853456801054, 0.4934290050966837, 0.16205051539707924], [0.23989265797283424, 0.2424685024604845, 0.18493072411161998, 0.3327081153550613], [0.09619732873522888, 0.05039983204695368, 0.7456715050661583, 0.1077313340516591], [0.14887178005432186, 0.07923302880077776, 0.3024394529319783, 0.46945573811292207], [0.10151975752172575, 0.6813384395355888, 0.10599174507380198, 0.11115005776888344], [0.09650623052347239, 0.7059961556682309, 0.10642623900302925, 0.09107137470526741], [0.13425804873342898, 0.19139324411912004, 0.49545300740194437, 0.1788956996455066], [0.13496630980315263, 0.26934852390729463, 0.3314693172996776, 0.2642158488898751], [0.11875082197340478, 0.18160592966630165, 0.5544890595570321, 0.14515418870326147], [0.12211219129151736, 0.4020814865270396, 0.153992383509433, 0.32181393857201]], "ideal": "B", "sampled": "A", "correct": false}}
{"type": "result", "data": {"idx": 6, "options": ["the efficiency of controlled memory processes", "metamemory skills, or knowledge about memory", "recognition memory", "the amount of factual memory knowledge available"], "probs": [[0.5120138968905231, 0.1676023254345445, 0.14849982711678417, 0.1718839504581482], [0.5373697556095534, 0.16263722402393316, 0.1331806550381127, 0.16681236522840082], [0.4471997418314169, 0.18656518219489507, 0.1933324399397559, 0.1729026359339321], [0.4185496866284484, 0.17875552175641643, 0.16337667403971548, 0.2393181174754197], [0.5269184347572805, 0.1710757838499439, 0.1434538279384193, 0.15855195335435623], [0.44577114441195415, 0.17745877271729035, 0.1354648728394682, 0.2413052099312873], [0.41388733937513483, 0.251343332165876, 0.15056848075766252, 0.1842008476013266], [0.4400869112727924, 0.26096947812050925, 0.12749984289176516, 0.1714437676149332], [0.44937531796445934, 0.17600076864387604, 0.1926192583660608, 0.18200465492560383], [0.45750583830353697, 0.17918210685898833, 0.15499621166240296, 0.20831584307507173], [0.49350881571602995, 0.14471630750639478, 0.18947872517598316, 0.1722961515015921], [0.5109232143684397, 0.1474984608070346, 0.1456911287414046, 0.19588719598312107], [0.3418465299676844, 0.2818081168691551, 0.18980619385384415, 0.18653915920931638], [0.29242786762174294, 0.25462105867700674, 0.18538951871925402, 0.2675615548819963], [0.3280033913524297, 0.2641047059080264, 0.2232198516750567, 0.1846720509644872], [0.3209659802736642, 0.2927972717707208, 0.15955467758303768, 0.2266820702725773], [0.2996709257162674, 0.2112258758564403, 0.227470495455451, 0.2616327028718413], [0.32740281980356745, 0.23252311242419502, 0.21240451705742844, 0.22766955061480906], [0.2467290275039554, 0.4113322732732791, 0.17565427457044913, 0.16628442455231637], [0.21530620751612045, 0.35343140360158926, 0.1353184729679211, 0.29594391581436924], [0.29977803079268533, 0.24899790065490157, 0.2598712029850844, 0.19135286546732866], [0.33327954010969874, 0.26003166255640436, 0.16571692626854836, 0.24097187096534853], [0.25342630959857965, 0.20725471960536268, 0.2528540752149977, 0.28646489548106], [0.24877693505252327, 0.2114818926992563, 0.2993956416726039, 0.24034553047561658]], "ideal": "A", "sampled": "A", "correct": true}}
{"type": "result", "data": {"idx": 7, "options": ["Parkinson's disease", "Vascular Dementia", "a right frontal lobe tumor", "Alzheimer's disease"], "probs": [[0.18882429175818538, 0.22811762476403552, 0.11593032368014036, 0.46712775969763876], [0.20360651637116375, 0.2559042763382798, 0.35687967810039833, 0.1836095290901581], [0.18382609283122409, 0.16760612023548385, 0.19356613195592867, 0.4550016548773634], [0.15371545344762197, 0.208777735008778, 0.3567651371345103, 0.28074167430908975], [0.1759071297497339, 0.2710313417929181, 0.3307734330927335, 0.22228809526461452], [0.15019153428128973, 0.32877541115755693, 0.1710467061939626, 0.34998634826719077], [0.22784687576399662, 0.22119271753006578, 0.10896752773625748, 0.4419928788696801], [0.23703027906088586, 0.25089773159352724, 0.3470730431466965, 0.16499894609889038], [0.20268634543688235, 0.13309068381540168, 0.22895259129413592, 0.43527037935358004], [0.21998855469411138, 0.16493031380911427, 0.3975061773856339, 0.21757495401114046], [0.27739571282194986, 0.3517589113468327, 0.20565131875374826, 0.1651940569774692], [0.29115461489288763, 0.3777378780566817, 0.1268176679795575, 0.2042898389708732], [0.19817468817300737, 0.2471093273975105, 0.15149589107154637, 0.4032200932579358], [0.18256284022647143, 0.313860352099439, 0.2867904560459394, 0.21678635152815015], [0.19964402019572483, 0.2032126693278291, 0.2153384440025621, 0.38180486637388394], [0.20766596241698007, 0.26104830268683055, 0.33654781198401323, 0.19473792281217617], [0.1900478125911474, 0.3646485154763515, 0.2493538223053931, 0.19594984952710798], [0.19586549697347833, 0.3612904250260505, 0.23939870295514795, 0.2034453749453232], [0.16372505804600554, 0.3019700528063435, 0.32254474294207114, 0.21176014610557983], [0.13876777016180836, 0.3337439149467949, 0.1695684866244719, 0.3579198281669248], [0.16964732361598073, 0.35481402803112433, 0.2879599971477319, 0.18757865110516297], [0.16072056414310806, 0.42822613241977425, 0.16403747336583707, 0.2470158299712806], [0.1356185525520128, 0.22404529152060237, 0.3767737447838711, 0.26356241104351374], [0.13693182781154736, 0.2334229454204792, 0.365643934823245, 0.2640012918447285]], "ideal": "A", "sampled": "D", "correct": false}}
{"type": "result", "data": {"idx": 8, "options": ["unethical, because the client's needs were not addressed more directly", "unethical, because the psychologist should have delayed the trip and given the client an appointment for that afternoon", "unethical, because the psychologist should have called a physician directly", "ethical, because it was not possible to determine whether or not the client was being manipulative"], "probs": [[0.7232732553273825, 0.09959219914532222, 0.09828849648460947, 0.07884604894268579], [0.6685860951644984, 0.12292123951044036, 0.11487341268324737, 0.0936192525418138], [0.7199611657106106, 0.10070488681198743, 0.09707669218287374, 0.08225725519452817], [0.7058176011875055, 0.10673270691557442, 0.10289675302956965, 0.0845529387673505], [0.6634471415809942, 0.12101051955205071, 0.1166605651261971, 0.09888177364075804], [0.6760791186867058, 0.11583139887173134, 0.1134360298844075, 0.09465345245715541], [0.24404262766654794, 0.4800649141765909, 0.16973919658932843, 0.10615326146753273], [0.2251087210814935, 0.4863068912047545, 0.16280628253958912, 0.1257781050741629], [0.28311313699489954, 0.21939128981021308, 0.3781135480711625, 0.11938202502372493], [0.2825308143810029, 0.3239987492237342, 0.17912554739114506, 0.21434488890411788], [0.16728995240177857, 0.12554461878639828, 0.5667643377582406, 0.14040109095358255], [0.25042752921625266, 0.1659549871490336, 0.27246891093324327, 0.31114857260147044], [0.2978814884406692, 0.41866392516872764, 0.1626653546329398, 0.12078923165766342], [0.26594202122758637, 0.43714023006715597, 0.16979325294029005, 0.12712449566496759], [0.3406273570035699, 0.17709968190658776, 0.3514830312608502, 0.1307899297289922], [0.35747383423417106, 0.20913673000315305, 0.20323174281330267, 0.2301576928493732], [0.21755118017550823, 0.14525638086367307, 0.48698215220522306, 0.15021028665559563], [0.2923991083806417, 0.16066558657470034, 0.22376547751573228, 0.3231698274289257], [0.10946030843204084, 0.6747590396058049, 0.12252279947048077, 0.09325785239167356], [0.10980884975159705, 0.677082315252418, 0.12588152569498884, 0.08722730920099603], [0.1250506155052717, 0.152491803377763, 0.5886125984612807, 0.1338449825556847], [0.1658819019628582, 0.27692577240082, 0.273109257193911, 0.28408306834241076], [0.1293647515265771, 0.22271711959501875, 0.5208680939670933, 0.12705003481131077], [0.14873737095299125, 0.4034731089665344, 0.1890802681256995, 0.25870925185477484]], "ideal": "A", "sampled": "A", "correct": true}}
{"type": "result", "data": {"idx": 9, "options": ["clarify boundaries between family members in order to reduce enmeshment.", "work initially with the most differentiated family member.", "\"use a multiple-therapist team to prevent any one therapist from becoming \"\"triangulated\"\" into the family system.\"", "\"issue specific \"\"directives\"\" designed to counteract dysfunctional processes.\""], "probs": [[0.5406127652076598, 0.1348071565315497, 0.1340287645627456, 0.1905513135980449], [0.6074807914847976, 0.12754230770127478, 0.12781823251540844, 0.13715866819851918], [0.5470918131099222, 0.12132406345831731, 0.17155038414034843, 0.1600337391914121], [0.5193087612857297, 0.12656791884133897, 0.16937181856642666, 0.18475150120650463], [0.5886934135849641, 0.12363266390967852, 0.14832019141382077, 0.13935373099153667], [0.5460933283589567, 0.12699062742541023, 0.13127256537338963, 0.19564347874224336], [0.22873194085278506, 0.4682916300586022, 0.13724196890978957, 0.16573446007882317], [0.2407570224421209, 0.4778812611572327, 0.13784598686601177, 0.14351572943463464], [0.2561345138313714, 0.12917450261574429, 0.40600753431443665, 0.2086834491384476], [0.2491373549961953, 0.1162173217700633, 0.2043305471012516, 0.4303147760324898], [0.3131838691937087, 0.15072484088336918, 0.34938567352696714, 0.18670561629595495], [0.2411281073104438, 0.10563434150431472, 0.1813542734207863, 0.4718832776644552], [0.24738491316303096, 0.34278214995956313, 0.2231924600137338, 0.1866404767636721], [0.2552315814468862, 0.35380949512133947, 0.19386058466103456, 0.1970983386707398], [0.23492086281395458, 0.16983436299405433, 0.3814503905011791, 0.213794383590812], [0.23709099345654103, 0.1488887093646755, 0.2136839063800856, 0.40033639069869786], [0.25276580073740956, 0.1446419634578729, 0.3829190375583058, 0.21967319814641179], [0.26328181433185216, 0.17208481810503487, 0.24914208799665957, 0.3154912794664534], [0.2152039131185433, 0.4550620343789159, 0.1711897002770359, 0.15854435212550488], [0.21341131843511085, 0.4514840869759588, 0.14982669651043035, 0.18527789797849997], [0.24152144427385527, 0.18884986355726102, 0.38021540071417415, 0.18941329135470952], [0.18984548887086977, 0.10597071874550286, 0.1921135499293733, 0.512070242354254], [0.19359330206335668, 0.11249985302604117, 0.4760589513925027, 0.2178478934180994], [0.20175581867829295, 0.1228499245096094, 0.2732421714801212, 0.4021520852319765]], "ideal": "A", "sampled": "A", "correct": true}}
{"type": "result", "data": {"idx": 10, "options": ["A true experiment", "A cross-sequential cohort design", "A natural experiment", "A cross-sectional cohort design"], "probs": [[0.30743021459558306, 0.37450111098559513, 0.17462079414314283, 0.14344788017567897], [0.32379667982807275, 0.3763558156007929, 0.1623120557410513, 0.13753544873008308], [0.32842024668120984, 0.3189703476263445, 0.20975011272493418, 0.14285929286751142], [0.3355341851375739, 0.3335700928831316, 0.16809798775422444, 0.16279773412507], [0.35781527942646896, 0.2947208749332955, 0.19548634308917945, 0.15197750245105607], [0.38242560621252036, 0.2823354601577711, 0.18145051596734385, 0.1537884175623647], [0.3581799375110294, 0.2192400013954745, 0.25540731115789134, 0.16717274983560476], [0.4091910482413324, 0.23888013120408405, 0.19122734948909348, 0.16070147096549006], [0.2748157001811913, 0.18335583257761381, 0.36079635137298754, 0.18103211576820735], [0.35800429328701866, 0.2025925339610958, 0.20186617681548008, 0.23753699583640545], [0.3877830562767489, 0.2525846101476184, 0.18839989881419492, 0.17123243466143775], [0.34748271495483085, 0.2626359266796387, 0.16112643768320248, 0.22875492058232796], [0.23100084064080983, 0.45362600679629694, 0.16209015248585093, 0.1532829999770423], [0.2250922206577905, 0.4704657564656215, 0.14040804117121963, 0.1640339816053684], [0.21421319563352517, 0.385980403175803, 0.24605913824450765, 0.15374726284616413], [0.215132388676534, 0.40617430811298666, 0.18354434046615056, 0.19514896264432877], [0.22591519016874906, 0.3095736159138213, 0.28502437044773793, 0.17948682336969168], [0.21595183656296796, 0.3326558867555761, 0.22582656815853178, 0.22556570842292414], [0.3365017673931844, 0.23521433680175022, 0.23434129261661368, 0.1939426030884517], [0.2912720994170488, 0.20689972924756692, 0.3070299877361889, 0.1947981834991954], [0.30732570011301297, 0.29373590030522007, 0.20893028999058116, 0.1900081094911858], [0.28830068011825094, 0.29111157543527566, 0.1689859403954168, 0.2516018039510566], [0.22209207711383053, 0.16795819996107894, 0.4145371615472151, 0.19541256127787543], [0.28138879777326026, 0.17768692007931178, 0.21028499929843544, 0.33063928274899246]], "ideal": "B", "sampled": "A", "correct": false}}
{"type": "result", "data": {"idx": 11, "options": ["recall of words", "verbal comprehension", "verbal learning", "production of speech"], "probs": [[0.1451768482024648, 0.20202910160596607, 0.1179464726757207, 0.5348475774158484], [0.04150700461927303, 0.07185970161266729, 0.8390376790140167, 0.04759561465404298], [0.10907409000327052, 0.10927699167220493, 0.2281376953246181, 0.5535112228999064], [0.02820780351001812, 0.045158859926625286, 0.8757594341101107, 0.05087390235324585], [0.05745391636774119, 0.8625631392628259, 0.04214146972591464, 0.03784147454351823], [0.051929442085217714, 0.8764760787217206, 0.03283580874890405, 0.038758670344157566], [0.16595087442829937, 0.13358350893017013, 0.19773694559366692, 0.5027286709478636], [0.03108481405282264, 0.04159043969722401, 0.8927800371773701, 0.03454470897258323], [0.14700046618304297, 0.14504605962512987, 0.11759955040231203, 0.5903539236895151], [0.031535342298532, 0.036948579611829006, 0.8915091285399221, 0.04000694944971684], [0.06330024936049451, 0.8723142384779727, 0.0350497611370376, 0.029335750924495103], [0.05671952960100346, 0.878407106824666, 0.03316844054858315, 0.031704922925747364], [0.07507040350878554, 0.11288917808595916, 0.22658309338211158, 0.5854573249231437], [0.02301087230213846, 0.04014145955041968, 0.889080285937093, 0.047767382110348915], [0.08331915549005649, 0.3897977732341601, 0.09399033222087826, 0.43289273895490515], [0.03266084371711972, 0.06558750178232554, 0.8540394392328096, 0.047712215167745174], [0.03831317961909432, 0.8772084238940401, 0.04120522702265121, 0.043273169364214395], [0.04127747592369594, 0.8740142237428881, 0.04952333601667491, 0.0351849642167411], [0.9262930006420017, 0.02756511180701296, 0.023783899130494314, 0.022357988320491018], [0.9430779690813703, 0.021863812293446642, 0.01813780865084673, 0.016920409874336278], [0.9273825520187206, 0.028036101553098654, 0.022371687980356592, 0.02220965834782422], [0.9340391354019829, 0.02571025007829804, 0.02004267748062012, 0.020207936939098958], [0.9321406343818288, 0.02391700410727399, 0.021792035222973242, 0.02215032618792393], [0.9259960219271209, 0.02712863929630734, 0.026525483160165782, 0.02034985551640594]], "ideal": "D", "sampled": "D", "correct": true}}
{"type": "result", "data": {"idx": 12, "options": ["the child\u2019s intelligence.", "the child\u2019s \u201cbasic personality.\u201d", "the strength of the parent-child attachment.", "the parents\u2019 childrearing behaviors"], "probs": [[0.0317715493911288, 0.052446140257640564, 0.5765303609011987, 0.3392519493500319], [0.0281490677235647, 0.05558947348956369, 0.8159238512909212, 0.10033760739595048], [0.03777802489320981, 0.38308970420630223, 0.06815641601226548, 0.5109758547882225], [0.0400812539393978, 0.3585145068252837, 0.4801019584622111, 0.1213022806731074], [0.03178647869746127, 0.8429315591178017, 0.050524655159822754, 0.0747573069249143], [0.034584895030563355, 0.8417208256604034, 0.060829803794721964, 0.06286447541431131], [0.040024885532164746, 0.03852073991363259, 0.656529212548094, 0.2649251619061086], [0.031730120672433894, 0.04173787884962571, 0.8569235023744504, 0.06960849800349003], [0.05984281569589332, 0.6172663980919838, 0.06301519831339591, 0.259875587798727], [0.06325918199759006, 0.46938888465430995, 0.408583566185819, 0.05876836706228099], [0.03950718937073417, 0.8549514134472765, 0.04557766934690337, 0.059963727735085924], [0.0469343879951503, 0.8552504158450273, 0.052878740990154015, 0.044936455069668355], [0.30168987441361067, 0.07454977461508128, 0.07659881101523312, 0.5471615398560749], [0.18585664585927172, 0.07626828032768865, 0.6537336901289261, 0.08414138358411348], [0.2283184098098723, 0.08876214986719791, 0.07047133944575108, 0.6124481007771787], [0.1838350864489558, 0.08416043095700111, 0.6568216582949532, 0.07518282419908989], [0.34865353027453655, 0.5163737015859541, 0.059338369353713935, 0.07563439868579544], [0.42840186714720496, 0.44971353816319004, 0.06189574811500679, 0.05998884647459822], [0.8282652147259122, 0.05672393535177712, 0.03534351021721712, 0.0796673396050936], [0.8639702232211016, 0.051404934562836006, 0.04016063376919396, 0.04446420834686842], [0.8617637156578422, 0.05331722646418503, 0.028415955600281116, 0.056503102177691666], [0.8708848271073438, 0.05473327953045031, 0.03356911724115694, 0.04081277602104896], [0.8635049623232465, 0.06344411947504178, 0.030308030881091984, 0.042742887220619814], [0.8650231424973384, 0.061133765133568954, 0.03233096772355608, 0.04151212454553663]], "ideal": "D", "sampled": "D", "correct": true}}
{"type": "result", "data": {"idx": 13, "options": ["is nonresponsive to visual or auditory stimuli and seems to be in a state of deep sleep.", "is confused and incoherent, may exhibit bizarre behavior, and is unable to care for him/herself.", "is alert and oriented and can remember and integrate remote and recent events but may have some impairment in judgment, planning, and abstract reasoning.", "is functioning at an intellectual level that is superior for his/her age, education, and demographic background."], "probs": [[0.34938938984011797, 0.32423944727394594, 0.2234312544583431, 0.10293990832759302], [0.3457002326701779, 0.3839792029456612, 0.08714440433247994, 0.183176159951681], [0.3361141829103504, 0.27094666936012657, 0.25535576391546494, 0.13758338371405815], [0.3773415796779225, 0.29709620166120865, 0.09892010982597438, 0.22664210873489452], [0.2333092207480232, 0.182215717681668, 0.2556919715194718, 0.32878308995083694], [0.20955190131594578, 0.1610723704737561, 0.41015690636682534, 0.21921882174347276], [0.46611748384800894, 0.222387469448729, 0.198528043960744, 0.11296700264251805], [0.499120026829397, 0.2344486871455892, 0.0957314314906572, 0.17069985443435662], [0.44906274818050695, 0.31440863947134196, 0.12336482474061493, 0.1131637875075362], [0.48992457980978743, 0.32471296187968385, 0.08616925775143099, 0.09919320045909771], [0.42968570122381344, 0.13865474484911172, 0.1652905567700032, 0.2663689970570716], [0.3513007075018479, 0.13457512166198146, 0.3680960755037375, 0.14602809523243312], [0.5046833828284817, 0.19970861372900592, 0.16222936155111578, 0.13337864179139663], [0.5317311246777482, 0.19153065834863975, 0.11114350622419082, 0.16559471064942116], [0.5482260029082584, 0.2152414635744135, 0.12105736970478717, 0.11547516371254088], [0.6314799643835762, 0.1827066201674036, 0.08063371298474531, 0.10517970236427482], [0.5883776413423568, 0.1400259701761804, 0.11733763401517434, 0.15425875436628841], [0.6096223086942911, 0.1450425109873585, 0.11595526509250853, 0.12937991512584182], [0.18929047598599222, 0.22030600574933806, 0.2858615176710501, 0.3045420004936196], [0.17405577520941914, 0.1772934102028165, 0.4341349432670542, 0.21451587122071014], [0.22948755321591996, 0.33262288567077825, 0.15485478936077338, 0.28303477165252844], [0.19411869967492212, 0.26619075536193487, 0.3888962392613507, 0.15079430560179233], [0.2004291012778669, 0.5521904352989788, 0.1192907046993898, 0.12808975862376454], [0.1958277839043855, 0.5393395657740907, 0.14730856323425315, 0.11752408698727068]], "ideal": "B", "sampled": "C", "correct": false}}
{"type": "result", "data": {"idx": 14, "options": ["decline the request to testify.", "agree to testify only if she obtains consent from both parents.", "agree to testify only if she can evaluate all of the involved parties.", "agree to testify only if her familiarity with the child won''t bias her testimony."], "probs": [[0.517752564598139, 0.14841383030656755, 0.1224417035557806, 0.2113919014395128], [0.5820898716659577, 0.1319534102224024, 0.11495461913302123, 0.17100209887861864], [0.5402926173571122, 0.12938305593748564, 0.12476967085227937, 0.20555465575312282], [0.559276784570174, 0.1277875957266274, 0.12814711605878723, 0.1847885035444113], [0.5748938321492367, 0.13872024415536321, 0.1135178804284065, 0.17286804316699358], [0.5718700927808477, 0.1358660916540215, 0.10772020448948746, 0.1845436109756433], [0.21026834293296845, 0.43016668092628185, 0.15818107833686024, 0.20138389770388943], [0.22308799622212175, 0.4632385372652301, 0.15757513044688898, 0.15609833596575917], [0.20458458396121823, 0.12724279814005016, 0.40036636589683616, 0.26780625190189544], [0.25012302023468064, 0.1484740205188034, 0.21832298904973074, 0.3830799700967852], [0.2031362490765735, 0.10388001750056373, 0.4795815371706858, 0.21340219615217693], [0.2382934433746414, 0.12577327522391266, 0.1485124461869301, 0.48742083511451584], [0.18656118868387406, 0.5056276690918771, 0.14137620590511893, 0.16643493621912994], [0.18769130947909285, 0.5247201557552684, 0.14668715654428405, 0.1409013781213546], [0.21138321491104156, 0.15015869288607966, 0.3765494935299755, 0.2619085985729033], [0.24305428158539139, 0.1597306650596866, 0.2039982171449906, 0.3932168361099314], [0.20152511289823427, 0.12433884480817678, 0.4504457808381284, 0.22369026135546052], [0.24736281489751258, 0.16771707927346693, 0.18462238653773438, 0.4002977191912861], [0.17689851451828903, 0.5783413224339703, 0.12291889257748262, 0.12184127037025806], [0.16165734946346, 0.5990946336914131, 0.11500342274799848, 0.1242445939971284], [0.19692325443352526, 0.11962843596015825, 0.4683464134139385, 0.215101896092378], [0.21926030861016346, 0.11943498374784056, 0.14096315958623518, 0.5203415479557608], [0.1751784059948622, 0.09998658149454623, 0.5027613564411502, 0.22207365596944142], [0.22763227226971736, 0.11832068987315221, 0.16982274360181, 0.4842242941553205]], "ideal": "A", "sampled": "A", "correct": true}}
{"type": "result", "data": {"idx": 15, "options": ["goals serve 2 purposes: they are a basis for motivation and they direct behaviors", "goal attainment is maximized when goals are specific and highly difficult", "goal attainment is maximized when frequent feedback is given", "worker participation in goal-setting is also good"], "probs": [[0.28373569247269453, 0.2571539878588061, 0.1870109736732392, 0.27209934589526014], [0.27781159924820714, 0.24967984478717983, 0.22434909152301688, 0.2481594643415961], [0.2678748666972268, 0.2192633747835241, 0.23947900531281358, 0.2733827531064355], [0.26903608438662485, 0.21833264825544946, 0.24033933875541552, 0.27229192850251016], [0.25536277887651754, 0.26830738780199614, 0.23357059059191546, 0.24275924262957083], [0.26406232306886546, 0.2752044878685789, 0.20167226198302393, 0.2590609269795317], [0.2950019626024991, 0.24532545341558093, 0.1855031903052552, 0.27416939357666475], [0.2841349584196234, 0.23801009709258136, 0.22408333752422838, 0.25377160686356687], [0.2777191822423608, 0.2169539429158848, 0.2369443134850686, 0.26838256125668586], [0.2730497121537863, 0.2050973921809139, 0.22752086815943023, 0.29433202740586956], [0.2832872015444352, 0.2627214530253166, 0.21996459690464198, 0.23402674842560622], [0.27309016611334413, 0.25727633789334386, 0.1930768128921795, 0.27655668300113245], [0.2649976987871085, 0.2555700914476079, 0.2173140411551254, 0.26211816851015823], [0.27229283474462, 0.2523654215842883, 0.23025626971160748, 0.2450854738594842], [0.26960887530796324, 0.2540830264793338, 0.21774995457065818, 0.2585581435420448], [0.26987702053883533, 0.23888743277317712, 0.21792416597100647, 0.27331138061698107], [0.26561384994691084, 0.27043273639310034, 0.24286706381295745, 0.2210863497470314], [0.2500716373052973, 0.24879700691605117, 0.23788092319133522, 0.2632504324873163], [0.27648732475387827, 0.275112633008754, 0.23032376511064304, 0.2180762770267247], [0.29022786450803545, 0.2669491509371651, 0.20663197644420403, 0.2361910080105954], [0.2854491557305843, 0.2862716401624778, 0.22165991202314056, 0.20661929198379728], [0.280907515868878, 0.2688374857162438, 0.20486271684598784, 0.24539228146889033], [0.291920521585375, 0.25418636957804747, 0.2507439032167955, 0.203149205519782], [0.26915893357027526, 0.24006924388495335, 0.24821336934786495, 0.2425584530969064]], "ideal": "B", "sampled": "D", "correct": false}}
