{"type": "result", "data": {"idx": 0, "options": ["164%", "1.64%", "0.45%", "183%"], "probs": [[0.2613319832222193, 0.4214545017492871, 0.17161855611332355, 0.14559495881517], [0.25547545068953614, 0.4120386549447198, 0.19013610406822767, 0.14234979019751634], [0.3009438424720275, 0.24586325148677135, 0.29687269634399305, 0.1563202095972081], [0.2922769057930685, 0.24066146129966623, 0.23903873981952098, 0.22802289298774428], [0.2843300827008805, 0.3655778630715644, 0.20355675532377093, 0.14653529880378416], [0.27021126728583633, 0.3528824290481889, 0.17890643271923187, 0.1979998708467429], [0.3007043182968986, 0.3155268618462977, 0.20539836317621243, 0.17837045658059122], [0.28284860497413644, 0.3062215836403988, 0.240499205580122, 0.17043060570534274], [0.35486642580257927, 0.2578642146885087, 0.22074710488338473, 0.16652225452552732], [0.376663518957521, 0.2611807765767711, 0.22013570872121405, 0.14201999564449388], [0.31373797909049067, 0.2729053415709418, 0.25661819405915554, 0.156738485179412], [0.33082364014514265, 0.30159116970913674, 0.21234169824731658, 0.15524349179840402], [0.20819229755130783, 0.2718367793336835, 0.33599798866732683, 0.18397293434768186], [0.21402582205143383, 0.2794548827211518, 0.27109664271897166, 0.23542265240844268], [0.2199814948216859, 0.32546705489282135, 0.26169652134091115, 0.19285492884458155], [0.2199650704640722, 0.35750985141993746, 0.2536540925249123, 0.16887098549107799], [0.21797369743154796, 0.2652899960206399, 0.2533622719595132, 0.26337403448829894], [0.23585486325378205, 0.27823083268189663, 0.3131310530069891, 0.17278325095733219], [0.35326066957899865, 0.3245728071772723, 0.1879394063210745, 0.1342271168226545], [0.30599801361489953, 0.3391386118577159, 0.17329967735615334, 0.18156369707123124], [0.3194697045723377, 0.2912363241874355, 0.24735882491493938, 0.14193514622528744], [0.3247332870635502, 0.3226006626760224, 0.2084059864074202, 0.14426006375300715], [0.27603723773469135, 0.22377527581077394, 0.2257478616683082, 0.2744396246862265], [0.300779890937536, 0.2595742785924809, 0.25981260775038595, 0.17983322261959717]], "ideal": "A", "sampled": "B", "correct": false}}
{"type": "result", "data": {"idx": 1, "options": ["No effect No effect", "No effect Understated", "Understated No effect", "Understated Understated"], "probs": [[0.17061557128236576, 0.27559608628968285, 0.3536531083476511, 0.20013523398030025], [0.1652835731745843, 0.2712127823675743, 0.4101957915283953, 0.15330785282944612], [0.1454571146713112, 0.31136687926567863, 0.30612625969315943, 0.2370497462698507], [0.11607731651444685, 0.25217933587499947, 0.5098080266416493, 0.12193532086890442], [0.15671196489364078, 0.4082105226296735, 0.2608463103074931, 0.17423120206919263], [0.1537547650037293, 0.3731803520056164, 0.3211580109965323, 0.15190687189412203], [0.26796936771939317, 0.19963032605674408, 0.3476180019486421, 0.18478230417522062], [0.23988157448048114, 0.16007457135951583, 0.46729403534591474, 0.13274981871408828], [0.2795194941551191, 0.365888560289979, 0.192247521973585, 0.1623444234813169], [0.2525458652463276, 0.3357439661863274, 0.29572186091358027, 0.11598830755376473], [0.2756148740740102, 0.41851257788005053, 0.16464594986258266, 0.14122659808335658], [0.2593173538972313, 0.3670417884842154, 0.24587807032260628, 0.12776278719594697], [0.2754488494306168, 0.21170871044878362, 0.3152321811623189, 0.19761025885828068], [0.22702700372629517, 0.15624126091938764, 0.5013870968293244, 0.11534463842499286], [0.3412573889493466, 0.2664767702012592, 0.20888350968086355, 0.18338233106853064], [0.29397964474599264, 0.2540687918408956, 0.3261335193784737, 0.12581804393463805], [0.23794178590432322, 0.43252339552627456, 0.18122985547338738, 0.14830496299601487], [0.22970304796665644, 0.40477202580403987, 0.24306340068299523, 0.12246152544630845], [0.2915634171140184, 0.17304968574328716, 0.33897876230994445, 0.19640813473274996], [0.33099407940755626, 0.17324477948735553, 0.3585495757265831, 0.1372115652785051], [0.3301831732332856, 0.2618606945333181, 0.24005992350472602, 0.16789620862867025], [0.33502080533997575, 0.26154154146765596, 0.2739191908276464, 0.1295184622647219], [0.2926090061371972, 0.2510011493908697, 0.2712448537078456, 0.18514499066408743], [0.31808318600353785, 0.24067136587307372, 0.3041084589718729, 0.13713698905151553]], "ideal": "B", "sampled": "D", "correct": false}}
{"type": "result", "data": {"idx": 2, "options": ["Nonsampling risk arises from the possibility that, when a substantive test is restricted to a sample, conclusions might be different than if the auditor had tested each item in the population.", "Nonsampling risk can arise because an auditor failed to recognize misstatements.", "Sampling risk is derived from the uncertainty in applying audit procedures to specific risks.", "Sampling risk includes the possibility of selecting audit procedures that are not appropriate to achieve the specific objective."], "probs": [[0.4083384810227335, 0.1903513790424346, 0.16982900841580761, 0.23148113141902424], [0.42199311448822524, 0.19066652868270323, 0.16612145298144065, 0.2212189037476308], [0.45418015521545446, 0.18395697949156736, 0.15171907480921157, 0.2101437903837666], [0.4973148854490111, 0.17770321566742897, 0.14309770078142706, 0.1818841980021329], [0.44265139098509276, 0.18784929810076006, 0.1598584800798775, 0.20964083073426967], [0.4898519892566903, 0.17778643169175984, 0.1431635107032763, 0.18919806824827357], [0.24828713369453811, 0.35438811963722794, 0.17573270280982398, 0.22159204375840996], [0.26595189372169137, 0.34284677076348147, 0.17679176695987636, 0.21440956845495082], [0.2072499008940007, 0.19690333891638043, 0.32859925411631635, 0.2672475059733025], [0.22655803777819156, 0.21193065605635114, 0.18602667192665118, 0.3754846341388061], [0.23357410030490622, 0.20841118070153913, 0.32168652645451046, 0.23632819243904415], [0.229653954482955, 0.20986339447783872, 0.18862214682600167, 0.3718605041132046], [0.24895414342818528, 0.3186153829810752, 0.18045239294360638, 0.2519780805471331], [0.24259465568925917, 0.3773370924611485, 0.17025345308488601, 0.20981479866470631], [0.21332665739280524, 0.207595506629249, 0.3103147585520415, 0.26876307732590426], [0.20987690670363057, 0.19627125266807666, 0.19984747169630787, 0.39400436883198486], [0.24401288095675913, 0.23370801258295215, 0.2849545222974155, 0.2373245840628732], [0.2351331675542724, 0.21316463925547655, 0.16511484732891746, 0.3865873457613336], [0.25475067277313873, 0.32597461825291874, 0.17894733216980752, 0.24032737670413504], [0.2440067191479006, 0.3736319112537553, 0.17128660548791783, 0.2110747640104263], [0.23397931802882416, 0.21048356904195306, 0.30741492368805257, 0.2481221891411702], [0.1988907664484799, 0.16285039968204393, 0.20160070660484572, 0.4366581271646305], [0.25078167387801426, 0.22038551177627566, 0.29058142194607367, 0.23825139229963638], [0.24095953280424895, 0.20203658334271593, 0.1639877061683548, 0.39301617758468027]], "ideal": "B", "sampled": "A", "correct": false}}
{"type": "result", "data": {"idx": 3, "options": ["Inspect inventory items that were ordered before the year end but arrived after the year end.", "Test internal control activities that were previously reported to management as inadequate.", "Review the client's cutoff bank statements for several months after the year end.", "Compare the latest available interim financial statements with the statements being audited."], "probs": [[0.13791224359086882, 0.14364446698182848, 0.17907722292539824, 0.5393660664019044], [0.17333700019380086, 0.19381177712248457, 0.2894958002500687, 0.34335542233364585], [0.15373520093408075, 0.1772492027925267, 0.12589266519799558, 0.543122930975397], [0.17315139132722307, 0.25076926125714744, 0.2894577426838163, 0.2866216046318132], [0.2198611613908913, 0.25368535138088755, 0.16535711040397283, 0.3610963767242483], [0.2320726468363483, 0.2576081569656088, 0.23146570761269006, 0.27885348848535285], [0.08226266686382808, 0.10494441772568756, 0.18740803420326677, 0.6253848811072176], [0.1056733147049569, 0.1602308326833776, 0.32713720686647035, 0.4069586456451951], [0.048950037204234575, 0.050526546477916726, 0.09444691668243133, 0.8060764995354174], [0.09120627695616097, 0.13832386145826453, 0.4080466718872138, 0.36242318959836073], [0.09870721692967446, 0.14050752341854747, 0.17649020778828875, 0.5842950517634893], [0.14718474226932998, 0.2147136000371796, 0.2515472135955793, 0.3865544439979111], [0.07150814574974733, 0.07983744769732315, 0.0884750770171162, 0.7601793294358133], [0.08894777843328437, 0.15171210127195306, 0.4547955589704898, 0.30454456122427276], [0.0612190739022623, 0.05665066127504675, 0.11543874498412496, 0.766691519738566], [0.08949444708806734, 0.10320332207849708, 0.46817095478177173, 0.33913127595166387], [0.13511240078312867, 0.4309871663918102, 0.18259822776285034, 0.2513022049622108], [0.1320242493627481, 0.4809765434220709, 0.13362292051273633, 0.25337628660244466], [0.37154413585177365, 0.16252819465584617, 0.18903183090144302, 0.2768958384909372], [0.3673936724295387, 0.16715897618052683, 0.24022017416936026, 0.22522717712057422], [0.25847631882881456, 0.11216849916177242, 0.2399525212998087, 0.3894026606096043], [0.385424094702091, 0.13974333432752195, 0.24227535315156246, 0.23255721771882457], [0.3544668396446212, 0.19005302233346563, 0.2092671598612391, 0.24621297806067405], [0.38445618056125463, 0.18473289516109018, 0.17399204812646735, 0.25681887605118786]], "ideal": "D", "sampled": "D", "correct": true}}
{"type": "result", "data": {"idx": 4, "options": ["Accounting Standards Updates.", "Emerging Issues Task Force Releases.", "Statements of Financial Accounting Standards.", "Staff Technical Bulletins."], "probs": [[0.9285519096858087, 0.021851855739835793, 0.02460662426556934, 0.024989610208786126], [0.9128240295940637, 0.02304628141783926, 0.0245714039820572, 0.03955828490603977], [0.9304995297035543, 0.023491019924627488, 0.0199707804197832, 0.026038669852034936], [0.9285197706737826, 0.02362228671631076, 0.01977011656940287, 0.028087825940503776], [0.9120088899714525, 0.022667622402536038, 0.024549681919497267, 0.04077380560651422], [0.9257179377046886, 0.022126692987839192, 0.02415162665702772, 0.028003742550444532], [0.07057008786434418, 0.8301904673015806, 0.05018287821829841, 0.04905656651577682], [0.07311056580822177, 0.8142903476671572, 0.04734000208254616, 0.06525908434207477], [0.09372935303511679, 0.19272096165993377, 0.6264546419581963, 0.08709504324675309], [0.07747722613011651, 0.07515803191803352, 0.047499016285850286, 0.7998657255659997], [0.09183605759417561, 0.0792724713603856, 0.673230767182738, 0.15566070376270083], [0.07401879847981718, 0.04564604604829809, 0.0736325230913946, 0.8067026322804901], [0.09395773382846508, 0.8280076157818166, 0.03778316621625334, 0.040251484073465], [0.09115928342653212, 0.828725629748042, 0.03723244340917342, 0.042882643316252494], [0.10465144442950812, 0.06980313412000427, 0.7390564138377976, 0.08648900751268991], [0.08625414799995458, 0.03407576163280381, 0.04315287908760252, 0.8365172111796391], [0.10772279809415165, 0.06490974969378334, 0.7369800319080687, 0.0903874202039963], [0.09819915766548241, 0.03344052496400201, 0.04760889637497532, 0.8207514208955402], [0.07492833779188626, 0.8150400135047791, 0.043153223771282216, 0.06687842483205243], [0.07136543386840846, 0.8264786342869676, 0.0476767850040079, 0.054479146740616116], [0.09290570557144227, 0.09598280273946622, 0.649879321766194, 0.16123216982289754], [0.07375121445594292, 0.050729269561877406, 0.0716601269617599, 0.8038593889204197], [0.08168989404426742, 0.16665497420447234, 0.6534285532859897, 0.09822657836527053], [0.07959378091020514, 0.06974690692627326, 0.048032729055995683, 0.8026265830075259]], "ideal": "A", "sampled": "A", "correct": true}}
{"type": "result", "data": {"idx": 5, "options": ["\u2212$3", "\u2212$27", "$3", "$500"], "probs": [[0.2791783636161917, 0.27111829536460996, 0.2249242614695928, 0.2247790794496055], [0.26721104180492006, 0.26992260602628243, 0.27882709265462513, 0.1840392594141724], [0.28595806017513703, 0.27768234243245704, 0.20973608520723366, 0.22662351208517223], [0.28202962872545917, 0.2892864346214925, 0.24769757685568525, 0.1809863596973631], [0.26456697589939226, 0.35684041570252234, 0.21657483799490446, 0.1620177703031809], [0.275784508903135, 0.3548418494609906, 0.19918012314116681, 0.1701935183947075], [0.30501177903939936, 0.21497288344140858, 0.23824526367189233, 0.24177007374729972], [0.2936896681491894, 0.2038218527828481, 0.3017929494079158, 0.20069552956004671], [0.31113061305749473, 0.21760280428140896, 0.2265251874697181, 0.2447413950913782], [0.28918804458992886, 0.20868043353142296, 0.3263881698751796, 0.17574335190346857], [0.3236579789587838, 0.3022692085362723, 0.18931655222171137, 0.18475626018323246], [0.3174575661537753, 0.333442072043515, 0.18281594461806167, 0.166284417084648], [0.2924084961121929, 0.26064980027453316, 0.20960049329092198, 0.237341210222352], [0.2929680645172883, 0.2530634402975696, 0.2614434361196381, 0.19252505896550395], [0.29420010129251867, 0.28578776969995573, 0.2076225193418817, 0.2123896095656439], [0.2812430094650473, 0.2586746955449176, 0.29823748476875755, 0.16184481012127752], [0.27714316292955893, 0.37973170186052874, 0.18368233069500806, 0.15944280441490427], [0.2674468239113516, 0.39320782994891534, 0.19021441607404238, 0.14913092996569066], [0.2548162156751544, 0.22888351507655583, 0.3158346853462536, 0.2004655838020362], [0.28728755449499094, 0.22239989867370877, 0.2729564525523084, 0.2173560941789919], [0.3168386878621622, 0.2531230856878443, 0.21848334232147143, 0.21155488402852207], [0.34857257158332505, 0.25753619496821334, 0.20244338503114365, 0.19144784831731795], [0.284798468847428, 0.21881141930401565, 0.27921846090119684, 0.2171716508473595], [0.29161847503900423, 0.22758322140036757, 0.2950366525067888, 0.18576165095383937]], "ideal": "C", "sampled": "D", "correct": false}}
{"type": "result", "data": {"idx": 6, "options": ["Overstated Understated", "Understated Overstated", "Overstated No effect", "No effect No effect"], "probs": [[0.3410025016846556, 0.35820934973523205, 0.18722518205018826, 0.1135629664299241], [0.3204565095649058, 0.4029193282159475, 0.16392572466769276, 0.11269843745145397], [0.35192048021730515, 0.23115642022032015, 0.2950959459382847, 0.12182715352409003], [0.35198848911597364, 0.2330528760758509, 0.23334890253968715, 0.18160973216848827], [0.30411604305003365, 0.16030342932199904, 0.4014789996807534, 0.13410152784721394], [0.38613431387859043, 0.18838317042418262, 0.26414911137036473, 0.16133340422686224], [0.3675565205345772, 0.33020157356689, 0.1881431979082851, 0.11409870789024767], [0.35649400149087024, 0.3744257604457234, 0.15844092907421778, 0.1106393088891886], [0.3221012963577634, 0.22690872063314804, 0.3284816463727697, 0.12250833653631878], [0.3483319230277905, 0.24354768924143747, 0.22550764341621102, 0.18261274421456103], [0.32640948888375615, 0.16421225665357694, 0.38032782073986027, 0.12905043362280663], [0.3181205188349808, 0.16775571308114584, 0.2998254984265402, 0.2142982695573331], [0.26435513706215313, 0.38284525969698624, 0.22858505076357408, 0.12421455237728657], [0.2634953715236962, 0.38448130392052243, 0.1732229097445184, 0.178800414711263], [0.2612395403081994, 0.3364796788570428, 0.27053282871518985, 0.13174795201956793], [0.24971850584323252, 0.36429121820645594, 0.1831147210947386, 0.20287555475557295], [0.25191692641467145, 0.15534020163086257, 0.4443581600501007, 0.14838471180436524], [0.228301903132786, 0.1608402723664381, 0.4353795440398973, 0.1754782803608785], [0.1566741969026892, 0.35414213807962597, 0.3516530780647365, 0.13753058685294836], [0.1844956764694924, 0.38878521982207936, 0.25283594410061044, 0.1738831595078178], [0.1619775319232124, 0.39305276260398375, 0.30605215287205983, 0.13891755250074406], [0.16632250944135799, 0.4162789756752319, 0.2369866300290279, 0.18041188475438216], [0.15225089177451573, 0.19129929294465542, 0.49009382778906413, 0.16635598739176474], [0.16282379625599544, 0.21614603696092172, 0.4208899735983529, 0.20014019308472994]], "ideal": "D", "sampled": "A", "correct": false}}
{"type": "result", "data": {"idx": 7, "options": ["$100", "$104.29", "$96.71", "$97.33"], "probs": [[0.10509456026318673, 0.6298533128306237, 0.13615763287492214, 0.12889449393126742], [0.10807777758757657, 0.6278310148894078, 0.13153653531514328, 0.13255467210787225], [0.10242382148778602, 0.6383329914616822, 0.1276055929356878, 0.13163759401484396], [0.09949964283901853, 0.6249336003632269, 0.14156572519317223, 0.13400103150458237], [0.10994273676624859, 0.6239022929088203, 0.12374614369766597, 0.14240882652726516], [0.11154487063097883, 0.6039363977343062, 0.14338340499258265, 0.14113532654213234], [0.4395354658271819, 0.20609532249182919, 0.19380995675399273, 0.16055925482699618], [0.45934008620586514, 0.1961188999867524, 0.18442071306742003, 0.16012030063996244], [0.37056066810720983, 0.27995680448336097, 0.182289238690341, 0.16719328861908822], [0.3910588621702142, 0.2668941318721906, 0.16839192805990488, 0.17365507779769035], [0.36118367310726845, 0.27933233973570815, 0.18189308045475686, 0.17759090660226654], [0.3768528474876224, 0.2653654357307765, 0.17963743627436055, 0.17814428040724056], [0.39483923931170345, 0.21988837925879978, 0.22183265288194043, 0.16343972844755633], [0.42404052158171535, 0.22010873077746926, 0.20216898333011865, 0.15368176421069676], [0.4069285331717225, 0.22310766243033242, 0.2001775324118003, 0.16978627188614476], [0.4342562555832528, 0.2289736717710403, 0.1611962169247602, 0.17557385562094663], [0.3759094010256098, 0.2565465156531155, 0.19529025871781489, 0.1722538245034598], [0.39011609403107933, 0.2683618170293752, 0.14823751868874405, 0.1932845701508014], [0.3903175708355869, 0.21908233220419926, 0.21589790925900568, 0.17470218760120823], [0.40629720125291036, 0.22277155354009895, 0.2178089748289318, 0.15312227027805886], [0.37765298415380094, 0.2187234228250238, 0.21053128569796264, 0.19309230722321263], [0.4383141659247158, 0.21883357873358947, 0.1614299810623614, 0.18142227417933332], [0.3980740963727633, 0.261287454657763, 0.1796665367254736, 0.16097191214400006], [0.4092370454216718, 0.27286801959235774, 0.13615455340668473, 0.18174038147928573]], "ideal": "D", "sampled": "C", "correct": false}}
{"type": "result", "data": {"idx": 8, "options": ["It will be reclassified as an asset held for sale.", "It will be classified as a current asset.", "It will no longer be depreciated.", "It will be valued at historical cost."], "probs": [[0.374208761377073, 0.22739023441528242, 0.23328254071752497, 0.16511846339011965], [0.38073881322096703, 0.22596836904506107, 0.20293969799218622, 0.19035311964178567], [0.3788065724830481, 0.2508536353710863, 0.201891174948625, 0.1684486170972406], [0.3749612513560418, 0.2502591274389835, 0.20139588113505502, 0.17338373996991965], [0.3738702292943184, 0.21843888188858276, 0.20557119256543557, 0.20211969615166328], [0.35713538523917354, 0.21701340375160647, 0.24446871874271928, 0.18138249216650074], [0.3074248180592317, 0.3280270744238156, 0.20716433533689496, 0.15738377208005766], [0.31469354030323216, 0.32538887855136917, 0.18709340689695533, 0.17282417414844328], [0.291676138188224, 0.2259251210750485, 0.3295404363770623, 0.15285830425966515], [0.30521123688711654, 0.2272741428602711, 0.20565202217274678, 0.26186259797986555], [0.2912580457413419, 0.20691553372804047, 0.3315678933398526, 0.17025852709076505], [0.2755252122603503, 0.18534462152058145, 0.2402723580358559, 0.2988578080832124], [0.36162502647672934, 0.314892331178061, 0.1700671961753531, 0.15341544606985655], [0.3619050627301072, 0.307794894131117, 0.17556617890679266, 0.15473386413198315], [0.34526035700654023, 0.20337343516958684, 0.3037378236904662, 0.14762838403340678], [0.3687035739053141, 0.19613663850253446, 0.18891753254431778, 0.24624225494783367], [0.36885139342434226, 0.18287073073942625, 0.29302841422011733, 0.15524946151611416], [0.3521663300663677, 0.17734037602171696, 0.1997417837143144, 0.2707515100976009], [0.3073432376184112, 0.30801077988724224, 0.20067615810087436, 0.1839698242934722], [0.28899636861772204, 0.30122509595719743, 0.23127801714014887, 0.17850051818493162], [0.2707928797568157, 0.218060768167051, 0.3439479572413522, 0.1671983947347811], [0.25298408802232913, 0.19897367947676403, 0.2559366340352944, 0.29210559836561245], [0.2713133354018019, 0.247633721689946, 0.3236526500310801, 0.1574002927771719], [0.2625098487098288, 0.23399491257123312, 0.22531568666059143, 0.2781795519583466]], "ideal": "D", "sampled": "A", "correct": false}}
{"type": "result", "data": {"idx": 9, "options": ["$28,000", "$132,000", "$160,000", "$188,000"], "probs": [[0.22699899630960285, 0.2747204262530201, 0.27928694663701636, 0.21899363070036065], [0.22646577654004416, 0.26355576512562195, 0.2897609770008243, 0.22021748123350957], [0.2236633267229154, 0.2503226659893609, 0.31689247013600025, 0.20912153705172348], [0.2252073187063143, 0.25205384555678007, 0.29501865972525154, 0.22772017591165405], [0.22980076535128857, 0.2591991904476728, 0.3010941608950035, 0.20990588320603512], [0.22452614712821947, 0.25528083390190215, 0.2895834277094442, 0.23060959116043417], [0.2955071461876977, 0.23998115537066728, 0.263955008835996, 0.200556689505639], [0.2973908483684695, 0.2303884774216099, 0.2656206190320469, 0.20660005507787363], [0.28893467781038573, 0.24397659299318047, 0.2600133120753628, 0.20707541702107102], [0.28330340556495454, 0.2264420654183374, 0.2528498432852821, 0.23740468563142594], [0.28868913217445474, 0.2534756324413914, 0.2557249626898601, 0.2021102725942938], [0.29058220546644525, 0.23777962864376095, 0.25336506582699164, 0.21827309996280214], [0.27556619455988557, 0.23634107760719983, 0.2810934227586841, 0.20699930497423047], [0.27204769441674087, 0.2388716900277923, 0.27320617027521693, 0.2158744451802499], [0.26632981696058894, 0.28663255907314006, 0.25913765251615123, 0.18789997135011974], [0.27349903769292744, 0.26581748921273113, 0.24029031035448803, 0.22039316263985342], [0.26651307937817964, 0.26109278199445957, 0.2593043446281528, 0.21308979389920799], [0.26999678802775284, 0.24079042311897367, 0.264732863508024, 0.2244799252452495], [0.28018847940112124, 0.22571971192843682, 0.2836168194611418, 0.21047498910930015], [0.2814262592936143, 0.23032615272859652, 0.2718044302133443, 0.21644315766444489], [0.2804682850557239, 0.26631057259757546, 0.2584130465725931, 0.19480809567410745], [0.28249167130334996, 0.25793291962847537, 0.24062377626469542, 0.21895163270347925], [0.28629309789337093, 0.2455635143738848, 0.2597052234063684, 0.20843816422637587], [0.2817785571663795, 0.23059894257868388, 0.2496048659072141, 0.23801763424772254]], "ideal": "C", "sampled": "B", "correct": false}}
{"type": "result", "data": {"idx": 10, "options": ["$100", "$2", "$500", "$200"], "probs": [[0.3477768288702538, 0.2626557711109924, 0.20320154397826007, 0.1863658559404937], [0.37975901927367595, 0.2652615646046612, 0.1927649407308, 0.1622144752908628], [0.3431297191168007, 0.27160715649381456, 0.2084451137506371, 0.17681801053874766], [0.35371336682229393, 0.27565864652181943, 0.19259342604488727, 0.17803456051099936], [0.36095906666964955, 0.2601540568141932, 0.2108708823617134, 0.16801599405444387], [0.3634651682332181, 0.24996282158004107, 0.19635746200758844, 0.1902145480791524], [0.28883842491713896, 0.3406002920704313, 0.1838730032222279, 0.1866882796902018], [0.2995081067078949, 0.34231824619218343, 0.18193194674031865, 0.17624170025960298], [0.30930868709894477, 0.2862739648018297, 0.23207864854633575, 0.17233869945288977], [0.3111759125875195, 0.2994799315629933, 0.20764368770430278, 0.18170046804518444], [0.30329979818856695, 0.3156308374520294, 0.21209296040021702, 0.1689764038591866], [0.30742048756057694, 0.32496776689367607, 0.18241256201808584, 0.18519918342766115], [0.4647799639585734, 0.2266126227128073, 0.16338121129642727, 0.145226201932192], [0.44360618456915973, 0.2432010995144502, 0.16214802376353435, 0.15104469205285567], [0.367269927714249, 0.24477107455710015, 0.21293277719077847, 0.1750262204378724], [0.3609009384748047, 0.2540425359948747, 0.20760662851641737, 0.17744989691390325], [0.4399674367454991, 0.2469118608857203, 0.1633354473944719, 0.14978525487430866], [0.426438248508818, 0.24885565410830993, 0.17253960924419337, 0.15216648803867872], [0.3187543356471092, 0.3422345416729781, 0.18473679764995957, 0.1542743249299531], [0.3100419296007963, 0.35161676475440823, 0.1810840937152605, 0.15725721182953495], [0.33587282392193635, 0.27003910732490854, 0.22765612260723267, 0.16643194604592246], [0.33037785184622886, 0.28055698094776566, 0.1991434573800419, 0.18992170972596356], [0.3516728982476258, 0.2594776826681799, 0.22387715348976692, 0.1649722654944274], [0.3332202285144401, 0.26170707916267144, 0.2223132202841005, 0.18275947193878797]], "ideal": "D", "sampled": "A", "correct": false}}
{"type": "result", "data": {"idx": 11, "options": ["$0", "$15,000", "$20,000", "$40,000"], "probs": [[0.3136761942038889, 0.26662583944697954, 0.19692376863818112, 0.22277419761095038], [0.3125375462377824, 0.25543909881780563, 0.24805731699284908, 0.1839660378515629], [0.30609449285047263, 0.2748421985404695, 0.19822641909783045, 0.2208368894112274], [0.31754392855484675, 0.26365039142789043, 0.24047047255719756, 0.17833520736006528], [0.28914384307688795, 0.31072498492918643, 0.20724559083024913, 0.1928855810636765], [0.2846282635455335, 0.30593415179965805, 0.20728115117619422, 0.20215643337861425], [0.29079622460670357, 0.27580994775830237, 0.2101115615472425, 0.22328226598775155], [0.2714855887771683, 0.2495205178750226, 0.2877415332583477, 0.1912523599894614], [0.2869347376377754, 0.2256207350508365, 0.2601052859181128, 0.22733924129327526], [0.2497463524091837, 0.22076727447686278, 0.3070579468896891, 0.22242842612426442], [0.268180638524894, 0.30925914642102414, 0.22299130258714453, 0.19956891236693733], [0.2620202185538554, 0.33187933269343967, 0.1952629448905703, 0.21083750376213464], [0.30382177230657764, 0.27070266005670046, 0.20459964869360558, 0.22087591884311628], [0.2729162532873785, 0.27122336219186316, 0.27384894675483235, 0.18201143766592598], [0.3025001034210631, 0.21997100440405018, 0.2575972714404548, 0.21993162063443192], [0.2683845380161677, 0.21942471801754876, 0.3124620224979379, 0.19972872136834563], [0.2829267722521437, 0.3064978466099646, 0.21586105546969825, 0.19471432556819349], [0.2878373946807257, 0.331940452183087, 0.17098732800524205, 0.20923482503094523], [0.2926305575768165, 0.3072043106726214, 0.2065036327409418, 0.1936614989096203], [0.28639697172170997, 0.3078413513638289, 0.21018234756923906, 0.19557932924522206], [0.28456276228319954, 0.2636335452586001, 0.2559504470576629, 0.19585324530053744], [0.2834345484520048, 0.2976016192615936, 0.20801570139282097, 0.2109481307935806], [0.2845082411178609, 0.2595107400449439, 0.2539450970666917, 0.20203592167050352], [0.27734029703556146, 0.2844625157498348, 0.21499657949140313, 0.22320060762320063]], "ideal": "B", "sampled": "D", "correct": false}}
{"type": "result", "data": {"idx": 12, "options": ["Engagement performance.", "Risk analysis.", "Safeguarding of assets.", "Information processing."], "probs": [[0.43331756537816657, 0.2324476356207197, 0.14125406530198448, 0.19298073359912923], [0.44051014716228304, 0.2202614065745539, 0.12871628806620705, 0.210512158096956], [0.4066831231706428, 0.21649465285303862, 0.18850814085070913, 0.18831408302560937], [0.3754204883545435, 0.18773883950389547, 0.15232727512223496, 0.2845133969193261], [0.4049159887710601, 0.16010607480192066, 0.19976621862486726, 0.23521171770215196], [0.42590950645987324, 0.15214091084446277, 0.15855741026731013, 0.2633921723283538], [0.5829660122119749, 0.1476445749956373, 0.11078163650174862, 0.15860777619063926], [0.5541614582515685, 0.16029951810795906, 0.1078118663522306, 0.17772715718824184], [0.5939495011119369, 0.12863099669593975, 0.12203461766538543, 0.1553848844267379], [0.5943482142967274, 0.12282900223505816, 0.09811181194515695, 0.18471097142305754], [0.5765011181142851, 0.09799510765596783, 0.1406435487879937, 0.18486022534175345], [0.5763257016486495, 0.09346962510300127, 0.1174540344332267, 0.2127506387151226], [0.26646473604063764, 0.3597302978911339, 0.18115193870115834, 0.19265302726707012], [0.2869858741473268, 0.29466459152136054, 0.15796524284690489, 0.2603842913844077], [0.3515531927921405, 0.24606518421485157, 0.19974213537019633, 0.20263948752281158], [0.3461468219410933, 0.24604125318450995, 0.14953155814106034, 0.25828036663333637], [0.3209081089446342, 0.1604492264959469, 0.24732353527825043, 0.27131912918116846], [0.31841884483575317, 0.1604282182486063, 0.2322977288862208, 0.2888552079294197], [0.23502714929614602, 0.36526623364610583, 0.18821585176493086, 0.2114907651928173], [0.2533804627034283, 0.33940749399888887, 0.15077693167471706, 0.2564351115229657], [0.2822789637254304, 0.2638501924124117, 0.22972136512177496, 0.22414947864038295], [0.28429921187750196, 0.26571955086377463, 0.15766844937110777, 0.29231278778761566], [0.20728088040904286, 0.21441943090259905, 0.2915917423550285, 0.28670794623332957], [0.2312233493444061, 0.2195010682944022, 0.24162333121163398, 0.30765225104955773]], "ideal": "A", "sampled": "B", "correct": false}}
{"type": "result", "data": {"idx": 13, "options": ["$18,000", "$22,500", "$25,000", "$40,500"], "probs": [[0.26060384509341594, 0.3107902705358613, 0.2101798802404032, 0.21842600403031956], [0.2570417744545858, 0.29465203596232165, 0.22243256201806896, 0.2258736274650236], [0.25732339959691064, 0.264477268697831, 0.26251758707029554, 0.2156817445349628], [0.2550004162384441, 0.24418019119712003, 0.23676765315500992, 0.26405173930942594], [0.24669775751607367, 0.29639388783021675, 0.2596256020572912, 0.19728275249641836], [0.24742683765798132, 0.28364846107507447, 0.24461853501734723, 0.22430616614959697], [0.2853162458857378, 0.2841870657433816, 0.21449840597905676, 0.21599828229182383], [0.29007163640936257, 0.2755917608462354, 0.2197560816783494, 0.21458052096605262], [0.2857762276840536, 0.2531138360247222, 0.2378732859850475, 0.2232366502061767], [0.28488852721916275, 0.2332782526594101, 0.23338569002840512, 0.24844752999302203], [0.28343084874047003, 0.2509990371661575, 0.2591614463541246, 0.2064086676392478], [0.28178041750682276, 0.2574821373938013, 0.24395006529111882, 0.2167873797082571], [0.2616406756866799, 0.2885000195363752, 0.23731365014664405, 0.21254565453030078], [0.2589589693728257, 0.26197296768747114, 0.21717484616812185, 0.2618932166715813], [0.263938828445575, 0.3002995669362911, 0.2162371744751954, 0.21952443004293853], [0.2694844305245805, 0.28796479103069755, 0.20575931666223962, 0.23679146168248236], [0.24282661077932147, 0.26143971082934003, 0.25957810876157883, 0.2361555695297597], [0.24642461535850574, 0.2760214805327006, 0.2593724131324795, 0.21818149087631417], [0.2681907316916266, 0.3298603839738408, 0.2214236722235741, 0.18052521201095842], [0.2604834514739935, 0.317847738170064, 0.20844163619703715, 0.21322717405890532], [0.28134144188157967, 0.325010726568704, 0.2114465597491581, 0.18220127170055822], [0.2751039143330167, 0.34102438352463055, 0.19122960306745573, 0.19264209897489704], [0.2714501523290439, 0.29922770700053053, 0.21895390888005747, 0.21036823169036808], [0.27015699725919984, 0.30974944038201846, 0.2248813707209637, 0.195212191537818]], "ideal": "B", "sampled": "B", "correct": true}}
{"type": "result", "data": {"idx": 14, "options": ["$100 billion", "$80 billion", "$20 billion", "$10 billion"], "probs": [[0.310515552728119, 0.3041018545323492, 0.1860023736767733, 0.1993802189627585], [0.304032942502108, 0.3072236982508132, 0.17928215325225222, 0.2094612058948266], [0.2923011648824052, 0.2585999849805923, 0.24134459010283044, 0.2077542599341721], [0.29775854942205215, 0.24940302965531178, 0.19746878741197005, 0.25536963341066604], [0.27499307540330664, 0.24519228961445963, 0.26342774844946226, 0.21638688643277149], [0.26205686513118587, 0.22646208780116459, 0.19691782284549106, 0.3145632241221584], [0.34070462426827025, 0.28760857224504693, 0.18012254086402824, 0.19156426252265454], [0.3340518474244806, 0.290966480941286, 0.17659530041836036, 0.19838637111587304], [0.35603012242467835, 0.22677537320262575, 0.2201350876529211, 0.1970594166197748], [0.37047749974021715, 0.22871191583433093, 0.17556262196613415, 0.22524796235931777], [0.3512694625938657, 0.2290651363462541, 0.22062611752770742, 0.19903928343217278], [0.37164133783438735, 0.22766254840004715, 0.18171863256067794, 0.21897748110488752], [0.23673557448211974, 0.2689927896288097, 0.2569168286339867, 0.23735480715508392], [0.2385890788442275, 0.27751935851663595, 0.2231793717411873, 0.2607121907979492], [0.23669863176816175, 0.3096023063229825, 0.21456061832425374, 0.23913844348460195], [0.24792119845779273, 0.324251015407265, 0.19067312421519922, 0.23715466181974307], [0.24280222481451974, 0.234095923105193, 0.2514830306362865, 0.27161882134400067], [0.24102532142895255, 0.2359952260021241, 0.26776429210118174, 0.25521516036774156], [0.20322977610075027, 0.2700160225960612, 0.2922312704101415, 0.23452293079304704], [0.20380169454863675, 0.2838118714378363, 0.21262942569259544, 0.2997570082209315], [0.20755291292309833, 0.3275021661118319, 0.22165724963202674, 0.243287671233043], [0.2128148620876135, 0.34643770809454055, 0.19896849387243729, 0.2417789358454087], [0.21118831947104721, 0.24377182486855833, 0.22205220491531547, 0.32298765064507895], [0.21594216249127685, 0.2632289567807683, 0.2697099189147342, 0.2511189617132206]], "ideal": "C", "sampled": "B", "correct": false}}
{"type": "result", "data": {"idx": 15, "options": ["Receivable confirmations received from the client\u2019s customers.", "Prenumbered receiving reports completed by the client\u2019s employees.", "Prior months\u2019 bank statements obtained from the client.", "Municipal property tax bills prepared in the client\u2019s name."], "probs": [[0.2770904815787005, 0.27991747019121893, 0.2252888016091363, 0.2177032465209443], [0.26642241277347867, 0.28208749642866776, 0.2066574481919147, 0.24483264250593886], [0.30567439229259225, 0.20557225973769228, 0.2752017542564894, 0.21355159361322604], [0.31523540612883105, 0.2137072384143745, 0.21744313833923284, 0.25361421701756154], [0.2798365735679149, 0.21666333722878503, 0.26193154636182336, 0.24156854274147668], [0.29629867382964825, 0.22236456802157462, 0.23347293632458624, 0.24786382172419086], [0.310715010411811, 0.27265079994303987, 0.2045771120410097, 0.21205707750413946], [0.28281726587515343, 0.2726144709131356, 0.20611500123719548, 0.23845326187451546], [0.3044464380569722, 0.21966726240307632, 0.2615521031819129, 0.21433419625803857], [0.30050627289706294, 0.21014969675077652, 0.20889120424360877, 0.2804528260085518], [0.2521117589801006, 0.2355130577520496, 0.269599672087894, 0.24277551107995585], [0.2676529069767837, 0.23303069866444998, 0.2227573609951112, 0.27655903326365516], [0.27221171017162005, 0.2352187458027563, 0.2735908125372216, 0.21897873138840201], [0.2691623906397234, 0.23443834830619484, 0.23303836929015034, 0.2633608916639314], [0.2625879684213664, 0.23965938744025023, 0.28317484678737065, 0.21457779725101278], [0.262813568088953, 0.23247499761640855, 0.2087074368983416, 0.29600399729629684], [0.2481807433091662, 0.2337172592388733, 0.2492873184239826, 0.26881467892797795], [0.23827404846583478, 0.2225973258360945, 0.23733697400120168, 0.301791651596869], [0.22424994741000281, 0.22655600644701146, 0.2782042663743685, 0.2709897796686172], [0.23857287281073197, 0.24677591758811102, 0.2396130782010874, 0.2750381313000696], [0.20817009853248877, 0.2556677612804664, 0.2683953206506388, 0.26776681943640596], [0.2180488724461378, 0.2575510884533413, 0.2258068635353026, 0.2985931754652183], [0.23369442620606057, 0.23241587673533018, 0.25375578561140066, 0.28013391134720855], [0.21968967555681373, 0.2117034282561008, 0.2558092994490965, 0.31279759663798895]], "ideal": "B", "sampled": "A", "correct": false}}
{"type": "result", "data": {"idx": 16, "options": ["$10,000", "$25,000", "$44,000", "59000"], "probs": [[0.217671265386424, 0.26435156472282517, 0.32097058050236493, 0.19700658928838585], [0.20171413424722237, 0.20284700996179486, 0.2965698330275628, 0.29886902266341997], [0.22571149129828488, 0.3554885036070027, 0.2094106344757085, 0.2093893705190039], [0.22676993427854739, 0.35390926985968296, 0.19736080751952464, 0.22195998824224497], [0.1911177244924438, 0.3459121985659453, 0.17539559825679862, 0.2875744785848122], [0.18584341468248639, 0.3133867540618276, 0.3073908548916067, 0.19337897626407932], [0.2912380055607487, 0.2093598960226046, 0.3140310597995149, 0.18537103851713177], [0.2491649686543309, 0.1667808840573473, 0.2989481865433833, 0.2851059606449385], [0.2809869139370286, 0.33365038528306756, 0.17762936816604596, 0.2077333325138578], [0.27716807030337354, 0.3392564350692135, 0.1805893021114509, 0.20298619241596205], [0.22969876690748656, 0.3314265162273688, 0.15661830498418267, 0.28225641178096195], [0.21396281141827897, 0.2701193134234335, 0.3223953890835021, 0.19352248597478536], [0.3096382731105232, 0.21571348809746532, 0.23836386270739013, 0.23628437598462132], [0.3125310335005031, 0.21255736684334703, 0.2441159559278738, 0.23079564362827604], [0.3133962750121479, 0.25949752328185055, 0.2110949456480647, 0.21601125595793683], [0.313540671936222, 0.2656260470128575, 0.22285123499267856, 0.19798204595824198], [0.2727858342617407, 0.32625671245600435, 0.18482939346284932, 0.2161280597194056], [0.2776478147930072, 0.30436702652608416, 0.20822408172718387, 0.20976107685372478], [0.2588942232963431, 0.18296768441601205, 0.2377961916478813, 0.3203419005397636], [0.2502616978970501, 0.17678286396855852, 0.3432346931238664, 0.22972074491052502], [0.28179203201432274, 0.2423314194586796, 0.19371645774767723, 0.28216009067932046], [0.24799924716854777, 0.21648968431439217, 0.3347634920923404, 0.20074757632471962], [0.2569963259143036, 0.3647868524190523, 0.16845371815505758, 0.20976310341158652], [0.2566294631607581, 0.35561200442912466, 0.18480567356875713, 0.20295285874136013]], "ideal": "C", "sampled": "C", "correct": true}}
