{"type": "result", "data": {"idx": 0, "options": ["0", "4", "2", "6"], "probs": [[0.13175129300150204, 0.308405892144332, 0.34519194010060483, 0.21465087465356109], [0.23612203488009187, 0.3315486808818229, 0.2536176367262412, 0.178711647411844], [0.22422961554327017, 0.3515474147512524, 0.191793766720878, 0.23242920288459942], [0.21929919207730716, 0.19052297726706197, 0.359813348606607, 0.23036448194902384]], "ideal": "B", "sampled": "B", "correct": true}}
{"type": "result", "data": {"idx": 1, "options": ["8", "2", "24", "120"], "probs": [[0.26973200243595036, 0.2845535618460768, 0.2631487885323588, 0.18256564708561404], [0.2659774045088924, 0.2960289032154616, 0.2551545424458176, 0.18283914972982834], [0.24503525358863307, 0.2886733922469014, 0.2544998748495032, 0.21179147921496233], [0.21973491367690579, 0.19614078687079692, 0.3654685128999413, 0.21865578645235595]], "ideal": "C", "sampled": "B", "correct": false}}
{"type": "result", "data": {"idx": 2, "options": ["0", "1", "0,1", "0,4"], "probs": [[0.18047232924087153, 0.1231919675942253, 0.443837493613682, 0.25249820945122115], [0.21991488663016354, 0.3114668176975339, 0.2532639838988238, 0.21535431167347868], [0.3285578440016097, 0.21136852781791987, 0.24681458997024694, 0.21325903811022348], [0.3187048983448194, 0.20739218281531382, 0.23947262404740308, 0.23443029469246374]], "ideal": "D", "sampled": "C", "correct": false}}
{"type": "result", "data": {"idx": 3, "options": ["True, True", "False, False", "True, False", "False, True"], "probs": [[0.27314857866782943, 0.23919784599525196, 0.26408098325834767, 0.2235725919785709], [0.22154251238533432, 0.2608784618320151, 0.2368096901175637, 0.28076933556508693], [0.2743457514615826, 0.22278611027775402, 0.2918101207350429, 0.2110580174256205], [0.2866552598991282, 0.27649725812905174, 0.2195649910012865, 0.21728249087053356]], "ideal": "B", "sampled": "A", "correct": false}}
{"type": "result", "data": {"idx": 4, "options": ["2x^2 + 5", "6x^2 + 4x + 6", "0", "x^2 + 1"], "probs": [[0.3311249763429601, 0.3232277486942352, 0.16256920264961433, 0.1830780722131903], [0.36424182756352363, 0.15855556252337732, 0.21429344370923956, 0.26290916610385945], [0.18463825627393127, 0.20789750788822484, 0.31638609416938696, 0.29107814156845696], [0.29647655946881624, 0.2682698546855168, 0.2964019344569009, 0.1388516512887661]], "ideal": "B", "sampled": "B", "correct": true}}
{"type": "result", "data": {"idx": 5, "options": ["True, True", "False, False", "True, False", "False, True"], "probs": [[0.2527265846476552, 0.2321179210907561, 0.26191350815061226, 0.25324198601097647], [0.22257125870574376, 0.2582078758425052, 0.2286637620996561, 0.2905571032520949], [0.2837414656670825, 0.2178793931421496, 0.2720041193688865, 0.22637502172188131], [0.28828845284346094, 0.2570176200912956, 0.20563537493185333, 0.2490585520333901]], "ideal": "A", "sampled": "A", "correct": true}}
{"type": "result", "data": {"idx": 6, "options": ["True, True", "False, False", "True, False", "False, True"], "probs": [[0.29745138452570014, 0.2483233773219085, 0.23413726430747522, 0.22008797374491612], [0.22809716847514247, 0.2770057709978847, 0.2080379569294169, 0.2868591034975559], [0.3025337086713057, 0.22530499286968958, 0.26815726368109505, 0.2040040346779097], [0.32237893820130065, 0.29190883472487134, 0.18299885365025356, 0.20271337332357448]], "ideal": "A", "sampled": "A", "correct": true}}
{"type": "result", "data": {"idx": 7, "options": ["True, True", "False, False", "True, False", "False, True"], "probs": [[0.288679127197591, 0.26005271462064283, 0.24402380350807587, 0.2072443545736903], [0.24173229930367712, 0.27527186271775783, 0.21226057408117568, 0.2707352637973894], [0.2978182003579553, 0.2523552662319045, 0.24424222507527832, 0.20558430823486182], [0.30711057321471635, 0.29502430115633943, 0.18720096068893008, 0.21066416484001416]], "ideal": "D", "sampled": "A", "correct": false}}
{"type": "result", "data": {"idx": 8, "options": ["0", "4", "2", "6"], "probs": [[0.1420761431358921, 0.32438423179626497, 0.3280585603420835, 0.2054810646257594], [0.2325851092280353, 0.35015309897000135, 0.24565883710487316, 0.1716029545970902], [0.21773339613485934, 0.37450873100044785, 0.1859522870564646, 0.2218055857082282], [0.22421528884544148, 0.20407783070798166, 0.35076333500975465, 0.22094354533682223]], "ideal": "B", "sampled": "B", "correct": true}}
{"type": "result", "data": {"idx": 9, "options": ["1", "2", "2,3", "6"], "probs": [[0.1957441986045567, 0.20558443357103934, 0.33078971008942126, 0.26788165763498273], [0.19808665801481362, 0.3316866605406116, 0.28220771021737556, 0.18801897112719923], [0.3579211586046098, 0.2386517262019241, 0.21574218890509556, 0.1876849261883705], [0.2525373809921353, 0.20307397258071766, 0.26250312903147577, 0.28188551729567124]], "ideal": "C", "sampled": "C", "correct": true}}
{"type": "result", "data": {"idx": 10, "options": ["True, True", "False, False", "True, False", "False, True"], "probs": [[0.26137880656692886, 0.2234208534473659, 0.2818036503124207, 0.23339668957328455], [0.2168723674925709, 0.2492792941273214, 0.24097477256294517, 0.29287356571716255], [0.2691983500092736, 0.21993018029129077, 0.295298716536475, 0.21557275306296064], [0.2900211171512691, 0.26458930572323597, 0.22026483384157708, 0.22512474318391784]], "ideal": "C", "sampled": "A", "correct": false}}
{"type": "result", "data": {"idx": 11, "options": ["symmetric only", "anti-symmetric only", "both symmetric and anti-symmetric", "an equivalence relation"], "probs": [[0.14170621756406815, 0.2410310280389268, 0.43347652053898617, 0.1837862337580189], [0.1524630451394925, 0.48273811355905183, 0.22742319309100142, 0.1373756481104542], [0.21792271215179088, 0.36656539287025036, 0.2590452846198891, 0.15646661025806965], [0.2998233988607603, 0.2335318440929197, 0.23271429189628345, 0.2339304650500365]], "ideal": "C", "sampled": "C", "correct": true}}
{"type": "result", "data": {"idx": 12, "options": ["1", "2", "5", "11"], "probs": [[0.17691337097644055, 0.24164355518915456, 0.34536166024812515, 0.23608141348627973], [0.2626232841739185, 0.28168002187892344, 0.25574839493680146, 0.1999482989103566], [0.27673602513788464, 0.19534834018405348, 0.26346534880544636, 0.26445028577261553], [0.19231664559358497, 0.17262422522296142, 0.3615777384403052, 0.27348139064314836]], "ideal": "A", "sampled": "C", "correct": false}}
{"type": "result", "data": {"idx": 13, "options": ["(x \u2212 2)(x + 2)(x \u2212 1)", "(x + 1)(x + 4)(x \u2212 2)", "(x + 1)(x \u2212 4)(x \u2212 2)", "(x - 1)(x \u2212 4)(x \u2212 2)"], "probs": [[0.5158129968411466, 0.18005640937119524, 0.18208098545400153, 0.12204960823365663], [0.5023283511591797, 0.19252198016273928, 0.1733480445374961, 0.1318016240405849], [0.5192777668695259, 0.19231856440524012, 0.17754242351492316, 0.11086124511031081], [0.464390789253078, 0.20589174372072522, 0.17450739251622355, 0.15521007440997325]], "ideal": "C", "sampled": "C", "correct": true}}
{"type": "result", "data": {"idx": 14, "options": ["6", "12", "30", "105"], "probs": [[0.23264127967415407, 0.29892855879655367, 0.27640801665403036, 0.1920221447752619], [0.2670663038682051, 0.3201040374928095, 0.25121376290213904, 0.16161589563684628], [0.2760382674667846, 0.3037625939471524, 0.21710675109560076, 0.20309238739046223], [0.23329889424347078, 0.20045669076141814, 0.32780780896532996, 0.23843660592978108]], "ideal": "C", "sampled": "C", "correct": true}}
{"type": "result", "data": {"idx": 15, "options": ["True, True", "False, False", "True, False", "False, True"], "probs": [[0.2852883381154209, 0.22254857750319063, 0.25489801545720436, 0.23726506882418408], [0.22621757268651072, 0.2728987511913829, 0.21661870701149366, 0.2842649690106127], [0.280455363933689, 0.21882054393365002, 0.2817928026756303, 0.21893128935703068], [0.3179447948614703, 0.2704154252735566, 0.18362851439070238, 0.22801126537427072]], "ideal": "B", "sampled": "A", "correct": false}}
{"type": "result", "data": {"idx": 16, "options": ["1", "-1", "i", "-i"], "probs": [[0.20175403955808477, 0.24365421363224524, 0.35248656127762235, 0.20210518543204764], [0.18252132559200815, 0.32668232427724225, 0.3348647603822947, 0.15593158964845494], [0.25939222781161997, 0.3324976811598385, 0.21889046996296319, 0.18921962096557837], [0.20066498815988507, 0.22594212666702243, 0.3250250018815517, 0.2483678831915408]], "ideal": "C", "sampled": "C", "correct": true}}
{"type": "result", "data": {"idx": 17, "options": ["(1,1)", "(3,1)", "(1,6)", "(3,6)"], "probs": [[0.19608992365351982, 0.22977684214076077, 0.3613770930571761, 0.21275614104854335], [0.2247679713854131, 0.22031405894213255, 0.3805732783380046, 0.1743446912344498], [0.23737757259286282, 0.30603221511808737, 0.2778251510256633, 0.17876506116338653], [0.2428425365020003, 0.1929033518702104, 0.3743183258648167, 0.1899357856629726]], "ideal": "C", "sampled": "D", "correct": false}}
{"type": "result", "data": {"idx": 18, "options": ["multiplication is not a binary operation", "multiplication is not associative", "identity element does not exist", "zero has no inverse"], "probs": [[0.18664390502595513, 0.46933306140975917, 0.2146886639966556, 0.12933436946763013], [0.2752415537558926, 0.36771237846512084, 0.1861446946673215, 0.17090137301166505], [0.25295302269313424, 0.28142628070878056, 0.23002246019924202, 0.23559823629884313], [0.2501793317326765, 0.28659601297773013, 0.284168285885421, 0.1790563693041724]], "ideal": "D", "sampled": "B", "correct": false}}
{"type": "result", "data": {"idx": 19, "options": ["True, True", "False, False", "True, False", "False, True"], "probs": [[0.28461043316008616, 0.2518787198356663, 0.24252628871725945, 0.22098455818698812], [0.22150111856335056, 0.2722468159000071, 0.22734443028514353, 0.2789076351514988], [0.3007982462581675, 0.226759559690913, 0.26131952585109125, 0.2111226680998283], [0.3079069668994219, 0.27788241038628697, 0.20005080399594108, 0.21415981861835007]], "ideal": "A", "sampled": "A", "correct": true}}
{"type": "result", "data": {"idx": 20, "options": ["True, True", "False, False", "True, False", "False, True"], "probs": [[0.2958364486398499, 0.22654025254368357, 0.26222249862909697, 0.21540080008736953], [0.24183337797041163, 0.2510645873117651, 0.22796637288586832, 0.2791356617319549], [0.32962684346597465, 0.2231321830914324, 0.24996954572817454, 0.19727142761441843], [0.33567725129096304, 0.2517975383058612, 0.20008333919804216, 0.2124418711051336]], "ideal": "A", "sampled": "A", "correct": true}}
{"type": "result", "data": {"idx": 21, "options": ["2x^2 + 5", "6x^2 + 4x + 6", "0", "x^2 + 1"], "probs": [[0.33386190727406256, 0.31094058418321824, 0.17051997270905545, 0.18467753573366372], [0.37213783898003083, 0.16445350400273304, 0.22250213885314277, 0.24090651806409338], [0.21605878744261364, 0.22825468734224919, 0.2840732889476467, 0.27161323616749045], [0.29583581397448555, 0.2676556328370054, 0.28891058892369237, 0.14759796416481671]], "ideal": "A", "sampled": "B", "correct": false}}
{"type": "result", "data": {"idx": 22, "options": ["True, True", "False, False", "True, False", "False, True"], "probs": [[0.32302090522396926, 0.26491400596830533, 0.1967891603511478, 0.21527592835657758], [0.2514968141215832, 0.2819485878081724, 0.17480620219133036, 0.29174839577891404], [0.32673646535870304, 0.2701666234088998, 0.21700089197667025, 0.18609601915572693], [0.37806890137772586, 0.2872254080946867, 0.1399181550650061, 0.19478753536258134]], "ideal": "D", "sampled": "A", "correct": false}}
{"type": "result", "data": {"idx": 23, "options": ["semi group with identity", "commutative semigroups with identity", "group", "abelian group"], "probs": [[0.1395132028626882, 0.17995574651085322, 0.5136667199614603, 0.1668643305649983], [0.14161986216693426, 0.34536439434237026, 0.41895914385718086, 0.09405659953351463], [0.23961409505060705, 0.5113904108217262, 0.1546622732721105, 0.09433322075555627], [0.38368192189685646, 0.17797025872255795, 0.22751805389021965, 0.2108297653903659]], "ideal": "D", "sampled": "D", "correct": true}}
{"type": "result", "data": {"idx": 24, "options": ["True, True", "False, False", "True, False", "False, True"], "probs": [[0.31502736081053684, 0.2509040273609793, 0.23120954974976077, 0.20285906197872308], [0.25530429911133773, 0.2715146758429489, 0.21055963005822448, 0.2626213948874889], [0.31109687682855525, 0.22794118521318305, 0.25897338983807056, 0.20198854802019117], [0.3405640568736545, 0.2784007662971226, 0.18588866950700453, 0.1951465072222184]], "ideal": "B", "sampled": "A", "correct": false}}
{"type": "result", "data": {"idx": 25, "options": ["subgroup", "finite abelian group", "infinite, non abelian group", "ininite, abelian"], "probs": [[0.24892910570608456, 0.45706619445682006, 0.1923492493333022, 0.10165545040379317], [0.3154009117779164, 0.42422253656944947, 0.157591275086596, 0.1027852764660381], [0.392208754977106, 0.2433925717825684, 0.21549533305397384, 0.14890334008635173], [0.2539678551593945, 0.31183723076797315, 0.29217648938619684, 0.1420184245864355]], "ideal": "C", "sampled": "B", "correct": false}}
{"type": "result", "data": {"idx": 26, "options": ["True, True", "False, False", "True, False", "False, True"], "probs": [[0.2862487094377027, 0.2663923760029658, 0.2324753964836074, 0.21488351797572408], [0.2417408119612227, 0.30027036513647176, 0.1961827935298541, 0.26180602927245145], [0.3035384759530643, 0.23654286913507366, 0.25071061028582037, 0.20920804452604164], [0.32873107510210126, 0.2879241575940743, 0.17534156848190124, 0.2080031987219232]], "ideal": "C", "sampled": "A", "correct": false}}
{"type": "result", "data": {"idx": 27, "options": ["Yes, with p=2.", "Yes, with p=3.", "Yes, with p=5.", "No."], "probs": [[0.31141482852519264, 0.3442295090739563, 0.15293912132226528, 0.19141654097858582], [0.31031351816064123, 0.32888197405503594, 0.1858185948868751, 0.17498591279744768], [0.33966865682697006, 0.3474605341996387, 0.14227829442078857, 0.17059251445260265], [0.24940929929247707, 0.4223593959844676, 0.1721833723097237, 0.1560479323133316]], "ideal": "B", "sampled": "A", "correct": false}}
{"type": "result", "data": {"idx": 28, "options": ["True, True", "False, False", "True, False", "False, True"], "probs": [[0.2580812236694518, 0.23116008590591886, 0.252817269347401, 0.25794142097722833], [0.22501957078978937, 0.2648374398557136, 0.21686122986202597, 0.29328175939247103], [0.3066681118499966, 0.23149014206866592, 0.23948802765263436, 0.22235371832870313], [0.3303932396912945, 0.2595873292836536, 0.17200813464626785, 0.238011296278784]], "ideal": "D", "sampled": "C", "correct": false}}
{"type": "result", "data": {"idx": 29, "options": ["True, True", "False, False", "True, False", "False, True"], "probs": [[0.2570155713906509, 0.24168060667962635, 0.2684062581036059, 0.2328975637261168], [0.1898373961258832, 0.2576340734701015, 0.24850487706560362, 0.30402365323841174], [0.2607827704650816, 0.22389564738729845, 0.2948735864203269, 0.2204479956272931], [0.27775395327642527, 0.29421613055827733, 0.21078032567152086, 0.2172495903937765]], "ideal": "A", "sampled": "A", "correct": true}}
{"type": "result", "data": {"idx": 30, "options": ["True, True", "False, False", "True, False", "False, True"], "probs": [[0.26154933546323744, 0.2257306974482125, 0.273380500350995, 0.23933946663755507], [0.2088477971597618, 0.2423545194131527, 0.24125141621952984, 0.30754626710755567], [0.24505537745886238, 0.21711190042708794, 0.3169820308368321, 0.2208506911772176], [0.28240387332022654, 0.27494160976888743, 0.21966387148471694, 0.22299064532616908]], "ideal": "B", "sampled": "A", "correct": false}}
{"type": "result", "data": {"idx": 31, "options": ["commutative semi group", "abelian group", "non-abelian group", "None of these"], "probs": [[0.1582464367646267, 0.529413799537907, 0.2140397349516193, 0.09830002864584696], [0.37228934843723344, 0.3276056251315806, 0.1738354958767059, 0.12626953045448003], [0.3547760247829428, 0.14642491935219407, 0.28398957845708994, 0.2148094773077732], [0.08706954120718965, 0.16291068492690808, 0.5590596198476585, 0.19096015391824375]], "ideal": "B", "sampled": "B", "correct": true}}
{"type": "result", "data": {"idx": 32, "options": ["True, True", "False, False", "True, False", "False, True"], "probs": [[0.2917058809064072, 0.23380329060903585, 0.24865638087671513, 0.22583444750784185], [0.2401262998434907, 0.243172186825112, 0.2175036383577965, 0.2991978748736008], [0.3059172033957694, 0.22368690369276498, 0.2693537771432459, 0.20104211566821975], [0.3385182022709883, 0.25360906121578897, 0.19392868874517927, 0.21394404766804345]], "ideal": "A", "sampled": "A", "correct": true}}
{"type": "result", "data": {"idx": 33, "options": ["g = g^-1 for every g in G", "g = g^2 for every g in G", "(g o h)^2 = g^2 o h^2 for every g,h in G", "G is of finite order"], "probs": [[0.3785173465760328, 0.27710146947867886, 0.21720858887088454, 0.12717259497440375], [0.37014359783619055, 0.2841412765120631, 0.1862833974515389, 0.15943172810020745], [0.37091466780768084, 0.2746006250106869, 0.19563393292854908, 0.15885077415308313], [0.3338352391708557, 0.27439820354819805, 0.1842674585356704, 0.2074990986452758]], "ideal": "C", "sampled": "C", "correct": true}}
{"type": "result", "data": {"idx": 34, "options": ["True, True", "False, False", "True, False", "False, True"], "probs": [[0.3219621873164732, 0.3328309158001578, 0.16353972741934594, 0.18166716936402308], [0.26669438875945606, 0.3406870561292704, 0.1646341483239362, 0.2279844066873373], [0.32384509894916885, 0.31982807395668883, 0.17804073224428682, 0.17828609474985543], [0.3237072334140346, 0.32781148979893526, 0.14896715288060436, 0.19951412380642575]], "ideal": "A", "sampled": "A", "correct": true}}
{"type": "result", "data": {"idx": 35, "options": ["0", "4", "2", "6"], "probs": [[0.1325174887720969, 0.3125776098740091, 0.34422770652052215, 0.2106771947333718], [0.2261592428041407, 0.3516560530567141, 0.24846228593619418, 0.17372241810295103], [0.2132906551955241, 0.3644030879251414, 0.19251642545573702, 0.22978983132359748], [0.21022920071342555, 0.19760064466411625, 0.36437036775106524, 0.22779978677139295]], "ideal": "B", "sampled": "C", "correct": false}}
{"type": "result", "data": {"idx": 36, "options": ["0", "1", "11", "22"], "probs": [[0.20825240883376633, 0.24416341647557338, 0.3041671125534854, 0.24341706203717486], [0.2300778776177164, 0.2813092171864534, 0.26764285561746176, 0.22097004947836837], [0.254438672255444, 0.20689012416454713, 0.24953496825486968, 0.2891362352251392], [0.25610954330117053, 0.1943515894919471, 0.3388895493075974, 0.21064931779928495]], "ideal": "D", "sampled": "B", "correct": false}}
{"type": "result", "data": {"idx": 37, "options": ["Yes, with p=2.", "Yes, with p=3.", "Yes, with p=5.", "No."], "probs": [[0.2954746230466921, 0.3400963297160563, 0.17598210535647138, 0.1884469417807802], [0.29647684536110197, 0.3382535924909057, 0.20368002656568815, 0.1615895354823042], [0.3372839886422239, 0.3658702860147374, 0.15115743423507708, 0.14568829100796163], [0.252499554318265, 0.4191427292872952, 0.18307079645756227, 0.14528691983687753]], "ideal": "B", "sampled": "A", "correct": false}}
{"type": "result", "data": {"idx": 38, "options": ["1", "2", "3", "4"], "probs": [[0.2898623943038995, 0.2763029932699466, 0.25271373984670736, 0.1811208724794465], [0.29217325399417093, 0.2853017917170009, 0.22323533730869355, 0.1992896168801346], [0.27519059588527417, 0.2450652009758442, 0.282991473095005, 0.19675272994387663], [0.2372598726136689, 0.2886116716390821, 0.2679935017558116, 0.2061349538914374]], "ideal": "C", "sampled": "A", "correct": false}}
{"type": "result", "data": {"idx": 39, "options": ["True, True", "False, False", "True, False", "False, True"], "probs": [[0.30799918904802, 0.23045290660858975, 0.24110921855677253, 0.22043868568661773], [0.24615018044335896, 0.2537664028013142, 0.20971356090079069, 0.29036985575453617], [0.30609190460958857, 0.22930987176986228, 0.24193473157847528, 0.22266349194207385], [0.3526493012552471, 0.27046948668636245, 0.17554377017649928, 0.20133744178189109]], "ideal": "D", "sampled": "A", "correct": false}}
{"type": "result", "data": {"idx": 40, "options": ["0", "1", "-1", "12"], "probs": [[0.2634160777153994, 0.3085575951542215, 0.2740357775110781, 0.15399054951930102], [0.2594686072963703, 0.37302591281302033, 0.18294998456347397, 0.1845554952271354], [0.21514570390299675, 0.16305173688909472, 0.3173812282158265, 0.304421330892082], [0.1409337264436731, 0.22453740906071623, 0.36810947557909207, 0.2664193888165186]], "ideal": "C", "sampled": "B", "correct": false}}
{"type": "result", "data": {"idx": 41, "options": ["0", "3", "12", "30"], "probs": [[0.24541369443784283, 0.34994859021306224, 0.23290461646529464, 0.17173309878380028], [0.31940211766161025, 0.22182561287006444, 0.2632179714904049, 0.1955542978779204], [0.21617995320929598, 0.16234430388557977, 0.2763022389956856, 0.3451735038094386], [0.2029826491868169, 0.15439103542214483, 0.44970205421719106, 0.19292426107384722]], "ideal": "A", "sampled": "B", "correct": false}}
{"type": "result", "data": {"idx": 42, "options": ["True, True", "False, False", "True, False", "False, True"], "probs": [[0.25620501467392753, 0.22888203770965224, 0.26439814969046943, 0.2505147978259508], [0.2136530673433155, 0.2412564564071644, 0.234415228689798, 0.3106752474597221], [0.28572042070692516, 0.21718842759889, 0.2776239340157613, 0.21946721757842352], [0.29256257411892184, 0.26244619486091664, 0.21308425066724443, 0.2319069802529171]], "ideal": "B", "sampled": "A", "correct": false}}
{"type": "result", "data": {"idx": 43, "options": ["True, True", "False, False", "True, False", "False, True"], "probs": [[0.3085302756199205, 0.2554743029737449, 0.21310815530535596, 0.22288726600097858], [0.25656718395420003, 0.2791141014880091, 0.1883346913318455, 0.2759840231259454], [0.31075156194964265, 0.23470868517657492, 0.24359432223379, 0.21094543053999246], [0.3280649482875823, 0.2963215112389836, 0.1711297631092603, 0.2044837772641738]], "ideal": "C", "sampled": "A", "correct": false}}
{"type": "result", "data": {"idx": 44, "options": ["True, True", "False, False", "True, False", "False, True"], "probs": [[0.33303908009185806, 0.2815741090512252, 0.2037847486094934, 0.1816020621474233], [0.2692605394296477, 0.3016217170877603, 0.20334758140511858, 0.2257701619774734], [0.3146326839609226, 0.2566503584128268, 0.2457913607113141, 0.1829255968149365], [0.3255053460272487, 0.3124318122551338, 0.18015332518206553, 0.18190951643555203]], "ideal": "C", "sampled": "A", "correct": false}}
{"type": "result", "data": {"idx": 45, "options": ["True, True", "False, False", "True, False", "False, True"], "probs": [[0.27343968776589694, 0.24690320698995413, 0.2640609560968099, 0.21559614904733904], [0.22233917975677142, 0.2785983937909002, 0.23016352606254625, 0.26889890028978214], [0.28180219419773866, 0.23402373395151538, 0.28334455388004665, 0.20082951787069928], [0.2969448819914811, 0.28611734080258844, 0.21340743877232682, 0.20353033833360362]], "ideal": "C", "sampled": "A", "correct": false}}
{"type": "result", "data": {"idx": 46, "options": ["True, True", "False, False", "True, False", "False, True"], "probs": [[0.27085857773520267, 0.2586216551217602, 0.2418640779651511, 0.22865568907788603], [0.23995812234863145, 0.2826772927955238, 0.21740530429096547, 0.2599592804648793], [0.29702616944763083, 0.2466579975442993, 0.2452524903020885, 0.21106334260598134], [0.2871779629529516, 0.2768223409147456, 0.2045652063537062, 0.23143448967859653]], "ideal": "B", "sampled": "C", "correct": false}}
{"type": "result", "data": {"idx": 47, "options": ["0", "2", "1", "3"], "probs": [[0.19804185036699865, 0.22829660090617426, 0.35779022100595337, 0.2158713276208737], [0.25341613567821397, 0.23280839722162575, 0.3148245921520722, 0.19895087484808807], [0.21917126744028775, 0.22166603471109853, 0.31600611927916405, 0.24315657846944966], [0.2230454931801505, 0.19580105820431076, 0.3645537956240014, 0.2165996528915373]], "ideal": "B", "sampled": "B", "correct": true}}
{"type": "result", "data": {"idx": 48, "options": ["True, True", "False, False", "True, False", "False, True"], "probs": [[0.2838902557771706, 0.23199000153576052, 0.253537841221306, 0.23058190136576284], [0.23128181237419443, 0.2317753239537858, 0.23216144285986304, 0.30478142071215675], [0.283465364054269, 0.2196720754782849, 0.2939961937966855, 0.2028663665707606], [0.31599212315557595, 0.26091713746880485, 0.20357017190431065, 0.2195205673713086]], "ideal": "C", "sampled": "A", "correct": false}}
{"type": "result", "data": {"idx": 49, "options": ["8", "120", "240", "24"], "probs": [[0.2577994580815481, 0.3242528583196186, 0.237779002066572, 0.18016868143226136], [0.31441662818526434, 0.28293652633361727, 0.21034135158692324, 0.19230549379419512], [0.3060285999166619, 0.22542506118211353, 0.25119930128924445, 0.2173470375119801], [0.24839226528913977, 0.22552413900140514, 0.3134478581614588, 0.21263573744799627]], "ideal": "B", "sampled": "B", "correct": true}}
{"type": "result", "data": {"idx": 50, "options": ["True, True", "False, False", "True, False", "False, True"], "probs": [[0.3019975586530663, 0.25797759330773296, 0.225294356384948, 0.2147304915542527], [0.24258031715767736, 0.2809151029033155, 0.2032138942511151, 0.27329068558789205], [0.2986734540157752, 0.2363694992690795, 0.25092510123201406, 0.21403194538313125], [0.31137329800849717, 0.30186763852599025, 0.18977555913481112, 0.1969835042307015]], "ideal": "D", "sampled": "A", "correct": false}}
{"type": "result", "data": {"idx": 51, "options": ["0", "2", "1", "3"], "probs": [[0.2058076354271435, 0.2368454740784612, 0.32792855771757634, 0.22941833267681894], [0.25831946728030514, 0.20914328096205687, 0.3234477936898079, 0.20908945796783007], [0.20908598843593737, 0.21463252812667954, 0.3234893486480669, 0.25279213468931616], [0.22800883308739997, 0.18488149067577409, 0.36422210385402504, 0.2228875722828009]], "ideal": "B", "sampled": "B", "correct": true}}
{"type": "result", "data": {"idx": 52, "options": ["6", "8", "4", "2"], "probs": [[0.18854654395323653, 0.2747041962677968, 0.3271916903881376, 0.20955756929082903], [0.1641120438990983, 0.2755776900436422, 0.3383569666649753, 0.22195329929228422], [0.1941212564512681, 0.325599104133471, 0.2900293469138987, 0.19025029240136224], [0.20438785272526644, 0.30045626907575845, 0.2868356832650621, 0.208320194833913]], "ideal": "A", "sampled": "D", "correct": false}}
{"type": "result", "data": {"idx": 53, "options": ["True, True", "False, False", "True, False", "False, True"], "probs": [[0.2842979259935899, 0.23627149622483398, 0.25656257224032214, 0.22286800544125399], [0.23581188914801915, 0.24945120510944666, 0.23537258801490726, 0.2793643176276269], [0.2916467400602894, 0.2211388730442258, 0.2805757140661129, 0.20663867272937186], [0.3060938554440052, 0.2510478608527605, 0.21730048433606586, 0.22555779926716843]], "ideal": "C", "sampled": "A", "correct": false}}
{"type": "result", "data": {"idx": 54, "options": ["0", "2", "1", "3"], "probs": [[0.15435560046082938, 0.2955883145036748, 0.34339645501517513, 0.20665962992032066], [0.2651576399538004, 0.266848921749133, 0.29391592738073413, 0.1740775108163325], [0.21449040085969828, 0.3325804273403642, 0.22701849178079572, 0.22591067991914182], [0.24940045171868963, 0.18051704348410286, 0.36735474269023083, 0.20272776200697668]], "ideal": "B", "sampled": "B", "correct": true}}
{"type": "result", "data": {"idx": 55, "options": ["True, True", "False, False", "True, False", "False, True"], "probs": [[0.3096385644012781, 0.2488260156982567, 0.22955796462323408, 0.2119774551772311], [0.23782435765940999, 0.26523057414116286, 0.21579343721477254, 0.2811516308846546], [0.29755746871897065, 0.21998656956161747, 0.2770684617917562, 0.20538749982765567], [0.31606972214399115, 0.28618592020987627, 0.19908942280208966, 0.1986549347440429]], "ideal": "A", "sampled": "A", "correct": true}}
{"type": "result", "data": {"idx": 56, "options": ["True, True", "False, False", "True, False", "False, True"], "probs": [[0.2902366177412217, 0.23382901794615063, 0.2325338686392549, 0.2434004955733727], [0.2368497444370582, 0.27730323621972414, 0.19255433113939757, 0.2932926881038201], [0.2965437129358383, 0.22631904143336648, 0.24715914951536347, 0.22997809601543168], [0.3171149586454301, 0.294170865213388, 0.16288562602815249, 0.22582855001302943]], "ideal": "D", "sampled": "A", "correct": false}}
{"type": "result", "data": {"idx": 57, "options": ["1", "2", "3", "4"], "probs": [[0.2700927039738424, 0.31860051505361403, 0.23943238671508385, 0.17187439415745973], [0.2874884392775234, 0.27282650088998817, 0.22688326913481877, 0.21280179059766965], [0.24808576700590737, 0.25680986044222975, 0.3012065887149965, 0.19389778373686634], [0.2420918345209263, 0.2996398210225873, 0.26330935952414514, 0.19495898483234125]], "ideal": "B", "sampled": "A", "correct": false}}
{"type": "result", "data": {"idx": 58, "options": ["True, True", "False, False", "True, False", "False, True"], "probs": [[0.2894928200177858, 0.25368881601074844, 0.23202456877332148, 0.22479379509814426], [0.24248718084186133, 0.2879021210367984, 0.2002867191872391, 0.2693239788341012], [0.283952725677976, 0.23057706192409708, 0.2684456825783184, 0.21702452971960845], [0.30399820205509515, 0.29069757458640877, 0.18701300023116138, 0.2182912230273347]], "ideal": "A", "sampled": "A", "correct": true}}
{"type": "result", "data": {"idx": 59, "options": ["True, True", "False, False", "True, False", "False, True"], "probs": [[0.30337546628848433, 0.24536260566772844, 0.24503382643248267, 0.20622810151130455], [0.25659597299805265, 0.2663279513201215, 0.21535317918521119, 0.26172289639661467], [0.3338769276440968, 0.2389284151872955, 0.23454933657239813, 0.19264532049620953], [0.3322418430783458, 0.25735232998397345, 0.1998285859572313, 0.21057724088044943]], "ideal": "A", "sampled": "A", "correct": true}}
{"type": "result", "data": {"idx": 60, "options": ["True, True", "False, False", "True, False", "False, True"], "probs": [[0.30967870351555615, 0.22643651065946235, 0.24761869010833293, 0.21626609561664853], [0.23568945418356965, 0.2449006961070762, 0.23071547652811916, 0.28869437308123497], [0.294141045357942, 0.19933381080619503, 0.2929741354597451, 0.21355100827611784], [0.3313652227284167, 0.26062169280095854, 0.19712857606334264, 0.21088450830728217]], "ideal": "D", "sampled": "A", "correct": false}}
{"type": "result", "data": {"idx": 61, "options": ["True, True", "False, False", "True, False", "False, True"], "probs": [[0.3023107647593502, 0.23882573840614063, 0.23781232533460958, 0.22105117139989958], [0.2250085852812651, 0.24326088297137227, 0.22188294760502983, 0.30984758404233276], [0.3198729657844817, 0.22332412826795936, 0.2537020369007194, 0.20310086894683949], [0.35839004923053136, 0.26882748014745667, 0.16852717853263868, 0.20425529198937328]], "ideal": "D", "sampled": "A", "correct": false}}
{"type": "result", "data": {"idx": 62, "options": ["True, True", "False, False", "True, False", "False, True"], "probs": [[0.3060119793408866, 0.24552512532289972, 0.24499662583101514, 0.20346626940519855], [0.24506008987747907, 0.26057988790916153, 0.22385888132984325, 0.2705011407835161], [0.3204871368015127, 0.2207108404905795, 0.2631171604263349, 0.19568486218157288], [0.33958648619872484, 0.2649362008027679, 0.19452021434387815, 0.20095709855462912]], "ideal": "C", "sampled": "A", "correct": false}}
{"type": "result", "data": {"idx": 63, "options": ["not anti-symmetric", "transitive", "reflexive", "symmetric"], "probs": [[0.2034870355598239, 0.3619254177159927, 0.21980064777619085, 0.21478689884799257], [0.23429041051203717, 0.24694168951388798, 0.3176761723285853, 0.20109172754548957], [0.15668793488032154, 0.3253424264267313, 0.29246185098530386, 0.22550778760764328], [0.18672211188114907, 0.34755494669247644, 0.29123812477003647, 0.17448481655633802]], "ideal": "B", "sampled": "B", "correct": true}}
{"type": "result", "data": {"idx": 64, "options": ["1", "2", "infinitely many", "0"], "probs": [[0.23052917246801197, 0.4178456632535615, 0.22838678783586513, 0.12323837634256143], [0.257904998696733, 0.37596799799115843, 0.19279860873682697, 0.1733283944752816], [0.26276814151853783, 0.24743763362562965, 0.303189477199113, 0.1866047475567195], [0.1898448502920057, 0.38101834764137327, 0.22879617040276368, 0.20034063156385734]], "ideal": "B", "sampled": "B", "correct": true}}
{"type": "result", "data": {"idx": 65, "options": ["True, True", "False, False", "True, False", "False, True"], "probs": [[0.33782678839166286, 0.2338388412957003, 0.22770500180828418, 0.20062936840435264], [0.23307129391081022, 0.24986573678936724, 0.21962092487372792, 0.2974420443260946], [0.29549785124545386, 0.21150205081812265, 0.29251565218701964, 0.20048444564940385], [0.35714186830861666, 0.28505466659741147, 0.17623911093972044, 0.18156435405425136]], "ideal": "C", "sampled": "A", "correct": false}}
{"type": "result", "data": {"idx": 66, "options": ["True, True", "False, False", "True, False", "False, True"], "probs": [[0.3401827615213781, 0.23183154258291855, 0.23656698273936497, 0.19141871305633837], [0.25293317434642604, 0.24705566463384088, 0.24037669596652478, 0.2596344649532083], [0.3275288939148484, 0.21532872317068208, 0.27305224535118905, 0.18409013746328043], [0.34397899075945637, 0.2542450053960648, 0.20826456818093692, 0.1935114355635419]], "ideal": "D", "sampled": "A", "correct": false}}
{"type": "result", "data": {"idx": 67, "options": ["a,b in H=> a * b in H", "a in H => a^-1 in H", "a,b in H=> a * b^-1 in H", "H contains the identity element"], "probs": [[0.3030398189718475, 0.3068681657007432, 0.2323616891867019, 0.15773032604070739], [0.2299912720688664, 0.2835650443747197, 0.2883807122418986, 0.1980629712145153], [0.28708991405477186, 0.3232719599877381, 0.2638801336024572, 0.12575799225503284], [0.24216210071294128, 0.3256071306620411, 0.23334737815154774, 0.19888339037346983]], "ideal": "C", "sampled": "A", "correct": false}}
{"type": "result", "data": {"idx": 68, "options": ["(x \u2212 2)(x + 2)(x \u2212 1)(x + 1)", "(x+1)^4", "(x-1)(x+1)^3", "(x-1)^3(x+1)"], "probs": [[0.556943856030927, 0.16723238298791646, 0.15876084990070385, 0.11706291098045267], [0.28483691808713213, 0.26354607937084695, 0.2147055864119401, 0.23691141603008084], [0.4092555817774291, 0.1949567885514809, 0.31096266770344716, 0.08482496186764278], [0.4013364254827835, 0.36184289508653905, 0.12571568598509802, 0.11110499334557941]], "ideal": "A", "sampled": "A", "correct": true}}
{"type": "result", "data": {"idx": 69, "options": ["True, True", "False, False", "True, False", "False, True"], "probs": [[0.3071582225504853, 0.23575315664576849, 0.22783146117341707, 0.22925715953032913], [0.2441471927495951, 0.25016826015938654, 0.21466156518307128, 0.2910229818079471], [0.32287719267933324, 0.2209086284497477, 0.25323613382102894, 0.2029780449498901], [0.34405837484907825, 0.2627477723916214, 0.1784301006147679, 0.21476375204453244]], "ideal": "A", "sampled": "A", "correct": true}}
{"type": "result", "data": {"idx": 70, "options": ["0", "-2", "a-2", "(2+a)*-1"], "probs": [[0.21568902477518595, 0.18352802642918253, 0.2643767673817177, 0.33640618131391375], [0.23638499566381657, 0.22532901984199588, 0.2874756071436341, 0.25081037725055344], [0.25573749490821746, 0.2415237236462583, 0.2722311737368496, 0.23050760760867464], [0.27106263019134164, 0.20756275021908907, 0.2446742842247362, 0.2767003352648331]], "ideal": "D", "sampled": "D", "correct": true}}
{"type": "result", "data": {"idx": 71, "options": ["0", "4", "2", "6"], "probs": [[0.1384213782159322, 0.31796682962773504, 0.3382786906453235, 0.20533310141100924], [0.23025977148464422, 0.3596501510819328, 0.24374410107130653, 0.16634597626211642], [0.21469325995245514, 0.3744317535021227, 0.18813422040050076, 0.22274076604492138], [0.22113502682426633, 0.20099263490194724, 0.3577920602736327, 0.22008027790015372]], "ideal": "C", "sampled": "C", "correct": true}}
{"type": "result", "data": {"idx": 72, "options": ["1", "2", "3", "4"], "probs": [[0.22837895152669213, 0.19853596387308312, 0.35015618797615383, 0.22292889652407094], [0.21722334425800466, 0.19629949009240594, 0.33836864458328225, 0.24810852096630714], [0.18244627116286194, 0.19415548441852695, 0.40133717652122186, 0.22206106779738924], [0.2006361573544329, 0.21864409090942924, 0.3515743806137422, 0.22914537102239563]], "ideal": "D", "sampled": "A", "correct": false}}
{"type": "result", "data": {"idx": 73, "options": ["0", "3", "12", "30"], "probs": [[0.2495315558889058, 0.38421810241996734, 0.20728130945399803, 0.15896903213712885], [0.38335119978833454, 0.2024845899429844, 0.23280714347461212, 0.1813570666940689], [0.21706600161608, 0.16399290911714068, 0.2775126952026032, 0.3414283939641762], [0.2037363052164428, 0.1560563891970027, 0.4479612111597327, 0.19224609432682183]], "ideal": "B", "sampled": "B", "correct": true}}
{"type": "result", "data": {"idx": 74, "options": ["True, True", "False, False", "True, False", "False, True"], "probs": [[0.2730720124291103, 0.22509259654096697, 0.2598164754791461, 0.24201891545077667], [0.21337898609684527, 0.2498528249377726, 0.22284174457161576, 0.31392644429376637], [0.30279688670601407, 0.22409457454401854, 0.2524363285451672, 0.2206722101048002], [0.3069661213602701, 0.2557993492854239, 0.1950208962510577, 0.24221363300324825]], "ideal": "D", "sampled": "A", "correct": false}}
{"type": "result", "data": {"idx": 75, "options": ["True, True", "False, False", "True, False", "False, True"], "probs": [[0.2727232019736318, 0.1970134257628216, 0.28721711464657834, 0.24304625751696826], [0.2090614846978799, 0.21954489769424904, 0.257170475352575, 0.31422314215529606], [0.248406093471516, 0.1841409884570124, 0.344353840213278, 0.22309907775819363], [0.2904414957208171, 0.249697595827787, 0.2240383193246011, 0.23582258902679482]], "ideal": "B", "sampled": "A", "correct": false}}
{"type": "result", "data": {"idx": 76, "options": ["True, True", "False, False", "True, False", "False, True"], "probs": [[0.27074216583306465, 0.2545111065321965, 0.23643629683709758, 0.23831043069764127], [0.21992681083645996, 0.2634939927640514, 0.2074559988605944, 0.30912319743889427], [0.2609624642159587, 0.23638785587533323, 0.2817427897690957, 0.22090689003961234], [0.3016584335467498, 0.2841068634639075, 0.18704280630608724, 0.22719189658325545]], "ideal": "C", "sampled": "A", "correct": false}}
{"type": "result", "data": {"idx": 77, "options": ["0", "3", "12", "30"], "probs": [[0.28923816347919823, 0.341433296808232, 0.2119929853463666, 0.15733555426620316], [0.3661656920817049, 0.20923213346844513, 0.23135137210929477, 0.1932508022405552], [0.22924612336525393, 0.176938320794193, 0.35421278200259876, 0.23960277373795433], [0.21434645884517087, 0.22430786975579092, 0.36381254950345826, 0.19753312179557997]], "ideal": "A", "sampled": "B", "correct": false}}
{"type": "result", "data": {"idx": 78, "options": ["True, True", "False, False", "True, False", "False, True"], "probs": [[0.29536747929480406, 0.264224916670126, 0.23234692213596025, 0.2080606817991097], [0.24754239232787412, 0.30011172441126643, 0.1946270403649658, 0.25771884279589363], [0.3195351802775439, 0.2466531803951305, 0.23987637040047835, 0.1939352688268472], [0.3513975984788569, 0.2670180459497873, 0.1679087852085292, 0.21367557026282663]], "ideal": "D", "sampled": "C", "correct": false}}
