{"type": "result", "data": {"idx": 0, "options": ["k = 0 and n = 1", "k = 1 and n = 0", "k = n = 1", "k > 1"], "probs": [[0.20628297741152699, 0.04991171248218498, 0.5896564413941702, 0.15414886861211782], [0.20723805910263143, 0.04998594037615271, 0.5944128345915062, 0.14836316582970965], [0.21540834649460183, 0.052105115411587945, 0.5845737630907374, 0.14791277490307278], [0.20833361860763802, 0.049955448132397745, 0.5911762493564495, 0.15053468380351467]], "ideal": "B", "sampled": "D", "correct": false}}
{"type": "result", "data": {"idx": 1, "options": ["0", "1", "2", "3"], "probs": [[0.2165558140533119, 0.05160648259884046, 0.5774196256696517, 0.15441807757819595], [0.21895333529490682, 0.05236502578336604, 0.5804620026405914, 0.14821963618113568], [0.2220230880592647, 0.0517062592309877, 0.5775550302070601, 0.1487156224026875], [0.2173172658019313, 0.049743633156395725, 0.5860854321197089, 0.14685366882196413]], "ideal": "D", "sampled": "B", "correct": false}}
{"type": "result", "data": {"idx": 2, "options": ["n = 1 and r = 6", "n = 1 and r = 7", "n = 2 and r = 5", "n = 2 and r = 6"], "probs": [[0.2026011377758012, 0.054189712611229, 0.5787714805437238, 0.16443766896924594], [0.20283946166201192, 0.054413075876608985, 0.5806947881070067, 0.16205267425437236], [0.20551031366520187, 0.05462647106787117, 0.5756688584779719, 0.16419435668895505], [0.20310840462594582, 0.05431910725107985, 0.5791412124756764, 0.16343127554729797]], "ideal": "D", "sampled": "D", "correct": true}}
{"type": "result", "data": {"idx": 3, "options": ["4", "8", "16", "2sqrt(2)"], "probs": [[0.23523424124902625, 0.04640338031796713, 0.5609671127667539, 0.1573952655662527], [0.2358252046365037, 0.04777603843914439, 0.5732996313702806, 0.1430991254540713], [0.24065481661807325, 0.05056458079081085, 0.5526212576810018, 0.15615934481011404], [0.24758471439452717, 0.049537694982199586, 0.5442647641500885, 0.15861282637318472]], "ideal": "A", "sampled": "D", "correct": false}}
{"type": "result", "data": {"idx": 4, "options": ["2/69", "1/30", "2/23", "12/125"], "probs": [[0.2140360844156864, 0.05372643277829769, 0.5836188988272238, 0.1486185838787921], [0.21316177407558376, 0.05244381178232093, 0.5842155800248733, 0.15017883401722207], [0.21598638872020956, 0.05429099199527674, 0.5811931966641882, 0.14852942252032547], [0.2172648608467275, 0.05368503927647659, 0.5774717926401594, 0.15157830713663661]], "ideal": "C", "sampled": "D", "correct": false}}
{"type": "result", "data": {"idx": 5, "options": ["(S, +, x) is closed under addition modulo 10.", "(S, +, x) is closed under multiplication modulo 10.", "(S, +, x) has an identity under addition modulo 10.", "(S, +, x) has no identity under multiplication modulo 10."], "probs": [[0.24418964217216604, 0.051960425132098045, 0.545982019428909, 0.15786791316682686], [0.24619865965315368, 0.050863632201464594, 0.546460938692453, 0.15647676935292865], [0.24506846615609634, 0.052753278296826724, 0.546568107846144, 0.155610147600933], [0.23927362681289585, 0.05107266972123456, 0.5541764249466614, 0.15547727841920814]], "ideal": "D", "sampled": "B", "correct": false}}
{"type": "result", "data": {"idx": 6, "options": ["12*sqrt(2)", "6*sqrt(2)", "4*sqrt(2)", "1/(2*sqrt(2))"], "probs": [[0.24886741211927677, 0.05159772348046294, 0.5526227724042354, 0.1469120918960249], [0.260988218919167, 0.05356600913383045, 0.5339451093547052, 0.1515006624922973], [0.2536934746239283, 0.05033477657785903, 0.5461437986468999, 0.14982795005131286], [0.25589594814370026, 0.05055836700645475, 0.5430431486803357, 0.15050253606950936]], "ideal": "C", "sampled": "C", "correct": true}}
{"type": "result", "data": {"idx": 7, "options": ["0", "10%", "25%", "50%"], "probs": [[0.22201221517452108, 0.050167201449408096, 0.5611380170875524, 0.1666825661885184], [0.21633418989375933, 0.05195781863784855, 0.5725768697326841, 0.15913112163570803], [0.2234756714077458, 0.05201621904388633, 0.5632747797374871, 0.16123332971088078], [0.22056734888385454, 0.05029600933132289, 0.5650625312517652, 0.16407411043305736]], "ideal": "C", "sampled": "D", "correct": false}}
{"type": "result", "data": {"idx": 8, "options": ["None", "I only", "II only", "III only"], "probs": [[0.2520734937377757, 0.051914434294637775, 0.5436024604536608, 0.1524096114139257], [0.23040517990665416, 0.05181094219903397, 0.5642981486628054, 0.15348572913150654], [0.2265818203230796, 0.050603428872957504, 0.5700431081843715, 0.15277164251959136], [0.20742743543257927, 0.0500647556059016, 0.5833270009016672, 0.15918080795985184]], "ideal": "C", "sampled": "A", "correct": false}}
{"type": "result", "data": {"idx": 9, "options": ["Every compact space is complete", "Every complete space is compact", "Neither (a) nor (b).", " Both (a) and (b)."], "probs": [[0.22543108880931167, 0.05038110632655443, 0.5462498170010217, 0.17793798776311223], [0.22128613791848065, 0.04714940277092721, 0.5560262550143868, 0.1755382041962053], [0.23955023937961223, 0.04713641528043396, 0.5555333395223605, 0.1577800057175933], [0.2633011976113053, 0.05062724724840363, 0.5228858071472761, 0.16318574789301496]], "ideal": "A", "sampled": "D", "correct": false}}
{"type": "result", "data": {"idx": 10, "options": ["10", "20", "25", "45"], "probs": [[0.25363435960804714, 0.055323868160022195, 0.5471080459538158, 0.14393372617811487], [0.24853903237881658, 0.05224966296217128, 0.5561414997926138, 0.14306980476639833], [0.24385714528506253, 0.05300660430854974, 0.5572259425559717, 0.145910307750416], [0.24316146292509827, 0.05337959333875568, 0.5548650211799542, 0.1485939224561919]], "ideal": "D", "sampled": "A", "correct": false}}
{"type": "result", "data": {"idx": 11, "options": ["1/64", "15/64", "1/4", "3/8"], "probs": [[0.20830604990845816, 0.052109090139315, 0.5709228855878107, 0.16866197426441618], [0.20870530525480324, 0.051725644420407176, 0.5728416420958238, 0.16672740812896578], [0.21189025575561146, 0.05238055204896929, 0.567856603790827, 0.16787258830459217], [0.21207908041792667, 0.05184390820255245, 0.57143090872519, 0.16464610255433088]], "ideal": "B", "sampled": "D", "correct": false}}
{"type": "result", "data": {"idx": 12, "options": ["0", "1", "2", "3"], "probs": [[0.2246703622466107, 0.052958886101852364, 0.5536616136744631, 0.1687091378770738], [0.2241744299941843, 0.052926265880975376, 0.5517848256822567, 0.1711144783425836], [0.23100904488522317, 0.0538439845181796, 0.5493439640056093, 0.165803006490988], [0.22833852848901678, 0.05326533008518603, 0.5531324600952345, 0.16526368123056265]], "ideal": "A", "sampled": "C", "correct": false}}
{"type": "result", "data": {"idx": 13, "options": ["4", "7", "10", "13"], "probs": [[0.23019592150936416, 0.05211469495368176, 0.5691524298210475, 0.14853695361590652], [0.22711514916722672, 0.05284396440356111, 0.5646982066208581, 0.15534267970835408], [0.2298032892922712, 0.0532283955712315, 0.5624134791413865, 0.1545548358951108], [0.22467953466641163, 0.05138570929666937, 0.5750426181957853, 0.1488921377411337]], "ideal": "B", "sampled": "B", "correct": true}}
{"type": "result", "data": {"idx": 14, "options": ["0.64", "0.72", "0.81", "0.95"], "probs": [[0.22328233224672936, 0.05202630394294514, 0.5745435017313779, 0.15014786197894753], [0.22123807007132704, 0.052355407102969806, 0.5785836404405521, 0.14782288228515109], [0.22233945626045898, 0.05262533692396943, 0.5768295654859142, 0.1482056412296574], [0.22099777806950474, 0.052344407296037926, 0.5814713174103845, 0.14518649712407286]], "ideal": "D", "sampled": "B", "correct": false}}
{"type": "result", "data": {"idx": 15, "options": ["I only", "II only", "III only", "I and II only"], "probs": [[0.21601004252627934, 0.04880513104889113, 0.5812762801877641, 0.15390854613706537], [0.2168732680255829, 0.047003628919950885, 0.5977511672562668, 0.1383719356981994], [0.20935454806562917, 0.04835637622322586, 0.592595453556261, 0.149693622054884], [0.21417890034085654, 0.04942335054716788, 0.5844923540305746, 0.15190539498140088]], "ideal": "D", "sampled": "D", "correct": true}}
{"type": "result", "data": {"idx": 16, "options": ["I only", "II only", "III only", "I and II only"], "probs": [[0.2144796113812731, 0.05063857514937291, 0.580949707341937, 0.15393210602741703], [0.20978648958492496, 0.04874214529503729, 0.5935910939576697, 0.14788027106236803], [0.20506593888535746, 0.05086128488957823, 0.5850555983354055, 0.15901717778965876], [0.21201307053263202, 0.05124009514624292, 0.5825542341161056, 0.15419260010501937]], "ideal": "B", "sampled": "D", "correct": false}}
{"type": "result", "data": {"idx": 17, "options": ["-1/4", "-1/(4sqrt(2))", "0", "sqrt(2)"], "probs": [[0.256375958879882, 0.05095869857462161, 0.5604117303372892, 0.1322536121082072], [0.2627187488435681, 0.048591198704354556, 0.5542162903983829, 0.13447376195369434], [0.261121233484813, 0.053464194625328795, 0.5563006193267581, 0.1291139524631001], [0.2554715370679558, 0.05172015173663633, 0.5677725883665862, 0.12503572272882174]], "ideal": "C", "sampled": "B", "correct": false}}
{"type": "result", "data": {"idx": 18, "options": ["I and II only", "III only", "I and III only", "I, II, and III"], "probs": [[0.20265884111250196, 0.048281656869068115, 0.5945588019443511, 0.1545006999740789], [0.19756996593436285, 0.04774238880132875, 0.6118912415922595, 0.14279640357204892], [0.20989694793866162, 0.050376455127887756, 0.5893979379376382, 0.15032865889581246], [0.21105086250967758, 0.04778803387359143, 0.5942001187229482, 0.1469609847937828]], "ideal": "D", "sampled": "D", "correct": true}}
{"type": "result", "data": {"idx": 19, "options": ["3", "e", "sqrt(5)", "0"], "probs": [[0.21253598525991527, 0.04762434391291824, 0.602769278032751, 0.13707039269441543], [0.22476575362431542, 0.05197419733712155, 0.5736748725187951, 0.14958517641976787], [0.2449458739989773, 0.04852789292600372, 0.5646512374548985, 0.1418749955201204], [0.21032997963709382, 0.04788880049703455, 0.5808957814589393, 0.1608854383069324]], "ideal": "A", "sampled": "C", "correct": false}}
{"type": "result", "data": {"idx": 20, "options": ["I only", "II only", "III only", "I, II, and III"], "probs": [[0.2006984524826592, 0.04804376551403456, 0.5851536297903429, 0.16610415211296334], [0.18923251691162607, 0.04760680808504349, 0.6097186439787399, 0.15344203092459058], [0.20638256340425162, 0.05213984613464113, 0.5783129075345439, 0.1631646828265633], [0.2082547467643851, 0.046928739284920966, 0.5937688128887602, 0.1510477009619338]], "ideal": "D", "sampled": "D", "correct": true}}
{"type": "result", "data": {"idx": 21, "options": ["None", "One", "Four", "Five"], "probs": [[0.20509091858005052, 0.05365256066895255, 0.558994792900746, 0.1822617277502509], [0.20247824355651867, 0.05504914741742216, 0.5622185249061938, 0.18025408401986528], [0.2056788526904412, 0.05464461878861115, 0.5574832024331569, 0.18219332598779076], [0.20034793017291258, 0.05279010533758598, 0.5681597589878312, 0.17870220540167017]], "ideal": "D", "sampled": "B", "correct": false}}
{"type": "result", "data": {"idx": 22, "options": ["I only", "II only", "III only", "I and II only"], "probs": [[0.21683126524283344, 0.049856461208122795, 0.574755723905042, 0.15855654954400167], [0.21047069052210604, 0.04864628250065636, 0.5853727619231912, 0.15551026495404635], [0.2088901251345599, 0.050773203367878, 0.5752940773388634, 0.16504259405869867], [0.21359476206258712, 0.05034993159621445, 0.5789987975636915, 0.1570565086775069]], "ideal": "B", "sampled": "D", "correct": false}}
{"type": "result", "data": {"idx": 23, "options": ["2/81", "1/18", "2/27", "1/9"], "probs": [[0.21260121145802804, 0.05013249739305778, 0.5814686926399043, 0.1557975984090099], [0.22160915033409792, 0.052434080515790606, 0.5721513160226841, 0.15380545302742732], [0.21534152166372697, 0.05268187036075477, 0.5761986927395143, 0.155777915136004], [0.21924450317978758, 0.05257115708403429, 0.5670325966742068, 0.16115174296197127]], "ideal": "A", "sampled": "C", "correct": false}}
{"type": "result", "data": {"idx": 24, "options": ["True, True", "True, False", "False, True", "False, False"], "probs": [[0.25307071772080286, 0.05959561599781341, 0.5875371229255615, 0.09979654325582224], [0.28231319887464834, 0.052095022241386055, 0.5382636805020823, 0.1273280982818833], [0.25253654464552727, 0.050203511493978926, 0.5738103602927197, 0.12344958346777413], [0.24227174031077206, 0.05420674885833231, 0.5918015572521659, 0.11171995347872972]], "ideal": "B", "sampled": "B", "correct": true}}
{"type": "result", "data": {"idx": 25, "options": ["I and II only", "I and III only", "II and III only", "III only"], "probs": [[0.20453381536345774, 0.05022445320580824, 0.5744457244298601, 0.17079600690087388], [0.1995223313726391, 0.04939694334095398, 0.5899062908665799, 0.16117443431982703], [0.20114497605065296, 0.050392560063371075, 0.5853027795341778, 0.16315968425179822], [0.197772258566741, 0.04989257305681751, 0.5850589100413905, 0.1672762582350509]], "ideal": "D", "sampled": "D", "correct": true}}
{"type": "result", "data": {"idx": 26, "options": ["9/2 days", "5 days", "41/8 days", "36/7 days"], "probs": [[0.23808186374672533, 0.052121107889148, 0.5819958003548822, 0.12780122790924445], [0.23725954137716002, 0.05128121843572528, 0.5878349651522757, 0.12362427493483893], [0.25846807605613986, 0.05380803770432993, 0.5676158327717701, 0.1201080533677601], [0.23576713572110858, 0.050607701969616975, 0.5880776884148586, 0.12554747379441586]], "ideal": "D", "sampled": "C", "correct": false}}
{"type": "result", "data": {"idx": 27, "options": ["1/2", "1", "sqrt(2)", "pi"], "probs": [[0.22441294452668795, 0.046938969980866135, 0.5665898238064029, 0.162058261586043], [0.27632479930542136, 0.06138755547204666, 0.4964946937494728, 0.1657929513730592], [0.26803279319754325, 0.05358332474863132, 0.5027276351951642, 0.17565624675866123], [0.2507958012073471, 0.04784832896117303, 0.5211245228708764, 0.18023134686060338]], "ideal": "A", "sampled": "C", "correct": false}}
{"type": "result", "data": {"idx": 28, "options": ["f has all of its relative extrema on the line x = y.", "f has all of its relative extrema on the parabola x = y^2.", "f has a relative minimum at (0, 0).", "f has an absolute minimum at (2/3, 2/3)."], "probs": [[0.2107975992779308, 0.051721686106537025, 0.5752212387156951, 0.16225947579983707], [0.21706632897871586, 0.052609435426334894, 0.569066594899418, 0.16125764059553124], [0.21046073418580555, 0.052536240915333314, 0.5744731746676442, 0.16252985013121693], [0.2211292782709578, 0.05276169118182355, 0.5686621323551263, 0.15744689809209236]], "ideal": "A", "sampled": "D", "correct": false}}
{"type": "result", "data": {"idx": 29, "options": ["5", "6", "12", "15"], "probs": [[0.22413995429413147, 0.05215724482753606, 0.5683735717540632, 0.15532922902426924], [0.22774282774265556, 0.05313559034339478, 0.5655808616782155, 0.15354072013573417], [0.22497907446294618, 0.053674109674645275, 0.561926190215231, 0.15942062554717748], [0.22316612460967689, 0.05291264933339226, 0.5664913316105755, 0.15742989434635532]], "ideal": "B", "sampled": "B", "correct": true}}
{"type": "result", "data": {"idx": 30, "options": ["S(n0 + 1) is not true.", "S(n0 - 1) is not true.", "S(n) is not true for any n <= n0", "S(n) is not true for any n >= n0"], "probs": [[0.22408654198370753, 0.05049358435805133, 0.5664007984905891, 0.15901907506765198], [0.23019739586665472, 0.05203114768087138, 0.5597158211142838, 0.1580556352381902], [0.2263603432352863, 0.051637085280865844, 0.5672339606272719, 0.15476861075657594], [0.24880569144096087, 0.05386683072108096, 0.5370005468673548, 0.16032693087060343]], "ideal": "C", "sampled": "D", "correct": false}}
{"type": "result", "data": {"idx": 31, "options": ["(0, 0, 1)", "(3/7, 3/14, 9/14)", "(7/15, 8/15, 1/15)", "(5/6, 1/3, 1/3)"], "probs": [[0.2028609170667417, 0.05067730581229853, 0.5996966823403609, 0.1467650946805989], [0.20490676238911726, 0.049799975188311814, 0.6024533532048812, 0.14283990911768965], [0.20455327323189368, 0.051025971004837745, 0.5915301949456351, 0.1528905607176335], [0.20231545329033337, 0.04908482083085953, 0.6006155869910252, 0.14798413878778183]], "ideal": "B", "sampled": "B", "correct": true}}
{"type": "result", "data": {"idx": 32, "options": ["For no such integer n", "For 3, 5, 7, and 11 only", "For 3, 5, 7, 9, and 11 only", "For 4, 6, 8, and 10 only"], "probs": [[0.2052678327995125, 0.05091354654054888, 0.5920017560127264, 0.1518168645472122], [0.20895777418211028, 0.05226867217081091, 0.5819026350323919, 0.1568709185146869], [0.21172391357799775, 0.050700933732697184, 0.5744493542083114, 0.16312579838099361], [0.20559599227652384, 0.051118066487636955, 0.5751438522082664, 0.1681420889275729]], "ideal": "B", "sampled": "C", "correct": false}}
{"type": "result", "data": {"idx": 33, "options": ["1", "2", "3", "4"], "probs": [[0.2225005253833628, 0.05404749703452624, 0.5752032801796868, 0.14824869730242418], [0.22507334591705982, 0.05310515511641659, 0.575132927804778, 0.14668857106174554], [0.21449744539427473, 0.051396332293106896, 0.5902022674819541, 0.1439039547306642], [0.2148508051251046, 0.05221026195770454, 0.5834547659374414, 0.14948416687974947]], "ideal": "C", "sampled": "A", "correct": false}}
{"type": "result", "data": {"idx": 34, "options": ["I only", "II only", "III only", "I, II, and III"], "probs": [[0.2030748143818169, 0.04904490000297599, 0.5903325720310901, 0.15754771348411697], [0.1952860195383139, 0.04814457116072804, 0.6134095625516608, 0.1431598466492972], [0.20818972663060267, 0.05273304526253605, 0.5870219490351685, 0.15205527897169283], [0.21245141865640887, 0.04846085390884016, 0.593600604164818, 0.145487123169933]], "ideal": "D", "sampled": "D", "correct": true}}
{"type": "result", "data": {"idx": 35, "options": ["x^2 + y^2 + z^2 + 8 = 6y", "(x^2 + y^2 + z^2)^2 = 8 + 36(x^2 + z^2)", "(x^2 + y^2 + z^2 + 8)^2 = 36(x^2 + z^2)", "(x^2 + y^2 + z^2 + 8)^2 = 36(x^2 + y^2)"], "probs": [[0.22954405963843044, 0.04939537945519381, 0.58537646613368, 0.1356840946726957], [0.2461670843203409, 0.051117559848175294, 0.5694160248732366, 0.13329933085824722], [0.27567892337656863, 0.05124038839128723, 0.534572760302966, 0.1385079278291781], [0.24467203565487394, 0.04802864151776802, 0.5641132122633474, 0.14318611046401053]], "ideal": "D", "sampled": "C", "correct": false}}
{"type": "result", "data": {"idx": 36, "options": ["y = 2x + 1", "y = 2x", "y = x + 2", "y = x + 1"], "probs": [[0.24046669124543127, 0.05258454538607898, 0.5528801247782995, 0.1540686384901902], [0.23025670302209364, 0.0488422505681213, 0.5690247927182398, 0.15187625359154525], [0.2373108302908877, 0.05346696157914625, 0.5619957530233899, 0.1472264550065761], [0.24523644906105618, 0.0519699140744121, 0.5529318882588381, 0.14986174850569364]], "ideal": "A", "sampled": "D", "correct": false}}
{"type": "result", "data": {"idx": 37, "options": ["2", "3", "4", "5"], "probs": [[0.23057222793501528, 0.05301455879080927, 0.5640688643053275, 0.15234434886884793], [0.23129663644530216, 0.05249725085148977, 0.567162175063919, 0.14904393753928905], [0.2218039880067932, 0.051457962728555906, 0.5789183844288791, 0.14781966473577174], [0.2223152253154411, 0.052609742466459934, 0.5752618397981125, 0.1498131923199864]], "ideal": "A", "sampled": "A", "correct": true}}
{"type": "result", "data": {"idx": 38, "options": ["True, True", "True, False", "False, True", "False, False"], "probs": [[0.2645842442567716, 0.0613029415147653, 0.5815850517376261, 0.09252776239083703], [0.28205131746109396, 0.055352697562594914, 0.5515267108548734, 0.11106927402143772], [0.2518380823813799, 0.05033007151137491, 0.5782928336960061, 0.11953901231123908], [0.2574304976419048, 0.05561189435778095, 0.5833932247680148, 0.1035643831322994]], "ideal": "A", "sampled": "B", "correct": false}}
{"type": "result", "data": {"idx": 39, "options": ["1", "2", "3", "4"], "probs": [[0.2346766266587025, 0.05377919538773145, 0.5504753527559236, 0.16106882509764234], [0.23696506285866425, 0.05417712465329866, 0.553978210862964, 0.15487960152507307], [0.25083396770658495, 0.05786923534102342, 0.5261590676287812, 0.1651377292236105], [0.22345379492165326, 0.051563003316498865, 0.5588448768037106, 0.16613832485813726]], "ideal": "C", "sampled": "C", "correct": true}}
{"type": "result", "data": {"idx": 40, "options": ["the entire real axis", "a point", "a ray", "an open finite interval"], "probs": [[0.21090663653132308, 0.04743263054265163, 0.5810339363674344, 0.16062679645859085], [0.2028308204998243, 0.049112368187193875, 0.5909740902228731, 0.15708272099010878], [0.20074135960455128, 0.04928820055028549, 0.6055890591845384, 0.14438138056062483], [0.22977865082378138, 0.05584006094135828, 0.5567249738125333, 0.15765631432232707]], "ideal": "B", "sampled": "D", "correct": false}}
{"type": "result", "data": {"idx": 41, "options": ["finite", "cyclic", "of order two", "abelian"], "probs": [[0.21807435396451194, 0.056640256823600625, 0.547504371508271, 0.17778101760361634], [0.19870195614676375, 0.051579969131930505, 0.5791551276000487, 0.170562947021257], [0.20687151415525346, 0.05342888205922794, 0.5630309110994328, 0.17666869258608572], [0.20100922289011952, 0.052397298169736, 0.5777704377388054, 0.16882304110133903]], "ideal": "D", "sampled": "D", "correct": true}}
{"type": "result", "data": {"idx": 42, "options": ["3", "4", "5", "8"], "probs": [[0.2343737167304797, 0.050023071090173205, 0.5782954649175911, 0.137307747161756], [0.23264077823460014, 0.04960108658773844, 0.5777520069889841, 0.14000612808867732], [0.2474178895876382, 0.05206534110784401, 0.5602912735291928, 0.14022549567532497], [0.2525830306245085, 0.05070473328775852, 0.5637707793710736, 0.1329414566166595]], "ideal": "D", "sampled": "D", "correct": true}}
{"type": "result", "data": {"idx": 43, "options": ["II only", "III only", "I and II only", "II and III only"], "probs": [[0.2000757530159756, 0.04857877822400539, 0.5973437054358506, 0.15400176322416842], [0.19688419972508744, 0.04912886389068695, 0.590707644068808, 0.1632792922154175], [0.2024345858050264, 0.04885803580002424, 0.5926689703615352, 0.1560384079334141], [0.20236023806186954, 0.04903886357117609, 0.5971141323495155, 0.15148676591743887]], "ideal": "A", "sampled": "A", "correct": true}}
{"type": "result", "data": {"idx": 44, "options": ["1", "3", "5", "7"], "probs": [[0.25065589135357474, 0.053589322066829044, 0.5314653554881524, 0.1642894309914438], [0.25458173708469994, 0.05490596698503404, 0.534851763518787, 0.155660532311479], [0.26612776911768043, 0.05618208729930305, 0.508469112292779, 0.16922103119023751], [0.24811763678025933, 0.054907771413845334, 0.5216734045970339, 0.17530118710886142]], "ideal": "D", "sampled": "C", "correct": false}}
{"type": "result", "data": {"idx": 45, "options": ["True, True", "True, False", "False, True", "False, False"], "probs": [[0.24150539173141997, 0.051657779914024565, 0.5604106857429797, 0.14642614251157582], [0.24376325253203973, 0.054495707422905104, 0.5280945562132322, 0.173646483731823], [0.22366575561215354, 0.05310937682590205, 0.5600132858191211, 0.1632115816428233], [0.23298107620684103, 0.056263247056282974, 0.5471222175917361, 0.16363345904513987]], "ideal": "A", "sampled": "A", "correct": true}}
{"type": "result", "data": {"idx": 46, "options": ["\u03c0/12", "\u03c0/6", "\u03c0/3", "2\u03c0/3"], "probs": [[0.21873019656905893, 0.05395651246359345, 0.5701982592088177, 0.15711503165852989], [0.22309193345300538, 0.05448447248516729, 0.5633787000119378, 0.15904489394988958], [0.22212751206879514, 0.053286027005754785, 0.5611068386020549, 0.1634796222233952], [0.21188537685798373, 0.05220566300483553, 0.5749202537766175, 0.1609887062605633]], "ideal": "B", "sampled": "B", "correct": true}}
{"type": "result", "data": {"idx": 47, "options": ["3", "pi", "3pi", "3/2"], "probs": [[0.22096833666800247, 0.051283609307955856, 0.5744800588453522, 0.15326799507868938], [0.21313227234588988, 0.04677320166716438, 0.5986372098032653, 0.14145731608368042], [0.21055116933637627, 0.04798825013175169, 0.5797338994797404, 0.16172668095213158], [0.20650038121065795, 0.04751275479318421, 0.5929160117510112, 0.1530708521451467]], "ideal": "B", "sampled": "B", "correct": true}}
{"type": "result", "data": {"idx": 48, "options": ["Only (II)", "Only (IV )", "(I) and (IV )", "(II) and (III)"], "probs": [[0.1888307332803723, 0.05371439456402553, 0.5751397609135553, 0.18231511114204682], [0.1913701579426327, 0.05473376024165463, 0.5634336429015105, 0.19046243881420208], [0.18874147251236298, 0.054478763716751866, 0.5762726578095562, 0.180507105861329], [0.19161130137978977, 0.054784524720466826, 0.5742019160532096, 0.1794022577465338]], "ideal": "C", "sampled": "A", "correct": false}}
{"type": "result", "data": {"idx": 49, "options": ["f is Riemann integrable.", "There does not exist a countably infinite E of R such that f is nondifferentiable at every x \\in E.", "There does not exist an uncountable subset E of R such that f is nondifferentiable at every x \\in E.", "None of the above."], "probs": [[0.20366981168282744, 0.04961072542147309, 0.5914997921702388, 0.15521967062546063], [0.2186243051844523, 0.049892778311519316, 0.5834087437095554, 0.1480741726944729], [0.21102785518839498, 0.04933547425298156, 0.573107427920945, 0.16652924253767834], [0.20232433530880103, 0.05045328401537746, 0.5739103087337913, 0.17331207184203015]], "ideal": "D", "sampled": "C", "correct": false}}
{"type": "result", "data": {"idx": 50, "options": ["the open first quadrant", "a closed curve", "a ray in the open first quadrant", "a single point"], "probs": [[0.24758606841172984, 0.053453685897298174, 0.54402804286111, 0.154932202729862], [0.23450052124336931, 0.05143767088113552, 0.546006069195646, 0.1680557385798492], [0.21923196110129994, 0.04822546108950352, 0.5775594250169274, 0.15498315269226914], [0.22447904204683589, 0.050751147625587835, 0.5642587135105644, 0.16051109671701186]], "ideal": "A", "sampled": "A", "correct": true}}
{"type": "result", "data": {"idx": 51, "options": ["1", "2", "p >= 1", "infinity"], "probs": [[0.19608872834735128, 0.052218719533545475, 0.5887392671005394, 0.16295328491856387], [0.21509541120553918, 0.057389392497098325, 0.5560530692851673, 0.17146212691219523], [0.2050194197506923, 0.05276191744177455, 0.574647322323567, 0.16757134038396618], [0.19809802760131165, 0.049645336696547956, 0.5840122364180903, 0.1682443991840501]], "ideal": "B", "sampled": "C", "correct": false}}
{"type": "result", "data": {"idx": 52, "options": ["f is a homeomorphism.", "f is continuous and one-to-one", "f is continuous.", "f is one-to-one"], "probs": [[0.21270252143598364, 0.05433403550168824, 0.563467644836823, 0.1694957981255051], [0.21539262301743542, 0.053183351658304956, 0.5553524203976933, 0.17607160482656636], [0.21579405020123318, 0.052179022063192554, 0.5530607534969891, 0.17896617413858518], [0.20656688845139626, 0.05289802776690428, 0.5716050543285172, 0.1689300293531823]], "ideal": "C", "sampled": "B", "correct": false}}
{"type": "result", "data": {"idx": 53, "options": ["12", "16", "12*sqrt(3)", "16*sqrt(3)"], "probs": [[0.2441797219839933, 0.047117187866071074, 0.5513164914396954, 0.15738659861024018], [0.26913641577214753, 0.05574663085414976, 0.5160086500571521, 0.1591083032165506], [0.27409229802957796, 0.05515346529039593, 0.4992442931170975, 0.17150994346292855], [0.3140033962262313, 0.05048963984008238, 0.47734830980637366, 0.1581586540273127]], "ideal": "C", "sampled": "D", "correct": false}}
{"type": "result", "data": {"idx": 54, "options": ["4", "7", "8", "12"], "probs": [[0.20701086981783923, 0.050123357398043036, 0.6018917694508795, 0.14097400323323822], [0.20748167764224257, 0.051188668949506806, 0.5931132302634394, 0.14821642304481122], [0.2087489835428971, 0.05010710321743495, 0.5951003323355045, 0.1460435808041634], [0.20604454317614765, 0.05000854376155673, 0.6006521842408686, 0.1432947287214269]], "ideal": "A", "sampled": "C", "correct": false}}
{"type": "result", "data": {"idx": 55, "options": ["|x| \u2265 0", "|x \u00b7 y| \u2264 |x||y|", "|x| = 0 if and only if x = 0", "|x + y| = |x| + |y|"], "probs": [[0.22781864230699, 0.05852116380272397, 0.506784686894415, 0.20687550689587095], [0.22923985462935942, 0.058817536509377044, 0.5163836555617789, 0.19555895319948463], [0.22925042420567093, 0.057687817279059125, 0.5132041420064518, 0.19985761640881813], [0.22241704825259392, 0.060742755945555456, 0.5119974421943789, 0.20484275350747166]], "ideal": "D", "sampled": "D", "correct": true}}
{"type": "result", "data": {"idx": 56, "options": ["4", "5", "6", "7"], "probs": [[0.21254468026939893, 0.05035615374236366, 0.5877704225642776, 0.14932874332395982], [0.21036404918873494, 0.0505553759335667, 0.589640590952653, 0.14943998382504542], [0.20977628223642045, 0.050159863947670705, 0.5917684258062949, 0.14829542790961397], [0.20702369302481974, 0.05052911075578326, 0.5911569110254914, 0.15129028509390563]], "ideal": "B", "sampled": "A", "correct": false}}
{"type": "result", "data": {"idx": 57, "options": ["1 only", "2 only", "0 and 1 only", "0, 1, and 2 only"], "probs": [[0.20250430248505716, 0.04968731738828984, 0.569938050825419, 0.17787032920123397], [0.19684401225879797, 0.048213984992056154, 0.6011003277635748, 0.15384167488557107], [0.21691182415187718, 0.05483868013398832, 0.5681457561293262, 0.16010373948480833], [0.2176990186462519, 0.05177217291032423, 0.5647829707357671, 0.1657458376076567]], "ideal": "D", "sampled": "D", "correct": true}}
{"type": "result", "data": {"idx": 58, "options": ["2", "\u03c0", "4", "3\u03c0/2"], "probs": [[0.2107747589187293, 0.05137576391968898, 0.5645126356147159, 0.1733368414468658], [0.2196728080902401, 0.05168678450274159, 0.5611742964306972, 0.16746611087632118], [0.21751417411094293, 0.05169012833971679, 0.5617181919419408, 0.16907750550739942], [0.2170773728192528, 0.05122888794603593, 0.5580774503531468, 0.1736162887815645]], "ideal": "C", "sampled": "C", "correct": true}}
{"type": "result", "data": {"idx": 59, "options": ["9", "8", "0", "-5"], "probs": [[0.306044735513992, 0.05318514023299628, 0.5004900227859439, 0.1402801013670679], [0.3078377005864868, 0.05080099125445365, 0.5040943715979911, 0.1372669364610685], [0.2895283741889206, 0.05031521692838605, 0.5269283134250664, 0.13322809535762692], [0.3324387594925002, 0.05491278942320201, 0.5011507756249707, 0.11149767535932718]], "ideal": "A", "sampled": "D", "correct": false}}
{"type": "result", "data": {"idx": 60, "options": ["None", "One", "Two", "Three"], "probs": [[0.23020022419176556, 0.05147781814186129, 0.5758260912371206, 0.14249586632925262], [0.24755115726957164, 0.054538861182985246, 0.5575030688475164, 0.1404069125999267], [0.2482513078090562, 0.05360929427761363, 0.5556070555664632, 0.14253234224686703], [0.22547605967466408, 0.04799047183496376, 0.5887780276660145, 0.13775544072435766]], "ideal": "B", "sampled": "B", "correct": true}}
{"type": "result", "data": {"idx": 61, "options": ["20!/2^(10)", "10!/2^9", "10^(20) - 2^(10)", "10^(20) - 100"], "probs": [[0.20878742854192417, 0.054555457825793366, 0.5667447911693602, 0.16991232236292228], [0.20949564247731586, 0.0547876788684274, 0.5599905681052928, 0.17572611044896397], [0.20787924680925263, 0.05255254396682378, 0.5755289835319248, 0.16403922559199877], [0.21520102743444028, 0.05399291025283497, 0.5629009196571932, 0.16790514255553154]], "ideal": "A", "sampled": "A", "correct": true}}
{"type": "result", "data": {"idx": 62, "options": ["It is possible to place an linear order relation \u2264 on the complex numbers C such that (C, +, \u00d7, \u2264) is not an ordered field.", "It is possible to place a linear order relation on the complex numbers C which make (C, +, \u00d7, \u2264) an ordered field.", "Neither (a) nor (b)", "Both (a) and (b)."], "probs": [[0.20760997431701886, 0.05021356249872605, 0.554732304038548, 0.18744415904570708], [0.1980997919838216, 0.0480733364772407, 0.5689187049296804, 0.1849081665092573], [0.19513086500240157, 0.05137447535195791, 0.5554098776013744, 0.19808478194426615], [0.22096794997687427, 0.048755947402902566, 0.5514253788206926, 0.17885072369953053]], "ideal": "A", "sampled": "D", "correct": false}}
{"type": "result", "data": {"idx": 63, "options": ["1/4", "1/3", "1/2", "2/3"], "probs": [[0.21509239476057937, 0.05475589361902187, 0.5608884796104809, 0.1692632319099178], [0.22302727066689756, 0.05676142786231119, 0.5525461352429657, 0.16766516612782556], [0.22423139018262925, 0.055799722217443185, 0.5485327658840654, 0.1714361216158622], [0.21629833931214648, 0.055550034462879365, 0.5601248081944504, 0.1680268179305237]], "ideal": "D", "sampled": "C", "correct": false}}
{"type": "result", "data": {"idx": 64, "options": ["The integers under addition", "The nonzero integers under multiplication", "The nonzero real numbers under multiplication", "The complex numbers under addition"], "probs": [[0.2167682485983379, 0.05263983810614868, 0.5462826082843679, 0.18430930491114553], [0.22951089051058798, 0.057325073102806115, 0.5292855204884309, 0.183878515798175], [0.21467376414201497, 0.05767191695409376, 0.5229638845473868, 0.20469043425650443], [0.2224370621542088, 0.057179065465217116, 0.5139213302144778, 0.2064625420660962]], "ideal": "B", "sampled": "C", "correct": false}}
{"type": "result", "data": {"idx": 65, "options": ["4x + 6y", "x + y + 5", "9x + 4y", "4x - 9y"], "probs": [[0.24193148811258128, 0.0550964265780908, 0.5343169350481434, 0.16865515016118454], [0.2454661538414831, 0.05506767578174881, 0.5278335449093342, 0.17163262536743387], [0.24132321194964704, 0.05440204496418171, 0.5380398765602705, 0.16623486642590068], [0.2403466367429558, 0.05660930190996527, 0.5357257643443203, 0.16731829690275862]], "ideal": "D", "sampled": "A", "correct": false}}
{"type": "result", "data": {"idx": 66, "options": ["0", "-2", "-sqrt(34)", "-sqrt(35)"], "probs": [[0.23271631292605616, 0.04688906343310644, 0.5967197355078742, 0.12367488803296328], [0.25155335662233613, 0.05873176454910424, 0.5836183428180725, 0.10609653591048715], [0.25326388128311444, 0.05041674336224497, 0.5681536581486917, 0.12816571710594896], [0.2707979835627938, 0.05317591597925777, 0.5517105171875764, 0.12431558317037211]], "ideal": "C", "sampled": "C", "correct": true}}
{"type": "result", "data": {"idx": 67, "options": ["II only", "III only", "I and II only", "I and III only"], "probs": [[0.19646788519747826, 0.0507276378846539, 0.5839821360711361, 0.16882234074673166], [0.19648609128104375, 0.0508151327138266, 0.5804313899210963, 0.17226738598403332], [0.19978045371666517, 0.05117570722729156, 0.579081786643513, 0.1699620523125303], [0.2003588333445365, 0.051309278945501906, 0.5777107347481988, 0.17062115286176283]], "ideal": "D", "sampled": "C", "correct": false}}
{"type": "result", "data": {"idx": 68, "options": ["\u03c0/3", "\u03c0/4", "\u03c0", "2\u03c0"], "probs": [[0.23178783251702972, 0.052319013378807795, 0.5759445106438247, 0.13994864336033774], [0.22525254288938032, 0.05057782061819227, 0.5775587278464169, 0.14661090854601053], [0.21635746953708007, 0.050313517446254966, 0.5959844588637414, 0.13734455405292356], [0.22177821726038885, 0.05298152644374927, 0.5853011694755149, 0.13993908672034697]], "ideal": "A", "sampled": "A", "correct": true}}
{"type": "result", "data": {"idx": 69, "options": ["Sunday", "Monday", "Tuesday", "Wednesday"], "probs": [[0.2728370373724587, 0.05223249365455561, 0.5419320352070833, 0.1329984336659024], [0.2514613697936581, 0.05006496272044908, 0.5771590083675268, 0.12131465901836612], [0.2604297706985433, 0.054425295639650255, 0.5558744689112635, 0.12927046465054298], [0.2528493460651811, 0.05177041258377125, 0.5611993199293738, 0.13418092132167384]], "ideal": "A", "sampled": "D", "correct": false}}
{"type": "result", "data": {"idx": 70, "options": ["\u221248/\u03c0 cm/min", "\u22124/(3\u03c0) cm/min", "\u22128/(3\u03c0) cm/min", "\u221216/(3\u03c0) cm/min"], "probs": [[0.20952236728332208, 0.05133440736664984, 0.598819496418331, 0.14032372883169705], [0.21579281779711112, 0.05215251756101967, 0.5820632327250655, 0.1499914318168037], [0.21652668347237236, 0.05090073431997282, 0.5914669721587843, 0.14110560994887053], [0.21848333067596645, 0.05081040853883897, 0.597598159396603, 0.13310810128859166]], "ideal": "D", "sampled": "B", "correct": false}}
{"type": "result", "data": {"idx": 71, "options": ["The system is consistent.", "The system has infinitely many solutions.", "The sum of any two solutions is a solution.", "Every solution is a scalar multiple of (-5, 1, 1, 0)."], "probs": [[0.23759313176318375, 0.05372544097304957, 0.556700796601344, 0.1519806305624227], [0.25376460709908943, 0.05315412738847052, 0.5500521227182881, 0.1430291426941519], [0.24413703561470124, 0.053561069464997835, 0.5544568937049441, 0.1478450011153568], [0.25255494742799867, 0.05338524907177484, 0.5514418955018594, 0.14261790789836712]], "ideal": "D", "sampled": "D", "correct": true}}
{"type": "result", "data": {"idx": 72, "options": ["f(c)", "f(e^c)", "f(1/c)", "f(log c)"], "probs": [[0.20401715546238816, 0.04946533051686063, 0.58384905282291, 0.16266846109784117], [0.20706517375230882, 0.04970420748379865, 0.5833847944336441, 0.1598458242302484], [0.2057454727170303, 0.05006441827338813, 0.5874819733081308, 0.15670813560145072], [0.21188386799025938, 0.05268359811039342, 0.5745066275355907, 0.16092590626375652]], "ideal": "D", "sampled": "D", "correct": true}}
{"type": "result", "data": {"idx": 73, "options": ["I only", "II only", "III only", "I and II only"], "probs": [[0.23274650473810815, 0.04788519298893604, 0.5772415226942771, 0.14212677947867877], [0.23365071413564678, 0.04711890220170901, 0.5837956070316168, 0.13543477653102745], [0.23698816915554932, 0.04739923421570268, 0.5692890457769384, 0.14632355075180956], [0.23960580224426156, 0.04820450008957096, 0.5707192845607756, 0.14147041300539184]], "ideal": "D", "sampled": "D", "correct": true}}
{"type": "result", "data": {"idx": 74, "options": ["1/(2e)", "1/e", "e^2/2", "2e"], "probs": [[0.22102611843100295, 0.05387129161207917, 0.5712007177198803, 0.15390187213703754], [0.22289284148140068, 0.05370251241263299, 0.5610601671534676, 0.16234447885249864], [0.21528226582538934, 0.050937549533115745, 0.5723918398601601, 0.1613883446813348], [0.20752398513027037, 0.050548784053122714, 0.5877346948115294, 0.1541925359050775]], "ideal": "C", "sampled": "B", "correct": false}}
{"type": "result", "data": {"idx": 75, "options": ["H = 50", "T >= 60", "51 <= H <= 55", "H >= 48 and T >= 48"], "probs": [[0.21480902867248544, 0.05501306760496318, 0.5500485855532348, 0.18012931806931665], [0.20901641413983038, 0.052799687165722205, 0.5702905293172315, 0.16789336927721601], [0.20921269368840292, 0.05446943721330015, 0.5657726610001299, 0.17054520799816694], [0.21165070014435516, 0.05471332018541031, 0.5589039942022451, 0.1747319853679894]], "ideal": "D", "sampled": "D", "correct": true}}
{"type": "result", "data": {"idx": 76, "options": ["True, True", "True, False", "False, True", "False, False"], "probs": [[0.2465064749916311, 0.05688620188602566, 0.5897244038670304, 0.10688291915531281], [0.25901990161406985, 0.051910212187112954, 0.5414711034698559, 0.14759878262896128], [0.22758863730471177, 0.05034557284480971, 0.5792414294641985, 0.14282436028627996], [0.2361366293275629, 0.05306998211031827, 0.5842738499220372, 0.1265195385400816]], "ideal": "D", "sampled": "B", "correct": false}}
{"type": "result", "data": {"idx": 77, "options": ["2", "1", "0", "-1"], "probs": [[0.2416918313513676, 0.0536828421551374, 0.5836378422337937, 0.12098748415970133], [0.22956591329143256, 0.051540023421408024, 0.5926153526768088, 0.12627871051035064], [0.24141853775554842, 0.05370914502974906, 0.585042291243257, 0.11983002587144546], [0.23901992232503205, 0.053192721753707616, 0.5903053085185823, 0.117482047302678]], "ideal": "C", "sampled": "D", "correct": false}}
