{"type": "result", "data": {"idx": 0, "options": ["10%", "20%", "40%", "80%"], "probs": [[0.20732593897825916, 0.05256149642193681, 0.5907899668928247, 0.1493225976069793], [0.21840198798397567, 0.054274921495993375, 0.5701065572621439, 0.1572165331578871], [0.21637955305796713, 0.05215477942898862, 0.5711889266396585, 0.16027674077338577], [0.20447884497981914, 0.05064760148018762, 0.5870220660576307, 0.15785148738236243]], "ideal": "C", "sampled": "C", "correct": true}}
{"type": "result", "data": {"idx": 1, "options": ["About $300", "About $3k", "About $8k", "About $15k"], "probs": [[0.23916148537842524, 0.05085852186091243, 0.5866568306491537, 0.1233231620115086], [0.24065216835449274, 0.05270751447357258, 0.5799944866614937, 0.126645830410441], [0.25549396869965507, 0.05424883961135063, 0.5599157809651266, 0.13034141062386773], [0.2593661449826369, 0.05020425281155784, 0.5651972082736195, 0.1252323938321858]], "ideal": "B", "sampled": "C", "correct": false}}
{"type": "result", "data": {"idx": 2, "options": ["52%", "62%", "72%", "82%"], "probs": [[0.2312203995179967, 0.051935219430242444, 0.5741602310148958, 0.1426841499368651], [0.2364993508481683, 0.052635906553507826, 0.5611043602901279, 0.14976038220819596], [0.23846867855837944, 0.052648879974650134, 0.5601371567891473, 0.14874528457782313], [0.23873999000963364, 0.05269700131196311, 0.5650288293682113, 0.14353417921019196]], "ideal": "C", "sampled": "C", "correct": true}}
{"type": "result", "data": {"idx": 3, "options": ["China", "United States", "Germany", "Japan"], "probs": [[0.2179340679365379, 0.05832618738265105, 0.5497206346565499, 0.17401910992426112], [0.2327176103573066, 0.0644551087689052, 0.5179505502048909, 0.18487673056889734], [0.22249681250775474, 0.058303949604882, 0.5436998958178103, 0.1754993419695529], [0.22415878364472605, 0.0620649578182193, 0.5295735360343081, 0.18420272240274652]], "ideal": "A", "sampled": "C", "correct": false}}
{"type": "result", "data": {"idx": 4, "options": ["by 5 fold", "by 10 fold", "by 15 fold", "by 20 fold"], "probs": [[0.24509330851090833, 0.054905785468518174, 0.5604232382087795, 0.139577667711794], [0.24594030331462588, 0.054178425385118315, 0.566088689049096, 0.13379258215115974], [0.25535526012982435, 0.05553907341754986, 0.555761080172776, 0.13334458617984982], [0.24366546400928074, 0.05312574067555309, 0.5682742764463266, 0.13493451876883963]], "ideal": "C", "sampled": "C", "correct": true}}
{"type": "result", "data": {"idx": 5, "options": ["Lower respiratory infections", "Preterm birth complications", "Diarrheal diseases", "Malaria"], "probs": [[0.2618709225830149, 0.05986761345762077, 0.5224696436185924, 0.1557918202407719], [0.2641629258713986, 0.07009325123552958, 0.4918727837616608, 0.173871039031411], [0.31773118978052983, 0.05787575773778868, 0.4552110263543958, 0.16918202602728566], [0.296849414095803, 0.0684849211550233, 0.4818595396020697, 0.15280612504710403]], "ideal": "A", "sampled": "C", "correct": false}}
{"type": "result", "data": {"idx": 6, "options": ["10%", "20%", "30%", "40%"], "probs": [[0.20591682500444264, 0.05163441674840307, 0.5898248044530534, 0.15262395369410084], [0.20781358919588613, 0.0522036324970104, 0.5851957753818472, 0.1547870028252563], [0.21115031919381902, 0.052254546596438564, 0.580578489586655, 0.15601664452308733], [0.20823233758359536, 0.05152130356756087, 0.587035920577768, 0.15321043817107582]], "ideal": "C", "sampled": "C", "correct": true}}
{"type": "result", "data": {"idx": 7, "options": ["29%", "49%", "69%", "89%"], "probs": [[0.23449301018476967, 0.04996029883241839, 0.5717156954516752, 0.14383099543113673], [0.2266251630323759, 0.05010185800826537, 0.5699613560879605, 0.15331162277139826], [0.23655395736163035, 0.050614142054044416, 0.5578155641701804, 0.15501633631414485], [0.22710853643598605, 0.049072019385318064, 0.5819948867722877, 0.14182455730640817]], "ideal": "C", "sampled": "B", "correct": false}}
{"type": "result", "data": {"idx": 8, "options": ["18%", "38%", "58%", "78%"], "probs": [[0.21739318316809433, 0.052208451855670385, 0.5897548022349569, 0.1406435626412784], [0.21836205663994676, 0.05214232050426957, 0.5885374370064663, 0.14095818574931732], [0.23538840340827316, 0.055127197240603616, 0.5613727694495297, 0.14811162980159348], [0.2298617686458491, 0.05117708873807449, 0.5771540467290925, 0.14180709578698383]], "ideal": "C", "sampled": "C", "correct": true}}
{"type": "result", "data": {"idx": 9, "options": ["11%", "26%", "41%", "56%"], "probs": [[0.22432025429150426, 0.0531532968097933, 0.5813584706589936, 0.14116797813970883], [0.22767387461329414, 0.05408090030123991, 0.5713306324309607, 0.1469145925545052], [0.2349193832469919, 0.0547862686677892, 0.5574336869687965, 0.15286066101642243], [0.2289798225385475, 0.052530422018722475, 0.5716606292799565, 0.14682912606277346]], "ideal": "B", "sampled": "C", "correct": false}}
{"type": "result", "data": {"idx": 10, "options": ["23%", "38%", "53%", "68%"], "probs": [[0.21093755178372986, 0.05010016784615753, 0.5856413259440527, 0.15332095432605983], [0.21654808357764377, 0.05223243644138062, 0.572551722971824, 0.15866775690915166], [0.22822852900300616, 0.0548296099177482, 0.5533640136747717, 0.1635778473044739], [0.2252903821771838, 0.05101718589596287, 0.5622428885459124, 0.16144954328094085]], "ideal": "D", "sampled": "C", "correct": false}}
{"type": "result", "data": {"idx": 11, "options": ["5%", "10%", "15%", "25%"], "probs": [[0.21575123149886616, 0.05174021069091305, 0.5809886476598414, 0.1515199100503794], [0.2122365768865131, 0.05194099092139971, 0.5840328757169079, 0.15178955637517935], [0.2149538839735083, 0.051358204048384114, 0.5828541907509027, 0.15083372112720486], [0.21653522349428758, 0.05197197508125189, 0.5819321024987568, 0.14956069882570372]], "ideal": "B", "sampled": "D", "correct": false}}
{"type": "result", "data": {"idx": 12, "options": ["2%", "4%", "9%", "18%"], "probs": [[0.21683683181483676, 0.05147128359938224, 0.5899154323526109, 0.14177645213317014], [0.21565010133427304, 0.0534378823607893, 0.5835836659589281, 0.14732835024600954], [0.21311374861512067, 0.05358563203318609, 0.5821810786683991, 0.15111954058329422], [0.21360259233371057, 0.052333020838325174, 0.5844379197468577, 0.1496264669811066]], "ideal": "C", "sampled": "C", "correct": true}}
{"type": "result", "data": {"idx": 13, "options": ["minimum wage legislation", "land reform", "progressive taxation", "increased access to education"], "probs": [[0.383518243043244, 0.06251819337997219, 0.371596628813589, 0.18236693466319473], [0.6008529989929311, 0.16271796093514762, 0.12185245206393161, 0.1145765879079897], [0.5113966426382922, 0.060642428238270006, 0.2723773101267733, 0.15558361889666447], [0.4188506069189272, 0.06459242201088294, 0.35480016995100894, 0.16175680101918086]], "ideal": "A", "sampled": "C", "correct": false}}
{"type": "result", "data": {"idx": 14, "options": ["36%", "56%", "76%", "96%"], "probs": [[0.23245883782986282, 0.05392682391083919, 0.5659395883131454, 0.14767474984615253], [0.2368640198482641, 0.054817331107762324, 0.5594812735259083, 0.14883737541806533], [0.2377257891319777, 0.05312546187249573, 0.5580418338011218, 0.15110691509440474], [0.22686567900296345, 0.053545147175202736, 0.5687477588084817, 0.15084141491335212]], "ideal": "B", "sampled": "B", "correct": true}}
{"type": "result", "data": {"idx": 15, "options": ["6%", "13%", "27%", "46%"], "probs": [[0.21406041028850245, 0.05104700817717561, 0.6026739285586507, 0.13221865287567128], [0.22224237602103822, 0.052832876773222966, 0.5777589232802517, 0.14716582382548718], [0.23955131377850256, 0.05233496229950266, 0.5521166509174894, 0.15599707290450537], [0.221461529527925, 0.04809824269309423, 0.5800722111165357, 0.15036801656244506]], "ideal": "B", "sampled": "C", "correct": false}}
{"type": "result", "data": {"idx": 16, "options": ["34%", "49%", "64%", "79%"], "probs": [[0.234988473799006, 0.05070419509349034, 0.5700927441283244, 0.14421458687917924], [0.23148363395172353, 0.051794636024670555, 0.5651371969250728, 0.15158453299853306], [0.2438331796761183, 0.05197693682730224, 0.5520392552948931, 0.15215062810168636], [0.23257024531736376, 0.04945555801588262, 0.5771983108765075, 0.14077588569024607]], "ideal": "A", "sampled": "B", "correct": false}}
{"type": "result", "data": {"idx": 17, "options": ["62%", "72%", "82%", "92%"], "probs": [[0.23645793684567934, 0.049856080114145, 0.5811163609306138, 0.1325696220095619], [0.24138098233369223, 0.05037417857220154, 0.5749583668444274, 0.13328647214967884], [0.24491827582719258, 0.04864412328215219, 0.580755803791213, 0.12568179699944218], [0.23316691392685795, 0.04917598112228646, 0.5967355476908366, 0.12092155716001905]], "ideal": "C", "sampled": "B", "correct": false}}
{"type": "result", "data": {"idx": 18, "options": ["About $3k", "About $8k", "About $15k", "About $30k"], "probs": [[0.24274992712302176, 0.05175323044992753, 0.5841495576704955, 0.1213472846565552], [0.24801265070361295, 0.052259535370898655, 0.5763705458119898, 0.12335726801349865], [0.25776724564497144, 0.052711390733399165, 0.5669989268474126, 0.1225224366742168], [0.2514781188739207, 0.049054953029202424, 0.5754577817058624, 0.12400914629101456]], "ideal": "C", "sampled": "C", "correct": true}}
{"type": "result", "data": {"idx": 19, "options": ["55,000", "550,000", "5,500,000", "55,000,000"], "probs": [[0.21003832628569963, 0.06071021181072371, 0.5368332066284769, 0.19241825517509975], [0.21069427694674583, 0.06087320860989495, 0.5385747986918105, 0.18985771565154874], [0.2197655547234153, 0.05768180158005136, 0.54153250633851, 0.18102013725802335], [0.20820246773460108, 0.05515912233613768, 0.5443609186148893, 0.19227749121437188]], "ideal": "B", "sampled": "C", "correct": false}}
{"type": "result", "data": {"idx": 20, "options": ["25%", "45%", "65%", "85%"], "probs": [[0.2537166811825934, 0.055285566373386254, 0.5866451350258026, 0.10435261731821774], [0.26830609848920955, 0.05384844982333635, 0.563126848539987, 0.11471860304746707], [0.2664779941030697, 0.05283693066196972, 0.5612436365149361, 0.11944143862002439], [0.2498726974856492, 0.05275625265080993, 0.5852469510501147, 0.1121240987134262]], "ideal": "A", "sampled": "B", "correct": false}}
{"type": "result", "data": {"idx": 21, "options": ["24%", "44%", "64%", "84%"], "probs": [[0.2254156256023992, 0.050616586598780516, 0.5687028380921572, 0.15526494960666312], [0.22447812722224916, 0.05107324607959205, 0.564638439991027, 0.15981018660713173], [0.23306271431499634, 0.051042616362235824, 0.5545220374506513, 0.16137263177211653], [0.22239925626679305, 0.04981573485026293, 0.5718145156894077, 0.1559704930935363]], "ideal": "A", "sampled": "C", "correct": false}}
{"type": "result", "data": {"idx": 22, "options": ["25%", "40%", "55%", "75%"], "probs": [[0.21445443584996385, 0.05499128832889174, 0.5669612714986897, 0.16359300422245468], [0.21741997707502475, 0.05500716592550433, 0.5623694532017681, 0.16520340369770278], [0.2175566521433495, 0.054371683974019196, 0.562810650965756, 0.16526101281687527], [0.21091608703786105, 0.05330026899007836, 0.572607915342523, 0.16317572852953757]], "ideal": "D", "sampled": "B", "correct": false}}
{"type": "result", "data": {"idx": 23, "options": ["8%", "16%", "32%", "64%"], "probs": [[0.21929551168657938, 0.05489206935902717, 0.5622072689669756, 0.16360514988741784], [0.2278715324712601, 0.05522918947513299, 0.5516339190483064, 0.1652653589053005], [0.22484501691495723, 0.05418915179897271, 0.5555095547885851, 0.16545627639748495], [0.21697694384337718, 0.053074301074715335, 0.5662754857908975, 0.16367326919100994]], "ideal": "B", "sampled": "B", "correct": true}}
{"type": "result", "data": {"idx": 24, "options": ["males are more likely to have depression and are more likely to have an alcohol use disorder than females.", "females are more likely to have depression and are more likely to have an alcohol use disorder than males.", "males are more likely than females to have depression while females are more likely than males to have an alcohol use disorder.", "females are more likely than males to have depression while males are more likely than females to have an alcohol use disorder."], "probs": [[0.20962781661767368, 0.05439265290025969, 0.5610157303457385, 0.1749638000363281], [0.21363233960732436, 0.0549406506640488, 0.5497784470647308, 0.18164856256389605], [0.20359029453788466, 0.05245874587106284, 0.5735921602751941, 0.17035879921585834], [0.21549106615386457, 0.05654206717360963, 0.5439048498413653, 0.18406201673116052]], "ideal": "D", "sampled": "A", "correct": false}}
{"type": "result", "data": {"idx": 25, "options": ["37%", "47%", "57%", "67%"], "probs": [[0.21631473461845074, 0.05280534216833562, 0.5817948622553508, 0.1490850608578628], [0.22119409585300545, 0.054787633909352165, 0.5670781325119764, 0.156940137625666], [0.22879166684309052, 0.05577429712942569, 0.5571955026728393, 0.15823853325464446], [0.21776137078255414, 0.05218510406963372, 0.5794879283845283, 0.1505655966632838]], "ideal": "D", "sampled": "C", "correct": false}}
{"type": "result", "data": {"idx": 26, "options": ["1%", "3%", "6%", "10%"], "probs": [[0.2261731922400322, 0.05501383542464388, 0.560733318272784, 0.1580796539625398], [0.22758204081736153, 0.0545886763069382, 0.560874470429279, 0.15695481234642128], [0.227340172444271, 0.05411784622057547, 0.557904352230959, 0.16063762900419448], [0.21485201562683587, 0.05202413974299023, 0.5764658729679211, 0.15665797156225283]], "ideal": "D", "sampled": "B", "correct": false}}
{"type": "result", "data": {"idx": 27, "options": ["23%", "43%", "63%", "83%"], "probs": [[0.2284670855050459, 0.05149529320586702, 0.578865907241107, 0.14117171394798006], [0.229417146938577, 0.05235593804458699, 0.5703255576094298, 0.1479013573074062], [0.2285481367566457, 0.051476012334935976, 0.5736143524339762, 0.14636149837444218], [0.22401519439285217, 0.0509726453014265, 0.5819786482925584, 0.14303351191316285]], "ideal": "C", "sampled": "B", "correct": false}}
{"type": "result", "data": {"idx": 28, "options": ["10%", "30%", "50%", "70%"], "probs": [[0.21772636338929902, 0.0562424617768862, 0.5616359291680347, 0.16439524556578003], [0.21876395235475643, 0.0566035596210581, 0.5589575891894889, 0.16567489873469654], [0.22408541141495122, 0.056757511263393644, 0.5535060682251812, 0.16565100899647386], [0.2208310050979633, 0.05523960995688272, 0.5576842981191769, 0.16624508672597713]], "ideal": "D", "sampled": "C", "correct": false}}
{"type": "result", "data": {"idx": 29, "options": ["26%", "41%", "56%", "71%"], "probs": [[0.22922446809150276, 0.05143583450467986, 0.5775194038427655, 0.14182029346105188], [0.22573178415677722, 0.0519067892255601, 0.5722834914127493, 0.15007793510491338], [0.22983378084002684, 0.05239862556083057, 0.5696510054732022, 0.14811658802594035], [0.2329607903724406, 0.051253125066400264, 0.5733524560354992, 0.1424336284256599]], "ideal": "C", "sampled": "C", "correct": true}}
{"type": "result", "data": {"idx": 30, "options": ["690 million", "6.9 billion", "69 billion", "690 billion"], "probs": [[0.22245448991260497, 0.05770196808075536, 0.5520929138711307, 0.16775062803550897], [0.22405733499756025, 0.057259515775371396, 0.5501111231210737, 0.16857202600599466], [0.2244247562787447, 0.05631886589914236, 0.55286182615181, 0.16639455157030297], [0.20864553683060585, 0.05297650001588435, 0.5777968929281534, 0.16058107012535644]], "ideal": "C", "sampled": "B", "correct": false}}
{"type": "result", "data": {"idx": 31, "options": ["9%", "29%", "59%", "79%"], "probs": [[0.23398391377112104, 0.052700525829129576, 0.5676959625578867, 0.14561959774186264], [0.23219721449447078, 0.052846548195236, 0.5641168460452606, 0.1508393911650326], [0.2361876964332904, 0.053806379432065954, 0.5538734197062704, 0.15613250432837325], [0.23462820391943118, 0.052092239179114805, 0.5632227263873246, 0.15005683041412943]], "ideal": "A", "sampled": "C", "correct": false}}
{"type": "result", "data": {"idx": 32, "options": ["31%", "51%", "71%", "91%"], "probs": [[0.22641157595609446, 0.048936671410003074, 0.5863215791669919, 0.13833017336691053], [0.22969644232644448, 0.04990166202128127, 0.5783480742733859, 0.1420538212788884], [0.238195890800769, 0.04930209257775545, 0.5730608573043788, 0.13944115921709668], [0.2220977147253809, 0.048325149039927844, 0.5947491260135371, 0.1348280101211541]], "ideal": "B", "sampled": "B", "correct": true}}
{"type": "result", "data": {"idx": 33, "options": ["by 4 fold", "by 8 fold", "by 16 fold", "by 32 fold"], "probs": [[0.23665957053666914, 0.05389881517132555, 0.568227908598797, 0.1412137055932083], [0.2529846580362451, 0.055067870317428214, 0.5529834361109545, 0.13896403543537214], [0.2625240136145539, 0.05647179216460532, 0.5386287073742033, 0.14237548674663741], [0.24794719938298548, 0.05225015080755467, 0.5546248182723864, 0.14517783143707344]], "ideal": "C", "sampled": "C", "correct": true}}
{"type": "result", "data": {"idx": 34, "options": ["1", "7", "13", "19"], "probs": [[0.22396199080890394, 0.0506050389525001, 0.5706425606223858, 0.15479040951621015], [0.2351453628546805, 0.05132607149896774, 0.5699908074549749, 0.14353775809137687], [0.23821353288781186, 0.05253539469406754, 0.5638609976985939, 0.14539007461952677], [0.218226485611524, 0.04949494635172502, 0.5755168413360399, 0.15676172660071114]], "ideal": "D", "sampled": "C", "correct": false}}
{"type": "result", "data": {"idx": 35, "options": ["59%", "69%", "79%", "89%"], "probs": [[0.22119368438855308, 0.05021389127550401, 0.5878801099594718, 0.14071231427647102], [0.22199498281673022, 0.05032945868886128, 0.5850615152094909, 0.14261404318491758], [0.227867272058182, 0.049663170427136805, 0.5870034606614295, 0.13546609675325164], [0.22615167833319305, 0.04977832808262514, 0.5883080450350042, 0.13576194844917752]], "ideal": "D", "sampled": "C", "correct": false}}
{"type": "result", "data": {"idx": 36, "options": ["Earthquakes", "Volcanic activity", "Wildfires", "Floods"], "probs": [[0.32504220750909313, 0.1316121745938877, 0.32216109762314565, 0.22118452017387355], [0.33244513966625716, 0.08917912707064155, 0.3884800912277827, 0.18989564193531855], [0.29588670637802933, 0.07970650045173391, 0.4063674958525844, 0.21803929721765228], [0.3087749572914505, 0.07283666946268887, 0.42277334396108246, 0.19561502918477816]], "ideal": "D", "sampled": "B", "correct": false}}
{"type": "result", "data": {"idx": 37, "options": ["15%", "35%", "55%", "75%"], "probs": [[0.21407726564410307, 0.056835167527737755, 0.554152313967903, 0.17493525276025618], [0.2172968874895998, 0.0577907684721147, 0.5439592700645125, 0.18095307387377302], [0.2113332348403576, 0.05399248869160407, 0.5605042105465358, 0.17417006582150255], [0.2092989612769001, 0.05504504033594218, 0.5629321147445585, 0.17272388354259927]], "ideal": "B", "sampled": "B", "correct": true}}
{"type": "result", "data": {"idx": 38, "options": ["by 4 fold", "by 8 fold", "by 16 fold", "by 32 fold"], "probs": [[0.26327395044206453, 0.05486470378588297, 0.556620231861537, 0.1252411138105155], [0.2937416997212538, 0.05668307404379995, 0.533716374578044, 0.11585885155690231], [0.2927661228901706, 0.05760887615697346, 0.5241798142408928, 0.12544518661196313], [0.27952990557877666, 0.051344224462982584, 0.5468446137994097, 0.12228125605883104]], "ideal": "D", "sampled": "C", "correct": false}}
{"type": "result", "data": {"idx": 39, "options": ["36%", "51%", "66%", "81%"], "probs": [[0.21676468927765621, 0.050177570614332805, 0.582962753501959, 0.15009498650605196], [0.2120137011202917, 0.05043426380998392, 0.5847546123018803, 0.15279742266784402], [0.22485127857677126, 0.050672899876467, 0.5706058314910765, 0.15386998995568524], [0.2200241914196727, 0.049346973673964345, 0.5833906543227957, 0.14723818048356718]], "ideal": "C", "sampled": "D", "correct": false}}
{"type": "result", "data": {"idx": 40, "options": ["81%", "86%", "91%", "96%"], "probs": [[0.2240392896910874, 0.04936096145256915, 0.5791818585290764, 0.14741789022726692], [0.2336612711214195, 0.05112734588848922, 0.5693526437116329, 0.1458587391784584], [0.22977124444035701, 0.050037716694655926, 0.5662385525459812, 0.1539524862190059], [0.22091123377218366, 0.049757364947002274, 0.5814959384608814, 0.14783546271993261]], "ideal": "B", "sampled": "B", "correct": true}}
{"type": "result", "data": {"idx": 41, "options": ["26%", "46%", "66%", "86%"], "probs": [[0.2208532838874706, 0.05099580778388542, 0.5724589015874766, 0.1556920066411674], [0.2159672938948303, 0.05073591585807834, 0.5718206464876956, 0.1614761436593958], [0.2216799060403179, 0.0511775079800232, 0.566251980465978, 0.16089060541368086], [0.21774496328173407, 0.049667623653951165, 0.5834313878768549, 0.14915602508745984]], "ideal": "A", "sampled": "B", "correct": false}}
{"type": "result", "data": {"idx": 42, "options": ["Brazil", "China", "Mexico", "Iran"], "probs": [[0.2288435569450396, 0.058697425268452515, 0.541073292007209, 0.1713857256792989], [0.2309154352042002, 0.05748805231806784, 0.5406912403552085, 0.17090527202252342], [0.22517398668582522, 0.058597089600577065, 0.5401467245320765, 0.1760821990815212], [0.2278048114832287, 0.05772834313626234, 0.5468331615589089, 0.16763368372160004]], "ideal": "C", "sampled": "B", "correct": false}}
{"type": "result", "data": {"idx": 43, "options": ["1.2 million", "2.4 million", "3.6 million", "4.8 million"], "probs": [[0.24940254913737686, 0.05317873856051908, 0.5721747448338043, 0.12524396736829974], [0.25798672050657806, 0.0521691135686753, 0.5646837865043682, 0.12516037932037835], [0.2614506268541066, 0.05392954056003112, 0.5551131508224065, 0.12950668166345575], [0.24606845903814142, 0.05170291584655809, 0.5678296600037769, 0.13439896501152365]], "ideal": "A", "sampled": "C", "correct": false}}
{"type": "result", "data": {"idx": 44, "options": ["Diarrheal diseases", "Diabetes", "Dementia", "Road injuries"], "probs": [[0.3131746526405702, 0.061491511466808695, 0.4541717723026313, 0.17116206348998977], [0.36244776841353854, 0.0629414245423318, 0.4610886573330415, 0.11352214961108813], [0.2651076296816331, 0.060425020298093324, 0.5288873870969862, 0.14557996282328736], [0.30708263699933847, 0.06904605415277854, 0.45627007484425247, 0.1676012339036305]], "ideal": "C", "sampled": "B", "correct": false}}
{"type": "result", "data": {"idx": 45, "options": ["3 million", "14 million", "42 million", "124 million"], "probs": [[0.22808510232734527, 0.05650486838628704, 0.5653181117603968, 0.15009191742597086], [0.23954620178766303, 0.057944865755749794, 0.5459536476171533, 0.1565552847394339], [0.2455588739738808, 0.058081098374815364, 0.532040923852862, 0.1643191036984419], [0.22257463717067022, 0.054382436095947284, 0.5621959368386547, 0.1608469897947278]], "ideal": "C", "sampled": "C", "correct": true}}
{"type": "result", "data": {"idx": 46, "options": ["26%", "46%", "66%", "86%"], "probs": [[0.23573249137032645, 0.05729553368681787, 0.5350665349897156, 0.17190543985314014], [0.22599309680586138, 0.056416288012585, 0.5427657365256184, 0.17482487855593518], [0.2305689012410154, 0.05746239063434503, 0.5373661281845178, 0.17460257984012173], [0.23118233333924754, 0.0561660221734204, 0.5460492886645532, 0.16660235572277896]], "ideal": "A", "sampled": "A", "correct": true}}
{"type": "result", "data": {"idx": 47, "options": ["25%", "45%", "65%", "85%"], "probs": [[0.23226409109903914, 0.052614880231056614, 0.5732116442399965, 0.14190938432990774], [0.23335254363879962, 0.053050272556679275, 0.563155834045986, 0.15044134965853512], [0.2415076321908233, 0.052819143004902265, 0.5582241110509367, 0.1474491136533377], [0.23554968743818747, 0.051034588171524786, 0.5781454421815838, 0.13527028210870393]], "ideal": "B", "sampled": "B", "correct": true}}
{"type": "result", "data": {"idx": 48, "options": ["6%", "16%", "36%", "66%"], "probs": [[0.21906302948736622, 0.060183163950471706, 0.5446721931176307, 0.17608161334453135], [0.22226667401952138, 0.05985113977787414, 0.5364122390210658, 0.18146994708153869], [0.22076035211410555, 0.05963163600147856, 0.532744268544974, 0.18686374323944183], [0.21011427123957466, 0.05696736638642177, 0.555533491020965, 0.17738487125303848]], "ideal": "C", "sampled": "B", "correct": false}}
{"type": "result", "data": {"idx": 49, "options": ["43%", "58%", "73%", "88%"], "probs": [[0.22908394889790587, 0.049811506631888255, 0.5867781857104251, 0.13432635865978074], [0.22494766449090936, 0.05037568584140569, 0.5849539128099136, 0.13972273675777128], [0.22844252627135264, 0.04924695754873924, 0.587792970636084, 0.134517545443824], [0.23025787560597832, 0.05125896784922395, 0.5877020533600466, 0.13078110308475122]], "ideal": "B", "sampled": "A", "correct": false}}
{"type": "result", "data": {"idx": 50, "options": ["0.50%", "2%", "6%", "12%"], "probs": [[0.21747458059950467, 0.05535053854385292, 0.5654534121985534, 0.16172146855808903], [0.222545252078719, 0.05447138113340004, 0.5632597606137975, 0.15972360607408348], [0.22423470686323344, 0.05386264782196029, 0.5618928837778414, 0.1600097614369648], [0.20959188595142655, 0.051761058634064515, 0.5796715953513251, 0.1589754599631839]], "ideal": "B", "sampled": "B", "correct": true}}
{"type": "result", "data": {"idx": 51, "options": ["strongly supported by most studies", "supported mainly by cross-section, not time-series studies", "supported mainly by time-series, not cross-section studies", "generally repudiated by empirical studies"], "probs": [[0.21568957129712876, 0.05297281632022431, 0.5506690781062702, 0.18066853417637677], [0.21404985867087498, 0.05208233308762034, 0.5566397044483314, 0.17722810369317318], [0.21694145932902992, 0.05490047443183261, 0.5539104300637179, 0.17424763607541957], [0.21557063183373157, 0.055396989807862444, 0.5464025816729029, 0.18262979658550305]], "ideal": "B", "sampled": "D", "correct": false}}
{"type": "result", "data": {"idx": 52, "options": ["12 years", "9 years", "6 years", "3 years"], "probs": [[0.2391755264819735, 0.054707489494668235, 0.5680836992285521, 0.13803328469480622], [0.23400884690024212, 0.05395590473204785, 0.5628645377574922, 0.1491707105102178], [0.22706057161463492, 0.05252921187920773, 0.5715339566479222, 0.14887625975823518], [0.2264929298307443, 0.05336925466375202, 0.5811189499083032, 0.13901886549720058]], "ideal": "B", "sampled": "B", "correct": true}}
{"type": "result", "data": {"idx": 53, "options": ["0.90%", "1.80%", "3.60%", "7.20%"], "probs": [[0.22243562338512032, 0.05509524046823773, 0.55875158304349, 0.16371755300315186], [0.22318903274655744, 0.054643051459184286, 0.5639528203624639, 0.15821509533179443], [0.22140688372650708, 0.05414871306114827, 0.5605841289780897, 0.16386027413425494], [0.2175826405786402, 0.05387341542889774, 0.5643637116691446, 0.16418023222331748]], "ideal": "D", "sampled": "B", "correct": false}}
{"type": "result", "data": {"idx": 54, "options": ["14%", "24%", "34%", "44%"], "probs": [[0.23058382705158084, 0.0519346319951917, 0.5792901774344292, 0.1381913634187982], [0.2301227731018407, 0.052412665984659365, 0.5759726719282325, 0.14149188888526737], [0.23707022642398107, 0.053055236589868195, 0.5644913764052369, 0.1453831604809138], [0.22906528115557512, 0.05187099696994407, 0.5770646634080068, 0.14199905836647397]], "ideal": "A", "sampled": "C", "correct": false}}
{"type": "result", "data": {"idx": 55, "options": ["60%", "75%", "90%", "45%"], "probs": [[0.24566506604881938, 0.05011962204313888, 0.5651214549834225, 0.13909385682461922], [0.23871670060142502, 0.04884130689167229, 0.5837303020865978, 0.12871169032030488], [0.2410011056085617, 0.05222835154904599, 0.5799355061500557, 0.12683503659233658], [0.24735842934884295, 0.05038644501426691, 0.5692260585158363, 0.13302906702105385]], "ideal": "B", "sampled": "D", "correct": false}}
{"type": "result", "data": {"idx": 56, "options": ["50%", "60%", "70%", "80%"], "probs": [[0.23073362270371175, 0.050525208534081364, 0.5976410836438246, 0.1211000850183823], [0.23927525396562754, 0.04994943886345137, 0.5822354132020997, 0.12853989386882142], [0.24514268942069103, 0.0507721479183482, 0.576593223933497, 0.1274919386274638], [0.2431210911495914, 0.05014433040928569, 0.5884598580674942, 0.11827472027362872]], "ideal": "D", "sampled": "C", "correct": false}}
{"type": "result", "data": {"idx": 57, "options": ["2%", "25%", "50%", "75%"], "probs": [[0.263897571219808, 0.0599365136776314, 0.5810961138263577, 0.09506980117620288], [0.2744361643958245, 0.05445189393562231, 0.5617366213209188, 0.10937532024763429], [0.2540290180428259, 0.0521068486421939, 0.5805212539851407, 0.11334287922983954], [0.25626541136121395, 0.054058747511865, 0.5827430703185045, 0.1069327707084166]], "ideal": "D", "sampled": "B", "correct": false}}
{"type": "result", "data": {"idx": 58, "options": ["no nation has been able to grow in the past years.", "the Democratic Republic of Congo has become poorer than it initially was in 1980.", "some countries have had relatively significant growth rates.", "some countries have had relatively significant growth rates, but the Democratic Republic of Congo has become poorer than it initially was in 1980."], "probs": [[0.17829077703511528, 0.04886929117562611, 0.6054101933696736, 0.167429738319585], [0.19126821981220493, 0.05182482654893403, 0.5835747100441161, 0.173332243494745], [0.20203006416051433, 0.05462246428347628, 0.5638652485333173, 0.1794822229226921], [0.196579997145396, 0.05141074324803208, 0.5767462977953102, 0.17526296171126177]], "ideal": "C", "sampled": "C", "correct": true}}
{"type": "result", "data": {"idx": 59, "options": ["15.50%", "34.80%", "48.10%", "65.20%"], "probs": [[0.20351495578656859, 0.05018844268012172, 0.5937164204079596, 0.1525801810253501], [0.20696126333246656, 0.051108976018065175, 0.585189729152751, 0.15674003139671722], [0.21088224880480466, 0.05155132403148337, 0.5761696948327811, 0.16139673223093087], [0.20803990028029928, 0.04885996659237454, 0.5857634281930137, 0.15733670483431245]], "ideal": "B", "sampled": "C", "correct": false}}
{"type": "result", "data": {"idx": 60, "options": ["5 million", "30 million", "150 million", "500 million"], "probs": [[0.2124451392080997, 0.055445086198014054, 0.5716522718757231, 0.16045750261816308], [0.2207183845892307, 0.056175407225889935, 0.5628331920047281, 0.1602730160801512], [0.23054388734275355, 0.05681765586919544, 0.5451931248232725, 0.16744533186477847], [0.21162945660708385, 0.05341862300751745, 0.5700056722191885, 0.16494624806621017]], "ideal": "C", "sampled": "C", "correct": true}}
{"type": "result", "data": {"idx": 61, "options": ["Colombia, Peru, Uruguay, and Costa Rica.", "Bhutan, Niger, Cambodia, and Costa Rica.", "Uruguay, Costa Rica, Timor-Leste, and Pakistan.", "Bhutan, Cambodia, Uruguay and Costa Rica."], "probs": [[0.19337376036420184, 0.05186867867990244, 0.5802371078220055, 0.1745204530338901], [0.1912061288106427, 0.05191629418149207, 0.5863664193339373, 0.1705111575739279], [0.19681175784332475, 0.05280814516046604, 0.5768768405664079, 0.17350325632980138], [0.19477964790616978, 0.0517755519414658, 0.5791811899322656, 0.17426361012009875]], "ideal": "A", "sampled": "D", "correct": false}}
{"type": "result", "data": {"idx": 62, "options": ["10%", "20%", "40%", "80%"], "probs": [[0.21493073815348024, 0.0513666037113276, 0.5857819783299553, 0.14792067970523687], [0.221405376895464, 0.052946721275523426, 0.5720717225758915, 0.15357617915312116], [0.22087485418773992, 0.051210472400225894, 0.5773285841859441, 0.15058608912609006], [0.21518520574934308, 0.0511210962076538, 0.5832882597499499, 0.15040543819305327]], "ideal": "B", "sampled": "C", "correct": false}}
{"type": "result", "data": {"idx": 63, "options": ["38%", "58%", "78%", "98%"], "probs": [[0.222396425046272, 0.05125868874057065, 0.5722436095111179, 0.1541012766020395], [0.22527778944645158, 0.0515121395114869, 0.566249911719196, 0.15696015922286544], [0.22038835354694244, 0.048146925544363076, 0.5825672561419744, 0.14889746466672008], [0.21496606831931458, 0.05189472668373466, 0.583198275352732, 0.14994092954421867]], "ideal": "C", "sampled": "A", "correct": false}}
{"type": "result", "data": {"idx": 64, "options": ["True, True", "True, False", "False, True", "False, False"], "probs": [[0.2897048847131571, 0.05447001673526229, 0.5225540321162219, 0.1332710663353587], [0.32915837182460755, 0.062121284413855025, 0.436633118135649, 0.17208722552588843], [0.26873620641094714, 0.056553164879268994, 0.5109174117813382, 0.1637932168284457], [0.2724705812448224, 0.05534495165338712, 0.5169712669494281, 0.15521320005236242]], "ideal": "B", "sampled": "B", "correct": true}}
{"type": "result", "data": {"idx": 65, "options": ["260", "2,600", "26,000", "260,000"], "probs": [[0.22609596600000234, 0.052555343035741886, 0.5739234471520759, 0.1474252437121799], [0.23052967567232888, 0.053821033521104795, 0.5705667606043943, 0.1450825301021721], [0.22883319511459962, 0.053958653594244066, 0.562669149541182, 0.15453900164997436], [0.2123570668812319, 0.05025030876099439, 0.584160665895317, 0.15323195836245673]], "ideal": "C", "sampled": "B", "correct": false}}
{"type": "result", "data": {"idx": 66, "options": ["90%", "70%", "50%", "30%"], "probs": [[0.23266121742782947, 0.05347493290366435, 0.562320351544415, 0.15154349802409126], [0.23279176027204337, 0.05361082604031695, 0.558158716435001, 0.1554386971526386], [0.21784726026540244, 0.051458228949432694, 0.5788055126401758, 0.1518889980449891], [0.22435315271106895, 0.05252752178611111, 0.5701107084868338, 0.1530086169159862]], "ideal": "A", "sampled": "A", "correct": true}}
{"type": "result", "data": {"idx": 67, "options": ["Japan", "Canada", "Russia", "Iran"], "probs": [[0.24590030676499156, 0.07882005092935411, 0.4709289441670268, 0.20435069803862757], [0.2544697560781544, 0.07733105237501997, 0.4644805261695899, 0.2037186652772357], [0.2514329887888678, 0.08509190506519174, 0.4551643200533057, 0.20831078599263483], [0.2371090842348566, 0.0783175641972084, 0.4821961604084902, 0.2023771910594448]], "ideal": "B", "sampled": "B", "correct": true}}
{"type": "result", "data": {"idx": 68, "options": ["59%", "69%", "79%", "89%"], "probs": [[0.22938233953480394, 0.0519284911689163, 0.5675963247386702, 0.15109284445760962], [0.23015431596217167, 0.05172789327556699, 0.5662977352007157, 0.15182005546154556], [0.23088275953899506, 0.050750586185174966, 0.5730226528626113, 0.14534400131321865], [0.23444202190614735, 0.05238836925119249, 0.5659860287638858, 0.1471835799787743]], "ideal": "C", "sampled": "A", "correct": false}}
{"type": "result", "data": {"idx": 69, "options": ["9%", "19%", "39%", "59%"], "probs": [[0.2169390320560954, 0.05711629986191837, 0.5561674832741562, 0.16977718470783001], [0.21622978994383404, 0.05763788348939168, 0.5520254208481994, 0.17410690561857486], [0.2199922957051058, 0.05683591609936296, 0.5494533201109768, 0.17371846798455434], [0.2115789071376558, 0.05557478260121398, 0.5613661449688049, 0.1714801651923254]], "ideal": "B", "sampled": "B", "correct": true}}
{"type": "result", "data": {"idx": 70, "options": ["18%", "38%", "58%", "78%"], "probs": [[0.21463591388839276, 0.05158146984740247, 0.5809117295349595, 0.1528708866292453], [0.21738871605921406, 0.05190811973428027, 0.573772064184806, 0.15693109992169965], [0.21849213024988942, 0.05183433227472219, 0.5743659990913196, 0.15530753828406876], [0.21713817636859836, 0.051140127274936775, 0.5794256665980002, 0.15229602965846464]], "ideal": "B", "sampled": "B", "correct": true}}
{"type": "result", "data": {"idx": 71, "options": ["24%", "39%", "54%", "69%"], "probs": [[0.21098849018051974, 0.04933582954110202, 0.5908023670410217, 0.14887331313735652], [0.2168359804719509, 0.05157696570484819, 0.5741787084551873, 0.1574083452680136], [0.22314704626079124, 0.05245971207703562, 0.5672802028309368, 0.15711303873123628], [0.22586276283602943, 0.05019192955171084, 0.5679510023640251, 0.15599430514823462]], "ideal": "A", "sampled": "C", "correct": false}}
{"type": "result", "data": {"idx": 72, "options": ["1.5 children per woman", "2.5 children per woman", "3.5 children per woman", "4.5 children per woman"], "probs": [[0.22109893785809837, 0.05720240835282418, 0.5607195704882741, 0.16097908320080334], [0.2233439833454652, 0.05650776257970504, 0.5592772143035265, 0.1608710396713032], [0.21951174570278836, 0.05522314417388784, 0.5664998250148948, 0.158765285008429], [0.21501486081348023, 0.05838141984050816, 0.5646580478157871, 0.16194567143022445]], "ideal": "B", "sampled": "A", "correct": false}}
{"type": "result", "data": {"idx": 73, "options": ["$300 ", "$1,000 ", "$10,000 ", "$30,000 "], "probs": [[0.2162070322462858, 0.0561727819425196, 0.56455076997038, 0.16306941574081454], [0.21685026143950362, 0.05819766132163765, 0.5535537271996555, 0.1713983499392033], [0.2246994324072521, 0.05617887768968528, 0.5508103473699315, 0.16831134243313114], [0.218726048688744, 0.05441087727051208, 0.5547645339454805, 0.1720985399952633]], "ideal": "C", "sampled": "C", "correct": true}}
{"type": "result", "data": {"idx": 74, "options": ["20%", "40%", "60%", "80%"], "probs": [[0.2309191243933125, 0.05157389529706301, 0.5898979945628383, 0.12760898564678613], [0.23795139432626577, 0.05252028922926266, 0.5751866015933959, 0.1343417147510757], [0.23936143400173215, 0.05283812078645626, 0.5676018214521213, 0.14019862365969027], [0.23074426900904227, 0.05161073726479573, 0.5777295145153017, 0.13991547911086027]], "ideal": "C", "sampled": "C", "correct": true}}
{"type": "result", "data": {"idx": 75, "options": ["41%", "56%", "71%", "86%"], "probs": [[0.22014495454309146, 0.04810765604027088, 0.601239039841104, 0.1305083494755336], [0.22533753008367852, 0.04980157948975888, 0.5916179285735313, 0.1332429617530313], [0.24529054182142374, 0.05018948950077456, 0.5735631202170056, 0.13095684836079605], [0.23458946447975376, 0.04800740026969654, 0.5916314896835775, 0.12577164546697217]], "ideal": "B", "sampled": "C", "correct": false}}
{"type": "result", "data": {"idx": 76, "options": ["1%", "2%", "4%", "8%"], "probs": [[0.21147138823561376, 0.05068758356157827, 0.6000614433908072, 0.13777958471200066], [0.22451475093120235, 0.05259013881313807, 0.5862295583330259, 0.1366655518226337], [0.22942126526979512, 0.05328318247173888, 0.5769504866943704, 0.14034506546409556], [0.21853554002391962, 0.050653766269531005, 0.5911716156103314, 0.13963907799621805]], "ideal": "C", "sampled": "C", "correct": true}}
{"type": "result", "data": {"idx": 77, "options": ["US", "Chile", "Ireland", "Spain"], "probs": [[0.25162649339623167, 0.058416210544348965, 0.5231935420347106, 0.16676375392470874], [0.30111129210528, 0.06404146044960433, 0.4497283268168977, 0.185118920528218], [0.293765478691166, 0.05879738049819092, 0.5034024602400964, 0.14403468047054677], [0.2986566788849349, 0.07195732902665579, 0.4661769970675861, 0.16320899492082322]], "ideal": "A", "sampled": "C", "correct": false}}
{"type": "result", "data": {"idx": 78, "options": ["was approximately zero", "exceeded that of high income countries", "exceeded that of Britain during the industrial revolution", "was approximately 3.0% per year"], "probs": [[0.21481004145441354, 0.05137925155717441, 0.5434090222416719, 0.19040168464674018], [0.19403847254949852, 0.049387330023250124, 0.6070008028548103, 0.149573394472441], [0.22185693841868392, 0.059783910192822635, 0.5617528975754176, 0.15660625371307585], [0.23819638146792654, 0.056976983811791705, 0.5333164452988253, 0.17151018932145654]], "ideal": "C", "sampled": "D", "correct": false}}
