{"type": "result", "data": {"idx": 0, "options": ["Wrong, Wrong", "Wrong, Not wrong", "Not wrong, Wrong", "Not wrong, Not wrong"], "probs": [[0.2631202198671566, 0.24380193611341144, 0.33774100763645004, 0.1553368362829819], [0.3706220553722823, 0.2593941804236438, 0.2318392946416443, 0.13814446946242953], [0.3095146967233447, 0.21666285070602817, 0.34510611970093713, 0.12871633276968997], [0.2840121303509141, 0.27566610942509495, 0.3067828325089149, 0.13353892761507602]], "ideal": "D", "sampled": "B", "correct": false}}
{"type": "result", "data": {"idx": 1, "options": ["Wrong, Wrong", "Wrong, Not wrong", "Not wrong, Wrong", "Not wrong, Not wrong"], "probs": [[0.2600340208146113, 0.23351770289115886, 0.33917775241354203, 0.1672705237806878], [0.37060648199190055, 0.2532881796106728, 0.22664085028289316, 0.14946448801453352], [0.3049726829368777, 0.2133472146379272, 0.3455596021300642, 0.13612050019513086], [0.27924356693943087, 0.26264608686461427, 0.31387920119839896, 0.14423114489755587]], "ideal": "A", "sampled": "B", "correct": false}}
{"type": "result", "data": {"idx": 2, "options": ["Wrong, Wrong", "Wrong, Not wrong", "Not wrong, Wrong", "Not wrong, Not wrong"], "probs": [[0.2536466381646867, 0.23144694815575834, 0.3519135660786149, 0.16299284750094006], [0.36684278196664066, 0.2548525967172132, 0.23853156323627836, 0.13977305797986772], [0.31185278293352114, 0.22348201272637006, 0.3342194258832498, 0.130445778356859], [0.28484939677103777, 0.2680295923671439, 0.3123555686055523, 0.13476544215626599]], "ideal": "D", "sampled": "C", "correct": false}}
{"type": "result", "data": {"idx": 3, "options": ["Wrong, Wrong", "Wrong, Not wrong", "Not wrong, Wrong", "Not wrong, Not wrong"], "probs": [[0.28417216881735047, 0.24367637203651624, 0.3096479978952705, 0.1625034611508628], [0.37967417206058235, 0.25368076938358464, 0.21963669684771805, 0.14700836160811492], [0.31977244134163574, 0.2187795769222096, 0.3222481800143443, 0.1391998016218104], [0.29560583826923703, 0.2760505079947033, 0.2906247973151453, 0.13771885632091438]], "ideal": "B", "sampled": "B", "correct": true}}
{"type": "result", "data": {"idx": 4, "options": ["Wrong, Wrong", "Wrong, Not wrong", "Not wrong, Wrong", "Not wrong, Not wrong"], "probs": [[0.2707986018028841, 0.2393312078275724, 0.3314682641731513, 0.1584019260963922], [0.37548631985435593, 0.24276018502013458, 0.24207069338032877, 0.13968280164518068], [0.32091616035394144, 0.22610166187267963, 0.32543750068736865, 0.12754467698601027], [0.30280782867002837, 0.259234569665658, 0.30701508200033745, 0.13094251956397623]], "ideal": "D", "sampled": "B", "correct": false}}
{"type": "result", "data": {"idx": 5, "options": ["Wrong, Wrong", "Wrong, Not wrong", "Not wrong, Wrong", "Not wrong, Not wrong"], "probs": [[0.2901346514889135, 0.23729298577139543, 0.3115753372406224, 0.16099702539906866], [0.3869818092945397, 0.24670520054756387, 0.2242995317905429, 0.14201345826735357], [0.3350869962970059, 0.22031728592819258, 0.3176309716736889, 0.12696474600111257], [0.3028538615059153, 0.269868024258688, 0.2913170543414222, 0.13596105979397446]], "ideal": "C", "sampled": "B", "correct": false}}
{"type": "result", "data": {"idx": 6, "options": ["Wrong, Wrong", "Wrong, Not wrong", "Not wrong, Wrong", "Not wrong, Not wrong"], "probs": [[0.272558049684809, 0.25054059923411975, 0.3186118494318311, 0.1582895015492401], [0.36623087270105825, 0.2665194471300938, 0.21860784428674235, 0.14864183578210563], [0.3095379357945095, 0.22171066530577518, 0.33186086006784976, 0.13689053873186555], [0.29079309969596145, 0.28438297758784137, 0.2881971981295994, 0.13662672448659782]], "ideal": "D", "sampled": "B", "correct": false}}
{"type": "result", "data": {"idx": 7, "options": ["Wrong, Wrong", "Wrong, Not wrong", "Not wrong, Wrong", "Not wrong, Not wrong"], "probs": [[0.2670885065987126, 0.2234914186893641, 0.3348563363046818, 0.1745637383072415], [0.3715153898062477, 0.25374428146826417, 0.22508987259790617, 0.14965045602758195], [0.32145238877456705, 0.21948324795802784, 0.323470125269435, 0.13559423789797007], [0.27705198523611924, 0.2750547527991852, 0.3014604448970695, 0.146432816967626]], "ideal": "D", "sampled": "C", "correct": false}}
{"type": "result", "data": {"idx": 8, "options": ["Wrong, Wrong", "Wrong, Not wrong", "Not wrong, Wrong", "Not wrong, Not wrong"], "probs": [[0.2978254810001827, 0.2237714793492379, 0.3219623815398956, 0.15644065801068374], [0.3805748578611145, 0.23898777719414172, 0.23066068037022266, 0.14977668447452114], [0.31870351793990526, 0.2065204587437613, 0.3443303251966575, 0.1304456980196759], [0.2888690487920103, 0.2894738273111514, 0.28378879598240153, 0.13786832781443675]], "ideal": "A", "sampled": "A", "correct": true}}
{"type": "result", "data": {"idx": 9, "options": ["Wrong, Wrong", "Wrong, Not wrong", "Not wrong, Wrong", "Not wrong, Not wrong"], "probs": [[0.26969999072238915, 0.22213527558012716, 0.34374982115169067, 0.164414912445793], [0.37742125421830885, 0.23656518402468046, 0.23616972211368933, 0.14984383954332137], [0.31499124203517914, 0.20373313099096887, 0.34590176147475665, 0.13537386539909532], [0.2829787688720553, 0.2537803909855562, 0.3204270553204804, 0.1428137847219081]], "ideal": "C", "sampled": "B", "correct": false}}
{"type": "result", "data": {"idx": 10, "options": ["Wrong, Wrong", "Wrong, Not wrong", "Not wrong, Wrong", "Not wrong, Not wrong"], "probs": [[0.25809926945814093, 0.2317232443930904, 0.3363821060491934, 0.1737953799995753], [0.36266462091945767, 0.24788976451927378, 0.2376961927681749, 0.15174942169309363], [0.31211855074269035, 0.21325143534043467, 0.33447994781725776, 0.14015006599961724], [0.287076345442545, 0.26998352197142134, 0.30273824024933393, 0.1402018922366997]], "ideal": "D", "sampled": "B", "correct": false}}
{"type": "result", "data": {"idx": 11, "options": ["Wrong, Wrong", "Wrong, Not wrong", "Not wrong, Wrong", "Not wrong, Not wrong"], "probs": [[0.26595152214345746, 0.2502391710698458, 0.318059930711767, 0.16574937597492972], [0.36623674081721136, 0.25621980044336223, 0.22895852877952094, 0.14858492985990546], [0.3266230571930278, 0.22152896553341014, 0.3162723528467102, 0.13557562432685183], [0.2779128716854221, 0.2870496086220753, 0.29064463318330125, 0.14439288640920134]], "ideal": "B", "sampled": "C", "correct": false}}
{"type": "result", "data": {"idx": 12, "options": ["Wrong, Wrong", "Wrong, Not wrong", "Not wrong, Wrong", "Not wrong, Not wrong"], "probs": [[0.29784282151334834, 0.23071201945882558, 0.3196604752322114, 0.15178468369561468], [0.39403777136326007, 0.23784626309143475, 0.22110635871147308, 0.1470096067338321], [0.3309917944929887, 0.20622287427645264, 0.33634035800552803, 0.1264449731250306], [0.2912654876417719, 0.28499275443088185, 0.2910053431696757, 0.13273641465767058]], "ideal": "C", "sampled": "A", "correct": false}}
{"type": "result", "data": {"idx": 13, "options": ["Wrong, Wrong", "Wrong, Not wrong", "Not wrong, Wrong", "Not wrong, Not wrong"], "probs": [[0.26446928561585553, 0.22304308583913166, 0.3422486738703635, 0.1702389545746493], [0.360168372955193, 0.24038583396036375, 0.23236997769490733, 0.16707581528953594], [0.2995743155179857, 0.20145922897231625, 0.3498729467042095, 0.1490935087054886], [0.27457931635018185, 0.2768489420137122, 0.29879835245005487, 0.1497733890860511]], "ideal": "A", "sampled": "A", "correct": true}}
{"type": "result", "data": {"idx": 14, "options": ["Wrong, Wrong", "Wrong, Not wrong", "Not wrong, Wrong", "Not wrong, Not wrong"], "probs": [[0.28592702319686586, 0.254802339182855, 0.3067549144993855, 0.15251572302089367], [0.39217614013158036, 0.2639703475003852, 0.21490459880568993, 0.12894891346234447], [0.3426290554249103, 0.23059192984754417, 0.30007756647678235, 0.12670144815076317], [0.3036035849803532, 0.28791322872273056, 0.2805382269260155, 0.12794495927090074]], "ideal": "D", "sampled": "B", "correct": false}}
{"type": "result", "data": {"idx": 15, "options": ["Wrong, Wrong", "Wrong, Not wrong", "Not wrong, Wrong", "Not wrong, Not wrong"], "probs": [[0.27674418272672024, 0.2227162536351252, 0.3410976179929571, 0.1594419455451974], [0.3736046123252305, 0.2416670281198514, 0.24242558666541977, 0.14230277278949827], [0.3174739228985219, 0.21016478849581474, 0.3395887961582818, 0.1327724923473816], [0.28201707354297145, 0.2691980221837371, 0.31115030311958936, 0.13763460105370204]], "ideal": "A", "sampled": "B", "correct": false}}
{"type": "result", "data": {"idx": 16, "options": ["Wrong, Wrong", "Wrong, Not wrong", "Not wrong, Wrong", "Not wrong, Not wrong"], "probs": [[0.3008544489567794, 0.238637734011356, 0.3153953002881813, 0.14511251664368335], [0.39128997918030767, 0.2475457638254575, 0.2282735705147398, 0.13289068637949505], [0.34620774046749636, 0.21748441617612085, 0.31778931851330416, 0.11851852474307861], [0.3076903819730151, 0.28505834934245056, 0.2864003479194343, 0.12085092066509996]], "ideal": "D", "sampled": "A", "correct": false}}
{"type": "result", "data": {"idx": 17, "options": ["Wrong, Wrong", "Wrong, Not wrong", "Not wrong, Wrong", "Not wrong, Not wrong"], "probs": [[0.26861197153939825, 0.2449159062396333, 0.32919502745547646, 0.15727709466549197], [0.36722445181293617, 0.2527752292402428, 0.22975423365731154, 0.15024608518950947], [0.3102100974136383, 0.2202879023503256, 0.3353980085155549, 0.13410399162048117], [0.2932025404516946, 0.2692386427479369, 0.2975976974190393, 0.13996111928132918]], "ideal": "C", "sampled": "B", "correct": false}}
{"type": "result", "data": {"idx": 18, "options": ["Wrong, Wrong", "Wrong, Not wrong", "Not wrong, Wrong", "Not wrong, Not wrong"], "probs": [[0.2712521012226798, 0.22900963760026272, 0.3372053202167918, 0.1625329408602657], [0.3579706602628285, 0.2565514483277464, 0.2380608504483588, 0.1474170408610663], [0.3139731194070983, 0.2163775945572961, 0.336263527351861, 0.13338575858374455], [0.28844254346458925, 0.26931562214436244, 0.30147661857342106, 0.14076521571762723]], "ideal": "C", "sampled": "C", "correct": true}}
{"type": "result", "data": {"idx": 19, "options": ["Wrong, Wrong", "Wrong, Not wrong", "Not wrong, Wrong", "Not wrong, Not wrong"], "probs": [[0.25606016085150735, 0.24282463616162098, 0.33647049472753665, 0.16464470815933502], [0.33837820059383483, 0.2599029981887911, 0.2473814190747466, 0.1543373820426275], [0.2940540699084815, 0.21716194499830216, 0.3514562055551086, 0.13732777943810773], [0.26900840778876356, 0.27985081969004655, 0.31136879982153237, 0.1397719725996575]], "ideal": "A", "sampled": "A", "correct": true}}
{"type": "result", "data": {"idx": 20, "options": ["Wrong, Wrong", "Wrong, Not wrong", "Not wrong, Wrong", "Not wrong, Not wrong"], "probs": [[0.28546705839163455, 0.24644801018157772, 0.3109663128541878, 0.1571186184725999], [0.37744377914934546, 0.2579332214951902, 0.21835675182672037, 0.14626624742874397], [0.32328597671393183, 0.22266396051397397, 0.3206684088585503, 0.1333816538135439], [0.28662885086736334, 0.2891661014615244, 0.28626237169807656, 0.13794267587303569]], "ideal": "D", "sampled": "B", "correct": false}}
{"type": "result", "data": {"idx": 21, "options": ["Wrong, Wrong", "Wrong, Not wrong", "Not wrong, Wrong", "Not wrong, Not wrong"], "probs": [[0.2616236092652894, 0.23857319776236072, 0.32786788067513817, 0.17193531219721175], [0.35676344693962264, 0.24949614329382055, 0.23002008748704603, 0.16372032217951074], [0.291650031353426, 0.2071766734985461, 0.3541408531630673, 0.1470324418849606], [0.2619829617486896, 0.2923956040807866, 0.29856158500537344, 0.14705984906515035]], "ideal": "A", "sampled": "A", "correct": true}}
{"type": "result", "data": {"idx": 22, "options": ["Wrong, Wrong", "Wrong, Not wrong", "Not wrong, Wrong", "Not wrong, Not wrong"], "probs": [[0.24768663557466433, 0.24045525073635704, 0.3357882947491325, 0.17606981883984613], [0.33979110893812003, 0.2570395094781521, 0.23706696218662182, 0.16610241929710606], [0.28588202166854526, 0.21457229232769814, 0.347297663247163, 0.1522480226565936], [0.25334624168608144, 0.2829488858641363, 0.3099363764867454, 0.15376849586303684]], "ideal": "A", "sampled": "A", "correct": true}}
{"type": "result", "data": {"idx": 23, "options": ["Wrong, Wrong", "Wrong, Not wrong", "Not wrong, Wrong", "Not wrong, Not wrong"], "probs": [[0.24365862800688623, 0.23096227185930093, 0.3380476685147644, 0.18733143151904844], [0.33766427129610926, 0.24176017577376066, 0.24486071994149755, 0.1757148328886325], [0.29324089166983097, 0.20663937000476057, 0.34511111620591056, 0.1550086220194979], [0.2645830691527606, 0.2546305840372957, 0.31621010674905226, 0.1645762399608914]], "ideal": "B", "sampled": "B", "correct": true}}
{"type": "result", "data": {"idx": 24, "options": ["Wrong, Wrong", "Wrong, Not wrong", "Not wrong, Wrong", "Not wrong, Not wrong"], "probs": [[0.29923013295564105, 0.2143635781545193, 0.3084586010335173, 0.17794768775632233], [0.38187723779022736, 0.23227379867684003, 0.22601627964477167, 0.15983268378816093], [0.3261277675302534, 0.198325172046856, 0.32559448477350134, 0.1499525755493892], [0.30622112291639836, 0.2582627794147141, 0.28472193648468447, 0.15079416108420307]], "ideal": "A", "sampled": "A", "correct": true}}
{"type": "result", "data": {"idx": 25, "options": ["Wrong, Wrong", "Wrong, Not wrong", "Not wrong, Wrong", "Not wrong, Not wrong"], "probs": [[0.28268433456825626, 0.24435781668239498, 0.3134761247761331, 0.15948172387321569], [0.38742687623363026, 0.24718716721370554, 0.2196064722083827, 0.14577948424428147], [0.31647718421151255, 0.20198700130926803, 0.3485520533653045, 0.132983761013915], [0.2801175331754252, 0.29897700846254205, 0.2804423784797374, 0.14046307978229536]], "ideal": "A", "sampled": "A", "correct": true}}
{"type": "result", "data": {"idx": 26, "options": ["Wrong, Wrong", "Wrong, Not wrong", "Not wrong, Wrong", "Not wrong, Not wrong"], "probs": [[0.2637944041134852, 0.2539672964840761, 0.31795786249249886, 0.16428043680993978], [0.36313972689217483, 0.261991455410063, 0.22530342783442592, 0.14956538976333625], [0.31552003400508283, 0.21732494751463405, 0.3278353067382278, 0.1393197116420553], [0.2704545098001804, 0.2971637667618796, 0.2918851499334066, 0.14049657340453342]], "ideal": "A", "sampled": "B", "correct": false}}
{"type": "result", "data": {"idx": 27, "options": ["Wrong, Wrong", "Wrong, Not wrong", "Not wrong, Wrong", "Not wrong, Not wrong"], "probs": [[0.27029967305341435, 0.2314234226710639, 0.3285552560954556, 0.1697216480800661], [0.3688272888414879, 0.24423678580817193, 0.2288778309127965, 0.15805809433754361], [0.3178205929894585, 0.20719888240406154, 0.3355380744392047, 0.1394424500672753], [0.2798765980880704, 0.2712823233119264, 0.2999102860362516, 0.14893079246375154]], "ideal": "C", "sampled": "B", "correct": false}}
{"type": "result", "data": {"idx": 28, "options": ["Wrong, Wrong", "Wrong, Not wrong", "Not wrong, Wrong", "Not wrong, Not wrong"], "probs": [[0.2791560125574852, 0.22479583470982434, 0.3312908511253199, 0.16475730150737056], [0.3658253739162421, 0.24815288934154653, 0.2304783692582927, 0.15554336738391863], [0.30315337033747053, 0.20406231586177465, 0.3456392339366628, 0.14714507976409205], [0.2702676573045693, 0.27695964938733064, 0.3055514303869995, 0.14722126282110048]], "ideal": "C", "sampled": "A", "correct": false}}
{"type": "result", "data": {"idx": 29, "options": ["Wrong, Wrong", "Wrong, Not wrong", "Not wrong, Wrong", "Not wrong, Not wrong"], "probs": [[0.2739567458355651, 0.21710929272387927, 0.34353673454663997, 0.1653972267939156], [0.3761872108826438, 0.22864957492225071, 0.2426458633097633, 0.1525173507853422], [0.3216537295218225, 0.20972442552403264, 0.33410013209666656, 0.1345217127574783], [0.30976327116749136, 0.24531824856440262, 0.30936979108159274, 0.1355486890865133]], "ideal": "B", "sampled": "B", "correct": true}}
{"type": "result", "data": {"idx": 30, "options": ["Wrong, Wrong", "Wrong, Not wrong", "Not wrong, Wrong", "Not wrong, Not wrong"], "probs": [[0.27161031958724935, 0.240117281651327, 0.33286842700490593, 0.1554039716565177], [0.376555757628981, 0.25539804644108105, 0.23206562838911293, 0.13598056744082498], [0.3340531139910052, 0.226572309713998, 0.3139320769324453, 0.12544249926255155], [0.28640946316225047, 0.2844814913512675, 0.29756831676415707, 0.13154072862232502]], "ideal": "D", "sampled": "C", "correct": false}}
{"type": "result", "data": {"idx": 31, "options": ["Wrong, Wrong", "Wrong, Not wrong", "Not wrong, Wrong", "Not wrong, Not wrong"], "probs": [[0.29084968130586236, 0.2358929628509877, 0.31433712964584515, 0.1589202260973048], [0.3829089161804208, 0.24190079033788175, 0.2302854393234852, 0.14490485405821224], [0.3301741332897818, 0.21352167961004437, 0.3273862751669306, 0.12891791183324325], [0.2935797826118773, 0.2892883972640368, 0.28642084764923176, 0.1307109723748541]], "ideal": "B", "sampled": "A", "correct": false}}
{"type": "result", "data": {"idx": 32, "options": ["Wrong, Wrong", "Wrong, Not wrong", "Not wrong, Wrong", "Not wrong, Not wrong"], "probs": [[0.3013188152810969, 0.22605306724275423, 0.3133368100408258, 0.1592913073353231], [0.39506130192477545, 0.23819303084881016, 0.2232661942884366, 0.14347947283797777], [0.33517381062537044, 0.20849970044343596, 0.3246580007837901, 0.13166848804740353], [0.30917336151607466, 0.2687846897816978, 0.28991462481484626, 0.13212732378738132]], "ideal": "B", "sampled": "B", "correct": true}}
{"type": "result", "data": {"idx": 33, "options": ["Wrong, Wrong", "Wrong, Not wrong", "Not wrong, Wrong", "Not wrong, Not wrong"], "probs": [[0.2783856814099674, 0.22763679446850327, 0.3308870939976087, 0.16309043002392065], [0.37218942125325555, 0.2409871446551155, 0.22601915220089117, 0.16080428179073777], [0.3223170839727342, 0.1990862131192018, 0.3381539780113508, 0.14044272479671321], [0.2963543743685253, 0.2658896664744066, 0.2984556764526031, 0.13930028260446498]], "ideal": "B", "sampled": "A", "correct": false}}
{"type": "result", "data": {"idx": 34, "options": ["Wrong, Wrong", "Wrong, Not wrong", "Not wrong, Wrong", "Not wrong, Not wrong"], "probs": [[0.24857239793098354, 0.23015417499258572, 0.3526233188846246, 0.1686501080918061], [0.3493951960868484, 0.25591907665313346, 0.24508497846909194, 0.14960074869092618], [0.3185733556428863, 0.22251060602824027, 0.322496592966255, 0.13641944526261843], [0.2769132338757535, 0.2662854571757302, 0.3105392250268825, 0.14626208382163375]], "ideal": "A", "sampled": "C", "correct": false}}
{"type": "result", "data": {"idx": 35, "options": ["Wrong, Wrong", "Wrong, Not wrong", "Not wrong, Wrong", "Not wrong, Not wrong"], "probs": [[0.2857782031541851, 0.22128025354557515, 0.32836056730922375, 0.16458097589101595], [0.3746695033732748, 0.2333284685774311, 0.23396313885385062, 0.15803888909544345], [0.31617665758810687, 0.20629467375442764, 0.33555961151879593, 0.14196905703866958], [0.29200857874811237, 0.24635790285984754, 0.309925109117033, 0.15170840917500708]], "ideal": "B", "sampled": "B", "correct": true}}
{"type": "result", "data": {"idx": 36, "options": ["Wrong, Wrong", "Wrong, Not wrong", "Not wrong, Wrong", "Not wrong, Not wrong"], "probs": [[0.2599759879459048, 0.24272227689928244, 0.3260672542394703, 0.1712344808153424], [0.34646938162740104, 0.2560779001410289, 0.23431591780727895, 0.1631368003242911], [0.2851582552834609, 0.22079075715786983, 0.34654042519587697, 0.14751056226279233], [0.2572728097181539, 0.30577194687646625, 0.2934429049198439, 0.14351233838553584]], "ideal": "D", "sampled": "A", "correct": false}}
{"type": "result", "data": {"idx": 37, "options": ["Wrong, Wrong", "Wrong, Not wrong", "Not wrong, Wrong", "Not wrong, Not wrong"], "probs": [[0.26492387448468807, 0.24552949136319416, 0.32947603355742927, 0.16007060049468852], [0.3741315062585585, 0.2680404821968331, 0.2162880929535122, 0.1415399184910962], [0.31754495270899136, 0.2275880324201075, 0.31977580545137235, 0.13509120931952878], [0.29486973752695245, 0.27535797911998877, 0.29218493583030064, 0.1375873474227581]], "ideal": "B", "sampled": "C", "correct": false}}
{"type": "result", "data": {"idx": 38, "options": ["Wrong, Wrong", "Wrong, Not wrong", "Not wrong, Wrong", "Not wrong, Not wrong"], "probs": [[0.27389098027264935, 0.2239974356664963, 0.3381410639585987, 0.16397052000225562], [0.37519330341630314, 0.24284984530836504, 0.22750221529566458, 0.15445463587966723], [0.3158317756958114, 0.20607611227841577, 0.338645184920463, 0.13944692700530978], [0.295345535983546, 0.26520856421892475, 0.29971497354743926, 0.13973092615008995]], "ideal": "A", "sampled": "B", "correct": false}}
{"type": "result", "data": {"idx": 39, "options": ["Wrong, Wrong", "Wrong, Not wrong", "Not wrong, Wrong", "Not wrong, Not wrong"], "probs": [[0.28155219132540144, 0.23347179241420932, 0.32643681274909536, 0.1585392034112939], [0.3886702598440858, 0.24325090281839173, 0.23004425717013988, 0.13803458006738253], [0.33096033824591786, 0.21864231254421218, 0.3252819228634088, 0.12511542624646113], [0.3040563275585541, 0.2638767417240117, 0.3010292754656569, 0.13103765515177723]], "ideal": "C", "sampled": "B", "correct": false}}
{"type": "result", "data": {"idx": 40, "options": ["Wrong, Wrong", "Wrong, Not wrong", "Not wrong, Wrong", "Not wrong, Not wrong"], "probs": [[0.2789249634784198, 0.21118881666965936, 0.338948001262983, 0.17093821848893787], [0.3602608197606079, 0.2298931066446054, 0.2494810558528724, 0.16036501764191427], [0.3047860102700091, 0.20228012808386842, 0.35066445245802536, 0.14226940908809713], [0.2864729804478659, 0.27409366178891437, 0.2974749847572843, 0.14195837290593544]], "ideal": "C", "sampled": "A", "correct": false}}
{"type": "result", "data": {"idx": 41, "options": ["Wrong, Wrong", "Wrong, Not wrong", "Not wrong, Wrong", "Not wrong, Not wrong"], "probs": [[0.28376218673729453, 0.2251513302101051, 0.3363061546943052, 0.15478032825829516], [0.3736700657579642, 0.24598963189660847, 0.2312904114597652, 0.1490498907856621], [0.3067758037323573, 0.20517711033591582, 0.34931414795430965, 0.13873293787741722], [0.28115665909816606, 0.26885801551037614, 0.305235475271219, 0.14474985002023877]], "ideal": "B", "sampled": "A", "correct": false}}
{"type": "result", "data": {"idx": 42, "options": ["Wrong, Wrong", "Wrong, Not wrong", "Not wrong, Wrong", "Not wrong, Not wrong"], "probs": [[0.2632569929208803, 0.22722990469999882, 0.34044560279354014, 0.16906749948558072], [0.3579916869038985, 0.2502154558775225, 0.2399086498919815, 0.15188420722659754], [0.3002435251516167, 0.21321957567381974, 0.3422119260165091, 0.14432497305805445], [0.28667286035532014, 0.25715911385825624, 0.31419882175164593, 0.1419692039347777]], "ideal": "D", "sampled": "B", "correct": false}}
{"type": "result", "data": {"idx": 43, "options": ["Wrong, Wrong", "Wrong, Not wrong", "Not wrong, Wrong", "Not wrong, Not wrong"], "probs": [[0.2722671410844792, 0.24246103291653004, 0.3283484079613284, 0.15692341793766232], [0.37980253632450495, 0.24185486856232102, 0.23581374391980423, 0.14252885109336982], [0.3317718754112965, 0.2163160559867661, 0.32148015016857434, 0.13043191833336307], [0.2927896249244548, 0.2646748304992811, 0.3113006213904773, 0.13123492308578683]], "ideal": "B", "sampled": "B", "correct": true}}
{"type": "result", "data": {"idx": 44, "options": ["Wrong, Wrong", "Wrong, Not wrong", "Not wrong, Wrong", "Not wrong, Not wrong"], "probs": [[0.2652991672295398, 0.26782738760672886, 0.31754683971885056, 0.14932660534488082], [0.3555930905521921, 0.29087141586720067, 0.21906417932501532, 0.1344713141555919], [0.29917459480003494, 0.24468401040276877, 0.325940479361632, 0.13020091533556427], [0.27120133827594906, 0.30998196732905176, 0.2884523527266365, 0.13036434156836268]], "ideal": "D", "sampled": "B", "correct": false}}
{"type": "result", "data": {"idx": 45, "options": ["Wrong, Wrong", "Wrong, Not wrong", "Not wrong, Wrong", "Not wrong, Not wrong"], "probs": [[0.27299030259444124, 0.21638771689085237, 0.34546308784982543, 0.16515889256488095], [0.3659197687736802, 0.233267351961651, 0.23479805884397473, 0.16601482032069406], [0.3104552533776471, 0.20257317414126108, 0.34391107126876574, 0.14306050111232602], [0.27676607000343195, 0.27705220210917497, 0.2992368131349308, 0.1469449146524623]], "ideal": "A", "sampled": "A", "correct": true}}
{"type": "result", "data": {"idx": 46, "options": ["Wrong, Wrong", "Wrong, Not wrong", "Not wrong, Wrong", "Not wrong, Not wrong"], "probs": [[0.2784625597133242, 0.2291558592672817, 0.3331071088614284, 0.15927447205796574], [0.35931912364055263, 0.24902224172976065, 0.24107521463939693, 0.15058341989028978], [0.2968498125844905, 0.2138397810567195, 0.34937348437729343, 0.13993692188149656], [0.27311984108816034, 0.27715114169256705, 0.30657923675361004, 0.14314978036566256]], "ideal": "B", "sampled": "A", "correct": false}}
{"type": "result", "data": {"idx": 47, "options": ["Wrong, Wrong", "Wrong, Not wrong", "Not wrong, Wrong", "Not wrong, Not wrong"], "probs": [[0.2717236795236041, 0.25169246636220793, 0.3100954499502195, 0.16648840406396848], [0.3520285627477152, 0.25406174713536767, 0.22714427585963656, 0.16676541415728052], [0.2976247934065973, 0.20978470530063495, 0.34482771257537864, 0.1477627886173891], [0.2631219287978454, 0.29614060672926945, 0.2952935949373949, 0.14544386943549026]], "ideal": "C", "sampled": "A", "correct": false}}
{"type": "result", "data": {"idx": 48, "options": ["Wrong, Wrong", "Wrong, Not wrong", "Not wrong, Wrong", "Not wrong, Not wrong"], "probs": [[0.2744060754501595, 0.24065124986149394, 0.3206253647483635, 0.16431730983998305], [0.3734721465614774, 0.24928164475342152, 0.22816581891673923, 0.1490803896683618], [0.32582449424250326, 0.21915080814627552, 0.3154977810738228, 0.1395269164373984], [0.2930605578251426, 0.2629822076751073, 0.30197419363336125, 0.14198304076638885]], "ideal": "B", "sampled": "B", "correct": true}}
{"type": "result", "data": {"idx": 49, "options": ["Wrong, Wrong", "Wrong, Not wrong", "Not wrong, Wrong", "Not wrong, Not wrong"], "probs": [[0.2579370554101494, 0.2447339256489187, 0.33908300124069235, 0.15824601760023954], [0.35876261115174235, 0.2571596724384261, 0.23902469158689005, 0.14505302472294146], [0.30082063519238417, 0.21899819883012372, 0.3461064541244202, 0.13407471175307192], [0.2713741674804638, 0.2805386488787352, 0.30966710791367447, 0.13842007562712652]], "ideal": "A", "sampled": "B", "correct": false}}
{"type": "result", "data": {"idx": 50, "options": ["Wrong, Wrong", "Wrong, Not wrong", "Not wrong, Wrong", "Not wrong, Not wrong"], "probs": [[0.27750252348404836, 0.2323544610717675, 0.3222266925386242, 0.16791632280556], [0.38142091461965166, 0.24893113213652737, 0.22625637584954314, 0.14339157729427784], [0.31351942932334975, 0.2177125830603931, 0.3392609155279338, 0.1295070719883234], [0.2984514116019424, 0.27641005968727594, 0.2868790797232256, 0.13825944888755606]], "ideal": "B", "sampled": "A", "correct": false}}
{"type": "result", "data": {"idx": 51, "options": ["Wrong, Wrong", "Wrong, Not wrong", "Not wrong, Wrong", "Not wrong, Not wrong"], "probs": [[0.25989065346177237, 0.24079229652834927, 0.33353371418757916, 0.1657833357222992], [0.36352789398372776, 0.2582667469720066, 0.23635458943864482, 0.14185076950562084], [0.3013663128327802, 0.22264413038549202, 0.33850367386995794, 0.1374858828117698], [0.2746748585027729, 0.26653012233497536, 0.31816049932992996, 0.14063451973232177]], "ideal": "B", "sampled": "B", "correct": true}}
{"type": "result", "data": {"idx": 52, "options": ["Wrong, Wrong", "Wrong, Not wrong", "Not wrong, Wrong", "Not wrong, Not wrong"], "probs": [[0.25286601841010137, 0.23256423027435835, 0.34561346412957067, 0.16895628708596963], [0.3559393094404034, 0.24531679584067015, 0.24266120022079243, 0.156082694398134], [0.30366186927224026, 0.21262260318853415, 0.3440939927907116, 0.13962153464851396], [0.2780640936196708, 0.27215479990637303, 0.30520852487586037, 0.1445725814980958]], "ideal": "B", "sampled": "C", "correct": false}}
{"type": "result", "data": {"idx": 53, "options": ["Wrong, Wrong", "Wrong, Not wrong", "Not wrong, Wrong", "Not wrong, Not wrong"], "probs": [[0.2758066695027912, 0.22905107181540035, 0.33743289612484606, 0.15770936245696235], [0.37839712964071537, 0.25454558456650545, 0.2272699014478091, 0.1397873842449701], [0.33063321317009225, 0.21227268239900615, 0.3300741216188173, 0.1270199827120843], [0.2775965076049207, 0.2670723835420622, 0.30877528051589614, 0.14655582823712093]], "ideal": "B", "sampled": "C", "correct": false}}
{"type": "result", "data": {"idx": 54, "options": ["Wrong, Wrong", "Wrong, Not wrong", "Not wrong, Wrong", "Not wrong, Not wrong"], "probs": [[0.2715759494159458, 0.23646133431032995, 0.3226636253670959, 0.16929909080662833], [0.3674130220395661, 0.2511743455174121, 0.2264101966148585, 0.15500243572816333], [0.30797206434591273, 0.21552796017375137, 0.3381688195674561, 0.13833115581287986], [0.28642034954575024, 0.2759059112378111, 0.29771164500286784, 0.1399620941135708]], "ideal": "D", "sampled": "A", "correct": false}}
{"type": "result", "data": {"idx": 55, "options": ["Wrong, Wrong", "Wrong, Not wrong", "Not wrong, Wrong", "Not wrong, Not wrong"], "probs": [[0.2452802618472984, 0.2476192972242258, 0.34582312457484893, 0.16127731625362687], [0.3496804885168943, 0.2686703542898199, 0.2365647291388686, 0.1450844279544172], [0.3051608411614659, 0.23083349372124545, 0.3323755164894228, 0.13163014852786584], [0.2636940957180871, 0.28106676272919034, 0.31281636743920477, 0.14242277401351772]], "ideal": "D", "sampled": "C", "correct": false}}
{"type": "result", "data": {"idx": 56, "options": ["Wrong, Wrong", "Wrong, Not wrong", "Not wrong, Wrong", "Not wrong, Not wrong"], "probs": [[0.2764474070854482, 0.23533710133651609, 0.33617695160791355, 0.15203853987012217], [0.37620581491079746, 0.2477041520956938, 0.233711291809346, 0.14237874108416274], [0.31098948316099395, 0.20963991623391032, 0.3469936108388334, 0.1323769896662623], [0.2786922835635289, 0.2729654989257329, 0.31318754887988165, 0.1351546685308565]], "ideal": "A", "sampled": "B", "correct": false}}
{"type": "result", "data": {"idx": 57, "options": ["Wrong, Wrong", "Wrong, Not wrong", "Not wrong, Wrong", "Not wrong, Not wrong"], "probs": [[0.29042352492149026, 0.22481581716579224, 0.3211945699612233, 0.16356608785149418], [0.38770302548550284, 0.2547365686826992, 0.21542668019425296, 0.14213372553754494], [0.3272957698551809, 0.2167361656649436, 0.32421587846707906, 0.13175218591279642], [0.2990335688127952, 0.2662085473476032, 0.29843641970586726, 0.13632146403373435]], "ideal": "D", "sampled": "B", "correct": false}}
{"type": "result", "data": {"idx": 58, "options": ["Wrong, Wrong", "Wrong, Not wrong", "Not wrong, Wrong", "Not wrong, Not wrong"], "probs": [[0.27914341449498936, 0.2266183427757398, 0.3343229193852925, 0.1599153232439783], [0.37901910979378217, 0.23796831351883097, 0.23006497545213903, 0.15294760113524783], [0.30990935501877687, 0.20385349069860575, 0.3457674475701124, 0.140469706612505], [0.271978936407222, 0.28097637647631235, 0.3032383828086888, 0.14380630420777685]], "ideal": "C", "sampled": "A", "correct": false}}
{"type": "result", "data": {"idx": 59, "options": ["Wrong, Wrong", "Wrong, Not wrong", "Not wrong, Wrong", "Not wrong, Not wrong"], "probs": [[0.27464759231641916, 0.240956912712475, 0.32357284818348997, 0.16082264668761587], [0.38140695008130776, 0.24882827318929077, 0.21727261916339047, 0.15249215746601097], [0.3125453339583856, 0.21700479411406068, 0.3300069321363016, 0.14044293969125216], [0.29169363215172456, 0.27225858376073075, 0.2983708127791953, 0.1376769712083494]], "ideal": "D", "sampled": "B", "correct": false}}
{"type": "result", "data": {"idx": 60, "options": ["Wrong, Wrong", "Wrong, Not wrong", "Not wrong, Wrong", "Not wrong, Not wrong"], "probs": [[0.2684024394066051, 0.21819771309388933, 0.35251094483088213, 0.16088890256862343], [0.366986066066283, 0.25116059181562794, 0.23652355370540495, 0.14532978831268412], [0.3054882722260761, 0.20601173664111924, 0.3566008667261823, 0.13189912430662235], [0.2907523853898224, 0.25944441940938406, 0.3111833678051092, 0.13861982729568428]], "ideal": "A", "sampled": "C", "correct": false}}
{"type": "result", "data": {"idx": 61, "options": ["Wrong, Wrong", "Wrong, Not wrong", "Not wrong, Wrong", "Not wrong, Not wrong"], "probs": [[0.2761103808603742, 0.2403938174007348, 0.3253785371455017, 0.1581172644933893], [0.37647279917951715, 0.24373530174852653, 0.2338122303410182, 0.1459796686309381], [0.3154822195607185, 0.21228022238634478, 0.34104742580080655, 0.1311901321521302], [0.29050181611710674, 0.28189430898116774, 0.2971840037339575, 0.13041987106776803]], "ideal": "B", "sampled": "B", "correct": true}}
{"type": "result", "data": {"idx": 62, "options": ["Wrong, Wrong", "Wrong, Not wrong", "Not wrong, Wrong", "Not wrong, Not wrong"], "probs": [[0.2531799711507694, 0.22550076580028916, 0.3455725959428176, 0.17574666700612382], [0.34206414219296644, 0.25258809325553344, 0.24961329994089712, 0.155734464510603], [0.28970906998923324, 0.2173662101220146, 0.34583554699048746, 0.14708917279826472], [0.27619950725954673, 0.2577085379532715, 0.31705097923754705, 0.14904097544963474]], "ideal": "D", "sampled": "C", "correct": false}}
{"type": "result", "data": {"idx": 63, "options": ["Wrong, Wrong", "Wrong, Not wrong", "Not wrong, Wrong", "Not wrong, Not wrong"], "probs": [[0.2715074813461384, 0.24025597866040135, 0.3302714280251629, 0.15796511186829737], [0.36138983767995075, 0.25310695508946096, 0.2315731104826058, 0.15393009664798254], [0.31796571609178437, 0.21092860398567442, 0.3386623561043631, 0.1324433237181781], [0.27886248047636547, 0.28383493843570584, 0.29912844743014916, 0.13817413355777952]], "ideal": "B", "sampled": "A", "correct": false}}
{"type": "result", "data": {"idx": 64, "options": ["Wrong, Wrong", "Wrong, Not wrong", "Not wrong, Wrong", "Not wrong, Not wrong"], "probs": [[0.26263691798339367, 0.2376049799560088, 0.3216206287291609, 0.1781374732314366], [0.34956546572630365, 0.2602232318789841, 0.22720784759610205, 0.1630034546986102], [0.3087139633372475, 0.22452621980668291, 0.31822814585876635, 0.1485316708973032], [0.26498200697090807, 0.27575861583102024, 0.3045079020997983, 0.1547514749982734]], "ideal": "D", "sampled": "C", "correct": false}}
{"type": "result", "data": {"idx": 65, "options": ["Wrong, Wrong", "Wrong, Not wrong", "Not wrong, Wrong", "Not wrong, Not wrong"], "probs": [[0.27794308710044646, 0.21336635408799626, 0.3430944834199694, 0.16559607529158785], [0.3800963830510331, 0.24744516623852786, 0.23185879097892131, 0.14059965963151771], [0.3292809479145034, 0.21107169901169875, 0.32588863921716515, 0.13375871375663267], [0.2964827848592206, 0.2574479992779537, 0.3076028066984435, 0.13846640906438223]], "ideal": "B", "sampled": "C", "correct": false}}
{"type": "result", "data": {"idx": 66, "options": ["Wrong, Wrong", "Wrong, Not wrong", "Not wrong, Wrong", "Not wrong, Not wrong"], "probs": [[0.28606917172480684, 0.20957102432668984, 0.34199838298126667, 0.16236142086723668], [0.3849423699415297, 0.23558491029104214, 0.23840207924852294, 0.1410706404189052], [0.337898005872017, 0.21161104105946155, 0.32660289622250815, 0.12388805674601328], [0.3065261359786748, 0.2602018260575311, 0.30318368651316496, 0.13008835135062913]], "ideal": "D", "sampled": "C", "correct": false}}
{"type": "result", "data": {"idx": 67, "options": ["Wrong, Wrong", "Wrong, Not wrong", "Not wrong, Wrong", "Not wrong, Not wrong"], "probs": [[0.29046836492494793, 0.24301204082919917, 0.31169643995029095, 0.154823154195562], [0.3788635303683293, 0.26078842253409545, 0.21926940465475203, 0.14107864234282322], [0.325896997770681, 0.2174258808530033, 0.3256087198890709, 0.13106840138724477], [0.30023720410090593, 0.27552938047977643, 0.2928709343845195, 0.13136248093479813]], "ideal": "D", "sampled": "B", "correct": false}}
{"type": "result", "data": {"idx": 68, "options": ["Wrong, Wrong", "Wrong, Not wrong", "Not wrong, Wrong", "Not wrong, Not wrong"], "probs": [[0.2784845496752072, 0.2385897947800233, 0.3307234548329251, 0.15220220061184442], [0.3785769882631663, 0.24306767814310076, 0.23140722166061148, 0.14694811183312143], [0.3190126656431328, 0.2145905356334535, 0.3395275726222892, 0.12686922600112446], [0.29427227374948817, 0.2660371958943405, 0.3105579018282277, 0.12913262842794368]], "ideal": "D", "sampled": "B", "correct": false}}
{"type": "result", "data": {"idx": 69, "options": ["Wrong, Wrong", "Wrong, Not wrong", "Not wrong, Wrong", "Not wrong, Not wrong"], "probs": [[0.31072820155875597, 0.2279160686478409, 0.3130154404629807, 0.14834028923042242], [0.40783937545991367, 0.24814894053394823, 0.21130644643260618, 0.13270523747353188], [0.3496706343690351, 0.20622670080208985, 0.318096532704754, 0.12600613202412103], [0.31992712613721197, 0.2657284736367572, 0.2840117215826218, 0.130332678543409]], "ideal": "B", "sampled": "B", "correct": true}}
{"type": "result", "data": {"idx": 70, "options": ["Wrong, Wrong", "Wrong, Not wrong", "Not wrong, Wrong", "Not wrong, Not wrong"], "probs": [[0.2592893982097856, 0.23284433882027944, 0.33042917662957044, 0.17743708624036453], [0.3669235219267705, 0.2412346077092039, 0.2369918744622666, 0.15484999580175893], [0.32036063549236554, 0.21222105936403377, 0.3279131103413183, 0.13950519470228243], [0.2823427999435489, 0.26563049151716184, 0.3074349256278081, 0.14459178281148116]], "ideal": "A", "sampled": "B", "correct": false}}
{"type": "result", "data": {"idx": 71, "options": ["Wrong, Wrong", "Wrong, Not wrong", "Not wrong, Wrong", "Not wrong, Not wrong"], "probs": [[0.2814652537581416, 0.2196373426802658, 0.3367546398078024, 0.1621427636537902], [0.3822826317590839, 0.24161427800687235, 0.2280970466548265, 0.14800604347921728], [0.32430402407693387, 0.2098508241518343, 0.3343019286745845, 0.13154322299664728], [0.30488260668797423, 0.2550236804521263, 0.3045096604367666, 0.13558405232313284]], "ideal": "A", "sampled": "C", "correct": false}}
{"type": "result", "data": {"idx": 72, "options": ["Wrong, Wrong", "Wrong, Not wrong", "Not wrong, Wrong", "Not wrong, Not wrong"], "probs": [[0.25478786986866425, 0.22702056843813698, 0.3426493508070591, 0.17554221078613963], [0.3474619297313085, 0.24696123579424045, 0.24229988407453135, 0.16327695029991968], [0.29526457187560967, 0.21306510267511225, 0.3474294244895643, 0.14424090085971378], [0.2733767967155903, 0.2591172495093695, 0.3141062306165442, 0.15339972305849603]], "ideal": "C", "sampled": "C", "correct": true}}
{"type": "result", "data": {"idx": 73, "options": ["Wrong, Wrong", "Wrong, Not wrong", "Not wrong, Wrong", "Not wrong, Not wrong"], "probs": [[0.2669014890686775, 0.2321989352441252, 0.33201089003326034, 0.168888685553937], [0.364563936486684, 0.25906562416547263, 0.22621658105053463, 0.15015385819730873], [0.3129029776468007, 0.21381320910064439, 0.33278541761928615, 0.14049839553326876], [0.2810084223466245, 0.2856923043442182, 0.29176336523953095, 0.1415359079696263]], "ideal": "B", "sampled": "C", "correct": false}}
{"type": "result", "data": {"idx": 74, "options": ["Wrong, Wrong", "Wrong, Not wrong", "Not wrong, Wrong", "Not wrong, Not wrong"], "probs": [[0.2823884784892935, 0.2437310367578916, 0.3173742293994149, 0.15650625525339998], [0.3840945317276596, 0.2603292530220366, 0.21033279205250335, 0.14524342309780044], [0.33325954274537717, 0.21222442161252308, 0.3202859651892552, 0.13423007035284457], [0.3012826903779813, 0.274554061509599, 0.28701500798804835, 0.13714824002437134]], "ideal": "D", "sampled": "B", "correct": false}}
