{"type": "result", "data": {"idx": 0, "options": ["Offerings", "Prayers", "Apparitions", "Idols"], "probs": [[0.09791873832194646, 0.12337229206098525, 0.2661284327000281, 0.5125805368170402], [0.019049228069465025, 0.06411450009278465, 0.7879132798094565, 0.12892299192829382], [0.08182564133107058, 0.7526641859057632, 0.08606636266842027, 0.07944380999474587], [0.726223685483322, 0.09767146861555577, 0.08943692327329446, 0.08666792252782786]], "ideal": "D", "sampled": "D", "correct": true}}
{"type": "result", "data": {"idx": 1, "options": ["Daoism", "Yin-Yang School", "Mengzi", "Humanistic Buddhism"], "probs": [[0.3075382663368863, 0.1915750772824777, 0.186980647023984, 0.313906009256652], [0.22213543452196685, 0.13076942252264454, 0.23497987841610182, 0.4121152644392868], [0.14252158785644123, 0.15292741128871307, 0.3957978129617279, 0.30875318779311783], [0.23636598882695697, 0.3244401216182518, 0.2159889340184707, 0.22320495543632055]], "ideal": "B", "sampled": "A", "correct": false}}
{"type": "result", "data": {"idx": 2, "options": ["325 CE", "119 CE", "451 CE", "596 CE"], "probs": [[0.2297280694355108, 0.24270407491426416, 0.3203039717308656, 0.20726388381935942], [0.2062237915388447, 0.2706753788315861, 0.3523385068866607, 0.17076232264290847], [0.25053639710641307, 0.3443321790548852, 0.23984092411032545, 0.16529049962837625], [0.3764130343007004, 0.18786216620096233, 0.27433086665200584, 0.16139393274633143]], "ideal": "D", "sampled": "D", "correct": true}}
{"type": "result", "data": {"idx": 3, "options": ["Akitu", "Wag and Thoth", "Bast", "Nehebkau"], "probs": [[0.8750748060752869, 0.049631438932065126, 0.03630046057974665, 0.03899329431290132], [0.2404691368275744, 0.09311078089702272, 0.1670671316466728, 0.4993529505287301], [0.07672715529302596, 0.051814394520155536, 0.7918116803485347, 0.07964676973828388], [0.08821714723509493, 0.8142256098963525, 0.06574984869915328, 0.031807394069399315]], "ideal": "A", "sampled": "A", "correct": true}}
{"type": "result", "data": {"idx": 4, "options": ["Zazen", "Tariki", "Kami", "Ikebana"], "probs": [[0.10438408857112495, 0.1111717464093221, 0.25191200152369514, 0.5325321633958578], [0.05600876628776153, 0.05690608067043884, 0.7970095723627417, 0.09007558057905789], [0.04571441935185376, 0.8621235003455525, 0.05022928902393589, 0.04193279117865779], [0.9190767471851377, 0.03013933834445182, 0.02481897031754155, 0.02596494405286899]], "ideal": "D", "sampled": "D", "correct": true}}
{"type": "result", "data": {"idx": 5, "options": ["Harmony and balance", "Devotion and piety", "Love and passion", "Goodwill and love"], "probs": [[0.3679840321170469, 0.3732715900356562, 0.13587638936884014, 0.12286798837845676], [0.29801257997732594, 0.2171394345373417, 0.2843669908303716, 0.20048099455496074], [0.15867973153138046, 0.23317967800641243, 0.4357609851627454, 0.17237960519946163], [0.1796609705607947, 0.4914104493540719, 0.2145538861967978, 0.11437469378833558]], "ideal": "A", "sampled": "A", "correct": true}}
{"type": "result", "data": {"idx": 6, "options": ["Shabad", "Khalse", "Nam", "Guru"], "probs": [[0.7121181209620151, 0.12551406585722993, 0.08124089603390529, 0.0811269170468497], [0.11707403945772987, 0.27028430512393886, 0.1889628540149186, 0.4236788013034127], [0.17192537952785997, 0.17602729664452452, 0.5394861657416297, 0.11256115798598582], [0.038348594242544956, 0.8311248134409555, 0.06707911442589203, 0.0634474777906076]], "ideal": "A", "sampled": "A", "correct": true}}
{"type": "result", "data": {"idx": 7, "options": ["Muhammad's miraculous ascent to heaven", "Muhammad's migration to Mecca", "Muhammad's first community in Mecca", "Muhammad's revelations of the Qur'an"], "probs": [[0.5758512019535232, 0.1662400960756001, 0.09729863702277898, 0.16061006484809762], [0.07765068944866824, 0.05975167146940182, 0.20873908929755527, 0.6538585496843746], [0.03297090706072908, 0.04551293801729107, 0.829593370498109, 0.09192278432387083], [0.043997638087036404, 0.8679988415714304, 0.048936359761740024, 0.039067160479793174]], "ideal": "A", "sampled": "A", "correct": true}}
{"type": "result", "data": {"idx": 8, "options": ["Laws of Dharma", "Laws of Karma", "Laws of Vishnu", "Laws of Manu"], "probs": [[0.365431636535341, 0.11442059277343954, 0.11653435229089783, 0.40361341830032166], [0.052986197957852685, 0.05359559585505608, 0.7856153962067249, 0.1078028098803663], [0.05284195038462589, 0.827155713323479, 0.0662586420981803, 0.05374369409371479], [0.8425201584483043, 0.06329215920920692, 0.04320996902726694, 0.05097771321522183]], "ideal": "D", "sampled": "D", "correct": true}}
{"type": "result", "data": {"idx": 9, "options": ["The Holy Book", "The Narrative", "The Recitation", "The Pillars"], "probs": [[0.39292340295786155, 0.15143474483660235, 0.37450270725013823, 0.08113914485539786], [0.10051128791443985, 0.6944319967307409, 0.11610746242995462, 0.08894925282486463], [0.1348130384725667, 0.08463956288684056, 0.6494551203576693, 0.13109227818292343], [0.0526339580300506, 0.5641612816877826, 0.17743399142597288, 0.2057707687561939]], "ideal": "C", "sampled": "A", "correct": false}}
{"type": "result", "data": {"idx": 10, "options": ["Mother of Light", "Father of Goodness", "Ineffable Lover", "Eternal Spirit"], "probs": [[0.2882788521996773, 0.23454058517465903, 0.21770628118880508, 0.25947428133685857], [0.3079200684716341, 0.18885210154552215, 0.28072446581894295, 0.22250336406390078], [0.2550339774542518, 0.2852344597660712, 0.25719986129810934, 0.20253170138156765], [0.34793065938061113, 0.2490907833002033, 0.20280835916135098, 0.20017019805783456]], "ideal": "B", "sampled": "D", "correct": false}}
{"type": "result", "data": {"idx": 11, "options": ["Bushido", "Shinto", "Nichiren", "Soto Zen"], "probs": [[0.12333014891813655, 0.23170711724724244, 0.33214332412798275, 0.31281940960663823], [0.19377062011465798, 0.2659945527346357, 0.3706461544060527, 0.16958867264465366], [0.2686800222533495, 0.2765710220400699, 0.1800513076632757, 0.27469764794330487], [0.2181162172899218, 0.11902656795305148, 0.3274173340643655, 0.3354398805926612]], "ideal": "D", "sampled": "C", "correct": false}}
{"type": "result", "data": {"idx": 12, "options": ["Sangat", "Langar", "Gurdwara", "Panth"], "probs": [[0.049447123365940315, 0.8265817802374794, 0.07964887680181175, 0.04432221949476854], [0.799918079299891, 0.09406011130196511, 0.045923614679589386, 0.06009819461855447], [0.3477187493121381, 0.07569819676176126, 0.31704723922430555, 0.2595358146017951], [0.039039687772649954, 0.13034503646176845, 0.7407765663708769, 0.08983870929470474]], "ideal": "B", "sampled": "B", "correct": true}}
{"type": "result", "data": {"idx": 13, "options": ["Buddhism", "Daoism", "Confucianism", "Shamanism"], "probs": [[0.18270362510663862, 0.274800912996523, 0.27315272526111906, 0.2693427365357193], [0.20728709673933277, 0.21677170045676633, 0.19572738717841687, 0.38021381552548406], [0.07934574569051527, 0.134014391931376, 0.4234737441359455, 0.3631661181421632], [0.07411081067063845, 0.32151852837273487, 0.33002542216661096, 0.2743452386900157]], "ideal": "B", "sampled": "A", "correct": false}}
{"type": "result", "data": {"idx": 14, "options": ["Worship", "Submission", "Obedience", "Faith"], "probs": [[0.03351795027868398, 0.7660117972922769, 0.13335226872279682, 0.06711798360624233], [0.3334843987830136, 0.3545063005589723, 0.21255005102155317, 0.09945924953646088], [0.12821941649612462, 0.38228805578200037, 0.2655217169937978, 0.22397081062807722], [0.039531191018884644, 0.09314318865881231, 0.7369145852169248, 0.13041103500537826]], "ideal": "B", "sampled": "B", "correct": true}}
{"type": "result", "data": {"idx": 15, "options": ["Suffering", "Soul", "Impermanence", "No-self"], "probs": [[0.016067355749882696, 0.03491673592190906, 0.17843663557744346, 0.7705792726507648], [0.01976580338935152, 0.058797681153143155, 0.8589535650843487, 0.062482950273156646], [0.02476848493841326, 0.9104952283075062, 0.039042946238211695, 0.025693340415868834], [0.7684579467346176, 0.06826129318547804, 0.07424128607970783, 0.08903947390019648]], "ideal": "D", "sampled": "D", "correct": true}}
{"type": "result", "data": {"idx": 16, "options": ["Spiritual narratives", "Redemption narratives", "Birth narratives", "Theological narratives"], "probs": [[0.46323506545900117, 0.21837473538473684, 0.21922195588754922, 0.09916824316871276], [0.10931023616406355, 0.7400263822838623, 0.08362402332572441, 0.06703935812634977], [0.6410036468463076, 0.22641189253521182, 0.07324945617476487, 0.05933500434371571], [0.251308437392191, 0.37228375114825213, 0.18114933099798852, 0.19525848036156837]], "ideal": "C", "sampled": "C", "correct": true}}
{"type": "result", "data": {"idx": 17, "options": ["Vajrayana", "Theravada", "Mahayana", "Mahavira"], "probs": [[0.0455884628609657, 0.06729261476182628, 0.8147050616119436, 0.0724138606652644], [0.0484185771519483, 0.7878929267429557, 0.0985893891424245, 0.06509910686267147], [0.7343786412814407, 0.07264440560094557, 0.08695748512290688, 0.10601946789470687], [0.044488177275398416, 0.05083130684808149, 0.23648042790786883, 0.6682000878686513]], "ideal": "C", "sampled": "C", "correct": true}}
{"type": "result", "data": {"idx": 18, "options": ["Svetambara", "Jina", "Agama", "Digambara"], "probs": [[0.38433040446683153, 0.1319430411351535, 0.17328355430046397, 0.31044299999755104], [0.1752423934246541, 0.13605961475862907, 0.34321069625664613, 0.3454872954600707], [0.20947288669503417, 0.2891441586921915, 0.3345501473487303, 0.166832807164044], [0.397075760411974, 0.343405415279934, 0.1483763859011455, 0.11114243830694644]], "ideal": "D", "sampled": "A", "correct": false}}
{"type": "result", "data": {"idx": 19, "options": ["The Shema", "The Sefirot", "Deuteronomy", "The Decalogue"], "probs": [[0.7242209424994229, 0.07183418685591351, 0.08964990967473054, 0.114294960869933], [0.026714871172885155, 0.028794924155243127, 0.14548795655095279, 0.7990022480209189], [0.023148794242260493, 0.050029990445215104, 0.8211490694614196, 0.10567214575110473], [0.058070383094845905, 0.7189158689418371, 0.11921861588927092, 0.10379513197404609]], "ideal": "A", "sampled": "A", "correct": true}}
{"type": "result", "data": {"idx": 20, "options": ["Brahminic orthodoxy", "Legalistic asceticism", "Bhakti devotionals", "Unorthodox practices"], "probs": [[0.320346295801553, 0.3360912203452666, 0.1934930532977207, 0.15006943045545967], [0.2548330984034649, 0.2028121768806394, 0.3238134931625937, 0.21854123145330195], [0.12716128852460934, 0.27311609951881843, 0.40982760142932667, 0.18989501042724558], [0.2235702507400385, 0.39866225719452064, 0.24576456109913558, 0.13200293086630527]], "ideal": "A", "sampled": "A", "correct": true}}
{"type": "result", "data": {"idx": 21, "options": ["The Battle of Uhud", "The Battle of Camel", "The Battle of the Trench", "The Battle of Badr"], "probs": [[0.14643307246938908, 0.2560392060029649, 0.35716313652345916, 0.2403645849041868], [0.15941396051645268, 0.252489406775722, 0.4308069668880662, 0.1572896657197591], [0.15917977993239257, 0.5097156978845725, 0.19491259789659043, 0.13619192418644444], [0.44864152520457157, 0.18946945100709184, 0.18089158292119042, 0.18099744076714613]], "ideal": "C", "sampled": "D", "correct": false}}
{"type": "result", "data": {"idx": 22, "options": ["Remembering the Divine Name", "Meditating on the sacred hymns", "Remembering that death is inevitable", "Meditating on the goodness of the created world"], "probs": [[0.5489768344436208, 0.18754264570728094, 0.1405549187776341, 0.12292560097146421], [0.1353135785512066, 0.1490142434098863, 0.16892684511205153, 0.5467453328268556], [0.07515875288258327, 0.08866038352292321, 0.692958069533946, 0.14322279396054755], [0.07022742874048646, 0.6262752962508722, 0.18019141120754256, 0.1233058637010988]], "ideal": "A", "sampled": "A", "correct": true}}
{"type": "result", "data": {"idx": 23, "options": ["Confucianism", "Buddhism", "Christianity", "Daoism"], "probs": [[0.16621898113019054, 0.2906962930865462, 0.2982675134837383, 0.24481721219952493], [0.1665681078907528, 0.23844372157854835, 0.2874073555447038, 0.30758081488599504], [0.15441781620494482, 0.22554020391084859, 0.28388122586442194, 0.3361607539197846], [0.13265781802651996, 0.28619377096450777, 0.3661581059233894, 0.2149903049855829]], "ideal": "A", "sampled": "B", "correct": false}}
{"type": "result", "data": {"idx": 24, "options": ["Disciple", "Faithful", "Devotee", "Enlightened"], "probs": [[0.24154963727041112, 0.2402089053121072, 0.30729257599480775, 0.21094888132267392], [0.1815393417892115, 0.3682732581724012, 0.290279507607996, 0.15990789233039135], [0.19732069359180157, 0.33577097959905294, 0.31368632523646744, 0.15322200147267803], [0.2716561419487225, 0.401990318376773, 0.17684357920568494, 0.1495099603688195]], "ideal": "A", "sampled": "A", "correct": true}}
{"type": "result", "data": {"idx": 25, "options": ["The sages of the Zhuangzi", "The Songs of the South", "The Duke of Zhou", "The Confucian \"sage kings\""], "probs": [[0.4128745022859909, 0.1816169673504699, 0.2271383621208731, 0.17837016814266612], [0.2756739217411885, 0.1786074611573506, 0.3005291476466363, 0.2451894693548246], [0.31421228771923587, 0.2161629614589571, 0.3001461282050554, 0.16947862251675166], [0.43461970396044164, 0.1972381350711758, 0.21347110389760202, 0.1546710569707805]], "ideal": "A", "sampled": "A", "correct": true}}
{"type": "result", "data": {"idx": 26, "options": ["Anointed one", "God", "Prophet", "The line of David"], "probs": [[0.8831999231408929, 0.04107257968209215, 0.03746853246722643, 0.03825896460978846], [0.028818699992707014, 0.028604086008240593, 0.10568748925291126, 0.8368897246461411], [0.028391008412326404, 0.030611858643151087, 0.9011566990870695, 0.03984043375745303], [0.040502571169000315, 0.9006138577248147, 0.03347026606270151, 0.02541330494348346]], "ideal": "A", "sampled": "A", "correct": true}}
{"type": "result", "data": {"idx": 27, "options": ["Soul", "Sound", "Non-matter", "Non-soul"], "probs": [[0.12286255507432645, 0.0743193998858519, 0.5819488167180807, 0.2208692282217409], [0.060453151991774465, 0.3156215630504435, 0.5054442417790806, 0.11848104307870139], [0.3640080636083107, 0.2823855767971283, 0.2581639164686965, 0.09544244302586452], [0.4639144103088662, 0.21037577953691233, 0.1572391939828753, 0.1684706160713461]], "ideal": "D", "sampled": "D", "correct": true}}
{"type": "result", "data": {"idx": 28, "options": ["A collection of statues", "Veneration of ancestors", "Seated meditation", "Funeral rituals"], "probs": [[0.008620564062247257, 0.012255403451665824, 0.9230637729961667, 0.05606025938992018], [0.014650615149025567, 0.9488144061333987, 0.01355274227949666, 0.022982236338079054], [0.9429874500557107, 0.015206496420604359, 0.010425909897906205, 0.031380143525778684], [0.005810494753253777, 0.006241288736557626, 0.05184930758022673, 0.9360989088299618]], "ideal": "C", "sampled": "C", "correct": true}}
{"type": "result", "data": {"idx": 29, "options": ["Asceticism", "Bodily pleasure", "Music", "Sexual union"], "probs": [[0.06766688621360246, 0.2911100002501367, 0.2032433687470752, 0.4379797446891856], [0.0638522887740103, 0.1221896055544854, 0.6251506897949484, 0.188807415776556], [0.06896231476933769, 0.67998231970385, 0.1516353521709952, 0.09942001325581705], [0.5409873369236515, 0.19430304440267662, 0.14093766245048003, 0.12377195612319185]], "ideal": "D", "sampled": "D", "correct": true}}
{"type": "result", "data": {"idx": 30, "options": ["Loving and forgiving", "Wrathful and merciful", "Judging and vengeful", "Transcendent and immanent"], "probs": [[0.15155530877715595, 0.346229931452814, 0.3150689491355628, 0.18714581053446722], [0.2622244137926261, 0.18631844775954684, 0.40354807383400176, 0.1479090645138253], [0.16772278901172244, 0.5091836235299863, 0.22478400353210445, 0.09830958382618687], [0.4059392329969717, 0.1813542910623562, 0.28537674459747425, 0.12732973124319777]], "ideal": "B", "sampled": "D", "correct": false}}
{"type": "result", "data": {"idx": 31, "options": ["Palestine and Babylonia", "Babylonia and Europe", "Palestine and Spain", "Spain and France"], "probs": [[0.5170981017751464, 0.20198831396826178, 0.12261682853129853, 0.1582967556252933], [0.19072355681398284, 0.39777333149667476, 0.14725269988180703, 0.2642504117075354], [0.3268784782893866, 0.19534666252129862, 0.24304734933784958, 0.23472750975146517], [0.11899132759443627, 0.6194733242188811, 0.11305408670991922, 0.1484812613767634]], "ideal": "A", "sampled": "A", "correct": true}}
{"type": "result", "data": {"idx": 32, "options": ["Buddhism", "Hinduism", "Judaism", "Islam"], "probs": [[0.571847604830924, 0.25768344723477477, 0.09199444212544065, 0.07847450570886057], [0.28711786435477915, 0.19574501816841006, 0.29155081073183753, 0.22558630664497328], [0.13900775130216236, 0.3243512607593214, 0.3932658848746509, 0.14337510296386527], [0.217206387071895, 0.4425445761644519, 0.23512668730108063, 0.10512234936257245]], "ideal": "A", "sampled": "A", "correct": true}}
{"type": "result", "data": {"idx": 33, "options": ["Kali yuga", "Maha yuga", "Krita yuga", "Satya yuga"], "probs": [[0.5400105198679354, 0.1516468845401585, 0.14939864200943775, 0.1589439534824684], [0.32409426484094006, 0.16217377740076683, 0.23269931069961555, 0.2810326469586775], [0.22332467961090705, 0.15474004580797948, 0.41262094932778254, 0.20931432515333093], [0.20589281046832664, 0.46323697845045037, 0.18513987294103454, 0.14573033804018848]], "ideal": "A", "sampled": "A", "correct": true}}
{"type": "result", "data": {"idx": 34, "options": ["Hymns", "Laws", "Ethics", "Myths"], "probs": [[0.6257069063625857, 0.09445295411556452, 0.1941364690904161, 0.08570367033143367], [0.10170972283201203, 0.14599917316461347, 0.3687324472788198, 0.38355865662455463], [0.05922190140963254, 0.09791443693881882, 0.7525481756462764, 0.09031548590527223], [0.06335714836423711, 0.797611522452435, 0.09281535998938333, 0.04621596909394452]], "ideal": "A", "sampled": "A", "correct": true}}
{"type": "result", "data": {"idx": 35, "options": ["Pure Land", "Tendai", "Shingon", "Soto Zen"], "probs": [[0.7826725911009448, 0.06724191005468595, 0.07313671216955756, 0.07694878657481172], [0.03411931097838255, 0.027451720626572272, 0.11131079723244816, 0.827118171062597], [0.030327051084103274, 0.03670056440722524, 0.8450076358849687, 0.08796474852370274], [0.036777467079917456, 0.7773037071837084, 0.10165199042811715, 0.084266835208257]], "ideal": "A", "sampled": "A", "correct": true}}
{"type": "result", "data": {"idx": 36, "options": ["Sita", "Rama", "Kali", "Durga"], "probs": [[0.401026284746326, 0.18120773264810935, 0.16228268999765932, 0.2554832925079053], [0.11377589318675572, 0.09099226376255198, 0.3207068717106333, 0.474524971240059], [0.11794759683465451, 0.16898610199746725, 0.3797910922323681, 0.3332752088355101], [0.17545957600121104, 0.23770367742629528, 0.230029639131228, 0.3568071073412657]], "ideal": "A", "sampled": "A", "correct": true}}
{"type": "result", "data": {"idx": 37, "options": ["Rumi", "Rabi'a", "Fatimah", "Khadija"], "probs": [[0.14099083419251676, 0.5948443830954925, 0.13886436404793515, 0.12530041856405566], [0.3796865258801308, 0.09138085487955021, 0.19041043092469173, 0.3385221882156273], [0.05369523472064534, 0.04844261308372818, 0.31086093616751875, 0.5870012159281077], [0.038034676368168006, 0.08403172837753022, 0.7475354447947813, 0.1303981503595205]], "ideal": "B", "sampled": "B", "correct": true}}
{"type": "result", "data": {"idx": 38, "options": ["Andal", "Devi", "Ganga", "Kali"], "probs": [[0.8446489853070556, 0.05548918039954703, 0.04098177920685005, 0.05888005498654731], [0.10385254063108851, 0.0372694247822053, 0.10070677138121219, 0.758171263105494], [0.03428297770509583, 0.04649816089015962, 0.8280534229984411, 0.09116543830630347], [0.03909601614161764, 0.832404428395802, 0.07688251824740754, 0.05161703711517282]], "ideal": "A", "sampled": "A", "correct": true}}
{"type": "result", "data": {"idx": 39, "options": ["Paul of Tarsus", "Clare of Assisi", "Francis of Assisi", "John of the Cross"], "probs": [[0.13330322204418107, 0.23364297151997504, 0.435501554758649, 0.19755225157719492], [0.2527622451742566, 0.47912538279367783, 0.1549246414917887, 0.11318773044027682], [0.7227963423839522, 0.11571377859489643, 0.07461396826397196, 0.08687591065717946], [0.27409800475929014, 0.14593401332328676, 0.20492405882031797, 0.3750439229971051]], "ideal": "C", "sampled": "C", "correct": true}}
{"type": "result", "data": {"idx": 40, "options": ["Epistemology", "Morality", "Religion", "Aesthetics"], "probs": [[0.08602509622681316, 0.3872857343209768, 0.40872155941915156, 0.11796760993305852], [0.25155373280719895, 0.4715370026562297, 0.15114111521187967, 0.12576814922469165], [0.32802713891644664, 0.22859441422901686, 0.21032633512081494, 0.23305211163372155], [0.09384251151193161, 0.14310266073526484, 0.46775860671029507, 0.2952962209425085]], "ideal": "B", "sampled": "C", "correct": false}}
{"type": "result", "data": {"idx": 41, "options": ["Greek Orthodox", "Roman Catholic", "Puritans", "Quakers"], "probs": [[0.06104459049820181, 0.15600972340960031, 0.33110592752679946, 0.4518397584653984], [0.13085135106037968, 0.23144432789421251, 0.4043117704172997, 0.23339255052810803], [0.1755008250299429, 0.40326154227992533, 0.19582159815260564, 0.22541603443752614], [0.19990633426097706, 0.14289970694543447, 0.29678779837501484, 0.36040616031857364]], "ideal": "D", "sampled": "D", "correct": true}}
{"type": "result", "data": {"idx": 42, "options": ["Peter", "Paul", "Jesus", "Matthew"], "probs": [[0.8040006998570165, 0.0949604163182623, 0.06029897811544221, 0.040739905609278954], [0.14433063135102617, 0.4449401960839877, 0.1707266965121162, 0.24000247595286994], [0.10493480178555238, 0.14807878102195396, 0.6174575547824797, 0.12952886231001395], [0.06982488964823015, 0.8079106517718448, 0.07548602023182174, 0.04677843824810329]], "ideal": "A", "sampled": "A", "correct": true}}
{"type": "result", "data": {"idx": 43, "options": ["1935", "2000", "1965", "1975"], "probs": [[0.2869038028266791, 0.137850167407469, 0.40284094810690774, 0.17240508155894416], [0.07770285009560801, 0.5074633359401595, 0.24107402560684352, 0.17375978825738903], [0.2668233990332362, 0.19830850368356204, 0.3715950382161312, 0.16327305896707053], [0.23681228370554439, 0.36886178576189443, 0.2078060886854353, 0.1865198417471259]], "ideal": "A", "sampled": "C", "correct": false}}
{"type": "result", "data": {"idx": 44, "options": ["Householders who supported renouncers", "Orthodox interpreters of the scriptures", "Women ascetics who lived in communities", "Temple-dwelling renouncers"], "probs": [[0.29714188419502674, 0.16073996066542345, 0.32979673635339, 0.21232141868615975], [0.13779459018199217, 0.3648690744066034, 0.35229523561181864, 0.1450410996995858], [0.3111430979123772, 0.4421559240811285, 0.1602009075704881, 0.08650007033600618], [0.6134877524240328, 0.13766629220408438, 0.13355743090144873, 0.11528852437043409]], "ideal": "D", "sampled": "D", "correct": true}}
{"type": "result", "data": {"idx": 45, "options": ["Thoughtfulness", "Non-action", "Spontaneity", "Meditation"], "probs": [[0.06110674005642249, 0.4215465987451546, 0.41589184661762757, 0.10145481448079537], [0.08653948129225608, 0.7804867406389735, 0.0756639576762928, 0.057309820292477553], [0.7204534625421769, 0.09549285010017244, 0.08146193865503662, 0.10259174860261404], [0.06127700908407975, 0.10555922905373558, 0.6236556125281291, 0.20950814923405559]], "ideal": "C", "sampled": "C", "correct": true}}
{"type": "result", "data": {"idx": 46, "options": ["hand gestures", "saints", "religious clothing", "temples"], "probs": [[0.8539921545054739, 0.0629639469437971, 0.036240741201881116, 0.0468031572488478], [0.03565860113653687, 0.054966460088859, 0.14189058329399235, 0.7674843553806118], [0.019807496281641503, 0.05219785042690702, 0.8622640852287973, 0.06573056796265422], [0.03223265238287213, 0.8960754446151904, 0.03735887578968442, 0.03433302711225302]], "ideal": "A", "sampled": "A", "correct": true}}
{"type": "result", "data": {"idx": 47, "options": ["Julius Caesar", "Alexander the Great", "Cyrus of Persia", "Antiochus IV Epiphanes"], "probs": [[0.10148116464780285, 0.053623495153803456, 0.2333092303086138, 0.6115861097897799], [0.03922901082974595, 0.05451870776994492, 0.8367432483523716, 0.06950903294793753], [0.0572175087618887, 0.812887373533348, 0.0904847088756255, 0.03941040872913783], [0.8070999172651587, 0.055627571825361835, 0.08157327557652204, 0.05569923523295741]], "ideal": "D", "sampled": "D", "correct": true}}
{"type": "result", "data": {"idx": 48, "options": ["30", "40", "33", "52"], "probs": [[0.1819941631668977, 0.23304664638006672, 0.44793750853548153, 0.13702168181755406], [0.21196914891315027, 0.3967129826638806, 0.2572032770674029, 0.13411459125556618], [0.2296463353544157, 0.2957622540787151, 0.3368498535199314, 0.1377415569469378], [0.20334672016792302, 0.32598181098501294, 0.32244153366255063, 0.14822993508451343]], "ideal": "A", "sampled": "C", "correct": false}}
{"type": "result", "data": {"idx": 49, "options": ["Serpent", "Eagle", "Cheetah", "Cow"], "probs": [[0.15428142248041385, 0.28472352025045833, 0.3679772317041538, 0.19301782546497404], [0.16872934762409947, 0.20817102550652794, 0.42513743225982953, 0.19796219450954305], [0.13940746421656472, 0.2827988733246574, 0.39105015339816096, 0.1867435089606169], [0.20479660039279213, 0.23542575886615877, 0.3798238095235058, 0.1799538311175433]], "ideal": "D", "sampled": "D", "correct": true}}
{"type": "result", "data": {"idx": 50, "options": ["Community", "Scripture", "Worship", "Apprenticeship"], "probs": [[0.2591292377657999, 0.37475015404426393, 0.23202114842096533, 0.13409945966897088], [0.13570870457722656, 0.17923970518703972, 0.44651782508199617, 0.23853376505373755], [0.07132651869786892, 0.4891137413851754, 0.3076073297843193, 0.1319524100326364], [0.18124239685041452, 0.35350147939668075, 0.33917270118101317, 0.12608342247189155]], "ideal": "A", "sampled": "D", "correct": false}}
{"type": "result", "data": {"idx": 51, "options": ["Construction of the Second Temple", "Destruction of the Second Temple", "The Christianization of the Roman Empire", "The emergence of Islam"], "probs": [[0.1469708895672316, 0.5924760963537135, 0.15957843479014028, 0.10097457918891473], [0.7426702656103922, 0.09032217748760137, 0.07911091591784933, 0.08789664088415709], [0.09178483888390579, 0.1965478287236604, 0.4495976995377027, 0.26206963275473116], [0.061500931411395135, 0.47409595798180204, 0.3343721242637165, 0.13003098624308632]], "ideal": "B", "sampled": "B", "correct": true}}
{"type": "result", "data": {"idx": 52, "options": ["Genshin", "Dogen", "Honen", "Shinran"], "probs": [[0.09073247151218329, 0.1031235238202228, 0.3481555943334608, 0.4579884102341331], [0.03476471890840823, 0.4712143031635227, 0.3510212069216497, 0.14299977090641944], [0.16218850377491603, 0.6416194581705831, 0.08885565597842908, 0.10733638197607176], [0.6027052716228927, 0.12109205757095763, 0.07155452296079153, 0.20464814774535814]], "ideal": "C", "sampled": "D", "correct": false}}
{"type": "result", "data": {"idx": 53, "options": ["Pakistan", "Iraq", "Indonesia", "Turkey"], "probs": [[0.05215776202639776, 0.07365173653684844, 0.6401725243836933, 0.2340179769530605], [0.02035104924445019, 0.278411044467819, 0.22500260362930513, 0.47623530255842567], [0.14948889277522948, 0.09337412356305408, 0.5737869610707304, 0.18335002249098606], [0.027581070334937865, 0.26890817983127685, 0.17856768237494075, 0.5249430673588444]], "ideal": "C", "sampled": "C", "correct": true}}
{"type": "result", "data": {"idx": 54, "options": ["Gregory", "Augustine", "Athanasius", "Francis"], "probs": [[0.25637758157636314, 0.16022588549778802, 0.19664150767507954, 0.3867550251507693], [0.09574673751887183, 0.12199918724862992, 0.3401981743918582, 0.4420559007406401], [0.09997284038754098, 0.1744645898787776, 0.40356434890929754, 0.3219982207243839], [0.1917335901187737, 0.3462107920504249, 0.23350342062000518, 0.22855219711079627]], "ideal": "A", "sampled": "A", "correct": true}}
{"type": "result", "data": {"idx": 55, "options": ["Enlightened being", "Worthy ones", "Saintly ones", "Sages"], "probs": [[0.7088726637537751, 0.07473332935271346, 0.0775764338459573, 0.13881757294755412], [0.09421455761910068, 0.11663226484393634, 0.5259183174514878, 0.26323485998547524], [0.08358109370145765, 0.2516276352583507, 0.5570332656407596, 0.10775800529943204], [0.1047096973990315, 0.7386209202872488, 0.07752273802750777, 0.07914664418621196]], "ideal": "A", "sampled": "A", "correct": true}}
{"type": "result", "data": {"idx": 56, "options": ["Guru Ram Das", "Guru Tegh Bahadur", "Guru Gobind Singh", "Guru Har Rai"], "probs": [[0.06822743655362883, 0.6933664317215142, 0.14369135344201275, 0.09471477818284417], [0.8020486800984349, 0.07448593498585596, 0.05686328165833021, 0.06660210315737895], [0.3338031967007144, 0.12473573907750002, 0.1758342928759964, 0.3656267712457892], [0.07788710973065406, 0.13687735856979968, 0.5935364937970249, 0.19169903780252137]], "ideal": "B", "sampled": "B", "correct": true}}
{"type": "result", "data": {"idx": 57, "options": ["Guru Nanak", "Guru Arjan", "Guru Hargobind", "Guru Ram Das"], "probs": [[0.15935239431683718, 0.18539674854505914, 0.42831794061427636, 0.22693291642382735], [0.18284989346672786, 0.42513869921668684, 0.19977482555970077, 0.19223658165688454], [0.5460540977202637, 0.14784937486656455, 0.1443433251441215, 0.1617532021690503], [0.1661233404782195, 0.18138329273933065, 0.2855824402036257, 0.3669109264788241]], "ideal": "C", "sampled": "C", "correct": true}}
{"type": "result", "data": {"idx": 58, "options": ["In the community", "In faith in God", "In ascetic renunciation", "In the life of the householder"], "probs": [[0.07904618939379851, 0.691219510773992, 0.11033255847178283, 0.11940174126042657], [0.20145626964510366, 0.27143443436991127, 0.35730872619479287, 0.16980056969019214], [0.14176873216217062, 0.44120469334509815, 0.2017274320953482, 0.21529914229738298], [0.16146603993353695, 0.1603505688588649, 0.49613887828966724, 0.1820445128179309]], "ideal": "D", "sampled": "B", "correct": false}}
{"type": "result", "data": {"idx": 59, "options": ["God is eternal and merciful to those who offer worship", "Humans can align themselves with life energy through worship of kami", "Justice will be the final outcome in the next world", "Power and force are the most divine attributes"], "probs": [[0.11843450415373546, 0.752533843835475, 0.06345696427122484, 0.06557468763956473], [0.8216688417876571, 0.05607894288726912, 0.04359564816080109, 0.07865656706427265], [0.0732031671658753, 0.04573200540386274, 0.15148628908029138, 0.7295785382499705], [0.07130949837285208, 0.08146557834726148, 0.7315029392181043, 0.11572198396178214]], "ideal": "A", "sampled": "B", "correct": false}}
{"type": "result", "data": {"idx": 60, "options": ["Durga", "Sri Lakshmi", "Kali", "Mahavira"], "probs": [[0.1294436810532564, 0.4200449475246067, 0.26096321316269555, 0.18954815815944132], [0.20379576512198405, 0.3522568459024591, 0.12115576975258802, 0.32279161912296883], [0.11919806709006761, 0.05144863545223173, 0.3791851700355588, 0.4501681273221419], [0.04965924862148694, 0.25170397849733883, 0.39010521910948087, 0.3085315536716933]], "ideal": "B", "sampled": "B", "correct": true}}
{"type": "result", "data": {"idx": 61, "options": ["China", "Silla", "Goguryeo", "Joseon"], "probs": [[0.4521072410536957, 0.248758327135527, 0.1563200871335151, 0.14281434457726214], [0.25027222557570233, 0.24945745984760373, 0.23219880007264226, 0.2680715144040517], [0.18526965930008882, 0.251781769124774, 0.3044897408326877, 0.25845883064244946], [0.2008763342633735, 0.4248078338434323, 0.22085399265304043, 0.15346183914015377]], "ideal": "B", "sampled": "A", "correct": false}}
{"type": "result", "data": {"idx": 62, "options": ["Madhva", "Patanjali", "Ramanuja", "Aryabhatta"], "probs": [[0.03634030127860261, 0.8933281894628424, 0.039680172818495826, 0.030651336340059173], [0.9154222623748256, 0.039513986627371225, 0.016857279494315872, 0.028206471403487303], [0.13702331277813226, 0.13379633225956225, 0.22532048483442388, 0.5038598700278816], [0.08913366643041871, 0.10657752334603542, 0.6809983392199482, 0.12329047090359765]], "ideal": "B", "sampled": "B", "correct": true}}
{"type": "result", "data": {"idx": 63, "options": ["It was visited by Moses.", "It is a haram.", "It was built by Abraham.", "It is a square building."], "probs": [[0.26596311128405126, 0.2686184684457749, 0.2902048869171344, 0.17521353325303934], [0.3104924764771963, 0.22773999784874419, 0.3013083546662516, 0.16045917090780787], [0.3129498110838181, 0.2876276416435451, 0.2554050721778136, 0.14401747499482317], [0.35410987271970307, 0.20152329795958107, 0.2763680733056244, 0.16799875591509145]], "ideal": "A", "sampled": "D", "correct": false}}
{"type": "result", "data": {"idx": 64, "options": ["Parvati", "Ganesha", "Vishnu", "Sita"], "probs": [[0.0341964505385732, 0.8886197009847614, 0.0484732378566987, 0.02871061051996664], [0.9207027416395921, 0.02065943150523194, 0.022219549531211517, 0.03641827722396439], [0.1314294645910371, 0.06776317258815222, 0.2722792645441353, 0.5285280981766753], [0.03370987966797857, 0.05223239335105311, 0.8088592517926965, 0.10519847508827186]], "ideal": "B", "sampled": "B", "correct": true}}
{"type": "result", "data": {"idx": 65, "options": ["Sri Lakshmi", "Mahavira", "Rsabha", "Nanak"], "probs": [[0.13088240313185562, 0.6143474852877802, 0.1446681385194296, 0.11010197296093459], [0.6611412166887992, 0.13225156067479363, 0.11284500359360441, 0.09376221894280273], [0.26132573252244595, 0.16270829215260224, 0.20583094391141038, 0.3701350313135414], [0.11233662729081226, 0.09968678577970892, 0.6176860285850132, 0.1702905582444656]], "ideal": "C", "sampled": "B", "correct": false}}
{"type": "result", "data": {"idx": 66, "options": ["Ban Zhao", "Laozi", "Menicus", "Liu Xiang"], "probs": [[0.8135252806277538, 0.11515101344498259, 0.0387874777260093, 0.03253622810125429], [0.1116780174906928, 0.3198346447649446, 0.14898258224155922, 0.41950475540280335], [0.0438371349030327, 0.26722617342027993, 0.6214284525828936, 0.06750823899379378], [0.048739508878919154, 0.8381474800645785, 0.0687061712532964, 0.044406839703205976]], "ideal": "A", "sampled": "A", "correct": true}}
{"type": "result", "data": {"idx": 67, "options": ["36,000", "12,000", "24,000", "7,000"], "probs": [[0.32679299549214463, 0.25336681283760715, 0.2772720290579072, 0.142568162512341], [0.31895683638349215, 0.23965462621086214, 0.27890042714520713, 0.1624881101604386], [0.32165494557978824, 0.2398346364258304, 0.2771304845532806, 0.16137993334110076], [0.3071113572277184, 0.2539629675784506, 0.2773031037366711, 0.16162257135715993]], "ideal": "A", "sampled": "A", "correct": true}}
{"type": "result", "data": {"idx": 68, "options": ["Ultimate Reality", "The gurus", "The community", "Sikh worship"], "probs": [[0.5477731145702428, 0.11393676527289477, 0.12528461029938787, 0.21300550975747456], [0.1311362774031032, 0.11257856579883099, 0.3359095899763253, 0.4203755667217405], [0.09113574161049069, 0.1023110976653317, 0.6603019986183911, 0.14625116200578653], [0.12452086431095127, 0.6430155825870627, 0.12079390497173631, 0.11166964803024967]], "ideal": "A", "sampled": "A", "correct": true}}
{"type": "result", "data": {"idx": 69, "options": ["Sansar", "Hukam", "Mantar", "Karam"], "probs": [[0.1294171401555207, 0.6569842295283006, 0.10162230137828927, 0.1119763288378894], [0.6921383686257295, 0.11434719625203357, 0.09984594508121866, 0.09366848994101817], [0.21994688270118426, 0.1681411614291958, 0.20785000047542368, 0.40406195529419625], [0.14578470912126779, 0.11254520219657607, 0.6024232640801683, 0.1392468245019878]], "ideal": "B", "sampled": "B", "correct": true}}
{"type": "result", "data": {"idx": 70, "options": ["30", "29", "27", "47"], "probs": [[0.15543953509204095, 0.33548976987164686, 0.3694797676122119, 0.13959092732410028], [0.1709450308666792, 0.36595767187455935, 0.318931962235685, 0.14416533492307645], [0.20748837290119482, 0.19307565687156159, 0.4257617294362599, 0.17367424069098372], [0.1119069042724631, 0.31519536986792585, 0.4123174096113363, 0.16058031614827473]], "ideal": "C", "sampled": "C", "correct": true}}
{"type": "result", "data": {"idx": 71, "options": ["Zen Buddhism", "Chan Buddhism", "Humanistic Buddhism", "Pure Land Buddhism"], "probs": [[0.17939486563215212, 0.17036756363692218, 0.3834850673445514, 0.26675250328637434], [0.279221960255058, 0.17686729658466066, 0.3166195546256648, 0.2272911884346165], [0.30587292170256736, 0.18305400284864826, 0.3259732771483914, 0.18509979820039293], [0.25809153911870686, 0.12438118456550377, 0.35592266913669474, 0.26160460707909466]], "ideal": "C", "sampled": "C", "correct": true}}
{"type": "result", "data": {"idx": 72, "options": ["They worshipped exclusively outside of the temple", "They believed that nakedness was an elemental expression of non-attachment", "They included women within the ranks of the leadership", "They believed that the omniscient Jina must eat and sleep"], "probs": [[0.15330133183186068, 0.5817836652513029, 0.14427250944734465, 0.12064249336949172], [0.5862563673191215, 0.1300319543341318, 0.12631117919877144, 0.15740049904797532], [0.18659088013690425, 0.14579871295424643, 0.2781886756141947, 0.3894217311946546], [0.13057115867279337, 0.16487622505083321, 0.5328911025720079, 0.1716615136043655]], "ideal": "B", "sampled": "B", "correct": true}}
{"type": "result", "data": {"idx": 73, "options": ["Namokar Mantra", "The Liberation Mantra", "Ahimsa", "Archaryas"], "probs": [[0.6590892720985645, 0.14207558438307552, 0.09326934883011512, 0.10556579458824482], [0.23473361831742473, 0.16000573812332297, 0.15829937630201016, 0.4469612671572421], [0.1362122913494436, 0.11311578918034855, 0.5628352844574773, 0.18783663491273053], [0.09416630004519837, 0.7061428304449304, 0.11069314922953133, 0.08899772018033993]], "ideal": "A", "sampled": "A", "correct": true}}
{"type": "result", "data": {"idx": 74, "options": ["Second century CE", "Fifth century CE", "Fifth century BCE", "Eighteenth century CE"], "probs": [[0.26228571326323663, 0.3713912720814184, 0.2165630044804465, 0.14976001007489842], [0.4115728735512194, 0.15827205775585554, 0.23545774815112158, 0.19469732044180346], [0.1954919695658695, 0.20413064954623733, 0.39484184976444037, 0.2055355310234528], [0.16097123388655002, 0.23353801567233823, 0.4108917659641745, 0.19459898437693723]], "ideal": "B", "sampled": "B", "correct": true}}
{"type": "result", "data": {"idx": 75, "options": ["7", "42", "24", "13"], "probs": [[0.21391390580651692, 0.28679499454603113, 0.3145552026099601, 0.18473589693749182], [0.21598540768912916, 0.2312689319944558, 0.3660647705100338, 0.18668088970638122], [0.2036732973106662, 0.31703998072433953, 0.3344530314373168, 0.14483369042767746], [0.21782363432659377, 0.31064404442679044, 0.31785462724314323, 0.15367769390347255]], "ideal": "C", "sampled": "D", "correct": false}}
{"type": "result", "data": {"idx": 76, "options": ["Ocean of Love", "Lover of Wisdom", "Ocean of Wisdom", "Stillness of Love"], "probs": [[0.03727575888663984, 0.4269251966136194, 0.4375904944783746, 0.09820854992136614], [0.11450858902139459, 0.6078919631851101, 0.14456793341305735, 0.13303151428043797], [0.1904437002481424, 0.18846738898262375, 0.3742043189093082, 0.2468845917599256], [0.06996374420203068, 0.21712684143860078, 0.45080273331359944, 0.2621066809457691]], "ideal": "C", "sampled": "C", "correct": true}}
