{"type": "result", "data": {"idx": 0, "options": ["This type occurs in binary systems.", "This type occurs in young galaxies.", "This type produces gamma-ray bursts.", "This type produces high amounts of X-rays."], "probs": [[0.9667758837139891, 0.024584127324300663, 0.005153085049415206, 0.0034869038122950146], [0.953684279168436, 0.032127630261542854, 0.012980662405875358, 0.0012074280641457384], [0.9237206319246416, 0.030160720545742568, 0.03812658307338943, 0.007992064356226406], [0.9687341618119845, 0.01918485539169836, 0.010430580826073817, 0.0016504018702432957], [0.958392024674473, 0.029396912033719556, 0.010814466003358992, 0.0013965971884483367], [0.9824477459481431, 0.014234669543240442, 0.0021491034477464054, 0.0011684809608700853], [0.0014527161442988161, 0.9512859323915593, 0.04312291623970007, 0.004138435124441717], [0.001452338923160721, 0.9362964742370403, 0.058926720852596336, 0.003324465887202639], [0.0003279961346740777, 0.0006625700844951175, 0.9777431811743145, 0.021266252506516287], [0.0002912180901333038, 0.00028226834178136256, 0.0002164153785594677, 0.9992100980895259], [0.00035828804749727994, 0.0015563240299911495, 0.9877770406321235, 0.010308347190388147], [0.0003458394818583111, 0.0002651740531260098, 0.00015346595466185996, 0.9992355204103538], [0.003111230087461202, 0.9775278780971355, 0.016048959758338, 0.003311931957065353], [0.002331393965202244, 0.9856971935566967, 0.010127110239511627, 0.001844302138589457], [0.0007868728452642036, 0.0020409885461458908, 0.9778077146787603, 0.01936442382982966], [0.00031001758592813354, 0.0002570211639032325, 0.00016855415366822903, 0.9992644069965004], [0.003570740368631968, 0.0039834536152020365, 0.9596092737478978, 0.03283653216826817], [0.00024147556009265192, 0.00020655089260741003, 0.00015111188197817162, 0.9994008615653218], [0.003592506977545897, 0.9806665208425296, 0.013347809118735383, 0.002393162961189084], [0.003388312691068515, 0.9845758809649425, 0.010601089479311043, 0.0014347167646779502], [0.00098581170525402, 0.0022920705562545995, 0.9843312581136885, 0.012390859524802829], [0.00034050293876415426, 0.0002491246323187359, 0.00010384801604396036, 0.9993065243128731], [0.001815337320656978, 0.0008442102033625447, 0.9855028890147768, 0.011837563361203654], [0.0002131240035038596, 0.00014648192155376023, 0.00013547010895015784, 0.9995049238659922]], "ideal": "A", "sampled": "A", "correct": true}}
{"type": "result", "data": {"idx": 1, "options": ["Its speed relative to you", "Its composition", "Its size", "Its distance from you"], "probs": [[0.0012257071570289937, 0.003895348517489823, 0.01144888751153894, 0.9834300567139422], [0.0006745139014154637, 0.0020776507243363074, 0.9647479074785631, 0.032499927795685155], [0.005166627574667263, 0.06006090503478073, 0.0098045508585582, 0.9249679164319938], [0.0012783563377436328, 0.007130083190679031, 0.978680610234537, 0.012910950137040323], [0.0012354055062286785, 0.9758165336084079, 0.01705421959131937, 0.005893841194044066], [0.002225161541252829, 0.9118308470744291, 0.08092946599835747, 0.005014525285960602], [0.0013647109127496548, 0.00476339671019124, 0.012355097950173033, 0.9815167943268861], [0.0006925134351411682, 0.0019422072115897575, 0.9751379449820009, 0.022227334271268145], [0.0061384129956009404, 0.04260971941887178, 0.02584376476838143, 0.9254081027171458], [0.0035741086313369154, 0.02520017273993264, 0.7962984278760223, 0.1749272906527081], [0.008098889473342826, 0.6235844151775887, 0.1083621427009804, 0.259954552548088], [0.008263036977256218, 0.6772572700266065, 0.06918576668341461, 0.24529392621272264], [0.007792527634203623, 0.02053093311064496, 0.012847751126454872, 0.9588287880286965], [0.0017028637784739296, 0.003959274903988378, 0.9840682911916682, 0.010269570025869517], [0.010889995416114934, 0.03200802081471895, 0.021657426923571733, 0.9354445567455943], [0.0076273605077772375, 0.02139166924629337, 0.8027186974029721, 0.16826227274295727], [0.012900369408745324, 0.8364252556302986, 0.06251355341493842, 0.08816082144601764], [0.007574562716389942, 0.8892946606541632, 0.010850107944600243, 0.09228066858484663], [0.6132100210353538, 0.19599438083393694, 0.012335221522364869, 0.17846037650834431], [0.539640724605002, 0.13859109579130904, 0.288849174947464, 0.032919004556225005], [0.6811617599469957, 0.1044599486327393, 0.022240752310613555, 0.19213753900965147], [0.47466608169896135, 0.19480348831250083, 0.06838229196010236, 0.26214813792843544], [0.733205008549265, 0.16617686638099843, 0.01166744047353794, 0.0889506844961987], [0.4788045635957655, 0.27711242731384766, 0.007046614382676259, 0.23703639460771062]], "ideal": "D", "sampled": "D", "correct": true}}
{"type": "result", "data": {"idx": 2, "options": ["Because the molecules that compose the Earth's atmosphere have a blue-ish color.", "Because the sky reflects the color of the Earth's oceans.", "Because the atmosphere preferentially scatters short wavelengths.", "Because the Earth's atmosphere preferentially absorbs all other colors."], "probs": [[0.007662541883477582, 0.017000096125215837, 0.9727303034115928, 0.0026070584797137026], [0.031011727743868102, 0.08697498135432644, 0.16504854515569814, 0.7169647456461073], [0.0036977344193822826, 0.9937445771980362, 0.0017196130208366894, 0.0008380752617448415], [0.004188286643225384, 0.9933173148175528, 0.002009565959743688, 0.00048483247947814234], [0.01456851668462935, 0.2748899999287947, 0.008564423593378704, 0.7019770596931972], [0.021641101717892908, 0.7510476173067772, 0.21856740538204797, 0.00874387549328192], [0.006867105831308365, 0.48900373723348345, 0.4967039726587905, 0.007425184176417643], [0.012436098522124413, 0.7574705544262214, 0.10251200284026646, 0.12758134411138777], [0.0005355260361776628, 0.9990003972312865, 0.0003680616890302706, 9.601494350551756e-05], [0.000709190934416232, 0.9986238500371477, 0.0004438011631139865, 0.0002231577653220052], [0.006164665171320743, 0.9588328007428362, 0.02254944575876417, 0.012453088227078954], [0.008302872388792753, 0.9157387535630834, 0.0632978780126861, 0.012660495935437652], [0.9312206164680463, 0.06852010079357676, 0.0002113753638142566, 4.7907274562695876e-05], [0.8836501356315233, 0.11591021868209866, 0.0003988953883317053, 4.0750198046290584e-05], [0.9724112435060129, 0.027157696553578494, 0.0003582720269787213, 7.27878134298619e-05], [0.9662150481229322, 0.033062237358599755, 0.0005261176706609006, 0.00019659674780711322], [0.9417677899799153, 0.0574484379705335, 0.0007345590686858903, 4.921288086528097e-05], [0.9531207233698509, 0.04599334083860379, 0.0005611598926982482, 0.00032477579884710123], [0.08349095214122595, 0.23052821857900663, 0.008396961655026049, 0.6775838675247414], [0.08697920967949312, 0.7169780077680032, 0.19297201776785555, 0.0030707646846480476], [0.09664314275253154, 0.10287724472625424, 0.04028709619941431, 0.7601925162217998], [0.025353375279406752, 0.05367320310318494, 0.9078200932037539, 0.013153328313654343], [0.038739686751349076, 0.953363549573666, 0.007393617743439192, 0.0005031458315457093], [0.04280924956355077, 0.9443650226773043, 0.00721029561180646, 0.005615432047338435]], "ideal": "C", "sampled": "C", "correct": true}}
{"type": "result", "data": {"idx": 3, "options": ["The first time you drop a bowling ball and it falls to the ground proving your hypothesis.", "After you\u2019ve repeated your experiment many times.", "You can never prove your theory to be correct only \u201cyet to be proven wrong\u201d.", "When you and many others have tested the hypothesis."], "probs": [[0.04301609230639007, 0.08422315394279302, 0.39557523301151715, 0.47718552063929975], [0.016530684724847998, 0.02224524823877493, 0.058607826447024516, 0.9026162404893525], [0.04071154239302175, 0.5197813127325537, 0.0822415683509767, 0.3572655764234478], [0.03398469292686439, 0.3541329415761712, 0.5316180307105853, 0.08026433468637904], [0.032601784304216244, 0.2298710601198455, 0.07233146442622336, 0.6651956910497149], [0.029111670996957117, 0.46984360672201236, 0.4483286554230379, 0.05271606675799258], [0.04743937084383474, 0.06795511683443092, 0.2193602027208654, 0.6652453095008689], [0.031131985184767248, 0.060954910787421664, 0.45039705192557156, 0.45751605200223955], [0.06318773007274776, 0.46690580394778797, 0.1588569240836812, 0.31104954179578304], [0.036592249822515015, 0.563530581870158, 0.31611288215688155, 0.08376428605044539], [0.029680677418736107, 0.04743075476330265, 0.34503219299365306, 0.5778563747243082], [0.028434592486152675, 0.06308542771901403, 0.8181118154945085, 0.09036816420032474], [0.12603400458574587, 0.33206182220145686, 0.20457887342644068, 0.3373252996863566], [0.06686165085661455, 0.32400652921003203, 0.5259172233184066, 0.08321459651494673], [0.11681140435907064, 0.2082427050750612, 0.09991636424631446, 0.5750295262195537], [0.11250079179923825, 0.37468822481558, 0.3465337609838804, 0.16627722230130135], [0.03857517213305146, 0.6731678792670147, 0.20530459129765524, 0.08295235720227864], [0.061137508367081525, 0.8053377239892041, 0.057434394735931836, 0.07609037280778248], [0.1015996434050447, 0.20847207771702236, 0.5001022926985816, 0.18982598607935128], [0.29204591398634766, 0.35782601559357935, 0.32075526530474635, 0.02937280501532665], [0.052402909449441364, 0.0500044483641118, 0.20726124785808428, 0.6903313942283625], [0.02506142929128817, 0.038816229661881446, 0.8430045497469871, 0.09311779119984327], [0.09290455280805421, 0.68648535006334, 0.1708800494499988, 0.04973004757860701], [0.02667408110992938, 0.8696404859915643, 0.04262575507372997, 0.0610596777247763]], "ideal": "C", "sampled": "C", "correct": true}}
{"type": "result", "data": {"idx": 4, "options": ["Titan is the only outer solar system moon with a thick atmosphere", "Titan is the only outer solar system moon with evidence for recent geologic activity", "Titan's atmosphere is composed mostly of hydrocarbons", "A and D"], "probs": [[0.16536101604696055, 0.6748099896745285, 0.0020176967912254253, 0.1578112973872855], [0.19730065173021905, 0.7331048030983003, 0.028873435289552257, 0.040721109781928444], [0.23812118081557304, 0.4311966581539381, 0.03430575491776078, 0.2963764060127281], [0.27353422277471606, 0.5974840832827187, 0.050601507377113324, 0.0783801864654519], [0.3755167350105478, 0.32121028427311077, 0.22076527597873766, 0.08250770463760373], [0.4315495289031895, 0.2966197199067324, 0.03712616198420664, 0.23470458910587144], [0.6907714733306862, 0.07395780968592972, 0.007438097286935231, 0.22783261959644877], [0.8222176033597437, 0.05339346939493577, 0.08532142225105756, 0.03906750489426302], [0.45323748041853057, 0.1720362294247779, 0.010494287033920986, 0.36423200302277053], [0.6262390053028367, 0.23402439943377812, 0.060102218970408246, 0.07963437619297692], [0.7635773944503046, 0.15273368214840397, 0.01039390442422118, 0.07329501887707023], [0.7039791417011818, 0.14081461870469242, 0.009886880505545148, 0.14531935898858067], [0.07009539235142406, 0.777538420908705, 0.0016229964058876662, 0.15074319023398333], [0.10243440265772003, 0.8576997389874508, 0.011858256355854337, 0.02800760189897481], [0.08525835253850678, 0.7028135270834562, 0.0008897957251985775, 0.21103832455283839], [0.13349975495009545, 0.8178164866737926, 0.01385337098713224, 0.03483038728897969], [0.3536380423657699, 0.22479546888024338, 0.3170104826070609, 0.10455600604692585], [0.38973914992280834, 0.20538818528106031, 0.28964232963940373, 0.11523033505672764], [0.1903595679349707, 0.7412384358770803, 0.02658136821779133, 0.041820627870157716], [0.2908132222226711, 0.5874823030652142, 0.014707441248579535, 0.10699703336353515], [0.10129318885287525, 0.8481426656809568, 0.008990667271930724, 0.041573478094237316], [0.11835462742103443, 0.808829257663277, 0.007449152968860363, 0.06536696184682826], [0.19177770827034538, 0.6693866923086024, 0.037764799268099135, 0.10107080005295314], [0.2280827833009228, 0.639688708728664, 0.05089418791452843, 0.08133431995588473]], "ideal": "D", "sampled": "B", "correct": false}}
{"type": "result", "data": {"idx": 5, "options": ["m*v", "0.5*m/(R^3)", "0.5*m*(2GM/R)", "0.6*G(M^2)/R"], "probs": [[0.01157086775333265, 0.13877750165447497, 0.7985985694786264, 0.05105306101356599], [0.010331379920191522, 0.11107361781325739, 0.807992974386953, 0.07060202777959818], [0.002664431001526268, 0.9787270697938868, 0.00959489765845589, 0.009013601446130974], [0.0029113221211861293, 0.9437514768915866, 0.0477255482448343, 0.005611652642393028], [0.0008976951713393383, 0.9691774069202126, 0.012986824341469055, 0.016938073466979], [0.0008306054845638218, 0.8967350450082838, 0.0960025683805427, 0.006431781026609691], [0.005142346585443967, 0.0070286836845977, 0.9350760752345607, 0.05275289439539759], [0.0030767843869198364, 0.0044766721463881404, 0.9224205239525898, 0.0700260194141022], [0.0022763525035066246, 0.9929757087613849, 0.0012769234162517363, 0.00347101521885673], [0.0021879167107131552, 0.9846934833427038, 0.010437922419419843, 0.0026806774271632386], [0.002536867980049895, 0.9614406521991928, 0.003633893896995351, 0.03238858582376185], [0.004577885146927806, 0.3363342708586729, 0.6382482916375739, 0.020839552256825378], [0.9416735969401765, 0.024705600222159993, 0.019543789118888145, 0.014077013618775393], [0.6293293386514526, 0.019607095511514357, 0.34754819499809414, 0.003515370738938911], [0.9370604365110248, 0.04521820252078235, 0.004765976466636621, 0.01295538440155622], [0.646699195474045, 0.06403134970953987, 0.28252056850382445, 0.006748886212590695], [0.6557893522800378, 0.3402187715997878, 0.0025573409191946153, 0.0014345351009797994], [0.5431757781236056, 0.4230255947649972, 0.025804652907908586, 0.007993974103488555], [0.24428470066302915, 0.06372484469186522, 0.5591722642939566, 0.13281819025114897], [0.052249375725528006, 0.019523680208161157, 0.9117863177341388, 0.016440626232172083], [0.3832410048913862, 0.4695577112405895, 0.047224496434833146, 0.09997678733319121], [0.07360843115853136, 0.17114347655899279, 0.7434182305397213, 0.011829861642754553], [0.04319972845967058, 0.9529811952556462, 0.0025145502039239202, 0.0013045259807593545], [0.02476793879699897, 0.9589240942833291, 0.013893617088933899, 0.002414349730737936]], "ideal": "C", "sampled": "C", "correct": true}}
{"type": "result", "data": {"idx": 6, "options": ["it was stripped away by the magnetic field when it rapidly decreased in strength", "it was broken into hydrogen and oxygen by ultraviolet light and the hydrogen was lost through thermal escape", "it was consumed by a civilization of thirsty Martians", "it was vaporized during a period of intense volcanism and was lost to space through thermal escape"], "probs": [[0.00105916810006182, 0.9333116701964419, 0.030001037701025805, 0.035628123902470436], [0.004469760658350113, 0.5854276386358782, 0.36634672235469296, 0.04375587825107868], [0.0016894418228324036, 0.004592391734017856, 0.8615866756453306, 0.13213149069781913], [0.0014056015228351526, 0.0054730829502253565, 0.9061583984359087, 0.08696291699103079], [0.004783461110473871, 0.6669245697020705, 0.2652793659796953, 0.06301260310776033], [0.0012107872455996954, 0.8984298381725582, 0.05833844600914505, 0.042020928472697144], [0.18294714294958106, 0.7235780922971142, 0.014784682191384084, 0.07869008246192061], [0.05560467039835469, 0.1233658124508494, 0.779704812015499, 0.04132470503529684], [0.13030797630163238, 0.25117642433445503, 0.37121675521049374, 0.24729884405341884], [0.07217395988421067, 0.20560493255530618, 0.6847762891587968, 0.03744481830168627], [0.039765676150523316, 0.8910527810769331, 0.045060983294454626, 0.024120559378088925], [0.01861884526989432, 0.9549751939242228, 0.013202818302822541, 0.013203142403060364], [0.0019407920511013224, 0.008698046499951642, 0.9153857154912186, 0.07397544585772844], [0.0017629700996610574, 0.011317795209717265, 0.9276178963032389, 0.05930133828738285], [0.00047835582363565574, 0.9351643916829334, 0.018519759854241695, 0.04583749253918926], [0.0004265897040271344, 0.9017233653621416, 0.08928187433723936, 0.008568170496591844], [0.00027702042558232546, 0.9806393740992762, 0.011596367184166172, 0.007487238190975303], [0.00030663559997456334, 0.9730096449637048, 0.021162992322096594, 0.005520727014224056], [0.09033173595715639, 0.32530168979258867, 0.5117760629258947, 0.07259051122436022], [0.25536154216188744, 0.6727954543324866, 0.013963440319707084, 0.05787956308591897], [0.06626945708674056, 0.7703769773578024, 0.10926175075696884, 0.05409181469848815], [0.03870058671005335, 0.9087975307152699, 0.013799321360833401, 0.038702561113843306], [0.2024720771240724, 0.45628082668295844, 0.22587576481764363, 0.11537133127532549], [0.10800598721625165, 0.46188566772320877, 0.2801481526832001, 0.1499601922773395]], "ideal": "B", "sampled": "D", "correct": false}}
{"type": "result", "data": {"idx": 7, "options": ["Lunar rocks are composed of fragments pulverized by many impacts.", "Radioactive dating of lunar samples shows that they are older.", "The Moon's surface is more heavily eroded than the Earth's surface.", "The Moon's surface has more impact craters than the Earth's surface."], "probs": [[0.0013661088049299326, 0.9979703068355029, 0.00023371531836294647, 0.0004298689412041893], [0.0015481709838151162, 0.9980777426876833, 0.00017100836434221447, 0.0002030778641593465], [0.0007085553271681406, 0.0006867515543922116, 0.9977228874946528, 0.0008818055237869128], [0.0005879037952556477, 0.0004437839943000665, 0.0003795813562458498, 0.9985887307541984], [0.0012611230406958955, 0.00169701620886725, 0.9961335136767376, 0.000908346973699258], [0.0006767634408938333, 0.00047990821020464706, 0.00012133813688306079, 0.9987219901120185], [0.5032757102236507, 0.39195461464318404, 0.015927190523150444, 0.08884248451001478], [0.8142830616123913, 0.1788754754393512, 0.0060259135778124185, 0.0008155492704450582], [0.8744948544695047, 0.10775971449323661, 0.008180742745492173, 0.00956468819176655], [0.8957539766735213, 0.09441237864961775, 0.007394965713213749, 0.002438678863647182], [0.9685244060208705, 0.030175606093555886, 0.0011340370980408856, 0.0001659506875327237], [0.9731703072660604, 0.02593440261403368, 0.0005136040995758715, 0.0003816859203300602], [0.000624704116127561, 0.0019545162126786064, 0.9967762489380878, 0.0006445306331060662], [0.0005522170460244038, 0.0007666945369868825, 0.00021965822050047225, 0.9984614300964882], [0.0003198503554868427, 0.9992209842953957, 0.00026516562827016846, 0.0001939996208472578], [0.0003099980486216235, 0.9991839128877884, 0.0002490908279771128, 0.00025699813561286635], [0.0005188235181324804, 0.0005353026311223616, 0.0003679021972538628, 0.9985779715534913], [0.0004797316652812226, 0.0005970331441381036, 0.9983445712370528, 0.0005786638535279223], [0.0019959211026840382, 0.04072025724985009, 0.9562154853740801, 0.0010683361733858374], [0.0006976131063298897, 0.0013238701342330544, 0.0001631301252799049, 0.9978153865341571], [0.0005972632786823009, 0.9987272239186097, 0.0003456707880264666, 0.00032984191468152924], [0.00051082488332341, 0.9986459834997624, 0.000340283922916468, 0.000502907593997707], [0.000561043918207458, 0.0003856072665689841, 0.00036223855176099255, 0.9986911101634626], [0.0006353927183063178, 0.0005434779923323868, 0.9981123008726128, 0.0007088283167484991]], "ideal": "B", "sampled": "B", "correct": true}}
{"type": "result", "data": {"idx": 8, "options": ["Iron", "Hydrogen", "Methane", "Helium"], "probs": [[0.022381019081806175, 0.8801287368456417, 0.016893989108926498, 0.08059625486362554], [0.03426475533023895, 0.8172759610800264, 0.1233909308863014, 0.025068352603433163], [0.06596219432818291, 0.10540468520556531, 0.5188255812061503, 0.30980753916010145], [0.2525773233260663, 0.19670253110784827, 0.32431145049466537, 0.22640869497142005], [0.04597845870076884, 0.6970826089297899, 0.22631102277525428, 0.03062790949418693], [0.04137795410379876, 0.8846860510629001, 0.02080605361252451, 0.05312994112077666], [0.0015302775426168811, 0.6886999606397481, 0.004159701056362461, 0.3056100606612725], [0.0014588930261433713, 0.8171170791598358, 0.14199381337235403, 0.03943021434166684], [0.004746869417415296, 0.011036828499471109, 0.02127411102359586, 0.9629421909595177], [0.015418867878535972, 0.05818950890881341, 0.29093163010456574, 0.6354599930080849], [0.0011743696656744396, 0.9421989558138417, 0.04139748430199251, 0.015229190118491307], [0.0005834702835582258, 0.960515453335724, 0.01370111500076247, 0.025199961279955295], [0.0028378441825356905, 0.20526166378637345, 0.052715637195512775, 0.739184854735578], [0.0020321606021153392, 0.5997840390325582, 0.10586833604595904, 0.2923154642193674], [0.005196445287100329, 0.17479235298983703, 0.036638611432166554, 0.7833725901908961], [0.004343766368302454, 0.47164506967295144, 0.17350934904663454, 0.35050181481211157], [0.0024413836475621303, 0.5354802569304884, 0.1969927832969967, 0.26508557602495275], [0.0024805995921987505, 0.4953936693623926, 0.25302303129399173, 0.2491026996514169], [0.05910687674642168, 0.6354515121545747, 0.27330590004401206, 0.03213571095499151], [0.07158358227715289, 0.84523038079821, 0.010475069970822426, 0.07271096685381472], [0.05201537186249661, 0.852698689168072, 0.07109662687619167, 0.024189311993239704], [0.03757076519508442, 0.8961381153231113, 0.02502771215397278, 0.04126340722783147], [0.18422216841723324, 0.24789500615971366, 0.1527257642268804, 0.4151570610961727], [0.1217622251509725, 0.1915560805275275, 0.5808931425298364, 0.10578855169166361]], "ideal": "D", "sampled": "D", "correct": true}}
{"type": "result", "data": {"idx": 9, "options": ["Near-Earth asteroids gradually disintegrate and spread out along their orbital path. When the Earth passes through the orbit of an asteroid we are bombarded by sand-sized particles which cause a meteor shower.", "Near-Earth asteroids disintegrate as they enter Earth's atmosphere creating hundreds of bright meteors that appear to radiate from a single location in the sky.", "The nuclei of comets disintigrate as they enter Earth's atmosphere creating hundreds of bright meteors that appear to radiate from a central location in the sky.", "The nuclei of comets gradually disintegrate and spread out along the comet's orbital path. When the Earth passes through the orbit of a comet we are bombarded by sand-sized particles which cause a meteor shower."], "probs": [[0.937736639298161, 0.05810314096031505, 0.003277961404033007, 0.0008822582374909333], [0.9637228461889265, 0.034559479466519744, 0.0014043241411581214, 0.0003133501033956533], [0.9462878342550445, 0.052558300456636294, 0.0008106228979973035, 0.00034324229032187684], [0.8551137418628528, 0.13320086851668975, 0.011280849538096929, 0.00040453998236048304], [0.925346031474862, 0.07247917001530609, 0.0015764389351558422, 0.0005983594746759757], [0.8728354114934619, 0.12379505780961919, 0.00277804117721243, 0.0005914894197064876], [0.0336876604086005, 0.9542117032825157, 0.011642110224972736, 0.00045852598391101716], [0.011036795772323056, 0.9629360619154086, 0.024486057922499496, 0.0015410842897688223], [0.04735753510547093, 0.8935671715141746, 0.05536594037627846, 0.0037093529040760093], [0.07453201455338453, 0.6338736793371669, 0.29020770388069195, 0.0013866021287566857], [0.014449379676247272, 0.9818191711359553, 0.0030764337271292686, 0.0006550153606681641], [0.01631762457051507, 0.9784811122180842, 0.004823457906992206, 0.0003778052044084988], [0.059905601887709166, 0.937086255839675, 0.0026735102556891535, 0.00033463191692665825], [0.09111927134273147, 0.9060049484188792, 0.00266689051409873, 0.0002088896242905922], [0.18882925191333508, 0.12776740486054633, 0.6799984292657185, 0.0034049138604000813], [0.33819865228184665, 0.08550973740856874, 0.5752960877562253, 0.0009955224533593214], [0.014700914090189539, 0.9834234907434554, 0.0017017496617944047, 0.00017384540456064667], [0.0190983588137568, 0.9795643627960566, 0.0012401425381337102, 9.713575205286642e-05], [0.9767952266636624, 0.021920129520430858, 0.0008367562369116904, 0.0004478874789950572], [0.9795208614268328, 0.017662454470284663, 0.00235328777745155, 0.0004633962254309744], [0.9837759245607202, 0.01425380082429589, 0.0016244139987094865, 0.0003458605162744627], [0.986956765698813, 0.012423959622245765, 0.0003693552603811133, 0.00024991931856013484], [0.9767376866519244, 0.02226401885087518, 0.0007045796435902725, 0.0002937147536101844], [0.9741867005610685, 0.024772420070302986, 0.0006705596337730684, 0.00037031963485545887]], "ideal": "D", "sampled": "D", "correct": true}}
{"type": "result", "data": {"idx": 10, "options": ["Radiation pressure from the Sun's light pushes the ions away.", "The conservation of the angular momentum in the tail keeps it always pointing away from the Sun.", "The ions are following Keplerian orbits that lead away from the Sun.", "The solar wind electromagnetically \"blows\" the ions directly away from the Sun."], "probs": [[0.004067636221961592, 0.9953228545941962, 0.0004493034061133707, 0.0001602056777288336], [0.002049081054210038, 0.9971433470909793, 0.0005429549527852496, 0.00026461680202538167], [0.009901016720243818, 0.02489106857977995, 0.9636895432367429, 0.001518371363233289], [0.00032485328961706465, 0.00035678706310528387, 0.00018509687192670374, 0.999133262675351], [0.0017225825040464657, 0.0021437804167634203, 0.9954590670310681, 0.0006745699481220488], [0.00027786057490687, 0.0003624049874514644, 0.00023035571838540144, 0.9991293786192562], [0.01556888089141926, 0.9048592864123984, 0.026900795774756313, 0.05267103682142599], [0.033898364244016224, 0.7960179328715813, 0.06234923284102006, 0.10773446994338239], [0.037784632150832914, 0.11458130882063107, 0.6910135123522476, 0.15662054657628835], [0.02131845536173576, 0.02269415286350727, 0.02066293654149759, 0.9353244551332593], [0.08658392045961179, 0.19512133443729923, 0.47544601909119405, 0.24284872591189494], [0.04793219622515564, 0.06974247071290536, 0.08412484792477244, 0.7982004850371666], [0.003017221637530299, 0.017362828303586778, 0.9780789053676526, 0.0015410445912302656], [0.0003098897233439481, 0.0005271488826475204, 0.00030989103301629615, 0.9988530702609922], [0.0026781330364812565, 0.983750803570129, 0.008645141351464382, 0.0049259219419252945], [0.004407140856866331, 0.9369284233794385, 0.009777725698064382, 0.048886709965630784], [0.0002414023290665939, 0.0002957769160589301, 0.0003623892131921239, 0.9991004314416824], [0.0013408504523975265, 0.0014726322438412393, 0.9949410284559953, 0.002245488747765925], [0.001512856853399637, 0.007105505322353145, 0.9906670173587961, 0.0007146203654510886], [0.0004505138881702071, 0.000924409444979854, 0.000596836629423503, 0.9980282399374264], [0.0013225215192287137, 0.996792704483988, 0.0011312173791856578, 0.0007535565175975282], [0.0016451327334562115, 0.9963277766155817, 0.0010135423068906271, 0.0010135482440714418], [0.00029116204568697496, 0.00041707601014536757, 0.00027783019251831787, 0.9990139316516493], [0.0031235741141958386, 0.01024178745861717, 0.9814036380496968, 0.005231000277490207]], "ideal": "D", "sampled": "B", "correct": false}}
{"type": "result", "data": {"idx": 11, "options": ["By observing the duration of a solar eclipse.", "By measuring the size of Earth's shadow on the Moon in a lunar eclipse.", "By comparing the maximum altitude of the Sun in two cities at different latitudes at the same time on the same day.", "By sending fleets of ships around Earth."], "probs": [[0.00011048362182013718, 0.0007549791573905315, 0.9986837207839429, 0.00045081633684643577], [7.596182135175083e-05, 0.0002529926188245838, 0.0005612783839933479, 0.9991097670758303], [6.920666082624599e-05, 0.9996767083218008, 0.00019107450573099062, 6.301041164199516e-05], [5.390040054250793e-05, 0.9997254802076454, 0.0001535413787155397, 6.707791309650442e-05], [6.600927588902752e-05, 0.00018512822449297727, 0.00045108701027553436, 0.9992977753893425], [2.906684832790409e-05, 0.000345891745983032, 0.9993639500591512, 0.00026109124653786757], [0.0001328683578804772, 0.0029770496859345117, 0.9956872494106775, 0.0012028324455074812], [0.0001175666302701376, 0.0007201844098217526, 0.0007786924172959999, 0.9983835564426121], [0.0001823140438807395, 0.9995780345536928, 0.00016599185945561886, 7.365944297088234e-05], [0.00017670084570996634, 0.9995527126093146, 0.0001634148769115691, 0.0001071715680639214], [9.906641603951377e-05, 0.00036237128364453473, 0.0004952959914463587, 0.9990432662088696], [6.097030808103032e-05, 0.0016738008048367773, 0.997969786490536, 0.00029544229654616483], [0.9366516022497114, 0.06275172976245587, 0.00047168107191434937, 0.00012498681591837347], [0.709243261515435, 0.277741202990921, 0.0028984615144401595, 0.010117073879203832], [0.959734783403958, 0.0396130364554639, 0.0005476553020042253, 0.00010452473857387715], [0.5854727139630893, 0.3495965665595539, 0.003219626671496532, 0.06171109270586022], [0.045170286677458565, 0.2899727106188099, 0.25589748165852766, 0.4089595209452038], [0.7309038012087067, 0.23728569796703516, 0.01540786827059622, 0.016402632453661966], [0.0001231328526049274, 0.0013873381392716221, 0.0007197310234769204, 0.9977697978846465], [5.128946023201709e-05, 0.002630561679171221, 0.9969450572575036, 0.0003730915030931021], [0.00016317279416499364, 0.0011150896518487751, 0.0006555174493917872, 0.9980662200045944], [0.0001679292376217847, 0.004132488971085079, 0.995512249585855, 0.00018733210543812062], [2.392230681040854e-05, 0.9999013733686135, 4.539487868096922e-05, 2.930934589508021e-05], [2.0145177802501815e-05, 0.9999299897232948, 3.5911277009916465e-05, 1.3953721892743852e-05]], "ideal": "C", "sampled": "C", "correct": true}}
{"type": "result", "data": {"idx": 12, "options": ["a dwarf galaxy orbiting the Milky Way.", "the closest planetary nebula to the Earth.", "a bright star cluster discovered by Magellan.", "the outer arm of the Milky Way named after Magellan."], "probs": [[0.7454097267504532, 0.21356235217053074, 0.040127423158568425, 0.0009004978204475462], [0.6364444933716822, 0.24156548260738997, 0.11958446434354986, 0.002405559577377982], [0.8486715106448173, 0.14979885340520532, 0.0013796098108876046, 0.00015002603908980294], [0.8136133659235018, 0.17872670529301776, 0.007150011697380632, 0.0005099169860998494], [0.652671430801507, 0.34393336184050727, 0.0031184292629216374, 0.0002767779950640122], [0.7215247023529684, 0.27385922770307414, 0.004290360879663059, 0.0003257089642943763], [0.00018410107198891225, 0.9783340354459731, 0.02094915191937683, 0.0005327114626611202], [0.0002093704480076753, 0.9818818999849868, 0.016894154991622, 0.0010145744753835226], [0.000681453575871829, 0.006567190563060206, 0.9900137429972534, 0.002737612763814526], [0.005372268147229364, 0.020918603984409832, 0.011918923816383086, 0.9617902039519777], [0.0011448929761934544, 0.5838658083207083, 0.4140252080473048, 0.0009640905557934377], [0.0035982848260887206, 0.16543573836628686, 0.01663828524862964, 0.8143276914589948], [3.644442608901186e-05, 0.99902357274629, 0.0008294669316702321, 0.00011051579595075326], [5.7240024885635884e-05, 0.9973675123064512, 0.002396160387191823, 0.00017908718147143364], [0.00036704372381003367, 0.0020471771527301908, 0.9962220638402567, 0.0013637151832030286], [0.0024851704582870855, 0.003241316064120246, 0.007191079355091684, 0.987082434022501], [0.0006325181727182916, 0.004897947647138597, 0.9935913787755833, 0.0008781553045597365], [0.001993225302427103, 0.00907375156394485, 0.003666102629299407, 0.9852669204043286], [0.0008022518566868098, 0.996918223320352, 0.0018079029626400416, 0.00047162176032117004], [0.0005348470648208482, 0.9977240625564446, 0.0015000154789633576, 0.00024107479977116542], [0.0038108608992826584, 0.01681411362072365, 0.9772373398308242, 0.0021376855491695066], [0.002312840183365051, 0.0017458403520094305, 0.002662065460261545, 0.993279253904364], [0.0010285577429830996, 0.0029300445747627787, 0.9954077304362176, 0.0006336671460366026], [0.0050836380139329, 0.006228629789094157, 0.00462871019815887, 0.9840590218988141]], "ideal": "A", "sampled": "A", "correct": true}}
{"type": "result", "data": {"idx": 13, "options": ["Actually water-ice is all over Mercury and not just at the poles.", "The pole is the only place fortunate enough to have had comet impacts", "Radar from the earth can only see Mercury's poles.", "These craters contain the only permanently shadowed regions on Mercury"], "probs": [[0.00012720231778910052, 0.00035675533601795255, 0.000465283354083427, 0.9990507588921095], [7.963384666788218e-05, 0.0002779386298707564, 0.9994083825340324, 0.00023404488942890432], [0.0020605171672039594, 0.031240360072434498, 0.024712769814379126, 0.9419863528459824], [7.48114560483163e-05, 0.0002736384109469438, 0.9994482022636061, 0.0002033477693986003], [0.00016851959268936108, 0.9990264971246213, 0.0002610044663780791, 0.0005439787163111715], [0.00012528928940118536, 0.9994680790643942, 0.0003149700425628809, 9.166150364172726e-05], [0.00010708421867099672, 0.0002609332318301608, 0.000869012551915116, 0.9987629698975837], [5.8263630962109045e-05, 0.00018515664770159157, 0.9994560436322623, 0.00030053598907400764], [0.00011584924713747316, 0.0003568503438439393, 0.00021643435079108484, 0.9993108659582275], [5.3050037107729936e-05, 0.00015591847652272805, 0.9994660727965926, 0.000324958589776957], [4.263725868368995e-05, 0.9996984706434159, 0.0001686306412924401, 9.026135660798999e-05], [6.010953123590161e-05, 0.9993860784727999, 0.000430477879974283, 0.00012333401598987732], [0.004663584034903784, 0.017600226086118508, 0.14282909686052203, 0.8349070929184557], [8.089776545242193e-05, 0.00021312854794726678, 0.9995399913095296, 0.00016598227707070965], [0.00023760761568925626, 0.0005189971157961859, 0.0003403563381165616, 0.998903038830398], [7.13940255606708e-05, 0.000158388415950069, 0.9995603894963685, 0.00020982796212072312], [4.4686348336186934e-05, 0.9997549353485621, 0.00015354859431297705, 4.682960878870243e-05], [7.251014621898696e-05, 0.9994481224100659, 0.0002912940287230883, 0.0001880733149920371], [0.994726841196918, 0.005059282459021776, 0.00017584651509280438, 3.8029728967441347e-05], [0.9954926374623599, 0.004330760541372655, 0.0001602328898165019, 1.6369006450892224e-05], [0.9976347007679571, 0.002182331616937242, 0.00015084963402033275, 3.211788108529024e-05], [0.9968223388589253, 0.0028439771327018544, 0.0002815939608900646, 5.208994748270294e-05], [0.9932477356158551, 0.006588760289704461, 0.00014556642099067314, 1.793757344970408e-05], [0.9863860708503471, 0.013217703575114011, 0.00032577166319295805, 7.045381134593354e-05]], "ideal": "D", "sampled": "D", "correct": true}}
{"type": "result", "data": {"idx": 14, "options": ["Virgo", "Laniakea", "Sculptor", "Bo\u00f6tes"], "probs": [[0.027190669312473187, 0.9436503230994349, 0.0011049277359046392, 0.028054079752187266], [0.028303048561855854, 0.9520328950313177, 0.0016734162889326814, 0.01799064001789379], [0.08938754528020416, 0.01392380432382808, 0.8480894027639718, 0.04859924753199598], [0.06920470720415814, 0.0033921736503682897, 0.0013921557379744558, 0.9260109633074991], [0.026662739450482455, 0.006432620453008246, 0.9546976849058617, 0.012206955090647523], [0.10728357455768485, 0.006343123314385962, 0.001965027853981886, 0.8844082741739473], [0.8593239859160546, 0.13810645164257512, 0.0003021129258705235, 0.00226744941549976], [0.8639006524061297, 0.13457035877206366, 0.0004853446975194474, 0.001043644024287151], [0.9820942822862255, 0.01108197861566973, 0.002551227793487438, 0.004272511204617261], [0.9757715952497877, 0.010506414692921713, 0.0008490585512346227, 0.012872931406055943], [0.9805135049798817, 0.014430375596291173, 0.0030724147085673483, 0.0019837046152598337], [0.9785067749649056, 0.01311209573340496, 0.0004281329040771867, 0.007952996297612274], [0.04301658596767308, 0.12842319760949564, 0.75066649067346, 0.07789372564937129], [0.049647003418841346, 0.025757094848597076, 0.0022860856264140966, 0.9223098160061475], [0.00807823684895677, 0.9484275922812307, 0.005552149695500336, 0.03794202107431219], [0.006692130529065892, 0.9626479665501665, 0.0020410178526509004, 0.02861888496811672], [0.02581668370861467, 0.006132167089281105, 0.014257536714960838, 0.9537936123871433], [0.005594110150343479, 0.003446426209470419, 0.955603525807337, 0.03535593773284912], [0.04348024450119093, 0.11277835100792595, 0.8076947415154725, 0.036046662875410584], [0.08605018493400299, 0.08083758769383032, 0.003780878390658883, 0.8293313488815078], [0.0052921774214776, 0.9774893070657944, 0.002832742277043959, 0.01438577313568403], [0.0038221854546146893, 0.9801478698435472, 0.0006746728299095274, 0.015355271771928605], [0.03110131323830659, 0.0046957108393165135, 0.011621904839688571, 0.9525810709826883], [0.00993742474848741, 0.003328608528433263, 0.9229380389967062, 0.06379592762637303]], "ideal": "B", "sampled": "B", "correct": true}}
{"type": "result", "data": {"idx": 15, "options": ["Venus", "Mars", "Jupiter", "Saturn"], "probs": [[2.3536980275061326e-05, 0.00040435237468600463, 0.9992808680893783, 0.00029124245566063107], [0.00010800251460283373, 0.005453481650038779, 0.822112775393771, 0.17232574034158732], [1.2904523962309696e-05, 0.999871562382924, 7.484210878401362e-05, 4.069088432972186e-05], [1.544522365673893e-05, 0.9999059448419875, 2.7967502498381337e-05, 5.0642331857387735e-05], [0.00018400207835066824, 0.4916665078166992, 0.024099054805888382, 0.48405043519906177], [3.365620393338592e-05, 0.00208216274540443, 0.9975334886452832, 0.0003506923053789288], [3.820905195053388e-05, 0.00012725107598768643, 0.9994040587610533, 0.0004304810110084233], [0.00016583373730727504, 0.0004650894119786596, 0.0758086643377053, 0.9235604124130088], [2.3552344328038905e-05, 0.9999549562673457, 9.080195171476492e-06, 1.2411093154845898e-05], [2.2125473887395246e-05, 0.9999588279539986, 9.89507117004927e-06, 9.151400943964113e-06], [0.00012607770006214312, 0.9448305400900077, 4.7111490353773594e-05, 0.05499627061957645], [7.195110903426952e-05, 0.7603892012565585, 0.23926731321490052, 0.0002715343195066747], [0.998834479131766, 0.0011513869155316612, 1.0770949443421683e-05, 3.3629032588996597e-06], [0.9994892930041037, 0.0005033341212980247, 5.131121799673223e-06, 2.2416527986089525e-06], [0.9955947291742332, 0.004399399489025116, 3.5128213672309856e-06, 2.358415374394636e-06], [0.9954569205900688, 0.004538422661144161, 3.4042733875966185e-06, 1.252375399358029e-06], [0.9995208499270269, 0.00047285337138955173, 3.4181796237221583e-06, 2.8784219597596467e-06], [0.9992485477141602, 0.0007436994362234176, 6.236344213505654e-06, 1.516405402950335e-06], [0.008813872649659922, 0.002525213127230009, 0.0012306862949319868, 0.987430227828178], [0.000261114136948754, 0.00024915089045115835, 0.9994286777473095, 6.105712529064252e-05], [0.032075234563176666, 0.20272079619349173, 0.0001212329837910315, 0.7650827361595406], [0.0005733924703697987, 0.01016337852214796, 0.9892254102274461, 3.781868003606056e-05], [0.00010889598157751743, 0.9998697468367808, 1.1841879112070292e-05, 9.5152025296293e-06], [9.314410974782732e-05, 0.9998769733437347, 2.2471971473382494e-05, 7.41047504402278e-06]], "ideal": "C", "sampled": "C", "correct": true}}
