{"type": "result", "data": {"idx": 0, "options": ["Cryptocurrencies, Expensive, Secure, Financial Crime", "Traditional currency, Cheap, Unsecure, Charitable giving", "Cryptocurrencies, Cheap, Secure, Financial crime", "Traditional currency, Expensive, Unsecure, Charitable giving"], "probs": [[0.12883621260969613, 0.2814063089595021, 0.45681410342634127, 0.13294337490446057], [0.19546369589983453, 0.3222725535132725, 0.1698349641019873, 0.3124287863849057], [0.07236860260426897, 0.7196243571739384, 0.08867384708984988, 0.11933319303194279], [0.062300050618976546, 0.7709810366747991, 0.07171103571267168, 0.09500787689355264], [0.20353221587988587, 0.24551280964671943, 0.15852276743074364, 0.3924322069426511], [0.13433861130599134, 0.20806828699110175, 0.5313789606436654, 0.12621414095924152], [0.0376593743932376, 0.6271274895493428, 0.17414701567086732, 0.16106612028655223], [0.03177680855422252, 0.6794847325243593, 0.05754513729769996, 0.23119332152371821], [0.02896423189518181, 0.6592599576990433, 0.1859513174494698, 0.125824492856305], [0.02008474282877359, 0.7656131528597846, 0.05129159336939871, 0.16301051084204307], [0.05120407044375502, 0.10343973337569576, 0.5770044326205223, 0.268351763460027], [0.05110091438193933, 0.10005323029153186, 0.6732269650253021, 0.17561889020122667], [0.12307098861932779, 0.6653456090034335, 0.08459004770178515, 0.12699335457545355], [0.12005861489589617, 0.6193402224356418, 0.09647596338988296, 0.1641251991785791], [0.16743689766906147, 0.2253109760079102, 0.49216471677584706, 0.1150874094471813], [0.24951628219845604, 0.24565127855543406, 0.1742018934046156, 0.3306305457414943], [0.16750031208806188, 0.28492619735353436, 0.4211256676155707, 0.12644782284283307], [0.2709248919376278, 0.32173427456776205, 0.14056239811322546, 0.2667784352813847], [0.02340693043986535, 0.7397061640752702, 0.05275245049628927, 0.1841344548885751], [0.0324919973652653, 0.632579753225067, 0.1959631621040117, 0.138965087205656], [0.05188927363170492, 0.0896592938607258, 0.6625906027244902, 0.1958608296830791], [0.05132399059759875, 0.08595572178432417, 0.6253557577315918, 0.2373645297864853], [0.031001715968111118, 0.683929166924353, 0.16244501388230181, 0.12262410312523399], [0.026406344122057796, 0.7480363872943686, 0.05334578473833872, 0.1722114837452349]], "ideal": "C", "sampled": "C", "correct": true}}
{"type": "result", "data": {"idx": 1, "options": ["Unsafe practices, Wants, Fear, Trivial", "Unsafe practices, Distress, Fear, Serious", "Safe practices, Wants, Jealousy, Trivial", "Safe practices, Distress, Jealousy, Serious"], "probs": [[0.02074987894787166, 0.9246819976133824, 0.033159156692329925, 0.021408966646415954], [0.03294921928112415, 0.8905817566843994, 0.04646751500869174, 0.03000150892578465], [0.15148674062977374, 0.20704609307845806, 0.5628740828880616, 0.07859308330370653], [0.23060991326902305, 0.3802015015012623, 0.23793833381814095, 0.1512502513115737], [0.11708479369915471, 0.5673671723530136, 0.25574462242720086, 0.05980341142063088], [0.10765719469731298, 0.7472992499393405, 0.08650759506162156, 0.05853596020172496], [0.43587614725180346, 0.36134652645798565, 0.10850192264507208, 0.09427540354513879], [0.40000349279192327, 0.41269227763666333, 0.12199945582723612, 0.0653047736441773], [0.5126458153645077, 0.17441220259196238, 0.21039423265102677, 0.10254774929250308], [0.4820427549468682, 0.14932257714311678, 0.29697968121522494, 0.07165498659478998], [0.40059710435899754, 0.4683458262331276, 0.06143685109255799, 0.06962021821531687], [0.39809022698671126, 0.4654139089135589, 0.05304271882439494, 0.0834531451753349], [0.08755052741117918, 0.7104988030750444, 0.12346732790035105, 0.07848334151342533], [0.059632145528851814, 0.8361666891204357, 0.060572304502468324, 0.04362886074824419], [0.041356214619202795, 0.87058332168049, 0.04471742494605119, 0.04334303865425597], [0.039356462067059, 0.8415155284529501, 0.07238905023224883, 0.04673895914774211], [0.0266126171299025, 0.8813120103172887, 0.0599735445505714, 0.03210182790223748], [0.03621769771813765, 0.811545841858561, 0.10645152499977094, 0.04578493532353041], [0.15103460874053043, 0.5699857516775654, 0.21299464425601705, 0.0659849952258872], [0.1092617810903302, 0.735094199883088, 0.08509477401528441, 0.07054924491129741], [0.10731099504906087, 0.8310013977687493, 0.026298496771587274, 0.035389110310602635], [0.08263584517993885, 0.8611035650870531, 0.027251361899660584, 0.02900922773334739], [0.17844859029726748, 0.5004559233352157, 0.20221337975347561, 0.11888210651404116], [0.1864274692028184, 0.4201008942438483, 0.30260924579877313, 0.09086239065456016]], "ideal": "B", "sampled": "B", "correct": true}}
{"type": "result", "data": {"idx": 2, "options": ["Employee rights", "Employee rights", "Employer duties", "Employee duties"], "probs": [[0.7998654072698844, 0.19297705119735373, 0.006812995193835114, 0.0003445462389267402], [0.8056097899030239, 0.19135055592824712, 0.0026871681656140682, 0.0003524859031148646], [0.4825304331821511, 0.09802973638619446, 0.41923837448278106, 0.0002014558488733505], [0.876361723356403, 0.12236890968223141, 0.0011095234193867877, 0.0001598434419787701], [0.2496674453274705, 0.04993470947064203, 0.7002120282841603, 0.00018581681772719753], [0.8937225050482996, 0.10508646429270509, 0.0010966872006200508, 9.434335837516948e-05], [0.7998654072698844, 0.19297705119735373, 0.006812995193835114, 0.0003445462389267402], [0.8056097899030239, 0.19135055592824712, 0.0026871681656140682, 0.0003524859031148646], [0.4825304331821511, 0.09802973638619446, 0.41923837448278106, 0.0002014558488733505], [0.876361723356403, 0.12236890968223141, 0.0011095234193867877, 0.0001598434419787701], [0.2496674453274705, 0.04993470947064203, 0.7002120282841603, 0.00018581681772719753], [0.8937225050482996, 0.10508646429270509, 0.0010966872006200508, 9.434335837516948e-05], [0.0003661456656171332, 0.978349707068772, 0.020304343175958316, 0.0009798039896525858], [0.0002603928273812302, 0.9966803066836312, 0.002394396691754191, 0.0006649036972333593], [0.0003661456656171332, 0.978349707068772, 0.020304343175958316, 0.0009798039896525858], [0.0002603928273812302, 0.9966803066836312, 0.002394396691754191, 0.0006649036972333593], [0.0007173795318470393, 0.9944688495208516, 0.003817824339901752, 0.000995946507399592], [0.0007173795318470393, 0.9944688495208516, 0.003817824339901752, 0.000995946507399592], [0.0009860947428170965, 0.9693259988553825, 0.02793005594234771, 0.0017578503594526489], [0.0013388652642235888, 0.9934690307165575, 0.003874030084120784, 0.0013180738350981377], [0.0009860947428170965, 0.9693259988553825, 0.02793005594234771, 0.0017578503594526489], [0.0013388652642235888, 0.9934690307165575, 0.003874030084120784, 0.0013180738350981377], [0.0851081993663036, 0.3696748663863093, 0.5378956270792805, 0.007321307068106563], [0.0851081993663036, 0.3696748663863093, 0.5378956270792805, 0.007321307068106563]], "ideal": "D", "sampled": "A", "correct": false}}
{"type": "result", "data": {"idx": 3, "options": ["Presenteeism", "Absenteeism", "Work-play balance", "Work-life balance"], "probs": [[0.01636335421528923, 0.029170432730412723, 0.19021588349434093, 0.7642503294599571], [0.2939110375223773, 0.043684761628358174, 0.6623514242637062, 5.277648555833503e-05], [0.002114688357089342, 0.9974164138487092, 0.0003294171304847287, 0.00013948056371681171], [0.0018071004792619195, 0.04733434667030369, 0.9508227655747482, 3.5787175686183586e-05], [0.0018383589528371865, 0.998010109140227, 0.00013110907591380678, 2.042273102200323e-05], [0.008443222260029996, 0.99129222401227, 0.00024329477688460745, 2.12588508153398e-05], [2.2460072462654365e-05, 0.9992723588946718, 0.0004954099188284474, 0.00020977101403703657], [3.4125566611545216e-05, 0.995727573397802, 0.00419840696775155, 3.9893967834852306e-05], [4.1958811526579084e-05, 0.999242753675819, 0.0005440840389562882, 0.00017120337369812703], [0.00010918046968924592, 0.8310104839682153, 0.16883035194570306, 4.998351639232931e-05], [5.3883385856635555e-05, 0.999405286671185, 0.0004954591967289487, 4.5370646229447146e-05], [5.2231064725862516e-05, 0.9995187842361162, 0.0003799220099702585, 4.9062589187714803e-05], [0.8828375383846578, 0.09905117799914064, 0.0006269817272024955, 0.017484301788999044], [0.0006455563735349853, 0.001015480986262714, 0.9983259774817326, 1.298505846967281e-05], [0.0763533024608832, 0.019304174539511595, 0.8875696143930837, 0.01677290850652151], [0.00020334277171433276, 0.0004510596617244877, 0.9993176486580743, 2.7948808486893516e-05], [0.00026947907508863094, 0.9997007919985265, 2.4676096091642573e-05, 5.05273029322573e-06], [0.00021318462158712275, 0.9997535700787376, 2.710242486055569e-05, 6.142774814818561e-06], [0.9854164332868275, 0.014502759399639817, 6.716238710279427e-05, 1.364482642993869e-05], [0.9772578969879954, 0.022627217454257473, 0.0001015631922303413, 1.3322265516832754e-05], [0.990786065121547, 0.008179621192459451, 0.001023794568377221, 1.0519017616378832e-05], [0.9943217057138732, 0.005554411903328452, 0.00011173193305426196, 1.2150349743986173e-05], [0.9906340711363921, 0.009267352029716677, 8.80594567142993e-05, 1.0517277176914519e-05], [0.981604613560692, 0.018262315129325798, 0.00011926507162599938, 1.3806138356255856e-05]], "ideal": "D", "sampled": "D", "correct": true}}
{"type": "result", "data": {"idx": 4, "options": ["Industrial supply loops", "Industrial ecosystems", "Ecological ecosystems", "Corporate ecosystems"], "probs": [[2.883552993190547e-05, 0.999143379750577, 0.0007552992904110208, 7.24853290801233e-05], [4.2590163106501745e-05, 0.9985452201480487, 0.0013248076306377533, 8.738195820700308e-05], [6.68027773015321e-05, 0.9955622338417225, 0.004197701255304212, 0.00017326202567174265], [7.903471455822649e-05, 0.9764588885895679, 0.023325526205208117, 0.0001365503906657703], [5.470868096086602e-05, 0.9989384086470348, 0.0009108751908289536, 9.600738117540014e-05], [3.589132136326534e-05, 0.999267905905143, 0.0006361026506304406, 6.010002286329644e-05], [0.7781269660966018, 0.018587848435893947, 0.20298938741829806, 0.00029579794920620733], [0.49930526051672836, 0.016559186740948417, 0.4839486905741197, 0.0001868620682035112], [0.6112363421691388, 0.3885290675610114, 0.00021827541356068977, 1.63147562891324e-05], [0.5380590254849762, 0.4323445197809468, 0.029421500600294963, 0.0001749540337819852], [0.0142639580576926, 0.9844804579468361, 0.0012080036749151746, 4.758022055607379e-05], [0.012021611214237336, 0.9853226782375462, 0.0025595154002452324, 9.619504797128326e-05], [0.3105357713603487, 0.031722763661321915, 0.6574155324669517, 0.00032593241137761857], [0.019903568273798466, 0.0057919444473496055, 0.9741031707434085, 0.00020131643544346947], [0.28761970597830716, 0.7118725081865082, 0.00046756286689544034, 4.022286828916761e-05], [0.04716917450556362, 0.8900142814992243, 0.06248862603502755, 0.0003279178601845204], [0.0017817334033397602, 0.9979580954399399, 0.0002373889072183398, 2.278214950208503e-05], [0.0014771207257624913, 0.9979753227604062, 0.00047954170568354306, 6.801470814776356e-05], [0.902058742118124, 0.008571197483366435, 0.08931747292069621, 5.2587377813325055e-05], [0.9919426903685773, 0.0024974856551338797, 0.005541049933421601, 1.8773942867223568e-05], [0.9853412079237347, 0.014276704060614109, 0.0003687596825728442, 1.3328233078354358e-05], [0.9651064417949401, 0.03302462651300101, 0.001834268006928081, 3.466358513075967e-05], [0.9844065364528332, 0.015422154305623933, 0.00016348120791168688, 7.827933631165222e-06], [0.9713749646477464, 0.02799030324470348, 0.0006088050281728538, 2.5926979377223098e-05]], "ideal": "B", "sampled": "D", "correct": false}}
{"type": "result", "data": {"idx": 5, "options": ["Power imbalance, Benefits, Hoodwinked", "Power imbalance, Resources, Co-opted", "Informational asymmetries, Benefits, Hoodwinked", "Informational asymmetries, Resources, Co-opted"], "probs": [[0.012075746273289369, 0.7952837839542274, 0.1641206570758377, 0.028519812596645516], [0.024119153975804046, 0.7159613476865979, 0.18677647688274146, 0.07314302135485659], [0.023794118313807237, 0.7637099025457775, 0.19614225579704148, 0.016353723243373707], [0.020057783767057972, 0.8938148210544955, 0.07001013645358883, 0.016117258624857623], [0.031405111645423166, 0.737466526937756, 0.1724539438771221, 0.0586744174396987], [0.026286659759634633, 0.8842143415520509, 0.06017299740904847, 0.029326001179265922], [0.08460391300631694, 0.2061433905624785, 0.5782055337263126, 0.131047162604892], [0.09595737849928761, 0.31958465098305083, 0.4650278146457955, 0.11943015577186603], [0.07420428896850598, 0.5928512259192326, 0.2215438948465167, 0.1114005901657447], [0.09684536100017009, 0.6618236553546157, 0.12631695802573784, 0.1150140255194763], [0.036752311768659465, 0.8904390252303419, 0.05517408942325904, 0.017634573477739522], [0.04922702120529471, 0.8457320302742499, 0.07275580356885285, 0.032285144851602464], [0.009619056747530063, 0.8524606441989139, 0.11008624239269639, 0.027834056560859667], [0.008570013191820292, 0.9601025160142141, 0.01651952529494515, 0.014807945399020403], [0.019339949611128657, 0.8096108141331945, 0.11847572468808643, 0.052573511467590386], [0.024675875532009117, 0.7797430636737371, 0.09168652307537464, 0.10389453761887905], [0.023122428198104287, 0.5690255813572157, 0.31920984681493003, 0.08864214352975], [0.037486472069891405, 0.4223513101144524, 0.4030348450220756, 0.13712737269358058], [0.07200104903457138, 0.38922829301998574, 0.4143564793281856, 0.12441417851725725], [0.06531315749320712, 0.5300367237081053, 0.15425676906398675, 0.25039334963470083], [0.009444455377744151, 0.9484433888366354, 0.025275322901878845, 0.01683683278374157], [0.007444399056987136, 0.9599313882512935, 0.013908500995484043, 0.018715711596235314], [0.050750735196784115, 0.18563389430510796, 0.5808410535760332, 0.18277431682207473], [0.05600041978991937, 0.19853537078504296, 0.6212142201817829, 0.12424998914325477]], "ideal": "B", "sampled": "B", "correct": true}}
{"type": "result", "data": {"idx": 6, "options": ["hedonistic utilitarianism", "preference utilitarianism", "The Categorical Imperative", "ethics of care"], "probs": [[0.4403464734950801, 0.5395951429356671, 0.008322680625164084, 0.011735702844088656], [0.3162674558402614, 0.6490262649449436, 0.0079190897498692, 0.026787189364925693], [0.49744694601366063, 0.4459608452239316, 0.028959920277983872, 0.027632288384423925], [0.4202570565897352, 0.5070267257785527, 0.01120261554900848, 0.06151360198270362], [0.41274240396277534, 0.4751175960129607, 0.030852953175175765, 0.0812870467490882], [0.45123216711937103, 0.4729734367998019, 0.023548987175559897, 0.05224540880526715], [0.6206073048722155, 0.3481787377959488, 0.014148810613439018, 0.017065146618396705], [0.5706189385817647, 0.38017228985465823, 0.01384863936280314, 0.03536013210077398], [0.5600358215902482, 0.3849462844887646, 0.033637989121079646, 0.021379904699907564], [0.5852723826119718, 0.3839018117979309, 0.008481696405190241, 0.02234410908490699], [0.5132205638736034, 0.4189331059911072, 0.026367192008457135, 0.04147913802683226], [0.5793664676061051, 0.38601274768363203, 0.013842412797783135, 0.02077837181247974], [0.14179252192295652, 0.8160529792688794, 0.021077990686856857, 0.02107650802130717], [0.13174091584922495, 0.8198625635435172, 0.010648469687503177, 0.0377480508197547], [0.07018538563741734, 0.8961558341083825, 0.021075271067895984, 0.01258350908630421], [0.0689255353647137, 0.9080368042713681, 0.010087189931865389, 0.012950470332052823], [0.1895406161264504, 0.332694932813682, 0.13442374163607765, 0.34334070932378996], [0.21328482983146846, 0.3252692665699863, 0.056522625225611904, 0.4049232782729334], [0.11703612959426359, 0.6841807543147335, 0.05978280088631371, 0.13900031510468924], [0.11236186629974922, 0.7680157121837837, 0.03072383320545783, 0.08889858821100917], [0.11727043109029811, 0.7297711290087437, 0.039285357598548266, 0.11367308220240982], [0.1418037444562064, 0.7548419199727259, 0.025033615291385595, 0.07832072017968218], [0.1557693905112931, 0.4234823819052529, 0.09598222230931598, 0.32476600517413806], [0.17198392346169813, 0.41913234857469395, 0.06133227065578932, 0.34755145720781855]], "ideal": "B", "sampled": "B", "correct": true}}
{"type": "result", "data": {"idx": 7, "options": ["The only social responsibility of business is to its shareholders", "Managers should act in ways that balance the interest of society and shareholders", "The primary responsibility organizations have is to its employees", "The primary responsibility organizations have is to its stakeholders"], "probs": [[0.9722527836414887, 0.027580974723903227, 6.678358777952697e-05, 9.945794682852125e-05], [0.9892062899790184, 0.010651610884396815, 8.793152782790855e-05, 5.416750875686678e-05], [0.9964791649157003, 0.0009522236783628046, 0.0024314501483317565, 0.00013716115760510828], [0.9970155945201368, 0.0011857519391417508, 0.0010795707984216586, 0.0007190826422997832], [0.9838917757202628, 0.01565746572054201, 0.0003981278048460331, 5.263065434914643e-05], [0.9540219209756554, 0.04462088414019036, 0.0002914077674174533, 0.0010657870167367575], [0.000579105368730039, 0.9990892482660778, 0.00012521124952771226, 0.00020643501566442875], [0.0005612854455633069, 0.9990943778999438, 0.0001534109976751785, 0.00019092555681770291], [0.06192286768668117, 0.003492623404593963, 0.9241582320005238, 0.010426276808201006], [0.7642451381618502, 0.016364132679030544, 0.026149881513970484, 0.19324084754514878], [0.016039165175923315, 0.7374335729285227, 0.24316523144698204, 0.0033620303485718556], [0.01106980086252357, 0.9810511839024938, 0.0019538946975158214, 0.005925120437466801], [0.00010219739041591171, 0.9987119710959598, 0.0006160597719198537, 0.0005697716417044483], [0.00010532517803721472, 0.9976117685757736, 0.0005022401775462052, 0.0017806659686429608], [9.255417205188443e-05, 0.9703457772210042, 0.022816726055099285, 0.006744942451844528], [6.36675688992366e-05, 0.9942525074197306, 0.001426123089094572, 0.0042577018222755645], [0.0016398083045176565, 0.014842633363854333, 0.8491526896672097, 0.13436486856441826], [0.002255739639742591, 0.29539173783501527, 0.6252975451594815, 0.0770549772657606], [0.002180699381505811, 0.9969224297565424, 0.0006444853277520656, 0.0002523854341996442], [0.002248804755277045, 0.9963781112782604, 0.0004358663227289058, 0.0009372175437336513], [0.07295351854610728, 0.19827777642875874, 0.7253035539174966, 0.0034651510076374424], [0.06025756362508381, 0.9279858841166808, 0.0011210234542587127, 0.010635528703976639], [0.01525094011854214, 0.001878804791635911, 0.9433254769680475, 0.03954477802177451], [0.08612339452390591, 0.0033911209155842383, 0.8972819115895366, 0.013203572870973233]], "ideal": "A", "sampled": "A", "correct": true}}
{"type": "result", "data": {"idx": 8, "options": ["Legal, Interactions, Mechanics", "Civil, Relations, Outcomes", "Political, Interactions, Outcomes", "Environmental, Relations, Mechanics"], "probs": [[0.024524345443381394, 0.8249529414927128, 0.13257938325764537, 0.01794332970626041], [0.02217101362887678, 0.9138113667551628, 0.035988454001744594, 0.028029165514215755], [0.014740928786399163, 0.9120460611854986, 0.05650860731470838, 0.016704402613393902], [0.01750893135469833, 0.9412165037824959, 0.021120496353829104, 0.020154068408976645], [0.16534389418783507, 0.26011570437089754, 0.48602418109582873, 0.08851622024543865], [0.14014821929987, 0.22047782939379892, 0.5543570990077276, 0.0850168521986035], [0.12397121353590604, 0.5138353300264483, 0.31658292992908915, 0.045610526408556534], [0.10451593949825068, 0.7603380593123842, 0.0428957297316628, 0.09225027135770232], [0.06491132365518212, 0.8418229221655688, 0.05135120087470388, 0.04191455320454521], [0.06036234103754435, 0.8870861230789221, 0.016503111079651855, 0.03604842470388172], [0.27027661008332393, 0.2499606199306721, 0.3416919162779877, 0.1380708536080163], [0.27226064113525583, 0.24404532169429796, 0.4283740301816578, 0.055320006888788374], [0.2075501548725217, 0.6100198835629481, 0.15914111320051985, 0.023288848264010342], [0.2501798513986363, 0.6489395949577637, 0.050831238529265216, 0.0500493150143348], [0.1563695075883986, 0.7697056545473308, 0.05404239902485352, 0.019882438739417137], [0.2357711748142733, 0.7150180658736198, 0.020603264669649717, 0.02860749454245719], [0.5616345405016979, 0.2131724208380196, 0.1559739261709642, 0.06921911238931833], [0.5798275513354334, 0.22354471847820545, 0.14434510575538678, 0.05228262433097436], [0.04548347758091631, 0.61815523431069, 0.2458933057224206, 0.0904679822859731], [0.056061081582662174, 0.44789105649283906, 0.4078392386028623, 0.08820862322163645], [0.01227935214910918, 0.9022257906372404, 0.04707337534129506, 0.038421481772355326], [0.014811454552933909, 0.8608782359961956, 0.0893276700792882, 0.034982639271582315], [0.011605799196990054, 0.9365503787057834, 0.01825927942808664, 0.03358454256913987], [0.011142432758567548, 0.942315684339607, 0.01808680081446979, 0.0284550819873557]], "ideal": "B", "sampled": "C", "correct": false}}
{"type": "result", "data": {"idx": 9, "options": ["Dynamic", "Fluid", "Flexible", "Modern"], "probs": [[0.0016112066933695335, 0.9911277253024254, 0.0071088424970227665, 0.0001522254071822338], [0.0006558068577866724, 0.998467268929788, 0.0006160657518266468, 0.00026085836059869786], [0.004847331801815477, 0.6550046067610995, 0.33981820225492376, 0.0003298590821612182], [0.0011144992732435163, 0.9975241722691055, 0.0010469711627678342, 0.00031435719488315543], [0.0007741101479895971, 0.006480814926337215, 0.9924274144015495, 0.0003176604241237007], [0.005710703393359658, 0.0173164291644856, 0.9755063180890564, 0.001466549253098278], [0.5855781993252007, 0.2809605281828981, 0.13271990330583414, 0.0007413690860670176], [0.7587684156715889, 0.23875568834684333, 0.0017947021338763616, 0.0006811937476913081], [0.04491939363638628, 0.9455347181852474, 0.009415710127325142, 0.00013017795104116692], [0.027960432427723107, 0.9703732040721015, 0.0015052150559100455, 0.00016114834426539552], [0.5888110245112965, 0.15359708264729877, 0.24932288470881842, 0.008269008032586329], [0.5432783123739402, 0.09294207726014218, 0.3619099396515445, 0.001869670614373109], [0.014109891269608129, 0.2386438162689202, 0.746672947468857, 0.0005733448926146051], [0.015636226488404133, 0.9826213326337485, 0.0009996037905884475, 0.0007428369872589322], [0.009108187049688814, 0.988987167753564, 0.0017935167029171522, 0.00011112839383007188], [0.003323026603577215, 0.9962588259744186, 0.000350248786009601, 6.789853599456418e-05], [0.0721313167352423, 0.04730379056195758, 0.8787591269645842, 0.00180576563821583], [0.012637172487475007, 0.014097232925661866, 0.9730192162495551, 0.00024637823730797346], [0.0002967140816258377, 0.2167365086038104, 0.7805210942868405, 0.0024456829277232964], [0.0003423029712737455, 0.49727012991238606, 0.4972784745630346, 0.005109092453305559], [0.0007493532613420036, 0.9758464695887373, 0.019939262423748202, 0.003464914626172505], [0.0007623198809439765, 0.9038837435418225, 0.09233897805253438, 0.003014958424699114], [0.0002483710812310904, 0.8389193987711886, 0.16011357614193766, 0.0007186539056426968], [0.00025371815017393486, 0.8569841639681309, 0.1421040487815738, 0.0006580690001213113]], "ideal": "C", "sampled": "B", "correct": false}}
{"type": "result", "data": {"idx": 10, "options": ["Breadth, Clarity, Accuracy", "Disclosure, Detail, Accuracy", "Disclosure, Clarity, Accuracy", "Disclosure, Clarity, Efficiency"], "probs": [[0.010807924968523869, 0.5993768092144623, 0.38099402114153397, 0.008821244575479805], [0.006115294620623567, 0.9364361905964539, 0.050409753645163244, 0.007038761037759274], [0.005993509464010737, 0.9618381090313509, 0.027714337514206048, 0.004454043890432301], [0.006408480762448323, 0.9661289906928099, 0.02381105087688321, 0.003651477567858568], [0.022393934655868215, 0.6544472641578402, 0.3091446490654694, 0.014014152020822198], [0.01805219794055919, 0.14198261458315597, 0.8299960470021626, 0.009969140374122328], [0.09740741051000858, 0.18775086631397042, 0.7086146706250553, 0.006227052450965616], [0.197946647372669, 0.446072771106007, 0.347418004411008, 0.008562577010315963], [0.016599038784212542, 0.9498044348749, 0.029591717126156672, 0.0040048091147308115], [0.01744483604713216, 0.8947755730994179, 0.08193612132213518, 0.00584346943131478], [0.031111048386529307, 0.9235404685913895, 0.040577325776923835, 0.004771157145157377], [0.030460353469600448, 0.38887827987014584, 0.5747563154015753, 0.0059050511586783505], [0.7233358913773832, 0.11624948937100431, 0.15643666027444697, 0.003977958877165542], [0.778109180269826, 0.11386166328905198, 0.10530912705893636, 0.002720029282185653], [0.27108024992712537, 0.6922324157287916, 0.03187490561542058, 0.004812428628662452], [0.1777901666683207, 0.6605683629075436, 0.15690335783235532, 0.004738112491780361], [0.9242607703887411, 0.06489338970680356, 0.009061532437011395, 0.0017843073674439437], [0.7239141383224185, 0.09796960603832776, 0.17465737214548074, 0.00345888339377305], [0.34820282812495074, 0.18348559923343358, 0.4613071130820045, 0.007004459459611174], [0.053074855512747925, 0.04610960944081214, 0.897726300006004, 0.0030892349404360257], [0.03246077039437036, 0.9194782062809144, 0.04300447779308911, 0.005056545431626168], [0.04568370092712749, 0.40084991153679633, 0.5479242841941876, 0.00554210324188857], [0.054569184380797206, 0.9086832933687934, 0.03362031628920938, 0.003127205861199995], [0.03769427416427075, 0.8186418150262501, 0.1378830775881454, 0.005780833121333779]], "ideal": "C", "sampled": "C", "correct": true}}
{"type": "result", "data": {"idx": 11, "options": ["Indistinguishable, Perpetual, Does not own its own assets", "Independent, Limited, Owns its own assets", "Independent, Perpetual, Owns its own assets", "Indistinguishable, Perpetual, Owns its own assets"], "probs": [[0.029681481013942072, 0.867435925432587, 0.08724123317455074, 0.01564136027892025], [0.017834163384174335, 0.9437936501183183, 0.02940443330381254, 0.008967753093694839], [0.02907826590804356, 0.9188747501795819, 0.03852393018528862, 0.013523053627085974], [0.018404556147988912, 0.9440029947331758, 0.03180109710017936, 0.005791351918655907], [0.0366289162147471, 0.8207565758889822, 0.10766161438799769, 0.03495289340827298], [0.03852315576149685, 0.7737588795198237, 0.15476590220461722, 0.032952062414062254], [0.08568874117469721, 0.2898695164125257, 0.5948292018637849, 0.029612540448992277], [0.11087310810307087, 0.30611749796225773, 0.5289734483210734, 0.054035945513597916], [0.048159523400593665, 0.8274062079715363, 0.09429590114696129, 0.03013836738090871], [0.051982435549329464, 0.8389814966229825, 0.07217366885158392, 0.03686239887610408], [0.1200067064048061, 0.679890772033019, 0.11631951081541798, 0.08378301064675693], [0.08428002524784925, 0.6425214696415145, 0.23637863557859654, 0.03681986943203977], [0.09542485467768415, 0.5322241861917449, 0.3383262505539623, 0.03402470847660858], [0.09593544751047553, 0.350896832414567, 0.5105974198183353, 0.04257030015662223], [0.028015206371667573, 0.913372061514134, 0.051529405726445945, 0.007083326287752552], [0.02432132176326707, 0.9270510102762766, 0.040731729294482925, 0.00789593856597341], [0.1392917237772724, 0.6242584818073642, 0.11729911405534452, 0.11915068026001892], [0.11107197030661715, 0.669855586796693, 0.17204007264338386, 0.04703237015330602], [0.09929629044373196, 0.39271448575822, 0.39892677962788786, 0.10906244407016015], [0.09614312361282926, 0.25329302984050095, 0.5708551236161412, 0.07970872283052859], [0.02236710790276218, 0.9363649786105839, 0.028720933031667388, 0.012546980354986569], [0.03531159694597253, 0.8555335663032979, 0.08739974006994296, 0.02175509658078664], [0.024100894172993166, 0.9331094522504619, 0.028621233727064096, 0.014168419749480764], [0.041063219250794425, 0.8779858538809875, 0.05272787907739615, 0.028223047690821953]], "ideal": "C", "sampled": "C", "correct": true}}
{"type": "result", "data": {"idx": 12, "options": ["Private services, social, economic and environmental", "Public services, social, cultural and environmental", "Private services, cultural, economic and environmental", "Public services, social, economic and environmental"], "probs": [[0.05230235321175822, 0.9416994996821021, 0.005178743151493025, 0.000819403854646704], [0.16412787111750216, 0.7241374180623015, 0.11105338202134557, 0.0006813286988507515], [0.0975625576559295, 0.018616964352901534, 0.8832669815578557, 0.0005534963333132979], [0.027378005842847733, 0.007140429208103236, 0.9650911070165444, 0.0003904578325045628], [0.0873802503233299, 0.9105378133516654, 0.0016772722121299322, 0.0004046640128747911], [0.019697105483683246, 0.9791986928202782, 0.0008004042890514024, 0.00030379730698715094], [0.24614963093483008, 0.7348544199946702, 0.017554932255231758, 0.001441016715267955], [0.04370949421240768, 0.03566839549138006, 0.9200455554563173, 0.0005765547398949809], [0.27786000080969653, 0.1765980219689414, 0.5440140063822263, 0.0015279707391357405], [0.06808024474563393, 0.020438458259288854, 0.9109104643904947, 0.0005708325045825335], [0.0018303950019614257, 0.9936796048367258, 0.0032122617825351384, 0.001277738278777684], [0.0016686306008958894, 0.9948916240826358, 0.002427727402244243, 0.0010120178142240862], [0.0020317334317541745, 0.9733370144963212, 0.022535136911708924, 0.0020961150602157204], [0.0025302469885249744, 0.9007641495395302, 0.0949393280255798, 0.0017662753463650413], [0.0029673428770552765, 0.992466002365844, 0.0033102278989387305, 0.0012564267581619533], [0.004577278136720702, 0.9884387205397374, 0.006354775713714854, 0.0006292255098270284], [0.0025436990573490833, 0.9946447849549676, 0.0018902742757535356, 0.0009212416119298052], [0.0032141204179682806, 0.9942112027028052, 0.0019801270797948313, 0.0005945496994316717], [0.9584296137268921, 0.03178601840536307, 0.009396529205174853, 0.0003878385625700034], [0.9560078183010949, 0.04135247835593261, 0.002058954842571087, 0.0005807484004013258], [0.2918365685086638, 0.700068017935403, 0.007656649449937807, 0.0004387640059953809], [0.21060256918375575, 0.7824696994462597, 0.0064597838419493195, 0.000467947428035253], [0.7996117557199839, 0.015834148458321026, 0.1840833284183021, 0.00047076730339290577], [0.4644341250365386, 0.008913894908663822, 0.5262897442509449, 0.0003622357038527445]], "ideal": "D", "sampled": "D", "correct": true}}
{"type": "result", "data": {"idx": 13, "options": ["Predatory pricing", "Deceptive pricing", "Price fixing", "Skimming"], "probs": [[5.060457330020714e-05, 0.999081613100142, 0.0005110323248146912, 0.0003567499017430648], [7.712656975247046e-05, 0.9986251968502357, 0.000518835665862416, 0.0007788408141494015], [0.00020878608811248953, 0.0018602249554309197, 0.994509558678892, 0.0034214301775645165], [7.12657778658832e-05, 0.0002606956942736592, 0.0018379105599833983, 0.9978301278678771], [0.00029815962058903485, 0.003057861633583178, 0.9915230811682769, 0.005120897477550881], [9.159050399842994e-05, 0.0004799430905535122, 0.0006457705758185152, 0.9987826957296295], [0.9846872232353369, 0.014952013457005841, 0.0002915202276143446, 6.924298004297825e-05], [0.9752479728370348, 0.024036874445118952, 0.0005228187359568035, 0.00019233388188944113], [0.9857162521464045, 0.013842735933061137, 0.0003520085481425412, 8.900327239189623e-05], [0.988306576733722, 0.011327912039595345, 0.00027486786566217577, 9.064326102048128e-05], [0.9796947233734588, 0.01970777592818698, 0.00047078891577096213, 0.00012671168258329541], [0.9867694677813327, 0.012816304730491444, 0.00032085291852334055, 9.337446965254693e-05], [0.00038751230119147835, 0.004230611264232876, 0.9880720441178423, 0.007309832216733291], [0.00023171716022846073, 0.0011406274280762656, 0.009112291038981535, 0.9895153642727137], [0.00010532503515734656, 0.9977436986496273, 0.0014312908362745125, 0.0007196853789407764], [9.155566101548859e-05, 0.9982747621531529, 0.0008551090300119403, 0.0007785730558196259], [0.00011204821979691034, 0.0005101197519908694, 0.002114152449487618, 0.9972636794787246], [0.00028919288690416113, 0.002700442662585371, 0.9921963146888096, 0.004814049661700833], [0.001452228138721714, 0.012740366810598269, 0.9811932823750692, 0.004614122575610799], [0.00999858120345517, 0.01501076037927585, 0.016745069409997856, 0.9582455889072711], [0.0003504349664611144, 0.9967992109226865, 0.002048262354581192, 0.0008020916562712011], [0.00022303572766224647, 0.9980652115937831, 0.0012246358707090343, 0.00048711670784559714], [0.004489723711154286, 0.006636032786682938, 0.019200684879237317, 0.9696735585229255], [0.0007961931354288057, 0.005525295525324856, 0.9893755380247026, 0.004302973214543764]], "ideal": "B", "sampled": "B", "correct": true}}
{"type": "result", "data": {"idx": 14, "options": ["Normative, Descriptive and Economic", "Normative, Moral and Instrumental", "Political, Descriptive and Instrumental", "Normative, Descriptive and Instrumental"], "probs": [[0.0016886363064866961, 0.9758208082165568, 0.021897810217638067, 0.0005927451593184227], [0.004476405556225995, 0.826774931902083, 0.1679708017090608, 0.0007778607326302245], [0.049174148744744704, 0.035412605963779355, 0.9134463100684634, 0.001966935123012471], [0.02251702678589109, 0.03327093192505029, 0.9425555238428993, 0.0016565173461592587], [0.005591509535838, 0.8169582687436917, 0.17668159741361988, 0.0007686242068503518], [0.004734609493299359, 0.9455352263378685, 0.04856993108328915, 0.001160232985543017], [0.16503887284156793, 0.6840161253260277, 0.14564009368775832, 0.0053049080446459845], [0.03532703875894191, 0.2197809610398207, 0.7435850907652307, 0.0013069093360066342], [0.3546854111885259, 0.1783246771754387, 0.4554096869314784, 0.01158022460455699], [0.07568206491966835, 0.0699815513092245, 0.8526905014381757, 0.0016458822329313994], [0.008690254457817983, 0.9435800398012036, 0.04553253904346633, 0.002197166597512078], [0.01064517349146146, 0.9582290650686884, 0.029854418713839734, 0.0012713426260103715], [0.13247653515237087, 0.30798216894632297, 0.5577382903823311, 0.0018030054189750327], [0.04875522281407635, 0.1501503823812456, 0.7992335233348652, 0.0018608713698129039], [0.013857471687496023, 0.971465821187472, 0.012617049675812706, 0.002059657349219215], [0.03218129995740781, 0.6362989492379707, 0.3301278027481721, 0.0013919479564493485], [0.02851818175614445, 0.9297241719163438, 0.03959272866008944, 0.002164917567422242], [0.02801709379147934, 0.8992281375825834, 0.0715428996380208, 0.0012118688879165368], [0.3901585681282357, 0.10019161661995338, 0.5088605340459201, 0.0007892811058908372], [0.9343798085604109, 0.04651769289108258, 0.014638177930646144, 0.004464320517860322], [0.1414637315342846, 0.8140437020312423, 0.04247472131206137, 0.0020178450224117655], [0.2058281302935889, 0.7767676150558526, 0.016121632187494694, 0.0012826223630638552], [0.9025004490499561, 0.03903592371148586, 0.05505257462872823, 0.003411052509829774], [0.785592046641514, 0.056022306972940264, 0.1571284139682733, 0.001257232317272346]], "ideal": "D", "sampled": "D", "correct": true}}
{"type": "result", "data": {"idx": 15, "options": ["Work-life balance", "Healthy and safe working conditions", "Employee privacy", "Free Speech"], "probs": [[9.027327924731233e-05, 0.999803187577155, 9.76011217307381e-05, 8.93792186687379e-06], [7.141212797048199e-05, 0.9997938237864846, 0.00012337692866473088, 1.1387056880181503e-05], [0.00016597231243576938, 0.0004236378471603891, 0.9991871524377972, 0.00022323730260663283], [4.756265238326409e-05, 5.0637559461491426e-05, 0.00013762958759520327, 0.9997641701005601], [0.00014876914194821223, 0.0003148280556598826, 0.9991852024817687, 0.0003512002206232551], [5.38857801292306e-05, 5.1427171964085936e-05, 0.00028678725265800193, 0.9996078996952487], [0.9988737537559005, 0.0010987400637340445, 2.0441399363338077e-05, 7.064681002086867e-06], [0.9989594546854988, 0.0010162630124860208, 1.8907037809414996e-05, 5.37516420567799e-06], [0.9988918936012088, 0.0010817241893433624, 2.1090716547829043e-05, 5.29139290000749e-06], [0.9985604537793843, 0.0014103682189657298, 2.2797217410652028e-05, 6.380684239322901e-06], [0.9987878646170434, 0.0011879235789427343, 2.012308656091973e-05, 4.088617452921427e-06], [0.9982652003359699, 0.0017007293386252606, 2.7064417357610823e-05, 7.005808047274695e-06], [0.00012529736175880866, 0.00043709295259921553, 0.9992178272444098, 0.00021978234123217768], [3.704222373107621e-05, 7.030401998371551e-05, 0.00011957563316816663, 0.999773078023117], [7.484754360119518e-05, 0.9998794258783559, 3.9437400358514206e-05, 6.289077684424543e-06], [5.7388144890720346e-05, 0.9998768663724633, 5.3903907034673046e-05, 1.1841475611251176e-05], [3.8214007461751605e-05, 6.707934125739356e-05, 0.0002098350401289048, 0.9996848715111519], [9.458423272747625e-05, 0.00029119087267712775, 0.9993184602262237, 0.00029576456837168344], [0.00016085202658408878, 0.0006358497250838722, 0.9990294664971883, 0.0001738316511437718], [6.705951869920065e-05, 0.00011409459563651079, 0.0002377503536612078, 0.999581095432003], [6.60526252211959e-05, 0.9998882065390907, 4.005888192220647e-05, 5.6818537658464964e-06], [5.829061831101036e-05, 0.9998775165800446, 5.390451149494665e-05, 1.0288190149376044e-05], [7.363541408864751e-05, 0.00022685244601392717, 0.0003100176476873421, 0.99938949439221], [0.00016334397080098326, 0.0007091841671283312, 0.99885405902336, 0.0002734127387106552]], "ideal": "B", "sampled": "B", "correct": true}}
