{"type": "result", "data": {"idx": 0, "options": ["an average of 10 times, with an rms deviation of about 4", "an average of 10 times, with an rms deviation of about 3", "an average of 10 times, with an rms deviation of about 1", "an average of 10 times, with an rms deviation of about 0.1"], "probs": [[0.11520655795395342, 0.22206769053109154, 0.6131739798520955, 0.04955177156285952], [0.025402978722523693, 0.039964054817988, 0.9096238253375487, 0.025009141021939563], [0.12164738067991425, 0.17155101338685502, 0.6576497366188272, 0.04915186921440354], [0.021773878560923724, 0.030229737364256028, 0.9258796408988312, 0.02211674307598904], [0.02085539803276971, 0.8868070093843697, 0.08248606738205139, 0.00985152510080911], [0.020493334176291598, 0.8990717537724736, 0.07265642291387077, 0.007778489037364051], [0.11540210159904508, 0.14817981310063116, 0.6852065273046254, 0.05121155789569834], [0.02317167052350155, 0.028390187091653855, 0.9256257778411144, 0.022812364443730148], [0.13936474917925507, 0.20277546344159836, 0.5960141419768366, 0.06184564530231], [0.02319149699186818, 0.03024715162670521, 0.9264122800398791, 0.020149071241547575], [0.020281671625698963, 0.8897835238503308, 0.0814800600750823, 0.00845474434888799], [0.019967719842438537, 0.8898056352238186, 0.08276517687174745, 0.007461467961995386], [0.08557349199401085, 0.2940524774658672, 0.5668210328121949, 0.05355299762792707], [0.022089325476521624, 0.04676248607757015, 0.9103972385242749, 0.020750949821633283], [0.10710882979888282, 0.3623484616759398, 0.45806529430837456, 0.07247741411680278], [0.02602160392850155, 0.048614253168773505, 0.9031067045023202, 0.022257438300404712], [0.016183324397723672, 0.8698905835159547, 0.10553020395073298, 0.008395888035588625], [0.01620164821072434, 0.8845904710401106, 0.09179014344063395, 0.007417737208531077], [0.4711104547589237, 0.17062495345231626, 0.3446891544516155, 0.013575437237144486], [0.5057149769153102, 0.20432769730572872, 0.27929575574965626, 0.010661569929304802], [0.6482745770615215, 0.13802606637286352, 0.19772095591018649, 0.015978400555428457], [0.5449196196114295, 0.1489729907498611, 0.29628116413720806, 0.009826225401501357], [0.32001415428323066, 0.15116366995937655, 0.5194556203618879, 0.00936655529550488], [0.3832592365937978, 0.1388070474614424, 0.46959745185765567, 0.008336263987104154]], "ideal": "B", "sampled": "D", "correct": false}}
{"type": "result", "data": {"idx": 1, "options": ["500 nm", "550 nm", "600 nm", "650 nm"], "probs": [[0.0707623235242591, 0.797283172730113, 0.06443074609955969, 0.06752375754606825], [0.07393042907714106, 0.7584357430422878, 0.08643455995726268, 0.08119926782330844], [0.08059527904319842, 0.3393184916183443, 0.5255511520028087, 0.05453507723564859], [0.08118843789515313, 0.42540000597156846, 0.3016559093395442, 0.19175564669373418], [0.07745112333694593, 0.4387910581911579, 0.4252926329602319, 0.058465185411664324], [0.07927739501283441, 0.5089420003837727, 0.28106608565222785, 0.13071451885116503], [0.1192992350653066, 0.518214500574452, 0.2486440725982064, 0.11384219166203503], [0.118493421476151, 0.4911437860278049, 0.27550874085139315, 0.11485405154465093], [0.1014683946209233, 0.30769755057755743, 0.5485349051760753, 0.04229914952544401], [0.1340936442195439, 0.37607604821849233, 0.2544686235898869, 0.23536168387207684], [0.09949406383672908, 0.32116899369677404, 0.5378607591130024, 0.04147618325349452], [0.11015791198646836, 0.30894579789799453, 0.39054670053063384, 0.19034958948490324], [0.07023314516723313, 0.6162759179802111, 0.27347228437669746, 0.040018652375858346], [0.06045715610674543, 0.6399000190970421, 0.20452597845180087, 0.09511684624441154], [0.053997685672843125, 0.6681885296828417, 0.22381507441661333, 0.05399871012770181], [0.06559338175619178, 0.6835033042230431, 0.09106821971711966, 0.15983509420364542], [0.06449884223664666, 0.22866709698437138, 0.6413179087095728, 0.06551615196940906], [0.06547861510115355, 0.2180776782917243, 0.5568849972066705, 0.15955870930045166], [0.08171293883698633, 0.6528440117183154, 0.22561821339258406, 0.03982483595211417], [0.07935548904125754, 0.6963239544360817, 0.15537246249845169, 0.068948093924209], [0.0698994105231854, 0.6133493230128071, 0.26795262295273115, 0.048798643411276335], [0.0762381313015696, 0.6483896229127689, 0.12374779304188271, 0.15162445264377872], [0.09267950580450143, 0.29917210197132194, 0.5250684070735794, 0.08307998505059726], [0.09061769867768615, 0.2791230823853258, 0.4323186801405868, 0.19794053869640124]], "ideal": "C", "sampled": "B", "correct": false}}
{"type": "result", "data": {"idx": 2, "options": ["There are no changes in the internal energy of the system.", "The temperature of the system remains constant during the process.", "The entropy of the system and its environment remains unchanged.", "The entropy of the system and its environment must increase."], "probs": [[0.0010798542816959902, 0.0005429569076914442, 0.9972096303884032, 0.0011675583222094457], [0.0004300660012951375, 0.0002338182417305059, 0.9984398001442953, 0.000896315512678969], [0.0003858076484172474, 0.9991899780946095, 0.0003458315265271992, 7.838263044599158e-05], [0.0003980673632336725, 0.9992134902416844, 0.0003739423242531806, 1.4499970828792033e-05], [0.0016383360770743185, 0.9922101533575101, 0.0036920499900786373, 0.0024594604753369097], [0.002391923325653643, 0.9801671346116604, 0.016345827638026892, 0.0010951143246590166], [0.013325089562608907, 0.008875989337726467, 0.9638342838444193, 0.013964637155245322], [0.0015422005859114464, 0.0009065924890267992, 0.994235006661857, 0.003316200163204715], [0.0009992231804877637, 0.9977069221855408, 0.0011146997259736536, 0.0001791548079977718], [0.0010304901996093553, 0.9972599613299366, 0.0016466861892150096, 6.286218123903224e-05], [0.0022357063512147184, 0.9906024423633152, 0.0054476483755018556, 0.001714202809968239], [0.0022902555029258387, 0.9835466034918674, 0.012774009886803966, 0.001389131018402788], [0.9974978556898404, 0.002251297931888333, 0.00013520159687853317, 0.00011564468139278396], [0.9978401717985141, 0.0018964308655311925, 0.0002336869524419262, 2.9710283512776835e-05], [0.9973017262078866, 0.002433756988901629, 0.00016561989679418228, 9.889680641760081e-05], [0.9972250407955375, 0.0022506794253824808, 0.00048674546734248287, 3.753421173748657e-05], [0.9969192653734396, 0.0030276959542378454, 3.8113136832181035e-05, 1.4925435490462472e-05], [0.9974470292697047, 0.0025113784164873003, 2.2417449491439033e-05, 1.9174764316465854e-05], [0.6908254937979136, 0.29712165754945763, 0.007097788478275311, 0.004955060074353495], [0.7170559756487576, 0.2439659438131367, 0.03683407907062438, 0.0021440013674813418], [0.5868955059928747, 0.39095793858078715, 0.018002189098847394, 0.004144366227490828], [0.6038738463140089, 0.27647242082293283, 0.11525409971554453, 0.004399633047513795], [0.675101990134951, 0.3188959632953676, 0.0044783558342726066, 0.0015236906354087274], [0.7153022037261018, 0.2801171377915745, 0.0025398359924217683, 0.0020408223899020133]], "ideal": "C", "sampled": "C", "correct": true}}
{"type": "result", "data": {"idx": 3, "options": ["a dye laser", "a helium-neon laser", "an excimer laser", "a ruby laser"], "probs": [[0.002843889209792178, 0.004203084907717604, 0.951162349899086, 0.04179067588340418], [0.011567767999216595, 0.01005056618739489, 0.10150493190599061, 0.876876733807398], [0.0024900742641921015, 0.9290957910703401, 0.018399502130037042, 0.050014632435430674], [0.002885414250593076, 0.920868787527109, 0.011591900919254182, 0.06465389720304371], [0.020026997326606448, 0.09117044779254586, 0.29429841915699595, 0.5945041356238517], [0.010339000020562539, 0.052506765985575486, 0.8607581056548508, 0.07639612823901122], [0.02187828302041498, 0.028092761876939612, 0.8877031024314606, 0.0623258525711848], [0.04278501021190238, 0.04212289569883979, 0.14474200627479225, 0.7703500877144656], [0.023184460869037325, 0.8173036346148081, 0.07602037276255544, 0.08349153165359909], [0.021757425412407022, 0.7913414039184886, 0.035872597360897526, 0.1510285732082068], [0.04426525789855033, 0.09371239446661497, 0.40075262331952904, 0.46126972421530565], [0.027777978733726005, 0.10160937689171627, 0.8118063037972767, 0.05880634047728105], [0.2663605441463222, 0.29254274794588936, 0.4061573637500247, 0.03493934405776372], [0.2525264768034133, 0.2998868047958653, 0.3561255421207534, 0.09146117617996796], [0.20550417780464814, 0.5247799939123287, 0.23287047111790268, 0.036845357065120495], [0.22194790505361855, 0.38953529835878936, 0.31300158937878975, 0.07551520710880236], [0.18828816061617287, 0.4733644040959554, 0.2573639269227481, 0.08098350826512357], [0.15225779725098562, 0.2889373248352009, 0.5232008001579025, 0.03560407765591097], [0.054497671797949045, 0.059855544631861435, 0.28112471833946795, 0.6045220651307216], [0.017537836964310792, 0.023600122633445388, 0.899531915158676, 0.059330125143567766], [0.05171191961533853, 0.08135656690898552, 0.41315906410342546, 0.45377244927225047], [0.021981740307093482, 0.041714671688538076, 0.8918991222897134, 0.04440446561465513], [0.018474306079069806, 0.8763676178529466, 0.030939210069394235, 0.07421886589858938], [0.02071748724910558, 0.8406081842884119, 0.055443763838134055, 0.08323056452434852]], "ideal": "A", "sampled": "C", "correct": false}}
{"type": "result", "data": {"idx": 4, "options": ["The Heisenberg uncertainty principle", "The Pauli exclusion principle", "The Bohr model of the atom", "Nuclear hyperfine coupling"], "probs": [[0.17077262188954234, 0.5343060333699325, 0.11026088563707889, 0.1846604590034462], [0.14927833603565696, 0.4818784974683922, 0.30155615647595857, 0.06728700991999231], [0.17814036405657868, 0.5318341016907784, 0.13033271742056607, 0.15969281673207683], [0.08873679686352152, 0.2374731653126492, 0.5027376525213221, 0.17105238520250715], [0.03477100645249636, 0.8557023701693725, 0.05219810999984256, 0.05732851327828866], [0.037175602653248846, 0.7948601722688319, 0.04414762490326323, 0.12381660007465602], [0.6021648160914326, 0.36523462018508057, 0.01630020544329089, 0.016300358180195956], [0.626687617834382, 0.3302433640815866, 0.03426818396099624, 0.008800834023035118], [0.6533595322909262, 0.30384302136243796, 0.02306700125105977, 0.019730444995576014], [0.5229354706676794, 0.2755691799566863, 0.17244984413077663, 0.029045505144857663], [0.4487741896755939, 0.5085321337512504, 0.029141543420128948, 0.013552133053026785], [0.365981240057669, 0.5757756061045054, 0.029576403135787098, 0.028666750602038493], [0.04679359885132869, 0.6459737443500516, 0.10711324998825025, 0.20011940671036949], [0.03171662028226796, 0.24560442407625718, 0.480873731268065, 0.2418052242734099], [0.032715907038854734, 0.7682549728702455, 0.10727272701138955, 0.09175639297951028], [0.03411590794521339, 0.5253920730740773, 0.2560568537475102, 0.18443516513319907], [0.0025305347124717813, 0.9590490598034188, 0.013259135269690478, 0.02516127011441886], [0.0029103463932564732, 0.9434396624291624, 0.01284112943504426, 0.040808861642536845], [0.6634971156084345, 0.2990654224805258, 0.026543882755049566, 0.010893579055990142], [0.6119321093970285, 0.33794570239296456, 0.02817743790681922, 0.021944750203187747], [0.6600362645546501, 0.27948015873416393, 0.047814108337497135, 0.01266946827368875], [0.6583304048945651, 0.28314851182232004, 0.0317688418123834, 0.0267522413707315], [0.6806881401869226, 0.25041470623805256, 0.04560453773090481, 0.023292615744120098], [0.6456640097512453, 0.26087584019960064, 0.05468343346198773, 0.03877671648716634]], "ideal": "B", "sampled": "D", "correct": false}}
{"type": "result", "data": {"idx": 5, "options": ["1/2", "1", "3/2", "5/2"], "probs": [[0.1143117552527091, 0.3632800535278554, 0.520378924070521, 0.002029267048914409], [0.38648896109768976, 0.4311585281342247, 0.17420485029920962, 0.008147660368875953], [0.0423727846115511, 0.8919218589779907, 0.0646109045774124, 0.0010944517330457584], [0.10889465191790557, 0.817297926408488, 0.07253965870903281, 0.001267762864573623], [0.30102765184198416, 0.48861507828229817, 0.20052834099866837, 0.009828928777049299], [0.09522737049450494, 0.1984701502961394, 0.7036429814948469, 0.0026594976145087284], [0.0013688130579762026, 0.7666730699840797, 0.2266283456019751, 0.005329771255968973], [0.0011826244640056021, 0.8505246820550213, 0.13884423513193775, 0.00944845824903534], [0.0010269100159535503, 0.8238975621216829, 0.170020954667323, 0.005054573095040578], [0.0008143988504573623, 0.8656123722546131, 0.12866183282299384, 0.00491139597193567], [0.003480776887514036, 0.4630647281352, 0.5165873479698, 0.01686714690748591], [0.002748969789231324, 0.3329815961140406, 0.6519496033931361, 0.01231983060359198], [0.5667873315687455, 0.4146713827179297, 0.01793703342599241, 0.0006042521873324052], [0.5584383891647163, 0.4085632632900736, 0.032001322214011925, 0.0009970252311981168], [0.6329625317909812, 0.17304240355778774, 0.19304344268478246, 0.0009516218664486461], [0.6935885887177475, 0.16218782359326187, 0.14313077395333274, 0.0010928136356578376], [0.5731711818294563, 0.21755162743826775, 0.20759000775252348, 0.0016871828797525436], [0.7055254597597022, 0.2118377542242104, 0.08167099229641596, 0.0009657936196715381], [0.06925592001507759, 0.8704906326042502, 0.05652522811129979, 0.0037282191693723743], [0.0449144520710203, 0.6809625864338315, 0.27086938377119124, 0.0032535776239570277], [0.04622391016490161, 0.1856963396812164, 0.7577658541877199, 0.010313895866162059], [0.012637166795087364, 0.07048364481823072, 0.9140594877531965, 0.002819700533485475], [0.020121886045225624, 0.8690763158651302, 0.10877809726094352, 0.002023700728700619], [0.013854995791774124, 0.9414246332182739, 0.04334854920254681, 0.001371821687405205]], "ideal": "C", "sampled": "C", "correct": true}}
{"type": "result", "data": {"idx": 6, "options": ["V_0/5", "V_0/3", "V_0/2", "2V_0/3"], "probs": [[0.22451555282033092, 0.513923490085632, 0.23164647403867064, 0.02991448295536647], [0.20215886791606957, 0.48495605492779625, 0.28509443942382867, 0.02779063763230548], [0.17172065375518206, 0.6791719197547756, 0.1276136934629619, 0.021493732927080362], [0.16912504304394904, 0.628378841119913, 0.18575020826938157, 0.016745907466756346], [0.1412917960942672, 0.6740704723960333, 0.16262827690831544, 0.022009454501384047], [0.14176751566178883, 0.6353616666504044, 0.20307531799524314, 0.019795499592563583], [0.5534509863121049, 0.2614325792110811, 0.16617807585138017, 0.018938358525433897], [0.5337709048735922, 0.2683977414444501, 0.1844684731355641, 0.013362880446393527], [0.4540755465187453, 0.46122884944212694, 0.06963577600714782, 0.015059827931979885], [0.40177391060469975, 0.4697242207560373, 0.11692474352034075, 0.011577125018922184], [0.3962581805000702, 0.4779809477184065, 0.11177104111089674, 0.01398983057062652], [0.40508251963380343, 0.45190471287909667, 0.12549033064382903, 0.01752243674327083], [0.39446535449912157, 0.3823306246789662, 0.1892695867679582, 0.03393443395395403], [0.3679454333115211, 0.36794719164854506, 0.24130864483928957, 0.022798730100644253], [0.41045218321185234, 0.43692683956037315, 0.1194505171010357, 0.03317046002673882], [0.34953622784225746, 0.4150867074449664, 0.2153466600976856, 0.020030404515090486], [0.2815272808669892, 0.5776608602994235, 0.12492889000892576, 0.01588296872466152], [0.31529004259486426, 0.5447763356238559, 0.12541565648187258, 0.014517965199407285], [0.4013647961718707, 0.2801981518474864, 0.30774092126626434, 0.010696130614378517], [0.45733128867435374, 0.31431968304916863, 0.21943239274571083, 0.008916635430766776], [0.46690885164323265, 0.4251273683955576, 0.09941192280218504, 0.008551857059024712], [0.43804448795706824, 0.4245692179756201, 0.1294875082645537, 0.007898785702757951], [0.48903942214139384, 0.41181457602555255, 0.09046440039857219, 0.00868160133448144], [0.3984935894153886, 0.3862346126730245, 0.20673868135060772, 0.008533116460979198]], "ideal": "D", "sampled": "D", "correct": true}}
{"type": "result", "data": {"idx": 7, "options": ["0.25mc^2", "0.60mc^2", "0.67mc^2", "1.25mc^2"], "probs": [[0.012559796800599921, 0.9520692804166649, 0.0306037868091378, 0.004767135873597291], [0.010987444968976046, 0.9586402342020638, 0.024760516784536578, 0.005611803944423618], [0.0313814236949669, 0.8615445269125007, 0.09516297776738049, 0.011911071525151893], [0.03005100055021362, 0.8646148957535795, 0.08042080988123701, 0.024913293714969875], [0.03200809782455048, 0.39607425089235454, 0.5413751217346875, 0.030542529448407477], [0.04946336692040858, 0.5932487601724965, 0.3175422716830337, 0.039745601124061176], [0.4236448045598293, 0.3797539117589236, 0.17938619582965917, 0.017215087751587983], [0.4397959651384817, 0.40674727620730544, 0.13413309874733367, 0.019323659806879143], [0.2664094989399701, 0.6697605411008439, 0.05412585307413578, 0.009704106785050178], [0.21021398623538723, 0.6178588031240774, 0.14906712735645095, 0.02286008318408446], [0.22718985968914046, 0.7220181414289231, 0.03948067976275443, 0.011311319019182016], [0.26150927359012727, 0.6273362139215283, 0.0977211758967184, 0.01343333649162606], [0.3311495110549543, 0.5128977183582101, 0.14022057933700274, 0.01573219114983285], [0.29043762299378484, 0.5342025418963028, 0.14834437491184022, 0.027015460098072108], [0.45899643805508744, 0.4114459393291606, 0.10241935993572049, 0.02713826258003139], [0.34432736420534227, 0.40890217280287344, 0.2121397578370746, 0.03463070505470971], [0.15103912098806177, 0.7551629415955228, 0.07134753345333367, 0.022450403863081836], [0.1794485067755204, 0.6772409922812884, 0.1292547630398135, 0.014055737803377724], [0.04012199901892974, 0.17157757548159946, 0.7570530950972368, 0.03124733030223397], [0.1306156247116162, 0.41509703725367614, 0.40233052672141484, 0.051956811213292785], [0.03836344424169893, 0.9441174267442728, 0.0138945578968752, 0.0036245710171530963], [0.06070076196502727, 0.8920101368818745, 0.039809211398712456, 0.007479889654385759], [0.14123392156303935, 0.7877546577401777, 0.05360763166907658, 0.017403788927706366], [0.22123088194280174, 0.6708861809920457, 0.0826700059985025, 0.025212930966650064]], "ideal": "A", "sampled": "B", "correct": false}}
{"type": "result", "data": {"idx": 8, "options": ["Planck\u2019s constant", "Boltzmann\u2019s constant", "The Rydberg constant", "The speed of light"], "probs": [[0.9999199149142218, 7.484818237975519e-05, 2.9942509843814896e-06, 2.242552413980441e-06], [0.9998936404137929, 0.00010230280522965606, 2.642356413014927e-06, 1.4143245643698507e-06], [0.9998849956372632, 0.00011061459732949398, 2.3318530871593314e-06, 2.0578123201382115e-06], [0.9998214369230692, 0.00017400949488943695, 3.6114050205299807e-06, 9.420770208050702e-07], [0.9997377576155128, 0.0002571481516672303, 2.834400836839182e-06, 2.2597319831496684e-06], [0.999698500434933, 0.0002959632199479329, 3.843850134695403e-06, 1.6923949843913566e-06], [0.0014323275234138983, 0.9984213118601355, 6.804363920532608e-05, 7.831687724522598e-05], [0.0016742241337139956, 0.9982164363984257, 5.552422876920445e-05, 5.3815139091096936e-05], [0.0020824782255014266, 0.0002689151996172157, 0.9975988646695584, 4.9741805322981536e-05], [0.0003353520449041749, 5.1429396516533486e-05, 9.814757893191686e-06, 0.9996034037006861], [0.0006656929231728855, 0.0014313103499649375, 0.9976729768153882, 0.00023001981147391062], [0.00032000028356692946, 4.33087298835247e-05, 5.462910404728029e-06, 0.9996312279761448], [0.006903278563260876, 0.9930140859732957, 2.1971419961614428e-05, 6.066394348179485e-05], [0.01150746143859754, 0.9884239550775878, 5.412846428384507e-05, 1.4454919530791013e-05], [0.002799889622110097, 0.00029974045032123966, 0.9967542951782549, 0.00014607464931380547], [0.0009253857050994414, 5.220796999534856e-05, 1.1648464057970073e-05, 0.9990107577608472], [0.03649016921956233, 0.007529704064699035, 0.955835601705354, 0.00014452491038464938], [0.0006771747764700546, 8.215197917009583e-05, 5.904496992650089e-06, 0.9992347686473672], [0.005730188589618092, 0.9942476180738686, 9.46155378639815e-06, 1.2731682726842178e-05], [0.007121368309493515, 0.99285542939114, 1.486423115761641e-05, 8.337968208812298e-06], [0.01715232253927587, 0.001407865405229676, 0.9813394124383289, 0.00010039951716555951], [0.006903758907448258, 4.951892848331398e-05, 1.0792580260864255e-05, 0.9930359294838076], [0.6354901738797945, 0.007999489949977, 0.3564642340679339, 4.610200229458469e-05], [0.002672992902555215, 5.5478499427623274e-05, 6.625502399604356e-06, 0.9972649029956175]], "ideal": "A", "sampled": "A", "correct": true}}
{"type": "result", "data": {"idx": 9, "options": ["mc/2", "mc/(2^(1/2))", "mc", "(3^(1/2))mc"], "probs": [[0.047787119766473554, 0.8604039741282447, 0.05947385488169879, 0.032335051123583015], [0.07071954334746652, 0.848201939485968, 0.053383809121050105, 0.027694707945515398], [0.1584943675892468, 0.35717606407864416, 0.42416974739895774, 0.06015982083315133], [0.23131791297083185, 0.4746393366389956, 0.2424271603181721, 0.051615589972000435], [0.13493361263513604, 0.6437400195109823, 0.18443683178745118, 0.03688953596643053], [0.11096078073643095, 0.7349623982248686, 0.10924343682296814, 0.044833384115732254], [0.5585418069452225, 0.4086420771590724, 0.023054353359057072, 0.009761762436648001], [0.5446009706388577, 0.4308191891621889, 0.017506612691295165, 0.007073227407658195], [0.5130947241290438, 0.23127117793793772, 0.23861682457068223, 0.017017273262336225], [0.6539552417366268, 0.2560949172660963, 0.06892802899815613, 0.02102181189912077], [0.32770194440348016, 0.34343169900841986, 0.2983846260508014, 0.030481730437298578], [0.3691555573018123, 0.4814769643118695, 0.09781967138943763, 0.05154780689688057], [0.023055533401222936, 0.9651605860644112, 0.00931557454642076, 0.0024683058879449997], [0.016828044994990087, 0.9780483584752787, 0.004188941726427505, 0.0009346547033036248], [0.02688795861623561, 0.8766132510637323, 0.07084190778804415, 0.02565688243198794], [0.02640435873904932, 0.9163678389955496, 0.039638590506656954, 0.01758921165874406], [0.04633325008522487, 0.42607489620801015, 0.4981402800678419, 0.029451573538923075], [0.048659497998462184, 0.7263124882055095, 0.18653465079841727, 0.03849336289761101], [0.1350615374027015, 0.8273601251029671, 0.02920973970970414, 0.008368597684627338], [0.1548236822247893, 0.8112287860533133, 0.02062879402756759, 0.013318737594329848], [0.18141342971357885, 0.47796261081040947, 0.3086021335306675, 0.0320218258453442], [0.1691228871009074, 0.734646249717826, 0.049994084234094786, 0.04623677884717183], [0.06403191035541772, 0.07603943814564333, 0.8434838574187515, 0.016444793980187417], [0.2663851707875907, 0.25418743772707514, 0.4392084527978131, 0.04021893858752101]], "ideal": "D", "sampled": "B", "correct": false}}
{"type": "result", "data": {"idx": 10, "options": ["square", "hexagon", "cube", "tetrahedron"], "probs": [[0.011896751587804108, 0.7958287413721259, 0.12591800351169824, 0.06635650342837178], [0.01394081248964025, 0.8229856727870074, 0.1407958309627631, 0.022277683660589295], [0.027055513012205108, 0.6157762809081201, 0.20625933857262765, 0.1509088674070472], [0.027388110958192602, 0.6041675850455357, 0.2853890380379454, 0.08305526585832623], [0.06456710757759611, 0.6030946609910437, 0.2117064468823891, 0.12063178444897109], [0.055849585468512826, 0.3475057171403095, 0.37574493741306936, 0.2208997598781083], [0.2343169099509571, 0.048353677729489175, 0.6469729211156632, 0.07035649110389049], [0.4178746332208197, 0.0749203986824164, 0.49624148446003563, 0.010963483536728272], [0.5549572399053884, 0.22074629025355894, 0.10427350348617874, 0.1200229662548739], [0.4065228160975428, 0.19812251902237957, 0.387908851520141, 0.0074458132599366], [0.662148245582914, 0.317702507224473, 0.007830232707085013, 0.01231901438552799], [0.7303099147711855, 0.1996555358850197, 0.06381396301656814, 0.006220586227226763], [0.02539525676316261, 0.044569293328391074, 0.8542182262312871, 0.07581722357715928], [0.04489926926492776, 0.10439262382547272, 0.7360511907787509, 0.11465691603084854], [0.033476827530086496, 0.621865593021577, 0.068689401817045, 0.27596817753129155], [0.03616393175280151, 0.7040188553811874, 0.23953080460393533, 0.02028640816207577], [0.03139397158340441, 0.5146516608924198, 0.013714933894273555, 0.44023943352990225], [0.06221947629599735, 0.6901519914907279, 0.21379976393824515, 0.033828768175029576], [0.02878545643877601, 0.012974300540397913, 0.9532380875473474, 0.005002155373478695], [0.06792233100642721, 0.022398048884427858, 0.8671742032317842, 0.042505416777360736], [0.435814196917633, 0.5095176043278349, 0.031570270301557075, 0.023097928352975042], [0.24998311067336637, 0.5812264534127685, 0.15401024727633839, 0.014780188537526781], [0.41431129591958077, 0.20832801173522988, 0.17543019614000474, 0.2019304961051846], [0.3519950302485988, 0.22027174210544423, 0.41152520056675973, 0.01620802697919722]], "ideal": "D", "sampled": "B", "correct": false}}
{"type": "result", "data": {"idx": 11, "options": ["0.024 m", "0.048 m", "0.121 m", "0.242 m"], "probs": [[0.09810957293328496, 0.5916712868522175, 0.29290157499047625, 0.017317565124021293], [0.0931328155518858, 0.5443783957385651, 0.33538517102683607, 0.027103617582713097], [0.10371637721326314, 0.5519880456525693, 0.3245007280578179, 0.01979484897634972], [0.10215172189598436, 0.5878384719719721, 0.2864927952571061, 0.023517010774937366], [0.0794626635153502, 0.6153277845859287, 0.28172007620080536, 0.023489475597915654], [0.09188846574297758, 0.6378287050529098, 0.2497793957144042, 0.02050343338970846], [0.10128947732981666, 0.6108493588139629, 0.271065523540978, 0.01679564021524252], [0.09333695209572973, 0.589904351383009, 0.2920265115870615, 0.024732184834199825], [0.08455861584288249, 0.5688887484299565, 0.324146578620673, 0.022406057006488], [0.08544364965642334, 0.5838965533728304, 0.2982286390344778, 0.03243115783626846], [0.07711748808660385, 0.635682408311818, 0.26916688405081807, 0.01803321945076007], [0.08069210769259523, 0.6548366765527127, 0.24469653589911872, 0.01977467975557333], [0.12403189112424551, 0.5735127797109194, 0.2795114454456726, 0.022943883619162452], [0.10743027259400761, 0.6086289927397677, 0.26177096559299184, 0.02216976897323289], [0.11999534739818092, 0.609382186548318, 0.25009335482376416, 0.020529111129736873], [0.09391249285150875, 0.6123810615203942, 0.27174583985812195, 0.021960605669975097], [0.10027188806723188, 0.6142318844180995, 0.26834157106577144, 0.017154656348897176], [0.0933073587607804, 0.5805701341218034, 0.3059431485121497, 0.020179358505266504], [0.13854537625647073, 0.539457368339476, 0.2979213259859156, 0.024075929318137675], [0.17081749819338188, 0.5689057834378006, 0.23715869119981664, 0.02311802706900087], [0.152812047923654, 0.5767029491046995, 0.2519465074513745, 0.01853849542027197], [0.14872220323299756, 0.5790848796133322, 0.2529869703656802, 0.019205946687989996], [0.16938742102918602, 0.5820494499573317, 0.23152712804560627, 0.017036000867876044], [0.14650975237344802, 0.5443448492602325, 0.2913715258856076, 0.0177738723807119]], "ideal": "D", "sampled": "D", "correct": true}}
{"type": "result", "data": {"idx": 12, "options": ["Specific heat", "Thermal conductivity", "Electrical resistivity", "Hall coefficient"], "probs": [[0.008345179414383631, 0.020654667551513364, 0.5495985252158323, 0.42140162771827067], [0.0025584843981193255, 0.010771604075699518, 0.88286136112587, 0.10380855030031118], [0.010569501647470617, 0.7409838423491174, 0.011608390114770065, 0.2368382657886419], [0.006491674487640785, 0.2435973253489311, 0.7272526522881801, 0.022658347775247913], [0.0016248779521736462, 0.9840591076903915, 0.002678981853411329, 0.011637032404023515], [0.0023584362042376556, 0.9816669581268036, 0.008361405995857935, 0.007613199573100845], [0.004737065102624074, 0.011724411334051303, 0.4610675206160293, 0.5224710028472953], [0.0016579583546649944, 0.00790962753291069, 0.8723692785458985, 0.11806313546652582], [0.0071973615526988504, 0.7115676514992919, 0.011147561658463988, 0.2700874251895452], [0.006835347660196968, 0.22635399260031971, 0.7421953934735926, 0.024615266165890652], [0.0009477041140086971, 0.9763179836254761, 0.0027854642941541026, 0.019948847866361145], [0.002052496658680622, 0.953064038158684, 0.030636178663619094, 0.014247286419016259], [0.1359998614055978, 0.13181652422011167, 0.041477882294930074, 0.6907057319793605], [0.02156082131861722, 0.05769945211262855, 0.9025835838695814, 0.018156142599172826], [0.2762681820990429, 0.12259378936708558, 0.04303447124651022, 0.5581035571873613], [0.012736005920805584, 0.017960496546104963, 0.9654192489328658, 0.003884248500223649], [0.007525188614991038, 0.9856118864060994, 0.0026416134438943173, 0.004221311435015263], [0.00528217093599371, 0.9910021171800646, 0.001973816376180916, 0.0017418954077608097], [0.9427298228441129, 0.05074977035521272, 0.00260690939941233, 0.0039134973012619955], [0.9100805909987427, 0.07588054564069723, 0.01258232963963984, 0.0014565336209201743], [0.9764886638435765, 0.021239001608382914, 0.0011982313761896707, 0.001074103071850973], [0.9417276151627402, 0.04073516437441037, 0.016717782892447318, 0.0008194374704021289], [0.9123596689240537, 0.08486294513046963, 0.001995805886508395, 0.0007815799589682438], [0.9345819346147081, 0.06359923965012307, 0.0013407582016351008, 0.0004780674335337789]], "ideal": "D", "sampled": "D", "correct": true}}
{"type": "result", "data": {"idx": 13, "options": ["two hydrogen atoms and one helium atom", "four hydrogen atoms and one helium atom", "six hydrogen atoms and two helium atoms", "three helium atoms and one carbon atom"], "probs": [[0.25876691028113485, 0.6924952621297069, 0.04712529687383274, 0.0016125306153254504], [0.26559479702609196, 0.7333349674132019, 0.0005809962017899644, 0.0004892392589161026], [0.34164762453758746, 0.6483348599821022, 0.008963572781377544, 0.0010539425989328003], [0.3660533169157802, 0.6324870734867925, 0.0008261715990728888, 0.0006334378983544974], [0.8982342210921342, 0.07258849108885697, 0.027985525399847486, 0.0011917623191613387], [0.9220260936787238, 0.052017140539851556, 0.02495831215136762, 0.0009984535300570148], [0.1830477338920815, 0.7016891514841477, 0.11102497265779193, 0.004238141865978848], [0.1399488341327278, 0.857293750277744, 0.0011024579032181416, 0.0016549575863100622], [0.10142208687924699, 0.889954154296251, 0.006794939783859938, 0.0018288189406420463], [0.08842455699846016, 0.9071264969822587, 0.0017787567549274825, 0.0026701891643537232], [0.5963671389097476, 0.16303736328725743, 0.23354317115243267, 0.007052326550562339], [0.533740469766798, 0.09275005167307515, 0.361151671467304, 0.012357806992822901], [0.39934783054207024, 0.4385963555378983, 0.1515783923085524, 0.010477421511479047], [0.43217673227540915, 0.5549295841240007, 0.004726718898190939, 0.008166964602399192], [0.27406970250809115, 0.6678127788826712, 0.05069869492261322, 0.007418823586624444], [0.31089009566871134, 0.6790522710987686, 0.003295598500324738, 0.006762034632195238], [0.547149653546879, 0.23903155499730097, 0.19509612712724106, 0.018722664228579006], [0.4890096144117707, 0.2576896980432364, 0.2346335026568571, 0.01866718478813579], [0.030555605913768265, 0.9070323117167134, 0.0511712730356276, 0.011240809233890694], [0.03366663497877289, 0.9099459568122389, 0.04674174901678025, 0.009645659092207914], [0.028749790533347596, 0.9227767746013344, 0.03467908785495543, 0.013794346910362477], [0.03969355262704418, 0.8620527305518375, 0.08144637865646832, 0.016807338064650023], [0.02152929554077651, 0.9593893134843161, 0.011523897358398465, 0.007557493516508908], [0.02308455121486696, 0.9513867374840378, 0.017425267572218833, 0.008103443628876437]], "ideal": "B", "sampled": "C", "correct": false}}
{"type": "result", "data": {"idx": 14, "options": ["Lines in the infrared, visible, and ultraviolet regions of the spectrum reveal primarily the nuclear structure of the sample.", "The wavelengths identified in an absorption spectrum of an element are among those in its emission spectrum.", "Absorption spectra can be used to determine which elements are present in distant stars.", "Spectral analysis can be used to identify the composition of galactic dust."], "probs": [[0.19019934743523118, 0.2682289124663684, 0.5090306855852613, 0.03254105441313903], [0.12163645047899946, 0.2202588039262094, 0.608182632374585, 0.049922113120206085], [0.2888235715246805, 0.31721526026665803, 0.35946428370460065, 0.03449688440406072], [0.2416405718543628, 0.30073933446055306, 0.22701018031606107, 0.23060991326902305], [0.1931589317560354, 0.27669347360546626, 0.4633895330930364, 0.06675806144546192], [0.19648063154644665, 0.29039158597602166, 0.2685688039815677, 0.24455897839596397], [0.028390261415188717, 0.1685670375707072, 0.7208860174904244, 0.08215668342367975], [0.02612547822172747, 0.11527408845105203, 0.7755684476226239, 0.08303198560459657], [0.018535289980611717, 0.07803860335031067, 0.8522456915280535, 0.05118041504102406], [0.013139575484716289, 0.03685454474459572, 0.3551505396193329, 0.5948553400513551], [0.019424227363208122, 0.09561303117444715, 0.8005824595258062, 0.08438028183653848], [0.008851078659361043, 0.03237945735495858, 0.16187335923685728, 0.7968961046488231], [0.042687329277555704, 0.08489634619447088, 0.7449641032712676, 0.12745222115670585], [0.027391563000907882, 0.08306997500656142, 0.39628980666971103, 0.49324865522281963], [0.018887503877954313, 0.04674822947949793, 0.8684365263213969, 0.06592774022115082], [0.009084085492325538, 0.0167099805245033, 0.29616938638130524, 0.6780365475018659], [0.01326670341377484, 0.024402285695879957, 0.8080996486359731, 0.15423136215437208], [0.00911547445646772, 0.01411930351855916, 0.7018856406705848, 0.2748795812543883], [0.09217892253276952, 0.127980550871533, 0.6918768595306198, 0.08796366696507762], [0.057220497409013804, 0.1394343793513172, 0.4791214876135174, 0.3242236355261516], [0.041026074129516504, 0.09245613892602128, 0.8113081990018681, 0.055209587842594096], [0.028244802967227506, 0.04805008679521047, 0.4150718163337347, 0.5086332938038273], [0.017789457396248, 0.029330707542363905, 0.8439003728759978, 0.10897946208539024], [0.014126385418759954, 0.018425445168789748, 0.6197635281079124, 0.34768464120453796]], "ideal": "A", "sampled": "A", "correct": true}}
{"type": "result", "data": {"idx": 15, "options": ["Bosons have symmetric wave functions and obey the Pauli exclusion principle.", "Bosons have antisymmetric wave functions and do not obey the Pauli exclusion principle.", "Fermions have symmetric wave functions and obey the Pauli exclusion principle.", "Fermions have antisymmetric wave functions and obey the Pauli exclusion principle."], "probs": [[0.8216002475557642, 0.0921818303871494, 0.061406656292931475, 0.02481126566415484], [0.8032712059579397, 0.0807873861906981, 0.11216287010054836, 0.0037785376508138128], [0.859459701688529, 0.07054928974618627, 0.04279055912053795, 0.027200449344746695], [0.665346460936833, 0.06796962199346278, 0.26055616817213195, 0.0061277487975722215], [0.8869251920245753, 0.10266991955017205, 0.00911244718229957, 0.0012924411429530646], [0.8097719630395063, 0.1619658039172566, 0.024453109372635645, 0.0038091235706015276], [0.17787679035786116, 0.12418185816005715, 0.3271755941453772, 0.3707657572367044], [0.2225822466411942, 0.12292304325651494, 0.6145867774188758, 0.03990793258341506], [0.1791291683733148, 0.1605734675962092, 0.403684020002051, 0.25661334392842494], [0.0878639599401439, 0.07515482015807687, 0.7954764339090938, 0.04150478589268536], [0.3291502149453829, 0.45698676446039854, 0.18177709659112729, 0.0320859239030913], [0.3880639483956682, 0.3820529394710665, 0.2013282827188371, 0.028554829314428216], [0.7711634390965477, 0.05166477173366612, 0.15424456702463593, 0.022927222045150266], [0.6082489018479041, 0.036528103798344834, 0.35203114869714364, 0.0031918455566073587], [0.7054832362032282, 0.10005898568097261, 0.1783762968393715, 0.016081481176427725], [0.5819424165290819, 0.06632029753232986, 0.34749750936547397, 0.004239776473114298], [0.8909995008728715, 0.0778546486597213, 0.027329683453816547, 0.003816166913590621], [0.8722438993136442, 0.07621574784145994, 0.04411069093795345, 0.007429661806942424], [0.9753215585000838, 0.010501544573727274, 0.013484227954427977, 0.0006926688717609164], [0.9594359621037352, 0.01870606766953262, 0.020544567278238415, 0.0013134028484938487], [0.9745459531780107, 0.01841616998396826, 0.006265762711763002, 0.0007721140262580436], [0.972527216489213, 0.0195632746701761, 0.007196901444150908, 0.0007126072964599543], [0.9796449669209595, 0.013543937423821319, 0.005645950741638533, 0.0011651448135806836], [0.97354109048782, 0.013459565249795719, 0.011512580440458853, 0.0014867637219254156]], "ideal": "D", "sampled": "D", "correct": true}}
{"type": "result", "data": {"idx": 16, "options": ["The Heisenberg uncertainty principle", "The Pauli exclusion principle", "The Bohr model of the atom", "Nuclear hyperfine coupling"], "probs": [[0.17077262188954234, 0.5343060333699325, 0.11026088563707889, 0.1846604590034462], [0.14927833603565696, 0.4818784974683922, 0.30155615647595857, 0.06728700991999231], [0.17814036405657868, 0.5318341016907784, 0.13033271742056607, 0.15969281673207683], [0.08873679686352152, 0.2374731653126492, 0.5027376525213221, 0.17105238520250715], [0.03477100645249636, 0.8557023701693725, 0.05219810999984256, 0.05732851327828866], [0.037175602653248846, 0.7948601722688319, 0.04414762490326323, 0.12381660007465602], [0.6021648160914326, 0.36523462018508057, 0.01630020544329089, 0.016300358180195956], [0.626687617834382, 0.3302433640815866, 0.03426818396099624, 0.008800834023035118], [0.6533595322909262, 0.30384302136243796, 0.02306700125105977, 0.019730444995576014], [0.5229354706676794, 0.2755691799566863, 0.17244984413077663, 0.029045505144857663], [0.4487741896755939, 0.5085321337512504, 0.029141543420128948, 0.013552133053026785], [0.365981240057669, 0.5757756061045054, 0.029576403135787098, 0.028666750602038493], [0.04679359885132869, 0.6459737443500516, 0.10711324998825025, 0.20011940671036949], [0.03171662028226796, 0.24560442407625718, 0.480873731268065, 0.2418052242734099], [0.032715907038854734, 0.7682549728702455, 0.10727272701138955, 0.09175639297951028], [0.03411590794521339, 0.5253920730740773, 0.2560568537475102, 0.18443516513319907], [0.0025305347124717813, 0.9590490598034188, 0.013259135269690478, 0.02516127011441886], [0.0029103463932564732, 0.9434396624291624, 0.01284112943504426, 0.040808861642536845], [0.6634971156084345, 0.2990654224805258, 0.026543882755049566, 0.010893579055990142], [0.6119321093970285, 0.33794570239296456, 0.02817743790681922, 0.021944750203187747], [0.6600362645546501, 0.27948015873416393, 0.047814108337497135, 0.01266946827368875], [0.6583304048945651, 0.28314851182232004, 0.0317688418123834, 0.0267522413707315], [0.6806881401869226, 0.25041470623805256, 0.04560453773090481, 0.023292615744120098], [0.6456640097512453, 0.26087584019960064, 0.05468343346198773, 0.03877671648716634]], "ideal": "B", "sampled": "D", "correct": false}}
