{"type": "result", "data": {"idx": 0, "options": ["k = 0 and n = 1", "k = 1 and n = 0", "k = n = 1", "k > 1"], "probs": [[0.10782900130180074, 0.22125066155215933, 0.4986013621010068, 0.17231897494503315], [0.08019906162117021, 0.22143657173331666, 0.5312050501291468, 0.16715931641636633], [0.12249588888803786, 0.4079745137896659, 0.2675574540227042, 0.20197214319959197], [0.0765473601553306, 0.3325044164104861, 0.45448273821717067, 0.13646548511701256], [0.07852609454800219, 0.5041195153685943, 0.2168191671154641, 0.20053522286793934], [0.06988750986307454, 0.38980134446445214, 0.37780975447222487, 0.16250139110024847], [0.11873706214747362, 0.26757795812097473, 0.477013490018834, 0.13667148961271766], [0.10933742915499796, 0.29721040194960024, 0.43925244593517326, 0.15419972286022854], [0.11585130659459633, 0.47274751008398824, 0.25304420685057166, 0.15835697637084373], [0.08597085792652069, 0.3852935770689434, 0.41660463992481434, 0.1121309249797216], [0.05440190243779414, 0.6423658943327132, 0.1598970049425246, 0.1433351981869681], [0.05369683547052394, 0.5863899391395963, 0.2444432444626431, 0.11546998082723672], [0.13947404747116007, 0.33985065339377635, 0.30464180649550454, 0.21603349253955906], [0.09070990571627051, 0.28380511265409286, 0.4827725768639387, 0.14271240466569787], [0.13796434010622616, 0.32077739117480353, 0.3207792091164961, 0.2204790595024742], [0.07507036849315388, 0.23857212775265016, 0.5461025400242246, 0.14025496362997134], [0.051060691201518606, 0.5489555763348825, 0.26753912260568413, 0.1324446097579148], [0.05386076385489052, 0.5612433050390143, 0.24518842290675685, 0.13970750809933827], [0.18717621081600513, 0.44205414272410526, 0.20557565637180905, 0.1651939899880806], [0.1671135512157476, 0.41361047272679397, 0.302606064698906, 0.11666991125855242], [0.1775114343889725, 0.36996754225175615, 0.26647870338151614, 0.1860423198777552], [0.1706642733640598, 0.3786358704174553, 0.3238669778321311, 0.12683287828635384], [0.1309826066140784, 0.43623837499250867, 0.32418703788117914, 0.1085919804122338], [0.1414362660122976, 0.4157043160932447, 0.3237535107371336, 0.11910590705732406]], "ideal": "B", "sampled": "D", "correct": false}}
{"type": "result", "data": {"idx": 1, "options": ["0", "1", "2", "3"], "probs": [[0.014830358401894351, 0.23934441939596385, 0.6506172860275976, 0.09520793607454417], [0.016447320333753578, 0.13987742154574212, 0.6993524923317765, 0.14432276568872782], [0.014916577694452956, 0.4031565573339464, 0.5096422542511014, 0.07228461062049917], [0.015500308684380827, 0.432232640845144, 0.4322360383098389, 0.12003101206063624], [0.016332778895509367, 0.408261801169274, 0.49245938103423453, 0.08294603880098209], [0.008131043166939713, 0.36803424868825485, 0.5524866657592143, 0.07134804228559108], [0.04234611599339978, 0.1501281255701255, 0.6941990229754381, 0.11332673536103656], [0.043300130759323825, 0.08216841017880137, 0.7210152959405175, 0.15351616302135732], [0.08108522923415437, 0.5717030294793533, 0.23462997899011365, 0.1125817621963787], [0.07026731548397515, 0.45819571858856417, 0.373975999676977, 0.09756096615048371], [0.07645689182625552, 0.5224876648977272, 0.2668623745043342, 0.134193068671683], [0.043185983331496584, 0.37894297065830507, 0.5099286493513646, 0.06794239655883377], [0.20349082171074862, 0.20669422837785845, 0.5036492530487355, 0.08616569676265745], [0.13916750561918798, 0.19321431649513296, 0.5504241708210471, 0.11719400696463189], [0.244916597167371, 0.596776030777919, 0.10533873383164284, 0.05296863812306715], [0.1817217103313835, 0.5341072479061417, 0.2483869400227927, 0.0357841016396821], [0.2056677772966906, 0.4707787001349227, 0.24045309242844284, 0.08310043003994387], [0.15615197549236015, 0.386478501922628, 0.41788737716407853, 0.0394821453209333], [0.23503884756710372, 0.18304770920405208, 0.48986825646638427, 0.0920451866624599], [0.10537242026303022, 0.18784589693133497, 0.6354821702489858, 0.07129951245664905], [0.29041580179292026, 0.5341552097445621, 0.11734013874101415, 0.058088849621503416], [0.16561468745971192, 0.4792195492125682, 0.32936750454059305, 0.025798258687126808], [0.21801718092687977, 0.6019651620099663, 0.1343178390882178, 0.04569981787493616], [0.18955787512928934, 0.5152703195808559, 0.2758069479983063, 0.01936485719154842]], "ideal": "D", "sampled": "C", "correct": false}}
{"type": "result", "data": {"idx": 2, "options": ["n = 1 and r = 6", "n = 1 and r = 7", "n = 2 and r = 5", "n = 2 and r = 6"], "probs": [[0.11277143308861387, 0.49756957236615784, 0.3212581263432838, 0.06840086810194443], [0.1187322354292435, 0.49988063792444826, 0.29849588645620473, 0.08289124009010354], [0.1359370891043655, 0.4598681439798546, 0.3525976691840614, 0.051597097631718505], [0.10885393101562678, 0.34057188095369556, 0.48029117105191715, 0.07028301687876046], [0.13639494301467217, 0.3885525754117272, 0.400893151786557, 0.07415932968704363], [0.12405188010727974, 0.3761818892525391, 0.41316108660258577, 0.08660514393759541], [0.10638203074531265, 0.4767696381341868, 0.35430844294803093, 0.06253988807246956], [0.11588188864006013, 0.48788046396236884, 0.3101190490027591, 0.08611859829481187], [0.1309777339344048, 0.4790955745762148, 0.3344660972136615, 0.05546059417571892], [0.1334780275655866, 0.4959310479875697, 0.305537246758397, 0.06505367758844667], [0.1296381979225175, 0.46684498633644783, 0.3362595215757591, 0.06725729406527556], [0.1183501157860247, 0.45368133849768455, 0.3702879699439847, 0.05768057567230605], [0.1485352168202245, 0.4720444818546188, 0.31940479992621706, 0.06001550129893966], [0.13194513122989834, 0.4001175999223777, 0.39392041569107816, 0.07401685305664582], [0.14108814823290025, 0.5668041916669416, 0.22546046319809732, 0.06664719680206076], [0.13712583378727505, 0.5423439104138081, 0.2684819678061793, 0.05204828789273747], [0.14337902303763267, 0.4775256095917434, 0.30353717143544445, 0.07555819583517949], [0.13325192132192437, 0.46509456976392993, 0.3510756518420845, 0.05057785697206119], [0.1636445001955077, 0.43114701961972657, 0.3254513296702794, 0.07975715041448635], [0.16099964080631063, 0.41112613673867254, 0.36282274123378305, 0.06505148112123381], [0.16513054317269282, 0.5086396411840054, 0.2517972327784814, 0.07443258276482037], [0.15366032145646213, 0.48833150827726857, 0.3104054513857257, 0.047602718780543604], [0.1551600408038312, 0.5331662336439654, 0.25185251421088134, 0.059821211241322045], [0.14385784153215184, 0.5262099084323788, 0.2906030811653544, 0.03932916877011502]], "ideal": "D", "sampled": "B", "correct": false}}
{"type": "result", "data": {"idx": 3, "options": ["4", "8", "16", "2sqrt(2)"], "probs": [[0.1934634985294147, 0.5097078528577641, 0.15304523248795368, 0.1437834160248675], [0.18417488722803058, 0.47030644375994707, 0.29895038523330897, 0.046568283678713365], [0.12976808264590642, 0.3472755395746656, 0.36394880571531, 0.1590075719641179], [0.17899828324160683, 0.29976479332745515, 0.44303457594831713, 0.07820234738262088], [0.08294995502521794, 0.51613257003037, 0.32299087984651037, 0.0779265949979016], [0.09006746394616949, 0.6866456540760564, 0.13733961825105198, 0.08594726362672217], [0.05288573393356736, 0.46406039936715276, 0.20592695625992902, 0.27712691033935083], [0.05374013944468277, 0.4096933259067029, 0.46424945665445005, 0.07231707789416432], [0.04723278256656333, 0.35450266467577685, 0.3657574815027675, 0.23250707115489236], [0.06665632277153045, 0.44845055500100806, 0.42128681345957386, 0.06360630866788765], [0.03247016619610683, 0.7990831612878185, 0.08422287427204722, 0.08422379814402738], [0.034278768148751776, 0.780191758713553, 0.11065526016966551, 0.0748742128680297], [0.057677077409708934, 0.5558371750393923, 0.28836930869501914, 0.09811643875587953], [0.06108526975922783, 0.6073713392510316, 0.2612317839187188, 0.0703116069710218], [0.06999067805028385, 0.6640512794176744, 0.1732308229653721, 0.09272721946666969], [0.08055146247781049, 0.7407366825836628, 0.15526941821991633, 0.02344243661861039], [0.07144824733924164, 0.5362543143538236, 0.22354680455196774, 0.16875063365496693], [0.06848424672395602, 0.27945679423398667, 0.5916205644015924, 0.06043839454046495], [0.5377045613771068, 0.1773171984018108, 0.2500615874094309, 0.03491665271165151], [0.6728408831751906, 0.18109471824303233, 0.10984185173244793, 0.036222546749329086], [0.5879461409584619, 0.3456394217638502, 0.034762510588222995, 0.031651926589464925], [0.556798238293222, 0.3709113125810222, 0.04499771596406231, 0.027292733061693473], [0.5675644641427526, 0.21542533347211237, 0.17041937306825905, 0.04659082921687594], [0.3788662212089867, 0.17076875076856354, 0.4293218206633255, 0.02104320725912416]], "ideal": "A", "sampled": "D", "correct": false}}
{"type": "result", "data": {"idx": 4, "options": ["2/69", "1/30", "2/23", "12/125"], "probs": [[0.11411418637109627, 0.5194758714274608, 0.32508024206769826, 0.041329700033744664], [0.13150361570901759, 0.5282951750314984, 0.2740762911187602, 0.06612491804072379], [0.0897862420617367, 0.5086701861531774, 0.36638264070149756, 0.035160930983588294], [0.09993293060903097, 0.5573779302473446, 0.2983438350085308, 0.04434530403509366], [0.13250274461290132, 0.30807610195491136, 0.4624787992343211, 0.0969423540978662], [0.14422440326777913, 0.39821428636630396, 0.3740893042389356, 0.08347200602698125], [0.06157776518245563, 0.44794304198998447, 0.4409997857069852, 0.04947940702057468], [0.07601802625451702, 0.5035017019714192, 0.3302051052820142, 0.09027516639204955], [0.06842053757393719, 0.5552482666479049, 0.3213532304593676, 0.05497796521879022], [0.08384575720614518, 0.5911681741001567, 0.2749188306536045, 0.05006723794009367], [0.07635836643819015, 0.2973182632023025, 0.49019738238010535, 0.136125987879402], [0.08161214799073911, 0.31284874907620075, 0.5239259639150944, 0.08161313891796579], [0.07662383006580713, 0.3952513483982665, 0.4693748529298188, 0.05874996850610758], [0.08766657086577742, 0.41822970356727657, 0.4117474594987606, 0.08235626596818535], [0.09539577542889639, 0.43426282435348734, 0.4016293675883949, 0.06871203252922137], [0.12030408350957289, 0.4684333432975866, 0.3427141257373386, 0.06854844735550182], [0.11026230869793034, 0.30444191976000495, 0.4715311088230221, 0.11376466261904258], [0.11491398623285824, 0.3027560638151848, 0.4914239116582523, 0.09090603819370464], [0.08111510988746555, 0.5289340496517615, 0.29210608541787536, 0.0978447549428976], [0.08345049743191109, 0.5614369594703499, 0.2779324691901698, 0.07718007380756925], [0.09794110074098743, 0.3638919022395976, 0.4254355411226637, 0.11273145579675127], [0.10971165774296303, 0.35972825761202604, 0.46190334738354255, 0.06865673716146836], [0.08463518435144575, 0.551887888265504, 0.2775077314764115, 0.08596919580663877], [0.09031809394479627, 0.5798161322884627, 0.2572921082042301, 0.07257366546251084]], "ideal": "C", "sampled": "C", "correct": true}}
{"type": "result", "data": {"idx": 5, "options": ["(S, +, x) is closed under addition modulo 10.", "(S, +, x) is closed under multiplication modulo 10.", "(S, +, x) has an identity under addition modulo 10.", "(S, +, x) has no identity under multiplication modulo 10."], "probs": [[0.04362825627604162, 0.2550226421210407, 0.38886534729214545, 0.31248375421077224], [0.12631048825508073, 0.28023315725950687, 0.4995848759323652, 0.09387147845304719], [0.037437185641359734, 0.17583803830772596, 0.32341441508873703, 0.46331036086217725], [0.051304439126205435, 0.14388652680442796, 0.6653429516984871, 0.1394660822708795], [0.09386932639131046, 0.5932778582886128, 0.24731841128114845, 0.06553440393892825], [0.10989394209733183, 0.5668803753273847, 0.255518542289292, 0.06770714018599144], [0.053443971020525394, 0.1836503262699341, 0.32231538884256394, 0.44059031376697655], [0.16966892145110768, 0.27539979382831364, 0.46122510498526703, 0.09370617963531165], [0.10110069960984921, 0.2925482137588405, 0.3315047074747088, 0.2748463790566015], [0.06178205533018273, 0.16277299031459436, 0.6961121817374808, 0.07933277251774216], [0.13253948091135237, 0.5757317542454053, 0.21852843461235583, 0.07320033013088645], [0.17352610763428866, 0.5429188719219461, 0.2263287401275142, 0.05722628021625101], [0.032479643092491746, 0.10988040766778578, 0.2635875285096437, 0.5940524206300788], [0.07858005048174571, 0.1637756501901935, 0.6085160879403387, 0.14912821128772208], [0.07650486322096219, 0.2842549362177391, 0.317111936797439, 0.3221282636638597], [0.037337767845516456, 0.09386678539370293, 0.7859554681078117, 0.08283997855296892], [0.04181645436317695, 0.6340033440548958, 0.2157108590645676, 0.10846934241735964], [0.047605329675841114, 0.6077897729203214, 0.26970792617806605, 0.07489697112577136], [0.3567174970746951, 0.3917816280926883, 0.2001076787510082, 0.05139319598160842], [0.35759464435569743, 0.33593202134486466, 0.23822032267781576, 0.06825301152162214], [0.31009441148973377, 0.4108126995925662, 0.20657545018253096, 0.07251743863516905], [0.30628959610102385, 0.3994801118860947, 0.2348492014071263, 0.05938109050575511], [0.29257540802058635, 0.439213199898891, 0.19188279686876095, 0.07632859511176168], [0.28340041658722187, 0.46725441107278215, 0.19176484132348298, 0.05758033091651303]], "ideal": "D", "sampled": "D", "correct": true}}
{"type": "result", "data": {"idx": 6, "options": ["12*sqrt(2)", "6*sqrt(2)", "4*sqrt(2)", "1/(2*sqrt(2))"], "probs": [[0.30061783599706554, 0.4656105217644114, 0.1823403042507291, 0.05143133788779391], [0.3210731625835549, 0.4972929933892406, 0.1564846722150947, 0.025149171712109755], [0.2783958748417841, 0.45900168252997336, 0.21346109647029712, 0.04914134605794538], [0.33175087727449404, 0.4752161481728883, 0.161688451041533, 0.03134452341108464], [0.3502755721649924, 0.43592935309004055, 0.18458902627705745, 0.02920604836790957], [0.32512238012872885, 0.4513920163025072, 0.18525607537011315, 0.03822952809865081], [0.26486195512472666, 0.4366879988532876, 0.24116781119210853, 0.057282234729877216], [0.2982435072554636, 0.47659724273894205, 0.18664346047250485, 0.0385157894330895], [0.31235821448234385, 0.4269473743137259, 0.20808293853480211, 0.0526114725691281], [0.363121677465573, 0.4245360416625013, 0.18839120355404826, 0.023951077217877467], [0.3327217784528472, 0.5153343811389329, 0.12050773516416285, 0.031436105144056974], [0.3106657014575729, 0.4887500477652267, 0.17427313585733784, 0.0263111148198626], [0.27823149740548914, 0.43093758175031016, 0.23430288976616756, 0.05652803097803318], [0.3067992821609684, 0.4678185877962339, 0.18320603336984168, 0.04217609657295602], [0.22591197488433018, 0.5171238183458096, 0.19324043391202667, 0.06372377275783356], [0.22321317179687458, 0.5789773614604016, 0.17114969042485045, 0.026659776217873358], [0.3229453181129462, 0.5324520925378146, 0.11161074495214506, 0.03299184429709417], [0.32945719480743035, 0.5023666638466766, 0.1439338927718632, 0.024242248474029827], [0.34418442200809257, 0.4631547543100771, 0.1625856577705865, 0.030075165811243827], [0.3060303365926717, 0.4522873073266854, 0.19759349320100825, 0.04408886277963465], [0.20609896190041088, 0.654987940946108, 0.10526770509125688, 0.03364539196222427], [0.20013990139892956, 0.636049648334638, 0.13755734699049935, 0.0262531031759331], [0.22356824158190722, 0.6172980550562562, 0.11967073156846297, 0.03946297169337353], [0.22753600943447705, 0.6089236185010581, 0.13801105421899781, 0.025529317745467045]], "ideal": "C", "sampled": "B", "correct": false}}
{"type": "result", "data": {"idx": 7, "options": ["0", "10%", "25%", "50%"], "probs": [[0.044111051372491904, 0.25783410278931107, 0.5208426045208017, 0.17721224121739532], [0.049766686567653345, 0.21617238423019283, 0.5520194439324392, 0.1820414851697147], [0.039477813249644673, 0.35185598668185997, 0.36302416836892926, 0.2456420315995661], [0.04443697829563503, 0.3838710658108753, 0.3495177782506907, 0.22217417754279892], [0.033982213709764224, 0.49161523758775943, 0.3378829670280702, 0.13651958157440613], [0.03990136563121701, 0.4425896819168594, 0.366921523804222, 0.1505874285477016], [0.029392974393496293, 0.16139465538773784, 0.6689827429039432, 0.14022962721482263], [0.03519493288649437, 0.16790017233748836, 0.6640782852689201, 0.1328266094070972], [0.02874453534589046, 0.10847967839231391, 0.7073816155670608, 0.15539417059473482], [0.03182918962454342, 0.0684427174426819, 0.6493655466732915, 0.2503625461594832], [0.03857241097449401, 0.211802342950173, 0.6128725249075914, 0.1367527210677416], [0.04393827136957645, 0.13324008781441743, 0.6065442516305659, 0.21627738908544022], [0.06811189939140322, 0.16085504405308995, 0.5441763035588671, 0.22685675289663973], [0.05863539917654103, 0.13421343365618624, 0.6923468163837068, 0.11480435068356598], [0.0680384258258967, 0.1581938403821209, 0.5435901243173624, 0.23017760937462], [0.053312476520450514, 0.10437878181345508, 0.680639085550197, 0.1616696560158974], [0.0761885833099062, 0.20073002713497975, 0.6087067457020425, 0.11437464375307156], [0.06748979830507922, 0.10290800088976908, 0.64031817189263, 0.1892840288125218], [0.07415840939789929, 0.16197166207239805, 0.6209216852071224, 0.14294824322258018], [0.05434968038516319, 0.14544247820936557, 0.7048200596630547, 0.09538778164241653], [0.09103925931142118, 0.28931980244456085, 0.4623352116504206, 0.15730572649359736], [0.06908307481175778, 0.17097947636695604, 0.596781872033324, 0.16315557668796216], [0.0914591997770403, 0.25650170442877185, 0.5346006750525885, 0.11743842064159936], [0.07335778489029976, 0.16531141470160687, 0.5680548079054066, 0.1932759924026867]], "ideal": "C", "sampled": "D", "correct": false}}
{"type": "result", "data": {"idx": 8, "options": ["None", "I only", "II only", "III only"], "probs": [[0.1838539513187442, 0.3031271054571665, 0.20510582318183385, 0.30791311994225545], [0.16166935904173405, 0.33172702800350856, 0.2750118724716185, 0.23159174038313884], [0.11645037730659552, 0.3700804787456172, 0.24270418327382962, 0.27076496057395766], [0.1371363170524601, 0.3501929729711712, 0.24832344062685618, 0.2643472692495125], [0.12943026615026107, 0.3864109275313879, 0.23073630376440077, 0.25342250245395026], [0.13197338186454144, 0.358744282724022, 0.2210154467297479, 0.28826688858168864], [0.1924737926740901, 0.28893966771483365, 0.2714333357286222, 0.24715320378245403], [0.17124085851204762, 0.3352748601425503, 0.33007808040902975, 0.16340620083637233], [0.15290743338884843, 0.2601056137436639, 0.3844108340417012, 0.2025761187257864], [0.18125610051726715, 0.26788115498724996, 0.31811684366859727, 0.2327459007268856], [0.13749115577428972, 0.3510977730131055, 0.34029523548941, 0.17111583562319477], [0.1871986565879343, 0.3337203313630934, 0.27666351608644213, 0.2024174958625301], [0.21450526159362499, 0.31701947200166375, 0.2669576485771503, 0.2015176177275609], [0.25108987838767055, 0.32748533267934543, 0.24336709804983417, 0.17805769078314984], [0.20185680083828808, 0.3655159662144651, 0.28025206085466053, 0.1523751719925863], [0.2357113220628035, 0.3650785764639928, 0.23205898806760797, 0.16715111330559573], [0.2325068840160183, 0.33305291328114606, 0.3080242345053965, 0.12641596809743913], [0.22181943883091199, 0.37732966155993847, 0.28930951239663744, 0.11154138711251209], [0.2440528567816856, 0.3284107046043708, 0.25979466792099504, 0.1677417705929486], [0.2755811347935508, 0.2888083285514791, 0.2548727240979475, 0.18073781245702267], [0.2147624875461128, 0.3223975502407748, 0.29816987218945135, 0.16467008992366103], [0.2929502383632035, 0.2975655451482166, 0.21432877755512128, 0.19515543883345865], [0.3168820989279649, 0.2110901890321554, 0.32694363103601765, 0.14508408090386207], [0.2802774947642771, 0.2473451382768934, 0.31267437801623427, 0.15970298884259523]], "ideal": "C", "sampled": "D", "correct": false}}
{"type": "result", "data": {"idx": 9, "options": ["Every compact space is complete", "Every complete space is compact", "Neither (a) nor (b).", " Both (a) and (b)."], "probs": [[0.020267341132913792, 0.11663729609397966, 0.014598276355905748, 0.8484970863172008], [0.045134639181698924, 0.30366016562450804, 0.6039034948603215, 0.047301700233471605], [0.09584440749388909, 0.08591598760472913, 0.6153153593128915, 0.20292424548849028], [0.05782092669973188, 0.12629432833838025, 0.7044255058013432, 0.11145923906054467], [0.10642036287361933, 0.6939580594938995, 0.1477533015703916, 0.051868275962089476], [0.3859110348693028, 0.44418921067694916, 0.04262770902510073, 0.1272720453286473], [0.007956852200596791, 0.3436743913136991, 0.006294469811187034, 0.642074286574517], [0.01020699459006734, 0.7982822648398604, 0.1547533570124117, 0.03675738345766051], [0.020702725108356097, 0.0438280178719755, 0.8269898972346574, 0.10847935968501099], [0.08143702512628676, 0.18352340980378723, 0.5652999534026711, 0.16973961156725484], [0.03425153831893359, 0.46549974447862075, 0.45118369180165924, 0.04906502530078645], [0.2780291264090174, 0.4803991830047018, 0.03168587527938165, 0.20988581520689914], [0.023872854852697176, 0.2689812556286864, 0.3975278249784843, 0.30961806444013207], [0.017340422708471435, 0.34830143140060177, 0.3221251262178832, 0.31223301957304356], [0.0335701647980004, 0.21890910234483765, 0.5251446668383972, 0.22237606591876466], [0.027792003106497105, 0.36042353641520625, 0.26784452893083777, 0.3439399314474589], [0.036113434343454216, 0.5649282461941421, 0.26684907672528657, 0.13210924263711712], [0.04160010985315545, 0.6018600767838319, 0.21797499492940994, 0.13856481833360265], [0.04200888581186976, 0.38032071215286095, 0.4377517564809574, 0.1399186454543119], [0.046304000226754835, 0.4978303777691344, 0.03663011017697941, 0.4192355117271313], [0.04776037555098327, 0.27058166665979955, 0.591020294831008, 0.09063766285820907], [0.06786360666814864, 0.486035680193678, 0.04313790473437212, 0.40296280830380127], [0.07430415433712485, 0.10981476060362018, 0.631956861135717, 0.18392422382353796], [0.10760566246944706, 0.14034620448833202, 0.5380159816358893, 0.21403215130633166]], "ideal": "A", "sampled": "D", "correct": false}}
{"type": "result", "data": {"idx": 10, "options": ["10", "20", "25", "45"], "probs": [[0.9375930787849367, 0.034151881071023814, 0.02459874873346883, 0.003656291310570709], [0.9339181636367659, 0.03565058429533374, 0.026493349634124926, 0.003937902333775333], [0.930249445524783, 0.05248117743301802, 0.014573534842373264, 0.002695842099825799], [0.9334652250690383, 0.04794985645674814, 0.015567088273562537, 0.003017830100651067], [0.9467185842764093, 0.027708893955181103, 0.023333288993060027, 0.002239232675349493], [0.9396051327203441, 0.027933771262682938, 0.030203689400082674, 0.002257406516890304], [0.017748492972143533, 0.9690361220933135, 0.009065090306254728, 0.004150294528288214], [0.017987204127494705, 0.9668446463128768, 0.009933543998058283, 0.0052346054615701985], [0.05037756667198751, 0.11352741136324355, 0.8258601491668232, 0.01023487269794577], [0.12383907663063372, 0.1978947014046095, 0.5379340487796349, 0.14033217308512183], [0.05735535728179259, 0.17392808747932276, 0.7555124998151348, 0.01320405532374988], [0.061562503466512736, 0.08681712882065727, 0.7737963054710889, 0.07782406214174112], [0.08279556885298468, 0.9041552875060938, 0.009888570838750487, 0.003160572702171073], [0.05932382623860458, 0.927982170457706, 0.009240925162967251, 0.0034530780407221336], [0.1611616084316088, 0.06410554325391697, 0.7688625187474488, 0.00587032946702543], [0.28855302712003944, 0.17777258023501483, 0.43999260331766243, 0.09368178922728326], [0.13735174849956622, 0.052953752530116194, 0.8028561307591936, 0.006838368111123924], [0.11224001629779672, 0.043272370252881526, 0.8038364762079308, 0.04065113714139105], [0.02342373888728195, 0.9653602712100218, 0.008095068251249912, 0.003120921551446374], [0.028486948038510703, 0.9582155174487996, 0.009999916086842756, 0.0032976183258469636], [0.06810704094956954, 0.11054838808004143, 0.8168524173108169, 0.004492153559572094], [0.08651372918386974, 0.1803098496660562, 0.6493232346321002, 0.08385318641797389], [0.07491340333955489, 0.2100997374907569, 0.7107605191757448, 0.0042263398939433715], [0.11132586333013522, 0.31222126815240464, 0.5067860038603995, 0.06966686455706064]], "ideal": "D", "sampled": "A", "correct": false}}
{"type": "result", "data": {"idx": 11, "options": ["1/64", "15/64", "1/4", "3/8"], "probs": [[0.11490792437513198, 0.44049211019366513, 0.32227464546692314, 0.12232531986427976], [0.10505702226643358, 0.36100121500465604, 0.3903392487576227, 0.14360251387128764], [0.14642801552080087, 0.41066770823661225, 0.3512680153659084, 0.09163626077667844], [0.13847453271816842, 0.38836197305184345, 0.38234604672187533, 0.09081744740811276], [0.1036599463247431, 0.5182694599158809, 0.2606039843967729, 0.1174666092626031], [0.09986260458954435, 0.5569942136525199, 0.25501159721202943, 0.08813158444590635], [0.19748387787414926, 0.4381444951868492, 0.2535849454689145, 0.11078668137008699], [0.179062488345218, 0.3561119787949644, 0.33981130030052165, 0.12501423245929594], [0.16629394267721717, 0.598856069130316, 0.15380060098270118, 0.0810493871097657], [0.16468343627842816, 0.5484876199557543, 0.21817555181513656, 0.06865339185068099], [0.11362837982043242, 0.6337774566374457, 0.1732658180466451, 0.07932834539547685], [0.12297698774603412, 0.5686474656651955, 0.24457385983729843, 0.06380168665147191], [0.2735990996206993, 0.3798585577024117, 0.2693654415912603, 0.07717690098562867], [0.22078276829806032, 0.3697450353447543, 0.33666210138884267, 0.07281009486834275], [0.24868002894120336, 0.5023555533350484, 0.16566149632924418, 0.08330292129450395], [0.2083198530394168, 0.4768554461228357, 0.2512875738945943, 0.06353712684315323], [0.22181555296027464, 0.532115987901584, 0.19883900582532002, 0.04722945321282141], [0.21586890114419463, 0.46419667328356184, 0.2686589011903619, 0.051275524281881604], [0.21126925386983225, 0.4009239582911687, 0.2798945036352781, 0.10791228410372088], [0.2097037725161588, 0.4509419760445341, 0.2609891696766419, 0.07836508166266519], [0.18910722513787145, 0.49051504647929933, 0.21429189931008838, 0.10608582897274084], [0.17858504848068898, 0.47051634328168485, 0.2809605833392386, 0.06993802479838754], [0.21952676280195468, 0.5104243044694982, 0.21277886151379008, 0.057270071114757064], [0.21828338989556148, 0.4409510293374564, 0.28470302261626607, 0.056062558050716034]], "ideal": "B", "sampled": "D", "correct": false}}
{"type": "result", "data": {"idx": 12, "options": ["0", "1", "2", "3"], "probs": [[0.456489978474588, 0.32370149965438694, 0.17599923841385662, 0.04380928335716844], [0.40890330072128617, 0.29916235801566177, 0.20885683594045618, 0.08307750522259587], [0.40560958801279723, 0.30617125336660067, 0.2498967079245846, 0.03832245059601751], [0.4882268254541374, 0.29153543381977026, 0.16100691077358004, 0.059230829852512275], [0.3639391890560636, 0.26626476146850253, 0.31130423558921483, 0.05849181378621907], [0.41151999963221453, 0.2828339604433844, 0.2615879744597306, 0.04405806536467049], [0.4995717033308108, 0.25515940402639287, 0.192611929865114, 0.05265696267768238], [0.46945677434217326, 0.23606141519937338, 0.2116126041047034, 0.08286920625375001], [0.48944838006935143, 0.2832739247368897, 0.17727518909606865, 0.05000250599769017], [0.4974049255141176, 0.2540536484754298, 0.1801601621304572, 0.0683812637799954], [0.46008972357283495, 0.270476675091682, 0.20417546190161995, 0.0652581393338631], [0.4521752679673521, 0.26170135029212294, 0.24204427452282626, 0.0440791071176987], [0.555941012547574, 0.21101435548634173, 0.1921366695039685, 0.040907962362115816], [0.5641240014662179, 0.21412053437382164, 0.16676284494527022, 0.05499261911469021], [0.5285279858586056, 0.35762501492104554, 0.08494588905916416, 0.02890111006118468], [0.5030840541089892, 0.34576948829692183, 0.11582284948891645, 0.03532360800517257], [0.49375719562833975, 0.23323662924276894, 0.22256400020525452, 0.050442174823636755], [0.4560406437650162, 0.19614219371291278, 0.30858543052291404, 0.03923173189915699], [0.5024833494467484, 0.23005703484669038, 0.21612561028063987, 0.05133400532592137], [0.49879443447488214, 0.2508131107518969, 0.20471477160314583, 0.04567768307007512], [0.47486154301621875, 0.4125733765377303, 0.08124334545910065, 0.031321734886950336], [0.4311456551375288, 0.41788558902478873, 0.12547693771427965, 0.02549181802340286], [0.47510882824725903, 0.353074883230401, 0.13401574436613695, 0.037800544056203075], [0.4455557779729198, 0.3159491431246249, 0.2072111524702939, 0.031283926332161406]], "ideal": "A", "sampled": "B", "correct": false}}
{"type": "result", "data": {"idx": 13, "options": ["4", "7", "10", "13"], "probs": [[0.10248652252255003, 0.352135812487791, 0.41171047700863384, 0.1336671878810251], [0.1224509310234683, 0.3433962412819157, 0.4078136621333591, 0.1263391654612569], [0.11379089035757589, 0.324140603448214, 0.4500423006257045, 0.11202620546850561], [0.12494219372877542, 0.35038952710739907, 0.41611541743455754, 0.10855286162926793], [0.12461160495788658, 0.3838118497997609, 0.38987021472518435, 0.10170633041716813], [0.13147630306685212, 0.39867833262581903, 0.35738545970133434, 0.1124599045059945], [0.10677588809536968, 0.40928757491554474, 0.3446720863882152, 0.1392644505008703], [0.12120429899364953, 0.39738895596935947, 0.3675438083144686, 0.11386293662252238], [0.07641604655836862, 0.27949908789431155, 0.5140980558193923, 0.12998680962792758], [0.10142417920540667, 0.30277317533763554, 0.43372362524610036, 0.16207902011085742], [0.090239204457319, 0.33006432649172807, 0.4582647084731555, 0.12143176047779747], [0.09950712618748056, 0.35831795207010614, 0.3755270354231291, 0.1666478862192842], [0.05908759638756024, 0.45752179277194627, 0.35633328287962146, 0.12705732786087198], [0.06475288179044793, 0.4565211363976225, 0.3668421667878739, 0.11188381492405568], [0.051376979218758355, 0.28209167400804397, 0.5353395878509091, 0.13119175882228862], [0.06856487997225685, 0.29319213148368617, 0.46854104701398036, 0.16970194143007655], [0.0480827305846397, 0.2810385462128544, 0.5250670195948453, 0.14581170350766062], [0.05274312746209246, 0.2895968746254498, 0.49263982124767297, 0.16502017656478474], [0.09140008755157393, 0.5342292228867033, 0.2815302035044996, 0.09284048595722319], [0.10624240258583155, 0.5480199414836218, 0.2548620681592616, 0.09087558767128513], [0.07604849969507974, 0.42414247353391576, 0.41758208840512584, 0.08222693826587865], [0.09201357316131592, 0.4672610441730684, 0.32621212754636014, 0.1145132550192555], [0.08090534180942767, 0.3005844399119504, 0.5113291220053681, 0.10718109617325389], [0.09170522409764059, 0.33542528014127554, 0.45138081950224224, 0.12148867615884164]], "ideal": "B", "sampled": "A", "correct": false}}
{"type": "result", "data": {"idx": 14, "options": ["0.64", "0.72", "0.81", "0.95"], "probs": [[0.1907750516939123, 0.3348199426793018, 0.33482429381837, 0.13958071170841588], [0.1676579366550835, 0.30358745474088905, 0.4021941364717106, 0.12656047203231685], [0.15268013334774447, 0.29893101149582757, 0.4417975974176875, 0.10659125763874044], [0.1581931851520761, 0.3564911803089784, 0.36210978284818857, 0.1232058515907569], [0.16225407009451495, 0.3892247494434931, 0.36564735664190195, 0.08287382372008995], [0.14581347348661783, 0.4026005683764292, 0.34978894812294486, 0.10179700991400811], [0.22101746167986563, 0.25438943123673485, 0.3818881454400576, 0.1427049615433419], [0.22153154503855998, 0.25102772570374215, 0.3888042320343281, 0.1386364971233697], [0.21942771151599536, 0.3094422403621341, 0.36747618137066745, 0.1036538666512031], [0.2105086625977749, 0.29226270750614053, 0.3525409750666486, 0.14468765472943593], [0.1877049091282821, 0.3912092825805392, 0.3452441430355614, 0.07584166515561727], [0.17972607891689707, 0.38047903910400516, 0.33577427036322866, 0.1040206115158691], [0.16569739455043267, 0.3563032421388815, 0.36761808117812744, 0.11038128203255836], [0.16130813473911895, 0.3809557443191403, 0.34686775958443716, 0.11086836125730354], [0.20101853304498477, 0.48221740946340064, 0.19483575842060452, 0.1219282989710101], [0.15922771933705454, 0.4066000040005347, 0.30216322525321415, 0.1320090513091966], [0.14633892874901433, 0.3736854214826991, 0.4040545519741725, 0.07592109769411405], [0.1457934303394644, 0.3608391990459152, 0.41532827233618236, 0.07803909817843802], [0.11409246025320811, 0.5113254455656947, 0.2531270516551431, 0.12145504242595401], [0.10422273801880988, 0.4895072615365476, 0.270333768924366, 0.1359362314202765], [0.1300608178825012, 0.4757415808040528, 0.24681394554251088, 0.14738365567093512], [0.12606739996603095, 0.44694682951272413, 0.254665076707169, 0.1723206937140759], [0.13314425348749345, 0.32442440129145417, 0.37929440825538896, 0.16313693686566347], [0.1476911946295388, 0.3276663221885817, 0.35987521286808466, 0.1647672702137948]], "ideal": "D", "sampled": "B", "correct": false}}
{"type": "result", "data": {"idx": 15, "options": ["I only", "II only", "III only", "I and II only"], "probs": [[0.19213357220955046, 0.400445723520153, 0.1568162385554996, 0.25060446561479693], [0.1552369352878702, 0.3235429928251619, 0.3842181333981309, 0.137001938388837], [0.20526017552439418, 0.41464153545884674, 0.1811426606763457, 0.19895562824041335], [0.14740811945848345, 0.3591841917506178, 0.359185115622653, 0.13422257306824575], [0.16943781707372463, 0.5469555461960779, 0.17757106487059598, 0.10603557175960149], [0.12331711030227092, 0.5975822939330806, 0.16855608301912195, 0.11054451264552649], [0.18039659078721726, 0.6296532970243883, 0.0558850582850684, 0.13406505380332603], [0.20294639617370439, 0.5346947351658209, 0.18769663710279327, 0.07466223145768144], [0.2741061232443564, 0.39264158580673036, 0.23082267433548456, 0.10242961651342868], [0.1967180161004349, 0.30948217103436015, 0.3851587646140387, 0.10864104815116624], [0.16234830141193643, 0.6522151279707346, 0.14105196400850115, 0.044384606508827855], [0.15074067744816397, 0.6547921055350527, 0.10857554119575782, 0.08589167572102549], [0.20788916227709928, 0.5145369959308131, 0.0997472069963608, 0.17782663469572682], [0.17742568553080754, 0.4674569650487096, 0.23875422662502122, 0.11636312269546163], [0.2550360490158912, 0.35966098540354174, 0.2550382841902699, 0.13026468129029714], [0.1837499345282725, 0.284598299373488, 0.40134997367868624, 0.13030179231955324], [0.11551654824539959, 0.6647566407681097, 0.15789372864514292, 0.06183308224134776], [0.135236529467343, 0.6451825998796172, 0.1174964738147709, 0.10208439673826883], [0.23130123831927213, 0.5636052614692688, 0.11999912827005076, 0.08509437184140829], [0.19490911538168912, 0.6194254432298847, 0.109335550913093, 0.07632989037533316], [0.27793366128308294, 0.4727832744957578, 0.1910230247637792, 0.058260039357380014], [0.3248816679855896, 0.43040137837395437, 0.12140090581453422, 0.12331604772592175], [0.19677843835262562, 0.543326117131218, 0.199879429474327, 0.06001601494182942], [0.23680359554290847, 0.48589233367237794, 0.17056483756245444, 0.10673923312225916]], "ideal": "D", "sampled": "D", "correct": true}}
{"type": "result", "data": {"idx": 16, "options": ["I only", "II only", "III only", "I and II only"], "probs": [[0.23064173296656293, 0.33558391041308144, 0.18824613933973192, 0.2455282171806237], [0.17232222853367873, 0.29774647948148636, 0.3705544173346944, 0.1593768745501405], [0.20426514165736176, 0.3066409367004779, 0.25027303023844266, 0.2388208913037177], [0.14956282676376392, 0.28829128809124466, 0.3760043158152612, 0.18614156922973019], [0.186763369426679, 0.4143527334969867, 0.2288288129113733, 0.17005508406496095], [0.16923175269054347, 0.4600206291227843, 0.20413405917832728, 0.16661355890834498], [0.16934243095228066, 0.5728818859016499, 0.10597303666564618, 0.15180264638042323], [0.1576487731600765, 0.5010067857375918, 0.23299165241319306, 0.10835278858913855], [0.19630212787360715, 0.33918126908753105, 0.31863247870250366, 0.14588412423635816], [0.1397320797859781, 0.2822672766502651, 0.4171660604233519, 0.16083458304040493], [0.12198239818341404, 0.5911098010411416, 0.19190622946912647, 0.09500157120631779], [0.13284046550732242, 0.5861208859655982, 0.1481952622922503, 0.13284338613482907], [0.19497419020189313, 0.425865541689775, 0.16164062193026218, 0.2175196460780697], [0.15482490916677613, 0.3831958161802217, 0.2892530775714553, 0.17272619698154687], [0.2258814606721043, 0.26408338937627013, 0.34985510032634826, 0.1601800495252773], [0.1591191691263591, 0.2141185040820549, 0.4192256504108805, 0.20753667628070552], [0.12347278264569778, 0.45164424897748884, 0.2782514025049716, 0.14663156577184178], [0.13700726483795703, 0.3782887305490896, 0.24045528582847187, 0.24424871868448145], [0.19260912270665248, 0.5486926190590847, 0.12631697386803298, 0.13238128426622975], [0.1895638257075527, 0.5748470425030927, 0.12239271401135081, 0.11319641767800379], [0.21699250100657394, 0.424849428388117, 0.2383207256239372, 0.11983734488137182], [0.2930710097056357, 0.382236631009753, 0.149686861791628, 0.1750054973929833], [0.2168960804455321, 0.4246624879214937, 0.25757261340508214, 0.10086881812789208], [0.22712868449800858, 0.36866617199072127, 0.2380298971891792, 0.16617524622209098]], "ideal": "B", "sampled": "D", "correct": false}}
{"type": "result", "data": {"idx": 17, "options": ["-1/4", "-1/(4sqrt(2))", "0", "sqrt(2)"], "probs": [[0.23731204334556102, 0.5347933649155648, 0.15084814686649226, 0.07704644477238183], [0.21706597458541269, 0.5457054585849778, 0.18566976661715806, 0.05155880011245153], [0.17529480733412192, 0.15960699975944156, 0.5570985979797882, 0.10799959482664831], [0.3658971515371365, 0.21176618493291666, 0.3546499934039262, 0.06768667002602066], [0.3299667500005747, 0.3739027338782509, 0.24141493167458017, 0.05471558434659424], [0.3589230695248649, 0.4067154435395809, 0.16691954059154557, 0.06744194624400862], [0.5726768843215658, 0.20419585886160863, 0.13391796850636778, 0.08920928821045773], [0.5296532826879425, 0.22079354348320446, 0.19792204782903133, 0.05163112589982171], [0.5199727129399981, 0.1661940762946158, 0.24562519760209958, 0.06820801306328649], [0.5895764256089427, 0.14003743363644042, 0.23088625815048622, 0.03949988250413067], [0.5152743131909702, 0.2472327790796986, 0.1895636944932067, 0.04792921313612456], [0.5868762216620483, 0.24464833579037779, 0.11556573055474256, 0.052909711892831265], [0.04058447097591263, 0.4572575500678524, 0.37908491897531627, 0.12307305988091871], [0.04033651917518745, 0.6509956668337198, 0.23212162975045209, 0.07654618414064072], [0.04070871831955648, 0.7103891610146801, 0.12153466452117845, 0.1273674560445849], [0.04400614358056127, 0.7214070096152646, 0.14429158239656917, 0.09029526430760501], [0.06647537697541088, 0.506781939416975, 0.31714037293854197, 0.10960231056907216], [0.07281906630789718, 0.43234564239136086, 0.3998592942605667, 0.09497599694017521], [0.28181672093434273, 0.42972147460454985, 0.21608258781656464, 0.07237921654454278], [0.2955838861417893, 0.4437277052121069, 0.13746430649191538, 0.12322410205418838], [0.2320959287060856, 0.5481415431259908, 0.15221648030112286, 0.06754604776680068], [0.2689068317144423, 0.5604559778606719, 0.10048621891924214, 0.0701509714056436], [0.258442418183642, 0.2353153105797952, 0.4065998878206573, 0.09964238331590547], [0.23374904689835513, 0.20953188834479236, 0.4796346723553721, 0.0770843923014804]], "ideal": "C", "sampled": "B", "correct": false}}
