{"type": "result", "data": {"idx": 0, "options": ["7 N", "5 N", "10 N", "12 N"], "probs": [[0.04014927125982323, 0.6183005536196821, 0.3258267920557911, 0.01572338296470364], [0.03581394799735176, 0.5345675049988096, 0.3850439273342682, 0.04457461956957044], [0.013084698399202685, 0.9464445582497143, 0.035016031120834526, 0.005454712130248463], [0.014278799280699367, 0.8973326077743592, 0.07365564994368295, 0.014732942901258468], [0.016791776227562855, 0.8612687199381261, 0.10779840014053847, 0.014141103593772561], [0.01736293834820463, 0.7859176261615224, 0.18666994174957535, 0.0100494936406976], [0.02249364822441931, 0.6175305555175667, 0.34103347259732725, 0.018942323560686695], [0.02053255625855779, 0.6191045756597218, 0.31620720614697007, 0.04415566183475038], [0.0077381809747067406, 0.9228205185744288, 0.06182279106094627, 0.0076185092899181735], [0.009567381033318292, 0.8885888001048919, 0.08936478338167615, 0.012479035380113567], [0.013408058678535392, 0.8040166748025476, 0.16081016565250747, 0.021765100766409518], [0.01476280283826984, 0.7225143383874578, 0.24969391198555396, 0.013028946688718335], [0.005454387633793353, 0.9317320984069447, 0.05423238437342955, 0.008581129485832424], [0.005896938940575724, 0.8751881777855341, 0.10130921764719675, 0.01760566552669339], [0.006708672507119472, 0.8384272766368268, 0.14569407204773518, 0.009169978708318581], [0.007868583753667778, 0.8152594056819398, 0.16306147450336497, 0.013810535961027439], [0.011081904099543356, 0.8015591449132368, 0.17334917072946446, 0.014009780157755362], [0.012047159405855554, 0.781092876212459, 0.19442957498176167, 0.012430389299923796], [0.01084252002789176, 0.9168910183462441, 0.0623938793531602, 0.009872582172703972], [0.009385650237933526, 0.8993605262669431, 0.08630778705489334, 0.004946036340230007], [0.008826269783736044, 0.9144906417753441, 0.06728728127418984, 0.009395807066729989], [0.009946060815189034, 0.8677678499310881, 0.11743857495781129, 0.004847514195911531], [0.013830694926366943, 0.9108624807439604, 0.07134405330136599, 0.003962770928306639], [0.016833200116285255, 0.8769747128019483, 0.1015173661977205, 0.0046747207840459135]], "ideal": "A", "sampled": "C", "correct": false}}
{"type": "result", "data": {"idx": 1, "options": ["weight of fluid.", "volume of fluid.", "density of fluid.", "All of these."], "probs": [[0.3574586046585792, 0.6372899052350272, 0.0031908397809539617, 0.0020606502254396546], [0.3285603211264088, 0.6637715079057893, 0.006926387681604773, 0.0007417831861971193], [0.5847853424619853, 0.3280496336987574, 0.07319230590322491, 0.013972717836032298], [0.6816058843110646, 0.3024869004286242, 0.011016539440535624, 0.004890675719775564], [0.798448899976964, 0.17269174115184663, 0.024109705607616935, 0.004749653163572427], [0.8592815682252443, 0.13178553697300488, 0.0049519225082763595, 0.003980972193474538], [0.8578672530867648, 0.13787721825388294, 0.0020610563248965037, 0.0021944722344557667], [0.8283811138912608, 0.16830448658633318, 0.0026780979007227854, 0.0006363015216832232], [0.6550314267155244, 0.30943175397957623, 0.018874225679080495, 0.016662593525818954], [0.6538685673016192, 0.33399069821031313, 0.008761422992419896, 0.003379311395647676], [0.8491292228303597, 0.1408087798099363, 0.006901070661274765, 0.0031609265984291856], [0.5329069633634523, 0.3779270449107305, 0.04803950836877155, 0.041126483257045605], [0.05462901130877984, 0.5347990233721283, 0.2774271882069683, 0.13314477701212357], [0.06388297502501515, 0.7783299187534486, 0.10050063732757233, 0.057286468793963936], [0.02252623317380854, 0.9430476102356026, 0.022176480558784413, 0.012249675931804493], [0.01244264384991827, 0.9432254992299582, 0.04016340999297981, 0.004168446827143658], [0.1268540592322887, 0.48632367353515066, 0.10516007753542314, 0.28166218959713746], [0.05139335014633916, 0.17661266727710917, 0.7319596677900686, 0.040034314686483], [0.08921405605665246, 0.7240830009147414, 0.1381744433937297, 0.04852849953487636], [0.10235159846223958, 0.8178212049715958, 0.03220588990712826, 0.047621306559036375], [0.07217916810835369, 0.8523209961496733, 0.03803488200890806, 0.03746495363306497], [0.07480231407050064, 0.8696021725067353, 0.023907412857703186, 0.03168810046506086], [0.12420179041128443, 0.5834167642562559, 0.09374538877969354, 0.19863605645276614], [0.08114366534821119, 0.3110888715927973, 0.5290929275629168, 0.07867453539607469]], "ideal": "B", "sampled": "B", "correct": true}}
{"type": "result", "data": {"idx": 2, "options": ["totally internally reflects", "passes into the air above", "is absorbed", "None of these"], "probs": [[0.06074882310293346, 0.7756690873412518, 0.08434514489622168, 0.07923694455959296], [0.06094845597343421, 0.6975902136346054, 0.14851642756312453, 0.0929449027288359], [0.07500313463781114, 0.17169687488990762, 0.6087091156352162, 0.144590874737065], [0.10212551208496332, 0.27763384991542517, 0.4233342173769067, 0.19690642052270477], [0.029286543286281625, 0.15832716431429614, 0.7207508776459118, 0.09163541465351034], [0.16189502014720666, 0.5392418349118725, 0.18929170131436052, 0.10957144352656033], [0.12798761986438564, 0.725174706072773, 0.09511901934300934, 0.05171865461983199], [0.12168943880771631, 0.5454105734279724, 0.2829516231730751, 0.04994836449123624], [0.13506292509755263, 0.1965251071232411, 0.5598684840765965, 0.10854348360260978], [0.08610939939355591, 0.15113848194848564, 0.48031465170543264, 0.2824374668525258], [0.04155724867762795, 0.1862497627548888, 0.7366466521480151, 0.03554633631946821], [0.30683452582013965, 0.47527682215610684, 0.14723523352795473, 0.07065341839579882], [0.012090595055019065, 0.1519873093963712, 0.7137996923682902, 0.12212240308031952], [0.012049356900697361, 0.38679154092124396, 0.380759014215282, 0.22040008786277665], [0.0073182657068967295, 0.6588105709901958, 0.2312514625577615, 0.10261970064514596], [0.00842244083844381, 0.6188365124847474, 0.20089594262737395, 0.17184510394943486], [0.003004242732819207, 0.017561037985256777, 0.9007296064263729, 0.07870511275555116], [0.0023301854979549657, 0.014958815844092773, 0.9400972261176715, 0.04261377244028066], [0.052019995282082204, 0.37256879027078044, 0.49356502841206656, 0.0818461859350708], [0.05886380702515048, 0.7876303136482707, 0.09554902392006322, 0.05795685530651555], [0.0669172331623871, 0.6973230838078311, 0.16562591491473472, 0.07013376801504702], [0.05505789200509075, 0.8218533073452835, 0.06538471593224765, 0.05770408461737811], [0.01685153130859837, 0.07553260013537905, 0.7054667458993547, 0.20214912255666792], [0.007725309178485297, 0.043769067824937086, 0.8004346186869614, 0.14807100420961622]], "ideal": "B", "sampled": "B", "correct": true}}
{"type": "result", "data": {"idx": 3, "options": ["always.", "sometimes.", "never.", "on planet Earth only."], "probs": [[0.16187782403089535, 0.15206909008216357, 0.04565876298322554, 0.6403943228037156], [0.04636907047915709, 0.07294582914510644, 0.8613546294860953, 0.01933047078964109], [0.1198294654305205, 0.0749854473316729, 0.08235512234769955, 0.7228299647901071], [0.030070231132239306, 0.043070676099154125, 0.9209378026281863, 0.0059212900404202705], [0.017450448661963183, 0.9677551845312496, 0.010584020182737991, 0.004210346524049226], [0.013289750948454079, 0.9763771077726102, 0.0072253241894209815, 0.003107816989514672], [0.0018644326822499944, 0.9964875475444686, 0.0006343335576080764, 0.0010136861156733582], [0.002707127893895085, 0.9944366279494324, 0.001361204517855927, 0.0014950395388165848], [0.003026051990404078, 0.00045686097013389256, 0.9963733214493312, 0.0001437654901308026], [0.0035040692843549496, 0.0013722401326203967, 0.08228040475214798, 0.9128432857308767], [0.002394040531259958, 0.0010296353927117018, 0.9964759516528444, 0.0001003723231838561], [0.003881925353625667, 0.00370455730356105, 0.01214507181334621, 0.9802684454294671], [0.007382919967985887, 0.9822279729039074, 0.005840298782280453, 0.004548808245826294], [0.007142164369611874, 0.9651401099259314, 0.02612401423886247, 0.0015937113655943578], [0.0014318655095523305, 0.0003096561974082041, 0.9980901157206001, 0.00016836247243929656], [0.0017720907086585785, 0.0006418120000575417, 0.09377230130316151, 0.9038137958881224], [0.012565331997943404, 0.00441071905759721, 0.9827142257299205, 0.0003097231145388824], [0.00250091242847718, 0.000642357397914814, 0.003365283779826781, 0.9934914462937813], [0.06539668244538811, 0.9315328146902592, 0.0023089240198683613, 0.0007615787444843619], [0.043895177743224996, 0.953363938060742, 0.002053055048883137, 0.0006878290471498559], [0.04319122265291291, 0.0029392672022525153, 0.9527881370101035, 0.0010813730347310792], [0.04072944424231541, 0.002159032027063876, 0.015219322319188997, 0.9418922013114317], [0.04721622673270107, 0.003815626366341084, 0.9483642842698576, 0.0006038625311001932], [0.05943700799035581, 0.003406366154468042, 0.021526327306238234, 0.9156302984489378]], "ideal": "B", "sampled": "A", "correct": false}}
{"type": "result", "data": {"idx": 4, "options": ["changes", "aligns with the electric field", "is at right angles to the electric field", "converts to magnetic energy"], "probs": [[0.950352343710236, 0.049586443682878546, 5.4543403434195985e-05, 6.669103451213952e-06], [0.904570006640306, 0.09534222014853093, 8.040929250369857e-05, 7.363818659350246e-06], [0.8854985672926688, 0.11435261906875123, 0.0001403201869907717, 8.49335158910271e-06], [0.6297129069132581, 0.3701934974681913, 8.669746978366081e-05, 6.898048766993296e-06], [0.9920336447767999, 0.007937893146340354, 2.5069051449081262e-05, 3.3929254106662132e-06], [0.9920365150723728, 0.007937911846988043, 2.2648085942175808e-05, 2.924894697002416e-06], [0.0008293271489169053, 0.9988409336101007, 0.0003050842987023946, 2.4654842279963035e-05], [0.0019253802024774753, 0.9973640430324161, 0.0006758590228106148, 3.471764229578081e-05], [0.016963972737332782, 0.8837522767676748, 0.0991552379132552, 0.00012851248173727687], [0.007568806876253764, 0.9913234739390003, 0.000992793246429064, 0.00011492583831677073], [0.018121612991833694, 0.9740792406601438, 0.007673159157946257, 0.00012598709007617166], [0.013713173187917376, 0.976518729822321, 0.00942478832473058, 0.00034330856503102274], [0.0004955060052095393, 0.9994210414997016, 7.25056336450191e-05, 1.0946761443842696e-05], [0.0010986884194885045, 0.9988446472277794, 4.752313736366831e-05, 9.141115368340448e-06], [0.03775746002044863, 0.9586853383071261, 0.0035119436208647745, 4.5257951560539346e-05], [0.04957993149355494, 0.9502670899521634, 0.00011911717722347589, 3.386127705817081e-05], [0.7769606238645352, 0.22261093697983975, 0.00038521737436256914, 4.322168126249516e-05], [0.7790002121589795, 0.21973468066432522, 0.0011711948160183323, 9.391226067694503e-05], [0.017148311085532796, 0.1814937475586222, 0.8008236969426171, 0.0005342443132278514], [0.007755802817805388, 0.18789831625557418, 0.8035658949348495, 0.0007799858917708841], [0.0029622324574620166, 0.9907126241762877, 0.006270888056056578, 5.425521019374252e-05], [0.002212790094203873, 0.9958699581530169, 0.0017779874072448986, 0.00013926424553432066], [0.00036788147226788135, 0.9984747473928337, 0.0010982488571896992, 5.912217770868881e-05], [0.0004867038935941523, 0.9971234468663054, 0.002250411142155537, 0.0001394379979448652]], "ideal": "A", "sampled": "A", "correct": true}}
{"type": "result", "data": {"idx": 5, "options": ["red", "yellow-green", "blue", "violet"], "probs": [[0.08953929224627598, 0.16214457797118786, 0.3653757977296816, 0.38294033195285454], [0.1438952300467106, 0.13947557570281166, 0.24477450578301135, 0.47185468836746636], [0.18459858067200818, 0.5598164221077746, 0.03634963570301936, 0.21923536141719782], [0.21970583332587276, 0.5610650139406659, 0.13965320481711926, 0.07957594781634213], [0.2389084558580286, 0.40011645029282, 0.024027791347072433, 0.33694730240207893], [0.2597344970285138, 0.5673328379619724, 0.06465308007863821, 0.1082795848308755], [0.07655026652361657, 0.6930646278041738, 0.012302793649609789, 0.2180823119225999], [0.1066833357902352, 0.6535429333482446, 0.017415624045270976, 0.2223581067162492], [0.06574689412539234, 0.8394346001807864, 0.02698258793691651, 0.06783591765690468], [0.07267332698976886, 0.8188401565378272, 0.020821167075365517, 0.08766534929703841], [0.11829527051761397, 0.6495979013090832, 0.02120924241282041, 0.2108975856604824], [0.11727510402415207, 0.634011090328856, 0.011794685395926461, 0.2369191201510654], [0.2669604688583032, 0.28866928490341914, 0.04358000631664, 0.4007902398216376], [0.3905749800239345, 0.27267789025328026, 0.25614436694968207, 0.08060276267310319], [0.17575726566037053, 0.0856610493895078, 0.3606321945661355, 0.37794949028398617], [0.19151100371717347, 0.08366877522474707, 0.1255955388599541, 0.5992246820981254], [0.2944528074431173, 0.49313209966460536, 0.09710028477233353, 0.11531480801994383], [0.30270449169784047, 0.3430247998367175, 0.016552063165963284, 0.3377186451994787], [0.41853173804596955, 0.3870989587372879, 0.011507667279524177, 0.18286163583721837], [0.5103818149146692, 0.45042228442533183, 0.026217104717979518, 0.012978795842019504], [0.4172021336675674, 0.17392154813703115, 0.33523391192334917, 0.07364240617205221], [0.31422109110985597, 0.21936804544299712, 0.43625531571291853, 0.030155547634228334], [0.6138144192027267, 0.32855689828311135, 0.040485535189982734, 0.017143147224179228], [0.6448917110543847, 0.2817387123609896, 0.008507642382748001, 0.06486193410187774]], "ideal": "D", "sampled": "D", "correct": true}}
{"type": "result", "data": {"idx": 6, "options": ["mass distorts spacetime.", "gravity affects clocks.", "light can\u2019t escape from a black hole.", "All of these."], "probs": [[0.8150657415612766, 0.18473239243535408, 0.0001558030053317286, 4.606289803758422e-05], [0.7085942235807591, 0.29081807385348396, 0.0005614348501088711, 2.6267615648104275e-05], [0.9650287852519597, 0.02199641157899627, 0.01214794767796321, 0.0008268553910808937], [0.9801779417260941, 0.019111164669056928, 0.000595435756668418, 0.00011545774818061683], [0.9653752776274177, 0.03408317919058588, 0.0005016240618768567, 3.991902011953682e-05], [0.9297759472109732, 0.0684173058811974, 0.0005919446284851383, 0.0012148021793442745], [0.009124392131299572, 0.9907622377143483, 0.00010058054048492354, 1.2789513867122818e-05], [0.010815698282985703, 0.9889875907690999, 0.00018322557398220613, 1.3485273932127048e-05], [0.008947684851600095, 0.0031901257220249093, 0.9868264067689706, 0.0010357825574043658], [0.006552297054960906, 0.0035077072137465644, 0.0016310447574710747, 0.9883089508738214], [0.23190279424028476, 0.09667293900900735, 0.6710835894551319, 0.0003406771955760222], [0.008920092892160423, 0.006228001200531142, 0.0005032703531056071, 0.9843486354542028], [0.0003918464497478951, 0.9990615919136677, 0.0003857445995446311, 0.0001608169370397806], [0.0005974906281992206, 0.9990664337373684, 0.00030513960079167466, 3.093593364074326e-05], [0.0012259969669626417, 0.3094616162661433, 0.686592682202448, 0.0027197044644460904], [0.0030672199780988215, 0.1304372002079161, 0.002279338745464084, 0.864216240968521], [0.005027521604818631, 0.006557094663874764, 0.9731703197848196, 0.015245063846486948], [0.003102755654859972, 0.0023796168583917407, 0.0036846086039130583, 0.9908330187828353], [0.004191091805019456, 0.9939519893909722, 0.0017745571910374783, 8.236151297093188e-05], [0.005346411362973145, 0.9874945263555083, 0.0015558609708409932, 0.005603201210677585], [0.021384944056219293, 0.14843485300441264, 0.827926129481944, 0.0022540733574240935], [0.0035686823587798345, 0.006263911266918088, 0.00035336188787052965, 0.9898140443864315], [0.010141341601267562, 0.005600639893650338, 0.9566901596058955, 0.027567858799186606], [0.0034707070017756226, 0.0012572231148126583, 0.0020087085337841476, 0.9932633612496276]], "ideal": "D", "sampled": "A", "correct": false}}
{"type": "result", "data": {"idx": 7, "options": ["voltage", "energy", "Both of these", "Neither of these"], "probs": [[0.9987445917995663, 0.0012065922890963955, 4.360740356026114e-05, 5.208407776994336e-06], [0.9981498047466477, 0.0017821759550548906, 5.095187551020421e-05, 1.7067322787141618e-05], [0.99306572016747, 0.006904107453017527, 2.1633636591162218e-05, 8.53864292129755e-06], [0.9908141048434655, 0.009125576110992652, 4.605206760616678e-05, 1.4266877935574973e-05], [0.9933675875076972, 0.00658999180696778, 2.5698135953503457e-05, 1.672244938160132e-05], [0.9870479905726506, 0.012820138545060903, 0.00010338414000564873, 2.848664228281984e-05], [0.0001535016530924645, 0.9994298483666084, 0.00021645959922027963, 0.00020019028107884506], [0.0005522730503632082, 0.9985114678525912, 0.0003297556748238068, 0.0006065033222218243], [0.004044792147869706, 0.019293736660019416, 0.9743210074042927, 0.002340463687818105], [0.06695862833873914, 0.42321821885340327, 0.007057201090281302, 0.5027659516175763], [0.0060555119678603634, 0.024707525875257833, 0.9566186159447928, 0.012618346112089014], [0.03764038525584864, 0.08890140784219976, 0.016443254393849437, 0.8570149524081022], [0.01427675549364272, 0.9853822304339902, 0.00019433067678053506, 0.00014668329558647968], [0.017696161937913728, 0.9814068101206176, 0.0006446000594668469, 0.0002524277820017915], [0.00680360265745796, 0.03509020914487003, 0.9485134777364839, 0.00959271036118808], [0.1791523702639029, 0.2336745466481119, 0.026215542537575704, 0.5609575404504095], [0.05400955455815124, 0.044077616734764305, 0.8993472137119438, 0.002565614895140633], [0.19170625514145617, 0.5293510742550922, 0.008422898408020874, 0.2705197720954307], [0.00599790545070043, 0.9930783415860353, 0.00036587335869453887, 0.0005578795045698079], [0.004526543490379958, 0.9928611476530691, 0.0022407535268769902, 0.00037155522967389424], [0.005001960182007508, 0.035265929008122046, 0.8814960470986261, 0.07823606361124437], [0.0547314267274501, 0.2098287265108004, 0.1910278711994103, 0.5444119754623392], [0.04665413811252312, 0.16799577705343957, 0.7768543286715611, 0.008495756062476162], [0.046740365845742135, 0.7311990505500268, 0.005850181179100987, 0.21621040232513014]], "ideal": "A", "sampled": "A", "correct": true}}
{"type": "result", "data": {"idx": 8, "options": ["chaotic", "ordered", "positioned by amplitude", "in phase"], "probs": [[0.018455104247410255, 0.9319120910831515, 0.04496668492112096, 0.004666119648317278], [0.022707016658849496, 0.8655018141469325, 0.1066448306420683, 0.005146338452149727], [0.00426975742693456, 0.00692967205042587, 0.9814242397782835, 0.0073763306443559865], [0.039675069436470436, 0.1670337673232709, 0.650409302995445, 0.1428818601448137], [0.02220263048292056, 0.13599525935314016, 0.8331082796065152, 0.008693830457424015], [0.020422576790808552, 0.719909093908771, 0.17368446873037194, 0.0859838604700485], [0.6688649815681117, 0.2744945949943604, 0.03227626610148445, 0.02436415723604337], [0.6566720359610477, 0.2341360660357561, 0.09169188544385064, 0.01750001245934558], [0.8926532009913613, 0.087012780172062, 0.009611486178833901, 0.010722532557742826], [0.72094592687487, 0.1608562094195059, 0.07138298025235382, 0.046814883353270303], [0.7399868812792312, 0.21873549666659212, 0.024928645648893997, 0.016348976305282734], [0.6416223478763508, 0.25922392554235524, 0.03853221123123713, 0.0606215152500569], [0.01106942784468619, 0.011242292485236664, 0.965721459121648, 0.011966820448429154], [0.06167387308567743, 0.08429541563584982, 0.594361671661928, 0.2596690395165448], [0.005006185618053114, 0.9540257235280536, 0.03529549681718508, 0.005672593936708158], [0.01569263720869125, 0.8175545993106382, 0.13138925171330995, 0.035363511667360605], [0.0721200230600827, 0.46299166738113384, 0.06881602596488771, 0.3960722834938957], [0.04432103275764167, 0.14760245925683088, 0.7265623616550262, 0.08151414623050124], [0.03000297947485886, 0.0551776474607572, 0.9046127173947448, 0.010206655569639152], [0.1380402363376719, 0.26607160171759153, 0.2205867933656647, 0.37530136847907186], [0.06165922312660628, 0.7749919612113686, 0.13467492713708076, 0.02867388842494437], [0.09009762919611006, 0.6868413141192696, 0.1193594345283316, 0.10370162205628873], [0.1494990587084998, 0.17753417788160725, 0.15914027391272825, 0.5138264893971647], [0.05435713853808699, 0.05268011339748817, 0.8113703878040309, 0.08159236016039391]], "ideal": "B", "sampled": "B", "correct": true}}
{"type": "result", "data": {"idx": 9, "options": ["amplitude", "wavelength", "frequency", "energy"], "probs": [[0.06735129597280784, 0.8465581464488787, 0.07282774088599767, 0.01326281659231574], [0.045960741937642, 0.5960321887230696, 0.35592355516798496, 0.0020835140713034834], [0.07992182574461654, 0.1589464674858648, 0.7465764192997884, 0.014555287369730325], [0.010152179846072123, 0.015004282476246094, 0.972875455337542, 0.001968082240139733], [0.0035334246344002128, 0.9951910479214208, 0.0008262872169863151, 0.0004492401271926998], [0.0033708535710547994, 0.9949490919067366, 0.001201952445680776, 0.000478101976527793], [0.27266792916753024, 0.3446858630346487, 0.3556474248161234, 0.02699878288169769], [0.041842602251379354, 0.020076714559116502, 0.9376405847827965, 0.0004400983067075759], [0.3074650792792784, 0.6408197938831434, 0.024847978954959434, 0.026867147782618776], [0.10331753578090207, 0.16770204798986252, 0.7285056665625947, 0.00047474956664069357], [0.005817684444894959, 0.9938067765161683, 0.0003083337603025959, 6.720517863406325e-05], [0.007006937100494012, 0.9923252361700012, 0.0006027854335220217, 6.504119598276631e-05], [0.0889591879231125, 0.22018051309306397, 0.6782426883961221, 0.012617610487701445], [0.012148544969679976, 0.021657641702607613, 0.965148734736126, 0.0010450784915864708], [0.03380497699721282, 0.9575474700484397, 0.004794794354242072, 0.0038527585001053933], [0.02194656061620268, 0.9478974740627952, 0.029533357680183083, 0.0006226075408190566], [0.005129842323154342, 0.9930029065973823, 0.0013593177399801421, 0.0005079332394831998], [0.004460180556956529, 0.9937726219963716, 0.0011635550485876993, 0.0006036422980842054], [0.9981754122323051, 0.0017006109041926847, 0.00011754817008751596, 6.428593414723922e-06], [0.9937277744934183, 0.005551137800918053, 0.0007057366688608739, 1.5350936802772014e-05], [0.9975337872450392, 0.00239670428024679, 6.287962184666947e-05, 6.6287528673680555e-06], [0.9962867410466444, 0.0035376932837236055, 0.00016806366630935953, 7.501903322666244e-06], [0.9948425768235617, 0.005060068573393864, 8.912791661862359e-05, 8.22658642584275e-06], [0.997205410293923, 0.0026728465192938635, 0.00011561435193648979, 6.12873484671338e-06]], "ideal": "D", "sampled": "D", "correct": true}}
{"type": "result", "data": {"idx": 10, "options": ["the same", "opposite", "Either of these", "Need more information"], "probs": [[0.011209296397740503, 0.9780889825373017, 0.008200538839855007, 0.0025011821251027812], [0.010740477098038655, 0.9822424794725053, 0.004765617442113941, 0.0022514258873421048], [0.03572589910367109, 0.15519252446826676, 0.7880803956571419, 0.02100118067092018], [0.05519230393499122, 0.6939519772348246, 0.03244438827541105, 0.21841133045477315], [0.007723322610430713, 0.01313767741718912, 0.9353920165153418, 0.04374698335703838], [0.056489306227696316, 0.08221400150791221, 0.23410887570314928, 0.6271878164612422], [0.6605194647491367, 0.33738376939586157, 0.0018552732715766396, 0.00024149248342507476], [0.7144558582878312, 0.2842243137600718, 0.0011256917380480058, 0.00019413611404896092], [0.817093797618163, 0.14650240263248165, 0.03589958249703809, 0.0005042171523172284], [0.8505980373558749, 0.14554570617224888, 0.0031160349030461415, 0.0007402214688300851], [0.9077898379800599, 0.07336861733861838, 0.018258933210969882, 0.0005826113703518753], [0.9068416693328256, 0.08569166200210115, 0.0060150354765500505, 0.0014516330885231386], [0.05690096694404162, 0.4617604918176436, 0.46903213975105434, 0.012306401387260397], [0.10025928541981258, 0.8010866939625253, 0.06176511055228528, 0.03688890996537682], [0.009182517040406952, 0.9514251926359525, 0.03746735158502574, 0.0019249386386147912], [0.011004558627501123, 0.9753560898562929, 0.010176316708392585, 0.003463034707813477], [0.09924823044738108, 0.11972296236748327, 0.41780316825503366, 0.363225638830102], [0.006560034209579355, 0.008422907558678845, 0.958253933369105, 0.026763124762636797], [0.013054759378933424, 0.08645790778008526, 0.8331464614974616, 0.0673408712435197], [0.03811263434627379, 0.23715812848961026, 0.38485510587029226, 0.3398741311938237], [0.003339542926115266, 0.8973856946189105, 0.09456532218600414, 0.004709440168970156], [0.0027198658506961296, 0.9384943537733624, 0.04972780390893734, 0.009057976367004068], [0.02760570961129051, 0.22757015392937732, 0.38100681982500034, 0.3638173165343318], [0.01038929670460311, 0.03920298580592877, 0.8783034396182965, 0.07210427777117157]], "ideal": "B", "sampled": "B", "correct": true}}
{"type": "result", "data": {"idx": 11, "options": ["conduction", "convection", "radiation", "radioactivity"], "probs": [[0.00013967715004163978, 0.0003197110087531992, 0.9987369424951162, 0.0008036692460889077], [0.001149891334140412, 0.0005348251081106227, 0.0007084161739828904, 0.997606867283766], [0.00011589674749642953, 0.9997184111532087, 8.090604736490823e-05, 8.478595192994165e-05], [0.00010888712905565394, 0.9998143882065172, 4.165159146907362e-05, 3.507297295803561e-05], [0.0004505465980574633, 0.0001657756865421272, 0.0012635384292151977, 0.9981201391861853], [0.00047633826783058923, 0.0007262930133466408, 0.9912297891107881, 0.007567579508034705], [0.00018641587811780243, 0.00035652065921190797, 0.9983417262962733, 0.0011153370663969956], [0.0013235700249147543, 0.00036190001807727727, 0.0006552093512452182, 0.9976593205057628], [0.00010228799770385915, 0.999778832563489, 6.0601252419326866e-05, 5.827808638782054e-05], [9.992333742727607e-05, 0.9998154584456461, 4.197923748749356e-05, 4.263887943909663e-05], [0.0005694598202317014, 0.0003348228130292797, 0.0011149216690740768, 0.997980795597665], [0.0004490224838971526, 0.0007519465322247719, 0.994670335865703, 0.0041286950181751055], [0.9970005015283914, 0.0029349298163894567, 4.670284611377723e-05, 1.786570910540914e-05], [0.997604669848932, 0.002359724607634668, 2.5013758247134435e-05, 1.059168518617722e-05], [0.997012682086922, 0.0029349559558609684, 3.81179768842646e-05, 1.4243880332846916e-05], [0.9972516518066458, 0.0027150403826764692, 2.3125575898867077e-05, 1.0182134778908517e-05], [0.9984646294704019, 0.0014779513671178972, 4.258599994130243e-05, 1.4833062538851908e-05], [0.998392526212835, 0.001548768236059514, 4.291692948791976e-05, 1.5788521617476265e-05], [0.0006450992828557532, 0.00033471649806885166, 0.0013236391006124356, 0.9976965450184629], [0.0004017809365295936, 0.0009789715887708022, 0.9928973216747328, 0.005721925699966877], [0.0010133709585595514, 0.001429252717021877, 0.0013424808081617275, 0.9962148954162569], [0.0006127053343008368, 0.0015645546781516658, 0.9930038568614307, 0.004818883026116882], [0.0005689000606481042, 0.9969483823117673, 0.0010965587145709771, 0.0013861588130136362], [0.0003975984587495932, 0.9980551479199993, 0.0009687783780875564, 0.0005784751431636009]], "ideal": "C", "sampled": "C", "correct": true}}
{"type": "result", "data": {"idx": 12, "options": ["half, 1 A", "2 A", "Depends on which lamp is closer to the battery", "Not enough information to say"], "probs": [[0.13290612125936396, 0.8270001241166134, 0.022385220513792294, 0.017708534010230387], [0.12865658514862222, 0.8259676001725983, 0.03202526375119349, 0.013350550827586018], [0.2611977726571083, 0.410900528566049, 0.27804556175470196, 0.04985613692214069], [0.4056022121470629, 0.38101872372148904, 0.1744463275074149, 0.03893273652403317], [0.16836178316236797, 0.2690245153358832, 0.5267665260592712, 0.035847175342477645], [0.42603898044140487, 0.46791034932225806, 0.06042622774235139, 0.04562444239398568], [0.01961793691958219, 0.847354824863238, 0.09213865403068482, 0.04088858408649499], [0.01949731161238388, 0.8421187180385707, 0.11045458660457301, 0.02792938364447236], [0.05243296841191888, 0.35829334469431007, 0.48976343621799556, 0.09951025057577546], [0.05772383854550087, 0.46839254901449184, 0.31694241263930034, 0.15694119970070697], [0.02847538772108804, 0.2459697611006316, 0.6583058730535633, 0.06724897802471715], [0.089362429707506, 0.610538267400111, 0.0788518217811517, 0.22124748101123137], [0.0399956938583103, 0.6159033362220736, 0.30017203984155744, 0.043928929978058605], [0.029709078073037715, 0.8682579958649798, 0.0638808040045557, 0.03815212195742683], [0.06976761252375464, 0.531838742927848, 0.33284691969124414, 0.06554672475715316], [0.08224789113658651, 0.780293887628771, 0.06818246146490672, 0.0692757596697357], [0.009872752541572565, 0.062390469343982416, 0.8613165498934077, 0.06642022812103736], [0.046782568092436305, 0.1271531432739897, 0.6259211301177667, 0.2001431584158072], [0.010216351483302945, 0.47709232030777704, 0.4999771955856951, 0.012714132523224913], [0.004850663088028864, 0.8416840970190107, 0.10370278273942472, 0.049762457053535714], [0.019936582702866884, 0.29756195292356974, 0.6299758156310158, 0.05252564864254757], [0.03118276270495947, 0.6262968124705449, 0.17390480311958972, 0.16861562160490584], [0.0075499981898947115, 0.11627271496260391, 0.7121905376238912, 0.16398674912361022], [0.016087593958620378, 0.1729734290117677, 0.49265904606028693, 0.31827993086932493]], "ideal": "B", "sampled": "A", "correct": false}}
{"type": "result", "data": {"idx": 13, "options": ["increase.", "decrease.", "remain unchanged.", "None of these."], "probs": [[0.5296673451303101, 0.4601834951278281, 0.008972038976720807, 0.0011771206651410688], [0.4249171101279875, 0.5629268994191857, 0.010472570749744309, 0.0016834196030824035], [0.5598828892387716, 0.4032614303002904, 0.03579136793049124, 0.0010643124304467204], [0.44200898134344313, 0.5008643035804898, 0.04515547094622433, 0.011971244029842686], [0.6449099279970203, 0.3242789255921077, 0.028334660125133394, 0.0024764861857385708], [0.5638523374335264, 0.39983481854873404, 0.028514236438379404, 0.007798607479360207], [0.036735290330831886, 0.947446349320656, 0.01052474540219289, 0.005293614846319195], [0.03200619545235238, 0.9501167768083458, 0.011060906150671831, 0.006816121488629974], [0.04430305488738014, 0.33248414680430444, 0.6212043553162278, 0.002008442892087641], [0.02816370137207606, 0.09381120801974549, 0.028163462953512082, 0.8498616275546663], [0.05850188729790224, 0.36970224490805725, 0.5550329612288087, 0.01676290646523182], [0.04282458331135031, 0.14488703934400082, 0.01625419158076744, 0.7960341856638814], [0.01437814774147214, 0.977005935762914, 0.00781716994591485, 0.0007987464496990555], [0.02200050398117578, 0.9652584715572629, 0.00976271700597305, 0.002978307355588333], [0.026928473624932992, 0.7509058218519264, 0.2151400326717924, 0.007025671751348175], [0.048278462008659824, 0.4800881206574855, 0.03423498080589111, 0.43739843642796356], [0.024745010962246614, 0.10581746381007051, 0.85879382903351, 0.010643696094172882], [0.028686498518116728, 0.0985840545271946, 0.09704301382736373, 0.775686433027325], [0.01842365707749451, 0.9749621928583774, 0.005888397088249746, 0.0007257528758783628], [0.02046074388374767, 0.9706009541247606, 0.006747115395548847, 0.0021911864959429385], [0.02947243850580013, 0.49847143697793717, 0.4468433839871055, 0.025212740429157242], [0.03413088841875774, 0.21573518130769795, 0.020064424166786755, 0.7300695060067576], [0.017934431491183848, 0.09694996326070991, 0.8777550997562598, 0.007360505391846436], [0.02461975629234311, 0.13310269018401671, 0.2817537276348553, 0.5605238257887849]], "ideal": "A", "sampled": "A", "correct": true}}
{"type": "result", "data": {"idx": 14, "options": ["2mg", "mg", "mg/2", "mg/4"], "probs": [[0.03322572707557107, 0.898053785280197, 0.06207459185563493, 0.006645895688597019], [0.03322154618592403, 0.912087728229363, 0.04265792992294252, 0.012032795561770388], [0.058601338042511955, 0.7365750751251171, 0.19214905944484165, 0.012674527287529349], [0.06453048184773964, 0.7385122486419867, 0.178175069855075, 0.018782199555198564], [0.07039955323230143, 0.5537189892285828, 0.34653124532485746, 0.029350212114258357], [0.05932701842589244, 0.4248617325376406, 0.4814711291267325, 0.03434011980973447], [0.4888163279035751, 0.49653909322157547, 0.010970022686624392, 0.003674556088225047], [0.5098942976056746, 0.4716047516770885, 0.012181206276116028, 0.006319744341120903], [0.08253565936585176, 0.8736356839756368, 0.03838443644899966, 0.005444220109511733], [0.08532631708360638, 0.8618027129575766, 0.04639281469081548, 0.0064781551680015], [0.6111113367405236, 0.35927951497370103, 0.023329718215845993, 0.006279429969929315], [0.5293826499751016, 0.3934208183597059, 0.06836721351332668, 0.008829318051865794], [0.1253606900662404, 0.7327869970534793, 0.13345304925615503, 0.008399263524125332], [0.1492738220703955, 0.7121742215372656, 0.1257093031043423, 0.012842653187996517], [0.11259853384179533, 0.8451390446785227, 0.03891476601236938, 0.0033476553673125018], [0.09443738499680873, 0.8684615069801659, 0.034204278822726884, 0.0028968291002984914], [0.1347435675353832, 0.7284404046395611, 0.12658574735050973, 0.010230280374546055], [0.09571982423074782, 0.6748919591102632, 0.22256145700039817, 0.006826759558590756], [0.12576332569947746, 0.6693640288286724, 0.18588234309220464, 0.01899030227964549], [0.12504549439719717, 0.5965776498445491, 0.26063877584263856, 0.017738079815615142], [0.11902886015881384, 0.826279708954166, 0.04962208176975776, 0.005069349017262339], [0.11186098983775061, 0.7409389076076518, 0.1392217624241055, 0.007978340030492106], [0.0921945876894393, 0.8478631530478232, 0.05505555237118707, 0.00488670679155033], [0.07582328702600936, 0.8280436056140246, 0.09290391493502975, 0.003229192324936309]], "ideal": "B", "sampled": "B", "correct": true}}
{"type": "result", "data": {"idx": 15, "options": ["less.", "equal.", "greater.", "none because it sinks."], "probs": [[0.29440826167798234, 0.5330637095584504, 0.17038319999269158, 0.002144828670875629], [0.47512470195370143, 0.34217528588810836, 0.15184812727061264, 0.030851884787577565], [0.3979041413396887, 0.5271034620858154, 0.0736014961850191, 0.0013909002894767588], [0.4162977361652639, 0.5262060195508289, 0.05460231782440246, 0.002893926359504747], [0.17733156312210993, 0.10423348758060967, 0.6691952174840686, 0.0492397317132118], [0.13618450898931825, 0.0838898690146926, 0.7714884021725316, 0.00843721972345761], [0.01242789610340992, 0.9420134415429801, 0.04475170279924006, 0.0008069594543699193], [0.02063199430545315, 0.9338177700660131, 0.04167391208993383, 0.003876323438599938], [0.042718636093792985, 0.7002602561269641, 0.2536225442662379, 0.0033985634130050068], [0.051887872201919705, 0.6222522691917817, 0.22892073687691167, 0.09693912162938699], [0.018294395911157547, 0.011268759166195564, 0.9529836194623648, 0.01745322536028216], [0.04561785769516641, 0.041532897924809305, 0.8880485013597548, 0.02480074292026951], [0.060027183630085065, 0.8959460486530496, 0.043234878388805936, 0.0007918892280593814], [0.08975435007738837, 0.8649357518168943, 0.043062995924453173, 0.002246902081264142], [0.07699804100460086, 0.3673049851651543, 0.5514206952501653, 0.0042762784800794516], [0.1050109180709564, 0.22933545583192674, 0.3665003994635054, 0.2991532265336115], [0.0747194004589005, 0.11753437118884039, 0.7908132804089469, 0.01693294784331219], [0.06240995226593005, 0.10129231675950845, 0.45398044033045937, 0.38231729054410213], [0.03478460045914262, 0.7436363169518446, 0.20015052145348322, 0.021428561035529464], [0.029102780572457097, 0.6622902898340058, 0.3032240041017697, 0.005382925391767381], [0.023866262373423604, 0.05999061487011706, 0.8679384620660541, 0.048204660590405304], [0.044435786284728745, 0.1170624274538554, 0.6950655889087826, 0.1434361972526333], [0.03397633981294436, 0.5231936133336444, 0.42703030781738255, 0.015799738936028596], [0.04953394977354233, 0.3438081247405558, 0.37760997940131813, 0.22904794598458375]], "ideal": "A", "sampled": "A", "correct": true}}
{"type": "result", "data": {"idx": 16, "options": ["red.", "green.", "white minus red.", "a mixture of green and yellow."], "probs": [[0.9276142173478082, 0.047649453934752464, 0.022507711957477573, 0.002228616659961741], [0.9744399322345665, 0.02221211398291742, 0.0023410438447352792, 0.0010069098377807643], [0.8268471274942849, 0.17063226859835892, 0.0018955130369678309, 0.0006250907703883475], [0.813283868981178, 0.18432833442403013, 0.0018937624020002833, 0.00049403409279157], [0.9461673374942823, 0.050935833982933415, 0.0021354024951737403, 0.0007614259276105629], [0.9221253236354652, 0.07222743953118607, 0.004992362025873081, 0.0006548747074756404], [0.012745034868985674, 0.9813276641153337, 0.005230392706692894, 0.0006969082089877808], [0.007918681120510468, 0.9896614083545242, 0.0020981345131514573, 0.00032177591181389273], [0.013541521433803832, 0.01793873114456499, 0.9642590233991284, 0.00426072392250274], [0.014518066005344693, 0.0062452110366260066, 0.007770795245196294, 0.971465927612833], [0.012570703861005046, 0.002020166412434902, 0.9830840456535195, 0.00232508397304054], [0.006457329674442312, 0.0010219390885422967, 0.0034562842635311158, 0.9890644468734843], [0.037167419672534445, 0.9585800409307709, 0.0036229438583843146, 0.0006295954383103413], [0.02254557064056052, 0.9737833795735346, 0.0030511482798626205, 0.000619901406042328], [0.04678994043204775, 0.024273105097959182, 0.9252146164710182, 0.003722337898974785], [0.033998473663077705, 0.008332645302367077, 0.009294409168965801, 0.9483744717655894], [0.027030177612887635, 0.0026762085716080654, 0.9678186774440561, 0.0024749362714481184], [0.03293332700921602, 0.009889905884454056, 0.024093686589485148, 0.9330830804168447], [0.0011687646471831487, 0.9982149076226283, 0.00045056964916093107, 0.00016575798102760227], [0.0011326995662479507, 0.9981245756048011, 0.0005606909512184443, 0.0001820337777325363], [0.004871739846020323, 0.0028638194249945795, 0.9882259989149356, 0.004038441714049495], [0.0051943947846591725, 0.0013136506136639096, 0.003406513367426595, 0.9900854411342503], [0.0036831789137800673, 0.0024154232784373377, 0.9897928821448988, 0.004108515562883771], [0.00796966564627358, 0.003885045575227362, 0.007370605485732737, 0.9807746831927663]], "ideal": "A", "sampled": "A", "correct": true}}
