{"type": "result", "data": {"idx": 0, "options": ["99% of the time in repeated samples, the interval would contain the true value of the parameter", "99% of the time in repeated samples, the interval would contain the estimated value of the parameter", "99% of the time in repeated samples, the null hypothesis will be rejected", "99% of the time in repeated samples, the null hypothesis will not be rejected when it was false"], "probs": [[0.958246655773614, 0.04145138370486963, 0.0001720755985600769, 0.0001298848229563011], [0.9581279956963613, 0.04144639981887352, 0.00026648492183745467, 0.0001591194629276683], [0.9730880038797723, 0.0159765088099675, 0.010642864871434224, 0.0002926223388258711], [0.985144575712246, 0.011116594303461003, 0.0006996611625525624, 0.003039168721740443], [0.944959287408842, 0.03780379298551488, 0.01677567600295247, 0.00046124350269061446], [0.9758408893391309, 0.02089641792150791, 0.0009181479301520989, 0.002344544709209063], [0.9563133449517374, 0.0433530998441508, 0.00020393200037596574, 0.00012962310373581376], [0.9411807026424802, 0.058319117728286726, 0.00034141277056271805, 0.00015876675867037665], [0.9666883524734138, 0.018555580762078666, 0.014451418374339966, 0.0003046482901676205], [0.9881498454396431, 0.009537567832391255, 0.000629087186117539, 0.0016834994418481006], [0.9380196018501673, 0.038117048543650195, 0.023483774398483127, 0.0003795751076993773], [0.9782714128999115, 0.019679342425477156, 0.0007512420782442625, 0.001298002496367096], [0.000245150236337692, 0.9988622053582072, 0.0007318805716664962, 0.00016076373378853836], [0.00029107553048912253, 0.9987040234915708, 0.0007092584907576286, 0.0002956423871823746], [0.00020958654792801757, 0.9983653858896574, 0.0012250531231519446, 0.00019997433926269493], [0.00021976666065609638, 0.9989211043965931, 0.0006359174959387023, 0.0002232113468121262], [0.0013401385427397937, 0.003164744587479512, 0.9944014321500287, 0.001093684619751983], [0.001239446229832448, 0.003067369996045047, 0.9944145383134728, 0.0012786453606496476], [0.00026513215267804876, 0.9991025265509537, 0.0005031344730938542, 0.00012920672327444862], [0.000309976620365977, 0.9991259177116362, 0.0004106641991016708, 0.00015344136889622407], [0.00020968723972839763, 0.9988431606465522, 0.000791338643185677, 0.00015581337053367704], [0.00023037879336058268, 0.9992159056431605, 0.00043041137361597795, 0.0001233040898629327], [0.0011281796314313972, 0.0036414986887744576, 0.9941197452242146, 0.001110576355579459], [0.000995837717635029, 0.003530158370176247, 0.9943279459776402, 0.0011460578345485718]], "ideal": "A", "sampled": "A", "correct": true}}
{"type": "result", "data": {"idx": 1, "options": ["ADF is a single equation approach to unit root testing while PP is a systems approach", "PP tests reverse the DF null and alternative hypotheses so that there is stationarity under the null hypothesis of the PP test", "The PP test incorporates an automatic correction for autocorrelated residuals in the test regression", "PP tests have good power in small samples whereas DF tests do not."], "probs": [[0.0247219511420072, 0.5368785446573601, 0.4247468259837718, 0.013652678116860934], [0.0490618341890506, 0.6987854088119941, 0.17125470529024642, 0.08089805160870882], [0.030036830499964962, 0.6730192547435743, 0.284995923828557, 0.011947990827903838], [0.05625757160028332, 0.7295647208440544, 0.18161558967789118, 0.032562117777771064], [0.03399859178479195, 0.32761396123840014, 0.5933459665025882, 0.04504148037421972], [0.04446249049264015, 0.5332345177121226, 0.40257135123724586, 0.01973164045799137], [0.04340827650587986, 0.6378788624647408, 0.30608017560730033, 0.01263268532207897], [0.06620641323362786, 0.7696815447726697, 0.1074770956462733, 0.056634946247429124], [0.004553980541357234, 0.9681995057392864, 0.020410122043861532, 0.006836391575494835], [0.00692656627137618, 0.9657807223269436, 0.018536755571602892, 0.008755955730077303], [0.08988642499136638, 0.6047401988917629, 0.2642169616923949, 0.04115641432447588], [0.04582457158583048, 0.4347525455600283, 0.5083671116997229, 0.011055771054418267], [0.041044025215579635, 0.7162533808635074, 0.2362084224665082, 0.006494171354404787], [0.04602550325072933, 0.7907685011178421, 0.13528832741484065, 0.027917668116587857], [0.06496443798472262, 0.7552260987845897, 0.16851948717892956, 0.011289975951758171], [0.06800940442123954, 0.854896700253063, 0.06489933100161288, 0.012194564224084553], [0.06841394750553223, 0.619356136106352, 0.2972004905083428, 0.015029425779772952], [0.06190784815938014, 0.4433418099006783, 0.4870015226747434, 0.007748819165198188], [0.05582388032367871, 0.5053589525391811, 0.39984452423709343, 0.03897264280004686], [0.055290932868987556, 0.6735758084342465, 0.2517233751205703, 0.019409883476195617], [0.044652587098199865, 0.8425984193800432, 0.06809239418571175, 0.044656599236045216], [0.03540262787236578, 0.7932852732488495, 0.16116879128315958, 0.01014330749562522], [0.021730516772313243, 0.9097560739393414, 0.06000295696163808, 0.00851045222670726], [0.020962379335603656, 0.8913767305369552, 0.08290963399126451, 0.004751256036176577]], "ideal": "C", "sampled": "C", "correct": true}}
{"type": "result", "data": {"idx": 2, "options": ["It would rise more quickly for negative disturbances than for positive ones of the same magnitude", "It would be symmetrical about zero", "It would rise less quickly for negative disturbances than for positive ones of the same magnitude", "It would be zero for all positive disturbances"], "probs": [[0.3811175361662583, 0.30150268545814646, 0.2922392590657928, 0.02514051920980242], [0.6079619390365053, 0.28720327566962983, 0.06715753523726777, 0.03767724995659705], [0.43789670111645146, 0.4810015287570302, 0.0539642240088349, 0.02713754601768349], [0.41666370626097643, 0.5026640295479696, 0.0419088900047355, 0.038763374086318365], [0.5668953550990885, 0.23633743379998468, 0.15022265629788567, 0.04654455470304119], [0.43425203889636244, 0.2593159588396378, 0.28480957980852006, 0.02162242235547966], [0.017360287936668176, 0.7859789406252399, 0.12240646276713567, 0.07425430857095627], [0.0073700338429224885, 0.8655158917259624, 0.0315186553509808, 0.0955954189801343], [0.01907393013315461, 0.612300113848092, 0.3030726988366743, 0.06555325708207904], [0.00643643732469317, 0.8046367099885744, 0.025457586899424334, 0.16346926568730813], [0.01518844087701973, 0.061022088721168266, 0.8967130896241399, 0.027076380677672127], [0.015016152513636014, 0.06127927828380145, 0.8865387387726134, 0.037165830329949176], [0.25165739934227177, 0.6842080430472551, 0.041085426219379155, 0.02304913129109395], [0.24557345207644765, 0.6888509558850527, 0.03483280250980772, 0.030742789428691887], [0.23068805911373372, 0.30561694690652547, 0.4378100829642288, 0.025884910915511993], [0.5404293182143747, 0.3128044148730345, 0.08418876308204692, 0.06257750373054387], [0.2574835035046067, 0.24188708445624685, 0.48108114174513444, 0.019548270194012014], [0.4840509746767527, 0.2472513393139548, 0.19559241246435904, 0.07310527344493348], [0.016580103982711758, 0.8245027571252097, 0.07202365691385033, 0.0868934818782282], [0.025337073216402342, 0.7761735120206816, 0.13275969157198347, 0.0657297230909325], [0.03228496327142619, 0.163976025490903, 0.7582056380384373, 0.04553337309923342], [0.03283941122707943, 0.18034318759512463, 0.7244916231388908, 0.06232577793890511], [0.03603178104587375, 0.6191181908893277, 0.2924155170872763, 0.05243451087752225], [0.02174885356163679, 0.7550238271696459, 0.10376407069727911, 0.11946324847143819]], "ideal": "A", "sampled": "A", "correct": true}}
{"type": "result", "data": {"idx": 3, "options": ["There is nothing in the model to ensure that the estimated probabilities lie between zero and one", "Even if the probabilities are truncated at zero and one, there will probably be many observations for which the probability is either exactly zero or exactly one", "The error terms will be heteroscedastic and not normally distributed", "The model is much harder to estimate than a standard regression model with a continuous dependent variable"], "probs": [[0.09094549274171626, 0.7735999447198009, 0.016825030672635726, 0.11862953176584709], [0.14312824818741873, 0.7618747466320082, 0.030477025065906303, 0.06451998001466683], [0.15464842548386154, 0.2844525021693643, 0.4545935161641656, 0.10630555608260857], [0.24746280736858653, 0.36574695038324945, 0.29853613159930653, 0.08825411054885744], [0.2805753260998982, 0.5757797788833812, 0.051102135407443884, 0.09254275950927665], [0.19692517792141956, 0.5610645234816876, 0.041932496568278646, 0.20007780192861424], [0.06752907496672801, 0.7974469675768807, 0.02192456092824693, 0.11309939642814439], [0.12503129149444825, 0.7308925931103344, 0.09586981611582221, 0.04820629917939519], [0.19865096807503563, 0.5748409542635284, 0.10971195831226971, 0.11679611924916618], [0.19729421736868863, 0.4960207864739071, 0.2455592416643029, 0.0611257543931013], [0.0719198577786601, 0.8362021963560875, 0.015314133693663702, 0.07656381207158873], [0.06859389234274621, 0.8357857815182007, 0.014156456697285654, 0.0814638693417674], [0.1004519395463444, 0.560327474421314, 0.17357762285506653, 0.16564296307727502], [0.15552352251402346, 0.5778997496839151, 0.15798607349316382, 0.10859065420889755], [0.24171331563084544, 0.6077558782530412, 0.021123332375770902, 0.1294074736403424], [0.29572983245554957, 0.5110263513463643, 0.13124445812830257, 0.06199935796978357], [0.09771375900812179, 0.7335223440406051, 0.024325942124696485, 0.1444379547265766], [0.09642862491675798, 0.7585933775493625, 0.050031360047406034, 0.09494663738647348], [0.18178317761614332, 0.4865298190165223, 0.1965753970802873, 0.13511160618704707], [0.14435540783550546, 0.40489800590242137, 0.22712344944247825, 0.2236231367195949], [0.34607913861077844, 0.5618237219815222, 0.012412226676737574, 0.07968491263096175], [0.2508096796507541, 0.611202370928017, 0.03342048934576138, 0.10456745997546754], [0.32113666296181403, 0.34186674179791293, 0.20098700226284866, 0.13600959287742437], [0.25307712710583036, 0.319929579462292, 0.3353199760375866, 0.09167331729429104]], "ideal": "D", "sampled": "D", "correct": true}}
{"type": "result", "data": {"idx": 4, "options": ["The population is the total collection of all items of interest", "The population can be infinite", "In theory, the sample could be larger than the population", "A random sample is one where each individual item from the population is equally likely to be drawn."], "probs": [[0.02949781315028972, 0.10961609281429538, 0.6019511381007518, 0.258934955834663], [0.06861253133186422, 0.25903159570362366, 0.10627905357519239, 0.5660768192893197], [0.06817499598309373, 0.20356834084418485, 0.562087778408405, 0.1661688846643165], [0.03976005947118155, 0.19885694784916402, 0.022305316812337526, 0.7390776757673169], [0.03652152750438098, 0.09041768955558464, 0.5988330177494368, 0.27422776509059765], [0.03273478797541178, 0.0631180610260412, 0.4449256525510974, 0.4592214983474496], [0.09730992972749052, 0.19356452936197613, 0.4643596652469421, 0.24476587556359125], [0.15927799044446803, 0.2752961516105014, 0.1112093478330029, 0.4542165100120277], [0.1744454554873739, 0.38114724695290114, 0.13802296333193287, 0.3063843341277921], [0.15472658544861237, 0.35424805552706806, 0.25119720389731864, 0.23982815502700092], [0.14294825759121793, 0.376790143079446, 0.059598353864222534, 0.4206632453651135], [0.14471676101057387, 0.38738821684665875, 0.2790098314755722, 0.1888851905671952], [0.11195076011271762, 0.22268303731910455, 0.48639600658303306, 0.17897019588514476], [0.09339996008833235, 0.20406590977956068, 0.04343881263423039, 0.6590953173978766], [0.16576977195996678, 0.43011266309276064, 0.10375345574588254, 0.30036410910139], [0.15115541668677995, 0.39833555808660287, 0.22695559937340207, 0.2235534257532151], [0.11153368650751576, 0.24368372557110587, 0.07786886393245207, 0.5669137238889262], [0.08615174464585196, 0.19417663639990232, 0.5707592580179549, 0.14891236083629084], [0.11377378467246271, 0.16818000249238851, 0.42279347458133015, 0.2952527381538186], [0.1113758683093275, 0.14989608524730896, 0.44056421513920163, 0.2981638312041619], [0.14904315990273578, 0.4664459893601495, 0.02672502438047045, 0.35778582625664423], [0.16892782607152793, 0.44514252740800797, 0.24582825207464443, 0.14010139434581964], [0.17941173374611916, 0.37400861456204715, 0.048292546020311446, 0.39828710557152225], [0.18802049754169906, 0.2822889387325285, 0.4043990671230275, 0.1252914965027449]], "ideal": "C", "sampled": "B", "correct": false}}
{"type": "result", "data": {"idx": 5, "options": ["Asymptotically, the values of the two test statistics will be equal", "The Q test has better small-sample properties than the Q*", "The Q test is sometimes over-sized for small samples", "As the sample size tends towards infinity, both tests will show a tendency to always reject the null hypothesis of zero autocorrelation coefficients."], "probs": [[0.008445464168152535, 0.05771607224493814, 0.8888943293795806, 0.04494413410732874], [0.034323599186087524, 0.24206745622121562, 0.03379348292608881, 0.689815461566608], [0.005518856102659202, 0.8585114054063459, 0.0548748459424051, 0.08109489244858985], [0.005515124833166889, 0.8991343679579845, 0.032237731997945204, 0.06311277511090341], [0.021319330213009174, 0.14125757233706704, 0.0970578140755799, 0.7403652832743438], [0.00635145599814725, 0.020503008583350513, 0.9576719927003559, 0.015473542618146352], [0.013528027759369328, 0.06763913576241987, 0.8636335850337258, 0.055199251344485015], [0.0789522623663637, 0.20166792499371616, 0.036721122473709775, 0.6826586900662104], [0.009990626078901483, 0.8319028073307078, 0.07044321343818559, 0.08766335305220511], [0.00616847476180788, 0.8737517982958916, 0.03084168137072169, 0.08923804547157882], [0.04602332609153589, 0.1632201327851949, 0.07018147316690139, 0.7205750678563678], [0.013938932889261667, 0.06054869417267267, 0.9039266253341778, 0.02158574750388789], [0.6811444961684631, 0.25061336904086023, 0.03783739098043531, 0.030404743710241388], [0.7403288038519598, 0.22583409114191424, 0.00809863785030362, 0.025738467055822375], [0.7238979177071918, 0.21738524246906174, 0.037191438584972245, 0.021525401138774214], [0.7216795139908291, 0.23803703661890446, 0.01185161442825604, 0.0284318348620104], [0.7383344947522681, 0.21829708446961335, 0.018488256706585653, 0.024880163971532858], [0.7325310829159846, 0.23055293050147344, 0.0118430333322873, 0.025072953150254644], [0.036085430221514524, 0.166906084821884, 0.16687409203237946, 0.630134392824222], [0.01140037416868033, 0.04438897433137872, 0.9200806878675336, 0.02412996353240729], [0.024593320215007267, 0.11199608762895265, 0.07342539679399364, 0.7899851952620465], [0.01026888633349466, 0.0629041478230078, 0.882226982945201, 0.04459998279829653], [0.004982664165810715, 0.949726148324975, 0.008476330755758944, 0.03681485665345528], [0.006316436367791074, 0.9376769628184678, 0.009335904010723694, 0.04667069670301742]], "ideal": "B", "sampled": "C", "correct": false}}
{"type": "result", "data": {"idx": 6, "options": ["Includes too many variables", "Includes as few variables as possible to explain the data", "Is a well-specified model", "Is a mis-specified model"], "probs": [[0.0001692986798883688, 0.9880617507540214, 0.009242314328436342, 0.0025266361376539096], [0.00012652269845382912, 0.9936440167594403, 0.003017485712868225, 0.0032119747292377377], [0.001095924576866061, 0.5676558278855047, 0.4284934300597903, 0.0027548173778389243], [0.0006200516216453281, 0.9893741968911108, 0.007553563739654852, 0.002452187647588958], [0.00036941610201519606, 0.0036724217982377905, 0.9870105085757886, 0.008947653423958367], [0.005128380474228456, 0.797696354325608, 0.09089905860928099, 0.10627620649088247], [0.9919683984497288, 0.002966131277215208, 0.004890109265803419, 0.0001753609072524816], [0.9970879464082495, 0.002147459871166394, 0.0003673727590712816, 0.00039722086151287406], [0.9876177858051647, 0.011679900978664228, 0.0004746025351057265, 0.00022771058106538944], [0.9917066852897288, 0.007572267781497267, 0.0004994302670104783, 0.00022161656176340614], [0.99591945989019, 0.0032199257786616176, 0.000396760934850622, 0.0004638532962977399], [0.9948266846692452, 0.0027084613962479066, 0.0023530668354828, 0.0001117869990241037], [0.00013500155060646414, 0.0009368831594303187, 0.9959040312825522, 0.0030240839074109917], [0.005887322414694238, 0.13193714218016364, 0.07877186446586283, 0.7834036708392793], [0.00011562538011682305, 0.9972391842489682, 0.0022156747392674944, 0.000429515531647504], [0.00010691985546996961, 0.9970626776528462, 0.002215264919025296, 0.0006151374726585686], [0.0026414936471656895, 0.01520332018967122, 0.01165497005857089, 0.9705002160045922], [0.0009606749835655193, 0.0067717993456017506, 0.989574048231805, 0.002693477339027719], [0.00015558862518131808, 0.0006863130779898463, 0.9972031031178233, 0.001954995079005504], [0.003959765981066817, 0.022436275271507284, 0.2864090995327539, 0.687194859114672], [0.000542484689216939, 0.9962418547009884, 0.002508211217399612, 0.000707449292395119], [0.0005750952295052936, 0.9921328831908841, 0.006896811871343659, 0.00039520960826689247], [0.0008742406220073596, 0.0040430118700012585, 0.005790502419526875, 0.9892922449884645], [0.0014172320408412796, 0.008815961551384045, 0.9877997853520043, 0.0019670209557703286]], "ideal": "A", "sampled": "B", "correct": false}}
{"type": "result", "data": {"idx": 7, "options": ["They can be interpreted as continuously compounded changes in the prices", "They can be added over time to give returns for longer time periods", "They can be added across a portfolio of assets to give portfolio returns", "They are usually fat-tailed"], "probs": [[0.013732889436295023, 0.08030162416205677, 0.0008248017823066892, 0.9051406845193415], [0.017199276874958012, 0.12515776619706387, 0.0021527990374890205, 0.8554901577904891], [0.008219439166827335, 0.0553220771814068, 0.0005093324346293181, 0.9359491511171365], [0.019308014241187516, 0.183248476210409, 0.001293600671697451, 0.796149908776706], [0.01579990253979566, 0.10634574401973225, 0.0010260315716044772, 0.8768283217688676], [0.02106842756000444, 0.1486037809876166, 0.0012457255417179167, 0.829082065810661], [0.049504112919887246, 0.056121517502907246, 0.002108385573499432, 0.892265983903706], [0.08084625350913756, 0.07838721185648907, 0.010772135507241048, 0.8299943990271323], [0.0358196898119495, 0.06695329236682845, 0.0009253525417976203, 0.8963016651794244], [0.1808676716115737, 0.5073827495153571, 0.003934236235645685, 0.3078153425374235], [0.04169721483569476, 0.0791679910161714, 0.0006332095294357505, 0.8785015845186981], [0.21009825987888078, 0.5120705798329781, 0.003672214340262448, 0.2741589458478787], [0.04729943516625566, 0.043768024029784205, 0.0013631121826344463, 0.9075694285213257], [0.10206065682351212, 0.09010366664194752, 0.004346499836563171, 0.8034891765979771], [0.03126356515642305, 0.024361013574492846, 0.0007951098727372117, 0.9435803112963469], [0.26953265294139556, 0.22349514252269517, 0.010952926331572492, 0.49601927810433677], [0.06520260119053674, 0.0877831353883051, 0.0006912508390636462, 0.8463230124820945], [0.2596164188320345, 0.32318897075766206, 0.002077550501316918, 0.4151170598089865], [0.11398068398345505, 0.112260560940973, 0.0061365600578249, 0.7676221949177471], [0.1458616578363974, 0.1392333381079448, 0.007377116594749902, 0.7075278873609079], [0.09805825863101851, 0.11650565873068496, 0.0011965707567329347, 0.7842395117815636], [0.284439370206094, 0.401226154367262, 0.006586349918241372, 0.3077481254084026], [0.13429170313820457, 0.19245824099187522, 0.0012177708262400071, 0.6720322849436802], [0.2489954004484898, 0.38576822238603314, 0.002723502140890451, 0.3625128749245866]], "ideal": "C", "sampled": "D", "correct": false}}
{"type": "result", "data": {"idx": 8, "options": ["(ii) and (iv) only", "(i) and (iii) only", "(i), (ii), and (iii) only", "(i), (ii), (iii), and (iv)"], "probs": [[0.06276961786300374, 0.48607972342400374, 0.40933564841613773, 0.041815010196854824], [0.03345533863730835, 0.35968977544296193, 0.5838615948110114, 0.022993291008718334], [0.03803674869224647, 0.7405226812133953, 0.19317346773381458, 0.028267102260543627], [0.031499287799602635, 0.5583617478661019, 0.38980160687685117, 0.02033735735744424], [0.016733635440944125, 0.7815329214944458, 0.17990846195110713, 0.021824981013502942], [0.018178120185933688, 0.7610334128831988, 0.19851601047871678, 0.022272456352150707], [0.08005116640568455, 0.2544043584091068, 0.619931321680204, 0.04561315340500457], [0.04468493568960715, 0.17399527260407766, 0.7558590825327792, 0.025460709073535957], [0.07902525668032405, 0.682706317831125, 0.18957984876339612, 0.04868857662515483], [0.06572244632278743, 0.4856431763179899, 0.42858997169200563, 0.02004440556721702], [0.03488520584480606, 0.8192560794019422, 0.12368359599789336, 0.022175118655358313], [0.022460265961400716, 0.8298178042874176, 0.13128939783205987, 0.016432531819121826], [0.16979708661362997, 0.39480196504529425, 0.3539196139029195, 0.08148133433815626], [0.07010364649290061, 0.2092950378962213, 0.6971192476090918, 0.02348206790178628], [0.18728018178973282, 0.4635508379740389, 0.22242213947800982, 0.12674684065821848], [0.13513420747398008, 0.31915727789566084, 0.5262400595618565, 0.01946845496850254], [0.06019990137455023, 0.8055481801499954, 0.11972742506249527, 0.014524493312959103], [0.04510129729929173, 0.8379006694131612, 0.1032424606057255, 0.013755572581821519], [0.34426564423623846, 0.3781225134181926, 0.24799336813881906, 0.02961847410674987], [0.26813742132624685, 0.33897394241475776, 0.36086121712887603, 0.032027419030119346], [0.338281347274833, 0.4770862357137423, 0.13884436161652544, 0.04578805529489925], [0.30610758192499515, 0.4667880695975125, 0.20076912259825536, 0.026335225779236946], [0.24896958050487064, 0.5524003412551063, 0.1711272866477577, 0.027502791492265335], [0.3214743659856362, 0.5218411676917811, 0.13613168811896223, 0.020552778103620446]], "ideal": "B", "sampled": "D", "correct": false}}
{"type": "result", "data": {"idx": 9, "options": ["Less than -1", "Between -1 and 0", "Between 0 and 1", "Bigger than 1"], "probs": [[0.20698689847546264, 0.4382007019469349, 0.26578630202375714, 0.08902609745384527], [0.17041942445588149, 0.4779573789991053, 0.28990056611571857, 0.06172263032929466], [0.13695832881514072, 0.6234871651579244, 0.17586220537062888, 0.06369230055630606], [0.11369068064655494, 0.5596118881521983, 0.27702926154435603, 0.0496681695568907], [0.11966427560922988, 0.44461110562193085, 0.36859833956536764, 0.06712627910347162], [0.12000694914454794, 0.37546914952021176, 0.452909441444098, 0.051614459791142285], [0.15867023877718894, 0.45202009905914725, 0.26573331349218837, 0.12357634857147543], [0.16692181054265368, 0.5141614117269252, 0.22816126216276686, 0.09075551546765429], [0.15998639701151465, 0.5164497667334399, 0.26378072189891966, 0.05978311425612583], [0.1673245659281991, 0.5749701025333056, 0.20824397244947515, 0.04946135898902019], [0.15586495165659572, 0.46533023613016283, 0.3051774754043596, 0.07362733670888183], [0.14038984057721762, 0.36987878766298604, 0.4191376441555012, 0.07059372750429509], [0.26508996282981295, 0.3567254000057497, 0.25296044724081246, 0.12522418982362485], [0.27112969147393023, 0.3705947017911215, 0.2841513093093951, 0.07412429732555322], [0.27105151594508015, 0.3590889438967084, 0.3023891038000277, 0.06747043625818376], [0.2891377946400264, 0.401429583161357, 0.2591877406928059, 0.05024488140581067], [0.21188303036794812, 0.5670344617755494, 0.15746278472671393, 0.06361972302978855], [0.20392042092548449, 0.5372631469239494, 0.1915698022714942, 0.06724662977907189], [0.14816878403354405, 0.40276785780705937, 0.3843323800105187, 0.06473097804887787], [0.11704337730352155, 0.3386760773116486, 0.5005445814838241, 0.04373596380100577], [0.12153514654516485, 0.5708268965333125, 0.273888830424112, 0.03374912639741063], [0.13051649068747034, 0.5409796499394388, 0.26780749661590364, 0.06069636265718717], [0.05219335030699351, 0.8423731200691135, 0.09160373222502359, 0.013829797298869378], [0.0765681885573646, 0.7854979867596118, 0.11494393243069186, 0.022989892152331794]], "ideal": "C", "sampled": "C", "correct": true}}
{"type": "result", "data": {"idx": 10, "options": ["(ii) and (iv) only", "(i) and (iii) only", "(i), (ii), and (iv) only", "(i), (ii), (iii), and (iv)"], "probs": [[0.06080502610818732, 0.40275456767718176, 0.501248208825543, 0.03519219728908791], [0.04386514076821586, 0.36729389630660925, 0.5600727827290998, 0.02876818009607505], [0.031530792402287906, 0.8006385817049605, 0.14809879024657763, 0.01973183554617397], [0.030495916808532426, 0.6727681434988606, 0.27610103424526694, 0.020634905347339975], [0.025329118214561058, 0.7880333543818927, 0.16009208319833215, 0.026545444105214065], [0.02590894930481648, 0.733924394825415, 0.2169416144519123, 0.02322504131785612], [0.051996814052375454, 0.19319673773686782, 0.7067154477770674, 0.04809100033368937], [0.03750780084697585, 0.1530609073686683, 0.7773483701260743, 0.03208292155828165], [0.03555166015662494, 0.7721416439700793, 0.14736397727629602, 0.04494271849699964], [0.03291298100703381, 0.6308355377790973, 0.3172025703858223, 0.0190489107280466], [0.02348559732658976, 0.815124222332292, 0.13306048136312149, 0.028329698877996783], [0.01827493240010507, 0.8272483032140829, 0.13932613495054508, 0.01515062933526692], [0.07408104891394637, 0.475593808809001, 0.37623852767935945, 0.07408661449769319], [0.05186605472294161, 0.2513424465231431, 0.662240209596095, 0.034551289057820324], [0.07519716897474127, 0.5470456628140463, 0.26661337214465797, 0.11114379596655441], [0.08014751581821908, 0.33744592817181607, 0.5563855497242975, 0.026021006185667304], [0.029856911620873818, 0.7945183800020416, 0.15163343550182337, 0.023991272775261197], [0.035085493205187106, 0.8369333182004616, 0.1097785458752488, 0.018202642619102483], [0.11132199898107234, 0.4760848850829024, 0.3429233244223189, 0.06966979141370631], [0.0999665044145642, 0.45509043670432503, 0.37729746380622287, 0.0676455949748879], [0.11766192491162283, 0.5191754179550899, 0.24910878013725637, 0.11405387689603082], [0.10502848888861917, 0.44219989223974726, 0.40898722777791446, 0.04378439099371908], [0.06716492245992155, 0.6678591443487639, 0.21015456162807686, 0.0548213714632377], [0.08441059689677341, 0.6744357070442399, 0.1993648625971185, 0.04178883336186809]], "ideal": "B", "sampled": "D", "correct": false}}
{"type": "result", "data": {"idx": 11, "options": ["(ii) and (iv) only", "(i) and (iii) only", "(i), (ii), and (iii) only", "(i), (ii), (iii), and (iv)"], "probs": [[0.06945304209661873, 0.2704510249436862, 0.56365630065531, 0.09643963220438498], [0.03425173307977529, 0.17947808594049938, 0.7323811918190345, 0.053888989060690846], [0.056321632479660245, 0.577828968834972, 0.2772318257274065, 0.08861757285796115], [0.04010696738636986, 0.43121660072676027, 0.48104572649739114, 0.04763070528947873], [0.03177130180281245, 0.7231862197409177, 0.18283290265478389, 0.06220957570148604], [0.03643388368633167, 0.6768601662148964, 0.23027249107204797, 0.056433458926723974], [0.06250351387408548, 0.13441030191107836, 0.6825891048962585, 0.12049707921857765], [0.032850084184181054, 0.09505926425770266, 0.8212080902980148, 0.05088256116010153], [0.05811161239733888, 0.4716429464603524, 0.324131641401701, 0.14611379964060778], [0.04109168470714989, 0.31328955639697187, 0.6038777895101277, 0.04174096928575051], [0.021205984527866033, 0.7835069473088144, 0.12789084301856166, 0.06739622504475785], [0.013774345486427834, 0.8390739473328849, 0.10666537174510565, 0.04048633533558168], [0.11793447548315329, 0.24581215332550724, 0.3576469202946164, 0.2786064507967231], [0.05457322156623941, 0.14605003213036535, 0.7534184258648999, 0.04595832033849535], [0.10401258741694143, 0.21680468516538007, 0.27404852065394536, 0.4051342066637332], [0.06698073570842177, 0.18208423594211562, 0.7090163958298022, 0.04191863241966038], [0.04152769439024095, 0.7836461475119375, 0.1319778481280324, 0.042848309869789096], [0.026677156188269432, 0.8563543067008523, 0.08217310833037855, 0.03479542868049964], [0.19706195297264437, 0.2491256855309376, 0.37986650493121527, 0.17394585646520275], [0.15696677243382448, 0.20795913097858526, 0.5147048021863384, 0.12036929430125187], [0.17988031832743473, 0.24589387703621324, 0.2273982133131585, 0.3468275912231935], [0.18541674422728968, 0.31053880520495747, 0.37457609362312844, 0.1294683568446244], [0.1538291825549201, 0.3690508493694908, 0.3107585516035174, 0.16636141637207172], [0.19661794626103027, 0.4098221651932434, 0.26459063105689296, 0.12896925738883339]], "ideal": "D", "sampled": "D", "correct": true}}
{"type": "result", "data": {"idx": 12, "options": ["Forecasts can only be made for time-series data", "Mis-specified models are certain to produce inaccurate forecasts", "Structural forecasts are simpler to produce than those from time series models", "In-sample forecasting ability is a poor test of model adequacy"], "probs": [[0.032105579789652686, 0.6759290060697576, 0.01887514245204855, 0.2730902715885411], [0.06287244987778991, 0.5517218359032715, 0.30467356610262497, 0.0807321480163136], [0.17926789551271585, 0.15577065710997556, 0.2608387431116521, 0.4041227041656565], [0.04105882065464094, 0.048007649506469074, 0.7993251263145135, 0.11160840342437646], [0.026448856091117936, 0.8759608529940315, 0.04499118297004537, 0.052599107844805267], [0.018887086082585245, 0.8550191980287682, 0.020744340577435922, 0.10534937521121061], [0.4681556752181197, 0.27099097632585145, 0.017872484863542232, 0.24298086349248663], [0.19155060957616443, 0.3309862862049416, 0.38696896449378326, 0.09049413962511069], [0.4705729466557324, 0.12667645465553962, 0.04732884821072473, 0.3554217503780032], [0.27184918925203144, 0.1284281332428197, 0.47716835847446526, 0.1225543189306836], [0.18111577763173642, 0.575664703309076, 0.10647950399704546, 0.1367400149621421], [0.1858164525623702, 0.6588903025066288, 0.02554658827972589, 0.12974665655127507], [0.047563035567895866, 0.33541280402703116, 0.07252809485658025, 0.5444960654484927], [0.029278197390061374, 0.07361403166380952, 0.7205239458663759, 0.1765838249797532], [0.05009052678037089, 0.30691383894084123, 0.06954563097501389, 0.5734500032037739], [0.0674005736730562, 0.22450491449219673, 0.5219634693046464, 0.18613104243010065], [0.031327043075636773, 0.6392512988321264, 0.07515291952878754, 0.2542687384634493], [0.038072588608729065, 0.6963842381396251, 0.07812349276291489, 0.1874196803887309], [0.07165534128637067, 0.782592960919333, 0.050814841505439856, 0.09493685618885654], [0.26214715152208873, 0.5816824879966981, 0.02636822616575137, 0.12980213421546188], [0.2616482713802513, 0.2699694971465731, 0.3466739705852789, 0.12170826078789666], [0.43821696625191475, 0.3690722338908715, 0.02632036496126195, 0.16639043479595175], [0.5014938934022943, 0.16799775002723688, 0.18450638765439184, 0.14600196881607702], [0.5623002438318112, 0.18257113609234907, 0.08623785203436966, 0.16889076794147004]], "ideal": "D", "sampled": "D", "correct": true}}
{"type": "result", "data": {"idx": 13, "options": ["An AR and an MA model", "An AR and an ARMA model", "An MA and an ARMA model", "Different models from within the ARMA family"], "probs": [[0.19464070264574723, 0.7232240683585619, 0.0750449250741693, 0.007090303821521601], [0.12783032728844682, 0.8336569714554053, 0.03605882099037603, 0.0024538801657718306], [0.221068689812419, 0.4066091080983205, 0.3645172030510502, 0.0078049989382102825], [0.2757509488015968, 0.6312367548047791, 0.08542976030285193, 0.007582535990772146], [0.03415525003756034, 0.6444922769010906, 0.30444288647688095, 0.01690958648446813], [0.032325156150227165, 0.8208296328738169, 0.12392076894862315, 0.022924441927332687], [0.5647875992173212, 0.3646671684181398, 0.05953245953155704, 0.011012772732981874], [0.594429744526915, 0.36623454904605235, 0.037413802826066746, 0.001921903500965874], [0.4204669884121137, 0.3326207032224323, 0.23588028683309795, 0.011032021432356006], [0.5214074438041981, 0.39359371263002907, 0.07996597423229436, 0.005032869233478448], [0.17434853768259148, 0.757409473067279, 0.058404450890657954, 0.009837538259471555], [0.1598275983244407, 0.7745791951523587, 0.04951664602006857, 0.016076560403132004], [0.0704599524295055, 0.4183316851748264, 0.5046545656697285, 0.006553796625939581], [0.102697561646055, 0.7128945276303317, 0.174704558933272, 0.009703351690341328], [0.13666545146017434, 0.5238955132601261, 0.3278642962739567, 0.01157473890574292], [0.08998038866069158, 0.7417573535835337, 0.16294198184208264, 0.005320275813692134], [0.02807929791377016, 0.7356248038201676, 0.17201371809635732, 0.06428218006970488], [0.025600861087839134, 0.7251900840707225, 0.20137541959049712, 0.047833635150941196], [0.09838051818126899, 0.33281253835175967, 0.5574181519612699, 0.011388791405701447], [0.24484016089986183, 0.5103010553740068, 0.21273782926435467, 0.032120954361776685], [0.18832080660638087, 0.710753046059317, 0.0822775017363956, 0.018648645497906548], [0.19749240244173555, 0.7112336038811383, 0.06412178169835629, 0.02715221187876979], [0.16976336212200377, 0.611362418107132, 0.16200237517681962, 0.05687184449404462], [0.18175954979990325, 0.6053686792213524, 0.18177279693101886, 0.031098973947725515]], "ideal": "B", "sampled": "B", "correct": true}}
{"type": "result", "data": {"idx": 14, "options": ["A cyclical pattern in the residuals", "An alternating pattern in the residuals", "A complete randomness in the residuals", "Residuals that are all close to zero"], "probs": [[0.0029415273762018255, 0.9838362243548028, 0.007280247683092777, 0.005942000485902632], [0.002099995620431609, 0.9905063475617509, 0.003985052688662263, 0.0034086040291551965], [0.07333462793890368, 0.21892659690167612, 0.695767830179611, 0.011970944879809159], [0.10481890560119538, 0.8506405580558639, 0.01632771612734469, 0.028212820115596022], [0.030815203569218436, 0.0508025420509778, 0.9005489642578565, 0.017833290021947328], [0.3335863177509491, 0.41514865374853754, 0.11000485888488239, 0.14126016951563097], [0.0013755155704114174, 0.9588266813261358, 0.019898695679458647, 0.019899107323994126], [0.0010453760831712052, 0.9805736240706638, 0.008616767966704839, 0.009764231779460172], [0.009423923458335946, 0.06854946751045331, 0.9029916909786404, 0.019034917952570313], [0.043162331490199046, 0.6442670937529344, 0.031088614379589197, 0.2814819602772773], [0.0032394757570462316, 0.015944054846105966, 0.9561224281112091, 0.024694041185638754], [0.05407433312263505, 0.1317627337966034, 0.09055706784488997, 0.7236058651358716], [6.0599981713751185e-05, 0.9765027840200867, 0.02225704322821187, 0.0011795726699876004], [3.8064374273587884e-05, 0.9956404474537447, 0.001568571976597272, 0.002752916095384426], [0.00039397696948220067, 0.8458673104537232, 0.14930019825420474, 0.004438514222589839], [9.835916166756585e-05, 0.9765307013762785, 0.002785868034942443, 0.020585071327111428], [0.0003068452738814228, 0.0031475995529739276, 0.9736494399286686, 0.02289611514447602], [0.001048053850833537, 0.0064199415551497935, 0.8675542132733414, 0.12497779122067527], [6.464189076700026e-05, 0.8909510191019399, 0.10640258868476914, 0.0025817502225239774], [3.387759531874844e-05, 0.9885585366448782, 0.003621036455529024, 0.007786549204273947], [0.0001183471672416013, 0.7949724212832402, 0.20099061749721045, 0.0039186139523077635], [4.385512079415416e-05, 0.9735547748913547, 0.005879511499681897, 0.020521858388169247], [0.00023068651154367788, 0.00366504871468256, 0.9849907956311877, 0.011113469042586054], [0.0007967303409819756, 0.009705644346545734, 0.9300453601863246, 0.05945226502614774]], "ideal": "B", "sampled": "A", "correct": false}}
{"type": "result", "data": {"idx": 15, "options": ["(ii) and (iv) only", "(i) and (iii) only", "(i), (ii), and (iii) only", "(i), (ii), (iii), and (iv)"], "probs": [[0.0491739305025591, 0.4889507390872266, 0.3807990096546296, 0.08107632065558469], [0.030103920890174513, 0.39040335280535626, 0.5420283755798878, 0.037464350624581366], [0.03207636707899543, 0.6966507615814163, 0.21920733723255642, 0.0520655340070319], [0.029308326976174744, 0.5195166545514798, 0.4174420597350695, 0.033732958637276], [0.017018169258052208, 0.7703619641619314, 0.1858467767901025, 0.02677308968991395], [0.0178122030500998, 0.7574472186765301, 0.19758061437033494, 0.02715996380303516], [0.0485583004833677, 0.2666378428260191, 0.6009012706346201, 0.08390258595599309], [0.03727972384555008, 0.1670772694159519, 0.7606227311148918, 0.03502027552360628], [0.026965875481460504, 0.5948744072149625, 0.3134728488801275, 0.06468686832344948], [0.023659640027660623, 0.40648438207960397, 0.5385130267932553, 0.03134295099948013], [0.013377383325070932, 0.8148519976835716, 0.1507252749822712, 0.021045343909086273], [0.009602728657791652, 0.8644818147461311, 0.10651764382741745, 0.019397812668659878], [0.04120469684469309, 0.6055077088202124, 0.26042844872446613, 0.09285914551062836], [0.04565138233290425, 0.22824315044257024, 0.6921806724517571, 0.033924794672768495], [0.06997475548690833, 0.4220053867577747, 0.36665877447773915, 0.1413610831775778], [0.04628061926960767, 0.18885855585897726, 0.7240188201987044, 0.04084200457271065], [0.01723542799618695, 0.8435948758431301, 0.1196397367376134, 0.019529959323069557], [0.015145214301221281, 0.8941842333342471, 0.07454868419197645, 0.016121868072555088], [0.13716226559321118, 0.47132595490931783, 0.34484320233213595, 0.04666857706533508], [0.13822007026527638, 0.38163787838943425, 0.4392839499175204, 0.04085810132776893], [0.1571564376197061, 0.49170762295574255, 0.28458827731147646, 0.06654766201307485], [0.12902937155230235, 0.5265319680307413, 0.2862785937601751, 0.058160066556781194], [0.1071990826737765, 0.5276545999637375, 0.32508922346610125, 0.04005709379638466], [0.11284785620873287, 0.6100646994349722, 0.24267045833198986, 0.034416985924305046]], "ideal": "A", "sampled": "D", "correct": false}}
