{"type": "result", "data": {"idx": 0, "options": ["p = 4", "p = 8", "p = 12", "p = 24"], "probs": [[0.6041384383740264, 0.07680676188897996, 0.18425156311525837, 0.13480323652173531], [0.09582422315770948, 0.050494978180880674, 0.8149645620155254, 0.038716236545884436], [0.45952611231050655, 0.06724283399100964, 0.28756339640558337, 0.18566765719290043], [0.023914910226887715, 0.01669501655804638, 0.9404720417836685, 0.018918031331397422], [0.30741318255609146, 0.5743205396992692, 0.058671148820694595, 0.05959512882394475], [0.341603281624752, 0.6089720174729715, 0.01957559786225005, 0.029849102940026486], [0.34232195698292195, 0.1832295926740881, 0.27939498005405117, 0.1950534701889388], [0.10576243736938908, 0.09935303813474644, 0.7457004812571527, 0.04918404313871178], [0.12212524607348059, 0.04708283039114982, 0.6811600948232239, 0.14963182861214572], [0.024340982525670102, 0.019866177033155644, 0.9277768367284477, 0.028016003612726603], [0.15295871805809608, 0.7412145595030128, 0.04592687550609105, 0.059899846832800065], [0.14437731722549788, 0.7683941520773415, 0.02112729419597167, 0.06610123640118895], [0.09357848740652687, 0.4678606007043561, 0.19201029751680498, 0.24655061427231204], [0.04778803051756951, 0.17755180163704867, 0.7132991380752576, 0.06136102967012423], [0.11236786012443874, 0.054763242188854054, 0.5796391324146173, 0.25322976517208995], [0.021980312415371187, 0.021639185709328226, 0.9201413683462955, 0.03623913342900517], [0.038961314459299186, 0.914906162796261, 0.014333179512797795, 0.03179934313164197], [0.03783346476135359, 0.9166234754843688, 0.012672742968020491, 0.032870316686257124], [0.3341814030995779, 0.29491043527322003, 0.22261318893908347, 0.14829497258811863], [0.451678736512755, 0.3104307445701692, 0.14894828642751273, 0.08894223238956307], [0.2352122296094456, 0.43261708515677727, 0.21753605549734875, 0.11463462963642837], [0.2533268407725339, 0.43091864673712027, 0.14434142839482722, 0.1714130839955186], [0.3471516473885417, 0.21387154499155017, 0.3695415666193244, 0.06943524090058371], [0.4325282669945024, 0.25032562574458916, 0.20431225456442334, 0.11283385259648507]], "ideal": "C", "sampled": "D", "correct": false}}
{"type": "result", "data": {"idx": 1, "options": ["5", "7", "8", "9"], "probs": [[0.054705991520388166, 0.6359030508969646, 0.25294869758715915, 0.05644225989548806], [0.05498661575264127, 0.6492327571985724, 0.23149450552187262, 0.06428612142691366], [0.045502883124314525, 0.7007143601180903, 0.22049233643729443, 0.03329042022030074], [0.044127271725633625, 0.7944499460601202, 0.133808795113376, 0.02761398700087015], [0.07529124616823686, 0.3219586014425661, 0.5226031541301738, 0.08014699815902326], [0.07616002622558202, 0.42475795609593836, 0.4521616404010799, 0.04692037717739969], [0.0427707693631444, 0.8326018436303328, 0.10100741664612627, 0.023619970260396493], [0.04259565527715301, 0.8689871542831076, 0.06597103263857855, 0.022446157701160825], [0.051391658011061846, 0.5190046487118379, 0.39794257723966814, 0.031661115937432094], [0.051886095431784615, 0.6420043562752761, 0.21504787617899512, 0.0910616720139442], [0.0607994553147714, 0.36664380526918, 0.525206490547395, 0.047350248768653576], [0.05713355710929181, 0.3610662627176859, 0.4783465110284521, 0.1034536690445702], [0.039767349293857765, 0.798703576600063, 0.1366438210939171, 0.024885252912162183], [0.03893932765044907, 0.8589384698948493, 0.08372894069005792, 0.01839326166464365], [0.05457104989495926, 0.4498090062554934, 0.4714045761718802, 0.024215367577667107], [0.04982601496759246, 0.5882859847415026, 0.28226760132122986, 0.07962039886967505], [0.06450208227807422, 0.3770016999389102, 0.5234277804907179, 0.035068437192297595], [0.06038494847541265, 0.39993048157191236, 0.4531887819893701, 0.08649578786330488], [0.047100274481399, 0.6920937063944848, 0.22469344414650144, 0.036112574877614746], [0.043886379792750486, 0.74223824698143, 0.1876700430741818, 0.02620533005163767], [0.04194784153681939, 0.5974270751588031, 0.329935490741297, 0.03068959246308046], [0.03649911093724028, 0.6368962193517251, 0.24174247909007993, 0.08486219052095462], [0.048225644162632725, 0.6553797611340819, 0.2775093270233225, 0.018885267579962867], [0.04186575703404324, 0.7192183464337519, 0.18762134804856068, 0.05129454838364418]], "ideal": "C", "sampled": "A", "correct": false}}
{"type": "result", "data": {"idx": 2, "options": ["1 over 5", "\u22125", "\u22121 over 5", "5"], "probs": [[0.08237660544112634, 0.7342176983678526, 0.11617120474690813, 0.06723449134411295], [0.10185635102686597, 0.7181671796145492, 0.08577330303625613, 0.0942031662223286], [0.16005459068991537, 0.6330352276961372, 0.14802881631468942, 0.058881365199258004], [0.1841790653414255, 0.684321160888677, 0.04584696834011039, 0.08565280532978714], [0.06749801880942272, 0.583093625752623, 0.31702267175655297, 0.03238568358140135], [0.06750618590291342, 0.5227418482964569, 0.37068250357360416, 0.03906946212702561], [0.43431065291127124, 0.4144194798952822, 0.09690874249466634, 0.05436112459878019], [0.4544696594035205, 0.4137990253339979, 0.07304090396778228, 0.05869041119469925], [0.15252935063846743, 0.7391357275371128, 0.06663561064885731, 0.041699311075562476], [0.15117309760767814, 0.7558219319448745, 0.04831820281382709, 0.044686767533620365], [0.595478878956817, 0.3340294286119077, 0.050431436658120235, 0.020060255673155104], [0.3580885853862941, 0.3260341012601416, 0.2922593078638365, 0.023618005389727727], [0.49223275913011544, 0.3330603073842552, 0.15732892471451476, 0.01737800867111461], [0.5603769367737989, 0.37329364454602537, 0.037543766107894894, 0.028785652472280918], [0.4528423794706053, 0.41231429111953505, 0.1058937820772681, 0.028949547232591546], [0.551122369315017, 0.3342718259214675, 0.08584994291213814, 0.02875586175137737], [0.36675322598654014, 0.44935107896231913, 0.15773998434366895, 0.026155710607471804], [0.4328097060774054, 0.35324595901814, 0.2012767899346615, 0.012667544869793095], [0.2779659105028949, 0.45118270496341434, 0.22687054269762258, 0.04398084173606817], [0.2351020880994447, 0.39371993793692456, 0.2971991201550003, 0.07397885370863047], [0.08277297358319458, 0.8102640840826726, 0.07191480245117984, 0.035048139782952965], [0.07075631004528031, 0.7146130336593182, 0.18068184293269765, 0.03394881326270387], [0.04114899350069255, 0.8661813606024652, 0.04886671082385406, 0.0438029349729882], [0.032232053934898, 0.8849120238087397, 0.04689845867245069, 0.03595746348391162]], "ideal": "D", "sampled": "C", "correct": false}}
{"type": "result", "data": {"idx": 3, "options": ["4", "5", "6", "7"], "probs": [[0.22526767511994508, 0.34886583162535684, 0.28923198146860324, 0.13663451168609483], [0.17109873634208797, 0.3678903524524089, 0.30027362253831735, 0.16073728856718572], [0.22667297211988816, 0.41041027578160716, 0.24893585778662014, 0.11398089421188452], [0.15297023722534175, 0.43574025573336395, 0.22962499810507916, 0.18166450883621515], [0.1896206133933977, 0.4841782947446423, 0.20184098017990704, 0.124360111582053], [0.13906089960138168, 0.5007484554743697, 0.187119796853427, 0.1730708479708216], [0.15155289253058468, 0.4250068258072183, 0.28758550972978136, 0.1358547718324156], [0.12640738297617898, 0.40802329166588946, 0.3177796554578507, 0.14778966980008082], [0.19443247299730973, 0.34121001780227145, 0.33072344450991514, 0.13363406459050367], [0.16181872542344522, 0.31680094720532054, 0.316812272087658, 0.2045680551835762], [0.1554302056531058, 0.36136056353886814, 0.30430455632573633, 0.17890467438228977], [0.17061885208029598, 0.3726432434139508, 0.24439135919723862, 0.2123465452085146], [0.2684333702186542, 0.4222697443024171, 0.20580502465708428, 0.10349186072184442], [0.21553394883451915, 0.42861391493065404, 0.23304057740918765, 0.12281155872563912], [0.3009518294941885, 0.3687048742192375, 0.20683109141811426, 0.12351220476845971], [0.2368492860304111, 0.35553153286205236, 0.2683781007147244, 0.13924108029281212], [0.30029384041600765, 0.23753480331200233, 0.3246821816922752, 0.13748917447971484], [0.3638741075433864, 0.2172646493254064, 0.29697540945771755, 0.12188583357348969], [0.11080051131924798, 0.545345027292, 0.20378632813246209, 0.14006813315628994], [0.10959097578635173, 0.5565184271297878, 0.18641541618605809, 0.14747518079780236], [0.1328487008460547, 0.35549877679512826, 0.2856602200130169, 0.22599230224580016], [0.18921073987364007, 0.38821282400461915, 0.23917933939718536, 0.1833970966245554], [0.1969096125356812, 0.24890184777414953, 0.3510201118079425, 0.20316842778222674], [0.24543917908119028, 0.26536790324680437, 0.31514365417022133, 0.17404926340178403]], "ideal": "B", "sampled": "A", "correct": false}}
{"type": "result", "data": {"idx": 4, "options": ["4t = 112; $448", "4t = 112; $28", "t over 4 = 112; $448", "t over 4 = 112; $28"], "probs": [[0.0871338099154123, 0.1994430422583455, 0.6747568845074144, 0.03866626321882777], [0.0834720115994187, 0.21314487872797683, 0.666916236209125, 0.03646687336347945], [0.05762566417118433, 0.8207501340535339, 0.093537898123028, 0.02808630355225374], [0.054122164033571306, 0.669717122998662, 0.19490582948604493, 0.08125488338172174], [0.09716006382462837, 0.2223947072935067, 0.6435663606882764, 0.036878868093588466], [0.061401203203093356, 0.19512332646822714, 0.6811048197723696, 0.062370650456309906], [0.12605311163078523, 0.27965075191518735, 0.446910447536577, 0.1473856888174504], [0.06997880534441232, 0.09416225814703587, 0.8134928572154022, 0.022366079193149542], [0.12886048852108764, 0.4225081502968758, 0.3558076917769345, 0.0928236693051021], [0.06657337992926186, 0.14539986522383153, 0.7500951121721198, 0.03793164257478686], [0.07187225857606423, 0.8893856368714936, 0.031399619185249666, 0.007342485267192406], [0.07184034531709127, 0.7369816843653225, 0.15448358538331813, 0.036694384834268026], [0.06162069691384021, 0.6835111924060797, 0.16235445317228483, 0.09251365740779523], [0.07204783277698106, 0.7507549672118112, 0.12844330795652867, 0.048753891954679045], [0.09521502610144895, 0.2978927603771206, 0.5228582814877758, 0.08403393193365466], [0.049727551428558725, 0.15079097025461743, 0.7658342068280735, 0.033647271388750316], [0.09925093759630738, 0.25742677522851964, 0.5985849655197062, 0.04473732155546674], [0.10769621321858937, 0.2881995748000714, 0.5555598755949984, 0.04854433628634078], [0.09492644704477078, 0.39344519421657415, 0.4600152924185459, 0.05161306622010916], [0.11726942919369283, 0.49371425415960135, 0.290255046389024, 0.09876127015768185], [0.06633415183694302, 0.8737942722015771, 0.03899762844459151, 0.0208739474168883], [0.0740293768619343, 0.8878971726700975, 0.02598800635664668, 0.01208544401132151], [0.16790520278567395, 0.3667262630813509, 0.3499567340693372, 0.11541179996363796], [0.1920113826804901, 0.258369967814475, 0.5219562960315107, 0.027662353373524167]], "ideal": "B", "sampled": "D", "correct": false}}
{"type": "result", "data": {"idx": 5, "options": ["9", "11", "26", "32"], "probs": [[0.08351674675106299, 0.20034469662093385, 0.6569158434210943, 0.059222713106908846], [0.08863363546190896, 0.19359147835213406, 0.6549238063473803, 0.0628510797385766], [0.07005468676967704, 0.48627426672027957, 0.3846784488694315, 0.05899259754061191], [0.06338885236973911, 0.394416678078767, 0.4757628596616013, 0.06643160978989252], [0.08497394303969878, 0.4889889176822626, 0.35220952506531106, 0.07382761411272758], [0.07217917275774934, 0.40892061044183703, 0.4561892125263127, 0.06271100417410091], [0.08410305403668493, 0.2049277096047557, 0.6615273853247341, 0.04944185093382523], [0.08748544910145363, 0.18520429976787814, 0.6774624727200343, 0.04984777831063382], [0.06284573439454903, 0.5180409953209907, 0.3731340030530234, 0.04597926713143692], [0.07351566433986481, 0.38519247104216264, 0.4793849205216417, 0.06190694399633082], [0.08658109507684622, 0.5060830059206706, 0.3478290399431285, 0.05950685895935464], [0.08718415024063798, 0.3907299193822303, 0.46400825436212806, 0.05807767591500368], [0.3223013305513224, 0.18653164941093373, 0.4203654558563486, 0.07080156408139528], [0.21899999675944917, 0.17055545745574566, 0.5505725740835841, 0.059871971601221055], [0.3081205051179338, 0.27191283080632583, 0.360233678175233, 0.059732985800507385], [0.24054502127555372, 0.21901679199991522, 0.4859194493248876, 0.054518737299643454], [0.285711344835149, 0.2601413995496656, 0.4029212250576187, 0.051226030457566754], [0.30818963162569973, 0.2362955817205927, 0.401958645847323, 0.05355614070638457], [0.2380164308004589, 0.22711411591073147, 0.4587936195811663, 0.07607583360764329], [0.17721907528626363, 0.2071878580960889, 0.563206723824347, 0.052386342693300524], [0.22491430563721082, 0.29796006384611573, 0.4136847431936014, 0.06344088722307206], [0.19034220561039836, 0.25613124534075465, 0.5014893690542094, 0.05203717989463761], [0.1614914357222908, 0.4897147027339071, 0.321165764277987, 0.027628097165815078], [0.17998180559191504, 0.4595977396552911, 0.3310390303538208, 0.029381424298972995]], "ideal": "C", "sampled": "C", "correct": true}}
{"type": "result", "data": {"idx": 6, "options": ["1.1 over 11", "11 over 11", "12 over 11", "11 over 12"], "probs": [[0.5052998943847953, 0.3997260257048917, 0.05081986174335234, 0.04415421806696063], [0.4901929314617521, 0.393881425450044, 0.07173178077025956, 0.04419386221794433], [0.36257359103016207, 0.1442209291478514, 0.4512338079980144, 0.041971671723972134], [0.3998283356066688, 0.16408836473176291, 0.3697834229892983, 0.06629987657227], [0.35286088371596697, 0.3314808456930221, 0.27481062445920185, 0.040847646031809064], [0.5317271272049027, 0.35420697396123385, 0.06760223108446745, 0.04646366764939606], [0.01543751061064467, 0.869622332162211, 0.05388262383277606, 0.061057533294368284], [0.021655545443200107, 0.8254230329099038, 0.08301498304278185, 0.06990643850411418], [0.0381740342988355, 0.0735818467538043, 0.8035505652682273, 0.08469355357913283], [0.061894211681352285, 0.1351887429549631, 0.6759149406326603, 0.12700210463102427], [0.04402237708401364, 0.10076745485884205, 0.7803247483003105, 0.07488541965683382], [0.0942078190556813, 0.3339959531392266, 0.384430689277173, 0.1873655384279191], [0.00551880123172297, 0.9137383413066505, 0.023235146743793043, 0.05750771061783339], [0.007341757320265362, 0.8893244745712419, 0.025625398045864813, 0.07770836996262795], [0.029625341955411444, 0.8261379187354857, 0.08053079426669714, 0.06370594494240574], [0.03700054794930302, 0.8035730901037513, 0.0649388942370864, 0.09448746760985918], [0.03206840541663608, 0.6645610356581281, 0.20911374763958301, 0.09425681118565285], [0.031067431664357447, 0.6747166068486417, 0.17878245215079022, 0.11543350923621062], [0.004525162270696236, 0.932421765292467, 0.018756391376156378, 0.04429668096068042], [0.003948193076684493, 0.9363747405590727, 0.013780634272187751, 0.04589643199205506], [0.012739831746546287, 0.8931356187984337, 0.05363705078620415, 0.040487498568815804], [0.010504364690430963, 0.9164864395802695, 0.02367217427445007, 0.04933702135484937], [0.038614277928719125, 0.10661704122286766, 0.7635726415932009, 0.09119603915521231], [0.05992743022113579, 0.2523036608305981, 0.5685848018278254, 0.11918410702044063]], "ideal": "C", "sampled": "A", "correct": false}}
{"type": "result", "data": {"idx": 7, "options": ["3.6", "36", "0.01272", "12.72"], "probs": [[0.29524485373691883, 0.06188616759032172, 0.6348771092732576, 0.007991869299501787], [0.6041990152628014, 0.0792528644584657, 0.3038109060596914, 0.012737214119041461], [0.0765796477978878, 0.9042274966009073, 0.012501401022133419, 0.006691454479071453], [0.16177233975222938, 0.7598042943503428, 0.06957759778616857, 0.008845768011259213], [0.750339557802937, 0.12248864609003704, 0.10979901854975536, 0.01737277745727052], [0.20867041337715458, 0.07920155330432911, 0.7059244803140998, 0.006203552904416517], [0.14398919272455904, 0.13526424978391113, 0.7087411395949301, 0.012005417796599707], [0.2869143044671253, 0.2695280756835714, 0.4240328600149375, 0.019524759734365724], [0.009339933308788512, 0.967703047021481, 0.012373500536933455, 0.010583519032796994], [0.018090649224380764, 0.8993248335570542, 0.06827365148529994, 0.014310865633265168], [0.03970728197605894, 0.8358190737163609, 0.10963606904470116, 0.014837575162879067], [0.04268971401989481, 0.3925648876111398, 0.5536091850977652, 0.01113621317120015], [0.960768908237786, 0.017874156856440438, 0.011012099776442687, 0.010344835029330788], [0.83041050449977, 0.0293167833153976, 0.13556104834325172, 0.004711663741580628], [0.9516065549661017, 0.01562343412517301, 0.021691264707802006, 0.011078746100923293], [0.6898359967237108, 0.0259246260435886, 0.27871967618165255, 0.0055197009510480075], [0.4271466592699307, 0.5399612984996979, 0.017088194081273798, 0.01580384804909769], [0.44041912772995195, 0.5396097548147084, 0.009284672750115424, 0.010686444605224148], [0.43736274349377147, 0.21991773602902337, 0.1767113410269736, 0.16600817935023154], [0.09882976228814597, 0.08066172245853631, 0.814665386542532, 0.005843128610785777], [0.2843385913360497, 0.10297967415778456, 0.5312166173879319, 0.0814651170182338], [0.06330653202740251, 0.04283489234610185, 0.8876876126646496, 0.00617096286184609], [0.016963123832698674, 0.9555548633423967, 0.013419100275522247, 0.014062912449382363], [0.012975402549695461, 0.9683122913480823, 0.00891797549603477, 0.00979433050618748]], "ideal": "B", "sampled": "C", "correct": false}}
{"type": "result", "data": {"idx": 8, "options": ["159.26", "2.224", "14,111", "126.26"], "probs": [[0.8126571932607728, 0.11525807753954445, 0.06169370309351334, 0.010391026006169448], [0.6779399570344634, 0.09615080138205839, 0.21668176532431493, 0.009227476159163278], [0.2861929460948964, 0.06385738235445382, 0.6449479291888021, 0.005001742261847629], [0.3119831723070304, 0.06961169187156022, 0.6108351431708053, 0.007569992550604111], [0.32360313243544414, 0.6237572605216339, 0.04661925639358534, 0.006020350549336603], [0.2651984090985985, 0.7097038614394277, 0.02143126349914272, 0.0036664658628311015], [0.062836582547112, 0.8810924055738927, 0.045972185226008225, 0.010098826552987113], [0.0922856171453963, 0.5067444386562849, 0.3825115816377002, 0.01845836246061856], [0.07595301399838095, 0.11581317659443392, 0.7552096679399403, 0.05302414136724482], [0.03533074421346072, 0.056457445379962605, 0.8831587502574656, 0.02505306004911112], [0.04276070059866176, 0.7943235845267594, 0.149248540636213, 0.01366717413836576], [0.02963026903831573, 0.9362857664726818, 0.029170786099867656, 0.004913178289134764], [0.016354998049776744, 0.14576922060180414, 0.8004386484182017, 0.03743713283021739], [0.02038061238479726, 0.14825724008591104, 0.7768205970612421, 0.05454155036804959], [0.005281456355371612, 0.7961786012110832, 0.17765136391164257, 0.020888578421902594], [0.005576652558070839, 0.6969455002804024, 0.28159148550852214, 0.01588636155300461], [0.007232959711587422, 0.7731863612338076, 0.19549129303366192, 0.02408938592094307], [0.006130637457336061, 0.7310946371670313, 0.2487416249021826, 0.014033100373450088], [0.7539852726928088, 0.19363745711456554, 0.047453242463078124, 0.0049240276295475435], [0.797673555278229, 0.17522391067267842, 0.024087605159869716, 0.003014928789222778], [0.8503435041293083, 0.07547127050557449, 0.0687180192446759, 0.0054672060204413305], [0.9145901674581016, 0.0632182756916319, 0.019280610949469857, 0.002910945800796635], [0.8244357089049998, 0.06066143497995375, 0.10984496745615552, 0.005057888558890849], [0.6958822087205322, 0.06472626589123834, 0.23676134364165377, 0.002630181646575694]], "ideal": "D", "sampled": "D", "correct": true}}
{"type": "result", "data": {"idx": 9, "options": ["0.72", "0.702", "10.0571", "7.2"], "probs": [[0.08348431989403689, 0.8300782990142985, 0.07842576276493096, 0.008011618226733666], [0.07997701584415985, 0.8598296929724006, 0.041491703585950834, 0.01870158749748867], [0.12759106090445776, 0.6790490671506958, 0.17439529066474516, 0.01896458118010134], [0.1344889697773209, 0.738482593040672, 0.0983941627597871, 0.028634274322220002], [0.08171108181603289, 0.18127996812557426, 0.7169852691845668, 0.020023680773825978], [0.21623095686613, 0.4872697252428646, 0.28201308607272924, 0.014486231718276132], [0.6809860743114482, 0.14727098344869416, 0.16429524787627367, 0.00744769426358399], [0.7421784858002695, 0.15078155414031713, 0.07122571632996003, 0.03581424362945333], [0.28740792285948175, 0.6084399569437943, 0.07981120467161511, 0.024340915425108873], [0.34755553041565385, 0.5912108033919052, 0.03720964995210184, 0.024024016140339013], [0.6840295714495686, 0.09402990980217671, 0.18994815433418993, 0.031992364314064825], [0.5132425293085167, 0.09346673392960386, 0.38140778735245445, 0.01188294930942496], [0.40365107818182033, 0.15320635582346478, 0.41000889733102014, 0.033133668563694756], [0.48224390013381935, 0.18303630289650863, 0.2663216153694256, 0.06839818150024642], [0.3459765042463905, 0.5033914483832944, 0.1105817042968981, 0.040050342973417016], [0.3120471618173781, 0.5829793962285166, 0.06339676097808604, 0.04157668087601923], [0.576946288577321, 0.16529602672795668, 0.18440487450628787, 0.07335281008843442], [0.41166829752032746, 0.1743083732079871, 0.36329561197629806, 0.050727717195387385], [0.08660389743230039, 0.20452697920279608, 0.68118943931115, 0.02767968395375356], [0.1507161304417375, 0.6754510007257629, 0.15794772378855165, 0.01588514494394789], [0.07464731839647049, 0.7422175019570858, 0.16304431003705774, 0.02009086950938596], [0.07536852036132984, 0.6717446157965992, 0.23580529273267567, 0.017081571009395283], [0.07344055714914358, 0.7895627992491586, 0.10685644744227915, 0.030140196059418693], [0.07110845296863913, 0.7644883989523292, 0.13284875451189976, 0.03155439346713188]], "ideal": "D", "sampled": "B", "correct": false}}
{"type": "result", "data": {"idx": 10, "options": ["150 + 400 + 200", "200 + 400 + 200", "200 + 450 + 200", "200 + 500 + 200"], "probs": [[0.09762175507027525, 0.5796175827493597, 0.2653692792415574, 0.05739138283880764], [0.10252150395687076, 0.6379211831461659, 0.21036485306773323, 0.04919245972923012], [0.11432346381308806, 0.5897382120845893, 0.21358979541869627, 0.08234852858362629], [0.10789197883219902, 0.6112606042619594, 0.2248712223705641, 0.05597619443527748], [0.14400751887311908, 0.5105598568405761, 0.26077035066857934, 0.08466227351772548], [0.139247946615483, 0.4860305532162095, 0.3089422124121931, 0.06577928765611434], [0.18049357011948008, 0.4262747624937627, 0.3118726428983907, 0.0813590243883665], [0.20802553460958997, 0.49129689832997786, 0.23207457880011859, 0.0686029881603136], [0.06118076529828124, 0.781122488127265, 0.11078636099512851, 0.046910385479325224], [0.05315955299558437, 0.7454166259864583, 0.15870764305838203, 0.04271617785957527], [0.08971260754500573, 0.7167727564086814, 0.13467739922480276, 0.05883723672151004], [0.08182790403907964, 0.6436395264248482, 0.21559182530097357, 0.0589407441350986], [0.2238254231120768, 0.4247520845143365, 0.2536345829088237, 0.09778790936476305], [0.23552247793241363, 0.4331972260755564, 0.2668886045480275, 0.06439169134400248], [0.08728347847905352, 0.754029881193782, 0.11745544696848417, 0.04123119325868033], [0.07429313714277738, 0.7387138659417556, 0.1524423819064821, 0.03455061490898493], [0.0734238899986556, 0.7651125733427724, 0.11551442813751592, 0.04594910842105606], [0.07526004610143235, 0.7367310680170597, 0.13628143748580934, 0.05172744829569861], [0.17759165827613096, 0.4464718567309293, 0.2837977812825131, 0.09213870361042659], [0.17552780972507817, 0.39556279479807654, 0.36016821589319176, 0.06874117948365355], [0.07053107626855913, 0.7465396566330356, 0.1380955546069547, 0.044833712391450585], [0.06158433418066989, 0.6831233017233007, 0.21162107576995678, 0.04367128822607261], [0.04356308507458436, 0.8219916544109953, 0.10450404531008874, 0.029941215104331582], [0.04472379502604164, 0.792764743894609, 0.12543309060731742, 0.03707837037203192]], "ideal": "C", "sampled": "C", "correct": true}}
{"type": "result", "data": {"idx": 11, "options": ["21", "7", "1", "None of these"], "probs": [[0.011748867131380833, 0.3770955211115828, 0.47669734841485983, 0.13445826324217655], [0.00383947169740089, 0.17930058857399087, 0.7548958510986599, 0.06196408852994842], [0.018321071023014973, 0.48749968949486633, 0.3566710690425295, 0.1375081703395892], [0.012055739938837814, 0.4968422128782863, 0.41839740299566963, 0.0727046440872063], [0.004876873396296538, 0.7949279016449046, 0.06838363978359208, 0.13181158507520677], [0.008932102961129942, 0.5791302036903012, 0.12524565434877963, 0.2866920388997892], [0.08002752616390962, 0.3422285553889038, 0.5468910712853235, 0.03085284706186306], [0.026262746558652156, 0.1712497882944225, 0.7918767758661946, 0.010610689180730689], [0.04209258842185303, 0.9141442911030289, 0.026756275841246804, 0.017006844533871315], [0.027552233285378647, 0.6995502403516993, 0.2697081975387922, 0.0031893287241297557], [0.011995836063376664, 0.9381724983336354, 0.032103178131450485, 0.017728487371537444], [0.025984815960183844, 0.7958272605804927, 0.15917722701354114, 0.019010696345782268], [0.2907487413994383, 0.17912229315340755, 0.48691344593693575, 0.04321551941021845], [0.1270798567594942, 0.13956729780373492, 0.7199590057913184, 0.013393839545452388], [0.1717543525037813, 0.5901789996847865, 0.16646925359182183, 0.07159739411961043], [0.05259300478588226, 0.3122535397063775, 0.6209985711521436, 0.014154884255596589], [0.06497340866556972, 0.8425872607554022, 0.0530308316493554, 0.03940849882967258], [0.06355089220134998, 0.8113584509158553, 0.10477864705627571, 0.020312009726518986], [0.01722628282632306, 0.0748277096902203, 0.5034281704709942, 0.40451783691246246], [0.014380644462531973, 0.05178725113744816, 0.42688344077559515, 0.5069486635244247], [0.032133433844909035, 0.30487409117423747, 0.27759230030684223, 0.38540017457401127], [0.02626705688722712, 0.19714375939914716, 0.5794430102262305, 0.1971461733873952], [0.03501352177537388, 0.5563294700462406, 0.10617816836217897, 0.30247883971620665], [0.020898113764714826, 0.4068300569577693, 0.4756398964889763, 0.09663193268853953]], "ideal": "D", "sampled": "D", "correct": true}}
{"type": "result", "data": {"idx": 12, "options": ["8", "9", "49", "63"], "probs": [[0.043566932340731515, 0.4264593616455515, 0.4757540178880231, 0.05421968802569389], [0.04863781825755885, 0.4201507567300872, 0.4760983326773649, 0.05511309223498896], [0.07518637162755204, 0.6295136226358109, 0.2504041735223933, 0.04489583211424377], [0.07593725385081822, 0.46515753999482556, 0.4169689994091133, 0.041936206645242884], [0.07196355851642888, 0.6617474181129155, 0.23229616166811362, 0.03399286160254205], [0.06004741265945971, 0.5351814230436387, 0.37361930208714217, 0.03115186210975943], [0.03941258699620703, 0.7095882137247281, 0.2198214183567863, 0.031177780822278532], [0.04354990751261027, 0.7251508410797076, 0.20136818775343815, 0.029931063554243957], [0.098258685611963, 0.6508049038849176, 0.2080103392993286, 0.04292607110379075], [0.08301778136853691, 0.5165421366175047, 0.36060777302950625, 0.03983230888445213], [0.11386123552959775, 0.6350520990538059, 0.2194687325914244, 0.031617932725171966], [0.08196605649553824, 0.5261872947488478, 0.3560384471801196, 0.03580820147549427], [0.05145370989720042, 0.6366915604227472, 0.22702138409523295, 0.08483334548481937], [0.05833967821053707, 0.480884078047537, 0.3986741081222391, 0.06210213551968681], [0.040607959330550794, 0.7311121875144494, 0.15811504539842056, 0.07016480765657926], [0.04166987801816076, 0.5934774058803352, 0.3078965143336941, 0.05695620166780994], [0.06124885896543888, 0.6900771002497705, 0.21377546286771773, 0.03489857781707279], [0.04873978364255814, 0.7389534142580527, 0.17551602486820725, 0.03679077713118189], [0.1611432468985536, 0.5894233119514497, 0.21347751198386616, 0.03595592906613048], [0.13518601125820728, 0.46451873745800526, 0.3732564004912535, 0.027038850692533884], [0.1682490209098586, 0.5022862999447676, 0.2952828020967958, 0.034181876948577994], [0.11526761819088069, 0.3960759297055756, 0.44882091373759997, 0.03983553826594374], [0.07055061103550232, 0.7948812852566276, 0.12000919303658227, 0.014558910571287774], [0.05535438376519389, 0.8262294072503351, 0.09867898539232664, 0.01973722349214438]], "ideal": "A", "sampled": "D", "correct": false}}
{"type": "result", "data": {"idx": 13, "options": ["6", "11", "8", "5"], "probs": [[0.223403533303828, 0.3569964547917086, 0.3514651734357941, 0.06813483836866933], [0.21716509595453862, 0.25788882180042455, 0.4597408438778566, 0.06520523826718026], [0.05554812856329639, 0.09597771113267414, 0.7911628071311231, 0.05731135307290635], [0.16868597267371369, 0.17956395445458542, 0.5445260404995941, 0.10722403227210688], [0.10599717254648114, 0.14263369303319187, 0.7020758927958327, 0.049293241524494276], [0.21373137192581487, 0.23843253435991463, 0.4119787689041752, 0.13585732471009535], [0.092875115725247, 0.471655407412939, 0.3560285561646192, 0.07944092059719479], [0.0858248306160536, 0.3670234627893944, 0.46396693713572007, 0.08318476935883191], [0.10188352453384061, 0.5422345672163793, 0.26017038460928926, 0.09571152354049081], [0.09976750910323776, 0.5066579353306602, 0.3121462026456984, 0.08142835282040366], [0.07223607284515386, 0.5254777982590313, 0.3137801476272173, 0.08850598116859751], [0.07692744467491365, 0.5509294784869745, 0.3042545570985023, 0.06788851963960958], [0.0390874281826484, 0.1364273824992179, 0.7491422611790439, 0.07534292803908976], [0.07622166551882009, 0.23477744529036085, 0.5374151347617919, 0.15158575432902713], [0.07393338695770385, 0.5212780353191319, 0.27902258063348206, 0.12576599698968222], [0.06712661532848474, 0.4048231451220596, 0.4377211234045151, 0.09032911604494061], [0.080158973033734, 0.32202494861001296, 0.37648797872968615, 0.22132809952656687], [0.043631032117987155, 0.19553914849516546, 0.6932528612248839, 0.06757695806196343], [0.033805701248586284, 0.08366934798437088, 0.8063425866761877, 0.07618236399085512], [0.06630882817764082, 0.15417160551709805, 0.5551970169941808, 0.2243225492110803], [0.0999955594437, 0.31778411968058146, 0.4412026071824069, 0.1410177135933116], [0.08621559805100872, 0.3573525462599402, 0.4660781601247913, 0.09035369546425981], [0.07620623472953804, 0.24218145144270775, 0.43173813730365446, 0.24987417642409976], [0.037766717370548125, 0.14031925796059272, 0.7468059658257405, 0.07510805874311861]], "ideal": "A", "sampled": "B", "correct": false}}
{"type": "result", "data": {"idx": 14, "options": ["10 bars of soap for $23.20", "16 bars of soap for $36.48", "13 bars of soap for $29.51", "12 bars of soap for $27.60"], "probs": [[0.14244570473404491, 0.31112758712909844, 0.43196751613920426, 0.11445919189765234], [0.13287384910868638, 0.2368706962513255, 0.5014687252991441, 0.12878672924084397], [0.14070346321084148, 0.21121874995419807, 0.49111030285616675, 0.15696748387879367], [0.11746882163606454, 0.12310494011389117, 0.6154996293651893, 0.14392660878485497], [0.1178791163653807, 0.11787713451079447, 0.6080773329184342, 0.15616641610539056], [0.14428198536246759, 0.15600364003973063, 0.5115323204900807, 0.18818205400772106], [0.1960282714162459, 0.3605483364534934, 0.33346026138725376, 0.10996313064300699], [0.18079232359543074, 0.3377616552181297, 0.37681044440030953, 0.10463557668613005], [0.22821348093294272, 0.30709321218916114, 0.35346959091077873, 0.11122371586711738], [0.2533315457646767, 0.2782293599301904, 0.39237458094569144, 0.07606451325944145], [0.23301305742515505, 0.26403687385201846, 0.3782249531600499, 0.1247251154627766], [0.23234927132601774, 0.21827022241249502, 0.4478732246933063, 0.10150728146818093], [0.15502806352826534, 0.20219313058156968, 0.5411083222632284, 0.10167048352693657], [0.15115771960955676, 0.2034033059363317, 0.5034383459863534, 0.14200062836775812], [0.15964522480425522, 0.1837488208900279, 0.5485839679710653, 0.10802198623465156], [0.14184177237467133, 0.15098853745266108, 0.6065883175404627, 0.10058137253220481], [0.20226930967128237, 0.19300634581881856, 0.39602993734601755, 0.20869440706388148], [0.1513235602672372, 0.11245323222764116, 0.6272280951832665, 0.10899511222185514], [0.12050339425614989, 0.1114460742774863, 0.6617060406063372, 0.10634449076002658], [0.12346554353189569, 0.1314268468826793, 0.5890311265459724, 0.15607648293945248], [0.15627694826993477, 0.21696681751973051, 0.51242049833868, 0.11433573577165475], [0.17696127333529935, 0.21014499430048872, 0.5120632824333838, 0.10083044983082808], [0.18216969070997058, 0.15102261303345121, 0.5271320342490446, 0.13967566190753358], [0.2061860366066881, 0.16828234115909285, 0.5024114138336666, 0.1231202083005524]], "ideal": "C", "sampled": "B", "correct": false}}
{"type": "result", "data": {"idx": 15, "options": ["5 minutes", "14 minutes", "34 minutes", "70 minutes"], "probs": [[0.049138326257148486, 0.30100999016955504, 0.5536412183654082, 0.09621046510788824], [0.04679954964492385, 0.3739054634460524, 0.48766353392779427, 0.0916314528812294], [0.04374143741536447, 0.360565654037042, 0.5164861390363943, 0.07920676941119924], [0.038075886946654626, 0.4158028692768667, 0.4426184329142996, 0.10350281076217904], [0.04868760059915127, 0.15716522052251852, 0.6826977943673993, 0.11144938441093094], [0.02833114935098069, 0.08591268770831016, 0.8024854586346223, 0.08327070420608686], [0.14751509160224616, 0.2432114536044749, 0.5395909071827714, 0.06968254751050755], [0.20664109853938162, 0.3150907911749644, 0.40458605860958535, 0.0736820515760686], [0.14004363431223682, 0.4180949423363302, 0.38067955625749583, 0.061181866993937135], [0.16060429277031682, 0.3676285366422986, 0.4037614406993414, 0.0680057297880432], [0.1739083904111101, 0.34585912578189903, 0.39808200585208137, 0.08215047785490946], [0.176185049986169, 0.24846120740740876, 0.5019074490944018, 0.07344629341202046], [0.17481171562080722, 0.1591676127999517, 0.6006972610141973, 0.0653234104650438], [0.22229627931930382, 0.1786201689239128, 0.4855427994749155, 0.11354075218186786], [0.12348452177157747, 0.6173868535195417, 0.23070046145343906, 0.02842816315544179], [0.12819146607275492, 0.6020884873789127, 0.2432658278911512, 0.026454218557181136], [0.1900801119042131, 0.3839736694897791, 0.3441919786643106, 0.08175423984169716], [0.14404636244404595, 0.25679036302705965, 0.5436277843267195, 0.05553549010217488], [0.051238799225530686, 0.11546781184805373, 0.7297864256529483, 0.10350696317346733], [0.030994145947061316, 0.0791457836043948, 0.8119400935464176, 0.07791997680212633], [0.059252720540993536, 0.5710290691096359, 0.30564960948171055, 0.06406860076766004], [0.06407858841560657, 0.49620402246648004, 0.3804534176865199, 0.059263971331393515], [0.03968494716195835, 0.7145122139695211, 0.20793473039659055, 0.03786810837193001], [0.04509361138221011, 0.5001912768451382, 0.42120409478361037, 0.033511016889041276]], "ideal": "B", "sampled": "B", "correct": true}}
{"type": "result", "data": {"idx": 16, "options": ["18", "24", "25", "29"], "probs": [[0.2619486748910262, 0.32093718644747476, 0.36940497156263835, 0.04770916699886067], [0.3783807725946656, 0.4091117351159249, 0.12673962020545684, 0.08576787198395261], [0.251678238466386, 0.20540767789231573, 0.500521084202906, 0.0423929993383923], [0.4909601393953796, 0.27973229732295113, 0.13848129429331277, 0.0908262688883565], [0.19563143755009163, 0.11681294173675286, 0.6315017600713954, 0.056053860541760106], [0.46183311246436204, 0.20815871343678768, 0.2472003959289293, 0.08280777806992096], [0.024273448422291538, 0.6875243462156135, 0.23760745310607778, 0.050594752156017185], [0.024740364649815483, 0.8065530131148976, 0.09483768171740618, 0.07386894041788071], [0.015273511401506384, 0.14718913431418074, 0.7833836552089288, 0.054153698975383975], [0.0238685767966374, 0.23732344052337168, 0.29535942331521364, 0.4434485592647773], [0.009923557391571835, 0.10340238213524683, 0.8133432141877219, 0.0733308461854594], [0.009115900537789583, 0.1076349356338243, 0.7241596932080527, 0.15908947052033334], [0.011582475873654614, 0.6945078282687794, 0.2515392948964852, 0.04237040086108076], [0.014407684831764226, 0.9053684935886915, 0.03297906537568895, 0.0472447561038553], [0.019766140653577693, 0.4160559161483335, 0.4940928797894862, 0.07008506330860259], [0.024926353191564887, 0.5585164236876283, 0.1526937893533336, 0.2638634336674732], [0.012600761140382128, 0.09166149964871623, 0.7918616083936828, 0.10387613071721885], [0.01227313040591939, 0.09959782983663475, 0.7133097284373356, 0.1748193112201102], [0.018936859970979828, 0.4960608918485815, 0.4112577552847324, 0.07374449279570629], [0.023782605613025688, 0.7283604239289079, 0.17572960484898242, 0.07212736550908395], [0.020547249326884086, 0.5382521497361344, 0.33683778263809455, 0.1043628181988869], [0.01954552962418109, 0.4809957726659713, 0.3305894814648102, 0.16886921614503736], [0.023724501059698543, 0.3028854255512698, 0.5838461160906955, 0.08954395719833617], [0.025018800699934406, 0.30478517012787865, 0.5349314351758383, 0.13526459389634868]], "ideal": "B", "sampled": "A", "correct": false}}
{"type": "result", "data": {"idx": 17, "options": ["(60/6)\u201412=a", "(60\u201412)/6=a", "(60-6)-12=a", "(60+12)/6=a"], "probs": [[0.2607970778380566, 0.569639556950695, 0.11043754502376203, 0.05912582008748634], [0.2599088607448201, 0.478039513734746, 0.19316222203444008, 0.06888940338599378], [0.41342947806968894, 0.17780769266960458, 0.353667088272083, 0.05509574088862345], [0.5334374010087611, 0.1902007268663691, 0.2155523271392983, 0.06080954488557141], [0.4109544876091347, 0.29599819466486543, 0.22697936672621222, 0.06606795089978765], [0.5071584592181214, 0.34317048397847666, 0.09094077787695345, 0.05873027882644842], [0.5826043150410526, 0.29295186514987986, 0.08660423396872745, 0.037839585740340055], [0.5428207920068177, 0.2729442022729788, 0.15312280707516884, 0.031112198545034796], [0.6534211623093774, 0.14130863319193562, 0.18146532904467255, 0.023804875354014342], [0.7708184050480369, 0.12195982669229284, 0.08124994410087952, 0.025971824058790744], [0.6259687600587259, 0.23028105709523367, 0.11400674388541472, 0.02974343886062569], [0.744305392959381, 0.20668869295946113, 0.025075944838659686, 0.02392996914249809], [0.06999443928965281, 0.48580283911201394, 0.3843283495384135, 0.05987437195991974], [0.07092909752003063, 0.5938348372599963, 0.2849353647111714, 0.05030070040880164], [0.04239734776481254, 0.705904865019749, 0.18704555063839626, 0.06465223647704212], [0.04322956697387371, 0.7426334910508121, 0.1439642698039432, 0.07017267207137094], [0.12179088772793953, 0.39311010227310633, 0.3931483684556185, 0.09195064144333558], [0.11238614393458314, 0.4307778435978364, 0.34616624388608175, 0.11066976848149868], [0.3474968827076489, 0.4824541012944807, 0.13398177371399084, 0.036067242183879626], [0.4233013203432647, 0.4722325924521377, 0.07130208051651926, 0.03316400658807831], [0.5583379247288194, 0.25965124269343465, 0.14340732936837938, 0.0386035031093666], [0.7226173603982132, 0.21029875620432165, 0.033801262843265414, 0.03328262045419969], [0.605415502855628, 0.15069396284632083, 0.2192853682920618, 0.024605165905989382], [0.7129310433650073, 0.14259210655216198, 0.11639185126512723, 0.02808499871770339]], "ideal": "B", "sampled": "B", "correct": true}}
