{"type": "result", "data": {"idx": 0, "options": ["10%", "20%", "40%", "80%"], "probs": [[0.0002288303614712185, 0.0551242440984197, 0.9323471601390756, 0.012299765301033473], [0.0043028965427786055, 0.6797972295506097, 0.287841408343732, 0.028058465462879635], [0.00010739401314681631, 0.6672191374636631, 0.31516851651750344, 0.017504951905686652], [9.984799325090955e-05, 0.6707423182078598, 0.32182215937662945, 0.007335674322259828], [0.017252530451004087, 0.6373680067111356, 0.2237351329171964, 0.12164432982066395], [0.008404150604361307, 0.5281397103735166, 0.3745030164344125, 0.0889531224877096], [0.00105043225656884, 0.0326778604341624, 0.9549786251704191, 0.01129308203884969], [0.03418165161592515, 0.5346961756367985, 0.3851248721984624, 0.04599730044881393], [0.0004602872088500086, 0.6281894473312164, 0.36356514853736627, 0.007785116822567325], [0.0005808966793843861, 0.5710265614268287, 0.41776919202688617, 0.010623349766900733], [0.033284631124534135, 0.7939193671076925, 0.11617583400126451, 0.05662016766650883], [0.02624512174621861, 0.720532031413436, 0.2064351209509737, 0.04678772578937162], [0.03261092165149379, 0.7422245422173062, 0.19976683593287667, 0.025397700098323393], [0.03915634718107851, 0.7622817690089482, 0.18680491885049055, 0.01175696485948276], [0.025277430377439875, 0.8113226354154441, 0.15007953456092776, 0.013320399546188237], [0.0200375613731193, 0.7402489081181425, 0.22931810890846469, 0.010395421500273493], [0.023132302477809268, 0.9096951588429538, 0.05378450534746388, 0.013388033231772989], [0.01719395694454488, 0.881885942893081, 0.0873184887267827, 0.013601611335591485], [0.06254025501474994, 0.7500901761639288, 0.11868152677808372, 0.06868804194323751], [0.0426211033646697, 0.6667111117941339, 0.25305439511066974, 0.037613389630526635], [0.057807683572554024, 0.79801673001148, 0.10799992809110233, 0.0361756582248636], [0.03246821792978672, 0.7162412906957009, 0.23619122492890993, 0.01509926634560246], [0.01990900683389673, 0.9297621820722441, 0.041494182063416214, 0.008834628930442871], [0.011953262045301083, 0.9203545256727188, 0.06263086133615152, 0.005061350845828573]], "ideal": "C", "sampled": "C", "correct": true}}
{"type": "result", "data": {"idx": 1, "options": ["About $300", "About $3k", "About $8k", "About $15k"], "probs": [[0.05663007314559261, 0.2744206877887985, 0.6281599612406552, 0.04078927772495363], [0.06397633998946342, 0.2958229481878097, 0.5975830554364575, 0.042617656286269394], [0.031188841147187247, 0.6071726298028279, 0.30057318079239415, 0.06106534815759062], [0.03168467821457927, 0.5885782368752446, 0.346008671108626, 0.03372841370155015], [0.015138966538203387, 0.718130687604631, 0.23314286114711374, 0.03358748461005188], [0.023415211149660487, 0.6632412547841294, 0.2808345205645591, 0.03250901340165092], [0.14177269334367862, 0.26486529219962696, 0.5607239248329455, 0.03263808952374889], [0.1349416508955983, 0.22248044359157423, 0.6142924954765764, 0.02828540993625108], [0.06334346018947429, 0.7363453506109212, 0.18617728332298408, 0.014133905776620452], [0.07328231412439566, 0.6330626464242574, 0.2809204362339433, 0.012734603117403641], [0.029779098203914185, 0.8175492683946484, 0.13769769333775603, 0.014973939963681387], [0.04553545198744462, 0.7122958779417174, 0.22065913664527678, 0.021509533325561166], [0.3370336020924897, 0.34234023345817194, 0.2882817110748027, 0.03234445327453564], [0.2724985133793847, 0.2900722273229448, 0.42205586278403245, 0.015373396413638035], [0.30553537433406447, 0.5362307398813201, 0.13988491813249, 0.018348967552125443], [0.18111492387995526, 0.44131269306781323, 0.3601912199313592, 0.017381163020872302], [0.13762399850989773, 0.7210992545451428, 0.1333902213539805, 0.00788652549097903], [0.14612202467341767, 0.6248844913736581, 0.21935564461224494, 0.009637839240679236], [0.2961068241331951, 0.33553193016070343, 0.34081871329769836, 0.027542532308403103], [0.3044491721845409, 0.34498504354740706, 0.32918990047233415, 0.02137588369571789], [0.22176250252453708, 0.6219472549118524, 0.14096135490399353, 0.015328887559616951], [0.16216067937972656, 0.5073538412626978, 0.31257352171585956, 0.0179119575417161], [0.21430051643941359, 0.6704865197239364, 0.10608688898943293, 0.00912607474721716], [0.22727925311172656, 0.580376724753641, 0.1742616684249311, 0.01808235360970133]], "ideal": "B", "sampled": "D", "correct": false}}
{"type": "result", "data": {"idx": 2, "options": ["52%", "62%", "72%", "82%"], "probs": [[0.018448735788125212, 0.2144591492892024, 0.7255164234025238, 0.041575691420148574], [0.03018413258174541, 0.216170501849057, 0.7199714685260253, 0.033673896943172195], [0.01345062472920705, 0.6686665238938793, 0.10415887373789742, 0.21372397753901626], [0.016010979516918197, 0.5556621664808168, 0.16170874567723745, 0.2666181082250275], [0.02660610320446488, 0.9233673145192821, 0.01639198313197499, 0.033634599044278006], [0.02712563595458542, 0.9124354635432278, 0.014294641888601495, 0.04614425851358531], [0.1002555198886239, 0.13703321021194742, 0.6959242275847769, 0.06678704221465172], [0.12160590561617575, 0.12352130091865382, 0.7108282605032936, 0.0440445328618768], [0.06228057037938766, 0.5214712716391616, 0.3212763130581281, 0.0949718448233226], [0.05230504273845236, 0.4050352274966516, 0.38649702068278585, 0.15616270898211015], [0.04448013280304223, 0.8659275575771559, 0.06175627793298876, 0.027836031586813154], [0.048554512117041364, 0.8085130254150423, 0.06533929018096118, 0.07759317218695509], [0.6448615692676729, 0.16304722183732073, 0.11744003566759582, 0.07465117312741058], [0.3669365534732405, 0.22255925168675075, 0.3393670517055458, 0.07113714303446293], [0.8200987438837692, 0.07994211911032295, 0.044148849923341116, 0.05581028698256671], [0.4904137545580254, 0.16948306078903172, 0.26250504029182375, 0.07759814426111913], [0.17369011529960018, 0.7427852320182693, 0.053808272497830434, 0.0297163800843001], [0.14980069956621014, 0.7146639067412631, 0.08535621868659342, 0.0501791749059333], [0.61229637928421, 0.3031105281473394, 0.06158137315380911, 0.02301171931464148], [0.6757548950560418, 0.2730317133825225, 0.030158779285192495, 0.02105461217624316], [0.6967762927637987, 0.2297734493841121, 0.05207746566637905, 0.021372792085710142], [0.6680312379984141, 0.22376354786703484, 0.06931983166194594, 0.03888538237260513], [0.8299952651848428, 0.1195730478989746, 0.017226401522228037, 0.0332052852939546], [0.7721217281886555, 0.17499737318697306, 0.01732732490974924, 0.035553573614622136]], "ideal": "C", "sampled": "D", "correct": false}}
{"type": "result", "data": {"idx": 3, "options": ["China", "United States", "Germany", "Japan"], "probs": [[0.7125861657305238, 0.1145218016735715, 0.158998981398461, 0.01389305109744365], [0.5905056628208877, 0.27460479887029465, 0.022191675501658806, 0.11269786270715886], [0.4712801031374474, 0.43585730301699716, 0.07341082755579728, 0.019451766189758177], [0.448954349720288, 0.493071917297279, 0.014889583131014374, 0.04308414975141858], [0.37027440520457494, 0.03135793492252809, 0.4261781350600197, 0.17218952471287727], [0.10247509806236074, 0.007779293136599977, 0.858001341282256, 0.03174426741878329], [0.0032506045839075987, 0.9445467332905815, 0.04085711048606876, 0.011345551539442158], [0.0028135941450583343, 0.9264147923499616, 0.009668008162852855, 0.06110360524212722], [0.006061486650993151, 0.2786791638380437, 0.6897401394178128, 0.02551920999315037], [0.001077007697927833, 0.03147468607132979, 0.0034766053976419404, 0.9639717007331005], [0.002956407648236638, 0.00829126733952356, 0.8590553078007707, 0.12969701711146908], [0.0008080281869357054, 0.0018787207635075852, 0.054052909940927464, 0.9432603410086292], [0.0680595313556217, 0.8964916141150212, 0.03020080255244478, 0.005248051876912333], [0.06428364612784852, 0.915558092407369, 0.005359728311995801, 0.014798533052786708], [0.049431630670944894, 0.050999784209316903, 0.889986059669476, 0.009582525350262171], [0.007897901443601295, 0.0147550480349281, 0.005600415237437988, 0.9717466351840326], [0.012081303316989901, 0.005980488212476465, 0.9597181117704058, 0.022220096600127796], [0.008749734831180408, 0.00475708411318866, 0.06566990286599846, 0.9208232780896325], [0.004673146718415984, 0.2936582022216726, 0.4619914801811395, 0.23967717077877193], [0.0031430206702139744, 0.12359639992381599, 0.7934611433369172, 0.07979943596905285], [0.0031527861073831335, 0.06042392651181363, 0.7959335577137376, 0.14048972956706557], [0.0011356898944872244, 0.015195239195800238, 0.07249245726076395, 0.9111766135489486], [0.0023429316010954958, 0.20762800925384528, 0.724696202823046, 0.06533285622201317], [0.001535307006061612, 0.10270309261893847, 0.06229252255185858, 0.8334690777231414]], "ideal": "A", "sampled": "A", "correct": true}}
{"type": "result", "data": {"idx": 4, "options": ["by 5 fold", "by 10 fold", "by 15 fold", "by 20 fold"], "probs": [[0.12735113690043237, 0.3922720907574832, 0.3007684096507726, 0.1796083625913118], [0.11878422204021062, 0.33314173169299954, 0.34913240559139846, 0.1989416405753914], [0.07765127493306441, 0.46104112374173195, 0.3534939227752446, 0.10781367844995897], [0.08256678337052457, 0.4902301308990415, 0.23521573137229304, 0.19198735425814087], [0.09593066470390874, 0.3914585673650581, 0.37941780246546686, 0.13319296536556632], [0.0948049681626092, 0.29661975962147324, 0.4594175311723993, 0.14915774094351822], [0.11536190600206618, 0.30393900295669307, 0.4154402860846098, 0.16525880485663094], [0.12360893456667087, 0.3633096217478035, 0.33600887426426845, 0.17707256932125714], [0.08100879695175238, 0.20365549014989004, 0.6080121812208792, 0.10732353157747836], [0.09346977411460987, 0.19178975687963196, 0.39353092621360225, 0.3212095426921559], [0.07222701132420929, 0.3392346031339458, 0.4784013210653187, 0.11013706437652623], [0.07733432029902246, 0.24195898526069168, 0.4737378252478549, 0.20696886909243095], [0.20891146515389905, 0.5252051988106669, 0.190218152013906, 0.07566518392152803], [0.164409976486589, 0.42644842501678343, 0.31691246513284055, 0.09222913326378704], [0.2726252065084411, 0.3785029150095629, 0.25611173795258146, 0.09276014042941451], [0.16348608810971998, 0.2612502134330218, 0.4240570022669764, 0.1512066960902818], [0.1682080296965113, 0.4163195114852002, 0.3617085150694396, 0.053763943648848934], [0.15751775980269964, 0.3720079036280445, 0.37787100387407313, 0.0926033325951827], [0.10346868864459792, 0.517312001772171, 0.26012284142432524, 0.11909646805890589], [0.09625673579972242, 0.36326922065169487, 0.43139661639777094, 0.10907742705081176], [0.1460110606994613, 0.4939517679941367, 0.24452652067322922, 0.11551065053317278], [0.11150174337624176, 0.3176394331665219, 0.42080911049190656, 0.15004971286532975], [0.12735719531193218, 0.45863173185880035, 0.33554553752017985, 0.07846553520908758], [0.13807061004590257, 0.4895050713786092, 0.2579539062282151, 0.11447041224727308]], "ideal": "C", "sampled": "C", "correct": true}}
{"type": "result", "data": {"idx": 5, "options": ["Lower respiratory infections", "Preterm birth complications", "Diarrheal diseases", "Malaria"], "probs": [[0.37828400423441316, 0.6044932554674696, 0.016109231728434713, 0.001113508469682585], [0.4289964067237051, 0.5683250532796502, 0.0018373444487652937, 0.0008411954478793998], [0.2918006315712632, 0.6999891602904464, 0.007655636908417435, 0.0005545711298729692], [0.35880918520450356, 0.6396434587521208, 0.0010561855221547032, 0.0004911704212209442], [0.5101852392724651, 0.08328479488811771, 0.39733052064728397, 0.009199445092133239], [0.36635307057235383, 0.09707316865230607, 0.5330378659971574, 0.003535894678182653], [0.021991626075128858, 0.9647855821371648, 0.01214487504131357, 0.001077916646392735], [0.009395973616232314, 0.9888310880432172, 0.001353610635957855, 0.00041932760459262633], [0.14489878376320714, 0.7711668031774073, 0.08128051361139536, 0.0026538993479902242], [0.16735344030851804, 0.8237390116945807, 0.005379556339793896, 0.0035279915571072786], [0.08496261062790655, 0.04917205681900108, 0.8580851822405786, 0.007780150212513706], [0.16555559230399583, 0.08724091028898652, 0.7419642696425441, 0.00523922766447346], [0.48275590820664926, 0.5138878002471701, 0.002961686217692512, 0.00039460522848817464], [0.4334352348350545, 0.5653027936298166, 0.0007045939619777663, 0.0005573774731511814], [0.5280036617173592, 0.4587354689511405, 0.012612973532808575, 0.0006478956986916975], [0.5188174359563718, 0.4798258646432594, 0.0007679179709140567, 0.0005887813294548039], [0.6843816114560735, 0.0767849021356382, 0.23651477945458552, 0.002318706853702813], [0.7511940505039133, 0.09700692324362903, 0.14791825229693256, 0.003880773855525117], [0.0004305912111997699, 0.9688723860541971, 0.025025228819187756, 0.0056717938154153946], [0.00048267113303048257, 0.9584437521287836, 0.0349113751743431, 0.006162201463842776], [0.00039531935602976127, 0.9617895940674149, 0.030916671805390202, 0.006898414671165089], [0.00046002185946131957, 0.9573111950240073, 0.03597694864827848, 0.00625183436825295], [0.0007365983175582979, 0.9592402539862537, 0.03661722530538401, 0.003405922290804028], [0.0006209661661726859, 0.9603034114206838, 0.03665778586096635, 0.002417836452177234]], "ideal": "A", "sampled": "C", "correct": false}}
{"type": "result", "data": {"idx": 6, "options": ["10%", "20%", "30%", "40%"], "probs": [[0.01808579631682007, 0.16373546358894295, 0.5122809986545427, 0.3058977413396943], [0.006799430427406128, 0.09386307526691318, 0.7155660819579052, 0.1837714122477755], [0.01565130214821176, 0.18480652259070346, 0.44332196560930764, 0.3562202095517771], [0.0054261411567196865, 0.13146324913553528, 0.7684226899718326, 0.09468791963591236], [0.005508346275966645, 0.3151776044467716, 0.4881515135981483, 0.19116253557911342], [0.0042745514459638385, 0.21249656484150092, 0.6859417957563584, 0.09728708785617685], [0.016825793967467445, 0.0815354840976517, 0.693432596558437, 0.20820612527644383], [0.006326670654500764, 0.054653945709903944, 0.8286174413478007, 0.1104019421877946], [0.02284643599807123, 0.11785097353182733, 0.6174902284785696, 0.24181236189153177], [0.017456315976314016, 0.10693285931867516, 0.6758349738588109, 0.1997758507461999], [0.021774070456909433, 0.23046298451538397, 0.6668636835455691, 0.0808992613821375], [0.02189623183576761, 0.16692814167064024, 0.6706086967564738, 0.14056692963711825], [0.041145260300035374, 0.2856055125336898, 0.264139973163343, 0.4091092539029318], [0.03499098272701357, 0.18915924720173735, 0.6919114746858611, 0.083938295285388], [0.040258184971170265, 0.08132433327199133, 0.3879727807544996, 0.4904447009023388], [0.027189545533244413, 0.06625136036695652, 0.8071044742783285, 0.09945461972147049], [0.04508358357241333, 0.1367133891333783, 0.7867300118729154, 0.03147301532129295], [0.055449188376865244, 0.18181039865301393, 0.6755069712149442, 0.08723344165517657], [0.09049667140636936, 0.6380621453862987, 0.1515528613769814, 0.11988832173035054], [0.15303904500737947, 0.5425698403130232, 0.2158190257252565, 0.08857208885434076], [0.10273500969768372, 0.17750997310562142, 0.5217289768612501, 0.19802604023544473], [0.0879978977949993, 0.1044997117973694, 0.7367944065728523, 0.07070798373477899], [0.18373129043725567, 0.09834399219876552, 0.6513818598838227, 0.06654285738015615], [0.23647604527975605, 0.12077997443690128, 0.4852168785263134, 0.15752710165702927]], "ideal": "C", "sampled": "D", "correct": false}}
{"type": "result", "data": {"idx": 7, "options": ["29%", "49%", "69%", "89%"], "probs": [[0.056606605643333786, 0.5124744772398597, 0.38683366771644356, 0.0440852493003629], [0.08443959455526547, 0.48591632635100446, 0.3784287118432142, 0.05121536715051591], [0.24548590116258698, 0.6075853916061618, 0.10558176116003049, 0.04134694597122081], [0.23857972535944988, 0.5813385009380851, 0.1338304673294439, 0.04625130627302111], [0.18304417012779278, 0.6695503170374003, 0.09496167548813902, 0.0524438372466679], [0.18944905123767325, 0.6612456760497526, 0.10140435887699803, 0.04790091373557615], [0.1592334837133286, 0.28833413953176623, 0.4828681883576301, 0.06956418829727502], [0.19179409658678412, 0.34729263316929154, 0.41241988135759455, 0.04849338878632975], [0.06388608056219676, 0.5694115481613757, 0.3047817201527067, 0.061920651023720824], [0.08079795598770309, 0.472283754244036, 0.35096794624818367, 0.09595034342007726], [0.09062408013533728, 0.7587925849950768, 0.09646853120814394, 0.05411480356144197], [0.10002240984731899, 0.7390785546939938, 0.09107117016020927, 0.06982786519847793], [0.7426758407803772, 0.12508784233272896, 0.07127273082020427, 0.06096358596668959], [0.7410739808868781, 0.14366467250544462, 0.08990281233550095, 0.025358534172176234], [0.5695840119745967, 0.173713847977433, 0.14628170429197432, 0.11042043565599592], [0.46219961453227704, 0.17543141019284544, 0.2892374309835449, 0.07313154419133266], [0.19741403760405093, 0.6372713947065465, 0.0903829024584673, 0.07493166513093527], [0.15768899807147344, 0.6536101406035315, 0.11536763836626508, 0.07333322285872997], [0.6347650754889576, 0.2816777171314185, 0.030630824456767087, 0.052926382822856916], [0.669345169065527, 0.2704425569729126, 0.02636208684167395, 0.033850187019886416], [0.6251946207478295, 0.268895184014953, 0.05212733246101953, 0.053782862676198], [0.7024479461183797, 0.21761003346729754, 0.0415313052797413, 0.03841071503458148], [0.7374043738627776, 0.10623439796079796, 0.10458630711978527, 0.05177492095663915], [0.7229323359491735, 0.13372988947734357, 0.09783820025449796, 0.0454995742189849]], "ideal": "C", "sampled": "D", "correct": false}}
{"type": "result", "data": {"idx": 8, "options": ["18%", "38%", "58%", "78%"], "probs": [[0.0008540737122004064, 0.16792333070145962, 0.8011155582999993, 0.030107037186340762], [0.001147052447916233, 0.6130476283620491, 0.3548027693423006, 0.031002549747734146], [0.002589639818335661, 0.8264626957455647, 0.1228415966339564, 0.048106067702143235], [0.0036263207697445647, 0.5552868286556093, 0.3816382018073629, 0.059448648667283145], [0.036062953873911285, 0.7243536464763923, 0.10766533537491874, 0.13191806417477758], [0.040831369173008156, 0.7125427258893343, 0.13388251016221445, 0.1127433946754431], [0.028471682105282226, 0.19763341268765228, 0.7117059667559107, 0.06218893835115474], [0.043106909355231114, 0.442223812123603, 0.4219722104175245, 0.09269706800364136], [0.003587249541006628, 0.7053145977395244, 0.2677060147791861, 0.023392137840282854], [0.00309151354060814, 0.06507543744997904, 0.8707000975220824, 0.0611329513873304], [0.004476409329980595, 0.8398477293481704, 0.020699014538149534, 0.1349768466836994], [0.00477883414003786, 0.8163531956242335, 0.03700622990260608, 0.14186174023312254], [0.18457618101468898, 0.49395397632536325, 0.24452518073800703, 0.07694466182194071], [0.08022887555663749, 0.15708123758273132, 0.7039919101492453, 0.05869797661138582], [0.1584270400119235, 0.5114117707870071, 0.24924256652358515, 0.08091862257748424], [0.012180960636014015, 0.027024812364769814, 0.8949433314415718, 0.06585089545764439], [0.002262234997837088, 0.9416371905282691, 0.014076292063847466, 0.042024282310046304], [0.0017429019029552054, 0.9461881105453798, 0.0170613221829303, 0.03500766526873478], [0.7544229035707848, 0.12509637091166592, 0.0758751794866639, 0.04460554593088539], [0.8260702566914297, 0.08571786512432132, 0.0699611685165201, 0.018250709567728864], [0.5897108118115841, 0.32567166186948443, 0.0469176976996708, 0.03769982851926068], [0.3722989274647277, 0.2854532907820892, 0.3184470843892501, 0.023800697263932982], [0.5665154778215717, 0.3773841078723828, 0.03977617055863905, 0.01632424364740637], [0.554446129755768, 0.3636175786553902, 0.06519320242238025, 0.016743089066461547]], "ideal": "C", "sampled": "D", "correct": false}}
{"type": "result", "data": {"idx": 9, "options": ["11%", "26%", "41%", "56%"], "probs": [[0.0009549771686572557, 0.3144432869991413, 0.6553539566338975, 0.02924777909830395], [0.0036674155528348667, 0.37408753292399943, 0.5885199629816747, 0.033725088441490886], [0.0007036998474061955, 0.6104660288491193, 0.3371294846162497, 0.05170078658722478], [0.0005221437365596116, 0.32625700025028265, 0.648836691494584, 0.024384164418573703], [0.0021955651843770263, 0.7458868952372458, 0.2071235850968241, 0.044793954381553015], [0.002638029374198462, 0.7429795787846089, 0.2162173965075064, 0.03816499523368628], [0.030842590450950034, 0.3114992693145518, 0.6098874824143592, 0.04777065772013897], [0.10380045924262354, 0.45088945931732266, 0.4105405753349751, 0.034769506005078644], [0.004863398253299255, 0.7804449963070781, 0.20679744028871547, 0.007894165050907216], [0.004663415643579026, 0.2976745318237183, 0.6813850377234539, 0.01627701470924876], [0.011710896814214188, 0.7712629853148122, 0.2043634158270166, 0.012662701943957064], [0.014133174076255275, 0.6397255110080485, 0.3166846954258846, 0.0294566193898116], [0.14998091699925462, 0.583990452439834, 0.22869466157692062, 0.0373339688839907], [0.12192902780927917, 0.3997901998048779, 0.4601573671321712, 0.018123405153671696], [0.14676355548713568, 0.6178977166594766, 0.21022992227650347, 0.025108805476884224], [0.07203369345427721, 0.38941131712811056, 0.5158881967632396, 0.022666792554372584], [0.012080595208583511, 0.7956083008610789, 0.1860436999682525, 0.006267403862085035], [0.012472014232036829, 0.6809553661856494, 0.2928746112533082, 0.013698008229005517], [0.2062196964877881, 0.5693921679557463, 0.19072305445683715, 0.033665080999628456], [0.2976680601456427, 0.5224248004904593, 0.15933115274238657, 0.020575986521511457], [0.2254758023732754, 0.5242490503868503, 0.21515199412334135, 0.03512315301653285], [0.14213844841131207, 0.47339536765075424, 0.35733809331449967, 0.027128090523434012], [0.19899690371621, 0.5848860209396394, 0.19899820011724823, 0.017118875126902366], [0.1381152770573097, 0.5548602548752283, 0.28339542011300795, 0.023629047854454036]], "ideal": "B", "sampled": "D", "correct": false}}
{"type": "result", "data": {"idx": 10, "options": ["23%", "38%", "53%", "68%"], "probs": [[0.04173067251124465, 0.3439895551893462, 0.5851467828850535, 0.02913298931435564], [0.05692912701241375, 0.28462779837192215, 0.6216862866594292, 0.03675678785623491], [0.04028116328635225, 0.5919297624271134, 0.3425813734332646, 0.02520770075326981], [0.03881281892461629, 0.38591944233016734, 0.5528042182025811, 0.022463520442635256], [0.040968776293195744, 0.7975688215736949, 0.142995893955404, 0.018466508077705352], [0.042447872930035616, 0.7524120294937442, 0.19023917826120124, 0.014900919215018913], [0.02167421109723916, 0.08983684673736356, 0.8657744138966, 0.022714528168797207], [0.03758103905622312, 0.10874427493718092, 0.8290280992296073, 0.024646586676988644], [0.14842522861638557, 0.3731425882907107, 0.4294852225921265, 0.048946960400777215], [0.1115671652605142, 0.28048073197775925, 0.5491582546147559, 0.05879384804697068], [0.05393960266877194, 0.6571237513951951, 0.2613860159113412, 0.02755062992469184], [0.058891303063555014, 0.663532009943673, 0.25184818771396145, 0.02572849917881045], [0.3402677869158775, 0.28209234069332556, 0.36221472437265256, 0.015425147918144404], [0.11270518893715335, 0.16398512252976713, 0.7123232072857811, 0.01098648114729841], [0.48666397808851464, 0.24856423356906773, 0.2409174198802561, 0.023854368362161503], [0.26309847339035997, 0.2550040733744741, 0.45459642155026986, 0.027301031584896093], [0.21068602230364533, 0.5054118853994556, 0.2747884810767634, 0.00911361112013567], [0.18590895344930466, 0.4898058643870459, 0.31624340183215993, 0.008041780231489496], [0.6537669738120035, 0.2442955017295535, 0.09717442604064094, 0.004763098317801961], [0.6789208101394784, 0.2006891505500929, 0.11797938286570887, 0.0024106563447199017], [0.6217587687652418, 0.211543289743888, 0.15968190343138816, 0.007016037959481957], [0.6085125053288758, 0.20703640591968717, 0.17987698131342456, 0.0045741073380124115], [0.6950862740859125, 0.1730212801825815, 0.12658529994981677, 0.00530714568168926], [0.6442037682180688, 0.1904266137627335, 0.15786960381273923, 0.007500014106458395]], "ideal": "D", "sampled": "D", "correct": true}}
{"type": "result", "data": {"idx": 11, "options": ["5%", "10%", "15%", "25%"], "probs": [[0.4226089904455973, 0.12298594963748014, 0.24843971049266875, 0.20596534932425375], [0.2965829118280497, 0.11982955215909168, 0.42483625444747847, 0.15875128146538017], [0.43846582422051666, 0.20390508733989435, 0.16904425598084968, 0.1885848323587393], [0.2958853620080283, 0.2268625328565372, 0.33528292657934605, 0.14196917845608845], [0.3762276042425333, 0.27525318896639905, 0.21436894896132114, 0.13415025772974648], [0.3956208703548855, 0.25543163365991006, 0.2184836216864682, 0.13046387419873617], [0.2140823187328225, 0.3264353025592064, 0.23512344410338337, 0.22435893450458774], [0.1682847838403254, 0.2731515331681526, 0.4100513702251564, 0.14851231266636553], [0.18602296604017096, 0.16161896000817708, 0.381694047241043, 0.27066402661060895], [0.20247780708169416, 0.15524490536626298, 0.3902872073602451, 0.25199008009179774], [0.19095928044076346, 0.3457809789365748, 0.329948047663001, 0.13331169285966077], [0.24116671442312407, 0.31453994382067174, 0.2732785980618694, 0.17101474359433477], [0.3899386917441747, 0.46306184494757635, 0.06266879707930456, 0.08433066612894438], [0.3333653919047505, 0.42141131187795905, 0.18994558284326435, 0.055277713274026107], [0.5291925111568705, 0.11624769206857265, 0.1745095563841412, 0.18005024029041564], [0.4462996555805839, 0.12201116596465601, 0.31156820984252576, 0.12012096851223437], [0.35945290357763743, 0.25488887125850734, 0.32221091129895546, 0.06344731376489977], [0.4925508053838154, 0.26364245222428173, 0.1840530578890253, 0.05975368440287755], [0.1536334185452872, 0.7562065264609954, 0.05309415334480081, 0.03706590154891658], [0.1936975717350858, 0.6975283025997723, 0.07237931340209053, 0.03639481216305134], [0.37783480812808884, 0.4215014702107652, 0.12855193400742368, 0.07211178755372227], [0.4329092816311436, 0.35889285932950266, 0.1496095364749189, 0.058588322464434815], [0.4621196383373027, 0.2674530317616543, 0.22876582996129327, 0.04166149983974977], [0.6143790780396606, 0.2482309908432494, 0.08850989173446847, 0.04888003928262143]], "ideal": "B", "sampled": "A", "correct": false}}
{"type": "result", "data": {"idx": 12, "options": ["2%", "4%", "9%", "18%"], "probs": [[0.01802834123192748, 0.07356662302473639, 0.45774853224945217, 0.4506565033938839], [0.009492771964300312, 0.04600029566797393, 0.8816317565313431, 0.0628751757363827], [0.016721676597369443, 0.38657643379117507, 0.15865034939791567, 0.43805154011353986], [0.012183576354960379, 0.4034612034434341, 0.494330752840715, 0.0900244672608905], [0.013488767907646875, 0.7027347919290241, 0.17767879945094503, 0.10609764061238394], [0.0137516770439672, 0.6730245853144357, 0.22898439740822374, 0.0842393401333734], [0.035010699309672745, 0.07183720942552702, 0.3705658628069556, 0.5225862283578446], [0.029571489908564494, 0.07318988614174618, 0.7746678580015158, 0.12257076584817352], [0.03430146234150407, 0.4589475138732437, 0.19131863050623588, 0.31543239317901633], [0.02395204451074434, 0.39265087261349985, 0.4886650219727883, 0.09473206080296748], [0.02811784693382155, 0.7251663384603549, 0.18335102928108443, 0.06336478522473907], [0.03001990144879643, 0.6726545458116922, 0.2253113212472424, 0.07201423139226898], [0.12608609353748298, 0.43326031759580536, 0.14287514344665042, 0.2977784453200612], [0.08953756371166781, 0.348635714909961, 0.4840350494180474, 0.0777916718603238], [0.12661346056467523, 0.5007654130414289, 0.12081705752696753, 0.2518040687669284], [0.09602392922800386, 0.42367567345210033, 0.38576464691582146, 0.0945357503040743], [0.05600225716260869, 0.6929862240386588, 0.20807310161621706, 0.0429384170825154], [0.0533814561828286, 0.6402344345493547, 0.24683284186461027, 0.05955126730320642], [0.11028363266979965, 0.7775723134581782, 0.07462172014879005, 0.03752233362323207], [0.12241853589951883, 0.7382739671583706, 0.10635889907072989, 0.032948597771380664], [0.07300953971378847, 0.8355469909803329, 0.061480314395747034, 0.02996315481013152], [0.07411077714487285, 0.8093084201621069, 0.0880085539283882, 0.028572248664632028], [0.1070721791254575, 0.7911570410321225, 0.07712129088053345, 0.02464948886188657], [0.1123283094677512, 0.7676201027681198, 0.08885908258102981, 0.03119250508309926]], "ideal": "C", "sampled": "D", "correct": false}}
{"type": "result", "data": {"idx": 13, "options": ["minimum wage legislation", "land reform", "progressive taxation", "increased access to education"], "probs": [[0.6265433278331523, 0.022119208632526494, 0.01593203245108618, 0.33540543098323505], [0.8359788070587296, 0.028161574335376707, 0.020928101269663088, 0.11493151723623059], [0.21609245298902932, 0.004212987620557283, 0.534824551592625, 0.24487000769778836], [0.10453190602961143, 0.0013576227478801182, 0.0050441294399639885, 0.8890663416825444], [0.6428134093506268, 0.02612021237818808, 0.058862828258085635, 0.2722035499130995], [0.033460318741428005, 0.0014249104136481387, 0.002386231452440135, 0.9627285392924837], [0.03426606821959085, 0.41096757269110734, 0.010288380623861856, 0.5444779783654399], [0.07498990799474277, 0.6278725908655333, 0.03126004361242413, 0.26587745742729985], [0.004987402521325946, 0.007033154879811134, 0.5855342396189807, 0.4024452028798822], [0.008556325379229415, 0.012256179967159291, 0.03546414699707224, 0.9437233475565391], [0.013971000179763758, 0.03567545674587022, 0.6323673394690539, 0.3179862035053122], [0.0067805945944775185, 0.011179178197224835, 0.036654417718405816, 0.9453858093898918], [0.0014722734813471794, 0.003423037642748759, 0.7992423081625792, 0.1958623806133248], [0.0006721087126261844, 0.00325697169665675, 0.004247717373385459, 0.9918232021173315], [0.0050345225271640655, 0.019299210628115716, 0.39373492475588995, 0.5819313419888303], [0.0024133428354968906, 0.012255956821000226, 0.011694293895627598, 0.9736364063478753], [0.0005572134150951053, 0.002382920717307364, 0.02058449110737593, 0.9764753746602216], [0.003098604756320664, 0.007912541794119831, 0.16917196032649373, 0.8198168930230658], [0.0190964983466441, 0.10988987428522431, 0.5325160950300771, 0.3384975322380544], [0.0007462596546103692, 0.010141996999671405, 0.001966079581002109, 0.9871456636647161], [0.005461605499415206, 0.011206189625817459, 0.8628499141407023, 0.12048229063406501], [0.002542062119683278, 0.00795333063291644, 0.026077390787829422, 0.9634272163595708], [0.000577003015869776, 0.0022466926251489693, 0.04729076155946497, 0.9498855426995163], [0.0022971046764243956, 0.004939448784735922, 0.3356250681254288, 0.6571383783134108]], "ideal": "A", "sampled": "A", "correct": true}}
{"type": "result", "data": {"idx": 14, "options": ["36%", "56%", "76%", "96%"], "probs": [[0.1660070934796764, 0.3406241668862934, 0.47291222899945967, 0.020456510534570507], [0.6597537612769997, 0.25836230810153804, 0.0775751948189068, 0.004308735702555384], [0.10233046130784718, 0.7801284774453496, 0.10233072952876862, 0.015210331618034591], [0.12366333886998537, 0.7815761274220737, 0.08110064710235781, 0.013659886505583134], [0.8510016963853545, 0.10989602818774465, 0.03567828924938162, 0.0034239860775192783], [0.748614320549543, 0.1474099358270472, 0.09224753207366232, 0.01172821144974741], [0.2337654120503461, 0.2196016066001986, 0.4796563148402977, 0.06697666640915766], [0.5544755205243482, 0.36935849288643735, 0.06940078417948421, 0.006765202309730163], [0.05502107431444125, 0.649674438824668, 0.25441531902902126, 0.04088916773186949], [0.20836370560339515, 0.5576105547105793, 0.1674256423715523, 0.06660009721447319], [0.5679288542964692, 0.2724935131875759, 0.14815297817919687, 0.011424654236758003], [0.5068185385571823, 0.2842975290315637, 0.1594777869960383, 0.049406145315215734], [0.405737902119364, 0.3932530239585214, 0.14694878293279195, 0.0540602908893226], [0.3876142588081979, 0.4675496622649852, 0.10763702036042795, 0.03719905846638902], [0.5244102790075817, 0.2720589501620836, 0.16245495749607106, 0.041075813234263625], [0.3115262230111368, 0.47501783701577366, 0.16416359679980735, 0.049292343073282154], [0.3318728221879022, 0.3370970496450327, 0.2751321258566364, 0.055898002210428746], [0.2409975835477127, 0.3192675721298803, 0.38511261483570497, 0.05462222938670209], [0.1965482623217175, 0.5019031016949651, 0.15548304748520964, 0.1460655883981078], [0.2183233816212614, 0.4341872075250356, 0.19267063182628874, 0.1548187789274143], [0.26119623169364764, 0.451305935888443, 0.16602725160012674, 0.12147058071778262], [0.19525201907667078, 0.44000748451135524, 0.20784612307624953, 0.15689437323572447], [0.38224395536170674, 0.21441863155577226, 0.2627138456035124, 0.14062356737900858], [0.31866615057780096, 0.26834314259160896, 0.26008930024617866, 0.1529014064844114]], "ideal": "B", "sampled": "C", "correct": false}}
{"type": "result", "data": {"idx": 15, "options": ["6%", "13%", "27%", "46%"], "probs": [[0.001140402573567083, 0.012070345095336126, 0.9439962039392817, 0.042793048291815045], [0.0020653116024218435, 0.030827519679989823, 0.8331978122368379, 0.13390935638075044], [0.0005582286136621922, 0.8237685777121125, 0.10805414863533415, 0.06761904493889112], [0.0004596143608017091, 0.6272712424296535, 0.3410392742078792, 0.031229868901665646], [0.0016193947868146433, 0.2639614291803824, 0.4490078212365715, 0.2854113546962314], [0.0012037950293621912, 0.14581731837646708, 0.7882727648546466, 0.06470612163952412], [0.0075401949182164075, 0.017807598375837133, 0.9277352283679223, 0.04691697823802415], [0.006773826280673279, 0.022210596727923262, 0.8871930332723663, 0.0838225436190371], [0.00047774529366492605, 0.905237269393533, 0.07090342604997246, 0.023381559162829635], [0.00015840611223348055, 0.7088554540468971, 0.2775909086451727, 0.013395231095696685], [0.0010314297460498306, 0.5599368845293775, 0.3140931446909935, 0.12493854093357919], [0.0011501595552919934, 0.3670618292714731, 0.5865572305254024, 0.045230780547832465], [0.30885491692479167, 0.40282363895988427, 0.20255324846129394, 0.08576819555403009], [0.09859090601750686, 0.16254914568754605, 0.7172020352420335, 0.021657912952913604], [0.22607815911304083, 0.559550502857099, 0.1506017390263823, 0.06376959890347797], [0.09749625658571388, 0.3247133207172039, 0.5523564835545767, 0.02543393904250563], [0.007638807805824201, 0.7791818906684481, 0.1970078182474451, 0.016171483178282632], [0.004329971327719287, 0.6036924527967681, 0.37777998592666834, 0.014197589848844347], [0.2683411538332581, 0.2812193333821411, 0.3236819207344622, 0.12675759195013858], [0.3387417310460752, 0.15031572188737427, 0.4852262897566386, 0.02571625720991194], [0.11874499967032096, 0.7161257150435429, 0.10156863117780127, 0.0635606540083348], [0.15629656494860097, 0.5628471332013493, 0.25369560526981466, 0.027160696480235152], [0.18943642660142992, 0.7149287681243237, 0.08147625874724992, 0.014158546426996373], [0.147964427308678, 0.7059017752186706, 0.1347238669140073, 0.011409930458644078]], "ideal": "B", "sampled": "C", "correct": false}}
{"type": "result", "data": {"idx": 16, "options": ["34%", "49%", "64%", "79%"], "probs": [[0.0011868781220955732, 0.2523189244784643, 0.7301099137712801, 0.01638428352816003], [0.003810597997472779, 0.2589232290329519, 0.7038290404890718, 0.033437132380503505], [0.004262578589867948, 0.6948038203031903, 0.2438996088243273, 0.05703399218261446], [0.005742242534755208, 0.3234699914711918, 0.5766503061277167, 0.09413745976633625], [0.0064830983125148825, 0.6930429645302947, 0.007010097924831275, 0.2934638391323592], [0.005136604658756163, 0.8115217325888399, 0.007832605044460149, 0.17550905760794377], [0.03315647864081213, 0.19080179432818042, 0.7314240121107629, 0.04461771482024457], [0.08506525370421654, 0.43199786861389644, 0.43880424226011866, 0.04413263532176835], [0.008112861660715159, 0.7896395214559699, 0.18755690489570392, 0.014690711887611], [0.013784701998758492, 0.37844243818109596, 0.550635519152557, 0.05713734056758846], [0.02410590881746756, 0.8767470210302106, 0.03047335157858222, 0.06867371847373961], [0.027542128268297352, 0.8703143903785362, 0.04007437221568375, 0.06206910903748267], [0.4253149667824449, 0.11996577045580044, 0.4253196457471029, 0.029399616914651736], [0.3667000501047125, 0.09869600003691259, 0.5252789810449703, 0.00932496871340463], [0.4493320789806988, 0.3186247283183447, 0.2089614825140781, 0.023081710086878388], [0.17402916950449696, 0.17133134410309356, 0.6365808176739867, 0.01805866861842288], [0.03692545418165854, 0.8946346452536832, 0.017172456145235566, 0.05126744431942276], [0.03946167063491083, 0.8570235221658787, 0.04334125893419308, 0.060173548165017375], [0.631295309198208, 0.20818052718538244, 0.08026159374518667, 0.08026256977122295], [0.7988024576365044, 0.14099800979234348, 0.049495344496840434, 0.010704187974311677], [0.6600206223206813, 0.2505172388165653, 0.04089619423837984, 0.04856594452437359], [0.7338335248252201, 0.16374130114076144, 0.09476679195576226, 0.007658381978256216], [0.7615677990463342, 0.20820274074424158, 0.01936604560022106, 0.010863414509203188], [0.7427841639771268, 0.21616351985167342, 0.03213008328284647, 0.008922232788353393]], "ideal": "A", "sampled": "D", "correct": false}}
{"type": "result", "data": {"idx": 17, "options": ["62%", "72%", "82%", "92%"], "probs": [[0.014614271935690485, 0.8104879342017649, 0.09832305582563844, 0.07657473793690621], [0.026724316177079918, 0.857780098829322, 0.06931874900363102, 0.046176835889966975], [0.02194346256078003, 0.8903493697910694, 0.0350662425391166, 0.05264092500903399], [0.02522007887520868, 0.9030572006869045, 0.02948588636435219, 0.04223683397353457], [0.09316967843299782, 0.7680145248605239, 0.10232823798504473, 0.036487558621433554], [0.09149218047761311, 0.8028275758594563, 0.06693820978850078, 0.0387420337744298], [0.10135773671492068, 0.7035657317209854, 0.15215763974650082, 0.042918891717593166], [0.1484855430222318, 0.7540782339949342, 0.07466431795777859, 0.022771904925055313], [0.024997806267004093, 0.8149904649441039, 0.11029639956825839, 0.04971532912063366], [0.03193153912096264, 0.8496842251511451, 0.042969465295034814, 0.07541477033285753], [0.059637929127400596, 0.6719434135490864, 0.20493149373621286, 0.06348716348730013], [0.06316331961606081, 0.7575679050393679, 0.05751203171369593, 0.12175674353087532], [0.024403419523990395, 0.7711291973047332, 0.161637205650556, 0.04283017742072047], [0.03606257906102254, 0.7955353736747187, 0.13399001754985437, 0.034412029614404364], [0.02867518513972725, 0.8380215057895678, 0.050327043319137364, 0.08297626565156763], [0.03592560437738414, 0.8050012344060702, 0.05831403794006103, 0.10075912317648462], [0.037273354269214104, 0.6403701805372889, 0.21449693715667126, 0.10785952793682574], [0.032737669210171516, 0.6373357294856395, 0.1854748909264641, 0.14445171027772485], [0.007427154852700731, 0.7695295020379832, 0.1664207386679675, 0.05662260434134852], [0.008113167648321708, 0.7774335528914835, 0.16552393953781183, 0.04892933982238291], [0.0094235915466508, 0.7723844934370793, 0.09974281860422617, 0.1184490963120437], [0.009977586194710076, 0.7446104009967596, 0.09175297275188303, 0.15365903995664734], [0.027469888122092317, 0.766038710055349, 0.09439403492464893, 0.1120973667979098], [0.02018933362986413, 0.8451775280093212, 0.03831322476513055, 0.09631991349568411]], "ideal": "C", "sampled": "B", "correct": false}}
