{"type": "result", "data": {"idx": 0, "options": ["inflation had already impacted the economy before the fiscal stimulus.", "the economy initially had some unemployed resources.", "aggregate supply decreased.", "aggregate demand is steeply sloped."], "probs": [[0.025857530300571814, 0.9553100472499431, 0.01593083429858411, 0.002901588050900991], [0.028242987650868565, 0.9500595698640507, 0.019110770971534803, 0.002586671413545909], [0.0967686736116986, 0.05020081091882782, 0.849159220481305, 0.0038712948881685803], [0.040520597849021386, 0.011611688122656396, 0.010570773079988865, 0.9372969408483334], [0.1140555596119342, 0.13973872433747972, 0.7437633313339551, 0.0024423846166309587], [0.14287304450845412, 0.14067583878298687, 0.03447071745294651, 0.6819803991556125], [0.9093200628110474, 0.0886429570877333, 0.0015015295060517248, 0.0005354504951676241], [0.8886760539608748, 0.1078126960102486, 0.002784714589199796, 0.0007265353396768574], [0.8863032027005252, 0.10752406190790417, 0.0055232278165667234, 0.0006495074750038848], [0.9013129602926386, 0.09500050565155055, 0.0026949937298562927, 0.0009915402259544528], [0.8530057889239531, 0.14367444666973467, 0.002890132271267136, 0.00042963203504514354], [0.8519585649440352, 0.14349809155571122, 0.0036490128502009327, 0.0008943305500526519], [0.04784045499887187, 0.17498855901121027, 0.7721283046735123, 0.0050426812164054815], [0.019222216105028604, 0.04134458580275144, 0.012804963552004148, 0.9266282344402158], [0.006463105822776548, 0.9443700360996967, 0.04486109338879501, 0.004305764588731692], [0.005817374628139944, 0.9482638155014018, 0.036765727816874066, 0.00915308195358414], [0.011970868784501053, 0.0054819003878425355, 0.18149337855260272, 0.8010538521750536], [0.007341336300197862, 0.010033922689453826, 0.9766332319412662, 0.005991508969082097], [0.07729107939767095, 0.22017666849091996, 0.6997603822248677, 0.0027718697865413465], [0.04116294209910409, 0.08061093933813895, 0.011253780820491523, 0.8669723376422654], [0.006899898654788159, 0.9771762715580358, 0.0146068087297343, 0.0013170209574417553], [0.006595955407781966, 0.9637823960242832, 0.025682537576217156, 0.003939110891717726], [0.04201646281783306, 0.0235737998029012, 0.33569727407550637, 0.5987124632037594], [0.016313118667054406, 0.016059085507667693, 0.9630267413608147, 0.004601054364463264]], "ideal": "B", "sampled": "B", "correct": true}}
{"type": "result", "data": {"idx": 1, "options": ["II III and IV only", "I and III only", "II and IV only", "III and IV only"], "probs": [[0.13743112160791798, 0.578630949282543, 0.19380693470644422, 0.0901309943030948], [0.15044688840687329, 0.5503244872513429, 0.21215687215836243, 0.0870717520834214], [0.15714219998596365, 0.3378998187785288, 0.4140107744215324, 0.09094720671397512], [0.21018983497528157, 0.3255396131502599, 0.33066185788944746, 0.13360869388501104], [0.18049856884091214, 0.42627361094955385, 0.3268285667060674, 0.06639925340346657], [0.20517281268693016, 0.34359781394750943, 0.30799217632348197, 0.14323719694207848], [0.11799310674052658, 0.4453291495591237, 0.3309065847173196, 0.1057711588830301], [0.10875534492436387, 0.38559240566144537, 0.41688636688173597, 0.08876588243245477], [0.10115212653245866, 0.2175144948226775, 0.5554385432986638, 0.12589483524619996], [0.12499726934979288, 0.2646212498691925, 0.45721422258769334, 0.15316725809332127], [0.0985512278983447, 0.22209377419147888, 0.5760697082891942, 0.10328528952098219], [0.11785869299186862, 0.31541678306286447, 0.39251717921146545, 0.1742073446338015], [0.07658380155119678, 0.4916808531436254, 0.33789994805801576, 0.09383539714716202], [0.09965679793553374, 0.4130752086226329, 0.3760909437757149, 0.11117704956611847], [0.08185511447513137, 0.304133577799197, 0.5255009766366534, 0.08851033098901824], [0.1173488677418279, 0.40324939771250407, 0.31898515225047536, 0.16041658219519267], [0.09654444167410162, 0.19502394808297335, 0.6007291494981986, 0.10770246064472645], [0.10552867107793884, 0.3301775928190385, 0.39825512471332464, 0.16603861128969796], [0.08096317743943578, 0.5708858156972382, 0.287036646749655, 0.06111436001367105], [0.10348297140792004, 0.5093929284910994, 0.2521492596943936, 0.1349748403065869], [0.08524611637852017, 0.27951804490052073, 0.5472796706302326, 0.08795616799072642], [0.10809524517312392, 0.4209268155411187, 0.2593047359222855, 0.21167320326347186], [0.06667384455009508, 0.10992449177404869, 0.7168550046261296, 0.10654665894972667], [0.1079253272295155, 0.2113090635819881, 0.49131915700468376, 0.18944645208381264]], "ideal": "D", "sampled": "A", "correct": false}}
{"type": "result", "data": {"idx": 2, "options": ["The price level rises but real GDP falls.", "Both the price level and real GDP rise.", "The price level rises but the change in real GDP is uncertain.", "Real GDP rises but the change in the price level is uncertain."], "probs": [[0.1304559441077029, 0.7991652681422301, 0.04508627687338935, 0.02529251077667765], [0.18341299766054936, 0.7368616413975241, 0.04784865660849476, 0.03187670423343182], [0.1649358527400403, 0.31792261364313784, 0.46988259515989017, 0.04725893835693164], [0.1593896370693932, 0.3706014917689176, 0.14287999909641066, 0.32712887196527857], [0.23064023310442638, 0.39233535174840933, 0.3055644537953948, 0.07145996125176945], [0.1881130039503812, 0.4729308485511871, 0.13549935816363512, 0.20345678923479654], [0.674915626967307, 0.3090028261599334, 0.012754267174242702, 0.0033272795985169004], [0.6657519315048193, 0.31448501228195835, 0.015414875873071455, 0.0043481802401509105], [0.6684441305144261, 0.32578121266931515, 0.004504129050463741, 0.0012705276657950656], [0.6702558277413315, 0.3215989710527364, 0.0060773695654776725, 0.0020678315404543757], [0.7892786169626952, 0.20590014443641116, 0.0034337806769508305, 0.0013874578239428063], [0.6955761784086671, 0.2945317870924603, 0.0076076549969015415, 0.0022843794019710394], [0.08863113984754876, 0.17353165471181298, 0.7081474196975228, 0.02968978564311545], [0.10852168678411572, 0.30916194492367566, 0.09577330446467862, 0.48654306372753], [0.029876098007536073, 0.9294489000400794, 0.022552450640164493, 0.018122551212219975], [0.027083564399531395, 0.9399597643095409, 0.017762514954380488, 0.015194156236547199], [0.16673069694346007, 0.3368165693432978, 0.15420704507519772, 0.34224568853804443], [0.132472061546404, 0.27181653906995296, 0.5577535385893213, 0.037957860694321645], [0.08847664645278906, 0.21224473955991016, 0.6640826166167194, 0.0351959972705813], [0.09427081160468917, 0.33422891041229563, 0.155430649213776, 0.4160696286692392], [0.017653217027759897, 0.9489183747038628, 0.0187922412673223, 0.014636166901055053], [0.015158378221137858, 0.9526116660729694, 0.019464253996648553, 0.01276570160924416], [0.09934895114542398, 0.2700685161801623, 0.1336931983362109, 0.4968893342382028], [0.09871046437581366, 0.28120125746143126, 0.5680660883477322, 0.05202218971502295]], "ideal": "D", "sampled": "B", "correct": false}}
{"type": "result", "data": {"idx": 3, "options": ["result in lower domestic prices.", "sometimes raise and sometimes lower the amount of the product sold domestically.", "lower the amount of the product sold domestically.", "raise the amount of the product sold domestically."], "probs": [[0.020729867546330646, 0.8814120805740713, 0.08727060921296784, 0.010587442566630204], [0.021840842101460336, 0.8723894370119419, 0.09052268302019818, 0.015247037766399508], [0.01683003820182499, 0.0802875767873255, 0.876817080995999, 0.02606530391485049], [0.06907890993704936, 0.3913365449862949, 0.4575476518392351, 0.0820368931374206], [0.026209329492630076, 0.12700005442124426, 0.8282066356995986, 0.018583980286527066], [0.07205561285863371, 0.3331644460112479, 0.5579788462394517, 0.03680109479066668], [0.11192635737538338, 0.2902883962699264, 0.5423762343156127, 0.055409011939077484], [0.10206228797792863, 0.27741301883703995, 0.45740197467408145, 0.16312271841095], [0.150380004378495, 0.7757255040453944, 0.019419942555644727, 0.054474548920465826], [0.11781407947445066, 0.6779442889775517, 0.19122800039044682, 0.013013631057550887], [0.16718343080826162, 0.761062204827607, 0.02604231406901902, 0.04571205019511235], [0.13568841386089944, 0.7109255849744124, 0.1444361398789696, 0.008949861185718569], [0.08786969238223492, 0.11640005037216397, 0.7591026085257221, 0.036627648619879036], [0.33546659347040536, 0.291435688704911, 0.28693795201293215, 0.08615976571175145], [0.10401391935246584, 0.8310020526219882, 0.011853915420324162, 0.053130112505221705], [0.131485136064397, 0.6888842671834038, 0.1714839659466991, 0.008146630705500106], [0.3613944851279861, 0.5176342418440375, 0.06378732977471377, 0.05718394315326261], [0.4837761574921839, 0.39481521090063226, 0.111368381720467, 0.010040249786716825], [0.03873392165263147, 0.17910304530332294, 0.6551500509385517, 0.12701298200549394], [0.04822863570821352, 0.3347616407348279, 0.5349684695903343, 0.08204125386662423], [0.033978981423589134, 0.8362004502704679, 0.03451361648262782, 0.09530695172331516], [0.06089764405389245, 0.6649966586086986, 0.2563836111966085, 0.017722086040800365], [0.05565419377916369, 0.43774825048925087, 0.19124040070942944, 0.31535715492215605], [0.07781870952285143, 0.46200956630592677, 0.40142904223320874, 0.05874268183801307]], "ideal": "C", "sampled": "B", "correct": false}}
{"type": "result", "data": {"idx": 4, "options": ["expansionary monetary policy.", "contractionary monetary policy.", "a depreciating dollar.", "fiscal policy designed to reduce the budget deficit."], "probs": [[0.03805840288314803, 0.11014219830203058, 0.0627466349269793, 0.7890527637878421], [0.018357530302795577, 0.04404353366367984, 0.03886263459108555, 0.898736301342439], [0.02709870281439065, 0.12728508689208734, 0.3799541408210875, 0.46566206937243443], [0.021241093487500504, 0.0908494610236336, 0.16192682417575585, 0.7259826212131101], [0.005854159021019296, 0.6258236651581165, 0.017205614282417188, 0.35111656143844705], [0.010494416278392746, 0.453296488929512, 0.014343609280106702, 0.5218654854119885], [0.1623596794657281, 0.159857938265189, 0.19279878988714977, 0.4849835922819331], [0.08073760063846976, 0.09440656286745629, 0.08200902735393795, 0.742846809040136], [0.14282595577475893, 0.44689422857798594, 0.09815902920152093, 0.31212078634573415], [0.1595303815583683, 0.35955013749728837, 0.13225091598347793, 0.3486685648608654], [0.038868430458240594, 0.5802174685493455, 0.03430075479185526, 0.34661334610055866], [0.0663827091262138, 0.5558694848996114, 0.05589722346241102, 0.32185058241176373], [0.054581684953607615, 0.08454822286465925, 0.20598138067239208, 0.654888711409341], [0.04157858558365733, 0.06645261097160253, 0.27111731390790883, 0.6208514894368313], [0.07708871966896123, 0.5969810356221223, 0.048238977833552764, 0.2776912667753636], [0.090983789063067, 0.3830812997845603, 0.20825212260851378, 0.31768278844385894], [0.01324439236132641, 0.8454903371210271, 0.009539541796329655, 0.13172572862131687], [0.014638840605387969, 0.8508315364600916, 0.06358455629068464, 0.07094506654383584], [0.6264512532449179, 0.25711101267047404, 0.009219721881477459, 0.10721801210313062], [0.4632658655311317, 0.3038345767447047, 0.020674583878043842, 0.21222497374611976], [0.4531505952962781, 0.5055448954291187, 0.003514341506369154, 0.03779016766823398], [0.2758961717843736, 0.6828697429464266, 0.0066941832041639004, 0.034539901965035924], [0.4164445379812573, 0.5023468348697019, 0.004146964903458581, 0.07706166214558229], [0.2644259333346109, 0.6245044469208869, 0.045234955842739843, 0.06583466380176232]], "ideal": "B", "sampled": "D", "correct": false}}
{"type": "result", "data": {"idx": 5, "options": ["nominal GDP falls.", "the nominal interest rate falls.", "bond prices fall.", "the supply of money falls."], "probs": [[0.1468024922193006, 0.22737722400805074, 0.05400410757397425, 0.5718161760986744], [0.2033955394006365, 0.7324589867914703, 0.02281995421956404, 0.041325519488329146], [0.1743638119841452, 0.4248704374415368, 0.048417651178075116, 0.3523480992962429], [0.24122127940499893, 0.6159761776322357, 0.11573472673124686, 0.02706781613151858], [0.34643400571164545, 0.6273145774221768, 0.01595160169203562, 0.010299815074142123], [0.3437046340758248, 0.6321789449537213, 0.012716516772493518, 0.011399904097960368], [0.2973140533215899, 0.1495047090333339, 0.05499654737676097, 0.4981846901683152], [0.7999537347961088, 0.17032287505583812, 0.02269289202186356, 0.007030498026189552], [0.22468768652666182, 0.5224263708920205, 0.02812258786615482, 0.22476335461516286], [0.3463197699462546, 0.5534173451402694, 0.09616720735363919, 0.004095677459836848], [0.7026764645889045, 0.2929241017609624, 0.002456283393076397, 0.0019431501570566065], [0.7375728494244924, 0.25891746000389265, 0.0023475378271625995, 0.0011621526444522902], [0.4362767492715936, 0.2773182191963452, 0.02579417356979937, 0.2606108578622618], [0.5819818458214755, 0.3641972592322654, 0.042822085914884976, 0.010998808931374128], [0.36322184040409117, 0.4180748604537129, 0.011675722460930637, 0.20702757658126533], [0.44216544440535477, 0.5333594800997882, 0.017967189139003793, 0.006507886255853282], [0.41718367142820045, 0.5792188517770258, 0.002330383474737813, 0.0012670932200359588], [0.42335801882117396, 0.569705261531587, 0.005006421419239591, 0.0019302981279994806], [0.7452726411976716, 0.22377562666535533, 0.01499165324804546, 0.015960078788927617], [0.7416023132648416, 0.2226758038267298, 0.014014006812808451, 0.021707875995620178], [0.4704593220118615, 0.5167096961014782, 0.005226294153398321, 0.007604687633261945], [0.5226266272870149, 0.4684892793107454, 0.005627186849133377, 0.0032569064531062456], [0.786518596756164, 0.1988689212529153, 0.007591174206050943, 0.00702130768486977], [0.7358434158432566, 0.21751937146440875, 0.03779787921267953, 0.008839333379655036]], "ideal": "B", "sampled": "D", "correct": false}}
{"type": "result", "data": {"idx": 6, "options": ["means that no inferior products will be produced.", "implies that the economy's output is distributed evenly.", "means that those who work hardest will get more.", "implies that resources are used to produce the goods and services society desires in just the right amounts."], "probs": [[0.0001442057122894556, 0.00011057873493512343, 0.00012528676903669268, 0.9996199286837387], [0.0003853052562151508, 0.0012051989391918376, 0.9977439330139161, 0.0006655626906769135], [0.00013760339771590925, 0.00012927900416396235, 0.00014420523749977265, 0.9995889122606203], [0.00043006963903082445, 0.00047964571929591103, 0.9982995061586349, 0.000790778383038328], [0.00039149394731324003, 0.9981250613834509, 0.0012835112276593048, 0.00019993334157655037], [0.0004367321354013825, 0.9980972875874702, 0.0011150985145683184, 0.00035088166256014704], [0.00015837071260310108, 0.0001214394998344309, 0.00013976042743293462, 0.9995804292601295], [0.00031470263212104223, 0.0008289013137210612, 0.9984586930384862, 0.00039770291567171434], [0.0001739302904648055, 0.00010716406137068491, 0.00017944872575727068, 0.9995394568224072], [0.0001970057164099249, 0.0003196841802466757, 0.9988273790607018, 0.0006559309426415296], [0.0007525145867637723, 0.9953716346324999, 0.003479319398441669, 0.0003965312822946804], [0.00040363516004523483, 0.9974654549946226, 0.0009989374885013278, 0.0011319722568308111], [0.0001252797981765575, 0.00019711096359766622, 0.00017123433995509758, 0.9995063747982706], [0.00040386546306677367, 0.0011867726850976258, 0.9979659064947252, 0.00044345525711037833], [0.00012725904813153813, 0.00012529379760836828, 0.00018515607854976374, 0.9995622909757104], [0.00020964909053599644, 0.0007315673181648438, 0.9985318641197217, 0.0005269193715773796], [0.000334929348973137, 0.9983600531247081, 0.0009540449999294123, 0.00035097242638936036], [0.00021299107275315882, 0.9988163756751515, 0.0005789195447526299, 0.00039171360734275906], [0.8366954379675811, 0.16220554477678567, 0.0009060963177837475, 0.0001929208378494614], [0.9105794082659467, 0.08876477007555852, 0.0004585861277277969, 0.0001972354307669369], [0.9668989234268484, 0.030124737108548585, 0.002511709631388872, 0.00046462973321420136], [0.9827766382517126, 0.014923324806372996, 0.0006256591096105016, 0.0016743777323038787], [0.9783799013104116, 0.01709903397277165, 0.003815286079061987, 0.0007057785377546865], [0.9884072796648112, 0.010155506693501837, 0.0008079635070955687, 0.0006292500345912979]], "ideal": "D", "sampled": "D", "correct": true}}
{"type": "result", "data": {"idx": 7, "options": ["production within a nation's borders.", "production by a nation's citizens wherever they may be.", "income earned by the factors of production plus depreciation and indirect business taxes.", "(A) and (C)"], "probs": [[0.0018148924032759086, 0.0006676671617760867, 0.940166894175315, 0.057350546159633004], [0.00249336471648781, 0.0010234754426285166, 0.005888396277096721, 0.9905947634637869], [0.0009600247571599816, 0.9890002456835413, 0.0009304666727887627, 0.009109262786509923], [0.0017701179255117806, 0.9914257060935374, 0.005713597480957649, 0.001090578399993146], [0.002011678708406608, 0.001449114454260935, 0.0020433674256325495, 0.9944958393116999], [0.00274632412024354, 0.0038127036275437953, 0.9930807588362107, 0.0003602133160019715], [0.002451897737193804, 0.07869837875034819, 0.84605797846733, 0.07279174494512805], [0.0029625040458437215, 0.15678490429548647, 0.018721708623629874, 0.82153088293504], [0.0015333335151449174, 0.9581179461296943, 0.003195653350132328, 0.03715306690502843], [0.0017329178493636355, 0.9858933739793456, 0.008528927902230865, 0.003844780169059864], [0.0035188340786109188, 0.0018835839858993518, 0.19821423848056965, 0.79638334335492], [0.0025376713941842976, 0.0033094889583294906, 0.9922073475519949, 0.0019454919954912915], [0.3461751845635818, 0.00456722441068264, 0.00222576450214416, 0.6470318264235914], [0.9194387491699932, 0.02733429626915368, 0.052685535024416766, 0.0005414194364363138], [0.11551199650702583, 0.002716799101318817, 0.027868512659039373, 0.853902691632616], [0.9136402325676332, 0.015236428407031927, 0.06515550732797638, 0.0059678315973585045], [0.9546540303552536, 0.04129464146415003, 0.0036650132096213506, 0.00038631487097496914], [0.9209467398991833, 0.05887424718015453, 0.00433200748109543, 0.015847005339566695], [0.004439736010030749, 0.00329963181119006, 0.002911633959385954, 0.9893489981193933], [0.0038668000954213133, 0.003106757290622031, 0.9914885133459588, 0.0015379291679978719], [0.007409825954111786, 0.001760103043353621, 0.09313178689257533, 0.8976982840099592], [0.007043058427371602, 0.0024337810869102623, 0.9818944751089561, 0.008628685276762046], [0.0022952300009477316, 0.9856545523804345, 0.010948959685091056, 0.0011012578335266947], [0.0023052202382486844, 0.974593176206945, 0.007099940106915938, 0.01600166334789045]], "ideal": "D", "sampled": "C", "correct": false}}
{"type": "result", "data": {"idx": 8, "options": ["accounting cost", "switching cost", "inferior cost", "opportunity cost"], "probs": [[0.0019956280748914187, 0.009085837027230625, 0.03271211050413746, 0.9562064242937405], [0.0006124430855936665, 0.005126405065485731, 0.9924046733957104, 0.0018564783532102073], [0.003380413933526512, 0.009936786018697368, 0.019451520910632698, 0.9672312790371435], [0.00042186823723250967, 0.0043262694417002725, 0.9945987459178711, 0.000653116303196055], [0.00010218431479871208, 0.9987050980074055, 0.0009106233603068151, 0.00028209421748894226], [8.742905025099258e-05, 0.9990001461797301, 0.0007791316130237518, 0.00013329305699509404], [0.005311187625759692, 0.005654478266427219, 0.03803353576803941, 0.9510007982397737], [0.0008665991747873345, 0.002178008269437274, 0.9957527228420514, 0.0012026696137239182], [0.010054322351512397, 0.01878672923682803, 0.007471222495289976, 0.9636877258163696], [0.0008664390547440763, 0.0032690138644974657, 0.9955698591216535, 0.0002946878591049686], [0.00019700006333804037, 0.9988884982922079, 0.0007433702302467773, 0.00017113131420726132], [0.0002610083906927939, 0.9990000664524696, 0.0006769361974201958, 6.198885941735647e-05], [0.001088966676531722, 0.0010721611943581072, 0.007677145843181037, 0.9901617261859291], [0.00028637189859323736, 0.001047110365884737, 0.9977985125244165, 0.0008680051111055323], [0.003250395583180043, 0.017850931387093334, 0.004173207015691195, 0.9747254659140354], [0.0007748586493035777, 0.005211386920096294, 0.9932270222495866, 0.0007867320810135005], [7.8375159892157e-05, 0.9990427451180631, 0.0007434821422905657, 0.00013539747975410257], [0.00010062690459126235, 0.9989688601112614, 0.0008165038569374581, 0.00011400902720990842], [0.998211571416275, 0.0016483521466818631, 0.00012513100337903181, 1.4945333664019825e-05], [0.9984086618106144, 0.0014778817523867557, 0.00010539209812547935, 8.064238873417963e-06], [0.9968927634836399, 0.002980863071117866, 0.00011201953954623409, 1.4353805696077283e-05], [0.9978110038818926, 0.0020828803371315215, 9.894754776130489e-05, 7.168133214569374e-06], [0.9981735264260522, 0.0017274130089823126, 9.154551404117786e-05, 7.514950924361682e-06], [0.9982453239293129, 0.0016484012024124478, 9.899060044904574e-05, 7.284167825582413e-06]], "ideal": "D", "sampled": "D", "correct": true}}
{"type": "result", "data": {"idx": 9, "options": ["there is no cyclical unemployment.", "the inflation rate is zero.", "there is no structural unemployment.", "the nation is experiencing a recession."], "probs": [[0.07403057440156308, 0.07880805083287208, 0.012864510243108716, 0.8342968644224561], [0.12562436238535754, 0.11086637110991375, 0.2966804294492285, 0.4668288369555002], [0.010701521777104567, 0.008599339436595278, 0.001979562542220995, 0.9787195761440791], [0.3630761991651511, 0.2656263331616632, 0.17694357998557972, 0.194353887587606], [0.08170543473263189, 0.5497196224015403, 0.01910576378372012, 0.3494691789821077], [0.06954868694536513, 0.847292369137445, 0.02899173258065949, 0.05416721123653038], [0.05282480779422689, 0.6850425182912822, 0.0688953492060976, 0.19323732460839338], [0.04540105654518556, 0.6568262151634393, 0.151205841654472, 0.14656688653690306], [0.06969600325936501, 0.4010660439566904, 0.3484517711451536, 0.180786181538791], [0.019995513220936574, 0.07200958115669939, 0.01683778008947039, 0.8911571254328936], [0.03635482408439801, 0.08321697823131192, 0.8145967539047927, 0.06583144367949735], [0.06264266882796496, 0.19295506948705654, 0.49271840996887384, 0.2516838516161047], [0.04281627547567714, 0.05584412164452051, 0.013900276517302556, 0.8874393262624998], [0.17614713309433902, 0.3189574479737805, 0.26032403108854585, 0.24457138774333462], [0.05800436004383771, 0.08308562016508461, 0.6433884021452111, 0.21552161754586655], [0.016157339853725475, 0.01747112878861236, 0.012388197891716867, 0.9539833333659453], [0.16237412028534925, 0.3229164110639442, 0.4277929865634389, 0.08691648198726759], [0.011379057397284459, 0.02093017261027853, 0.005291716594243079, 0.962399053298194], [0.022516994180984937, 0.5898742774076757, 0.012630716176700479, 0.3749780121346388], [0.029642251184898022, 0.893774361502332, 0.026158808939491837, 0.050424578273278106], [0.028870981203269853, 0.07488438974494732, 0.8177642758523045, 0.07848035309947836], [0.055156962489498605, 0.14306706030978292, 0.33263388390436033, 0.46914209319635813], [0.05574980377593442, 0.7817168831043539, 0.09632594882478665, 0.06620736419492498], [0.006923940315521539, 0.06884681251615768, 0.002977914796726923, 0.9212513322715938]], "ideal": "A", "sampled": "A", "correct": true}}
{"type": "result", "data": {"idx": 10, "options": ["pay that amount to its trading partners.", "have a positive value of equal magnitude on its capital account.", "depreciate its currency.", "appreciate its currency."], "probs": [[0.12666886343919942, 0.61380950460148, 0.2441549900287468, 0.01536664183057381], [0.08853125637280203, 0.7648059781979093, 0.04314676703935609, 0.10351599828993253], [0.02817888633800945, 0.9478421496995177, 0.009586917197017309, 0.014392046665455524], [0.07355402510429158, 0.9101890719910118, 0.007874392214195454, 0.008382510590501073], [0.12875335492783807, 0.33921463810455027, 0.40916662253072855, 0.12286538433688309], [0.26495268543465805, 0.34556063491285366, 0.34555258828592966, 0.043934091266558645], [0.21164345242488194, 0.3127750823051449, 0.462261701184641, 0.01331976398533216], [0.2090390433405908, 0.4784938644098849, 0.1191065447937488, 0.19336054735577546], [0.2139760828181335, 0.7586148229532672, 0.01624423546869552, 0.011164858659903777], [0.4340691726608577, 0.5487205807907337, 0.013736898574484941, 0.0034733478739235775], [0.2643435158669961, 0.36131849054767484, 0.0972470699002693, 0.27709092358505977], [0.48852356376091866, 0.4113784608237797, 0.09323716562138717, 0.00686080969391444], [0.8069035930971833, 0.1665167345823283, 0.011331369062391681, 0.015248303158096685], [0.7765508802589103, 0.1732734273207502, 0.03927038938229783, 0.010905302938041666], [0.7418054277443953, 0.23342351796901525, 0.008636189311797986, 0.016134864874791474], [0.703650223935877, 0.2670773817509331, 0.024456463330359602, 0.004815930882830333], [0.875530143192703, 0.09521128449109159, 0.013716006956725774, 0.015542565259479633], [0.8076678075445386, 0.13603354737235301, 0.048503306997555576, 0.007795337985552856], [0.10524515335838808, 0.3505229395038901, 0.034167613414826874, 0.510064293622895], [0.04942412963608167, 0.09378282567657463, 0.8358677484697009, 0.02092529611764274], [0.11773627776531456, 0.39830111253604866, 0.025461935642584185, 0.4585006739560526], [0.11224522775019989, 0.5881038482824117, 0.29112977654197536, 0.008521147325413082], [0.028828468170859448, 0.9252600072889132, 0.016170058397821853, 0.029741466042405493], [0.08484640892776497, 0.8049831445839062, 0.0784663803335236, 0.031704066054805226]], "ideal": "B", "sampled": "C", "correct": false}}
{"type": "result", "data": {"idx": 11, "options": ["The cash you receive from babysitting your neighbor\u2019s kids", "The sale of illegal drugs", "The sale of cucumbers to a pickle manufacturer", "The sale of a pound of tomatoes at a supermarket"], "probs": [[0.017370742265615254, 0.01606534090647897, 0.9049791928774175, 0.06158472385048835], [0.008025960910699828, 0.007539670890006417, 0.9721964557439957, 0.012237912355298069], [0.011963695989850646, 0.9805787781195217, 0.0018062530912699006, 0.005651272699357744], [0.028576218347082464, 0.961226843302953, 0.007454541688632308, 0.0027423965613321217], [0.012351038555372186, 0.9811770073375803, 0.0012421820699078762, 0.005229771937139646], [0.0291793158333604, 0.9662985762644152, 0.0018079947791076678, 0.002714113023116795], [0.016283671591254507, 0.024444814636540756, 0.8752738259982588, 0.08399768767394598], [0.009669517156940165, 0.012223407613545761, 0.9559736241971882, 0.022133450932325785], [0.019319723695865532, 0.9022496064462556, 0.013072375736393001, 0.06535829402148584], [0.023420361114837935, 0.1575671513487655, 0.8001938267839575, 0.018818660652439145], [0.0038325709388173524, 0.9828197267637986, 0.004844799714225306, 0.008502902483158775], [0.009170634867567487, 0.98033287231102, 0.00475765961121332, 0.005738833110199272], [0.7761115723475625, 0.1369917786043472, 0.007608698382617617, 0.0792879505654728], [0.21756279516165314, 0.07518603439076392, 0.7022921343322789, 0.004959036015304052], [0.7851880188381984, 0.09827862673494966, 0.0256371124601029, 0.09089624186674902], [0.06598679888076672, 0.030686239816433328, 0.8967935252982342, 0.0065334359045657354], [0.10639822465260056, 0.8908655656342982, 0.0010430983515043995, 0.0016931112615967926], [0.061542686025830816, 0.933076082915072, 0.0011272008987456253, 0.004254030060351551], [0.9350757184775426, 0.0535841222102875, 0.001427964335152809, 0.009912194877017083], [0.887382675512311, 0.07059918259482821, 0.03960236859583997, 0.0024157731970208696], [0.9465912214912289, 0.04427288952973633, 0.002346358086299115, 0.006789530792735669], [0.9442144055409097, 0.0366109810751394, 0.01756603163437805, 0.0016085816495727578], [0.9276511197382661, 0.07042338340949635, 0.0010527442838180801, 0.0008727524684195215], [0.9143030676065768, 0.0837247245572, 0.0007591269791765728, 0.0012130807570466763]], "ideal": "D", "sampled": "D", "correct": true}}
{"type": "result", "data": {"idx": 12, "options": ["5 percent decrease", "\u00bc percent increase", "3 percent increase", "5 percent increase"], "probs": [[0.09885965368849221, 0.4500507708154811, 0.3241401991128003, 0.12694937628322636], [0.11757460585773262, 0.5436852735835602, 0.2095937344101207, 0.12914638604858644], [0.10065279304947441, 0.47275630339359775, 0.3404936542840099, 0.0860972491729179], [0.08905584976593414, 0.438358866552999, 0.32573973643890414, 0.14684554714216275], [0.09824671156109188, 0.34292738093311353, 0.44030658418127, 0.11851932322452456], [0.06371860490334341, 0.23674635154977852, 0.5859383009952714, 0.11359674245160657], [0.09435546861076137, 0.3790697342055535, 0.4035028098566311, 0.123071987227054], [0.11079978279257308, 0.5123543776979869, 0.23456025296011596, 0.14228558644932404], [0.11504196460170968, 0.3713765171646475, 0.3891806929108292, 0.12440082522281368], [0.10148172597730724, 0.37707593190454824, 0.3433107954670472, 0.17813154655109734], [0.1453114447272527, 0.41396756618393876, 0.3124686749372234, 0.12825231405158513], [0.1327535360918806, 0.39020359512241765, 0.30387678739369983, 0.17316608129200192], [0.05711227431242475, 0.6639578514914288, 0.17868617641183238, 0.10024369768431406], [0.05914566711403428, 0.5790207795271718, 0.17383616901271354, 0.1879973842460803], [0.08716409522668953, 0.5864432962182335, 0.20909215196229003, 0.1173004564927869], [0.08014861433785893, 0.5651383953338597, 0.15939326463987974, 0.1953197255884017], [0.08002473413143997, 0.2793306708056546, 0.4394252001799802, 0.20121939478292525], [0.06945823132297209, 0.25014162061097217, 0.5378673672138219, 0.14253278075223383], [0.08886395129078241, 0.34066097909796095, 0.4239461891243244, 0.1465288803869322], [0.05810278917821634, 0.2446253402915101, 0.534301449783706, 0.1629704206465676], [0.0963327639528271, 0.5809939969272915, 0.1613261365432762, 0.16134710247660525], [0.08548703661470516, 0.5662547264985025, 0.14316271030718894, 0.20509552647960336], [0.10729171814255613, 0.3356980831152412, 0.3686762318544768, 0.18833396678772588], [0.0826526233653175, 0.24293725105922945, 0.5223780896592005, 0.1520320358162525]], "ideal": "D", "sampled": "B", "correct": false}}
{"type": "result", "data": {"idx": 13, "options": ["more effective in X because the policy will increase net exports.", "more effective in X because the policy will decrease net exports.", "equally effective in X and Y.", "less effective in X because the policy will decrease net exports."], "probs": [[0.6243644018817462, 0.3448076390725714, 0.024209492909464017, 0.006618466036218299], [0.6541874481178881, 0.3188267385509676, 0.023095874371631624, 0.003889938859512645], [0.15130086467095466, 0.17687890195387435, 0.6369903777944387, 0.034829855480732266], [0.2754678304753881, 0.22482383734017194, 0.4471342661320647, 0.052574065952375286], [0.5161847082344048, 0.42130305065847384, 0.055263409736000704, 0.007248831271120726], [0.42179483838865756, 0.50090295864415, 0.06570471926585328, 0.011597483601339116], [0.150077637221468, 0.8113287482475937, 0.026080227729895624, 0.012513386701042711], [0.17891447917928893, 0.7651307828970592, 0.05126071859404511, 0.004694019229606764], [0.05596965084461178, 0.0880459159665924, 0.835395858504972, 0.02058857458382377], [0.14430520797151947, 0.18528361230926263, 0.47315165235744927, 0.19725952726176862], [0.23553426758806975, 0.33737841527925805, 0.41337785467134286, 0.013709462361329345], [0.2764937897978928, 0.3283503079708164, 0.06670873661200245, 0.3284471655192883], [0.020956787253606324, 0.8911193797732397, 0.08033391465899757, 0.007589918214156335], [0.029219327325465894, 0.853936677608047, 0.10522146610732402, 0.011622528859163088], [0.042586595926295955, 0.6558340958253807, 0.27769080525778767, 0.023888502890535696], [0.03458519793863888, 0.7749762851891518, 0.15743712234341417, 0.03300139442879507], [0.05472483072087664, 0.49541851504096457, 0.41718029660895767, 0.03267635752920112], [0.04059583617721156, 0.5603902234994099, 0.34523513266651706, 0.053778807556861444], [0.29105573930342843, 0.6559036382599066, 0.048262160334001415, 0.00477846200266351], [0.3200762140470558, 0.6365544531296006, 0.017502325566719223, 0.025867007156624412], [0.40838078434585123, 0.4279650814198636, 0.15259998210968054, 0.011054152024604615], [0.27826669809419785, 0.3517614304667617, 0.023566782472161145, 0.34640508886687926], [0.10218847601810221, 0.10876896992042212, 0.7669446549356308, 0.0220978990258449], [0.07888998443097668, 0.0997144102822849, 0.7484407162710942, 0.07295488891564421]], "ideal": "D", "sampled": "A", "correct": false}}
{"type": "result", "data": {"idx": 14, "options": ["Unemployment falls with little inflation.", "Unemployment rises with little inflation.", "Unemployment falls with rampant inflation.", "Unemployment rises with rampant inflation."], "probs": [[0.962098469106502, 0.03672640876871657, 0.001058229866997091, 0.00011689215778435609], [0.9457132743135654, 0.051711980319396555, 0.0022720217959642315, 0.0003027234710737615], [0.8672645799510891, 0.1309382038254291, 0.0015483651276358386, 0.000248850995845966], [0.8211542638603649, 0.17483331839350072, 0.0035722214974745164, 0.00044019614865975227], [0.8541676049226596, 0.11380649632945904, 0.031602418607286825, 0.00042348004059450454], [0.6543265264356077, 0.1680428006357851, 0.1761070404625851, 0.0015236323660220692], [0.10294318063905651, 0.7034879830438939, 0.17511154481175906, 0.018457291405290444], [0.07249981730335414, 0.8971493617903545, 0.02317223454215348, 0.007178586264137802], [0.07653803791011496, 0.23574630697069013, 0.6821714411421641, 0.005544213877030741], [0.1687572913302736, 0.5198130796476145, 0.29158661465664903, 0.019843014265462918], [0.08347209822017028, 0.2199175580343405, 0.6565597276814772, 0.04005061596401201], [0.07312515704162026, 0.21831021686592095, 0.5488326794328523, 0.15973194655960643], [0.014958922742786198, 0.9698984021422534, 0.01111645064619198, 0.0040262243687683484], [0.013152490853269158, 0.9663272082660631, 0.016114678406499678, 0.004405622374168069], [0.1304951232246126, 0.46992439206166303, 0.37760139237434254, 0.021979092239381846], [0.11794094170852681, 0.6083952278541379, 0.23825012500064455, 0.035413705336690665], [0.12371731986103031, 0.50484110706463, 0.35798789334027215, 0.013453679634067461], [0.11214631920094995, 0.6453638744308344, 0.19992234034240394, 0.04256746592581174], [0.012407827520240739, 0.9405633350738458, 0.02840182047342482, 0.018627016832488647], [0.034443016257866554, 0.6398175799251004, 0.3118229730605343, 0.013916430656498798], [0.056930995319257965, 0.3327762497112653, 0.4206670459857797, 0.18962570888369706], [0.07534662449698865, 0.3947916920678177, 0.4268708248658395, 0.1029908584693541], [0.016591047270860918, 0.8377674860944778, 0.13676084130974897, 0.008880625224912278], [0.017047262965741317, 0.9454321464095622, 0.028106092225953918, 0.009414498298742531]], "ideal": "A", "sampled": "A", "correct": true}}
{"type": "result", "data": {"idx": 15, "options": ["70%.", "30%.", "40%.", "90%."], "probs": [[0.06770184534555398, 0.4414807193809234, 0.3603087907623234, 0.1305086444111992], [0.072093095051405, 0.4148694327136595, 0.37187258169075965, 0.14116489044417585], [0.08417842348169466, 0.28926124519358476, 0.49203347055089197, 0.13452686067382863], [0.07687350877727707, 0.26415749594438487, 0.45640905326782144, 0.2025599419105166], [0.06694745817267607, 0.2526566608695854, 0.5874433341796855, 0.09295254667805303], [0.0553722015318669, 0.24816387992680147, 0.5505631853892399, 0.14590073305209172], [0.03431109210836905, 0.43129567681053926, 0.31062336595888473, 0.22376986502220694], [0.0380137657045286, 0.3551007098029471, 0.33880804752639626, 0.26807747686612804], [0.016950689380788662, 0.0660026301824805, 0.8296049894278513, 0.08744169090887956], [0.015692652285230514, 0.03592438056369179, 0.23791328275155635, 0.7104696842995213], [0.008487657967100498, 0.053640650765511264, 0.9073076593710041, 0.03056403179638415], [0.02611990415215224, 0.130600450220675, 0.4150037397494279, 0.4282759057777449], [0.014976133521191107, 0.4807091332458319, 0.3355628534091217, 0.1687518797238553], [0.017188336762513745, 0.4036557689041652, 0.22289523563128685, 0.35626065860203415], [0.018170921028613472, 0.08944123932509579, 0.7971757605032523, 0.09521207904303838], [0.020000203510618462, 0.0731627379081036, 0.3490021688981304, 0.5578348895831475], [0.005255617898961094, 0.038831801936348026, 0.9119088456200014, 0.04400373444468949], [0.023354429140284957, 0.10799243018461052, 0.6214263276507498, 0.24722681292435478], [0.014888339353248764, 0.5855069399806084, 0.33884920074882097, 0.060755519817321836], [0.010506435462721887, 0.6812247145061141, 0.22816871465590663, 0.08010013527525739], [0.01786020111927086, 0.18903107364598548, 0.7246434442732959, 0.06846528086144775], [0.02308310214154376, 0.24433009039239792, 0.29011840498038866, 0.4424684023856697], [0.009313091024369358, 0.09259576668599712, 0.8515299255169695, 0.04656121667266409], [0.030396683648113616, 0.2390956024434866, 0.43291471129840325, 0.29759300250999654]], "ideal": "B", "sampled": "A", "correct": false}}
