{"type": "result", "data": {"idx": 0, "options": ["a currency.", "a well-connected transportation infrastructure.", "government activity.", "a banking service."], "probs": [[0.3152394435346543, 0.1196546160900721, 0.12737179370612806, 0.43773414656914555], [0.06440005209547418, 0.013712472422397991, 0.018741912741501138, 0.9031455626406266], [0.4099845457778296, 0.16055532456114402, 0.061900264319931286, 0.3675598652410951], [0.14635233979308823, 0.06294697053496118, 0.07022244704390332, 0.7204782425280473], [0.029867742471896604, 0.004370980468629844, 0.02185216006380428, 0.9439091168956693], [0.114996595874143, 0.045034896074557365, 0.17811478473571843, 0.6618537232155812], [0.19322398015080863, 0.12475939652924772, 0.12282367611456019, 0.5591929471053835], [0.029795436594864416, 0.007302275045396813, 0.0064438858342019244, 0.9564584024255368], [0.15619555673255864, 0.07494581788351798, 0.19745330823751808, 0.5714053170464053], [0.2886579205407066, 0.2248109180339957, 0.1594144183499654, 0.3271167429753323], [0.030028982647161903, 0.0043945780910367655, 0.016583929981167027, 0.9489925091806343], [0.22424736770250842, 0.10107953242962862, 0.26217771991386524, 0.4124953798539977], [0.18718978481820234, 0.24036150810160417, 0.10177542116554938, 0.47067328581464407], [0.09364725508875085, 0.06959462061432507, 0.052532552884741235, 0.7842255713121828], [0.1347747674315365, 0.0804793435540391, 0.26803569600498717, 0.5167101929094372], [0.26936260264448736, 0.20017494557546964, 0.2693665365511007, 0.26109591512894226], [0.06016484784578554, 0.028868277356431486, 0.053932463497897216, 0.8570344111998858], [0.24137849383984727, 0.1658995399935184, 0.23032981958679324, 0.3623921464798411], [0.01795964593798063, 0.0034279581688430893, 0.013139807860809314, 0.965472587932367], [0.07669634142656052, 0.03623030226374057, 0.1478394672770639, 0.739233888932635], [0.03160251946236801, 0.008116855020670718, 0.0220625393329581, 0.9382180860840031], [0.21537513065977767, 0.1527290573833567, 0.2479013391529373, 0.38399447270392834], [0.0789627229817935, 0.042267141099033456, 0.06860554396509078, 0.8101645918540822], [0.29676993024823367, 0.2205455997609607, 0.15157922288358863, 0.331105247007217]], "ideal": "B", "sampled": "C", "correct": false}}
{"type": "result", "data": {"idx": 1, "options": ["zero population growth.", "rapid growth rate.", "homeostatic plateau.", "demographic momentum."], "probs": [[0.00024496968344871276, 0.00021284499092277028, 0.0013878156114043871, 0.9981543696142241], [0.0002649324531054914, 0.0006979412691537236, 0.9982585062985971, 0.0007786198791435974], [0.00021977006595634785, 0.00020971675894893965, 0.00059738621090441, 0.9989731268641903], [0.0002952146610364815, 0.0008951467916902383, 0.9971108943432924, 0.0016987441039808717], [0.0001088046824648976, 0.998999343769557, 0.00048760076676191344, 0.00040425068121615265], [9.307162258118047e-05, 0.9990659261759023, 0.0005110361942009218, 0.0003299659073156339], [0.0002689469601373189, 0.00020621627167545685, 0.0017537323643790155, 0.9977711043038082], [0.000196958128804833, 0.0005188864134171856, 0.9986775185701424, 0.0006066367876355928], [0.00029559007724034073, 0.000597129268885002, 0.0006257574865687021, 0.998481523067306], [0.00016575954905026033, 0.0007664083033356324, 0.9980837242503255, 0.0009841077972885747], [5.825798656456785e-05, 0.9993309662252574, 0.00029584474089792235, 0.00031493094728004693], [4.7548390992604836e-05, 0.9993162135400581, 0.000451101282520636, 0.0001851366864286847], [0.0002777873595313371, 0.00018505379548757514, 0.0006663692180605015, 0.9988707895269205], [0.0003142026968865411, 0.0008277566291696587, 0.9969632453902909, 0.0018947951836528743], [0.0002650873265059043, 0.00018506812717269301, 0.0006067839605629229, 0.9989430604857584], [0.00018214148256815747, 0.0003621993929142928, 0.9985591865854795, 0.0008964724390380292], [0.0001271332031232734, 0.9984440429652575, 0.0002412465600194538, 0.0011875771715998062], [8.21049567003565e-05, 0.9986948657468719, 0.00034029678020944525, 0.0008827324162182048], [0.996052098479335, 0.0036489291384667563, 0.00018166753081988346, 0.00011730475137836064], [0.9963383124924566, 0.0031711417829068085, 0.00041595852850800295, 7.458709612856294e-05], [0.9977978959451722, 0.0016998843745728903, 0.0003144427079709734, 0.00018777687228390742], [0.9976817114758187, 0.001499960626366536, 0.0007310121832056427, 8.731561460904683e-05], [0.9956463172263396, 0.0038826689872595473, 0.0003500294392307134, 0.00012098424717020258], [0.9960231985535396, 0.0036488057397790854, 0.00022608165918835106, 0.00010191394749291984]], "ideal": "D", "sampled": "D", "correct": true}}
{"type": "result", "data": {"idx": 2, "options": ["push factors.", "pull factors.", "distance decay.", "migration selectivity."], "probs": [[3.0232882208330122e-05, 0.0002268754719587616, 0.9995363218464218, 0.00020656969941111912], [1.5934538649053296e-05, 9.91463923897086e-05, 5.6490616654104003e-05, 0.9998284283523071], [1.8627518542416057e-05, 0.9996826654978819, 0.00018811854212081938, 0.00011058834145482312], [2.0457593653668274e-05, 0.9996436878121429, 0.00018232375521445656, 0.00015353073898896722], [2.2467690433780064e-05, 0.00010069182181953034, 0.00020985415441035667, 0.9996669862333363], [4.003043067226246e-05, 0.00026510743184860396, 0.9990178940191234, 0.0006769680183556773], [3.425801162782057e-05, 0.0002652403058944027, 0.9995238153901046, 0.0001766861923731651], [2.046042066810336e-05, 8.887468954676356e-05, 5.8284093877678797e-05, 0.9998323806959074], [1.8630730716711554e-05, 0.9998399155012081, 7.843245478403942e-05, 6.3021213291105e-05], [2.1442952237911216e-05, 0.9997878634158002, 9.609250802238321e-05, 9.460102393949894e-05], [3.942720225318414e-05, 0.00016341934478462906, 0.00024917784779346613, 0.9995479755051687], [5.471525501252543e-05, 0.0004042380836589842, 0.9990138262566834, 0.0005272203046449941], [0.9992121421472554, 0.0007553883188371962, 2.2810728205863784e-05, 9.658705701535748e-06], [0.9991292567038542, 0.0008295623963207717, 2.838612708073576e-05, 1.2794672744229304e-05], [0.9992595028009422, 0.0007096559335666807, 2.1767216974570604e-05, 9.073948516472408e-06], [0.9991622138474392, 0.0007916016061238435, 3.318784255314269e-05, 1.2996603883760453e-05], [0.9990467933005224, 0.000925367576116653, 1.8907658675581306e-05, 8.931364685381856e-06], [0.9991187639070905, 0.0008558864515183377, 1.7216858716013985e-05, 8.132682675104078e-06], [3.70436977330717e-05, 7.252756110583613e-05, 0.00019714448907806384, 0.999693284152083], [6.497071522625197e-05, 0.0002692632293004535, 0.9989451885741332, 0.0007205773813400846], [4.1325243848121086e-05, 6.813354131707995e-05, 0.00019408907176079315, 0.999696452043074], [6.705221446860281e-05, 0.00024909733245716525, 0.999225696069516, 0.00045815428355823625], [2.6687076708002167e-05, 0.9998602152968851, 6.401550450424314e-05, 4.908202190262032e-05], [2.5465416960742142e-05, 0.9998747247991031, 5.649434074971685e-05, 4.331534318643878e-05]], "ideal": "C", "sampled": "C", "correct": true}}
{"type": "result", "data": {"idx": 3, "options": ["First", "Second", "Third", "Fourth"], "probs": [[0.0438765954638608, 0.30937444930131136, 0.4501053656924771, 0.19664358944235075], [0.06699732340961333, 0.2162958121525216, 0.10057278942049003, 0.616134074917375], [0.02989935341211077, 0.7358391208991064, 0.056738153385005374, 0.17752337220377742], [0.035225074341070695, 0.5425093708854505, 0.025371610832229642, 0.3968939438412492], [0.04947401840727106, 0.06869461744979262, 0.15478698224895715, 0.7270443817939791], [0.0629744520277222, 0.0808693605450978, 0.13541438972468464, 0.7207417976024953], [0.0704018186022246, 0.12356169704694284, 0.6473831630205906, 0.1586533212302419], [0.09341229169979685, 0.10101013336110909, 0.09340944557788187, 0.7121681292612122], [0.06226854047512144, 0.48219809004822234, 0.2277626092204839, 0.2277707601561723], [0.06213363326665441, 0.1197729046362268, 0.03710107767553833, 0.7809923843215805], [0.05773251739706079, 0.035570559614603654, 0.1922723431506548, 0.7144245797376807], [0.05470770106605334, 0.030690319399554862, 0.19395061738482264, 0.7206513620495691], [0.15502741122787728, 0.08972581007119305, 0.28512932360371795, 0.47011745499721175], [0.0950696816127632, 0.05333290437328455, 0.08005518375451076, 0.7715422301594415], [0.14436296487574363, 0.26141141420440905, 0.320272434934086, 0.2739531858857613], [0.10304512082499975, 0.07658027111718176, 0.09382152556434832, 0.7265530823934702], [0.06853068589053898, 0.03288321539702761, 0.0893792901196363, 0.809206808492797], [0.055406713744512774, 0.02169851095920383, 0.14597461088324232, 0.776920164313041], [0.04254128918326908, 0.09587376773104031, 0.15319379306577458, 0.708391149919916], [0.04770893673474862, 0.11445507426258682, 0.1256944606446478, 0.7121415282580168], [0.04660512506495771, 0.20245097575547358, 0.22583657500869686, 0.5251073240708718], [0.039568384314726764, 0.11449981456968843, 0.20731981196507135, 0.6386119890505134], [0.04382736271063829, 0.09724047939628998, 0.17333813134133919, 0.6855940264517325], [0.04385129071056593, 0.06792198992441104, 0.1229818039074829, 0.7652449153575401]], "ideal": "A", "sampled": "C", "correct": false}}
{"type": "result", "data": {"idx": 4, "options": ["Most women work in agriculture", "The percentage of women economically active in the labor force declined worldwide", "The percentage of women in the total labor force declined", "Women spend more hours per day working than men in all regions except Anglo America and Australia"], "probs": [[0.00010168630483986707, 0.9939593304026402, 0.0016155457493592551, 0.004323437443160737], [0.00010184241169601438, 0.9954670895697685, 0.0018049385895542894, 0.002626129328981256], [0.0024157509189898607, 0.14714573524584867, 0.7830721443754882, 0.06736636935967319], [0.000676845361559338, 0.6653545366892207, 0.23352583779683025, 0.10044278005238962], [0.0031341583418846505, 0.8163979979746665, 0.1213311797438339, 0.059136663839615015], [0.0017987388957327586, 0.9031502886309072, 0.049379291157535594, 0.04567168121582448], [0.6467339161174301, 0.09029892590664307, 0.22704151049080512, 0.035925647385121655], [0.493432699137921, 0.13917182993271585, 0.328739205012504, 0.038656265816859194], [0.7804217926610206, 0.1912554205444308, 0.006859204200980766, 0.021463582493567855], [0.5848016719577691, 0.24760887978594234, 0.15020166328665663, 0.017387784869631936], [0.5459960607005703, 0.3811866576762037, 0.017014713670972934, 0.05580256785225311], [0.4075684638115399, 0.40123323498900565, 0.16212819877422263, 0.02907010232523184], [0.006020756014165652, 0.008101894576004031, 0.9512316650078629, 0.03464568430196734], [0.4370504291626045, 0.16330337796192168, 0.30511272657496913, 0.09453346620050468], [0.007013376576160502, 0.9779023808961421, 0.004389084268459415, 0.01069515815923797], [0.023141194034057275, 0.9389977254442711, 0.026223977665232732, 0.011637102756438892], [0.40563379807512673, 0.4251103305739408, 0.03544469843201469, 0.13381117281891777], [0.11574896627429927, 0.2820264629908338, 0.5352290710831885, 0.06699549955167843], [0.15068701893006212, 0.08065216717111134, 0.7189675923809112, 0.049693221417915316], [0.33969436807162207, 0.12692720713958425, 0.4643543487190887, 0.06902407596970495], [0.21612668357307138, 0.6762554149585537, 0.018889017682705157, 0.08872888368566981], [0.33445429434836743, 0.5344592154372362, 0.09583066407543238, 0.035255826038963926], [0.37532290532916485, 0.46710165982417023, 0.031790889559555204, 0.12578454518710974], [0.360486722710568, 0.2720872810227149, 0.34401447218223585, 0.023411523984481288]], "ideal": "D", "sampled": "B", "correct": false}}
{"type": "result", "data": {"idx": 5, "options": ["safety.", "better climate.", "better schools.", "overcrowding."], "probs": [[0.009112444444301645, 0.001233307948883444, 0.015500796791607202, 0.9741534507152078], [0.11784397304665654, 0.009523538463650874, 0.0797375629874974, 0.7928949254021952], [0.005366049971268022, 0.0006510168634671637, 0.002827736688374, 0.9911551963768908], [0.12592165370946504, 0.0173102431874858, 0.3587163616928117, 0.4980517413102375], [0.26988121939885, 0.020489208455446748, 0.009528134975173817, 0.7001014370705294], [0.21982264860191233, 0.03941307010933396, 0.2530164288393339, 0.4877478523494198], [0.0074625016224210625, 0.0011994164409338919, 0.02905713985721426, 0.9622809419794308], [0.071277893939792, 0.012581834544879726, 0.18488140367938738, 0.731258867735941], [0.020230515586115244, 0.0027811686480811583, 0.017304091345318764, 0.9596842243204848], [0.055685432885888564, 0.010795168058427765, 0.4448919763721536, 0.48862742258353004], [0.148966350797488, 0.02843212686454783, 0.0420183340093354, 0.7805831882286288], [0.0867783956926817, 0.030942216012082892, 0.49937664624070266, 0.3829027419545327], [0.007313456217817306, 0.000581897744742249, 0.003794215756217515, 0.9883104301812229], [0.23187472982109342, 0.02521604624853611, 0.195260029354909, 0.5476491944754615], [0.014595185612337138, 0.0012169785503561151, 0.007812301738465914, 0.9763755339988408], [0.08443728786363255, 0.00749429869859434, 0.4221593713590081, 0.48590904197876494], [0.4626532261884294, 0.05612884551567543, 0.025696963639561806, 0.45552096455633334], [0.3577018419783694, 0.04766084306576529, 0.04917249510510832, 0.545464819750757], [0.7437480119011669, 0.018619563498049038, 0.017767027084865036, 0.21986539741591896], [0.686149376573514, 0.026192550296503123, 0.1438268013407543, 0.14383127168922857], [0.7545265695168774, 0.0188893083257209, 0.03875875172299644, 0.18782537033440527], [0.5049106079638295, 0.017549118711779513, 0.22758294039782784, 0.24995733282656316], [0.8466649943862862, 0.02897141379690547, 0.030840240866785027, 0.09352335085002333], [0.6937542429426997, 0.01907484406751517, 0.03194450626036644, 0.2552264066294187]], "ideal": "D", "sampled": "D", "correct": true}}
{"type": "result", "data": {"idx": 6, "options": ["Vietnam", "United Kingdom", "Germany", "Bolivia"], "probs": [[0.631694010467729, 0.145426375726459, 0.0011278373272607077, 0.22175177637855126], [0.2445533012239452, 0.10036654779112149, 0.0006062009361438781, 0.6544739499487894], [0.5843188449012481, 0.2183458612584882, 0.016319003744829405, 0.18101628999543432], [0.3213898826394721, 0.18028813537871205, 0.0005306933289573099, 0.49779128855285854], [0.05992685041531661, 0.01690330400269249, 0.7771483861624349, 0.14602145931955607], [0.015153520696591562, 0.007047163800326189, 0.8945900222074544, 0.08320929319562785], [0.46668415189161233, 0.11084859526291109, 0.01699907029618866, 0.40546818244928795], [0.04163461044972406, 0.010527155966271693, 0.0002254166449576167, 0.9476128168390466], [0.11406340560449128, 0.006536451697285191, 0.36820102094353685, 0.5111991216546867], [0.07127791297239729, 0.00632647766763704, 0.08076805229428119, 0.8416275569656845], [0.09228835797059741, 0.014832536363827776, 0.003468331338951182, 0.8894107742266236], [0.15713020194304692, 0.03398254999865121, 0.10467145941865959, 0.7042157885396423], [0.9279761481709219, 0.0454853826608412, 0.0069754451084569884, 0.01956302395977988], [0.7616592920783961, 0.016566654699505703, 0.00011338395257498467, 0.22166066916952323], [0.9181304346499591, 0.026455750033335723, 0.005209464916391128, 0.05020435030031396], [0.7044407220431895, 0.029534126082720758, 0.0027903542283599704, 0.2632347975457297], [0.799349457923657, 0.021978682974961517, 0.0003086465473905679, 0.17836321245399095], [0.8084530625052305, 0.05249716967736928, 0.052496927533488176, 0.08655284018391199], [0.19081617679286375, 0.11043742293458089, 0.46495306624723304, 0.2337933339253223], [0.09553843168589311, 0.05194463304552729, 0.5084692930009117, 0.34404764216766787], [0.22740018723183258, 0.3108245684635537, 0.002410524487550774, 0.4593647197170629], [0.2326893778594449, 0.23269405682400376, 0.0019819556963790712, 0.5326346095201723], [0.14879572128476, 0.5977775351447321, 0.0003154793490519204, 0.25311126412145596], [0.18805904005888804, 0.47278620081839123, 0.003903052395524115, 0.3352517066271966]], "ideal": "D", "sampled": "C", "correct": false}}
{"type": "result", "data": {"idx": 7, "options": ["Chain migration", "Cluster migration", "Circular migration", "International migration"], "probs": [[0.008957030117256346, 0.022517259826237403, 0.9426084019402543, 0.02591730801625198], [0.02561835323734257, 0.04711929624391142, 0.8483513367179502, 0.0789110137007959], [0.033039692199324254, 0.9070629742210994, 0.03572405096145101, 0.024173282518125352], [0.034306712362246174, 0.8442582191478325, 0.11248542816495595, 0.008949640224965312], [0.12249383131652253, 0.4622941521373399, 0.09246277476501193, 0.3227492416811256], [0.039611684393913126, 0.20754464608221374, 0.7358070309697501, 0.01703663845412304], [0.007674597260144283, 0.07750998494378972, 0.8464118304479977, 0.06840358724806822], [0.013067395607575619, 0.19812198258056915, 0.6296107260291995, 0.15919989568265572], [0.0026931765541380603, 0.8867658547173959, 0.09642960316553732, 0.014111365462928672], [0.0016436262041890975, 0.9647680239262134, 0.028681389149862294, 0.004906960619735158], [0.01814547316142311, 0.41300082299459745, 0.14272382427247343, 0.426129879471506], [0.007881603357072352, 0.1711649928019253, 0.7670928389081579, 0.053860564832844425], [0.781026892421454, 0.20695170475004418, 0.010465743053730473, 0.0015556596747713836], [0.7846008149481225, 0.18635832263350824, 0.028578909865547755, 0.0004619524528215295], [0.742788940822721, 0.1462623418602907, 0.10869279069985487, 0.00225592651713352], [0.8286174102382355, 0.09010750232215736, 0.08077173838641347, 0.0005033489531936676], [0.7420189700830354, 0.24469153688037729, 0.012569193182649535, 0.0007202997539377498], [0.7659619169863341, 0.22998412900276236, 0.0036029733338112844, 0.0004509805770922947], [0.15246367225815596, 0.41444923852040527, 0.13454787231309998, 0.2985392168083388], [0.05115791439184651, 0.17037918019518694, 0.7635749065695503, 0.01488799874341628], [0.08190015201644124, 0.1308780798446812, 0.634200293781527, 0.15302147425735055], [0.029995142935646573, 0.06654500110222936, 0.890356109261834, 0.013103746600290112], [0.01482599268962359, 0.9463635942137548, 0.03727193789091457, 0.001538475105707016], [0.016911264064307197, 0.9676377518859589, 0.01380243954278935, 0.0016485444069445855]], "ideal": "C", "sampled": "C", "correct": true}}
{"type": "result", "data": {"idx": 8, "options": ["Religious differences", "A national holiday", "An attack by another country", "A charismatic national leader"], "probs": [[0.535914641478592, 0.1088790335400626, 0.3053570287063341, 0.04984929617501126], [0.7352866865509703, 0.12192445560710426, 0.020858687539706183, 0.12193017020221927], [0.131008735975166, 0.8543127611915714, 0.0070526663992675435, 0.007625836333994998], [0.19709044450985994, 0.7438274496238667, 0.017768507084204445, 0.041313598682068936], [0.6108751017614527, 0.2840889264355775, 0.009874031427420903, 0.09516194027554895], [0.40026210245444094, 0.20765601870039838, 0.337057871228199, 0.055024007516961675], [0.042553298725920854, 0.3295297059731793, 0.5432871529987804, 0.08462984220211943], [0.0320563276671873, 0.6144059254031454, 0.014225017171979382, 0.33931272965768794], [0.022137072801012646, 0.9123621342901564, 0.013218811297575678, 0.05228198151125525], [0.03268340700770171, 0.8696974382119695, 0.019213803362748243, 0.07840535131758049], [0.05175541995644801, 0.062431847676484895, 0.06341229556650928, 0.8224004367005578], [0.028891347184357916, 0.027568911976764292, 0.898791606082342, 0.044748134656535835], [0.8793057982432307, 0.11534238138606495, 0.0020798036808874305, 0.0032720165898168924], [0.7679260436714431, 0.16869355877873365, 0.014286733350759907, 0.049093664099063336], [0.96054631982673, 0.03783171174559657, 0.0008489696348256196, 0.0007729986928477687], [0.9560373829142587, 0.04071377135839528, 0.0014599999119092111, 0.0017888457154368435], [0.7018819654469547, 0.266408309328273, 0.008430888404363242, 0.023278836720409105], [0.8023917726439704, 0.1876332166204551, 0.003032795165450626, 0.006942215470123829], [0.14344661016508675, 0.673752967240451, 0.009761804768371081, 0.17303861772609114], [0.13939998627103165, 0.21591114352239307, 0.5778027004080568, 0.06688616969851845], [0.3008864420799358, 0.07146928964129799, 0.0476075879121339, 0.5800366802666322], [0.09827989045948794, 0.04033488659649408, 0.8228978268605764, 0.03848739598344152], [0.0361041622133812, 0.9458204749119528, 0.006890689664291296, 0.011184673110374776], [0.026097012079007838, 0.9641219934319653, 0.004395505473344111, 0.005385488915682829]], "ideal": "A", "sampled": "C", "correct": false}}
{"type": "result", "data": {"idx": 9, "options": ["Mediterranean climate", "Limited forest cover", "Growth of manufacturing", "Access to trade routes"], "probs": [[0.014694288693858651, 0.24853855829066368, 0.006222020110536386, 0.7305451328049413], [0.0011144930738438707, 0.012556961603150084, 0.982056322432958, 0.004272222790047972], [0.005169937748733182, 0.0028109508000898494, 0.006742908949315029, 0.985276202401862], [0.0015409773788821034, 0.0008918682506418533, 0.9934433021814388, 0.004123852089037169], [4.5392522246792275e-05, 0.9998322925579012, 8.348883090220914e-05, 3.8825988949808745e-05], [4.9855720262663344e-05, 0.9998645479062667, 5.390641017702567e-05, 3.168986329365501e-05], [0.05215451322385319, 0.07355120316564798, 0.005760936754253041, 0.8685333467562458], [0.0009200640095474948, 0.0034722924146519856, 0.9933304958496911, 0.002277147626109411], [0.008914011508932184, 0.003032968372192156, 0.004846511862579109, 0.9832065081562965], [0.002461083062924748, 0.0010751804057996797, 0.9928828982374024, 0.003580838193873199], [7.483897447084027e-05, 0.9998267613936461, 7.253603194861655e-05, 2.5863499934420684e-05], [6.204609448015317e-05, 0.9998633608310209, 4.832119686544942e-05, 2.627177763351461e-05], [0.0030906188382929635, 0.0053403293049589014, 0.005175850755408616, 0.9863932010013395], [0.00045691035325469604, 0.0006245341365412581, 0.9964868473016831, 0.002431708108520965], [0.0030025401486769568, 0.00518817583955283, 0.0030978868564937928, 0.9887113970552764], [0.001275328686910624, 0.0014451504845099067, 0.9917397811821487, 0.005539739546430782], [0.00048769900833747374, 0.9991969065759906, 0.00019399511322960218, 0.00012139920244235126], [0.0003625153908448016, 0.9994386421557024, 0.00011407143014083288, 8.477092331193646e-05], [0.9893211247636606, 0.0103245974853023, 0.000297498427254039, 5.6779223782996514e-05], [0.9934400595539372, 0.006387307485737726, 0.00013465217862681267, 3.798068169820257e-05], [0.9936805469665961, 0.006096255562567199, 0.00019904965506690426, 2.4147715769744125e-05], [0.9960611060184376, 0.003764795670738224, 0.00010514319107218134, 6.895501975196788e-05], [0.9986054994030524, 0.0009249650294326036, 0.00043014548314338993, 3.938998437153656e-05], [0.9985861865872693, 0.000896486233444149, 0.0003565949555532994, 0.00016073212373330726]], "ideal": "D", "sampled": "D", "correct": true}}
{"type": "result", "data": {"idx": 10, "options": ["high birth rates with high but fluctuating death rates.", "declining birth rates with continuing high death rates.", "low birth rates with continuing high death rates.", "high birth rates with declining death rates."], "probs": [[0.9107759882902297, 0.08878284392464626, 0.000335568579903539, 0.00010559910522058493], [0.9023661939944978, 0.09660800257808502, 0.0008759334770994718, 0.00014986985031772038], [0.960806778737529, 0.03843787145321182, 0.0006310731742523848, 0.0001242765350068668], [0.9488043081508823, 0.0479825387267682, 0.0030674109417725805, 0.00014574208057680725], [0.916881280424559, 0.08266065094826519, 0.00040116674691566864, 5.690178026012248e-05], [0.8898232459126327, 0.1096492620538399, 0.00046961904795812305, 5.78728855692838e-05], [0.8717634728392804, 0.12559084667011106, 0.0024106721533426927, 0.0002350082372659144], [0.9034118296215282, 0.09374322499250157, 0.0025774696453549754, 0.0002674756406152764], [0.9177969393135713, 0.07533805314497159, 0.0053728648325973545, 0.0014921426088597813], [0.9558309528590239, 0.041997037652853314, 0.0010350770027856176, 0.0011369323853372161], [0.9822271061900003, 0.01612648958147747, 0.0007781795727152851, 0.0008682245558069598], [0.9454883527596021, 0.049333066742585134, 0.0034637044416402085, 0.0017148759561725134], [0.8024829332190031, 0.1936100208625841, 0.0036019564802693043, 0.00030508933814349035], [0.9224355775055973, 0.0757183776098955, 0.0017531213705495267, 9.292341395765361e-05], [0.9606358856931647, 0.037834835102112524, 0.0013567684331515246, 0.00017251067157118502], [0.9804651640924794, 0.019116369819660004, 0.00028133822794381883, 0.00013712775991671255], [0.9893207279052937, 0.010324646435986145, 0.00026667562630634757, 8.794993241383803e-05], [0.9766840183696415, 0.02226310323873273, 0.0008632296038371277, 0.00018964868778863694], [0.9159689845153421, 0.08257843824051561, 0.0013140637158775563, 0.00013851342826466732], [0.9172913160723684, 0.08141537298815983, 0.0011433251606753504, 0.00014998567879642908], [0.8937142293693104, 0.09718859077650233, 0.0077322234983327525, 0.0013649562558544386], [0.9360405688462462, 0.06078301295944891, 0.0014519863584714675, 0.0017244317358333877], [0.9309801349413717, 0.06435269374438726, 0.0038047467267308386, 0.0008624244875102367], [0.9269463951366397, 0.0692806835115105, 0.0025235472536812307, 0.0012493739981685916]], "ideal": "A", "sampled": "A", "correct": true}}
{"type": "result", "data": {"idx": 11, "options": ["Crude birth rate", "Replacement level", "Mortality rate", "Total fertility rate"], "probs": [[3.944364727549105e-05, 0.9998805116225056, 4.4692093916256416e-05, 3.535253630262763e-05], [3.535520757208057e-05, 0.9998504393573205, 8.349129013065136e-05, 3.071404497675672e-05], [5.1423907516680225e-05, 0.00011230664795599481, 0.9994190492269984, 0.00041722011752884846], [4.283736252427024e-05, 9.959627260466878e-05, 0.5812237040441429, 0.4186338622207282], [8.296358745503729e-05, 0.006387327222715784, 0.9934127288925069, 0.00011698019732224299], [4.039474734706894e-05, 0.9925036670913587, 0.00011152710395239868, 0.0073444109573417935], [0.9998011416203497, 0.00018815672297652522, 5.954278346612575e-06, 4.747278327104995e-06], [0.9997964623343347, 0.0001941273129694694, 7.352458502889084e-06, 2.057794192945402e-06], [0.9997146730650467, 0.00026532218667812073, 1.1476081910298768e-05, 8.528566364939971e-06], [0.9997457545183096, 0.00023784120903446669, 1.1657119214093116e-05, 4.747053441872875e-06], [0.999723580381365, 0.00026949897127213836, 5.506332799916541e-06, 1.4142145629652136e-06], [0.9996817517610121, 0.0003101794804972419, 5.861208025867079e-06, 2.207450464785943e-06], [4.830932918942826e-05, 0.00024530224097488043, 0.999464907247549, 0.00024148108228669367], [3.190551628496897e-05, 0.0003003216881510952, 0.9529604898587674, 0.046707282836796565], [3.219061874490759e-05, 0.9997657962628594, 0.00010888278141340424, 9.313023698219828e-05], [3.480537564900112e-05, 0.9997734227645447, 0.00015355020571032154, 3.822155409590908e-05], [5.8073392726419064e-05, 0.8929216661345839, 0.0003786498188285012, 0.10664161055386112], [4.0387068672657626e-05, 0.00757614842607285, 0.9922531161641404, 0.0001303482411140859], [0.00010554358567473237, 8.091719770134648e-05, 0.9997552606280584, 5.827848856544345e-05], [0.0022867352770523527, 0.00013734610140957268, 5.3779499814507485e-05, 0.9975221390217236], [4.908859283469249e-05, 0.9999140840095393, 2.3922327567586726e-05, 1.2904970058429982e-05], [5.30772087199494e-05, 0.9999156531950167, 2.0144695137447142e-05, 1.1124801125898163e-05], [0.000910891584236763, 5.3862958513410516e-05, 0.0001071034443305273, 0.9989281419129193], [7.843772521164748e-05, 6.92132517112903e-05, 0.999757754279348, 9.459464372901705e-05]], "ideal": "B", "sampled": "B", "correct": true}}
{"type": "result", "data": {"idx": 12, "options": ["Islam", "Christianity", "Hinduism", "Buddhism"], "probs": [[0.3147998890621525, 0.579023685055752, 0.033702926350870764, 0.07247349943122472], [0.29688393181919726, 0.5997406660988014, 0.0421078676805151, 0.061267534301486196], [0.2771335397388458, 0.059006546334640704, 0.595943896624402, 0.06791601720211153], [0.4449914726175043, 0.04337958732531272, 0.02285887164490089, 0.48877006831228204], [0.28261562199186685, 0.0835430234114634, 0.5799019746578146, 0.05393937983885516], [0.4720887497332155, 0.06490041999521402, 0.019486116061961774, 0.4435247141096087], [0.171618627619075, 0.5805998011396029, 0.04076337510212609, 0.20701819603919602], [0.16474219479938446, 0.6217505080403924, 0.05874108654361676, 0.1547662105166063], [0.2103384583978123, 0.13163317738647198, 0.28304386136085574, 0.37498450275485995], [0.1901778131533226, 0.19318377969717332, 0.04884241520870066, 0.5677959918408034], [0.19715473347651438, 0.24156903088015153, 0.2959662421640761, 0.26530999337925804], [0.18178544597876375, 0.2905093913184902, 0.04120099432509736, 0.4865041682776487], [0.16921034224206447, 0.19174680050383824, 0.5051805752890209, 0.13386228186507634], [0.21588250346843613, 0.15072055749043814, 0.027879527926395305, 0.6055174110147304], [0.1822965077410065, 0.552826727252755, 0.1272661295673895, 0.13761063533884907], [0.1682116886272211, 0.5690771510352982, 0.046711937980508766, 0.21599922225697188], [0.09671973305491606, 0.006582459810979242, 0.235680219305056, 0.6610175877290487], [0.07650919881754416, 0.015544288544056973, 0.6609617962433763, 0.24698471629502255], [0.1530115294824152, 0.23332311036844014, 0.5017148814465942, 0.11195047860255053], [0.23288386400741687, 0.184241248052878, 0.015360818689344073, 0.5675140691503611], [0.20324353568840803, 0.42361470421466924, 0.14639329690671377, 0.22674846309020896], [0.20106573783325452, 0.3114391855061781, 0.027212082146002296, 0.4602829944145651], [0.07133153954828703, 0.0028540087447936867, 0.2489785447980722, 0.6768359068088471], [0.05326878843345716, 0.006772647373492467, 0.7706650290527378, 0.16929353504031253]], "ideal": "A", "sampled": "B", "correct": false}}
{"type": "result", "data": {"idx": 13, "options": ["redline area.", "threshold.", "range.", "hinterland."], "probs": [[0.000510575334890605, 0.0006659784295041201, 0.0006063418905883238, 0.998217104245017], [0.001330638568341497, 0.0063478468541070246, 0.9873778455194754, 0.004943668958076107], [0.00037952474047410847, 0.0003565627225986125, 0.0007910167178944018, 0.9984728957190329], [0.0005687603603071236, 0.001131061066848575, 0.9967051747302073, 0.0015950037426369773], [0.0006499707324823956, 0.9896191498129, 0.0053578969846783476, 0.004372982369939271], [0.0008892358294367423, 0.9905465986176012, 0.004048151488953017, 0.004516013964009068], [0.00029118564826567536, 0.00031983775728477336, 0.0002651360327894531, 0.9991238404616601], [0.001158504890286668, 0.004954161671466355, 0.9894465040574416, 0.0044408292808053515], [0.00035102512176623157, 0.00045786708200357796, 0.0006661385052147377, 0.9985249691910154], [0.0002954193202489508, 0.0008547817911454391, 0.997865990525922, 0.0009838082626836076], [0.0002526606116223913, 0.9978037510827571, 0.001500150453591923, 0.0004434377520286379], [0.0004363095108878995, 0.9972507050005888, 0.001522921353417969, 0.0007900640351053505], [0.0003002844911052147, 0.0006066524974180131, 0.00044380728898764935, 0.9986492556224891], [0.0005587460990211016, 0.002973574800616173, 0.9945775906713143, 0.0018900883290484346], [0.00036778795528641975, 0.0006660498923599643, 0.0006659931398954304, 0.9983001689124582], [0.00025864209057038735, 0.0010471433133112287, 0.9977257883762376, 0.0009684261198807931], [0.00020959133188688838, 0.9984142541613725, 0.0011330258296014457, 0.00024312857713915407], [0.0002586540744851805, 0.9978184540592826, 0.0015721094069961119, 0.00035078235923609904], [0.9941700679347236, 0.005553598838820293, 0.00023650035939670993, 3.9832767059363856e-05], [0.9942405249009812, 0.005554004786651669, 0.00015511308891327728, 5.0357123453774214e-05], [0.9910615520303868, 0.008709707969755714, 0.00019853137397939048, 3.0208525878031994e-05], [0.9867982995115231, 0.012816666021087948, 0.00032085915096536347, 6.417521642358667e-05], [0.9938760991434349, 0.005818397386505372, 0.0002596694528166799, 4.583391724304885e-05], [0.9922037642370053, 0.007228867093788944, 0.0004919292948498529, 7.543927435594166e-05]], "ideal": "D", "sampled": "D", "correct": true}}
{"type": "result", "data": {"idx": 14, "options": ["the central city and its developed areas.", "the central city and its surrounding suburbs.", "the central city and its hinterlands.", "the central city and the adjacent counties."], "probs": [[0.20218824961644152, 0.5942687876995794, 0.16246474975092381, 0.0410782128330553], [0.1969196407872107, 0.38555453372778975, 0.2266555048792057, 0.19087032050579386], [0.0752532951534029, 0.7720133295483256, 0.08527435615623662, 0.06745901904203487], [0.06848759591331782, 0.6600346816398084, 0.1748912243054366, 0.09658649804143721], [0.0717878655672079, 0.7137981215999568, 0.17221138264479313, 0.04220263008804214], [0.07266161969047852, 0.5896749207363274, 0.30591945452489105, 0.03174400494830291], [0.1079475215041026, 0.7976379438305106, 0.07536034327379457, 0.019054191291592287], [0.09462823254796007, 0.6170602028068808, 0.12733748933405326, 0.16097407521110582], [0.09854444640162602, 0.7873309673923233, 0.058844501694118215, 0.055280084411932454], [0.0995644554396247, 0.6698607801721191, 0.10272648184464298, 0.12784828244361318], [0.09009663148957496, 0.3347529818491115, 0.4647584626322913, 0.1103919239290222], [0.09796717740617501, 0.3997697815079367, 0.45300119547104367, 0.04926184551484466], [0.28281485188711225, 0.528373583252832, 0.10903636785142919, 0.07977519690862661], [0.1452857066013446, 0.3378021670392734, 0.41388532618655405, 0.10302680007282793], [0.19408758055000597, 0.6072511098941801, 0.14881388897008893, 0.049847420485725026], [0.1730168001701013, 0.4150494007720046, 0.30365806588728955, 0.1082757330706046], [0.04097919675600806, 0.8626026799539804, 0.06548493574413126, 0.030933187445880212], [0.042574193958766514, 0.8288236979136103, 0.09745384151935339, 0.031148266508269816], [0.03746444749831725, 0.8394732754033702, 0.11011480942464914, 0.012947467573663354], [0.03548465370628477, 0.8332689578263834, 0.1258046206246091, 0.0054417677427227315], [0.06120458902200466, 0.6683752847341802, 0.2536875723461985, 0.016732553797616664], [0.05604812392682887, 0.7499184461042199, 0.18092712404309166, 0.013106305825859586], [0.017817171504451078, 0.9138608088549836, 0.05751529777564408, 0.010806721764921229], [0.016768252432786603, 0.9013322162820863, 0.06842581894686718, 0.013473712238259966]], "ideal": "B", "sampled": "C", "correct": false}}
{"type": "result", "data": {"idx": 15, "options": ["Buddhism", "Christianity", "Islam", "Hinduism"], "probs": [[0.7984075246849773, 0.12832068383605127, 0.030957252937337483, 0.04231453844163385], [0.7541565607319695, 0.1682797441130875, 0.05549072328548278, 0.02207297176946019], [0.6508314564412274, 0.03614938565130586, 0.3026624578142404, 0.010356699993226358], [0.6640336488118073, 0.0459016820522627, 0.21897280132453587, 0.07109186771139418], [0.7418669114145929, 0.08587931383627846, 0.15309182321174772, 0.019161951437380864], [0.8388139133629907, 0.051170234394473386, 0.047322359636497266, 0.0626934925060386], [0.8112293789965832, 0.13878638549821012, 0.027328164278152788, 0.022656071127053926], [0.7957344642488284, 0.14491506309608204, 0.05167032758083217, 0.007680144974257364], [0.8315426946510909, 0.10408112706182461, 0.05072388571407089, 0.013652292473013665], [0.8244490102406254, 0.10646806778807566, 0.06258840623289828, 0.006494515638400591], [0.8152938750091132, 0.15560218844948404, 0.023862094344371497, 0.005241842097031176], [0.8307383299775766, 0.13144319685129388, 0.02887374411216702, 0.008944728958962518], [0.6096289372904252, 0.0716818079255727, 0.31136656841729504, 0.007322686266707026], [0.6959687004552831, 0.06473654438140052, 0.09567176057488146, 0.14362299448843485], [0.6370822611864976, 0.3253924465439515, 0.025486340566346053, 0.012038951603204841], [0.5790829434114315, 0.3857540338763851, 0.029745897988184628, 0.005417124623998691], [0.7371826390835364, 0.10957429883499827, 0.032899410509735896, 0.12034365147172943], [0.6358802971119208, 0.1879666437160714, 0.1711439494113663, 0.00500910966064145], [0.7380416619369091, 0.09833516481751742, 0.15713729445697575, 0.006485878688597661], [0.8550577567767377, 0.07241625921263745, 0.03937144116578432, 0.033154542744840525], [0.684164336941239, 0.2764286124433125, 0.0351436177766241, 0.004263432738824404], [0.740420091621174, 0.21886932511362733, 0.033564291375302945, 0.0071462917898957225], [0.8183292928636405, 0.06510719056761055, 0.07039588101389115, 0.04616763545485776], [0.7107293969468745, 0.08895878202923643, 0.1973614926181326, 0.0029503283057564127]], "ideal": "D", "sampled": "B", "correct": false}}
{"type": "result", "data": {"idx": 16, "options": ["World cities contain the headquarters of many transnational corporations.", "World cities are well connected to secondary-level world cities.", "World cities contain many offices of multinational organizations.", "World cities are found only in the northern and western hemispheres."], "probs": [[0.0005431956517952072, 0.0002862863548825689, 0.0014997822384074763, 0.9976707356549147], [0.012840315181089239, 0.003349694520948493, 0.9143918383441595, 0.06941815185380282], [0.0004570692570665182, 0.00023348561181225179, 0.002394818096249465, 0.9969146269348718], [0.005019628134363348, 0.0016813955866336145, 0.9271764185491005, 0.06612255762990253], [0.006666390339502271, 0.6800067662322917, 0.020857178437830783, 0.29246966489037524], [0.0038582532372373277, 0.7352690463158335, 0.018406526532212003, 0.2424661738147172], [0.0006972158399271888, 0.00031926034266542986, 0.0016725104193924467, 0.997311013298015], [0.01710230321264551, 0.003315511669701821, 0.9338112002611115, 0.045770984756541115], [0.0008946761227988045, 0.0004033246623162516, 0.0020161579122662202, 0.9966858412026187], [0.019386025322760996, 0.0034758159197000346, 0.9341256402362912, 0.04301251842124781], [0.017332729650831203, 0.475871858826028, 0.008060464094189089, 0.4987349473289517], [0.026295341746037194, 0.5119298371801181, 0.009980582930379272, 0.4517942380434654], [0.000684733277698827, 0.0003135429324256395, 0.004129380501397883, 0.9948723431884776], [0.007186262331494478, 0.001904191560784521, 0.956085379117935, 0.03482416688978602], [0.0009514599711686017, 0.0004936856540117826, 0.0028404950565098265, 0.9957143592183098], [0.017332135525298626, 0.003413002155762755, 0.9463622983334709, 0.03289256388546777], [0.007159858252271977, 0.644527713152688, 0.02422136178797449, 0.32409106670706556], [0.011977786961055444, 0.6642798091885413, 0.04246495976901237, 0.2812774439813908], [0.8557208648105933, 0.05302381063432027, 0.023163597683324724, 0.06809172677176173], [0.8664050359576304, 0.06375339816628328, 0.013573434607025675, 0.05626813116906067], [0.8004271819617891, 0.07681876090098153, 0.03008139109377816, 0.0926726659434512], [0.8589603420068969, 0.06320587191810925, 0.021170611239494895, 0.05666317473549894], [0.8700767806849616, 0.06109165109765941, 0.01406366110181698, 0.054767907015561966], [0.8917427874073035, 0.04439921411649533, 0.016590333012460996, 0.04726766536374015]], "ideal": "D", "sampled": "D", "correct": true}}
