{"type": "result", "data": {"idx": 0, "options": ["total revenue is greater than total cost at its greatest distance", "total revenue is equal to total cost", "marginal product is at its highest point", "total product is at its highest point"], "probs": [[0.029214662435024904, 0.9524823102467914, 0.0121788164173863, 0.006124210800797421], [0.028492940475674966, 0.9435769898581928, 0.017282250466544986, 0.010647819099587164], [0.1196750786950305, 0.06306454954819168, 0.74466635865972, 0.0725940129970578], [0.3066544900040273, 0.17473170347763417, 0.06529250253884966, 0.4533213038794889], [0.01910927274016864, 0.008218678392377811, 0.9352565119379318, 0.037415536829521714], [0.09791139496713731, 0.029398473304436755, 0.6485359555233646, 0.22415417610506128], [0.14708696660443002, 0.7707043475988873, 0.026372207964626804, 0.05583647773205584], [0.06377806490104611, 0.7892377942412208, 0.029660377537993464, 0.11732376321973968], [0.19038024969095652, 0.033083023514101584, 0.7413178267342336, 0.03521889996070825], [0.4470575271712153, 0.0853251819716361, 0.040939338588656886, 0.4266779521684917], [0.07361812909408444, 0.012017671982536678, 0.8968778276763223, 0.017486371147056604], [0.26075379320531994, 0.040617911245459756, 0.46485703449943305, 0.23377126094978729], [0.033646734570877836, 0.13307502167533392, 0.708248418990384, 0.1250298246634042], [0.037451235622646704, 0.5089999190320733, 0.03804163822694693, 0.415507207018333], [0.03489061882166753, 0.2104179749132749, 0.6583446386234868, 0.09634676754157077], [0.02184610602958223, 0.7464252030130017, 0.030808424229725153, 0.20092026662769089], [0.023847531322034987, 0.012764705169491302, 0.686128497232103, 0.2772592661763707], [0.05130897213762984, 0.020409898944607, 0.3850985840045876, 0.5431825448131755], [0.014035393289708662, 0.0807673493822437, 0.8030874681177055, 0.10210978911034221], [0.02246761522672942, 0.5794602553974515, 0.057373618242989206, 0.34069851103282983], [0.016699583332035903, 0.1971829054863505, 0.7100910370886148, 0.07602647399299876], [0.01428855500460888, 0.7444149199728228, 0.0725638248512399, 0.16873270007132837], [0.02832579485822505, 0.5344706534296463, 0.2816457026179552, 0.15555784899417344], [0.03172429485249623, 0.5536154815350557, 0.14900212701399057, 0.2656580964984575]], "ideal": "A", "sampled": "B", "correct": false}}
{"type": "result", "data": {"idx": 1, "options": ["Increase capital and decrease labor so that the marginal product of capital falls and the marginal product of labor rises.", "Increase capital and decrease labor so that the marginal product of capital rises and the marginal product of labor falls.", "Decrease capital and increase labor so that the marginal product of capital rises and the marginal product of labor falls.", "Decrease capital and increase labor so that the marginal product of capital falls and the marginal product of labor rises."], "probs": [[0.2823532819465572, 0.3459421097886327, 0.26942652461218697, 0.10227808355262315], [0.27921421165100707, 0.35295505379947223, 0.2972251265116872, 0.0706056079378335], [0.2186219857311822, 0.43477893195259143, 0.2596225161562705, 0.08697656605995585], [0.14072558492096054, 0.34289581091098004, 0.3593585246346431, 0.15702007943341637], [0.21176025497224749, 0.2719018296982047, 0.4698163884517783, 0.04652152677776951], [0.23325460277942042, 0.32383807283984983, 0.3393867485114268, 0.10352057576930293], [0.4197015730639196, 0.30705636507885453, 0.2246525866712047, 0.04858947508602118], [0.3236082984844073, 0.29928468458548596, 0.24427474998622686, 0.1328322668438799], [0.3407328274177745, 0.28247337267822376, 0.3354542105106439, 0.041339589293357834], [0.2848574476425485, 0.293895150782653, 0.3227891873574944, 0.09845821411730414], [0.27157099211376984, 0.38900363813151523, 0.2591374640485997, 0.08028790560611519], [0.1988514512578477, 0.33825278278783, 0.37735816832583535, 0.08553759752848696], [0.1460923178150725, 0.33967019332758835, 0.44302780101343375, 0.07120968774390538], [0.1581689707629736, 0.3976332006324937, 0.3001557558614049, 0.14404207264312782], [0.21388324080988041, 0.3261281324476539, 0.38129461660061925, 0.07869401004184647], [0.24001325128032894, 0.3332205936004654, 0.3438080770072434, 0.08295807801196219], [0.17336119709665465, 0.26434102651813685, 0.3139189183398087, 0.24837885794539985], [0.2615262885243903, 0.30575049148236794, 0.34647041813895235, 0.08625280175428938], [0.22650586657025235, 0.340021201860238, 0.3734487690184887, 0.06002416245102091], [0.30114561989452654, 0.36896748171709665, 0.26576209659665295, 0.06412480169172388], [0.15694437247890336, 0.44708865228012085, 0.31703929763302097, 0.07892767750795479], [0.18690640010911364, 0.5408300241410818, 0.18115769594821285, 0.0911058797015917], [0.3114498234120754, 0.31144508484285155, 0.28357988381843247, 0.09352520782664059], [0.26927068425599143, 0.2735069353082417, 0.27781965911859163, 0.17940272121717524]], "ideal": "C", "sampled": "B", "correct": false}}
{"type": "result", "data": {"idx": 2, "options": ["the supply curve intersects the demand curve", "neither party has an incentive to deviate from his or her strategy", "the marginal revenue curve intersects the marginal cost curve", "the equilibrium is unstable and each party would like to switch strategies"], "probs": [[0.0001368291150763106, 0.9938589996557378, 0.00027639780316414376, 0.005727773326021759], [0.00012130746433492805, 0.9984322158266666, 0.00029557855937837707, 0.0011508980496200726], [0.00012132155717752443, 0.0002489055168416758, 0.9984967026735689, 0.001133070152411833], [0.005395109929616564, 0.05984277231976609, 0.8391309168383749, 0.09563120081224234], [0.0009466511368453735, 0.001912136525019936, 0.9905706444575838, 0.006570567780550886], [0.01481464647851818, 0.1891431931913968, 0.059515262117235596, 0.7365268981128494], [0.9961941655532738, 0.0014977342837698558, 0.0001288419351817699, 0.0021792581277745773], [0.9978254911831757, 0.0014769246155996558, 0.0005266146553733321, 0.00017096944585136221], [0.9961102702727946, 0.0016193021015094749, 9.135503295221636e-05, 0.0021790724927436235], [0.9983531693135373, 0.0011689588962038185, 0.0003621265806992318, 0.00011574510955958911], [0.9961374231213653, 0.00364926030604198, 5.045236172730584e-05, 0.0001628641108653684], [0.9971259320033149, 0.0027145796443335123, 4.7442375540411496e-05, 0.00011204587681121859], [0.00013118275823703363, 0.00026085697771319915, 0.9985267565310854, 0.0010812036329644133], [0.04375447623451462, 0.03461202914271781, 0.8386008582431252, 0.08303263627964232], [6.009578820907479e-05, 0.9991633576965419, 8.88137846418205e-05, 0.0006877326306071994], [6.012288885379948e-05, 0.9996091035191178, 0.00010388039567847054, 0.0002268930963499418], [0.07034707446862978, 0.36859599810004834, 0.02469424774355311, 0.5363626795877688], [0.0035049313725815283, 0.004361657315648089, 0.9871131528559648, 0.00502025835580563], [0.0002729302738048692, 0.0005777343635564331, 0.9967918184093257, 0.0023575168533129876], [0.011695061024862879, 0.006560352247078291, 0.008037852223634671, 0.9737067344044241], [0.00018215169845479644, 0.9986665369722804, 0.00019694568408904644, 0.0009543655451757786], [0.00019695301441920645, 0.9986635372957433, 0.0002568646278290644, 0.0008826449620084173], [0.01525754562396727, 0.017289132795877907, 0.008558660267782077, 0.9588946612123728], [0.00029063292760973255, 0.0008278481592229981, 0.9971289585503866, 0.0017525602627805918]], "ideal": "B", "sampled": "B", "correct": true}}
{"type": "result", "data": {"idx": 3, "options": ["goods X and Y are normal goods.", "goods X and Y are inferior goods.", "goods X and Y are complementary goods.", "goods X and Y are substitute goods."], "probs": [[0.036950823053564626, 0.08458324552443897, 0.07581875500747379, 0.8026471763145226], [0.022482491251818896, 0.05651856295074563, 0.9121948005310343, 0.008804145166401165], [0.027989207927641844, 0.10563240612411766, 0.035381840059755545, 0.8309965457884849], [0.029762956066984855, 0.1022687790894384, 0.8563129442640067, 0.01165532047956996], [0.0038143436671370587, 0.993543403978727, 0.0022075550161256984, 0.0004346972380102962], [0.006646660370218507, 0.986458929302376, 0.00644209582578936, 0.00045231440161617407], [0.03001662276347917, 0.16227160029863735, 0.0803291332567814, 0.727382643581102], [0.02140839278064456, 0.107030579416708, 0.855146717838362, 0.01641430986428534], [0.015715488547703292, 0.5805702577845295, 0.2658057108592423, 0.13790854270852487], [0.009016909040238875, 0.09106441180482368, 0.8914481136595886, 0.008470565395348795], [0.0004041466106179196, 0.9987632367476652, 0.0006768054444018056, 0.0001558110973150298], [0.00046482345622991995, 0.9980165009716172, 0.0013449846268367165, 0.00017369084531609154], [0.05269661270852573, 0.18108170069958132, 0.03855422210595078, 0.7276674643859422], [0.05236313431115648, 0.1743868097123049, 0.7575276944790348, 0.015722361397503833], [0.0635743983077134, 0.1244751932405099, 0.0954373698600232, 0.7165130384917535], [0.013322723072692572, 0.039155741204324745, 0.9339891597466062, 0.013532375876376432], [0.007093988060959453, 0.9890845002466769, 0.002569309095018742, 0.0012522024973448678], [0.0052046190994080276, 0.9918560153542206, 0.0015385171264468034, 0.0014008483199245238], [0.8229236005719329, 0.17521266858111006, 0.0016648841512375047, 0.00019884659571946158], [0.815425153559803, 0.18194727350506829, 0.0024765014474932017, 0.0001510713876354703], [0.8231294377106266, 0.15226302349040743, 0.024091648705723726, 0.0005158899932421862], [0.76611392897599, 0.18774266346792876, 0.04459343059424691, 0.001549976861834365], [0.5296919718302003, 0.45306957835714523, 0.01676290970314506, 0.000475540009509413], [0.4770323273449451, 0.515800886529874, 0.006493016526476094, 0.0006737694987048223]], "ideal": "D", "sampled": "D", "correct": true}}
{"type": "result", "data": {"idx": 4, "options": ["causes the equilibrium price to be artificially high", "causes the equilibrium price to be artificially low", "exists when markets cannot reach equilibrium", "results in an equilibrium that does not maximize the total benefit to society"], "probs": [[0.0007516509754701856, 0.0006843246695622124, 0.9788751494532605, 0.01968887480170706], [0.00043685467694694476, 0.0007089917280189779, 0.998492036326645, 0.0003621171683891135], [0.0011920751397534338, 0.9714779955801904, 0.005867361258341752, 0.02146256792171441], [0.00120212998600702, 0.016335721981308754, 0.9796234918727504, 0.002838656059933753], [0.00302368020820628, 0.9500230128367856, 0.003882391660574908, 0.04307091519443323], [0.0049283240959013585, 0.9690069929787366, 0.009648886881203172, 0.016415795944158824], [0.0008796865536667458, 0.000706785994793817, 0.9798982088236498, 0.01851531852788965], [0.00047235856491828785, 0.0006980132337349773, 0.9984999099301618, 0.0003297181711848796], [0.0018003380952585125, 0.9622029339686539, 0.006483041929756067, 0.02951368590633153], [0.001286855825861295, 0.011290337250474581, 0.9851290621307046, 0.002293744692959563], [0.002952142481012239, 0.9569852660898888, 0.0029520789182444713, 0.03711051241085454], [0.004518006138157482, 0.9756335511537816, 0.005711144823235105, 0.014137297784825871], [0.012386702645873033, 0.09443694844686334, 0.05134158103691021, 0.8418347677703534], [0.0006746476861457138, 0.001805235786469198, 0.9955374855613297, 0.001982630866055363], [0.01278075618551569, 0.4038764969410263, 0.04823398378793554, 0.5351087629855225], [0.0008253795801013462, 0.003213466671513795, 0.9940720736115648, 0.001889080036820056], [0.009098652715448689, 0.7115938636262135, 0.0993577387108473, 0.17994974484749052], [0.008204044078890665, 0.5842032600637271, 0.1926451827877346, 0.21494751296964762], [0.9339248654747875, 0.03977191244091311, 0.0046765513180639, 0.021626670666235467], [0.823483008972288, 0.04793173556139776, 0.12433079912583778, 0.004254456240476444], [0.9133479668089025, 0.062155117176511905, 0.0036749332575187095, 0.02082198265706691], [0.8531566921126978, 0.08852749509657944, 0.0536963906107249, 0.004619422079997802], [0.8946873669738361, 0.09430045020243276, 0.005935120478635214, 0.005077062245095883], [0.8812865427350384, 0.09583546568598067, 0.01665422510202447, 0.006223766376956468]], "ideal": "D", "sampled": "D", "correct": true}}
{"type": "result", "data": {"idx": 5, "options": ["Collusive output levels tend to increase, driving the price above competitive levels.", "Consumer surplus falls as the price is driven downward.", "Collusive output levels tend to decrease, driving the price down to competitive levels.", "Joint profit maximization costs society consumer surplus as the price rises above competitive levels."], "probs": [[0.3914211754752474, 0.1820319335259597, 0.1657422533023165, 0.2608046375964764], [0.11014099595148695, 0.13494552551999975, 0.7295564734734928, 0.025357004955020433], [0.03607715597054413, 0.010833344214366025, 0.007802469040464238, 0.9452870306746256], [0.42154120897615216, 0.06669599210038787, 0.5084935725737544, 0.0032692262497055623], [0.21260471691867255, 0.7777021545525296, 0.00850547107068225, 0.0011876573581156105], [0.24234636246840466, 0.7465025819207507, 0.010160592434482835, 0.0009904630763618173], [0.002218509845561029, 0.9830086310698185, 0.0055773521537455595, 0.009195506830874913], [0.0032079784644788406, 0.9617789102348028, 0.021922487115121563, 0.013090624085596846], [0.015181516976154254, 0.8552391244149111, 0.025825147462351115, 0.10375421104658351], [0.022004032546324097, 0.7062651527455968, 0.2365672443506618, 0.03516357025741738], [0.010060904570978121, 0.9056738282381412, 0.07093653010941046, 0.013328736981470147], [0.011894158985401544, 0.9158233853290134, 0.054145648408229226, 0.01813680717735584], [0.02505888584706768, 0.011838212519905699, 0.00776311935583268, 0.955339782177194], [0.25248012602546593, 0.10524773871119673, 0.634765939512559, 0.007506195650778251], [0.25656483434958904, 0.1352072850362812, 0.05636103267124431, 0.5518668478428854], [0.1029996591088682, 0.14078164335242777, 0.7262430908106229, 0.02997560662808112], [0.1406664395748144, 0.84836554192882, 0.009278294593776376, 0.0016897238025893053], [0.09442117390711575, 0.8958813856946323, 0.008122759219897222, 0.001574681078354786], [0.291891230794806, 0.7002392140559601, 0.005871766519693518, 0.0019977885295403334], [0.466212330296713, 0.5283053832937912, 0.0044300470353615, 0.0010522392741342914], [0.4840373597491753, 0.1866117380259655, 0.32244622058494377, 0.006904681539915467], [0.44605369586826177, 0.20743261736670643, 0.33148637548510995, 0.015027311179921853], [0.6352597280679746, 0.35636036861151565, 0.006326089547476574, 0.002053813673033196], [0.39359296537257094, 0.5908707555797137, 0.010008792690193913, 0.005527486257521483]], "ideal": "D", "sampled": "D", "correct": true}}
{"type": "result", "data": {"idx": 6, "options": ["Perfectly horizontal demand curve.", "Highly inelastic demand curve.", "Highly elastic demand curve.", "A demand curve consisting of two discontinuous segments."], "probs": [[0.0288833011084882, 0.33576138907068936, 0.5449798669330587, 0.09037544278776376], [0.03882478448444722, 0.13765009877366682, 0.7212255408319121, 0.1022995758099738], [0.020402913492574056, 0.18471495622629583, 0.6862867959627016, 0.10859533421842853], [0.0256467757676919, 0.05601950726970142, 0.7978659791545462, 0.12046773770806055], [0.03073992645891608, 0.5984640482815452, 0.18538521993338614, 0.1854108052261526], [0.026853305265951016, 0.6208388585052093, 0.11664529475844848, 0.23566254137039125], [0.2136835304434482, 0.24213282537824143, 0.5046534180568097, 0.03953022602150058], [0.16097973765252765, 0.12342634418643099, 0.6672555406396569, 0.04833837742138448], [0.25697375885581797, 0.4726459417403615, 0.23034759066478458, 0.040032708639035935], [0.2571711794876542, 0.4174211252868171, 0.3102020867011088, 0.015205608424419871], [0.21858535786240454, 0.5941958448970523, 0.12650872812834674, 0.06071006901219635], [0.2238056145740574, 0.4812656795120078, 0.26165806464743485, 0.03327064116649989], [0.04356693200853504, 0.21444328606465196, 0.6814999135982454, 0.06048986822856756], [0.047528454582958686, 0.0713500327202863, 0.7670939196503156, 0.11402759294643938], [0.05226658717666412, 0.6171658862709213, 0.2613170884993371, 0.0692504379530775], [0.06858003011069788, 0.4988918211018624, 0.3946515247827341, 0.03787662390470556], [0.07389755546307686, 0.5050215124578902, 0.21051703391354148, 0.21056389806549147], [0.07002122777768993, 0.41574186547124986, 0.4710935108387273, 0.043143395812332876], [0.09841413049905827, 0.3277798592716501, 0.4550685286066843, 0.1187374815226073], [0.09484041127953691, 0.3635808391661637, 0.3469190467949845, 0.19465970265931493], [0.03779238721969135, 0.8208135120997516, 0.09650557944687013, 0.04488852113368684], [0.04111105749179678, 0.6953517457163393, 0.23657210513283386, 0.026965091559030006], [0.07163735104782167, 0.6385473871350128, 0.19780046204285273, 0.09201479967431278], [0.0685206127525868, 0.538972614133952, 0.35345721109604367, 0.039049561917417534]], "ideal": "D", "sampled": "B", "correct": false}}
{"type": "result", "data": {"idx": 7, "options": ["Higher risk job.", "Investment in human capital.", "Increase in production of SUVs.", "Racial discrimination."], "probs": [[0.023045170706513164, 0.016087617483800953, 0.5327465454292037, 0.4281206662804822], [0.006293423816086298, 0.007020423104931544, 0.9487330237394315, 0.03795312923955067], [0.13527088499353754, 0.17099376428319488, 0.03815218936796725, 0.6555831612553004], [0.15824664950747844, 0.40405967375999163, 0.3916424766725283, 0.04605119996000164], [0.049850866552870236, 0.13980958410426342, 0.005681369535150636, 0.8046581797077157], [0.07022987501635716, 0.34031675213292367, 0.569950536859518, 0.019502835891201137], [0.03016605149219884, 0.048962029278097605, 0.3242953036771254, 0.5965766154525781], [0.017254555276208196, 0.025103764987798354, 0.8849964932209231, 0.07264518641507037], [0.06893510422117913, 0.27692493999904483, 0.1118877687333974, 0.5422521869463787], [0.04884574925253515, 0.27670830433896937, 0.6433988200911488, 0.03104712621734672], [0.023466641632357416, 0.6051918525467691, 0.12295676079522071, 0.24838474492565282], [0.018910427032037547, 0.5613295550355482, 0.4043257616942307, 0.015434256138183543], [0.2566810922568981, 0.23369968631611826, 0.05908802327185144, 0.4505311980551322], [0.3134145736380921, 0.32842516895824636, 0.33361220356466126, 0.02454805373900027], [0.14763062140748665, 0.15470792812671705, 0.3597077536136143, 0.337953696752182], [0.07825369095564814, 0.11746438898966816, 0.7780714340448359, 0.026210485909847762], [0.24895676852062776, 0.7316993440156222, 0.009068298110444852, 0.010275589253305198], [0.1373327177339594, 0.7902504786336192, 0.015169026513327223, 0.05724777701909416], [0.5100270012913303, 0.03015397361479298, 0.009638157860717202, 0.4501808671331596], [0.5898130617885526, 0.09779491411188902, 0.301245991593547, 0.011146032406011308], [0.28137843966746634, 0.031078972430097555, 0.5683942274630962, 0.11914836033933991], [0.175725317405927, 0.028240849355571706, 0.7875541137811238, 0.008479719357377432], [0.6118978860231553, 0.37696582092717895, 0.004122955726104583, 0.007013337223561124], [0.5872283325758236, 0.3791218535226647, 0.008642227949136461, 0.025007585852375145]], "ideal": "C", "sampled": "D", "correct": false}}
{"type": "result", "data": {"idx": 8, "options": ["all requirements for price discrimination", "required in order for a firm to earn short-run profits", "all sources of elastic demand", "all barriers to entry"], "probs": [[0.007977955938547927, 0.879937406373969, 0.003652762372286214, 0.1084318752151968], [0.014267758159255212, 0.9251011410945484, 0.01668109895153307, 0.0439500016946633], [0.0037517267678803747, 0.005048512561937811, 0.8897970832544818, 0.10140267731569996], [0.007120401065825896, 0.00563294574903856, 0.44747134621929346, 0.5397753068658421], [0.024968808419023113, 0.6962898269698613, 0.1874048097270011, 0.09133655478411445], [0.020887416758595137, 0.3216893215887363, 0.007565295184938152, 0.6498579663677304], [0.15560713901550932, 0.4164502454126182, 0.024240492676919276, 0.40370212279495316], [0.21599192271480944, 0.45017771566843207, 0.21265339215496365, 0.12117696936179484], [0.10471453676548242, 0.12436085988301343, 0.03244073879911785, 0.7384838644523863], [0.07312681661423706, 0.05607002704905352, 0.7502265115491815, 0.12057664468752786], [0.01984387231577419, 0.9712261400577281, 0.0026856727929634714, 0.006244314733534206], [0.027767231271362693, 0.9487523890268899, 0.003164613571973876, 0.02031576602977361], [0.006659215467976956, 0.014774839628752472, 0.48926383931156414, 0.4893021054917064], [0.005010991753448032, 0.008133870261260872, 0.606996465036202, 0.3798586728490891], [0.002245838697041166, 0.9495439081425944, 0.002390713618286812, 0.04581953944207762], [0.0048939123908979315, 0.7377576605674087, 0.18079471072742412, 0.07655371621426929], [0.0038376657243419047, 0.882197952121717, 0.003549321239199637, 0.11041506081474137], [0.0054757524366137855, 0.7754633306726723, 0.1001399441966214, 0.11892097259409251], [0.9247696381538775, 0.040002010684181744, 0.01747566271868743, 0.0177526883432534], [0.8022537972573819, 0.054595810086224474, 0.0037153028191570913, 0.13943508973723662], [0.8407783048444822, 0.15074855333372314, 0.00271822004325407, 0.005754921678540482], [0.8216042049915077, 0.16433736936655394, 0.0026981013779560957, 0.011360324163982295], [0.7065863654671567, 0.03629652434045296, 0.009034917747857335, 0.24808219234453302], [0.7339882196516107, 0.03327259935408726, 0.20382884313697183, 0.02891033775733024]], "ideal": "D", "sampled": "D", "correct": true}}
{"type": "result", "data": {"idx": 9, "options": ["increasing-cost industry", "constant-cost industry", "decreasing-cost industry", "profit-making industry"], "probs": [[0.07656564391609595, 0.3949516922968922, 0.4270399713005755, 0.10144269238643633], [0.16737942271213269, 0.6517503212355229, 0.09536942022554988, 0.08550083572679454], [0.11910477209149119, 0.42890914422861925, 0.37263853816103293, 0.07934754541885661], [0.13570084863212786, 0.5987427696267925, 0.1662605069502217, 0.09929587469085789], [0.10476203893282622, 0.12835482199768877, 0.6621123605063357, 0.10477077846314928], [0.08824033289265377, 0.15730001030779447, 0.6319382786118856, 0.12252137808766622], [0.11318575336727192, 0.30289673125180894, 0.4840240369843798, 0.09989347829653931], [0.18040598927124316, 0.6103158592567479, 0.1340647935733245, 0.07521335779868442], [0.13739211139389257, 0.494768891706892, 0.2954337442517172, 0.07240525254749823], [0.11158728099598449, 0.7276602061411163, 0.0803718977919957, 0.08038061497090354], [0.17716100018215317, 0.21706302981606462, 0.4741056647077402, 0.13167030519404202], [0.1383164864138476, 0.18612319783862447, 0.5644105840479355, 0.11114973159959242], [0.16919968349879222, 0.3581932360190782, 0.4122741719651868, 0.06033290841694273], [0.22921203416099872, 0.5762435283120934, 0.13474522730471145, 0.05979921012219644], [0.14183889867027238, 0.35105211165412703, 0.43688935087719566, 0.07021963869840488], [0.2556422612464749, 0.5328111568631709, 0.10824495391590337, 0.10330162787445078], [0.2561659438304456, 0.21910896242129296, 0.42899446396726576, 0.09573062968099569], [0.20009139326581268, 0.13968450383070596, 0.5611646394579591, 0.09905946334552225], [0.03108757442525968, 0.5258059638236733, 0.32392896063181503, 0.11917750101925194], [0.02746674377246097, 0.4645557333875699, 0.3617866581050371, 0.14619086463493206], [0.023041122002698415, 0.6839597326423191, 0.19291100191498395, 0.10008814333999846], [0.024645192244301378, 0.6661011997827883, 0.21624235686032234, 0.09301125101258798], [0.04415752322213769, 0.4255496878160927, 0.3583398429944282, 0.17195294586734136], [0.038803766975354655, 0.3624480921884117, 0.4106965912762496, 0.1880515494599841]], "ideal": "B", "sampled": "C", "correct": false}}
{"type": "result", "data": {"idx": 10, "options": ["Amount of wood used to make a desk.", "Number of pickles put on a sandwich.", "The size of a McDonald\u2019s kitchen.", "Number of teacher\u2019s assistants in local high schools."], "probs": [[0.08404322712773078, 0.11668742446924632, 0.3376450836320833, 0.46162426467093964], [0.04524861766221259, 0.05809811653616748, 0.8147122475546448, 0.08194101814697512], [0.10981749169382164, 0.21840593567659747, 0.20199290352566968, 0.4697836690039112], [0.1550278939547098, 0.289625936612472, 0.4926996038338746, 0.06264656549894357], [0.16950743530140883, 0.5557988492513779, 0.16175132100720416, 0.11294239434000912], [0.16578198350120332, 0.4506412576194503, 0.3002035505693628, 0.08337320820998358], [0.06816446289351155, 0.3571736945291949, 0.11595577432381018, 0.45870606815348336], [0.06097029925811608, 0.26901005192707494, 0.57848259548557, 0.09153705322923893], [0.047876653196991865, 0.1261464431072425, 0.17513260689816293, 0.6508442966976027], [0.054437712640648894, 0.14120125979563108, 0.623025545758672, 0.18133548170504807], [0.0907701470554736, 0.4005049734869565, 0.2976316191134873, 0.21109326024408262], [0.07691877391849747, 0.5015868581448099, 0.18452310697768987, 0.2369712608590028], [0.09032542868060481, 0.1942428321309928, 0.14434879801694295, 0.5710829410714594], [0.14401789544639365, 0.28196988557327457, 0.5027058311312046, 0.07130638774912715], [0.09280245143442846, 0.17611834667528325, 0.23699310772720983, 0.49408609406307846], [0.09908006117813278, 0.19097894001379537, 0.5701889863742895, 0.13975201233378234], [0.17706607187413123, 0.47386043002690964, 0.24972113221879835, 0.09935236578016077], [0.12985313904872933, 0.4532380441300361, 0.22790888157509173, 0.18899993514614283], [0.3011542991018576, 0.46644129449417665, 0.15382272691184123, 0.0785816793921245], [0.24774181932617556, 0.39588865781300364, 0.30833563320360635, 0.04803388955721442], [0.18117685749191897, 0.1455757181616264, 0.59408295591257, 0.07916446833388463], [0.22152008444120716, 0.20169243515042812, 0.43372968481211327, 0.14305779549625144], [0.26692077912583206, 0.4400769537258692, 0.25076213850199136, 0.04224012854630738], [0.23412689658882044, 0.38600791176226584, 0.23782077501894403, 0.1420444165299697]], "ideal": "C", "sampled": "D", "correct": false}}
{"type": "result", "data": {"idx": 11, "options": ["Price rises, but quantity is ambiguous.", "Price falls, but quantity is ambiguous.", "Price is ambiguous, but quantity rises.", "Price is ambiguous, but quantity falls."], "probs": [[0.11722436546107114, 0.2811895608620788, 0.5013080834841099, 0.10027799009274015], [0.10577789614202363, 0.283061502226735, 0.48153730863332456, 0.12962329289791683], [0.1449610560583024, 0.4327530917113699, 0.337054995470353, 0.08523085665997471], [0.0996907554536291, 0.3646250285299942, 0.46822385928812643, 0.06746035662825027], [0.11062662717706476, 0.37422298266057175, 0.41750861946017903, 0.09764177060218447], [0.0829961597836468, 0.25965532657887763, 0.6037597059599793, 0.053588807577496345], [0.11365798029911911, 0.35558452933760654, 0.4222883252206729, 0.10846916504260143], [0.11702483582163974, 0.3439394363394447, 0.4084595593572821, 0.13057616838163344], [0.09009220792530145, 0.2862991562363686, 0.5349034427359699, 0.08870519300236002], [0.08742440295631737, 0.3099282016311259, 0.5110152845091777, 0.09163211080337913], [0.14132960033993056, 0.42855813775725554, 0.34437861778586515, 0.08573364401694877], [0.09577997456039719, 0.3395470830256132, 0.5018537864415865, 0.06281915587240301], [0.09380736620415103, 0.3540005543772281, 0.4475251039798859, 0.10466697533873495], [0.1134024138650684, 0.3718106233361476, 0.44156164913444523, 0.07322531356433874], [0.08022361845641912, 0.34304719735583417, 0.5070237298565518, 0.06970545423119494], [0.0744406983515269, 0.3839697310558602, 0.4489342004247077, 0.09265537006790518], [0.10241267582223307, 0.35189336106675323, 0.4448553488471338, 0.10083861416387992], [0.09733984400834139, 0.2816555436793942, 0.3910522075116244, 0.22995240470063996], [0.10989715485359433, 0.389593314775409, 0.4019848227690454, 0.09852470750195126], [0.11416646922107154, 0.3984559803687632, 0.4308575125416714, 0.05652003776849388], [0.1159524501761903, 0.3861545180085639, 0.4047106651292349, 0.09318236658601087], [0.09170587024840986, 0.35152204412530524, 0.4443928201525836, 0.11237926537370133], [0.09028855777589027, 0.315122100046967, 0.47307238330485607, 0.12151695877228666], [0.08382369510208741, 0.2880258876964274, 0.4392030707334369, 0.18894734636804825]], "ideal": "C", "sampled": "A", "correct": false}}
{"type": "result", "data": {"idx": 12, "options": ["A bumper crop of oranges in Florida", "A decrease in the price of Tang", "Expectations of lower future prices for orange juice", "Expectations of higher future income among juice drinkers"], "probs": [[0.011965643629240717, 0.02306427057644957, 0.9358143950288569, 0.029155690665452868], [0.02741735969080339, 0.02964491921032161, 0.9222422746211225, 0.02069544637775247], [0.00238779853381009, 0.9939202886442718, 0.0015177733156524701, 0.0021741394062656048], [0.003569760753540412, 0.9898199885152171, 0.003459924056599671, 0.0031503265746427467], [0.046211028605560735, 0.9428332259324463, 0.005349435143335111, 0.005606310218657788], [0.07638358322113951, 0.8341423052600516, 0.07880828503208989, 0.010665826386719006], [0.003833667210663163, 0.04387397024767752, 0.9235195682184673, 0.028772794223191994], [0.006765733773540852, 0.14924968877714645, 0.8068333708029518, 0.03715120654636087], [0.00174305764580836, 0.9763411988814391, 0.010188426936455726, 0.011727316436296795], [0.0025392205197989166, 0.962363103185938, 0.023717498290107823, 0.011380177904155235], [0.0050772400992380885, 0.9378154091209394, 0.023476799853430697, 0.03363055082639181], [0.004712916413389779, 0.8570082976965242, 0.1178065423389881, 0.020472243451097896], [0.8489490707070562, 0.14077341489588607, 0.0036932728077630267, 0.006584241489294744], [0.75084672586078, 0.21851242807440746, 0.023393509351740314, 0.007247336613072101], [0.9031536872623522, 0.07413765283940116, 0.008993720928034316, 0.013714938870212277], [0.8493963249738359, 0.10144752734073331, 0.039110953790678485, 0.010045193794752272], [0.7834072825036932, 0.2012005627133001, 0.00598147892864552, 0.00941067575436118], [0.8126930930439024, 0.17576145161290344, 0.0038228339708911378, 0.007722621272303035], [0.6982451546565848, 0.2821235007860113, 0.008519326177145094, 0.011112018280258859], [0.26835385787008614, 0.28566021602238956, 0.4355804755607486, 0.010405450446775731], [0.7415065958002266, 0.11917387258640698, 0.07938571480501073, 0.059933816708355694], [0.30594769573054487, 0.10573218919370521, 0.5715901340209582, 0.016729980954791723], [0.10510045791885192, 0.8663813307607479, 0.007495531304623387, 0.021022679915776846], [0.22488953170911657, 0.7608234285547465, 0.0042498512189310745, 0.010037188417205833]], "ideal": "D", "sampled": "C", "correct": false}}
{"type": "result", "data": {"idx": 13, "options": ["Demand is downward-sloping.", "The demand curve lies above the marginal revenue curve.", "Price is determined by the equilibrium in the entire market.", "Average revenue differs from price."], "probs": [[0.051110069837850186, 0.8248942425742484, 0.08831189713195567, 0.03568379035594581], [0.05418339774837151, 0.8609429642399717, 0.0355351332938253, 0.04933850461783138], [0.02957582325757094, 0.9200911640957764, 0.040425744430739194, 0.009907268115913467], [0.02603511415030801, 0.9469237569918619, 0.015305528776846296, 0.01173559998098379], [0.09256918727425902, 0.1346867531403323, 0.6947875618239844, 0.07795649766142432], [0.09777579455590006, 0.10738570987104396, 0.6787155269897761, 0.11612296848327983], [0.1936657256780249, 0.6759645186783142, 0.1086389567638393, 0.02173079877982157], [0.09417295209415778, 0.8525947109198211, 0.024954176785986514, 0.0282781601000346], [0.0812605909804523, 0.8601124801733729, 0.03606008704335169, 0.02256684170282305], [0.05652148033859484, 0.8980849595662772, 0.016971239091363482, 0.02842232090376449], [0.2068191237370466, 0.11601409508460357, 0.6078853523251475, 0.06928142875320233], [0.18970364188961833, 0.0803253868117668, 0.5489345151461498, 0.1810364560524651], [0.3178355430996969, 0.3833808941388554, 0.2718627780984736, 0.026920784562974066], [0.4102039206818931, 0.5026028957781948, 0.035844107692401865, 0.0513490757475102], [0.21568184650632, 0.6962485286271033, 0.05285672370351765, 0.03521290106305903], [0.18741702588731218, 0.7529387894044455, 0.022736878471236073, 0.03690730613700624], [0.6440450288330837, 0.21573185553571197, 0.06085037756812515, 0.07937273796307924], [0.5358601408765197, 0.15594457416580026, 0.21651084595907913, 0.09168443889860096], [0.06451238691161669, 0.3077700435807495, 0.5486686825203589, 0.07904888688727486], [0.06537832270372052, 0.19518221767394311, 0.6500698278934142, 0.08936963162892214], [0.041059899918131186, 0.7993572919785422, 0.08165892182346084, 0.07792388617986575], [0.03506175068810794, 0.7856444148888995, 0.12237940027972424, 0.0569144340432683], [0.015399692205669798, 0.9527604348267679, 0.016913437804611912, 0.014926435062950454], [0.01231367005321387, 0.9481100708415031, 0.02448882077940196, 0.015087438225880996]], "ideal": "C", "sampled": "C", "correct": true}}
{"type": "result", "data": {"idx": 14, "options": ["money.", "plant and equipment.", "where the central government is located.", "the center of the economy."], "probs": [[5.9186076219624334e-05, 0.9995217170617998, 0.00039200053417150975, 2.7096227809027443e-05], [4.946181415652864e-05, 0.9997181994153123, 0.0002234013965291292, 8.93727400207396e-06], [3.91344176615674e-05, 9.608903037191784e-05, 0.9997812934836071, 8.348296835934971e-05], [3.39927717217278e-05, 4.539242189884885e-05, 0.00016601322465139128, 0.999754601481728], [4.0691090815420106e-05, 9.459740870988477e-05, 0.9997640140035924, 0.00010069739688225018], [3.0952845988844846e-05, 4.399807490068719e-05, 0.00011059681075770836, 0.9998144521683527], [0.9983326582343822, 0.001597833997829798, 6.39218730749677e-05, 5.5857947129538745e-06], [0.9984811422510844, 0.0014779768054279212, 3.8776824052825925e-05, 2.1040194348245917e-06], [0.9992301867926837, 0.0006563466423962709, 0.00010883142825714631, 4.635036662848204e-06], [0.9988918130180527, 0.0009849630712132499, 0.0001176347918421345, 5.589018891879871e-06], [0.9993176064301919, 0.0006166322978740278, 6.299320501671103e-05, 2.7679669173583997e-06], [0.9992204648521132, 0.0007208471037420625, 5.472348754583537e-05, 3.964456598888101e-06], [2.885409546010813e-05, 0.00011233699998482851, 0.999758110987157, 0.0001006978173981149], [2.110826759871725e-05, 4.539525915228897e-05, 9.760230610502802e-05, 0.9998358940671439], [3.218068390647578e-05, 0.9995862820480951, 0.0003740708490852547, 7.4663189131396455e-06], [3.562211283498072e-05, 0.9996275543770755, 0.0003301303643515947, 6.693045737872158e-06], [2.391884458190246e-05, 4.469072838732615e-05, 0.00010228669897644227, 0.9998291036280543], [1.8481735436110128e-05, 9.75870596366828e-05, 0.9996268263948587, 0.0002571047100684858], [3.399532258017045e-05, 7.720237868879962e-05, 0.9996822005211327, 0.00020660167759840764], [2.7316382067738745e-05, 4.757411761498276e-05, 8.47998227133965e-05, 0.9998403095776038], [6.10510668827664e-05, 0.9993144561006746, 0.0006070019838957981, 1.7490748546820377e-05], [7.421228998602677e-05, 0.9992297965054755, 0.0006562695730610605, 3.972153147738808e-05], [2.2646257261525244e-05, 3.0477182268337603e-05, 0.00010553535579767421, 0.9998413411046725], [2.1777507292425533e-05, 5.4742476310588876e-05, 0.9996321406722365, 0.0002913392441605087]], "ideal": "B", "sampled": "B", "correct": true}}
{"type": "result", "data": {"idx": 15, "options": ["Ray pulls weeds, since he has absolute advantage in cooking.", "Dorothy pulls weeds, since she has absolute advantage in cooking.", "Dorothy cooks, since she has comparative advantage in cooking.", "Ray cooks, since he has comparative advantage in cooking."], "probs": [[0.020057289712366214, 0.10185930530275568, 0.8011863544246183, 0.07689705046025977], [0.018635175680819405, 0.09316892887451521, 0.8434909033362613, 0.04470499200840405], [0.024998925670262115, 0.6347491629247327, 0.22281027049433264, 0.11744164081067252], [0.030527242193536825, 0.5760106218473103, 0.35486437478809896, 0.03859776107105392], [0.041513351248598826, 0.6294186325664515, 0.20116876738190212, 0.12789924870304753], [0.06725980659864021, 0.5901950819449152, 0.28317604652943373, 0.05936906482701086], [0.02471513038843171, 0.15620296400130737, 0.7569387892743444, 0.062143116235916514], [0.02641196665383829, 0.16433817044942137, 0.7599006750515999, 0.049349187745140535], [0.022143081158317347, 0.41781739018877545, 0.3687065000270628, 0.19133302852584444], [0.03768230805844358, 0.3631508187668097, 0.47363383436083784, 0.1255330387139089], [0.029881173240887387, 0.5638252997683402, 0.32631003306376016, 0.07998349382701232], [0.05612647968110742, 0.6423548531153108, 0.218544902837903, 0.08297376426567876], [0.058231435276471046, 0.5190231164843639, 0.237619830363921, 0.18512561777524403], [0.04387346523938536, 0.22987722663138607, 0.6862958464444079, 0.03995346158482065], [0.04109565260064141, 0.28084144621159846, 0.44877124831296833, 0.22929165277479185], [0.041626009930881114, 0.2981148350755971, 0.5836757995212685, 0.07658335537225334], [0.06559793406076647, 0.1839737972442937, 0.6943065264757614, 0.05612174211917845], [0.08147088983762656, 0.21464942342761037, 0.6211017190037607, 0.08277796763100238], [0.0634155573759722, 0.5066580194721279, 0.37651091950537274, 0.05341550354652719], [0.07476096655247765, 0.5524194877222556, 0.3003396115922073, 0.07247993403305951], [0.048904781650472656, 0.3557508117172488, 0.542454633614154, 0.05288977291812451], [0.06828039934757318, 0.310827048917526, 0.571699027449085, 0.0491935241858159], [0.09555193391797835, 0.14569849317175845, 0.6950892468252547, 0.06366032598500844], [0.07101705140528315, 0.14123437245011822, 0.6843978848072537, 0.10335069123734487]], "ideal": "D", "sampled": "D", "correct": true}}
