{"type": "result", "data": {"idx": 0, "options": ["0.005 C", "0.01 C", "0.02 C", "0.5 C"], "probs": [[0.17929204453726333, 0.4798106526622961, 0.2649788874097594, 0.07591841529068116], [0.1831789408983711, 0.5137388552587426, 0.24267499913307186, 0.06040720460981436], [0.19689043157650712, 0.47975412721238364, 0.2450363523273459, 0.07831908878376333], [0.19343526731521926, 0.509635748326612, 0.2370042958507026, 0.059924688407466176], [0.1264789764582488, 0.5494007695318694, 0.25951982781915617, 0.06460042609072561], [0.13456762222908453, 0.5322265784320549, 0.26762146541902365, 0.0655843338198369], [0.19182207035160695, 0.46015811199366274, 0.27051506811565657, 0.07750474943907375], [0.226324724402479, 0.4943403026894689, 0.21936357283464786, 0.05997139997340424], [0.1746101612195791, 0.44588340643494145, 0.2970247157729404, 0.08248171647253906], [0.19151631915095624, 0.4814737891230182, 0.24591469029367438, 0.08109520133235122], [0.12103287399913479, 0.5340235352136423, 0.2770488621847935, 0.0678947285024294], [0.12389982022372265, 0.5216392990791542, 0.27062398797452236, 0.08383689262260077], [0.29735753380301594, 0.4064404428558479, 0.2244596365534263, 0.07174238668770987], [0.29607848545460563, 0.4375769234710302, 0.21325952031509218, 0.05308507065927192], [0.3064928168680549, 0.3366170650613854, 0.26628891622923695, 0.09060120174132273], [0.31512111891815625, 0.3684145564726318, 0.24161470293988666, 0.07484962156932524], [0.19734447991765863, 0.503938452884138, 0.24560136476373598, 0.05311570233446744], [0.19128359852308507, 0.49615314597890336, 0.24948312339672069, 0.06308013200129087], [0.33816507498504317, 0.4274810636344195, 0.19268277518158525, 0.04167108609895209], [0.34407881443674204, 0.4150388244655774, 0.19913978953286401, 0.041742571464816566], [0.3460250533646451, 0.3982731489256427, 0.20662372323375303, 0.04907807437595913], [0.3115743719592131, 0.42587226942298045, 0.20755578730084018, 0.05499757121696626], [0.37826458905142163, 0.4026614843206604, 0.17318417846091458, 0.04588974806700341], [0.36578144955808584, 0.401733394036754, 0.17550599194649852, 0.05697916435866159]], "ideal": "B", "sampled": "D", "correct": false}}
{"type": "result", "data": {"idx": 1, "options": ["the electric field produced by a finite-length charged rod", "the electric field produced by an infinitely long charged cylinder", "the electric field produced by an infinite plane of charge", "the magnetic field produced by an infinitely long, straight current-carrying wire"], "probs": [[0.12580956798598256, 0.6192780274862221, 0.11455451952014889, 0.1403578849076465], [0.12146743023768046, 0.6464861438079061, 0.1313416173522971, 0.10070480850211627], [0.19881910981278908, 0.6124259646391593, 0.07546561730745918, 0.11328930814059246], [0.2101417403405221, 0.4886056598306726, 0.22023258280665556, 0.08102001692214968], [0.037092386739815394, 0.8987077247708974, 0.009378782236730531, 0.054821106152556615], [0.04881140362166225, 0.8518258586218239, 0.02493121176503767, 0.07443152589147613], [0.2949430192369238, 0.5340891797409006, 0.0781546417762975, 0.09281315914587802], [0.35899028445908426, 0.47559443465777573, 0.11121327511758056, 0.05420200566555946], [0.4833029896152816, 0.4006839468801914, 0.04638281923036656, 0.06963024417416043], [0.40241963548706, 0.2765828226522208, 0.26392038277547836, 0.057077158985240836], [0.07876000963347382, 0.8736631729000516, 0.01575354196178431, 0.03182327540469023], [0.0796785393720686, 0.8433803944747377, 0.024684146367102765, 0.05225691968609099], [0.6852685885034902, 0.2295396204384312, 0.04887237826475958, 0.036319412693319085], [0.6602635094358401, 0.1833494539817662, 0.1341436716660671, 0.022243364816326532], [0.30814524338413846, 0.5493460028424474, 0.07791422771117147, 0.06459452596224274], [0.27468281047896576, 0.41235521523667584, 0.24241434351272736, 0.07054763067163104], [0.06320080664193331, 0.9001919282558127, 0.009845194029891794, 0.0267620709723621], [0.05096875766501375, 0.9034811063883118, 0.010518426780539356, 0.03503170906613506], [0.6763694604552529, 0.28639878646256545, 0.01615781084384899, 0.02107394213833264], [0.6537848796264333, 0.29468938798976074, 0.026567547556676584, 0.02495818472712936], [0.5116945542754733, 0.4308996530258374, 0.03271274292672932, 0.024693049671960066], [0.46937324185579843, 0.44788990921894545, 0.0397530546661853, 0.04298379415907081], [0.7122281868665138, 0.2539573637956939, 0.015983473686580985, 0.017830975551211388], [0.6920314987874634, 0.25859826656118373, 0.022952200714333282, 0.026418033837019635]], "ideal": "A", "sampled": "D", "correct": false}}
{"type": "result", "data": {"idx": 2, "options": ["electric field outside the object is zero", "the electric field outside the object is equal to the electric field inside the object", "the electric field outside the object is directly proportional to the distance away from the center of mass of the object", "the electric field outside the object, but very close to the surface, is equal to the surface charge density at any location divided by the permittivity of free space"], "probs": [[0.05173363927880274, 0.2392132588952479, 0.6108708999845123, 0.09818220174143703], [0.05219568940037767, 0.3050917318510259, 0.5973614320151363, 0.04535114663346013], [0.006027683839630462, 0.8670792305749536, 0.10518598202256954, 0.02170710346284635], [0.012024439791718317, 0.7323991607824015, 0.24151792962424615, 0.01405846970163397], [0.01634518748723286, 0.9352913193072916, 0.03860265635397481, 0.009760836751500752], [0.027347075306178595, 0.8507775235610662, 0.09848238776566144, 0.023393013267093782], [0.019952405915505855, 0.028137080554110603, 0.8352786399912832, 0.11663187343910043], [0.024730150391077094, 0.0365477624960282, 0.8855426574519655, 0.053179429560929206], [0.058661112014774586, 0.5565757522833581, 0.19537470432234444, 0.18938843127952293], [0.11265821186995698, 0.38711902687783145, 0.43188295323338993, 0.06833980791882162], [0.04235735314287258, 0.8376398244893448, 0.06560638204123655, 0.05439644022654609], [0.08053210496890043, 0.653568813937646, 0.1814884421269669, 0.08441063886648668], [0.1468442318795841, 0.09935695524157655, 0.5899573915581469, 0.16384142122069245], [0.07762515630867978, 0.0936322297095629, 0.7963823764315597, 0.03236023745019752], [0.21850307283600645, 0.2289877384672059, 0.27622351047614657, 0.2762856781206411], [0.23425156580451043, 0.28700624931320357, 0.4176258602371689, 0.0611163245451171], [0.11086728338487618, 0.7576891634713394, 0.07740262611346042, 0.05404092693032392], [0.12756112169107306, 0.7115223976574012, 0.10250510981210802, 0.058411370739417746], [0.6902877096267526, 0.13592824663967465, 0.12377113532253142, 0.05001290831104139], [0.54188675288526, 0.14358617524394454, 0.26411578351727705, 0.05041128825351837], [0.7191347177743084, 0.1484062583315562, 0.07699520455628792, 0.055463819237847496], [0.5898478494773779, 0.182729135821462, 0.16900841512312265, 0.05841459947803746], [0.5286911050641672, 0.26584729153467174, 0.14230656410363962, 0.06315503919752143], [0.4828642832323204, 0.3021748914688415, 0.1495972700327456, 0.06536355516609248]], "ideal": "D", "sampled": "D", "correct": true}}
{"type": "result", "data": {"idx": 3, "options": ["Less, because the tension in the string varies directly with the wave speed, which varies inversely with the wavelength.", "Greater, because the tension in the string varies directly with the wave speed, which varies inversely with the wavelength.", "Greater, because the tension in the string varies directly with the wave speed, which varies directly with the wavelength.", "Less, because the tension in the string varies directly with the wave speed, which varies directly with the wavelength."], "probs": [[0.2874354569918953, 0.3807905713420742, 0.2742808317866388, 0.0574931397793916], [0.2868500904921426, 0.4306147033944054, 0.22692386465599051, 0.05561134135746147], [0.2347373190875607, 0.38101696538448804, 0.3310414813384012, 0.05320423408955003], [0.2798877379009958, 0.4335014851963753, 0.21127581751674504, 0.07533495928588384], [0.14555530357064078, 0.2594791371822094, 0.5080480612906005, 0.08691749785654926], [0.14730595882376388, 0.2585300985377243, 0.43978236135395743, 0.1543815811845544], [0.3203141057135884, 0.35733636810779096, 0.2739876477818275, 0.04836187829679311], [0.2080817942459995, 0.3123693354037563, 0.3430794979634229, 0.1364693722868213], [0.16220760706399162, 0.33282754565786943, 0.43409959447735846, 0.07086525270078049], [0.146639206396018, 0.3253337893160485, 0.39861394169156433, 0.12941306249636914], [0.17655400798526646, 0.3737665088565415, 0.3622752698724147, 0.08740421318577728], [0.27132826737587074, 0.4009983196342022, 0.26712959703594635, 0.06054381585398071], [0.1864270730609066, 0.35377893111877584, 0.4072081178556581, 0.052585877864659444], [0.1409197703548246, 0.4549016098894962, 0.28915762072574497, 0.11502099892993423], [0.13203379608885696, 0.2667157073552602, 0.5061478652011936, 0.09510263125468929], [0.20843747784860142, 0.36014754084560435, 0.3658256884725684, 0.06558929273322583], [0.10104056153362412, 0.23862911335059891, 0.38133184822554095, 0.278998476790236], [0.2008120506559055, 0.341594059981696, 0.3751777298320348, 0.0824161594303637], [0.12726257455724618, 0.23775648536935023, 0.5528124446730535, 0.0821684953003501], [0.20092543515400044, 0.2746309184933483, 0.4527995822095849, 0.07164406404306634], [0.18344540140470958, 0.4069945645039328, 0.35360999442934216, 0.05595003956201548], [0.18536155505430285, 0.45166601813531004, 0.3008811213759963, 0.06209130533439074], [0.1625939869138281, 0.3780434940814637, 0.36073889518485636, 0.09862362371985185], [0.14785562454175588, 0.3437760769977116, 0.38955679531970216, 0.11881150304083034]], "ideal": "C", "sampled": "B", "correct": false}}
{"type": "result", "data": {"idx": 4, "options": ["I only", "II only", "II and III only", "(E) I, II, and III"], "probs": [[0.04954853314436104, 0.06667380580691236, 0.4280552320395581, 0.4557224289091685], [0.0071265916897084725, 0.01290399963809032, 0.9334988070973252, 0.04647060147487593], [0.06787213834155686, 0.10678190975571071, 0.10678178309583775, 0.7185641687068947], [0.031111725896784508, 0.05996833990724522, 0.840962988704924, 0.06795694539104624], [0.011704755548645028, 0.9298817938793102, 0.02291799254763949, 0.03549545792440525], [0.020677288876581993, 0.8931181380016667, 0.042428821083969726, 0.043775751937781555], [0.11560134446366009, 0.25646550798279294, 0.3505758527616085, 0.2773572946919384], [0.023011131681291475, 0.04795730956821836, 0.8771751105819516, 0.05185644806853851], [0.09169541161789344, 0.2531855962442652, 0.13552272116493883, 0.5195962708729025], [0.038301171009917666, 0.04766515038923063, 0.8583051221199371, 0.05572855638091452], [0.04020502865294329, 0.873203830207062, 0.03958394079229657, 0.04700720024769813], [0.048291814731397334, 0.7916861335550758, 0.09604297815232586, 0.06397907346120106], [0.14033068819677236, 0.19790259149109116, 0.07996244042284192, 0.5818042797892946], [0.07716331656592246, 0.12524518693055325, 0.7437205217295246, 0.05387097467399964], [0.12824838970068933, 0.22508741242162345, 0.11496753646870543, 0.5316966613089817], [0.06028196215026758, 0.08239316939483686, 0.7941483258406902, 0.06317654251420542], [0.20887251028875187, 0.6956707679023176, 0.05800506094295149, 0.037451660765979056], [0.17705249322906072, 0.7112995199926554, 0.05930807286222074, 0.052339913816063156], [0.6198113148728481, 0.28825030586967165, 0.03336947137884801, 0.058568907778632134], [0.5531294838320636, 0.31028514519425154, 0.0809477254490869, 0.05563764542459794], [0.6375539157405875, 0.2919069734901066, 0.03224507202130108, 0.03829403864800478], [0.6191488849767042, 0.2541043006060401, 0.0751174804745085, 0.05162933384274726], [0.6073018696450802, 0.2959853597872176, 0.06502221935850494, 0.031690551109197294], [0.6331293104166207, 0.2558147656627255, 0.06993942092291892, 0.04111650289773495]], "ideal": "D", "sampled": "D", "correct": true}}
{"type": "result", "data": {"idx": 5, "options": ["Equal to the block\u2019s gravitational potential energy when it was released, because total mechanical energy must be conserved.", "Equal to the block\u2019s gravitational potential energy when it was released, because the gain in kinetic energy compensates for the mechanical energy lost to thermal energy on the rough incline.", "Less than the block\u2019s gravitational potential energy when it was released, because the gravitational potential energy was converted both to thermal energy and to kinetic energy.", "Less than the block\u2019s gravitational potential energy when it was released, because the work done by the friction force must be greater than the block\u2019s gain in kinetic energy."], "probs": [[0.24091443273145516, 0.24470794075746194, 0.4791230230554342, 0.03525460335564871], [0.1677974381079116, 0.22579639054307993, 0.5501989455247089, 0.05620722572429949], [0.19761827402058818, 0.14457924527924831, 0.6379272877725123, 0.019875192827651267], [0.5926555593236947, 0.08672478339893762, 0.04499248193101801, 0.2756271752463496], [0.2730487742458522, 0.19061798956044754, 0.5101290043194067, 0.02620423177429355], [0.45127711031749973, 0.1376322070940207, 0.08090997546780124, 0.33018070702067837], [0.16303409601912608, 0.23353486358585887, 0.5602303051594226, 0.04320073513559245], [0.13038464845072062, 0.20512284985982784, 0.6029016127880598, 0.06159088880139182], [0.18785839270787671, 0.26081434569768325, 0.5351666351102318, 0.016160626384208263], [0.2916132720532488, 0.13991806982792743, 0.1635808448752841, 0.40488781314353967], [0.21990272538998, 0.2959119197335467, 0.4583280698406834, 0.02585728493578992], [0.31220941802093327, 0.17241964718704844, 0.20797807846439073, 0.3073928562276275], [0.05061997232301732, 0.7438603881590523, 0.19404665202161778, 0.011472987396312636], [0.023873924673034216, 0.854845921873962, 0.06489629897803127, 0.056383854374972474], [0.06978646782102357, 0.40159351302828866, 0.5076659406381442, 0.0209540784125435], [0.060139030212110485, 0.5530342459125616, 0.30067834255072745, 0.08614838122460049], [0.0068047451622842365, 0.018788161996698135, 0.9487265378774288, 0.025680554863588854], [0.013436028939891561, 0.03377788799829868, 0.8988086149981945, 0.053977467963615244], [0.05908385193706352, 0.6553790277788235, 0.2647962991254243, 0.020740821058688706], [0.03358490592411517, 0.8010826587521234, 0.11722329956451842, 0.048109135659242984], [0.08517461205782141, 0.3265089069985506, 0.5468047219951166, 0.04151175884851128], [0.08607404125531656, 0.4106407554925288, 0.4236766790251698, 0.07960852412698481], [0.014491246066943526, 0.03758675601182263, 0.896546541719872, 0.0513754561013618], [0.016695754072211372, 0.04330517214068611, 0.8835179525106425, 0.05648112117646007]], "ideal": "C", "sampled": "A", "correct": false}}
{"type": "result", "data": {"idx": 6, "options": ["The small block is most likely to slide off when the original block is at maximum displacement from the equilibrium position, but will not slide off as long as the coefficient of static friction between the blocks is greater than kA/[(M+m)g].", "The small block is most likely to slide off when the original block is at the equilibrium position, but will not slide off as long as the coefficient of static friction between the blocks is greater than kA/[(M+m)g].", "The small block is most likely to slide off when the original block is at maximum displacement from the equilibrium position, but will not slide off as long as the coefficient of static friction between the blocks is greater than (M+m)g/(kA).", "The small block is most likely to slide off when the original block is at the equilibrium position, but will not slide off as long as the coefficient of static friction between the blocks is greater than (M+m)g/(kA)."], "probs": [[0.05784065454409071, 0.06657496615886016, 0.8110573615085784, 0.06452701768847073], [0.07389494941154902, 0.0750594826353417, 0.7233628195552502, 0.1276827482978591], [0.22494297481495332, 0.2756072374920058, 0.461562201908491, 0.03788758568454993], [0.41439783152984005, 0.20514191493902778, 0.312809620461581, 0.06765063296955114], [0.22171906959492763, 0.20505668068074506, 0.557411726080677, 0.01581252354365024], [0.27999388125741914, 0.20167239747145185, 0.46891055739785437, 0.04942316377327468], [0.028148449507536234, 0.05097076925164889, 0.8226315792033224, 0.09824920193749245], [0.032334435005208176, 0.05947270110833397, 0.8604051873627028, 0.0477876764237551], [0.18427136950448797, 0.21882796774466964, 0.5765462049983467, 0.020354457652495654], [0.12533540555567108, 0.1442606097218448, 0.6567216270236484, 0.07368235759883571], [0.12132141647525306, 0.17378535735519332, 0.6161304069727661, 0.08876281909678747], [0.1450065097813813, 0.11835085030729489, 0.39417085634955196, 0.3424717834617718], [0.6153154464242776, 0.13729614222608155, 0.19362119126799437, 0.05376721998164645], [0.2303085177906517, 0.1939395814940109, 0.4652442335617214, 0.11050766705361598], [0.44651404087997326, 0.1543112743474932, 0.3701798376139846, 0.028994847058548972], [0.4106274827508249, 0.15344074309781328, 0.4042668923172398, 0.03166488173412204], [0.12070301649176256, 0.08969893850162078, 0.7279479936241036, 0.061650051282513094], [0.12312901752724893, 0.0859578750022448, 0.6060692432554023, 0.18484386411510392], [0.18989138581673534, 0.11163138891677611, 0.6627972742622347, 0.035679950904253854], [0.3102519144496331, 0.1535864139883172, 0.4805352281923941, 0.05562644326965559], [0.32809680208118824, 0.10324033939937989, 0.3957635104891742, 0.17289934793025769], [0.11590117528243754, 0.13133385286903382, 0.4173781417869578, 0.3353868299615708], [0.05701873196007547, 0.06666194348881854, 0.6324743345131357, 0.24384498993797024], [0.07241907569850428, 0.08206156376661947, 0.7908539991102692, 0.05466536132460707]], "ideal": "A", "sampled": "C", "correct": false}}
{"type": "result", "data": {"idx": 7, "options": ["0.005 J", "0.01 J", "0.05 J", "0.1 J"], "probs": [[0.12883790124047154, 0.2814049187335208, 0.4862321425391013, 0.10352503738690631], [0.1155618472118541, 0.2686857084916704, 0.5019809790191607, 0.1137714651773148], [0.10779506792387565, 0.3218129002861202, 0.45383665299225867, 0.11655537869774549], [0.11636388820872842, 0.27055082931871494, 0.505465172424963, 0.10762010994759356], [0.08938849583285492, 0.41332330679748847, 0.3944017827950631, 0.1028864144745935], [0.0992779031511836, 0.4114909347035983, 0.3988368093915259, 0.0903943526536922], [0.08022067993899208, 0.33773894372702884, 0.4689098472763273, 0.1131305289576518], [0.07041446811437939, 0.31067961219810336, 0.5284913142354444, 0.09041460535207294], [0.09884783330024745, 0.2815879201134213, 0.48654834961351945, 0.1330158968728118], [0.07771416984359635, 0.2508608773356416, 0.5565697716087769, 0.11485518111198517], [0.07380357188765067, 0.3205833673591232, 0.49653733490935664, 0.10907572574386945], [0.06627292135981902, 0.31126478079376735, 0.5131958684318969, 0.10926642931451665], [0.2008751943571798, 0.27888533678011745, 0.4057822853351829, 0.11445718342751983], [0.17379534438039299, 0.24128865885641343, 0.4874244564713041, 0.09749154019188946], [0.17306367205825104, 0.3335859601456857, 0.3900079872072141, 0.10334238048884917], [0.11702490422412389, 0.32311230413197467, 0.46284484168960244, 0.09701794985429904], [0.17582668804397128, 0.4420241449614919, 0.2990932882073472, 0.08305587868718962], [0.13483577061197408, 0.3608354683789442, 0.4025480178867648, 0.10178074302231695], [0.1205900817549277, 0.3832307768057927, 0.4079525762423783, 0.0882265650969013], [0.1389601389847327, 0.40842375459478786, 0.3493481900145063, 0.10326791630597322], [0.19042998834180883, 0.24072379230124238, 0.4359021847393646, 0.1329440345175842], [0.19330175556981194, 0.2560814764195019, 0.4156678070804368, 0.13494896083024932], [0.16521639627901402, 0.449102626722766, 0.28547050695334714, 0.10021046994487284], [0.1265898663660934, 0.4216062488969698, 0.36062339482014316, 0.09118048981679362]], "ideal": "C", "sampled": "D", "correct": false}}
{"type": "result", "data": {"idx": 8, "options": ["v0^2/(2\u03bcg)", "v0^2/(\u03bcg)", "2v0^2/(\u03bcg)", "mv0^2/(\u03bcg)"], "probs": [[0.5578250832500431, 0.28049289916172, 0.14104288683685173, 0.020639130651385135], [0.48837139991877315, 0.3008773199480121, 0.19732331858532037, 0.013427961447894416], [0.495623690582963, 0.2737096782325777, 0.21316871381237437, 0.01749791727208492], [0.5074118185629448, 0.28021948790996115, 0.2018375707197552, 0.0105311227073388], [0.3923068368200805, 0.4445424066964417, 0.15363160191209407, 0.009519154471383712], [0.4116296157393541, 0.48124459717462487, 0.10087545165228844, 0.0062503353337326], [0.21051305255778655, 0.4971660662171555, 0.26199303587473644, 0.03032784525032153], [0.14429222702829975, 0.47311508899188054, 0.3627571253758925, 0.01983555850392724], [0.2848515159193277, 0.37151669760213674, 0.30323027996610413, 0.040401506412431405], [0.20047550532650282, 0.3254031995278903, 0.4447847115734079, 0.029336583472198963], [0.14961994528875816, 0.5825840559718095, 0.25451628793370795, 0.013279710705724307], [0.12009760400669323, 0.6698513439228152, 0.19191872535443968, 0.018132326616051846], [0.25807370675452657, 0.5725624326111511, 0.15410543345176986, 0.015258427082552432], [0.24497090147879202, 0.5876551477363198, 0.15816756035491833, 0.00920639032996982], [0.402016517464725, 0.3776597054099398, 0.19901732950144638, 0.021306447523888813], [0.3705867174093414, 0.39448761527591875, 0.2178615324449861, 0.017064134769753728], [0.3233335935994527, 0.4930247402668556, 0.17579613755223633, 0.007845528481455352], [0.32683950354951513, 0.5222888539741105, 0.1383949952211138, 0.012476647155260536], [0.12091181696290225, 0.6639371662057957, 0.20568037490755714, 0.009470641823744868], [0.17374811894911218, 0.6765347056311958, 0.14404404021061115, 0.00567313510908087], [0.31114543205613904, 0.35257408840255333, 0.3210293427028352, 0.01525113673847247], [0.3879929359691029, 0.40031059304853606, 0.1920747248910698, 0.01962174599129126], [0.2826781038300101, 0.46605788773932066, 0.2380427818639509, 0.01322122646671834], [0.2500796243274584, 0.5212120853972142, 0.21059220399562018, 0.01811608617970724]], "ideal": "A", "sampled": "A", "correct": true}}
{"type": "result", "data": {"idx": 9, "options": ["0.5 s", "1 s", "2 s", "4 s"], "probs": [[0.03918553442888129, 0.6524993655085108, 0.25954737773275355, 0.04876772222985435], [0.035038189010049306, 0.592626706259246, 0.3172116660027451, 0.055123438627959646], [0.025936164807431588, 0.7462164467003055, 0.1857484953278849, 0.042098893064377974], [0.027099173619249642, 0.7099047222140644, 0.21315269228352504, 0.04984341178316085], [0.028487137916682715, 0.701049970373256, 0.2138089199558497, 0.056653971654211537], [0.02692932785082461, 0.6627129546668172, 0.251538218631514, 0.05881949875084417], [0.07631981428932746, 0.5728144091749655, 0.2791686078564947, 0.07169716857921232], [0.0664024119548793, 0.522297016891806, 0.33722191543154456, 0.07407865562177018], [0.0613471127390659, 0.6595468594168723, 0.23887302246021802, 0.0402330052838438], [0.05564825049665551, 0.6172695548385542, 0.2696664540684339, 0.057415740496356386], [0.047715470190045045, 0.6796036361968406, 0.23122435805869518, 0.0414565354544191], [0.038935258110401376, 0.648332223641139, 0.2619507551985375, 0.050781762949922156], [0.11274296873234033, 0.5815750403238034, 0.24243793069708336, 0.06324406014677296], [0.10540116734346497, 0.5697958553727273, 0.26087293414953716, 0.06393004303427063], [0.05698585755863281, 0.7506455121177452, 0.16233886845662757, 0.030029761766994345], [0.045550888565437375, 0.7125391097943553, 0.20414652657901763, 0.037763474961189716], [0.09556279297430298, 0.6134896138806791, 0.2478734886304139, 0.04307410441460396], [0.0785141902751384, 0.5985643400822522, 0.26979533438209347, 0.05312613516051589], [0.17177945967941133, 0.537452133228045, 0.2275732189709919, 0.06319518802155176], [0.1528834470752531, 0.5171997777838776, 0.2641614495323835, 0.06575532550848573], [0.07622436461664078, 0.7345882084774571, 0.1564033782191759, 0.03278404858672622], [0.0683394020232586, 0.7010749786711502, 0.18576704517435177, 0.044818574031239386], [0.050830086719007815, 0.7951196131477218, 0.1318441082347256, 0.02220619179854477], [0.0483879399468012, 0.7809449869886468, 0.14222104150614853, 0.028446031458403465]], "ideal": "B", "sampled": "C", "correct": false}}
{"type": "result", "data": {"idx": 10, "options": ["The average kinetic energy of the hydrogen gas is greater than the nitrogen gas.", "The average force exerted on the container by the hydrogen gas is greater than the nitrogen gas.", "The density of the hydrogen gas is less than the nitrogen gas.", "The pressures of the gases cannot be compared without knowing the number of molecules in each container."], "probs": [[0.16320333977520152, 0.15331534577742478, 0.6063848543861876, 0.07709645996118611], [0.13029593713381055, 0.11320587668202788, 0.32248700863202434, 0.43401117745213724], [0.11233890967942799, 0.5443820437897556, 0.30063736883729436, 0.042641677593521984], [0.11054412974522564, 0.5702360036920939, 0.27790974347667974, 0.0413101229860007], [0.14897329215864968, 0.06508229284337265, 0.5119090966720619, 0.2740353182259158], [0.015809198287741806, 0.007125654473922072, 0.9479874040453536, 0.029077743092982503], [0.1312408498363943, 0.2651135723688154, 0.5355535346066697, 0.06809204308812061], [0.11021463073167664, 0.24452671952767802, 0.3502635735727069, 0.29499507606793846], [0.09409619542445417, 0.39001773547285556, 0.47786530003531275, 0.03802076896737745], [0.082691160351973, 0.40071280592508984, 0.3823619072543114, 0.13423412636862572], [0.024790561701524518, 0.01083010100795046, 0.9158407772924861, 0.04853855989803885], [0.015328914232088642, 0.009592452974424365, 0.890904693674043, 0.08417393901944396], [0.2513426215917811, 0.44807266683784924, 0.24361453675708514, 0.0569701747132845], [0.22921762038872476, 0.47774076812959193, 0.2087083921276566, 0.08433321925402669], [0.13998341611111823, 0.17695584957378255, 0.6273753069733617, 0.055685427241737515], [0.11735170770573221, 0.10685448745517627, 0.21584355142951572, 0.5599502533095758], [0.014602375915207844, 0.004667198379014993, 0.9467784603580666, 0.033951965247710617], [0.049854196613944336, 0.022825451727502978, 0.6266275176801858, 0.30069283387836687], [0.01560475031103886, 0.7757584614410958, 0.19010506996259413, 0.01853171818527121], [0.01922528158996248, 0.5706969201375678, 0.3861508465689513, 0.0239269516035184], [0.02484058323572663, 0.1594687649616405, 0.7727685921293613, 0.04292205957327155], [0.024340174364392564, 0.20063781138327597, 0.6787493025950548, 0.09627271155727657], [0.008211251041543001, 0.34373454955751986, 0.6322264435170754, 0.01582775578386176], [0.005993761975246372, 0.5148287152175944, 0.45433369234894205, 0.02484383035821712]], "ideal": "D", "sampled": "A", "correct": false}}
{"type": "result", "data": {"idx": 11, "options": ["Move the boy to half his original distance from the fulcrum.", "Move the girl to double her original distance from the fulcrum.", "Allow a second girl of mass m to join the first.", "Move the fulcrum to half its original distance from the boy."], "probs": [[0.420355986596809, 0.1430222477014877, 0.3485044680855844, 0.08811729751611892], [0.4243069873233731, 0.18249454826117706, 0.30563141961828366, 0.08756704469716621], [0.49985112244409025, 0.1782309763918201, 0.2553140298860472, 0.06660387117804246], [0.4435724814484196, 0.19993988720697753, 0.2527541759486874, 0.1037334552959155], [0.3982839284650505, 0.14425022483293828, 0.3860522199820034, 0.07141362662000782], [0.3609909390156239, 0.10505813909986812, 0.39034622394000124, 0.14360469784450677], [0.5534935984817171, 0.11422170015851478, 0.2783277827529481, 0.05395691850681997], [0.5643342732818845, 0.15671162305695305, 0.21758113799303527, 0.06137296556812723], [0.6191196121752858, 0.15654062432902077, 0.18018286733835065, 0.04415689605734283], [0.6332542205228818, 0.13482928073802433, 0.19014599634078078, 0.04177050229831309], [0.6388648794300942, 0.18020315788927663, 0.1339201465705375, 0.04701181601009171], [0.6080432420352911, 0.10082507689732355, 0.24568394856521944, 0.045447732402165826], [0.506032791252715, 0.16428765019631772, 0.2544594241514852, 0.07522013429948204], [0.4972680286297024, 0.16919177012576556, 0.21725005428182925, 0.11629014686270281], [0.47282660897632334, 0.19710660104101219, 0.24917017472928477, 0.08089661515337968], [0.5350705661792596, 0.15571624601021442, 0.24118262579516989, 0.06803056191535603], [0.43754222332718196, 0.1660781626821653, 0.23789755643168004, 0.15848205745897273], [0.4873575967132476, 0.13746828966070798, 0.29560914075175637, 0.07956497277428803], [0.3541632233762407, 0.12239643260780808, 0.454778552702837, 0.06866179121311425], [0.42067162924757096, 0.1097420197692438, 0.35983933922509076, 0.10974701165809447], [0.4994157403033965, 0.21818277887853024, 0.21480702501792467, 0.06759445570014853], [0.49635701235475443, 0.13569902387763408, 0.3058129960668119, 0.06213096760079958], [0.5154160818283716, 0.19871565549535475, 0.2182542814226177, 0.06761398115365594], [0.5657354424108941, 0.15466643407388303, 0.228591345865775, 0.051006777549447775]], "ideal": "D", "sampled": "B", "correct": false}}
{"type": "result", "data": {"idx": 12, "options": ["The high temperature water will rise to the top of the container until it has cooled and then mixes with the alcohol.", "The molecules of the water continue to have a higher kinetic energy than the molecules of the alcohol, but the two liquids mix until the energy is spread evenly throughout the container.", "The hot water produces thermal radiation that is absorbed by the cold alcohol until the kinetic energy of all the molecules is the same.", "The water molecules collide with the alcohol molecules, transferring energy until the average kinetic energy of both the water and alcohol molecules are the same."], "probs": [[0.0009159325365160262, 0.0030032629450091304, 0.0072043324616028245, 0.988876471956872], [0.0009357367265802081, 0.0018902178305209055, 0.9945904290901099, 0.0025836162527890475], [0.000947297964402892, 0.0025750651844080037, 0.005201662778680275, 0.9912759739725088], [0.0013744497227170405, 0.0036781681594020878, 0.988492006166772, 0.006455375851108855], [0.0011313766508925076, 0.8797833116773648, 0.11722000462004571, 0.0018653069516969452], [0.0008355686996629867, 0.9754028372807146, 0.018722501896925803, 0.00503909202269652], [0.0003559926550762998, 0.0006862070590630147, 0.002048581054592553, 0.9969092191312682], [0.0004570476770699502, 0.0006754622857976072, 0.9967869269991961, 0.0020805629379362705], [0.00047200940212693127, 0.0008547167241884328, 0.0009241488618100741, 0.9977491249118745], [0.0032835796159369187, 0.008384790309726858, 0.984432344153951, 0.0038992858203852052], [0.0008666200040002318, 0.9959715806112517, 0.002507642427858612, 0.0006541568568894238], [0.0008934119098532023, 0.9951704571107693, 0.003703071207097395, 0.0002330596722800696], [0.0006142314047329704, 0.0005092270044757309, 0.0033727758277914115, 0.9955037656629999], [0.0006642729329328994, 0.0006143458308835259, 0.9956974742363879, 0.003023906899795635], [0.0008670715394236142, 0.0011308990363605058, 0.0014981651529801408, 0.9965038641712357], [0.0037854708294062585, 0.0068545148533336545, 0.9860193958586038, 0.003340618358656327], [0.005656632981407594, 0.9814961627447797, 0.008230366375342198, 0.004616837798470491], [0.009334199666403772, 0.9228177600399683, 0.0668487289182201, 0.0009993112754078312], [0.5506652200734089, 0.06474735125887714, 0.37847003620714353, 0.0061173923605705], [0.68784768596765, 0.0747993070348081, 0.1851329698367176, 0.05222003706082429], [0.8291425359050412, 0.16326802287849546, 0.006845068366616986, 0.0007443727498463507], [0.7563580123697469, 0.23067613975978093, 0.012613572859967925, 0.0003522749105042924], [0.7380467075154459, 0.17258291084738872, 0.03506279089577564, 0.05430759064138974], [0.5065884232255932, 0.14288859549988653, 0.3481769911835042, 0.0023459899910160892]], "ideal": "D", "sampled": "D", "correct": true}}
{"type": "result", "data": {"idx": 13, "options": ["4 s", "2 s", "0.06 s", "0.03 s"], "probs": [[0.0807052037091702, 0.5963329120600899, 0.2447386998046478, 0.07822318432609209], [0.08760240673142836, 0.5536583661479423, 0.28723993894565647, 0.07149928807497287], [0.13615192471573204, 0.42597976322682646, 0.2973897158802189, 0.14047859607722257], [0.15328047705789655, 0.44352933753886137, 0.2819318662107197, 0.12125831909252234], [0.1144624337531682, 0.5210607323082653, 0.250012589594219, 0.1144642442443475], [0.12349603599928746, 0.5621861940548796, 0.20361422455392636, 0.11070354529190658], [0.15692617786181498, 0.30724437648363395, 0.3884055142429011, 0.14742393131165], [0.15294523079817207, 0.29944737850272185, 0.4357085097679345, 0.11189888083117154], [0.15316423315768937, 0.4295594563781971, 0.26881845981715724, 0.1484578505469563], [0.18680251477888127, 0.43432634025907974, 0.2804302996308947, 0.09844084523114428], [0.14412503157791234, 0.5354884942158296, 0.21976875094017248, 0.10061772316608561], [0.15622184028155167, 0.5452667596078056, 0.2037559644023562, 0.09475543560828656], [0.10909004833471783, 0.38075856505277605, 0.31567023142013007, 0.194481155092376], [0.08120359600571764, 0.43217224522340275, 0.35273880288558623, 0.13388535578529337], [0.1276873071019413, 0.3872038779348939, 0.27457791973255957, 0.2105308951306052], [0.08882978623835394, 0.45110956165980454, 0.34052470576729077, 0.11953594623455079], [0.06533415712260764, 0.40021670457021735, 0.40652847891748417, 0.12792065928969082], [0.07086545920508654, 0.4014761715615936, 0.39526173173958923, 0.13239663739373062], [0.09003921127704557, 0.48673981864965227, 0.3093992011998065, 0.11382176877349562], [0.07641528949501093, 0.5646310791718601, 0.2545046990331702, 0.10444893219995884], [0.09500827389793648, 0.5056390429488326, 0.2792488183900246, 0.12010386466320638], [0.07813819205954885, 0.5684082295770183, 0.2562077247762875, 0.0972458534871453], [0.09817247032214088, 0.2885388197168729, 0.48322906105216246, 0.13005964880882376], [0.10106475884083954, 0.2924341544338988, 0.4746853274445097, 0.13181575918075195]], "ideal": "B", "sampled": "B", "correct": true}}
{"type": "result", "data": {"idx": 14, "options": ["10 N/kg", "4 N/kg", "2 N/kg", "0.5 N/kg"], "probs": [[0.02235262315277185, 0.7879346129692625, 0.16516325122199743, 0.02454951255596822], [0.037564515993779066, 0.6977776871337754, 0.2411505724227107, 0.02350722434973482], [0.08231154675123369, 0.6373698592038506, 0.22374613164090812, 0.05657246230400757], [0.1124270942456113, 0.5363319811993212, 0.3153071226996526, 0.035933801755414836], [0.057248246765181136, 0.8027039361817742, 0.11034763793403196, 0.029700179019012767], [0.06192279533793819, 0.8156409061753641, 0.09741713577437305, 0.025019162612324623], [0.12093839408554412, 0.4782986484972758, 0.3445209665109201, 0.05624199080625993], [0.14651883956983336, 0.3200066077395099, 0.4804095458870128, 0.053065006703643905], [0.09074456787376178, 0.681052315653314, 0.1921069719487725, 0.036096144424151655], [0.10923474985298888, 0.5723270155948017, 0.29692867284678187, 0.021509561605427583], [0.0800538594897579, 0.8084911651750549, 0.09214098012631959, 0.01931399510886762], [0.06912528709911477, 0.8161861880496054, 0.09748180191458145, 0.017206722836698402], [0.10079198699211521, 0.4516985247689842, 0.38637544261617174, 0.0611340455227289], [0.13263382213925914, 0.3334227551696478, 0.48515058281860934, 0.04879283977248366], [0.12306861199902482, 0.41631628319380753, 0.36172319532959024, 0.0988919093775774], [0.12124401984459661, 0.2908362724278881, 0.5349526364942443, 0.05296707113327098], [0.06975259735114121, 0.7982542036905469, 0.11321940440624359, 0.018773794452068292], [0.06397419112406008, 0.7916159245660275, 0.12331325707442124, 0.021096627135491142], [0.19114888348088518, 0.45851961704141014, 0.31026439468748374, 0.040067104690220956], [0.22079454638494492, 0.5133399777972313, 0.23503542336431302, 0.030830052353510773], [0.12983860267649994, 0.6097973079339419, 0.21406817753064022, 0.046295911758917944], [0.10644815195366315, 0.6030440970879061, 0.24749852898848548, 0.04300922186994524], [0.13824140921162922, 0.6292864036728997, 0.20114035752534853, 0.03133182949012251], [0.122936141711038, 0.6242967107797466, 0.21915798887300897, 0.033609158536206406]], "ideal": "B", "sampled": "D", "correct": false}}
{"type": "result", "data": {"idx": 15, "options": ["\u03c3/2\u03b5o, down", "\u03c3/2\u03b5o, up", "\u03c3/\u03b5o, down", "\u03c3/\u03b5o, up"], "probs": [[0.5377137359971547, 0.28781767068434094, 0.14931917844788756, 0.025149414770616885], [0.5510379588647081, 0.2727837220291442, 0.14831146487521163, 0.02786685413093607], [0.36926140277086383, 0.4968972951601563, 0.09784588670211425, 0.035995415266865616], [0.34080503149212066, 0.5116105789539591, 0.09612982934042257, 0.05145456011349759], [0.3676233647641644, 0.534890795592415, 0.07126791309899999, 0.02621792644442061], [0.274245610377008, 0.6180246336158466, 0.07497548124751828, 0.032754274659627124], [0.2390544634536603, 0.5472017689158221, 0.17765167883204158, 0.03609208869847607], [0.28180951717090374, 0.5264904059387385, 0.1605718481550532, 0.03112822863530456], [0.16193170783564997, 0.7257314892664078, 0.0789200362524445, 0.03341676654549766], [0.15540712375545068, 0.7414115931211366, 0.06684071271165165, 0.03634057031176108], [0.216224055413438, 0.5521485106067204, 0.19687674570952132, 0.034750688170320274], [0.1922389929182476, 0.5476389710383496, 0.21446081222739227, 0.04566122371601054], [0.28422028670509464, 0.4834762359217989, 0.15213406537841523, 0.08016941189469123], [0.27672663234516004, 0.49331989064706294, 0.16524318092455473, 0.06471029598322225], [0.19701732252764487, 0.6665040104951137, 0.0945308708782391, 0.041947795999002446], [0.21915139521228624, 0.6243063458004825, 0.12293399927277128, 0.03360825961445995], [0.30158957611294507, 0.3872488707866785, 0.27034550701101107, 0.040816045989365356], [0.301399427192344, 0.3992893829833658, 0.25380619317784464, 0.0455049965464455], [0.11315623106956321, 0.7732881940587703, 0.07192730002280256, 0.041628274748864005], [0.08761050910265678, 0.7931648220998112, 0.08491567869407321, 0.03430899000345884], [0.18805981240954364, 0.4172292773672726, 0.31990466472003587, 0.07480624540314786], [0.20540985269646836, 0.4348531008569851, 0.3035803188125931, 0.05615672753395345], [0.14644454690922665, 0.5191911555156814, 0.27790448584430844, 0.056459811630783514], [0.17773314447961053, 0.5063153259616697, 0.27101309772415005, 0.04493843173456967]], "ideal": "A", "sampled": "A", "correct": true}}
