{"type": "result", "data": {"idx": 0, "options": ["True, True", "False, False", "True, False", "False, True"], "probs": [[0.5464383322464488, 0.31135317448130184, 0.13391123610952077, 0.008297257062728547], [0.6259846371874352, 0.29111261688979406, 0.07246336720809106, 0.01043937861467957], [0.33195478042237975, 0.5917803766609595, 0.05504366314069806, 0.02122117967596272], [0.3965207371172593, 0.525309030591861, 0.06372693978873997, 0.014443292402139674], [0.6324172432787345, 0.3230106438994287, 0.039185418543447294, 0.005386694178389468], [0.5708433000385713, 0.315251898263557, 0.10725894958859514, 0.0066458520092765195], [0.27282641910570066, 0.5511272271263518, 0.15066950891663464, 0.025376844751312917], [0.29588368091181927, 0.5442153133769708, 0.1397658565535574, 0.020135149057652447], [0.2760902604358281, 0.39548164049658074, 0.31285219944419784, 0.015575899523393305], [0.31928951496536007, 0.42965174997478955, 0.2194447582575209, 0.031613976702329454], [0.29716517688067334, 0.4823473556691666, 0.20423840903762522, 0.01624905831253484], [0.3149048528462837, 0.45108075961791166, 0.20331799400731232, 0.03069639342849225], [0.29293315726768737, 0.6705391206506169, 0.024808890375729347, 0.011718831605966285], [0.3112727102407297, 0.6589716666101215, 0.022548675513854418, 0.007206947535294305], [0.533169077784154, 0.29444658040327293, 0.1677714992500159, 0.004612842462557178], [0.608444361915189, 0.3308095194732445, 0.049944768233057484, 0.010801350278508922], [0.49667782369486335, 0.3012518451159733, 0.19756699222545537, 0.00450333886370795], [0.5466052537582451, 0.40620671534380526, 0.037783080534572654, 0.009404950263377058], [0.418097424329849, 0.5626164706967016, 0.017257008834759325, 0.0020290960386901194], [0.3786671485770219, 0.5684504696803884, 0.047395918840007066, 0.005486462802582662], [0.5774163515342824, 0.318880615849028, 0.09878483538009226, 0.004918197136597281], [0.5837821564984104, 0.32239620005157066, 0.08151475620203968, 0.012306887147979235], [0.39041490440529114, 0.43553973446650557, 0.17056039446579102, 0.003484966562412269], [0.4160349376382292, 0.542614878180406, 0.036352891539039485, 0.004997292542325337]], "ideal": "D", "sampled": "A", "correct": false}}
{"type": "result", "data": {"idx": 1, "options": ["True, True", "False, False", "True, False", "False, True"], "probs": [[0.2765772486651583, 0.5587033324198762, 0.13270320689038437, 0.032016211924581], [0.2795053370109588, 0.5558646813249409, 0.127966759192687, 0.03666322237141325], [0.17248040692989394, 0.7038322195277942, 0.08809415381406194, 0.03559321962824997], [0.16501400610707145, 0.6947375249795655, 0.10166196978544693, 0.038586499027916006], [0.2575843655953051, 0.6276479421268089, 0.09329090353370831, 0.021476788644177684], [0.2643397531562657, 0.5773733380522125, 0.1308576655299167, 0.02742924316160512], [0.2029759593215859, 0.5782265088062915, 0.1682727641007145, 0.05052476767140814], [0.20941939081897426, 0.5782272987451282, 0.17361459651684888, 0.03873871381904865], [0.20670771546772465, 0.4806100367564633, 0.2738430891774122, 0.03883915849839989], [0.23088684503744725, 0.5285066922336803, 0.19442614766183725, 0.04618031496703523], [0.1607979130792208, 0.6664912873787732, 0.1333056722937573, 0.03940512714824869], [0.15733259412075742, 0.6728284698194672, 0.11876056328025793, 0.05107837267951743], [0.23768330857599548, 0.6360766622722102, 0.0874391318179692, 0.0388008972338252], [0.23318106368052183, 0.633854698956976, 0.09720466466029735, 0.03575957260220479], [0.3395412709400435, 0.4940318378362975, 0.14603576688278913, 0.020391124240869876], [0.341398012765187, 0.5287710614842586, 0.10091749934854828, 0.028913426302006138], [0.2828241444166081, 0.5283868642620502, 0.16368686328021217, 0.025102127941129516], [0.29409358778914135, 0.6034456074661249, 0.07552980855930962, 0.026930996085424146], [0.2763967418518315, 0.6630458602645519, 0.04878699983436851, 0.01177039794924803], [0.25886175949960183, 0.6307587250146124, 0.08946027177375239, 0.02091924361203338], [0.315829760115321, 0.5457064698309523, 0.1108668065804534, 0.02759696337327336], [0.3172564854066726, 0.5568043749487457, 0.09089567545336058, 0.0350434640912211], [0.2389254592020066, 0.5913471037987392, 0.1518703415080872, 0.01785709539116692], [0.25629493066481507, 0.6752511123865572, 0.05206955117069087, 0.016384405677936798]], "ideal": "C", "sampled": "D", "correct": false}}
{"type": "result", "data": {"idx": 2, "options": ["True, True", "False, False", "True, False", "False, True"], "probs": [[0.2742751316449, 0.43149573802078767, 0.2919648370282766, 0.0022642932060357147], [0.3328081724901047, 0.4996050235135164, 0.16475206912870008, 0.0028347347676788252], [0.21672821533743508, 0.7447314514367173, 0.03593705055979759, 0.002603282566050056], [0.2246933295322151, 0.7140759869882274, 0.05861476472518961, 0.0026159186543678573], [0.33089834367470994, 0.6086181386718783, 0.05932681992454168, 0.0011566976288701122], [0.30510294455668613, 0.5189987424141932, 0.1738425345269178, 0.0020557784022028525], [0.11061362210268437, 0.7101115723383183, 0.17401984704094503, 0.005254958418052292], [0.11117843335502116, 0.7249767647917469, 0.15925590403136788, 0.004588897721864065], [0.09676213336229036, 0.49139862103599213, 0.4073837900270361, 0.004455455474681419], [0.12122416269193, 0.5693621178844227, 0.2953809858909984, 0.014032733432648863], [0.11460787211499011, 0.6595228998849786, 0.22091178892133825, 0.004957438978693042], [0.11343799530325428, 0.6527907847705363, 0.21865706143576827, 0.015114158390441099], [0.10643476685732438, 0.8773578748268728, 0.01440442870717179, 0.0018029295086310834], [0.11073604348698927, 0.8710127579308646, 0.016981975152168954, 0.001269223329977144], [0.20552999097375896, 0.5415004575106334, 0.2518214622135206, 0.0011480892020871004], [0.24833583674834084, 0.6542801612191149, 0.09425788878767957, 0.003126113144864673], [0.1755158069084909, 0.5754948461493579, 0.2475175497858691, 0.0014717970562821768], [0.1933808772233015, 0.752981600969695, 0.05124093982973612, 0.0023965818772673448], [0.12361186781119841, 0.8580423620132627, 0.017808012719548235, 0.0005377573559906331], [0.12096474005863068, 0.8266479754557442, 0.051219767493337176, 0.001167516892287922], [0.1987473134520712, 0.6516675073977382, 0.14769666754506208, 0.0018885115051285898], [0.20281463946518055, 0.6546938927812901, 0.13510389185200286, 0.007387575801526517], [0.11269303434276663, 0.658715742345651, 0.22764623196712333, 0.000944991244459009], [0.11607968343432785, 0.8313325248931521, 0.05071152869555501, 0.0018762628769650174]], "ideal": "B", "sampled": "A", "correct": false}}
{"type": "result", "data": {"idx": 3, "options": ["12", "24", "48", "72"], "probs": [[0.010354766138968857, 0.6507153207383714, 0.28875224434899466, 0.050177668673665056], [0.01646547935304906, 0.5368090221418723, 0.3927371762976594, 0.05398832210741921], [0.023869222249956135, 0.5605071834706588, 0.2647645795896807, 0.15085901458970438], [0.014963168756136744, 0.30054270671619887, 0.5884346270878373, 0.09605949733982704], [0.01976963338635507, 0.753536541308446, 0.15550039838938778, 0.07119342681581105], [0.02006404876603784, 0.7529018632747118, 0.13711288774300723, 0.0899212001162432], [0.02933875383623843, 0.18255121460068957, 0.7108129050374628, 0.07729712642560921], [0.027460749882759924, 0.10526759058747989, 0.8151603845232616, 0.05211127490649865], [0.0497144580007872, 0.6651734908646663, 0.20930622758523315, 0.07580582344931337], [0.036571975657516353, 0.3693625018772576, 0.5374217608874736, 0.05664376147775247], [0.03932561994964265, 0.8023194460653766, 0.11379299760011737, 0.04456193628486337], [0.04668553510820763, 0.6860418267902008, 0.22272483836327345, 0.044547799638318196], [0.042910542863001194, 0.3537138138570964, 0.5066750267628525, 0.09670061641704993], [0.012114338169417399, 0.12234962320167234, 0.8103886570213302, 0.055147381507580036], [0.052956581110426997, 0.4297587275075307, 0.2606619596220661, 0.2566227316599762], [0.016223235326145103, 0.19457429971680523, 0.7343201759633758, 0.05488228889367381], [0.01895589718487736, 0.7812291237446793, 0.1336522673374078, 0.06616271163303554], [0.01943212951741627, 0.6435059964339845, 0.29461810264228533, 0.042443771306313896], [0.17406967086016514, 0.26960318976623315, 0.5116223039157664, 0.04470483535783536], [0.283123104681361, 0.2967094469641366, 0.36353909830265574, 0.05662834995184669], [0.196782762381783, 0.5783769767857156, 0.18486131130991396, 0.039978949422587326], [0.16251623659169528, 0.5672368417247823, 0.2401844118298769, 0.030062509753645474], [0.2530783831503883, 0.4044176053449865, 0.30053941265375766, 0.04196459875086749], [0.2339863679386878, 0.277865433631264, 0.46533958125978336, 0.02280861707026485]], "ideal": "D", "sampled": "D", "correct": true}}
{"type": "result", "data": {"idx": 4, "options": ["convolutional networks", "graph networks", "fully connected networks", "RBF networks"], "probs": [[0.9991643597061429, 0.00076724326984748, 6.297918780270459e-05, 5.41773620686135e-06], [0.9991111723244933, 0.000829544032119145, 5.386609319390032e-05, 5.417450193678514e-06], [0.9990579704109498, 0.0008829971913005574, 5.3863209201948234e-05, 5.16908854771861e-06], [0.9988736393169048, 0.0010483916274462524, 7.246750222257418e-05, 5.501453426342878e-06], [0.9990252383017509, 0.0008968738370630287, 7.02485931278605e-05, 7.639168058139893e-06], [0.9990599540763906, 0.0008425639066093985, 9.162456069614266e-05, 5.857356303905474e-06], [0.0002340978026926112, 0.9996025851428064, 7.719752956651934e-05, 8.61194249344268e-05], [0.00030528130535308073, 0.9994717866553092, 8.74648438367085e-05, 0.0001354670955009456], [0.00016588331853661543, 0.00017384317240539494, 0.9988932477300849, 0.0007670256789730753], [9.025193785791584e-05, 4.197311073209993e-05, 0.0002652662705078748, 0.999602508580902], [0.0005020517845101721, 0.0003397039435126644, 0.996943117671388, 0.0022151265005891344], [4.756403320491437e-05, 1.669755625173007e-05, 0.00023780595971635964, 0.9996979323508269], [1.3419785295941503e-05, 0.9999683996879523, 9.516040584703624e-06, 8.664386167138142e-06], [1.4285193479823947e-05, 0.9999612743184558, 1.2029317477698039e-05, 1.2411070586673395e-05], [0.0001464071206886491, 0.00022675836402887806, 0.9990007404294096, 0.000626093985872882], [8.612989256518303e-05, 4.831703776674054e-05, 0.0001355021878678751, 0.9997300507818002], [0.00010220599985903873, 0.00011763815169059101, 0.9989762544769208, 0.0008039012715295037], [3.590719625733034e-05, 1.2028225933009003e-05, 0.000144252683902964, 0.9998078117939067], [3.4800728855785796e-05, 0.9997494751655001, 6.920936361087854e-05, 0.00014651464203325042], [3.0234964043928158e-05, 0.999736562376955, 7.965840528616254e-05, 0.0001535441537149841], [0.0005250992353455824, 0.0007521688965016132, 0.9949621747732874, 0.0037605569948653376], [8.746158003753051e-05, 5.826649808705648e-05, 0.00040442025154906566, 0.9994498515703263], [9.750350195286669e-05, 0.00012134487285111988, 0.998749156917727, 0.0010319946074689613], [4.983506230220901e-05, 2.667647579379983e-05, 0.0004582757453446589, 0.9994652126165593]], "ideal": "A", "sampled": "A", "correct": true}}
{"type": "result", "data": {"idx": 5, "options": ["True, True", "False, False", "True, False", "False, True"], "probs": [[0.1232605263556469, 0.709321115918956, 0.11761656971968025, 0.04980178790571684], [0.1289611607661032, 0.6971632837552043, 0.11926987020968785, 0.05460568516900461], [0.06833191941756064, 0.8324629925331621, 0.05577093484019811, 0.04343415310907915], [0.06768247041990164, 0.7991793512131997, 0.07433476630606423, 0.058803411960834454], [0.10360690564345482, 0.7776217170168038, 0.08862007823370524, 0.03015129900603608], [0.10623661981694739, 0.703663564594094, 0.14295767991829675, 0.04714213557066186], [0.10873627661571328, 0.635589361127237, 0.182099461537271, 0.07357490061977874], [0.10076232135207128, 0.6570541295041046, 0.1882493185446128, 0.05393423049921137], [0.11129420704377077, 0.5831402387558102, 0.24691761383767635, 0.05864794026274271], [0.11503496679232314, 0.6316673707951198, 0.18672045924345718, 0.06657720306909988], [0.09669429134872916, 0.7487701232635997, 0.10956867119742979, 0.04496691409024133], [0.10106997747695833, 0.7352359157207761, 0.10427813781727148, 0.05941596888499417], [0.10777540303107318, 0.7481148102855082, 0.09075697341478949, 0.053352813168629096], [0.11422138724249488, 0.7332746544775435, 0.09769977790929729, 0.05480418027066431], [0.18421483292873214, 0.6738354111197384, 0.10333619317849954, 0.03861356267302985], [0.1922110268822431, 0.6814544618559112, 0.08138801689482904, 0.04494649426701671], [0.14292640556675235, 0.7035125283636712, 0.11131215507728884, 0.04224891089228765], [0.1435010225909401, 0.7637395149583752, 0.05532500870168219, 0.037434453649002455], [0.12981595717306454, 0.8204672381638194, 0.03837363536746978, 0.011343169195646284], [0.14151076839277307, 0.7650037335863532, 0.0734150179270347, 0.020070479993838954], [0.19707300868185235, 0.6771887322502317, 0.09455676159193063, 0.031181497375985377], [0.19763069164977903, 0.6791053604933792, 0.07985013246631034, 0.04341381529053142], [0.13212681885887517, 0.7603388447946299, 0.09223958851298322, 0.015294747733511768], [0.12558632584875754, 0.8318268322778208, 0.02758772374202094, 0.014999118031400634]], "ideal": "B", "sampled": "D", "correct": false}}
{"type": "result", "data": {"idx": 6, "options": ["O(D)", "O(N)", "O(ND)", "O(ND^2)"], "probs": [[0.1463280011095704, 0.5787332014255164, 0.24125265892974512, 0.03368613843516807], [0.1312697412436067, 0.7436910450981129, 0.11053964762218457, 0.01449956593609586], [0.0563011262259578, 0.8670486516255419, 0.050467970015233496, 0.026182252033266823], [0.042344604490280664, 0.7866001778348594, 0.14102863292092302, 0.030026584653936938], [0.10516237879250814, 0.7770535745105439, 0.10034654750591623, 0.01743749909103174], [0.09500391391071195, 0.5640612012899867, 0.31150441082227825, 0.029430473877023047], [0.10324708847142332, 0.5849296297497713, 0.27201851490351725, 0.03980476677528818], [0.09453538323371749, 0.720697542227378, 0.16334145225836422, 0.021425622180540213], [0.08980227695785085, 0.7879918598485801, 0.08703909489948972, 0.035166768194079344], [0.0550513182364008, 0.6919506526618603, 0.2317740135149678, 0.021224015486771143], [0.08238526871031449, 0.7458567936771013, 0.1445903575055864, 0.027167580006997757], [0.07439655934567545, 0.3959457940277736, 0.5005239331682095, 0.029133713358341373], [0.3503985270820899, 0.5777100699505359, 0.0572010219549911, 0.0146903809123831], [0.2782062473249125, 0.6570352635931824, 0.05478198596176548, 0.009976503020139546], [0.34626016597776077, 0.607705960863694, 0.02932505730977494, 0.016708815748770336], [0.3208879095361783, 0.6482110938753386, 0.027604163376750007, 0.003296833111733096], [0.18173760986978343, 0.7076433632693093, 0.08857186552846343, 0.022047161232443765], [0.230125100463266, 0.6158462593466233, 0.1462763202207904, 0.00775231986932031], [0.07484949699243883, 0.8700976472633122, 0.04611341020290795, 0.008939445441340992], [0.061843164298121936, 0.8274521929716809, 0.0957843827637981, 0.014920259866399055], [0.08470685929091182, 0.829186692522386, 0.07957460871280479, 0.0065318393738973855], [0.07777745539271079, 0.8361854630558584, 0.08150992036875172, 0.004527161082679115], [0.058191256340865756, 0.8685817998201089, 0.06003836696227744, 0.013188576776747958], [0.04500883938245182, 0.9040269941662542, 0.046437536560708294, 0.0045266297905856455]], "ideal": "A", "sampled": "C", "correct": false}}
{"type": "result", "data": {"idx": 7, "options": ["True, True", "False, False", "True, False", "False, True"], "probs": [[0.44700766937457803, 0.40069566367122983, 0.1474078192386985, 0.004888847615493636], [0.5057221709445358, 0.4063600646665955, 0.0825569192162687, 0.00536084507260001], [0.3268695329053458, 0.6399828495927307, 0.027253595528546944, 0.005894021873376554], [0.33226123876196473, 0.6207472204432842, 0.04030782419282616, 0.006683716501924889], [0.4466311346555864, 0.5140720022455788, 0.036093372940440925, 0.0032034900583938], [0.4391421707961567, 0.4602181349250763, 0.09646692942956218, 0.004172764749204806], [0.2539009943614656, 0.6090777266166926, 0.12568994840248154, 0.01133133051936027], [0.2654434019257653, 0.6171750828027606, 0.10724870813628083, 0.010132807035193304], [0.263524576574242, 0.44131969845898067, 0.28493778480285253, 0.010217940063924827], [0.26834098732780476, 0.5013261110087324, 0.20898381001194363, 0.02134909155151923], [0.28050314121235953, 0.5491975882910854, 0.16234203679221038, 0.007957233604344555], [0.2649789139457742, 0.5522626010953687, 0.16581895853139605, 0.016939526327460982], [0.22125738197565678, 0.7602965008363833, 0.013925248340607472, 0.004520868747352413], [0.2320363489026652, 0.7490268725594739, 0.015067197207371538, 0.003869581230489438], [0.41108012137863825, 0.44448453121403886, 0.1420661655921922, 0.0023691817151306554], [0.44545413379930365, 0.5127174066717282, 0.03772592776167402, 0.0041025316672941925], [0.3614905451800477, 0.4864395227479585, 0.1483559151259158, 0.0037140168460780645], [0.37398274736603315, 0.5976261933366618, 0.024666902883299327, 0.003724156314005765], [0.32689753179124, 0.6603555084151995, 0.011722644792564168, 0.0010243149009962508], [0.32115886157999285, 0.6487615814155328, 0.02762747416387771, 0.0024520827405967002], [0.527750161816743, 0.3801243502191426, 0.0888877408075587, 0.0032377470565556994], [0.5260208723764341, 0.39706168181481677, 0.07008557654058145, 0.006831869168167694], [0.3539593781350055, 0.47630338367195, 0.16719846347049067, 0.0025387746225538272], [0.348503671537149, 0.6212770209125423, 0.027296918788216898, 0.0029223886620917093]], "ideal": "B", "sampled": "A", "correct": false}}
{"type": "result", "data": {"idx": 8, "options": ["2", "4", "8", "16"], "probs": [[0.07845857811734207, 0.7801153731694347, 0.1159543107702328, 0.025471737842990432], [0.1139456795408331, 0.7666033523581688, 0.10055690318075611, 0.018894064820241967], [0.07884128930417669, 0.601052506925531, 0.2751837598768129, 0.044922443793479414], [0.1502029068708528, 0.6945267033415916, 0.12069167735077566, 0.03457871233677988], [0.1647596657111394, 0.42735180254477395, 0.3891119062511431, 0.018776625392943506], [0.18668921672470604, 0.49185733009879334, 0.29370451572347717, 0.027748937353023424], [0.07766275953402711, 0.809261868933935, 0.08938961591744468, 0.02368575551459318], [0.11495444665546542, 0.8232698851759777, 0.04867504800350629, 0.013100620065050618], [0.08512398140069397, 0.46742002738353994, 0.42559440366523404, 0.021861587450532037], [0.1497141670094287, 0.7031670087506274, 0.0893986210479416, 0.05772020309200227], [0.204428991076164, 0.37600062522999567, 0.40025604883601923, 0.019314334757821076], [0.2166481315872982, 0.38022589679730456, 0.30078768727155697, 0.10233828424384027], [0.09922458138046789, 0.6780738170691339, 0.19427332099192482, 0.02842828045847335], [0.1107574957961288, 0.79321035760121, 0.06931071469572302, 0.02672143180693829], [0.07474178806179305, 0.5971449005804884, 0.30979710756534856, 0.018316203692370005], [0.07252518480727733, 0.8044659104956255, 0.08479083663017689, 0.03821806796692016], [0.12694585913651063, 0.41623607307799665, 0.41624358326270605, 0.040574484422786654], [0.08058442859600473, 0.2769036868168397, 0.5593693810188985, 0.08314250346825701], [0.037132843910175156, 0.5206691564024087, 0.4118911577510458, 0.030306841836370273], [0.049467842652411845, 0.6026341273581792, 0.28915315648142914, 0.058744873407979806], [0.021380885756345586, 0.7536992191274638, 0.20605135799583907, 0.018868537020351503], [0.019084055045886977, 0.824248138078013, 0.10479207374892788, 0.051875733027172105], [0.046111444033637976, 0.5887073519080053, 0.3251187934263773, 0.04006241053197942], [0.03264309007906211, 0.3976704672188753, 0.5027072894109582, 0.06697915319110442]], "ideal": "C", "sampled": "B", "correct": false}}
{"type": "result", "data": {"idx": 9, "options": ["Lower variance", "Higher variance", "Same variance", "None of the above"], "probs": [[0.9025943363471255, 0.08936919200429823, 0.007687963659073986, 0.0003485078895023178], [0.8676720941474978, 0.11742691809175464, 0.014697785631305476, 0.00020320202944206783], [0.8639603498331647, 0.12642550821329226, 0.009449002596730089, 0.00016513925681295574], [0.8205129357714944, 0.16156912735209994, 0.017297639527937687, 0.0006202972484679568], [0.7838898845600022, 0.19819894319558715, 0.01731856473872507, 0.0005926074056855728], [0.8219153012463397, 0.16698289853909748, 0.010028192440906912, 0.0010736076736558692], [0.8598284566897888, 0.1360452095995565, 0.003799485703477281, 0.00032684790717740715], [0.7879233162978907, 0.20235612481732126, 0.009464370781105097, 0.00025618800368295706], [0.8876378643128399, 0.1060135821017246, 0.006170745962037322, 0.00017780752339824265], [0.8638482769948601, 0.12640956161396866, 0.00944780567107172, 0.000294355620099555], [0.746563220877343, 0.2312751041858854, 0.02151206765701768, 0.0006496071797539525], [0.8250167506361277, 0.16761316636399182, 0.006811002382091565, 0.0005590805177889144], [0.016241251102593866, 0.9293002796871841, 0.03896088283360786, 0.015497586276614168], [0.013932983029219519, 0.9320527696146103, 0.03139860311352381, 0.022615644142646347], [0.016386325912436564, 0.908756050115665, 0.04741548232511931, 0.027442141546779212], [0.009189581788572536, 0.9373690185788063, 0.03207483988916552, 0.021366559643455605], [0.004094806294939066, 0.01723945809439924, 0.9711343668572878, 0.0075313686533738655], [0.021394350568292402, 0.11747688012255617, 0.8413423394055423, 0.019786429803609173], [0.001839162602346719, 0.9527082123512731, 0.034702350460665596, 0.010750274485714525], [0.0014201730502390612, 0.9746010791528841, 0.00985792514871548, 0.014120822548161356], [0.007269032828766206, 0.853416807964281, 0.12103986845992709, 0.018274290647025754], [0.004026827944552149, 0.9402126252403522, 0.03880701287777805, 0.016953533837317555], [0.01984131614671588, 0.07725593806663678, 0.8436676655828907, 0.05923508010375657], [0.02812198932233116, 0.12801745580353222, 0.7720481781338292, 0.07181237664030744]], "ideal": "A", "sampled": "A", "correct": true}}
{"type": "result", "data": {"idx": 10, "options": ["True, True", "False, False", "True, False", "False, True"], "probs": [[0.4291569474730759, 0.39075558322945186, 0.1789007287612484, 0.0011867404362237495], [0.4286511365716897, 0.4090260086915339, 0.1601764754841774, 0.002146379152599059], [0.2987550089177144, 0.6838680254288639, 0.015833535580760262, 0.0015434299726613987], [0.3288465888602177, 0.6438587018709314, 0.02616300502614691, 0.0011317041427038818], [0.43536324926520176, 0.5251553490300734, 0.038640941215101095, 0.0008404603896237288], [0.44511322161928396, 0.4664798481115126, 0.0876486171607742, 0.0007583130084292233], [0.09564388885350901, 0.7523049981174658, 0.14584047123715155, 0.006210641691873635], [0.0982587932069426, 0.7728724468105517, 0.12228577565722261, 0.00658298422528308], [0.07902907261020217, 0.37702850965134227, 0.5400687834099267, 0.0038736342285288416], [0.11910784931098814, 0.5422136500096196, 0.3237703033154777, 0.014908197263914602], [0.10418963205344792, 0.6482929313686322, 0.24224844289410902, 0.005268993583810891], [0.1053080723375285, 0.6760521631168612, 0.20298703315294997, 0.01565273129266035], [0.07409905622552267, 0.9169391369260491, 0.0068923523466158385, 0.002069454401812325], [0.08069776265605093, 0.909230178376898, 0.008639493445367094, 0.00143256542168397], [0.1513306399045103, 0.5892488553260937, 0.25742409475758543, 0.001996409911810501], [0.16819974024531198, 0.7081538152016623, 0.11742320424530876, 0.006223240207716892], [0.12040551170991068, 0.6821477506202034, 0.1954387751051568, 0.0020079624647291777], [0.12683444759180307, 0.8400981124174016, 0.028300798411835436, 0.004766641478959926], [0.10261813306456345, 0.8864958670913881, 0.009848025392571397, 0.0010379743514770663], [0.10763363714519103, 0.859944595914981, 0.03083770958366687, 0.0015840572561611561], [0.19040602931354297, 0.6441382334052004, 0.16286409316703226, 0.0025916440142243493], [0.2003983745525761, 0.6674319536788038, 0.12154879818053675, 0.01062087348808331], [0.10549728310146696, 0.6362321667988964, 0.25706137403163215, 0.001209175968004467], [0.10812760306762362, 0.8638900053591768, 0.024506610602720337, 0.003475780870479216]], "ideal": "A", "sampled": "A", "correct": true}}
{"type": "result", "data": {"idx": 11, "options": ["good fitting", "overfitting", "underfitting", "all of the above"], "probs": [[2.3524348817555698e-05, 0.983287613186306, 0.0002910949234556633, 0.01639776744142085], [1.4950124965636865e-05, 0.9985793972587848, 0.0004950737419031796, 0.0009105787743464472], [8.718268097777237e-05, 0.8389217457597951, 0.0008805010750687145, 0.16011057038415846], [1.5406723646880694e-05, 0.9974100469447845, 0.0009531632416466851, 0.0016213829899218563], [9.279343664246562e-05, 0.002248149333670095, 0.9961139420101502, 0.001545115119537214], [6.48457533417033e-05, 0.0011493954132232931, 0.9971134076809146, 0.0016723510525203423], [0.003939857097270465, 0.0010940893154712764, 0.5324013635322271, 0.4625646899550311], [0.13032272408224252, 0.018197480519540735, 0.5840688921520585, 0.2674109031461583], [0.03093456847986621, 0.4270482020378048, 0.002171968938145592, 0.5398452604441834], [0.034200466508288105, 0.7312379538536439, 0.23371866949362122, 0.0008429100444468361], [0.0707797123935274, 0.8622890879616788, 0.0014690113308607885, 0.06546218821393306], [0.04624252529041455, 0.9288157940054317, 0.021843616660922435, 0.003098063943231321], [0.048096836347536594, 0.004615827999697571, 0.42203784633270325, 0.5252494892200625], [0.9208142286940834, 0.03570408050231774, 0.04045789371469039, 0.0030237969889085068], [0.24722683812911042, 0.6513652306426575, 0.0015167438194552435, 0.0998911873087768], [0.8125699808301686, 0.15267815159526785, 0.03460366418782363, 0.00014820328673987814], [0.7603755369360047, 0.23926550935367774, 0.00017807521565698796, 0.00018087839466061692], [0.7486866787213693, 0.2507810021607598, 0.0004339639897417641, 9.835502812909237e-05], [6.005738780796116e-05, 0.00035656524492373856, 0.9985188894016718, 0.0010644878655964862], [0.0001681813251190733, 0.0005020799432800583, 0.9970081750390104, 0.0023215635925904836], [0.04743487052106388, 0.06794951697347841, 0.0033829766916184164, 0.8812326357138393], [0.10717355299155738, 0.4305587942384448, 0.41084426025150134, 0.05142339241849647], [0.004738563729784168, 0.9917692285057141, 0.000749752326640155, 0.0027424553378615772], [0.005700842059829227, 0.9891709980738619, 0.003248238297481377, 0.0018799214688274425]], "ideal": "C", "sampled": "C", "correct": true}}
{"type": "result", "data": {"idx": 12, "options": ["True, True", "False, False", "True, False", "False, True"], "probs": [[0.23315287225707382, 0.2947338219244338, 0.4564930626533437, 0.01562024306514864], [0.26983129573401654, 0.3105752123496019, 0.39878633020128995, 0.02080716161509162], [0.2477135923741494, 0.6227586187557421, 0.10821841514978774, 0.021309373620320756], [0.24574634613430496, 0.5625225346905923, 0.1715590817425881, 0.02017203733251462], [0.3531146480761023, 0.4902557501891364, 0.1449184052073576, 0.011711196427403668], [0.2694108197919238, 0.39199233197223343, 0.3249724817136268, 0.013624366422215999], [0.09816385278980452, 0.49852023637942733, 0.35906998122029443, 0.04424592951047368], [0.09502583564192053, 0.5057434344951319, 0.36427267703733685, 0.03495805272561065], [0.06043373882812522, 0.27511102368332124, 0.6396533941531294, 0.024801843235424174], [0.08519188218615019, 0.3476372918030482, 0.5058093609995924, 0.06136146491120922], [0.08987772497335482, 0.4564374105788209, 0.42213493738622715, 0.03154992696159711], [0.09285709053413883, 0.42936768163840533, 0.39709960522779375, 0.08067562249966206], [0.15409425588322667, 0.77043036082567, 0.054944327689174684, 0.0205310555019287], [0.16999697271904482, 0.7500680502668887, 0.06762046202515, 0.012314514888916493], [0.18280397489928024, 0.29672143081381097, 0.5126898922458938, 0.007784701941014956], [0.266812736263006, 0.37626933276809105, 0.33728563091112335, 0.019632299957779608], [0.17769176759772698, 0.3881156633746405, 0.4262624263450109, 0.00793014258262164], [0.2610618057111297, 0.6069926943622299, 0.11767050841746929, 0.014274991409171043], [0.20639504922714746, 0.7317418012634109, 0.054689486720265086, 0.007173662689176522], [0.19149604152469113, 0.6181616094364223, 0.17710567745127956, 0.013236671487607042], [0.24756329096411686, 0.3956064993303242, 0.34370984023213613, 0.013120369373422808], [0.26548477510157814, 0.41119273727014083, 0.2826089210039719, 0.040713566524309186], [0.13666932378927726, 0.41444474744036325, 0.44117561286450013, 0.007710315805859379], [0.1982114043987957, 0.6705456559285404, 0.114716522783406, 0.01652641678925788]], "ideal": "A", "sampled": "A", "correct": true}}
{"type": "result", "data": {"idx": 13, "options": ["True, True", "False, False", "True, False", "False, True"], "probs": [[0.057491867734037444, 0.6788508021724409, 0.2536667109558033, 0.009990619037718359], [0.04742265065139055, 0.6649635879378565, 0.27719636627321564, 0.010417395037537332], [0.03818686543479453, 0.8967297354973708, 0.05732529034417468, 0.007758108623660031], [0.040972573595120895, 0.8624611682462268, 0.08407034324797383, 0.012495914810678554], [0.04944285637078912, 0.7979751642457457, 0.14760937948498945, 0.004972599798475742], [0.056229828858988556, 0.6958132732206003, 0.2404649973279402, 0.007491900492470935], [0.036870373726705326, 0.7290879777751451, 0.218910014373757, 0.015131634024392554], [0.035214281729493, 0.7529215236904563, 0.19950278246293163, 0.012361412017119081], [0.0301478230761585, 0.4499987140778998, 0.5099117840860605, 0.00994167865988122], [0.041143385406166945, 0.5591641968365434, 0.3783474962896811, 0.021344921367608485], [0.03779443429895618, 0.833738202114095, 0.12200152663399647, 0.006465836852952316], [0.04289223085522725, 0.8220671688997281, 0.11659288694204734, 0.018447713202997332], [0.029941965951192855, 0.9314757914245722, 0.030892498018776873, 0.007689744505458149], [0.03257980116099369, 0.9228372205917577, 0.03634548884375427, 0.008237489303494319], [0.03998114870305985, 0.8285425391393254, 0.12706009599489673, 0.004416216062718009], [0.03817088924722021, 0.8553048423190078, 0.09900795727308916, 0.007516311060682837], [0.03103532513359013, 0.8654590409400433, 0.0971011313904044, 0.0064045024359620836], [0.027305871372667524, 0.9329599184585957, 0.03293723628031981, 0.00679697378841699], [0.03802995014814684, 0.9359033116627479, 0.02417333798911368, 0.0018934000999916091], [0.040923649598700956, 0.8887758309836732, 0.06747177444782598, 0.00282874486979987], [0.08972286017091857, 0.7512457646369406, 0.15502715679530685, 0.004004218296833963], [0.09985882834398363, 0.7494871650514754, 0.1364909565707661, 0.014163049933774865], [0.03752619349246887, 0.7537384082218647, 0.20605916058208545, 0.0026762376035810455], [0.04038191911847334, 0.919096697506126, 0.036198131315071706, 0.004323251960328915]], "ideal": "B", "sampled": "A", "correct": false}}
{"type": "result", "data": {"idx": 14, "options": ["pure", "not pure", "useful", "useless"], "probs": [[0.004071349885536789, 0.9506084653974946, 0.03628750271805097, 0.009032681898917719], [0.0011853099430021996, 0.9811811333080102, 0.006210569685769589, 0.01142298696321808], [0.02633398979360081, 0.1885955796363856, 0.7695895497162565, 0.015480880753757134], [0.037614209754838736, 0.7437905335968271, 0.1739267181910968, 0.04466853835723727], [0.008400221612936793, 0.04333162705304788, 0.8304794956833044, 0.11778865555071101], [0.0030818221558762825, 0.023864478542784274, 0.9682805213951668, 0.004773177806172624], [0.1777737463002458, 0.8220188227109156, 0.00018952474449015336, 1.7906144348350595e-05], [0.05339418975214526, 0.9464357940279098, 0.00013655255957833532, 3.346356036660556e-05], [0.48485555058898033, 0.3717513887551252, 0.14332310504821671, 6.995550767771419e-05], [0.5836507583352092, 0.4138712046425603, 0.002276028236311484, 0.00020200868591903622], [0.1817318957295118, 0.052066800117249304, 0.7651206929358015, 0.0010806111174373643], [0.10351350840759829, 0.029656928124820896, 0.8667120908777491, 0.00011747248983165897], [0.04392352536166341, 0.45059563026557903, 0.49488378702803587, 0.01059705724472167], [0.028159998223349778, 0.7976366839615358, 0.16719369510754872, 0.0070096226075657036], [7.132727356407264e-05, 0.9986441387585955, 0.0012254017514718083, 5.913211636866548e-05], [3.0705907401903404e-05, 0.9995713305895711, 0.000340597453363965, 5.7365949662976896e-05], [0.026372830382861003, 0.0763123583902378, 0.8464797437892669, 0.05083506733763422], [0.004522531651137247, 0.016033639748972456, 0.9465449822707739, 0.032898846229116374], [0.012929487783619522, 0.11523993059090587, 0.6631540081049051, 0.20867657342056947], [0.0018977658359100903, 0.029685920918569614, 0.967828417283137, 0.000587895862383376], [8.889518910246998e-05, 0.9542711784907512, 0.04533446490724267, 0.0003054613129036963], [5.7962037778467364e-05, 0.9195662521468488, 0.08035046419021152, 2.5321525161206765e-05], [0.004873694046860341, 0.9582504601672233, 0.02718331808643809, 0.009692527599478256], [0.0034563234490911335, 0.5375813906368201, 0.43875933220308266, 0.02020295361100614]], "ideal": "B", "sampled": "B", "correct": true}}
{"type": "result", "data": {"idx": 15, "options": ["True, True", "False, False", "True, False", "False, True"], "probs": [[0.1990950509908992, 0.3083658745196727, 0.4702012433341543, 0.022337831055273812], [0.22435360657506, 0.3213733578020837, 0.4257496487258641, 0.02852338679699217], [0.1530458978314131, 0.6859104266568332, 0.1309072419056712, 0.030136433506082493], [0.15717738982340537, 0.631442313067371, 0.1809101863092337, 0.03047011069999], [0.24276438398236608, 0.505968869624296, 0.23164835613074122, 0.01961839016259673], [0.2130356276038536, 0.3857603090529099, 0.3797785363499967, 0.0214255268932398], [0.10182680895715877, 0.576894102273956, 0.27679431332564186, 0.04448477534324339], [0.10213967047130657, 0.5268810587177695, 0.3297112110564913, 0.041268059654432594], [0.07297168225321801, 0.30246050402129604, 0.59218701160759, 0.0323808020178959], [0.09006612001948917, 0.3346382379197222, 0.49456092710317756, 0.08073471485761104], [0.0754465442408086, 0.5934353912352693, 0.29376956026071827, 0.03734850416320382], [0.07722029431478311, 0.5887003829419308, 0.24926962145989395, 0.08480970118339207], [0.09051083469008228, 0.7697808483664271, 0.10256282640316118, 0.03714549044032942], [0.09355168335630319, 0.7592064965886465, 0.11826097391334472, 0.028980846041705657], [0.13609262944645578, 0.2972556572825871, 0.5467370605400361, 0.0199146526309209], [0.16972432487200526, 0.3593100807816016, 0.4266902446333311, 0.04427534961306206], [0.10705180298305114, 0.42340102094392934, 0.4437198580131938, 0.025827317959825746], [0.12926007854115323, 0.6564444327310589, 0.17667867307341095, 0.03761681555437687], [0.1457138904144561, 0.7400059599438418, 0.09262174988055677, 0.02165839966114538], [0.14314351867836148, 0.6415312837798761, 0.18669475474059188, 0.02863044270117049], [0.15388074745011435, 0.4182935717029341, 0.39294964656699605, 0.034876034179955495], [0.17136375646341645, 0.43081114563309775, 0.31030088454072047, 0.08752421326276533], [0.10674288887719097, 0.47097376071976227, 0.40284413170296063, 0.019439218600086093], [0.12785772930350198, 0.7020841214026118, 0.13399423607591124, 0.03606391311797501]], "ideal": "B", "sampled": "A", "correct": false}}
{"type": "result", "data": {"idx": 16, "options": ["This feature has a strong effect on the model (should be retained)", "This feature does not have a strong effect on the model (should be ignored)", "It is not possible to comment on the importance of this feature without additional information", "Nothing can be determined."], "probs": [[0.605292695796047, 0.3908086447969651, 0.0034884777777112524, 0.00041018152927664554], [0.5912078375629605, 0.40633286353166276, 0.002234562208158745, 0.0002247365972179824], [0.5863850753148323, 0.3556625271488726, 0.05540139638777989, 0.0025510010485151747], [0.5596174901363739, 0.40308109799789077, 0.014913405443772655, 0.02238800632196269], [0.3488735827962806, 0.2217579209438479, 0.42744991527833237, 0.0019185808815390991], [0.7083801419645237, 0.25258199765832823, 0.025008959204743872, 0.014028901072404181], [0.026336810801106718, 0.957892699274672, 0.013243017380641429, 0.0025274724435798454], [0.019784756971816454, 0.9683078685152318, 0.009948417094008594, 0.001958957318943207], [0.020855506569214678, 0.0949387238088869, 0.8730427491828555, 0.01116302033904293], [0.007009052829651093, 0.01289198491041776, 0.0028319185288583435, 0.9772670436310728], [0.009625254062197912, 0.0496501255790866, 0.9368357239696928, 0.0038888962890226194], [0.005840171422257569, 0.00962902204659944, 0.0023230602280927505, 0.9822077462030502], [0.006702055745102205, 0.9792740342695284, 0.011947703749074163, 0.002076206136295169], [0.005228264886873681, 0.9809054484610147, 0.006017700817031763, 0.007848585735079842], [0.005940573464596671, 0.0770373157665777, 0.9096291215594862, 0.007392989109339431], [0.0008789849140748068, 0.003586942757306044, 0.0009805764898105094, 0.9945534957388086], [0.002771776876285226, 0.024321489288888637, 0.9564501282995463, 0.016456605435279752], [0.0004033935680890385, 0.0013647217469206416, 0.0013021587584295018, 0.9969297258265608], [0.0012103356450781824, 0.9863684201674561, 0.012034398533219855, 0.00038684555424590414], [0.00213984543298134, 0.9936365650769018, 0.0031134526298454432, 0.001110136760271398], [0.0015351065295129843, 0.02186396458288879, 0.9742965008773297, 0.0023044279102685983], [0.0005688512970029057, 0.001985550568702431, 0.0005600310311539365, 0.9968855670031407], [0.0022332581105693984, 0.022205404344245866, 0.9590598297111702, 0.01650150773401455], [0.00030476034352883694, 0.001431442053388991, 0.000479452937102924, 0.9977843445659792]], "ideal": "C", "sampled": "A", "correct": false}}
