{"type": "result", "data": {"idx": 0, "options": ["Bargaining", "Satisficing", "Accepting", "Compromising"], "probs": [[0.00030928805102572695, 0.029178654322546897, 0.004269399420870791, 0.9662426581055565], [0.0003091848918561943, 0.15765954541491975, 0.7639839643100089, 0.07804730528321513], [0.000291654521935174, 0.009964241713383233, 0.5790921488688592, 0.4106519547958224], [0.0002771199510400597, 0.004760916351966211, 0.10178379729763787, 0.8931781662993559], [0.0002251366055940207, 0.055079690152730676, 0.931612773405196, 0.013082399736479313], [0.0003447628370093346, 0.15760941482375157, 0.003220116958449194, 0.8388257052807899], [0.0009056910307057711, 0.02061417755649422, 0.015804175722868654, 0.9626759555899314], [0.0028384508083866807, 0.05974172248468747, 0.9200337229970693, 0.01738610360985648], [0.0023319705632716815, 0.06303085578372017, 0.008397416466952976, 0.9262397570860552], [0.0034656318920939667, 0.12215848638192942, 0.8612976477341959, 0.013078233891780726], [0.008745323374223374, 0.9645201451895044, 0.01970743486851958, 0.007027096467752643], [0.005305479346825089, 0.9799301746523363, 0.012335316431897019, 0.0024290294689415792], [0.00016658991681316992, 0.006250781425211487, 0.5123043617369027, 0.48127826682107255], [0.00022095106955141196, 0.004368816756699037, 0.34704076283680463, 0.6483694692369449], [0.00025385340876242545, 0.5801746124685379, 0.0016812791784491783, 0.4178902548442505], [0.00019465677960463744, 0.8986440997961926, 0.09471572925172173, 0.006445514072480951], [0.00040286552611126054, 0.10013053598536108, 0.007029667111116202, 0.8924369312774114], [0.00033124984323074335, 0.023218970639412837, 0.9720184758471245, 0.0044313035702319295], [0.0012208950833680478, 0.016590623042387107, 0.9794375216192251, 0.002750960155019636], [0.009158490414012175, 0.0720393971771349, 0.027341527508898948, 0.8914605847999539], [0.00044930163326417324, 0.9952786930546593, 0.0018049351137261298, 0.002467070098350347], [0.00036734143941287965, 0.9969977136769642, 0.0016207175593822805, 0.001014227224240598], [0.0054701300316474825, 0.024902149343946692, 0.11879498783479987, 0.8508327326896059], [0.001289406863934711, 0.009828915485570047, 0.9870635531745647, 0.0018181243759305273]], "ideal": "B", "sampled": "B", "correct": true}}
{"type": "result", "data": {"idx": 1, "options": ["Framing bias", "Hindsight bias", "Over-confidence bias", "Heuristics"], "probs": [[0.028792610442725602, 0.19675774906984417, 0.7085427058311237, 0.06590693455630649], [0.0021309172395110143, 0.019903087671390204, 0.9441101996682152, 0.03385579532088362], [0.0938357948244523, 0.631309637830749, 0.20177309513716427, 0.07308147210763441], [0.013800527867446774, 0.07008143970572933, 0.9088460202530351, 0.00727201207378881], [0.0003315807969843968, 0.9883894699284852, 0.00429971206482005, 0.0069792371097103], [0.0005159253075045589, 0.9775486314081737, 0.0163016380518106, 0.005633805132511113], [0.021699528367672638, 0.8270823178567345, 0.11914829762765637, 0.03206985604793648], [0.01070629786869768, 0.15247977843471894, 0.8115298718005447, 0.025284051796038664], [0.040459465726386624, 0.42822714142078466, 0.4777128002164323, 0.05360059253639639], [0.005900553293852049, 0.0753271696616016, 0.903468600067162, 0.015303676877384289], [0.0005804204293723789, 0.9705119180042637, 0.022469813113061902, 0.00643784835330193], [0.0006472079097737829, 0.970062990724425, 0.022111217006972755, 0.0071785842588283815], [0.5007477123263079, 0.44191637449233145, 0.03201127999772304, 0.02532463308363765], [0.15348548431696563, 0.1534829213171176, 0.6878610582565758, 0.00517053600934094], [0.2016484931278154, 0.23574802804052775, 0.5396227360637896, 0.022980742667867135], [0.018003650007831745, 0.0628355592426407, 0.9090622066542414, 0.01009858399528607], [0.0036669707340087087, 0.9701728457576138, 0.024287302629860237, 0.0018728807785172864], [0.0035028938223099623, 0.9865349083415786, 0.006966084901803533, 0.00299611283430782], [0.38668471318826736, 0.6083461601997318, 0.0036173844470548397, 0.0013517420649460175], [0.2607559871330736, 0.7313094767617154, 0.006948948403010131, 0.0009855876022008367], [0.7765292235235235, 0.13493968042351653, 0.08577380008980455, 0.0027572958631553717], [0.7677545022960246, 0.16603704152624926, 0.06302131281878982, 0.0031871432589362743], [0.2275133276686322, 0.7577390057211819, 0.01303747200186934, 0.0017101945083166075], [0.23963729510343884, 0.7497665121219879, 0.00701381762923876, 0.003582375045334484]], "ideal": "D", "sampled": "D", "correct": true}}
{"type": "result", "data": {"idx": 2, "options": ["The way things are.", "The way things are going to be.", "The way things should be.", "The way things were."], "probs": [[0.002739137688974902, 0.05675816063740303, 0.916091068391621, 0.02441163318200102], [0.024428633834053942, 0.24672534921500455, 0.06851179113758063, 0.6603342257133609], [0.003782870276339292, 0.9401946717021071, 0.03588994095192707, 0.020132516969626466], [0.002338526153211794, 0.9287865751884927, 0.024751035754704283, 0.0441238628035912], [0.01660894310277111, 0.07328350451111186, 0.18137493116038053, 0.7287326211257364], [0.00819429268862516, 0.08947696310888462, 0.8358326939332955, 0.06649605016919476], [0.007743536126604417, 0.1846862385504962, 0.789846275642464, 0.01772394958043539], [0.08912328629794573, 0.6186392306662855, 0.038331530984383244, 0.25390595195138554], [0.0026349155548689705, 0.9831047176148754, 0.008505325866542741, 0.005755040863712866], [0.0017583348626424174, 0.984844476236976, 0.005008857384443622, 0.00838833141593794], [0.028365821185208098, 0.15820694721552106, 0.5269289366872745, 0.2864982948119964], [0.003779119337113967, 0.05055952804924212, 0.9103642679996227, 0.035297084514021214], [0.9781466854883536, 0.021609988901883894, 0.00012071317333600448, 0.0001226123364264788], [0.9787310244807803, 0.020957810553596405, 0.00013265797884337558, 0.0001785068867799447], [0.9802233431064904, 0.01881496135903933, 0.0007526800964305213, 0.00020901533803972688], [0.9823018905803045, 0.016901539633996945, 0.0003095617866224779, 0.00048700789907611344], [0.9835566938593302, 0.015408584011150916, 0.00074354385015798, 0.00029117817936091594], [0.9832283526747543, 0.015646071617373997, 0.0005189086533907339, 0.0006066669544809375], [0.012976745893010878, 0.17362733186003043, 0.15808773174784532, 0.6553081903991134], [0.002107769415552086, 0.08551141542734315, 0.8772865027169402, 0.03509431234016457], [0.009024874230667104, 0.0579324732277424, 0.7873921327562307, 0.14565051968535989], [0.001266555888821693, 0.016681181638089224, 0.954549274227292, 0.027502988145797144], [0.006301705806107847, 0.7753380659335343, 0.17031917425413262, 0.04804105390622523], [0.0056566181402601876, 0.718066153498056, 0.07687446449202023, 0.1994027637696635]], "ideal": "C", "sampled": "C", "correct": true}}
{"type": "result", "data": {"idx": 3, "options": ["The potential for entry into the industry", "The threat of substitute products", "The power of customers", "The level of rivalry"], "probs": [[0.03860309489560961, 0.42821085876647963, 0.016603051624840087, 0.5165829946130707], [0.013701793793762898, 0.06237370173817904, 0.9165905155485861, 0.007333988819471997], [0.06262560561421736, 0.1389467500873587, 0.05883159093456792, 0.739596053263856], [0.005879409134024647, 0.013249193292184725, 0.9734393935171878, 0.007432003956602874], [0.0005788860381405698, 0.998709361963733, 0.0004508301684115768, 0.0002609217297147541], [0.00039795578632520614, 0.9989402075112597, 0.00035671842433615547, 0.0003051181780789335], [0.04843757660080336, 0.43173923963534144, 0.015005401292231496, 0.5048177823716237], [0.020454692635339628, 0.08478261163501245, 0.8834665215681601, 0.011296174061487836], [0.0711326149365229, 0.21237257041754795, 0.020064074469347798, 0.6964307400765813], [0.07103759847644081, 0.11896657286114865, 0.7879892049537077, 0.022006623608702838], [0.007314705243185469, 0.9884523686224709, 0.0018207719433254426, 0.0024121540910182118], [0.005790762555005326, 0.9891948220845169, 0.0017660769044247726, 0.0032483383560529305], [0.020483937639673166, 0.08624658915538164, 0.0875996219540206, 0.8056698511509246], [0.0026118405350096705, 0.008974837814740632, 0.9745130857198623, 0.013900235830387362], [0.010143777845788066, 0.08901502622219123, 0.0157110456519643, 0.8851301501800564], [0.01273119546177479, 0.08173133454883301, 0.8650773190915072, 0.04046015079788498], [0.001538015216288151, 0.9915147505860493, 0.0021352784419322686, 0.004811955655730256], [0.0022534889162842088, 0.9829932055625156, 0.0038332499879597756, 0.010920055433240428], [0.9337037254378627, 0.054348893491150504, 0.0025025000195409383, 0.009444880951445805], [0.9483776640008637, 0.043669403356409876, 0.0010431667779266945, 0.006909765764799797], [0.9122592440572562, 0.07488381562005295, 0.0025623774989905154, 0.01029456272370036], [0.9232300332008075, 0.06793270866868027, 0.001897221625346427, 0.006940036405165705], [0.9685446104718733, 0.023501526760365002, 0.0008971187710145595, 0.007056743896747035], [0.9573857517172343, 0.031260331304069335, 0.001967410624570161, 0.00938650625412619]], "ideal": "D", "sampled": "D", "correct": true}}
{"type": "result", "data": {"idx": 4, "options": ["Margaret Thatcher", "Mikhail Gorbachov", "Nelson Mandela", "Bill Clinton"], "probs": [[0.05472347903934974, 0.11229679026552959, 0.0030873904575092793, 0.8298923401376114], [0.10028439714625648, 0.3844517439534893, 0.013785986260016179, 0.501477872540238], [0.02400632565971188, 0.03333182620172735, 0.28346636782930934, 0.6591954802092514], [0.018048709155777262, 0.03821217619499559, 0.03217584248957232, 0.9115632720596548], [0.04674654481528583, 0.1462658023841201, 0.237404009155629, 0.569583643544965], [0.012880715945247125, 0.039064081648242606, 0.0015145873728998483, 0.9465406149336104], [0.043509882952156693, 0.09356953420600984, 0.00237921910288279, 0.8605413636389506], [0.0780874178492195, 0.3186622209984327, 0.007853617566644197, 0.5953967434857036], [0.053090015931632616, 0.07033687398640213, 0.16610812391653118, 0.7104649860654341], [0.027927294152619127, 0.04127685045210635, 0.0201157484097222, 0.9106801068855523], [0.11393869068344677, 0.4167954055276336, 0.011459399910046858, 0.4578065037788727], [0.026638345983617615, 0.04675594705145688, 0.0019297537251572443, 0.9246759531397682], [0.020454131598136797, 0.10068609081990966, 0.022464749055542833, 0.8563950284264107], [0.005548379191589234, 0.07424168031272103, 0.001447407594984005, 0.9187625328007057], [0.022676945617419477, 0.06877342134816498, 0.01659112302125032, 0.8919585099131652], [0.011145901159273403, 0.04077360520420299, 0.0053479807784436945, 0.9427325127580799], [0.00916937015760478, 0.04374762658425572, 0.026121456016892922, 0.9209615471412466], [0.009422301006696889, 0.027695524532052554, 0.1406435175448427, 0.8222386568164078], [0.07288129436923022, 0.25840767541605864, 0.03901110114855728, 0.6296999289661539], [0.013143504013675651, 0.04960935201974938, 0.0011131716082367008, 0.9361339722583383], [0.09960924667760958, 0.43272542487725196, 0.00699384690855115, 0.46067148143658726], [0.028345311110510554, 0.06001417721955514, 0.001649960878419465, 0.9099905506915148], [0.020877490479120027, 0.03388952198308416, 0.2750125316166289, 0.6702204558211668], [0.011797089240939147, 0.017710953653453754, 0.19339895467472695, 0.7770930023308802]], "ideal": "D", "sampled": "B", "correct": false}}
{"type": "result", "data": {"idx": 5, "options": ["Work flow design", "Work schedule design", "Work rate design", "Work output design"], "probs": [[0.01340499313570495, 0.9848665532882155, 0.0013481808858653885, 0.0003802725902142133], [0.013585108818084002, 0.9826270693220509, 0.003078992355811038, 0.0007088294040540439], [0.11411975429295006, 0.23415400303564773, 0.6365211068623374, 0.01520513570906475], [0.41593037792068693, 0.5176398003287104, 0.019760056739259943, 0.04666976491134278], [0.03973062580919579, 0.7979992966943791, 0.15713925153186836, 0.0051308258645567945], [0.071210107374274, 0.9234789212445192, 0.002634726924290265, 0.0026762443569165128], [0.4953462328044596, 0.5031549774699303, 0.0010179439244228376, 0.0004808457011872244], [0.383137562180679, 0.6122587931276163, 0.0038754559711448857, 0.0007281886205598215], [0.7024974514119865, 0.23901363694196207, 0.0525050929790236, 0.005983818567027812], [0.7734414374308284, 0.21144899822263125, 0.010364302481253309, 0.004745261765287063], [0.29889371020845146, 0.6949560416635658, 0.00498463150695789, 0.001165616521024768], [0.4253731600805038, 0.5724097800934305, 0.0012718762262810097, 0.0009451834997847662], [0.014178690433114882, 0.5575733754339294, 0.4079377333787357, 0.020310200654220026], [0.012892272075149426, 0.9180540332854769, 0.02334490914657077, 0.04570878539280297], [0.005032932872053041, 0.9591038862364222, 0.030830213926197583, 0.0050329668653271535], [0.003743054550690036, 0.9749611544789424, 0.016258936256400732, 0.0050368546139668196], [0.020753135586178393, 0.8420400053940593, 0.05382987884861452, 0.08337698007114779], [0.014929580236538242, 0.4163190648381001, 0.5345767641306313, 0.03417459069473046], [0.026909431765725123, 0.46957097021304334, 0.4921254872761571, 0.011394110645074403], [0.032116962707738665, 0.953386084575185, 0.005002913143420323, 0.00949403947365597], [0.004115279440864024, 0.9913645204464462, 0.0037469672357196625, 0.0007732327769700814], [0.0025864505515661887, 0.9956624984459115, 0.001341820060237922, 0.00040923084228434374], [0.11065980952808747, 0.3743599065611839, 0.1740949147396341, 0.3408853690710945], [0.01913384057404677, 0.07807583695566764, 0.879710711885462, 0.02307961048482352]], "ideal": "B", "sampled": "B", "correct": true}}
{"type": "result", "data": {"idx": 6, "options": ["Workers enjoy responsibility.", "Workers view physical and mental effort as a natural part of work.", "Workers like to show initiative.", "Workers like to be directed."], "probs": [[0.03818509657098376, 0.020123375207560704, 0.0018425860567121573, 0.9398489420647433], [0.5691237992119536, 0.3451932338168871, 0.02661707413473285, 0.05906589273642648], [0.4618524059963422, 0.1476216438120034, 0.019362685754426914, 0.3711632643372275], [0.10705914586589123, 0.03938631801031768, 0.30977705810348255, 0.5437774779203085], [0.05919023778141868, 0.9259087690406905, 0.004287626329411954, 0.010613366748478865], [0.08025870391037429, 0.7380675598853494, 0.0035817499376010154, 0.17809198616667526], [0.06843552696315652, 0.0128594328789347, 0.002869069092947046, 0.9158359709649617], [0.6959422877922766, 0.12284081519538219, 0.11010874888770948, 0.07110814802463167], [0.38089949882057234, 0.060270199255174135, 0.004504170385779011, 0.5543261314384745], [0.7666633256875165, 0.16841343325875563, 0.03699347065939598, 0.027929770294331878], [0.5805593889293305, 0.39902419953432405, 0.0026057309724769632, 0.017810680463868505], [0.6161108045041558, 0.36790606547149524, 0.003779637644525946, 0.012203492279823052], [0.4881437438541659, 0.08752165766497055, 0.013213019865968583, 0.4111215785148949], [0.15756009047958927, 0.03983829796397766, 0.3606487702769367, 0.4419528411794964], [0.2386949972226041, 0.05669784192342952, 0.0029122065435337277, 0.7016949542104326], [0.7939495551531014, 0.17170519069677284, 0.008819529243711457, 0.02552572480641432], [0.18291651977670906, 0.6587240555527356, 0.0018792653126349422, 0.1564801592579204], [0.26610867462681936, 0.7233727324530708, 0.0020961953399041507, 0.008422397480205747], [0.9818430240779378, 0.016374306249351343, 0.0010631906007109214, 0.0007194789719999841], [0.9834846352208892, 0.012380732341781936, 0.0009546313758956248, 0.0031800009614332205], [0.9796573661706007, 0.019401952223363203, 0.00039025922917676514, 0.0005504222768592679], [0.9778163479184881, 0.020939021124990027, 0.00046984828345152417, 0.0007747825730703272], [0.9753495830716229, 0.019017073827955082, 0.0007489380490514012, 0.0048844049513705745], [0.9774313110094855, 0.02126034994428589, 0.0007505282640070276, 0.0005578106822215538]], "ideal": "D", "sampled": "D", "correct": true}}
{"type": "result", "data": {"idx": 7, "options": ["Referent", "Expert", "Reward", "Legitimate"], "probs": [[0.10132749698521099, 0.4541252696807476, 0.011192275564498835, 0.4333549576695426], [0.038264686941121534, 0.22366464145466533, 0.6889372929274207, 0.049133378576792404], [0.15269350762275516, 0.5673381595819572, 0.011959836627727934, 0.26800849606755967], [0.07830605260122799, 0.25675807548390556, 0.6159316576072801, 0.04900421420758636], [0.009814111223382879, 0.9855635807696977, 0.003186162768573763, 0.0014361451383456166], [0.011635079299347742, 0.9839192244880595, 0.0035484822766121455, 0.0008972138359806352], [0.021078964241706286, 0.6557559825919579, 0.008516550812129745, 0.31464850225420604], [0.022461990185134135, 0.29587918902797516, 0.6166618546164151, 0.06499696607047555], [0.005309587195648133, 0.032021126743338964, 0.6635678224467815, 0.29910146351423145], [0.007112780439439324, 0.040297116254583536, 0.7603423438880846, 0.19224775931789245], [0.010344852454698279, 0.809053892423407, 0.1450535007084506, 0.03554775431344416], [0.0027725802346139257, 0.987115455373303, 0.003141691758703798, 0.006970272533379191], [0.014793060186701224, 0.7127803159822663, 0.022206765265773757, 0.25021985846525874], [0.02094705418248406, 0.6026797338917159, 0.32766807320170244, 0.04870513862409762], [0.010180167776966068, 0.17489737140204903, 0.6104437066716183, 0.20447875404936655], [0.017153971064684144, 0.33920871839621436, 0.4858880158920758, 0.15774929454702566], [0.012619273524263959, 0.6889946940579593, 0.2740613473928241, 0.024324684924952527], [0.004216498879457548, 0.9692506617407395, 0.01641783935006298, 0.010114999929740007], [0.8347176443380049, 0.1618220648849267, 0.0017976584312394644, 0.0016626322458289482], [0.7852854557880744, 0.21136264157405027, 0.002460673119006675, 0.0008912294188685889], [0.5256810520681245, 0.3968053114974448, 0.06788518709028475, 0.009628449244145958], [0.7743669556985273, 0.22186657673483537, 0.0015913179105365727, 0.002175149556100685], [0.6171743312212592, 0.3055258707402303, 0.07033544756892579, 0.0069643503695846765], [0.7916317479259579, 0.20016269142684343, 0.004707254296988808, 0.0034983062502098186]], "ideal": "D", "sampled": "D", "correct": true}}
{"type": "result", "data": {"idx": 8, "options": ["Henry Fayol", "Max Weber", "Adam Smith", "Mary Parker Follett"], "probs": [[0.1800602287992616, 0.8196624710765118, 0.00023890492147428632, 3.839510275231226e-05], [0.25974461615545125, 0.7399251259176468, 0.0002947757284797584, 3.5482098422136235e-05], [0.09607208763589452, 0.17126140432356676, 0.7323880977227449, 0.0002784102177938307], [0.005968337651133886, 0.0354353101458322, 0.0008464854004438258, 0.9577498667025901], [0.7130376652754498, 0.26643771522376813, 0.02022693497220581, 0.0002976844285762963], [0.06680580709309383, 0.3726102860370934, 0.001223603564331695, 0.559360303205481], [0.00020026922929013683, 0.9996996989126444, 7.842418929576117e-05, 2.160756876968767e-05], [0.0003569528908290045, 0.9995230009134622, 0.00010068049639036258, 1.936559931842676e-05], [4.6464489408528414e-05, 0.0002377867896912423, 0.9995884765602934, 0.00012727206060690087], [0.0004299611741956864, 0.001047670569649246, 0.0003564399826330431, 0.998165928173522], [0.001057336331174249, 0.007113257365504101, 0.991727940166693, 0.00010146603662866803], [0.0008006905595822261, 0.004003217464336851, 0.00022940100579258476, 0.9949666908702883], [4.358241667791788e-05, 0.9981145422177432, 0.0016480910569378368, 0.00019378420864100165], [3.99293778959545e-05, 0.996518595711915, 0.0003189928777825233, 0.0031224819324064813], [4.138123670784641e-05, 0.059179194359863255, 0.9402753720626762, 0.0005040522407527006], [0.00014752680440889072, 0.4066992621276391, 0.0014216145225013532, 0.5917315964454506], [3.0355180096163683e-05, 0.0007240033912921068, 0.9880962213629322, 0.011149419965679575], [6.595436671528395e-05, 0.0019274538413183598, 0.07461933082262792, 0.9233872608693384], [6.009200929468431e-05, 0.9990430325187623, 0.0007792304734997607, 0.00011764489844332119], [3.6449886522445476e-05, 0.9991009348430795, 0.00014191932173746619, 0.0007206958486605508], [5.374814031991879e-05, 0.07053687573034055, 0.9291299778540466, 0.0002793981752928655], [9.913657775182505e-05, 0.131130928920722, 0.0002453554680332977, 0.8685245789334929], [1.6804548063919067e-05, 0.00015817991512491312, 0.9982023832912984, 0.001622632145512781], [2.31598839958284e-05, 0.0001595128690382604, 0.008845413948653066, 0.9909719131983128]], "ideal": "B", "sampled": "A", "correct": false}}
{"type": "result", "data": {"idx": 9, "options": ["Frederick Taylor", "Seebohm Rowntree", "Henry Ford", "Max Weber"], "probs": [[0.006669317477068198, 0.8871675273278626, 0.08252064268476361, 0.023642512410305547], [0.012516508121213011, 0.8912088976455687, 0.02196541307650703, 0.07430918105671129], [0.006515473426963361, 0.11545786632223493, 0.8665948862033728, 0.011431773947428942], [0.01965829503294706, 0.8100570869555369, 0.02728948685964672, 0.14299513105186926], [0.00221445183157988, 0.012940123513615091, 0.9507531315247221, 0.03409229303008297], [0.0019162375756041578, 0.008193235130656151, 0.7850861161842868, 0.20480441100945282], [0.5620627904520544, 0.16874475492581315, 0.237975980798602, 0.031216473723530425], [0.6642603452866637, 0.19942942486832435, 0.061782039508398175, 0.07452819023661376], [0.6334185027197573, 0.27669745783980904, 0.06887711609537978, 0.021006923245053825], [0.5603806584654897, 0.350646777067539, 0.0563554933743259, 0.03261707099264544], [0.6823269419139647, 0.12620531947220998, 0.11491440466769946, 0.07655333384612587], [0.519176732773502, 0.11950742829258103, 0.3248663539797835, 0.036449484854133594], [0.20320035846362616, 0.08081266414890478, 0.7091427560279654, 0.006844221259503606], [0.8407731542737584, 0.11923853052382274, 0.016137471930957194, 0.023850843171461626], [0.16578757290325846, 0.8159811860182867, 0.01298485659301992, 0.005246384385434864], [0.3020137309188581, 0.6805501712658257, 0.01033378505697465, 0.007102312658341565], [0.8562693792344908, 0.07840458682864163, 0.04755539970204587, 0.017770634134821765], [0.20070389355654136, 0.05749096529944042, 0.7340245357646832, 0.007780605279335016], [0.0011961024671682473, 0.01001137025316871, 0.9593676885773205, 0.02942483860234261], [0.0008900443200778879, 0.007931056425631442, 0.8611626021637011, 0.13001629699058959], [0.003623394069972986, 0.8458867685984995, 0.046254009100706345, 0.10423582813082112], [0.0038623576440381985, 0.7022142311477911, 0.23892111740124344, 0.05500229370692723], [0.0032549945435587954, 0.748095286124567, 0.040906177101645326, 0.20774354213022891], [0.002122453459155311, 0.09455106608990782, 0.8831955382774258, 0.020130942073511075]], "ideal": "B", "sampled": "B", "correct": true}}
{"type": "result", "data": {"idx": 10, "options": ["John Kenneth Galbraith", "John Maynard Keynes", "Milton Friedman", "Alfred Marshall"], "probs": [[7.636539623207237e-05, 0.0005137642307930945, 0.9887636685442192, 0.010646201728755635], [0.00027322243578946343, 0.0009687651736898591, 0.0007783148414245496, 0.9979796974490961], [0.0038693843664572795, 0.9617479640049382, 0.0034683517602141344, 0.03091429976839038], [0.0032558629924981865, 0.9461246262804534, 0.0042463036718444055, 0.046373206955204055], [0.00039659182852519063, 0.002354919525476537, 0.0016437605353896876, 0.9956047280106086], [0.0006084636838530569, 0.005508609840908917, 0.8303659948968501, 0.16351693147838783], [0.0002612777010015651, 0.0016773110388053614, 0.9692462086549551, 0.02881520250523796], [0.0005770172383560009, 0.0021440886813747064, 0.0016959103578988361, 0.9955829836223704], [0.006132631761760557, 0.9538734397141583, 0.006841150854024581, 0.03315277757005657], [0.002962094150360585, 0.9602440538330836, 0.004446411099486779, 0.03234744081706899], [0.00034489242151015037, 0.0022492483957093404, 0.0008403669605365004, 0.996565492122244], [0.0004847486336132505, 0.0062863776378922894, 0.8901789308742477, 0.10304994275424677], [0.9593573026268983, 0.03440327503014171, 0.002065994969484182, 0.004173427273475813], [0.9451145410267477, 0.04490123543056733, 0.0026545952015805565, 0.007329628241104371], [0.9740175691156971, 0.022552112317311173, 0.0013972922584963075, 0.0020330262084953324], [0.9675604185315037, 0.027881015468671257, 0.0017546559912868511, 0.002803909908538292], [0.9236204588479008, 0.05904693142182395, 0.00263507470642746, 0.014697534923847781], [0.930163613579767, 0.05763632007526821, 0.0024929675050537367, 0.009707098739911123], [0.0022481373331430855, 0.009174474821701637, 0.007846523338586396, 0.9807308644065689], [0.001556578314441881, 0.006451833948987949, 0.8582908452350955, 0.13370074240147473], [0.00206447545520705, 0.006876404058683046, 0.0019093005909392464, 0.9891498197951707], [0.0006556677729055438, 0.005935877860190374, 0.9088677029077666, 0.0845407513591374], [0.002916381220275268, 0.9603003831729175, 0.003924301348445683, 0.03285893415836151], [0.0017055114753312798, 0.9703334582516099, 0.003287324220480409, 0.024673705952578447]], "ideal": "C", "sampled": "C", "correct": true}}
{"type": "result", "data": {"idx": 11, "options": ["Mary Parker Follett", "Elton Mayo", "Lillian Gilbreth", "Frederick Taylor"], "probs": [[4.196111803567377e-05, 0.9993069104968942, 0.000253043486123979, 0.00039808479894611206], [4.196340579704501e-05, 0.9993630184805756, 0.00024913519487276, 0.0003458828187545657], [5.816060107020821e-05, 0.0006974620317890879, 0.9975713047650479, 0.0016730725020928851], [0.0014261182133063436, 0.022659607551177924, 0.027332326782758532, 0.9485819473527571], [4.251162155742661e-05, 0.000586755310553963, 0.9966149803053109, 0.002755752662577628], [0.0009264618762948825, 0.005331451819887585, 0.02426974603271604, 0.9694723401711015], [0.993024984432702, 0.006691046852788954, 0.00020846725536472507, 7.550135914426569e-05], [0.9920703888101069, 0.0075746533546693475, 0.0002759089269818513, 7.904880824194636e-05], [0.9965041935892127, 0.0030741249396390247, 0.00035585492365308903, 6.582644749520955e-05], [0.9950669858774347, 0.004130697530687336, 0.0007066775899247223, 9.563890195323311e-05], [0.9957830511232614, 0.003535719427066723, 0.000614414760694606, 6.681458897724846e-05], [0.995087610410421, 0.004066742215021265, 0.000740606430541211, 0.0001050408440165029], [9.264077501252442e-05, 0.0016419299985544278, 0.99438783696377, 0.003877592162663012], [0.0011933124873055145, 0.03830137928730664, 0.04692719602102706, 0.9135781121043608], [7.476337317715702e-05, 0.9987761152301542, 0.0005880280963274943, 0.000561093200341157], [7.022568395909795e-05, 0.998667845113578, 0.0006457537783428617, 0.0006161753241200853], [0.0012946645787333551, 0.05952412871616925, 0.008055585679637269, 0.9311256209254601], [0.00010347427792969229, 0.0019829414511470444, 0.9955953584563392, 0.0023182257145841385], [2.4566280949122173e-05, 0.0005334459227951381, 0.9951131039037779, 0.004328883792477822], [0.00030318511524094746, 0.009580375856080127, 0.012891564505009206, 0.9772248744236697], [2.838819003870041e-05, 0.9991600846072344, 0.0005110822555313076, 0.00030044484719555565], [2.794386112259851e-05, 0.9990180155057489, 0.0004509631575487116, 0.000503077375579794], [0.00028681380786427035, 0.007631881005508688, 0.007997970420217956, 0.9840833346664091], [3.210048051673847e-05, 0.0005778821510159174, 0.9969948475257618, 0.0023951697427055507]], "ideal": "B", "sampled": "B", "correct": true}}
{"type": "result", "data": {"idx": 12, "options": ["Strategic", "Operational", "Functional", "Developmental"], "probs": [[0.008487921972612156, 0.007037850889795877, 0.003323917211816493, 0.9811503098257754], [0.0035447339144511346, 0.007387820765184332, 0.9828463398365405, 0.006221105383824053], [0.006971706016094623, 0.0029990147881303023, 0.002646161072509046, 0.9873831180232661], [0.014181147175994696, 0.009900305031849965, 0.9635977081477635, 0.012320839544391811], [0.00387951384137145, 0.9948429507908119, 0.0006637052496478983, 0.0006138300181687583], [0.005047678590254296, 0.9924589885311292, 0.0010916334968573368, 0.001401699281759151], [0.007779000047289985, 0.2070176974009632, 0.003973119283661523, 0.7812301831680852], [0.008297542140166486, 0.08512283147438553, 0.8869831594197951, 0.019596466865652903], [0.0022271098151912415, 0.0026041634752922327, 0.13778510382015377, 0.8573836227893628], [0.002954988802010155, 0.004796812876512516, 0.8453422365052927, 0.1469059617161846], [0.002427473794572207, 0.9793242398467138, 0.011224219101386977, 0.007024067157326972], [0.0012221003498220867, 0.9805355137247576, 0.002144763726107073, 0.016097622099313223], [0.0032587239305893793, 0.016295013609981427, 0.0034151113812318787, 0.9770311509781973], [0.009849080204647287, 0.03546849008425023, 0.9291356507874863, 0.025546778823616164], [0.003445564912646645, 0.00664223387368471, 0.2341200201567551, 0.7557921809569136], [0.004095057147184503, 0.010135902392920611, 0.8982104329823416, 0.08755860737755326], [0.013045735947505466, 0.9145960415267395, 0.03956047533564608, 0.03279774709010897], [0.004699001842351513, 0.9384583475921962, 0.006323081667755038, 0.050519568797697284], [0.9551296502537685, 0.04398142297481186, 0.00036881594441701333, 0.0005201107270026175], [0.9430264999260591, 0.05575804884623768, 0.00043242815491262553, 0.0007830229727905753], [0.6869829956405477, 0.025417819853358885, 0.28639161850620537, 0.0012075658998880513], [0.9850863548748321, 0.011116404976647946, 0.0005621644758634113, 0.0032350755726565693], [0.9835544979337771, 0.013387874910753557, 0.001869364671016557, 0.0011882623844527377], [0.9856404738885447, 0.009815752582692724, 0.0004519662214713725, 0.004091807207291143]], "ideal": "A", "sampled": "D", "correct": false}}
{"type": "result", "data": {"idx": 13, "options": ["Guiding, mentoring and motivating", "Guiding, commanding and motivating", "Guiding, demonstrating and motivating", "Guiding, mentoring and demonstrating"], "probs": [[0.5755923988539655, 0.24755923459045417, 0.1701470465090164, 0.006701319946563906], [0.6165622615701087, 0.3300243096567426, 0.04329012434706545, 0.010123304326083164], [0.572922205320884, 0.14485723669177264, 0.27489482063198606, 0.007325737255357265], [0.7892161916343747, 0.1654303758688759, 0.037493913000180866, 0.007859519396568494], [0.4354010570590029, 0.16269679547743138, 0.390298817904366, 0.011603329459199733], [0.40181177265272405, 0.14104891662670827, 0.4413135016306102, 0.015825808989957432], [0.9438211268146813, 0.04345921029763142, 0.011161175492996838, 0.0015584872946904367], [0.9567710645064379, 0.03827634915495747, 0.0033971916232101097, 0.0015553946153945692], [0.8945990857579533, 0.09429099587380883, 0.01009465041248995, 0.0010152678557478834], [0.879040903707366, 0.11530659400369699, 0.004007703849648815, 0.0016447983392882143], [0.6686190658556559, 0.05574729784981665, 0.27440200987592184, 0.0012316263186055907], [0.8690496065971092, 0.06806950254600247, 0.060071263316433636, 0.0028096274404546713], [0.9295459586578204, 0.03897142615460779, 0.029417163360539678, 0.002065451727032144], [0.944878784390603, 0.045596277649365365, 0.00699237011748151, 0.0025325677425501354], [0.8862802010866555, 0.09789719762970044, 0.014551109949295383, 0.001271491234348677], [0.87294661563197, 0.12000292479721776, 0.0049531240700411245, 0.0020973354007711538], [0.8558767954628236, 0.02666557742335118, 0.11583098600186925, 0.0016266410119560035], [0.9253372083048359, 0.03318324200075596, 0.03819384352651451, 0.0032857060678935946], [0.0481383012543455, 0.8532709975191329, 0.09425087162455915, 0.004339829501962425], [0.05241065132602321, 0.872717621971311, 0.0694332599331933, 0.005438466669472507], [0.06540462254129427, 0.453992247101249, 0.4757906462872779, 0.004812483970178793], [0.04125254650633469, 0.8157339053142473, 0.13526237441546923, 0.007751173663948789], [0.1029090635934367, 0.5650769164958557, 0.32704807999779273, 0.0049659398129149115], [0.09196418616999617, 0.7347454503927874, 0.15401310127085752, 0.01927726206635889]], "ideal": "A", "sampled": "B", "correct": false}}
{"type": "result", "data": {"idx": 14, "options": ["Incomplete information", "An agreed goal", "A structured problem", "High level of certainty regarding the environment"], "probs": [[0.19010165972142323, 0.20556387874378038, 0.07103742340819547, 0.5332970380266009], [0.06133898650980176, 0.10434673608898652, 0.6099202564130232, 0.2243940208881885], [0.16819125913461752, 0.19974296388246826, 0.1818618381396416, 0.4502039387432726], [0.046130374756765354, 0.1124083565421998, 0.6779032449924038, 0.16355802360863095], [0.1059448974010171, 0.6002465068767194, 0.11636128622206576, 0.1774473094001977], [0.09477590344900279, 0.6277795152731016, 0.09186238383943394, 0.18558219733846168], [0.07265753514807632, 0.39900614016256625, 0.07614644843014906, 0.45218987615920836], [0.030953595354006803, 0.11323293276259289, 0.6936134086347158, 0.1622000631486846], [0.004073459510478335, 0.023078770488992945, 0.788467200429724, 0.18438056947080478], [0.0057243867691594815, 0.02029703554452869, 0.43391770059478646, 0.5400608769915254], [0.024800395821538788, 0.09507809666970003, 0.7024933760515453, 0.17762813135721595], [0.017171078164154537, 0.11920984598887419, 0.023106287289790993, 0.8405127884571802], [0.04803206151327148, 0.4702128890114577, 0.05358388041574054, 0.4281711689595303], [0.027818526606274253, 0.19011765182571436, 0.5764937690168275, 0.20557005245118393], [0.005737560136487653, 0.021654558442908135, 0.7398054347474461, 0.23280244657315813], [0.005203229488997878, 0.014368409250627769, 0.38829553481832224, 0.5921328263420521], [0.020732604553384663, 0.09148413124701409, 0.7195231471529362, 0.1682601169466651], [0.021902663290650198, 0.08800652482159965, 0.02856661464249557, 0.8615241971452546], [0.3797943208777869, 0.4371628961164043, 0.043284601491430694, 0.1397581814143781], [0.3342430466733771, 0.4428209795054172, 0.07458240260248601, 0.1483535711187197], [0.0995723269620925, 0.140424331279374, 0.6195706955309044, 0.1404326461276291], [0.1084974259566229, 0.09880001713688855, 0.02743275468899135, 0.7652698021174972], [0.0583086486510396, 0.1334744984923956, 0.6569656842737256, 0.1512511684828392], [0.14360535242559747, 0.1172201296282188, 0.032043141000040555, 0.7071313768461431]], "ideal": "A", "sampled": "A", "correct": true}}
{"type": "result", "data": {"idx": 15, "options": ["Making people's strengths effective and their weaknesses irrelevant.", "Enhancing the ability of people to contribute.", "To operate the organisation's status system.", "Integrating people in a common venture by thinking through, setting and exemplifying the organisational objectives, values and goals."], "probs": [[0.06535678882164692, 0.027241329677763503, 0.8344931917904337, 0.07290868961015591], [0.1755909736012241, 0.07671881221428442, 0.030509796116882714, 0.7171804179676088], [0.20569270540664963, 0.5505621350667343, 0.041138544061562116, 0.20260661536505392], [0.16612305864245563, 0.5620732777285289, 0.0337482906751496, 0.23805537285386588], [0.1633323707517579, 0.07025596510971732, 0.02210160114080415, 0.7443100628977206], [0.12544716010781243, 0.05394252277837987, 0.7565431960476683, 0.06406712096613938], [0.05042853766281789, 0.02918272201360707, 0.8398065282982659, 0.08058221192530918], [0.12753199318241612, 0.06617244448820636, 0.02433729499111205, 0.7819582672382654], [0.03698445056032167, 0.8288992519011811, 0.04256538982911346, 0.09155090760938384], [0.02786296947174948, 0.8535020851216567, 0.03413529655589833, 0.08449964875069553], [0.13979039960632153, 0.08091274458740999, 0.04609251607170222, 0.7332043396345662], [0.07213432502325479, 0.035700955291268946, 0.8385671563777806, 0.05359756320769574], [0.7957692711907233, 0.10438878794315848, 0.03134037914804494, 0.06850156161807333], [0.7956175966357424, 0.12589027244231535, 0.01991762075205242, 0.05857451006988979], [0.8032248809911323, 0.09012157687310526, 0.02581884587976869, 0.08083469615599377], [0.8351778392091465, 0.08399823457665269, 0.01933634144101462, 0.06148758467318619], [0.7783356569116101, 0.12509516299701656, 0.05464841980624505, 0.04192076018512823], [0.8196818368522857, 0.08914022198681715, 0.06222692315196903, 0.028951017908928102], [0.09901735405007275, 0.061969347727571865, 0.00906575143549474, 0.8299475466868607], [0.14594710197957186, 0.09131228381925284, 0.6339345715440451, 0.12880604255713018], [0.11556842564423965, 0.08862010685802282, 0.017445710139509612, 0.7783657572582279], [0.13857470657892149, 0.07771635170571217, 0.6928299171951475, 0.09087902442021885], [0.09327934853131623, 0.7811398621284354, 0.019858457788088826, 0.10572233145215947], [0.08532192241234932, 0.8224015648675894, 0.01578124878042651, 0.07649526383963472]], "ideal": "C", "sampled": "C", "correct": true}}
{"type": "result", "data": {"idx": 16, "options": ["A theoretical assumption", "An illustration", "A theoretical model", "An example serving as a model"], "probs": [[0.04750327127492344, 0.03264723162880226, 0.9104962435294516, 0.009353253466822666], [0.3741999351797803, 0.09915355068541941, 0.4584964615802135, 0.0681500524545868], [0.3945834435555258, 0.6016820958522245, 0.0016638308613883207, 0.0020706296308613606], [0.3496492091847814, 0.6431150772666271, 0.0049876214750280284, 0.0022480919735634575], [0.7034775209777397, 0.2547928379955521, 0.0032579229599008514, 0.038471717966807276], [0.2655408613401321, 0.31044667175468604, 0.4177675439747226, 0.0062449228304592335], [0.002456691041460325, 0.9911206406808305, 0.004885443335205671, 0.0015372248425034453], [0.0024992186177649318, 0.9926596495551857, 0.0013169485890757397, 0.0035241831379735898], [0.0036788035036507912, 0.9886698528336384, 0.005522360583641213, 0.002128982979069568], [0.004536814382111643, 0.9797095950361228, 0.006298570233835726, 0.00945502024792983], [0.006060929979636401, 0.01263157187393572, 0.9726269262291667, 0.008680571817261236], [0.0075738942809625235, 0.018454415453291458, 0.9614859900181167, 0.012485700147629286], [0.46205741399361455, 0.5318400543537835, 0.0020418647859356143, 0.004060666766666325], [0.40342831025230086, 0.5778922354621996, 0.015400492362341613, 0.003278961823157981], [0.1122029847646939, 0.07358293083801364, 0.8036137057786911, 0.010600378518601381], [0.21071339750413326, 0.1258226102521234, 0.5639245207600503, 0.0995394713836931], [0.2740931265592848, 0.37464037164514663, 0.34112530873654623, 0.010141192959022311], [0.5990429754326895, 0.3059738993812819, 0.007309196802043772, 0.08767392828398483], [0.0016201226795961822, 0.9966884743131426, 0.0005426569200747293, 0.001148745987186468], [0.002282061705921556, 0.9955144925148496, 0.0014965476604723651, 0.0007068980187565255], [0.0062442316001260195, 0.007075357323751346, 0.9712284860272149, 0.015451924948907762], [0.009976823190675669, 0.011482882527088659, 0.9560604690027352, 0.02247982517950047], [0.008010992874652133, 0.9857168313693712, 0.0039042216254022094, 0.0023679540305744456], [0.005029120947877977, 0.9888629593193206, 0.001938876865539631, 0.004169042767261833]], "ideal": "D", "sampled": "C", "correct": false}}
