{"type": "result", "data": {"idx": 0, "options": ["Wrong, Wrong", "Wrong, Not wrong", "Not wrong, Wrong", "Not wrong, Not wrong"], "probs": [[0.5654750476314059, 0.3429782694663196, 0.0718920455650098, 0.01965463723726466], [0.4843535134097264, 0.36561072670077566, 0.08549352224844953, 0.06454223754104844], [0.25711728635348424, 0.636378549482859, 0.07720084041846778, 0.02930332364518895], [0.2230550340784639, 0.6764154265854688, 0.057285670087928474, 0.04324386914813875], [0.4542691882973279, 0.3323527622854554, 0.17242168196729826, 0.040956367349918456], [0.42638836577408445, 0.35349104858353525, 0.17227717255649289, 0.04784341298588744], [0.27839307418700615, 0.6080710547514684, 0.07976136655151257, 0.03377450441001283], [0.28863796665902003, 0.5830693253929785, 0.07890973935767569, 0.04938296849032579], [0.25357277899050423, 0.5895781315735728, 0.11609439584084875, 0.04075469349507422], [0.2776971334970743, 0.6065520372431484, 0.06595925691246367, 0.04979157224731352], [0.3800829194136948, 0.3983258752992983, 0.17401545396254714, 0.04757575122445975], [0.3734071719306055, 0.3913303788209701, 0.16830874240095506, 0.06695370674746932], [0.29910054660274005, 0.5009038521395851, 0.1503979108662206, 0.04959769029145425], [0.29923261628564785, 0.5418454721555797, 0.10180948887740905, 0.05711242258136341], [0.25550992941857203, 0.48487502783065234, 0.2185496871711229, 0.041065355479652746], [0.36751365110307943, 0.48688059314864884, 0.08073250828274645, 0.0648732473655253], [0.35590663150968516, 0.3788625555233744, 0.21926830461736452, 0.045962508249575935], [0.3512789115339582, 0.404321950762429, 0.1794162296895447, 0.06498290791406815], [0.12888317192944027, 0.6053400219472896, 0.19347701051318078, 0.07229979551008933], [0.11663206715418438, 0.6711777643976322, 0.14975898563800816, 0.062431182710175226], [0.12181566563657933, 0.46696880107196903, 0.3470207128548745, 0.06419482033657709], [0.1520585749606403, 0.5064353459515332, 0.2507023569102749, 0.09080372207755162], [0.10466422806628788, 0.5837753967075743, 0.21475753025978836, 0.09680284486634946], [0.11146211456939394, 0.6025651006905907, 0.15966255723336287, 0.12631022740665254]], "ideal": "D", "sampled": "A", "correct": false}}
{"type": "result", "data": {"idx": 1, "options": ["Wrong, Wrong", "Wrong, Not wrong", "Not wrong, Wrong", "Not wrong, Not wrong"], "probs": [[0.47603505845077904, 0.4008627533511796, 0.08402501790875372, 0.03907717018928763], [0.3826124680693446, 0.41370785130090115, 0.09230929669490515, 0.1113703838348491], [0.2850634125514241, 0.5758513147271729, 0.09254674509121284, 0.046538527530190194], [0.23678659429536528, 0.6141885655695364, 0.07450878785942736, 0.074516052175671], [0.4226326769952344, 0.3240472472596146, 0.19049572020341524, 0.06282435544173574], [0.3755432935015578, 0.34193995336793814, 0.20739509008691684, 0.07512166294358724], [0.23877274453995387, 0.638999865013539, 0.07873951466921443, 0.04348787567729271], [0.2372834043243204, 0.6251702587502499, 0.07466528897724743, 0.06288104784818226], [0.24561700614542772, 0.5800779798011962, 0.12742484535083667, 0.0468801686025394], [0.241503631482046, 0.6167141336341575, 0.07365503326040893, 0.06812720152338755], [0.31844125025175757, 0.44211803035049957, 0.18144307011824443, 0.05799764917949841], [0.29543143948091316, 0.4435037738163392, 0.17641116939823767, 0.08465361720450992], [0.262392951795674, 0.5057843590803592, 0.1542537441678781, 0.07756894485608862], [0.2351846081142038, 0.5554423290275234, 0.11284385536344037, 0.09652920739483237], [0.20986378503524383, 0.49563736457096336, 0.23049070282196857, 0.06400814747182423], [0.2773418662268816, 0.502210367371353, 0.09145817700324907, 0.12898958929851623], [0.25892426982337213, 0.4336213670172984, 0.23209858909688189, 0.07535577396244757], [0.24246047615413535, 0.4601153765167282, 0.17738793920730858, 0.12003620802182785], [0.09700282539922107, 0.5495673522190422, 0.2326982707120294, 0.12073155156970732], [0.08789371763701757, 0.6006548448845221, 0.19500140989112963, 0.1164500274873306], [0.08689335991745574, 0.4017939388884825, 0.40811763425911124, 0.1031950668349505], [0.10980699446953929, 0.4343018025591413, 0.28040122509785903, 0.17548997777346034], [0.09522006979138821, 0.5311035871971408, 0.23938382089498728, 0.13429252201648373], [0.10156196290772054, 0.5157859074708104, 0.1573023603380469, 0.2253497691834221]], "ideal": "A", "sampled": "A", "correct": true}}
{"type": "result", "data": {"idx": 2, "options": ["Wrong, Wrong", "Wrong, Not wrong", "Not wrong, Wrong", "Not wrong, Not wrong"], "probs": [[0.3140255785119507, 0.4225676027816593, 0.19960653631176345, 0.06380028229462657], [0.24949236958236912, 0.398689705132619, 0.2004734217779011, 0.15134450340711084], [0.15131051530487505, 0.6572677410579442, 0.13993925949546687, 0.0514824840417139], [0.13187447483728404, 0.669721499086735, 0.11457479255040423, 0.08382923342557672], [0.2814557484703928, 0.39076638440180905, 0.24838491327241272, 0.07939295375538541], [0.2502114008972162, 0.3936416711673761, 0.2581549719245725, 0.09799195591083516], [0.21469208276073848, 0.6116039661212508, 0.11856463373660583, 0.055139317281404865], [0.22867287011622878, 0.5748871392960506, 0.11863460037014865, 0.0778053901175719], [0.20648766898170784, 0.5525927501916176, 0.17388057577450305, 0.06703900495217154], [0.21143320115529135, 0.5747397113210623, 0.12429578420053339, 0.08953130322311297], [0.29524470813069, 0.39729849408252604, 0.22286366251828624, 0.08459313516849774], [0.2792668127515837, 0.3817159944902411, 0.22439875375168908, 0.11461843890648613], [0.21512779704027304, 0.5160674240719356, 0.19896103431984732, 0.06984374446794404], [0.20962887687927972, 0.5523018158076964, 0.15336823233369784, 0.08470107487932602], [0.17717604931380007, 0.48919977392876934, 0.27873677947055076, 0.05488739718687982], [0.24055708942391946, 0.5172817706544486, 0.13706560431540263, 0.10509553550622934], [0.23740087270299187, 0.40383395247717113, 0.28636041067388746, 0.07240476404594955], [0.22558901361396258, 0.4280943710638758, 0.24776110617718902, 0.09855550904497255], [0.09902870063812474, 0.5353460588309633, 0.25686080710341047, 0.10876443332750142], [0.08807559310509167, 0.5925583242777498, 0.21798904237951489, 0.10137704013764366], [0.10167486522596184, 0.4084650995461499, 0.3897590156928063, 0.10010101943508196], [0.12290866488615437, 0.44261231354500896, 0.2994850530997684, 0.13499396836906824], [0.08887201960717947, 0.5114257144630491, 0.25317283519162087, 0.14652943063815058], [0.08737112580856178, 0.5352158545912538, 0.20634277162872638, 0.17107024787145803]], "ideal": "D", "sampled": "A", "correct": false}}
{"type": "result", "data": {"idx": 3, "options": ["Wrong, Wrong", "Wrong, Not wrong", "Not wrong, Wrong", "Not wrong, Not wrong"], "probs": [[0.31379269732172715, 0.5173508389467619, 0.14143673705364085, 0.02741972657787007], [0.2989736332731623, 0.46304707804372575, 0.12269711296659608, 0.1152821756165159], [0.1994714121721506, 0.6643407777254668, 0.10511436252549179, 0.03107344747689072], [0.15361948595931282, 0.7103298438064063, 0.08617349873689671, 0.04987717139738417], [0.30598419217721057, 0.3257153855151099, 0.3108031679944617, 0.05749725421321781], [0.23059865658213421, 0.3571538898203706, 0.34080391864941934, 0.07144353484807585], [0.11417852958440577, 0.7104399720192304, 0.13772651397855354, 0.03765498431781029], [0.12803641735023555, 0.6814237451566457, 0.13005372153857006, 0.06048611585454866], [0.11739438816360573, 0.6151011814991743, 0.21932259382661842, 0.04818183641060161], [0.1302298942146574, 0.6613614159566836, 0.13648081231185372, 0.07192787741680526], [0.18110426308204466, 0.39556429965010304, 0.354586164754521, 0.06874527241333131], [0.17516292107848316, 0.39473240387270137, 0.3221754931433041, 0.10792918180551135], [0.19337455372765042, 0.5595483454283633, 0.19337567131479397, 0.05370142942919227], [0.166991027681088, 0.6204472276014608, 0.1450857392566217, 0.06747600536082955], [0.13814087416550258, 0.4600780972389961, 0.358311241208116, 0.043469787287385264], [0.20339632032267793, 0.535878121799287, 0.1535325795258531, 0.107192978252182], [0.1607385521718794, 0.4040943844329685, 0.37961475764690705, 0.05555230564824502], [0.16550900790635145, 0.4292962656800485, 0.2859739235067232, 0.11922080280687682], [0.07884419866278607, 0.49830748893497095, 0.31674528739076735, 0.10610302491147564], [0.06936716752777604, 0.5629306812496528, 0.27435247946895674, 0.0933496716536144], [0.06490829034717364, 0.28638518707228416, 0.5785208516293662, 0.07018567085117598], [0.08656741255279761, 0.35324488402518067, 0.4260981241224082, 0.13408957919961345], [0.0687543063820472, 0.5001504308941648, 0.3229232655979395, 0.10817199702584854], [0.08522508356035659, 0.49815893539393513, 0.19205714903384002, 0.22455883191186826]], "ideal": "B", "sampled": "A", "correct": false}}
{"type": "result", "data": {"idx": 4, "options": ["Wrong, Wrong", "Wrong, Not wrong", "Not wrong, Wrong", "Not wrong, Not wrong"], "probs": [[0.18235561249816765, 0.3570362329125996, 0.32508656379309864, 0.13552159069613412], [0.18923224506870037, 0.3591021895049528, 0.271070122691704, 0.18059544263464278], [0.16774258881088833, 0.5500139388631891, 0.19920041413101783, 0.08304305809490475], [0.16364374999024803, 0.5623272740625376, 0.15615156524037793, 0.11787741060683651], [0.24596542691343704, 0.34687189952272823, 0.3013659901106744, 0.10579668335316035], [0.22819707775373724, 0.34257038658627076, 0.3070756426055101, 0.12215689295448183], [0.24372813866895573, 0.5159783209052784, 0.1573644382389645, 0.08292910208680135], [0.26227854458232713, 0.4824098373592924, 0.15418776412025395, 0.10112385383812653], [0.2350931728382281, 0.47490667584398805, 0.2074707417359493, 0.08252940948183454], [0.26069726111053726, 0.4870540789506994, 0.14854275574049605, 0.10370590409826723], [0.28334637629100295, 0.3581884992304331, 0.26205521038369767, 0.09640991399486624], [0.2684996207832898, 0.3341589371275212, 0.2685031672597593, 0.12883827472942963], [0.23261224251027895, 0.45543704450278255, 0.22900732371172522, 0.08294338917521328], [0.24533892040986535, 0.4803550314475808, 0.17671251558552112, 0.0975935324570327], [0.18484968909223984, 0.44343408270244977, 0.3047666112279577, 0.06694961687735271], [0.27408221769694807, 0.4590054520357418, 0.15616835884929195, 0.11074397131801815], [0.24745522252636767, 0.3544655713496869, 0.31774005053933946, 0.08033915548460596], [0.23533754661793724, 0.370240823506017, 0.28834285255086173, 0.10607877722518405], [0.12450037153308102, 0.4698626118510419, 0.29403207930771214, 0.11160493720816497], [0.10886795072658956, 0.5193840264754663, 0.26116189358006975, 0.11058612911787434], [0.10963991028344557, 0.37675021779123435, 0.41377841291663675, 0.09983145890868335], [0.12706545372721828, 0.40381611592951816, 0.34004632648543476, 0.12907210375782877], [0.11769208442103693, 0.4441684848432174, 0.30053870299604024, 0.1376007276397054], [0.10674900162832611, 0.463700664604254, 0.2642075618759994, 0.16534277179142048]], "ideal": "D", "sampled": "C", "correct": false}}
{"type": "result", "data": {"idx": 5, "options": ["Wrong, Wrong", "Wrong, Not wrong", "Not wrong, Wrong", "Not wrong, Not wrong"], "probs": [[0.18249671703232406, 0.48839117547131794, 0.22013241706471964, 0.1089796903316383], [0.1891866269760897, 0.446809248676643, 0.18625306526189964, 0.17775105898536764], [0.0965206274618218, 0.6596103561958251, 0.17752810385018983, 0.06634091239216328], [0.09124202348304833, 0.674206381031553, 0.13275635340045785, 0.10179524198494083], [0.18581835785275422, 0.4457624222953219, 0.28333905125303593, 0.0850801684988879], [0.16316474211810897, 0.42988907228085815, 0.30483130980205897, 0.10211487569897391], [0.23618621335606885, 0.5937829194006478, 0.10645796674790242, 0.06357290039538101], [0.24364093889152325, 0.5754145254644255, 0.09541180515649907, 0.08553273038755214], [0.18393708900711184, 0.5845605773979033, 0.16488058986267148, 0.06662174363231332], [0.19824877527049128, 0.6106637761180668, 0.10447049962780118, 0.08661694888364073], [0.2699337935986943, 0.43815417809870005, 0.2069663800795317, 0.08494564812307398], [0.24934401176820176, 0.4111075843791983, 0.23060630890632652, 0.10894209484627343], [0.20372235648905407, 0.5537826789663088, 0.17425316248789188, 0.06824180195674517], [0.20316809134645653, 0.5971538779826177, 0.11758509977983383, 0.08209293079109202], [0.1710383828171525, 0.5351373949433158, 0.23378179094160556, 0.06004243119792616], [0.23646653657724404, 0.5584682696841624, 0.10493167999235235, 0.1001335136462412], [0.22111582918575454, 0.453704986330982, 0.2545030135742361, 0.07067617080902734], [0.20416891724935626, 0.4673529599687476, 0.2349969016897889, 0.09348122099210722], [0.08906311142761965, 0.5541785111091351, 0.2459113338681417, 0.11084704349510353], [0.083054438868809, 0.5948227155876648, 0.21208682406096424, 0.11003602138256197], [0.09299436210656055, 0.45774063463402026, 0.3455159663808537, 0.10374903677856552], [0.10339915494936097, 0.4707085033839324, 0.29919466455618765, 0.12669767701051898], [0.0757763798857083, 0.5599268423983733, 0.22271930173557178, 0.14157747588034664], [0.07634900168241002, 0.5730429034981975, 0.18896543133013816, 0.1616426633892543]], "ideal": "C", "sampled": "C", "correct": true}}
{"type": "result", "data": {"idx": 6, "options": ["Wrong, Wrong", "Wrong, Not wrong", "Not wrong, Wrong", "Not wrong, Not wrong"], "probs": [[0.6346439921558183, 0.3191191952156912, 0.040571586506099586, 0.005665226022390808], [0.5479860864494794, 0.36503689242175763, 0.06052976892125729, 0.026447252107505675], [0.3159575440605017, 0.590292982220797, 0.07049989571740882, 0.023249577901292517], [0.2896250622266885, 0.6131450190632258, 0.06263633466800153, 0.03459358394208411], [0.5144459844260113, 0.3270046266867961, 0.13212155419577962, 0.026427834591412975], [0.48561148121518743, 0.3443528118843117, 0.14132202907381244, 0.02871367772668842], [0.36723739080792495, 0.5512924964864, 0.0648217822216951, 0.016648330383980003], [0.3710932758905928, 0.5399418512932574, 0.06448701071457177, 0.024477862001577956], [0.3663845792172476, 0.5166889197597772, 0.09120089897193408, 0.02572560195104111], [0.3723528814381739, 0.5333773254795162, 0.06370274437165656, 0.030567048610653312], [0.4718427298064698, 0.3732620130612078, 0.12699618768730878, 0.0278990693450136], [0.4510061908437137, 0.3797896347481811, 0.1333189358175196, 0.0358852384905856], [0.3607374196135508, 0.47790496383087844, 0.12273546796501793, 0.0386221484905528], [0.3617347303321148, 0.5022259110867293, 0.09146183285318692, 0.04457752562796901], [0.34186749449732895, 0.45290433737823055, 0.1719021588639012, 0.03332600916053929], [0.4304546415375362, 0.44412562246649745, 0.07480246572938574, 0.050617270166580575], [0.42545075615522204, 0.36391045283945955, 0.17460539284817517, 0.03603339805714322], [0.4148915877665218, 0.38371615190274033, 0.15026446301071145, 0.051127797220026396], [0.16767718386897448, 0.6038336393328485, 0.175724436281964, 0.05276474041621298], [0.15965317488704192, 0.6514906397189903, 0.14311233585294947, 0.04574384944101827], [0.16805209781213762, 0.478736684828174, 0.3043026429807962, 0.04890857427889216], [0.19842893634134567, 0.506709854749216, 0.22839031260447976, 0.06647089620495857], [0.1379116079785453, 0.5990653260595061, 0.19147125597884057, 0.07155180988310797], [0.1412234178226543, 0.6134539933403905, 0.15269898104182236, 0.09262360769513281]], "ideal": "D", "sampled": "A", "correct": false}}
{"type": "result", "data": {"idx": 7, "options": ["Wrong, Wrong", "Wrong, Not wrong", "Not wrong, Wrong", "Not wrong, Not wrong"], "probs": [[0.4280190265052937, 0.37186838023822016, 0.12455981501942598, 0.07555277813706013], [0.33512362834440207, 0.36806151267185777, 0.10879783331259892, 0.18801702557114122], [0.1679908564224508, 0.6748823246291957, 0.09722527462211292, 0.05990154422624053], [0.12919867949987834, 0.6876198937375214, 0.06915513861284393, 0.11402628804975626], [0.3485562930859865, 0.32236294155931494, 0.23955812450181938, 0.08952264075287916], [0.2820230487159185, 0.3349120989459841, 0.2691073775567877, 0.1139574746813097], [0.25147254677615233, 0.6032538154446101, 0.08827497557459407, 0.05699866210464345], [0.2472068556654521, 0.5838290191381414, 0.07658121391747043, 0.09238291117893599], [0.18121352244960107, 0.6130401215184685, 0.14112887521094028, 0.06461748072099004], [0.1747124252816146, 0.6390787029107773, 0.07514284158491759, 0.11106603012269055], [0.2952341845051077, 0.3911239650128055, 0.2263633692918617, 0.08727848109022508], [0.26564841668189215, 0.38052775318012855, 0.2202299469420637, 0.13359388309591563], [0.28689022472371245, 0.5276735123281854, 0.12338975015109045, 0.06204651269701176], [0.2575197094248311, 0.5803321392476571, 0.07853903402236978, 0.08360911720514203], [0.24271092630134192, 0.49801080103490064, 0.20760091343088252, 0.05167735913287486], [0.30140295621718943, 0.504757642695496, 0.06620933114820236, 0.1276300698391123], [0.2981837809870213, 0.42050719730778385, 0.21477309077182888, 0.06653593083336594], [0.27968681335452455, 0.4400108062771305, 0.1618697647406924, 0.11843261552765248], [0.09311309992828189, 0.5703898540226727, 0.21313736854290374, 0.12335967740614162], [0.08214803896076957, 0.6262681540798286, 0.17390677655011963, 0.11767703030928217], [0.09402699258264816, 0.39586899829546146, 0.40843282425833977, 0.1016711847635506], [0.1125799152911353, 0.41828749826204653, 0.29200805100882754, 0.17712453533799064], [0.08033661217449624, 0.575351447014048, 0.1988345339087622, 0.14547740680269364], [0.08976996488485658, 0.5413880822700959, 0.12858922490854882, 0.24025272783649862]], "ideal": "D", "sampled": "A", "correct": false}}
{"type": "result", "data": {"idx": 8, "options": ["Wrong, Wrong", "Wrong, Not wrong", "Not wrong, Wrong", "Not wrong, Not wrong"], "probs": [[0.41939046181816064, 0.3317620032867878, 0.0684628894800047, 0.18038464531504686], [0.27750392194834345, 0.18485562958644097, 0.05053608954177085, 0.4871043588234447], [0.25657192061191997, 0.6350178169197943, 0.05462688992838338, 0.053783372439902305], [0.2064905166419486, 0.6164651512483206, 0.04981787502267477, 0.1272264569870561], [0.3824710490548943, 0.27121048758878485, 0.1569641506967318, 0.18935431255958904], [0.3075377092581072, 0.2630497554135987, 0.21469389219959237, 0.2147186430287017], [0.19050053895217284, 0.6968177477420624, 0.05457924149734758, 0.05810247170841716], [0.2402625578616812, 0.5674224960359308, 0.04657700294049, 0.145737943061898], [0.1914265815084519, 0.5896346900930846, 0.13787935056443, 0.08105937773403356], [0.23415990876508927, 0.5359991608620414, 0.053070949468526404, 0.17676998080434292], [0.298811389422847, 0.3333470970065033, 0.2053693475533997, 0.16247216591725], [0.2804058277447504, 0.2938644675278193, 0.16228607778971005, 0.26344362683772016], [0.25432068485936477, 0.4394263690185164, 0.1258973646916819, 0.180355581330437], [0.24565943341005653, 0.44483246069177773, 0.0822854166459584, 0.2272226891522073], [0.1849872226824316, 0.3097935708985947, 0.3565696881822717, 0.14864951813670196], [0.2748453298320305, 0.2835720160053815, 0.07169736122593531, 0.3698852928366526], [0.22685227609832687, 0.28232186188491654, 0.25307079392910126, 0.23775506798765536], [0.2333689210063616, 0.2686079302142508, 0.11919246736208315, 0.37883068131730446], [0.13998707471801133, 0.2783982919413577, 0.16366034229908977, 0.4179542909415412], [0.1439362060927306, 0.3294736497166856, 0.153218272818333, 0.3733718712722508], [0.10738579952781273, 0.18266904617493482, 0.3632784539879715, 0.346666700209281], [0.140101426523261, 0.20705769028421325, 0.16379364591121467, 0.48904723718131105], [0.12915746866365133, 0.2865495383452922, 0.17379955945661144, 0.41049343343444505], [0.12631640401633853, 0.25918770992493256, 0.07425730261614286, 0.540238583342586]], "ideal": "A", "sampled": "A", "correct": true}}
{"type": "result", "data": {"idx": 9, "options": ["Wrong, Wrong", "Wrong, Not wrong", "Not wrong, Wrong", "Not wrong, Not wrong"], "probs": [[0.7136242906919585, 0.23167885584095224, 0.050893075202164954, 0.003803778164924289], [0.6145314848344088, 0.2948513460543055, 0.0678787261721589, 0.022738442839126786], [0.37721956117826444, 0.5403431872057188, 0.06869660582428641, 0.013740645691730252], [0.33751914404711264, 0.583183237601363, 0.05596624770150579, 0.023331370550018493], [0.5701227964115875, 0.2651307666543665, 0.14641915723917048, 0.018327279594875526], [0.5300755859347577, 0.29273413300265516, 0.15426025593554987, 0.022930025027037323], [0.3188692611200233, 0.5864888396282617, 0.07693070129505863, 0.01771119785665636], [0.3266629472918665, 0.5733103570024382, 0.07403617862129616, 0.02599051698439914], [0.3070682006044667, 0.5389202266704806, 0.1280046857467701, 0.026006886878282627], [0.3265561619269258, 0.5642377410827, 0.07636133950444908, 0.032844757385925114], [0.4473591431718198, 0.3484021645541655, 0.1751881352569745, 0.029050556917040227], [0.42584332978133926, 0.35859435926738537, 0.17205625834851584, 0.04350605250275953], [0.3488761031190755, 0.47685878437998164, 0.13450410021817139, 0.03976101218277144], [0.34419752061420367, 0.5086926353990783, 0.10334738612419923, 0.04376245776251877], [0.31632799731867245, 0.4460937198649395, 0.20423646801774517, 0.03334181469864283], [0.4217202553027784, 0.4419604126155873, 0.08434978651734906, 0.05196954546428522], [0.39960399712653905, 0.35264894756853765, 0.21057667071401098, 0.03717038449091229], [0.3971217483528307, 0.37306149956441187, 0.17348977533878485, 0.056326976643972564], [0.16974396523589982, 0.5924637670200931, 0.1835362871425369, 0.054255980501470215], [0.16009998140075382, 0.6332067186132608, 0.16009932574972974, 0.04659397413625559], [0.16336189208781268, 0.47269922490161315, 0.31488662954996277, 0.049052253360611434], [0.20092209729371927, 0.4972838124209065, 0.23125865769167767, 0.07053543249369648], [0.1406078265149743, 0.5648712816709239, 0.21440053355931216, 0.08012035815478963], [0.14884846735679647, 0.5705957157072968, 0.16094308370486912, 0.11961273313103755]], "ideal": "C", "sampled": "A", "correct": false}}
{"type": "result", "data": {"idx": 10, "options": ["Wrong, Wrong", "Wrong, Not wrong", "Not wrong, Wrong", "Not wrong, Not wrong"], "probs": [[0.6112135052069756, 0.24695233998213306, 0.10788545011395205, 0.0339487045969393], [0.5082078093126593, 0.2850791279331678, 0.11699636540873942, 0.08971669724543344], [0.35476133620277406, 0.49253967949896127, 0.11163082097431978, 0.04106816322394488], [0.3233791694687778, 0.5248999878298864, 0.08703685032231367, 0.06468399227902209], [0.4831571478462181, 0.2668258358833255, 0.19828780806006172, 0.05172920811039468], [0.4598579327418702, 0.27891934609520136, 0.20089788576533535, 0.06032483529759307], [0.3339757608512757, 0.5092541555951374, 0.11013410943340324, 0.04663597402018365], [0.3346271639216284, 0.4945496206440804, 0.10695407936971547, 0.06386913596457573], [0.3190530312412526, 0.4789576190968913, 0.15071051244607067, 0.05127883711578544], [0.3339934547211483, 0.5013868062773591, 0.09569135022126325, 0.06892838868022937], [0.38899212926837035, 0.33796417583884175, 0.21149249293964467, 0.06155120185314322], [0.38329088684063817, 0.32784914967119455, 0.2019816338813979, 0.08687832950676933], [0.32157785655554594, 0.4194195395115674, 0.18611567275199808, 0.0728869310808886], [0.3263007024848967, 0.4530272489127875, 0.13816530437494304, 0.08250674412737273], [0.26827597815301446, 0.39648789458845796, 0.2725009938243296, 0.06273513333419797], [0.3716553587711492, 0.4081865104694215, 0.11694702195499444, 0.10321110870443484], [0.3432842697327336, 0.3379638396142024, 0.2511527985770365, 0.06759909197602745], [0.34565984794467025, 0.3566342261549502, 0.20320338032622973, 0.09450254547414975], [0.1560833006941161, 0.46598160262216404, 0.26550716159072835, 0.11242793499299152], [0.14693192521842804, 0.52092185735988, 0.23115663115792362, 0.1009895861637684], [0.1296111176836353, 0.33097436527616536, 0.4384687477139941, 0.10094576922620528], [0.16602366413111727, 0.3741419482218477, 0.3200187527821757, 0.13981563476485934], [0.14291407378847118, 0.4471414285026597, 0.27981275795766203, 0.13013173965120706], [0.15230543456028442, 0.46186475564794194, 0.20494970066435939, 0.18088010902741425]], "ideal": "D", "sampled": "A", "correct": false}}
{"type": "result", "data": {"idx": 11, "options": ["Wrong, Wrong", "Wrong, Not wrong", "Not wrong, Wrong", "Not wrong, Not wrong"], "probs": [[0.25161427725597163, 0.4926349611951066, 0.20217658953910997, 0.05357417190981186], [0.2380111156915206, 0.4733409163382017, 0.1796590305558131, 0.10898893731446462], [0.16757517739245967, 0.6324265480819743, 0.1455911221658297, 0.05440715225973635], [0.1450221538398679, 0.6601857542331452, 0.1183635145307433, 0.07642857729624356], [0.2731765724988818, 0.41008903350040127, 0.24872932584393254, 0.06800506805678441], [0.24220330422942135, 0.4184922433409416, 0.2618830897353628, 0.07742136259427429], [0.2175917398243783, 0.6102544028181409, 0.12205788708888998, 0.05009597016859085], [0.21873186037591583, 0.5945793256780633, 0.11892295361783342, 0.06776586022818745], [0.18620880223749842, 0.5917741743892855, 0.16432842855491697, 0.057688594718299104], [0.18698677558062285, 0.6227670357704789, 0.1170132839340177, 0.0732329046148806], [0.26343408420606207, 0.4481197032489266, 0.22183375223619006, 0.06661246020882132], [0.24132702471367315, 0.44387306101273505, 0.22319088049060035, 0.0916090336829914], [0.2306851979369654, 0.5280477600779493, 0.17413020780916438, 0.06713683407592085], [0.22259118489897517, 0.5684113117637297, 0.13085477540282586, 0.07814272783446927], [0.20400293899511712, 0.49708653619807613, 0.24225867379795826, 0.05665185090884847], [0.26255025283377315, 0.5221481089301645, 0.12020411548884179, 0.09509752264722054], [0.24350785040713993, 0.45493466066748334, 0.2360151138676956, 0.06554237495768112], [0.23009301376883473, 0.4721231091724116, 0.2062531231695821, 0.09153075378917148], [0.10622247894204667, 0.5310825625859708, 0.2629024644990746, 0.09979249387290791], [0.10073043324510196, 0.5796668053856864, 0.22347926749831862, 0.09612349377089308], [0.10223922453803504, 0.43044357017004986, 0.379862735517173, 0.08745446967474209], [0.12122596437833515, 0.45750345411781723, 0.30003421601531016, 0.12123636538853744], [0.09124156151979984, 0.5417301846699951, 0.24801948306319346, 0.11900877064701158], [0.09319082577197543, 0.5447271425125126, 0.2035465672144404, 0.15853546440107158]], "ideal": "B", "sampled": "A", "correct": false}}
{"type": "result", "data": {"idx": 12, "options": ["Wrong, Wrong", "Wrong, Not wrong", "Not wrong, Wrong", "Not wrong, Not wrong"], "probs": [[0.40012884433172613, 0.4394531848953895, 0.13402586275315562, 0.026392107919728753], [0.3265774766714427, 0.45340213235120275, 0.12788847945093978, 0.09213191142641476], [0.19946297328449195, 0.6643154892684437, 0.09874140129798965, 0.037480136049074665], [0.15049877681581053, 0.7068637467505051, 0.08182517329863709, 0.06081230303504727], [0.3849398040736649, 0.32415131938759917, 0.2371549396409963, 0.05375393679773965], [0.3209209287257362, 0.35801200675418143, 0.2578677352051837, 0.06319932921489871], [0.1800417472991805, 0.6689362600030457, 0.1144418058553837, 0.03658018674239002], [0.19100376040824824, 0.6461584759947755, 0.10548280492809008, 0.05735495856888614], [0.14465494560236797, 0.6283531235152446, 0.18002636863000762, 0.04696556215237976], [0.14447455752572597, 0.6680474579283473, 0.11251739169354862, 0.07496059275237808], [0.2592676049866446, 0.4208318810490453, 0.2592685884631954, 0.06063192540111473], [0.22999042612980286, 0.41645891090727005, 0.2606143989989973, 0.0929362638639298], [0.2555059793310462, 0.524266182384175, 0.16496765196909932, 0.055260186215679526], [0.230595219006676, 0.5797193939550472, 0.12151593079982344, 0.06816945613845328], [0.20733823597823064, 0.482075822227825, 0.2621002397386801, 0.048485701955264256], [0.2623855349268625, 0.5218183747631434, 0.11462820343759147, 0.10116788677240258], [0.2598840603713239, 0.4088549926798041, 0.2723567197659824, 0.058904227082889636], [0.23789899120938066, 0.43078062346557655, 0.23057994359929607, 0.10074044162574672], [0.08705486647373069, 0.5332766492657806, 0.2810160072827057, 0.09865247687778302], [0.07927832692606462, 0.5950179651155758, 0.2330117804099678, 0.09269192744839179], [0.08602447614648916, 0.3855331751572038, 0.44374688463511675, 0.08469546396119032], [0.09695497682566763, 0.4081951288129085, 0.3602290966695383, 0.1346207975918856], [0.0802467822672517, 0.5315163137027725, 0.2714710229954945, 0.11676588093448118], [0.0851781287318366, 0.5217835863770034, 0.1980446562118622, 0.19499362857929775]], "ideal": "C", "sampled": "A", "correct": false}}
{"type": "result", "data": {"idx": 13, "options": ["Wrong, Wrong", "Wrong, Not wrong", "Not wrong, Wrong", "Not wrong, Not wrong"], "probs": [[0.9519558654541959, 0.04117760738255826, 0.006314740981687962, 0.0005517860815579066], [0.8726043849373829, 0.10101114440107818, 0.017829065227403334, 0.00855540533413559], [0.5919965325822565, 0.3762990122007926, 0.02641996288533731, 0.0052844922316135695], [0.5694250161588494, 0.39752704771074854, 0.02277979319831899, 0.010268142832082999], [0.7838506914261717, 0.13621386224613832, 0.07066568389329758, 0.00926976233439243], [0.7584604514219371, 0.14935065595778055, 0.08119917546705685, 0.01098971705322548], [0.5227030773154816, 0.42000617665725715, 0.04786508393633177, 0.009425661990929406], [0.5093832110361844, 0.4289464135960401, 0.044509370704561714, 0.017161004563213737], [0.45824204512312483, 0.417235657395939, 0.10884146776449774, 0.015680829616438418], [0.5096914767709303, 0.4160019158901015, 0.05046617984267067, 0.023840427396297596], [0.5946738632825602, 0.2328784367067842, 0.1527240407040465, 0.01972365920660909], [0.5770829142541657, 0.248201820378277, 0.14364663808514722, 0.031068627182410054], [0.47181425372662433, 0.37911725746620234, 0.12117167786734444, 0.027896810839828867], [0.5018238611696954, 0.39082638881270854, 0.07576420439633826, 0.03158554552125777], [0.4501806954467005, 0.324255269287977, 0.19976559986327136, 0.02579843530205121], [0.5815575544980485, 0.3064638582619375, 0.064237354265067, 0.04774123287494701], [0.5377957750233949, 0.24622285042558062, 0.18878324081819894, 0.027198133632825455], [0.5522303724690854, 0.25681374144108, 0.14632583044600825, 0.04463005554382637], [0.2234064910652737, 0.5034568511467112, 0.2304965673140613, 0.04264009037395377], [0.24930593183150843, 0.5445373613249808, 0.17134395112362735, 0.034812755619883506], [0.21383209843035184, 0.32605433946648577, 0.4186585607506184, 0.04145500125254395], [0.284515627728729, 0.37107853203515406, 0.27575788720943323, 0.06864795292668369], [0.19552285345118017, 0.4839259160800209, 0.2590236383727244, 0.061527591996074514], [0.22656300492879836, 0.49486240370940915, 0.17644555733491651, 0.10212903392687599]], "ideal": "A", "sampled": "A", "correct": true}}
{"type": "result", "data": {"idx": 14, "options": ["Wrong, Wrong", "Wrong, Not wrong", "Not wrong, Wrong", "Not wrong, Not wrong"], "probs": [[0.19731872830834574, 0.48079728000726557, 0.23432121644833195, 0.08756277513605674], [0.1967372236980705, 0.45743035330208087, 0.18772745969776156, 0.15810496320208706], [0.14682361536801736, 0.6683864021690359, 0.13161177980929187, 0.05317820255365487], [0.114515024616479, 0.690623376798732, 0.1042673027311566, 0.09059429575363237], [0.2525576258735515, 0.39733184880024086, 0.2730799513379859, 0.07703057388822171], [0.2011256232740444, 0.40628812015678745, 0.3019253037711451, 0.09066095269802303], [0.18488565360970657, 0.6062207311712571, 0.143989132985813, 0.06490448213322335], [0.19021637452404358, 0.5859123976551832, 0.12671178389248056, 0.09715944382829264], [0.1310256084363086, 0.6154018456498744, 0.18768566285623814, 0.06588688295757882], [0.13673264398098492, 0.6422089624750181, 0.1225667352509152, 0.09849165819308174], [0.21360755123749792, 0.43150231559359126, 0.26583939986133104, 0.08905073320757981], [0.18551419643203848, 0.41806587126600914, 0.27849034169963305, 0.11792959050231934], [0.2114949422452315, 0.540075373746286, 0.17533605190854396, 0.07309363199993855], [0.1924366042389017, 0.5835622504994669, 0.13020975789459494, 0.09379138726703648], [0.17578269670474067, 0.5007608569714409, 0.2597903330348692, 0.06366611318894924], [0.22688639806600505, 0.5358387627721897, 0.11770754612894672, 0.11956729293285855], [0.2221225781358491, 0.43489694266964474, 0.2637775520435131, 0.07920292705099306], [0.2100606740810123, 0.4588172503670779, 0.2271300885916627, 0.10399198686024708], [0.0829169352518215, 0.5159299680629004, 0.2805044519921448, 0.12064864459313332], [0.0740318659763234, 0.5470290101960292, 0.26246550285478115, 0.11647362087286618], [0.08192719884562183, 0.4096117500377654, 0.4032599211793174, 0.10520112983729536], [0.08667291570820558, 0.42662077502185436, 0.34819551780026825, 0.1385107913696718], [0.06007311969067897, 0.5699630124313534, 0.23028398018483295, 0.13967988759313466], [0.060568329276904684, 0.5746618298012278, 0.1895015217585135, 0.175268319063354]], "ideal": "D", "sampled": "C", "correct": false}}
{"type": "result", "data": {"idx": 15, "options": ["Wrong, Wrong", "Wrong, Not wrong", "Not wrong, Wrong", "Not wrong, Not wrong"], "probs": [[0.2171342508922753, 0.5631928619780565, 0.0978640244904626, 0.12180886253920557], [0.21030086670124026, 0.42480663225540455, 0.07734883172452464, 0.2875436692188305], [0.10449726283785689, 0.7601528222229693, 0.07294443873973191, 0.06240547609944182], [0.08933740095430868, 0.7364205128754793, 0.05950667451154243, 0.11473541155866962], [0.2660484711523685, 0.41854604936332906, 0.1857129941908826, 0.1296924851934198], [0.20101884896476996, 0.40606613733086977, 0.2313451697790195, 0.1615698438253408], [0.15469934275241454, 0.7153056965843642, 0.0654981146016503, 0.06449684596157096], [0.1737732673466857, 0.6558061031281741, 0.05820165230998075, 0.11221897711515948], [0.11379143442968098, 0.7191754357857663, 0.095815484742987, 0.07121764494156575], [0.12468614799582274, 0.695446452293185, 0.05708059093025506, 0.12278680868073716], [0.22357359850394767, 0.48074529043086256, 0.17410344465776614, 0.12157766630742362], [0.20595483742354082, 0.4498409658315376, 0.1734114930807096, 0.17079270356421195], [0.15796609103615375, 0.6150760008146509, 0.1249535148841842, 0.10200439316501116], [0.1518740240751479, 0.6197429437258153, 0.08789199041199912, 0.1404910416870377], [0.1341427793453768, 0.5647574403172693, 0.1982385783139461, 0.10286120192340788], [0.18396708093283082, 0.5492317594153048, 0.07092085374300486, 0.1958803058088595], [0.15303248059370594, 0.4863336770594199, 0.20272220044708478, 0.15791164179978937], [0.15099612916997707, 0.48742444845855315, 0.14183784597176985, 0.21974157629969995], [0.08470740105327722, 0.4438379373416675, 0.2063888742837386, 0.2650657872213167], [0.07998970120445104, 0.49771262349974893, 0.1719916594162583, 0.25030601577954176], [0.08465093803114551, 0.31451596634983126, 0.3400523535547713, 0.26078074196425194], [0.09901825640023842, 0.3565804202536608, 0.21966122596773804, 0.3247400972783627], [0.07748277715512479, 0.4897115674039235, 0.1493421986353722, 0.2834634567055795], [0.07875875793586838, 0.45324101423176977, 0.0980102172848288, 0.36999001044753305]], "ideal": "A", "sampled": "A", "correct": true}}
{"type": "result", "data": {"idx": 16, "options": ["Wrong, Wrong", "Wrong, Not wrong", "Not wrong, Wrong", "Not wrong, Not wrong"], "probs": [[0.32021686789413856, 0.4445745100147634, 0.20038567705369728, 0.034822944937400756], [0.2753985719331414, 0.4400833680754636, 0.19225849983190782, 0.09225956005948717], [0.22774314793252728, 0.6094716167977751, 0.12382141453346156, 0.038963820636236116], [0.19312527414109357, 0.6432063459109602, 0.10833351111197616, 0.05533486873597008], [0.33802328769549406, 0.37124581524168176, 0.23969415720741202, 0.051036739755412154], [0.2888037156470505, 0.3826024389404997, 0.26709951952783356, 0.061494325784616236], [0.2153579387318844, 0.6231574849082896, 0.12463960470325126, 0.036844971556574665], [0.22664485477022514, 0.5971291353801254, 0.12322492747983435, 0.053001082269815106], [0.1900184750725003, 0.5945150982559623, 0.17033139027084598, 0.04513503630069141], [0.19370363867249796, 0.6351302336467115, 0.11566584685404845, 0.05550028072674207], [0.26279014052664995, 0.426550621945031, 0.2547051579842245, 0.055954079444094584], [0.25494927925151023, 0.41382463015425397, 0.2509971335576453, 0.08022895693659048], [0.22370867095574803, 0.5536850607782486, 0.17422449327418663, 0.048381774891816685], [0.2131635202668745, 0.597832708641057, 0.13339454580302654, 0.05560922518904201], [0.1738668388470994, 0.5190701503497975, 0.2651148746088082, 0.04194813609429486], [0.23785802719598653, 0.5705925821687403, 0.12339912353712146, 0.06815026699815172], [0.21745286879749146, 0.4675970971116723, 0.2664285599918966, 0.04852147399893966], [0.21122273087536383, 0.49884171045959524, 0.22135927452146353, 0.06857628404357738], [0.10323057760068888, 0.5580589604398163, 0.2677591959042058, 0.07095126595528904], [0.09317116577246642, 0.6075512856762719, 0.23423172880202273, 0.06504581964923895], [0.09448626454637903, 0.3978004096229679, 0.44377919692007656, 0.0639341288105765], [0.11326796953377231, 0.4550361490132114, 0.34347930200516413, 0.08821657934785221], [0.09468474771585256, 0.5364251612389441, 0.28267594537271673, 0.08621414557248665], [0.09891922394386268, 0.5604158252072137, 0.2194614193913455, 0.12120353135757812]], "ideal": "D", "sampled": "A", "correct": false}}
{"type": "result", "data": {"idx": 17, "options": ["Wrong, Wrong", "Wrong, Not wrong", "Not wrong, Wrong", "Not wrong, Not wrong"], "probs": [[0.22398995027678914, 0.4250598879110428, 0.2347402291863382, 0.1162099325258299], [0.21484696862933317, 0.4141347407880543, 0.1956239640517114, 0.1753943264309011], [0.1702537758364695, 0.5942520829030244, 0.15993938623530427, 0.07555475492520176], [0.16280573483563307, 0.6049076273066807, 0.12879121206313507, 0.10349542569455118], [0.2900179347852273, 0.37826040665196986, 0.23303802482716918, 0.09868363363563362], [0.2584234562059751, 0.3879465440465591, 0.2352998063604831, 0.11833019328698272], [0.21677984816142426, 0.5711462837864197, 0.13355543611105405, 0.07851843184110188], [0.23178904728235183, 0.5389333842394233, 0.1280076326002107, 0.10126993577801414], [0.21402202703915144, 0.5380573312255416, 0.16668172303173362, 0.08123891860357335], [0.23477862423130577, 0.5458855547078113, 0.11991460441471133, 0.09942121654617159], [0.3010204642405951, 0.3926105977914339, 0.21014838782389375, 0.09622055004407726], [0.2862579311519089, 0.3792367690194923, 0.20943362142833705, 0.12507167830026172], [0.20790168176222254, 0.5065886264550299, 0.201506103521415, 0.08400358816133259], [0.22297340790346293, 0.5348908581859912, 0.14623053988958157, 0.09590519392096424], [0.16665725035810033, 0.4975493736615321, 0.2663181662371087, 0.06947520964325883], [0.25579818578022084, 0.5167317294372397, 0.12083124048400191, 0.10663884419853756], [0.24900861081971126, 0.3979171812136415, 0.2734833657468063, 0.0795908421198409], [0.2515627481024644, 0.42129147676325196, 0.22550024425963963, 0.101645530774644], [0.09881070779444025, 0.5258890868371306, 0.25232272773716746, 0.12297747753126168], [0.08886554488540095, 0.5886075163166593, 0.20661915270195694, 0.1159077859959828], [0.09318343618462048, 0.41762155601394424, 0.380247595721066, 0.10894741198036928], [0.11714043769324586, 0.45612050196024834, 0.28543108270572126, 0.14130797754078453], [0.08849790974949921, 0.5013798213274169, 0.2642068426833002, 0.14591542613978367], [0.09396311614770123, 0.5159653597880592, 0.21174986413053748, 0.17832165983370207]], "ideal": "C", "sampled": "A", "correct": false}}
