{"type": "result", "data": {"idx": 0, "options": ["essential to our existence", "unimportant to most people", "not essential to our existence", "rarely viewed"], "probs": [[0.010266026155886059, 0.7542373894480459, 0.19675257177025676, 0.0387440125258113], [0.03532519059553683, 0.7435906251673889, 0.11226467368878305, 0.10881951044829113], [0.029312450484115755, 0.8701490730205584, 0.061092540873138326, 0.03944593552218751], [0.01598327973331389, 0.8726792898174185, 0.07052113088811127, 0.0408162994611563], [0.030629895832554606, 0.6652180788534918, 0.14613009198453655, 0.158021933229417], [0.016092511401900527, 0.5672851979981968, 0.36627147757811673, 0.050350812921785996], [0.003338943662418657, 0.9404039213888187, 0.052229605091138595, 0.004027529757624097], [0.0022893289007798784, 0.9679566980220407, 0.0191682088140178, 0.010585764163161678], [0.0012481187267794137, 0.005254420096961658, 0.9858525007239443, 0.007644960352314614], [0.02608713173735237, 0.06258553359159126, 0.06065573260558663, 0.8506716019654698], [0.0003823656276150214, 0.0007604105591213803, 0.9902900839760962, 0.008567139737167438], [0.0034431770689681606, 0.006742004262066962, 0.004706330101682743, 0.9851084884672822], [0.024093622283245353, 0.9624416804784485, 0.009144910589005609, 0.0043197865493006075], [0.021513769121167935, 0.9587142575862679, 0.013890360571301559, 0.005881612621262543], [0.0006451362462046999, 0.0011321686065028035, 0.9976879046386309, 0.0005347904086615499], [0.2266618063818158, 0.08469982633711887, 0.10058322027623397, 0.5880551469048314], [0.0013608943818730179, 0.002582351372034727, 0.9941377661900765, 0.0019189879560156443], [0.20329841603983773, 0.07716672907525192, 0.02076880630331761, 0.6987660484815927], [0.006004565172413224, 0.8371788601646097, 0.12060367803397613, 0.03621289652900087], [0.004758558905108612, 0.8386857272027901, 0.15273212549209436, 0.0038235883000069366], [0.0007701087785306972, 0.003972451224371948, 0.9873574430291802, 0.007899996867917222], [0.006311920839525358, 0.01715893830641647, 0.009930168124927191, 0.966598972629131], [0.0003139801240859204, 0.0013426163828197952, 0.9962962192527148, 0.0020471841403794386], [0.01683975572872102, 0.03621430328911182, 0.012911651306261238, 0.934034289575906]], "ideal": "C", "sampled": "A", "correct": false}}
{"type": "result", "data": {"idx": 1, "options": ["the state", "the justice system", "the body", "the soul"], "probs": [[0.00033894481189562347, 0.0012993124659593505, 0.003643986707080978, 0.9947177559150641], [3.193303627928907e-05, 0.00015840752482182844, 0.999667664410273, 0.0001419949286259106], [0.003877558589607033, 0.04578520998361968, 0.0015184745222121116, 0.9488187568045612], [0.00015089182028133697, 0.0018965273508201688, 0.9979043538922555, 4.822683664298006e-05], [6.8144734575212e-05, 0.9998616705672365, 6.204588930797106e-05, 8.138708880302136e-06], [8.6142110335211e-05, 0.999852733823413, 5.561709384728254e-05, 5.50687240447113e-06], [0.00040182152137246166, 0.0023857332430868624, 0.004187057830709301, 0.9930253873048314], [2.7525167884685546e-05, 0.00021649456255238666, 0.9995619171239909, 0.00019406304557196576], [0.00015323351325185677, 0.0018093397669986494, 0.0003295023900255173, 0.997707924229724], [3.0455081941249632e-05, 0.0007095614558742071, 0.9991459465780209, 0.00011403678416365615], [2.7531701104182134e-05, 0.9998121691346422, 0.00012147371105902012, 3.8825353194591875e-05], [2.468027194876816e-05, 0.9998541013395136, 0.00010229549682186874, 1.8922791715732476e-05], [0.00040396692240963935, 0.000828891397868381, 0.00043679159208392026, 0.998330349987638], [6.199170319985743e-05, 0.0008557319757905035, 0.9989530799833845, 0.00012919623762520948], [0.00020643268457041082, 0.0005438818703446999, 0.00040417394730529884, 0.9988455113977796], [4.295365195611902e-05, 0.0004653986812893725, 0.9992648316818247, 0.00022681588492979332], [0.00019104417318948862, 0.9994900694835289, 0.00030055224440862804, 1.833399887289959e-05], [0.00014879200269096916, 0.9995342070194198, 0.0003005656344784289, 1.643524341079594e-05], [0.9991385440735663, 0.0008295659961002818, 2.2455453994839492e-05, 9.434376338544004e-06], [0.9989763122761014, 0.000984973469973879, 2.8828650837020134e-05, 9.885503087746745e-06], [0.9992591844629717, 0.0007096521091891246, 1.9512014612462294e-05, 1.1651313226736327e-05], [0.9993272168283853, 0.0006461894010632814, 1.8331086436702842e-05, 8.262584114731196e-06], [0.9987747072120245, 0.0011878655058010423, 2.665675856124755e-05, 1.0770423613167764e-05], [0.9989381431366325, 0.0010322050175299473, 2.280449233274567e-05, 6.847253504726136e-06]], "ideal": "D", "sampled": "D", "correct": true}}
{"type": "result", "data": {"idx": 2, "options": ["right action", "good consequences", "happiness", "a good will"], "probs": [[0.9460144301620279, 0.05092668724224802, 0.0003173541513709004, 0.002741528344353211], [0.0030542640455806023, 0.006671071105842481, 0.9900824411634904, 0.00019222358508645012], [0.9633572136938073, 0.03509045032620323, 0.0001702998567334343, 0.001382036023255933], [0.006364327417498756, 0.019000271890540134, 0.9745356962089536, 9.970438300749217e-05], [0.0018100906599793055, 0.9981261090441816, 4.461268511265677e-05, 1.9187510726370498e-05], [0.0022169195871401906, 0.9977441704905478, 2.9707064638471393e-05, 9.202757673618993e-06], [5.0638865300028196e-05, 0.9998277521658773, 4.06893611962057e-05, 8.091950762652159e-05], [8.89172790646208e-05, 0.9695330087820381, 0.030206683479895687, 0.00017139035900157562], [9.24336010972926e-05, 0.0017715152450865016, 0.9922360720637435, 0.0058999789900726655], [7.711968450191987e-05, 0.0005609947061058451, 0.9985830279535926, 0.0007788575557996599], [4.399744919428975e-05, 0.9998621595479344, 5.56177263438574e-05, 3.8225176527384365e-05], [2.8409289485646756e-05, 0.9999418343301798, 1.1125336489101281e-05, 1.8630943845394117e-05], [6.600979836597183e-05, 0.9992875528602752, 0.0001272366292592853, 0.0005192006120995982], [0.0002624742033719763, 0.5998979250861608, 0.39961857860430805, 0.00022102200615910464], [0.0001014511987005468, 0.001315611746090082, 0.9915811600241377, 0.0070017769310716845], [7.131836838697362e-05, 0.0004103992796999662, 0.9985025437930939, 0.001015738458819207], [6.603040644845388e-05, 0.9995973065706671, 0.00028682107094601787, 4.984185193832346e-05], [5.306909219018504e-05, 0.9998246331483366, 5.828501847595397e-05, 6.401264099723967e-05], [0.8310563576651354, 0.16884012545405586, 6.51922529018769e-05, 3.832452790686525e-05], [0.8596026295441693, 0.1403269818500387, 4.634502732318211e-05, 2.4043478468823498e-05], [0.7368449205715787, 0.061436390584409584, 0.20144293349238127, 0.00027575525163049273], [0.9812733627521925, 0.01854323574995794, 7.818794838550061e-05, 0.00010521344946411092], [0.9605496174732447, 0.028556438891332872, 0.010838816218880283, 5.512731654207838e-05], [0.987374973190508, 0.012429266204435543, 7.390749476859734e-05, 0.00012185301028782838]], "ideal": "D", "sampled": "D", "correct": true}}
{"type": "result", "data": {"idx": 3, "options": ["found in everyday objects", "nonexistent", "everywhere in the natural world", "not of this world"], "probs": [[0.03147482032834195, 0.37749348942160166, 0.5407334404424476, 0.05029824970760874], [0.012918476885203742, 0.25148290276116014, 0.6729971734459993, 0.06260144680763687], [0.022084304020740908, 0.7907609041272932, 0.1657495411226381, 0.021405250629327868], [0.001988806166371701, 0.07120448719896807, 0.9090825194341489, 0.017724187100511334], [0.00019841839163006994, 0.9905155205291861, 0.005982297986130808, 0.003303762993052961], [0.00015713905861705315, 0.9916217219632933, 0.0032561167256005864, 0.004965022152489026], [0.07471099306722861, 0.5785300566072439, 0.2607626512954132, 0.08599629893011426], [0.02219609419428842, 0.30164499382387056, 0.5998869202494365, 0.07627199163240461], [0.055057562882162854, 0.8478957413779179, 0.038436066355437934, 0.05861062928448127], [0.01564978042545048, 0.42962660821070586, 0.526385717628598, 0.02833789363524572], [0.0004481277555216702, 0.992685102764051, 0.005374347128264476, 0.0014924222521628633], [0.000678050930751314, 0.9850477225774795, 0.012793281434519002, 0.0014809449572501523], [0.21904938736786622, 0.29940212885284523, 0.435631589385204, 0.0459168942940845], [0.005526646857763463, 0.06732292512333224, 0.900785947744604, 0.02636448017430037], [0.16685804845632565, 0.610340902790861, 0.15431839451511528, 0.06848265413769816], [0.06348252898976478, 0.36531092896434736, 0.523285794430369, 0.04792074751551879], [0.0004382535589258876, 0.9861003031567586, 0.007411883546091766, 0.006049559638223756], [0.0017293375619902719, 0.9686070439927046, 0.023137255489302098, 0.006526362856003055], [0.9421989154043168, 0.053992359869506, 0.0026881198386075797, 0.0011206047875696654], [0.9555076277255514, 0.04331516166456788, 0.0003058623188595813, 0.0008713481910211408], [0.9183216396331102, 0.08024260665053376, 0.00044128338042574656, 0.0009944702359303151], [0.9085684826550544, 0.08996098737531133, 0.0006156981788091815, 0.0008548316908250343], [0.9453778380648343, 0.05417496807159476, 0.00019235685359485073, 0.0002548369099760665], [0.9150184108288906, 0.08379108544682061, 0.0007838409123647753, 0.0004066627119239777]], "ideal": "D", "sampled": "D", "correct": true}}
{"type": "result", "data": {"idx": 4, "options": ["one does not know that one\u2019s actions are wrong.", "one knows that one\u2019s actions are wrong, but does them anyway.", "one knows that one\u2019s feelings are inappropriate, and does not act on them.", "one does the right action, but for the wrong reason."], "probs": [[2.244598863710377e-05, 0.9987093988071112, 0.0005698986939137064, 0.0006982564103380051], [3.114624682518355e-05, 0.9981666366419788, 0.0007545811942917015, 0.0010476358169043273], [0.0005888667324408348, 0.005248361437177882, 0.9846592586911006, 0.00950351303928063], [0.0017167655141824617, 0.013716296737369101, 0.007815048752528628, 0.9767518888959198], [0.000655886558143106, 0.006941613440930233, 0.9830615754675481, 0.009340924433378523], [0.0005747181284551286, 0.005452870537402238, 0.0024196145307333818, 0.9915527967034092], [0.6021361609422695, 0.3948917260362398, 0.002008441689004419, 0.0009636712324862291], [0.514482304978497, 0.4684416467486295, 0.012483527118668802, 0.004592521054204666], [0.5801076708417405, 0.4049805096723277, 0.01364281498736876, 0.0012690043985630203], [0.5313634151522438, 0.4544984889514037, 0.013096155291006816, 0.001041940505345694], [0.38140494307789663, 0.5636778729421397, 0.05161733986086666, 0.0032998440190970726], [0.42253236203077316, 0.568579272959362, 0.007500831720100708, 0.0013875331897642326], [0.0005754764198290785, 0.008068963567939132, 0.9774136754884384, 0.013941884423793405], [0.0021089811032238394, 0.012719081526909736, 0.005822994194610605, 0.9793489430752558], [4.0030617687768435e-05, 0.9991273054464237, 0.00020648989478049722, 0.0006261739411080589], [3.070313544672585e-05, 0.9994716768525773, 0.00011769510576953556, 0.0003799248062064183], [0.0018471113246342934, 0.019550803386777758, 0.0066515870934033385, 0.9719504980951846], [0.0007429263761074927, 0.007502948960953238, 0.9827038784890679, 0.009050246073871298], [0.02157797594480746, 0.23197893558989252, 0.714553096673782, 0.031889991691517974], [0.037658954698034694, 0.17687669090566202, 0.04071875189186818, 0.7447456024044351], [0.061392484402591124, 0.916363571648375, 0.020887584780876954, 0.0013563590681569366], [0.031216837371948043, 0.9560695287412231, 0.012224580326442053, 0.0004890534603867763], [0.09297389969505054, 0.6062657033180235, 0.03998737275242896, 0.260773024134497], [0.010740353634751943, 0.31387442084162326, 0.6644758525754975, 0.010909372848127279]], "ideal": "B", "sampled": "B", "correct": true}}
{"type": "result", "data": {"idx": 5, "options": ["are the result of applying arbitrarily stringent standards.", "are based on linguistic confusions.", "are logically self-refuting.", "grow from the consistent application of ordinary standards."], "probs": [[0.0006376505551610993, 0.0031878188959357915, 0.9860439106985959, 0.010130619750307185], [0.0007773090374944162, 0.0008808592406394638, 0.0017244861849781184, 0.996617345436888], [0.00028218284120641026, 0.9989084781010041, 0.00028217163623215155, 0.0005271673215572537], [0.0002164637778376342, 0.9994018444212448, 0.00022332798926206018, 0.00015836371165552508], [0.003925356800142503, 0.0776228564422867, 0.0018833784990530031, 0.9165684081585178], [0.0030138320946148096, 0.05341922235639382, 0.93219353799378, 0.01137340745521138], [0.0013368473392200307, 0.017335431957318223, 0.9613751343293792, 0.019952586274082605], [0.00149004998039446, 0.01815326635307484, 0.004589541196001136, 0.9757671423705295], [0.000534698693926888, 0.9819719256229391, 0.0034865485508360165, 0.014006827032297987], [0.00041247440075099025, 0.972661400829318, 0.0029539271598707888, 0.02397219751006022], [0.001671618072816254, 0.006019831130951425, 0.3782802200000649, 0.6140283306961674], [0.0008300523073930917, 0.0067358417772121135, 0.9689242365836284, 0.023509869231766418], [0.5924496197514947, 0.35377130765474224, 0.01874914996834912, 0.03502992252541397], [0.43491101689069317, 0.44175777223131335, 0.1152399785141531, 0.008091232263840342], [0.44934106538184865, 0.24815163383612507, 0.12093919694613796, 0.1815681037358883], [0.18246361339557013, 0.1687557224945989, 0.10396405898538605, 0.544816605024445], [0.010806253822930094, 0.04693839233277099, 0.9137860484274012, 0.028469305316897734], [0.435165206962586, 0.2990820571891475, 0.17309648513121775, 0.09265625061704878], [0.00011226767217627753, 0.9836322306722817, 0.0003567780163156393, 0.015898723539226448], [0.0002758287730658308, 0.9764107522874699, 0.02225609373396563, 0.0010573251054986216], [0.0009069109403697335, 0.010542893742167795, 0.06874316021767765, 0.9198070349997848], [0.0006375957684555855, 0.016443108981188916, 0.9707001950089772, 0.012219100141378314], [0.000107101971321241, 0.9988766726476345, 0.0008423889447288451, 0.0001738363363154715], [7.477071874141613e-05, 0.9988983598329112, 0.00041055526406036093, 0.0006163140842870451]], "ideal": "D", "sampled": "C", "correct": false}}
{"type": "result", "data": {"idx": 6, "options": ["enter a particular society.", "set up a particular form of government.", "establish the principles of justice for the basic structure of society.", "establish the content of morality."], "probs": [[4.468444552920019e-05, 0.000182323447039709, 0.9996723040538389, 0.00010068795359217593], [6.502287755069163e-05, 4.006077894287593e-05, 3.8827024018673057e-05, 0.9998560892194878], [4.832350875751597e-05, 0.9998837666863373, 6.204753272831072e-05, 5.8621721769326445e-06], [6.302508834981118e-05, 0.9998728250748699, 5.8287617658435045e-05, 5.8621191218349885e-06], [7.253764335911838e-05, 3.6475433405610716e-05, 4.1330738027236254e-05, 0.999849656085208], [4.1323392601153624e-05, 0.00019406867478357248, 0.9995959987245467, 0.00016860910806848318], [3.590539635714176e-05, 0.00017671816769841, 0.9996956967235885, 9.167961235598229e-05], [6.40154951141362e-05, 3.8828558150080125e-05, 3.0715082641279975e-05, 0.9998664407640945], [3.944208697002865e-05, 0.9999299336971791, 2.7534825558858665e-05, 3.0892902920589426e-06], [3.883047250884589e-05, 0.9999235280724669, 3.373615257337711e-05, 3.9052024508887354e-06], [5.7384027606671064e-05, 2.5865820970622796e-05, 3.480524769259284e-05, 0.9998819448037302], [3.590436863227682e-05, 0.00015594881077426515, 0.9996639186040642, 0.00014422811652926016], [0.9946591218462529, 0.005301744656025971, 3.103683763054897e-05, 8.096560090570936e-06], [0.9946647566633026, 0.005301770437859204, 2.6547367108213862e-05, 6.925431730013815e-06], [0.9959530598126667, 0.004007170109227936, 3.360244311560876e-05, 6.1675349898199774e-06], [0.9957543286442062, 0.004198640019200873, 3.866848028513127e-05, 8.362756307732418e-06], [0.9954124439998322, 0.0045382656807468336, 4.179635798367869e-05, 7.493861437236656e-06], [0.9958793774002646, 0.004069978009028504, 4.247439318240058e-05, 8.170097524526767e-06], [7.141302676829568e-05, 3.822604307099593e-05, 4.264273154022966e-05, 0.9998477180986205], [3.2180191725980016e-05, 0.00018808409556913226, 0.9995226573820022, 0.0002570782307026524], [6.302200262953227e-05, 3.48053221249565e-05, 5.224701506244859e-05, 0.999849925560183], [3.320518739407251e-05, 0.00015114671939538477, 0.9996361586091134, 0.00017948938409717333], [3.5353253178754964e-05, 0.999847111553698, 0.00010390567629549277, 1.362941682780863e-05], [2.3549457947274033e-05, 0.9998083859131661, 0.0001535566629551262, 1.4507865931495445e-05]], "ideal": "C", "sampled": "C", "correct": true}}
{"type": "result", "data": {"idx": 7, "options": ["modest changes to our personal habits, but not to our society as a whole.", "modest changes to our personal habits, as well as to society.", "drastic changes to our personal habits, but not to our society.", "drastic changes to both our personal habits and to our society."], "probs": [[0.00040273822210242654, 0.9952865201409472, 0.003070247346756982, 0.0012404941901933782], [0.00047665134323845326, 0.9919247311207904, 0.00711447109902854, 0.00048414633694259266], [0.0008339011193196917, 0.0020963151083561314, 0.9887787013594004, 0.008291082312923786], [0.0007126708988081976, 0.0034534034256781918, 0.8995316487083244, 0.09630227686718919], [0.0027798306051069386, 0.2748226714929103, 0.712845417056581, 0.009552080745401793], [0.001999923992700774, 0.9142683896782455, 0.02436382736631934, 0.05936785886273429], [0.9278292931531672, 0.05659848247195987, 0.005264496587122436, 0.010307727687750479], [0.5228077513132775, 0.11665314609481421, 0.35932169584280726, 0.0012174066491009974], [0.9513068388461472, 0.043124724014372354, 0.002395222161262093, 0.0031732148782183407], [0.18658888972407173, 0.09529908324422676, 0.7152787689407101, 0.0028332579909914153], [0.8642959414260404, 0.13463251011591038, 0.0009506814914623654, 0.00012086686658689757], [0.7670104629188552, 0.23030083558004688, 0.0022577894647387146, 0.0004309119363592013], [0.002161138175819129, 0.024349117093563234, 0.9427094243489172, 0.03078032028170036], [0.004966877140563651, 0.01760892456556335, 0.946519652398762, 0.030904545795110927], [0.00035148770859930753, 0.984289703773153, 0.010112486440394829, 0.00524632197785286], [0.0005894236073461693, 0.9703335614594686, 0.026265082232530833, 0.002811932600654399], [0.0005692891771039823, 0.9519568064394216, 0.006935248104495003, 0.04053865617897937], [0.0006119454340723296, 0.9764183896100664, 0.012290990332843215, 0.010678674523018059], [0.06701544748819563, 0.22319438317253784, 0.6983249086926251, 0.01146526054664147], [0.4675118483418858, 0.4323821510368313, 0.05005176160157579, 0.050054238919707075], [0.2767763816696131, 0.7179141082491965, 0.004544140417728917, 0.0007653695634614041], [0.5677845572341886, 0.4285951327922802, 0.0028430512647069635, 0.0007772586088242184], [0.04738837940867925, 0.0927847715520605, 0.3341206076057034, 0.5257062413335569], [0.01267348708880955, 0.050123565468264145, 0.9311221847769563, 0.006080762565970057]], "ideal": "D", "sampled": "B", "correct": false}}
{"type": "result", "data": {"idx": 8, "options": ["knowledge", "wealth", "community", "courage"], "probs": [[0.9907544607740013, 0.009124595447576786, 7.076428854565596e-05, 5.017938987626034e-05], [0.9901654482274864, 0.009707301859099468, 8.013871455665104e-05, 4.711109885742765e-05], [0.9910818859700868, 0.008846786338513515, 3.343771271269207e-05, 3.788987868695139e-05], [0.9883680109257993, 0.011506783959663461, 7.51466068379827e-05, 5.005840769929393e-05], [0.9860739823799594, 0.013847614801201566, 3.950763540193435e-05, 3.889508343713586e-05], [0.9846887704656742, 0.01518726366792139, 7.486690535281688e-05, 4.9098861051620246e-05], [4.009363937911916e-05, 0.9851869649604694, 0.014498954210350067, 0.0002739870898013368], [3.229060015697403e-05, 0.9874639645589243, 0.012237573401819418, 0.0002661713390993129], [9.003914844046746e-05, 0.00032934401838179627, 0.9972219735644227, 0.002358643168755107], [0.0007391352424643805, 0.004972789740008653, 0.016561794173987055, 0.9777262807435398], [5.73080109456347e-05, 0.00012131927437221862, 0.998537308347162, 0.0012840642675200713], [0.0004744883141992765, 0.0005813592341926676, 0.2535924509968848, 0.7453517013547232], [0.002392284780834641, 0.9957560200428792, 0.0016700818500663028, 0.00018161322621985587], [0.003870790388238792, 0.9926099258110734, 0.0031592442933371595, 0.0003600394073505552], [0.0006858518411374435, 0.0013428219724719538, 0.9964014215949232, 0.001569904491467474], [0.049574060529410546, 0.03407191624446387, 0.19915711203732397, 0.7171969110888016], [0.0014056396127369712, 0.0024287151843248823, 0.9952438152410462, 0.0009218298618918822], [0.08571623867598577, 0.1190061727279684, 0.007036027526915623, 0.7882415609691302], [0.0001847173185075639, 0.9970693173455438, 0.002395435369569998, 0.0003505298663786379], [0.0003558652064361261, 0.9965488788497914, 0.002755688372789142, 0.0003395674709833619], [0.00010372186525654097, 0.00019076999980825024, 0.9980575275460112, 0.0016479804889239804], [0.002698596238899705, 0.0017697938922116624, 0.39429732188091443, 0.6012342878879742], [0.00036750518929643504, 0.0006865840526824762, 0.9974695371171494, 0.001476373540871768], [0.01884649121380976, 0.04116490825689576, 0.003076607106091405, 0.9369119933232031]], "ideal": "A", "sampled": "A", "correct": true}}
{"type": "result", "data": {"idx": 9, "options": ["perform the action that leads to the greatest total happiness.", "act only on maxims that we can will to become universal laws.", "behave only in such a way as a perfectly virtuous person would behave.", "place the interests of others above the interests of ourselves."], "probs": [[1.907009042538724e-05, 0.9997608144494494, 5.9198970587761466e-05, 0.00016091638953741354], [2.0459471986266553e-05, 0.9997803874694523, 0.00010888492081453656, 9.026803774685527e-05], [0.00017652519642267722, 0.014926666552468349, 0.9527996283674399, 0.032097179783669], [6.0049758761192135e-05, 0.0013455611654793614, 0.00017927466969255065, 0.9984151143060669], [4.810196975382913e-05, 0.003942219004993076, 0.9952573003924117, 0.0007523785328414461], [2.9764234782323776e-05, 0.00019714779187478469, 0.00010388647280732827, 0.9996692014005355], [0.9945205534304595, 0.005137913438243028, 0.00012273436108730843, 0.00021879867021007293], [0.9982882927110203, 0.0015729099111392948, 0.00011043501790374714, 2.8362259936684665e-05], [0.9958704631552052, 0.0040068481733150085, 5.0438589426542785e-05, 7.224998205326681e-05], [0.9983436243653552, 0.0015730008607238108, 6.911241766834906e-05, 1.4262256252684547e-05], [0.9924715532221895, 0.007460207025851806, 3.9147578362258994e-05, 2.9092073596434352e-05], [0.9946488921319959, 0.005301697743017987, 3.355820143026329e-05, 1.5851823555864954e-05], [8.374168705473282e-05, 0.00023484341461303758, 0.9872540017793641, 0.012427413018968117], [4.0690274234042374e-05, 2.8406993039700212e-05, 7.141333745438064e-05, 0.9998594892952719], [5.828369375719813e-05, 0.9997389755940697, 7.140736740407605e-05, 0.00013133324476906146], [0.00010390275354492714, 0.9997629812292771, 8.479975038231944e-05, 4.8316166795609486e-05], [4.5393310930388435e-05, 5.22487765657524e-05, 4.264328264893912e-05, 0.9998597145298549], [0.0006703582386155708, 0.008692478821263816, 0.9891500673817085, 0.0014870954584121356], [8.607649366278544e-05, 0.00024138822178100834, 0.9990365680491452, 0.0006359671354110442], [5.143610086636128e-05, 3.2695560380842496e-05, 8.219416485565305e-05, 0.9998336740738971], [9.169958308158564e-05, 0.9998469539304748, 3.7049452569859244e-05, 2.4296933873658437e-05], [9.761460331431218e-05, 0.9998505951857436, 3.373405912321685e-05, 1.805605181893424e-05], [5.143721152933752e-05, 4.610926095927909e-05, 4.539335043418401e-05, 0.9998570600770772], [0.0012359023822402669, 0.005538460659240611, 0.991509913215859, 0.0017157236426600826]], "ideal": "B", "sampled": "B", "correct": true}}
{"type": "result", "data": {"idx": 10, "options": ["maximizing the utility of all sentient beings.", "God\u2019s commands.", "the agreement of rational persons choosing the terms of their interaction.", "the purposive order of nature."], "probs": [[0.0007777404257282108, 0.0009528689972375854, 0.997120005842424, 0.0011493846346102554], [0.0008551835570372703, 0.00028201438314643816, 0.0005268606702556509, 0.9983359412895606], [0.0028419688851460795, 0.9961218954971425, 0.0005864707939066329, 0.0004496647238048358], [0.0035900968300631867, 0.995433897616315, 0.0005336191553021904, 0.0004423862983196693], [0.0012436501917469994, 0.00036762753054488687, 0.0005605550728448184, 0.9978281671048633], [0.003796438929607791, 0.004041163261690711, 0.9888640668805816, 0.0032983308281198487], [0.0005714484556752884, 0.011477290555972876, 0.9858610750885278, 0.002090185799824046], [0.0005864079351483933, 0.0025472779714391484, 0.0008269615620428526, 0.9960393524313697], [0.00013964470138526456, 0.9985619735293064, 0.0010983558404502917, 0.00020002582885798132], [0.00016578347711175307, 0.9982704343744154, 0.0012442355289882566, 0.0003195465194846023], [0.0003914884487781363, 0.00043674458389979834, 0.0009539103253607967, 0.9982178565419613], [0.00019672491908054757, 0.0007659556875850057, 0.9975140321977172, 0.0015232870956173072], [0.990343562754209, 0.009264407421172004, 0.0002468890717352398, 0.0001451406528838192], [0.9923465919757047, 0.00734356376998318, 0.0002050921335751926, 0.00010475202073685313], [0.992712666818358, 0.006794197360694346, 0.0003382645251754582, 0.0001548711957722108], [0.992567380393162, 0.006793202969167946, 0.00043427595812090344, 0.00020514057954920036], [0.9952972018664386, 0.004398078957921121, 0.0002189685623628548, 8.575051327740422e-05], [0.9908653696229311, 0.008439775217740978, 0.0003825900922711023, 0.0003122649670567694], [0.0014070638374140108, 0.001363790864125041, 0.0009373017493553257, 0.9962918434491056], [0.004319245541394815, 0.027297607197445898, 0.9622921525896692, 0.006090994571490098], [0.0004950979906331098, 0.0002734229139399232, 0.0005879374713353964, 0.9986435415240915], [0.0002526830683903039, 0.0004947016200390526, 0.9978433389199359, 0.0014092762916346497], [0.0008817068271005962, 0.9975914921043112, 0.0009836021311490832, 0.0005431988374390906], [0.0006864840929053094, 0.9973156378617376, 0.001014544271831342, 0.0009833336735257142]], "ideal": "C", "sampled": "C", "correct": true}}
{"type": "result", "data": {"idx": 11, "options": ["religion.", "physics.", "psychology.", "art."], "probs": [[0.07802087358427934, 0.6739989769529449, 0.0291542198164746, 0.21882592954630117], [0.07443220992248109, 0.5007688550953011, 0.009611970816011284, 0.41518696406620653], [0.11403167563576577, 0.6665421748372242, 0.025443843139011695, 0.19398230628799829], [0.12068754871734946, 0.5757704585727537, 0.009452962658973912, 0.2940890299509229], [0.058682154202380404, 0.2843683925988576, 0.016042768774334523, 0.6409066843244274], [0.09082491059878058, 0.3374574820983345, 0.01529739349821915, 0.5564202137046658], [0.1062387526619601, 0.6714507815969762, 0.032911254556590254, 0.18939921108447338], [0.10094856742459274, 0.6088001295829512, 0.01150445205382428, 0.2787468508386318], [0.11087405680501367, 0.6898836492802243, 0.019267037508945182, 0.17997525630581687], [0.09047985059146313, 0.6280562865328513, 0.01132485454542031, 0.27013900823026527], [0.10256202374621759, 0.45965325544476526, 0.0126380862620123, 0.42514663444700485], [0.07360260434615494, 0.3917251658253789, 0.0156708476715422, 0.5190013820569239], [0.14205783127868987, 0.6777235637690702, 0.016703325693390118, 0.16351527915884986], [0.15252744794863862, 0.603261099060716, 0.007958330959255999, 0.2362531219313894], [0.1468210909185656, 0.6181437732556208, 0.01114607652818231, 0.22388905919763136], [0.12692540126214344, 0.6150655975283679, 0.009486257463564112, 0.24852274364592458], [0.1286946965236736, 0.47816237179039467, 0.008895693229981816, 0.3842472383559499], [0.11481006581355185, 0.5392389362232813, 0.013712051489189593, 0.33223894637397716], [0.03527189935387697, 0.30950613094962837, 0.0200972602536171, 0.6351247093428776], [0.053446171970191796, 0.35400577255132853, 0.017902196747626248, 0.5746458586308534], [0.04346442076434744, 0.3211659383061726, 0.01624137481075395, 0.619128266018726], [0.03405007725995412, 0.31312215383408876, 0.03004881558648419, 0.622778953219473], [0.05871855193541157, 0.3769615116635789, 0.015803867213530196, 0.5485160690874793], [0.053486663743186356, 0.46205717234525145, 0.02953795896633758, 0.4549182048452246]], "ideal": "C", "sampled": "C", "correct": true}}
{"type": "result", "data": {"idx": 12, "options": ["duty.", "justice.", "virtue.", "supererogation."], "probs": [[0.08216996428912259, 0.2570878545899806, 0.034253321329406936, 0.6264888596914898], [0.11424929093725064, 0.5623444779086232, 0.20366916237493743, 0.11973706867918872], [0.10910386997502285, 0.3059911841589881, 0.030774072955975847, 0.5541308728100132], [0.06695593892858426, 0.45045468206669464, 0.3244543075237069, 0.15813507138101418], [0.04032511730100778, 0.8757708275692868, 0.015305663813835161, 0.06859839121587023], [0.04379660021214614, 0.8263846881273925, 0.01797405683737236, 0.11184465472308892], [0.04059854637360164, 0.3095084530489444, 0.02462410398099286, 0.625268896496461], [0.05351614838195356, 0.631893248102255, 0.15729119643778838, 0.157299406978003], [0.041411596043391515, 0.26173039488170696, 0.028461496425956564, 0.6683965125489449], [0.031038837029162242, 0.37812011140320917, 0.3389472516561615, 0.25189379981146703], [0.02307190939224746, 0.8794024726858338, 0.014437972845386053, 0.08308764497653262], [0.017717082020541418, 0.8671003879560519, 0.011619076401432876, 0.10356345352197373], [0.05544562131201446, 0.3396475600805783, 0.01800049863198618, 0.5869063198754211], [0.04653131328814192, 0.508127005265858, 0.20530270380880083, 0.24003897753719924], [0.05107851115165731, 0.41451619383789806, 0.026498841958227878, 0.5079064529522167], [0.04281443032359332, 0.6491130066287314, 0.09063642572416467, 0.21743613722351066], [0.013803318604302919, 0.8539810466129539, 0.011091221494686849, 0.1211244131880563], [0.010455428855314525, 0.8704355552764526, 0.011847459974761054, 0.10726155579347184], [0.08941204499656112, 0.7604248266841673, 0.024064862311379467, 0.12609826590789208], [0.0674781286506433, 0.7254588697837001, 0.014822969404915317, 0.19224003206074128], [0.012529554569955356, 0.9350405975015513, 0.004398261778131978, 0.04803158605036127], [0.006721498381240466, 0.9518743790410118, 0.0021149968199699306, 0.03928912565777781], [0.09064461965284933, 0.5466546823025475, 0.04629642115788781, 0.31640427678671523], [0.07090360512090871, 0.5664743653906421, 0.06872083092417682, 0.2939011984642724]], "ideal": "B", "sampled": "D", "correct": false}}
{"type": "result", "data": {"idx": 13, "options": ["one and the same thing", "both nonexistent", "two distinct things", "imaginary"], "probs": [[0.8953110635656276, 0.00877733720758833, 0.09585058008273341, 6.10190440506533e-05], [0.997629871195127, 0.002082401525068564, 0.0002565976884491824, 3.1129491355215805e-05], [0.28768694778621673, 0.71203436818173, 0.00024262112778023276, 3.606280427300061e-05], [0.22794399544149685, 0.7711263596256681, 0.0008093448434964831, 0.00012029998933852878], [0.9930385791540625, 0.00679651683716836, 0.00012255050922929542, 4.235339953985582e-05], [0.8891173860169229, 0.050950458204614996, 0.05956670788635316, 0.0003654477921089754], [0.000833214398261024, 0.8319475266497867, 0.16639897650825322, 0.0008202823436990563], [0.0004504189503720924, 0.9977823683332071, 0.0015477011038205865, 0.0002195115126002561], [0.00018368633145359652, 0.007452393509901805, 0.991445608745702, 0.0009183113129425721], [0.0011688734261770524, 0.9525601530786456, 0.02619017732920649, 0.02008079606597081], [0.0002893621712777113, 0.0032600258230293983, 0.9927565550930109, 0.003694056812682046], [0.000994093797517488, 0.022274168168879234, 0.9324343967755395, 0.04429734115806374], [0.0004653007981561609, 0.9990450515472502, 0.0004236544134497027, 6.599314114393431e-05], [0.0008547707660331927, 0.9978186449256081, 0.0011501943182068528, 0.00017638989015176916], [0.010266833130860293, 0.005669720490471043, 0.9837629617092846, 0.00030048456938411126], [0.9521937282885147, 0.044535047897138975, 0.0019263768158955341, 0.0013448468984508337], [0.021871636104551506, 0.058529209194836784, 0.9155534495575337, 0.004045705043077969], [0.8970492000115166, 0.09908657646905732, 0.0019019095003111658, 0.001962313919114987], [0.0005256274748349137, 0.9959543631006122, 0.0031698717241502145, 0.0003501376004025823], [0.0014036682991621732, 0.9048977248736557, 0.09244038795041441, 0.0012582187767676792], [0.0006333915547880333, 0.0014957826635746984, 0.9948961505895056, 0.002974675092131573], [0.0026376231431500066, 0.013819891840401027, 0.9538250436641674, 0.029717441252281564], [0.0004544506796388932, 0.006574125730404477, 0.9910582553221583, 0.0019131681677983657], [0.001535764021497968, 0.9596043456655318, 0.028527772821236586, 0.010332117391733705]], "ideal": "A", "sampled": "A", "correct": true}}
{"type": "result", "data": {"idx": 14, "options": ["rational", "artificial", "constitutional", "fair"], "probs": [[0.0038678246227444282, 0.009134721154635237, 0.010513795705144867, 0.9764836584174754], [0.0018393953250736882, 0.008775153868316336, 0.9830649799500881, 0.006320470756521819], [0.010379860057303417, 0.041700127998677304, 0.013537857807917929, 0.9343821540361014], [0.0024168190436925567, 0.016775912890881213, 0.9750096909199516, 0.0057975770454746665], [0.0005331987446929046, 0.9946428789098275, 0.002543733134353309, 0.002280189111126268], [0.0005501717264091794, 0.9947293704328312, 0.0027080248936410495, 0.0020124328471186072], [0.003493112895462896, 0.009644942485790323, 0.01830251343337015, 0.9685594310853766], [0.000493389212665724, 0.002428503278748233, 0.995157018711447, 0.00192108869713901], [0.0032614566812624863, 0.016306511805571296, 0.0026206504148225097, 0.9778113809983437], [0.02635391860507627, 0.45276067892783606, 0.4972618684850575, 0.023623533882030128], [0.046589759407752805, 0.879086684472388, 0.013558386078662612, 0.06076516994119656], [0.04148310474929149, 0.8332112688233836, 0.0949556999233842, 0.030349926403940755], [0.017017164919422276, 0.03602570630489141, 0.01783381940933601, 0.9291233092663503], [0.0003852053398930699, 0.001365653686789976, 0.997633597364492, 0.0006155435088250073], [0.012158269927603249, 0.06271783757540758, 0.0034834040855769317, 0.9216404883114122], [0.044861435635028805, 0.35286125340028135, 0.5909345712428368, 0.011342739621853126], [0.28648964234765567, 0.6872555772844664, 0.007060966618141159, 0.019193813649736737], [0.17547138066226772, 0.6832435739162606, 0.12249910107985601, 0.018785944241615723], [0.31261018148373365, 0.3276124322653956, 0.271600695460702, 0.08817669069016876], [0.3664353177835355, 0.30378532293461263, 0.2809562374334853, 0.04882312174836655], [0.18603191782825745, 0.735772411636421, 0.013903896891696348, 0.0642917735436252], [0.19808348480525628, 0.6197489203516383, 0.14720339294408502, 0.03496420179902039], [0.3839816486449789, 0.5764268093764546, 0.010892750795705158, 0.028698791082861275], [0.35611535238037134, 0.47920629858318053, 0.13307095368740912, 0.03160739524903898]], "ideal": "D", "sampled": "D", "correct": true}}
{"type": "result", "data": {"idx": 15, "options": ["a mind", "absolute existence", "material substance", "a material universe"], "probs": [[0.9988508060081097, 0.0011335561098217328, 8.791181099606573e-06, 6.846600968941833e-06], [0.9987572950441512, 0.0012255512748841086, 1.1112042717699042e-05, 6.041538247012587e-06], [0.997703474864594, 0.0022872158414897884, 6.226719023288493e-06, 3.0824748929568407e-06], [0.9978308823113243, 0.0021489144150460627, 1.470737628160453e-05, 5.49579734804494e-06], [0.9932982094314987, 0.006692818739890867, 6.199233605281765e-06, 2.772495005146628e-06], [0.9960441819080298, 0.003945384495144669, 6.7215012024458915e-06, 3.7119956231402815e-06], [0.00019097133663840258, 0.9991031106023515, 0.0004236828381605032, 0.00028223512284963935], [0.00026908715263569477, 0.9982683350667355, 0.0011328867542061314, 0.0003296909264227082], [0.00024883835926486756, 0.0008287389568996798, 0.9981439020530899, 0.0007785205307455622], [0.20744725651552146, 0.2425305969600304, 0.08251639885088262, 0.4675057475735655], [0.0027145687137207805, 0.014223064110733378, 0.9816540947874497, 0.0014082722880961467], [0.16514299056411855, 0.5007902607174223, 0.020669952956902164, 0.313396795661557], [3.119526135494789e-05, 0.9997367435180959, 0.00016602178506835573, 6.603933548077547e-05], [3.76274154857166e-05, 0.9997046795173263, 0.00014881613911763754, 0.00010887682807029874], [0.002154689913680062, 0.011647952685707617, 0.9849887056295322, 0.0012086516710800564], [0.10508535644724112, 0.7887082577645601, 0.014904193356570398, 0.09130219233162834], [0.0012750913465903538, 0.0065772181111710855, 0.9915164949920726, 0.0006311954501659207], [0.17065395667416927, 0.463883049201518, 0.24444859091651625, 0.12101440310779644], [0.00019101380007979888, 0.9993210732462304, 0.00041073652159567456, 7.717633209413409e-05], [0.00015837366315667742, 0.9994310653969761, 0.0002570609329316291, 0.0001534999069355485], [0.004989407370205364, 0.04243303732712655, 0.9507985481023754, 0.0017790071002926416], [0.035207708529827964, 0.7527752752761758, 0.006214494544564086, 0.20580252154943215], [0.0009361162770750382, 0.0033187058927181797, 0.9949569195563257, 0.0007882581738811218], [0.14362839924960327, 0.2600771707013296, 0.22951606719833031, 0.3667783627507369]], "ideal": "A", "sampled": "A", "correct": true}}
