{"type": "result", "data": {"idx": 0, "options": ["Aging is related to an increase in vaginal lubrication", "Aging is associated with an increase in the frequency and number of orgasmic contractions in both sexes", "There is no significant relationship between aging and sexual responses in either sex", "Aging is related to some loss of erectile rigidity in the male"], "probs": [[0.0097843128995791, 0.7302929744692515, 0.21250055688636546, 0.04742215564480403], [0.019123981567572508, 0.706671317595842, 0.08983081076341294, 0.18437388997317256], [0.009681915355856004, 0.0317458673274583, 0.8992649113469692, 0.0593073058697165], [0.020615061627790428, 0.04794321926980542, 0.46922811598912656, 0.4622136030132776], [0.01094400317702524, 0.3919197596669191, 0.5440952150868317, 0.05304102196922398], [0.005414797626385028, 0.7205327352613229, 0.0364296229991509, 0.23762284401314113], [0.07452115114904198, 0.11014529227975006, 0.6962177571683942, 0.11911579930281378], [0.043374114210019465, 0.057482445586474806, 0.6681563904662821, 0.2309870496372237], [0.10493126786503218, 0.4703905669699842, 0.12078747357170266, 0.30389069149328096], [0.10760311781284046, 0.26634609696585804, 0.4899511634813546, 0.13609962163994685], [0.07884727770109025, 0.43996270473205407, 0.08661237745368311, 0.3945776400131725], [0.07028307922114369, 0.48793695462690206, 0.35697621901435705, 0.08480374703759719], [0.005293222670804137, 0.015558523798855453, 0.9185695541823896, 0.06057869924795076], [0.00747733244019484, 0.01685467645290651, 0.6423372880721503, 0.3333307029347483], [0.006076321909448605, 0.9021470004874517, 0.02329417672268814, 0.06848250078041158], [0.007210405088183051, 0.8600917430353929, 0.06426936812347199, 0.06842848365295202], [0.03950889795440562, 0.25771656725853137, 0.11256337951698071, 0.5902111551700823], [0.012904837918553277, 0.04947279466898424, 0.8770090471375516, 0.06061332017491089], [0.05753954815739569, 0.10751559528262165, 0.6902464113255706, 0.14469844513441205], [0.09161444491021618, 0.11226852997635824, 0.3004178211352873, 0.49569920387813826], [0.03929715055769927, 0.7534191986580742, 0.028309296374826057, 0.17897435430940045], [0.029705438501877558, 0.8156667195456924, 0.11934529888370328, 0.03528254296872677], [0.17971610066631655, 0.23443528216030143, 0.13356581727020875, 0.45228279980317326], [0.03229470286438398, 0.07747221252013103, 0.8460913583342363, 0.04414172618124863]], "ideal": "D", "sampled": "B", "correct": false}}
{"type": "result", "data": {"idx": 1, "options": ["\u201cBlank slates\u201d", "Less intelligent than adults", "\u201cLittle scientists\u201d", "Shaped by culture"], "probs": [[0.0610444163191853, 0.05221749702546098, 0.755439017135611, 0.13129906941974276], [0.09244066682518484, 0.04721910611557628, 0.5842723976446332, 0.27606782931460566], [0.012437495575497828, 0.9728023544769562, 0.007783012572591653, 0.00697713727495437], [0.05933959538367229, 0.8585152869421476, 0.05662118038403653, 0.025523937190143533], [0.04262716179792315, 0.8697120850877653, 0.031186583334518937, 0.05647416967979262], [0.07207531783291138, 0.8248915760485306, 0.07436280984810545, 0.02867029617045261], [0.006918765397608849, 0.7630705605259239, 0.1959539891299158, 0.034056684846551416], [0.019474632165512613, 0.7083550374236881, 0.0723540079959097, 0.19981632231488955], [0.01882347675180763, 0.6533021415361038, 0.1600831916779055, 0.1677911899341831], [0.012057129606888633, 0.8321947075539228, 0.05319706488755143, 0.10255109785163719], [0.008180096561833612, 0.019936717599051156, 0.6600231976141909, 0.3118599881249243], [0.01878874551993804, 0.10645203231820613, 0.672733720290813, 0.20202550177104275], [0.11853056283843608, 0.8357567775260961, 0.021251034308352984, 0.024461625227114824], [0.1293434471654418, 0.5796770919351908, 0.23789451482238985, 0.053084945976977556], [0.1470325434543959, 0.057581711340220984, 0.6094673252633677, 0.18591841984201546], [0.18843841043516765, 0.06719338498601199, 0.3866535626455051, 0.35771464183331525], [0.09555100152750344, 0.10331335932172916, 0.775419255372583, 0.025716383678184327], [0.33564723576775896, 0.21337165194381677, 0.019844529002447063, 0.4311365831859772], [0.0006123765786604429, 0.9924680478274616, 0.003809962141677549, 0.003109613352200443], [0.0005084691287323753, 0.9939888197167187, 0.0028802227647987313, 0.0026224882897501163], [0.005040354692929995, 0.009716911529242932, 0.7838865595496121, 0.201356174128215], [0.0166850515621505, 0.01921123606351666, 0.08084717256582341, 0.8832565397085094], [0.014015765384814569, 0.25234235153057355, 0.6967159736065658, 0.036925909378046115], [0.02276255499365188, 0.43629642693171816, 0.02276151377495732, 0.5181795041996726]], "ideal": "C", "sampled": "A", "correct": false}}
{"type": "result", "data": {"idx": 2, "options": ["about 68% of the observed scores for the test population lie within 15 points of the mean score", "about 68% of the individuals with a given cure score will have observed scores within 15 points of the true score", "about 15% of the scores are in error (i.e., they are not measuring the trait reliably)", "differences of up to 30 points represent the same true score"], "probs": [[0.39997140165101347, 0.3114746259061151, 0.2881139559474655, 0.00044001639540588105], [0.6191200167226073, 0.336622305881265, 0.00646194644953754, 0.037795730846590096], [0.8342065238305703, 0.16173056968558153, 0.0036293345403639286, 0.00043357184348432194], [0.8793434762138264, 0.11901708984493671, 0.0011133737438455897, 0.0005260600973913127], [0.6199257599731789, 0.16946629168089575, 0.14724954083582253, 0.06335840741010278], [0.8761328457909878, 0.08022844790610069, 0.042944479729411074, 0.0006942264735004473], [0.6157692422893212, 0.14624949700877724, 0.23742837247942367, 0.0005528881224778796], [0.8026149090928466, 0.13947483126621427, 0.005757369863722319, 0.05215288967721677], [0.7127636573270886, 0.24633079429246724, 0.0395922320119221, 0.001313316268522044], [0.8636924049850696, 0.1324608867696559, 0.0018030416811026903, 0.0020436664641717657], [0.253948827086933, 0.11444824463873025, 0.5998120061530428, 0.031790922021293924], [0.8207873786668846, 0.07515888340106072, 0.10273996848555804, 0.0013137693464966836], [0.012911624146989268, 0.8504090803420999, 0.12060743325724801, 0.016071862153662766], [0.0050501098869947195, 0.9183829171924909, 0.056900406507688225, 0.019666566312826213], [0.011134967787528958, 0.7929907853923154, 0.17692931917407012, 0.018944927546085552], [0.0038905074880471713, 0.9085135586844424, 0.05124846844864852, 0.03634746527886186], [0.010078274355029861, 0.06674138392922821, 0.8794053323407484, 0.043775009274993545], [0.009985813769048502, 0.0515017195397794, 0.8990210556538134, 0.039491410937358654], [8.082044214567942e-05, 0.9983732991995741, 0.00136660959615488, 0.00017927066212529755], [0.00010708268179409635, 0.9985828806235192, 0.001244584191259078, 6.545240342760294e-05], [0.00010833281384408755, 0.9945192712028333, 0.004533697090626661, 0.0008386987926958823], [0.00015773223508321928, 0.9952742144572424, 0.004397520191587966, 0.0001705330160864181], [0.00482984167454063, 0.24768232445572444, 0.7280860450315185, 0.019401788738216453], [0.0037302816606308658, 0.14439165355418077, 0.8310748798464924, 0.020803184838695955]], "ideal": "B", "sampled": "A", "correct": false}}
{"type": "result", "data": {"idx": 3, "options": ["An Apgar", "A teratogen", "Only a problem in the first 6 weeks", "A controlled substance"], "probs": [[0.00015096010152475348, 0.9985103785046459, 0.00018786100888924456, 0.0011508002849401516], [0.00013752741768717613, 0.9990645241618261, 0.00014188300972494173, 0.0006560653107617055], [0.00029428840223289947, 0.00015271080373467944, 0.9940869709071709, 0.0054660297868615055], [7.96388445288527e-05, 3.3753023788073196e-05, 0.00012144116886991335, 0.9997651668628131], [0.0002513953978319836, 0.00033834870933142935, 0.9928254595961227, 0.0065847961967138964], [0.00011406881925331412, 6.30632637532737e-05, 0.00010885017565282299, 0.9997140176413406], [0.9970348918620067, 0.0025902282975811698, 0.00016558391250645464, 0.00020929582790570788], [0.9975342908520433, 0.002050127045556715, 0.00020617840895691133, 0.00020940359344308337], [0.9963310345570733, 0.003171288213737479, 0.00020273031470587335, 0.00029494681448336707], [0.9968958387504433, 0.0028001873634675174, 0.00017901172583966238, 0.00012496206024953485], [0.9961030839125268, 0.0033227500170269733, 0.00026025960060044843, 0.00031390636984575165], [0.9964339396402365, 0.003272238579667584, 0.000162923009366745, 0.00013089867072915676], [0.0003491976848305609, 0.00018119315871591794, 0.9932813486690423, 0.006188260387411203], [9.310130960209051e-05, 3.455268842064308e-05, 9.16658796296521e-05, 0.9997806800223477], [0.0001822647772517583, 0.999406545368385, 0.0001333270574815368, 0.00027786269688163484], [0.0001419891250094547, 0.9996244264881085, 6.500062173145964e-05, 0.00016858366515061846], [0.0001105547634112213, 4.135987270361628e-05, 8.746472446843768e-05, 0.9997606205394167], [0.00026472816281520104, 0.0002127200779725318, 0.9974411773845787, 0.002081374274633548], [0.00029752673508308576, 0.0004466675356415976, 0.989405073795305, 0.00985073183397041], [0.00015110281132493252, 5.478055094507719e-05, 0.00015590444864417506, 0.9996382120890858], [0.00014191576394518912, 0.9991442601006343, 0.0003680599926286314, 0.000345764042791905], [0.00013335931526896447, 0.9994273581770347, 0.0002452638679516519, 0.00019401853974468144], [0.00011954164558279519, 3.171182234996054e-05, 0.00013546390076097717, 0.9997132825313062], [0.00026893079526532323, 0.0002094483072201012, 0.9975659109403872, 0.0019557098571274046]], "ideal": "B", "sampled": "B", "correct": true}}
{"type": "result", "data": {"idx": 4, "options": ["needs analysis.", "job evaluation.", "summative evaluation.", "formative evaluation."], "probs": [[0.99830498153429, 0.0015009176263026274, 6.698316552419028e-05, 0.00012711757388317145], [0.9980744574055233, 0.0017543607950540104, 0.00015091514370416502, 2.026655571855188e-05], [0.996101803688913, 0.0031212473965032926, 0.00010191086347227536, 0.0006750379511114125], [0.1484773997571333, 0.01026264912254273, 0.8411758823536467, 8.406866667725687e-05], [0.9971574522081779, 0.002757490072590419, 6.690741086363512e-05, 1.8150208368027013e-05], [0.9972392900799867, 0.002631395667094734, 0.00010526749761221736, 2.4046655306363047e-05], [7.601451507187357e-05, 0.999734976437037, 0.00013339879443989352, 5.5610153451169677e-05], [8.612425154077567e-05, 0.9996131658827264, 0.00024152113474634228, 5.918863098648085e-05], [0.00023725445050966457, 0.0007422024942564662, 0.9972949435852375, 0.001725599369996323], [0.00020248567710942254, 0.00027679299376672054, 0.004329103441601469, 0.9951916177875224], [0.0002526333242009877, 0.0013235582619211094, 0.9976210505204806, 0.0008027577933973555], [0.00020974197745454723, 0.00019400801021740422, 0.0004236857331023758, 0.9991725641792256], [0.00020660163911300305, 0.999648072076099, 7.71978331471604e-05, 6.812835164082374e-05], [0.00020647121193465657, 0.9990034557670001, 0.0007670881226230535, 2.2984798442116767e-05], [0.00042270897588098875, 0.001697891602774589, 0.9967124842446043, 0.0011669150767400533], [0.00036350851397105085, 0.0007576636510640005, 0.012226617341578226, 0.9866522103933867], [0.0006518507284546723, 0.0066863760867781445, 0.9924025154298524, 0.00025925765491482646], [0.00023403276814271817, 0.00033006901396329385, 7.36425489563749e-05, 0.9993622555689375], [0.0002491711556406035, 0.9994921328828293, 0.00021988274623943555, 3.881311529065297e-05], [0.0001940362666654927, 0.999386900462923, 0.0003858677143291686, 3.31954560823106e-05], [0.0003146488019402554, 0.0010315724183352602, 0.9983673241540602, 0.00028645452566436296], [0.0002569479124768825, 0.00019704047113111307, 0.0004952697808161159, 0.9990507417355758], [0.00033468338842873916, 0.0013444047264444883, 0.9976124742195757, 0.0007084375655510673], [0.00016342676895274544, 0.0001007001560212599, 8.747658321524006e-05, 0.9996483963918108]], "ideal": "A", "sampled": "A", "correct": true}}
{"type": "result", "data": {"idx": 5, "options": ["a useful strategy for helping the client understand the present.", "a way for the client to avoid coming to terms with the present.", "\"the \"\"second layer\"\" of therapy.\"", "\"a way for achieving \"\"closure\"\" near the end of therapy.\""], "probs": [[0.018292165643473714, 0.5101437387613222, 0.45017714690876287, 0.021386948586441155], [0.031313232841093004, 0.6801268407012868, 0.25018921305576564, 0.03837071330185446], [0.006084127541879691, 0.8351769665295637, 0.13847486047921762, 0.02026404534933899], [0.01725314046790979, 0.657700676154718, 0.05928712503262595, 0.26575905824474627], [0.04173219374542643, 0.3778395509201754, 0.5412214023579177, 0.03920685287648041], [0.05822606033333788, 0.37385004894366336, 0.38569083949676725, 0.1822330511262315], [0.017428943983001863, 0.486070874020675, 0.45660057914496993, 0.03989960275135322], [0.02487386633119795, 0.7270167090082554, 0.17266736022391152, 0.07544206433663504], [0.02275885230924557, 0.6347241218784224, 0.31419043797961876, 0.028326587732713293], [0.0305745574454594, 0.5952793788888501, 0.08847462882870924, 0.28567143473698126], [0.04666147338343946, 0.2770709293220568, 0.5774618795375325, 0.09880571765697128], [0.04932848193231654, 0.18912547109761604, 0.4397005618546272, 0.3218454850154402], [0.028010233049521674, 0.598925187725337, 0.3359541675995435, 0.0371104115255978], [0.02626466750835986, 0.6774458288468977, 0.17670926449915952, 0.11958023904558286], [0.02531807753892971, 0.6039397884657105, 0.3283400328969078, 0.04240210099845206], [0.05188775459165709, 0.5240996128027822, 0.20205003156392162, 0.22196260094163908], [0.01176537301493279, 0.026514154097765818, 0.8918656764061157, 0.06985479638118573], [0.017278632662315822, 0.030803794956220227, 0.7347163180187648, 0.21720125426269912], [0.009310616599092167, 0.8251888297733432, 0.13897605965425264, 0.026524493873311968], [0.007216901021775824, 0.8473749720452599, 0.10119736896245354, 0.04421075787051068], [0.011528873922350663, 0.7022799318166381, 0.2426798067993862, 0.04351138736162509], [0.011008416104961382, 0.7138303382340966, 0.11835325785766686, 0.15680798770327514], [0.010736915693178322, 0.06892998182050851, 0.8397448847471728, 0.0805882176391404], [0.027073213575743976, 0.14636999230886225, 0.29106855118466657, 0.5354882428307272]], "ideal": "B", "sampled": "A", "correct": false}}
{"type": "result", "data": {"idx": 6, "options": ["the efficiency of controlled memory processes", "metamemory skills, or knowledge about memory", "recognition memory", "the amount of factual memory knowledge available"], "probs": [[0.9721930134523478, 0.023590454676280962, 0.0009736756451051575, 0.003242856126266106], [0.9845126020346204, 0.013825990744351034, 0.0008566540500584131, 0.0008047530709700833], [0.9881280683798126, 0.00803130680715649, 0.001352669557934176, 0.002487955155096706], [0.9834953045668999, 0.007747700978553814, 0.0014786529497868258, 0.0072783414047593985], [0.9948685406230972, 0.0037020496974688928, 0.0007759735638736761, 0.0006534360155602689], [0.939767301337005, 0.008521122469363679, 0.0011177124236182194, 0.05059386367001309], [0.023560004350347698, 0.792540730442836, 0.05651886398621747, 0.12738040112059884], [0.025475483966608026, 0.8569777176074553, 0.05146287122320307, 0.06608392710273361], [0.05112285987704665, 0.4084622026342311, 0.25963202503159144, 0.2807829123571308], [0.07218174420523804, 0.3286101421799429, 0.20887256534178777, 0.3903355481730313], [0.10202950694268663, 0.47179555017084607, 0.22636997219310362, 0.1998049705933637], [0.0921209040734034, 0.24655022112570354, 0.050876428887684455, 0.6104524458132086], [0.021195757974086384, 0.7472359481657656, 0.03662412213447926, 0.1949441716256688], [0.016091918631121346, 0.7171453263532169, 0.026531925521119364, 0.24023082939454235], [0.11676759978774469, 0.35969016520649816, 0.2801253309481758, 0.24341690395758137], [0.11933806181733328, 0.28629623987505165, 0.2647759239177595, 0.32958977428985553], [0.09451354898292097, 0.4509344033306752, 0.13968813209793624, 0.31486391548846765], [0.10222590137525472, 0.5111427763615017, 0.04607887232548004, 0.34055244983776345], [0.018065240770716185, 0.8050847888703159, 0.04541704566075359, 0.1314329245982143], [0.01615715206939404, 0.5435329654882725, 0.010270478164605147, 0.43003940417772835], [0.18243099072677937, 0.38621781998964544, 0.28701479523060114, 0.14433639395297404], [0.15843585368056012, 0.2653490344221638, 0.07254035878261252, 0.5036747530146636], [0.0771810526838733, 0.168589703635864, 0.38589893042614287, 0.3683303131541198], [0.1498161990059391, 0.27991398957616886, 0.1013749755715161, 0.46889483574637597]], "ideal": "A", "sampled": "A", "correct": true}}
{"type": "result", "data": {"idx": 7, "options": ["Parkinson's disease", "Vascular Dementia", "a right frontal lobe tumor", "Alzheimer's disease"], "probs": [[0.05271882219614629, 0.21183851468242518, 0.01850796928857907, 0.7169346937328495], [0.10315593407877832, 0.36576456100385896, 0.2985200009831289, 0.23255950383423374], [0.03256021042915265, 0.0282993854680716, 0.03059008880704148, 0.9085503151957343], [0.03420690730077555, 0.27764033544460237, 0.12709973419789244, 0.5610530229567297], [0.09807494953728252, 0.3021226204471466, 0.29282152431643227, 0.30698090559913865], [0.019189079828355306, 0.17926652360417683, 0.0581917601763578, 0.74335263629111], [0.021303242921128118, 0.006397844919024916, 0.007715978292428525, 0.9645829337674184], [0.04633454405554256, 0.12996358162219498, 0.691673423715559, 0.13202845050670353], [0.026679975015720617, 0.008800679205247689, 0.03821938250814764, 0.926299963170884], [0.018420786394039337, 0.04778572622780792, 0.8209289402985418, 0.11286454697961096], [0.046134723717395174, 0.4048642413778869, 0.29160065868117274, 0.25740037612354516], [0.022985062527381465, 0.31243146684819323, 0.2756846952709889, 0.3888987752534364], [0.009927149454261645, 0.653932484944123, 0.05041782350857015, 0.2857225419930452], [0.0010272046207103775, 0.9194496203655623, 0.017924877908504867, 0.06159829700522236], [0.025950522027342222, 0.24247758584558068, 0.018693813286223434, 0.7128780787408536], [0.030139945658966643, 0.40968617636038673, 0.29970987713555786, 0.26046400074508874], [0.010325020351206629, 0.42557386273018444, 0.11100629902090334, 0.45309481779770555], [0.018081169910432723, 0.2784872702693968, 0.39269564283243147, 0.31073591688773905], [0.05776662077649179, 0.32222406372507467, 0.3767172199332956, 0.24329209546513797], [0.014947195328445373, 0.12915304927350102, 0.08875003140929358, 0.76714972388876], [0.05577474563336572, 0.4252381105526375, 0.2311940683043162, 0.2877930754096806], [0.023429056422871176, 0.3665446302090161, 0.16779733890162843, 0.4422289743664843], [0.023731116114675464, 0.14768588486444095, 0.4077225013871967, 0.4208604975336869], [0.025701127369341725, 0.18994178941566703, 0.5326492070771999, 0.25170787603779143]], "ideal": "A", "sampled": "D", "correct": false}}
{"type": "result", "data": {"idx": 8, "options": ["unethical, because the client's needs were not addressed more directly", "unethical, because the psychologist should have delayed the trip and given the client an appointment for that afternoon", "unethical, because the psychologist should have called a physician directly", "ethical, because it was not possible to determine whether or not the client was being manipulative"], "probs": [[0.5444236960006629, 0.4174167944942083, 0.031198286879491017, 0.0069612225256378245], [0.557434985909062, 0.38311532813874494, 0.014398222111184357, 0.04505146374100861], [0.30098204181092914, 0.6889590335456065, 0.00614982591719015, 0.003909098626274194], [0.26331967627763697, 0.7157752057112973, 0.01037076973977742, 0.010534348171288328], [0.4810823654324827, 0.39263965505489307, 0.06510929568625193, 0.061168683726372367], [0.23704319373218405, 0.29041120077400934, 0.4428767071611842, 0.0296688982326224], [0.007138083123133042, 0.964588088827618, 0.012924989592272857, 0.015348838356976091], [0.01098577304569007, 0.9436341310705412, 0.012065326691320575, 0.03331476909244815], [0.026512826473021014, 0.6837579400959253, 0.2636275875890787, 0.02610164574197493], [0.033320379999796756, 0.7824469875356204, 0.06422680185062249, 0.12000583051396038], [0.06175049927307625, 0.1786720054071689, 0.6639309697959368, 0.09564652542381803], [0.05412166223295192, 0.1666987215336399, 0.6098323918144322, 0.16934722431897598], [0.1430809258398638, 0.8495269476932772, 0.0037538302086991622, 0.0036382961581598746], [0.12454167590164517, 0.8645090785747985, 0.005303596245769692, 0.005645649177786553], [0.5082603157989775, 0.31805414343304284, 0.1624566634134324, 0.011228877254547284], [0.5278884895783096, 0.39229385010666945, 0.02754401668271694, 0.052273643532303994], [0.34716254533924984, 0.39337492058473783, 0.238613829437277, 0.02084870453873537], [0.43065055787134443, 0.4656405725991343, 0.05063803422767387, 0.05307083520184738], [0.0025336394967709606, 0.9602076811831272, 0.010020402056146713, 0.02723827716395518], [0.0022850288462320013, 0.9510847116926667, 0.024951923378238268, 0.021678335982863], [0.014606653398348572, 0.7851333449200075, 0.09231729606798822, 0.10794270551365569], [0.020507072463891465, 0.7006568755669846, 0.04409747849581168, 0.23473857337331225], [0.004762908024246917, 0.9219299644057389, 0.0458991941781837, 0.02740793329183049], [0.004525731608075587, 0.9325196745281378, 0.015795854002440216, 0.0471587397613464]], "ideal": "A", "sampled": "A", "correct": true}}
{"type": "result", "data": {"idx": 9, "options": ["clarify boundaries between family members in order to reduce enmeshment.", "work initially with the most differentiated family member.", "\"use a multiple-therapist team to prevent any one therapist from becoming \"\"triangulated\"\" into the family system.\"", "\"issue specific \"\"directives\"\" designed to counteract dysfunctional processes.\""], "probs": [[0.013140761106157016, 0.038021845002575036, 0.8388020273538419, 0.11003536643742606], [0.05718162580449469, 0.1603678339271644, 0.5597531357040941, 0.22269740446424677], [0.01389280927730388, 0.9440667306643332, 0.0184053069168228, 0.023635153041540034], [0.026577747885295214, 0.9516963193338199, 0.011793914972477828, 0.009932017708406989], [0.025264783365926816, 0.9189232267732736, 0.021275371469374246, 0.034536618291425264], [0.17069499188693477, 0.7650189325270029, 0.04118276771567563, 0.023103307770386685], [0.0018978447115284968, 0.5344507405643848, 0.4500602444625951, 0.01359117016149155], [0.0018055780081702969, 0.8515650672017601, 0.13264753551556865, 0.013981819174500951], [0.003186748711188558, 0.5193882989030268, 0.46558539342077926, 0.011839558865005302], [0.006227610505788149, 0.2161278693194257, 0.011276327686807497, 0.7663681923879786], [0.004225951308823487, 0.6078536733472275, 0.3744901854099256, 0.013430189834023307], [0.007417506428964902, 0.0785102980525611, 0.029335921134799135, 0.8847362742836749], [0.012295759568059577, 0.9768018948986792, 0.006378868742647387, 0.004523476690613862], [0.003992579630932803, 0.9923294135396419, 0.002787160374519779, 0.0008908463549054777], [0.04756160860451495, 0.38595646903497166, 0.48034766669497303, 0.08613425556554036], [0.030561753484091528, 0.15043058844766033, 0.03056128037218137, 0.7884463775960667], [0.05506715488925702, 0.2177780693054939, 0.6921504657900662, 0.03500430991518285], [0.05021518236125229, 0.16988260026856977, 0.02998522566290305, 0.7499169916072749], [0.03003516535108609, 0.9491035703675236, 0.01252046647667396, 0.008340797704716324], [0.010285104020437311, 0.9702736761128307, 0.014732338553556053, 0.004708881213175945], [0.09509110237248541, 0.5645643941963416, 0.31179072752925036, 0.028553775801922608], [0.037366614126407384, 0.15488231285909898, 0.0569769949876616, 0.750774077926832], [0.04107333035465616, 0.9061109557752334, 0.03458760729961833, 0.01822810647049218], [0.04926123612713889, 0.690777925203491, 0.02851079830098782, 0.23145004026838226]], "ideal": "A", "sampled": "A", "correct": true}}
{"type": "result", "data": {"idx": 10, "options": ["A true experiment", "A cross-sequential cohort design", "A natural experiment", "A cross-sectional cohort design"], "probs": [[0.0019733594558753245, 0.9603038858910854, 0.031353165697097875, 0.006369588855941427], [0.0018521636507156463, 0.9594554674945596, 0.02852257451100671, 0.01016979424371802], [0.0036102873757123156, 0.6988269184324465, 0.28678530839047733, 0.010777485701363831], [0.003750748347895476, 0.9178354423125823, 0.04498420419954, 0.033429605039982206], [0.00894379057574916, 0.24172571780391988, 0.7104822854140577, 0.0388482061062733], [0.03167401928121463, 0.6987351618291158, 0.19708428834454653, 0.07250653044512304], [0.09305193724921845, 0.3350865406808634, 0.5439217949523871, 0.027939727017530985], [0.15415046246202707, 0.6389408945990173, 0.1719698064619177, 0.03493883637703796], [0.10273475982240213, 0.34215813999240624, 0.5217524189790589, 0.033354681106132725], [0.24772643842369424, 0.6326035590450038, 0.08561350850869323, 0.03405649392260878], [0.13358503675473138, 0.3255027788772603, 0.45192087938667913, 0.08899130488132917], [0.5132871919795352, 0.30175126437635313, 0.11100809935962978, 0.07395344418448184], [0.007748604599803037, 0.9241212424768388, 0.059071357132083516, 0.009058795691274674], [0.004862158758019018, 0.971134165884581, 0.01321676148112711, 0.01078691377627288], [0.006051035241545609, 0.8841708462186105, 0.09614240551782184, 0.013635712922022005], [0.008924271120461052, 0.9540429861436516, 0.022087613468168107, 0.014945129167719255], [0.07064853318396835, 0.36444874100864216, 0.5220496440061936, 0.04285308170119588], [0.04165053693179168, 0.3225327693810454, 0.566062682444665, 0.06975401114249796], [0.007776242209327676, 0.1467230529033088, 0.7931858416253259, 0.05231486316203757], [0.010905635138900992, 0.14365405538546494, 0.7526896363674119, 0.09275067300822211], [0.0034831359878287472, 0.7177023366066521, 0.20885589935556345, 0.06995862794995569], [0.0038800782840466893, 0.8120945259703863, 0.10486621621025752, 0.07915917943530949], [0.009235308496070148, 0.0932727902165727, 0.831351696587524, 0.06614020459983316], [0.00748759589335592, 0.15516471615577038, 0.7402483702975271, 0.09709931755334664]], "ideal": "B", "sampled": "B", "correct": true}}
{"type": "result", "data": {"idx": 11, "options": ["recall of words", "verbal comprehension", "verbal learning", "production of speech"], "probs": [[0.012469695307806677, 0.5385918965717016, 0.002342968372960792, 0.4465954396475309], [0.0016202038058520697, 0.04178299225351741, 0.9362309462021017, 0.02036585763852888], [0.006527863679531323, 0.052978349961278225, 0.001285416095972262, 0.9392083701632181], [0.00047722570818727007, 0.005813457817255077, 0.9776571676515217, 0.016052148723036005], [4.831346317297409e-05, 0.9996981188707513, 3.7041914594170695e-05, 0.0002165256514815364], [4.197771814606192e-05, 0.9997555334644832, 3.1194161195887584e-05, 0.00017129455617487368], [0.030064473121634835, 0.04109561469709193, 0.00784282298205201, 0.9209970890992212], [0.0013551853755407433, 0.00926056390110122, 0.9745851534061737, 0.014799097217184353], [0.07321045429376768, 0.21857678536892025, 0.002505161991824364, 0.7057075982454877], [0.002307162250085433, 0.026403066063271398, 0.9602828050766714, 0.011006966509971787], [0.00033529025620961214, 0.9994818985271916, 2.9296786437116132e-05, 0.00015351433016161348], [0.0005613029087632967, 0.9991333013376766, 6.396687666215527e-05, 0.0002414287768979489], [0.03653823794931871, 0.06413039189688707, 0.013868438879357741, 0.8854629311744364], [0.0010584837465308912, 0.007347128474733455, 0.9774319094088538, 0.014162478269881852], [0.15259061723801723, 0.47003137973087655, 0.005472021166671444, 0.3719059817644348], [0.0007310512680669021, 0.010249922291432784, 0.9821907810945811, 0.006828245245919165], [0.0002736741377854009, 0.9995516167560285, 6.919418069556433e-05, 0.00010551482549041893], [0.0006259553892230917, 0.9987780507602649, 0.0003350406114288496, 0.0002609531390831143], [0.9977059656389632, 0.0021825478958042363, 6.0952583194808637e-05, 5.053378203769703e-05], [0.9984260249527471, 0.001477856196128271, 3.699626194780651e-05, 5.9122489176840955e-05], [0.9858914578147309, 0.014063362750578758, 1.865886625330084e-05, 2.6520468437057675e-05], [0.9900672004602262, 0.009859599675021972, 4.157184413039339e-05, 3.162792062138892e-05], [0.9971413786053567, 0.0028008924542127474, 2.6613230839366144e-05, 3.111560959122048e-05], [0.996681545576525, 0.0031723989295657476, 0.00011025747963398503, 3.5797914275214737e-05]], "ideal": "D", "sampled": "D", "correct": true}}
{"type": "result", "data": {"idx": 12, "options": ["the child\u2019s intelligence.", "the child\u2019s \u201cbasic personality.\u201d", "the strength of the parent-child attachment.", "the parents\u2019 childrearing behaviors"], "probs": [[7.479629534775405e-05, 0.00011232031344494335, 0.0005111352436292099, 0.9993017480475781], [5.418124962611573e-05, 0.0001668937272835803, 0.9892935415981988, 0.010485383324891509], [4.4684490750639346e-05, 0.00013555054761638704, 5.224292181524132e-05, 0.9997675219398178], [9.445274180907877e-05, 0.000976564478067529, 0.9903617491189143, 0.00856723356120915], [6.385283654794399e-05, 0.9974591171631464, 0.00032936906909020446, 0.0021476608312154095], [5.175127506903172e-05, 0.9982343542924483, 0.00041023179545173616, 0.0013036625370308945], [7.13827200598719e-05, 6.107586735579433e-05, 0.0004172402113418746, 0.9994503011012424], [5.536551185278603e-05, 0.00011271617415510665, 0.9952238807935654, 0.0046080374204267366], [6.812420792854855e-05, 0.0002653328657591169, 6.602983084020168e-05, 0.9996005129954721], [0.0003430209359888681, 0.011720234145657968, 0.9756558219047864, 0.012280922913566791], [6.753027086639278e-05, 0.9987247323215143, 0.00022315568052169393, 0.0009845816270976986], [9.155154513898088e-05, 0.9983718435079484, 0.0003677904477623262, 0.0011688143991503074], [6.813997844800314e-05, 5.308131043509909e-05, 3.943776893391636e-05, 0.999839340842183], [8.774400995903402e-05, 0.000170449884554614, 0.9947617202152816, 0.004980085790204739], [0.00011589448499608684, 9.170183902594376e-05, 7.965523993436792e-05, 0.9997127483360436], [0.00025319671533535526, 0.0009117945918200983, 0.9843499541189891, 0.014485054473855482], [0.00040328092995505177, 0.9967318824115863, 0.0011669484027310739, 0.001697888155727645], [0.0006636281226137926, 0.994837193964563, 0.0017484589991054675, 0.002750718813717632], [0.9412085796470105, 0.046862638423730785, 0.0033945992284607853, 0.008534182600797826], [0.970243270437535, 0.026678064708048833, 0.0023677386228098587, 0.0007109261316062588], [0.9434554200302605, 0.05322894241544166, 0.001251787595778397, 0.0020638498585194482], [0.9179506050901307, 0.07653986453357205, 0.0038706051524441654, 0.0016389251238531077], [0.9308326756620954, 0.0674325252994428, 0.0011422223508610082, 0.0005925765876008371], [0.9312900139313952, 0.06538999382977466, 0.0024573692325411934, 0.0008626229062889387]], "ideal": "D", "sampled": "D", "correct": true}}
{"type": "result", "data": {"idx": 13, "options": ["is nonresponsive to visual or auditory stimuli and seems to be in a state of deep sleep.", "is confused and incoherent, may exhibit bizarre behavior, and is unable to care for him/herself.", "is alert and oriented and can remember and integrate remote and recent events but may have some impairment in judgment, planning, and abstract reasoning.", "is functioning at an intellectual level that is superior for his/her age, education, and demographic background."], "probs": [[0.0005319406549428257, 0.0035229448176506252, 0.9922532293270203, 0.003691885100386235], [0.00014836759153139117, 0.00038488801016526284, 0.002755942124779534, 0.9967108021735238], [0.00021659099892720816, 0.9844949915584581, 0.01043545835122449, 0.004852958991390205], [0.0002830225340454286, 0.9710633380414616, 0.026284047071284084, 0.0023695922532088833], [0.00022310196234431848, 0.0008824847812486, 0.0004949639327967273, 0.9983994492236103], [0.00044021870742179685, 0.05331674433799431, 0.9450834179662028, 0.0011596188883810738], [0.0003552605917566941, 0.0003901318962922441, 0.9947899945093689, 0.004464612902582131], [0.0001413840268741789, 7.809209838976272e-05, 0.0043981030415153255, 0.9953824207332207], [0.0011345797944939, 0.9690251771038652, 0.007753214647282664, 0.02208702835435828], [0.003916543996479042, 0.94350137447808, 0.050789003471080126, 0.0017930779543608522], [0.00017945712982048536, 0.00021990964990748133, 0.0001354609127685509, 0.9994651722075035], [0.0023647699063077177, 0.02664078431087606, 0.9689720306335469, 0.0020224150492693374], [0.05377232047443015, 0.010103423636457177, 0.9095048505399513, 0.02661940524916138], [0.08238242472862858, 0.013239767517855978, 0.8857063159252841, 0.018671491728231276], [0.9476754447894993, 0.016305903624187244, 0.010364729393804874, 0.0256539220925086], [0.7222018047786805, 0.048384348492841005, 0.22725445911477601, 0.0021593875137024994], [0.7984158456589373, 0.05184486905262119, 0.07311356321719749, 0.07662572197124398], [0.05066436247671559, 0.032710775235710046, 0.9121979489574559, 0.00442691323011851], [0.0001534507725263541, 5.82523450622554e-05, 0.0006460272580074001, 0.999142269524404], [0.0002129854522239903, 0.0003147154602285955, 0.9987406018064637, 0.0007316971810836192], [0.00017396071556418502, 6.604068405860083e-05, 0.0001487946638484472, 0.9996112038365288], [0.0007072227633029097, 0.0020783770386098906, 0.9957859973050764, 0.00142840279301071], [0.00015582126610526583, 0.9988217492888264, 0.0008690341158065583, 0.00015339522926182262], [0.000328899576023844, 0.9958701184755774, 0.0036480364255869376, 0.00015294542281178074]], "ideal": "B", "sampled": "C", "correct": false}}
{"type": "result", "data": {"idx": 14, "options": ["decline the request to testify.", "agree to testify only if she obtains consent from both parents.", "agree to testify only if she can evaluate all of the involved parties.", "agree to testify only if her familiarity with the child won''t bias her testimony."], "probs": [[0.017270786460819237, 0.7459511658890059, 0.12761366199674673, 0.10916438555342813], [0.019103451445972308, 0.6629839202148256, 0.27208499181862433, 0.045827636420577786], [0.03077741508561262, 0.5371041267362462, 0.25770398827838276, 0.17441446979975847], [0.023321210206293477, 0.5064707152630583, 0.4133795001170409, 0.056828574313607265], [0.039391231081355595, 0.755012338942876, 0.1557993006237462, 0.04979712925202223], [0.03330829068629306, 0.8458026239727117, 0.07744605266525369, 0.04344303257574152], [0.038515356438508654, 0.7044245783688977, 0.05517640108150869, 0.20188366401108493], [0.04392994456626429, 0.6980470238254007, 0.15096283857283382, 0.10706019293550108], [0.020753067371279937, 0.04126940744086809, 0.7315968410609124, 0.20638068402693954], [0.03629012289843775, 0.06676143134636835, 0.057097245318125815, 0.8398512003370681], [0.03606132139064832, 0.1641531331265922, 0.6699090774036229, 0.1298764679791366], [0.03464601598036871, 0.14819100552445608, 0.02784109590718207, 0.7893218824879932], [0.01733922643805888, 0.6819242466949409, 0.08944651783487796, 0.21129000893212224], [0.019391396542770372, 0.6730137303745176, 0.18113085187147285, 0.1264640211112392], [0.02102939317778788, 0.059904650895059613, 0.6964354203048354, 0.22263053552231707], [0.023618518453012993, 0.06322273137183596, 0.05322980735716935, 0.8599289427179817], [0.02509240004707884, 0.27400120477615897, 0.598508046540937, 0.10239834853582522], [0.02749974601627543, 0.26922803613034185, 0.06700862073584701, 0.6362635970175358], [0.02940843073246922, 0.7585291875857971, 0.10106161999634637, 0.11100076158538731], [0.022290468711944136, 0.836541850107891, 0.04433349618617784, 0.0968341848939871], [0.019623710972205253, 0.05417632109218279, 0.7962221801892101, 0.1299777876464019], [0.008721140184010923, 0.010360507259728176, 0.0030145128156296203, 0.9779038396406313], [0.014058739104331329, 0.0288421067364689, 0.8430166972535631, 0.11408245680563668], [0.010485904148620063, 0.01000951961966902, 0.004653934791701132, 0.9748506413400098]], "ideal": "A", "sampled": "A", "correct": true}}
{"type": "result", "data": {"idx": 15, "options": ["goals serve 2 purposes: they are a basis for motivation and they direct behaviors", "goal attainment is maximized when goals are specific and highly difficult", "goal attainment is maximized when frequent feedback is given", "worker participation in goal-setting is also good"], "probs": [[0.023126023727124263, 0.22643034312317264, 0.29996254273952083, 0.4504810903101823], [0.022330819892711948, 0.19906171561093164, 0.3083096650438255, 0.4702977993525309], [0.01987843471881569, 0.11622170769045659, 0.42511759708525804, 0.4387822604054697], [0.004137757650048973, 0.017426073439554143, 0.011604685571100561, 0.9668314832392964], [0.015680739975806858, 0.10068047251939766, 0.6264950760785698, 0.2571437113262257], [0.007727958379230388, 0.05985666925997409, 0.03863887081822267, 0.8937765014425728], [0.04143126321833364, 0.163903594364189, 0.36936399796673997, 0.4253011443507374], [0.040383276912508675, 0.1648170253578697, 0.3176952112777105, 0.4771044863519111], [0.06641391466150395, 0.29771637026323855, 0.08799796288331642, 0.5478717520919411], [0.04085342829137371, 0.1471492288650485, 0.3368207416686803, 0.47517660107489745], [0.045185609322856285, 0.35548370080421315, 0.03988048360688596, 0.5594502061660446], [0.04315155259065625, 0.2445116575131373, 0.30909266258796386, 0.4032441272082426], [0.01297531823437019, 0.05637486630218368, 0.635211447711067, 0.29543836765237913], [0.005395846330292529, 0.02344488676795281, 0.04885036397729695, 0.9223089028244577], [0.029514114970957458, 0.28897919925043425, 0.12427306035103235, 0.5572336253275759], [0.01919229905108198, 0.12132009975628401, 0.47982866014052683, 0.37965894095210717], [0.012426048394195139, 0.07855672467770343, 0.02358148233178357, 0.8854357444963179], [0.008682702592978419, 0.030788188111262473, 0.7940855213327342, 0.16644358786302485], [0.019170026325735317, 0.07124047338900731, 0.6759547930480714, 0.23363470713718593], [0.009479875578268872, 0.040551319298875815, 0.18456572103310329, 0.765403083989752], [0.03345497101754547, 0.3711623118966238, 0.06349098965595495, 0.5318917273298758], [0.03450977236564103, 0.2550402736945067, 0.3274749036099235, 0.3829750502299288], [0.011557803305123312, 0.04867546182804802, 0.020929261708590472, 0.9188374730582382], [0.012622297446324727, 0.040121159509441846, 0.793447237535029, 0.15380930540920443]], "ideal": "B", "sampled": "B", "correct": true}}
