{"type": "result", "data": {"idx": 0, "options": ["5 permanent members with veto power, 10 rotating members with no veto power", "5 permanent members and 10 rotating members, all with veto power", "10 permanent members with veto power, and 5 rotating members without veto power", "15 permanent members with veto power"], "probs": [[0.49638146043042836, 0.48868051007922736, 0.010966228021987386, 0.003971801368356884], [0.42079916881230744, 0.5751621166058472, 0.0022081076316979712, 0.0018306068501474015], [0.41925403178723314, 0.44628557246638334, 0.12987515238299138, 0.004585243263392093], [0.5735103341347216, 0.4195874662186868, 0.002167585708560751, 0.004734613838030808], [0.7311040276358749, 0.16830727718870625, 0.09740816207707635, 0.003180532998342459], [0.6861120295593669, 0.19966789594590248, 0.09730957956938296, 0.016910494825347684], [0.9927664194478909, 0.006186704395230836, 0.0004623759487387092, 0.0005845001081395551], [0.9882067171465272, 0.011151258528493208, 0.0002663761188011359, 0.0003756481061784727], [0.9939404637384254, 0.004749151370042504, 0.0008252434708153513, 0.0004851413207168006], [0.9930187011368652, 0.0063848794430288805, 0.00023622329513944284, 0.00036019602496644034], [0.9956120432424655, 0.0034264464084504107, 0.0005770865349948623, 0.0003844237140891936], [0.9957612921580659, 0.0033738930967319915, 0.00044253999475617726, 0.000422274650446026], [0.5560440643226635, 0.31681592537934605, 0.12024903777781593, 0.006890972420174537], [0.6411593844289405, 0.34858994000608895, 0.003015834227540264, 0.007234841237430313], [0.7052854722507145, 0.15252389928457735, 0.1367209933733789, 0.005469634991329311], [0.7926911686815575, 0.19731514100389705, 0.004568393450010961, 0.005425296764534465], [0.7852356901120117, 0.14986346063685604, 0.04429876695421016, 0.02060208219692216], [0.8716227378283143, 0.11255988410163946, 0.010634377761458853, 0.0051830002085873515], [0.9985827364004061, 0.001284243286504312, 7.833426069765724e-05, 5.46859523919489e-05], [0.9983616177842104, 0.0013667635683568748, 0.0001005607016396281, 0.00017105784579303954], [0.9987568883935892, 0.0010483643302964922, 0.00011761390521402063, 7.713327090030553e-05], [0.9988363408693108, 0.001000463266416088, 8.60559013949976e-05, 7.713986287807297e-05], [0.9981384493750052, 0.0015244146017348993, 0.00011754156309223037, 0.00021959436016772823], [0.9985591535374487, 0.0013044663246771866, 7.244657434904894e-05, 6.393346352506116e-05]], "ideal": "A", "sampled": "B", "correct": false}}
{"type": "result", "data": {"idx": 1, "options": ["It allowed the US to intensify its involvement in Vietnam", "It illustrated the influence of public opinion on US foreign policy", "It enhanced Congressional control over the Vietnam War", "It curtailed US involvement in Vietnam"], "probs": [[0.9888531827696446, 0.01016014902541457, 0.0003165490908959002, 0.0006701190140448378], [0.9658451482450858, 0.031047738518559426, 0.0024318237404478585, 0.0006752893959068669], [0.9770327400535154, 0.022272021011748352, 0.00015483447651835046, 0.0005404043582179268], [0.9009750871791286, 0.09646092661997063, 0.0020335111656074813, 0.0005304749352932649], [0.805300670302495, 0.19429102957928293, 0.00019458787992517762, 0.00021371213829688942], [0.8216332061978473, 0.1776952416264894, 0.0003826860275473316, 0.0002888660481160258], [0.00023397390199751794, 0.9990319110440616, 0.0004042112839891741, 0.00032990366995164564], [0.00031491921965282044, 0.9992754722735192, 0.000329992994264132, 7.961541256382123e-05], [0.0006222292287944858, 0.992787874661339, 0.0048175671888040636, 0.0017723288210624176], [0.0006040326414550405, 0.9943711296754867, 0.003642337198910482, 0.0013825003841477369], [0.0029446108645525184, 0.9695167052950681, 0.025834652224699786, 0.0017040315156796287], [0.0017531215075779674, 0.9819082131115513, 0.008105355897237022, 0.008233309383633645], [0.042988611119732796, 0.9483656639538673, 0.0019487669484144362, 0.00669695787798542], [0.18047676180300792, 0.8088699816650005, 0.00744919026770034, 0.003204066164291299], [0.3316979642709992, 0.1694092274242184, 0.4394208801433485, 0.059471928061433865], [0.31211674442833354, 0.28417974919353095, 0.31702509755469904, 0.08667840872343653], [0.5671657360245113, 0.3959567274238743, 0.024920180599918105, 0.011957355851696412], [0.321156751970954, 0.6000212055038762, 0.004876606810933303, 0.07394543561423651], [0.04140306941808765, 0.9571899615843286, 0.0006486240785201183, 0.0007583448190636301], [0.059729879589978004, 0.9343671486676182, 0.003020565157467932, 0.0028824064849358724], [0.4673301416289387, 0.3583012854602712, 0.1565291282125801, 0.017839444598210012], [0.5657681737904998, 0.29814022332219764, 0.03142305416414245, 0.10466854862316001], [0.07612086768639056, 0.8988304375082431, 0.012426085380923027, 0.012622609324443335], [0.1868506438576096, 0.7624827287074366, 0.0019197269893128151, 0.048746900345641005]], "ideal": "A", "sampled": "A", "correct": true}}
{"type": "result", "data": {"idx": 2, "options": ["Terrorists", "Organized crime", "Drug traffickers", "China"], "probs": [[0.0016985759178436077, 0.0009236831756065899, 0.00026873384643840125, 0.9971090069601114], [0.01050173506783335, 0.01704495425418865, 0.3021203920259013, 0.6703329185520767], [0.0013446431178298925, 0.0005875590433939668, 0.00027315908048307943, 0.9977946386582931], [0.007453981267950982, 0.0052854435647990295, 0.6108919720002248, 0.3763686030670252], [0.024949892423418656, 0.07107464703673733, 0.06471193340101677, 0.8392635270388272], [0.0511592069067085, 0.19306962156473534, 0.015601650124470188, 0.740169521304086], [0.0033739244611484397, 0.000486174688575788, 0.00022251490993546508, 0.9959173858403403], [0.03286112169947229, 0.010667742457438853, 0.24279168765818632, 0.7136794480849026], [0.0037030416944855986, 0.0008661260423295793, 0.00019933055234559591, 0.9952315016108392], [0.019187243546188178, 0.00838175783754277, 0.7312780577072978, 0.24115294080897118], [0.10550716919444532, 0.30055253715104385, 0.00541924946917629, 0.5885210440853345], [0.16758018433859825, 0.4083160089311686, 0.00930689538099772, 0.41479691124923546], [0.003939764726506246, 0.0009507098369963609, 0.00042175084120602685, 0.9946877744952913], [0.038297896479648055, 0.01780932822077185, 0.4314708539850437, 0.5124219212145363], [0.004816121043471909, 0.0024221288493329325, 0.0003127100712683054, 0.9924490399359268], [0.04158350529820203, 0.03967608584953614, 0.5650935873772905, 0.35364682137497133], [0.06649504068706803, 0.531241731956759, 0.007459883911208235, 0.3948033433449648], [0.0916006297977011, 0.5972825600527755, 0.015426704857108764, 0.2956901051924146], [0.0697761491566295, 0.07427294717596447, 0.06977104550880704, 0.786179858058599], [0.1444023034056957, 0.1561272082392764, 0.03171818507805969, 0.6677523031769682], [0.07564348360376125, 0.17864047614067222, 0.005228321745587404, 0.7404877184099792], [0.13378326635898732, 0.3469901482039415, 0.014321601726132671, 0.5049049836109385], [0.1476475161621106, 0.18089141101445969, 0.009737513108730372, 0.6617235596146993], [0.1798556806782193, 0.2919138826328647, 0.04691341664219745, 0.48131701994671855]], "ideal": "D", "sampled": "D", "correct": true}}
{"type": "result", "data": {"idx": 3, "options": ["Richard Nixon", "George H. W. Bush", "Jimmy Carter", "Ronald Reagan"], "probs": [[0.9997609745631879, 0.00018521834663057498, 2.2121235576359676e-05, 3.168575460518507e-05], [0.9997283805881682, 0.00020026299150204736, 3.372968054574132e-05, 3.762663978407654e-05], [0.999729297123782, 0.00020661944510018846, 2.526236880947312e-05, 3.88209623082871e-05], [0.9997657969987888, 0.00017673821312845752, 2.6269840645550233e-05, 3.119484743718024e-05], [0.9997465375083506, 0.00018521668886301463, 2.6269258885654537e-05, 4.197644390070137e-05], [0.9997865782813957, 0.00015597388672723293, 2.2646583643303598e-05, 3.4801148233685486e-05], [0.0005026381994919001, 0.9981035588406452, 9.011672036611855e-05, 0.0013036861394968404], [0.0005429772816283083, 0.9971845987457859, 0.00012499898285777441, 0.0021474248897279695], [0.012436774205885195, 0.01500173169046248, 0.7342042668083485, 0.23835722719530383], [0.003411054076108443, 0.0033583225930071308, 0.002036872045583395, 0.9911937511853011], [0.0014793971109760445, 0.006131904401838964, 0.9243730015270298, 0.0680156968601552], [0.0027491232718373465, 0.002011371233328215, 0.0010599372500216388, 0.9941795681448128], [0.000343785422259353, 0.9932816410968461, 8.760568151794834e-05, 0.006286967699376538], [0.0003774233537829148, 0.9928998283309762, 0.00013669631880153967, 0.006586051896439299], [0.001081479268997304, 0.0021846350736798273, 0.9679576795411051, 0.02877620601621771], [0.0014892993523795105, 0.0026139390886247478, 0.0052800029089425824, 0.9906167585500532], [0.000761667059291475, 0.009877413088856668, 0.946456570680098, 0.042904349071753854], [0.001739688736391691, 0.007440129522043634, 0.0010388313411176546, 0.989781350300447], [8.856846840734561e-05, 0.9963236504337277, 0.00010516931323008505, 0.0034826116846349013], [7.702434515742121e-05, 0.9972871313621676, 0.0001250119431167516, 0.0025108322495582254], [0.0005134942432152254, 0.0020953274619924544, 0.9578559317406711, 0.03953524645412128], [0.001471911901557566, 0.002209677179119295, 0.0018607113376189323, 0.9944576994817043], [0.0019135397849493357, 0.028119319503678224, 0.9025139631560286, 0.06745317745534386], [0.002442456512678178, 0.010946901352184384, 0.001228159391666853, 0.9853824826434706]], "ideal": "A", "sampled": "A", "correct": true}}
{"type": "result", "data": {"idx": 4, "options": ["on nuclear weapons signed between the United States and the Soviet Union.", "cutting conventional arms in Europe.", "to be rejected by the U.S. Senate.", "mandating the elimination of many long-range nuclear missiles."], "probs": [[0.9955050466885308, 0.004330952030970217, 8.711502493218469e-05, 7.688615556674618e-05], [0.9956824134361263, 0.0041984096332408375, 7.569952281723641e-05, 4.347730781557489e-05], [0.9966483008043967, 0.003272892369004654, 4.595828292980206e-05, 3.2848443668838926e-05], [0.9929378901495006, 0.006903018992033251, 0.00013457828396422797, 2.4512474501876547e-05], [0.9677768458069499, 0.03209757095772097, 7.131772224829109e-05, 5.426541308083325e-05], [0.952490723876357, 0.0474222030166281, 6.242881348534971e-05, 2.4644193529537393e-05], [0.0007203954727844559, 0.9986475903387337, 0.0001291477631462356, 0.000502866325335514], [0.000755014699146097, 0.9986975010798955, 0.0001737883253676656, 0.00037369579559065933], [0.0016540610953823364, 0.007528602008741271, 0.9861063195775399, 0.004711017218336433], [0.003968533689860029, 0.00361423109991656, 0.005596394319930434, 0.986820840790293], [0.014588393208371301, 0.16955082045757763, 0.8089711631394617, 0.0068896230945893824], [0.0029622593208720326, 0.019933136031856993, 0.0012740568395983442, 0.9758305477076726], [0.0025895077144844187, 0.9968208622621014, 0.00024463396285220347, 0.00034499596056194445], [0.002047851666218984, 0.9965082986778573, 0.0011667194525635015, 0.00027713010336025525], [0.006578977470313549, 0.011911020224760618, 0.9763065853383759, 0.00520341686654994], [0.005520244206345388, 0.002864454662607012, 0.002908924843004097, 0.9887063761880435], [0.00978240777778432, 0.6441521854550175, 0.3448022993369302, 0.0012631073302679964], [0.0040289011829317675, 0.009223614459595297, 0.0005367985287827012, 0.9862106857286902], [0.027144673339220646, 0.9720224425680775, 0.0003871971442237713, 0.0004456868484781418], [0.01882571573910702, 0.9808284812961595, 0.00025226304285962326, 9.353982187383215e-05], [0.02439973019798589, 0.013683072600030342, 0.9594640295236435, 0.0024531675783402043], [0.009083312205866691, 0.0027708286101520226, 0.0012683362282303542, 0.9868775228557509], [0.044854629783387744, 0.05242941963830603, 0.9008357676704095, 0.001880182807896689], [0.006271138682859596, 0.0019737149657223976, 0.0004614484076939827, 0.991293697843724]], "ideal": "D", "sampled": "A", "correct": false}}
{"type": "result", "data": {"idx": 5, "options": ["It ended the influence of American exceptionalism entirely", "Exceptionalism was enhanced by America's status as the 'leader of the free world'", "The extension of American power globally challenged core assumptions of exceptionalism", "Both b and c"], "probs": [[0.0045672711065450075, 0.598292888265424, 0.10558646190896226, 0.2915533786190687], [0.0024491791086212558, 0.10915686822665224, 0.029837212975147236, 0.8585567395895792], [0.0005866603192003839, 0.879452692837515, 0.0027987555701312174, 0.11716189117315337], [0.0002605994045137767, 0.9820307289739745, 0.012555870729448866, 0.005152800792062824], [0.005484836567082386, 0.02700072117670473, 0.26017832402091273, 0.7073361181353002], [0.00040168823587961237, 0.001976887561538252, 0.9926516910181231, 0.004969733084458989], [0.009846423925855014, 0.04146049244636443, 0.7348476181581627, 0.2138454653696179], [0.0011603833856061153, 0.004886068101761258, 0.018151604379999634, 0.975801944032633], [0.0006505984736343444, 0.9907037016081212, 0.00046861820629582826, 0.008177081611948604], [0.0008207628607079689, 0.9887020397189226, 0.005970630108204635, 0.0045065672121647644], [0.025940920403690036, 0.0750698777336197, 0.06624385252604664, 0.8327453492366436], [0.000632028960419111, 0.0031105205017055953, 0.9927875868087822, 0.003469863629093084], [0.09757866037092344, 0.07140273653301883, 0.1535172771771014, 0.6775013258189563], [0.0762897582206763, 0.09060212240691848, 0.8075544252324834, 0.025553694039921818], [0.15069834451393244, 0.4499800074867006, 0.00837050260940161, 0.3909511452899654], [0.46364844574801595, 0.37846413850155947, 0.14591090610699572, 0.011976509543428843], [0.7011097032860126, 0.29227682778464764, 0.005437533805250428, 0.0011759350240893038], [0.705443027667844, 0.28503794172418423, 0.008743060051610746, 0.0007759704563610456], [0.01570254884010385, 0.01698070707439562, 0.4049738211347337, 0.5623429228507668], [0.00094777288896056, 0.0020063071653056157, 0.9917603895550199, 0.005285530290713882], [0.006381838961297731, 0.022277356753671835, 0.009141546549709521, 0.9621992576353209], [0.015294239003442938, 0.12806678663845247, 0.8350715592507418, 0.021567415007362777], [0.00035500477207493997, 0.9941207242113459, 0.0009207648175055, 0.0046035060990736384], [0.0005958699124257646, 0.9963902377288674, 0.0010295038956985103, 0.001984388363008316]], "ideal": "D", "sampled": "C", "correct": false}}
{"type": "result", "data": {"idx": 6, "options": ["He believed that internal reform rather than international negotiation was the key to economic regeneration of the US", "He believed that German domination of Europe would be in US interests", "He always favoured isolationism", "All of the above"], "probs": [[0.5299638209314317, 0.10273297704099468, 0.3164430139144911, 0.05086018801308256], [0.7367726410205708, 0.07294589718540931, 0.1833894064733064, 0.0068920552207134035], [0.6618927463808351, 0.26328142469487337, 0.005053640149774144, 0.06977218867451747], [0.6770108773606118, 0.21302051324266358, 0.10711408146054725, 0.0028545278361772875], [0.7394862024025577, 0.259590292637994, 0.0002900229242096972, 0.0006334819352386107], [0.5189681942008049, 0.47997367109811434, 0.0006778738843888838, 0.00038026071669183863], [0.19292816517807962, 0.28961637613261365, 0.21860304472644596, 0.2988524138628607], [0.19508491200196013, 0.5915610116483899, 0.20126664374084785, 0.012087432508802103], [0.16848485029452126, 0.26096018256112496, 0.01803744914874795, 0.5525175178956058], [0.20429195379434983, 0.48245120388417156, 0.288083573139507, 0.025173269081971563], [0.08283876430123743, 0.9046367191100764, 0.004322081235538095, 0.008202435253148127], [0.06344616261066832, 0.9323467984874764, 0.0026186860004579573, 0.0015883528013973603], [0.06700957516615515, 0.2910884324695029, 0.006041006346161998, 0.63586098591818], [0.03599929081295596, 0.7696810200169385, 0.1744393086905619, 0.019880380379543677], [0.07252002560754625, 0.06812997212421557, 0.02929994485457754, 0.8300500573136607], [0.06504215057131846, 0.17405720895065216, 0.7102470728697766, 0.05065356750825272], [0.08061130794512378, 0.6541560657127988, 0.21236630968672776, 0.05286631655534964], [0.04581382605677802, 0.8780602900925847, 0.02735574198980508, 0.04877014176083222], [0.28587175144886406, 0.6543901729634638, 0.0034339023698713657, 0.056304173117800754], [0.31272431069069856, 0.6517893434597462, 0.013527105069710351, 0.021959240679844987], [0.6215191893695395, 0.2359042097122737, 0.0457311556969701, 0.09684544512121664], [0.512433973233651, 0.2536712723999431, 0.17987786582577125, 0.05401688844063465], [0.384866572596139, 0.20280386883234744, 0.37301177477481184, 0.03931778369670171], [0.586270957352478, 0.25214918130316916, 0.11910489324232301, 0.04247496800202977]], "ideal": "A", "sampled": "D", "correct": false}}
{"type": "result", "data": {"idx": 7, "options": ["A strand of neo-isolationist sentiment", "A strand of internationalist sentiment", "An expression of American cultural superiority", "Increased incorporation of public opinion in foreign policy making"], "probs": [[0.047235463983631897, 0.5322380969981121, 0.02489219657478837, 0.39563424234346767], [0.09600681238365859, 0.5439213785628124, 0.2529501167908611, 0.10712169216266795], [0.080776894026599, 0.05910290336741284, 0.42325642527457247, 0.4368637772314157], [0.07551609316530078, 0.030992807340181363, 0.612860110915713, 0.28063098847880485], [0.09366089082116712, 0.5648572577460764, 0.22120031389465664, 0.1202815374380998], [0.06123222714163225, 0.6088580420504583, 0.0377246658720573, 0.2921850648358521], [0.1706814518603307, 0.4787154935928938, 0.026587993696295595, 0.32401506075047987], [0.04405324844952365, 0.7808853343719975, 0.09773665612329865, 0.07732476095518018], [0.3301885376512349, 0.10719965237499689, 0.3053872241461777, 0.25722458572759044], [0.11843881754882887, 0.0366918519102598, 0.6303733586634641, 0.2144959717774472], [0.131973905371732, 0.22803571478179044, 0.5059225483340362, 0.13406783141244136], [0.2064208449640337, 0.24134878040966237, 0.04903119948109025, 0.5031991750452136], [0.012651796344916585, 0.5133611297981416, 0.1948381491170729, 0.27914892463986885], [0.011438345130639805, 0.6053210878118899, 0.09727865112290349, 0.2859619158345668], [0.0011523304092052335, 0.9842002236153404, 0.004214983832481846, 0.01043246204297247], [0.001748905559901939, 0.9644193243021372, 0.009307868386602974, 0.024523901651357954], [0.009886326156838378, 0.01708378809798526, 0.7977772861169762, 0.1752525995282002], [0.012175560598821753, 0.04249944795198055, 0.777230003268342, 0.1680949880808557], [0.002130609926877709, 0.9740697099129311, 0.004510467850569033, 0.019289212209622167], [0.0010612161948750597, 0.9800449885364565, 0.0014965484826454077, 0.017397246686023056], [0.006646534427335797, 0.9561213850018915, 0.02248536050094818, 0.014746719969824499], [0.004698375980477929, 0.9681595766740879, 0.0032801445172741177, 0.023861902728159985], [0.023066970890184828, 0.015609448396114903, 0.7881754445124499, 0.17314813610125038], [0.02302598402801113, 0.024133594794145837, 0.7507581738032593, 0.20208224727458374]], "ideal": "A", "sampled": "B", "correct": false}}
{"type": "result", "data": {"idx": 8, "options": ["The war reduced European population levels below that of the United States", "The United States seized German resources after the war", "European countries paid the United States for assistance", "The United States became a creditor country and financial centre, with European war spending boosting the US economy"], "probs": [[0.00011057518379326078, 0.00012146017684229046, 0.00015351143338487017, 0.9996144531059795], [0.0004366479717937022, 0.0008819396642817886, 0.9979031659322557, 0.0007782463316688086], [0.00013336678325078196, 0.0001559413307924127, 0.00018228237988614704, 0.9995284094060707], [0.00036222641564713346, 0.0005878980676535219, 0.9985775248516643, 0.0004723505650350698], [0.00025709790987297457, 0.9995514061871439, 0.00013760742021885379, 5.388838276422677e-05], [0.00028680029801563027, 0.9995137837479425, 0.00013976933003641702, 5.964652400544697e-05], [0.00014196691081640696, 0.0001333868825933553, 0.00020980298314537217, 0.9995148431234449], [0.0006865901411270346, 0.0010146179840605878, 0.9974173491219611, 0.0008814426528512669], [0.00014878654855137837, 0.00016090205206767294, 0.00012725807976061572, 0.9995630532196204], [0.00045060508449218747, 0.0006763760820178341, 0.9981417582376703, 0.0007312604958196992], [0.0003458950932764748, 0.9993591231027659, 0.00020333225098945377, 9.164945296822047e-05], [0.0005190689463663851, 0.9990147495728889, 0.00031977742043926027, 0.00014640396030537114], [0.00015591571986701665, 0.00015351631261945642, 0.00020334240823711335, 0.9994872254592764], [0.0005027562995041722, 0.0008159831118863289, 0.9983077017596261, 0.000373558728983343], [0.0001397828747425811, 0.00013980266534731014, 8.346531838982582e-05, 0.9996369490415202], [0.0005024956561592895, 0.0011865994395911135, 0.9977761089034953, 0.000534795900754268], [0.00020024745735633718, 0.9996502026955386, 0.00010886842532242184, 4.0681321782620425e-05], [0.00022337737197195744, 0.999574966869204, 0.0001464878889448128, 5.516776987920236e-05], [0.9978501253248371, 0.0020189195786699935, 9.368708442327306e-05, 3.7267912069673456e-05], [0.9979949803452479, 0.0018385000680766483, 0.00011752580277780676, 4.899368389763397e-05], [0.9969702458856993, 0.0028446037595746027, 0.00011558640946691774, 6.956384525919315e-05], [0.9956558559986775, 0.0040063409597195345, 0.0002405902537262252, 9.721268787680188e-05], [0.9967756629762984, 0.00307511274821913, 9.505945991633413e-05, 5.416471556612013e-05], [0.9953887299607951, 0.004398850652064093, 0.00014818364919102573, 6.423563794976529e-05]], "ideal": "D", "sampled": "D", "correct": true}}
{"type": "result", "data": {"idx": 9, "options": ["the president of the United States.", "the secretary of defense.", "the chairman of the Joint Chiefs of Staff.", "Congress."], "probs": [[0.0007669008829081007, 0.0002529191621135861, 0.00022671970705738867, 0.9987534601479209], [0.0012627924677249837, 0.0007540510756201894, 0.9975398827548249, 0.0004432736018299304], [0.0005272144615746256, 0.00026512324922906314, 0.000209733031447927, 0.9989979291577484], [0.0007546958940249453, 0.0005435862582947455, 0.9983562025511319, 0.0003455151965483709], [0.0033236009466525622, 0.996454135367356, 0.0001012007006425998, 0.00012106288534874362], [0.002251069259447844, 0.9974297566309276, 0.00014285663002292518, 0.00017631737960160273], [0.00026413345647380315, 0.00426335514239404, 0.00012673975260273413, 0.9953457715485294], [0.0006080741632129075, 0.16859946464185596, 0.8298796676272496, 0.0009127934676815496], [0.0001602183155773905, 0.00016022781797787067, 0.019712274553949343, 0.9799672792124954], [0.00015457404478319282, 0.0002393996137263016, 0.9907625423443711, 0.008843483897119399], [0.00016238397658349934, 0.9932204396937732, 0.0061893681447176985, 0.0004278080849256317], [0.0001989726942443783, 0.9778997134990184, 0.0006323402129757964, 0.021268973493761435], [0.00039018910269469, 0.035126185551778384, 0.00020562014040074016, 0.9642780051051262], [0.0008199652763004143, 0.399008696473463, 0.5989783483756539, 0.0011929897745826844], [0.00018858926078965825, 0.00021707010990568325, 0.1687866938001574, 0.8308076467291472], [0.00012822517400039343, 0.00019551086463409658, 0.9913635627321504, 0.008312701129215071], [0.0001713940745635047, 0.992528091023439, 0.006792834097610729, 0.0005076807043868195], [0.0001820224863509547, 0.9825097335206981, 0.00040383017092233926, 0.01690441372202851], [0.98000499339841, 0.019713902728287762, 0.00019330843025561307, 8.779534304669383e-05], [0.9759429275213832, 0.023680970504750862, 0.0002672913882282444, 0.00010881048563762855], [0.9708362021131175, 0.003188074071991411, 0.025479126493540658, 0.0004965972213504117], [0.17515501098862227, 0.001539287714729475, 0.0006220820260048376, 0.8226836191706434], [0.1592035250235882, 0.00528003822667132, 0.8343197661079363, 0.0011966705418041614], [0.03840689879082039, 0.001089547463537138, 0.00042674187376109203, 0.9600768117718814]], "ideal": "D", "sampled": "D", "correct": true}}
{"type": "result", "data": {"idx": 10, "options": ["The US ignored the Third World", "Local developments were viewed through a geopolitical lens", "The US unreservedly supported decolonization", "None of the above"], "probs": [[0.0026683131342879634, 0.9649698087184718, 0.013549622913528897, 0.018812255133711313], [0.0036794006100605145, 0.9584000285952288, 0.02218709740397786, 0.015733473290732807], [0.03975197137020987, 0.18095681818059636, 0.6315931418371247, 0.1476980685120691], [0.009900750867984668, 0.03737371891476083, 0.04723248389726781, 0.9054930462199867], [0.009009973875154079, 0.0868237759399655, 0.773829761184845, 0.1303364889000354], [0.012792878661809604, 0.03267640454553711, 0.04327661072664218, 0.9112541059660111], [0.6487774219899309, 0.20098407107971247, 0.07628643518129322, 0.07395207164906338], [0.4457696212611755, 0.27894542449740883, 0.1978119968518093, 0.07747295728960636], [0.614439253646747, 0.25614181848511325, 0.053690562806968566, 0.07572836496117123], [0.5077748184640728, 0.312832080254741, 0.11873890938006032, 0.060654191801125835], [0.5083021738391813, 0.3083063134014521, 0.06263609508274764, 0.12075541757661903], [0.6133265885099651, 0.28080554852341205, 0.04512944665783474, 0.06073841620878808], [0.05165633835022028, 0.25825812929040487, 0.5382526416118748, 0.15183289064750005], [0.013973688764742054, 0.06772780740164656, 0.05356563665471112, 0.8647328670789003], [0.002327722147698512, 0.9841854078642635, 0.004281084769807771, 0.009205785118230234], [0.0012154729881921104, 0.9905900206098156, 0.0034622297773585224, 0.004732276524633806], [0.018317386424030302, 0.05138102372833183, 0.047510939257826165, 0.8827906504898118], [0.008475332780532491, 0.08040829994235199, 0.7994859463509099, 0.11163042082620567], [0.008491356462706334, 0.1002590645168453, 0.7068453878067336, 0.1844041911137148], [0.010335419939664551, 0.025189499525392255, 0.03388763859688236, 0.9305874418380609], [0.0065139815802440675, 0.9518113682631753, 0.011080219352495917, 0.030594430704084765], [0.0033807282529828894, 0.9671845098758841, 0.009046873877273516, 0.0203878878938595], [0.006510826665644297, 0.017427482707350443, 0.024570995483992556, 0.9514906950430126], [0.005841388269131165, 0.07815606883024324, 0.7531239259716194, 0.16287861682900617]], "ideal": "B", "sampled": "B", "correct": true}}
{"type": "result", "data": {"idx": 11, "options": ["It was the first time the US became involved in the Balkans", "It was the first time NATO used military force", "It was the first war won by airpower alone", "It was the first war to employ 'smart weapons'"], "probs": [[7.019202770667527e-05, 0.9982253137244855, 0.0004796517811983786, 0.0012248423666094482], [7.120979465519408e-05, 0.9969932680895, 0.0004643219126322972, 0.0024712001032125234], [0.000945752589164568, 0.004511853336313296, 0.9896641215780263, 0.004878272396495867], [0.01210175187214689, 0.022967202816560256, 0.003467226668168228, 0.9614638185431246], [0.0008446671449027628, 0.0023321840066687026, 0.9860397017560071, 0.01078344699242142], [0.003793038415652528, 0.0035636003621276804, 0.004575261550649882, 0.9880680995715699], [0.2435199022049571, 0.332852631774042, 0.30306565758535503, 0.12056180833564585], [0.7736600728529457, 0.18665710311367728, 0.00292419948332902, 0.036758624450047996], [0.2354449020249737, 0.6812937981552496, 0.017874293658307783, 0.0653870060614689], [0.5404445739841482, 0.22180340559401276, 0.008873185489066912, 0.22887883483277205], [0.6979683289871914, 0.20632190518052693, 0.019800052579381337, 0.07590971315290031], [0.4219104427778223, 0.16266446116922725, 0.05448481168956121, 0.3609402842633892], [0.0011578637216515134, 0.03834243723279084, 0.9584676868070183, 0.0020320121385393086], [0.0020348145323608375, 0.3265535484821526, 0.0013768210569351266, 0.6700348158285514], [0.00025616868363081903, 0.9960051715717626, 0.0015938617194233616, 0.002144797925183263], [0.0002403251443900288, 0.9792439444849127, 0.0017210325757171048, 0.018794697694980163], [0.005103869909623419, 0.007426757947967801, 0.059330207297804756, 0.928139164744604], [0.0010162563009180827, 0.002362919585109562, 0.9384738850989601, 0.05814693891501226], [0.001002695237577716, 0.31503372256835593, 0.6774253647536191, 0.006538217340447205], [0.0005215882418762213, 0.723092775321554, 0.0019379044603985902, 0.27444773187617116], [0.0002556382697744291, 0.9939357773899453, 0.001746890415076475, 0.004061693825203791], [0.00024104607754637811, 0.98218508523744, 0.0016994545606303021, 0.015874414024383384], [0.0052990209620383194, 0.05107087581989389, 0.02412231238175275, 0.9195077907363151], [0.0009020656263110435, 0.006562124707173048, 0.9292975337574237, 0.06323827580909218]], "ideal": "C", "sampled": "B", "correct": false}}
{"type": "result", "data": {"idx": 12, "options": ["The character of a state's leader", "The distribution of power in the international system", "The distribution of power within a state's governmental system", "A state's political ideology"], "probs": [[0.00040853854972742635, 0.9939930697712408, 0.000995447067202004, 0.0046029445118298245], [0.00033917059097029984, 0.9954064886175326, 0.0005505183834816973, 0.0037038223080153917], [0.0033445849226332825, 0.22726250873718842, 0.7110279830976161, 0.058364923142562294], [0.0018255075162708922, 0.021556698984401736, 0.00090370107094064, 0.9757140923283867], [0.0006579341133398515, 0.0009134473511035734, 0.9708876608831358, 0.027540957552420732], [0.0015650501880151687, 0.0009346088452334238, 0.004123389178039013, 0.9933769516887124], [0.9945074066164069, 0.004902596460398871, 0.0002765824831321708, 0.00031341434006207846], [0.9964737148361875, 0.003074051301052319, 0.00017073485397912805, 0.00028149890878104866], [0.9925694865122209, 0.0070089524155149885, 0.00022884757619711678, 0.0001927133960669998], [0.9934865693311933, 0.006191091336902203, 0.00016242740360237085, 0.00015991182830211233], [0.9963849892121913, 0.0032212846735396095, 0.00016037608237060561, 0.00023334993189842222], [0.994917272712512, 0.00468001095197569, 0.00018722217631205468, 0.00021549405920028115], [0.0609194469876955, 0.04456961672301493, 0.881336300403008, 0.01317463578628156], [0.13370323410178866, 0.0183802548219088, 0.0028186566679202925, 0.8450978543083822], [0.0009996024202530665, 0.9981243488583104, 0.00047217559100992755, 0.00040387303042657967], [0.0009247380619301522, 0.9984001540251242, 0.00034019145598088954, 0.00033491635696479907], [0.16317880794895837, 0.017470254585293544, 0.003440044408522688, 0.8159108929572254], [0.06303687651348676, 0.029314675635377027, 0.8978293309063529, 0.009819116844783371], [0.0006111207056878626, 0.0010075647899024918, 0.9750891455631732, 0.023292168841236503], [0.0019750366200232093, 0.001125434621698564, 0.005203566938083455, 0.9916959617201948], [0.0002096124334384747, 0.9985157669426705, 0.00022663992018198944, 0.0010479806037089724], [0.0001737401498976866, 0.9983135379734485, 0.0002488670701615103, 0.0012638547064923924], [0.0015076059197118125, 0.010465480828222304, 0.0007347575322074776, 0.9872921556198584], [0.002023614897593817, 0.04464046184330776, 0.9107405338850219, 0.04259538927407657]], "ideal": "B", "sampled": "B", "correct": true}}
{"type": "result", "data": {"idx": 13, "options": ["Leaders have incentives to lie", "If leaders revealed their programs, they would be more likely to be attacked", "Leaders will not always grant foreign monitors access to their nuclear programs", "ALL of the above"], "probs": [[0.01841461378374313, 0.017032421117575743, 0.1043370790993787, 0.8602158858993024], [0.15175380340260167, 0.1182039305096871, 0.6696691088290843, 0.06037315715862698], [0.00571970438599906, 0.05868186095221539, 0.0030144415164819775, 0.9325839930453036], [0.002378104638079909, 0.8600309193940003, 0.1318860455472536, 0.005704930320666187], [0.05119218421048652, 0.9217540235109637, 0.004335840796830638, 0.022717951381719195], [0.035281481634663873, 0.7906369838184478, 0.12509105585754104, 0.04899047858934722], [0.0010274327923978693, 0.7505939760370719, 0.008469313819613156, 0.23990927725091712], [0.000625556310118564, 0.9827181030644032, 0.013167322386549938, 0.0034890181389283167], [0.0006629323618093689, 0.047579579662928084, 0.6365980684856246, 0.31515941938963793], [0.0005918358377200387, 0.87343758037883, 0.02327326331931572, 0.10269732036413427], [0.0018465143072104913, 0.06509561886842011, 0.8709443278616683, 0.06211353886270104], [0.003917726096154923, 0.24242173844056222, 0.27897792155417306, 0.4746826138091098], [0.0024035149489657175, 0.7094616868326786, 0.0014808871658175736, 0.2866539109525381], [0.0006569309434602438, 0.9847350110461056, 0.013827941271945348, 0.0007801166384887886], [0.007695855138641793, 0.018176639526936388, 0.7491729886185718, 0.22495451661584995], [0.041132744550811486, 0.08709430726154292, 0.49340281069337627, 0.37837013739426933], [0.0027929880457274498, 0.06662255144884362, 0.9197095703045239, 0.010874890100905019], [0.08111435121250335, 0.9139947830735679, 0.0010373203480871173, 0.0038535452658416815], [0.009252729863527957, 0.7825478347367046, 0.004042469447252392, 0.204156965852515], [0.009845611812555659, 0.5210703703056905, 0.2832759966625156, 0.18580802111923828], [0.00520796217406782, 0.013723850065257066, 0.7261388696740897, 0.25492931798658547], [0.00424734012802025, 0.01019122671992487, 0.2711204133568546, 0.7144410196952002], [0.003537835944461468, 0.042438796759182815, 0.8932384064479033, 0.06078496074845236], [0.0047176550423337175, 0.5989943182367333, 0.0033981669896498415, 0.3928898596312831]], "ideal": "D", "sampled": "A", "correct": false}}
{"type": "result", "data": {"idx": 14, "options": ["the Senate.", "the president.", "the Secretary of State.", "the chairman of the Joint Chiefs."], "probs": [[0.00012700113874581338, 0.9974159915998664, 0.0022508797435086486, 0.00020612741787915715], [0.0005944453918217251, 0.41442412416076096, 0.0006427018131415801, 0.5843387285342757], [0.0006349992162672998, 0.001430911407798346, 0.9973824729373085, 0.0005516163386258678], [0.0004504646613534438, 0.0013038467072794084, 0.00023738366003348877, 0.9980083048713336], [0.00025267533453066326, 0.00013738094032881413, 0.9670334371070124, 0.032576506518128094], [0.00035223347504639884, 0.00018857224568452418, 0.013011677241240744, 0.9864475169380283], [0.35530589836919974, 0.010727915558356872, 0.6333974986575106, 0.0005686873149328156], [0.0016463357179581986, 0.0007421606582452383, 0.00045718774372225485, 0.9971543157800743], [0.826414596330434, 0.17322865604355142, 0.0003093095839060722, 4.743794210848362e-05], [0.7979037971857019, 0.20174247540904203, 0.000284972266715066, 6.875503854100584e-05], [0.0016465188087666993, 0.0005964477841697139, 0.00047918647326191695, 0.9972778468338017], [0.002888231835071093, 0.0003140706792825702, 0.9966187490602912, 0.00017894832535512238], [0.0037619818821910886, 0.00045636119168665214, 0.9952804539945486, 0.0005012028315736449], [0.0019249639632571882, 0.0004944728715372161, 0.0002773442875033683, 0.9973032187777022], [0.08504037245589463, 0.9142709633490991, 0.0004677267980195453, 0.00022093729698672714], [0.03407263406993854, 0.9651020969414142, 0.00040297421459585894, 0.00042229467405138776], [0.0022497386897843675, 0.0005020939974364407, 0.0002951305956958711, 0.9969530366170833], [0.010319935985165733, 0.0004128476388570482, 0.9888793726398322, 0.0003878436361450298], [0.00023534052088509215, 0.0001592403904140231, 0.9587757854213426, 0.040829633567358366], [0.0002160933147742606, 0.0001606226742720608, 0.0018377329238107765, 0.9977855509871428], [0.00045121410528204157, 0.8550182363350555, 0.000535789630710097, 0.14399475982895243], [0.00011752204734427815, 0.9979395966244656, 0.0017267422823343474, 0.00021613894585579546], [0.0002376082707999936, 0.0006985938815419211, 0.00012135751662799514, 0.9989424402310301], [0.00037829842563328817, 0.004130958852870162, 0.9950817430647693, 0.000408999556727245]], "ideal": "B", "sampled": "B", "correct": true}}
{"type": "result", "data": {"idx": 15, "options": ["Required the United States and Russia to demobilize their armies", "Required the United States and Russia to dismantle a significant number of their nuclear weapons", "Prohibited the acquisition of new military bases", "Prohibited short-range nuclear weapons"], "probs": [[0.0002821679527090006, 0.9989280136490292, 0.0004041632941307546, 0.0003856550041310814], [0.00036797484673466917, 0.998810148800177, 0.0003916890561068592, 0.00043018719698146587], [0.0013110298264560425, 0.006976208779126552, 0.9880367637486313, 0.003675997545786127], [0.02344583888530341, 0.03411613751520189, 0.005656564565505939, 0.9367814589339888], [0.0008641678198001077, 0.0027032609316435807, 0.9930685154699872, 0.00336405567856916], [0.024097567376791793, 0.02335803956916424, 0.004671531359123283, 0.9478728615949207], [0.9978624689842835, 0.001867259300396536, 0.00015813292439161795, 0.0001121386909282661], [0.9969755001815421, 0.002757114080210922, 0.00016047942172587728, 0.00010690621652107233], [0.9984084645201523, 0.0013883973727267926, 0.00011575632010006249, 8.73816870208706e-05], [0.9975957162094515, 0.002082491735759221, 0.0001709355109446595, 0.00015085644384462546], [0.9978220558651131, 0.0019567520545636496, 0.00013109069676337307, 9.010128355990141e-05], [0.9971718106036311, 0.00247196484766948, 0.0001906116151493354, 0.0001656128335499994], [0.00385477124699451, 0.10256266991709417, 0.8860360680018133, 0.007546490734097932], [0.014374257880529675, 0.3707363219699898, 0.0035780092867784023, 0.6113114107627021], [0.00023394102263143564, 0.9989918881950719, 0.00028661860868238703, 0.0004875520736142404], [0.0003050224970348462, 0.9986743516265078, 0.0003002838985834449, 0.0007203418778739889], [0.030925638317648503, 0.060552364715093336, 0.03240956119980814, 0.87611243566745], [0.0004224957933036511, 0.0010957066318311392, 0.9962336871597255, 0.002248110315139691], [0.0005149039437290885, 0.0038040621976014556, 0.9909470524479865, 0.004733981310682877], [0.004913186997139338, 0.026980781946947432, 0.0019543088473038014, 0.9661517221086094], [0.00016334206263177937, 0.9991111224332505, 0.00020647137851220244, 0.000519064025605448], [0.00017383529471455428, 0.9988605550528766, 0.00024513261861696203, 0.0007204769337918812], [0.006257173380815271, 0.028044638373741156, 0.0074304624531104715, 0.9582677256923331], [0.00033434754836260655, 0.001096120597116685, 0.9966156134519217, 0.001953918302599]], "ideal": "B", "sampled": "B", "correct": true}}
