{"type": "result", "data": {"idx": 0, "options": ["Offerings", "Prayers", "Apparitions", "Idols"], "probs": [[0.17014115428504972, 0.2635151878605044, 0.5578728007367839, 0.00847085701766199], [0.03519785408770427, 0.05041730037910159, 0.9077714693399016, 0.00661337609329257], [0.03707220865186508, 0.9266875269345722, 0.03220882764022175, 0.004031436673340948], [0.05380239307851245, 0.28633793032113736, 0.6554433524864651, 0.004416324013885107], [0.0015469318356815783, 0.9972732878389651, 0.0010467062464507675, 0.00013307397890262293], [0.0032650729453293933, 0.9942955033848865, 0.002279384914873823, 0.0001600386549103048], [0.01925712630236873, 0.6895205352156247, 0.27859315169575966, 0.012629186686246846], [0.006732233827535235, 0.06387221094273657, 0.9240700044288241, 0.005325550700904011], [0.038807231495293165, 0.7554796848940893, 0.11406049003733972, 0.09165259347327775], [0.014848805506150276, 0.08281858010040064, 0.890401335918484, 0.011931278374965026], [0.00016341040066377262, 0.9995023214059942, 0.0002570789708531597, 7.718912248890245e-05], [0.00021308624704380062, 0.9993102311434278, 0.0003919231031398266, 8.475940638864446e-05], [0.12599358888229287, 0.7250370058420799, 0.09217844490477542, 0.05679096027085187], [0.02631381666042096, 0.09475703443205662, 0.8713902655284479, 0.007538883279074549], [0.15980352340677104, 0.1548842478024731, 0.5665525155204784, 0.11875971317027748], [0.011323448118492323, 0.022169664165167788, 0.9575494590735472, 0.008957428542792719], [0.0010801080618146918, 0.9974325468817868, 0.0013868796511790676, 0.00010046530521933987], [0.0008159569628687516, 0.9982268014042, 0.0008551129039960232, 0.00010212862893524286], [0.948862581568375, 0.0502878038717163, 0.0006844753294598699, 0.00016513913044883518], [0.9301258491630038, 0.06843901854267463, 0.0012732539901485888, 0.00016187820417302537], [0.9529563328214725, 0.04058151006568772, 0.006031970581897866, 0.0004301864309418717], [0.9509872990568424, 0.04517849434263944, 0.003483824067142733, 0.0003503824333753911], [0.8810588915120445, 0.11738942875984198, 0.0014322593468617546, 0.00011942028125175483], [0.8905315641842654, 0.10803345118192854, 0.0012775564139666487, 0.00015742811983938664]], "ideal": "D", "sampled": "D", "correct": true}}
{"type": "result", "data": {"idx": 1, "options": ["Daoism", "Yin-Yang School", "Mengzi", "Humanistic Buddhism"], "probs": [[0.9672487910423684, 0.031092140618700675, 0.00047214966305439394, 0.0011869185758765944], [0.9775851570773624, 0.021597546585776783, 0.0002594388683956366, 0.0005578573684651734], [0.9670871048754336, 0.024978944199164504, 0.005573859302538724, 0.0023600915228631286], [0.989131146197688, 0.008165731041677119, 0.0003266971304257199, 0.0023764255302091203], [0.9895657697977664, 0.008972236315277469, 0.0008884078480980562, 0.0005735859388580121], [0.987636764930163, 0.00895475653371211, 0.0005462751504513553, 0.0028622032856735697], [0.12530678255588074, 0.8698014439907152, 0.0013921512007445379, 0.003499622152659529], [0.13820459266599439, 0.8599346477955521, 0.0007720536846422436, 0.0010887057538112744], [0.2015780301809054, 0.07187299438403297, 0.7035764330355883, 0.02297254229947337], [0.8737102160221436, 0.09353850153757656, 0.006365745832196235, 0.026385536508083573], [0.14048958489119187, 0.03234188068563941, 0.8211858385960739, 0.005982695727094805], [0.8054115145391538, 0.0947009395910686, 0.032728496813747864, 0.06715904895602973], [0.013522880350731114, 0.8498073962835374, 0.10804132532975097, 0.028628397935980484], [0.007976779327123403, 0.9512588516179463, 0.0055687666962167155, 0.03519560225871353], [0.03969237086811968, 0.46140801843833357, 0.4334553456198625, 0.0654442649736842], [0.012628255975246744, 0.9134131481365805, 0.008816043308212854, 0.06514255247995993], [0.029525759300586207, 0.02906801610847488, 0.7266125827165855, 0.21479364177435342], [0.018262357810491965, 0.01689003899863866, 0.6746666312238409, 0.29018097186702857], [0.03941050175128396, 0.8559022552929823, 0.09602980323668446, 0.008657439619049294], [0.030327996691024924, 0.8590469947519859, 0.01573411778263747, 0.0948908906743517], [0.0519914405442618, 0.17588375572548215, 0.7290217306817033, 0.04310307294855279], [0.07442962557745952, 0.5674283045271493, 0.02454461030245238, 0.3335974594929388], [0.05010421498953613, 0.07290205250097379, 0.4828621672674626, 0.39413156514202746], [0.01944933279949145, 0.030598478502694915, 0.6856138731062769, 0.26433831549153675]], "ideal": "B", "sampled": "A", "correct": false}}
{"type": "result", "data": {"idx": 2, "options": ["325 CE", "119 CE", "451 CE", "596 CE"], "probs": [[0.16398205961017018, 0.45988914469502695, 0.32611560024815317, 0.05001319534664968], [0.17582328108187578, 0.3607564173700745, 0.4351625983258995, 0.028257703122150188], [0.09725496298738458, 0.4496913908490857, 0.42245099495067595, 0.030602651112853718], [0.06324225522148916, 0.266249829513408, 0.6387084579117747, 0.03179945725332814], [0.05349043022191118, 0.715675941696579, 0.2251959306336068, 0.005637697347903021], [0.034433324233940736, 0.6496930890169572, 0.3068913584037221, 0.008982228245379895], [0.04515892958941846, 0.5332093019659203, 0.390105960523864, 0.03152580782079728], [0.05228114217713485, 0.35172472480889394, 0.5709098864588193, 0.025084246455151872], [0.054877585839541804, 0.2038880854061789, 0.6685323614922344, 0.07270196716204491], [0.04123088874541511, 0.13102627605987685, 0.7902020995168343, 0.037540735577873796], [0.03271766769959868, 0.5620777637810576, 0.3923923692779815, 0.012812199141362212], [0.0246485399885097, 0.616126100662896, 0.34561332697012365, 0.013612032278470729], [0.07014765158549226, 0.6450548966947147, 0.26889897717516376, 0.015898474444629253], [0.05102434974326017, 0.45475937556370216, 0.4765831685607935, 0.01763310603224418], [0.10110779804744627, 0.3640905631494697, 0.48234676516715447, 0.05245487353592955], [0.09659950801399385, 0.35889954947650654, 0.5141044653508914, 0.03039647705860824], [0.030936057210228865, 0.6022276605733622, 0.35960252445253127, 0.007233757663877713], [0.034594034005405984, 0.6734444711588337, 0.28514973229213914, 0.006811762443621192], [0.22502315225525843, 0.6511147670702462, 0.12044531203896158, 0.003416768535533782], [0.14976248506246506, 0.6305108818463817, 0.21452141325410706, 0.005205219737046218], [0.3997849683882944, 0.36399860912278986, 0.22778847026393562, 0.008427952124980117], [0.3950312656018834, 0.42712237349493054, 0.16989993923526567, 0.00794642156792037], [0.19932131927112565, 0.4856626437917125, 0.30870829413974876, 0.006307742697413072], [0.2396345974870845, 0.5400127378129762, 0.21480440421394642, 0.005548260385992877]], "ideal": "D", "sampled": "D", "correct": true}}
{"type": "result", "data": {"idx": 3, "options": ["Akitu", "Wag and Thoth", "Bast", "Nehebkau"], "probs": [[0.9947947757353918, 0.004904083097621726, 0.00017045100943644803, 0.00013069005755005065], [0.9961994386410471, 0.0035372695761018845, 0.00017611016107105435, 8.718152177998741e-05], [0.9945027440346762, 0.004902579752441139, 0.00033887696748108575, 0.0002557991454015225], [0.996832482614752, 0.0027565685828852687, 0.00022627078411911042, 0.00018467791824357035], [0.9970765545648101, 0.0025104953597700755, 0.00021936298657750504, 0.0001935869888422846], [0.9970609338546397, 0.0025500085013260756, 0.00015555038610026503, 0.00023350715793398958], [0.0012842102702749544, 0.998618830530969, 7.132704420967205e-05, 2.5632054546410372e-05], [0.0014324479903727164, 0.9984754549770555, 6.91235229004063e-05, 2.2973409671408452e-05], [0.008159798063325965, 0.018102320649773403, 0.9730784884886626, 0.0006593926982380187], [0.516964064416939, 0.27671649327708964, 0.01610689940608791, 0.19021254279988342], [0.004439417361254612, 0.005699968544707908, 0.9890770513182089, 0.0007835626758285455], [0.12721053374715463, 0.0736273115350873, 0.007521239003665952, 0.7916409156140921], [0.0011510809882993116, 0.9985597123324724, 0.0002031763746660873, 8.603020456222254e-05], [0.0010320971698764348, 0.9988266434480371, 8.740865630085816e-05, 5.3850625785648155e-05], [0.004288590412390122, 0.008265956110721735, 0.9857921368685774, 0.001653316508310753], [0.03773410336769653, 0.63822998155416, 0.022532040796627944, 0.30150387418151553], [0.0015648158523660963, 0.0014930387114243744, 0.99312958346218, 0.003812561874029453], [0.01594454880250492, 0.012613703627990342, 0.044716537887671985, 0.9267252095818328], [0.0005524947610716617, 0.9989066285696487, 0.0002957191251570718, 0.00024515744412255516], [0.00045812707976683714, 0.9991113885724837, 0.00020013423128099035, 0.00023035001646841364], [0.001302433407484044, 0.0008950733287849411, 0.9970719618878756, 0.0007305312758554343], [0.0047396680984508185, 0.0016127949353538756, 0.0016125527914669095, 0.9920349840747283], [0.0010281292489733712, 0.001361916269689033, 0.9949435062072246, 0.002666448174112984], [0.017486408976051332, 0.009360396571089323, 0.03318241003395422, 0.9399707843189051]], "ideal": "A", "sampled": "A", "correct": true}}
{"type": "result", "data": {"idx": 4, "options": ["Zazen", "Tariki", "Kami", "Ikebana"], "probs": [[7.4840075861644e-05, 3.9439134496882015e-05, 4.6107943008547915e-05, 0.9998396127466329], [0.00020981636513790948, 0.0001766666783501472, 0.999436852753851, 0.00017666410266100477], [5.8277631453835466e-05, 2.546017128140209e-05, 0.0002165252991723625, 0.9996997367980924], [0.00014420155840184516, 0.00013335283060392596, 0.9994219359881881, 0.0003005095228061768], [6.0140951772547145e-05, 0.999914165095172, 1.7230556105273422e-05, 8.463296950197364e-06], [4.7575670333431664e-05, 0.9999183938374377, 1.8341918851389926e-05, 1.568847337741239e-05], [0.0001334094196384465, 3.0713379488286216e-05, 5.0636709686283516e-05, 0.999785240391187], [0.00024531409750954574, 0.00010716061198152023, 0.9994987496506126, 0.0001487755398962864], [0.00013551315794787928, 2.5462937547321815e-05, 3.269430573458307e-05, 0.9998063294987702], [0.0003624746843785278, 0.00014644253327835335, 0.9993000883535019, 0.0001909943288412096], [0.00019411166448917767, 0.9997846646675367, 1.64394472188901e-05, 4.784120755258834e-06], [0.0001971676813173284, 0.9997805275352394, 1.7775193410155186e-05, 4.529490033145511e-06], [5.6487206754104996e-05, 2.2823434386441942e-05, 0.00017673083771378958, 0.9997439584211456], [0.0001464906228180575, 0.00011407673791534856, 0.9995423303359723, 0.00019710220329429692], [0.00010390022229000175, 5.920215673942091e-05, 4.068820140646197e-05, 0.9997962093195641], [0.00031492705191107223, 0.00022681652854273052, 0.999311814807197, 0.00014644151234916928], [6.605067130867544e-05, 0.999895647774128, 2.6272941293434523e-05, 1.2028513269898027e-05], [9.461081540101551e-05, 0.999869995006561, 2.885443386916443e-05, 6.539644168736773e-06], [0.9993071125685864, 0.0006771889860299801, 9.510099674409531e-06, 6.188245709182484e-06], [0.9992702200463656, 0.0007096614444881346, 1.0608856276984896e-05, 9.5095528693282e-06], [0.9993327385480715, 0.0006563713041583301, 5.6788968125981855e-06, 5.211150957561569e-06], [0.9993644275220943, 0.0006263339258870302, 5.051051134346331e-06, 4.187400884302121e-06], [0.9994313201910312, 0.0005527738216511246, 7.64252587566236e-06, 8.263361441992184e-06], [0.9994693076853995, 0.0005193030061730552, 7.068428430928856e-06, 4.320779996418909e-06]], "ideal": "D", "sampled": "D", "correct": true}}
{"type": "result", "data": {"idx": 5, "options": ["Harmony and balance", "Devotion and piety", "Love and passion", "Goodwill and love"], "probs": [[0.5180635205685475, 0.4501149738168396, 0.02172045492560098, 0.010101050589011822], [0.3449825084220047, 0.5260468634333367, 0.10358555127100545, 0.025385076773653068], [0.3492998460928864, 0.06461436264717571, 0.5669854847129504, 0.019100306446987465], [0.7225123158670348, 0.07266619313529843, 0.14910328877023735, 0.05571820212742942], [0.46260755732565856, 0.10817634937378434, 0.3957035198892182, 0.03351257331133888], [0.7793620373155524, 0.09755065472846727, 0.06298418459754514, 0.060103123258435115], [0.925553861420086, 0.0681039991304999, 0.0037826411554391925, 0.0025594981939748808], [0.8045343718407134, 0.15355051980890339, 0.03269338964766136, 0.009221718602721796], [0.9555685430222295, 0.02586632756382166, 0.01644183121045703, 0.002123298103491805], [0.9596433826251608, 0.027223352872549858, 0.010172768693916359, 0.0029604957083729368], [0.9253734184143224, 0.059157929338090526, 0.011115633467760068, 0.004353018679827016], [0.9568603043307815, 0.035960542432475255, 0.0036736596353143165, 0.003505493501428898], [0.1457336902587063, 0.18712740411377804, 0.6330598851541622, 0.03407902037335345], [0.22326330339322611, 0.40428482578485686, 0.2822395201734698, 0.09021235054844721], [0.16014049856174928, 0.740503366549936, 0.08052594168875175, 0.018830193099562978], [0.13973152369238406, 0.7793855156549743, 0.057347511299427986, 0.023535449253213714], [0.3683908122555137, 0.11061250084324098, 0.4307122092528651, 0.09028447754838027], [0.16051325080791395, 0.07348874155823074, 0.7307372038025782, 0.035260803731277095], [0.5832698924351132, 0.12226142698907107, 0.27986627736161535, 0.014602403114200448], [0.8489798270077028, 0.10963751302773758, 0.022625226702124343, 0.018757433162435222], [0.6447916860483975, 0.32422919255692945, 0.022064278701448566, 0.008914842593224382], [0.6682839973434187, 0.3156827084504972, 0.009682996175021684, 0.006350297931062427], [0.8222461463254419, 0.040937667207297856, 0.12221897431584115, 0.014597212051419065], [0.557681963669794, 0.04368137085429648, 0.38933621854159745, 0.009300446834312108]], "ideal": "A", "sampled": "B", "correct": false}}
{"type": "result", "data": {"idx": 6, "options": ["Shabad", "Khalse", "Nam", "Guru"], "probs": [[0.9977406241232183, 0.0021825566466941223, 5.908002638111914e-05, 1.7739103706460487e-05], [0.9968972672888968, 0.0029806792895685826, 7.462115357198909e-05, 4.74321679626189e-05], [0.9976710740872686, 0.0022871422666347722, 3.313875330280845e-05, 8.644792793755541e-06], [0.9968639966323822, 0.0030751941886721034, 4.743060876771275e-05, 1.3378470177986237e-05], [0.996949013825444, 0.0029346207061921644, 8.325047356641506e-05, 3.311489479739183e-05], [0.9971939383185421, 0.002714746322898034, 7.122519954685919e-05, 2.0090059012998626e-05], [0.00012146504983852715, 0.999723693102884, 0.00013340221968433563, 2.1439527593071003e-05], [0.00010719725355517505, 0.9997693368391635, 9.760363530896449e-05, 2.5862171972430505e-05], [0.00022621048907408303, 0.002357074824961525, 0.9965630456633824, 0.0008536689225819629], [0.004122032570072907, 0.03972526213560119, 0.008591037807615115, 0.9475616673867108], [0.0004159238487586408, 0.0022135342203219565, 0.9962399835058033, 0.0011305583251160199], [0.005409919792308425, 0.013600793076456561, 0.027473852726485618, 0.9535154343047494], [0.00016864760463645753, 0.9997889256603252, 3.6472648422152444e-05, 5.9539866161973864e-06], [0.0001940994177775452, 0.9997248218206592, 7.029810937156947e-05, 1.0780552191606356e-05], [0.00023747586826632745, 0.0008288459708631806, 0.9982881793579275, 0.0006454987029430405], [0.003978841433110591, 0.0028214952629723998, 0.0042354729539461, 0.988964190249971], [0.0007295603834845454, 0.002710576840323365, 0.9956798712173469, 0.0008799914588451531], [0.018025894219839304, 0.009955115893468777, 0.003036087463383215, 0.9689829023233087], [0.00018813048810131122, 0.9997399394929357, 5.648721650216728e-05, 1.5442702460760898e-05], [0.00028682100900493974, 0.999589348361151, 0.00010886521527483121, 1.496531456926015e-05], [0.0004866953196923086, 0.0016464243780920272, 0.9971247821972109, 0.0007420980050047971], [0.0026300565001814457, 0.0022496557444007356, 0.01378053262648851, 0.9813397550289293], [0.000604421327369562, 0.003760745870650006, 0.9950112426599288, 0.000623590042051622], [0.0018604927094459421, 0.0029270241418946114, 0.0008255939948833391, 0.9943868890537761]], "ideal": "A", "sampled": "A", "correct": true}}
{"type": "result", "data": {"idx": 7, "options": ["Muhammad's miraculous ascent to heaven", "Muhammad's migration to Mecca", "Muhammad's first community in Mecca", "Muhammad's revelations of the Qur'an"], "probs": [[0.9958387408769506, 0.0038232553430711364, 0.00011545639917382617, 0.00022254728080447255], [0.9969103167653008, 0.002844246396345267, 0.00017081359990736258, 7.462313844645521e-05], [0.996334053137841, 0.003171159813287418, 0.00030433758397150506, 0.000190449364900094], [0.9969840497133111, 0.002630692483512062, 0.00028164646974819296, 0.00010361123342860459], [0.9908510066776264, 0.008984080171461148, 9.52365989965473e-05, 6.967645191589178e-05], [0.9907089786336073, 0.009124256028818969, 8.403437362477047e-05, 8.273086394893433e-05], [0.0001821890431644487, 0.9989104840040448, 0.00021976307995501845, 0.0006875637728357137], [0.00014418176430084061, 0.99931287650541, 0.0001970728070104822, 0.0003458688232786422], [0.0006523463721849664, 0.0004923987001073892, 0.9932200611092646, 0.005635193718442994], [0.0020134573904669276, 0.0004934321408648313, 0.00221139954106205, 0.9952817108276062], [0.0008129294438873606, 0.0009068518737204926, 0.9945214152045188, 0.003758803377873364], [0.0006874020608211286, 0.0003247151167338314, 0.0002777461017621374, 0.9987101366206829], [0.00012923690275470472, 0.9992677943263765, 0.00013757436468908138, 0.0004653943061797815], [0.00010066759980066673, 0.9994411154378784, 0.00011230416941452676, 0.00034591269290646417], [0.00046261140954296186, 0.0005324397351836701, 0.9932807086615891, 0.005724240093684272], [0.0014271148873744542, 0.0020764995514772535, 0.0016684968093925042, 0.9948278886517558], [0.00042865048838059273, 0.0005503738302377009, 0.9951404760183751, 0.0038804995630065987], [0.0005786274847446094, 0.00045774645300293527, 0.0006455189820211414, 0.9983181069802313], [0.0003248922641358264, 0.9992301637279317, 0.00013973645642463835, 0.000305207451507757], [0.00029118440569931474, 0.9990685578835743, 0.0001292144879268688, 0.000511043122799477], [0.0007639563052446673, 0.00047063872555972786, 0.9948858911634533, 0.0038795137057423272], [0.002357877951056559, 0.0003616036153661588, 0.0003092994934505838, 0.9969712188401267], [0.0007634396430994319, 0.0004150575031424217, 0.9942175896302707, 0.004603913123487368], [0.004247980077395172, 0.0005234693384691131, 0.003308404147539118, 0.9919201463365966]], "ideal": "A", "sampled": "A", "correct": true}}
{"type": "result", "data": {"idx": 8, "options": ["Laws of Dharma", "Laws of Karma", "Laws of Vishnu", "Laws of Manu"], "probs": [[0.004391730546670489, 0.0005671413122398499, 0.0011456601273583781, 0.9938954679137313], [0.007262445769106909, 0.005744765340863419, 0.9814247195506741, 0.005568069239355547], [0.0041260263648414544, 0.0006528338527717817, 0.00123886742859735, 0.9939822722537894], [0.011166678563119082, 0.009257123498383422, 0.9743015826980117, 0.005274615140485801], [0.00460662320823539, 0.9947429907651263, 0.0005501908606174632, 0.00010019506602081402], [0.006480063519714403, 0.9922465287427956, 0.0011086284207741917, 0.0001647792167158259], [0.006168855209224985, 0.002341450835503299, 0.0015117613010617655, 0.98997793255421], [0.007764954855993438, 0.013627337766403277, 0.9704703430537455, 0.008137364223857798], [0.004368992733761265, 0.0007244515932528057, 0.036581242364442955, 0.958325313208543], [0.003002479009991361, 0.002375065144729639, 0.9886515259242749, 0.0059709298210041265], [0.0020432139857738158, 0.9942747635072168, 0.003368690239328451, 0.00031333216768094567], [0.001779569161584209, 0.9967334670878217, 0.0012423370255309628, 0.00024462662506310166], [0.0028843549683746647, 0.0008796847271836372, 0.0008935447875632201, 0.9953424154168785], [0.00462502103974439, 0.0069426671051518426, 0.9832729155142413, 0.005159396240862451], [0.004300837711290181, 0.000887530066241373, 0.03657765550948382, 0.9582339766129846], [0.0017997374742153066, 0.0017717442437807662, 0.992435829499172, 0.0039926886828319215], [0.001500231264399105, 0.9978574672218229, 0.0005433516687514819, 9.894974502650933e-05], [0.0012252761648908616, 0.998524438186492, 0.000193867950929117, 5.641759768807633e-05], [0.9991862644628747, 0.0007672545641638696, 2.1428808658749506e-05, 2.5052064302595465e-05], [0.9990514151542664, 0.0008968899164240386, 2.625168139696251e-05, 2.5443147912606774e-05], [0.9993348056156821, 0.000607038037013139, 3.4247911585539976e-05, 2.3908335719206248e-05], [0.9994529203025337, 0.0004955083582659913, 2.3176086250419628e-05, 2.839515294983617e-05], [0.9989643336509637, 0.0009696842985891838, 3.7600556417172366e-05, 2.83813940299467e-05], [0.999212316632687, 0.0007321378885049381, 2.625582605760243e-05, 2.928955275052581e-05]], "ideal": "D", "sampled": "D", "correct": true}}
{"type": "result", "data": {"idx": 9, "options": ["The Holy Book", "The Narrative", "The Recitation", "The Pillars"], "probs": [[0.07963758748896896, 0.0060457466487902085, 0.9114158797476243, 0.002900786014616536], [0.9924936120542905, 0.0013586244890768245, 5.87691199577369e-05, 0.006088994236674929], [0.015186193282666634, 0.9846301591533437, 9.612520871792558e-05, 8.752225527167952e-05], [0.008845890642391262, 0.990991328245722, 4.789289471963046e-05, 0.00011488811716714845], [0.9951527249750802, 0.0009510136579980742, 0.00019321228871733303, 0.003703048978204372], [0.01792364946753766, 0.0021074689072249657, 0.9786081946749999, 0.0013606868502374092], [0.0064047404340216, 0.010395793685592878, 0.9807302489577022, 0.002469216822683271], [0.005211632465275048, 0.9626064465302335, 0.0017186253492920169, 0.03046329555519935], [0.00059656221153983, 0.9975522894782948, 0.0017810040300325846, 7.01441801327491e-05], [0.0003858474704251047, 0.9993082105135075, 8.609442669280374e-05, 0.0002198474893745353], [0.004091944397053329, 0.00043128541870846894, 0.9554211641902058, 0.04005560589403237], [0.001405555864384173, 0.00037829513707847786, 0.9951937745610011, 0.0030223743375361973], [0.06370374405464392, 0.9361248384790855, 0.0001350652277225643, 3.635213854810327e-05], [0.051076104711696296, 0.9487970096993552, 8.17429649519033e-05, 4.514252399662715e-05], [0.6984588929413705, 0.0055887190305028665, 0.2957488180594835, 0.00020356986864314397], [0.9984199504509874, 0.0009393447659611906, 3.42159856973904e-05, 0.0006064886973539817], [0.660095769612839, 0.002574121184940665, 0.3371465306163442, 0.00018357848587614373], [0.9991080581154935, 0.00040428542437277845, 6.396778837928894e-05, 0.0004236885717544055], [0.002567964913545719, 0.9885492312252578, 0.005027845658010175, 0.003854958103186304], [0.005592566253164668, 0.022467066685731243, 0.9703873863766446, 0.001552980584459489], [0.0030590673006103764, 0.00040757743639077985, 0.9762717641640338, 0.02026159099896495], [0.001616159073912382, 0.0004928923478803407, 0.9941915920242739, 0.003699356453933379], [0.0007453547597493299, 0.9859466759212012, 0.013211716243143767, 9.625297590566855e-05], [0.0006876091483578679, 0.9989619439847381, 0.00017385537242796913, 0.00017659139447598536]], "ideal": "C", "sampled": "C", "correct": true}}
{"type": "result", "data": {"idx": 10, "options": ["Mother of Light", "Father of Goodness", "Ineffable Lover", "Eternal Spirit"], "probs": [[0.428173952832112, 0.22213942969396439, 0.2679556269980394, 0.0817309903758842], [0.3423292091493588, 0.13198304371680797, 0.4260507885097207, 0.0996369585241125], [0.5292272803802827, 0.1424434248562806, 0.22410010800952335, 0.1042291866539134], [0.37300237099051814, 0.09883866172233333, 0.39091946573466546, 0.1372395014524831], [0.3901560516975467, 0.30386465105658506, 0.20884315200647338, 0.09713614513939489], [0.3239976586076593, 0.33955706427416105, 0.22619345134445532, 0.11025182567372437], [0.3977752506998192, 0.17377842443104005, 0.3246661923600557, 0.10378013240908501], [0.20171241322684572, 0.09528456521244495, 0.5483272442786818, 0.1546757771820275], [0.37589687844946806, 0.35869468097111756, 0.16422239455593143, 0.1011860459234829], [0.25070978694376894, 0.2507181315935393, 0.37637106317266766, 0.12220101819002405], [0.2777879248199281, 0.5700051805179723, 0.059146065479361916, 0.09306082908273766], [0.252262368638182, 0.45680225148387915, 0.19956073463585722, 0.0913746451420816], [0.14430869899277182, 0.2738612253114719, 0.3685169164688886, 0.21331315912686766], [0.129570011172749, 0.17989893791959574, 0.46661405161167246, 0.22391699919598276], [0.1688666939566546, 0.335843592848572, 0.2784212231357626, 0.21686848995901079], [0.15461770389699175, 0.17797055144186785, 0.48377039206124317, 0.1836413524998972], [0.1535193805601127, 0.17948922665937744, 0.47289016295039166, 0.1941012297301182], [0.15851996055984605, 0.17410663546847546, 0.5037952290178057, 0.1635781748538728], [0.09371027489127809, 0.4910180343348215, 0.25078663601135665, 0.16448505466254373], [0.08678148815332513, 0.5233684259631658, 0.2801387351491862, 0.10971135063432291], [0.10880836584709432, 0.6164567149465259, 0.16591539228905347, 0.10881952681732632], [0.09346718806681598, 0.5295380791629877, 0.29704173511152143, 0.07995299755867495], [0.1589625626643482, 0.15650273857935856, 0.4672310947904656, 0.21730360386582762], [0.170960322005342, 0.18485771117745997, 0.45043417806889396, 0.19374778864830405]], "ideal": "B", "sampled": "B", "correct": true}}
{"type": "result", "data": {"idx": 11, "options": ["Bushido", "Shinto", "Nichiren", "Soto Zen"], "probs": [[0.01110225309441263, 0.04255900721784302, 0.8548216452695602, 0.09151709431818415], [0.0030742100838544056, 0.007608568629645292, 0.9658810924994657, 0.023436128687034534], [0.01800953271084759, 0.802549502239761, 0.02385883095253766, 0.15558213399685383], [0.041394511399973924, 0.49647105680961656, 0.4180698819086284, 0.04406454978178108], [0.002170231526976963, 0.9921102388752484, 0.0030605112227582755, 0.0026590182750163634], [0.004274886980773167, 0.9826581236821904, 0.009939413548104252, 0.0031275756889321384], [0.007358613155990804, 0.015098783568969203, 0.8775354304182283, 0.10000717275681167], [0.002250317276757919, 0.003949342340189392, 0.9663864483446526, 0.02741389193840011], [0.008734754566365618, 0.9337438244374786, 0.011753986644017504, 0.045767434252138264], [0.03008962275276321, 0.7290093993096192, 0.218886840195314, 0.022014137642303647], [0.002527259142271361, 0.9881998318101777, 0.006453556562165152, 0.0028193523853858116], [0.005004809376900975, 0.9687698446978722, 0.02314197493491406, 0.0030833708903127937], [0.8676359961573685, 0.04387773658111241, 0.01614179257876012, 0.07234447458275894], [0.08370831283858118, 0.022529567791314393, 0.8722641309803393, 0.021497988289765117], [0.8447005167591404, 0.07735172672793071, 0.01955772008468904, 0.058390036328239824], [0.2390231627641873, 0.059497102824803576, 0.6809179325595459, 0.020561801751463177], [0.6133922026532352, 0.36627523228402376, 0.01273069838509894, 0.007601866577642064], [0.5080835908642347, 0.46990311972583065, 0.013540103338480094, 0.008473185971454468], [0.9915455121092717, 0.007810919188152115, 0.00015959733212304267, 0.000483971270453223], [0.9800427501603046, 0.015840990445076156, 0.003119275103131905, 0.0009969841914872896], [0.9864706885002698, 0.012812138237497108, 0.0002577265677398188, 0.0004594465944933153], [0.964909310126397, 0.02653033458897158, 0.0077207563046267046, 0.0008395988800046312], [0.9393171879748166, 0.060049050824451236, 0.00039215940192367967, 0.0002416016988084733], [0.9256758974105299, 0.07364701231587382, 0.0003987315151169256, 0.00027835865847934254]], "ideal": "D", "sampled": "D", "correct": true}}
{"type": "result", "data": {"idx": 12, "options": ["Sangat", "Langar", "Gurdwara", "Panth"], "probs": [[6.8543770345773845e-06, 0.9999565218699524, 2.8856892691106338e-05, 7.766760321870913e-06], [6.289896527019698e-06, 0.999944310315831, 3.269877135499377e-05, 1.6700916287008093e-05], [4.609705112369718e-05, 0.0002570835626283742, 0.9995503369726179, 0.00014648231363001], [0.00012137297396438502, 0.9989571287571428, 0.00030512541205750975, 0.0006163727568353004], [2.160694517894615e-05, 3.218055208266991e-05, 0.9996312035502168, 0.0003150088525215016], [0.0004834443430064734, 0.00026283502034756863, 0.9450958478583994, 0.054157872678246545], [0.9998527586885423, 0.00013341864236074316, 1.2803887247708169e-05, 1.0186818492424477e-06], [0.9998323552688462, 0.00015356077326564549, 1.1841447984730689e-05, 2.2424099034494936e-06], [0.9997193188695119, 0.00027372066433231445, 6.047341762096049e-06, 9.13024393664359e-07], [0.9995446616383608, 0.0004373278853652677, 1.6180681696889043e-05, 1.8296945771045494e-06], [0.9998187811128723, 0.00015843316318902464, 1.9522965988943e-05, 3.262657949752778e-06], [0.9997862646913983, 0.00016603108668753603, 4.539062262797775e-05, 2.3134992861983172e-06], [3.882344847002519e-05, 0.00012928979723011218, 0.9997025967843102, 0.00012928986998969009], [0.025678575912753517, 0.09540702088213934, 0.0015421164605112683, 0.8773722866445959], [1.1300922383624927e-05, 0.9999656923531514, 1.4738850434854622e-05, 8.267774030208193e-06], [1.3845768062883914e-05, 0.9999345528277812, 3.591231138649203e-05, 1.5688992769402706e-05], [0.007007762118595663, 0.0015636308358732507, 0.014378867621830766, 0.9770497393237003], [2.3732876599240938e-05, 4.398965693504013e-05, 0.9997320261626866, 0.00020025120377910357], [1.9218781505155712e-05, 0.00010552183409590612, 0.9996871473512269, 0.00018811193317202815], [4.866490034583711e-05, 0.01228516453615898, 0.9759435349206906, 0.011722635542804604], [5.2553128195378485e-06, 0.9999227614969409, 4.9858503643744374e-05, 2.2124586595772597e-05], [5.255143059019793e-06, 0.999897099144114, 8.220052956164855e-05, 1.544508326537919e-05], [1.9249176671676693e-05, 0.9857716102136669, 0.0005803800736489019, 0.013628760436012473], [1.5562515503722135e-05, 0.00021990661721375332, 0.999601110147276, 0.00016342062000644468]], "ideal": "B", "sampled": "B", "correct": true}}
{"type": "result", "data": {"idx": 13, "options": ["Buddhism", "Daoism", "Confucianism", "Shamanism"], "probs": [[0.2551773924128053, 0.5402032428176926, 0.1781406796658707, 0.026478685003631378], [0.28918012812162636, 0.5318773358609771, 0.16476827766159408, 0.014174258255802562], [0.07866875037508132, 0.05406688868048906, 0.8457577776486433, 0.021506583195786223], [0.2119829645553616, 0.13059653857560288, 0.5852964083789304, 0.07212408839010509], [0.13793139312450442, 0.13161234703400768, 0.711495407355529, 0.018960852385958956], [0.2959859414994659, 0.32507253174321366, 0.26120371013061405, 0.11773781652670638], [0.9788439011829074, 0.018497136121414265, 0.0011641559355498575, 0.001494806660128423], [0.9762266684753792, 0.021907249852698697, 0.0009184640145644976, 0.0009476175573575667], [0.9780873693405905, 0.017914189864725198, 0.002139556332232842, 0.001858884362451487], [0.9773011425047093, 0.01935430845471588, 0.0018285920784714318, 0.001515956862103371], [0.9794694490170777, 0.017118064398607778, 0.00221060190194836, 0.00120188458236613], [0.9851628318135033, 0.012596623855083033, 0.0008707175005180487, 0.001369826730895676], [0.11123002960882752, 0.08395871441010186, 0.7842360065071222, 0.02057524937394844], [0.29129034277864074, 0.20019716022396833, 0.4511535763289386, 0.05735892056845234], [0.22530206720598428, 0.5404647870063746, 0.20513784463116227, 0.029095301056478895], [0.2367291508882178, 0.5859029068751912, 0.16269988688811182, 0.01466805524847914], [0.2405358945963077, 0.2725592492421271, 0.4424097438665691, 0.04449511219499603], [0.08100889577087794, 0.08489407550685119, 0.8181456876949204, 0.015951340927350514], [0.1870076878315239, 0.17567489236545053, 0.6131676078654836, 0.0241498118375419], [0.36374847993347, 0.3637448738525689, 0.20087891216418297, 0.07162773394977817], [0.26269893861665006, 0.5063610463098024, 0.21440649177721757, 0.016533523196329947], [0.3375711566457523, 0.5653200955615407, 0.07893623704926461, 0.018172510643442316], [0.34274147150076556, 0.0951748366095031, 0.49868208544352804, 0.06340160634620334], [0.1539946335847563, 0.04623670468585727, 0.7699155153315578, 0.02985314629782864]], "ideal": "B", "sampled": "B", "correct": true}}
{"type": "result", "data": {"idx": 14, "options": ["Worship", "Submission", "Obedience", "Faith"], "probs": [[0.00016345292840018403, 0.9997554759911284, 6.3016659819362e-05, 1.8054320652112613e-05], [0.00022333643696172744, 0.9994098709157142, 0.00035135516778559745, 1.5437379538429142e-05], [0.0004368798971531872, 0.0008161680869971913, 0.9985018944916672, 0.00024505742418240727], [0.029298064517885882, 0.020453091213501518, 0.7918655083761279, 0.15838333579248468], [0.001074644083138922, 0.006281325639987533, 0.9923723273694517, 0.00027170280742188355], [0.013404149479901813, 0.969524981402594, 0.0011530881313889447, 0.015917780886115195], [0.9965617837476064, 0.003429586883909781, 4.078949627793008e-06, 4.550318856013877e-06], [0.9927409767456079, 0.00723260206988164, 2.2663189785252634e-05, 3.757894725159395e-06], [0.9994794409707837, 0.0005033283800605231, 1.383913833515536e-05, 3.391410820638908e-06], [0.9984110475436501, 0.0010156638334241318, 0.0005697381498737522, 3.550373052096653e-06], [0.9847985446367393, 0.015188927682164802, 9.669355033190779e-06, 2.858226062693296e-06], [0.985928055484305, 0.014063570603642418, 5.1815768364173584e-06, 3.192235216212563e-06], [0.000355231873597507, 0.0046065022199917776, 0.9947437836980803, 0.00029448210833044665], [0.006276562201384074, 0.5307557068247507, 0.39442678441969975, 0.06854094645416554], [9.913816304070516e-05, 0.9997452316072034, 0.0001313356757223047, 2.42944540336129e-05], [0.00011579456533174403, 0.9987983030334959, 0.0010648148517675474, 2.108744940479986e-05], [0.0005018029547685766, 0.9964348215397948, 0.0022488884007104653, 0.0008144870047261424], [0.00043958109245214813, 0.02554737832026887, 0.9737664672714604, 0.00024657321581857665], [0.0027512041289687985, 0.0021425932723032155, 0.9949160365043443, 0.0001901659943836548], [0.9399403833807731, 0.03166441013765585, 0.0008843307081593112, 0.027510875673411688], [0.00029594069102176223, 0.9996453244393181, 4.90720108180582e-05, 9.662758842040146e-06], [0.00030060489030108275, 0.9996578467917998, 3.218263128631719e-05, 9.365586612814152e-06], [0.9743103654515223, 0.0069882508056495285, 0.01624826672483685, 0.0024531169179913253], [0.0015235569887941229, 0.0006975206084676159, 0.9976650551955022, 0.00011386710723610137]], "ideal": "B", "sampled": "B", "correct": true}}
{"type": "result", "data": {"idx": 15, "options": ["Suffering", "Soul", "Impermanence", "No-self"], "probs": [[4.1324217839686454e-05, 4.4683349358790173e-05, 0.00020660661731809315, 0.9997073857154835], [7.837666886157089e-05, 0.00011402469318892601, 0.9990869484407997, 0.0007206500971498145], [3.168659989881082e-05, 4.005687270038543e-05, 0.0001488235619524302, 0.9997794328654483], [4.905142212541057e-05, 9.7541795148936e-05, 0.9991763416778621, 0.0006770650048635485], [3.119156494895697e-05, 0.9996134144727985, 0.00020659262583427895, 0.00014880123641820278], [2.9304970595672508e-05, 0.9997231911472055, 0.00011410431753326607, 0.00013339946466547453], [6.399350361176475e-05, 5.3053733697240836e-05, 0.00034594274543762457, 0.9995370099172534], [7.595635259447951e-05, 0.00011948464370446108, 0.9989751800350222, 0.000829378868678837], [8.346958800501077e-05, 0.00016600264386427356, 0.0001333837987898244, 0.9996171438693409], [6.599092963107023e-05, 0.0001738498162677684, 0.998968754265344, 0.0007914048887571046], [3.9431174973633864e-05, 0.99965612651745, 9.458937576130408e-05, 0.00020985283181506278], [4.197285339252248e-05, 0.9996234255657825, 0.00012145094754501122, 0.0002131505332799436], [6.30143348934294e-05, 4.263896090126522e-05, 0.00014424100338342007, 0.9997501056008219], [5.916620247638316e-05, 8.743396164313425e-05, 0.9991548576772249, 0.0006985420586555857], [0.00010227866704845088, 8.347927203353534e-05, 0.00010069309753265618, 0.9997135488633854], [0.00010220614208211165, 0.00012718583643848546, 0.998941257356785, 0.000829350564694414], [1.8339653243647494e-05, 0.9997849259368218, 7.140914363068625e-05, 0.0001253251663038581], [1.862873039773552e-05, 0.9997965538746126, 0.00010390050577555855, 8.091678921402842e-05], [0.9963456388392115, 0.0035934126921847638, 4.118670402230394e-05, 1.9761664581440934e-05], [0.9964158584246512, 0.0035379457208615382, 2.8754994004868947e-05, 1.7440760482404808e-05], [0.9956250355593289, 0.004331344085358313, 2.699134958195576e-05, 1.6628905730763634e-05], [0.9949657367981706, 0.00498204663930159, 3.153518468111982e-05, 2.0681277846646458e-05], [0.9944774826921998, 0.005469014853349276, 2.696023638769308e-05, 2.6542118063157457e-05], [0.9949553965515977, 0.004981997434238082, 3.686795378724695e-05, 2.5737960376902493e-05]], "ideal": "D", "sampled": "D", "correct": true}}
{"type": "result", "data": {"idx": 16, "options": ["Spiritual narratives", "Redemption narratives", "Birth narratives", "Theological narratives"], "probs": [[0.02519045788438754, 0.012469598191869274, 0.9601730063972364, 0.002166937426506822], [0.027897461635446347, 0.01640032009485318, 0.00243770465483162, 0.9532645135148688], [0.002887052175429943, 0.9962342509283018, 0.0007649913078627181, 0.00011370548840562285], [0.002885666554865013, 0.99575910850885, 0.001078296378133256, 0.00027692845815175597], [0.025114520828906927, 0.014535316091419183, 0.002999561063622445, 0.9573506019160515], [0.016392700517606957, 0.012765992956659807, 0.9677612958689608, 0.003080010556772443], [0.004495146390848877, 0.0065399082764091, 0.9859707307779985, 0.002994214454743533], [0.0038627564014131993, 0.004732816598912391, 0.0007971403738362892, 0.9906072865258381], [0.0009686248279462336, 0.9978549372801824, 0.0008030092694733591, 0.00037342852239801306], [0.0009685972233761529, 0.9978267900414556, 0.0006352173357065179, 0.0005693952994617267], [0.0023905925772654568, 0.001920918107431226, 0.0005858513141662598, 0.9951026379011371], [0.002570620261278181, 0.0031989668358686964, 0.9895759182429439, 0.004654494559909219], [0.9868483432694672, 0.013018917146314663, 0.00010096713845512226, 3.1772345762984914e-05], [0.9826154258826307, 0.017173365013676882, 0.00016065377224073853, 5.055523145162973e-05], [0.9913763649575645, 0.008444195314837881, 0.00013648918929567094, 4.29504383019175e-05], [0.9914031181296147, 0.008444442035990584, 0.00010143334203431059, 5.1006392360433964e-05], [0.9885222110614685, 0.011154614416158089, 0.0002503215889117681, 7.285283346164283e-05], [0.9903798900804063, 0.009410755900211173, 0.00014289692916960857, 6.64569902129319e-05], [0.005682600600618008, 0.007072153776475538, 0.0011911549431757851, 0.9860540905797307], [0.0052321148851913945, 0.009326675007361436, 0.9816134989761732, 0.0038277110312738708], [0.003523788929226094, 0.0031097645835189147, 0.0008771543628613553, 0.9924892920243936], [0.003397760594412897, 0.004098235711164089, 0.9873233108483201, 0.005180692746102909], [0.0011676038114205014, 0.9971891811110803, 0.0011859793904033212, 0.0004572355870957845], [0.0009838508522779675, 0.9978278844864755, 0.0008029883688898991, 0.0003852761923565786]], "ideal": "C", "sampled": "C", "correct": true}}
