{"type": "result", "data": {"idx": 0, "options": ["k = 0 and n = 1", "k = 1 and n = 0", "k = n = 1", "k > 1"], "probs": [[0.23966497024585942, 0.2638850384737171, 0.2678727097569935, 0.22857728142340603], [0.24430565451443725, 0.268024613060039, 0.2664104134445087, 0.22125931888100847], [0.23682362873631066, 0.267517358018905, 0.27004048469277403, 0.22561852845199834], [0.23694395763161033, 0.2670229962895944, 0.26148659439703503, 0.23454645158175652], [0.2468467772280024, 0.2753241916361473, 0.2522041742620866, 0.2256248567737612], [0.24073510628077252, 0.27191443627716777, 0.25024572055026134, 0.2371047367917861], [0.23777458675648164, 0.265525973768752, 0.2653652848184698, 0.23133415455629977], [0.24220145471169569, 0.2711635038168946, 0.2661353065530046, 0.22049973481841326], [0.2376205996035957, 0.2679389263576143, 0.27144129782414084, 0.2229991761146627], [0.2332487702401968, 0.26918877022945126, 0.2668322247846556, 0.23073023464570577], [0.24761134230189205, 0.2768210429555148, 0.2463685488112784, 0.2291990658313022], [0.2359392035951196, 0.2735925374714748, 0.24435154092607275, 0.24611671790733033], [0.22992254773695955, 0.27160636422329926, 0.26924526110872204, 0.2292258268310274], [0.23208357480699596, 0.2707238300479902, 0.2629900081137451, 0.23420258693124868], [0.23312798594967687, 0.27359356765215115, 0.2697680412224258, 0.2235104050757435], [0.23242095452249778, 0.2746016983421109, 0.2654026435586962, 0.22757470347668696], [0.23236777400124797, 0.27649123548720556, 0.25702874671317816, 0.23411224369837735], [0.23371171066600124, 0.27527322173638014, 0.2555624188876233, 0.23545264861000176], [0.24861258696595803, 0.2569495210145086, 0.2584939451093725, 0.23594394681017195], [0.23896182879041286, 0.2525619967259149, 0.2577585268408447, 0.2507176475428306], [0.24901118105863132, 0.2582019308696879, 0.2563274694765202, 0.23645941849515983], [0.23688534876636577, 0.2572035261339665, 0.2562946999705447, 0.2496164250291258], [0.23446862964504653, 0.2579673777002841, 0.26341221247457713, 0.24415178008008218], [0.235812954087189, 0.2577257996300472, 0.2617009790206181, 0.24476026716213303]], "ideal": "B", "sampled": "D", "correct": false}}
{"type": "result", "data": {"idx": 1, "options": ["0", "1", "2", "3"], "probs": [[0.20491095028778233, 0.2224798214831448, 0.333871084719297, 0.23873814340976507], [0.21953902454069965, 0.23526883953457856, 0.31747076568307975, 0.22772137014164717], [0.22508836106662886, 0.2398451369057413, 0.32267908982853566, 0.2123874120990737], [0.2245735127629631, 0.23956930113446404, 0.3145803122768806, 0.22127687372568608], [0.22600971673662237, 0.24772163247755857, 0.31551883764788524, 0.21074981303793858], [0.22899721175499452, 0.24399393587569942, 0.31510766874176704, 0.21190118352752058], [0.2227140027417375, 0.2519983985738076, 0.29964246222479246, 0.22564513635966593], [0.22896971977841685, 0.2571539271489718, 0.29113255534211996, 0.22274379763048596], [0.2278395021546074, 0.2500416310153873, 0.31649633399317234, 0.20562253273683964], [0.2181942735027096, 0.2453989894434045, 0.3123450098409327, 0.22406172711296077], [0.23385063421353428, 0.2600826169565005, 0.30041642284607084, 0.20565032588389132], [0.232143913010104, 0.2581263628818309, 0.2999281977155369, 0.20980152629252471], [0.24228104760761385, 0.26326000772520075, 0.29113242771935416, 0.20332651684782424], [0.245671418718762, 0.2642018893172678, 0.28694586775539366, 0.2031808241085837], [0.24908617548684972, 0.2612729257487375, 0.2937839193535726, 0.19585697931084708], [0.23928656557299655, 0.25941117947643294, 0.29144890372644694, 0.20985335112409512], [0.24410959618574055, 0.2586151452391437, 0.30432434127356, 0.19295091720155338], [0.2350441886067555, 0.25394568052802796, 0.30526275697310395, 0.20574737379211971], [0.2474078034482895, 0.2713185170077946, 0.2784338094584961, 0.20283986998541326], [0.2520804063262619, 0.26695272816431803, 0.2779793930263235, 0.20298747238307888], [0.25207740046502847, 0.26866375633863016, 0.2796892538736556, 0.19956958922266782], [0.24441525874613912, 0.26527458233863477, 0.2826554937773491, 0.20765466503784769], [0.2510100732960972, 0.26538612806149087, 0.29033243625590566, 0.19327136228652858], [0.24178810653399727, 0.25837188065515393, 0.2923562936982736, 0.20748371901256996]], "ideal": "D", "sampled": "D", "correct": true}}
{"type": "result", "data": {"idx": 2, "options": ["n = 1 and r = 6", "n = 1 and r = 7", "n = 2 and r = 5", "n = 2 and r = 6"], "probs": [[0.23093980814706438, 0.2739856291543794, 0.2603517744408421, 0.2347227881577206], [0.234021496484876, 0.27450676390919493, 0.26013973556324915, 0.23133200394267503], [0.23304491670481164, 0.2737734773479512, 0.26087242896023616, 0.2323091768869956], [0.2337499347879667, 0.2756941213708519, 0.2620616304502016, 0.2284943132909858], [0.2365868603747795, 0.2754821934745362, 0.2572086125182831, 0.2307223335323967], [0.23280160779032233, 0.2732860500938123, 0.25891743202644485, 0.23499490998941372], [0.22849718102865874, 0.26861330284479995, 0.263771496415266, 0.23911801961128148], [0.23084609769057363, 0.2693786248164552, 0.2638032999021719, 0.23597197749079352], [0.22937983321982783, 0.2691353673704695, 0.26306973934666694, 0.2384150599630285], [0.22886420393477086, 0.2695919960902819, 0.2640141944812443, 0.23752960539370616], [0.2330156189998886, 0.27154280510321, 0.26548077982915624, 0.22996079596775218], [0.23042303353771365, 0.2690705271002586, 0.26544768028713, 0.2350587589749137], [0.23414401611767643, 0.27694934875876465, 0.2579412548478145, 0.23096538017573756], [0.2324643191095921, 0.2774706073124484, 0.2606596083643105, 0.22940546511363136], [0.2321625127224878, 0.2771595815341739, 0.25693226757577503, 0.2337456380675691], [0.23035924011255376, 0.27572919227716675, 0.2584286366575397, 0.23548293085273253], [0.23524514732143673, 0.2747515896471989, 0.26062748647643896, 0.22937577645491855], [0.23387182474597995, 0.27496387037813647, 0.2601073907118802, 0.23105691406400677], [0.23628639277275504, 0.2781007064490776, 0.2537264495036973, 0.2318864511744893], [0.23207043885715764, 0.2752385909778946, 0.2559859582633031, 0.2367050118016392], [0.23668121971674072, 0.2798443852118833, 0.25693278546695236, 0.2265416095044304], [0.2313367893626205, 0.2764605491095124, 0.25842896348091, 0.23377369794695088], [0.23411787204581913, 0.2737398625535351, 0.25864173794665907, 0.23350052735399324], [0.23365778034830717, 0.27523893614447537, 0.2572083208668217, 0.23389496254038933]], "ideal": "D", "sampled": "D", "correct": true}}
{"type": "result", "data": {"idx": 3, "options": ["4", "8", "16", "2sqrt(2)"], "probs": [[0.2513258051780474, 0.27595034986171574, 0.26744205796601644, 0.20528178689422008], [0.2621082350788324, 0.2798887875422827, 0.2689382105011824, 0.18906476677769204], [0.24561651363780657, 0.27402928079935013, 0.2831084974059565, 0.19724570805687563], [0.24989433911626074, 0.27500454532678675, 0.28261719410813874, 0.19248392134880277], [0.265983697717158, 0.2888883206529989, 0.2552289100129853, 0.1898990715168619], [0.25938918086874685, 0.28522673186783887, 0.25400761189368143, 0.20137647526973534], [0.24995010149732702, 0.263220444445302, 0.2776659419860633, 0.20916351197131866], [0.26064050758536844, 0.26718946146353245, 0.2784638604302715, 0.19370617042081653], [0.24854557185745882, 0.2615733992802733, 0.28726059622092837, 0.20262043254132822], [0.2540115908361406, 0.2615420745151374, 0.28868833001325395, 0.19575800453546685], [0.2625911704260766, 0.2762269926854146, 0.2613672983455402, 0.19981453844295805], [0.26036204634311694, 0.2739960355418507, 0.2588926701879749, 0.20674924782705734], [0.24879528246839255, 0.27866842573281075, 0.2679633427493843, 0.20457294894940095], [0.25569895296556217, 0.27981803014597356, 0.2683832641604681, 0.196099752628011], [0.2515743201724356, 0.280831436773898, 0.2615786360555277, 0.20601560689814075], [0.25963606138648293, 0.28229606577344285, 0.26255348993878497, 0.19551438280129058], [0.2598127333489479, 0.28759876579655763, 0.25663177614107163, 0.19595672461344976], [0.26622756474896314, 0.28986613619960816, 0.2554727353434836, 0.1884335636079473], [0.2638150141412481, 0.2811098806297064, 0.2559944260349014, 0.19908067909413218], [0.2594182039941234, 0.2801341663948838, 0.25623829094890527, 0.2042093385620742], [0.2699232599578085, 0.28599339432365567, 0.24720020608731952, 0.1968831395312051], [0.2669926710731667, 0.283795240478574, 0.24487983233788718, 0.20433225601036023], [0.2637831929932795, 0.283274201368666, 0.2596256985125038, 0.19331690702555043], [0.2664382419639391, 0.28372683366698814, 0.25886145362589325, 0.19097347064319173]], "ideal": "A", "sampled": "D", "correct": false}}
{"type": "result", "data": {"idx": 4, "options": ["2/69", "1/30", "2/23", "12/125"], "probs": [[0.28112318533940994, 0.2774069796541472, 0.2701367384385395, 0.171333096467912], [0.2786797946213733, 0.2771635098928026, 0.2694042397175777, 0.17475245566825412], [0.2830772945831136, 0.2793600699467193, 0.2684272456265189, 0.1691353897436568], [0.27843658796423776, 0.2776525360627623, 0.2676930206775666, 0.17621785519543934], [0.2769692424259594, 0.27374694835912305, 0.2803944757566, 0.16888933335832482], [0.2767944235305924, 0.27405881983385744, 0.2794841824511862, 0.1696625740843447], [0.26817783569028797, 0.2771612585967099, 0.28186224652543024, 0.17279865908758388], [0.2677208072477922, 0.27475329227940254, 0.27921001083090097, 0.17831588954190383], [0.2659797278165681, 0.2747178990782728, 0.2847935461412283, 0.17450882686394362], [0.2662555812990838, 0.2752395845177592, 0.28140884483532314, 0.17709598924783485], [0.26353655130387293, 0.2720325627522985, 0.283083611468481, 0.18134727437536066], [0.2650662840407059, 0.2733213901878599, 0.28241989062855755, 0.1791924350428639], [0.2779140348331706, 0.27737377385964285, 0.2720575725086161, 0.1726546186985916], [0.2752614162183737, 0.27594378107114553, 0.270135425168719, 0.17865937744176888], [0.2752952954396029, 0.27353267816144483, 0.2740778967960298, 0.17709412950291972], [0.2759926555240203, 0.2749641037664785, 0.271114752687784, 0.1779284879217274], [0.2718100793739762, 0.2715137872977153, 0.278161408715869, 0.1785147245124605], [0.27550329481809155, 0.272279997872503, 0.2789298842193759, 0.17328682299003884], [0.2713501504443732, 0.2815554063646987, 0.2794221002392375, 0.16767234285170468], [0.26967564863963817, 0.2828118511166124, 0.27945478450723193, 0.16805771563651709], [0.2672641047680797, 0.2811366815291978, 0.27582460801541486, 0.17577460558729552], [0.2696737773773949, 0.28159038638544764, 0.2738376287243025, 0.1748982074128552], [0.2669576756692044, 0.28033330789704153, 0.276733876955061, 0.17597513937870557], [0.27065085754024226, 0.27987973300719743, 0.27701336716717395, 0.1724560421853871]], "ideal": "C", "sampled": "A", "correct": false}}
{"type": "result", "data": {"idx": 5, "options": ["(S, +, x) is closed under addition modulo 10.", "(S, +, x) is closed under multiplication modulo 10.", "(S, +, x) has an identity under addition modulo 10.", "(S, +, x) has no identity under multiplication modulo 10."], "probs": [[0.23754160734434004, 0.2523786944982901, 0.25904881072072705, 0.2510308873366187], [0.23002869141166518, 0.248775188574651, 0.2545868476663972, 0.26660927224728814], [0.23974818821083177, 0.2576274814084772, 0.26258701285179686, 0.24003731742891926], [0.2359239622439079, 0.25210177704746556, 0.25681720661878904, 0.2551570539898277], [0.2327191170119932, 0.2584200042416473, 0.26314130031782784, 0.24571957832853644], [0.2313747297532281, 0.2550013499751265, 0.2621628499830528, 0.25146107018859587], [0.23347943800896506, 0.25088079796182017, 0.2580396679096414, 0.2576000960195626], [0.22651326159164967, 0.24807266555140886, 0.2565716132042352, 0.26884245955269526], [0.23656595254587398, 0.2587257087704815, 0.265650714561393, 0.23905762402223402], [0.2369660190987005, 0.25252784458510313, 0.2613970231279843, 0.24910911308822814], [0.22975898000097073, 0.25521594916257195, 0.2609092612188181, 0.254115809517654], [0.2338186664271224, 0.25353807601467165, 0.2589863316520415, 0.253656925806166], [0.238582975913116, 0.25720080596530687, 0.25996453074219744, 0.24425168727938057], [0.231036377113391, 0.2547893391525339, 0.25755120889730154, 0.2566230747367639], [0.2373922049741708, 0.2628459883115393, 0.2624416080338926, 0.23732019858039172], [0.23675049100571943, 0.2567092251044976, 0.2577650113122743, 0.24877527247751338], [0.2317133477981672, 0.25399410314422544, 0.2613953559070659, 0.2528971930505572], [0.23097963898882912, 0.2542373184128914, 0.2604196203349263, 0.25436342216336877], [0.2295132456183443, 0.25570131163636495, 0.2621321487601562, 0.2526532938851516], [0.2270315656306963, 0.2553075527691958, 0.26051676731584367, 0.2571441141842435], [0.22843992260216509, 0.2506061386436365, 0.25874274338652925, 0.2622111952676709], [0.22746432397372948, 0.25353708356387605, 0.25898742516034956, 0.26001116720204753], [0.22853565840607087, 0.2527714283214006, 0.2596872162311433, 0.25900569694140274], [0.22863044373151512, 0.2515196826466891, 0.2596539340832091, 0.2601959394386159]], "ideal": "D", "sampled": "C", "correct": false}}
{"type": "result", "data": {"idx": 6, "options": ["12*sqrt(2)", "6*sqrt(2)", "4*sqrt(2)", "1/(2*sqrt(2))"], "probs": [[0.24635665518919134, 0.27303091072694835, 0.2574685543236042, 0.2231438796602664], [0.24647769302461878, 0.27449547488504156, 0.25771424672905136, 0.221312585261301], [0.24592950712156061, 0.27138800873602803, 0.255576387103904, 0.22710609693849262], [0.24721016432621126, 0.27254326601873996, 0.2582019764287284, 0.2220445931263312], [0.24394144425367778, 0.2759961463580093, 0.2582357953740267, 0.22182661391428485], [0.24357426894133438, 0.2755080424257202, 0.25970161492596955, 0.22121607360697362], [0.248006857688962, 0.27382927365941595, 0.257043850833325, 0.22112001771828543], [0.2460193526972158, 0.2737961619122679, 0.25921251007317925, 0.22097197521733863], [0.2451383844704797, 0.271808902788429, 0.25380448665879213, 0.22924822598230946], [0.24626537438744708, 0.2750178026370174, 0.2560350689733932, 0.22268175390214093], [0.24443331014626246, 0.27721587840031414, 0.25530436679132945, 0.22304644456209283], [0.24443223187509452, 0.27770460844625167, 0.25652598925009007, 0.22133717032856196], [0.24806843429075945, 0.2727837263575159, 0.2562494144437611, 0.22289842480797806], [0.24751447818734904, 0.27236301968144183, 0.25973333095472745, 0.22038917107647177], [0.24739322375796052, 0.2711409702960684, 0.2570447844606433, 0.22442102138531644], [0.2456510421791636, 0.2737963185323261, 0.2611669453316353, 0.21938569385687512], [0.24492115385329802, 0.2747723164613652, 0.255548768555873, 0.2247577610294639], [0.2443086632101538, 0.27526165298651234, 0.25848021603197846, 0.22194946767135407], [0.2460260488302927, 0.2679305509824696, 0.2579899215453633, 0.22805347854187907], [0.24468028734286038, 0.2654906547179967, 0.2601877949626544, 0.22964126287649048], [0.244831699291725, 0.26771942392332454, 0.2597328386215147, 0.22771603806342627], [0.24431148914917422, 0.26695633688644826, 0.26141025117253663, 0.227321922691841], [0.2459616160563176, 0.2653113275281227, 0.25658632205895004, 0.23214073425658552], [0.24556269877023024, 0.2650360337087852, 0.2585086375548646, 0.2308926298661058]], "ideal": "C", "sampled": "D", "correct": false}}
{"type": "result", "data": {"idx": 7, "options": ["0", "10%", "25%", "50%"], "probs": [[0.23620538287780218, 0.2413056124996971, 0.30289155880830937, 0.2195974457141777], [0.24524397291265915, 0.2540006659227022, 0.30045370542990446, 0.20030165563472743], [0.24557854092003084, 0.2525062042059353, 0.29577492404655953, 0.206140330727477], [0.24957856304720138, 0.2568687499709653, 0.29940254790618753, 0.19415013897566288], [0.24713625689887583, 0.26053384385273914, 0.29012354137114577, 0.20220635777725562], [0.25305872113826566, 0.257176675743012, 0.29068301963581256, 0.1990815833829028], [0.24481736987585745, 0.275674793617501, 0.2771762123457095, 0.20233162406094546], [0.2496720911907217, 0.2870067164827196, 0.2753270115606597, 0.18799418066588275], [0.25205064257911225, 0.2759461933228226, 0.30579000374865994, 0.16621316024941296], [0.24704663795489645, 0.2673992127915114, 0.29675164148196853, 0.1888025076716272], [0.25794453707787857, 0.28892207160602296, 0.29361679703111204, 0.1595165941849859], [0.254558064900864, 0.2745470848492536, 0.2821685555968654, 0.18872629455299816], [0.25257156173046236, 0.2852642436973649, 0.2726054257935355, 0.18955876867862925], [0.25620542830081433, 0.29304245459314054, 0.2757480209279861, 0.17500409607806475], [0.26111819235653727, 0.2896560742952965, 0.28604283761095184, 0.163182895637211], [0.2545266245516339, 0.2813520842572028, 0.2801787986176139, 0.18394249247354194], [0.2626161320671972, 0.29286530507317443, 0.2868130144319658, 0.15770554832764921], [0.25553345742308026, 0.2826070795279595, 0.276062500050634, 0.18579696289830824], [0.25251020847481204, 0.2856834758929284, 0.27327213524447364, 0.18853418028780472], [0.26136532633807674, 0.2828206524718498, 0.27382705327644546, 0.1819869678136237], [0.2625513887980714, 0.2852260035211682, 0.2840545350018199, 0.1681680725789508], [0.2552273581221646, 0.27155209045717016, 0.27770163958577687, 0.19551891173489283], [0.26792411850891446, 0.2791206657180836, 0.2913812803466106, 0.16157393532640205], [0.25898384408594854, 0.2674989526744494, 0.28195668443310073, 0.1915605187064685]], "ideal": "C", "sampled": "D", "correct": false}}
{"type": "result", "data": {"idx": 8, "options": ["None", "I only", "II only", "III only"], "probs": [[0.26333799315424405, 0.25546167115136176, 0.2782015826513288, 0.20299875294306632], [0.27070290295751587, 0.2589105320890992, 0.2765225222961765, 0.19386404255720327], [0.272409436825179, 0.2559790983884589, 0.2806765834314627, 0.19093488125489536], [0.2948946186458253, 0.24547002516893424, 0.2735876856604221, 0.18604767042481926], [0.2748548990724074, 0.25914883672320627, 0.27139405336903943, 0.19460221073535144], [0.2858506696235333, 0.2497443120206595, 0.266017032486418, 0.19838798576939545], [0.2831916195585706, 0.2743332560260953, 0.26654138950627854, 0.17593373480903962], [0.29174884633537224, 0.27408589924192756, 0.26409414354121663, 0.17007111078147172], [0.29764705935486524, 0.26434441717672547, 0.2714576341405184, 0.16655088922786915], [0.28051489448924555, 0.2562471940760942, 0.27533442608724085, 0.1879034852474058], [0.3012817066008811, 0.26748450720591077, 0.26678078633103064, 0.16445299976217342], [0.2863791851571544, 0.2716373215636068, 0.26507218865751825, 0.17691130452171275], [0.28441736913610594, 0.2740841557000634, 0.2728894453307144, 0.1686090297331067], [0.2985580810479291, 0.2672070008276957, 0.2665005120495783, 0.16773440597480602], [0.2863748010422664, 0.27115062290155567, 0.27337796113855384, 0.16909661481761726], [0.2749324625251214, 0.2692237762543782, 0.2758531106889967, 0.1799906504314913], [0.3022649498633174, 0.25966251107956406, 0.27361581260177653, 0.16445672635534472], [0.2797487265480478, 0.26915845427583834, 0.28067129888942743, 0.17042152018669812], [0.28295731959634984, 0.2691909332991649, 0.27117883114378677, 0.1766729158606943], [0.28787918887612907, 0.2594495142197682, 0.2685222210587647, 0.1841490757453257], [0.2802721162762179, 0.26454688188581243, 0.27337801368385833, 0.1818029880541115], [0.2639682433053004, 0.2631428961576, 0.27320075630639656, 0.19968810413068117], [0.2971401938821153, 0.24939471090721752, 0.2782548888912629, 0.17521020621941347], [0.2814999643297097, 0.2562368383090144, 0.281923378665628, 0.18033981859565193]], "ideal": "C", "sampled": "B", "correct": false}}
{"type": "result", "data": {"idx": 9, "options": ["Every compact space is complete", "Every complete space is compact", "Neither (a) nor (b).", " Both (a) and (b)."], "probs": [[0.26114792976797174, 0.22653129375156666, 0.24761254812576283, 0.26470822825468554], [0.26283908754200397, 0.24421528800838846, 0.27339120704835124, 0.219554417301259], [0.2547531684853425, 0.22430120759294048, 0.2650660485348602, 0.2558795752868675], [0.2960712176062609, 0.23823734322508708, 0.2493146488305744, 0.21637679023808823], [0.2718345893278558, 0.25258382625429177, 0.28334614855580686, 0.19223543576207455], [0.3026882381587057, 0.24668148764547623, 0.25578939485020535, 0.19484087924560659], [0.2606296042662972, 0.22784197058484382, 0.2439161444435093, 0.26761228060535486], [0.26336347943830163, 0.24680808295818613, 0.2700028528101167, 0.21982558469338997], [0.25133197672647006, 0.22137294476667255, 0.26628497058388173, 0.261010107822983], [0.2950918393470637, 0.23897643781078987, 0.25359425888716003, 0.21233746385499358], [0.27168593975838506, 0.2517046316633844, 0.2839421435363383, 0.19266728494188007], [0.30093446421132225, 0.24641429489765676, 0.2594277009755407, 0.19322353981548088], [0.2305823604440078, 0.27004541695910916, 0.2518962694385886, 0.24747595305827208], [0.25524731105387316, 0.2819746358821551, 0.250414239417039, 0.21236381354693581], [0.23028273048875814, 0.26777998426418387, 0.2502460124861799, 0.25169127266088037], [0.25549040285511426, 0.2814833957347788, 0.2518859998527512, 0.21114020145736256], [0.2586873488636344, 0.27930798718855915, 0.28910993618225767, 0.17289472766556005], [0.25749487600116217, 0.27909459505961004, 0.29110842555401734, 0.17230210328521506], [0.25527636199658726, 0.29637984558584374, 0.2680267457155605, 0.18031704660201225], [0.2782065341497825, 0.28830127590952986, 0.258460958930518, 0.1750312309101757], [0.253565023160557, 0.2941765466655637, 0.2663174535020128, 0.18594097657187292], [0.27823895697396284, 0.2863804362920888, 0.2589849478996523, 0.17639565873429205], [0.25844867003495414, 0.2797903449416558, 0.29179256383005264, 0.16996842109335142], [0.2565242485298209, 0.2800653503338042, 0.29452434436304675, 0.1688860566733357]], "ideal": "A", "sampled": "D", "correct": false}}
{"type": "result", "data": {"idx": 10, "options": ["10", "20", "25", "45"], "probs": [[0.25351846454841215, 0.24909123950809384, 0.2864923589205724, 0.2108979369229169], [0.2544961181095183, 0.2508002874251051, 0.2857594850407508, 0.2089441093246214], [0.25351888348815516, 0.254462525678684, 0.287470272351296, 0.20454831838186047], [0.25519930595890084, 0.2534530028400461, 0.28450413296641247, 0.20684355813465038], [0.253793900034666, 0.25424971112828504, 0.2835975429793438, 0.20835884575768887], [0.2569077630631572, 0.2524780383442462, 0.282306699032694, 0.2083074994599114], [0.25941425933954887, 0.26841600074003585, 0.26161046032891927, 0.21055927949147932], [0.2559634334800945, 0.2686277925855306, 0.2613340568611057, 0.2140747169732646], [0.2585849472359315, 0.263920207351005, 0.28642422975504794, 0.19107061555803806], [0.25352486328885454, 0.26105022607988365, 0.2813640028972053, 0.20406090763405832], [0.2591689231980361, 0.26426114000634304, 0.2848196367413003, 0.19175029995430629], [0.2562413084733014, 0.2583976710810797, 0.2809098511028258, 0.20445116924277995], [0.2568753935462888, 0.26856180314553824, 0.26371394398387005, 0.21084885922432312], [0.2586499739349961, 0.2696031613634197, 0.26157939931706004, 0.21016746528452088], [0.2625237376915688, 0.2649308404682634, 0.277666469146176, 0.19487895259400054], [0.2586527931242248, 0.2605642084302693, 0.2759902383312778, 0.20479276001422742], [0.26063389856556235, 0.26450531759348317, 0.28237746365488764, 0.1924833200860535], [0.255964702316867, 0.25812267415215034, 0.2781888200043391, 0.20772380342664143], [0.2503431054971986, 0.2635011665085805, 0.2628007686826854, 0.22335495921152923], [0.2549538190825388, 0.263224230125265, 0.26008179100396744, 0.22174015968823557], [0.2598049358024386, 0.2622149011878481, 0.2773876713902914, 0.20059249151944036], [0.2569096621953562, 0.2556519295805079, 0.2730246481466899, 0.21441375997745424], [0.2608453539959755, 0.2605695479996219, 0.27843273999773294, 0.20015235790666408], [0.2522679417155416, 0.2534561417967301, 0.2752223866728397, 0.2190535297148951]], "ideal": "D", "sampled": "A", "correct": false}}
{"type": "result", "data": {"idx": 11, "options": ["1/64", "15/64", "1/4", "3/8"], "probs": [[0.2575583442618702, 0.2692068152334729, 0.28103852674182206, 0.19219631366282622], [0.2534041681589431, 0.2657892587409892, 0.27834793921808304, 0.20245863378197246], [0.2604591533908455, 0.2699032736716704, 0.27294208518173085, 0.19669548765575948], [0.25923465894171827, 0.2725923656351497, 0.27123188385808866, 0.1969410914650473], [0.2535877126086427, 0.26865096853218734, 0.2826779767642698, 0.19508334199491534], [0.25389099651560093, 0.2709145758039136, 0.28177336210518455, 0.19342106547529309], [0.26028028532905845, 0.27461218660750686, 0.26982920279871037, 0.19527832516470547], [0.25630702137369965, 0.27137456460662207, 0.2680493482157621, 0.20426906570391634], [0.2604260790545075, 0.27280389124564375, 0.27681659659602886, 0.1899534330038347], [0.25483704651723554, 0.2691739944144447, 0.2739186850679357, 0.2020702739003857], [0.2533751230724362, 0.2708849580776476, 0.28222062241467927, 0.19351929633523748], [0.2511115311288733, 0.26910924239665196, 0.2799563992045882, 0.19982282716991123], [0.2618923638059031, 0.2637617797672748, 0.2795073036854647, 0.19483855264137778], [0.25965975521165896, 0.26446557453568237, 0.2819142286220843, 0.19396044153060377], [0.26119137265837283, 0.26648376108563426, 0.2834490141543468, 0.18887585200165113], [0.2553250940406793, 0.2633116026730871, 0.2832033103012493, 0.19815999288498617], [0.2553239094801659, 0.2637976775846877, 0.2832054746033031, 0.19767293823184742], [0.25437981033846035, 0.2633428825515752, 0.2837254667208084, 0.19855184028914583], [0.25581797053239197, 0.26722055982453363, 0.27880243961029155, 0.198159029932783], [0.25685377420039723, 0.26850709818434126, 0.2796077561360176, 0.19503137137922022], [0.25749517498960595, 0.26767734676566973, 0.2819443066806356, 0.19288317146410128], [0.2538273333499107, 0.26572652699708066, 0.284387354859737, 0.19605878469328097], [0.256364654649354, 0.2675314999566059, 0.27520675354696567, 0.2008970917470485], [0.25428770906229586, 0.26618180966062677, 0.27677882924557407, 0.20275165193152436]], "ideal": "B", "sampled": "C", "correct": false}}
{"type": "result", "data": {"idx": 12, "options": ["0", "1", "2", "3"], "probs": [[0.2334922066976108, 0.2426063380643496, 0.2923590581974557, 0.2315423969405918], [0.2356913596014426, 0.2451665541508503, 0.28576688521390853, 0.2333752009338096], [0.2342543397689509, 0.24520000538786915, 0.2928843576317252, 0.2276612971114494], [0.23605824000328754, 0.24553537129450884, 0.28771972691932657, 0.23068666168288468], [0.23581270705867327, 0.24944144818614566, 0.2894302816163328, 0.22531556303885686], [0.23657586604632597, 0.24971487344107568, 0.29117549617211524, 0.22253376424048038], [0.23322033661640662, 0.25490917037012717, 0.28304253427594317, 0.22882795863754224], [0.23498722932664293, 0.256189130765505, 0.27725167267407863, 0.23157196713377065], [0.2327862385403839, 0.2510605942677207, 0.29484011701632606, 0.2213130500755661], [0.22994896188662492, 0.24895413184928367, 0.287965446525442, 0.23313145963865797], [0.23434509267358236, 0.2546882493099866, 0.2889446144284, 0.22202204348804433], [0.23105004230928775, 0.2551777763457524, 0.2906534873958401, 0.22311869384913105], [0.2355980040296811, 0.2566798354960717, 0.28457864618335516, 0.223143514190886], [0.23737317723315052, 0.25783680240257684, 0.2810900496840339, 0.22369997058025784], [0.23834140603150233, 0.25307710728364685, 0.2922221823787321, 0.21635930420608954], [0.2310793443924061, 0.2527701877614328, 0.2858004777832123, 0.23034998996294437], [0.23813219783343392, 0.2539584173049803, 0.29016324998819565, 0.2177461347733999], [0.22982688474924423, 0.25127425583448454, 0.2928493862657318, 0.2260494730505466], [0.23709081875484692, 0.26184122574867785, 0.2760634425113301, 0.2250045128851266], [0.23807552049282246, 0.26098053407604077, 0.2783692336987443, 0.2225747116324223], [0.23721225423555767, 0.2581763738591905, 0.283636092195253, 0.22097527960998073], [0.23034501765366336, 0.2569244742199844, 0.28531121080019706, 0.22741929722614818], [0.23874292656161686, 0.2576223910170597, 0.2855217943874569, 0.21811288793387412], [0.2337630845431908, 0.25496990888399385, 0.28653232203834716, 0.2247346844344613]], "ideal": "A", "sampled": "A", "correct": true}}
{"type": "result", "data": {"idx": 13, "options": ["4", "7", "10", "13"], "probs": [[0.23724941553650114, 0.2573580294390442, 0.2754726232566528, 0.22991993166781952], [0.24085262065171104, 0.25888251344525276, 0.27236459367593496, 0.22790027212709643], [0.2429589683794607, 0.26331258026568466, 0.2758174635872241, 0.21791098766761094], [0.24302320200995975, 0.2627585917259677, 0.27110872067830194, 0.2231094854857763], [0.24695966500376668, 0.26352411092378736, 0.2733406882084127, 0.2161755357640267], [0.24341968280047344, 0.26254543540129793, 0.2733409150419816, 0.22069396665624144], [0.24158491455752046, 0.2601076907969234, 0.2691877741097915, 0.22911962043575512], [0.24131261080705996, 0.2595862572163643, 0.26793289784138646, 0.23116823403519252], [0.24353863671793177, 0.26132653870627987, 0.277983543788941, 0.21715128068684048], [0.24305257884208537, 0.2603483424968095, 0.26992232857814996, 0.226676749982949], [0.2484849470606383, 0.2629720185440859, 0.2740074773245804, 0.21453555697071353], [0.24473268206032048, 0.2605609051188628, 0.2725751753602767, 0.22213123736054544], [0.24076119500680798, 0.2652672871579611, 0.2716637578069275, 0.22230775992828203], [0.2399419849022692, 0.26419284353759637, 0.2681439687517974, 0.22772120270835228], [0.24228783995587994, 0.2632470490758583, 0.2808801990216994, 0.21358491184656772], [0.2396334342145586, 0.26352253530715297, 0.27554031483860175, 0.22130371553968028], [0.24119028953077437, 0.26495586202011107, 0.27990230714203307, 0.21395154120708795], [0.24119128624405844, 0.26446835042341904, 0.279413100466209, 0.2149272627663178], [0.24375501409562542, 0.26764570895937356, 0.2657341744272532, 0.2228651024177502], [0.24290205682076577, 0.2676443007726925, 0.26377990462491085, 0.22567373768163423], [0.24708058133042418, 0.2679205684671971, 0.27114193427304434, 0.21385691582932778], [0.24143496949348986, 0.2664214638899218, 0.27013228572623615, 0.2220112807903582], [0.2424416538174186, 0.26694357699895926, 0.2765145513273734, 0.2141002177562404], [0.2371900730142312, 0.2642579591134494, 0.2782239005654498, 0.22032806720685943]], "ideal": "B", "sampled": "A", "correct": false}}
{"type": "result", "data": {"idx": 14, "options": ["0.64", "0.72", "0.81", "0.95"], "probs": [[0.25236049611354905, 0.2540310561033092, 0.280217331349265, 0.21339111633385763], [0.25746090496443425, 0.26034886838752747, 0.2789643078223624, 0.20322591872566972], [0.25303279939039053, 0.25860441190931854, 0.28210662198688785, 0.20625616661341256], [0.2554759338419315, 0.26300229024371646, 0.2803973043348232, 0.20112447147953572], [0.2552624759891004, 0.26401192484101965, 0.2774999431959649, 0.20322565587391003], [0.2547735793365949, 0.2632797657696581, 0.2762782839617236, 0.20566837083201697], [0.25159865879310855, 0.25497515830845524, 0.28384782055130214, 0.20957836224712828], [0.2550193815175929, 0.2610805619820127, 0.28287301048000646, 0.20102704592038234], [0.2542551628339938, 0.25787230083599044, 0.28405919752135234, 0.2038133387086725], [0.25575096815775955, 0.26132429226017634, 0.2809201882612204, 0.20200455122083955], [0.2552008419111297, 0.26370352004114206, 0.2786523054053965, 0.20244333254235047], [0.2581316978242406, 0.26394783896811996, 0.2757211803780514, 0.2021992827296058], [0.2564529573332189, 0.25811710233311386, 0.2791735846829777, 0.20625635555069774], [0.2566976053946633, 0.2610487587583036, 0.28088454674688657, 0.2013690890001531], [0.2557186705898381, 0.25567480540163134, 0.28259313110046536, 0.20601339280807393], [0.25718527926693124, 0.26080489572704796, 0.2835713302443178, 0.19843849466170943], [0.257917445221645, 0.26275855275995247, 0.27697767459094463, 0.20234632732746494], [0.25865051379791865, 0.2632478421319316, 0.27819727986290693, 0.1999043641072488], [0.25428703636088873, 0.26083709709162234, 0.27823219767592855, 0.2066436687715551], [0.25477534711155414, 0.26132455810836636, 0.27750028430070767, 0.2063998103793668], [0.2562715239715858, 0.26208907266712417, 0.27777857591484434, 0.20386082734643], [0.25718634694166814, 0.2617817444869327, 0.2774661021879195, 0.20356580628348622], [0.2566666569075646, 0.26248073893497786, 0.27865342653753233, 0.2021991775199455], [0.25394870587163115, 0.26220658464700186, 0.28301296885809474, 0.2008317405233031]], "ideal": "D", "sampled": "D", "correct": true}}
{"type": "result", "data": {"idx": 15, "options": ["I only", "II only", "III only", "I and II only"], "probs": [[0.2768063458035747, 0.26647820453742743, 0.257232649418194, 0.19948280014079958], [0.2672756093868771, 0.272334993343822, 0.26260936088901865, 0.1977800362802865], [0.26651305918917967, 0.276458488057391, 0.25720268838676213, 0.19982576426668125], [0.25338326080138784, 0.27285281356800983, 0.26386328978311385, 0.20990063574748632], [0.27118992166161654, 0.288209015648454, 0.2606583448119464, 0.17994271777799178], [0.2741878563636409, 0.2821676540536123, 0.25730176940507576, 0.18634272007765842], [0.2717453067578675, 0.27508526341225464, 0.2602290494180654, 0.1929403803117996], [0.2585143509159256, 0.2799321404957666, 0.26801882582831815, 0.19353468265999554], [0.2641043822901328, 0.2755092784522409, 0.2687150446833613, 0.19167129447427525], [0.26211165346188514, 0.263749431184941, 0.266973500677308, 0.20716541457589005], [0.26339937094087945, 0.2877538875578411, 0.27315147709347753, 0.1756952643078036], [0.27659543776237583, 0.27480497079518035, 0.2619100324656594, 0.18668955887678756], [0.25240992160656156, 0.2704074759810289, 0.2623988807754716, 0.21478372153694106], [0.24596591337414972, 0.27189803295027576, 0.26951763575034154, 0.21261841782523186], [0.26487622094189783, 0.2677155367642437, 0.26899167929967754, 0.1984165628941897], [0.26245826934913746, 0.2555309022142737, 0.26682541110431246, 0.21518541723227302], [0.25015022667422393, 0.28146164375716176, 0.27443961861611443, 0.19394851085248455], [0.25494756281354053, 0.2731851185621571, 0.27080706901850377, 0.20106024950577592], [0.26385888915983724, 0.310673960730298, 0.24966937580308593, 0.17579777420678866], [0.2666111652439437, 0.30414888232541964, 0.24740905722606338, 0.18183089510456335], [0.2709423468831047, 0.30774027679846017, 0.2552882535045666, 0.16602912271388529], [0.2797744057141106, 0.28872102615035256, 0.2456650278826627, 0.1858395401528772], [0.2631560564360901, 0.3046035737030357, 0.25947320221788267, 0.17276716754299473], [0.26929963615436525, 0.2958436064501226, 0.2533950709387978, 0.18146168635670673]], "ideal": "D", "sampled": "A", "correct": false}}
{"type": "result", "data": {"idx": 16, "options": ["I only", "II only", "III only", "I and II only"], "probs": [[0.28444333711751957, 0.2562770412860765, 0.25168138172439447, 0.20759823977201156], [0.27836300644494605, 0.2616834819560063, 0.25269325807578347, 0.20726025342325555], [0.2736201267278399, 0.2672100246411842, 0.2482030619028382, 0.21096678662816215], [0.25710232028633845, 0.2609454850213025, 0.2526940719256113, 0.2292581226667422], [0.2805011797892727, 0.2726100266679139, 0.2555675720775076, 0.19132122136532576], [0.27955606100900726, 0.2662848300563737, 0.251447650348491, 0.20271145848614225], [0.27861302281754424, 0.2648529466020048, 0.25000712266127384, 0.206526907819178], [0.2674302850925285, 0.2666265326741082, 0.2556948559231769, 0.21024832621016618], [0.2759218663515541, 0.26510260018340476, 0.2553819151942742, 0.2035936181707608], [0.26708481210285007, 0.25480470947487516, 0.25290791678665053, 0.225202561535634], [0.26883334773096285, 0.27536026113006296, 0.2636967905075253, 0.19210960053144754], [0.280355180909957, 0.26561355544506665, 0.25321948886204004, 0.20081177468293254], [0.2637388132261003, 0.2641488176193893, 0.2501641984485819, 0.22194817060591787], [0.2568628549172057, 0.262149556634134, 0.253925454071465, 0.22706213427720873], [0.27959500375840773, 0.2597138764261312, 0.25440724404806303, 0.20628387566740644], [0.27078914714165303, 0.24945069390718705, 0.25196356131143016, 0.22779659753973705], [0.2590656047434797, 0.27143557334113155, 0.26174514081157907, 0.20775368100382044], [0.26199767431368715, 0.2655710286751822, 0.25856925654003665, 0.21386204037110912], [0.27568118662943225, 0.29025489716135816, 0.244882107775031, 0.18918180833418496], [0.2722889003795484, 0.2851499674761028, 0.24259532016374244, 0.1999658118806097], [0.27885436113906875, 0.28732250992561303, 0.2501379393531801, 0.18368518948214937], [0.2879701291539026, 0.2729643829333654, 0.2413978340554857, 0.19766765375724052], [0.2693520393290508, 0.28589131466730733, 0.2527373031521755, 0.1920193427514646], [0.2768604457422824, 0.2794707738791706, 0.24742149348054968, 0.19624728679802003]], "ideal": "B", "sampled": "A", "correct": false}}
{"type": "result", "data": {"idx": 17, "options": ["-1/4", "-1/(4sqrt(2))", "0", "sqrt(2)"], "probs": [[0.25967461381306817, 0.2823053068827086, 0.2589345797208001, 0.19908549948344154], [0.26633487839317943, 0.2816427988673826, 0.25753086593799235, 0.19449145670143692], [0.24926377061049074, 0.26921834816155504, 0.2695354527622228, 0.21198242836571016], [0.25048467795084567, 0.26604182750386285, 0.25927314755034403, 0.22420034689492838], [0.26798114522435407, 0.27082563835996903, 0.2677241802029686, 0.19346903611272784], [0.2591817497116136, 0.26936259162132503, 0.2621099887263723, 0.20934566984070996], [0.2636138461643474, 0.2794102693815562, 0.24858211015661655, 0.20839377419748512], [0.2707329372657099, 0.2770003206673838, 0.25142172831869847, 0.20084501364820095], [0.2602274414976475, 0.2745557901680378, 0.2577772330757943, 0.20743953515851632], [0.2594918162412794, 0.27529038914414916, 0.25948788215557445, 0.20572991235899238], [0.2728628100019721, 0.2730257386461225, 0.2555119224895474, 0.1985995287623767], [0.268528370130814, 0.27895415287412634, 0.25435583847846766, 0.1981616384165888], [0.2452925576277003, 0.2652448964073007, 0.2736260802981581, 0.2158364655668431], [0.25017877632817925, 0.26475648446811145, 0.26336620701712504, 0.22169853208658863], [0.251156607741931, 0.27891924698385895, 0.2587267086853894, 0.2111974364888276], [0.2528627060674413, 0.28063227534482804, 0.2575064044897812, 0.20899861399795414], [0.25628703867309793, 0.26378160399048056, 0.25749875235022024, 0.2224326048862053], [0.2567407802512996, 0.2659479583856224, 0.26797099403068125, 0.20934026723241175], [0.27904105790852446, 0.27748930844707087, 0.2577743649205149, 0.18569526862388192], [0.2706622545727778, 0.2749816716512782, 0.24928769544091514, 0.20506837823504567], [0.28364754493684985, 0.2838068013903858, 0.24735996068564903, 0.18518569288711983], [0.2763491883825978, 0.28848107130111444, 0.24678251470906415, 0.1883872255072191], [0.2651138331285092, 0.273583573987736, 0.2461692197802019, 0.21513337300354543], [0.2668556731432448, 0.2789908635846833, 0.2560961810581635, 0.19805728211388934]], "ideal": "C", "sampled": "B", "correct": false}}
