{"type": "result", "data": {"idx": 0, "options": ["It is hard not to verify in our peers the same weakened intelligence due to emotions that we observe in our everyday patients.", "The arrogance of our consciousness, which in general, belongs to the strongest defense mechanisms, blocks the unconscious complexes.", "Because of this, it is difficult to convince people of the unconscious, and in turn to teach them what their conscious knowledge contradicts.", "It is difficult to convince people of the unconscious, and in turn to teach them what their conscious knowledge contradicts."], "probs": [[0.2757077529258017, 0.2445749928992607, 0.24969399716931506, 0.2300232569056055], [0.29889513856802147, 0.24404854783712843, 0.2412344502898958, 0.215821863204957], [0.28524207841173377, 0.25898254436539, 0.2556871077978663, 0.20008826932500223], [0.2854844773864585, 0.2485950170213841, 0.2705952702272612, 0.19532523526489323], [0.2889106122651511, 0.24944988785446692, 0.24566222672248142, 0.2159772730578968], [0.28838104335099946, 0.24502290260962487, 0.26518494464432457, 0.2014111092950609], [0.2866710715500374, 0.2483383220184256, 0.24733934805622923, 0.21765125827529583], [0.30039781493859985, 0.2486059187321732, 0.23502691344383825, 0.2159693527853703], [0.2912488748412045, 0.25132572215556404, 0.2516786362413895, 0.2057467666618603], [0.2954351237283056, 0.24561335958870334, 0.2605045913128986, 0.19844692527009908], [0.2920523165886674, 0.24821173187230058, 0.2358512227464548, 0.22388472869256998], [0.2974606147948699, 0.24677724051390884, 0.25323504047587136, 0.20252710411532968], [0.30378653677796985, 0.2614017349547884, 0.23120772118682748, 0.20360400698040962], [0.29368545167920923, 0.25621131390707086, 0.25583241645697297, 0.19427081785676506], [0.2979208381774569, 0.2530966163118527, 0.2424471172792766, 0.20653542813140877], [0.2935104209926436, 0.25188069826799037, 0.26200289015513245, 0.19260599048422286], [0.2859397337172459, 0.2548074859527341, 0.25418316963698045, 0.20506961059303674], [0.289600759677147, 0.25724935316668435, 0.2524754404792424, 0.20067444657692507], [0.2957581685086969, 0.2528751308792437, 0.23404896065659062, 0.21731773985545905], [0.2890820022117104, 0.2508640098556497, 0.260019087753591, 0.2000349000790614], [0.2929951565573954, 0.24671060549377619, 0.24071099025930592, 0.21958324758953357], [0.2913132853737774, 0.2501659785463705, 0.26029493337450843, 0.19822580260533795], [0.28709405607912253, 0.2515669264154146, 0.25876578990885446, 0.20257322749663245], [0.2866710440886919, 0.25504908893545086, 0.25320905757821033, 0.20507080929764496]], "ideal": "D", "sampled": "C", "correct": false}}
{"type": "result", "data": {"idx": 1, "options": ["Tdc", "Tcd", "Tcc", "dTc"], "probs": [[0.29998713141693645, 0.2835402980631247, 0.22962147795568932, 0.1868510924642502], [0.3017002214460576, 0.28744436195921547, 0.22827732690651634, 0.18257808958821448], [0.30267253398325233, 0.28647107026346624, 0.2315770174276675, 0.17927937822561488], [0.3039329798774773, 0.28992301089173006, 0.2314821515221928, 0.17466185760859035], [0.2965307459894886, 0.290096966445459, 0.24119560536064708, 0.1721766821044202], [0.2972968204343318, 0.2896463291836158, 0.2404920346555554, 0.17256481562649773], [0.2977506748249858, 0.2776461595012641, 0.23630924204477974, 0.18829392352898203], [0.2972645210223326, 0.28252700102856904, 0.2365532570493177, 0.18365522079979504], [0.2992164783590505, 0.28326271774536654, 0.2313027694433925, 0.18621803435220174], [0.30072030776218667, 0.2864694189270414, 0.23352897172758855, 0.17928130148318533], [0.29754274809911296, 0.28866920445638117, 0.24085732942759777, 0.1729307179169092], [0.2960399735476566, 0.2864358045527169, 0.24583628433315083, 0.17168793746648917], [0.2997032164940777, 0.2822846564406856, 0.2387544664932437, 0.17925766047200697], [0.3007559215022968, 0.2872364719527722, 0.23881149873893903, 0.17319610770598282], [0.2973337246723731, 0.28357588815780227, 0.237834980333062, 0.18125540673675122], [0.296079411754908, 0.28646919254831676, 0.24097971699366813, 0.1764716786031098], [0.2970142747475159, 0.2903455046718747, 0.2435158344903148, 0.16912438599030583], [0.29290013267316256, 0.28940155387243116, 0.24830986759219464, 0.1693884457622126], [0.29461187171384945, 0.28891395992354163, 0.23267340392217073, 0.18380076434043807], [0.297858531455615, 0.28776407952394445, 0.23089736726581012, 0.18348002165460509], [0.2953445488219971, 0.2894021882184108, 0.23328402622877328, 0.18196923663081851], [0.2936692799913649, 0.2872396397187509, 0.23612299210723184, 0.1829680880826399], [0.29921457874588886, 0.28912406214825453, 0.2297137461059771, 0.18194761289989025], [0.2945749896333959, 0.28790176170291043, 0.234722264082405, 0.18280098448130097]], "ideal": "A", "sampled": "D", "correct": false}}
{"type": "result", "data": {"idx": 2, "options": ["Some large houses are bigger than some apartments.", "Some houses are bigger than all large apartments.", "Some large apartments are bigger than some houses.", "Some houses are bigger thatn some large apartments."], "probs": [[0.26092749189741693, 0.27280984677267534, 0.2621419159363116, 0.20412074529360275], [0.2624239448588033, 0.27553208177124394, 0.26510587269922553, 0.19693810057071992], [0.2572327736778088, 0.26984606189830324, 0.26235186587095555, 0.21056929845295094], [0.2597684327717288, 0.2755657337878383, 0.26464840149403696, 0.20001743184637605], [0.262455013170514, 0.27287900276086297, 0.2673365522934019, 0.19732943167520078], [0.2633369652267292, 0.2749772451005088, 0.2647963282999419, 0.19688946127283624], [0.26285106285760684, 0.2725332772398365, 0.2606434543318246, 0.20397220547074948], [0.265112340429153, 0.27675357342801776, 0.26363964642693094, 0.19449443961589144], [0.2629148537365035, 0.2733331695803527, 0.2607068226600072, 0.20304515392312955], [0.2636132850314394, 0.2759884650070011, 0.2636073247946827, 0.19679092506688067], [0.2672773259876903, 0.2752568407145263, 0.26336225103626476, 0.19410358216152168], [0.26605580974470955, 0.2745237544489402, 0.26311798908581213, 0.19630244662054122], [0.25659427286071174, 0.2687235988415952, 0.2629370127169487, 0.21174511548072605], [0.25998122309400207, 0.27455506242802186, 0.2655930662379423, 0.1998706481400262], [0.26004660106365163, 0.27315500583358604, 0.26199328168978125, 0.20480511131295076], [0.26190441846034024, 0.27647555757131415, 0.2643403322329212, 0.1972796916354297], [0.2623914604806564, 0.2745235896475493, 0.2653166416904465, 0.19776830808135099], [0.26065012140142907, 0.27326760296584107, 0.26748267113130864, 0.19859960440143767], [0.26410286010752787, 0.2767226775629896, 0.26287132985770495, 0.1963031323717792], [0.26413523285591384, 0.2767573103129963, 0.2609495797407126, 0.19815787699036533], [0.2637906805161997, 0.27617104027324474, 0.2637846021894516, 0.19625367692112614], [0.2629423263455214, 0.27508389176965403, 0.26318045003101787, 0.19879333175378036], [0.2633694596520486, 0.2762357075355439, 0.2616498670853904, 0.19874496562701716], [0.2628815785532591, 0.2750142141096748, 0.2626267105354002, 0.19947749670166645]], "ideal": "C", "sampled": "D", "correct": false}}
{"type": "result", "data": {"idx": 3, "options": ["Valid", "Invalid. Counterexample when G and H are true", "Invalid. Counterexample when G is true and H is false", "Invalid. Counterexample when H is true and G is false"], "probs": [[0.261840715575878, 0.269599428750181, 0.2796368943887872, 0.1889229611851587], [0.2611076885990889, 0.2698439282578443, 0.27963679421742943, 0.18941158882564166], [0.25472623803248284, 0.2732293997619172, 0.28009130450923037, 0.19195305759638553], [0.2518274184549466, 0.28156474617403693, 0.2864757293875983, 0.1801321058834223], [0.2547264015779646, 0.27347318792812514, 0.27984696775437223, 0.1919534426395546], [0.2530178762143782, 0.2803089612740404, 0.28644033299688904, 0.18023282941470947], [0.2777199231245469, 0.28937455912050764, 0.24471713893401004, 0.18818837872094393], [0.2789750533218314, 0.28892148989982336, 0.24413626842774316, 0.18796718825059816], [0.2696190729340732, 0.2739604951697138, 0.2551894414429967, 0.20123099035323275], [0.26424958958353995, 0.26858435486670146, 0.2747222976466378, 0.19244375780313966], [0.2716062303622124, 0.27228480190140586, 0.25692977398882666, 0.1991791936475591], [0.26431462140138673, 0.26693986029357164, 0.27649859817989986, 0.1922469200251367], [0.2765309850032231, 0.29380623640671166, 0.24535941455532947, 0.1843033639347321], [0.27622116354399434, 0.298859876445168, 0.2499391420985483, 0.1749798178123113], [0.2662975605825509, 0.2826101445657624, 0.24807760405677612, 0.20301469069489061], [0.26477125634906984, 0.28082620407064895, 0.2664531640876202, 0.18794937539266904], [0.2625697384802716, 0.2783868680343709, 0.2608392389188657, 0.19820415446649886], [0.2622975769822021, 0.2737101260415185, 0.2720369068568852, 0.19195539001941575], [0.2764971822251343, 0.29328208246454807, 0.24410792950413746, 0.1861128057061887], [0.2787313275090575, 0.29771147657452873, 0.2484122162418172, 0.17514497957459432], [0.2672748256354879, 0.280900217410863, 0.25039819292980897, 0.20142676392382036], [0.26333736235124555, 0.2781743505734206, 0.2696608437786425, 0.18882744319668718], [0.26400266258715555, 0.2768874953128919, 0.26129577146585387, 0.1978140705341182], [0.2631264687138842, 0.27283389506874456, 0.27213617268172624, 0.19190346343562936]], "ideal": "A", "sampled": "C", "correct": false}}
{"type": "result", "data": {"idx": 4, "options": ["If it's not the case that both Izzy plays Minecraft and Ashleigh stops by then Russell makes dinner.", "If it's both not the case that Izzy plays Minecraft and Ashleigh stops by then Russell makes dinner.", "Izzy playing Minecraft and Ashleigh stopping by entails that Russell makes dinner.", "Russell's making dinner is a sufficient condition for Izzy not playing Minecraft and Ashleigh stopping by."], "probs": [[0.26094431496731385, 0.249281084764802, 0.250066255458281, 0.2397083447095957], [0.25700430042871153, 0.24521792280283783, 0.2609065116376337, 0.23687126503082576], [0.2687311811794865, 0.25620892046996935, 0.2444172401957474, 0.23064265805480402], [0.260665160130889, 0.2515704332376438, 0.2425841826727668, 0.2451802238587042], [0.2670189895293716, 0.25205859754532917, 0.258219698546789, 0.22270271427851587], [0.26191844100873, 0.25135646072909124, 0.24554637012330385, 0.24117872803886548], [0.2594803968295353, 0.25086874724778147, 0.24921065241178966, 0.24044020341088565], [0.255295679144648, 0.24766078470616212, 0.26041795176819194, 0.2366255842810055], [0.26852184442934, 0.2589282020424038, 0.2427358904771581, 0.22981406295109152], [0.2560874253196448, 0.25358583309677596, 0.24301006149038384, 0.24731667999317453], [0.2648217788677127, 0.25352518892117604, 0.2584632934922033, 0.22318973861891195], [0.25678901042199503, 0.2528211491213311, 0.24701253971411546, 0.2433773006425499], [0.2647924124059195, 0.2503168597769358, 0.246826813239358, 0.23806391447780498], [0.26164452217594725, 0.247054072037722, 0.2500318134516449, 0.24126959223468747], [0.26607880753914714, 0.24842503250097742, 0.24786410886187538, 0.2376320509979922], [0.2594776126127701, 0.24427448287059617, 0.25067337544933316, 0.2455745289672907], [0.26293027253646817, 0.25004499616872056, 0.2570568906040573, 0.2299678405907327], [0.2621329502954787, 0.24888397870285137, 0.25699452598964584, 0.23198854491202822], [0.26555325001708974, 0.24925068542496562, 0.25137738158578654, 0.2338186828721608], [0.26338575880207415, 0.25477836820602234, 0.24517915841945925, 0.23665671447243247], [0.26600956330847664, 0.24922122239276684, 0.2520795908947167, 0.23268962330405346], [0.2618570184201383, 0.2537372477056777, 0.24646254769905687, 0.23794318607514167], [0.2582570943191303, 0.2567295327596133, 0.24786626603201367, 0.237147106789234], [0.2577367041757571, 0.2562093986045912, 0.24746915779005504, 0.23858473932960084]], "ideal": "B", "sampled": "A", "correct": false}}
{"type": "result", "data": {"idx": 5, "options": ["Some houses are smaller than all apartments.", "Every house is bigger than every apartment.", "Some apartment is smaller than every house.", "Some houses are bigger than every apartment."], "probs": [[0.25154738517184316, 0.27540965766775377, 0.27278562463107253, 0.20025733242936014], [0.25994567012126835, 0.28405910234399884, 0.27142108112881863, 0.18457414630590716], [0.25313689831690894, 0.2735883279058891, 0.27634036283940144, 0.19693441083778213], [0.2538386303850462, 0.27795146196357495, 0.2738645049861144, 0.1943454025652589], [0.26061555620078847, 0.28227940815648045, 0.2728197458378603, 0.18428528970488917], [0.25454003840652156, 0.27694188241428563, 0.272364459199869, 0.19615361987932978], [0.25967126770363885, 0.2735207071399227, 0.27431948402540207, 0.1924885410310419], [0.2645570766738076, 0.2803583795455819, 0.274075323455903, 0.18100922022471388], [0.2533500413911893, 0.27233440420664456, 0.2755748837701141, 0.1987406705320443], [0.2568017080955514, 0.2777422299789839, 0.27487540972159186, 0.1905806521038536], [0.2643132480050243, 0.28035842807214173, 0.26772573641535846, 0.1876025874074824], [0.2596703354931748, 0.2779183612349255, 0.27065668799026593, 0.19175461518163892], [0.24797578648878907, 0.27648892522319407, 0.27777196579794233, 0.19776332239006592], [0.25160987082160235, 0.27938472480367926, 0.27505120674534367, 0.19395419752937967], [0.24895396352231272, 0.2779540585960237, 0.2755721957563444, 0.19751978202531165], [0.2577796907586784, 0.28433873489918116, 0.272431599716642, 0.18544997452547962], [0.25402215751575313, 0.2803278237867251, 0.27233014129305255, 0.19331987730448644], [0.25502910726355077, 0.2818281255901903, 0.2752956145441875, 0.18784715250207562], [0.2635467780407884, 0.28325625879899496, 0.27452977595987055, 0.17866718710036447], [0.2601590652790655, 0.2781619387565629, 0.2708992693014586, 0.19077972656291925], [0.26773392529563794, 0.28451020720587156, 0.2640592637253272, 0.1836966036731721], [0.2630585307247356, 0.2830126319634135, 0.26598122450844514, 0.18794761270342478], [0.2582057082930116, 0.2788945496052103, 0.2696776554236393, 0.19322208657814532], [0.2586622653070562, 0.28203493508168737, 0.2733092623201984, 0.18599353719107678]], "ideal": "D", "sampled": "D", "correct": true}}
{"type": "result", "data": {"idx": 6, "options": ["Valid", "Invalid. Counterexample when K and L are true", "Invalid. Counterexample when K is true and L is false", "Invalid. Counterexample when L is true and K is false"], "probs": [[0.2675204165572875, 0.26551438008563694, 0.2765302913734624, 0.1904349118835902], [0.267520647437761, 0.2642929710866393, 0.2748203148204489, 0.19336606655512786], [0.25838623126281224, 0.26688264282669905, 0.2791150820561742, 0.195616043754327], [0.25567003475479644, 0.2739285451607099, 0.28323230697651725, 0.18716911300800254], [0.2591192495190205, 0.2681036748732585, 0.2778941548928812, 0.194882920614852], [0.25771845652195624, 0.2754942398439452, 0.2816259539650817, 0.18516134956900604], [0.27966953767134645, 0.28254092793713276, 0.24007713383320362, 0.1977124004583194], [0.28040218517856746, 0.2820525459225018, 0.23800158113730469, 0.19954368766162803], [0.26378474145618386, 0.2529978776266956, 0.26889706925406825, 0.21432031156304918], [0.25844893345482556, 0.24654850744915083, 0.28700276693553967, 0.2079997920604754], [0.2659504857496676, 0.25125731463029183, 0.2703295196678944, 0.21246267985215564], [0.25936220896587436, 0.24343614667872449, 0.2901074109174776, 0.20709423333793928], [0.27457243300894596, 0.28526285893195696, 0.2413286634508705, 0.19883604450821563], [0.27234276903958193, 0.28888918687444975, 0.24581715857453654, 0.1929508854114347], [0.2591124270322998, 0.26175719462254693, 0.2620275359284186, 0.21710284231674404], [0.25796018819907773, 0.25790516876673236, 0.2786992952882455, 0.20543534764593646], [0.25764920394854113, 0.2549172655688049, 0.2737488076549537, 0.21368472272771272], [0.2550607171341228, 0.24999710859651383, 0.2889935772954385, 0.2059485968739057], [0.2750618775271513, 0.2852623076899614, 0.24120643062768157, 0.19846938405519535], [0.2757965431523864, 0.2889239183490309, 0.2456025847129988, 0.1896769536855749], [0.2617992418867328, 0.2610244551632457, 0.2627600966218144, 0.2144162062282166], [0.2577158948129697, 0.2571729089810855, 0.281141599517895, 0.20396959658804106], [0.25994231401685586, 0.254033375651182, 0.27336053815870665, 0.21266377207323175], [0.25643298781335694, 0.25027224191664244, 0.2874219365722781, 0.20587283359773978]], "ideal": "D", "sampled": "A", "correct": false}}
{"type": "result", "data": {"idx": 7, "options": ["The university increases financial aid.", "The university does not increase financial aid.", "The board of trustees prevents it.", "The president fails to approve it."], "probs": [[0.28680434935636057, 0.2571986087252071, 0.2643339851133775, 0.1916630567050442], [0.2824061097411618, 0.2569551155732821, 0.26970782497060924, 0.1909309496149366], [0.288481365369415, 0.25911715629556364, 0.2821333620413801, 0.17026811619364512], [0.28261559147501597, 0.2603399037049827, 0.27651578228986406, 0.18052872243013937], [0.28261758291028877, 0.26229322839357244, 0.28628708501786204, 0.16880210357827993], [0.2877451219103793, 0.2637600338190215, 0.27920402279650414, 0.16929082137409648], [0.2960855311568829, 0.2525563432468475, 0.26677827902526574, 0.18457984647099607], [0.2884420349377251, 0.2517628990876424, 0.27281715226625275, 0.1869779136083966], [0.2975184740921746, 0.2534995694124601, 0.2796906722689076, 0.16929128412646277], [0.2885130659629901, 0.25475386143725726, 0.28119111040369466, 0.1755419620960482], [0.29214433021424474, 0.2566748928788728, 0.2814013475204578, 0.16977942928642945], [0.2909572762216822, 0.2576863697052933, 0.27923664544358784, 0.17211970852942565], [0.28917890575450533, 0.256646555983819, 0.2752598747863035, 0.17891466337538472], [0.2857928793699994, 0.2578998616067503, 0.2726064259115773, 0.18370083301167206], [0.29137729902424137, 0.2573785388808275, 0.2676887369881206, 0.18355542500682354], [0.2860379561103411, 0.25741066433573456, 0.27309503897411663, 0.1834563404798076], [0.2838059836952871, 0.2583570756884227, 0.27232751299581626, 0.1855094275204829], [0.279687092975672, 0.26180795342401525, 0.2794462852445758, 0.1790586682557348], [0.2950757858136446, 0.2622971837631122, 0.27431547402718526, 0.16831155629605676], [0.29528373496405147, 0.262996915624963, 0.2689093439114608, 0.17281000539953667], [0.2977641684313532, 0.2618085435281191, 0.26576489609443227, 0.17466239184609453], [0.2943079702139675, 0.26177614316159026, 0.2674430406094656, 0.1764728459149884], [0.28652739340787037, 0.26009825887780874, 0.2718720059009628, 0.18150234171335622], [0.2828624758054657, 0.26376253460806226, 0.2779796048065539, 0.17539538467991686]], "ideal": "B", "sampled": "B", "correct": true}}
{"type": "result", "data": {"idx": 8, "options": ["E \u2283 F", "F \u2283 G", "H \u2283 ~E", "~H"], "probs": [[0.2647744569368394, 0.25425756420539236, 0.2914062673886789, 0.1895617113690773], [0.26568710163852527, 0.2527274485639275, 0.2827883680306642, 0.19879708166689783], [0.2662733971960932, 0.2650352590107429, 0.2758087543629508, 0.19288258933019137], [0.26627323526283825, 0.265521943887711, 0.2704353250948599, 0.1977694956545704], [0.26795164063511895, 0.25694178467687784, 0.27504181285334584, 0.20006476173464616], [0.2664522128461137, 0.2586208684434578, 0.27989301665966215, 0.19503390195076623], [0.2583914790707731, 0.25959804438813716, 0.2869757463573883, 0.19503473008370237], [0.26034572407273177, 0.2588630974175236, 0.27891709065509834, 0.20187408775464888], [0.25280534711742475, 0.26304870014675463, 0.28456882024381397, 0.19957713239199615], [0.254454030309868, 0.261762641364923, 0.27595225892233577, 0.207831069302887], [0.256163079911791, 0.25736694032250645, 0.2842551029987864, 0.2022148766669289], [0.25543063595971116, 0.25492655269459885, 0.28449814628252545, 0.20514466496317502], [0.25839129425667995, 0.25886514632466606, 0.2845337426494894, 0.19820981666916562], [0.25707566939309673, 0.2577941832591985, 0.2815003146009728, 0.20362983264676793], [0.24932496642453517, 0.2576131614388818, 0.2928014419494247, 0.20026043008716993], [0.25130974121670613, 0.2552019797350776, 0.28453342428670003, 0.20895485466151484], [0.25350656844615216, 0.25471491399375606, 0.2901503982207427, 0.20162811923934576], [0.2561634010410514, 0.25395106466744694, 0.28376575407735144, 0.2061197801141587], [0.27280145478252005, 0.26130868862858503, 0.268415364646288, 0.19747449184260507], [0.2718237346638208, 0.26106551907213027, 0.27427685769095883, 0.19283388847308625], [0.2596131837280273, 0.2613085760374538, 0.2772078784471679, 0.20187036168734765], [0.2596131985653232, 0.2586239372603578, 0.2784276419692425, 0.2033352221050701], [0.2615989717798763, 0.2674478115527371, 0.27675307657471326, 0.19420013999265578], [0.262024330070081, 0.266894390276176, 0.2725337806476132, 0.1985474989061358]], "ideal": "D", "sampled": "A", "correct": false}}
{"type": "result", "data": {"idx": 9, "options": ["L", "~L", "L \u2022 ~L", "L \u2228 ~L"], "probs": [[0.33077505071978464, 0.25574880232589303, 0.2548049926857739, 0.15867115416852004], [0.32674702741316625, 0.25321363647377165, 0.2566641833041922, 0.16337515270887754], [0.3328123979150368, 0.26221610856321675, 0.24991782229387569, 0.15505367112789153], [0.3312251138454778, 0.26035703490897333, 0.26136784520184925, 0.14705000594368442], [0.3289848109357244, 0.2610594650138476, 0.2510784080890599, 0.15887731586136436], [0.3276006451495235, 0.2611203859480943, 0.26115699254297736, 0.15012197625937937], [0.3399777843072098, 0.2622794863134058, 0.23141718555032909, 0.16632554372905076], [0.3409551985907352, 0.261058627058194, 0.2298288544762488, 0.1681573197748173], [0.3331387921744686, 0.2671658650097054, 0.23740047672222592, 0.16229486599359416], [0.3438441263313916, 0.25980639643507086, 0.23456094410983086, 0.16178853302371315], [0.3292715685477617, 0.2647545068411279, 0.24280314047552484, 0.16317078403556878], [0.32797067982111994, 0.26444459063570586, 0.2448189762998145, 0.1627657531433682], [0.34119854193365967, 0.2639898563114576, 0.2293393577390506, 0.16547224391582838], [0.337006502914654, 0.2651774449204909, 0.23273011006811456, 0.1650859419967493], [0.3403807493434259, 0.2666128816109608, 0.22964942035376262, 0.1633569485918695], [0.35194468527685835, 0.2613047479796539, 0.22323053802872764, 0.16352002861475376], [0.3448197725626791, 0.270061585809172, 0.23529372497253642, 0.1498249165556223], [0.34812262369092756, 0.2682075469686163, 0.23024821195626743, 0.15342161728415943], [0.3331786504690663, 0.25962684513165013, 0.23522990101026228, 0.1719646032890028], [0.3302488197268061, 0.2623107311336789, 0.2429249973169143, 0.16451545172258483], [0.33159022050573617, 0.26539333295439343, 0.23612017034884183, 0.1668962760910448], [0.3384702530934041, 0.261761489650566, 0.2351703707512622, 0.16459788640477285], [0.34364053749344947, 0.26765283488007974, 0.2350788595988589, 0.1536277679276081], [0.345065076485351, 0.26762123153240897, 0.23077476444238768, 0.15653892743985895]], "ideal": "D", "sampled": "C", "correct": false}}
{"type": "result", "data": {"idx": 10, "options": ["(\u2200x)[Kx \u2283 (\u2200y)(Py \u2283 Lxy)]", "(\u2200x)[Kx \u2283 (\u2200y)(Lxy \u2283 Py)]", "(\u2200x)(\u2200y)[(Kx \u2022 Py) \u2283 Lyx]", "(\u2200x)[(Kx \u2022 (\u2200y)(Py)) \u2283 Lxy]"], "probs": [[0.25161330310989766, 0.27816783880875623, 0.2640588866108584, 0.20615997137049236], [0.2575372835367804, 0.2787238641587147, 0.2646135862028047, 0.19912526600168112], [0.2548221669482527, 0.2843066303799999, 0.26311432768081877, 0.19775687489092333], [0.2552798639349402, 0.28207200432589946, 0.26381547215815615, 0.19883265948101278], [0.2602262643980736, 0.28580751472786764, 0.2604600736721589, 0.1935061471018828], [0.25775405459390205, 0.28308445612194016, 0.2574955975313294, 0.20166589165282403], [0.2543628335111716, 0.2804336295371874, 0.26339066225110436, 0.2018128746005182], [0.2587587506170713, 0.2801889878674317, 0.2638807844833387, 0.19717147693214035], [0.2548209522954079, 0.2840617794514594, 0.26335967748463973, 0.19775759066848878], [0.2533256847331958, 0.28231614735484084, 0.2662578950160571, 0.19810027279591524], [0.26183991081358154, 0.2864347786624845, 0.26207470611912986, 0.18965060430482408], [0.25747779869016113, 0.28451502375133986, 0.25966249492144894, 0.19834468253705795], [0.2555541507878399, 0.27990868418142056, 0.2665343864222051, 0.1980027785085302], [0.25335690677807626, 0.2823486509743367, 0.271909629864878, 0.19238481228270807], [0.25558505698481615, 0.2794548259637415, 0.2646120729322257, 0.20034804401919934], [0.2530824285332077, 0.28280150786055785, 0.27089970383878403, 0.1932163596674623], [0.2594955980758932, 0.2833590938060939, 0.2714537244238746, 0.1856915835941253], [0.25821203400020787, 0.28402274819564755, 0.2740736184549557, 0.18369159924920042], [0.2582711604652018, 0.28409763267115107, 0.2636360216374363, 0.19399518512619365], [0.2539083632262759, 0.2868155363390113, 0.2663564356428949, 0.19291966469179198], [0.258271471199018, 0.2838528271719087, 0.26363619235340296, 0.19423950917565358], [0.25482360820633165, 0.2882116796299463, 0.26482536061907275, 0.1921393514446472], [0.256045382161498, 0.282592950705004, 0.2701988242070686, 0.19116284282642793], [0.25629026989107034, 0.2833254515305837, 0.27215320020963113, 0.18823107826871416]], "ideal": "A", "sampled": "D", "correct": false}}
{"type": "result", "data": {"idx": 11, "options": ["Logically equivalent", "Contradictory", "Neither logically equivalent nor contradictory, but consistent", "Inconsistent"], "probs": [[0.2234335276663529, 0.27892428220169957, 0.31905634196359944, 0.1785858480683519], [0.23247572709063688, 0.28135391807933513, 0.2997625750294446, 0.1864077797006002], [0.25702698165522136, 0.31458126522487934, 0.2689793963384929, 0.15941235668141032], [0.2604107442324895, 0.31356706147444285, 0.2569766712585139, 0.16904552293456732], [0.24609920189127646, 0.3031609700407227, 0.2575624141145998, 0.19317741385339338], [0.2616686790452102, 0.3087188958592815, 0.24857718077197405, 0.18103524422353662], [0.22730615823576442, 0.2869575375261689, 0.29971939642207557, 0.18601690771599652], [0.23481444350741015, 0.29337504074653464, 0.2814702731654534, 0.19034024248058629], [0.24926168741111873, 0.30743337543966887, 0.27477301161794965, 0.1685319254312803], [0.2453539360665973, 0.30913486589573325, 0.26475751483042864, 0.1807536831072629], [0.23375276931138078, 0.29082159420911124, 0.2808800563877471, 0.194545579991784], [0.2333847362617648, 0.2871603443450441, 0.285270947677472, 0.19418397161573858], [0.27220764049659035, 0.31877595759701616, 0.25507945055803, 0.153936951248347], [0.2826762552077787, 0.3243608994443581, 0.23989930569093887, 0.15306353955691426], [0.24538815873521008, 0.31430844639539873, 0.27138242765825066, 0.16892096711114524], [0.24618313645532838, 0.3165799304856223, 0.2636266647580486, 0.17361026820098302], [0.2584266749857631, 0.3118283196565139, 0.26401981565836524, 0.16572518959937335], [0.2416356309831152, 0.30603462917288954, 0.26750304492698274, 0.18482669481701083], [0.23955232391560263, 0.2835613105236669, 0.2767963181647759, 0.20009004729595828], [0.24944406151152806, 0.28527918101109484, 0.27385975464142615, 0.19141700273594717], [0.232523909969679, 0.2755712872216265, 0.2888357075160605, 0.20306909519261013], [0.23463551569518895, 0.2688783705988153, 0.2923864067214501, 0.2040997068845554], [0.26110966530869223, 0.2937544667887532, 0.2713526345888314, 0.17378323321374384], [0.24114212402554755, 0.29113341589925085, 0.2721495922646258, 0.19557486771057708]], "ideal": "B", "sampled": "C", "correct": false}}
{"type": "result", "data": {"idx": 12, "options": ["E \u2283 F", "F \u2283 G", "G \u2283 E", "~~F"], "probs": [[0.2761970936833723, 0.2651698215260323, 0.28474278713666357, 0.1738902975539535], [0.27605413772194176, 0.2674695614394481, 0.2853352167177634, 0.17114108402082634], [0.2681709509352637, 0.2656916568170512, 0.2823354510466699, 0.18380194110102327], [0.274065799360282, 0.27110040388708817, 0.2821259024601255, 0.17270789419249613], [0.27326836131604554, 0.2629768419693126, 0.28449673026512867, 0.17925806634952768], [0.272567833886494, 0.2656957528095346, 0.2874636509019359, 0.17427276230203773], [0.2669801937261012, 0.26035188372943574, 0.2857912824186829, 0.18687664002577417], [0.26911254146334146, 0.26371054754807516, 0.286453297721685, 0.1807236131669122], [0.2639849141848932, 0.25540425506031017, 0.2913377689828127, 0.18927306167200225], [0.26481537751455186, 0.25745537556936154, 0.28997756637171324, 0.18775168044435117], [0.26154278370621126, 0.2546768539990471, 0.29548796878522976, 0.18829239340952383], [0.26279698396869505, 0.25275376662826055, 0.29454614636019255, 0.18990310294285231], [0.2667365670656628, 0.2579099196254763, 0.284567136419537, 0.1907863767893181], [0.2730539173142041, 0.2632534410178771, 0.28599837782360016, 0.17769426374432185], [0.2610867247029959, 0.25909810713391407, 0.29063938408714896, 0.1891757839759487], [0.26664010201772265, 0.26123660280560773, 0.28690453501355784, 0.18521876006313862], [0.26471772990546016, 0.2568745554907159, 0.2918240405760836, 0.1865836739277528], [0.2630091773693816, 0.2534561396040931, 0.28718353060164037, 0.19635115232489717], [0.27699705457569396, 0.2625537023450214, 0.2791941499530316, 0.18125509302624176], [0.2786732190846919, 0.2649633287272777, 0.2828243862759537, 0.1735390658120781], [0.26404903698252663, 0.2635327305580238, 0.2882325771479847, 0.18418565521145122], [0.2655481332852695, 0.2618531814414571, 0.28802333249271095, 0.18457535268053826], [0.2584004851542623, 0.26447554799908113, 0.29039668238809907, 0.18672728435855784], [0.2576997091982595, 0.2613337232499019, 0.28579001010189997, 0.1951765573499261]], "ideal": "D", "sampled": "A", "correct": false}}
{"type": "result", "data": {"idx": 13, "options": ["Valid", "Invalid. Counterexample when E, F, and G are true", "Invalid. Counterexample when E and F are true and G is false", "Invalid. Counterexample when E, F, and G are false"], "probs": [[0.28213630088779584, 0.2708551455269388, 0.26282332056883106, 0.18418523291642566], [0.27505158977534994, 0.2745194479184373, 0.2635576952503894, 0.1868712669558137], [0.2771821835125181, 0.274451517146168, 0.27081994542276605, 0.17754635381856318], [0.274285877057586, 0.27399549487663866, 0.2688987869420797, 0.18281984102369966], [0.2706214793383172, 0.27204293510103417, 0.2696316635870723, 0.1877039218735802], [0.2754733453457065, 0.26639197937539644, 0.27252768795439974, 0.1856069872245156], [0.30017720264947456, 0.2774143678547018, 0.23336605281633274, 0.18904237657949535], [0.28681275911260484, 0.2806588874615339, 0.23672234359251929, 0.19580600973332082], [0.27351391243306233, 0.24808241527818317, 0.26960308439051406, 0.2088005877982529], [0.25306676970748854, 0.23641248560189881, 0.3004432924177929, 0.21007745217281423], [0.26157956307640284, 0.24457162343294864, 0.277451402963963, 0.2163974104266877], [0.2520904987868867, 0.23323747370350165, 0.30679246553061457, 0.20787956187899348], [0.2955346368452194, 0.28303009667102796, 0.24228390699536376, 0.17915135938839344], [0.29361739335765996, 0.27964451996320916, 0.23901505695276667, 0.1877230296263574], [0.2730254686623498, 0.26029115363769273, 0.2537313192415378, 0.21295205835843262], [0.2564239201237277, 0.24783046576463094, 0.2835224336782607, 0.2122231803333992], [0.26548773837163236, 0.25030931307993903, 0.26743910203722343, 0.21676384641120688], [0.24973926412150133, 0.23955699189575275, 0.2977215747855813, 0.21298216909717213], [0.2847887802324601, 0.2888929987738792, 0.23422291244711493, 0.19209530844654957], [0.29410756272490585, 0.28452965791109497, 0.23449489441519963, 0.18686788484879355], [0.26081582809065346, 0.2532094022545725, 0.2708245528866701, 0.2151502166681191], [0.250869585173459, 0.2408078190690559, 0.29995391813866124, 0.20836867751882066], [0.2674744550064065, 0.2537590497707649, 0.2694256319476539, 0.2093408631751646], [0.25016522227542926, 0.24462373249127028, 0.3061004377205492, 0.1991106074127343]], "ideal": "C", "sampled": "A", "correct": false}}
{"type": "result", "data": {"idx": 14, "options": ["Valid", "Invalid. Counterexample when H, I, and J are false", "Invalid. Counterexample when H and I are true and J is false", "Invalid. Counterexample when I is true and H and J are false"], "probs": [[0.2825943471907739, 0.2720411717923585, 0.2735375291222916, 0.17182695179458113], [0.2826978075153679, 0.2723856057479767, 0.2729049304088344, 0.17201165622778858], [0.2815476243398458, 0.2763695301493178, 0.27396103525775584, 0.16812181015310818], [0.2855949999380487, 0.2777256324643306, 0.27531512522130536, 0.1613642422762941], [0.2826968263089149, 0.27531729947323214, 0.27266268274668154, 0.16932319137113755], [0.28556015125923495, 0.2754932742060439, 0.2745490518188759, 0.16439752261583618], [0.3048239306076595, 0.2825400728433264, 0.23495284872548727, 0.17768314772353483], [0.30758601017860043, 0.28236478622586353, 0.2333000921885861, 0.17674911130693313], [0.2774940136241618, 0.25986377888716344, 0.2598983527670706, 0.20274385462159497], [0.26678641677831827, 0.24572317028581422, 0.2828880609166962, 0.20460235191915102], [0.2764499592833001, 0.25882347680132245, 0.2620328319174086, 0.20269373189798362], [0.2674210796924776, 0.24551134084369916, 0.2847380464039051, 0.2023295329599338], [0.30726296037138207, 0.2783883602299515, 0.23886288196714153, 0.17548579733153097], [0.31149306574182095, 0.27674592096615236, 0.243317051940755, 0.16844396125125358], [0.2757496125980904, 0.25519172799391976, 0.2606001573614347, 0.20845850194655802], [0.2674862330060309, 0.24190675429295042, 0.2823660382695084, 0.20824097433150315], [0.28164598535675817, 0.25815335119544713, 0.2598989863324925, 0.20030167701529233], [0.2696177800753094, 0.24575490836493086, 0.2761931301490361, 0.20843418131073893], [0.3062861342555454, 0.27741190313501085, 0.24032833529987943, 0.17597362720957024], [0.3099138428017891, 0.27664355091386267, 0.24396138228516612, 0.16948122389920164], [0.27920354747061027, 0.2554677378516062, 0.2598987728241675, 0.205429941753606], [0.2684632041098658, 0.24349477632824063, 0.28236642413472024, 0.20567559532716503], [0.28360022622910347, 0.25815317608810345, 0.2591664943168394, 0.19908010326594386], [0.27010647925551134, 0.24758623317601824, 0.27594904343481264, 0.20635824403367314]], "ideal": "D", "sampled": "A", "correct": false}}
{"type": "result", "data": {"idx": 15, "options": ["(\u2203x){Fx \u2022 (\u2200y)[Dy \u2283 (\u2203z)(Vz \u2022 Rxyz)]}", "(\u2203x){Fx \u2022 (\u2203y)[Vy \u2022 (\u2203z)(Dz \u2022 Rxyz)]}", "(\u2203x){Fx \u2022 (\u2203y)(\u2203z)[(Vy \u2022 Dz) \u2022 Rxzy]}", "(\u2200x){Fx \u2283 (\u2203y)[Vy . (\u2203z)(Dz \u2022 Rxyz)]}"], "probs": [[0.2482658085609744, 0.2686988203503893, 0.29881677665991135, 0.1842185943287124], [0.24212747096792095, 0.2694009595654517, 0.30366512553055997, 0.1848064438360656], [0.24787229741000166, 0.2645123351350865, 0.29829033977435904, 0.1893250275805544], [0.2459146079171283, 0.2654922193670596, 0.29633551228278, 0.19225766033303066], [0.23916583604358257, 0.26692509204645015, 0.3080258646008856, 0.1858832072090926], [0.2403866147597671, 0.26668001262480406, 0.30533916667820243, 0.1875942058372375], [0.24017386506602822, 0.2696427628124363, 0.30684253445044846, 0.1833408375710866], [0.23369729425234664, 0.26818100452254867, 0.31050622419758744, 0.18761547692751365], [0.23990193180316133, 0.261061871984657, 0.30020832749260185, 0.1988278686195925], [0.24335107379248727, 0.26646845960307375, 0.3021991324762306, 0.18798133402820752], [0.23369784399145813, 0.26891400101956237, 0.30415435835564, 0.19323379653333614], [0.23604866375177622, 0.2708978538299265, 0.30688087239011635, 0.18617260992816786], [0.23941520627850157, 0.263747342664283, 0.31120008917211694, 0.18563736178511306], [0.232994609821928, 0.2613726995573961, 0.3117641100710717, 0.19386858044959004], [0.2348960054260253, 0.2578868779087879, 0.3068025031450769, 0.20041461342012346], [0.2372448643315977, 0.2623165915430526, 0.3092824417252625, 0.19115610230008653], [0.23089097740505798, 0.26134036104172786, 0.3085498758494964, 0.19921878560371623], [0.23675570421923897, 0.26353683323489846, 0.31246009494450006, 0.1872473675013632], [0.23986864320752688, 0.2668927454604011, 0.3140945850415797, 0.17914402619051584], [0.24053773664317185, 0.26598032957374396, 0.3105063275361489, 0.1829756061469339], [0.23711784666917263, 0.2657375423628805, 0.3144140150236877, 0.18273059584425708], [0.24063096455590766, 0.26887761807097943, 0.3124230374062841, 0.17806837986684104], [0.2413019478867193, 0.2618599802337789, 0.3095644012414293, 0.18727367053805966], [0.2444790759894333, 0.26576690023527527, 0.3127427040261179, 0.17701131964916217]], "ideal": "B", "sampled": "B", "correct": true}}
{"type": "result", "data": {"idx": 16, "options": ["The university raises tuition.", "The governor approves of it.", "The board of trustees recommends it.", "None of the above"], "probs": [[0.3421809461083932, 0.24565268084830663, 0.2713531212467768, 0.14081325169653686], [0.3353770054805936, 0.24678252009639923, 0.27529453343498345, 0.14254594088802722], [0.3441769507122653, 0.24739208046377123, 0.2713859889879446, 0.13704497973602087], [0.34812218692958075, 0.250355817086993, 0.2726413897351194, 0.1288806061482964], [0.31510535837087233, 0.2464172158872203, 0.25575135440705543, 0.18272607123485587], [0.32292168942555427, 0.24849362454444543, 0.25501996994652704, 0.1735647159834761], [0.33367242790366464, 0.25008122711002245, 0.27162997688948864, 0.14461636799682315], [0.33460347653069655, 0.24822092336787932, 0.2745273466116354, 0.14264825338980058], [0.3329400447412777, 0.25350284914103544, 0.275048064269153, 0.1385090417485295], [0.34221731849743536, 0.2586342903616303, 0.27065236566585604, 0.12849602537507387], [0.3217003337972949, 0.24788436684155668, 0.25599683948132657, 0.17441845977982134], [0.3197092016965507, 0.25591152565040665, 0.25816398098740995, 0.1662152915656461], [0.3390061121398104, 0.25468991638680233, 0.26671157161137266, 0.13959239976202606], [0.34311042279352283, 0.25514897498248224, 0.27009933253578516, 0.13164126958823352], [0.3338771441010721, 0.2546923274861522, 0.2740378508969982, 0.13739267741578517], [0.3422595724822984, 0.2611080704071515, 0.2699532138071974, 0.12667914320333593], [0.32556841672522924, 0.2534708617806277, 0.2562107790124801, 0.16474994238167337], [0.32121449055621065, 0.2574085185673718, 0.25404252326229193, 0.16733446751412553], [0.2921819397257774, 0.24876304057600226, 0.2557846664582188, 0.20327035314000044], [0.2929148129527609, 0.2510830039971967, 0.2562745328959182, 0.19972765005412263], [0.29312368729919375, 0.24885378893210777, 0.2613727116641211, 0.19664981200458653], [0.29316050610181266, 0.2499842638460408, 0.26042697360640343, 0.19642825634573993], [0.29340457124683916, 0.2503502378947434, 0.27093116760410874, 0.18531402315430412], [0.2936138662545965, 0.24885526390153673, 0.26576793925777303, 0.1917629304861016]], "ideal": "D", "sampled": "C", "correct": false}}
