{"type": "result", "data": {"idx": 0, "options": ["0.005 C", "0.01 C", "0.02 C", "0.5 C"], "probs": [[0.2383466707970746, 0.286663062668664, 0.3121052546264158, 0.1628850118078601], [0.23739811287297682, 0.2864522128964185, 0.31580919259366436, 0.1603404815369443], [0.2418253120785855, 0.28966441900338036, 0.3119364570679506, 0.15657381175007365], [0.2388360256494724, 0.28885936012540814, 0.31552509074825447, 0.15677952337688095], [0.23950309808701778, 0.2879547579239239, 0.3070526769464033, 0.16548946694264507], [0.23959687051405337, 0.2881620132367812, 0.3060387525236599, 0.1662023636255092], [0.2427735600818554, 0.285477098066074, 0.31043091136034257, 0.16131843039173002], [0.2419468772458654, 0.2838025257864727, 0.3102259508215847, 0.16402464604606648], [0.24451262469566565, 0.2874663771992741, 0.3065624246919756, 0.16145857331307423], [0.24106305048779236, 0.2859656945258752, 0.31092240279131517, 0.16204885209501865], [0.2422842596509347, 0.2864543547363863, 0.3013964267804162, 0.16986495873226387], [0.24423890315841834, 0.28840754553324643, 0.3048158988425983, 0.16253765236573853], [0.24356602723791768, 0.28627891516292997, 0.30953024393188205, 0.16062481356724861], [0.24204046968061765, 0.2852317655439171, 0.310188067620266, 0.162539697055202], [0.24399549798116815, 0.28450051384573616, 0.3016388720918446, 0.16986511598125256], [0.24240737644458865, 0.28449923636261976, 0.30652525479324483, 0.16656813229954887], [0.2411564716421748, 0.28666185766056884, 0.3033140942148242, 0.16886757638244715], [0.24304784638163457, 0.28746429132932894, 0.3080289759267415, 0.16145888626228597], [0.2400571848850742, 0.281536268692291, 0.3028233916203146, 0.1755831547023324], [0.2409423906900422, 0.28376744091723277, 0.3016396530016357, 0.17365051529109], [0.24207123523764323, 0.2803840527320891, 0.2970345734340075, 0.18051013849624745], [0.2448510856079073, 0.2835239269903336, 0.29773146046315935, 0.17389352683859985], [0.24213457425927762, 0.2832462133419738, 0.29989222816446043, 0.17472698413429863], [0.24561368993640081, 0.28575778599961, 0.3009427764481203, 0.16768574751585522]], "ideal": "B", "sampled": "C", "correct": false}}
{"type": "result", "data": {"idx": 1, "options": ["the electric field produced by a finite-length charged rod", "the electric field produced by an infinitely long charged cylinder", "the electric field produced by an infinite plane of charge", "the magnetic field produced by an infinitely long, straight current-carrying wire"], "probs": [[0.2681615333066974, 0.2874183793631867, 0.25890606702526703, 0.18551402020485408], [0.26571995658904235, 0.28350891435709913, 0.2647684943924757, 0.18600263456138982], [0.26483941377184755, 0.2828828869369491, 0.25557968801095654, 0.19669801118021438], [0.26233210944198987, 0.2842747748056845, 0.26358116832621425, 0.18981194732610787], [0.2645310377988453, 0.2940451467978338, 0.2555188035425747, 0.18590501176074148], [0.2632771470594879, 0.2964502947823214, 0.25719871207651746, 0.18307384598168192], [0.26993810422617553, 0.2877323564283408, 0.2567707713318203, 0.18555876791364428], [0.2686842425619615, 0.285496693071223, 0.2635795826692741, 0.18223948159753675], [0.26861755982348295, 0.2871403934578458, 0.25618843165988975, 0.18805361495879772], [0.2647437195763984, 0.2864391411660181, 0.26061755038080875, 0.18819958877678244], [0.2664853010773396, 0.2928240990192027, 0.25967169413065494, 0.18101890567279813], [0.2642549629909126, 0.2947429081449773, 0.2567084755490609, 0.18429365321505628], [0.2662075903773017, 0.28522123898865015, 0.25402078148503277, 0.19455038904901947], [0.2642530368523892, 0.28765837002762956, 0.26110744904336886, 0.18698114397662147], [0.26529493394856035, 0.2862683888931051, 0.25774853218113136, 0.19068814487718294], [0.2620241616126795, 0.28567157471620136, 0.26009764744919694, 0.19220661612194218], [0.26080225483635683, 0.29397164685613936, 0.259121941821688, 0.18610415638583716], [0.2603793430556178, 0.2933131812131765, 0.2538084548520373, 0.19249902077916373], [0.2645310624056267, 0.2925791749235897, 0.2520991512658597, 0.1907906113049192], [0.26278776937307213, 0.2949843041486246, 0.2540247977699433, 0.1882031286083686], [0.26306560525356354, 0.2911159969821225, 0.2550295612598071, 0.19078883640450064], [0.2617801964168092, 0.29226629559781325, 0.2525253813191644, 0.19342812656623115], [0.2618430311927775, 0.2920912261845566, 0.25332171858352714, 0.19274402393913387], [0.26086740891771765, 0.2903838216451438, 0.24953296718487256, 0.19921580215225945]], "ideal": "A", "sampled": "D", "correct": false}}
{"type": "result", "data": {"idx": 2, "options": ["electric field outside the object is zero", "the electric field outside the object is equal to the electric field inside the object", "the electric field outside the object is directly proportional to the distance away from the center of mass of the object", "the electric field outside the object, but very close to the surface, is equal to the surface charge density at any location divided by the permittivity of free space"], "probs": [[0.23695849569653546, 0.26501125021433314, 0.2826571742774963, 0.2153730797116204], [0.2503000538476064, 0.2693114910531009, 0.28646700417628435, 0.19392145082302684], [0.24392217394805374, 0.27355898279610785, 0.2687329788530439, 0.2137858643027798], [0.25591998054759424, 0.27565691399833586, 0.27254886125423594, 0.1958742440998561], [0.2596426818502495, 0.2806109076600169, 0.27359328495216345, 0.1861531254375657], [0.26400979116813045, 0.2786207746260302, 0.26965179060520195, 0.18771764350064896], [0.23982748311506724, 0.2656732483284322, 0.2869892868270412, 0.20750998162947612], [0.2511220460255828, 0.27550986767679203, 0.2890210362146233, 0.18434704998299095], [0.24688155451699417, 0.27015813013073536, 0.2717050056941017, 0.2112553095581561], [0.26016535880206937, 0.2791553573917732, 0.2797490537442511, 0.18093022996191066], [0.26232554023158294, 0.2803538018497813, 0.2770214729675151, 0.1802991848511292], [0.26627108826172824, 0.2820887796899386, 0.2768162158805352, 0.1748239160678014], [0.25332591883193206, 0.2774598238381108, 0.2724027164177485, 0.19681154081220253], [0.26041078531247397, 0.2845423913132118, 0.27412099574184495, 0.18092582753246356], [0.255952422427747, 0.2764099928065336, 0.2672072772403176, 0.20043030742542448], [0.26609572805094506, 0.28484361574977524, 0.27297348484489314, 0.1760871712543661], [0.2694813256987592, 0.2874948543813045, 0.2663425307345447, 0.17668128908538727], [0.2707052058519008, 0.29384492277345003, 0.2724543438004372, 0.16299552747420634], [0.2645963194782424, 0.2926414417782544, 0.2594923502203726, 0.18326988842310912], [0.2659995894325624, 0.2915931869001942, 0.25698545247637244, 0.18542177109087482], [0.26715449151590553, 0.290542055947709, 0.26180884422190526, 0.18049460821451022], [0.27043160796149845, 0.29503460318506297, 0.25971293204930673, 0.17482085670413436], [0.26966490875220445, 0.29329120280554427, 0.2552803074428852, 0.18176358089938033], [0.2719312101641918, 0.30019600376249284, 0.2595017013718494, 0.16837108460145997]], "ideal": "D", "sampled": "D", "correct": true}}
{"type": "result", "data": {"idx": 3, "options": ["Less, because the tension in the string varies directly with the wave speed, which varies inversely with the wavelength.", "Greater, because the tension in the string varies directly with the wave speed, which varies inversely with the wavelength.", "Greater, because the tension in the string varies directly with the wave speed, which varies directly with the wavelength.", "Less, because the tension in the string varies directly with the wave speed, which varies directly with the wavelength."], "probs": [[0.27138203826326684, 0.2771805369180757, 0.2679657086586647, 0.18347171606000237], [0.27165798488612747, 0.28258912014556176, 0.2645777130559924, 0.1811751818123156], [0.2723580212964846, 0.27791139921592856, 0.2701664928426819, 0.17956408654491648], [0.28021008452148627, 0.2874680839540534, 0.26458177095830515, 0.16774006046615766], [0.2738142687955684, 0.2744910462003371, 0.26992524217302644, 0.18176944273108178], [0.27967934258983557, 0.27839931150400515, 0.2706583357298949, 0.1712630100762767], [0.28464092460626034, 0.2877555743095009, 0.26045782713050447, 0.16714567385371676], [0.2702231393573512, 0.2782272179408355, 0.2653445287472247, 0.1862051138545721], [0.28219434384981323, 0.2826217134095047, 0.26534755384160885, 0.16983638879905827], [0.2894924558800284, 0.28625272143235636, 0.2628713294474507, 0.1613834931401595], [0.27189951494184394, 0.2784350021689308, 0.2670245880563997, 0.18264089473282344], [0.2988501813403088, 0.2924252573480741, 0.2568285981594885, 0.15189596305210604], [0.28607266726525526, 0.29187320162841984, 0.2592054595137249, 0.16284867149259402], [0.2719035079923602, 0.2862468541072921, 0.27044557586121365, 0.17140406193913388], [0.2811159186776422, 0.2827668192889933, 0.2628059517499287, 0.17331131018345197], [0.2802093357965802, 0.2862540731471127, 0.26751113125878323, 0.1660254596975161], [0.27675332238863426, 0.28109225876796984, 0.26552283259876513, 0.17663158614463587], [0.28774779750528484, 0.287442755406168, 0.260148937762325, 0.16466050922622688], [0.2743385202519509, 0.2733070281207505, 0.268490636402901, 0.18386381512439434], [0.27458444177102753, 0.2777010984792765, 0.2731323305652755, 0.1745821290844189], [0.2738575420164096, 0.2840546539115753, 0.26433511934479975, 0.17775268462721172], [0.27826025278606104, 0.2825791939199927, 0.27019943727031576, 0.16896111592363494], [0.2755345142606218, 0.28280043865330046, 0.2650334294479729, 0.17663161753811218], [0.2743146903491357, 0.27815982066985223, 0.27065092454157025, 0.17687456433944868]], "ideal": "C", "sampled": "C", "correct": true}}
{"type": "result", "data": {"idx": 4, "options": ["I only", "II only", "II and III only", "(E) I, II, and III"], "probs": [[0.2685073393132494, 0.25282429164617193, 0.2602160617816798, 0.21845230715888408], [0.26359408326075257, 0.2584153649971702, 0.26335625121609735, 0.21463430042597587], [0.25873330644989845, 0.2550228859283928, 0.27585637077553465, 0.21038743674616045], [0.2604220987519215, 0.2681823499926695, 0.2662881680027334, 0.20510738315267527], [0.2523036458452914, 0.28399165603772203, 0.2801495347852813, 0.1835551632317253], [0.2538320110923733, 0.27721870095545265, 0.27557577396701094, 0.19337351388516041], [0.2557751493657247, 0.25792391878983645, 0.26116122956663834, 0.2251397021777967], [0.252606761636563, 0.2752697992456388, 0.25798048326103185, 0.21414295575675965], [0.24990850608179419, 0.2574327015963985, 0.27460005542916405, 0.21805873679264243], [0.25945073309617295, 0.2659781355562491, 0.2653119670408928, 0.20925916420669005], [0.24830136627216348, 0.2859759676002226, 0.27945534060228916, 0.18626732542533755], [0.2540726222435604, 0.2737966217859801, 0.27582271839648675, 0.19630803747397493], [0.24346905817472944, 0.27163599240610226, 0.26388177052044065, 0.22101317879870824], [0.24757080242546334, 0.29599037722865384, 0.2579539181410892, 0.19848490210480177], [0.24722606854672516, 0.2789279206128642, 0.2638520728594642, 0.2099939378809414], [0.2518777915100625, 0.2925981320195002, 0.2555468920448383, 0.19997718432560335], [0.24433761975393334, 0.30362689899385925, 0.2736597745646917, 0.17837570658750837], [0.24910243428672768, 0.2972734221549384, 0.27243842689500475, 0.18118571656332486], [0.2582295038633717, 0.3018967348494969, 0.2570076268403077, 0.18286613434681537], [0.2633292523387814, 0.3001449814220651, 0.2567348193268197, 0.1797909468123427], [0.2704797176602575, 0.29215462528042035, 0.26314828149806463, 0.17421737546124524], [0.28440973675675035, 0.28384368340997485, 0.25606271982972606, 0.17568385990354032], [0.2660849329353262, 0.2967876687576379, 0.2643727546171684, 0.17275464358986198], [0.27296024331133795, 0.29193649842966674, 0.2631840620177813, 0.17191919614119874]], "ideal": "D", "sampled": "D", "correct": true}}
{"type": "result", "data": {"idx": 5, "options": ["Equal to the block\u2019s gravitational potential energy when it was released, because total mechanical energy must be conserved.", "Equal to the block\u2019s gravitational potential energy when it was released, because the gain in kinetic energy compensates for the mechanical energy lost to thermal energy on the rough incline.", "Less than the block\u2019s gravitational potential energy when it was released, because the gravitational potential energy was converted both to thermal energy and to kinetic energy.", "Less than the block\u2019s gravitational potential energy when it was released, because the work done by the friction force must be greater than the block\u2019s gain in kinetic energy."], "probs": [[0.2696716569764172, 0.26082023907497226, 0.2889771225033148, 0.180530981345297], [0.2728468580700392, 0.2566671959159869, 0.29801650619740544, 0.1724694397165711], [0.28306975019343567, 0.2664113102569943, 0.2755079940043881, 0.17501094544519039], [0.2616052432614204, 0.2593663750575368, 0.28555557148906147, 0.19347281009197345], [0.28073067602571594, 0.26528709220622837, 0.286847963362739, 0.16713426830528838], [0.2596202937130747, 0.26226381152438555, 0.28918438654537637, 0.18893150811716813], [0.26674044967392396, 0.26350878616684376, 0.2884874505571218, 0.18126331350210986], [0.26967313431971723, 0.26570382404134396, 0.293618693702484, 0.17100434783645632], [0.26921340322315146, 0.2696511479157141, 0.287056790176587, 0.17407865858453198], [0.254279035199381, 0.26424030447880886, 0.3026570298516351, 0.178823630370176], [0.27379161881181985, 0.2751982530331433, 0.28088116971563126, 0.17012895833941657], [0.25186820426916995, 0.2672056732958264, 0.29658445110253884, 0.18434167123245127], [0.28355750684960707, 0.2617712343079554, 0.2823465590664426, 0.17232469967600306], [0.26133049843009065, 0.2632431583551501, 0.2894255594732588, 0.1860007836415032], [0.27626363100351475, 0.2652190319748364, 0.29117600932031024, 0.16734132760133774], [0.2628612345907144, 0.2613441120899902, 0.30391319838693326, 0.17188145483234996], [0.25036987582864495, 0.2596058492013092, 0.29923402121696285, 0.1907902536530792], [0.25259852956051265, 0.2601201927903738, 0.3095339078092955, 0.17774736973980812], [0.2860367096764645, 0.2696175421406776, 0.2836017545698889, 0.16074399351296464], [0.265972757666739, 0.2678816490641753, 0.2840526001901822, 0.182092992978907], [0.28188522082421086, 0.27498861072784564, 0.28115886030949383, 0.16196730803844717], [0.26160920444741814, 0.27084041788967195, 0.290194511313098, 0.17735586624980731], [0.2559251613633137, 0.26174158000137365, 0.2937878405556321, 0.18854541797969965], [0.2559877290257612, 0.2664404348329066, 0.30314450208437255, 0.1744273339569595]], "ideal": "C", "sampled": "B", "correct": false}}
{"type": "result", "data": {"idx": 6, "options": ["The small block is most likely to slide off when the original block is at maximum displacement from the equilibrium position, but will not slide off as long as the coefficient of static friction between the blocks is greater than kA/[(M+m)g].", "The small block is most likely to slide off when the original block is at the equilibrium position, but will not slide off as long as the coefficient of static friction between the blocks is greater than kA/[(M+m)g].", "The small block is most likely to slide off when the original block is at maximum displacement from the equilibrium position, but will not slide off as long as the coefficient of static friction between the blocks is greater than (M+m)g/(kA).", "The small block is most likely to slide off when the original block is at the equilibrium position, but will not slide off as long as the coefficient of static friction between the blocks is greater than (M+m)g/(kA)."], "probs": [[0.25557519851170385, 0.2481579712698094, 0.29270693059758784, 0.20355989952090256], [0.2516987030175141, 0.24660000090523623, 0.2951847855997885, 0.2065165103774541], [0.25927548086543745, 0.2540449449601483, 0.29445475689595346, 0.19222481717845874], [0.2526777168780258, 0.24830772485641642, 0.30105282279685436, 0.19796173536869752], [0.261479180041955, 0.2540452271715682, 0.29347489698324203, 0.19100069570323233], [0.2585101269680558, 0.24974359473124771, 0.2978415708534531, 0.19390470734724885], [0.2536514465355404, 0.25014573593367523, 0.2934746355353734, 0.20272818189539896], [0.25505657041402463, 0.24996373496257288, 0.29633324664909705, 0.1986464478743176], [0.2614739802919935, 0.25502510628244474, 0.29567707034522567, 0.18782384298033042], [0.2548753931802252, 0.24770115111346, 0.30178503618617364, 0.19563841942013135], [0.2616900721541609, 0.2537702017946591, 0.2914838417927714, 0.193055884158418], [0.2587882018762509, 0.24928529393563095, 0.2951868273480483, 0.19673967674006335], [0.2588188906928965, 0.2490693315117272, 0.29668958276688256, 0.1954221949284775], [0.2588216835299425, 0.25358539980400624, 0.29522410862193077, 0.1923688079441088], [0.2633642233684895, 0.24873469851307292, 0.2958492629222631, 0.1920518150961945], [0.265176873379641, 0.25309920863130786, 0.2932681147091994, 0.18845580317983712], [0.25899691854491336, 0.2479099241654493, 0.2870884528783277, 0.20600470431131776], [0.25728843849151506, 0.24607669398166473, 0.2880653089193627, 0.2085695585074671], [0.2568313775798338, 0.24867375615513004, 0.300318584597794, 0.1941762815672391], [0.26343122198871516, 0.25599944683221815, 0.29396717384321785, 0.1866021572358468], [0.261020645129031, 0.24857978117178497, 0.2947323616923353, 0.19566721190683478], [0.26489910378609693, 0.2542891250831726, 0.2905442070830318, 0.19026756394769648], [0.2568285985090632, 0.24867426511352012, 0.28883459551737073, 0.20566254076004084], [0.25902763253535194, 0.24831154745248443, 0.29078723075141116, 0.20187358916074355]], "ideal": "A", "sampled": "D", "correct": false}}
{"type": "result", "data": {"idx": 7, "options": ["0.005 J", "0.01 J", "0.05 J", "0.1 J"], "probs": [[0.23037602390629822, 0.25744227187838403, 0.30978883000420004, 0.2023928741111108], [0.22933287478256803, 0.26238819580766526, 0.3032710828642493, 0.20500784644548942], [0.2320315797999071, 0.26470575261891227, 0.30091917506515214, 0.20234349241604407], [0.23111228681677104, 0.26574352615992153, 0.298553392613933, 0.2045907943093693], [0.22976463421757343, 0.26672278558386, 0.2985544106282438, 0.2049581694703172], [0.22988794606418922, 0.2672103998028922, 0.30221896942046145, 0.20068268461245065], [0.23547989135018657, 0.2620528795223055, 0.2985094464761482, 0.2039577825513616], [0.23389160397121359, 0.2644930906939101, 0.2953369194009365, 0.20627838583394414], [0.23501950746305408, 0.2635485843776562, 0.29635118110454767, 0.20508072695473395], [0.23721791278139656, 0.2596407510048124, 0.2970846339972936, 0.20605670211648816], [0.2336751921414548, 0.262816815091034, 0.29366339063504715, 0.2098446020324558], [0.23489465721351077, 0.26159491081174624, 0.2985523413479704, 0.20495809052676284], [0.23706907673463834, 0.26644744819134203, 0.2902044578299887, 0.2062790171440343], [0.23465466351700134, 0.26647790177564334, 0.29024204349081045, 0.20862539111653802], [0.23826130080150215, 0.2639737181265904, 0.2901699272061572, 0.20759505376576656], [0.23795100409918063, 0.2623271613687191, 0.29048789567279854, 0.20923393875929439], [0.23361860915247282, 0.2627506895146678, 0.29896604761376305, 0.2046646536191151], [0.23431335304049394, 0.2604039907339116, 0.3022531129518765, 0.20302954317369845], [0.23663736261762472, 0.26529217687120343, 0.29149744081436507, 0.2065730195967857], [0.23606252634386574, 0.26470593315828606, 0.294566765365797, 0.20466477503206584], [0.23636436575658099, 0.2615976979090885, 0.2855978066363638, 0.21644012959795675], [0.23716015269100701, 0.261044146523485, 0.29212441209647666, 0.20967128858904502], [0.23609032771753632, 0.26351754154850143, 0.292893070898146, 0.20749905973581836], [0.23715950216160434, 0.25640505154518317, 0.29993892455641574, 0.20649652163680896]], "ideal": "C", "sampled": "C", "correct": true}}
{"type": "result", "data": {"idx": 8, "options": ["v0^2/(2\u03bcg)", "v0^2/(\u03bcg)", "2v0^2/(\u03bcg)", "mv0^2/(\u03bcg)"], "probs": [[0.2460322308998096, 0.2843070571510154, 0.25406787786151275, 0.2155928339876594], [0.24920707903494382, 0.28357499363244637, 0.2518693621295972, 0.2153485651030088], [0.24633534937702314, 0.2860858493657435, 0.2602405270910271, 0.20733827406617963], [0.24603159273385317, 0.2867479266861196, 0.26042114456233884, 0.20679933591768565], [0.24834914488173013, 0.28333340185529565, 0.25773242884896935, 0.21058502431399762], [0.24435185542083188, 0.28434144437067893, 0.25971864061712896, 0.211588059491344], [0.24419671631516274, 0.28089055269164853, 0.25968763748218265, 0.21522509341100046], [0.24966380934167032, 0.28183255793449313, 0.2564804197419518, 0.21202321288189196], [0.2435554781819932, 0.28134477158425736, 0.25990053140876607, 0.21519921872498904], [0.24895856553641335, 0.28333472418914296, 0.26017560903221276, 0.2075311011422231], [0.24877538984376793, 0.2783832607194553, 0.2571799871801984, 0.2156613621565928], [0.24856177528611953, 0.2803720826269308, 0.25916445608497796, 0.21190168590197309], [0.2395283154130153, 0.2869593616976545, 0.26087772756332583, 0.21263459522601502], [0.24136351102384782, 0.29061865329239256, 0.25819112261315585, 0.20982671297061709], [0.2400178415528583, 0.28720456888347884, 0.25110505608562594, 0.22167253337804627], [0.2449023671266608, 0.2889158360074531, 0.2513481073142319, 0.21483368945166204], [0.23665433358113283, 0.28605456260713014, 0.260695607078499, 0.21659549663321975], [0.24300382338592522, 0.2863026788743582, 0.25996161027160064, 0.21073188736809542], [0.24883389232201816, 0.28113815466140113, 0.2584661689481557, 0.21156178396841585], [0.24389052577850936, 0.2837540385133804, 0.26011221411901575, 0.21224322148911037], [0.24904743504433827, 0.27988475400981055, 0.2518371512170818, 0.21923065962877009], [0.24745959201391352, 0.28306038057468064, 0.25525630573239483, 0.21422372157901168], [0.2417210691801479, 0.2825686580305613, 0.2633194875557048, 0.212390785133589], [0.24736679835069095, 0.28431603042473613, 0.2628624683172302, 0.20545470280733188]], "ideal": "A", "sampled": "B", "correct": false}}
{"type": "result", "data": {"idx": 9, "options": ["0.5 s", "1 s", "2 s", "4 s"], "probs": [[0.24445051829669875, 0.28861870067991263, 0.28084713173993103, 0.18608364918346576], [0.24826898428324085, 0.2920708355475627, 0.27477555043649515, 0.18488462963269828], [0.24811609022549047, 0.29423404831886896, 0.2774278294724524, 0.1802220318831968], [0.24671213977600165, 0.29137351753357466, 0.2740762598728908, 0.18783808271751812], [0.24897125151873425, 0.2949666361221844, 0.2754741146802024, 0.1805879975788874], [0.24942982561643764, 0.29482961423018295, 0.2745977477979761, 0.1811428122553752], [0.24423835126423876, 0.29427081343478045, 0.27184288352003494, 0.18964795168094126], [0.2464679726623441, 0.29503749511269284, 0.2672357740224835, 0.19125875810246384], [0.24497009773269687, 0.2908506027246908, 0.27819522920363365, 0.18598407023897537], [0.24457392789078847, 0.2883725204440192, 0.27742978579012845, 0.18962376577507337], [0.2459186906188481, 0.29350108742184944, 0.2747417496830538, 0.18583847217625737], [0.246773532256809, 0.29472174832646114, 0.2754754362160175, 0.18302928310072084], [0.250803182954022, 0.29765468898298403, 0.2691222037031103, 0.1824199242598898], [0.24918627540843838, 0.29507508227900986, 0.26702221403388754, 0.18871642817863463], [0.25352032076641384, 0.3003770629842556, 0.26353782111009594, 0.18256479503922882], [0.2500712077645993, 0.29667647510399014, 0.2652159528308541, 0.1880363642005633], [0.24994817746154296, 0.2925254829988913, 0.27327486455767536, 0.18425147488189755], [0.24948992699865635, 0.2942697713969599, 0.2774620554246316, 0.178778246079748], [0.25422117370157304, 0.29667760157445083, 0.2664363934382385, 0.18266483118574423], [0.25382673257231636, 0.29702928735604023, 0.2660458284693719, 0.18309815150224204], [0.2549542047144889, 0.2981420606966921, 0.26204064825115764, 0.18486308623766828], [0.2520234091673274, 0.29692122579170394, 0.2642397358334345, 0.18681562910754096], [0.2549225425320818, 0.29834906634213054, 0.26567221901571353, 0.18105617201009375], [0.2554413266110427, 0.29887359950895304, 0.27107831088893547, 0.17460676289107635]], "ideal": "B", "sampled": "D", "correct": false}}
{"type": "result", "data": {"idx": 10, "options": ["The average kinetic energy of the hydrogen gas is greater than the nitrogen gas.", "The average force exerted on the container by the hydrogen gas is greater than the nitrogen gas.", "The density of the hydrogen gas is less than the nitrogen gas.", "The pressures of the gases cannot be compared without knowing the number of molecules in each container."], "probs": [[0.2784557751115289, 0.2776634902285157, 0.27604185101783507, 0.16783888354213283], [0.2784599081402381, 0.26985126182748764, 0.27334907569347144, 0.1783397542388104], [0.2775459727164535, 0.2811476339868252, 0.2724473747062345, 0.16885901849047721], [0.27018614692947246, 0.2676852721957937, 0.2623893021715327, 0.19973927860319704], [0.26700959797770046, 0.2752574145463602, 0.27484774471715656, 0.182885242658781], [0.25989235326229476, 0.2671634618584469, 0.26992814351928235, 0.2030160412599875], [0.2851200473552216, 0.2801723192094144, 0.2712252768310504, 0.16348235650430262], [0.28578878599425944, 0.27522297343594665, 0.2667550895662055, 0.1722331509035958], [0.28309559408335033, 0.28254564024067136, 0.2709153203114903, 0.16344344526450214], [0.2784914340696703, 0.27134942675492046, 0.26532159594726723, 0.1848375431281378], [0.2690312145114743, 0.27532489566355295, 0.275403774607142, 0.18024011511780283], [0.2652658580045246, 0.2683854941181845, 0.27432593829503266, 0.19202270948226816], [0.27262615767837084, 0.2816026584890078, 0.2736352488566613, 0.17213593487596157], [0.2652676671311257, 0.2713163380476114, 0.26577748436094223, 0.1976385103603287], [0.2726583509977563, 0.28188346502464146, 0.2751343731763152, 0.17032381070127559], [0.2694520012033331, 0.27037280317359513, 0.2711846443721301, 0.18899055115093846], [0.25381657990247997, 0.2674417239003683, 0.2716701922009173, 0.20707150389623313], [0.25674684787697827, 0.2684177768640203, 0.274115018400528, 0.2007203567584736], [0.26260812515930265, 0.27281686770731, 0.2721636326440251, 0.192411374389358], [0.25701995330784105, 0.26942863249670135, 0.2670657416567478, 0.20648567243869534], [0.2616312456649568, 0.272084020829224, 0.2765612610672397, 0.1897234723385746], [0.2586971784699872, 0.2693973678217301, 0.27314120917580265, 0.19876424443247648], [0.25335548082289056, 0.26551968385152935, 0.2675532110588732, 0.21357162416669237], [0.25643703591623845, 0.2673765570933605, 0.2684329367306033, 0.20775347015981965]], "ideal": "D", "sampled": "B", "correct": false}}
{"type": "result", "data": {"idx": 11, "options": ["Move the boy to half his original distance from the fulcrum.", "Move the girl to double her original distance from the fulcrum.", "Allow a second girl of mass m to join the first.", "Move the fulcrum to half its original distance from the boy."], "probs": [[0.23754825856598671, 0.24593151951059705, 0.26991894747796125, 0.24660127434544946], [0.24759256209862773, 0.2532863815926775, 0.27533008078473464, 0.22379097542394497], [0.23617600650760323, 0.2494411445928902, 0.2740396618229993, 0.2403431869765148], [0.23923088840275325, 0.25175706680201093, 0.2762386540122264, 0.2327733906830206], [0.247105711412318, 0.2515769157720149, 0.2670237128023052, 0.23429365991334677], [0.23864930414233962, 0.2458056223770954, 0.26650047804075194, 0.24904459533981127], [0.2338847680599971, 0.24788610185957918, 0.2699180191378715, 0.24831111084254562], [0.24548675603403441, 0.2522807110782199, 0.27040938915838686, 0.23182314362935294], [0.23065197248785146, 0.24770315415957983, 0.2766912118575914, 0.24495366139499503], [0.23248388093288894, 0.24684543712207413, 0.27522607419600525, 0.24544460764905288], [0.2458224861840756, 0.25175979695479594, 0.26769130272482683, 0.23472641403631012], [0.23639262956643933, 0.24892117273514092, 0.2669230799218399, 0.2477631176766007], [0.23803673585100893, 0.24910360977184673, 0.2635690593626748, 0.24929059491446665], [0.24182502577295353, 0.2489789626727289, 0.2665011071997903, 0.24269490425452628], [0.2358094626868494, 0.24614515453276833, 0.2681760867477947, 0.24986929593259444], [0.2351988153393606, 0.24699732856996032, 0.26744413143693946, 0.25035972455374905], [0.24283179955431367, 0.24839435157396392, 0.2672684732081129, 0.2415053755636018], [0.23776305042396068, 0.250779617298229, 0.26427021820444613, 0.24718711397337714], [0.24829756062020544, 0.25178424367679675, 0.2665061056173616, 0.23341208998563995], [0.24072563389506116, 0.2465320903908773, 0.26723670517502135, 0.24550557043904514], [0.24954692113127594, 0.2567030691311893, 0.2716687095329872, 0.22208130010453567], [0.23813075309244516, 0.24882844275610425, 0.26475983297857175, 0.24828097107288916], [0.24130740675928833, 0.2529755223020669, 0.27575208766384135, 0.22996498317481795], [0.23828194056560864, 0.25056825216864587, 0.26870010765702446, 0.242449699508719]], "ideal": "D", "sampled": "D", "correct": true}}
{"type": "result", "data": {"idx": 12, "options": ["The high temperature water will rise to the top of the container until it has cooled and then mixes with the alcohol.", "The molecules of the water continue to have a higher kinetic energy than the molecules of the alcohol, but the two liquids mix until the energy is spread evenly throughout the container.", "The hot water produces thermal radiation that is absorbed by the cold alcohol until the kinetic energy of all the molecules is the same.", "The water molecules collide with the alcohol molecules, transferring energy until the average kinetic energy of both the water and alcohol molecules are the same."], "probs": [[0.23549024652776804, 0.2569513985164611, 0.2990239695451944, 0.20853438531056132], [0.25686268011464913, 0.26683398111848067, 0.29253348262831996, 0.18376985603858564], [0.24617876483604142, 0.25810841348575875, 0.30383634935862464, 0.19187647221958506], [0.2611087188829107, 0.2642460998695496, 0.29899124570258234, 0.17565393544495445], [0.2618090481349962, 0.26201770551502773, 0.29870904194489234, 0.17746420430509252], [0.2581772674370775, 0.2632707400593986, 0.29703652173845163, 0.18151547066506846], [0.2333855011482176, 0.25349730844440693, 0.3053384345731163, 0.20777875573425938], [0.2569256148758248, 0.2600591302597377, 0.30213074156207514, 0.18088451320237633], [0.2352181602329404, 0.25520706422497913, 0.2982542744597082, 0.2113205009823722], [0.26987170143717787, 0.27080452163587204, 0.2935837620335533, 0.16574001479340877], [0.2619070259742262, 0.2630869420391564, 0.2888015525882689, 0.18620447929832468], [0.26892740509378527, 0.2688856812953216, 0.289709671475987, 0.1724772420349049], [0.24373728454336707, 0.2542013075274835, 0.30456747144430507, 0.1974939363848539], [0.2662395731023653, 0.26106950807622226, 0.30070111009324435, 0.1719898086281666], [0.24447064142912378, 0.25957340922837707, 0.29186716961211145, 0.20408877963039743], [0.2716471663312095, 0.273314720933426, 0.28950173837570514, 0.1655363742596453], [0.259888224015176, 0.2615595226806522, 0.29728027566570586, 0.18127197753846336], [0.2754873815976166, 0.26812210107741286, 0.2938261725797912, 0.1625643446451875], [0.26163068732596734, 0.2589062022641702, 0.3031783989558556, 0.17628471135399093], [0.2590925716808089, 0.26198462929927496, 0.30111485835614693, 0.1778079405637905], [0.26422217654873387, 0.2671113501654147, 0.28548429663380476, 0.18318217655206875], [0.27036072119966986, 0.2708080147340254, 0.28991749115074583, 0.16891377281556766], [0.2576580600005043, 0.2617706360556329, 0.2984656851850449, 0.18210561865882863], [0.2738446348604606, 0.26598861589358236, 0.29731891933515775, 0.16284782981078397]], "ideal": "D", "sampled": "D", "correct": true}}
{"type": "result", "data": {"idx": 13, "options": ["4 s", "2 s", "0.06 s", "0.03 s"], "probs": [[0.2420479611634126, 0.29621382569014076, 0.26647228684646007, 0.19526592619999214], [0.24424497757176422, 0.29816801840318335, 0.2657402883517018, 0.19184671557335628], [0.2396059662110836, 0.29523929010175204, 0.2662274738599243, 0.19892726972724326], [0.24278302339814528, 0.2967038265426038, 0.26134060555476674, 0.1991725444044885], [0.24091859560523787, 0.29593632207769976, 0.2696139817716456, 0.19353110044543156], [0.24281215251110552, 0.2955178976037838, 0.26454893357143716, 0.1971210162136662], [0.24094934546810928, 0.2876681939469315, 0.27062294834989353, 0.20075951213506962], [0.24326801199292403, 0.2884014203649866, 0.27013552721057327, 0.19819504033152002], [0.24024723802545356, 0.2923440313947215, 0.2643050214823118, 0.20310370899750435], [0.24424846726165617, 0.2979255055111521, 0.2637826538295629, 0.194043373297633], [0.24192620878402657, 0.2932866630237813, 0.26915716813784396, 0.19562995995435017], [0.2432711061300569, 0.29670298622168806, 0.2676915825441229, 0.19233432500413733], [0.2421678802460884, 0.28888914183688863, 0.2681828511640256, 0.20076012665300197], [0.2425653751633742, 0.2901446015444302, 0.2679696898296322, 0.19932033336255708], [0.24213845714553303, 0.2866555006571206, 0.2649754605404214, 0.20623058155694232], [0.24247269694225687, 0.2921336203713541, 0.26971304500905685, 0.1956806375773144], [0.24232217788158072, 0.29160985707749465, 0.2628385333401822, 0.20322943160073564], [0.24320583296427456, 0.29311278030830024, 0.2672674117169256, 0.19641397491047946], [0.24308207031692403, 0.2945788813834177, 0.26824819386764454, 0.19409085433199252], [0.24229309381279202, 0.29474944747951465, 0.2662272684824906, 0.19673019012520795], [0.24338843603276494, 0.2920642040452556, 0.26720569394789323, 0.1973416658740901], [0.24033726754932805, 0.29621418820728307, 0.26964741435490547, 0.19380112978848962], [0.24122442101626015, 0.29771406067436207, 0.2630845522723796, 0.1979769659369932], [0.24021505926372363, 0.29694717392288156, 0.2691581133575691, 0.19367965335583187]], "ideal": "B", "sampled": "D", "correct": false}}
{"type": "result", "data": {"idx": 14, "options": ["10 N/kg", "4 N/kg", "2 N/kg", "0.5 N/kg"], "probs": [[0.25641777818178624, 0.2830043435436606, 0.27058535975323983, 0.1899925184213215], [0.25397525180328295, 0.2815402639223828, 0.26643295702264536, 0.19805152715169574], [0.25596061592508357, 0.28279463853183234, 0.2669544216781868, 0.19429032376489327], [0.251074735626669, 0.28108650628958504, 0.2684199417117283, 0.1994188162720131], [0.250830794574642, 0.28206244849698037, 0.2671989577478538, 0.19990779908051898], [0.24826591458640968, 0.28084192914835454, 0.2703742031031518, 0.20051795306207926], [0.2567221665575322, 0.2808738106879827, 0.2801797338585221, 0.1822242887959486], [0.2547990059747612, 0.27871038784189023, 0.2760600000677799, 0.1904306060155414], [0.25745613436374926, 0.28380548639505276, 0.26698772263376014, 0.19175065650742248], [0.25672237730496916, 0.28380622753671536, 0.268453891637988, 0.19101750342031218], [0.2517454692039183, 0.2805282508294317, 0.2700647319120705, 0.19766154795459961], [0.25180684991967894, 0.28206195624856034, 0.2733058175553177, 0.19282537617643916], [0.25565361715897383, 0.2805269285888889, 0.27885518834100825, 0.18496426581114986], [0.25076932398346874, 0.2771100936808723, 0.27909875430454356, 0.19302182793113584], [0.25767080410296733, 0.2774219221551618, 0.26695404536593315, 0.19795322827593326], [0.25425054921079915, 0.27864362954422756, 0.2698853555354021, 0.19722046560956677], [0.2489693118020761, 0.27958632170457565, 0.27156169616555303, 0.199882670227802], [0.25147188096568457, 0.28049490068274396, 0.27393643721352334, 0.19409678103807926], [0.24860158591918394, 0.281050144053811, 0.2776687039502075, 0.19267956597680608], [0.24603731435115958, 0.27885367717368165, 0.2805988251364979, 0.19451018323866862], [0.25080029914505186, 0.28178398037569136, 0.26863237897108083, 0.19878334140818305], [0.251563558003702, 0.284260166585785, 0.27257338843086854, 0.19160288687964006], [0.24786953382501967, 0.28129472024212177, 0.2715635775169862, 0.19927216831588065], [0.249241927895535, 0.2805974497644724, 0.2750155142899277, 0.19514510795006024]], "ideal": "B", "sampled": "B", "correct": true}}
{"type": "result", "data": {"idx": 15, "options": ["\u03c3/2\u03b5o, down", "\u03c3/2\u03b5o, up", "\u03c3/\u03b5o, down", "\u03c3/\u03b5o, up"], "probs": [[0.24552546966371247, 0.3085942026975722, 0.2668936329996526, 0.17898669453909083], [0.2477855809108753, 0.3098909386752746, 0.26646907308765677, 0.17585440722619525], [0.2452208722495101, 0.30305242145441086, 0.2747733651963111, 0.1769533409997692], [0.2458312444781748, 0.29987658040589943, 0.27233161291037083, 0.18196056210555797], [0.25108379426786, 0.31355105394388166, 0.2681800737024862, 0.167185077985776], [0.2535251133341218, 0.3101315397517592, 0.26549415000597654, 0.17084919680814736], [0.25520465696606126, 0.30448036027399283, 0.26472568930511664, 0.17558929335484338], [0.24998231252754663, 0.3035421683642786, 0.27135351736095203, 0.17512200164722402], [0.2581051628234957, 0.30981183529442813, 0.26689225100383346, 0.16519075077827058], [0.25621209413047535, 0.3072018689200511, 0.2674468504340687, 0.1691391864154081], [0.252792614696319, 0.30085483562151877, 0.27672615329176486, 0.16962639629039833], [0.2520904971297261, 0.2979595607716172, 0.2728522543392591, 0.1770976876593877], [0.2436629748765877, 0.30284595867044384, 0.2718756506705838, 0.181615415682373], [0.2461978373039776, 0.30793662768070434, 0.2737972560700908, 0.17206827884522885], [0.2515721283409587, 0.3125760613230247, 0.2630500690718858, 0.17280174116413297], [0.254747366098637, 0.3172165919186341, 0.2652483590666661, 0.1627876828160642], [0.24973869744868887, 0.3120892710205724, 0.2632944216415631, 0.17487760978917727], [0.2511135998274288, 0.3111512115174731, 0.26332550841620644, 0.174409680138879], [0.25358778789075526, 0.3092330495655469, 0.26702266124280527, 0.1701565012008692], [0.26179897243500133, 0.3130261475706105, 0.2635055178933637, 0.16166936200103815], [0.2525787238234205, 0.3026024553385618, 0.27114212572812124, 0.1736766950098842], [0.2552972637402196, 0.3070354048867067, 0.27288617845884666, 0.16478115281420327], [0.2566700686755683, 0.3066795000043493, 0.26325984439391825, 0.17339058682617584], [0.25300469896544303, 0.30521543568771176, 0.2688774480656421, 0.17290241718121452]], "ideal": "A", "sampled": "D", "correct": false}}
