{"type": "result", "data": {"idx": 0, "options": ["too much curvature of the cornea and lens", "too little curvature of the cornea and lens", "too much curvature of the iris and lens", "too little curvature of the iris and lens"], "probs": [[0.31020050406475236, 0.32086633329252684, 0.2212767537293723, 0.14765640881335407], [0.3104811229462841, 0.3167531076020052, 0.22191541831268638, 0.15085035103901817], [0.3072665521059367, 0.3140293414878236, 0.23629841834656465, 0.14240568795968056], [0.3028695005267543, 0.31207663235320826, 0.2364201108216984, 0.14863375619834351], [0.3014473462434046, 0.31649914429671866, 0.23596164471603825, 0.14609186464384], [0.30193308542291547, 0.32041305499306366, 0.23498289376144046, 0.14267096572257704], [0.3068170857989159, 0.3189518226076816, 0.223014482406044, 0.15121660908735157], [0.3090174169561205, 0.32041550460505747, 0.2195938287330056, 0.15097324960581104], [0.297611309949059, 0.3173098259332748, 0.23797365023237216, 0.1471052137852707], [0.30099295170797297, 0.31581062401071797, 0.2314693997228469, 0.1517270244584468], [0.3063648033837408, 0.31532563839762734, 0.23354728069041267, 0.14476227742820139], [0.2992431347712153, 0.31284510628051737, 0.2352279313083631, 0.15268382753989804], [0.30440762634304475, 0.3121529104134211, 0.23928891160921856, 0.14415055153429615], [0.3068148667276454, 0.31235836210604123, 0.2342509783649408, 0.14657579270136564], [0.2968385363584314, 0.31898519310566, 0.2398993326499007, 0.14427693778599385], [0.2999433465685583, 0.3152416124818607, 0.23422325538139008, 0.15059178546820282], [0.3131682868955656, 0.3152889939121416, 0.21849427951746017, 0.15304843957482542], [0.31138010317026055, 0.31081752887803105, 0.21978508229563576, 0.15801728555608924], [0.2991707311018359, 0.3152071479445725, 0.23553797115614308, 0.15008414969746986], [0.29484873657217636, 0.317236432409227, 0.23815987629178761, 0.14975495462680713], [0.3004258611868357, 0.3128072581334055, 0.23813188702319368, 0.14863499355657125], [0.3046543701986335, 0.31337142942579793, 0.23134843404851915, 0.15062576622703164], [0.3089378886857125, 0.31252637428007063, 0.2206401061897236, 0.1578956307445102], [0.3123976092797163, 0.3142724164332389, 0.2159027941836978, 0.1574271800033532]], "ideal": "A", "sampled": "A", "correct": true}}
{"type": "result", "data": {"idx": 1, "options": ["OCD.", "schizophrenia.", "conversion disorder.", "antisocial personality disorder."], "probs": [[0.2572139400196585, 0.26302899795418005, 0.29849287605031044, 0.18126418587584842], [0.2530914438081544, 0.26184047740041366, 0.3019473235898547, 0.18312075510156262], [0.24435802314827607, 0.256402568224957, 0.30480549310596294, 0.19443391542081492], [0.23351799737677137, 0.24678518758181764, 0.29873580720947474, 0.22096100773193467], [0.2555017251199435, 0.2652303607221302, 0.2943376459093382, 0.18493026814858415], [0.2446626017961434, 0.25500239024800464, 0.28924413879329125, 0.2110908690625429], [0.2601107676348867, 0.26593536802077516, 0.2911283352492909, 0.1828255289950487], [0.2547363508149321, 0.2664258851641643, 0.2967441452641347, 0.18209361865676943], [0.25772970433590786, 0.26990711116985777, 0.28875821794264034, 0.18360496645157248], [0.26920902064253494, 0.2657534092776607, 0.28631579923470535, 0.17872177074507906], [0.27287504766082105, 0.2784605563636005, 0.2797180500078913, 0.16894634586766227], [0.2839736503307513, 0.27246303781841474, 0.2749419496378509, 0.16862136211300896], [0.24569875384485365, 0.25909612378036345, 0.29601382689872147, 0.1991912953760643], [0.23275456044157433, 0.2499376846188937, 0.29283800758159434, 0.2244697472579397], [0.25375729872241687, 0.2620262824393164, 0.29552640682595194, 0.18869001191231874], [0.2620281912038975, 0.2607715898904379, 0.2908510592233728, 0.18634915958230955], [0.24279658299219758, 0.25985938515899587, 0.28847955794860647, 0.20886447380019055], [0.25595437899960016, 0.26031602436580686, 0.290152050814492, 0.19357754572010602], [0.26502643392182695, 0.27134031134318976, 0.28212628264672174, 0.18150697198825186], [0.24869289913466336, 0.2595198730732012, 0.27884841762943235, 0.21293881006272927], [0.2808693136621266, 0.27814596572360156, 0.2745208749700376, 0.16646384554423596], [0.28899966069236466, 0.27381450816541036, 0.26945742049249044, 0.16772841054971432], [0.2495163586575391, 0.2642536043487158, 0.2853024184105319, 0.20092761848320517], [0.2664591476156245, 0.265685480869211, 0.2852659068661272, 0.18258946454904518]], "ideal": "B", "sampled": "B", "correct": true}}
{"type": "result", "data": {"idx": 2, "options": ["Homeostatic regulation", "Goal-setting", "Expectancy-value", "Hierarchy of needs"], "probs": [[0.2631349240289164, 0.2774835373942234, 0.28458977280542797, 0.1747917656714282], [0.2554944624111263, 0.27301693431781276, 0.2706034035281054, 0.20088519964297447], [0.2721375749648916, 0.28624431862493205, 0.2571987860225984, 0.18441932028758226], [0.2659978289984593, 0.28718825606241705, 0.2554582188381489, 0.19135569600098873], [0.2645616448133951, 0.28648461789129637, 0.259888462981864, 0.1890652742134509], [0.2672854175454871, 0.2933642040878842, 0.26993214894341333, 0.16941822932320902], [0.2581894586543087, 0.27521724955669713, 0.29306702242831584, 0.17352626926070314], [0.2508856809971958, 0.2676774732138728, 0.27869679817012444, 0.20274004751881525], [0.2678046301037896, 0.2821602705123377, 0.26410517574595566, 0.18592992353789678], [0.267492912092108, 0.28624156244692045, 0.2598922931478604, 0.1863732322131133], [0.25971049625708764, 0.28041096215855815, 0.26163176271912464, 0.1982467787652249], [0.266278107689058, 0.2930776374200661, 0.271125002341982, 0.16951925244890204], [0.2665521550999202, 0.27088979231185845, 0.27017896319846724, 0.19237908928974798], [0.2616334909336494, 0.2728128357246888, 0.26623842995976704, 0.1993152432818973], [0.259953650870485, 0.2642947438860384, 0.27482203602233474, 0.20092956912113305], [0.25946338214792297, 0.26893393252238396, 0.2714055761004386, 0.20019710912924413], [0.26383033454997223, 0.2825824698615867, 0.26013250206191535, 0.1934546934265268], [0.26675967220321867, 0.284289766540363, 0.26062383222632907, 0.18832672893009092], [0.2745775910878596, 0.2911260503569986, 0.25549331064794883, 0.1788030478071976], [0.2767118326118823, 0.29936165641816936, 0.2617763322635667, 0.1621501786064103], [0.270422084215289, 0.2874629134216872, 0.2564718554420395, 0.18564314682098684], [0.27827421417876247, 0.29800418921514615, 0.2630978880758525, 0.16062370843022764], [0.28141553567347755, 0.3035893250980756, 0.24083627732516322, 0.1741588618032821], [0.28431021094028613, 0.3040387152230726, 0.2406868940406596, 0.17096417969599303]], "ideal": "D", "sampled": "C", "correct": false}}
{"type": "result", "data": {"idx": 3, "options": ["measures what it purports to measure", "yields consistent results on successive administrations", "has been piloted and statistically analyzed", "includes norms based on a representative sample of the general population"], "probs": [[0.27403687545370137, 0.28424547532101857, 0.2583999167690475, 0.18331773235623613], [0.26817407399317494, 0.28155990850702245, 0.26743751574909186, 0.18282850165071562], [0.27675720653926394, 0.2857456658380307, 0.25305795324023556, 0.18443917428246162], [0.2740386489107145, 0.28912833964498735, 0.2615765924708981, 0.17525641887340596], [0.2684502549166682, 0.2901416296936561, 0.26038889083987077, 0.18101922444979812], [0.27138323394161507, 0.2982007914652687, 0.26136618528309236, 0.16904978921001726], [0.2820970164739956, 0.296945275639351, 0.2486315117270686, 0.17232619605958618], [0.2773882646357784, 0.29345497795064635, 0.25809436030326166, 0.17106239701034073], [0.2858319348476347, 0.30556557608696744, 0.25088973347247123, 0.15771275549290653], [0.279656755240143, 0.2942610295438393, 0.2530242289129188, 0.1730579862031001], [0.2784670564456608, 0.3033313999659686, 0.26112049296886725, 0.1570810505194951], [0.2781907213036778, 0.3023193839786638, 0.25424730656318556, 0.16524258805447464], [0.2818876240679143, 0.29502640348602754, 0.24792873364189114, 0.17515723870415748], [0.2794131898606966, 0.29840790640305975, 0.2586460964118957, 0.16353280722435284], [0.28209773322569553, 0.3001176837365139, 0.2574229430339713, 0.16036163990382402], [0.2725740219657381, 0.2908405634240654, 0.259130514054903, 0.17745490045529594], [0.27623718451760876, 0.3071982301570422, 0.2618225339563016, 0.15474205126905377], [0.274039604860678, 0.2967011542337526, 0.25326992028401896, 0.17598932052155286], [0.28942377625268695, 0.29157168213513085, 0.25351803998207073, 0.16548650153011457], [0.29479872656100037, 0.29938486518809393, 0.254251577446888, 0.15156483070402207], [0.28502734220377024, 0.29620937380462364, 0.2671952157814558, 0.15156806811015655], [0.2845767658765203, 0.293804437612689, 0.26209521710918643, 0.1595235793015961], [0.29207736110144233, 0.30545078456969976, 0.259591895815176, 0.14287995841370155], [0.2920770409053114, 0.29324625111112007, 0.2527507191024749, 0.16192598878110853]], "ideal": "A", "sampled": "D", "correct": false}}
{"type": "result", "data": {"idx": 4, "options": ["the provision of a free, appropriate public education for students with disabilities", "the provision of bilingual education for English-language learners", "schools being held responsible for providing tests that do not discriminate on the basis of race", "the assignment of similar funding to athletic activities for boys and girls"], "probs": [[0.24658330408474516, 0.2999133803084097, 0.26454262211063406, 0.18896069339620167], [0.24756067826303424, 0.29063184578188667, 0.25208434543255376, 0.2097231304225167], [0.24899769923558726, 0.30427391820448224, 0.2447257657845517, 0.20200261667538139], [0.24057217123990032, 0.29914473874145964, 0.25473841134342384, 0.20554467857521827], [0.24572906516268875, 0.29453962099674097, 0.24341364334967136, 0.21631767039089034], [0.24029707589230218, 0.2991067650319387, 0.26301186598977305, 0.19758429298600072], [0.24313468241356923, 0.3010962633906716, 0.2659750185587613, 0.18979403553700244], [0.24374449685716557, 0.289863378694577, 0.2569380939184736, 0.2094540304297884], [0.24829336371308117, 0.3087084572750982, 0.25159602878892756, 0.19140215012288309], [0.24230898697126407, 0.29429826595142267, 0.2495173510453561, 0.21387539593194782], [0.24313220378577197, 0.293285384394409, 0.25180925971311324, 0.211773152006708], [0.24008086719761254, 0.2937736840424938, 0.25986608591489746, 0.20627936274499864], [0.2514992371277175, 0.3000473486918503, 0.25321579216182455, 0.19523762191863536], [0.24597346394744518, 0.2911190584928048, 0.2677194468871617, 0.1951880305725801], [0.2489945517558334, 0.3047619109755854, 0.25449987099298993, 0.19174366617559346], [0.2448430590317347, 0.2984123759608751, 0.2499792582509508, 0.20676530665644274], [0.2441401322544879, 0.3023564057299834, 0.26161297234825137, 0.19189048956726687], [0.24459968037382052, 0.30085439904125744, 0.24448369347522583, 0.21006222700969945], [0.24066269710591376, 0.2939794485835572, 0.24787261961197962, 0.21748523459856478], [0.23443619852340733, 0.30032735469480304, 0.269361525062645, 0.19587492161915923], [0.23949828215015045, 0.2950298245993516, 0.25526162603594826, 0.21021026711453986], [0.2371492337673786, 0.2967028624246488, 0.26426517045099573, 0.20188273325697997], [0.23968630947724706, 0.31058563292312313, 0.2620355864396172, 0.18769247106002604], [0.23812809942904012, 0.30061198414546725, 0.2465573356734243, 0.2147025806520704]], "ideal": "C", "sampled": "C", "correct": true}}
{"type": "result", "data": {"idx": 5, "options": ["0%", "25%", "50%", "75%"], "probs": [[0.2513211023904795, 0.2666658918523093, 0.26938879380146247, 0.2126242118557581], [0.254561111434704, 0.284067908972423, 0.2723907888470454, 0.18898019064581814], [0.24967296344726325, 0.27918246259990354, 0.26115293659052224, 0.2099916372623016], [0.2504100102522617, 0.2818683628438266, 0.26213022697519317, 0.20559139982871008], [0.2537666744484901, 0.28497650984463013, 0.26915161990682845, 0.19210519570006424], [0.24503604540072307, 0.2764980059732708, 0.2699468014284701, 0.20851914709752334], [0.26262518358271975, 0.2970145257725402, 0.24807953091380638, 0.19228075963092314], [0.2667148583005781, 0.3067072421866597, 0.2503418906057248, 0.17623600880705528], [0.2714536561503823, 0.3065737950952918, 0.25006721712076785, 0.1719053315335388], [0.27212548302953316, 0.30136989156059335, 0.2528132266161584, 0.17369139869371694], [0.2855237709235004, 0.31354493551195095, 0.22982399031986928, 0.1711073031446966], [0.2787569981921253, 0.30409374221477564, 0.2326871453789389, 0.18446211411415214], [0.2619240431208628, 0.29387120501929537, 0.2477449377548907, 0.19645981400493345], [0.2628738360109873, 0.29920592436301785, 0.2485710572842499, 0.18934918224174213], [0.2708982682628155, 0.29965989456739994, 0.25354779091066865, 0.17589404615912257], [0.26800447318385573, 0.2938317748470676, 0.2555322482027067, 0.18263150366636463], [0.27334397800144383, 0.3008811375815088, 0.25306017111231316, 0.1727147132047407], [0.2723345689679778, 0.2959612908950907, 0.25840007420565286, 0.17330406583129487], [0.26772589830057814, 0.3074787945741926, 0.24548894742135707, 0.17930635960387434], [0.2565220985841781, 0.30238782619242, 0.24686025131734557, 0.19422982380604584], [0.2899910571877621, 0.31313445801110207, 0.2274380708158762, 0.16943641388524963], [0.2801534172258813, 0.302800084763169, 0.23141071485747408, 0.18563578305348982], [0.2731023678391886, 0.31016305825718504, 0.24499833229598825, 0.17173624150764155], [0.27327964918376246, 0.3027647795402239, 0.25128466832205837, 0.17267090285398004]], "ideal": "A", "sampled": "D", "correct": false}}
{"type": "result", "data": {"idx": 6, "options": ["variance", "mean", "range", "median"], "probs": [[0.22570980712144156, 0.2872210808437363, 0.2579454297179204, 0.22912368221688548], [0.22959032888722428, 0.28620909542038675, 0.2549824354551277, 0.22921814013725655], [0.22125970837405234, 0.2759181114528164, 0.27204434858570853, 0.23077783148743047], [0.2226317637389485, 0.26618231005589316, 0.266704946415321, 0.244480979689833], [0.234175166377827, 0.27857002555657007, 0.26004688527984665, 0.22720792268577597], [0.2307866752331543, 0.2742081994068692, 0.2569045657522157, 0.23810055950776846], [0.20489393579745085, 0.2827580143853934, 0.26691943029255166, 0.2454286194246119], [0.21258702737084795, 0.28568836791347835, 0.26374370331301655, 0.23798090130266383], [0.21126849218088695, 0.27522245360066216, 0.2745231888748196, 0.2389858652436252], [0.21133994198729314, 0.27295730341206187, 0.2703034283602425, 0.24539932614042126], [0.20943652486865147, 0.27766631882027515, 0.2764759863302304, 0.23642116988083567], [0.20440545625444753, 0.2739697842736462, 0.2725334958366985, 0.24909126353521224], [0.19693510772327757, 0.28247848749167065, 0.2690809065400798, 0.25150549814499146], [0.20015914123474543, 0.2732667190585532, 0.26230941031959437, 0.2642647292871015], [0.20565255810025482, 0.2874311200367044, 0.26914927000746236, 0.23776705175557397], [0.20470134359954148, 0.2816044724297496, 0.263073219493703, 0.2506209643769886], [0.2020634722923038, 0.2736890087159549, 0.27250137002712094, 0.2517461488646391], [0.20050015833939275, 0.2734781728921047, 0.27350976133921706, 0.25251190732929185], [0.222630257920648, 0.29353709445310805, 0.25424752247788496, 0.2295851250483536], [0.21969998982080152, 0.2874320049649867, 0.25107390024045734, 0.24179410487374858], [0.22763485441263925, 0.2930498971877264, 0.2574238533716374, 0.2218913949279904], [0.22431139443954531, 0.2908156842708856, 0.2549491436757352, 0.22992377751384005], [0.22421768787962335, 0.27644166873872145, 0.2623089100780277, 0.23703173320362142], [0.2204588133657005, 0.27965076001099454, 0.2645369002259538, 0.2353535262973328]], "ideal": "A", "sampled": "A", "correct": true}}
{"type": "result", "data": {"idx": 7, "options": ["They need provide supervision only to school psychologists who are not fully certified or licensed and to any school psychology interns.", "They should provide professional but not administrative supervision.", "They are eligible to serve as supervisors after one year of experience as a school psychologist.", "They should hold the Nationally Certified School Psychologist credential or the state school psychologist credential."], "probs": [[0.25356589233461807, 0.2823294143281266, 0.2567714285866226, 0.2073332646506365], [0.26336849973415605, 0.2794306324121962, 0.2531395018937095, 0.2040613658599324], [0.25203768111401625, 0.28079453756175105, 0.26232894883735874, 0.20483883238690362], [0.25698664405276994, 0.2801372219610501, 0.26801251694370226, 0.1948636169424758], [0.26612256411031093, 0.2826767382947609, 0.2610223034634263, 0.1901783940314712], [0.26135253081546955, 0.2820558787001363, 0.26993283674480273, 0.18665875363960274], [0.24672456011930746, 0.28380028684622777, 0.25481653403692944, 0.2146586188975362], [0.25799231165621805, 0.28138958872630626, 0.25118406877953736, 0.2094340307379301], [0.24587198329740503, 0.2811156945892539, 0.26018902947282524, 0.21282329254051494], [0.2521309055904459, 0.2777283597438925, 0.26559573254679447, 0.20454500201885553], [0.2615983880097423, 0.2844979567081254, 0.258449193723924, 0.19545446145822212], [0.2584211920318774, 0.2776606658937401, 0.2660186461568995, 0.1978994958174954], [0.24675397520408476, 0.27845822441616885, 0.2636449457637872, 0.2111428545159509], [0.25283330099161383, 0.2742782015066058, 0.26678851738446824, 0.2060999800173097], [0.25042191500870964, 0.2752849621403513, 0.2592434577799166, 0.21504966497101102], [0.25716761564109286, 0.270300274286594, 0.2669631514681511, 0.20556895850418766], [0.25918664087326104, 0.277698746173657, 0.2719193013752644, 0.1911953114778145], [0.264345005671592, 0.27259597023450194, 0.27195028507689645, 0.1911087389170022], [0.2650792599321222, 0.28969455118752824, 0.25729558155145366, 0.18793060722888785], [0.2582093167493998, 0.2864894551663602, 0.26678938378400363, 0.18851184420023384], [0.2692035672451838, 0.2874613220000169, 0.25237402306430656, 0.19096108759049518], [0.26557047054024324, 0.28163464186054815, 0.26193072401737655, 0.1908641634818209], [0.26260707877249223, 0.28526996643119684, 0.2689890833643366, 0.1831338713319703], [0.26818828114501503, 0.2798540228093478, 0.2684673011471218, 0.18349039479853285]], "ideal": "D", "sampled": "D", "correct": true}}
{"type": "result", "data": {"idx": 8, "options": ["at the beginning of the list", "in the middle of the list", "at the end of the list", "distributed throughout the list"], "probs": [[0.2699167533238843, 0.3062675516594886, 0.2584291926336657, 0.16538650228295082], [0.2691500310178222, 0.30574211103895355, 0.25962036668041905, 0.16548749116280634], [0.27131487314305863, 0.30570644016759324, 0.2522607069438985, 0.17071797964546254], [0.2720808109482693, 0.30818461635879935, 0.2542466983445833, 0.1654878742483504], [0.2714134495388429, 0.30459603693433224, 0.25895152727157317, 0.1650389861552281], [0.2718689379350989, 0.3089547939407407, 0.26038588639669913, 0.158790381627451], [0.2770012552443744, 0.3121286059253, 0.24817023437330757, 0.16269990435700865], [0.2764450106506271, 0.3118071313206888, 0.24994272899160075, 0.16180512893709917], [0.2755689127836141, 0.31314433201673625, 0.2475896606628936, 0.16369709443673428], [0.27459191600356336, 0.31387552560186244, 0.2501569261125335, 0.16137563218202042], [0.2725701657531105, 0.3094035982117625, 0.2586435492688266, 0.1593826866663039], [0.2730587734917224, 0.31038107026158707, 0.2581552933244267, 0.15840486282226665], [0.27235754180826194, 0.3109099507979376, 0.24670507538778022, 0.17002743190600905], [0.2733021093760285, 0.3128240232424272, 0.24899590108925665, 0.16487796619229064], [0.2693616227751976, 0.31009860325106686, 0.2532396458672388, 0.16730012800651195], [0.26726116405913447, 0.31021220953056433, 0.25553297773331096, 0.16699364857696872], [0.2719012658124931, 0.3104576643776335, 0.25699858013150284, 0.16064248957834953], [0.27082480740907133, 0.30716901234902455, 0.2566607184030113, 0.16534546173890796], [0.2707958716418983, 0.30591087855072024, 0.25198610380281006, 0.17130714590459756], [0.2716609025767613, 0.3094800300403422, 0.2538198118561133, 0.16503925542676084], [0.26960850713450485, 0.30692343652928383, 0.25763395090734464, 0.16583410532888174], [0.27040719730392965, 0.3089525757174288, 0.2569644205787616, 0.16367580629987005], [0.26789756110319357, 0.3130306825577798, 0.25543654554439527, 0.16363521069464465], [0.26747413628553945, 0.30944231001140604, 0.2550112217300974, 0.16807233187294657]], "ideal": "A", "sampled": "C", "correct": false}}
{"type": "result", "data": {"idx": 9, "options": ["Piaget's cognitive development theory", "Erikson's psychosocial stage theory", "Kohlberg's moral development theory", "Ainsworth's social attachment theory"], "probs": [[0.2561971556073687, 0.2805911774613133, 0.2564568256184304, 0.2067548412128981], [0.26355706530700584, 0.28575200704580606, 0.25526829455312516, 0.1954226329940626], [0.24428883279758867, 0.26966867164986663, 0.2755732985330007, 0.2104691969195296], [0.2520469802025549, 0.25714548621802474, 0.2647584105059779, 0.22604912297345442], [0.2557720872302026, 0.28334457330501645, 0.26897919157655903, 0.19190414778820813], [0.25061232360034263, 0.26376980109987386, 0.263570243083944, 0.22204763211583864], [0.2709169530534132, 0.2808977337488474, 0.2499272465477853, 0.19825806654994593], [0.278911601084336, 0.2852230064163794, 0.24876779620611494, 0.18709759619318686], [0.26868514562237056, 0.2786663829336115, 0.25771207258368595, 0.19493639876033653], [0.27538188205707714, 0.27559092015863257, 0.25829465688635384, 0.1907325407979057], [0.2777590042252649, 0.2874910683070709, 0.2540804002419007, 0.18066952712575615], [0.2781454301541083, 0.2807931233346244, 0.25374212941259106, 0.18731931699870566], [0.24917552609823704, 0.27089283658093566, 0.2682422278079677, 0.21168940941284417], [0.25525361849811096, 0.2581564602917806, 0.2589263830335894, 0.22766353807651782], [0.2628553810314327, 0.2791966071728749, 0.26067070887226595, 0.19727730282341358], [0.26966334591680546, 0.27574117539257986, 0.2606389284449107, 0.19395655014570487], [0.25623036064337623, 0.2686577332270982, 0.2647899335257581, 0.21032197250376766], [0.26111484698548526, 0.27574158284160605, 0.2716299796463858, 0.1915135904265225], [0.25818567256086766, 0.2903926899272918, 0.2603948840019826, 0.19102675340985684], [0.255774672915829, 0.2691757055001687, 0.2530953248204574, 0.2219542966635316], [0.2674681996757603, 0.29112432373848274, 0.25208976105742137, 0.1893177154283374], [0.26991026353189623, 0.28379698598828057, 0.25233287624659956, 0.1939598741332251], [0.2564755311939633, 0.27158562557950566, 0.2579496751135832, 0.21398916801294768], [0.2584607970465846, 0.2811462994146951, 0.26824252017998057, 0.19215038325872752]], "ideal": "B", "sampled": "B", "correct": true}}
{"type": "result", "data": {"idx": 10, "options": ["aptitude", "projective", "achievement", "intelligence"], "probs": [[0.22433522942248613, 0.3094114003136466, 0.25742042354818956, 0.20883294661567722], [0.2320284155948485, 0.3050161438252631, 0.2588864223205524, 0.20406901815933454], [0.22042754096312706, 0.313807537085422, 0.2786685187660488, 0.18709640308540146], [0.22100986410999923, 0.30766670769945254, 0.27106347021472604, 0.20025995787583203], [0.22848697849823887, 0.30355066323454577, 0.2693886866347031, 0.19857367153250965], [0.22299051576273046, 0.29671453019012395, 0.25741870368019076, 0.22287625026695185], [0.23010306063095604, 0.30114631524285573, 0.26160516565044073, 0.2071454583757336], [0.23725162761162072, 0.29741049842756995, 0.26227405324424646, 0.20306382061657224], [0.23120279481683817, 0.30676449366508435, 0.26404713607217317, 0.19798557534589062], [0.23987348719424154, 0.30652118937595835, 0.2655120748658077, 0.1880932484639805], [0.2366117965277225, 0.29883732353496173, 0.2563823432915777, 0.2081685365457607], [0.233953632629766, 0.300827837184483, 0.2578783992962357, 0.20734013078952748], [0.21395672613334252, 0.3169831487068785, 0.2774460411802018, 0.1916140838795771], [0.21576123675564246, 0.3132833089629062, 0.26617878798563754, 0.2047766661958238], [0.21886925711134794, 0.3194637536683033, 0.26013695689408467, 0.2015300322262521], [0.22919333337637024, 0.31792136732006243, 0.25982854462865784, 0.19305675457492397], [0.21976336075954728, 0.3095828258109959, 0.2585748837137043, 0.21207892961577549], [0.22397036433811338, 0.31503000437860523, 0.2713385836731574, 0.18966104751012489], [0.23190713131263974, 0.3098986867591197, 0.27036654919101966, 0.18782763263721955], [0.22748221297854165, 0.3037574000816367, 0.2590979219024307, 0.20966246493740137], [0.22851668683272922, 0.31018111601869, 0.2545212841804522, 0.20678091286811465], [0.22580132176498027, 0.3111200384971835, 0.25571099722785745, 0.20736764240997912], [0.22193346568657157, 0.3085659808755137, 0.2651387185932954, 0.20436183474465422], [0.2270229529290662, 0.3145397503253557, 0.2750055506785342, 0.18343174596704342]], "ideal": "C", "sampled": "B", "correct": false}}
{"type": "result", "data": {"idx": 11, "options": ["proximity and similarity", "top-down processing and bottom-up processing", "binocular and monocular cues", "size and shape constancy"], "probs": [[0.23814237881421485, 0.3047670820384386, 0.2537565321735133, 0.20333400687382908], [0.23350084786147884, 0.30110441101553653, 0.25717504168303823, 0.20821969933994183], [0.23692297969564002, 0.3025662498807061, 0.2615727120768247, 0.19893805824682678], [0.22592963275093556, 0.29377539484873844, 0.25766663272493256, 0.22262833957539066], [0.2365535846687865, 0.29500042229405027, 0.2535124533335263, 0.2149335396036311], [0.22824978448096217, 0.2930448653252753, 0.2432574765363434, 0.23544787355741426], [0.24128726207643744, 0.31474156985745827, 0.24469082338871576, 0.199280344577395], [0.23750061982554221, 0.3135207844689846, 0.24688871414087157, 0.20208988146460788], [0.24253865611098246, 0.31990576452735003, 0.24545305472643808, 0.19210252453522633], [0.24183201115119893, 0.3126173230684951, 0.248170238017262, 0.1973804276630291], [0.24033832397191107, 0.31844179547654017, 0.23653865535322635, 0.2046812250983179], [0.2460447196118172, 0.31352141430780656, 0.2326029857320638, 0.20783088024831872], [0.24214174715269682, 0.30155418473729967, 0.25201717885728364, 0.20428688915272755], [0.23374277861311343, 0.29914903858895137, 0.24545569476928825, 0.22165248792864234], [0.2473933725305581, 0.31302850338654165, 0.24285891802529852, 0.19671920595761155], [0.24446003411129863, 0.3098539152509189, 0.24261473966001335, 0.20307131087777913], [0.23130062595028644, 0.3020786523014834, 0.24374606256962825, 0.22287465907859816], [0.2412536759554742, 0.30176426159665737, 0.24722487263935472, 0.2097571897085316], [0.2364586204555024, 0.28087087806819444, 0.2625817560518492, 0.22008874532443656], [0.22724354209798603, 0.2844631660421903, 0.2498218399690072, 0.23847145179082388], [0.23734926344735827, 0.2985903248476067, 0.24881130617125366, 0.21524910543380155], [0.24103828816713455, 0.29447631761657495, 0.24432500161606524, 0.22016039250023273], [0.22394718464674826, 0.29154207575214475, 0.25812525669518444, 0.22638548280593265], [0.2345973623139566, 0.29011421332629433, 0.26426033718467196, 0.21102808707507387]], "ideal": "C", "sampled": "B", "correct": false}}
{"type": "result", "data": {"idx": 12, "options": ["be paralyzed", "fall into a coma", "suffer severe speech impairment", "die"], "probs": [[0.2686900587608043, 0.2869651657142049, 0.2596635823134348, 0.1846811931115526], [0.27015173768139644, 0.30381630463691994, 0.2706588672084141, 0.15537309037326696], [0.26841145087212476, 0.28815020406838904, 0.2652507901088687, 0.17818755485062676], [0.2691746213205791, 0.29966238548974483, 0.2755455583172486, 0.15561743477242687], [0.2603528798139792, 0.2940100347779913, 0.26696177811810007, 0.1786753071899412], [0.2574537349600892, 0.2940483848138759, 0.2645504297807593, 0.18394745034527318], [0.26551216828918295, 0.2884320335510416, 0.2542899827138412, 0.1917658153459284], [0.2674301483191825, 0.3035366241918818, 0.26696210847344104, 0.16207111891550224], [0.25863946906327256, 0.2952345055291302, 0.26671634998318505, 0.17940967532441837], [0.26938902878298226, 0.30011373203683817, 0.271601568346567, 0.15889567073362262], [0.2559526778666515, 0.30109637517239357, 0.2657403266539372, 0.17721062020702408], [0.26258440295693763, 0.2962477800313905, 0.2545331341546495, 0.18663468275701722], [0.26624438518370946, 0.2952667084401032, 0.2550238658108269, 0.18346504046535977], [0.2657854787695548, 0.3072701277624542, 0.26507455623109233, 0.1618698371368878], [0.2583647438981258, 0.3020337233564151, 0.26546164731008104, 0.17413988533539881], [0.2696667118591646, 0.30625364921589876, 0.26992443896356644, 0.15415519986137158], [0.25622880542383314, 0.30845699407173943, 0.26137704009417423, 0.173937160310252], [0.26356175883859434, 0.3028379452736171, 0.25404607147975905, 0.17955422430802906], [0.25870180755785965, 0.29017743657963885, 0.2684945752188681, 0.1826261805436155], [0.25766174595830027, 0.29010809287271544, 0.26574177380321556, 0.18648838726577435], [0.2500895985050334, 0.29304158113903755, 0.27575378839735015, 0.18111503185858133], [0.25983227170611545, 0.2844579003837044, 0.2635069443725743, 0.1922028834376224], [0.2552498979995486, 0.2950278975560189, 0.27066001840501547, 0.17906218593941087], [0.26325073427820395, 0.28640802442641095, 0.263997314952941, 0.18634392624246368]], "ideal": "D", "sampled": "D", "correct": true}}
{"type": "result", "data": {"idx": 13, "options": ["achievement", "standardized", "projective", "triarchic"], "probs": [[0.2619028811647046, 0.2757605855689744, 0.27679067455212963, 0.18554585861417386], [0.26187350746634624, 0.2793906617259219, 0.280663350134167, 0.17807248057355943], [0.2622922956591894, 0.2717581487900233, 0.2613024329027762, 0.20464712254802825], [0.26473790926454815, 0.2768846969376067, 0.26691776727618144, 0.1914596264216803], [0.2660585352978029, 0.275521032274323, 0.26237164066929103, 0.19604879165856393], [0.2674925014965493, 0.2779278393463044, 0.2628290742851424, 0.19175058477199705], [0.2770120726287859, 0.2908699305597232, 0.2606386954446409, 0.17147930126684421], [0.27753765048531764, 0.2945695137484469, 0.2631114543631524, 0.16478138130306505], [0.2735250975299335, 0.28860370293456705, 0.2627710021871438, 0.17510019724837458], [0.2784447025725055, 0.2903444553312806, 0.2608509910676977, 0.17035985092852587], [0.2786923203867093, 0.2925434966622132, 0.25864925952091034, 0.17011492333017522], [0.28675240987968764, 0.2925388122418011, 0.255477313654844, 0.16523146412367884], [0.27264639433154625, 0.2703943087112631, 0.2657951082331191, 0.19116418862405113], [0.27408290736753926, 0.2764661157034036, 0.2716230405544382, 0.17782793627460988], [0.27334587323041276, 0.27255648506801183, 0.27773433017312055, 0.17636331142844933], [0.2784432943280916, 0.27496237469098694, 0.27354884894775927, 0.17304548193317051], [0.27816645169036247, 0.2712715127253589, 0.2693586390043576, 0.18120339647993758], [0.2825616990579024, 0.2690704031297918, 0.2613023839117051, 0.1870655138006208], [0.27872288104540965, 0.27817785727108957, 0.2518365119180353, 0.19126274966545473], [0.27970124080793013, 0.2813512178425694, 0.2533029196990131, 0.18564462155047648], [0.28019129868341114, 0.2801261463446722, 0.2674721077086337, 0.17221044716327605], [0.2877640481579266, 0.2808543553714473, 0.2608790660146734, 0.1705025303559489], [0.2816201679108426, 0.27472481031398494, 0.2627962892941925, 0.18085873238098177], [0.2862252788102814, 0.2746875202531238, 0.2537308086910187, 0.18535639214559388]], "ideal": "B", "sampled": "D", "correct": false}}
{"type": "result", "data": {"idx": 14, "options": ["discrimination", "spontaneous recovery", "trace conditioning", "generalization"], "probs": [[0.24623601323496142, 0.2867210480348518, 0.2419452391239491, 0.22509769950623457], [0.2509095430745808, 0.29114964933404286, 0.24331909815719852, 0.21462170933416405], [0.24510832128411644, 0.29328044147468846, 0.24985244636118856, 0.21175879078001508], [0.25478813162013386, 0.30332782157443866, 0.24756393456621864, 0.19432011213920725], [0.25280379195889197, 0.2966950956713637, 0.24228163425696667, 0.20821947801278812], [0.25775197492754515, 0.2982344644257819, 0.23965405825772082, 0.2043595022889394], [0.24049599503946012, 0.2945407019228704, 0.23913443108054358, 0.22582887185712042], [0.2445569105361642, 0.2982381224464275, 0.2412405544267372, 0.21596441249065448], [0.2320398615096923, 0.29646034653386855, 0.2535142306637178, 0.21798556119272772], [0.2406463203242131, 0.29506414149795773, 0.2538206278478793, 0.21046891022993347], [0.23637250040468585, 0.2943292628180124, 0.25162451216810894, 0.21767372450917705], [0.2402514623125046, 0.2869668356755067, 0.250370825737549, 0.22241087617443694], [0.2473368408733401, 0.30626156810211325, 0.23998813351269527, 0.20641345741184827], [0.2562537796723849, 0.31383041939543904, 0.23730304589579315, 0.1926127549363824], [0.2425733597632281, 0.30381848677792717, 0.25012615710078095, 0.20348199625806065], [0.2501459284469369, 0.30112883336764346, 0.2493932337696686, 0.19933200431575007], [0.25210072210416873, 0.31700373465164566, 0.23840485662614072, 0.1924906865180455], [0.25353550063749253, 0.3101262774705412, 0.23996104468626653, 0.1963771771057117], [0.248161485314569, 0.29303391360363, 0.24631018684310194, 0.21249441413870987], [0.2531082360319827, 0.29481737405672315, 0.24404995064929855, 0.20802443916198254], [0.24110820736446256, 0.2886734594570501, 0.24841788710732235, 0.2218004459711633], [0.24412989070027566, 0.28082543410039496, 0.24728742709208662, 0.22775724800725283], [0.24477114700104197, 0.29698156321010355, 0.24780639858501854, 0.21044089110383382], [0.24629605193345344, 0.2892363728997313, 0.25018695845048766, 0.21428061661629913]], "ideal": "D", "sampled": "A", "correct": false}}
{"type": "result", "data": {"idx": 15, "options": ["the mere-exposure effect.", "self-serving bias.", "equipotentiality.", "the fundamental attribution error."], "probs": [[0.25779032265676993, 0.2762673016513328, 0.2641114383367509, 0.20183093725514759], [0.26389512267470405, 0.2784677589338511, 0.26435730893607884, 0.19327980935536343], [0.260051830076943, 0.2760908073429713, 0.2666202594529416, 0.19723710302712047], [0.26612636703598047, 0.27801140048618705, 0.2626803654425613, 0.1931818669352603], [0.26881587612103847, 0.28460928112755135, 0.26145759870051577, 0.18511724395088033], [0.2672876136162624, 0.2820921763426358, 0.25992967085169266, 0.1906905390894255], [0.25705125230045456, 0.2740699565779793, 0.26435858923554645, 0.20452020178602234], [0.26459034926845415, 0.2777026905136606, 0.2640837637159195, 0.19362319640197637], [0.25649595013992105, 0.2674149316393473, 0.27211080640824065, 0.2039783117125117], [0.2631218014749722, 0.27111253515548217, 0.26432765307357053, 0.20143801019598087], [0.2643449887008832, 0.27721542160548857, 0.26750460643295176, 0.19093498316068483], [0.26336925308442743, 0.2764836292625142, 0.2613954394021946, 0.19875167815087247], [0.2583027585408334, 0.2770398753180949, 0.26487908056176934, 0.19977828547928758], [0.26458874216800643, 0.2789262446116234, 0.2613972136234254, 0.19508779949695412], [0.25433073050489163, 0.26964597354719866, 0.27238649184352876, 0.20363680400438905], [0.2604041754342613, 0.27230074028849793, 0.263805458546134, 0.2034896256311242], [0.262878783517937, 0.276972816528401, 0.2662833892355986, 0.1938650106180708], [0.2631546068250964, 0.2784747348628583, 0.263381834845889, 0.19498882336614964], [0.26603102788469796, 0.28621418719004044, 0.25891811103053375, 0.18883667379475053], [0.2640804345046454, 0.28352275994978965, 0.2576982567898845, 0.1946985486557092], [0.2623971177946578, 0.2789239460704779, 0.26603440989624216, 0.1926445261386293], [0.264076494007379, 0.278401307370163, 0.2591618331440218, 0.19836036537845764], [0.2630655532925051, 0.2781213940713398, 0.26548320126446234, 0.19332985127172872], [0.26434994862285777, 0.2789245864248679, 0.26188218227884597, 0.19484328257343742]], "ideal": "D", "sampled": "A", "correct": false}}
{"type": "result", "data": {"idx": 16, "options": ["grounding a teenager for staying out past curfew", "spanking a child for misbehavior", "permanently revoking the driving privileges of a third-time DWI driver", "refusing to return the boss' phone call after not getting the expected raise"], "probs": [[0.2149529412166854, 0.26473897489030124, 0.25990315482086784, 0.26040492897214107], [0.2216972324689376, 0.2774716253695476, 0.2650681617341796, 0.23576298032731902], [0.22277114730583555, 0.2745080074672033, 0.26283499719984826, 0.23988584792710696], [0.2170312430118024, 0.2688872302155677, 0.2833556618490781, 0.23072586482354884], [0.228141163572778, 0.27694782733172923, 0.2591746114368213, 0.2357363975586684], [0.21602503435650675, 0.25933069176713486, 0.27599321929194304, 0.2486510544844251], [0.2148030668951519, 0.2617753822134459, 0.2606036386370691, 0.26281791215434025], [0.22127544050194675, 0.27520504544857793, 0.2662236021283874, 0.23729591182109608], [0.2166640756629833, 0.2764602647198483, 0.2540433029139598, 0.2528323566032022], [0.2194730206763399, 0.2747468967195107, 0.2770059755039123, 0.2287741070002343], [0.22850699377299163, 0.2786555484113188, 0.24745087739986585, 0.2453865803158204], [0.223377955446843, 0.2640014982464068, 0.2689449759400005, 0.24367557026674633], [0.2293094715527992, 0.2817623951295384, 0.2583791742010277, 0.2305489590166532], [0.22509127563845036, 0.2911080231926848, 0.27212509382345473, 0.21167560724540674], [0.22802233041202852, 0.2798785266411359, 0.24769409061456255, 0.24440505223226597], [0.2287277169959328, 0.2974226539619756, 0.26451947430081413, 0.2093301546412851], [0.22973190535915483, 0.2906203094655376, 0.2608881418159558, 0.21875964325934796], [0.234768023874748, 0.2950529271428319, 0.26604902150701343, 0.20413002737539032], [0.23039403432403133, 0.27383823850380845, 0.25679485308786537, 0.23897287398426703], [0.2182215419081438, 0.27178108810629215, 0.2679364157313479, 0.24206095415422715], [0.23082741215896507, 0.2742610037529339, 0.24574011204569196, 0.24917147194240444], [0.22362252059700843, 0.28011886158468513, 0.26088673173316357, 0.23537188598514053], [0.22625635216926693, 0.2800511899604545, 0.2647297105772793, 0.2289627471930196], [0.23327286815990272, 0.2852481008090333, 0.2687020246853978, 0.21277700624566254]], "ideal": "D", "sampled": "D", "correct": true}}
