{"type": "result", "data": {"idx": 0, "options": ["inflation had already impacted the economy before the fiscal stimulus.", "the economy initially had some unemployed resources.", "aggregate supply decreased.", "aggregate demand is steeply sloped."], "probs": [[0.23916064938454523, 0.27588867566851927, 0.2535307752012887, 0.2314198996456374], [0.2337564966925541, 0.27975496785959914, 0.26279064691986326, 0.22369788842799335], [0.23943795587770106, 0.26870552416258947, 0.2602788672093185, 0.2315776526504137], [0.23249744381936366, 0.2702060397276962, 0.27375736419710384, 0.2235391521558475], [0.23916050167995714, 0.2846759636142855, 0.2542718429449891, 0.2218916916607674], [0.23191582845912773, 0.2812301301214103, 0.25937284759318635, 0.22748119372627984], [0.23788615827440182, 0.2763129146451506, 0.254685654124549, 0.2311152728559103], [0.23473868142130047, 0.27462643189361075, 0.265964427669266, 0.2246704589158295], [0.2433886562992675, 0.27411079534586713, 0.25786028280327017, 0.22464026545160606], [0.2576207847542924, 0.2780940544497788, 0.26624025543857427, 0.19804490525734156], [0.24561721380247886, 0.28562427059976864, 0.2522773084249356, 0.21648120707282242], [0.2590894903503152, 0.289088748800649, 0.25352979787098895, 0.19829196287803807], [0.24600916531306707, 0.2707553862689314, 0.25255096411871814, 0.23068448419927495], [0.2388219430965665, 0.2756753869233944, 0.2682356890856319, 0.21726698079439163], [0.2473554969780178, 0.27441921791236423, 0.24643559728008155, 0.23178968772952763], [0.2600971308316567, 0.2859448796642976, 0.2564968124358635, 0.19746117696816343], [0.23906350780383823, 0.277140782592071, 0.2591901967795504, 0.22460551272452686], [0.2588383004244738, 0.28615090728018594, 0.2542701056939475, 0.20074068650139065], [0.2455166740925699, 0.2729469825386423, 0.2545146773698701, 0.22702166589891942], [0.23805887176671184, 0.2783314262601126, 0.25916019583984357, 0.22444950603332708], [0.25099088143387016, 0.28097669703370876, 0.24714536024705638, 0.22088706118537535], [0.2627527091688925, 0.2846892621405545, 0.25206614129404176, 0.2004918872965052], [0.23992439388497908, 0.2724923828522172, 0.2692149584765194, 0.21836826468627327], [0.26201757005018617, 0.27466706656422074, 0.26526878880984156, 0.1980465744757471]], "ideal": "B", "sampled": "D", "correct": false}}
{"type": "result", "data": {"idx": 1, "options": ["II III and IV only", "I and III only", "II and IV only", "III and IV only"], "probs": [[0.23065992682179848, 0.2507301446878214, 0.2803867752094585, 0.2382231531809233], [0.23887097148692335, 0.24538751367974976, 0.28408571217266376, 0.23165580256065452], [0.23456342426136298, 0.24744154240259347, 0.2786720815757477, 0.23932295166029632], [0.25033087032791, 0.24450574010826914, 0.2798935492458836, 0.22526984021793572], [0.24311671180436925, 0.24230645389400493, 0.27891873898335057, 0.2356580952182762], [0.24773126525776548, 0.24350001272972374, 0.2825494029262584, 0.22621931898626274], [0.22490952753241572, 0.24083801835817223, 0.2879637971651099, 0.24628865684430373], [0.22933169220493455, 0.2389138946345895, 0.2897076506396968, 0.24204676242077003], [0.2251457073583013, 0.23362459310813344, 0.2835578753700509, 0.2576718240635199], [0.2406020308118728, 0.23270801807332278, 0.2787435102481454, 0.24794644076665026], [0.23250618427970451, 0.2413580714748441, 0.2823773953012084, 0.24375834884422815], [0.2400245536006404, 0.2409337528663246, 0.27913299479914255, 0.23990869863390665], [0.22866433131434846, 0.23751545006755279, 0.2820604667031255, 0.2517597518149792], [0.24812632611520422, 0.23901099488243213, 0.2840475980710838, 0.2288150808312734], [0.21711390014914997, 0.23914534216205108, 0.28114838173385487, 0.26259237585493694], [0.23944926830386024, 0.23436039055139016, 0.27720580414417917, 0.2489845369005784], [0.2517612867222619, 0.23885879224923343, 0.2810813993415564, 0.22829852158695846], [0.23836973983463314, 0.2313386331760818, 0.2750425577373799, 0.25524906915189804], [0.23795818552537293, 0.23995873265687367, 0.281573283733536, 0.24050979798422445], [0.24590295055667633, 0.24386779152469196, 0.28523672295180025, 0.22499253486683643], [0.23663657203012983, 0.24866007183931862, 0.2794119873263836, 0.2352913687041645], [0.24030081617463098, 0.2436508212525899, 0.27403356248877936, 0.2420147999840002], [0.2524692764450492, 0.24163892830174832, 0.27860394223317203, 0.22728785292005077], [0.23813026607787527, 0.23598406549214687, 0.27602175812103086, 0.2498639102089379]], "ideal": "D", "sampled": "D", "correct": true}}
{"type": "result", "data": {"idx": 2, "options": ["The price level rises but real GDP falls.", "Both the price level and real GDP rise.", "The price level rises but the change in real GDP is uncertain.", "Real GDP rises but the change in the price level is uncertain."], "probs": [[0.2669029177765598, 0.31568776038442004, 0.2324130488393171, 0.18499627289971896], [0.2708831131957749, 0.3157685283403639, 0.23381313573947451, 0.1795352226243765], [0.26818938422832067, 0.313550497016968, 0.24605310397052133, 0.17220701468419614], [0.24887308761007187, 0.2957172083943686, 0.2456618881139984, 0.20974781578154816], [0.2672454757323652, 0.31236902819846096, 0.24632671047950197, 0.1740587854896677], [0.24749807881357253, 0.29617744258767165, 0.2459954836062433, 0.21032899489250712], [0.26568586944199674, 0.30713834629963144, 0.23472667658117394, 0.1924491075772069], [0.26403849586018846, 0.30697531669258665, 0.23943009717201358, 0.18955609017519176], [0.26159284622371876, 0.31111679108163376, 0.2387040026923558, 0.1885863599022857], [0.26502526899631584, 0.3096494858619659, 0.2430995396111929, 0.18222570543051972], [0.2650153796076243, 0.31062879227485135, 0.23882553524722916, 0.18553029277029232], [0.2662143494801742, 0.3066828119649399, 0.24111065174460408, 0.18599218671028414], [0.26228577297176175, 0.31278912343160997, 0.24944270164958782, 0.17548240184705205], [0.23627761619028062, 0.30769848904768876, 0.24749745570203152, 0.20852643895998543], [0.2694083926742396, 0.3206574362544421, 0.2312507555116801, 0.17868341545963215], [0.26550487024884445, 0.3250467763544328, 0.2357739703714048, 0.17367438292532078], [0.24563472231421543, 0.2993233461711567, 0.23483453425789402, 0.22020739715673762], [0.2701856992740695, 0.3123744134812034, 0.24509355781042746, 0.17234632933428823], [0.2750010668328162, 0.3120684430512608, 0.24246266165277375, 0.1704678283631551], [0.25816677220214473, 0.31015205593427303, 0.2415019973736953, 0.19017917438986676], [0.27996340955761817, 0.320210480698865, 0.22834216613732336, 0.17148394350617308], [0.26963547249126757, 0.32574836819783004, 0.23610820385926062, 0.16850795535164703], [0.2573373552653188, 0.2995309622744485, 0.23052978658816048, 0.21260189577208818], [0.2779427246459324, 0.31206170001475986, 0.24246295725241682, 0.16753261798689836]], "ideal": "D", "sampled": "B", "correct": false}}
{"type": "result", "data": {"idx": 3, "options": ["result in lower domestic prices.", "sometimes raise and sometimes lower the amount of the product sold domestically.", "lower the amount of the product sold domestically.", "raise the amount of the product sold domestically."], "probs": [[0.26672444456612376, 0.29741453711900073, 0.23357048507279862, 0.20229053314207485], [0.26795400445908446, 0.30400768051095767, 0.237979485473388, 0.1900588294565744], [0.2690670071821284, 0.2897515230788577, 0.22992855330527234, 0.21125291633375523], [0.2598011552010684, 0.2949269334213328, 0.24304518934695826, 0.20222672193064106], [0.2749361506771097, 0.30148548991500534, 0.23372525383017542, 0.1898531054777176], [0.25736055505256616, 0.30226289156608527, 0.24744125561078703, 0.1929352976705578], [0.26648758814558554, 0.3093927512480094, 0.22524572822577937, 0.19887393228062], [0.264997276457463, 0.31887497925866826, 0.22975104558072523, 0.18637669860315878], [0.27812282554534756, 0.3193145002470923, 0.2097592626947245, 0.1928034114128539], [0.27644926211870857, 0.32448729068015, 0.22189083830991646, 0.1771726087912304], [0.3043197278688372, 0.3193467236338779, 0.20942440575395438, 0.16690914264334508], [0.27669888790706965, 0.3257069073789267, 0.22739071618963172, 0.1702034884243775], [0.27056394247079324, 0.30127214339290476, 0.23020887048270197, 0.19795504355360272], [0.260783310955892, 0.309583668572827, 0.23889471015343175, 0.19073831021785095], [0.27590543580540555, 0.29830171036896386, 0.22443877016092909, 0.20135408356472193], [0.2728323883849016, 0.3096525983750001, 0.23419037551596447, 0.18332463762411821], [0.27059564659841445, 0.31256116028363656, 0.2186239238904118, 0.19821926912752744], [0.28030881124880475, 0.31712252919796774, 0.21918544289007377, 0.18338321656316542], [0.27619275590132136, 0.309094082198326, 0.22947720224613224, 0.18523595955422023], [0.26078664694075676, 0.3125220686989692, 0.24010897688574925, 0.18658230737452425], [0.28621359553734876, 0.30737938135701903, 0.2236133338290945, 0.1827936891765459], [0.26790785237568027, 0.31132837103895644, 0.2347687940836076, 0.18599498240174972], [0.26934011550988723, 0.3169206774162193, 0.2162738076034414, 0.19746539937045687], [0.27493200667875084, 0.3200527592835394, 0.21808463085965327, 0.1869306030780707]], "ideal": "C", "sampled": "D", "correct": false}}
{"type": "result", "data": {"idx": 4, "options": ["expansionary monetary policy.", "contractionary monetary policy.", "a depreciating dollar.", "fiscal policy designed to reduce the budget deficit."], "probs": [[0.23339550830793404, 0.29262571776888735, 0.24822201598060886, 0.2257567578425643], [0.23552785205270804, 0.2968488272412662, 0.255618611205311, 0.21200470940069072], [0.24106300204384196, 0.29796022652468396, 0.2662723758815395, 0.1947043954499421], [0.22811888911182276, 0.28745409370386804, 0.27482308715153286, 0.2096039299327871], [0.2494580288383658, 0.3107693855569083, 0.2644221792137986, 0.1753504062909078], [0.23938515827648602, 0.2960348393788485, 0.2655758669146159, 0.19900413533005296], [0.23525541656270538, 0.28875364352906085, 0.25020749215668353, 0.22578344765153177], [0.23690664510507722, 0.29307788381228106, 0.25821213443691193, 0.21180333654574102], [0.24228352584274063, 0.294786316066284, 0.27115910088684575, 0.19177105710413536], [0.23104835227598358, 0.28110468453742365, 0.26798341449524804, 0.21986354859135543], [0.25162629494554983, 0.3090222129558259, 0.26610173590802993, 0.1732497560905863], [0.2419782087489202, 0.2902089218773817, 0.25754580629386825, 0.21026706297982112], [0.23352030548374328, 0.2999462114946147, 0.2648406480388111, 0.2016928348828286], [0.2247540913900818, 0.2860549537577033, 0.27489220697916716, 0.21429874777303717], [0.2330596569290066, 0.29900523655844674, 0.2687839149363218, 0.1991511914762119], [0.2258923695640706, 0.28130965484626935, 0.2691732806911571, 0.22362469479853114], [0.23156732563220134, 0.2950516484594251, 0.2565360466334552, 0.21684497917492315], [0.2293944945893014, 0.2926438299873182, 0.24984874552574873, 0.22811292979762662], [0.24792986481518492, 0.30800607224646553, 0.26533419873147596, 0.17872986410687763], [0.24505948173451603, 0.29366229381141207, 0.2661323889909416, 0.19514583536311145], [0.24572983515757413, 0.30776083998515585, 0.26680223177969714, 0.17970709297757845], [0.24365397459153476, 0.28919390050114585, 0.2599594859218711, 0.20719263888545522], [0.23654466563644602, 0.29061939373061857, 0.2643225361121458, 0.20851340442080862], [0.23556589333039896, 0.29061840422640284, 0.25577398230866344, 0.21804172003455555]], "ideal": "B", "sampled": "A", "correct": false}}
{"type": "result", "data": {"idx": 5, "options": ["nominal GDP falls.", "the nominal interest rate falls.", "bond prices fall.", "the supply of money falls."], "probs": [[0.23310793231765775, 0.26055897814552115, 0.2552274247385937, 0.25110566469824236], [0.24193759586385838, 0.2801278385875971, 0.2650323229001064, 0.21290224254844292], [0.2278846985775537, 0.24935699687162707, 0.2647836474294876, 0.25797465702133343], [0.22715414501563072, 0.2520430307232214, 0.2762654393007237, 0.24453738486042748], [0.25619265568631505, 0.2898632824757352, 0.24863707401645654, 0.20530698772151246], [0.24596120665127708, 0.2737798031957907, 0.25159665044042195, 0.22866233961251545], [0.23694827136155827, 0.26233272919341877, 0.2473527207400276, 0.25336627860498867], [0.24452949839354016, 0.2823593631827885, 0.2567615107226794, 0.2163496276009895], [0.22900731140725625, 0.25695881746083915, 0.25407067796730465, 0.2599631930645939], [0.21943037254759842, 0.25664859215022173, 0.26402009542736704, 0.259900939774836], [0.2535658269726825, 0.29725983646001886, 0.2308666524894282, 0.2183076839778702], [0.24012652277109517, 0.2823587627148209, 0.23037338622601308, 0.24714132818807175], [0.23114942038012254, 0.22588537576192752, 0.27452079991853423, 0.2684444038394304], [0.22773135693750438, 0.2271065591148478, 0.2847797962840989, 0.26038228756356446], [0.22897719722043905, 0.23165038381343558, 0.26918144438309793, 0.2701909744830327], [0.2181647025558362, 0.23133799485462447, 0.2819503516264177, 0.26854695086310665], [0.23606087923875566, 0.24288570900472758, 0.261122226774037, 0.2599311848824879], [0.23425879779601913, 0.24242470298186752, 0.266282621557895, 0.2570338775642182], [0.25771797036432537, 0.2833399893141033, 0.25114270759170404, 0.20779933262986494], [0.24769775310436035, 0.26941909438168965, 0.25187342557366477, 0.23100972684027926], [0.25774861816592487, 0.289724425191231, 0.24066868073648504, 0.21185827580634659], [0.23679716277430568, 0.26962585194297434, 0.24268070485175283, 0.2508962803309798], [0.2413145845220674, 0.2588835264358796, 0.2540398195719963, 0.2457620693700642], [0.23438274205697135, 0.25524882688118944, 0.25944266704206015, 0.2509257639197791]], "ideal": "B", "sampled": "D", "correct": false}}
{"type": "result", "data": {"idx": 6, "options": ["means that no inferior products will be produced.", "implies that the economy's output is distributed evenly.", "means that those who work hardest will get more.", "implies that resources are used to produce the goods and services society desires in just the right amounts."], "probs": [[0.2527003621374372, 0.23935468883495958, 0.26966492017298876, 0.23828002875459336], [0.28228071109746095, 0.27662381264843944, 0.256475076426655, 0.18462039972742453], [0.23922850816733388, 0.23541527947711846, 0.27207389685168915, 0.2532823154038501], [0.2849430681555561, 0.2768347328806973, 0.2623094746607022, 0.1759127242030331], [0.2910506439278092, 0.2897758428846359, 0.2482581453983361, 0.17091536768922055], [0.29668057060938574, 0.29002025391419833, 0.24605787213116923, 0.1672413032452453], [0.24760031820460215, 0.24231639981248665, 0.26712243782470824, 0.24296084405822163], [0.2824582522540492, 0.2833931379369735, 0.25055055502383616, 0.1835980546851489], [0.24081316907225928, 0.2390750474883248, 0.27427820862488816, 0.24583357471452483], [0.278091489972322, 0.2731621011519378, 0.26109464164038027, 0.18765176713535575], [0.2925421671661043, 0.28906698707149, 0.24695713123511673, 0.1714337144272892], [0.28961015953433633, 0.2841740073826982, 0.25063183763134184, 0.17558399535162852], [0.2382509009560151, 0.24872956773131313, 0.2703669130604464, 0.2426526181522192], [0.2805085872882129, 0.2831514894904346, 0.26325718650766466, 0.1730827366136911], [0.24075543369169436, 0.2425609811523592, 0.2786106688041808, 0.23807291625178525], [0.2726794833010604, 0.2682444320205529, 0.2696147849077409, 0.18946129967065142], [0.28934626585039896, 0.2927054455993793, 0.25180484830867056, 0.16614344014155175], [0.28151633839510354, 0.28195143207370915, 0.2603619645375517, 0.17617026489364018], [0.2903167669056871, 0.28976774808319306, 0.2456960547638403, 0.17421943014729036], [0.29500639676793694, 0.2851636384073932, 0.2457223838545659, 0.17410758087009415], [0.29177548987803703, 0.2865898777174332, 0.24937089913871263, 0.17226373316583074], [0.2852118946538903, 0.2817323488762183, 0.25307300272852973, 0.17998275364136665], [0.2895571058994775, 0.28363269279577297, 0.2482250778490951, 0.1785851233556654], [0.28277613873741075, 0.2785636650710081, 0.2545254436850613, 0.1841347524065148]], "ideal": "D", "sampled": "D", "correct": true}}
{"type": "result", "data": {"idx": 7, "options": ["production within a nation's borders.", "production by a nation's citizens wherever they may be.", "income earned by the factors of production plus depreciation and indirect business taxes.", "(A) and (C)"], "probs": [[0.2695947648175111, 0.24233601757027132, 0.2703373844500568, 0.21773183306217614], [0.21400986891992635, 0.27237820211894614, 0.2716967755014175, 0.2419151533596886], [0.2899337630572326, 0.23921863353259154, 0.26722819632848627, 0.20361940698168135], [0.2633659881156725, 0.27872537741094866, 0.2516645558154575, 0.2062440785579012], [0.20916721447645387, 0.3181841830037723, 0.2869990432863725, 0.18564955913341685], [0.23850433943724872, 0.3243286671720426, 0.27115989055582407, 0.1660071027348893], [0.2645323216906375, 0.28061567273140886, 0.24268280576824203, 0.21216919970970313], [0.21346812851539837, 0.2879403704913318, 0.266993655529006, 0.23159784536426933], [0.2816292064828725, 0.26205059106311146, 0.2628350899702423, 0.1934851123837683], [0.26256663453502943, 0.27206068868091926, 0.25429286304352866, 0.2110798136405278], [0.22066935753323927, 0.30918153101017987, 0.2843504903224882, 0.1857986210341009], [0.24365741260685883, 0.31776485950123584, 0.2765760479872509, 0.1620016798046519], [0.30854172471385966, 0.30190073520517924, 0.21999255485832891, 0.1695649851226094], [0.2740525622129849, 0.3033272459216304, 0.23633666596175665, 0.1862835258036287], [0.307281182425608, 0.29502418462113567, 0.23816559200461432, 0.15952904084863315], [0.2774364066664298, 0.29425192807571304, 0.24266135271586026, 0.18565031244201086], [0.2560035087220668, 0.31752402008322206, 0.2599531149412823, 0.16651935615342373], [0.2562789959836338, 0.32415758802423256, 0.26389656283987434, 0.1556668530522393], [0.23899059119718497, 0.33081265697016576, 0.24061926986766258, 0.18957748186496953], [0.2604710184835308, 0.34542338852831006, 0.2214120779929817, 0.17269351489517765], [0.2404006785028986, 0.33391820454302723, 0.2339623262095799, 0.19171879064448907], [0.2499282367697432, 0.3287774029020231, 0.24301143202118888, 0.17828292820704583], [0.26798491621327747, 0.34242674020360236, 0.22025221846720427, 0.1693361250159224], [0.25924871853391235, 0.33419849642125, 0.23912696935088273, 0.16742581559393868]], "ideal": "D", "sampled": "C", "correct": false}}
{"type": "result", "data": {"idx": 8, "options": ["accounting cost", "switching cost", "inferior cost", "opportunity cost"], "probs": [[0.20676308126413356, 0.2920559739158667, 0.2742900682353999, 0.22689087648460507], [0.20627429079845547, 0.30010175956169255, 0.27429558670526927, 0.21932836283459778], [0.21497089157726854, 0.28891784866702913, 0.27310221346060426, 0.22300904619508927], [0.22361465229470665, 0.29742546021312954, 0.274536914137848, 0.20442297325432207], [0.22538031569898462, 0.31116685032349695, 0.24920127183604493, 0.21425156204146462], [0.23270999827357228, 0.3092201518793802, 0.25432710925721413, 0.2037427404898188], [0.21445498299042304, 0.28350892631818436, 0.2838184895758913, 0.21821760101550883], [0.21777734279508212, 0.2915914689938633, 0.28239454883596554, 0.20823663927509373], [0.22611390450149857, 0.2918781000864627, 0.2660560111314376, 0.2159519841805878], [0.2390903765862816, 0.29556971436431234, 0.26462839008380706, 0.20071151886557967], [0.2381768253356998, 0.30770482330907983, 0.24734316639595283, 0.20677518485927815], [0.25259098296772997, 0.3062394808430448, 0.24599915606135792, 0.19517038002787768], [0.20163387257317883, 0.3030465617326793, 0.2818628996263015, 0.2134566659678446], [0.2120385412887453, 0.30869766455935216, 0.2833653576774949, 0.19589843637440213], [0.20747365028462508, 0.3078893993365206, 0.26497609879741424, 0.21966085148145995], [0.2187615145278663, 0.3103966184299337, 0.27017587523969155, 0.2006659917025112], [0.23024083348668728, 0.32383240086832665, 0.2463606934804107, 0.1995660720645767], [0.2373549082828844, 0.31849407153778525, 0.24407170373415293, 0.2000793163451693], [0.24440283572153343, 0.2928053193574804, 0.26407924581053827, 0.198712599010459], [0.2525554076907123, 0.28960234616491304, 0.2655068631518943, 0.19233538289249816], [0.2466642063142854, 0.29629365794614826, 0.25119210743751, 0.20585002820204634], [0.2614158900603107, 0.29479364027387184, 0.25091569587160406, 0.19287477369421455], [0.2614448246598613, 0.29361590808438814, 0.25216517907316677, 0.19277408808256538], [0.2675217012428699, 0.29064546212278397, 0.24981544180028395, 0.19201739473405818]], "ideal": "D", "sampled": "D", "correct": true}}
{"type": "result", "data": {"idx": 9, "options": ["there is no cyclical unemployment.", "the inflation rate is zero.", "there is no structural unemployment.", "the nation is experiencing a recession."], "probs": [[0.2555277956981112, 0.28725132366230754, 0.250968958496472, 0.20625192204311898], [0.26145546837950523, 0.29318232999389476, 0.2520139265262219, 0.19334827500036753], [0.248196585797865, 0.2816314275383053, 0.2575661986628659, 0.21260578790097778], [0.265820476276737, 0.29045560108111435, 0.25565269877068647, 0.18807122377147215], [0.2685716458858419, 0.2963920785894398, 0.24703898485118334, 0.1879972905735167], [0.273643529750845, 0.29973998309807603, 0.24489934580295764, 0.18171714124812682], [0.25335635713889393, 0.277513616974755, 0.2463584874598809, 0.2227715383264678], [0.2636495145036364, 0.28633836091135, 0.24920689834385717, 0.20080522614114865], [0.2509139291060313, 0.27507007800545824, 0.251978838638087, 0.22203715415042222], [0.26682767529375123, 0.2824245094324159, 0.24847476306676117, 0.20227305210706886], [0.26682531446236174, 0.28193862374625434, 0.2474970406779404, 0.20373902101343594], [0.2709474371060983, 0.28043804412683476, 0.24367910740845575, 0.20493541125861495], [0.24624211312409447, 0.285539923366114, 0.2546372331237795, 0.2135807302860257], [0.26313251831809226, 0.29387447133236866, 0.2524795338672009, 0.19051347638234858], [0.24969573954216628, 0.28533185157129354, 0.2536866207293348, 0.21128578805720258], [0.26264582044548074, 0.2902102599102794, 0.24990711044363978, 0.19723680910060473], [0.26857837165610293, 0.2963878804288617, 0.2500948154154353, 0.18493893239958498], [0.2697290079423738, 0.29338374454923843, 0.24588009768921928, 0.1910071497191779], [0.26753224054694064, 0.29999030839686597, 0.24550554783483403, 0.18697190312136086], [0.269491066131863, 0.30023662161983766, 0.243916878052813, 0.18635543409548502], [0.26704391563812935, 0.2936367155988491, 0.24990487114339188, 0.18941449751962988], [0.2677784862681825, 0.2919275175900553, 0.24623757703257995, 0.1940564190091799], [0.2683020809829382, 0.297336620775497, 0.2478606137736043, 0.18650068436795092], [0.270008954531029, 0.29733615307735006, 0.2438269761211543, 0.18882791617045822]], "ideal": "A", "sampled": "D", "correct": false}}
{"type": "result", "data": {"idx": 10, "options": ["pay that amount to its trading partners.", "have a positive value of equal magnitude on its capital account.", "depreciate its currency.", "appreciate its currency."], "probs": [[0.23706372289156674, 0.28930335627970694, 0.25323807802236337, 0.22039484270635387], [0.23385970744323828, 0.2875522529741192, 0.2580980681477485, 0.2204899713349043], [0.2486492897667429, 0.28755849359394214, 0.2595595163969616, 0.20423270014235487], [0.24689584621182728, 0.2958380595036111, 0.24890039862083257, 0.20836569556373852], [0.2383771095488507, 0.2904822392668136, 0.2678755178867269, 0.20326513319762152], [0.2399873627247206, 0.2968831292398522, 0.2578852871140178, 0.2052442208214009], [0.23667057608523573, 0.3000160565367962, 0.254917487459149, 0.20839587981882482], [0.23110560338636232, 0.29544186684603374, 0.2618269897598594, 0.21162553990773064], [0.23395676985140304, 0.29314370783478594, 0.27369718407851773, 0.19920233813530416], [0.24182056341678274, 0.3061698238939284, 0.2603315731528683, 0.19167803943640987], [0.2307389479477374, 0.2920172635503646, 0.28040893697419716, 0.19683485142768883], [0.23498138581786762, 0.30689299058134656, 0.27157824387250123, 0.1865473796282834], [0.24513805493993876, 0.2966370682147333, 0.24504350817781118, 0.21318136856750217], [0.24519045141128679, 0.31123321293411144, 0.2471852090630523, 0.19639112649155402], [0.24580816733380875, 0.2982726320044559, 0.24840785510878224, 0.20751134545296335], [0.25386513534687705, 0.3195266377660149, 0.2498840575349096, 0.17672416925221424], [0.24457426608096752, 0.2990203692183784, 0.2451053330200246, 0.2113000315806315], [0.2460371429874979, 0.30780949676073394, 0.2438880190566874, 0.20226534109509098], [0.23859991844993503, 0.29973670845662337, 0.25464353735382966, 0.20701983563962784], [0.2472418959813752, 0.3087496054605003, 0.2519215311355118, 0.1920869673226315], [0.23874648001958348, 0.3027023753436305, 0.256146386776172, 0.20240475776061811], [0.24607524933563266, 0.3190740615921031, 0.25761359900574154, 0.1772370899665282], [0.24394197915198396, 0.2919077624719345, 0.24983353448147333, 0.21431672379461436], [0.24247259016706962, 0.29776229259317094, 0.25069454945549896, 0.20907056768427673]], "ideal": "B", "sampled": "C", "correct": false}}
{"type": "result", "data": {"idx": 11, "options": ["The cash you receive from babysitting your neighbor\u2019s kids", "The sale of illegal drugs", "The sale of cucumbers to a pickle manufacturer", "The sale of a pound of tomatoes at a supermarket"], "probs": [[0.25923692397235426, 0.2709175855618371, 0.25832370362683565, 0.2115217867389776], [0.2607325916671026, 0.27852313345843316, 0.2637365859849874, 0.19700768878947159], [0.25975724357051494, 0.2782830450645121, 0.2595760411518146, 0.20238367011315594], [0.24716928584778358, 0.2897684666418052, 0.26642868056932867, 0.19663356684107727], [0.28374404858983465, 0.2861324697185271, 0.25227564051131046, 0.1778478410803201], [0.2589936890441603, 0.2919352842702028, 0.25221690752612846, 0.19685411905951228], [0.25093332224452075, 0.27923879241507793, 0.24792513580974906, 0.22190274943064237], [0.2540757071328068, 0.28702061676453006, 0.25315200136697974, 0.2057516746356885], [0.2596974740210797, 0.2765199549505972, 0.2548568728128618, 0.20892569811546402], [0.2648261908354404, 0.27994453821568993, 0.25143497337827125, 0.20379429747059688], [0.2687714144428051, 0.2868125016105594, 0.24902456119454924, 0.19539152265207924], [0.27561219637793277, 0.2875493616111699, 0.2358261363641666, 0.20101230554671853], [0.2624187924967459, 0.3009788884696434, 0.24096421158538125, 0.19563810734823053], [0.2513917881949083, 0.313158279590309, 0.24863771331462328, 0.18681221880016866], [0.2797331698073069, 0.2860343131091167, 0.2529091505659115, 0.18132336641768035], [0.28385042974646013, 0.29284387943353923, 0.24847945993196546, 0.174826230788057], [0.2680750147988894, 0.30712580274490237, 0.25247947469546866, 0.17231970766072593], [0.29537148906990146, 0.3058261065248992, 0.24264285823387316, 0.1561595460713425], [0.2776064977703551, 0.3066324932995484, 0.23928321829747953, 0.17647779053260756], [0.26001173703800645, 0.3125023100623569, 0.24160693805435693, 0.18587901474526175], [0.2856339085603384, 0.29217435873118824, 0.2517200747153384, 0.1704716578931399], [0.29142767989206714, 0.292110731860204, 0.24065931496456142, 0.17580227318318742], [0.2739083707739597, 0.30537840658870813, 0.2536697397837582, 0.16704348275356987], [0.3020435442846972, 0.30101466054973514, 0.24380037936308227, 0.15314141570247491]], "ideal": "D", "sampled": "D", "correct": true}}
{"type": "result", "data": {"idx": 12, "options": ["5 percent decrease", "\u00bc percent increase", "3 percent increase", "5 percent increase"], "probs": [[0.23431557443142978, 0.2745661690962972, 0.28937576956623695, 0.2017424868060522], [0.24378490796743335, 0.28538954710915365, 0.2892014527205909, 0.18162409210280778], [0.24427925406760714, 0.2863702857374223, 0.281859595590597, 0.18749086450436192], [0.2568399686143412, 0.2973223267164739, 0.27694072630358946, 0.16889697826560057], [0.25463359024341137, 0.2946487498179361, 0.26936005498435456, 0.18135760485429187], [0.2628834882719227, 0.2960311688486253, 0.2656335992843193, 0.1754517434951604], [0.22921915616610572, 0.28902126822684004, 0.2825623001221206, 0.1991972753849286], [0.2352993417660658, 0.29656589760232394, 0.2854598263679385, 0.1826749341636724], [0.2212172124742075, 0.2879818704629355, 0.3017974797364668, 0.18900343722640509], [0.22714012088433008, 0.2870767999703345, 0.29453605300701885, 0.19124702603830257], [0.2374964296733505, 0.29485480606313225, 0.2903506215970586, 0.17729814256645907], [0.23529886502778713, 0.2911903639042964, 0.28423892988561855, 0.18927184108229642], [0.2464800846752965, 0.29099905709865637, 0.2750287635962486, 0.1874920945297936], [0.2588255995598116, 0.2988164579706843, 0.27307493212014533, 0.169283010249352], [0.23535296839034792, 0.2817120077695257, 0.29092492280220666, 0.19201010093791385], [0.24143842942069016, 0.2821680939394019, 0.2850182453992339, 0.19137523114067484], [0.2593421817957115, 0.29225288296278584, 0.2853379944200919, 0.163066940721393], [0.25173181166015385, 0.2914888477521596, 0.28212220965190404, 0.17465713083577225], [0.2629460883583109, 0.295622995380205, 0.26276166367274545, 0.1786692524887344], [0.2712941320381778, 0.2961361038761496, 0.2593764805007902, 0.17319328348487587], [0.256373282096026, 0.2822091755332428, 0.28675966343932485, 0.17465787883139522], [0.2556113770001555, 0.2787552263554518, 0.2769446413476057, 0.18868875519678505], [0.2644484093007826, 0.29222363716285993, 0.28284688542329334, 0.1604810680130579], [0.2609608757735133, 0.2887467097802552, 0.27788027367985546, 0.17241214066638014]], "ideal": "D", "sampled": "D", "correct": true}}
{"type": "result", "data": {"idx": 13, "options": ["more effective in X because the policy will increase net exports.", "more effective in X because the policy will decrease net exports.", "equally effective in X and Y.", "less effective in X because the policy will decrease net exports."], "probs": [[0.34385181224429334, 0.3009921543491588, 0.21263550086132788, 0.1425205324452308], [0.3231701138562975, 0.3032463415802052, 0.22429555393263276, 0.14928799053087005], [0.34428097863094304, 0.30166866981895585, 0.23080403987054743, 0.12324631157957999], [0.31440544983311747, 0.30304373602224943, 0.23545767039709053, 0.14709314364752687], [0.3083057049934756, 0.3088945473603151, 0.23447178572566368, 0.1483279618205544], [0.30829234323768384, 0.31038171876767295, 0.21919056368859072, 0.16213537420603563], [0.33366998108995166, 0.30350807182668116, 0.2143979462799962, 0.14842400070335895], [0.31583741665443565, 0.30079977606694475, 0.22710656415844105, 0.15625624302018737], [0.325971534429861, 0.30437072962347783, 0.23766737096558913, 0.13199036488109545], [0.2842892119611191, 0.3022860607044508, 0.24826165309032738, 0.1651630741440851], [0.3127468033426901, 0.30966945840544013, 0.2281422312072511, 0.14944150694460842], [0.3021396736563135, 0.30741458517232245, 0.22209611624281858, 0.16834962482853832], [0.3099569052261394, 0.28102395853150486, 0.248994046638933, 0.16002508950341032], [0.2977483371420346, 0.2844225877830263, 0.2486312255535986, 0.16919784942135255], [0.30303723788730624, 0.280952970080117, 0.24942501113156076, 0.16658478080102937], [0.2914172060954463, 0.281784460340617, 0.25525882055268806, 0.1715395129112346], [0.2768899984627523, 0.27919176721393657, 0.253201001477787, 0.19071723274550012], [0.2679445892074408, 0.2749301833708778, 0.2626010233386074, 0.19452420398307155], [0.29607764608129716, 0.304729518698092, 0.23557580219483815, 0.16361703292578755], [0.2994176073517538, 0.31103947388210024, 0.21852394258712213, 0.17101897607903066], [0.29998874642525325, 0.3064576272738866, 0.2334929333704476, 0.1600606928304109], [0.29497726622917325, 0.3078294461355231, 0.2239946928158445, 0.1731985947194778], [0.28674139588414543, 0.30202261042637785, 0.24460290320603822, 0.1666330903834415], [0.27423467073867414, 0.29809002658660727, 0.2547100851260791, 0.17296521744864185]], "ideal": "D", "sampled": "A", "correct": false}}
{"type": "result", "data": {"idx": 14, "options": ["Unemployment falls with little inflation.", "Unemployment rises with little inflation.", "Unemployment falls with rampant inflation.", "Unemployment rises with rampant inflation."], "probs": [[0.27064550625201533, 0.32698211712678793, 0.23718662701192786, 0.16518574950925405], [0.2669085911709984, 0.32422019627119264, 0.2392067939531271, 0.16966441850468458], [0.24945682504876718, 0.3176540374155355, 0.25378648889618943, 0.17910264853950827], [0.2767185446846509, 0.32108393080881764, 0.2477921030986307, 0.15440542130788892], [0.2691468234895386, 0.3252289428872251, 0.246084030291069, 0.15954020323216797], [0.2764858364473399, 0.3264499247166435, 0.24620411566776068, 0.15086012306825605], [0.2762336837517489, 0.3254699335855973, 0.2413166318697245, 0.1569797506929309], [0.25370457472542474, 0.31737746357573615, 0.24164648400021982, 0.18727147759862658], [0.2767284157533026, 0.3213047793817416, 0.24816607321210893, 0.15380073155285925], [0.2713516959164959, 0.31813420211393123, 0.24925963238274465, 0.16125446948683383], [0.23500132308415997, 0.3085761215710828, 0.2579103957860391, 0.1985121594587269], [0.25437953948678244, 0.31070542446480043, 0.25857619346168303, 0.1763388424867566], [0.26149573074312654, 0.31098846124010543, 0.2576308543364821, 0.16988495358030156], [0.25670559846375934, 0.30841615593236915, 0.2611413795564098, 0.17373686594744012], [0.2652646843200165, 0.31695647391783544, 0.2483192496656256, 0.16945959199651786], [0.26230352458558653, 0.31301494168294614, 0.2515795757854199, 0.17310195784604412], [0.2646834897241753, 0.31392156915693215, 0.24968010966261264, 0.17171483135630097], [0.24952138624020365, 0.30489301113023376, 0.25395582697539437, 0.19162977555417687], [0.259144458697949, 0.3091398092712657, 0.2525944964900572, 0.17912123544072253], [0.2713145162153258, 0.31663348099030947, 0.25375278269403434, 0.1582992200003491], [0.24294611482697828, 0.3010099926087844, 0.25790652275641296, 0.19813736970782517], [0.23638139761861438, 0.30128879164064865, 0.26111145284257625, 0.20121835779815359], [0.2642876210826102, 0.31305876243847447, 0.25454130966256155, 0.16811230671633662], [0.24818019195849525, 0.30660046319320344, 0.2497968985301433, 0.19542244621817337]], "ideal": "A", "sampled": "A", "correct": true}}
{"type": "result", "data": {"idx": 15, "options": ["70%.", "30%.", "40%.", "90%."], "probs": [[0.261910058962541, 0.29167256837253364, 0.2592499860245156, 0.1871673865403949], [0.2562630670300504, 0.290412950521369, 0.2670353635476914, 0.18628861880088743], [0.24926633816468213, 0.29110997367111247, 0.2782428209334268, 0.18138086713078833], [0.24203438453781242, 0.28081456613182804, 0.28504678909069303, 0.19210426013969056], [0.24954161662912253, 0.28454874107284095, 0.2922022319916091, 0.1737074102064288], [0.246369279524907, 0.2796672084440084, 0.28682079096574137, 0.18714272096533974], [0.25189543238567613, 0.2921569777325346, 0.2660920995325902, 0.18985549024918624], [0.2560499903529702, 0.28482924775757307, 0.26853375494808573, 0.19058700684135815], [0.2396744584012594, 0.2782342506055172, 0.2883250713292831, 0.19376621956392856], [0.24505471903622839, 0.27749654407863034, 0.28588499188530336, 0.19156374489982883], [0.24881104940117735, 0.28039814075772695, 0.28804647794279653, 0.18274433179829777], [0.24328475533662405, 0.27914305855470406, 0.281903736798517, 0.1956684492101668], [0.24184853094710615, 0.28821045807467877, 0.2890259626026083, 0.18091504827560756], [0.2427978295237498, 0.27523422181576673, 0.286055252499263, 0.19591269606123216], [0.23717690768272764, 0.2901291677560914, 0.28850181672091413, 0.18419210774027994], [0.23952887942142745, 0.28088490609923006, 0.2848699591398887, 0.19471625523945368], [0.24624889255353327, 0.27917866923474777, 0.2860875271126506, 0.1884849109990645], [0.2444163560622893, 0.2811288833337035, 0.288288712472697, 0.18616604803131015], [0.25354387291092173, 0.28329504476262324, 0.2948509196017683, 0.16831016262469833], [0.24105817427053866, 0.2744760551653794, 0.2967617142140215, 0.1877040562500788], [0.2413591348057143, 0.2808879919666215, 0.29855131824643216, 0.17920155488123019], [0.24184556429707296, 0.2828433491179633, 0.2880474964133487, 0.18726359007161372], [0.24041290467863008, 0.27579183433839943, 0.2958990605561709, 0.18789620032678528], [0.24087122704590802, 0.27990989556049384, 0.2941541150643546, 0.18506476222924212]], "ideal": "B", "sampled": "A", "correct": false}}
{"type": "result", "data": {"idx": 16, "options": ["prevent inflation.", "prevent recessions from occurring.", "prevent inflation and recessions from occurring.", "are government policies already in place that promote deficit spending during recessions and surplus budgets during expansions."], "probs": [[0.16935219754504852, 0.28588066823827074, 0.28383184142281986, 0.2609352926938504], [0.21709194505591303, 0.29852776732136965, 0.2659299563098052, 0.21845033121292115], [0.2031072104616416, 0.2996036668709089, 0.293419315763396, 0.20386980680403594], [0.22728521252939765, 0.3103306366120028, 0.2782295309960353, 0.18415461976255773], [0.2237674137847226, 0.3123091766899738, 0.26628518600061873, 0.19763822342467366], [0.24298912990507746, 0.3167316393920546, 0.26682641004587593, 0.17345282055698022], [0.18776041528209544, 0.29387969507462863, 0.27960861475693227, 0.23875127478635408], [0.21002877432626985, 0.3056438155589859, 0.2630326764648241, 0.2212947335499215], [0.17962149755770657, 0.30617089095016964, 0.2933704966492784, 0.22083711474283185], [0.22240181305733378, 0.31202573040219284, 0.27773938671084, 0.18783306972963593], [0.2158190077700672, 0.3206072143401757, 0.2614007373546445, 0.20217304043510936], [0.22939927749269098, 0.31913644232382876, 0.2748530426845402, 0.17661123739894274], [0.1863305185554852, 0.33057663535126136, 0.26057036903374825, 0.2225224769594943], [0.22337957386008706, 0.3433190282798739, 0.25231516693527434, 0.18098623082475426], [0.19387482528255534, 0.3349235798091115, 0.25957667193504375, 0.2116249228732997], [0.22323224049592957, 0.3310484852553217, 0.25937155412248536, 0.18634772002627537], [0.24036860103609914, 0.34354671592788616, 0.2525672525269779, 0.1635174304090429], [0.21990823592241662, 0.33950602119229384, 0.2724771501696795, 0.16810859261559277], [0.20160613768972407, 0.3100323530160528, 0.26474285511383855, 0.22361865408039308], [0.25519561648599953, 0.3186541469237245, 0.2599393884220427, 0.16621084806822403], [0.20646562340651647, 0.32587482910386706, 0.253713649048041, 0.21394589834159758], [0.24166496757430017, 0.33042882093285597, 0.2641203297716619, 0.16378588162116223], [0.27176654941642675, 0.3403409696059809, 0.25326213644787987, 0.13463034442971872], [0.2545043680706347, 0.33359554464692553, 0.2602091936013581, 0.1516908935810701]], "ideal": "D", "sampled": "D", "correct": true}}
