{"type": "result", "data": {"idx": 0, "options": ["It demonstrates the difference between the internal and the external aspect of a rule.", "It refutes the natural lawyer' view of the role of morality in law.", "It explains the nature of power-conferring rules.", "It illuminates the concept of a rule."], "probs": [[0.26689647415024553, 0.29323339736377, 0.268434075508666, 0.1714360528772926], [0.2656108840845303, 0.2970762100637154, 0.26372214909010655, 0.1735907566616423], [0.26952209760207274, 0.29878465004380605, 0.26567796395354387, 0.1660152883005744], [0.27960906121252527, 0.2966505134434859, 0.25181240545574046, 0.17192801978823152], [0.2658213392529391, 0.2989982855858912, 0.2627103672658257, 0.17247000779534882], [0.2766047302557848, 0.2951107880248563, 0.25248450197235606, 0.17579997964701116], [0.26383051342941377, 0.28942375196564896, 0.26805773763478963, 0.17868799687017436], [0.26414290885493896, 0.2958536005287126, 0.26127750214414636, 0.17872598837219886], [0.26285839665161903, 0.2926044598064093, 0.2648784544463564, 0.1796586889956361], [0.257755377797056, 0.2921525368141591, 0.25220045861946244, 0.19789162666933308], [0.2611464800873776, 0.29798623541977576, 0.25754646206619325, 0.1833208223266695], [0.2531401335660412, 0.2899908289915413, 0.2519848500364991, 0.2048841873059161], [0.27025894126777744, 0.2902378086022233, 0.27691776892288444, 0.1625854811071071], [0.2819539049736418, 0.29043860854870535, 0.2612504415813346, 0.1663570447963325], [0.2655849191833239, 0.28922840553362744, 0.27321677250220233, 0.1719699026808454], [0.25681436070021113, 0.28559964440121416, 0.26444939190125916, 0.19313660289730422], [0.2803467277334786, 0.2917700567357059, 0.2557207862550752, 0.17216242917571548], [0.2565692064571886, 0.287310647556257, 0.26126868842639983, 0.1948514574601441], [0.2619131459474421, 0.29606888888418365, 0.2690625712724482, 0.17295539379592983], [0.27293834202586276, 0.2892498029347517, 0.2603056077255452, 0.17750624721384878], [0.25992769754488526, 0.29359461122380426, 0.26609696923836446, 0.18038072189295642], [0.2516769813761182, 0.28315505337697494, 0.2612715861356935, 0.2038963790112041], [0.2761865676419543, 0.2917658274705533, 0.2586581118628416, 0.17338949292463215], [0.2531449676627719, 0.2880407835447472, 0.2629811841131514, 0.19583306457932323]], "ideal": "D", "sampled": "A", "correct": false}}
{"type": "result", "data": {"idx": 1, "options": ["It is misinterpreted as a prediction.", "His concept of status is misrepresented.", "It is taken literally.", "His idea is considered inapplicable to Western legal systems."], "probs": [[0.24324692215414664, 0.29245738093168105, 0.284799107058508, 0.1794965897556763], [0.25436836412266367, 0.2865746513984395, 0.2777132625231489, 0.18134372185577388], [0.24496318951167104, 0.2821944056585439, 0.2847911506802361, 0.18805125404956238], [0.25245389029565724, 0.27757831323674526, 0.2811560390739239, 0.18881175729367977], [0.24792883677925537, 0.2929634207244148, 0.2794561922452302, 0.179651550151113], [0.24685835708873952, 0.2898353927622123, 0.28217441933055715, 0.18113183071848338], [0.2357678052377432, 0.2975597592644175, 0.27913566541730245, 0.18753676998055335], [0.24220945980416028, 0.2942283349168918, 0.27508426729798824, 0.18847793788095463], [0.23689773545419676, 0.28831377553884874, 0.2838147960351663, 0.19097369287178775], [0.2366792830467076, 0.29346955072733905, 0.28336172518043035, 0.18648944094552233], [0.24093068601180612, 0.30148892599316474, 0.2774680152381594, 0.1801123726568856], [0.23227671475174994, 0.3039773695532454, 0.28117004876365226, 0.1825758668313536], [0.2399534038186288, 0.28488164952221107, 0.2840591961151728, 0.19110575044399836], [0.24774812583788577, 0.27862477092150045, 0.28220373174430347, 0.19142337139628865], [0.23982890231152273, 0.2895316461608371, 0.2833277286719866, 0.18731172275565697], [0.2422998558312656, 0.2941980763590625, 0.2840996165557903, 0.17940245115388395], [0.24729217949124352, 0.28805693464736715, 0.2869920199050199, 0.17765886585637894], [0.24245795587406305, 0.2969204258464823, 0.29097978079531306, 0.16964183738413408], [0.2520558228727077, 0.3018687044108796, 0.26977776386631996, 0.17629770875006953], [0.25291194252680976, 0.29562671065176815, 0.2711058921303033, 0.18035545459113458], [0.25614117982187223, 0.29983576472717133, 0.27216633410818286, 0.17185672124278042], [0.24718299196687551, 0.30298584132952683, 0.2757999172542134, 0.17403124934940006], [0.25325010120869834, 0.2898724951740149, 0.2753584685984933, 0.18151893491876844], [0.24404550155637147, 0.3000968016981146, 0.28168706811929306, 0.17417062852621695]], "ideal": "A", "sampled": "D", "correct": false}}
{"type": "result", "data": {"idx": 2, "options": ["Depression of the 1930", "The rise of Fascism", "The international recognition of human rights after World War II", "The Bolshevik Revolution"], "probs": [[0.2556346963680541, 0.2805369373681532, 0.28165202002639017, 0.18217634613739198], [0.25685303102900187, 0.27370276193022175, 0.2696665141507465, 0.19977769279001656], [0.26737175819788883, 0.29640594503510953, 0.2792181164845538, 0.15700418018245338], [0.26104827502693884, 0.28789307569644124, 0.27607114898250584, 0.17498750019410853], [0.2539224859851421, 0.27248567666298745, 0.2767509539455269, 0.1968408833063247], [0.26730078203383084, 0.276312290719598, 0.27401117315163515, 0.18237575399495584], [0.26201707770206645, 0.27934662234193836, 0.27313372114137663, 0.18550257871460016], [0.26149213087239603, 0.2702819666701166, 0.2645360502461401, 0.20368985211133847], [0.25763655750868003, 0.2920663628782513, 0.2991161164616101, 0.15118096305145926], [0.24593759994718542, 0.2739969210207067, 0.27370633242029535, 0.20635914651182752], [0.2566558189289001, 0.26789341911530395, 0.30153277286587016, 0.1739179889899069], [0.25992980191092335, 0.2630629371466849, 0.2776841554266696, 0.19932310541570444], [0.2742026410820046, 0.29859925706128326, 0.27189568094201555, 0.15530242081471626], [0.2703255118698518, 0.29179403545108945, 0.26899292198989666, 0.1688875305891748], [0.2669595858489954, 0.29918912336547554, 0.28570256855403114, 0.1481487221314932], [0.2626602419006172, 0.28143011900377257, 0.25864148084692246, 0.1972681581486705], [0.26793866934668487, 0.29162163055021284, 0.28276487117983695, 0.15767482882325476], [0.25988051500856996, 0.2788932144562084, 0.26440649678975936, 0.19681977364547099], [0.24997809414776476, 0.26756462872043507, 0.2735420881898844, 0.20891518884191065], [0.261958116571261, 0.2763472292358436, 0.26646613541585, 0.19522851867705066], [0.2496324796630726, 0.2661185610962004, 0.30023155087946757, 0.18401740826125998], [0.25333414412911703, 0.26331201348098837, 0.27523179942301956, 0.2081220428668506], [0.2605412750277363, 0.28690224028504, 0.28831782771911646, 0.16423865686811728], [0.2497624209588422, 0.2764752190385638, 0.27177608967731903, 0.20198627022527707]], "ideal": "C", "sampled": "A", "correct": false}}
{"type": "result", "data": {"idx": 3, "options": ["There is no distinction between the two forms of legal reasoning.", "Judges are appointed to interpret the law, not to make it.", "It is misleading to pigeon-hole judges in this way.", "Judicial reasoning is always formal."], "probs": [[0.2573141740383115, 0.28191884484676366, 0.2439135563124641, 0.21685342470247088], [0.24123897742509043, 0.2851679919730929, 0.25228301803063197, 0.22131001247117374], [0.25904850633594745, 0.28243288617580287, 0.2595963570291753, 0.19892225035908084], [0.24745828133774025, 0.2797847342701099, 0.2625586858535007, 0.21019829843864807], [0.2415491373527185, 0.28070143649908363, 0.2536882846562984, 0.22406114139190977], [0.25198715750465517, 0.27515155616639536, 0.2487411300614667, 0.22412015616746936], [0.254174348790949, 0.2924606013611819, 0.24724104228871108, 0.20612400745915663], [0.2401454172214037, 0.293231128579267, 0.25154741872217073, 0.21507603537715136], [0.2534704749334533, 0.29444212565859584, 0.2569348996663336, 0.19515249964161135], [0.2501651595235187, 0.2961485341332006, 0.2530277660901812, 0.20065854015310253], [0.24522306542590014, 0.2902256739314246, 0.24769796157095783, 0.21685329897173217], [0.2559123003895961, 0.29298301980027097, 0.2403099767575133, 0.21079470295260902], [0.2634872581910488, 0.2949279523287339, 0.2518045141123599, 0.18978027526785332], [0.2534228679174685, 0.29196767940079543, 0.25079290001516424, 0.20381655256658193], [0.2598576158325175, 0.29618619865241086, 0.2488992115089128, 0.19505697390614168], [0.2578324907761422, 0.30050861781954114, 0.2438338190577527, 0.19782507224657814], [0.25614845854998847, 0.2880961702419907, 0.24886658916561263, 0.2068887819424004], [0.2602788450481508, 0.296847014232979, 0.2467664236583948, 0.1961077169604839], [0.24619616216105591, 0.28216668715984616, 0.25295332240806256, 0.21868382817104742], [0.2558072737825615, 0.2765168823209074, 0.2487703498357705, 0.2189054939607843], [0.24806174562844108, 0.280493186963513, 0.24931540880206726, 0.222129658505974], [0.259268309519284, 0.2838762047743765, 0.24110573654158085, 0.21574974906476743], [0.2559022842988857, 0.2758803471515779, 0.2586434736734029, 0.20957389477612148], [0.26079602404996566, 0.2839355047016457, 0.2554737146040544, 0.1997947565443281]], "ideal": "C", "sampled": "C", "correct": true}}
{"type": "result", "data": {"idx": 4, "options": ["The POP will choose wealth over a compassionate society.", "The POP will choose equality over power.", "The POP will be unselfish.", "The POP will choose to protect the disabled."], "probs": [[0.2815534038177584, 0.2805027851486845, 0.2789049195786744, 0.15903889135486868], [0.2920654647122493, 0.2836753401971215, 0.272552371634763, 0.15170682335585417], [0.27299493536584424, 0.27854503102637596, 0.2833046574332005, 0.16515537607456518], [0.265627285551016, 0.26727364650303215, 0.2805799625073937, 0.18651910533855326], [0.28591789762803466, 0.2836398996152671, 0.2725176568713661, 0.15792454578533094], [0.2715275042642679, 0.26926270938313357, 0.27548132700990074, 0.18372845924267947], [0.2903207346593155, 0.26996663799554593, 0.28350766187690407, 0.1562049653682271], [0.3040094761915976, 0.2746053868795245, 0.27202293517676784, 0.14936220165210456], [0.30640951338720923, 0.27017075393228107, 0.28201448999253936, 0.1414052425879809], [0.322172418702738, 0.2783298235864234, 0.261583563281006, 0.13791419432981564], [0.30959212941827724, 0.2796987549918787, 0.26123807145197675, 0.1494710440378774], [0.31406523262473796, 0.2831860020961104, 0.2591059031968563, 0.1436428619822897], [0.2734797819247893, 0.2741459054707891, 0.29504205922818383, 0.15733225327622263], [0.26492365669595325, 0.2641290923555175, 0.29137332526316106, 0.17957392558534882], [0.3061255427407427, 0.271111919383045, 0.2802720238497479, 0.14249051392648965], [0.316998335306761, 0.2851352781597469, 0.26155571225204616, 0.13631067418144457], [0.2756763052947265, 0.2668105972842966, 0.2879585777046571, 0.16955451961630505], [0.3013866332972007, 0.28052650596142015, 0.2716103991803025, 0.146476461461061], [0.300544810537838, 0.27358904835762926, 0.28519246688603594, 0.14067367411850545], [0.27805758077182424, 0.25991442435555057, 0.2917884455219221, 0.17023954925070583], [0.3276753059245666, 0.2713870955320556, 0.26441869654217676, 0.13651890190121443], [0.330892420494612, 0.27728046353552804, 0.26030019708657215, 0.1315269187832999], [0.27979824721844737, 0.2604280230017806, 0.291341962876998, 0.16843176680277025], [0.31853948477794797, 0.26955984524927934, 0.27139831968496414, 0.140502350187781]], "ideal": "A", "sampled": "B", "correct": false}}
{"type": "result", "data": {"idx": 5, "options": ["Law and Economics", "Critical Legal Studies", "Historical", "Natural Law"], "probs": [[0.2948492989911535, 0.33925706753848806, 0.2409956666077707, 0.12489796676257563], [0.2780086279577264, 0.34146999089935176, 0.24773598388026907, 0.1327853971626392], [0.2940639897263968, 0.32210303344751406, 0.22800348416775096, 0.15582949255833983], [0.24934121573525905, 0.3303677588156726, 0.2530040781585978, 0.16728694719048579], [0.2615430485305783, 0.33109782737790794, 0.24812804634714927, 0.15923107764437985], [0.24998033126286975, 0.3416412383651713, 0.25157212609587104, 0.15680630417609212], [0.28241031181207327, 0.3314576988786435, 0.24943875226087814, 0.13669323694839255], [0.2709256383098977, 0.3248559515573038, 0.2565311393651857, 0.14768727066760637], [0.29364965384451164, 0.3124081448435233, 0.23086770969870704, 0.16307449151324108], [0.2608194091562472, 0.3152250242762056, 0.24116322844177404, 0.18279233802579378], [0.2715898884336142, 0.3286914776309787, 0.2449858005518246, 0.15473283328359222], [0.267230498338211, 0.3367946438234847, 0.24073756937474905, 0.15523728836355039], [0.2816404140375163, 0.32238437605244485, 0.24513180263448173, 0.15084340717555092], [0.2247030659770894, 0.3384666759622356, 0.2715967767003592, 0.1652334812603233], [0.28310605980556397, 0.3258015401352832, 0.24537908211085258, 0.14571331784829594], [0.2465898809712201, 0.338260295951114, 0.2557602068460544, 0.15938961613160663], [0.22094175130135094, 0.32385370527994145, 0.2838465333328993, 0.17135800998580386], [0.24072770755910622, 0.3226311714794017, 0.2635743437547099, 0.1730667771067768], [0.24423257061247566, 0.34042161959778416, 0.25768350833173864, 0.15766230135800313], [0.22717095954284844, 0.3582946360177941, 0.2633276041961227, 0.15120680014322582], [0.2513466264285179, 0.34339099743609175, 0.2584509438108111, 0.14681143222457202], [0.24652740590426933, 0.3513674194552577, 0.2537450332409362, 0.14836014129955272], [0.22347927715707866, 0.33676096601982103, 0.2647606522765301, 0.17499910444657282], [0.24005804945417253, 0.3340338516732006, 0.24433809891177602, 0.18156999986086433]], "ideal": "A", "sampled": "A", "correct": true}}
{"type": "result", "data": {"idx": 6, "options": ["All commands include some sanction.", "The concept of a command contains the likelihood that a sanction will follow failure to obey the command.", "Without a sanction the mere expression of a wish is not a command.", "A command confers power to change one's legal status."], "probs": [[0.2488348772688854, 0.28564984614758265, 0.24385372140662528, 0.22166155507690916], [0.25222728774236225, 0.28439816264390827, 0.245780239644271, 0.21759430986947], [0.25103657520805, 0.28149857149953494, 0.2475177864403928, 0.21994706675202313], [0.24554927482220684, 0.26784343325215476, 0.23630234314594706, 0.2503049486796876], [0.25522804540258653, 0.28006443538600384, 0.24485767291380672, 0.21984984619759484], [0.24625726927963407, 0.2722044690081395, 0.23407094147292548, 0.2474673201393143], [0.25369361601401097, 0.2885399453738091, 0.24150432552323384, 0.21626211298896447], [0.2576671595759979, 0.28494851837645296, 0.2438872311761596, 0.21349709077138052], [0.2581195704777806, 0.2863744075543035, 0.2417793490560878, 0.21372667281183702], [0.26010126050984655, 0.2788171521852345, 0.24291872359137634, 0.2181628636135526], [0.26136357401500576, 0.286688290988701, 0.24037127813914083, 0.21157685675713864], [0.2586648280365003, 0.28129048467011647, 0.24184870324959037, 0.21819598394379716], [0.2539725188460053, 0.2851599807269704, 0.24763651515413343, 0.21323098517289413], [0.24925024599834106, 0.276183206770942, 0.23657340075355107, 0.2379931463771517], [0.2556439672956977, 0.29122821316885983, 0.24138152141625618, 0.2117462980192063], [0.25744430907232096, 0.28545361816639403, 0.2419683289232932, 0.21513374373798874], [0.252304412801938, 0.27593009861543677, 0.2412271603107415, 0.23053832817187428], [0.25766103603577645, 0.2800412908113679, 0.24756218357405707, 0.21473548947880647], [0.26256355235043904, 0.2834751303546063, 0.24852856501761517, 0.20543275217734114], [0.25010734991098416, 0.27812586202018763, 0.23474289777390248, 0.23702389019492387], [0.2611214510020209, 0.2913243406759802, 0.2422084631938876, 0.20534574502810654], [0.2587293797814886, 0.28379527426292067, 0.24276877483667073, 0.21470657101890864], [0.2515695588770523, 0.2759216836801805, 0.2424547681636106, 0.23005398917915346], [0.2596787084367958, 0.2788778019858687, 0.2492186359715166, 0.21222485350581038]], "ideal": "D", "sampled": "B", "correct": false}}
{"type": "result", "data": {"idx": 7, "options": ["By denying its existence.", "By explaining the difference between the common law and civil law.", "By distinguishing certain features of the English legal system that facilitated the development of capitalism.", "By recognizing the importance of legitimate domination."], "probs": [[0.2319467770406874, 0.2733146230859333, 0.31498079809562607, 0.17975780167777067], [0.20328213208396786, 0.24601613345902185, 0.3042868238144126, 0.2464149105425922], [0.2418719753558147, 0.294108777163191, 0.2908374583120843, 0.17318178906891793], [0.2393125417811121, 0.28996210467902517, 0.28325327067428324, 0.18747208276557992], [0.20692383406125203, 0.256253481614501, 0.2942307620946717, 0.24259192212957573], [0.22838170714831132, 0.2791518301464767, 0.30223037229760563, 0.1902360903076271], [0.24761194344048065, 0.28702450143492303, 0.3047617616947778, 0.16060179332982863], [0.21356905507156376, 0.2582585614818391, 0.3001735054981803, 0.22799887784840514], [0.2761805148848397, 0.30617818886154113, 0.2890073663378918, 0.12863392981571672], [0.31204580567115936, 0.3055963494327793, 0.2654862088651474, 0.11687163593094357], [0.22854251140141602, 0.28164177610987673, 0.2932725850475176, 0.1965431273412119], [0.31061465481810907, 0.29781638754015455, 0.27358003687830224, 0.11798892066345124], [0.2644141986146176, 0.29637611474556214, 0.2801569000439183, 0.15905278649589483], [0.2631023493029354, 0.2908990903686054, 0.2751582745884837, 0.1708402856399978], [0.29305054118567203, 0.3071554156240078, 0.2691993146264402, 0.1305947284638747], [0.33437078873067727, 0.3054240658364391, 0.24660091504345372, 0.11360423028944361], [0.28491983782935404, 0.3051386141082308, 0.2654537196649302, 0.14448782829748888], [0.3395230516494967, 0.3037350608406821, 0.2493069898442193, 0.10743489756560809], [0.22659213106586562, 0.26871156719313094, 0.2788415792855731, 0.22585472235543305], [0.2526305047703474, 0.2914326559009245, 0.2815369700919055, 0.1743998691368214], [0.22948119613829235, 0.2751485388705176, 0.29680142242408575, 0.19856884246708745], [0.31211981627423135, 0.2944324679978147, 0.2738583819785205, 0.1195893336494346], [0.2708051020228552, 0.30301109177141716, 0.28337350544005496, 0.14281030066565142], [0.31975343581625093, 0.3001044160874089, 0.26756159153334713, 0.11258055646298099]], "ideal": "C", "sampled": "C", "correct": true}}
{"type": "result", "data": {"idx": 8, "options": ["It is a sin for humans not to apply reason.", "The principles of natural law are discoverable by reason.", "Natural law does not apply without good reason.", "The law of nature is the basis of all positive law."], "probs": [[0.25400133559126653, 0.2869137585041617, 0.2636773430288323, 0.19540756277572194], [0.2552462926833143, 0.29108352001606025, 0.2664213420666437, 0.18724884513396567], [0.25415115723549414, 0.2870560078472766, 0.26015444445419006, 0.19863839036305656], [0.2578183371641311, 0.2799598590258017, 0.25795086902927145, 0.20427093468081753], [0.25347454493072963, 0.29150227072049756, 0.2634179251879214, 0.19160525906085965], [0.2552279708751785, 0.2822649423329654, 0.26049269444864526, 0.20201439224319337], [0.25712231580293726, 0.2897848275759731, 0.25406819601379815, 0.19902466050729214], [0.255952649163482, 0.29594089919995686, 0.2597783005550571, 0.18832815098149822], [0.2585540236049274, 0.2931746600553423, 0.2564848285792121, 0.1917864876605316], [0.25958016828720093, 0.2988427486797342, 0.25877104835658865, 0.18280603457648523], [0.2649648915347505, 0.2988384439370318, 0.2607321874535168, 0.1754644769747108], [0.25738401953290635, 0.29835727897287556, 0.2599914412795967, 0.18426726011462755], [0.24700072756657743, 0.2859068918929264, 0.25972373941885546, 0.20736864102163288], [0.250790296515092, 0.27734404567779253, 0.2577630980582581, 0.21410255964885377], [0.250819179720852, 0.28619131404884174, 0.2617130392311365, 0.2012764668991475], [0.25129402045459576, 0.29008137382506494, 0.2651587384772711, 0.19346586714306327], [0.253477161737525, 0.2805251640857318, 0.2575230665073134, 0.20847460756942537], [0.2499507050885825, 0.29081193383971154, 0.26148773514383833, 0.19774962582786387], [0.24995976448952179, 0.2912980003089658, 0.26075527308762975, 0.19798696201387683], [0.2593198185240067, 0.2800003814200379, 0.25626990306869285, 0.2044098968872682], [0.25937234521636626, 0.2920325855828939, 0.2654081748925889, 0.18318689420814654], [0.2576241770637444, 0.29077708494570886, 0.2656185223283564, 0.18598021556220012], [0.2566291867774021, 0.283425346239014, 0.25651403650630983, 0.20343143037727918], [0.2532251450442217, 0.2929782526515699, 0.26096687596030615, 0.19282972624390787]], "ideal": "B", "sampled": "B", "correct": true}}
{"type": "result", "data": {"idx": 9, "options": ["Women can achieve equality through political pressure.", "Equality is impossible because men define women as different.", "The idea of 'woman' needs to be redefined.", "The world is phallocentric and oppressive."], "probs": [[0.2581509358402586, 0.2795684876213394, 0.2567233374647356, 0.20555723897367], [0.2512816074974856, 0.2707415408865143, 0.24751443824795638, 0.23046241326805855], [0.2608378648055229, 0.27908823716660897, 0.2579433645708428, 0.20213053335702189], [0.2647833524809561, 0.27935622698549234, 0.25235471889036304, 0.2035057015431819], [0.2444325345247175, 0.2658658162481274, 0.2535016442872175, 0.2362000048399413], [0.2561644266422992, 0.27782889931745636, 0.2554680873227264, 0.21053858661752967], [0.25518958321295504, 0.2788081915452518, 0.25449108289083266, 0.21151114225096992], [0.2483799431482956, 0.2663824289940212, 0.24338774331202245, 0.24184988444565692], [0.2600736879361094, 0.2812503352151541, 0.2502210519415621, 0.2084549248071842], [0.26209226097443666, 0.2805852832879204, 0.2543181621750335, 0.20300429346259735], [0.24679025669040486, 0.2666282310266882, 0.24094432389179674, 0.2456371882911036], [0.2559207698288508, 0.27880714229969383, 0.2552299090492866, 0.21004217872217978], [0.2537810624924122, 0.27399235652925846, 0.2543064121014357, 0.21792016877687204], [0.2571390701823578, 0.2753818112020758, 0.24948305953774993, 0.21799605897783003], [0.2571420737672125, 0.27416866134335105, 0.2510711799178658, 0.21761808487157389], [0.25912561473634393, 0.27713233417215327, 0.25550648396231584, 0.2082355670291821], [0.2522523703545593, 0.2722095484354282, 0.24948284462628312, 0.22605523648373593], [0.2522184313106843, 0.2748704603649591, 0.25617732763473916, 0.21673378058963055], [0.23746467581410977, 0.25878159919994104, 0.2564336882996752, 0.24732003658627547], [0.25078403682960254, 0.27490006879849166, 0.2588917705850144, 0.2154241236868994], [0.23964082040484758, 0.2597272039145449, 0.2427155928241796, 0.2579163827564393], [0.24971846434869846, 0.2734704621584163, 0.25672377173864486, 0.2200873016542322], [0.2513037538179419, 0.27077476581222293, 0.251589383974545, 0.22633209629528853], [0.24992704646403702, 0.27270451536592133, 0.2588943680584286, 0.21847407001161662]], "ideal": "A", "sampled": "C", "correct": false}}
{"type": "result", "data": {"idx": 10, "options": ["John Rawls", "Stammler", "Jerome Hall", "John Finns"], "probs": [[0.22944811451988556, 0.3243448799568432, 0.27978295263818603, 0.1664240527851003], [0.23671335459297893, 0.32637570136253885, 0.2796069623567389, 0.15730398158773728], [0.24258413687381955, 0.32051393168891523, 0.2857159547906619, 0.15118597654659277], [0.23461350909043785, 0.3260796674013263, 0.29082033111855954, 0.14848649228968755], [0.259012348890281, 0.32336365832663816, 0.2756319567411046, 0.1419920359419953], [0.24254973979639016, 0.3260827197788713, 0.2793375692037367, 0.15202997112101133], [0.20332231344999124, 0.3077732827575685, 0.30254232456403624, 0.18636207912840982], [0.21150779746810605, 0.3109482396498443, 0.30107507140312373, 0.17646889137893423], [0.18963162373363704, 0.2723633590254875, 0.316950419198396, 0.22105459794247642], [0.17594359071067933, 0.26748949062743027, 0.3225620573738615, 0.23400486118801464], [0.2066615881932818, 0.2834148615877912, 0.2962608272033387, 0.21366272291556998], [0.18549536382250664, 0.27289355361082884, 0.29890097203486665, 0.24271011043177493], [0.20800160605137233, 0.32050832085716213, 0.3025796103398738, 0.1689104626515865], [0.20824692593888977, 0.3263566121236304, 0.2994094318705603, 0.16598702996692472], [0.1878273785136003, 0.29242516982547234, 0.2991515192258461, 0.22059593233506758], [0.17370656371680776, 0.2893990563861516, 0.30416441288226886, 0.23272996691478484], [0.19650028978303824, 0.29655875099824314, 0.3074767185969485, 0.1994642405217685], [0.1791014600861761, 0.289919695795969, 0.31398186209184387, 0.21699698192601394], [0.23491017539100864, 0.3168754673079455, 0.2891787983931885, 0.15903555880784892], [0.22660091942427787, 0.3190669480179802, 0.2850290280477454, 0.16930310440999033], [0.20586046469656127, 0.29869722156927847, 0.2873559245224916, 0.20808638911168792], [0.1868212728837357, 0.2858071761424084, 0.29177825781319905, 0.2355932930606467], [0.20175759836580323, 0.29020925331472625, 0.30820652862772685, 0.19982661959174228], [0.18800042334759498, 0.2820701233678442, 0.312962878173635, 0.21696657501094116]], "ideal": "B", "sampled": "A", "correct": false}}
{"type": "result", "data": {"idx": 11, "options": ["Historical", "Analytical", "Command", "Sociological"], "probs": [[0.24619312803853385, 0.3499561589495891, 0.24790140457469567, 0.15594930833717044], [0.25740094252060747, 0.3596765963407423, 0.240665979757874, 0.14225648128078194], [0.25648291209138574, 0.3478011791339459, 0.22985550971601354, 0.16586039895863064], [0.2928077469182317, 0.3438062595225741, 0.22345106196736153, 0.13993493149183564], [0.27480737047631126, 0.3507244657142795, 0.22203824509252962, 0.15242991861686297], [0.2928084618379033, 0.34184975497719206, 0.22503830831926946, 0.14030347476564176], [0.2532144417048241, 0.33107262877490784, 0.25687296884155414, 0.1588399605787271], [0.25837799155205143, 0.3455170429319529, 0.2456694868271565, 0.15043547858884365], [0.26646492179449066, 0.33823519853025324, 0.2166389125710331, 0.17866096700421163], [0.2813299793421821, 0.35210955401502003, 0.22760327297595467, 0.1389571935668465], [0.27791534582247746, 0.3582077916704131, 0.207944399221011, 0.15593246318610768], [0.2845070298013405, 0.3645589822139112, 0.2214978529651607, 0.1294361349195948], [0.2466226887082123, 0.3466973996937146, 0.2235444049846677, 0.18313550651341792], [0.2810175177839079, 0.34958277668883436, 0.2171702659507532, 0.15222943947653106], [0.25275749431358374, 0.35870651516160335, 0.20073919818567035, 0.1877967922391418], [0.25910742779191825, 0.3777509439864312, 0.22100975615134638, 0.14213187197030513], [0.2957410082623956, 0.3733523347312393, 0.18083715982761656, 0.15006949707875136], [0.2859733305518545, 0.38311977035987765, 0.18791925025633774, 0.1429876487319322], [0.28719384935132786, 0.34087343816027527, 0.2240604609999233, 0.14787225138847832], [0.30603158393780183, 0.33163673509233554, 0.22494388616162464, 0.13738779470822912], [0.28154234469024314, 0.3540157360208836, 0.21146012450044754, 0.1529817946884427], [0.2913770322746125, 0.35410478485908026, 0.22225910777149982, 0.13225907499479786], [0.30920762771893595, 0.3423827207096606, 0.1946588058357486, 0.15375084563564487], [0.297936767891168, 0.3572359150794667, 0.20110701434908285, 0.14372030258028445]], "ideal": "D", "sampled": "D", "correct": true}}
{"type": "result", "data": {"idx": 12, "options": ["Conflict.", "Love.", "War.", "Reciprocity."], "probs": [[0.22841724279242184, 0.30018477524550014, 0.2697085977159768, 0.20168938414609427], [0.22744375779479506, 0.3031112320975319, 0.28510007164370194, 0.18434493836396612], [0.22326104707261954, 0.29623923937177216, 0.2694308824783304, 0.211068830977286], [0.22097313579870353, 0.31141388161273614, 0.2836314248301726, 0.1839815576583868], [0.23990548929646915, 0.3287563762788946, 0.2545628701999837, 0.1767752641246509], [0.24005688403573347, 0.34125404597457354, 0.2541076473825951, 0.16458142250708566], [0.2249689899210203, 0.3079609126363523, 0.2706527691119764, 0.19641732823065822], [0.2251230108668196, 0.3145879142343468, 0.2868097159092979, 0.17347935888953428], [0.22133304719839925, 0.29749579768849976, 0.2706826174281958, 0.21048853758490152], [0.21117218892060263, 0.2974585709874194, 0.2862775374429336, 0.20509170254905257], [0.23468060177626157, 0.32904225247393354, 0.25850309312443254, 0.17777405252535605], [0.22714298192542415, 0.32062022736860724, 0.26060303829967013, 0.1916337523063176], [0.21937616075829452, 0.2952999282663861, 0.2704398507755311, 0.21488406009978034], [0.21268733792391167, 0.3087692516773083, 0.2902622511853603, 0.18828115911340074], [0.21639211744778866, 0.29327427566759073, 0.27403612585394815, 0.21629748093068893], [0.2045980230267008, 0.28821727903636524, 0.2904665692814347, 0.2167181285554891], [0.22937172048638246, 0.3277426137376919, 0.2601486900849147, 0.18273697559101865], [0.21678770563971447, 0.31089308036245467, 0.26209793928311825, 0.2102212746147176], [0.25453549210908877, 0.3174757482592004, 0.25868461845594803, 0.16930414107577602], [0.26039706332853146, 0.3257786049356951, 0.2574656623315475, 0.15635866930424064], [0.25404553501031424, 0.3099070551723287, 0.2601497157614439, 0.17589769395592372], [0.2505918818036958, 0.3064524519652406, 0.2588947045707208, 0.18406096156036414], [0.24907171056312988, 0.3111643751126025, 0.2623791888391296, 0.17738472538514058], [0.23410781146410922, 0.2983933239858791, 0.2615784680438312, 0.20592039640620366]], "ideal": "D", "sampled": "D", "correct": true}}
{"type": "result", "data": {"idx": 13, "options": ["That there is no distinction between law and morality.", "That there is a distinction between right and wrong.", "That facts about the world or human nature cannot normally ordain what ought to be", "That human rights are fundamentally unsound."], "probs": [[0.2844210555643459, 0.3141707975505186, 0.2906502683761283, 0.11075787840901408], [0.27172113563350625, 0.28973421934705307, 0.2696065909634847, 0.16893805395596675], [0.27946928581565156, 0.32411408699359345, 0.25318265340961177, 0.1432339736811721], [0.2606871549828559, 0.30485125750342457, 0.2622428031344683, 0.17221878427926868], [0.26784306233115057, 0.2902653482771337, 0.27379299505582927, 0.1680985942358791], [0.2524011396332278, 0.29267374501905896, 0.31849570419576156, 0.1364294110519543], [0.2866065589546776, 0.31757781402032054, 0.2813392892409085, 0.11447633768409998], [0.27319053721332826, 0.29560471978719804, 0.26349270490404464, 0.1677120379954324], [0.2854088550285166, 0.3281112081993659, 0.24639217484668993, 0.14008776182542215], [0.28439762959893033, 0.32660582586186865, 0.24538234605883094, 0.14361419838037343], [0.26827035851231984, 0.29484063599607485, 0.26785639360342633, 0.16903261178819076], [0.2724177190306918, 0.3156109296826783, 0.2896199518336825, 0.12235139935295108], [0.3000322403293302, 0.30851771220279084, 0.2512564502815198, 0.140193597086377], [0.28226124015477366, 0.29368856829097195, 0.25912689444974185, 0.1649232970045038], [0.30618113204845326, 0.3134443150885224, 0.2459070836828496, 0.13446746908017806], [0.29913087682266387, 0.31030940504339816, 0.24813187463173736, 0.1424278434021864], [0.2824733758156761, 0.2838848587297369, 0.2600685880297235, 0.17357317732486033], [0.2951473664856086, 0.3004625761426883, 0.2556457190975943, 0.14874433817411734], [0.2612165917188233, 0.2941443992356296, 0.26984265303285326, 0.174796355912693], [0.25069480247196285, 0.29707755570082495, 0.3140904265182532, 0.138137215208956], [0.2614316944579705, 0.2982652737381779, 0.2678516000027785, 0.17245143170108035], [0.2641124119438668, 0.32074444924959744, 0.2903499063443909, 0.12479323236214528], [0.2585257572092209, 0.29928379463514143, 0.2583520529157021, 0.18383839513992617], [0.2663162121948417, 0.32538786871083597, 0.2529525635758331, 0.15534335541849062]], "ideal": "C", "sampled": "C", "correct": true}}
{"type": "result", "data": {"idx": 14, "options": ["Individual stories are suspect.", "The law is static.", "Universal values are meaningless.", "Literature reproduces repression."], "probs": [[0.2506938451294106, 0.279951752386261, 0.27784992103581657, 0.19150448134850934], [0.24846291022384745, 0.2806524857954052, 0.2783038057421487, 0.19258079813860807], [0.2509367407523631, 0.2797022789404853, 0.2898275309532286, 0.1795334492539268], [0.26071136647741106, 0.28483090192906774, 0.2817684424660452, 0.1726892890274808], [0.253410946045909, 0.2865770512420512, 0.2820402897046101, 0.17797171290742414], [0.2619350418008849, 0.2872720740218706, 0.27516815401084616, 0.1756247300664052], [0.25604018595207445, 0.27600885114806467, 0.2819717371437633, 0.1859792256561069], [0.2536253307612597, 0.2753123443248294, 0.28273872604594874, 0.18832359876795887], [0.25433153037851397, 0.2757680925923346, 0.27805879633057645, 0.19184158059858109], [0.2580572506711575, 0.278037000383063, 0.27959273361996523, 0.18431301522579557], [0.25809062219288736, 0.2790447268004583, 0.27595996170079995, 0.18690468920582776], [0.26367926977670053, 0.27852194636911193, 0.2761704530166706, 0.18162833073750298], [0.25188514442627336, 0.2823553291998033, 0.2922338627719319, 0.17352566350200577], [0.26187050734341455, 0.28500551304485633, 0.28340843790561604, 0.1697155416061411], [0.2521313559428534, 0.2833406224881751, 0.277812882646887, 0.18671513882209087], [0.25628343105572915, 0.284808704422911, 0.27854473314752126, 0.18036313127384426], [0.2624576106438212, 0.28853405283220573, 0.2739742032248765, 0.17503413319908603], [0.26095750935376005, 0.2889895504652053, 0.2810239747799796, 0.16902896530105638], [0.2554291570300688, 0.28444217360179197, 0.2816211307856339, 0.17850753848248155], [0.2638922113956667, 0.28628864758773886, 0.2749248094081, 0.1748943315085073], [0.2575679216525496, 0.28486904456752166, 0.2693273819260288, 0.18823565175389237], [0.2633694884171191, 0.28333453712452117, 0.2690162362802517, 0.18427973807812417], [0.26490147224177063, 0.28510652093288386, 0.27128866476256847, 0.17870334196277393], [0.26392132283709663, 0.283642583446046, 0.27910513182724755, 0.17333096178960747]], "ideal": "C", "sampled": "D", "correct": false}}
{"type": "result", "data": {"idx": 15, "options": ["Law as medium' describes law as a body of formal, general rules that control the state and the economy; 'law as institution' inhabits the 'lifeworld' and expresses its shared values and norms in institutional form.", "Law as medium' consists of the manner in which law is presented by the media; 'law as institution' describes the courts.", "Law as medium' concerns the manner in which the law expresses its rules in simplified terms; 'law as institution' refers to the formal declaration of laws by legislative bodies.", "Law as medium' is defined as the intermediate stage of legal development; 'law as institution' is the advanced stage."], "probs": [[0.24334019731719186, 0.34818940272016885, 0.27578935594740317, 0.13268104391523128], [0.24750208539509738, 0.35477431808170384, 0.26406028320925196, 0.13366331321395383], [0.24098672493390202, 0.3474187894792096, 0.28186702640579636, 0.12972745908109817], [0.24187711943517548, 0.35503321153359946, 0.2709007333955568, 0.13218893553566508], [0.2460648084982666, 0.35188353670399297, 0.2760790333141644, 0.12597262138357065], [0.2427641642250965, 0.3553153565252465, 0.2753395830897001, 0.12658089605994358], [0.23843897556371949, 0.32790887750255954, 0.2958382886870189, 0.137813858146697], [0.2340102000569357, 0.3344534589713676, 0.2919022708533878, 0.13963407001832706], [0.2452536061237033, 0.32299428771206995, 0.28675296741748635, 0.1449991386467344], [0.22566568573201418, 0.30488187629257985, 0.2747326272255777, 0.19471981064983454], [0.23813894145481665, 0.3354081315610069, 0.27694492369719204, 0.14950800318699975], [0.2211442375154434, 0.3061070544657758, 0.2691090195650392, 0.20363968835374516], [0.24721691784361566, 0.3418024318003201, 0.2799080822973835, 0.1310725679586831], [0.24538623257292252, 0.35035010403481875, 0.27111278151012014, 0.1331508817821442], [0.25320554655582134, 0.3396021511074078, 0.26450794361129, 0.1426843586254815], [0.2288745523586105, 0.31761435427705925, 0.260098654853569, 0.19341243841076405], [0.2517473330648932, 0.3498631065158842, 0.2679327914706615, 0.1304567688485614], [0.2274362584035362, 0.3174070055178028, 0.2730919433248509, 0.1820647926538015], [0.23123047160450447, 0.3264280833462675, 0.3019617416443356, 0.14037970330489805], [0.227049473214586, 0.3283512599757554, 0.3021610465866125, 0.1424382201230572], [0.23217942123038426, 0.323223401379991, 0.2835782502677932, 0.16101892702184067], [0.2139333057209381, 0.2916872486360232, 0.27130689807338326, 0.2230725474696626], [0.23645879002385392, 0.3242077521339992, 0.29580248535377873, 0.1435309723883695], [0.21627876146967734, 0.2929377662653585, 0.2882163148525423, 0.20256715731242333]], "ideal": "A", "sampled": "A", "correct": true}}
{"type": "result", "data": {"idx": 16, "options": ["One is under a duty to obey the law without exception, regardless of its content.", "There is no duty to obey a law to which one hasn't agreed.", "The duty applies only to those who are directly affected by the law in question.", "The obligation arises independently of the precise legal provisions involved - unless there are grounds to justify a specific exception."], "probs": [[0.22362075213220445, 0.2824294582880607, 0.2657245810849664, 0.22822520839477367], [0.24516263490346882, 0.2912660890005386, 0.2713874864864662, 0.19218378950950907], [0.22484081145899731, 0.2848736904070187, 0.27232552140553856, 0.21795997662844957], [0.2510603875527059, 0.2949491131697149, 0.2733870347323403, 0.1806034644452285], [0.259094978474495, 0.29809632912440426, 0.27262154391428634, 0.1701871483868135], [0.25937422138671945, 0.2998315568824419, 0.2670360572844774, 0.17375816434636107], [0.216287587302911, 0.2892702496383454, 0.2671914830704221, 0.2272506798883257], [0.23327815583703695, 0.29660548262817904, 0.2701315019785085, 0.1999848594562693], [0.21460219666136193, 0.2846642324499414, 0.28017422572867356, 0.22055934506001276], [0.23719400325782464, 0.2887875603794637, 0.2666957236044019, 0.20732271265830393], [0.24818710678826955, 0.3012447871308333, 0.2740448626640639, 0.17652324331683386], [0.24244623430136497, 0.29709207421294187, 0.2642599391326615, 0.1962017522530335], [0.22746460826742196, 0.29202749517382065, 0.26872482056884245, 0.21178307588989656], [0.2484657120797572, 0.30126209510788327, 0.2672409805633608, 0.18303121214900225], [0.21943934673084028, 0.2845916006734794, 0.27643912133678133, 0.21952993115891511], [0.24135040369601238, 0.2912264003550226, 0.2657185731983394, 0.2017046226506241], [0.2547290126523835, 0.30203189524902074, 0.27705241782062257, 0.16618667417796978], [0.2480658426155771, 0.2985467894858649, 0.2725770885456388, 0.1808102792529322], [0.26496996561854735, 0.3044555092564523, 0.2620993432047552, 0.1684751818202346], [0.2656730941335777, 0.305872660459689, 0.2571834915316445, 0.17127075377510284], [0.25809432010613736, 0.30051566882839975, 0.2649921585403321, 0.1763978524251251], [0.25446004942725964, 0.29639613288723976, 0.25548563456926354, 0.19365818301622273], [0.25931823976542806, 0.30147852182942664, 0.27111041709151434, 0.1680928212136411], [0.25427670336674574, 0.29719762979896813, 0.2660672192221001, 0.18245844751215162]], "ideal": "D", "sampled": "D", "correct": true}}
