{"type": "result", "data": {"idx": 0, "options": ["True, True", "False, False", "True, False", "False, True"], "probs": [[0.3493503887159808, 0.2800133345023829, 0.21096779429806078, 0.15966848238355927], [0.3532227815262209, 0.2763106445382177, 0.20360833466005962, 0.16685823917550013], [0.3644138393703996, 0.2687142991072234, 0.20602573631310914, 0.160846125109266], [0.3806944133168859, 0.2689012006990463, 0.20340801246345472, 0.14699637342062674], [0.3658932406440821, 0.26821459138534337, 0.20920215568166572, 0.1566900121889191], [0.37062581029613473, 0.2714605801910964, 0.21340990118030284, 0.1445037082324466], [0.31040682050729135, 0.2963142150233439, 0.21531281319664966, 0.17796615117272832], [0.31383327082913304, 0.2911763145669434, 0.21066455786502433, 0.18432585663891954], [0.31171167903326685, 0.2856216459754197, 0.23846752255427353, 0.16419915233704305], [0.31174814749876145, 0.2717302636405649, 0.2294423215408175, 0.18707926721984233], [0.30921828688312086, 0.27925140063339526, 0.23121900240631563, 0.18031130997716524], [0.30310258429625325, 0.27094633063356316, 0.23243893969424032, 0.19351214527593724], [0.32066759400746825, 0.29068586216727005, 0.21507485865862386, 0.17357168506665457], [0.33297475725427167, 0.2905125260698417, 0.2137822198127194, 0.16273049676315773], [0.3246694682738623, 0.2846337554183157, 0.23664466000386072, 0.1540521162039676], [0.32735806423231184, 0.2699682325537596, 0.22429697999274156, 0.17837672312119654], [0.3188387239827782, 0.2976236461004276, 0.22433012293698404, 0.15920750687980068], [0.3308236652489317, 0.2746423549899129, 0.21845460744307196, 0.17607937221808362], [0.3121221190805299, 0.2933830771290204, 0.2166571725022275, 0.17783763118823148], [0.31204265426383726, 0.2967360234855904, 0.21905041800697228, 0.1721709041436263], [0.29996795027771256, 0.2919954700901799, 0.23198110973554714, 0.17605546979654096], [0.30139311528232454, 0.28389581108827644, 0.22828624341797568, 0.1864248301114165], [0.3045822719074049, 0.30441298906583525, 0.22194244190425327, 0.1690622970225032], [0.30279141433584, 0.28846029391126377, 0.21760796963865453, 0.19114032201426567]], "ideal": "D", "sampled": "A", "correct": false}}
{"type": "result", "data": {"idx": 1, "options": ["True, True", "False, False", "True, False", "False, True"], "probs": [[0.32991720600913166, 0.2713770566366395, 0.22578358671442122, 0.17292215053982546], [0.33293491381653845, 0.26777687647891746, 0.2170387155749752, 0.1822494940295634], [0.34588382540013274, 0.26484855556190706, 0.22107287086853197, 0.1681947480694154], [0.35635065210198996, 0.2662893726336608, 0.21872231095359002, 0.15863766421074954], [0.34120953408458193, 0.26652062167289986, 0.22324317807922855, 0.16902666606329667], [0.3470759265642847, 0.26774329169895433, 0.22690924502891427, 0.15827153660785054], [0.3038434773741876, 0.2848859257395378, 0.22473883233130404, 0.18653176445496333], [0.30450489380544327, 0.28065933981926433, 0.21967014174511523, 0.19516562453019917], [0.3067465152916138, 0.27555950791249784, 0.24792535568981566, 0.16976862100608778], [0.30234818600198976, 0.26456464496492604, 0.23973378537549114, 0.19335338355760875], [0.3035232257789488, 0.27016169545426527, 0.23958486170608007, 0.18673021696071987], [0.29615263005585835, 0.2657324663782041, 0.2406543127874336, 0.19746059067853064], [0.317520320102304, 0.2843947283366272, 0.2197353452683007, 0.17834960619276063], [0.32628309111626735, 0.2836296146604404, 0.21787456093249277, 0.17221273319079994], [0.3168356871418578, 0.27977866479565644, 0.24005343097047532, 0.16333221699199893], [0.3177761839014371, 0.2672757737967972, 0.2285366492170832, 0.18641139298468984], [0.31581730728817653, 0.2902557585170708, 0.22768191209528718, 0.16624502199946037], [0.3192832243377736, 0.2743971235234855, 0.22208289817190305, 0.18423675386683203], [0.3023770675714742, 0.2858668949160497, 0.22461586883374698, 0.18714016857871513], [0.30348614196909357, 0.28796347931224703, 0.2279569787153259, 0.18059339990335], [0.2915787445458983, 0.2809523911428322, 0.2387577746733489, 0.1887110895379146], [0.2912964951964898, 0.27725179379292336, 0.23567446652666807, 0.19577724438392768], [0.29981914391804404, 0.29358262558479353, 0.22954451781224058, 0.1770537125849396], [0.29552839748606696, 0.28195531208314084, 0.22522680622504299, 0.1972894841057393]], "ideal": "C", "sampled": "A", "correct": false}}
{"type": "result", "data": {"idx": 2, "options": ["True, True", "False, False", "True, False", "False, True"], "probs": [[0.35575660444300167, 0.27294473745673503, 0.21526936417781023, 0.15602929382244063], [0.35747001604397793, 0.26805649160206274, 0.20878944923497647, 0.16568404301897058], [0.37228559704647407, 0.26091694920181613, 0.2136241666450058, 0.15317328700670207], [0.38470427514486877, 0.26064695165282536, 0.21115166742436095, 0.14349710567794818], [0.366767871418813, 0.2626747701766276, 0.21489917132480865, 0.15565818697974276], [0.3730331924689381, 0.2667677773479536, 0.21814643186839686, 0.14205259821472185], [0.3129669927939119, 0.28981193374230874, 0.22003749948770132, 0.17718357387606892], [0.3132557413857547, 0.2842224417895586, 0.21529157535444796, 0.18723024137022112], [0.31350141912264906, 0.27859170898453, 0.2409698219712626, 0.16693704982155225], [0.3103613520868054, 0.2676297396978781, 0.23426868388602198, 0.18774022422927172], [0.30705814343674437, 0.2714547960516329, 0.23699181818857162, 0.18449524222304992], [0.3014316050033207, 0.2663256964665192, 0.2384578639569262, 0.19378483447323153], [0.33178170441567284, 0.28075700826040423, 0.22065738723071845, 0.1668038999932019], [0.3418140209195062, 0.2807570518823812, 0.21869914306351973, 0.158729784034587], [0.33407364729988376, 0.27470219726008666, 0.23758928833052784, 0.15363486700948772], [0.33163041763083523, 0.26369759019157707, 0.2275610528481414, 0.17711093922943635], [0.3290598280082331, 0.2863330387528187, 0.22894810171455232, 0.15565903142441428], [0.33753886719300247, 0.26690764602930117, 0.22342976878576548, 0.1721237178919103], [0.3075078895031404, 0.2855964778193565, 0.22340761584241198, 0.18348801673509538], [0.30722580356014245, 0.29045071841276393, 0.226803423247098, 0.17552005468000512], [0.29604905951384164, 0.280751573559448, 0.23809606696712932, 0.18510329985956808], [0.29772148032851653, 0.27656107321541434, 0.234400949816704, 0.1913164965393671], [0.30191999934030833, 0.29565162338526035, 0.2294263512390696, 0.1730020259353504], [0.3011472177028538, 0.28095379204134463, 0.22475035060832813, 0.19314863954748007]], "ideal": "B", "sampled": "A", "correct": false}}
{"type": "result", "data": {"idx": 3, "options": ["12", "24", "48", "72"], "probs": [[0.26673480376909164, 0.28087430127572444, 0.25575173045183736, 0.19663916440333332], [0.2705452389088428, 0.28736188017334224, 0.2544386194395281, 0.18765426137831043], [0.2722874516709813, 0.2878856894574273, 0.2574002158017854, 0.1824266429698174], [0.2706784120812057, 0.28823159186737174, 0.25383235062947246, 0.18725764532192923], [0.2759173900253493, 0.29078149550487364, 0.251996689093412, 0.1813044252763878], [0.2750420054479582, 0.2891768047221893, 0.25282253067093197, 0.18295865905890843], [0.2740283937188574, 0.2937846597465997, 0.24558505472891592, 0.18660189170562363], [0.2747289069556427, 0.29667733185899126, 0.2454337264528932, 0.18316003463248243], [0.27720366177362316, 0.2950028663780272, 0.25499034455018366, 0.1728031271981653], [0.27452003810664805, 0.29377829470644234, 0.24974080074939076, 0.18196086633752137], [0.27793749507707094, 0.2974462089216069, 0.24912829345452278, 0.17548800244679727], [0.2786711039535618, 0.29671314805155174, 0.24851746273759245, 0.17609828515729156], [0.27375145410558355, 0.29350334604836603, 0.2428688556735775, 0.18987634407248297], [0.2737864191975817, 0.29378113703668485, 0.24509747762242737, 0.18733496604330618], [0.2782146033158889, 0.2918648466924578, 0.24915715041240888, 0.18076339947923084], [0.27595178432147616, 0.2925244094807632, 0.24921819478343682, 0.18230561131433515], [0.2755287562407472, 0.29430691595239167, 0.2513569985405305, 0.17880732916631784], [0.277903430488652, 0.29301388252232213, 0.25251641210969467, 0.17656627477934211], [0.2717990497904954, 0.2954567600591044, 0.2409157104060139, 0.19182847964439623], [0.2720778831911187, 0.2940267208129685, 0.24253222382294315, 0.19136317207296852], [0.2747290359857173, 0.2937476212245462, 0.24763120693058846, 0.1838921357591575], [0.2749743815392962, 0.2930137873781734, 0.24775358193698946, 0.18425824904555116], [0.2762618603625685, 0.2994358732368285, 0.247204433441979, 0.17709783285861047], [0.276438555947894, 0.2952128979646656, 0.24995147163961473, 0.17839707434783544]], "ideal": "D", "sampled": "D", "correct": true}}
{"type": "result", "data": {"idx": 4, "options": ["convolutional networks", "graph networks", "fully connected networks", "RBF networks"], "probs": [[0.2887483967532176, 0.27060893545532305, 0.23668616794039324, 0.2039564997510567], [0.28700316950836374, 0.2612965234368909, 0.23629063610043946, 0.2154096708543077], [0.3058093093410175, 0.2796113537108986, 0.2182189438250735, 0.19636039302301153], [0.30731234405915314, 0.2713416416767235, 0.21946641638775724, 0.20187959777635464], [0.30259895005336374, 0.26175309548456166, 0.23674949290292716, 0.19889846145916182], [0.3036474562808579, 0.2610855133595312, 0.23766259110243154, 0.19760443915716838], [0.2679165647565913, 0.26883510852404024, 0.24078236589031757, 0.2224659607290664], [0.26623880583499315, 0.2630081539692575, 0.2389799646536251, 0.23177307544212547], [0.24776787082006022, 0.25711666511031006, 0.24517838347146964, 0.24993708049817298], [0.22945034414333526, 0.23917275170248872, 0.24566558131525984, 0.2857113227389248], [0.2552468224360281, 0.24750345096746446, 0.2571739778448972, 0.2400757486516093], [0.23799713169284487, 0.23795290889745246, 0.26080536621346495, 0.2632445930962464], [0.2535679335442616, 0.2798951843227921, 0.23351324017442587, 0.23302364185850705], [0.2505748462023499, 0.26957241069166793, 0.23638637602690588, 0.2434663669790859], [0.24059255233785282, 0.2556837596979013, 0.2559531710382679, 0.2477705168259786], [0.2244720623065666, 0.237004362408868, 0.2566846930855712, 0.28183888209899083], [0.23598038047941902, 0.2525420658974251, 0.25915975336998937, 0.25231780015315175], [0.23414919360285125, 0.24802403678703144, 0.25378578233943516, 0.2640409871706666], [0.2540301923465584, 0.27595043826348126, 0.23446177982294306, 0.2355575894670193], [0.2564704653557721, 0.27521888883434703, 0.23885791080220842, 0.2294527349076739], [0.24596877511496035, 0.2586129607248262, 0.2505808788888606, 0.2448373851713551], [0.23149161670061505, 0.25183889064034726, 0.25430580861308066, 0.26236368394593285], [0.24563032481287217, 0.2689043204087981, 0.23705603997829444, 0.24840931470002303], [0.2410828316996656, 0.2642312086066952, 0.2345845324352253, 0.26010142715841356]], "ideal": "A", "sampled": "A", "correct": true}}
{"type": "result", "data": {"idx": 5, "options": ["True, True", "False, False", "True, False", "False, True"], "probs": [[0.3527321462426403, 0.27435244340334025, 0.2110612845530827, 0.16185412570093996], [0.35204613536557605, 0.2721821982782767, 0.20534278057582533, 0.17042888568031678], [0.37106003097178886, 0.2614135932208076, 0.20897910861336763, 0.15854726709402764], [0.3866541884102374, 0.26236947046416687, 0.20577495095075476, 0.1452013900748331], [0.3596286994561582, 0.2646068081191267, 0.21536349790162806, 0.16040099442308273], [0.37111996456798346, 0.2658325354073595, 0.21707346120681797, 0.1459740387178276], [0.32250938703015475, 0.28540448737890106, 0.21563641342380158, 0.1764497120671402], [0.3222296728889836, 0.2795002983046103, 0.21071622934148224, 0.18755379936494004], [0.3239834618849141, 0.2729272329809851, 0.23690607980040507, 0.16618322523371049], [0.31937747477179435, 0.26123270018979006, 0.22849185744371456, 0.19089796749470028], [0.3217340951674197, 0.2667985287186445, 0.2301480384828762, 0.1813193375310711], [0.31369806180207893, 0.26097082376025316, 0.2321307910510631, 0.1932003232866016], [0.3339423454398083, 0.2765803638251066, 0.215614616651272, 0.17386267398381125], [0.3449922036190833, 0.27734652855334013, 0.21429615526738469, 0.16336511246017585], [0.3330176401979133, 0.27268695992444986, 0.23593921000140541, 0.15835618977623553], [0.3303693628013218, 0.2639119475073852, 0.22569989036484114, 0.18001879922645214], [0.3271490634455288, 0.28564226474245974, 0.22420659493995146, 0.16300207677205789], [0.33265223770915203, 0.2686232901990276, 0.21902708259002657, 0.17969738940176852], [0.31317901794008607, 0.27902401537033383, 0.22062341827249873, 0.18717354831708], [0.3171273563778333, 0.28297351756502853, 0.22395244849727963, 0.17594667745983583], [0.3040502810138145, 0.27896661257018784, 0.23131502039234259, 0.1856680859236712], [0.304121611514252, 0.27390100628496494, 0.22807171685496358, 0.193905665245814], [0.305597334826219, 0.289779961611422, 0.22722506170837906, 0.1773976417539726], [0.30405136361934665, 0.2750483542121638, 0.2215464990045687, 0.19935378306394558]], "ideal": "B", "sampled": "A", "correct": false}}
{"type": "result", "data": {"idx": 6, "options": ["O(D)", "O(N)", "O(ND)", "O(ND^2)"], "probs": [[0.2578818552624097, 0.25902117359838056, 0.25883872048407913, 0.22425825055509613], [0.2558329907820115, 0.2589274048624186, 0.2614278030185377, 0.22381180123703287], [0.2597416405541986, 0.25867732104055685, 0.26998611816646667, 0.21159492013878722], [0.25879809669316073, 0.2572413154859866, 0.2670838825729858, 0.21687670514786508], [0.25781909407134196, 0.2667721642463035, 0.2695275878275803, 0.20588115375476912], [0.26102632322448854, 0.2707117561940285, 0.2688297526312269, 0.19943216785024095], [0.2612415569209403, 0.27190728791034435, 0.2624409583646565, 0.2044101967040458], [0.257757471010061, 0.2706220232758682, 0.2662828220145091, 0.2053376835995703], [0.2548836782077826, 0.26164159493040234, 0.2819890223062457, 0.20148570445556138], [0.2599881703717702, 0.2635625602600352, 0.2787758292482202, 0.19767344001998058], [0.25415010019885137, 0.27239505420044763, 0.27978850905956293, 0.1936663364411271], [0.2631954354065366, 0.27752050821667373, 0.2783239092292196, 0.18096014704756383], [0.2541827863813444, 0.27828644775374717, 0.26858765797520473, 0.19894310778968727], [0.25922301779087464, 0.2767170534122211, 0.26311134935132136, 0.20094857934560229], [0.251396648685414, 0.2703698794640432, 0.26970921861732866, 0.2085242531332317], [0.26246419961458034, 0.27287634603283556, 0.26390646649842436, 0.20075298775415468], [0.24758094764138838, 0.27193815827136, 0.27469279099745186, 0.20578810298978015], [0.25925379362239886, 0.2757781058457933, 0.27291571948387905, 0.19205238094793525], [0.25680946650626235, 0.2877435502449253, 0.2638769673849405, 0.19157001576388114], [0.2590388074602099, 0.2877788546419363, 0.26122148267663187, 0.1919608551212186], [0.2556462587698271, 0.28292936566823096, 0.26320647833593214, 0.19821789712599136], [0.26215338837698565, 0.28551149786226504, 0.2611555565041281, 0.19117955715664006], [0.25097451808033344, 0.28533534876126837, 0.2656166980620724, 0.1980734349963246], [0.2583415966424238, 0.28732441180403334, 0.2649164173888989, 0.18941757406463022]], "ideal": "A", "sampled": "D", "correct": false}}
{"type": "result", "data": {"idx": 7, "options": ["True, True", "False, False", "True, False", "False, True"], "probs": [[0.34755600300123474, 0.2819077861273948, 0.21482406621907937, 0.1557121445522921], [0.35122618882753825, 0.27799626145123796, 0.20822436464101207, 0.16255318498021493], [0.3643692708879151, 0.2669801404094884, 0.2152828356326611, 0.15336775296994015], [0.376344150076582, 0.26869650487884095, 0.21344797435656238, 0.141511370588012], [0.3612508239566387, 0.2713972890515751, 0.2138428399732288, 0.15350904691856238], [0.3658944310769148, 0.27457657059723256, 0.21701957263825308, 0.14250942558759935], [0.31732769396367644, 0.290039682714119, 0.218543738807199, 0.17408888441498968], [0.31757677751510793, 0.28612514528935856, 0.21352773679999895, 0.18277034029552303], [0.3148113384553253, 0.27896841016228624, 0.2423161927076885, 0.16390405857471751], [0.31191689632265424, 0.26702973171790584, 0.23525172289852106, 0.18580164896092288], [0.3109326295277443, 0.27241299269964503, 0.23904076786534256, 0.17761360980726434], [0.3028222521307104, 0.26603110222738047, 0.24096677374347117, 0.19017987179844228], [0.33732041270492447, 0.2799836247085669, 0.22096663168301606, 0.16172933080348845], [0.34832620965354466, 0.28047247812772236, 0.2187646488324177, 0.1524366632863084], [0.3328103701623656, 0.27543006133406667, 0.2423232393693015, 0.14943632903423734], [0.3322789940961691, 0.26341629744276407, 0.23251386574938995, 0.17179084261166436], [0.32975162649297, 0.28877239934752524, 0.2294037553452691, 0.15207221871423718], [0.33933028582803615, 0.2687604144120633, 0.22404803472573054, 0.16786126493416986], [0.30890241312022776, 0.28676092327636543, 0.22444963322531222, 0.1798870302781095], [0.309183516024729, 0.2907100478981312, 0.22875589312051203, 0.17135054285662213], [0.29748528915400274, 0.28292851412024494, 0.24222050162074849, 0.17736569500498903], [0.2981040475108951, 0.27720755956412146, 0.23883215838282545, 0.18585623444218], [0.30230151429520385, 0.2987349669151091, 0.23056219159474295, 0.1684013270949529], [0.30208867144494383, 0.2823998461498333, 0.22643317296825827, 0.18907830933696831]], "ideal": "B", "sampled": "A", "correct": false}}
{"type": "result", "data": {"idx": 8, "options": ["2", "4", "8", "16"], "probs": [[0.2388718143654954, 0.2805866685044262, 0.25352958797418473, 0.22701192905590473], [0.24427782757601438, 0.2881882774287575, 0.25380535414342953, 0.21372854075179895], [0.24793950953190252, 0.28305643073490744, 0.2640684427719073, 0.204935616861287], [0.24876600649170766, 0.28326472596693203, 0.2564643308628568, 0.2115049365785217], [0.24632259778376964, 0.2871719944323298, 0.2630586603401861, 0.2034467473437313], [0.25087285199721593, 0.28794115396806386, 0.2572256674323498, 0.20396032650237364], [0.2519387334625842, 0.28658137359363434, 0.25072551394909404, 0.2107543788946557], [0.25749862421114106, 0.2928588953163888, 0.24736554476314637, 0.20227693560931734], [0.2567320822435996, 0.28061239691125545, 0.2628494479327197, 0.1998060728124327], [0.2550551377745871, 0.27795774301740644, 0.2567734739376665, 0.2102136451703369], [0.25868759577594974, 0.2850047074058155, 0.26114021762619793, 0.19516747909204615], [0.2589622081436935, 0.2838219210942295, 0.2582378460006053, 0.19897802466146533], [0.2523319148029472, 0.2896561416620511, 0.250021084734779, 0.2079908587002245], [0.2564875753775059, 0.29282807055773175, 0.24501266474309163, 0.20567168922167334], [0.26164578567939395, 0.2916440766353042, 0.24614412131813496, 0.20056601626715656], [0.26189232312453103, 0.29188637159499814, 0.24150107225208223, 0.20472023292837854], [0.2552667620965696, 0.2872115096000974, 0.2623543366206217, 0.19516739158271482], [0.2558138065025505, 0.2865449912900662, 0.265844189171526, 0.19179701293583834], [0.252336102096782, 0.29600040145489215, 0.244402849609486, 0.20726064673884295], [0.257678791856828, 0.29596546257819156, 0.24009637951542553, 0.20625936594956845], [0.2636049916318732, 0.2974998312751465, 0.24003631889867288, 0.19885885809429915], [0.2606406189101727, 0.294291658806778, 0.2371956707556748, 0.20787205142737578], [0.2645530560372408, 0.29868611179712895, 0.24464375582993358, 0.19211707623570126], [0.2603638432509412, 0.2957187890125124, 0.2481582209781792, 0.19575914665838362]], "ideal": "C", "sampled": "B", "correct": false}}
{"type": "result", "data": {"idx": 9, "options": ["Lower variance", "Higher variance", "Same variance", "None of the above"], "probs": [[0.3190593651844661, 0.30995196557594695, 0.21865818442352483, 0.15233048471605176], [0.3265570493647295, 0.30646092745131887, 0.2171309106321811, 0.1498511124517818], [0.3236593978269445, 0.2986761444230106, 0.22217542822657949, 0.15548902942347032], [0.3276127683916284, 0.3026257862972838, 0.21596395819592415, 0.15379748701515028], [0.33844856818530855, 0.309291133111443, 0.19390422914185462, 0.1583560694613634], [0.3402786005877932, 0.30600603697580636, 0.19041156160398498, 0.16330380073241924], [0.31068025040794317, 0.311586364982715, 0.2190898506783748, 0.15864353383097962], [0.3211862689730456, 0.30865815431996807, 0.2152968512146652, 0.15485872539233214], [0.3114849825211176, 0.3006678063722407, 0.22549943905106723, 0.16234777195556616], [0.31853604903274707, 0.3040530628861415, 0.21398224299905838, 0.16342864498205212], [0.32880240642217784, 0.30917542936731796, 0.2000603270442292, 0.1619618370662829], [0.3312014796264532, 0.30718704727467416, 0.19673796469514968, 0.16487350830373998], [0.2962995104097941, 0.31357476370710363, 0.22266819780390773, 0.16745752797919744], [0.30729798955260457, 0.3209065081392366, 0.21447482353071226, 0.15732067867744393], [0.2943459728412781, 0.31162008407719094, 0.22352368431396702, 0.1705102586675679], [0.30502476439549603, 0.3196067963987082, 0.21442279166479003, 0.16094564744102788], [0.31462884068336155, 0.32016878681091265, 0.19566712330778518, 0.16953524909794715], [0.3129185846845733, 0.3201695184150809, 0.197010927608344, 0.16990096919200717], [0.30049678433635246, 0.2943091826432814, 0.22305359363256852, 0.1821404392877969], [0.29902932178284775, 0.2891831818762331, 0.21596752204590866, 0.19581997419500877], [0.29198434373089505, 0.2945870803536224, 0.22234650456602364, 0.19108207124944815], [0.2956464138373551, 0.2941008014619283, 0.2134287533762239, 0.19682403122448078], [0.28189196427003255, 0.2923262508994169, 0.22412376360631864, 0.20165802112423917], [0.28287043402606044, 0.29720894391814967, 0.22094898859735743, 0.1989716333584398]], "ideal": "A", "sampled": "A", "correct": true}}
{"type": "result", "data": {"idx": 10, "options": ["True, True", "False, False", "True, False", "False, True"], "probs": [[0.3242057353582871, 0.2807819900948565, 0.22175321084489888, 0.17325906360193724], [0.3245769328685969, 0.27799178601209623, 0.214338899195398, 0.18309238182392382], [0.33821576472271475, 0.27332414626826285, 0.21724352632283725, 0.17121656258620274], [0.34738485405744546, 0.2748988634129267, 0.21536548316712012, 0.16235079926247883], [0.32951101911533615, 0.2741150594374988, 0.2204735616392779, 0.17590035970789056], [0.3378209790115388, 0.2775394271623168, 0.22304059740961277, 0.16159899631652963], [0.29878731229084465, 0.29176893599594256, 0.22175136323810757, 0.18769238837509772], [0.2990732963993385, 0.28740282152632923, 0.2170039207389644, 0.19651996123535045], [0.2986611280891062, 0.282572057254589, 0.2416408448094475, 0.1771259697468299], [0.297048412019797, 0.27241879077997994, 0.23418259223456725, 0.19635020486567312], [0.2943125650209464, 0.27679813176610957, 0.23659884817648294, 0.19229045493647354], [0.2882685400438366, 0.2732006568967577, 0.2382455000164106, 0.20028530294298275], [0.3058582041999755, 0.30106306644009845, 0.21626073681618344, 0.17681799244372637], [0.31148575180273835, 0.3020419010733986, 0.21540421360156617, 0.1710681334222769], [0.3046468904190825, 0.2949427706993504, 0.23655735025095537, 0.16385298853060673], [0.30297214274815293, 0.2837299003803751, 0.22655971681256834, 0.18673823995889025], [0.3046066239942891, 0.30615229016838785, 0.22283938134885048, 0.16640170438847268], [0.30733500147729886, 0.2902962539690456, 0.21858469004455408, 0.18378405440909906], [0.2904032519930141, 0.29537352630707636, 0.22475128659254526, 0.18947193500736742], [0.2923569338082331, 0.2978188298200629, 0.22842067075668746, 0.18140356551501502], [0.2801270787107364, 0.29196185250701373, 0.23770161528289938, 0.1902094533993492], [0.28089323679297357, 0.2878400408308389, 0.23467555389795489, 0.19659116837822233], [0.28872326309021684, 0.3039619678250186, 0.22869454537444833, 0.1786202236103072], [0.2854717968052099, 0.2909373483834377, 0.22448068438122418, 0.19911017033014924]], "ideal": "A", "sampled": "A", "correct": true}}
{"type": "result", "data": {"idx": 11, "options": ["good fitting", "overfitting", "underfitting", "all of the above"], "probs": [[0.2608631923582509, 0.1869581368280215, 0.21069407359768963, 0.3414845971160329], [0.28167426974841064, 0.24241623313699923, 0.23564311697133686, 0.2402663800432462], [0.2610409462739843, 0.18996320079946655, 0.21614143965161717, 0.33285441317495335], [0.28338063390803003, 0.2451018079889063, 0.23674709346449369, 0.23477046453856298], [0.3019870674414383, 0.29385574351468957, 0.21601712126582592, 0.18814006767803526], [0.30418241427956816, 0.29190154749903346, 0.21760903351912259, 0.18630700460226574], [0.26205665074269247, 0.17924095253240405, 0.23387197897496495, 0.3248304176499484], [0.2799669384319, 0.21884553086428282, 0.25457314344603116, 0.2466143871577787], [0.2669723071895006, 0.1870777181391087, 0.2391574515499822, 0.30679252302140725], [0.2970291954400364, 0.23274161051537592, 0.24245372542860139, 0.227775468515991], [0.3107923091804239, 0.26723226526473715, 0.21820886268714684, 0.20376656276767904], [0.3127089335901228, 0.27647589205424933, 0.21684156970486929, 0.1939736045507636], [0.2596117061343911, 0.17948468858001565, 0.2328982304357178, 0.3280053747498866], [0.2815698070113379, 0.22145119317731873, 0.2515538198279225, 0.24542517988345053], [0.2684049818960075, 0.190351063021416, 0.23424548992515562, 0.30699846505743433], [0.2975180928883542, 0.23957843861985156, 0.23781414517300553, 0.22508932321879568], [0.31315461574238396, 0.27107367905426877, 0.21742676486884208, 0.1983449402345171], [0.31539380862958516, 0.2808717624572614, 0.2168434799619241, 0.1868909488512349], [0.31033945457313833, 0.2735996694080378, 0.220079033624932, 0.19598184229388543], [0.31347171687523867, 0.27039188491572075, 0.22127794650544627, 0.19485845160360077], [0.314212305670749, 0.27796256881489, 0.21712138219850122, 0.1907037432158651], [0.31400805792523184, 0.2821447129763715, 0.21177212219549607, 0.19207510680289905], [0.31839818672063575, 0.2770179793724998, 0.21923263633525222, 0.18535119747160556], [0.31889112609214165, 0.2819011650428064, 0.21446390399758886, 0.18474380476745975]], "ideal": "C", "sampled": "D", "correct": false}}
{"type": "result", "data": {"idx": 12, "options": ["True, True", "False, False", "True, False", "False, True"], "probs": [[0.3554622833254763, 0.27609894316085254, 0.2103538891882385, 0.15808488422541825], [0.3597762637960125, 0.27211892957018025, 0.2037045888071509, 0.16440021772666935], [0.3743877336214474, 0.26379377523651976, 0.2068534972027003, 0.1549649938393435], [0.38836546440742853, 0.264076426989381, 0.20480013884582182, 0.1427579696573605], [0.37204754160536296, 0.2645763885081222, 0.21106045078146715, 0.15231561900504964], [0.3769392813411392, 0.2675090996541087, 0.21484891004936074, 0.1407027088553899], [0.31952798288918544, 0.29026187022278155, 0.21231542012758806, 0.17789472666044784], [0.3222204633760545, 0.28561204894890074, 0.20632238517265697, 0.18584510240239835], [0.3181070223429952, 0.27929001415748367, 0.23691115638537408, 0.16569180701415057], [0.3159456653589701, 0.2663699898264841, 0.22764030101911567, 0.19004404369542055], [0.31512417660943914, 0.272428297476946, 0.23088635780185482, 0.1815611680117606], [0.3063522318892486, 0.2646456683166728, 0.23176822983929743, 0.1972338698547649], [0.3324729870372392, 0.28097630999124634, 0.217450521127311, 0.16910018174420197], [0.3442571388983867, 0.28101064851835444, 0.21539770849977385, 0.15933450398346877], [0.33253005323118906, 0.2778211372570531, 0.23593855554810786, 0.153710253863649], [0.3352168809208105, 0.2648628428752009, 0.22444625712251484, 0.17547401898147788], [0.3279657362535525, 0.2903551146777954, 0.2248710030768664, 0.15680814589175754], [0.33839830947657246, 0.27145925596242, 0.21821043122014805, 0.17193200324086472], [0.31610615034809203, 0.29026692573485136, 0.21304824689992755, 0.180578676917123], [0.3174943092313326, 0.292643516380694, 0.21703124291963394, 0.17283093136835018], [0.30285859583840946, 0.28731145737438357, 0.22865905883743626, 0.18117088784976923], [0.3037926400681858, 0.2792156513754597, 0.2255747199853404, 0.19141698847102395], [0.307098043739254, 0.30007967235218996, 0.22053439395632188, 0.17228788985221316], [0.30656323951894826, 0.28611469849354837, 0.21463594561074947, 0.19268611627674814]], "ideal": "A", "sampled": "A", "correct": true}}
{"type": "result", "data": {"idx": 13, "options": ["True, True", "False, False", "True, False", "False, True"], "probs": [[0.34083560107733607, 0.2810217019643897, 0.21967448916757087, 0.15846820769068498], [0.34319824980175057, 0.27728709806806506, 0.21253243917377096, 0.16698221285641993], [0.36006014820295745, 0.2707005757875226, 0.2136272265823452, 0.15561204932716677], [0.3719462414398912, 0.2703972789808598, 0.21125105534194474, 0.14640542413731242], [0.351758816696368, 0.2716645776702732, 0.2177851442780193, 0.15879146125534785], [0.3592930110676175, 0.2748125222841997, 0.2203234574700157, 0.14557100907817966], [0.3102324284692496, 0.29345388657869637, 0.22221273799328373, 0.1741009468587656], [0.31166497448405944, 0.28779360056356884, 0.2172922700127468, 0.18324915483963808], [0.3107689739748473, 0.2834568960609194, 0.24191859041861893, 0.16385553944561249], [0.30885196277522226, 0.27151369289733385, 0.2347295805300782, 0.18490476369735256], [0.3080703393173038, 0.27638229297253386, 0.23470017115466724, 0.18084719645547792], [0.3014289411337878, 0.2717060159792868, 0.23699372416560796, 0.18987131862131304], [0.32635937473454185, 0.2917302975375457, 0.21831199056093537, 0.16359833706698024], [0.3346355029256845, 0.29145173752936526, 0.21706071857377457, 0.15685204087118734], [0.3227407856194948, 0.2863814494667605, 0.23912399226943992, 0.15175377254430472], [0.3222918838843021, 0.2744338667386332, 0.2287611145170739, 0.17451313475998362], [0.3203315809008646, 0.2981543278968727, 0.22815051723179872, 0.15336357387044447], [0.3259166949850792, 0.2800250235567748, 0.2231090039622475, 0.17094927739590182], [0.3053091204948351, 0.2926904283520351, 0.22365145265551245, 0.17834899839761612], [0.3069808593071432, 0.2960814844559013, 0.2266796268771116, 0.17025802925984543], [0.29618312055297835, 0.28896306358179286, 0.2371549802506597, 0.17769883551458687], [0.2962537860072398, 0.28389920874697727, 0.23452441223258325, 0.18532259291319705], [0.301392628252936, 0.3022228452919013, 0.22903189347279096, 0.1673526328823665], [0.29926301717944814, 0.28738441753498034, 0.22456244439143247, 0.18879012079411703]], "ideal": "B", "sampled": "A", "correct": false}}
{"type": "result", "data": {"idx": 14, "options": ["pure", "not pure", "useful", "useless"], "probs": [[0.2972623270911583, 0.3441159235585879, 0.22731217102002158, 0.13130957823024153], [0.2868348758590037, 0.34614225895261547, 0.2229733281909769, 0.1440495368973958], [0.32865672754251907, 0.3188140906267476, 0.23204558414058374, 0.12048359759013502], [0.3320432411040758, 0.319749771994378, 0.2201653760954522, 0.12804161070608716], [0.3056563691068874, 0.31950844136702466, 0.23958707358465836, 0.13524811584142732], [0.31294885711117365, 0.3236189484029435, 0.23504238634081845, 0.1283898080450742], [0.31733617688729876, 0.3255900062498734, 0.23014876369670956, 0.12692505306611665], [0.30606920254904213, 0.3340894336386812, 0.2221837228842637, 0.13765764082802665], [0.31587077479030873, 0.32216386431814653, 0.23833619245911314, 0.1236291683324311], [0.31615659408672353, 0.32170928359302403, 0.22822694858990794, 0.1339071736303309], [0.295846649412938, 0.3099479419018592, 0.2660606447219228, 0.12814476386328236], [0.30366294614849065, 0.3070116176254484, 0.2567820222860447, 0.13254341384002088], [0.33469959788314324, 0.3106971370238711, 0.24030974621719267, 0.11429351877579685], [0.3315685565136752, 0.3134201605106436, 0.2349607980151925, 0.12005048486047501], [0.33005886153947617, 0.31461000852209303, 0.24226076121237278, 0.11307036862605463], [0.3308336376771098, 0.3190381424479401, 0.23361824038843557, 0.11650997938649957], [0.33170941434997575, 0.32164168106545554, 0.2192500371679705, 0.12739886731660735], [0.33570211251703974, 0.31585353665994653, 0.21820234919607742, 0.1302420015269207], [0.28515900517969206, 0.3026878968985468, 0.25489524677201264, 0.1572578510497356], [0.2942017458930009, 0.31196414540852846, 0.25074467500452263, 0.14308943359393944], [0.27849454902968046, 0.29211594502651034, 0.2743709387057255, 0.15501856713808843], [0.2868002397482907, 0.30383184236525357, 0.2619147375440228, 0.14745318024244308], [0.29468993037150987, 0.3224774379303426, 0.23852238532756567, 0.1443102462705718], [0.30247707158337644, 0.31461947196593515, 0.23457838613667972, 0.14832507021400493]], "ideal": "B", "sampled": "C", "correct": false}}
{"type": "result", "data": {"idx": 15, "options": ["True, True", "False, False", "True, False", "False, True"], "probs": [[0.3470137849898642, 0.260867155399556, 0.2227389017051361, 0.1693801578054565], [0.3492570755745379, 0.2582114358194194, 0.21457975256198675, 0.17795173594405594], [0.36284993751924877, 0.2520493204993276, 0.21745741938031143, 0.167643322501127], [0.3767316168695193, 0.25202528386555, 0.2160852661569041, 0.1551578330080461], [0.3582610063453193, 0.25378240704817373, 0.22005026480102466, 0.16790632170549366], [0.3685723781534078, 0.2533256925322299, 0.22471868050599503, 0.1533832487083639], [0.3121062843037996, 0.2765400895312607, 0.22301025619477674, 0.18834336987016367], [0.3129202062341654, 0.2719562430798971, 0.21756177529196052, 0.19756177529396085], [0.3152508186144954, 0.2674588865193397, 0.24583025648371248, 0.1714600382824772], [0.31043854060026205, 0.2557938712629449, 0.23672029463664726, 0.19704729340014776], [0.3094912888984308, 0.26170151597066005, 0.24115034563927887, 0.18765684939160665], [0.3025677044995433, 0.2557752907208203, 0.24145749541429656, 0.20019950926533953], [0.3268069683591916, 0.27118966362428026, 0.22194322159233662, 0.18006014632418277], [0.3383001499852596, 0.2707027362386922, 0.2207200177088636, 0.17027709596717264], [0.3287715192558803, 0.26727208460622254, 0.24259935541779656, 0.16135704062010167], [0.32982890058543235, 0.2556014983414905, 0.2297029556356478, 0.18486664533741012], [0.3253478658144716, 0.27802516411924183, 0.23038058794150215, 0.16624638202478154], [0.33150115655697926, 0.26192418016462315, 0.22258318678263408, 0.18399147639575647], [0.3106780188142431, 0.2748644069340446, 0.22267148984983237, 0.19178608430186345], [0.3145881994352796, 0.2756027725312504, 0.2267052487300697, 0.1831037792033766], [0.3018000024254374, 0.2711396073579979, 0.23898343207646625, 0.1880769580401023], [0.30064630975626705, 0.26680819781171405, 0.23464246683981493, 0.19790302549218292], [0.30770560511107387, 0.28265266911329606, 0.22985520074754578, 0.17978652492807656], [0.3030577074448948, 0.2706780191747412, 0.22374378542548762, 0.20252048785487364]], "ideal": "B", "sampled": "A", "correct": false}}
{"type": "result", "data": {"idx": 16, "options": ["This feature has a strong effect on the model (should be retained)", "This feature does not have a strong effect on the model (should be ignored)", "It is not possible to comment on the importance of this feature without additional information", "Nothing can be determined."], "probs": [[0.3234133611492039, 0.3210829807280658, 0.215505112438259, 0.13999854558446803], [0.32095302593167807, 0.32695050786609003, 0.2133071186683207, 0.13878934743390617], [0.30930855192982426, 0.3199373167748511, 0.24465452517192254, 0.12609960602337456], [0.30923012536237904, 0.3078876050249994, 0.22979679772024694, 0.15308547179235796], [0.2986720847071993, 0.312025750904625, 0.2498109739520165, 0.13949119033614876], [0.3028746993506868, 0.2995862661682318, 0.23981561593814393, 0.1577234184429216], [0.30726898421398724, 0.32083400382776645, 0.22296836423870037, 0.14892864761954977], [0.29817084826116347, 0.32153719688332766, 0.22562772042519322, 0.15466423433032322], [0.27939731627586245, 0.313009439371681, 0.2527882751171189, 0.1548049691353409], [0.27401657633728627, 0.30054827346696544, 0.23651905161305398, 0.18891609848268665], [0.26734034586467353, 0.2997701686242704, 0.2566255322341713, 0.1762639531768866], [0.26319241876487903, 0.28974026220364946, 0.24904315260257925, 0.19802416632890008], [0.30211530854085294, 0.3222923951021034, 0.25082283985705306, 0.12476945639998724], [0.30160819597639144, 0.31201379843813, 0.23686259602139983, 0.1495154094640667], [0.27526969003264157, 0.3167274310838277, 0.25893488982485, 0.1490679889586586], [0.2693678248774134, 0.3027621189225221, 0.2451989561474313, 0.18267109995261188], [0.2771641613178072, 0.2946710470644944, 0.2603198000982911, 0.1678449914193955], [0.26120825421550836, 0.292407935318447, 0.26073990257967405, 0.1856439077863752], [0.27199186338357667, 0.31980636497515513, 0.2512522391283248, 0.1569495324129454], [0.28296544904272036, 0.3082793715008737, 0.23569957127377275, 0.17305560808264656], [0.2528907146185444, 0.3058479918045383, 0.25439170959974033, 0.18686958387718286], [0.24966048377041833, 0.29418867487847367, 0.24332670315467878, 0.21282413809640927], [0.26561038023416494, 0.3024190174160093, 0.24852504893358485, 0.18344555331625476], [0.2517368927360309, 0.2951708967684986, 0.2473564460925937, 0.20573576430285537]], "ideal": "C", "sampled": "A", "correct": false}}
{"type": "result", "data": {"idx": 17, "options": ["The number of hidden nodes", "The learning rate", "The initial choice of weights", "The use of a constant-term unit input"], "probs": [[0.26480697835835054, 0.2752696918869967, 0.21584043477564077, 0.24408289487901247], [0.2599220249639196, 0.2784476761893002, 0.24051469941572287, 0.221115599331057], [0.266973158732253, 0.2815846334590804, 0.2177698188625443, 0.23367238884613623], [0.26581947833409786, 0.28482852028225275, 0.23639138409226962, 0.21296061719137138], [0.2665186547628243, 0.29090389763290336, 0.22268193799871167, 0.21989550950555953], [0.2681972293221792, 0.2884239947981671, 0.21935498479580579, 0.22402379098386124], [0.2599497395659504, 0.26993272876263047, 0.21745355410923536, 0.25266397746216834], [0.25457611788183054, 0.2775072453295677, 0.23846586505079995, 0.22945077163778582], [0.26065209782497145, 0.2716091680387482, 0.22011547998535533, 0.24762325405092334], [0.2543323304685189, 0.2770163950488836, 0.23993391129518038, 0.22871736308740415], [0.255767009344611, 0.2808928058206612, 0.22866577138372415, 0.23467441335099942], [0.2554911977159791, 0.2781701057284982, 0.22717242187587308, 0.23916627457965883], [0.26623767097676676, 0.27963271032916626, 0.21642524086677148, 0.2377043777273082], [0.2645627294756479, 0.28406322608752116, 0.2351400889426, 0.2162339553942334], [0.2648375003893016, 0.27481594139519433, 0.21623325533626037, 0.2441133027792327], [0.2594304484607382, 0.2769809690273927, 0.239905393004891, 0.22368318940698043], [0.2685053666898465, 0.2892281775287444, 0.2205096443308829, 0.22175681135051664], [0.2665805302984791, 0.28608735920094625, 0.22286013668934201, 0.22447197371120994], [0.26313060436909097, 0.29753832834176147, 0.22246205313135378, 0.21686901405777925], [0.26379989379537977, 0.2923341644059218, 0.22228393833717988, 0.22158200336153114], [0.2584256122190455, 0.2894065092624463, 0.22839210895462472, 0.22377576946389208], [0.2577231358356134, 0.2867528758365633, 0.22793222855103273, 0.2275917596767885], [0.268473563767566, 0.29578801395510407, 0.22231467248581058, 0.21342374969152272], [0.26627304282138803, 0.295056099113153, 0.22378145888911283, 0.2148893990763475]], "ideal": "A", "sampled": "D", "correct": false}}
