{"type": "result", "data": {"idx": 0, "options": ["ADD.", "AIDA.", "PESTLE.", "SWOT."], "probs": [[0.2804415170000277, 0.3067297393619541, 0.24915697450341395, 0.16367176903461578], [0.2814541310509822, 0.3109200856549729, 0.24796577847854856, 0.15966000471549538], [0.29192474878118785, 0.29500525562938745, 0.24610107705022463, 0.16696891843921102], [0.27604279939218085, 0.2854848085209897, 0.23840803350075512, 0.20006435848607837], [0.2777588353908191, 0.30062322643320527, 0.24475729233185878, 0.1768606457441273], [0.27534654117122337, 0.28698592861539624, 0.2328167193396094, 0.20485081077376197], [0.2865864819711571, 0.29626120197265965, 0.2545618492370736, 0.16259046671910854], [0.2892744558366645, 0.30065803905411387, 0.25211922986896346, 0.1579482751402567], [0.2827123270941914, 0.2989853384088996, 0.2487303540929563, 0.1695719803039392], [0.2804809603763925, 0.30016900584066264, 0.24173668937767842, 0.17761334430526476], [0.2831333353830062, 0.30526135173161983, 0.2443951224526986, 0.16721019033268655], [0.2851274515736385, 0.3043183268981745, 0.2352624920550051, 0.17529172937318171], [0.26477599412334896, 0.2971702068009832, 0.2559653279775367, 0.18208847099814982], [0.2633422104415645, 0.2923244921898696, 0.2407290308523464, 0.20360426641622156], [0.2841414474390246, 0.31092036699628806, 0.24308187597951864, 0.16185630948516386], [0.2813887248477882, 0.3135281417731128, 0.23801532679928772, 0.16706780647983094], [0.2591886409452939, 0.2852445242543881, 0.23694179404944396, 0.21862504065087393], [0.2760485163738544, 0.30257643101536835, 0.23999688643535427, 0.18137816607542956], [0.2607181824348722, 0.2916629158076921, 0.26045623044305577, 0.1871626712143611], [0.2628845683452506, 0.2818601956427661, 0.24454332979396579, 0.2107119061180055], [0.27342621658952493, 0.3072945892838151, 0.24824267790669519, 0.17103651611994877], [0.2738860932840651, 0.30700900180082674, 0.24002817715533037, 0.1790767276597747], [0.2538125902352421, 0.27621030817144837, 0.2454912529092842, 0.2244858485840247], [0.2784919292552109, 0.29207431389772165, 0.24573750554580193, 0.1836962512012732]], "ideal": "B", "sampled": "B", "correct": true}}
{"type": "result", "data": {"idx": 1, "options": ["The realm of understanding.", "Personal selling.", "Noise.", "Feedback."], "probs": [[0.2741473394935627, 0.3167977076271091, 0.23262690637701736, 0.17642804640231521], [0.3272158734297264, 0.313410639022392, 0.2146937296079918, 0.14467975783988654], [0.27023785408945117, 0.31069812429023724, 0.24031943244782697, 0.17874458907248186], [0.26217299987388526, 0.2997027157728699, 0.23812025499829773, 0.20000402925494706], [0.3042479487647682, 0.3165870679391205, 0.22593205935806043, 0.15323292383804507], [0.26657373521007877, 0.30165105866218517, 0.24251908542844003, 0.1892561205993005], [0.282697446080752, 0.3150791765128865, 0.2348340560042365, 0.16738932130213763], [0.33410040702868943, 0.3168594285315661, 0.2114273043145533, 0.13761286002518575], [0.2741795017669923, 0.2960699848523344, 0.2536711149494706, 0.1760793983311952], [0.26436616910122357, 0.29432758323224845, 0.24582304332726876, 0.1954832042392618], [0.3182137516397269, 0.30732711399039997, 0.23391386894425983, 0.1405452653256081], [0.2697397821181596, 0.30018584687747585, 0.24937005036030568, 0.18070432054406552], [0.25851105775746364, 0.3163056947637301, 0.2465572418781535, 0.17862600550065985], [0.25096530157137414, 0.3031487506538206, 0.24573147082813995, 0.20015447684666177], [0.25542787450575105, 0.3015205215313788, 0.25568676635559273, 0.1873648375072432], [0.24271388934537846, 0.29869227381069996, 0.24749985813168685, 0.21109397861224563], [0.25365781952434774, 0.2945978597720646, 0.264911135791301, 0.18683318481228176], [0.24469975856263915, 0.30214639433933693, 0.25657203706354514, 0.19658180993447785], [0.3157414524137731, 0.32512631075783427, 0.21616012811064422, 0.14297210861775111], [0.27931585924578733, 0.3046091582046492, 0.24255488829176775, 0.17352009415779593], [0.31622650683124637, 0.3153578299810289, 0.22813370969344512, 0.14028195339427973], [0.2727125432625315, 0.31170985073046853, 0.2361960242291606, 0.17938158167782797], [0.27293237812256427, 0.2943195843231899, 0.24825897711127948, 0.18448906034297147], [0.2675479787181831, 0.30312471907590033, 0.2414188065614265, 0.1879084955444876]], "ideal": "A", "sampled": "A", "correct": true}}
{"type": "result", "data": {"idx": 2, "options": ["In the late 1800s.", "In the early 1900s.", "In the 1920s.", "After the end of the Second World War."], "probs": [[0.26947537587700765, 0.2899417544970054, 0.2756266615276363, 0.16495620799835506], [0.26507754093149727, 0.2870139608008654, 0.27440272180383485, 0.17350577636380088], [0.27069936701966485, 0.2928734137282231, 0.27464797880042363, 0.16177924035169033], [0.2652905661443493, 0.28795303965675967, 0.2753477181819746, 0.17140867591692763], [0.2599466188304953, 0.2896973677489899, 0.27807177007326933, 0.1722842432472469], [0.25970300016630593, 0.2911574152092882, 0.27685325676759, 0.17228632775682093], [0.27607513490739155, 0.2933615246795224, 0.2670739054197346, 0.16348943489335432], [0.26993378952158703, 0.291374261082515, 0.26606274226399174, 0.17262920703191637], [0.27139998833939005, 0.29284014556077487, 0.2751011253679835, 0.16065874063186322], [0.2675217604949103, 0.28970114232018146, 0.27342538200447913, 0.1693517150804248], [0.2596722520360487, 0.2933261085014765, 0.27852507703763824, 0.1684765623248486], [0.26330334815657175, 0.29328754516888367, 0.27482963521675546, 0.16857947135781548], [0.2733545940215345, 0.2999246080662072, 0.26410779192054473, 0.16261300589172414], [0.26672563232186897, 0.29549291544758904, 0.2650521304911483, 0.17272932163941251], [0.2748228898668562, 0.3006575905954564, 0.26337310326788815, 0.16114641616980882], [0.26868054327883445, 0.29793519040848926, 0.263341525482245, 0.17004274073044937], [0.2586944288336929, 0.29674514889925085, 0.276326625308995, 0.16823379685807233], [0.25994833930079986, 0.298490353409932, 0.2748944815931316, 0.1666668255961362], [0.26089492254629526, 0.2962557877620383, 0.2709531586416569, 0.17189613095002182], [0.2619361962425013, 0.29730045176672326, 0.2695563867840571, 0.17120696510670927], [0.26190471646596375, 0.3006879975743256, 0.26903169168379526, 0.16837559417591638], [0.264103152773312, 0.3001966431601019, 0.2668350101857456, 0.1688651937808427], [0.25991823989503815, 0.2984517028919306, 0.2699766820089716, 0.17165337510407225], [0.2621167621941333, 0.3006496060345181, 0.2675341191908621, 0.1696995124804994]], "ideal": "C", "sampled": "B", "correct": false}}
{"type": "result", "data": {"idx": 3, "options": ["The level of tangibility associated with the type of product.", "Performance-value.", "Variations in supply and demand.", "The way in which the service is delivered."], "probs": [[0.2044291055097422, 0.27362662148575867, 0.290590317664825, 0.23135395523965954], [0.20467223447297206, 0.2821685530997979, 0.29695362239573164, 0.2162055899314934], [0.2033043471008649, 0.2743241828563098, 0.28444674701569356, 0.2379247229271315], [0.2062140949573833, 0.28503663252517997, 0.2844126508163096, 0.2243366216011398], [0.20958712221495443, 0.28659715959245574, 0.2786587204102851, 0.22515699768229203], [0.20966123280569876, 0.2872630480116182, 0.2724753980937671, 0.23060032098892175], [0.20645753090448, 0.2691695246136465, 0.2851396085691305, 0.23923333581274536], [0.20731149992432063, 0.2769788211390752, 0.28808043085707064, 0.22762924797954312], [0.20132679719952717, 0.26209043337935395, 0.2900219837151147, 0.24656078560600256], [0.19849489322320418, 0.2576621617224358, 0.29194043411219744, 0.251902510842174], [0.20547956796983147, 0.27478277036743176, 0.2824545708378676, 0.23728309072487577], [0.2036235003589111, 0.2588788894049333, 0.27997000636549385, 0.25752760377067574], [0.19946650016789422, 0.2752384432333308, 0.284375113198149, 0.24091994330064562], [0.20284115707854572, 0.2824220751910704, 0.28350383142512947, 0.2312329362052387], [0.19854037918588285, 0.2740875283396982, 0.28761778271389904, 0.23975430966051023], [0.1976624745882222, 0.26599254231209785, 0.29246853926592536, 0.24387644373375875], [0.2013017690910566, 0.28280607375008343, 0.2829078564004935, 0.23298430065838818], [0.19890633119461262, 0.2674882097135068, 0.28615210743560754, 0.2474533515562691], [0.20457536972710189, 0.2770686405335918, 0.281835107724636, 0.2365208819146552], [0.20609089861400154, 0.2769710466898167, 0.2792819218554846, 0.23765613274071243], [0.19963874896720654, 0.275542588765582, 0.2905579184479489, 0.23426074371926273], [0.19985996252226024, 0.2586611522387659, 0.28831528784660626, 0.2531635972923744], [0.20240071516248798, 0.2725459005377066, 0.29023775818158654, 0.2348156260182424], [0.19985860956223878, 0.257925706473354, 0.2897836065971839, 0.2524320772672344]], "ideal": "B", "sampled": "A", "correct": false}}
{"type": "result", "data": {"idx": 4, "options": ["found guilty under the Sherman Antitrust Act and face prison time", "found guilty under the Magnuson-Moss Warranty Act and face large fines", "found guilty under the Adamson Act and face prison time and fines", "found not guilty because retailers are allowed to set their own price levels"], "probs": [[0.2454197409128789, 0.3204854388752142, 0.2604632108991874, 0.17363160921270776], [0.2304874439339639, 0.32143058743455255, 0.26238074982839055, 0.18570121870308684], [0.24734407506655984, 0.3184949792308534, 0.267515240166708, 0.1666457054358775], [0.23952607288075417, 0.32289642244640215, 0.2699553301328347, 0.1676221744400043], [0.23482819285665643, 0.32404229355477904, 0.25327856823536804, 0.18785094525321328], [0.24340667282550643, 0.3282294897214889, 0.2557537586628909, 0.17261007869012351], [0.24404611401903104, 0.32215636757790117, 0.26678234632789194, 0.16701517197517673], [0.22919968202774657, 0.3273708294758703, 0.2687988254780288, 0.17463066291832613], [0.2528109580180676, 0.325776381233421, 0.2682179055527397, 0.15319475509578967], [0.2408712708063117, 0.3270478475229138, 0.2694665731587597, 0.1626143084120094], [0.2374236082977824, 0.3311596992515735, 0.25062215931305154, 0.18079453303760115], [0.24575854148448398, 0.3309533306315065, 0.24857775625260062, 0.17471037153140764], [0.24807882005810136, 0.32777329090237717, 0.26018673872152676, 0.16396115021799612], [0.2395274804081348, 0.3314411743968294, 0.26360395768801836, 0.16542738740701585], [0.24862558431119888, 0.32638924573935674, 0.2614728994790725, 0.1635122703703486], [0.23681126010210005, 0.32676469613820514, 0.2652802020259685, 0.1711438416337322], [0.24673337580307653, 0.33559649676392117, 0.2545645237964707, 0.16310560353653092], [0.24294784772167477, 0.33095906072347514, 0.2533407692275345, 0.17275232222730963], [0.2285048695576469, 0.31186664249310353, 0.2684575654320401, 0.19117092241721562], [0.236227777244189, 0.3121468175269036, 0.27240119353002945, 0.17922421159887508], [0.23085333036014313, 0.31580918130970803, 0.2665369955686937, 0.18680049266145268], [0.23806072365828657, 0.3160515181796577, 0.26482787721960044, 0.1810598808424539], [0.2401360392338344, 0.31775842526768466, 0.27484712507573167, 0.1672584103227545], [0.23497836655482854, 0.3133296397231485, 0.2704128837608756, 0.18127910986115608]], "ideal": "A", "sampled": "C", "correct": false}}
{"type": "result", "data": {"idx": 5, "options": ["A composite analysis of all environmental factors inside and outside the firm.", "A series of business decisions that aid in selling a product.", "The relationship between a firm's marketing strengths and its business weaknesses.", "A blending of four strategic elements to satisfy specific target markets."], "probs": [[0.2829327956251183, 0.30851006751852345, 0.23041660574053024, 0.17814053101581648], [0.2970310707475064, 0.3152762081629107, 0.22681909326784494, 0.16087362772174882], [0.28492329195939936, 0.30585908367990355, 0.23630927779093247, 0.17290834646974235], [0.30024246179615566, 0.31140483730819507, 0.23759804597639472, 0.15075465481925368], [0.308380870905903, 0.31685667793938843, 0.2270237831271248, 0.14773866792756093], [0.30732706279034006, 0.31531294185850606, 0.23283443093976913, 0.14452556431138563], [0.27755628032729346, 0.30606846502742097, 0.2353040622674158, 0.18107119227785784], [0.29636984012724915, 0.3092457296749434, 0.23261751331825614, 0.1617669167795385], [0.28192278992195813, 0.3062736279533696, 0.23063225034746843, 0.18117133167720406], [0.2972753400536471, 0.3111203975096624, 0.23439408010809532, 0.15721018222860914], [0.30582547239562674, 0.3120996962281343, 0.2248652309273345, 0.15720960034891773], [0.3053363246192389, 0.3120959878058359, 0.22877575529624616, 0.15379193217869638], [0.28118877642417967, 0.3082277176226712, 0.2344207360341742, 0.17616276981897755], [0.2960887794092707, 0.3118939027600839, 0.23564490844695785, 0.1563724092836876], [0.2825874506464811, 0.3120591414261007, 0.2227602365721618, 0.18259317125528168], [0.2934041231729743, 0.31970761864065783, 0.22611560141650314, 0.16077265666986668], [0.3051667019855652, 0.31583912661244373, 0.2263888834018911, 0.152605287900089], [0.30471602186766417, 0.31929359940225044, 0.22531701891919426, 0.15067335971087428], [0.3112723150506785, 0.31266287415091065, 0.2261436078702375, 0.14992120282816604], [0.3063100355959251, 0.3130751470816828, 0.23048674520718035, 0.15012807201522602], [0.31127397240992893, 0.31412784082721057, 0.21722423680572023, 0.15737394985713193], [0.3115175044268918, 0.3143681735684947, 0.22040278932290322, 0.15371153258170547], [0.30858415591910704, 0.3119287886440259, 0.22810027982520922, 0.1513867755116478], [0.3105409627189834, 0.31412213955723295, 0.22700154880051762, 0.1483353488232624]], "ideal": "D", "sampled": "D", "correct": true}}
{"type": "result", "data": {"idx": 6, "options": ["Gatekeepers.", "Buyers.", "Users.", "Initiators."], "probs": [[0.2944448100020078, 0.3194783804239604, 0.21832434940813722, 0.16775246006589137], [0.2873223080430073, 0.3184676111463771, 0.22000708536429597, 0.1742029953463254], [0.2871098511271532, 0.30970833794672437, 0.23347231649351677, 0.16970949433260205], [0.2751007293917039, 0.29086989530744345, 0.23197451354583895, 0.20205486165501757], [0.2788029288693469, 0.3189924106813203, 0.2370173840447555, 0.1651872763045718], [0.2717148009455946, 0.2970080076975053, 0.23933541906111022, 0.1919417721957829], [0.2787361085719832, 0.31843077815832277, 0.22449768430220116, 0.17833542886750936], [0.2714388293785246, 0.31383586530170227, 0.22122457117685143, 0.19350073404292148], [0.27122559007035313, 0.30654357184056963, 0.23200259616487393, 0.19022824182419232], [0.2684714857127179, 0.302321617403101, 0.22681436963458115, 0.20239252714961106], [0.2716137312461844, 0.31156243043345544, 0.2319185327098019, 0.18490530551058096], [0.2728677977206895, 0.30769163375358644, 0.23097053667981496, 0.18847003174592142], [0.27903969474361207, 0.3128886407844834, 0.23115151648672708, 0.17692014788517268], [0.2672768666220735, 0.289411030348418, 0.22488656052575914, 0.21842554240374948], [0.2695147160940185, 0.31313327957498316, 0.22956338039306115, 0.1877886238379309], [0.2682927119776875, 0.3087398625196991, 0.22467506392038789, 0.19829236148221777], [0.2711499746526059, 0.2866896608035189, 0.23719665945123855, 0.20496370499264754], [0.26538770993214367, 0.3095107505597265, 0.2383891378780812, 0.1867124015300281], [0.2750709177019704, 0.33626184208591314, 0.23048479606680367, 0.15818244404532525], [0.26773972208597435, 0.3123268732004785, 0.23561242391598455, 0.1843209806975747], [0.27363748966904544, 0.3282450728557071, 0.22868084417742834, 0.16943659319781734], [0.2765342560254033, 0.32234418150368416, 0.22413309227286404, 0.17698847009805968], [0.2718894335770206, 0.2966982996452348, 0.24220649810325584, 0.18920576857450055], [0.26459759819188544, 0.32164819753486834, 0.239062843075412, 0.17469136109783417]], "ideal": "A", "sampled": "B", "correct": false}}
{"type": "result", "data": {"idx": 7, "options": ["Motive development.", "An attitude.", "A self-concept.", "Product evaluation."], "probs": [[0.27022799319443186, 0.28092997742148285, 0.27193842674952123, 0.17690360253454207], [0.28572460307807857, 0.29129443712660713, 0.2637478593168946, 0.15923310037844618], [0.26897362421254745, 0.29286548400916407, 0.2838765518507343, 0.15428433982754472], [0.2711727788424156, 0.28358292940237595, 0.27923312659573934, 0.16601116505946006], [0.28335060560071895, 0.28819147765934267, 0.2814004762926424, 0.14705744034729673], [0.2633212568948751, 0.2752479606101505, 0.29849524269983496, 0.1629355396951384], [0.26524445329614693, 0.2759409101056778, 0.28380914192375123, 0.17500549457444145], [0.2757788356213979, 0.2857468710097489, 0.271386994673639, 0.16708729859521848], [0.2672650112674888, 0.27380704366554504, 0.2755719755319886, 0.18335596943497204], [0.26649649087298305, 0.2767081693329798, 0.27602721593630636, 0.18076812375773516], [0.27382415364518764, 0.28061891257447924, 0.27505008195734537, 0.17050685172298938], [0.2650954970149476, 0.27555558679394404, 0.28098063979763227, 0.1783682762934548], [0.2760593926914898, 0.2916419013909752, 0.28338921021845326, 0.14890949559907365], [0.2792345279166466, 0.28211699107725113, 0.27312684152567274, 0.16552163938041978], [0.2760583811755468, 0.2867551679121496, 0.26873107510784644, 0.16845537570444916], [0.27480117614011257, 0.28647988400203384, 0.27065193877612465, 0.16806700098173089], [0.27822344966472295, 0.27793061550091747, 0.276023825813496, 0.16782210892086474], [0.2758459351778392, 0.28825927650187094, 0.2844018975763921, 0.15149289064387603], [0.27828967640018987, 0.2970558290478675, 0.2787833217006104, 0.14587117275130815], [0.2637782797264645, 0.2842495172566408, 0.29577400486962935, 0.15619819804727625], [0.27602270735235623, 0.2916091613852687, 0.2662572203035404, 0.16611091085883609], [0.26216330649726954, 0.28337453197790335, 0.27071802779755666, 0.18374413362724645], [0.268973553092754, 0.2857803764664379, 0.27654799427383725, 0.1686980760669614], [0.2645417579845553, 0.29869097726007204, 0.27627261557585164, 0.1604946490795235]], "ideal": "A", "sampled": "C", "correct": false}}
{"type": "result", "data": {"idx": 8, "options": ["Promotion.", "Product.", "Target market.", "Pricing."], "probs": [[0.18539778171793356, 0.25496513074284044, 0.3085167537038494, 0.2511203337353828], [0.17890279082688934, 0.25273753417696065, 0.30408261082957844, 0.26427706406658796], [0.1872292849873543, 0.26180078377634924, 0.3141384596695577, 0.23683147146674768], [0.18549682679887802, 0.2559104078487836, 0.3087247353942272, 0.24986802985812964], [0.17831196247666245, 0.2552073483572288, 0.32733068869369036, 0.23915000037242629], [0.18297562303753004, 0.2530404866671524, 0.3259026683903488, 0.23808122180496405], [0.1816326076671124, 0.25426534785627386, 0.321259598606327, 0.2428424457702792], [0.17548231699210431, 0.25078601263265493, 0.3140973089196633, 0.25963436135559176], [0.18085639379336707, 0.256645434995809, 0.31311991473301076, 0.24937825637782873], [0.17538267212577072, 0.24959437173494747, 0.307051547865256, 0.26797140817402854], [0.17540236251382144, 0.24950318858704576, 0.3212602964684598, 0.25383415233066264], [0.17623676747467779, 0.24922674649324714, 0.32293022745270167, 0.2516062584793769], [0.19211461064204557, 0.2691287657952968, 0.3068118113414399, 0.23194481212122517], [0.18981735204190867, 0.262324429113268, 0.30049564881094065, 0.2473625699338754], [0.18896342011460024, 0.260371524143907, 0.2973168572814435, 0.25334819836004085], [0.1836888115830768, 0.25374543172802, 0.2916623255764038, 0.2709034310125027], [0.18869466426028975, 0.26033892354376437, 0.309741103778131, 0.24122530831781883], [0.18576316517569313, 0.26009277221889404, 0.3121862091268778, 0.24195785337854148], [0.17928862102877588, 0.2610684910687694, 0.3214700640163853, 0.23817282378607627], [0.18556336212687716, 0.25966578180199207, 0.3195926991425887, 0.2351781568285255], [0.17884621252823146, 0.25551649437138446, 0.30346263575367494, 0.26217465724668815], [0.18139027230785193, 0.254507282764987, 0.30293642345942273, 0.26116602136773015], [0.18503049507301897, 0.26180231263001424, 0.31023005567847156, 0.24293713651850055], [0.1818335189683894, 0.26030393335143875, 0.3101934233868479, 0.24766912419334286]], "ideal": "C", "sampled": "C", "correct": true}}
{"type": "result", "data": {"idx": 9, "options": ["Classical conditioning.", "Operant conditioning.", "Social learning.", "Behavioural learning."], "probs": [[0.2722371591372512, 0.30708515802730596, 0.2653798507206157, 0.15529783201480923], [0.25579759155609044, 0.2918729649517364, 0.272640760649367, 0.1796886827428077], [0.2726610750294089, 0.30456283668612766, 0.2672725369642716, 0.15550355122020215], [0.2662756238667314, 0.2957375590511516, 0.2657713460269741, 0.17221547095516196], [0.2558608730730731, 0.292919473632886, 0.27490836039460315, 0.1763112927994178], [0.2582742983771611, 0.29849991288262334, 0.27267789546603166, 0.17054789317417804], [0.26731444400575577, 0.2992315367653477, 0.2704779468910509, 0.1629760722378404], [0.2545431053627707, 0.28499940878138136, 0.2762706534853813, 0.1841868322704815], [0.27391613725046154, 0.3006943954879561, 0.26241436582717526, 0.16297510133440513], [0.27153945746819913, 0.2939282255083683, 0.26467628894015505, 0.16985602798324897], [0.2560117108859466, 0.291102729799441, 0.2691868439339144, 0.18369871528071605], [0.26313067309497973, 0.29846430498214077, 0.2711763449799536, 0.16722867684293333], [0.27042407218463965, 0.2979374085393774, 0.2684615496198787, 0.16317696955612346], [0.26379733708866776, 0.2915528331219544, 0.2713576899544311, 0.17329213973497853], [0.2705263278104614, 0.30195284106423287, 0.26440410171005063, 0.16311672931524157], [0.26704259449531914, 0.2962615528802879, 0.2706880807324217, 0.16600777179198256], [0.2653591007477136, 0.2904408087114265, 0.2616812736345677, 0.18251881680628607], [0.26606382485327285, 0.2928432930111633, 0.2670227631053013, 0.17407011893027302], [0.26043766461496315, 0.28137116734857187, 0.2723939782573736, 0.1857971896790926], [0.2661259707365063, 0.2924293352829702, 0.2749067151447383, 0.16653797873576856], [0.2602262560993811, 0.2855551300522625, 0.2665637499709574, 0.1876548637773919], [0.2700049734106461, 0.2982535508759076, 0.27389574661053306, 0.15784572900291272], [0.27143467620741063, 0.29040483715697796, 0.25896014802203654, 0.17920033851358158], [0.27314979532179284, 0.2940631751698577, 0.26408934908016646, 0.16869768032819546]], "ideal": "A", "sampled": "C", "correct": false}}
{"type": "result", "data": {"idx": 10, "options": ["To break down large markets into smaller markets.", "To provide an opportunity to surpass competitors.", "By grouping together customers with similar needs, it provides a commercially viable method of serving these customers.", "To allow the achievement of greater market share."], "probs": [[0.23299947911171015, 0.266046396290872, 0.2918116923768024, 0.20914243212063074], [0.2158872978646512, 0.24003294851238619, 0.28862536414544604, 0.25545438937751935], [0.2515734187944401, 0.2879092951244028, 0.28512871819729346, 0.17538856778385006], [0.25147625699505055, 0.2907297375016736, 0.28894190236022577, 0.16885210304308043], [0.21439460141006503, 0.2420784984303992, 0.2922562322146829, 0.2512706678448704], [0.2402577866664065, 0.27684511197564854, 0.302171314549362, 0.18072578670859446], [0.22814163547489438, 0.2653472151756521, 0.29452972857649856, 0.2119814206729559], [0.20968336123828785, 0.23762057285073934, 0.28914408367684746, 0.2635519821341141], [0.23807475786903845, 0.2810004560423952, 0.2955589509558607, 0.18536583503271095], [0.24348667364047355, 0.289331660295607, 0.29536059527295944, 0.1718210706909632], [0.2071920251146343, 0.23316712076480797, 0.29835702156119004, 0.2612838324593778], [0.23484155958328465, 0.2704328742062897, 0.3037878431832533, 0.19093772292719455], [0.26053401721858366, 0.29807499753855304, 0.26106134983095386, 0.18032963531191873], [0.26031384957828607, 0.3015222845027955, 0.2645260215605442, 0.17363784425838477], [0.2590368539099001, 0.2914409528671415, 0.2688489968052223, 0.18067319631775766], [0.2610571808534921, 0.29663341208912, 0.2706337372783803, 0.17167566967901263], [0.2583578850543484, 0.29810382155548, 0.2699045568948395, 0.17363373639533775], [0.2576646916506575, 0.29936338990791067, 0.26944286005904644, 0.1735290582823729], [0.21248828673330422, 0.24213942872706276, 0.29036998354261234, 0.2550023008970127], [0.237106770207955, 0.27517184333935957, 0.30098011933335567, 0.1867412670193244], [0.209997867553851, 0.23622073708983968, 0.297381884893447, 0.256399510362873], [0.23978173632175726, 0.26903348638711094, 0.29971006341845996, 0.1914747137726692], [0.25236281752214873, 0.29163599192254663, 0.2918110375262015, 0.16419015292907663], [0.25595069937304954, 0.2959249524399101, 0.288277876087918, 0.15984647199913116]], "ideal": "C", "sampled": "C", "correct": true}}
{"type": "result", "data": {"idx": 11, "options": ["Repeat purchases.", "Buyphases.", "Buyclasses.", "Tenders."], "probs": [[0.2777752212364792, 0.3827335195893903, 0.22807147214748882, 0.11141978692663639], [0.2726489078950752, 0.3859036400136425, 0.2278274581682226, 0.11361999382305844], [0.2677922022219421, 0.3827798277893241, 0.23518470536605415, 0.11424326452266113], [0.27097048496560794, 0.38009148984347807, 0.23176256266641765, 0.11717546242447902], [0.2545365946090332, 0.3682772079386507, 0.2450157446853145, 0.13217045266700822], [0.2618946412418586, 0.3627040682118855, 0.2405273330907551, 0.13487395735549468], [0.2931663239732026, 0.36710130925584855, 0.23246779936241244, 0.10726456730853148], [0.2824194612838314, 0.3656328129873156, 0.23319956783422158, 0.11874815779462942], [0.2958126694736282, 0.3699943245744831, 0.23488121675310883, 0.09931178909878279], [0.284612099064096, 0.371995845025977, 0.24199174673329302, 0.10140030907662213], [0.27437363438001033, 0.3646816820653554, 0.2365089902868798, 0.12443569316774263], [0.2716338547172391, 0.36217553259738755, 0.2480679904510539, 0.11812262213432409], [0.289519576303284, 0.3651755212096086, 0.237730383627803, 0.107574518759288], [0.27899607378229563, 0.35978188638903896, 0.23893526294044948, 0.12228677678820452], [0.2969792691797538, 0.3738422089044171, 0.23226895637867007, 0.09690956543717315], [0.2872453039709284, 0.3770645807256795, 0.23730304881810657, 0.09838706638528576], [0.2718439611805373, 0.35896531822699596, 0.24168280903454986, 0.12750791145792634], [0.2665033220602018, 0.3626724136129585, 0.25404814883536686, 0.1167761153914704], [0.2538027844396352, 0.3633932347216517, 0.25210129408015364, 0.13070268665856552], [0.2589938136503734, 0.3593321247722325, 0.2482527765236685, 0.13342128495370414], [0.2674669443837958, 0.37729405691725076, 0.23645283437514888, 0.11878616422381524], [0.2608691402211804, 0.36948213958160525, 0.24842024155207149, 0.12122847854515148], [0.27064074654360387, 0.37241112876761007, 0.23828494863099434, 0.11866317595780054], [0.2535576140014843, 0.3682829142071407, 0.25576364970111054, 0.12239582199026679]], "ideal": "C", "sampled": "B", "correct": false}}
{"type": "result", "data": {"idx": 12, "options": ["Winner's curse.", "Winner's price.", "Winner's reward.", "Loss-leader pricing."], "probs": [[0.2731906454873885, 0.29609898316139877, 0.2622108348955549, 0.16849953635564008], [0.2785321154450032, 0.29484047319507284, 0.2590037401300062, 0.16762367112991228], [0.27434551026789933, 0.30433313824804503, 0.2628807428621282, 0.15844060852193323], [0.27898736395549156, 0.3009129740142399, 0.2570177674989153, 0.16308189443135743], [0.2729139393819642, 0.29630398774573835, 0.2660906349057381, 0.16469143786655582], [0.2723940521848737, 0.2974882119017085, 0.258974303015764, 0.1711434327976608], [0.2680583089165332, 0.3061207601595785, 0.25170324506540714, 0.17411768575845762], [0.273366976472117, 0.30677677660052277, 0.2504219302903566, 0.16943431653700627], [0.24988206798977966, 0.29379895589931326, 0.28238701368000496, 0.17393196233091118], [0.2467366893378846, 0.2867505752167933, 0.27533590976811084, 0.19117682557720853], [0.2606937601901615, 0.29264214263193333, 0.27219841105985626, 0.1744656860180417], [0.24615697357942556, 0.2858083738523079, 0.2702388261941379, 0.19779582627411266], [0.2643285216025126, 0.31069162090589697, 0.2577468782117951, 0.16723297917979207], [0.26970318426914697, 0.30995953498982187, 0.25359337178899444, 0.16674390885203086], [0.25260035985858614, 0.29725549818909375, 0.27777923481252514, 0.17236490703979082], [0.2508590471087614, 0.28891590495746394, 0.2711484965524927, 0.18907655128128947], [0.2569677030063555, 0.29526109059939726, 0.27286176705231624, 0.1749094392419437], [0.247317173852918, 0.28940181467362935, 0.2762801338639633, 0.18700087750949967], [0.2619180993961197, 0.29263930985902337, 0.27170979007799584, 0.17373280056685902], [0.2657660814182172, 0.29501025106694684, 0.26065042554759527, 0.1785732418672611], [0.26139518614601565, 0.28771861690044503, 0.2721663655427739, 0.17871983131077407], [0.2514103442601729, 0.2838518693804724, 0.2704844630859337, 0.19425332317340768], [0.2582199045488311, 0.29016460428574775, 0.2736303854098899, 0.17798510565553552], [0.252386574567949, 0.2867822675650149, 0.27610561669526057, 0.1847255410717641]], "ideal": "A", "sampled": "A", "correct": true}}
{"type": "result", "data": {"idx": 13, "options": ["Price bundling.", "Price elasticity.", "Price inelasticity.", "Price inflation."], "probs": [[0.29204319987675825, 0.28776531575367487, 0.24448648996113614, 0.17570499430842657], [0.2844244959896146, 0.27698881700960976, 0.2438480949762611, 0.19473859192451615], [0.2920405209548774, 0.2814115111165604, 0.2534104048745609, 0.17313756295400282], [0.2932250540701653, 0.24791749459386964, 0.24567519994148562, 0.21318225129448617], [0.2672817568721807, 0.2647481302378866, 0.2684930249309733, 0.19947708785897064], [0.2648732357902509, 0.2338803293615511, 0.27242766062110874, 0.22881877412709067], [0.2976686224646454, 0.2831141122809119, 0.2516951473747552, 0.16752211777969153], [0.28983929803257735, 0.27017512693704976, 0.2483982260546516, 0.19158734887571646], [0.30087874565513506, 0.28804085859944745, 0.23840574187288235, 0.17267465377252497], [0.30625587237187823, 0.2917057265714373, 0.2387723478915508, 0.16326605306512348], [0.2871130473035278, 0.26403979852045345, 0.2531313890365243, 0.19571576503949728], [0.2955027713200917, 0.2794884358912191, 0.2568573168977256, 0.1681514757909517], [0.31555195785183554, 0.2777700419600757, 0.24989401700381417, 0.156783983084269], [0.3247940092798084, 0.23511501357965803, 0.24215752399144058, 0.1979334530490915], [0.29843134558774914, 0.29073710824250715, 0.24243762841374147, 0.16839391765598685], [0.31065204807103075, 0.2936673738154036, 0.24292617215501325, 0.15275440585853708], [0.32336779331203463, 0.23746539897997027, 0.24108725904761716, 0.19807954856036353], [0.3137990229451587, 0.27236463110832165, 0.2590267266832487, 0.15480961916327496], [0.2638939934262844, 0.27186410666315675, 0.27072492300113854, 0.19351697680941862], [0.2630986403028574, 0.23895176193601605, 0.2767569051564877, 0.22119269250466336], [0.27709267199916143, 0.27821409009523496, 0.24885575296796641, 0.19583748483763572], [0.28617351381045614, 0.2902138152506359, 0.2493742241632689, 0.17423844667563165], [0.29029033679888455, 0.24572481685717534, 0.24762654066298384, 0.21635830558095742], [0.2787705035084568, 0.27890792575551965, 0.26531754488510173, 0.17700402575094085]], "ideal": "B", "sampled": "B", "correct": true}}
{"type": "result", "data": {"idx": 14, "options": ["Relationship marketing.", "Service mix.", "Market exchanges.", "Service failure."], "probs": [[0.3318402295623612, 0.3009170446806522, 0.2089093198240072, 0.1583334058329842], [0.32328457442941644, 0.29603550651224275, 0.21061863223513264, 0.17006128672321003], [0.336769432488972, 0.29899892700872455, 0.208933834027746, 0.15529780637455015], [0.3108602444041684, 0.2990009045970476, 0.22347659531851194, 0.16666225558026473], [0.315674094822708, 0.29453354648454855, 0.2107142831390813, 0.1790780754536758], [0.31843956450832817, 0.29826792471666613, 0.21553139246394357, 0.16776111821105386], [0.3189223215691228, 0.3004714067747079, 0.21467870655461885, 0.16592756500153916], [0.3008002826414133, 0.2965293347672649, 0.22112559328761378, 0.1815447892037072], [0.30906592486584544, 0.28208704795575035, 0.230748104944872, 0.1780989221335405], [0.2677691427806394, 0.2689060899269374, 0.2427182781817778, 0.2206064890106464], [0.28637989380344203, 0.2789489502206299, 0.23309386119540382, 0.20157729468051744], [0.26801712151807155, 0.27403460044663774, 0.23453254954394878, 0.22341572839134335], [0.3152230108825454, 0.3031210381739901, 0.21477353799954282, 0.1668824128439229], [0.2936443881406875, 0.30109543592752286, 0.22632550203728924, 0.1789346737945245], [0.3024708597731805, 0.2872180074416125, 0.22781557443409514, 0.18249555825111874], [0.27192512784568207, 0.27256986402502076, 0.2329459174174541, 0.2225590906118442], [0.2907772857046556, 0.28187912499335877, 0.23407352141841786, 0.19327006778356212], [0.27321645942303396, 0.2736129229918079, 0.22787092383986687, 0.2252996936452679], [0.2976655271184331, 0.30193857232203114, 0.21895219540410735, 0.18144370505541474], [0.3086611882290053, 0.307069052336062, 0.21589834840865593, 0.16837141092626323], [0.2819830336597858, 0.2843235435072898, 0.23211605836363727, 0.20157736436927892], [0.266584942245748, 0.27993194188036125, 0.22967400274339486, 0.22380911303048318], [0.30079945063072333, 0.28944870566210307, 0.22930858125614156, 0.1804432623510279], [0.27318538481329935, 0.2853021727503559, 0.23273048039920574, 0.20878196193712917]], "ideal": "C", "sampled": "A", "correct": false}}
{"type": "result", "data": {"idx": 15, "options": ["Search marketing.", "Internet advertising.", "Permission-based email marketing.", "Social web marketing."], "probs": [[0.2902671654180075, 0.2799406232487496, 0.28440675437190005, 0.14538545686132517], [0.2936510646891925, 0.2735538905590271, 0.2875487871662369, 0.14524625748554032], [0.2973527913449076, 0.2958147978995364, 0.2643763042873803, 0.1424561063681631], [0.3012632599192436, 0.292148803260947, 0.26584207471555793, 0.14074586200424025], [0.29728016007760094, 0.2715668543472343, 0.28116119528178596, 0.14999179019338785], [0.300495707716546, 0.277217239035762, 0.27581946037740096, 0.1464675927702875], [0.2921877737000753, 0.28381403783663256, 0.2799739371430827, 0.14402425122020446], [0.2930920846903363, 0.2761733522924914, 0.2833256896524088, 0.1474088732647849], [0.2844044014591614, 0.29850429872076495, 0.2685280377992398, 0.14856326192081992], [0.2888034838226313, 0.29239449335078704, 0.2709708786382078, 0.14783114408836198], [0.2892205793553072, 0.2774265214767076, 0.2850699883029505, 0.1482829107650471], [0.2883528348554291, 0.2772840566986867, 0.2841932565276728, 0.15016985181818532], [0.300775753860461, 0.2931295138502568, 0.25875186663005706, 0.14734286555920986], [0.30143712334867606, 0.29110300879226436, 0.2586881680643828, 0.14877169969468623], [0.2831490686582338, 0.29163008253794437, 0.26995745333580146, 0.15526339536801556], [0.28754861270704346, 0.2889408987460447, 0.2684903042488655, 0.15502018419804336], [0.30778905774889576, 0.2942774110963094, 0.2567334443422638, 0.14120008671254258], [0.29732125659387276, 0.29113659298906275, 0.26311636304673713, 0.14842578727032787], [0.2980490015578968, 0.2755088744437599, 0.28046302561100944, 0.1459790982873292], [0.29931110687636653, 0.28140357061734755, 0.2748760823182378, 0.1444092400880316], [0.29079052825315127, 0.2733773551862769, 0.28908391673752193, 0.14674819972302128], [0.28534876908895906, 0.2752645762879502, 0.2865668000964709, 0.15281985442661405], [0.3029751138241993, 0.2958127033416341, 0.2631528936406903, 0.13805928909346524], [0.29267729778375573, 0.2926024937985168, 0.2682492368384148, 0.14647097147931243]], "ideal": "C", "sampled": "C", "correct": true}}
{"type": "result", "data": {"idx": 16, "options": ["Vehicle.", "Courier.", "Transportation.", "Distribution channel."], "probs": [[0.2658441170834104, 0.2972833699538051, 0.24897502726229728, 0.18789748560047012], [0.3317560046195426, 0.31309865038057266, 0.24355680085412124, 0.11158854404576912], [0.270697332431922, 0.282594028007001, 0.2533396494411937, 0.19336899001987654], [0.3297786016918032, 0.310397305339645, 0.2430533855549412, 0.11677070731362042], [0.3310850285008153, 0.3300149465380092, 0.22332342298088503, 0.11557660188027379], [0.34225939618560786, 0.3321567562882656, 0.21754179584059447, 0.10804205158553198], [0.26092641318494125, 0.2962658533651921, 0.2560325721747044, 0.18677516117516102], [0.3199055701154228, 0.31027716408280576, 0.25537854394082143, 0.11443872176092285], [0.2643142857355358, 0.29964934678341865, 0.2480623961696712, 0.18797397121138482], [0.3125181995576651, 0.3185261427890704, 0.2464127026610303, 0.12254295489222577], [0.30706861308431854, 0.33090579549638865, 0.23255350481863254, 0.12947208650067332], [0.31419059024610674, 0.33534404232605997, 0.22427479947389828, 0.1261905678539367], [0.27283232403188096, 0.2905810366610043, 0.2437531662174092, 0.19283347298972536], [0.32711642437081323, 0.3128546192552855, 0.24025822274490688, 0.11977073352900128], [0.27070064811554156, 0.3035957171034349, 0.24088311954364025, 0.1848205151373802], [0.32221396484313547, 0.31698525653175463, 0.23938682939523695, 0.12141394912988761], [0.32450980476583474, 0.3327221971000264, 0.227123751927884, 0.11564424610623379], [0.32343616451930307, 0.3365243592595569, 0.2213140366123011, 0.118725439508851], [0.31219347937753816, 0.307947454774072, 0.24244916103338474, 0.13740990471501852], [0.3246897242321777, 0.31238443372381464, 0.23502730552867185, 0.1278985364153356], [0.30567461572100646, 0.3168122719313239, 0.23860094450060082, 0.13891216774706197], [0.3086063830398102, 0.3199887697025528, 0.23237016717002065, 0.13903467998760966], [0.313490710167445, 0.31437449086027147, 0.23945437597508187, 0.13268042289719234], [0.3110484209899004, 0.3153496849559261, 0.23493408646518435, 0.13866780748898197]], "ideal": "D", "sampled": "D", "correct": true}}
