{"type": "result", "data": {"idx": 0, "options": ["Aging is related to an increase in vaginal lubrication", "Aging is associated with an increase in the frequency and number of orgasmic contractions in both sexes", "There is no significant relationship between aging and sexual responses in either sex", "Aging is related to some loss of erectile rigidity in the male"], "probs": [[0.24120411524617597, 0.30214910888747043, 0.25103349139219183, 0.2056132843741438], [0.2425784020903865, 0.3043751139824413, 0.2554909200777945, 0.19755556374936104], [0.23332453588886176, 0.303311239616905, 0.2619690821643664, 0.2013951422298694], [0.2387584588513235, 0.29824312914595946, 0.25616216239432255, 0.20683624950838295], [0.23542390850269465, 0.29893561798570156, 0.25566054221054313, 0.2099799312010552], [0.241171814251855, 0.2942863682237213, 0.242676279963715, 0.22186553746070575], [0.24126448288246943, 0.30696180800821316, 0.24376197966379604, 0.20801172934552842], [0.24462523131053912, 0.3060462540947988, 0.24738694564747774, 0.20194156884718026], [0.2427055259919397, 0.30951599723538936, 0.25033300312686807, 0.19744547354578737], [0.24187720636904017, 0.31051281546857473, 0.257221757783293, 0.19038822027908633], [0.24364667688693598, 0.3033565287788251, 0.2457949506974513, 0.20720184353678192], [0.24230418396107264, 0.30701345736581326, 0.24786251833888887, 0.20281984023422803], [0.23003859933756793, 0.29526651198538906, 0.2578527883548301, 0.2168421002222145], [0.23388273992631664, 0.2950841444503445, 0.2532708546388005, 0.21776226088452777], [0.238008237719829, 0.30579345373331246, 0.259619084191358, 0.19657922425551325], [0.2383702352564744, 0.3100812755017227, 0.2668538709339755, 0.1846946182078114], [0.2308850787535612, 0.2923140806048016, 0.2519946833617246, 0.2248061571799328], [0.22433484277593127, 0.29946557591830175, 0.2616012408599508, 0.214598340345819], [0.2356429520968082, 0.29742158358762605, 0.2544099158310944, 0.21252554838448742], [0.23885168091404207, 0.2974592102970588, 0.2439031251573986, 0.21978598353150383], [0.24242193039115462, 0.3028693366092181, 0.25252498999066164, 0.20218374290896254], [0.23949001639760337, 0.30725800142261145, 0.2552034956097049, 0.19804848647008466], [0.23423667651666596, 0.30018833654954985, 0.2547033478068456, 0.2108716390269334], [0.22641011468619138, 0.30604256196685725, 0.266448536919594, 0.20109878632736075]], "ideal": "D", "sampled": "B", "correct": false}}
{"type": "result", "data": {"idx": 1, "options": ["\u201cBlank slates\u201d", "Less intelligent than adults", "\u201cLittle scientists\u201d", "Shaped by culture"], "probs": [[0.2838676141925551, 0.28324791274136163, 0.27411858255155963, 0.15876589041451536], [0.27152470838237314, 0.2782583491504267, 0.2908930428209475, 0.15932389954627768], [0.29389165079413593, 0.2957186687701218, 0.2738707576461681, 0.13651892268956023], [0.2899396410843856, 0.29202019677650803, 0.28533406739882666, 0.13270609464026845], [0.2671628591618844, 0.3007910452335783, 0.2835848510626205, 0.14846124444191117], [0.28110173124924753, 0.29639324863601774, 0.2757652047274399, 0.14673981528728575], [0.2679115390994511, 0.30614422861846186, 0.2708800199963969, 0.15506421218570857], [0.26255032095028286, 0.3025257529603926, 0.28387539946365636, 0.15104852652566278], [0.2711603443108977, 0.30498714105658353, 0.28048523171252204, 0.1433672828199982], [0.27600419899140466, 0.3025141423334683, 0.28388105510507483, 0.13760060347005246], [0.25252866549652214, 0.29764380686788827, 0.2914485823014535, 0.15837894523412208], [0.2681828466146344, 0.3017794041997365, 0.2811879733708213, 0.148849775714807], [0.2984722119943041, 0.31030430836634704, 0.2596271668792618, 0.13159631266009625], [0.28942251511988887, 0.3110423299116359, 0.2718558195546493, 0.12767933531382586], [0.2806978387548004, 0.2905815990560523, 0.27827303879090587, 0.15044752329822816], [0.2773989557121814, 0.2858262132593419, 0.2879614522101964, 0.14881337871830438], [0.2917921747486771, 0.30633335618737456, 0.2676338299992625, 0.1342406389647012], [0.28819759251071886, 0.2998069028953717, 0.26695965631129603, 0.1450358481826063], [0.29129849409870806, 0.31634900608129823, 0.26250427883233113, 0.12984822088768025], [0.300666047519552, 0.3191081853074122, 0.25304156148484774, 0.12718420558818427], [0.2808203004356624, 0.2997670264374642, 0.2735403692377835, 0.14587230378909888], [0.293610489239194, 0.3003135135273004, 0.2650549810813745, 0.14102101605212577], [0.30627560376509255, 0.32128215330498106, 0.2569372749288116, 0.11550496790112111], [0.2940679043836133, 0.3076261590971859, 0.26354099764421085, 0.13476493877498125]], "ideal": "C", "sampled": "D", "correct": false}}
{"type": "result", "data": {"idx": 2, "options": ["about 68% of the observed scores for the test population lie within 15 points of the mean score", "about 68% of the individuals with a given cure score will have observed scores within 15 points of the true score", "about 15% of the scores are in error (i.e., they are not measuring the trait reliably)", "differences of up to 30 points represent the same true score"], "probs": [[0.2646819395675892, 0.3146031809302641, 0.2509825157015885, 0.16973236370054673], [0.259011910639343, 0.30893776698161957, 0.2529106747534715, 0.17913964752557202], [0.25871116721071713, 0.3142432047265997, 0.2594603278313467, 0.16758530013136164], [0.25313254345193775, 0.3101662082902481, 0.2560936097215922, 0.18060763843622507], [0.2524784197003224, 0.3068101305181375, 0.2625110980428753, 0.17820035163864076], [0.2504214747683684, 0.30402953980328573, 0.2567809696989482, 0.18876801562939519], [0.2660847321190179, 0.3128244922362144, 0.2521388060196597, 0.1689519695251158], [0.25950579722408057, 0.30919119835352754, 0.2553481806893993, 0.17595482363299084], [0.25807294657167884, 0.31485409771231515, 0.2568594590960688, 0.17021349651992282], [0.2523710062884678, 0.3113597790333466, 0.26071187523423967, 0.17555733934395126], [0.25165534650453275, 0.31086017939050437, 0.25996271385068953, 0.17752176015428014], [0.2496620479239335, 0.30937525477418093, 0.25993149882175176, 0.18103119838013562], [0.2594415139345424, 0.3164615168656821, 0.24906197494329796, 0.1750349941564938], [0.254569511768448, 0.3147877955313261, 0.24750008341705906, 0.18314260918317252], [0.25699409012695024, 0.31964548064285553, 0.24698065226359212, 0.1763797768666154], [0.25041225243273524, 0.3189551247740171, 0.2516602162058959, 0.17897240648734525], [0.24971867515031065, 0.3104295142397926, 0.2504559977677513, 0.18939581274212752], [0.24721360252068889, 0.31133930899331935, 0.257977476093094, 0.18346961229289563], [0.2452937120180737, 0.3040284909055989, 0.26338045897204365, 0.18729733800428064], [0.24024281412530493, 0.3003379094136686, 0.26309896788719417, 0.19632030847383264], [0.24233243130062973, 0.3074117346934253, 0.2611442069792303, 0.1891116269267244], [0.23682300637413606, 0.3074243212172919, 0.2670158278630574, 0.18873684444551317], [0.240056276877422, 0.29991391538772805, 0.26953058861512336, 0.19049921901970857], [0.23737246005318838, 0.3012408065477904, 0.28064920961474027, 0.18073752368430362]], "ideal": "B", "sampled": "B", "correct": true}}
{"type": "result", "data": {"idx": 3, "options": ["An Apgar", "A teratogen", "Only a problem in the first 6 weeks", "A controlled substance"], "probs": [[0.2531778405664149, 0.2827669627783387, 0.2903433362023684, 0.17371186035288863], [0.25577956820064973, 0.2920115939138764, 0.2601926188719763, 0.19201621891350473], [0.2686186807780048, 0.2835360859338951, 0.26443177401792817, 0.1834134591701653], [0.26956606730627414, 0.2783646350081402, 0.260244215238147, 0.19182508234744716], [0.28221667147420004, 0.28177346686892174, 0.25362008040948003, 0.1823897811474017], [0.27573330253292877, 0.2642485675110358, 0.2745015945646691, 0.18551653529136325], [0.32611787265062414, 0.2874498762698107, 0.23104239892424774, 0.15538985205531905], [0.32722776770672846, 0.2959554690525015, 0.2154629931177694, 0.16135377002300483], [0.311559955060074, 0.29216521255429884, 0.2454628099302468, 0.15081202235537983], [0.3013120385461094, 0.2867062271236691, 0.24251207174159675, 0.1694696624886195], [0.31536250871236127, 0.2904063414480978, 0.2534812273579393, 0.1407499223816028], [0.3120706069237829, 0.27340734646910964, 0.26084584107391745, 0.15367620543316196], [0.2793535199914824, 0.31160504795946375, 0.21952842317470034, 0.1895130087743648], [0.2734760805782785, 0.30721465442771273, 0.21610348292982354, 0.20320578196419095], [0.26652499154985937, 0.31441258685920437, 0.25111162562262274, 0.16795079586829756], [0.26786120390925944, 0.3071143495302092, 0.23787985047947233, 0.18714459598107258], [0.2655403321939377, 0.30659683943234134, 0.2577125510111061, 0.17015027726260237], [0.26893120354106764, 0.30208852951031456, 0.24579447005050983, 0.18318579679809505], [0.28100134350511713, 0.3030507860021938, 0.22646891572101052, 0.18947895467167525], [0.28134193917195155, 0.28549729299530074, 0.2451057947259491, 0.18805497300679963], [0.25541083318220065, 0.3165836994130173, 0.27086548529061993, 0.15713998201414592], [0.2621180219555853, 0.29476125357742167, 0.27830446861197505, 0.16481625575502845], [0.2728442912274309, 0.2916535836020086, 0.26647955837113535, 0.16902256669942653], [0.264995972432652, 0.28914309475349603, 0.2615803125720523, 0.18428062014178354]], "ideal": "B", "sampled": "B", "correct": true}}
{"type": "result", "data": {"idx": 4, "options": ["needs analysis.", "job evaluation.", "summative evaluation.", "formative evaluation."], "probs": [[0.28609501724209535, 0.29052714881855385, 0.2598308075984008, 0.16354702624093803], [0.2868028615058772, 0.2899893374588819, 0.26420048142563834, 0.15900731950960967], [0.2895122640946594, 0.29883388264497485, 0.26252607765139624, 0.14912777550896134], [0.29486843592281337, 0.31002890532036415, 0.2612693322900585, 0.13383332636677403], [0.2861017254373033, 0.2900258344536353, 0.27352173552153186, 0.15035070448752708], [0.29075358804422163, 0.3017473056292917, 0.2718111024760705, 0.13568800375042053], [0.2741110940869955, 0.291998961728101, 0.2649655446950163, 0.16892439938987097], [0.27659786551838034, 0.29079997545614744, 0.26891076932420815, 0.16369138960124224], [0.27358746996522837, 0.2909902182941842, 0.2778845979325161, 0.15753771370806327], [0.27536909513257946, 0.2959467711352723, 0.2737962320413465, 0.15488790159077043], [0.27188470112964536, 0.2834024974631647, 0.28961827127756623, 0.1550945300296224], [0.2716705039416976, 0.2858838426817196, 0.2872064213152836, 0.15523923196128478], [0.28434619005137285, 0.306858956577483, 0.2546732723314698, 0.15412158093967818], [0.2956405660140198, 0.3176387225602454, 0.24993526936164637, 0.13678544196408846], [0.2818703199435253, 0.30120409691028965, 0.2639239464260361, 0.15300163662016278], [0.2872909657247493, 0.30929785183702935, 0.2580891103580068, 0.14532207198021982], [0.30216580700003576, 0.319032916444815, 0.24779411630772125, 0.13100716014744665], [0.2928732471026479, 0.3158602348871863, 0.2519503063170055, 0.13931621159317645], [0.2877315227008199, 0.3075520555221892, 0.2575752681410219, 0.14714115353598362], [0.2931516068189732, 0.3176017672647463, 0.25418344841272134, 0.13506317740356757], [0.28194027550707657, 0.30053891240951786, 0.26887871564401283, 0.14864209633938333], [0.2804039243124335, 0.30388989339833516, 0.2656322223797508, 0.15007395980949342], [0.30377265949538207, 0.32138669539303677, 0.2447405860344662, 0.1301000589770857], [0.29048922348168893, 0.31715829680335555, 0.2512839117028308, 0.14106856791211556]], "ideal": "A", "sampled": "C", "correct": false}}
{"type": "result", "data": {"idx": 5, "options": ["a useful strategy for helping the client understand the present.", "a way for the client to avoid coming to terms with the present.", "\"the \"\"second layer\"\" of therapy.\"", "\"a way for achieving \"\"closure\"\" near the end of therapy.\""], "probs": [[0.25789055443555314, 0.31231935245942966, 0.26552522511898463, 0.1642648678860322], [0.24274037296759945, 0.31500498556011425, 0.26038044996950194, 0.18187419140277916], [0.2571314067730338, 0.31961905430789206, 0.2576675839512864, 0.1655819548677926], [0.26960598355010323, 0.3103388091238235, 0.2603625691886973, 0.159692638037369], [0.24530985408631023, 0.3240496079080678, 0.2572085018219142, 0.17343203608370072], [0.26747110979764704, 0.31260317065030135, 0.26459127356417705, 0.15533444588785045], [0.2525146414970659, 0.3140319237802273, 0.2611185922514801, 0.17233484237122507], [0.238707062398491, 0.31353974680770974, 0.25890915244050805, 0.18884403825328802], [0.24689262503387366, 0.31770102771292447, 0.25011474353951274, 0.18529160361368507], [0.2437451206608254, 0.3070928401446949, 0.25393032902070295, 0.19523171007379345], [0.2362642877085639, 0.3169483585106696, 0.26062778406274856, 0.18615956961802488], [0.2422166753727732, 0.30544889345093856, 0.2613321615277867, 0.19100226954849883], [0.2647734976100979, 0.30746768549535475, 0.25528476102965797, 0.17247405576487523], [0.2735171449252978, 0.3052057174652164, 0.26427156480755776, 0.1570055727019209], [0.2541949196329446, 0.3039644457786927, 0.25791234744143127, 0.1839282870469441], [0.24454206048033386, 0.3020306238494393, 0.266703338232767, 0.18672397733745216], [0.2786900097757911, 0.30668551420371176, 0.27165626535065707, 0.14296821056984124], [0.24163825225174548, 0.3008412121911312, 0.2708995702934255, 0.18662096516368085], [0.25741450865547333, 0.31793195786198025, 0.2574533705132474, 0.16720016286929998], [0.2723311027074724, 0.31403512617418416, 0.26381708961468453, 0.1498166814036467], [0.24653243322737053, 0.3118154267191252, 0.2594052234717907, 0.18224691648172026], [0.2447244157310217, 0.30733560376547553, 0.26566084221234343, 0.1822791381911767], [0.2825687395124182, 0.3125178195653021, 0.2633052192679452, 0.14160822155434682], [0.24613217493419165, 0.3056950950219942, 0.266219186540963, 0.18195354340284753]], "ideal": "B", "sampled": "A", "correct": false}}
{"type": "result", "data": {"idx": 6, "options": ["the efficiency of controlled memory processes", "metamemory skills, or knowledge about memory", "recognition memory", "the amount of factual memory knowledge available"], "probs": [[0.2586194577747026, 0.30862334001243247, 0.27863717128726195, 0.15412003082562875], [0.25746419298175, 0.3103999795621447, 0.27748516479962504, 0.15465066255648913], [0.262072991581825, 0.3037724275141579, 0.2701227154133242, 0.1640318653907107], [0.25498906242654734, 0.2964504296799632, 0.2640152735046762, 0.18454523428882602], [0.2481796093834389, 0.30649319824605675, 0.2904328635654239, 0.15489432870508835], [0.24781036226950795, 0.3016207312343229, 0.2857888787219386, 0.16478002767422775], [0.2557180182823175, 0.30328511056841784, 0.2903982679549075, 0.15059860309437367], [0.2512929142481602, 0.3049480671134721, 0.2913421247677443, 0.15241689377066026], [0.2577388019150903, 0.2987142559317934, 0.2816733281654153, 0.16187361388769633], [0.2540712693789669, 0.29456734090112097, 0.2885104346313215, 0.1628509549885818], [0.24979790890916773, 0.30554905525853254, 0.2853401870956929, 0.15931284863660608], [0.2511055472469407, 0.3003983134929199, 0.2928736003226229, 0.15562253883751512], [0.25162899760192214, 0.291143921549867, 0.29217793231999883, 0.16504914842820728], [0.2454915178226166, 0.28500528222565974, 0.28237092000782343, 0.1871322798439042], [0.2552653356540965, 0.29819036816953587, 0.2809065889984946, 0.16563770707787934], [0.25327816699021455, 0.29473961671456406, 0.28550953274072777, 0.16647268345450908], [0.2419795639883572, 0.2845513586590309, 0.2789859927321878, 0.19448308452041616], [0.24484906619109995, 0.28692705386675027, 0.2957681661733983, 0.17245571366876614], [0.23962850531148366, 0.3052703862314779, 0.3002040297640302, 0.1548970785930184], [0.24277240510710854, 0.30035972216876505, 0.292349334154831, 0.16451853846930803], [0.24442364621889925, 0.30945887400991867, 0.28216069861967813, 0.16395678105150321], [0.2462212495985978, 0.3030852102877681, 0.2872527997945567, 0.16344074021907629], [0.24537037448499058, 0.2989284358211854, 0.26649195580665275, 0.18920923378717258], [0.2500401622406808, 0.29920932641415793, 0.27922655014164455, 0.17152396110350768]], "ideal": "A", "sampled": "B", "correct": false}}
{"type": "result", "data": {"idx": 7, "options": ["Parkinson's disease", "Vascular Dementia", "a right frontal lobe tumor", "Alzheimer's disease"], "probs": [[0.24466739047306302, 0.27000568324147584, 0.3121276800137639, 0.1731992461716874], [0.254658622722197, 0.2750951403769277, 0.3050102372403196, 0.1652359995605656], [0.2488258747347783, 0.275848037582568, 0.29649552635176146, 0.1788305612309097], [0.25786940060904007, 0.28782621587390006, 0.29063153078553594, 0.16367285263152953], [0.26793166606809726, 0.28247540061940835, 0.28724447913826656, 0.16234845407423307], [0.2608334784550264, 0.28664534332659924, 0.2921322273913042, 0.1603889507270629], [0.251478040011988, 0.27901447782665123, 0.29742733533073573, 0.1720801467306275], [0.2601012768195402, 0.28517965943005297, 0.2904189967355038, 0.16430006691489218], [0.24573812025689284, 0.2787603572672188, 0.29425016947309335, 0.18125135290280275], [0.2544758583508757, 0.2846893554243152, 0.29115114924357643, 0.16968363688122073], [0.2656878288321804, 0.2883216551185904, 0.28892102142098397, 0.15706949452824825], [0.2583523332678412, 0.28686049921469314, 0.2940509599980798, 0.16073620741938593], [0.245166461622688, 0.28282596778834507, 0.288568976894641, 0.18343859359429718], [0.255680861160221, 0.29857636806918436, 0.27938616621936024, 0.16635660445124115], [0.23707101675652809, 0.28302401874038347, 0.29855920764165333, 0.18134575676143314], [0.24449671888914357, 0.28689458184018973, 0.29461910407471353, 0.17398959509596856], [0.25567714416971804, 0.2985800627735679, 0.281586209014053, 0.16415658394266602], [0.24917211829348826, 0.28987304221681975, 0.2860948782641961, 0.17485996112548474], [0.2701383711464659, 0.2817434877245508, 0.28406131633708126, 0.16405682469190536], [0.26447394015813824, 0.28563234172149965, 0.28867060321766835, 0.16122311480269852], [0.2566230860682019, 0.279735260090668, 0.3035416337083216, 0.16010002003281934], [0.24806660429130598, 0.27802979711674036, 0.30867124891687975, 0.16523234957508007], [0.26139459399480786, 0.28572811751333715, 0.286822262774843, 0.16605502561698632], [0.2542449330416669, 0.28076157996624274, 0.2901769111206211, 0.17481657577147752]], "ideal": "A", "sampled": "D", "correct": false}}
{"type": "result", "data": {"idx": 8, "options": ["unethical, because the client's needs were not addressed more directly", "unethical, because the psychologist should have delayed the trip and given the client an appointment for that afternoon", "unethical, because the psychologist should have called a physician directly", "ethical, because it was not possible to determine whether or not the client was being manipulative"], "probs": [[0.24355597621445751, 0.3199498835582182, 0.2822588624341774, 0.15423527769314524], [0.24005817289717601, 0.3196078071154195, 0.28750328656013685, 0.1528307333272861], [0.24365664993334532, 0.31992444367382084, 0.27193804228556856, 0.16448086400725703], [0.23874419671294575, 0.32014581112779794, 0.2743243513613445, 0.16678564069790916], [0.24807626686351664, 0.3236039685889263, 0.2763108102901705, 0.15200895415737445], [0.24370172712717303, 0.3204563609552607, 0.2783081879057111, 0.15753372391183862], [0.26061688076912004, 0.3100943913116909, 0.28217767498907015, 0.14711105283014259], [0.24717892104133998, 0.31403696583048807, 0.2887488257137077, 0.15003528731446034], [0.262637958186228, 0.3094448575764585, 0.2746615169781679, 0.15325566715913677], [0.25173169312977045, 0.31343812953983313, 0.27715123244202683, 0.1576789447883937], [0.25549984095267053, 0.31915957343686235, 0.2765200407696604, 0.14882054474080883], [0.2598356519135007, 0.32030494468828297, 0.26985371813752573, 0.15000568516071003], [0.24420882299387703, 0.31593991737880756, 0.2752887453451954, 0.16456251418213563], [0.2368818865939702, 0.3171791422019786, 0.2781984337348971, 0.16774053736916206], [0.24808038215343103, 0.3136027489967882, 0.2810286156534874, 0.15728825309628763], [0.2430195396377395, 0.315748940870674, 0.2838615628775366, 0.15736995651404587], [0.2371039315153952, 0.32251272781341545, 0.2776752430818976, 0.16270809748931617], [0.2501800395515106, 0.3271602186227024, 0.2671603759621944, 0.1554993657636071], [0.2314018686900392, 0.31526624450355056, 0.28728132869620604, 0.16605055801019206], [0.22751514400618214, 0.3101653079275727, 0.2902557655280714, 0.17206378243815615], [0.23537483137992818, 0.3203172117614588, 0.28012722986829947, 0.16418072689032837], [0.23858249973474174, 0.32060148508399644, 0.2750242293703567, 0.1657917857109047], [0.22748949415254857, 0.31453237393202915, 0.27897113494452636, 0.17900699687088542], [0.23660185098934355, 0.3198366416334524, 0.27058524813361157, 0.17297625914359618]], "ideal": "A", "sampled": "B", "correct": false}}
{"type": "result", "data": {"idx": 9, "options": ["clarify boundaries between family members in order to reduce enmeshment.", "work initially with the most differentiated family member.", "\"use a multiple-therapist team to prevent any one therapist from becoming \"\"triangulated\"\" into the family system.\"", "\"issue specific \"\"directives\"\" designed to counteract dysfunctional processes.\""], "probs": [[0.23829035056670117, 0.3081136168587066, 0.24797608750736447, 0.20561994496721567], [0.23280007150747653, 0.30614914160028417, 0.2608032903887962, 0.2002474964034359], [0.23178368063705615, 0.31320204608192476, 0.24819809974722154, 0.20681617343379963], [0.22891184565786052, 0.3122922173540028, 0.2706326750075389, 0.18816326188057586], [0.23191683916206615, 0.3188200765188108, 0.24549767900588065, 0.20376540521324646], [0.23399243373562945, 0.3141835484910071, 0.2502677320781102, 0.20155628559524655], [0.23432430835505308, 0.3151181452112466, 0.24547177938602058, 0.20508576694769495], [0.230842820847156, 0.31054289931603635, 0.2590928180726664, 0.1995214616641395], [0.22833549632336977, 0.3090068379819878, 0.2539066824865571, 0.2087509831081055], [0.2147003774239379, 0.2951566119773679, 0.26398526506941805, 0.22615774542926534], [0.2264459388978105, 0.31469869064430156, 0.25738078168246614, 0.20147458867541904], [0.2181028520415081, 0.29830727476257984, 0.2512341558244335, 0.232355717271468], [0.2377755449877225, 0.3041440062435851, 0.2534509945290142, 0.204629454139697], [0.23050391911487775, 0.3071474879798653, 0.2740528103949501, 0.18829578241029737], [0.23636398965737046, 0.29957800572085475, 0.2542454252109433, 0.20981257931082456], [0.2212730957965038, 0.2907174491781585, 0.26419858303866495, 0.22381087188668022], [0.2251026389101524, 0.3036789340408982, 0.27890708545552756, 0.19231134149343374], [0.21742351932234263, 0.29419804959850787, 0.26817460975212726, 0.22020382122701426], [0.22830945704029626, 0.3137537664392185, 0.24787829406476297, 0.21005848235571292], [0.2244644053433292, 0.3188139107008972, 0.25808984128562246, 0.19863184257015518], [0.2264497677150703, 0.30907096036482157, 0.25591288945837787, 0.2085663823617324], [0.21617657682220365, 0.2985828716223471, 0.2559110405221406, 0.2293295109332907], [0.2164265291620232, 0.30882366962844254, 0.2815921935009078, 0.19315760760862546], [0.20967268959168678, 0.29853826199631084, 0.27226133331755187, 0.2195277149944542]], "ideal": "A", "sampled": "A", "correct": true}}
{"type": "result", "data": {"idx": 10, "options": ["A true experiment", "A cross-sequential cohort design", "A natural experiment", "A cross-sectional cohort design"], "probs": [[0.281861488535062, 0.3012935640777012, 0.2530341492659502, 0.16381079802127368], [0.28211330739447127, 0.2959145425202996, 0.2491163356054062, 0.17285581437981332], [0.2830156223323942, 0.2973161028878585, 0.2398907878101367, 0.17977748686961303], [0.269327726707895, 0.28974546311680766, 0.23414295941708, 0.20678385065821828], [0.27718947593907634, 0.28561963180599304, 0.2591015248433234, 0.17808936731160543], [0.2727139453552377, 0.2879974951238443, 0.25831131140526903, 0.1809772480156671], [0.282034432754878, 0.30708657753936647, 0.23598419997781092, 0.17489478962795668], [0.28305027849686526, 0.30638388360625446, 0.23979746309164168, 0.1707683747052455], [0.27425045234822776, 0.3090778045282659, 0.22513316752021426, 0.19153857550329073], [0.2801606769765818, 0.30788454180560243, 0.2310217157406389, 0.1809330653771697], [0.27498071288431486, 0.3032092379365879, 0.23625157226743418, 0.18555847681166818], [0.2840298347588, 0.3022304567859015, 0.24089596384478312, 0.17284374451052004], [0.27666355334056736, 0.2936519109537442, 0.24159775983145668, 0.18808677577423338], [0.2637110907978857, 0.2855925214178748, 0.23548245503973178, 0.21521393264450733], [0.2693590250132262, 0.29979218630991944, 0.24896772686656182, 0.18188106171028867], [0.2767055543728772, 0.2902561001603744, 0.24553679566177838, 0.18750154970496982], [0.25930253943118076, 0.285102407087354, 0.25418459753715283, 0.20141045584431613], [0.2698265760636686, 0.27947532976833017, 0.25539957586127937, 0.19529851820672975], [0.27131639526337864, 0.30296865549904484, 0.24395006320240392, 0.18176488593517542], [0.2683770986921729, 0.300043918745533, 0.23674246666648457, 0.1948365157958048], [0.2630357269476813, 0.3054499145373541, 0.23921321398264908, 0.19230114443230764], [0.27201951434004845, 0.305615434111911, 0.24416701248529257, 0.17819803896276606], [0.26104902341188235, 0.3039530407780195, 0.22561718461715455, 0.20938075109293694], [0.2679363646901649, 0.3069139710631003, 0.2339517175753319, 0.191197946571391]], "ideal": "B", "sampled": "B", "correct": true}}
{"type": "result", "data": {"idx": 11, "options": ["recall of words", "verbal comprehension", "verbal learning", "production of speech"], "probs": [[0.2554886777972581, 0.30107296489979507, 0.27432175257216745, 0.16911660463075953], [0.253717315882645, 0.3058886022033177, 0.275963633969224, 0.16443044784481456], [0.26202869482272206, 0.30637628736273353, 0.2586107851528185, 0.17298423256172762], [0.2586702598562752, 0.3108490282828888, 0.2684528772342454, 0.16202783452657052], [0.2571687135334377, 0.31056507438822767, 0.2645086521909021, 0.16775755978742632], [0.2569572626652891, 0.3125524138633081, 0.26869892883997565, 0.16179139453141467], [0.2595149126719258, 0.3058257437568407, 0.27320839632874755, 0.16145094714250052], [0.2607698248546355, 0.3092846254652282, 0.2722633282274736, 0.15768222135266416], [0.26980924448381766, 0.305133085596492, 0.2678649615995546, 0.15719270822013684], [0.26223249024614986, 0.3053801165102413, 0.2751981288349197, 0.15718926430868763], [0.2709668745849788, 0.3128755959882962, 0.26266908075209033, 0.15348844857465924], [0.26596353672466216, 0.31156173510370694, 0.26866639056746294, 0.1538083375041451], [0.2713136437450239, 0.3061448698577829, 0.25836286939783687, 0.1641786168993462], [0.26844853453256123, 0.3089015130654674, 0.2660064217284194, 0.156643530573523], [0.27278046642270815, 0.3024782465225676, 0.27082836084563255, 0.15391292610908286], [0.2637671163846477, 0.30251896428184927, 0.2794193363326155, 0.15429458290086287], [0.2774258530963098, 0.3115137398525453, 0.2615440021854922, 0.14951640476564923], [0.2722562171078791, 0.3105091368716883, 0.2612666611568483, 0.15596798476358312], [0.26465549684706813, 0.3080090996695141, 0.26881252674413547, 0.15852287663930606], [0.2637762002398331, 0.309337407359472, 0.2725804076605955, 0.15430598464009254], [0.26737548086891877, 0.3085437488680073, 0.2698203392397335, 0.15426043092334552], [0.26251604779371734, 0.30418142792841457, 0.2747451154685459, 0.15855740870931745], [0.2715307923377628, 0.3131793660142964, 0.26298061235835424, 0.15230922918959758], [0.26661069645295504, 0.30972478421385474, 0.2612382259430229, 0.1624262932901861]], "ideal": "D", "sampled": "D", "correct": true}}
{"type": "result", "data": {"idx": 12, "options": ["the child\u2019s intelligence.", "the child\u2019s \u201cbasic personality.\u201d", "the strength of the parent-child attachment.", "the parents\u2019 childrearing behaviors"], "probs": [[0.217809020648024, 0.29007060642738, 0.27212263309244633, 0.21999773973214806], [0.21178796359057275, 0.28357338573004554, 0.28791604865576265, 0.21672260192362205], [0.22695418095941036, 0.298593795007001, 0.2647517058460761, 0.20970031808751674], [0.24569911874950745, 0.31049351604752545, 0.27059876922219706, 0.17320859588078277], [0.21000314140864715, 0.29178280181145066, 0.2623689620768793, 0.23584509460305234], [0.227448666345904, 0.30557878107509007, 0.2605150945947208, 0.2064574578842868], [0.2228226777418705, 0.2876272911286215, 0.2669877114039996, 0.22256231962550646], [0.21229849238334142, 0.27796932931287494, 0.28330464228995383, 0.22642753591383907], [0.22612337918596445, 0.2998381294235451, 0.2682171115255886, 0.20582137976491158], [0.2386882828478605, 0.3096141309662148, 0.28662279140693897, 0.16507479467897881], [0.20790416064228576, 0.2939938993783028, 0.267469460650468, 0.23063247922893668], [0.22416665094906096, 0.31231679835980214, 0.2745689524390057, 0.18894759815213566], [0.23774252389631956, 0.2978897197002144, 0.25769304218388905, 0.20667471411957636], [0.25842651078464807, 0.30451186444907336, 0.266080059874046, 0.17098156479221605], [0.23844358790452852, 0.30273282654429723, 0.263294790083538, 0.19552879536765974], [0.2514466960537868, 0.3085336236746585, 0.28161968934099885, 0.15839999083057427], [0.26038332334304665, 0.31893451146705004, 0.24146864499959492, 0.17921352009032485], [0.25576785524398066, 0.3199545571268016, 0.25483348748607987, 0.1694441000431373], [0.21700869344933688, 0.28670238216980043, 0.25872667267630256, 0.23756225160455452], [0.2400619077617162, 0.3012951245768159, 0.25598006515254174, 0.20266290240894916], [0.22111046389232913, 0.29007617022403626, 0.26429148930026897, 0.22452187648336214], [0.23996913688233867, 0.303548921931128, 0.272893505609086, 0.18358843547744028], [0.2509182774518252, 0.309218108691796, 0.25032842454317505, 0.18953518921320278], [0.24770929814815243, 0.3096716084262625, 0.26632290441688033, 0.17629618890871093]], "ideal": "D", "sampled": "C", "correct": false}}
{"type": "result", "data": {"idx": 13, "options": ["is nonresponsive to visual or auditory stimuli and seems to be in a state of deep sleep.", "is confused and incoherent, may exhibit bizarre behavior, and is unable to care for him/herself.", "is alert and oriented and can remember and integrate remote and recent events but may have some impairment in judgment, planning, and abstract reasoning.", "is functioning at an intellectual level that is superior for his/her age, education, and demographic background."], "probs": [[0.1977934413572674, 0.3102283059210791, 0.2842166894208462, 0.20776156320081723], [0.19185632467384214, 0.3181279430531879, 0.2925907136079317, 0.19742501856502198], [0.2116011751217666, 0.3173082561482868, 0.2859297517124562, 0.18516081691750444], [0.2335028296908983, 0.32563461608787675, 0.28964630565598687, 0.1512162484652471], [0.18926813844689208, 0.3178402379877839, 0.2967107322371771, 0.1961808912281463], [0.22081882377211942, 0.3244530244666062, 0.29310622094341476, 0.16162193071785774], [0.19767215090419682, 0.3153638277114475, 0.2810396167970674, 0.20592440448729124], [0.18777897938806556, 0.32929452449627755, 0.28885493807052837, 0.1940715579451286], [0.20967276595666895, 0.3219990075908832, 0.27936244668425864, 0.1889657796681813], [0.24095502032909252, 0.32759450967300136, 0.27473379937295933, 0.15671667052495564], [0.18753527749210278, 0.33124615632002297, 0.29080911393335784, 0.19040945215451915], [0.22644240264513518, 0.32470913382431044, 0.2818512569115101, 0.16699720651903457], [0.2205268681974845, 0.33098577947865626, 0.28397637774604123, 0.16451097447783136], [0.23900966107764202, 0.33394161472432854, 0.2872003784575016, 0.13984834564053497], [0.21725424101237104, 0.3344499151321645, 0.28107607173846144, 0.16721977201700405], [0.2405017027949897, 0.3356895850555312, 0.27867774936628287, 0.1451309626832012], [0.2399898540968078, 0.3334469658755755, 0.2957561927769376, 0.1308069871506911], [0.2438643620435059, 0.3299824506756216, 0.2927890597763223, 0.13336412740458137], [0.1831779515945292, 0.3127457521079721, 0.3089694254819684, 0.19510687071551727], [0.22579812657623738, 0.3122028556062693, 0.29990964376630613, 0.1620893739511921], [0.18398657056767725, 0.31975877496669786, 0.30987206866185524, 0.18638258570377844], [0.22878684452818046, 0.31301577002972103, 0.2945987853664317, 0.1635985999756487], [0.24049790662727302, 0.3159119893119214, 0.29064862033511296, 0.15294148362568244], [0.2455048430595244, 0.31273078410129196, 0.28820695613009084, 0.1535574166090885]], "ideal": "B", "sampled": "C", "correct": false}}
{"type": "result", "data": {"idx": 14, "options": ["decline the request to testify.", "agree to testify only if she obtains consent from both parents.", "agree to testify only if she can evaluate all of the involved parties.", "agree to testify only if her familiarity with the child won''t bias her testimony."], "probs": [[0.23596905654508588, 0.283283322635266, 0.2751399881225191, 0.20560763259712428], [0.23850765581688987, 0.2847183114761032, 0.2738764908600376, 0.2028975417469695], [0.23349629723008966, 0.28104994312484943, 0.27118771347711434, 0.21426604606795333], [0.24331447774718157, 0.2896355449463656, 0.2736676881014479, 0.19338228910499733], [0.24107450432561117, 0.2864223660331994, 0.2623859824690474, 0.21011714707215004], [0.24380433660618533, 0.29378449979704896, 0.2678037701104364, 0.19460739338632743], [0.23756029401324263, 0.29672701432167714, 0.2717140792712582, 0.19399861229381551], [0.24401145563712442, 0.29693905331418685, 0.2714308466208215, 0.1876186443278661], [0.24309351966831905, 0.3041897470307125, 0.2633045563057295, 0.189412176895267], [0.24610485535172322, 0.30621887958301486, 0.2802379764518539, 0.1674382885134055], [0.24938730045435112, 0.309147198525691, 0.25260790661173077, 0.188857594308233], [0.2474220758168648, 0.3100875168468416, 0.2711585735374125, 0.17133183369889401], [0.23725547824282792, 0.28834726987825454, 0.27286650516439903, 0.20153074661453696], [0.24777770835812268, 0.29445262612449447, 0.2743341229772762, 0.18343554244012306], [0.2421097033494197, 0.29626582747893154, 0.266860003020719, 0.19476446605091602], [0.24750987070958086, 0.30115391665484753, 0.2825093949649435, 0.16882681757060794], [0.25306330489908446, 0.3101251593714647, 0.25530072083484084, 0.1815108147946164], [0.24934642881646485, 0.30506648502170763, 0.27199219551165227, 0.1735948905501561], [0.24535792859690697, 0.2952183130311694, 0.25871730093226103, 0.20070645733967277], [0.24735253190271814, 0.3028277648142778, 0.26193387240132243, 0.187885830781679], [0.24746261693806154, 0.3025807515739496, 0.2533723292553357, 0.19658430213265263], [0.24919447399773118, 0.30502361140579576, 0.27098146608024937, 0.17480044841622014], [0.25358770560502936, 0.3123595799993531, 0.25264209491013817, 0.18141061938547484], [0.25139850483475584, 0.30551424109071174, 0.26951314241382535, 0.17357411156070274]], "ideal": "A", "sampled": "D", "correct": false}}
{"type": "result", "data": {"idx": 15, "options": ["goals serve 2 purposes: they are a basis for motivation and they direct behaviors", "goal attainment is maximized when goals are specific and highly difficult", "goal attainment is maximized when frequent feedback is given", "worker participation in goal-setting is also good"], "probs": [[0.27028169995149665, 0.302650176269123, 0.22584533949229535, 0.2012227841870981], [0.27147059024168235, 0.301905861078623, 0.22874863177631763, 0.19787491680337874], [0.2663644969769791, 0.2989851361693598, 0.23110448238538595, 0.2035458843682811], [0.26532687443166486, 0.29087444672429325, 0.23299228575665348, 0.210806392987389], [0.26805195136925575, 0.2960335012488197, 0.2292328886040179, 0.20668165867790483], [0.2635527325671146, 0.28663814623577055, 0.23122643209267835, 0.21858268900446726], [0.26367922456486365, 0.28578321890195574, 0.23415796166769984, 0.2163795947654863], [0.2660599100541586, 0.28304725084083987, 0.23458841527573474, 0.2163044237292752], [0.2553593823508263, 0.28798681013967337, 0.24639616223985225, 0.2102576451696442], [0.2536189595946709, 0.2855137677992565, 0.23853332606250516, 0.22233394644358045], [0.25848697734284887, 0.28499832160074207, 0.24045021339605638, 0.2160644875603584], [0.25124096722592776, 0.28680447293756833, 0.23552745338145695, 0.22642710635503743], [0.26049329230171403, 0.2867653562574753, 0.23574928107160617, 0.2169920702692026], [0.2611679587879354, 0.2742543487503182, 0.23776243115256443, 0.22681526120917594], [0.25336494183273284, 0.29014918766225795, 0.24270064072064287, 0.21378522968437455], [0.25189923989742286, 0.28844512631221275, 0.2347452915683809, 0.22491034212199612], [0.25041423857591305, 0.27743148935465495, 0.24362237079149138, 0.22853190117792951], [0.2454551544719498, 0.2887224698932881, 0.23818898057802199, 0.22763339495674165], [0.2670368650923688, 0.28597425153422174, 0.2393609069908823, 0.20762797628253202], [0.26364550477272114, 0.27549771482266583, 0.24220107837285546, 0.218655701931746], [0.2575056450776663, 0.28744001143431497, 0.24461781020231294, 0.21043653318570668], [0.25462984153138835, 0.2852956575191207, 0.23355057990489067, 0.22652392094460044], [0.2544745745893373, 0.27683904543136456, 0.246595070905658, 0.22209130897366422], [0.2514445188619658, 0.28505482659823117, 0.23819719462679814, 0.22530345981300076]], "ideal": "B", "sampled": "A", "correct": false}}
