{"type": "result", "data": {"idx": 0, "options": ["Cerebral infarction during the hospitalization", "Complication of the IVC filter placement", "Compression of the lateral femoral cutaneous nerve", "Hematoma of the left thigh"], "probs": [[0.23114467935147615, 0.25002974878533757, 0.24713797364609355, 0.2716875981170722], [0.23487604253124705, 0.2532657019504029, 0.2441462685212835, 0.2677119868970714], [0.22781823008993551, 0.25085384652860093, 0.25431465518603474, 0.26701326809542064], [0.23118066686207236, 0.255434786469886, 0.25474179800188407, 0.2586427485661712], [0.22791579551662813, 0.2520462561983503, 0.23571631944088597, 0.2843216287441378], [0.22867363725120113, 0.251834374527725, 0.24246423289100652, 0.27702775523005535], [0.23185094865510758, 0.2506082562374424, 0.23831425821110488, 0.2792265367963393], [0.2364366620084541, 0.2522564865748312, 0.2353245312555517, 0.275982320061182], [0.2344730417319381, 0.25188787481618496, 0.25364488323462536, 0.25999420011722546], [0.2340192456367425, 0.25643802707963226, 0.2591711787826886, 0.2503715484009439], [0.23432604980680838, 0.24868325605725922, 0.23748485217520077, 0.2795058418607167], [0.232067404400356, 0.2503341529013229, 0.24573331441127563, 0.2718651281870516], [0.23466183914489755, 0.2598894320624279, 0.23965691696783925, 0.26579181172482874], [0.23829598278437, 0.2640119824992817, 0.24219340297075725, 0.2554986316455943], [0.2426014728980543, 0.26013000662357116, 0.24466596743047792, 0.25260255294789524], [0.2428752730888236, 0.2645608016549825, 0.2514153058028237, 0.24114861935335494], [0.2402816934246438, 0.2608666858621952, 0.24380858390774893, 0.2550430367054063], [0.23707729518054968, 0.26156703125267683, 0.24561113659557593, 0.25574453687120446], [0.23289423111440913, 0.24554380469995507, 0.23825311385833642, 0.28330885022731367], [0.23319304034561897, 0.24939083315598554, 0.2462524228724619, 0.27116370352592256], [0.24061742276516246, 0.24642538471879233, 0.24109219649216443, 0.2718649959238885], [0.23856758209142345, 0.24963224487567062, 0.24942850276861134, 0.262371670164288], [0.23685631736319124, 0.24987714510684592, 0.25724593360331677, 0.25602060382663816], [0.23368056517729457, 0.24987663861857076, 0.2601774758057052, 0.2562653202984217]], "ideal": "C", "sampled": "C", "correct": true}}
{"type": "result", "data": {"idx": 1, "options": ["Braxton Hicks contractions", "lower uterine retraction ring", "hypotonic uterine dysfunction", "primary dysfunctional labor"], "probs": [[0.25600422797906264, 0.2395979389549054, 0.21543462524316695, 0.28896320772285633], [0.26040022961811915, 0.24778196129635635, 0.222885920824629, 0.26893188816088537], [0.262142919415764, 0.23498622352328916, 0.22730763264563889, 0.2755632243152883], [0.26695884352645183, 0.23688446400650087, 0.22994151294395276, 0.2662151794230977], [0.26256895267465924, 0.2525117759922511, 0.22969677020844187, 0.25522250102465344], [0.2618010555622065, 0.24613278194510962, 0.2261279131179559, 0.26593824927474585], [0.26330043569786976, 0.2276022831112482, 0.21797117202891467, 0.2911261090619709], [0.2672403366238792, 0.23605737357161732, 0.22508235257363, 0.2716199371308647], [0.26678553347278416, 0.23009960738616336, 0.22120003553300094, 0.2819148235080321], [0.27701045652513, 0.2503451887177834, 0.22264079296254716, 0.25000356169452986], [0.2711177198884642, 0.23272966237202253, 0.22407758928630217, 0.2720750283532175], [0.27404832821244657, 0.2475046601025902, 0.22078099410862104, 0.2576660174763467], [0.265320687076436, 0.23388549056451705, 0.22034427878483415, 0.28044954347419304], [0.2701697045762768, 0.2388652421998592, 0.22276239475618867, 0.2682026583676676], [0.267731217636133, 0.23715254760271118, 0.21274588109743875, 0.2823703535637122], [0.27627894237033007, 0.25938010903613345, 0.21519101955167663, 0.24914992894185228], [0.27896428945870555, 0.24008538685518466, 0.22373844412530242, 0.2572118794608022], [0.28022328378498085, 0.25843448794445417, 0.2235214428211701, 0.23782078534937565], [0.26766535754860804, 0.24820664184104682, 0.22234190290373998, 0.26178609760662075], [0.2667513599816012, 0.24240589889561326, 0.21702263440498287, 0.2738201066177943], [0.26864338147445105, 0.24686269689536558, 0.21318452447815622, 0.2713093970520444], [0.2718513726658395, 0.2634991150872064, 0.20893702823759944, 0.25571248390935847], [0.2708709806330928, 0.24213169252291503, 0.22517809509064138, 0.2618192316533553], [0.2740157301724111, 0.2610254874268398, 0.22356323737732206, 0.24139554492344262]], "ideal": "C", "sampled": "D", "correct": false}}
{"type": "result", "data": {"idx": 2, "options": ["The findings are clinically and statistically significant", "The findings are clinically insignificant but statistically significant", "The findings are clinically significant but statistically insignificant", "The findings are neither clinically nor statistically significant"], "probs": [[0.3087306836285737, 0.2868501089008086, 0.23537559898139532, 0.16904360838919863], [0.31362435739350264, 0.28269454200608146, 0.23537089305214678, 0.16831020744824476], [0.3130209978101576, 0.2874731671446833, 0.23822114895155796, 0.1612846859936167], [0.3049952108087991, 0.28360128192893186, 0.24081163605692546, 0.1705918711053451], [0.3030401134858331, 0.28188803057081996, 0.2343353884694233, 0.18073646737393181], [0.30674734281279387, 0.28461074981697304, 0.2332626617802603, 0.17537924548996678], [0.29981281005360616, 0.29334417971113097, 0.23077709737110627, 0.17606591276417172], [0.3052296294701818, 0.2906942380645277, 0.2342219834060167, 0.16985414895927242], [0.28176580140648383, 0.2828753014423151, 0.24900556869489904, 0.18635332835630025], [0.2712621413120442, 0.2599173493358032, 0.2433702929080829, 0.2254502163440634], [0.2807947973273005, 0.27798964842318175, 0.2516887697112188, 0.18952678443829768], [0.2694847602490497, 0.26010037170481315, 0.23927956040667842, 0.2311353075394778], [0.2912609161523635, 0.29945616509084255, 0.23382956897928298, 0.1754533496775216], [0.28833118000302643, 0.2940809061761677, 0.23541527128827497, 0.1821726424325408], [0.282537778729798, 0.2892608775708751, 0.2441476456212639, 0.1840536979780516], [0.27290995105197197, 0.26937730277942545, 0.23964668270727787, 0.218066063361345], [0.27101955566779606, 0.282386999955668, 0.2504685820574329, 0.196124862219103], [0.27102162439504457, 0.2716446286296467, 0.23946072579386854, 0.21787302108143747], [0.27765954603237536, 0.2978039736367861, 0.23363721240175878, 0.19089926782907757], [0.281326476086045, 0.2985391452497267, 0.23070441472901004, 0.1894299638352139], [0.26826767294762394, 0.2859765795753239, 0.2526074372102153, 0.19314831016686304], [0.25904418984006305, 0.2679760533996342, 0.24215119565339444, 0.23082856100690707], [0.26176671715772515, 0.2848584436145898, 0.255633832344316, 0.19774100678336054], [0.259472298853333, 0.2683984174776312, 0.24343627258965786, 0.22869301097940103]], "ideal": "B", "sampled": "A", "correct": false}}
{"type": "result", "data": {"idx": 3, "options": ["Atrial fibrillation", "Cor pulmonale", "Systemic hypertension", "Tricuspid valve regurgitation"], "probs": [[0.21398769754106736, 0.26034799349250015, 0.2745615303682633, 0.2511027784981757], [0.220271804066983, 0.26187894680286183, 0.2734025087381198, 0.24444674029201663], [0.2161138216962766, 0.2540617867064771, 0.28635529388953795, 0.24346909760768923], [0.21227623904943455, 0.25204690702081295, 0.2826185700271791, 0.2530582838025787], [0.22339119633885476, 0.26840877981925193, 0.2694304600378902, 0.23876956370400926], [0.2160888154509981, 0.26135908442791206, 0.26799683071698677, 0.2545552693040969], [0.2173776519636058, 0.2637362892504691, 0.2730639880256347, 0.24582207066030715], [0.22241298845370577, 0.2623042743338683, 0.27284954357011637, 0.24243319354231385], [0.21349658745659134, 0.2625483474385785, 0.275049713083901, 0.24890535192093238], [0.21535652355357499, 0.2581855143975768, 0.27141632839857355, 0.255041633550266], [0.221681066578636, 0.2737815266616628, 0.259905688858905, 0.24463171780080137], [0.2194558493042986, 0.26666839487813415, 0.25767506081268865, 0.2562006949048957], [0.2112961096216881, 0.25277901598327396, 0.2850648627013207, 0.25086001159372173], [0.20821847239739527, 0.2520163047867532, 0.28087570751485635, 0.2588895152010122], [0.20695347160593155, 0.2655428532531118, 0.26925246522794816, 0.2582512098129876], [0.2083696808511519, 0.2623054547151544, 0.2655200512982795, 0.263804813035418], [0.20827005432627868, 0.26233533403376097, 0.2692199526227706, 0.2601746589171839], [0.21056619258982015, 0.26181675112918784, 0.270895851995172, 0.25672120418582456], [0.22182887878037427, 0.2672220724762279, 0.2706855650065988, 0.24026348363679084], [0.21550299713617124, 0.26481152970078264, 0.2687645776871037, 0.25092089537592255], [0.21965953713872166, 0.27702460970175535, 0.2572806790899812, 0.24603517396952151], [0.2174072543409631, 0.27231828374018113, 0.25550795538189885, 0.2547665064369613], [0.21237174887083837, 0.2595864879610339, 0.2735498008900765, 0.2544919621780676], [0.21621177607742637, 0.25818541034494386, 0.2755695661920525, 0.2500332472855688]], "ideal": "C", "sampled": "B", "correct": false}}
{"type": "result", "data": {"idx": 4, "options": ["Median nerve at the wrist", "Musculocutaneous nerve at the forearm", "Radial nerve at the forearm", "Ulnar nerve at the elbow"], "probs": [[0.23664283677191733, 0.25638025129647124, 0.24201004046433533, 0.264966871367293], [0.23288647404011967, 0.2598307052376275, 0.24301584706924653, 0.26426697355301004], [0.23667150235206968, 0.25445781248573074, 0.24460405195802246, 0.2642666331041816], [0.23444534218171262, 0.2527168319312103, 0.24274264953840616, 0.2700951762486876], [0.23383595847458497, 0.25882240058437583, 0.2374909266206328, 0.2698507142204224], [0.23337568455866126, 0.2532366460251846, 0.2356887219344748, 0.27769894738168366], [0.2407032999435554, 0.2691087145215282, 0.23373660096563087, 0.25645138446929083], [0.2374352765237711, 0.27207345198225374, 0.23400831564708366, 0.256482955746883], [0.2423836209752071, 0.268831727904189, 0.2357841834715389, 0.25300046754908284], [0.2391455095282663, 0.2710965957296684, 0.23400810891972415, 0.2557497857223327], [0.23841296496372585, 0.2706075632837192, 0.23498575016636905, 0.2559937214861787], [0.2371916551283844, 0.27036366538266327, 0.23474087168146193, 0.25770380770748236], [0.23917330155214514, 0.26062614878222395, 0.2378238840284884, 0.26237666553712274], [0.23645769642252878, 0.2588843504164189, 0.23620680125613958, 0.26845115180490514], [0.23816687122140207, 0.26450230660866453, 0.23742974464886754, 0.25990107742105834], [0.2348409784239702, 0.2676462664237414, 0.23617811842002187, 0.2613346366322688], [0.23701088783120083, 0.25808898445000794, 0.23309600617404524, 0.27180412144476296], [0.23655198488592133, 0.26276121432183447, 0.23397876190189082, 0.2667080387903568], [0.2376504307764434, 0.26227324776872263, 0.23483318451142263, 0.2652431368434144], [0.23780129310528286, 0.25644250197588603, 0.233641396320448, 0.2721148084983752], [0.23703892045151703, 0.26471526971614867, 0.24008556051967894, 0.258160249212659], [0.2378938106481193, 0.26373922618289564, 0.23923005364811734, 0.2591369094208702], [0.2380162256704243, 0.25860878053067643, 0.23715503619434236, 0.2662199575045613], [0.23701102051681724, 0.26443903800691304, 0.23651434796669057, 0.2620355934095937]], "ideal": "D", "sampled": "B", "correct": false}}
{"type": "result", "data": {"idx": 5, "options": ["Fatty acid oxidation", "Fatty acid synthesis", "Gluconeogenesis", "Glycogenolysis"], "probs": [[0.2630509600010605, 0.25396659749354833, 0.25668993354805814, 0.22629250885734398], [0.2684578351332798, 0.2530205106341491, 0.25158999182684416, 0.22693166230572642], [0.25990840013105637, 0.253020023753535, 0.2554997724917909, 0.2315718035236171], [0.2618640734631709, 0.2549760257129913, 0.2537882503989281, 0.22937165032490683], [0.2669602053709551, 0.2542101630578352, 0.24423195199224793, 0.23459767947897334], [0.2669604808355917, 0.25665381991845965, 0.24520911969030357, 0.23117657945565484], [0.2618625700082736, 0.25302063560548443, 0.25549961021693635, 0.22961718406930484], [0.26717115007419356, 0.2522266208872323, 0.2503074560667653, 0.23029477287183295], [0.2598762422874342, 0.2525012844612254, 0.2542470894602406, 0.23337538369111088], [0.2636051494564917, 0.25451844745147295, 0.2530869492572782, 0.2287894537347423], [0.2677249730317737, 0.25497415525264316, 0.24279673743721536, 0.23450413417836716], [0.2674482145847408, 0.2566530597587383, 0.24472071023917008, 0.23117801531736157], [0.26012140269197576, 0.2510356276652846, 0.2508279895877717, 0.2380149799549798], [0.2618317955307289, 0.25274704248773155, 0.25107069811657096, 0.23435046376497787], [0.2601528243920832, 0.24862462253201278, 0.25207964386410686, 0.23914290911179606], [0.2618626981170992, 0.25106878978646713, 0.25500967560469573, 0.23205883639173472], [0.2628736350230816, 0.2510988726754326, 0.24697885639655826, 0.23904863580491248], [0.2637861378000777, 0.24871696424871262, 0.2461855791019995, 0.24131131874922054], [0.2662923961616552, 0.25085302358130174, 0.24368081755251114, 0.2391737626045189], [0.26479433039137373, 0.2539997359154617, 0.24707071686008555, 0.23413521673307502], [0.2669594362136794, 0.2489607585775223, 0.24386571931899315, 0.24021408578981618], [0.26549367605747953, 0.2520147936738603, 0.24948314131471755, 0.2330083888539518], [0.2616514041883791, 0.24963407490339617, 0.25039862327520723, 0.23831589753300195], [0.2625641365244714, 0.24774089090284795, 0.24948290550689364, 0.2402120669657967]], "ideal": "A", "sampled": "D", "correct": false}}
{"type": "result", "data": {"idx": 6, "options": ["Reassurance", "Assess for suicidal ideation", "Begin dextroamphetamine therapy", "Increase oxycodone dosage"], "probs": [[0.2443468357140837, 0.2500245293185879, 0.24053730645492183, 0.2650913284123983], [0.23723147886173984, 0.2530489054823471, 0.24832731584163573, 0.26139229971428096], [0.24752332781771302, 0.24916713096934953, 0.25556400362993525, 0.2477455374830006], [0.2409897370468251, 0.24556964587727767, 0.25110427350361636, 0.26233634347229634], [0.23710955312908175, 0.25744453297337644, 0.25309087733589747, 0.25235503646164953], [0.23714072912482978, 0.24795061320256157, 0.24102448054575132, 0.27388417702684426], [0.2478596707135965, 0.25084750730384775, 0.244783623507874, 0.25650919837468655], [0.24144780683325248, 0.25371836036373524, 0.2532738398595862, 0.25155999284345537], [0.2502116954353663, 0.2457494901240596, 0.25336706947169185, 0.2506717448688777], [0.2516517620848603, 0.2466893242380013, 0.2483270216971895, 0.2533318918799634], [0.24004168754286986, 0.2523152739407103, 0.25162640156013927, 0.2560166368562861], [0.25021776956848923, 0.24598695370810936, 0.2379705769109484, 0.26582469971245115], [0.2536610922059428, 0.2531095228564659, 0.25046196613248506, 0.24276741870508686], [0.24685099955610657, 0.25082319502181627, 0.24585106714014743, 0.25647473818194116], [0.254605903628668, 0.2452646229014227, 0.25409885901093826, 0.24603061435896167], [0.2558003038122069, 0.245960918259253, 0.24710403491484903, 0.2511347429136998], [0.24773440114638207, 0.24511658511977785, 0.2528431897070678, 0.2543058239267685], [0.2577545786261964, 0.25011321094074945, 0.24697954094491892, 0.24515266938814237], [0.24434517849745313, 0.2577198501557768, 0.24982334920681903, 0.24811162203994397], [0.2439512566927551, 0.2498736976423951, 0.23891907135415175, 0.26725597421069797], [0.24257427215292784, 0.253752063032721, 0.250376079359451, 0.253297585354915], [0.252903137947094, 0.24684406794609892, 0.23736092301015876, 0.262891870996644], [0.24367632146573667, 0.24264183352842955, 0.25843234608409676, 0.25524949882174947], [0.2558343746175276, 0.24586712670191882, 0.25360810557286795, 0.24469039300768397]], "ideal": "B", "sampled": "B", "correct": true}}
{"type": "result", "data": {"idx": 7, "options": ["Defect in thyroxine (T4) biosynthesis", "Graves' disease", "Multinodular goiter", "Riedel's thyroiditis"], "probs": [[0.2433855431749492, 0.2625322008265918, 0.24740698745973205, 0.24667526843871712], [0.24231651480378824, 0.26525053671271287, 0.24560479534680185, 0.2468281530366749], [0.24430404291438185, 0.2680814961759313, 0.24331858239046997, 0.24429587841923334], [0.2395718772014541, 0.2651842875000265, 0.240049889699347, 0.2551939454991759], [0.24140336298325604, 0.2666492229960851, 0.24908665236896418, 0.2428607615516984], [0.23883940782159585, 0.2595677246464381, 0.24566677460146363, 0.2559260928305066], [0.2523014383260486, 0.2539841207176118, 0.24789438179031625, 0.24582005906601365], [0.25101928785214456, 0.25880504826875844, 0.24612423876119816, 0.2440514250179131], [0.25593372971324174, 0.2659175170248633, 0.23370069413427552, 0.24444805902762165], [0.2537065664884164, 0.26588391432696695, 0.23123015454478632, 0.249179364539845], [0.2552014212005824, 0.2666501207949584, 0.23834027529282936, 0.23980818261163223], [0.25499009724331195, 0.2632629685278427, 0.2375143771920663, 0.2442325569367698], [0.24610447977074743, 0.2512053905428822, 0.251466683882319, 0.2512234457040793], [0.2429908001243031, 0.24711512629332047, 0.24737481513992376, 0.262519258342456], [0.25181232548118626, 0.2588681331602152, 0.24276643501348175, 0.24655310624510765], [0.2505623500894173, 0.2600560835949507, 0.24066081589677876, 0.24872075031885674], [0.24967605660432454, 0.2578266821808732, 0.23782219944905644, 0.2546750616657621], [0.2499523186351222, 0.2620083666185099, 0.24053853210113088, 0.247500782545242], [0.2408507574499119, 0.2537696637061557, 0.2528109015098599, 0.2525686772340516], [0.23926389545920962, 0.24302242032620477, 0.250000476907328, 0.26771320720723757], [0.24872915700606882, 0.2622543783681338, 0.2405390085730012, 0.24847745595279988], [0.24851702554627325, 0.262529735315124, 0.24069056626582339, 0.24826267277277156], [0.24619555884785765, 0.26252879124122847, 0.2296992951572628, 0.2615763546536433], [0.24628944659253327, 0.2725077322603985, 0.23467872225507586, 0.2465240987919972]], "ideal": "C", "sampled": "B", "correct": false}}
{"type": "result", "data": {"idx": 8, "options": ["Inferior deep cervical", "Parotid", "Retropharyngeal", "Submental"], "probs": [[0.27457093370817026, 0.2615777682361185, 0.2375437504192387, 0.22630754753645915], [0.2716382990805705, 0.2640215209828198, 0.24047567408426848, 0.22386450575232608], [0.27380449142073854, 0.2693601669813861, 0.22908921000159574, 0.22774613149627906], [0.274990799398805, 0.2681077868917789, 0.23296764465069825, 0.22393376895872757], [0.27010700317935127, 0.26761898895835723, 0.23235916800760137, 0.2299148397546998], [0.2735600078763612, 0.265941682338727, 0.23592680773575955, 0.22457150194915046], [0.2703502943905863, 0.26200250702768535, 0.2379753522263345, 0.22967184625540485], [0.26650687742537843, 0.2669527897240421, 0.2407211641599383, 0.2258191685906255], [0.2679416471208908, 0.2595932294943691, 0.2465514347158245, 0.22591368856891336], [0.2620786553761901, 0.25934810312539963, 0.24411095397844917, 0.23446228741995878], [0.26302541349880476, 0.2629806539588586, 0.24298064919286486, 0.23101328324947967], [0.26012540680169444, 0.2642319213018804, 0.23849339661452318, 0.23714927518189924], [0.272094421873197, 0.2617903396284916, 0.23202001065806216, 0.23409522774024819], [0.27157183074252644, 0.26224789629999445, 0.2350435467345288, 0.23113672612296013], [0.2686433983471241, 0.25931718457367203, 0.2456656086890247, 0.22637380829018944], [0.2620806675796095, 0.25788250065401713, 0.24325531745310683, 0.23678151421326432], [0.27045143930580684, 0.2555042608828755, 0.24392287011908564, 0.2301214295922045], [0.26305693502285576, 0.25446326786647283, 0.23763827725159944, 0.24484151975907], [0.26588980927378114, 0.26120627314637773, 0.24060349287869498, 0.2323004246011796], [0.26916299953277395, 0.25983609911277544, 0.24325420104763934, 0.22774670020680907], [0.259638348294427, 0.26203545509982473, 0.24984868689218148, 0.2284775096135623], [0.25841651711392505, 0.26007970645919004, 0.24459868781850938, 0.23690508850837308], [0.2647349877306783, 0.2624911405649718, 0.24932897351377653, 0.22344489809058266], [0.259913520862751, 0.2632856983001812, 0.2445074246914223, 0.23229335604563173]], "ideal": "D", "sampled": "A", "correct": false}}
{"type": "result", "data": {"idx": 9, "options": ["Carbonic anhydrase inhibitor", "Na+ \u2013Cl\u2212 symport inhibitor", "Na+ \u2013K + \u20132Cl\u2212 symport inhibitor", "Osmotic diuretic"], "probs": [[0.2550010376912417, 0.2405430387562727, 0.2345806080368294, 0.2698753154156562], [0.24804043113279348, 0.22137328365638745, 0.22969704047732944, 0.3008892446334893], [0.2581749844427328, 0.23920065796238035, 0.2417860639485264, 0.2608382935463607], [0.25185729633121584, 0.22726045543789586, 0.23241302327138674, 0.2884692248594903], [0.2477040593441947, 0.2264089327923887, 0.23155611049102592, 0.29433089727237643], [0.25130627910213116, 0.2364856907428116, 0.22795929613365384, 0.2842487339214138], [0.25601176073621856, 0.24960711222684012, 0.23473174187305854, 0.25964938506387425], [0.2542697749636036, 0.22711115342002028, 0.2257892704455975, 0.2928298010707808], [0.2560111502228866, 0.23861797622296452, 0.2405939598168992, 0.2647769136372421], [0.25500361249100895, 0.23236265252825256, 0.24715781789372454, 0.26547591698701734], [0.2482863612628958, 0.22186101313922965, 0.22847524760340807, 0.3013773778944688], [0.2518588223484696, 0.24045009698105618, 0.24071453171363769, 0.26697654885682576], [0.2605583921627322, 0.25122416764901684, 0.23574462945600258, 0.25247281063227817], [0.2589125652687914, 0.24066146440536093, 0.22640120497199526, 0.27402476525385805], [0.26257634981679795, 0.24286065415891991, 0.23274887802546065, 0.2618141178988283], [0.2618762010772762, 0.23788417426079364, 0.2386389917883644, 0.26160063277355994], [0.2535406139993516, 0.2351674112482064, 0.22920872315076543, 0.28208325150168134], [0.2552183515420198, 0.24246630771922517, 0.24199866265514133, 0.26031667798362923], [0.24691255160363212, 0.22891691346919674, 0.2294238546779118, 0.29474668014927036], [0.24935361298082126, 0.2378283971397038, 0.2249068554671153, 0.2879111343123705], [0.2439827509545292, 0.22317775968964598, 0.23198815306010812, 0.3008513361957296], [0.24914037502476663, 0.23517179741160307, 0.2401963296838126, 0.2754914977798169], [0.24672813871538016, 0.2281162069227011, 0.23595403338525495, 0.28920162087665247], [0.25326007876665635, 0.23392318748127014, 0.24834861708671, 0.2644681165653749]], "ideal": "B", "sampled": "C", "correct": false}}
{"type": "result", "data": {"idx": 10, "options": ["Chest x-ray", "Complete blood count", "Determination of serum albumin concentration", "Determination of serum digoxin level"], "probs": [[0.24426058807074136, 0.259584857637749, 0.23312717286080015, 0.2630273813307182], [0.24511482409270927, 0.2576318859853514, 0.23544763934699414, 0.26180565047495347], [0.24297697890837947, 0.25451705067738195, 0.24625472555142247, 0.25625124476280253], [0.2504604108408946, 0.26578367143423715, 0.24591586196887733, 0.23784005565596614], [0.24636589247363613, 0.25424315978899603, 0.2434151657478002, 0.25597578188956566], [0.253573807198563, 0.26400987146233196, 0.2448781995994543, 0.23753812163965068], [0.23928259744874134, 0.24948238676044124, 0.24133624110282595, 0.26989877458798733], [0.2394974192655615, 0.247620961038609, 0.24326110067234633, 0.2696205189234909], [0.2399236374905058, 0.2532961933140642, 0.24588784710545658, 0.26089232198995854], [0.24917839940054454, 0.2637633928363546, 0.24512435332098467, 0.24193385434211678], [0.24273174795806746, 0.25354179925696446, 0.24136742869247307, 0.2623590239924798], [0.2525969531000337, 0.2627875343126183, 0.2428030994335155, 0.2418124130538327], [0.24392625776934324, 0.25448464108792646, 0.2370641639450854, 0.2645249370976442], [0.2490573073087881, 0.26400848481854383, 0.24157990061126958, 0.24535430716139842], [0.2478348884582781, 0.25766087723437214, 0.23388682204817712, 0.2606174121591697], [0.25458434941106967, 0.265993398235996, 0.2373353984116163, 0.2420868538413065], [0.2530865312076362, 0.2644957551307236, 0.24817797814650394, 0.23423973541513887], [0.25601913738549065, 0.26498336184316734, 0.2452469530290149, 0.23375054764233194], [0.24465823979896953, 0.25766018810804786, 0.23755295981120053, 0.2601286121817814], [0.249757885689456, 0.26788406593891323, 0.24252812963291157, 0.2398299186387314], [0.24795647746842636, 0.2593705792463439, 0.23400929293375577, 0.2586636502514715], [0.2557736069538857, 0.26840356127731674, 0.2375508103342894, 0.23827202133450892], [0.25113159792315204, 0.2676706718606701, 0.24903427793687022, 0.23216345217930992], [0.25311833662813754, 0.2679461166036706, 0.24540041131281365, 0.23353513535537102]], "ideal": "D", "sampled": "D", "correct": true}}
{"type": "result", "data": {"idx": 11, "options": ["Amoxicillin", "Cefaclor", "Ciprofloxacin", "Erythromycin"], "probs": [[0.27303553791685004, 0.22953002852969734, 0.23297303319038948, 0.26446140026307696], [0.26622985395681553, 0.22174491260833484, 0.23727491539986847, 0.27475031793498067], [0.2733134770173426, 0.2318780571248744, 0.2430159283175912, 0.25179253744019586], [0.27282655422587293, 0.22442967399295566, 0.24142699849419938, 0.2613167731869756], [0.2672394696465422, 0.21762047328735507, 0.2611175041324127, 0.2540225528336778], [0.27062769097961314, 0.2191798245648436, 0.2549795078377835, 0.2552129765177609], [0.2706933515620743, 0.2303459385953747, 0.2434413827261575, 0.25551932701637114], [0.2640637931769399, 0.22421336870918723, 0.24890731579672012, 0.2628155222171408], [0.2696493777997324, 0.23150983449250143, 0.2363011104111419, 0.26253967719663013], [0.2742240628338709, 0.22071172999208008, 0.23086892491560745, 0.2741952821584706], [0.26326687215392897, 0.2203738077589945, 0.24945650700932687, 0.26690281297776286], [0.2742577791594653, 0.2190296494774063, 0.23907600307746063, 0.2676365681856826], [0.2699279088720854, 0.2372783697191692, 0.25000737664731865, 0.2427863446614186], [0.2694406419670959, 0.22995151565453031, 0.2470751201548449, 0.25353272212352], [0.2697162927244413, 0.23926063013006507, 0.23012948156773314, 0.26089359547774205], [0.27380338690424944, 0.230289214535191, 0.22237734635225373, 0.2735300521083102], [0.26742093782217113, 0.22427902985809722, 0.24994530687170416, 0.25835472534804405], [0.27289404113978, 0.22387263955260622, 0.24624871949199667, 0.2569845997155976], [0.26647358171949004, 0.22711737455643102, 0.25693520810416254, 0.2494738355199156], [0.2704165915295321, 0.2268990572622233, 0.25012685257131384, 0.2525574985369198], [0.26500841067964714, 0.22784877725687677, 0.24045142559988578, 0.2666913863635915], [0.27533575179601594, 0.2257046361456776, 0.23000342799312717, 0.2689561839651574], [0.27035035269040625, 0.23050542774681557, 0.24493975088379355, 0.25420446857900125], [0.27481358410006307, 0.22799752643355276, 0.24121199344366162, 0.2559768959227149]], "ideal": "D", "sampled": "A", "correct": false}}
{"type": "result", "data": {"idx": 12, "options": ["Facial nerve", "Frontal sinus", "Mastoid sinus", "Olfactory nerve"], "probs": [[0.2459582286322299, 0.2401751800074572, 0.24545827282842064, 0.26840831843189383], [0.25136108295651366, 0.24252402830925704, 0.2535506304970938, 0.2525642581371259], [0.24519624244216595, 0.2409996051518237, 0.2505571488981211, 0.26324700340790363], [0.24986668407739965, 0.24115005648799867, 0.25181032168588374, 0.2571729376487215], [0.24992655022381266, 0.25061478393131315, 0.24368779274621463, 0.2557708729986366], [0.250110488996568, 0.24786596002870181, 0.23727886175011106, 0.2647446891246219], [0.243760610356306, 0.26471845541085315, 0.22946132493457655, 0.2620596091982642], [0.25038544413467506, 0.2662146450392732, 0.23413175392276714, 0.24926815680327405], [0.24549980224513143, 0.2625522983606512, 0.26209978982049936, 0.22984810947370704], [0.24473765897287306, 0.26349672924942774, 0.2547406844841654, 0.23702492719353443], [0.2510873463217111, 0.2676479242862645, 0.23923187220734546, 0.24203285708467953], [0.24354743510752275, 0.26377324410119835, 0.22961069021761873, 0.2630686304736478], [0.23795944833440877, 0.2679575446915929, 0.22976121748614045, 0.2643217893878335], [0.24257169030615577, 0.2679230371084495, 0.2315663676105339, 0.25793890487485066], [0.24214413479273716, 0.26395269570588037, 0.25666279323468155, 0.23724037616671376], [0.24095384186024263, 0.2642284616892014, 0.2496113197544932, 0.2452063765960632], [0.24428104597071146, 0.26767923126121146, 0.23974925557149288, 0.24829046709657393], [0.23802393949077327, 0.26520577121097855, 0.23324602632469688, 0.2635242628735512], [0.2458363676670436, 0.26544977621275184, 0.23788890199130328, 0.25082495402890176], [0.24653964326831357, 0.2637069173019607, 0.23163310621538685, 0.2581203331143524], [0.24739296365608252, 0.2595572260437791, 0.24762795420816344, 0.24542185599198793], [0.24083046819999654, 0.25446145818035737, 0.23507769916451812, 0.2696303743551275], [0.24644779671796613, 0.25787867054252284, 0.25303165627482943, 0.24264187636468354], [0.24019138542565494, 0.256138623371316, 0.2440858193633985, 0.25958417173964315]], "ideal": "D", "sampled": "A", "correct": false}}
{"type": "result", "data": {"idx": 13, "options": ["anterior scalene", "latissimus dorsi", "pectoralis minor", "supraspinatus"], "probs": [[0.2781562429856679, 0.24210591687778213, 0.2235662362018186, 0.2561716038347352], [0.27693523387054286, 0.2505296382938879, 0.22430028584666864, 0.24823484188890502], [0.26720236378835754, 0.24738395361930623, 0.23263150864940235, 0.2527821738429282], [0.266469236541537, 0.24970277890042825, 0.2432577682720478, 0.2405702161859811], [0.27397137571060814, 0.2573346862706215, 0.2186580767162184, 0.2500358612025683], [0.27229573065685586, 0.2563891984473283, 0.22808628998498648, 0.24322878081083332], [0.2750144254796542, 0.2522695733612601, 0.23458604753064108, 0.23812995352843638], [0.2739705471051216, 0.2553816053708808, 0.23868086049903128, 0.23196698692498308], [0.2635373657605648, 0.2461629093772093, 0.2488743226582674, 0.241425402103952], [0.26936527522723114, 0.24588850459587192, 0.24615873617369813, 0.2385874839032047], [0.27061750843793136, 0.2556877740253551, 0.23580937858856624, 0.23788533884813917], [0.27351496719483276, 0.2539472163321583, 0.22979702599263477, 0.24274079038037863], [0.26894474508875094, 0.2530313779823954, 0.23070635464661693, 0.24731752218221836], [0.26668049810391037, 0.2532129991746525, 0.24493772292516644, 0.23516877969627634], [0.2640259536783617, 0.24945992865303168, 0.24301275180457182, 0.24350136576402767], [0.2688770617473547, 0.2497953446146488, 0.24005377926242397, 0.24127381427557842], [0.26353712301851173, 0.2544652535341681, 0.24264821810355688, 0.23934940524375625], [0.26671186947205566, 0.2527555795192394, 0.2275058140052466, 0.2530267369034525], [0.27574966882022606, 0.2549537519220453, 0.22823667517692442, 0.24105990398079863], [0.27327365752081195, 0.25296899823184965, 0.2393202305273711, 0.23443711361997321], [0.27162977492641743, 0.2527860372593134, 0.240234852478969, 0.2353493352352826], [0.27571503035260186, 0.2496720481312985, 0.23394853779116787, 0.24066438362493872], [0.26332693030292975, 0.25131930059083757, 0.25232607173474914, 0.23302769727146685], [0.26598217456030776, 0.24847988776252714, 0.23702997520030014, 0.24850796237686198]], "ideal": "D", "sampled": "A", "correct": false}}
{"type": "result", "data": {"idx": 14, "options": ["anteriorly deviated distal femur", "plantar flexed cuboid", "posteriorly deviated fibular head", "unilateral sacral shear"], "probs": [[0.24873966555471427, 0.2484499561104895, 0.21978820991813855, 0.2830221683166676], [0.25618588274326426, 0.2612709782277608, 0.23151184559115828, 0.251031293337824], [0.2503902081302858, 0.2466781412426335, 0.2293697873531831, 0.27356186317388453], [0.255731704761856, 0.26008101479193724, 0.2414301896366974, 0.24275709070950618], [0.25799090879897496, 0.25721320854884006, 0.22121362852488524, 0.26358225402727176], [0.2567396652247975, 0.25767065768162073, 0.22081743722758052, 0.26477223976598546], [0.24645073833681344, 0.23944373872894098, 0.2247005900265377, 0.28940493280770707], [0.2530423449292641, 0.25275456339529445, 0.23630380738924675, 0.2578992841861911], [0.2468483945754556, 0.2353204659483786, 0.22839198913261682, 0.2894391502435373], [0.25353093661240167, 0.24762608399290162, 0.2385023642656909, 0.26034061502900274], [0.25838657139970456, 0.2468623029480873, 0.22272001960223065, 0.27203110594998825], [0.2555173290464842, 0.24533531516173507, 0.222896577323087, 0.27625077836867973], [0.2468180357343394, 0.24847952303084372, 0.2282429355865111, 0.2764595055483053], [0.25133539004395306, 0.262278632552461, 0.2400872612363089, 0.24629871606727427], [0.2482837019598651, 0.24432807149306068, 0.22140235454478172, 0.28598587190229174], [0.25600550020119694, 0.25669314777932994, 0.23010369079346601, 0.2571976611259914], [0.25649659474502273, 0.2544948406843072, 0.2213059264670713, 0.2677026380035843], [0.2567070097120756, 0.2517773974914839, 0.22018306733251933, 0.2713325253639185], [0.2571975216718244, 0.24823412871079029, 0.22934329226503686, 0.2652250572523479], [0.25527700196849007, 0.24838657177928522, 0.22790293974227607, 0.2684334864099363], [0.2579329257549529, 0.2498202192761787, 0.2233586461552421, 0.26888820871362734], [0.25451229946184634, 0.2478667986133311, 0.22360333556679016, 0.2740175662580333], [0.25524686804213487, 0.2449369512518171, 0.23117154073703441, 0.2686446398690144], [0.2557328695232246, 0.24286085787975137, 0.23105290106110188, 0.2703533714359228]], "ideal": "C", "sampled": "D", "correct": false}}
{"type": "result", "data": {"idx": 15, "options": ["Administer amobarbital and then interview the patient", "Ask the patient to provide a narrative with detailed description of the incident and of his symptoms", "Interview the patient under hypnosis", "Interview the patient while paying close attention to his willingness to make eye contact"], "probs": [[0.28681922728352316, 0.22934972100949744, 0.23024437474252935, 0.25358667686444475], [0.27628398254036585, 0.2356675378939664, 0.2518282501241382, 0.23622022934154438], [0.2767678571109244, 0.23152312109333967, 0.24132762933041105, 0.2503813923653295], [0.2782267965945754, 0.22663998696968432, 0.24841266584299368, 0.24672055049275016], [0.2770815054940831, 0.24207634381144671, 0.24138664859718975, 0.23945550199727034], [0.28168312216611124, 0.22947239564742472, 0.23330072963417736, 0.2555437524522808], [0.28165624892887464, 0.22663286272580285, 0.23961840666244635, 0.2520924815828875], [0.27293191341825995, 0.23474504503354476, 0.26410475378262216, 0.22821828766556965], [0.27261730470841405, 0.2298103351000321, 0.24804350057322697, 0.24952885951833412], [0.27883137699586197, 0.23856150583672164, 0.24947796965776328, 0.23312914740963353], [0.2775787708295215, 0.2461013041939463, 0.24785803301592543, 0.2284618918606033], [0.28711083461704395, 0.24658753307002004, 0.22856044744093082, 0.2377411847720031], [0.27435730280592063, 0.21164555317992645, 0.2445329877934059, 0.26946415612073804], [0.2699222515481287, 0.2112544424011601, 0.24963406227510335, 0.2691892436756092], [0.27631062217291685, 0.21921598126520608, 0.2340312906233785, 0.27044210583848904], [0.281237459003218, 0.22754285834641308, 0.23980072748632675, 0.25141895506402906], [0.27504961683578005, 0.2171140240540159, 0.23327143714972626, 0.27456492186047987], [0.2841313975671414, 0.22714921346857464, 0.23195462242019782, 0.2567647664440844], [0.27683781543733593, 0.22827430690146325, 0.2592206478686252, 0.23566722969256784], [0.2750880183555385, 0.2160389119570315, 0.24722315522530877, 0.26164991436211593], [0.28508055932172294, 0.2377410092292666, 0.2425483070103921, 0.23463012433863562], [0.29199604251287564, 0.24097111027078816, 0.22819592204067485, 0.23883692507565665], [0.2777723433750434, 0.21982746105691284, 0.24636793497745507, 0.2560322604905809], [0.28783465693134336, 0.2334054563508609, 0.24138751399258043, 0.23737237262520508]], "ideal": "B", "sampled": "D", "correct": false}}
{"type": "result", "data": {"idx": 16, "options": ["Failure of leukocytes to migrate between endothelial cells", "Failure of leukocytes to roll along the endothelial surface", "Inability of leukocytes to ingest microorganisms", "Inability of leukocytes to kill intracellular microorganisms"], "probs": [[0.23203230359100713, 0.24994147288840993, 0.26035553950907314, 0.2576706839115178], [0.22995661263408557, 0.252505181269096, 0.26133260253620033, 0.25620560346062654], [0.22876527284513218, 0.2467967673387126, 0.26820259541448455, 0.2562353643016672], [0.22989359638134318, 0.24218390228665124, 0.26286092871621336, 0.2650615725157795], [0.23023077340308842, 0.25107080619620514, 0.2730884143914922, 0.24561000590921206], [0.23331326999959437, 0.24462679527868106, 0.2672597473949308, 0.25480018722678194], [0.23362073952131418, 0.24908705856611155, 0.2591338691810282, 0.25815833263155347], [0.23200483225495372, 0.2502775991227017, 0.2598347092206104, 0.2578828593017537], [0.22947048058860886, 0.24176115165936737, 0.2681695345763421, 0.2605988330756894], [0.230936266533549, 0.2437123014230424, 0.264262461969955, 0.26108896997346415], [0.23093606772947567, 0.2451796622854367, 0.2720779321129485, 0.25180633777214795], [0.23325677948945606, 0.2460327747846928, 0.26768245746709085, 0.2530279881587712], [0.22937427105556676, 0.24301192058034363, 0.26527157214544705, 0.2623422361186383], [0.22922504541164931, 0.2422475757359182, 0.2623089927107967, 0.2662183860416468], [0.23035188592839667, 0.24105776791561304, 0.2642948749933292, 0.2642954710626572], [0.22900872922428187, 0.24752850940245086, 0.263073947424636, 0.2603888138486289], [0.23078401407298688, 0.24368436678904015, 0.2683823277193217, 0.257149291318673], [0.23037902133433993, 0.2506132775796403, 0.27190156651779246, 0.24710613446821184], [0.23147937401148286, 0.2493915550105182, 0.2650600039199023, 0.25406906695808174], [0.23276729055527973, 0.24725322760973711, 0.26108824122249924, 0.25889124051249596], [0.2325225438044877, 0.24774287565840877, 0.2627974037562894, 0.256937176680824], [0.23245739140830712, 0.2520769186174501, 0.26115228452924655, 0.25431340534498287], [0.23157378230586248, 0.24618572080671405, 0.2608758627223886, 0.26136463406503213], [0.2309343116926747, 0.25226079587005185, 0.2652406933162045, 0.2515641990210779]], "ideal": "D", "sampled": "B", "correct": false}}
