{"type": "result", "data": {"idx": 0, "options": ["Media release", "Media tour", "Press room", "Promotional days/weeks"], "probs": [[0.19954920342459553, 0.26349004428209505, 0.32141547659710135, 0.21554527559621717], [0.20103918150925595, 0.26938080761713123, 0.3287845522791166, 0.20079545849449637], [0.2185968462053776, 0.2639789358840179, 0.31482253171198327, 0.20260168609863125], [0.20958688331838785, 0.2552164025474999, 0.30313460687559346, 0.23206210715851944], [0.22158716594910294, 0.28138322688412076, 0.31783081642848393, 0.17919879063827748], [0.20519228224786928, 0.26596153290999663, 0.3136390929822245, 0.21520709175990865], [0.25456785445943364, 0.27527906218132436, 0.28411538630203637, 0.18603769695718883], [0.260920904718828, 0.2786959331553074, 0.286314977707795, 0.174068184318056], [0.2574676407983827, 0.275000913446294, 0.2872566024197884, 0.18027484323553128], [0.26473311170941805, 0.2746864642140274, 0.277662714989897, 0.18291770898668122], [0.2657434271576157, 0.28692921174834096, 0.28502451330164824, 0.16230284769240594], [0.2623251798731048, 0.2832658068626993, 0.28111616909317844, 0.17329284407102874], [0.21188167940725292, 0.27887562102530866, 0.29674941333565713, 0.21249328613179042], [0.20555771686139554, 0.2730455988071647, 0.29018917222442986, 0.2312075120070101], [0.20128329456005303, 0.27670936563856624, 0.308021574577012, 0.2139857651243682], [0.2050715584839054, 0.2813454381321109, 0.301915498232999, 0.2116675050509886], [0.2008930380472382, 0.27130252366571916, 0.3048073938255215, 0.22299704436153117], [0.21877923623803824, 0.2828473534161937, 0.3024395745407767, 0.195933835704978], [0.22913678241509247, 0.3099247419316998, 0.2674699388110831, 0.19346853674212064], [0.21323202101162567, 0.2959655721922226, 0.2684137066467797, 0.22238870004938274], [0.21695091183279452, 0.3109374907474037, 0.27287740715250147, 0.19923419016728508], [0.2182435037233794, 0.3054880651549902, 0.2686574244571791, 0.20761100656446152], [0.21726002617145945, 0.28961560979691225, 0.2664606573060328, 0.22666370662560711], [0.23399297292721918, 0.29767356674311785, 0.2667050952575905, 0.20162836497208406]], "ideal": "B", "sampled": "B", "correct": true}}
{"type": "result", "data": {"idx": 1, "options": ["Quickly investigate to make certain your product is definitely the cause of the illness.", "Stop all sales of the product throughout the nation and issue a recall for that product.", "Stop sales of the product in the Albany, New York, market and issue a recall for that product.", "Issue a press release to the Albany, New York, market explaining how to treat the symptoms."], "probs": [[0.2073310896157019, 0.2938902737496366, 0.27371023591371135, 0.2250684006209351], [0.18979265908599222, 0.2852335906981715, 0.2672576106367307, 0.25771613947912847], [0.21204392376660436, 0.2987087451277159, 0.26435689851108396, 0.2248904324945992], [0.1898343470162231, 0.2936116217970759, 0.264147092663261, 0.2524069384234395], [0.18118464196786763, 0.2684861251700864, 0.2629503447542518, 0.2873788880077759], [0.1805488991363939, 0.2787172641888873, 0.2624305011852595, 0.278303335389451], [0.2162534415338086, 0.2977997652314537, 0.2702861599720893, 0.21566063316263157], [0.19790504086679336, 0.2813963119416136, 0.2592555415445848, 0.2614431055470049], [0.22511832097262, 0.30041380310265864, 0.270218273228472, 0.20424960259625713], [0.20831252491794625, 0.28924036014575605, 0.2707771695170369, 0.23166994531925406], [0.20746152774719273, 0.2838709084854675, 0.2612419370615165, 0.2474256266058098], [0.2091692750984658, 0.2916844057055898, 0.27101961835889554, 0.22812670073703917], [0.21962114278150716, 0.30432414632859334, 0.26386700205869557, 0.21218770873121007], [0.19985561649404293, 0.2894571802898405, 0.26047951479203496, 0.2502076883240835], [0.22499637328778338, 0.3031017405065946, 0.27070637184922497, 0.20119551425640403], [0.20625885991908174, 0.29221152796481353, 0.27569717863495297, 0.22583243338112982], [0.20535452460582052, 0.29043054099024784, 0.26487916287532015, 0.23933577142861595], [0.20354657107916632, 0.29461779100563157, 0.27077560078457297, 0.23106003703061972], [0.17869868033884398, 0.27428225537332224, 0.26483935637638095, 0.2821797078114594], [0.18358150438022922, 0.2855190851065402, 0.2653309211500853, 0.265568489263152], [0.1899391846957576, 0.2962532997335737, 0.2729121682264288, 0.2408953472442564], [0.19521082990820443, 0.2984842082128716, 0.2761240597172211, 0.23018090206171163], [0.18875843284936383, 0.29999253693823374, 0.27371372379657927, 0.23753530631581607], [0.19325456838584662, 0.29800248162451887, 0.2675693746566741, 0.24117357523296223]], "ideal": "B", "sampled": "C", "correct": false}}
{"type": "result", "data": {"idx": 2, "options": ["community relations", "consumer relations", "employee relations", "public issues"], "probs": [[0.27309465495160073, 0.27401516417597194, 0.245486530584291, 0.20740365018813903], [0.2657682212907608, 0.28940435604780884, 0.26551609902328777, 0.17931132353814475], [0.27407205773915533, 0.2801188412339245, 0.25037330107722205, 0.19543579984970286], [0.25529381318728656, 0.2750282806756335, 0.2758086415013824, 0.19386926453568779], [0.27605941017065794, 0.3006737155715897, 0.24661683247539445, 0.17665004168234932], [0.27065265608565353, 0.2862276446716484, 0.25256880649943947, 0.19055089264326167], [0.25746081951482075, 0.2915972669570371, 0.24719738533207522, 0.20374452809607052], [0.25233148145812534, 0.3047892858504835, 0.2645403521101437, 0.17833888048124996], [0.25962884723703467, 0.2900947947051696, 0.2542505544724632, 0.1960258034853494], [0.24591900669374211, 0.29093897569986243, 0.2733991554256933, 0.18974286208067995], [0.26454517910279823, 0.31138014599775254, 0.24536687009810712, 0.17870780470134623], [0.2562097557510057, 0.30352666449409244, 0.2510746095350124, 0.1891889701199063], [0.26042558576224484, 0.28600947858675607, 0.2560215600661973, 0.1975433754848], [0.24466785738768454, 0.28137331715969555, 0.28191496429265783, 0.19204386105995844], [0.2618301069536196, 0.28496165814018287, 0.2584019480322663, 0.1948062867739539], [0.25041250950759086, 0.2879675967081298, 0.28167072407999644, 0.17994916960427906], [0.2542870007472747, 0.28866304838251017, 0.2603856472235743, 0.19666430354665018], [0.25389336097349735, 0.2917005286686439, 0.2587699704243454, 0.19563613983348657], [0.24756580697293404, 0.30356698281125155, 0.252326878146717, 0.19654033196910048], [0.23969167917448367, 0.2893300387429714, 0.25739064129290484, 0.21358764068966862], [0.24820964997375586, 0.29944828348664937, 0.2613975080729865, 0.1909445583666021], [0.2437205810579865, 0.2894674544071037, 0.2643600325305396, 0.20245193190435276], [0.23901860306792286, 0.2881771949795653, 0.26673612215622966, 0.20606807969628757], [0.23731005678898973, 0.2896427123887477, 0.2655146655415423, 0.20753256518072555]], "ideal": "B", "sampled": "A", "correct": false}}
{"type": "result", "data": {"idx": 3, "options": ["1917", "1922", "1925", "1927"], "probs": [[0.22249502586032774, 0.2796042828862052, 0.3187396089140549, 0.1791610822394219], [0.2307052200532889, 0.2889160883992145, 0.31609385208773444, 0.16428483935976232], [0.2231073928014503, 0.28985991377182696, 0.32386929417032845, 0.16316339915640377], [0.23046304923594518, 0.29184801744438954, 0.3160932940953777, 0.16159563912428557], [0.23360913030129887, 0.29474201764116426, 0.3162999537803738, 0.15534889817717526], [0.2318343553482529, 0.2940806875785196, 0.3158887307993433, 0.15819622617387186], [0.23904837770146134, 0.3032215250367353, 0.294240651045814, 0.1634894461160199], [0.24289354398566668, 0.30646771930392586, 0.29431372065770456, 0.1563250159527106], [0.24130561107588985, 0.29450357153748163, 0.30847693602067316, 0.1557138812659621], [0.2460981050349535, 0.3016213666654644, 0.29312899306482054, 0.15915153513475713], [0.23644950134289627, 0.2950258489897167, 0.3190202669438916, 0.14950438262349205], [0.23956538568062152, 0.2971539132724567, 0.3133263854739655, 0.14995431547297464], [0.23229667750415, 0.3033329637287356, 0.29581367731777947, 0.16855668134932808], [0.23794493922814766, 0.305566465136182, 0.2948737942498172, 0.1616148012858351], [0.2497319714988054, 0.31086570870248315, 0.28722961425106325, 0.15217270544765324], [0.2474121672546555, 0.31379479916942005, 0.2860105199136425, 0.15278251356228797], [0.23752043544011608, 0.2984098035095865, 0.30872292577327254, 0.15534683517703213], [0.2413052713599731, 0.30158583045046894, 0.30628150362423273, 0.1508273944653312], [0.24249739575321963, 0.309361375475314, 0.28841675185609655, 0.15972447681538904], [0.24203887631778528, 0.30842204717646166, 0.2882079371026526, 0.16133113930310736], [0.2539749672589679, 0.31400154261997176, 0.28743970346468173, 0.14458378655639637], [0.25229674967335325, 0.31452744507026964, 0.28356840169276243, 0.14960740346362034], [0.2513504096771769, 0.3116350211193272, 0.28628882393364213, 0.15072574516984766], [0.2603565725057493, 0.3150170845262279, 0.27721786189243375, 0.1474084809755938]], "ideal": "B", "sampled": "D", "correct": false}}
{"type": "result", "data": {"idx": 4, "options": ["Product-oriented", "Person-oriented", "Idea-oriented", "Message-oriented"], "probs": [[0.21942715765946327, 0.2689262510147169, 0.2746343352343932, 0.23701225599141754], [0.2212562895594447, 0.2779636952773338, 0.2746385198495223, 0.22614149521369167], [0.21419909827288935, 0.2723808397046576, 0.2729568658562588, 0.2404631960661724], [0.222056921315031, 0.281557433073709, 0.27139609685504906, 0.22498954865622856], [0.2194000651203513, 0.28329869107653166, 0.2694769038130823, 0.22782433989004328], [0.2283142072761925, 0.2862300241112886, 0.2643473567211168, 0.2211084117914093], [0.22270465305812506, 0.27352715131048105, 0.2643411446141203, 0.239427050917281], [0.22648958144015677, 0.28646964805477215, 0.2648349047356992, 0.22220586566938186], [0.22224054183195419, 0.27307418244123227, 0.2611973385327181, 0.24348793709408922], [0.24149074186203212, 0.3010817082499902, 0.26553850272920876, 0.19188904705879506], [0.22224042154127732, 0.2899230167573965, 0.2631591370006571, 0.22467742460066872], [0.2465291550725345, 0.30771066309131584, 0.2587334896226217, 0.1870266921135432], [0.22230984084107772, 0.270079931852946, 0.2625967622212769, 0.24501346498471469], [0.23277496450859697, 0.2823901537184164, 0.2617214107722282, 0.22311347090074052], [0.22191655731860202, 0.26589785782180764, 0.2610991588638071, 0.2510864258958096], [0.23990261585430558, 0.29669375135251636, 0.26626776852626166, 0.19713586416693632], [0.2289304730279932, 0.2823226941734557, 0.2589697921639533, 0.22977704053460452], [0.2367597436037546, 0.2964830241854788, 0.25945904578949136, 0.207298186321286], [0.22908099784409164, 0.2867484207249314, 0.2570511618235216, 0.2271194195074559], [0.2348193586507264, 0.28479510528736285, 0.2546085254979054, 0.22577701046400442], [0.22736982572811262, 0.28406532310686383, 0.2550943321294884, 0.23347051893553253], [0.24835928450987255, 0.3028301678464904, 0.2540897054914821, 0.19472084205216894], [0.23826904184027037, 0.289718114080508, 0.24962941437885175, 0.22238342960035548], [0.24805571998647533, 0.30534488926168246, 0.25146418580932006, 0.19513520484251418]], "ideal": "C", "sampled": "D", "correct": false}}
{"type": "result", "data": {"idx": 5, "options": ["to develop a vision statement", "to interpret trends for management", "to interpret the organization's business plan", "to consider the role public relations might play"], "probs": [[0.24189813598077456, 0.24124133120196253, 0.25754914170482057, 0.25931139101243], [0.25313619673897697, 0.25626279648930883, 0.260242755540063, 0.23035825113164426], [0.2498397400684363, 0.25039863792371714, 0.24961143601705768, 0.25015018589078086], [0.25045070409620773, 0.2608987665174602, 0.25877885078977625, 0.22987167849655496], [0.25753574770024573, 0.2650566529453387, 0.24925042492302935, 0.22815717433138], [0.25020895359746664, 0.2606566943282214, 0.252182434280012, 0.23695191769429533], [0.2396699160174295, 0.25549953173643725, 0.2523897065583219, 0.2524408455878148], [0.2514551747263773, 0.26875476098393913, 0.25538905585848476, 0.2244010083311813], [0.24479744223730204, 0.25696128881804203, 0.25190376724371066, 0.24633750160095336], [0.24507204615371267, 0.2677406933379671, 0.26415608750906433, 0.22303117289925312], [0.2553032856467329, 0.27283874299436656, 0.2509327117070284, 0.2209252595518829], [0.2456873942345724, 0.2704278940060727, 0.260981074863702, 0.22290363679565084], [0.2493211160803375, 0.2569624265028029, 0.24506370557477195, 0.24865275174209397], [0.25212837293310086, 0.26233202400978956, 0.2543513256768366, 0.23118827728028649], [0.24638605219253254, 0.25232187493044206, 0.2461612402222593, 0.2551308325547736], [0.2480046445784103, 0.26065892325095324, 0.2607335516290422, 0.23060288044158975], [0.2577841273897571, 0.2667583350649281, 0.24693208785779097, 0.2285254495875277], [0.2583059172520937, 0.271678077163009, 0.2524611858147734, 0.2175548196701134], [0.2572578813705642, 0.2713721320397801, 0.2440925509930217, 0.22727743549664503], [0.2506960596975461, 0.2643178018410445, 0.24949765442425362, 0.23548848393715624], [0.2575037074585681, 0.2716141984756409, 0.24824518763550785, 0.22263690633029717], [0.24871170621566685, 0.26648517176671505, 0.2597269113766802, 0.22507621054094956], [0.2592517541074236, 0.2691960547703203, 0.2455896348067431, 0.22596255621552153], [0.2599852927295824, 0.273107497198543, 0.25023152165981954, 0.2166756883120605]], "ideal": "B", "sampled": "D", "correct": false}}
{"type": "result", "data": {"idx": 6, "options": ["When victims of abuse remain silent about the abuse", "When people hide their opinions if they do not agree with the majority", "When people hide their opinions if they are in disagreement with their close peers or family members", "When public relations uses opinion poll results to generate support for a particular issue"], "probs": [[0.2547277774834814, 0.2983947188278578, 0.25425890304676757, 0.19261860054191346], [0.2574741467720888, 0.30335031842885335, 0.2521271938670082, 0.18704834083204855], [0.2576896951339757, 0.3013606446151766, 0.2545369870195273, 0.18641267313132856], [0.25506582634234304, 0.303633387987129, 0.25411247504017376, 0.18718831053033802], [0.25698586813932284, 0.30628182747338967, 0.24687450003956649, 0.1898578042477206], [0.2538139440341292, 0.30359646205866936, 0.24723819383032283, 0.1953513999768761], [0.2684728099184238, 0.30457542875858845, 0.23978365285498301, 0.18716810836799969], [0.2691370645950398, 0.30791700253067633, 0.23679891742176754, 0.1861470153525392], [0.266372030372357, 0.30834350807970234, 0.25295265294724006, 0.17233180850066862], [0.26725149486363886, 0.3084695116438665, 0.26483614015492213, 0.15944285323758012], [0.2709464028893255, 0.3175509505008256, 0.23750135159551508, 0.17400129491432756], [0.2652970435558847, 0.31213667015113955, 0.25090701328937504, 0.17165927290360625], [0.27866336576890005, 0.31329037940443977, 0.2324021623035953, 0.17564409242308515], [0.27189263614462045, 0.3153200290566015, 0.23185031529696243, 0.18093701940181192], [0.2795008759795521, 0.3155944595190185, 0.23994320016446255, 0.16496146423696031], [0.2809328580584977, 0.3157964312312411, 0.2492011739626413, 0.15406953664762674], [0.27531246167913404, 0.320930225872967, 0.23478505903110622, 0.16897225331679966], [0.27509982681412204, 0.31632451245752524, 0.2476425724946145, 0.16093308813373422], [0.2738419298310367, 0.3033483419513197, 0.23698052107851106, 0.18582920703913378], [0.2692044575963493, 0.30164204097862907, 0.23771002509850622, 0.19144347622651256], [0.2706346912149396, 0.30941473670578007, 0.24147289891429338, 0.17847767306500334], [0.26749504023347687, 0.30114438475056965, 0.25139464554195773, 0.179965929374001], [0.26755906076194963, 0.3100172744210219, 0.2465699099974773, 0.17585375471953138], [0.2685022811293796, 0.3033766118893731, 0.25704893366638154, 0.17107217321486193]], "ideal": "A", "sampled": "C", "correct": false}}
{"type": "result", "data": {"idx": 7, "options": ["Research and evaluation", "Strategy and evaluation", "Strategy and implementation", "Objectives and implementation"], "probs": [[0.31245547206807595, 0.32828750854785016, 0.19323268309463265, 0.16602433618942558], [0.31172481792591733, 0.33243936147449366, 0.18908037666660063, 0.16675544383297036], [0.3120088727879605, 0.33174490963515785, 0.19716380283203655, 0.15908241464482006], [0.31262461096309746, 0.3306526342085633, 0.1895211224367729, 0.1672016322915693], [0.31555738862541527, 0.3316280721666635, 0.19098694231211436, 0.16182759679581082], [0.314051884887431, 0.33012476132205154, 0.19023065756083765, 0.1655926961296942], [0.32134109460207916, 0.3466823298571757, 0.18324906850044534, 0.14872750694033077], [0.3258153008347446, 0.3394404532223076, 0.1757244128581614, 0.15901983298478983], [0.32756408808780385, 0.3424147115708531, 0.19589611422512662, 0.13412508601621032], [0.31827980548529633, 0.334114518767643, 0.19418612738327745, 0.15341954826377216], [0.3252907636800511, 0.3462328307170768, 0.18302935370212436, 0.14544705180076606], [0.31563873904498063, 0.34757989562947855, 0.18431631223532408, 0.15246505299020166], [0.3170284726354345, 0.3494460121527319, 0.18402705721002152, 0.14949845790182417], [0.31559691934804507, 0.3448558148040067, 0.1813640206161385, 0.15818324513180004], [0.32683176455152535, 0.34387952384794124, 0.19125631364843776, 0.13803239785208904], [0.31624902989011655, 0.33989277674330437, 0.1968262722086854, 0.14703192105790774], [0.3226026572795533, 0.34916653795359326, 0.18461691759495802, 0.14361388707190956], [0.3160466285579167, 0.3465260475011039, 0.19391861178004152, 0.14350871206093965], [0.3223574092543649, 0.34770512784868973, 0.1772904008160147, 0.1526470619809431], [0.31775584618252817, 0.3509227645673824, 0.1786555502520582, 0.1526658388980308], [0.3216269024250058, 0.35282574281759793, 0.17558263731224658, 0.1499647173451675], [0.31088189242054554, 0.3560027308188658, 0.18095438784714993, 0.1521609888134559], [0.3072919240185136, 0.35951073496732283, 0.18356402858081655, 0.14963331233333646], [0.31042780224423827, 0.3492124278153952, 0.18610489424808005, 0.15425487559228787]], "ideal": "A", "sampled": "B", "correct": false}}
{"type": "result", "data": {"idx": 8, "options": ["Defining the program", "Planning the program", "Taking action and implementing ideas", "Evaluation of the program"], "probs": [[0.30190936694980663, 0.3277599332463965, 0.25795243748317975, 0.11237826222062161], [0.2943362736623069, 0.3209184646240069, 0.260396829155032, 0.12434843245865883], [0.306833197126186, 0.34343053927034206, 0.23038148422230628, 0.11935477928115852], [0.30630623539409185, 0.3348423522765806, 0.2391452647339029, 0.11970614749542406], [0.2985980010938679, 0.332757951256865, 0.227875614430854, 0.14076843311838563], [0.30149666525022395, 0.3317451047205112, 0.23199563794223524, 0.1347625919870094], [0.3172758476675337, 0.32529773651175503, 0.23534382382056604, 0.12208259190015344], [0.3124082763412059, 0.3221421417734231, 0.23767993206543217, 0.12776964971993937], [0.31507618642537083, 0.3231009767113323, 0.24511549207499597, 0.11670734468830854], [0.3153392170413554, 0.3157955064800958, 0.24341953734167918, 0.1254457390368661], [0.31464501166793335, 0.3224223974846001, 0.23404844301517339, 0.12888414773228637], [0.31823275998888484, 0.3179515816262971, 0.22849299897562708, 0.1353226593092039], [0.32045141923528414, 0.3301773398449769, 0.22655437602180242, 0.12281686479794765], [0.31680848963119285, 0.32384840013913124, 0.23352735920078885, 0.12581575092888864], [0.3241762774259921, 0.32144241747638386, 0.23820024460728875, 0.11618106039032972], [0.3214901436583159, 0.3158273520358438, 0.23599883039934974, 0.1266836738064791], [0.3219990895912447, 0.3275665024021038, 0.2277088292229662, 0.12272557868367494], [0.32588729170910796, 0.3233960186756322, 0.21938927387753682, 0.13132741563771672], [0.3137041420199662, 0.30877124080331164, 0.2340809763369341, 0.1434436407397755], [0.31924983525045797, 0.30772153883558595, 0.23743880264976452, 0.13558982316420048], [0.31293539671461346, 0.30482322944201334, 0.2450471505843404, 0.13719422315903454], [0.32002192585927075, 0.3006764277830291, 0.23539218189173622, 0.14390946436595972], [0.31611376633322685, 0.3102026734200184, 0.24516348459956583, 0.12852007554718525], [0.32368642066707304, 0.3067838385434201, 0.2340487193451867, 0.1354810213443158]], "ideal": "B", "sampled": "C", "correct": false}}
{"type": "result", "data": {"idx": 9, "options": ["ingratiation", "downplaying", "distancing", "nonexistence"], "probs": [[0.2255387210449131, 0.2756735015033811, 0.26471626789293295, 0.2340715094587865], [0.22337066935017066, 0.2783945483008964, 0.26376939540444194, 0.2344653868444929], [0.22229569045460687, 0.2769626490547523, 0.2750387968343121, 0.22570286355631672], [0.22724787482691158, 0.27421132590716407, 0.2615387356637403, 0.2370020635021949], [0.2288933756587705, 0.2798964063252101, 0.2669768276160756, 0.2242333902999315], [0.23127747223664555, 0.2776303743259472, 0.26349422736101813, 0.2275979259763995], [0.22559511267517435, 0.2747651804833521, 0.26282578843105014, 0.23681391831041157], [0.22215082880444317, 0.27619903996433093, 0.26230275924439905, 0.23934737188682642], [0.22571545907074314, 0.26670807470743485, 0.2740616729550892, 0.23351479316671667], [0.23057407047692882, 0.2669175159405726, 0.2637703164602608, 0.23873809702223728], [0.22642393829514437, 0.2749766215448857, 0.2691421623302679, 0.22945727772970206], [0.23216178042960398, 0.2708243069757409, 0.2664580514899716, 0.2305558610046841], [0.22510520336354795, 0.2764693006598302, 0.27162263687552995, 0.2268028590010851], [0.22767051867166632, 0.2732977935511906, 0.2598956339848737, 0.2391360536922596], [0.2270577848660449, 0.27378506040663697, 0.2733334445805757, 0.22582371004673119], [0.23045095746100927, 0.27619117946337624, 0.26328627058201687, 0.23007159239360248], [0.22834739894983413, 0.27445050199159465, 0.26838132597233016, 0.2288207729862549], [0.23353265819045818, 0.2786676279444565, 0.26844867856036736, 0.21935103520470953], [0.2215668789283603, 0.28819428380525897, 0.26331493033963616, 0.226923906826739], [0.22065536098477642, 0.28592715849544537, 0.25934445779888277, 0.23407302262091187], [0.22535137887774076, 0.28453080430271943, 0.2591636290762841, 0.23095418764324874], [0.2289852753834816, 0.2810762997487233, 0.25473835431887043, 0.23520007044893046], [0.2233679714200137, 0.2783926826793303, 0.26010952357546924, 0.2381298222251889], [0.22746403408392263, 0.282228974558217, 0.2600476309363567, 0.23025936032153188]], "ideal": "B", "sampled": "B", "correct": true}}
{"type": "result", "data": {"idx": 10, "options": ["It hasn't", "Doubled", "Tripled", "Quadrupled"], "probs": [[0.20537320840033477, 0.2496808260920554, 0.2910386559844831, 0.25390730942312023], [0.21877943873293806, 0.262837070177583, 0.29125693042666634, 0.2271265605628201], [0.2089173823980955, 0.2518761116911835, 0.29592943568669083, 0.24327707012402877], [0.2264831474965769, 0.2616156267633039, 0.2780553241507903, 0.23384590148933818], [0.22579892137615382, 0.2646072261370387, 0.2879129774626917, 0.22168087492410515], [0.2206503955103182, 0.2584697672230498, 0.2739371124932113, 0.2469427246734157], [0.24911745320475767, 0.29096552497357253, 0.2488773547047893, 0.21103966701687593], [0.2611761098786311, 0.29556872494526765, 0.2500762578181687, 0.19317890725794076], [0.264598007877325, 0.28384027707479004, 0.30248609743145055, 0.1490756175164469], [0.25503652719267716, 0.2740379274445108, 0.2816872365899249, 0.18923830867290264], [0.2915022063052241, 0.29608784375164265, 0.27834108828740967, 0.1340688615557259], [0.2722035746904575, 0.2806992068817378, 0.26807294877252813, 0.17902426955527026], [0.2528777293718472, 0.3019156971827161, 0.24262271944909233, 0.2025838538963603], [0.26149216474430387, 0.30540853125451833, 0.23474011266305117, 0.19835919123811568], [0.2698333305441604, 0.3020202141539645, 0.2766900665163357, 0.1514563886855211], [0.25430901887684654, 0.2891748358274939, 0.2628784890791406, 0.19363765611653996], [0.28274516388845, 0.29392522531430176, 0.28399237388040754, 0.1393372368168277], [0.2641717383580674, 0.2853725640744506, 0.27690852019594625, 0.17354717727152089], [0.27541362968682487, 0.3039370298085004, 0.2371950296842809, 0.18345431072039234], [0.2695249035911151, 0.30072665078284294, 0.22774900844224197, 0.20199943708380183], [0.3008672978502785, 0.3007923057041932, 0.26130363530458584, 0.13703676104092977], [0.276331739808551, 0.28383467740347085, 0.25215989862922605, 0.18767368405876286], [0.2930175426967182, 0.2900109573941768, 0.2710359336685024, 0.14593556614059436], [0.26872375957169614, 0.2794043560440709, 0.2653202468398811, 0.18655163744437386]], "ideal": "C", "sampled": "D", "correct": false}}
{"type": "result", "data": {"idx": 11, "options": ["They both require research monitoring.", "They both deal with acute risks.", "New organizational practices are developed as a result of each.", "Both have the potential to damage an organisation's reputation."], "probs": [[0.20409332376556055, 0.2563324589277451, 0.26620279460329604, 0.2733714226033869], [0.21983556510012156, 0.259228838353532, 0.2634846708702418, 0.25745092557610316], [0.20345770405966393, 0.25654343786909845, 0.2561506605376466, 0.2838481974335954], [0.220421917731318, 0.26359585069140556, 0.26003099992012463, 0.25595123155716476], [0.2232592346905889, 0.263130403453372, 0.2595758629513953, 0.2540344988046517], [0.2231111976475665, 0.26701083307530765, 0.26785172179269007, 0.24202624738445153], [0.20399494242028784, 0.25416465252850434, 0.27063522589258776, 0.27120517905859676], [0.21861315567592168, 0.2565425084422779, 0.2683721624721146, 0.2564721733096835], [0.20741867792497318, 0.2568489087548469, 0.25597016711296605, 0.2797622461071946], [0.21729409026141414, 0.26634337272833514, 0.2632805569290374, 0.2530819799812065], [0.2212066931388529, 0.26218480880405004, 0.2613201175470795, 0.2552883804100099], [0.21873425052466539, 0.2704599257344725, 0.27253605236404277, 0.2382697712768262], [0.2125461677621158, 0.2399853211871704, 0.26159313737776885, 0.28587537357293313], [0.22991151826621778, 0.25635802451116046, 0.2625740760283535, 0.251156381094251], [0.21532978754349927, 0.24361721768992115, 0.2564296901593058, 0.2846233045072758], [0.22850484242188465, 0.26068768290954325, 0.2615404089867607, 0.2492670655818228], [0.2346499420994724, 0.2636516551622445, 0.2522779481584096, 0.24942045447987188], [0.23363886465011804, 0.2653262095660163, 0.25616289153996363, 0.24487203414391825], [0.22677449012376844, 0.25797394488468156, 0.26320937349345597, 0.2520421913981078], [0.22653278527101114, 0.26897184867248464, 0.2712732004825174, 0.23322216547399646], [0.2278459259038539, 0.26013678303946497, 0.25902355999727744, 0.2529937309594316], [0.225701621482555, 0.2724180581051033, 0.26984611743451026, 0.2320342028778361], [0.22851634046273117, 0.27217691821808143, 0.251265192688403, 0.24804154853078472], [0.22881170112772145, 0.273705306703488, 0.25426566690445607, 0.24321732516431696]], "ideal": "B", "sampled": "D", "correct": false}}
{"type": "result", "data": {"idx": 12, "options": ["1917", "1922", "1925", "1927"], "probs": [[0.22249502586032774, 0.2796042828862052, 0.3187396089140549, 0.1791610822394219], [0.2307052200532889, 0.2889160883992145, 0.31609385208773444, 0.16428483935976232], [0.2231073928014503, 0.28985991377182696, 0.32386929417032845, 0.16316339915640377], [0.23046304923594518, 0.29184801744438954, 0.3160932940953777, 0.16159563912428557], [0.23360913030129887, 0.29474201764116426, 0.3162999537803738, 0.15534889817717526], [0.2318343553482529, 0.2940806875785196, 0.3158887307993433, 0.15819622617387186], [0.23904837770146134, 0.3032215250367353, 0.294240651045814, 0.1634894461160199], [0.24289354398566668, 0.30646771930392586, 0.29431372065770456, 0.1563250159527106], [0.24130561107588985, 0.29450357153748163, 0.30847693602067316, 0.1557138812659621], [0.2460981050349535, 0.3016213666654644, 0.29312899306482054, 0.15915153513475713], [0.23644950134289627, 0.2950258489897167, 0.3190202669438916, 0.14950438262349205], [0.23956538568062152, 0.2971539132724567, 0.3133263854739655, 0.14995431547297464], [0.23229667750415, 0.3033329637287356, 0.29581367731777947, 0.16855668134932808], [0.23794493922814766, 0.305566465136182, 0.2948737942498172, 0.1616148012858351], [0.2497319714988054, 0.31086570870248315, 0.28722961425106325, 0.15217270544765324], [0.2474121672546555, 0.31379479916942005, 0.2860105199136425, 0.15278251356228797], [0.23752043544011608, 0.2984098035095865, 0.30872292577327254, 0.15534683517703213], [0.2413052713599731, 0.30158583045046894, 0.30628150362423273, 0.1508273944653312], [0.24249739575321963, 0.309361375475314, 0.28841675185609655, 0.15972447681538904], [0.24203887631778528, 0.30842204717646166, 0.2882079371026526, 0.16133113930310736], [0.2539749672589679, 0.31400154261997176, 0.28743970346468173, 0.14458378655639637], [0.25229674967335325, 0.31452744507026964, 0.28356840169276243, 0.14960740346362034], [0.2513504096771769, 0.3116350211193272, 0.28628882393364213, 0.15072574516984766], [0.2603565725057493, 0.3150170845262279, 0.27721786189243375, 0.1474084809755938]], "ideal": "B", "sampled": "D", "correct": false}}
{"type": "result", "data": {"idx": 13, "options": ["270", "600", "2,800", "5,200"], "probs": [[0.2205706717973893, 0.26547468689980463, 0.3112110338133233, 0.2027436073894812], [0.23021827196738986, 0.27230923751062325, 0.30119971837320947, 0.19627277204877724], [0.23433993349102633, 0.28278025159981907, 0.29407971861418286, 0.18880009619498409], [0.24304130102533764, 0.277928106122012, 0.2826343331970276, 0.1963962595556235], [0.23827673211205133, 0.287696216276886, 0.29021118485174635, 0.18381586665931587], [0.24130159924647432, 0.28424448648769673, 0.2904169279300598, 0.18403698623577844], [0.2216423177497037, 0.27423272416487016, 0.29871911061193157, 0.20540584737350642], [0.23342076822758628, 0.2774719549074797, 0.28828903045579407, 0.20081824630912753], [0.22648587387546917, 0.2723787807632628, 0.2968736464435631, 0.2042616988176816], [0.22637347299081864, 0.2651644522879385, 0.28549453797151064, 0.2229675366497582], [0.2354018477842023, 0.28263588931789074, 0.28270647731470483, 0.19925578548317927], [0.23091935309016715, 0.27447666399605847, 0.2865078563060205, 0.2080961265077653], [0.23360591985700882, 0.2859539438227989, 0.28821786991513276, 0.1922222663050717], [0.23705766633770667, 0.2881855972925094, 0.2809234494870493, 0.19383328678273493], [0.23610654746372012, 0.285778896492753, 0.2821801843967572, 0.1959343715467575], [0.23046057697596914, 0.2837898174782857, 0.27530431695983215, 0.21044528848591365], [0.2282620188322768, 0.28500750331847347, 0.2977810142911317, 0.18894946345812183], [0.225331561264689, 0.28476476239988696, 0.2953376145697491, 0.1945660616656772], [0.23668603958850098, 0.28452087763875566, 0.2850821643746839, 0.19371091829806125], [0.24145263952688634, 0.28330204933543085, 0.2887415320350633, 0.18650377900261797], [0.23632058642618997, 0.2867180666276046, 0.2772643109733044, 0.19969703587290313], [0.23604904146837782, 0.2818019776466658, 0.2804022003762993, 0.20174678040866828], [0.23451908089171972, 0.2833342552956826, 0.2958613665895151, 0.18628529712307104], [0.22813998494490714, 0.2842778575201664, 0.29900060972510717, 0.18858154770981936]], "ideal": "C", "sampled": "A", "correct": false}}
{"type": "result", "data": {"idx": 14, "options": ["Enabling", "Functional", "Normative", "Diffused"], "probs": [[0.23735354692807117, 0.2854092997631176, 0.2671250084801229, 0.2101121447287087], [0.23948634971469257, 0.2901198888531539, 0.2693886224057852, 0.20100513892636576], [0.24544222744436028, 0.2893484153734209, 0.25226372579890066, 0.21294563128332794], [0.23906237315731269, 0.30127966223219516, 0.26566117033005, 0.1939967941804637], [0.2418349229824631, 0.2935762588036406, 0.25427758379830395, 0.21031123431557505], [0.24085830683972637, 0.30505551724896035, 0.264291735791045, 0.18979444002025106], [0.23784035803823, 0.2976141951638106, 0.2681049953596456, 0.19644045133833635], [0.23899578037165276, 0.3015962159159296, 0.2693918099635425, 0.19001619364887337], [0.2340830926275456, 0.2927655706125081, 0.2686280594395133, 0.20452327722044386], [0.2296874421489578, 0.2978940135511445, 0.27351356251708553, 0.1989049816828244], [0.23151699208794085, 0.2949687015677645, 0.26642817480575776, 0.20708613143854449], [0.22891599233777307, 0.29947199242539335, 0.2687257972921766, 0.2028862178446299], [0.2498636237999313, 0.2886492344883263, 0.2623112280483779, 0.19917591356336392], [0.24610628779908597, 0.2996786978505356, 0.2740666899837049, 0.1801483242666595], [0.24522296180232617, 0.28156737394255515, 0.2764760389043938, 0.19673362525072435], [0.24229215258933134, 0.28718455594074116, 0.2806296595934444, 0.18989363177648405], [0.23911559258819143, 0.29549158040648993, 0.2706139567871091, 0.19477887011820538], [0.23984973800464002, 0.2884082472249757, 0.26377684033437393, 0.207965174336008], [0.2471789490992947, 0.2859688345188073, 0.2542468879207268, 0.21260532836116672], [0.24495083609552906, 0.29863228471124403, 0.26520423166049695, 0.19121264743273628], [0.24180428171876275, 0.28401402043077695, 0.2701226694537274, 0.20405902829672937], [0.23808331401167945, 0.2885833557805676, 0.2732320596160917, 0.20010127049168255], [0.24320994236477148, 0.2995690578297599, 0.2612682743430562, 0.19595272536243302], [0.24345610434499476, 0.29077837394471734, 0.2529676829303527, 0.21279783867995783]], "ideal": "C", "sampled": "D", "correct": false}}
{"type": "result", "data": {"idx": 15, "options": ["Audiences are more vulnerable and passive than ever before.", "Television viewing, in particular, creates increased activity in the right hemisphere of the brain.", "Active receivers are not uniformly affected by mass communication messages.", "Technology has led to increasingly passive recipients at the ends of message transmission systems."], "probs": [[0.233058302430396, 0.29580015148277244, 0.2660947899630855, 0.20504675602374778], [0.22484441142555292, 0.2850280469179473, 0.2655635042300762, 0.2245640373264258], [0.23876988077891736, 0.2943051334771203, 0.2670360990795053, 0.19988888656446915], [0.22352911721850793, 0.2870141736858793, 0.2648632667527556, 0.22459344224285485], [0.21849373298507735, 0.2862515723224107, 0.27997790361203695, 0.21527679098047622], [0.21876419723038765, 0.2872556462978492, 0.2739069061717693, 0.22007325019999258], [0.24933585968803668, 0.3087787400409926, 0.2578282958076449, 0.184057104363322], [0.2376334919396138, 0.29539054672601295, 0.2610231667820396, 0.20595279445230472], [0.2538593810955174, 0.31146630848425133, 0.2544055013763983, 0.18026880894382882], [0.2557846357624422, 0.3009224067312304, 0.2607246488668161, 0.18256830853951891], [0.23860978234610042, 0.2973375310101008, 0.2708034599806736, 0.19324922656310364], [0.2543152892863282, 0.30067258627333904, 0.2678149312270541, 0.17719719311329174], [0.2460068387702131, 0.31192581150201815, 0.2553447678553758, 0.18672258177239648], [0.23146926827697964, 0.3050871157256429, 0.2538727617024495, 0.20957085419493002], [0.2450598577283892, 0.3124443564591657, 0.257580750121471, 0.18491503559096947], [0.2484231362724429, 0.3043077579959657, 0.2589800182623882, 0.18828908736922062], [0.23443023219784184, 0.3082932460589267, 0.2607499400978816, 0.1965265815453445], [0.24200792278680716, 0.3056071508142458, 0.2668624399644799, 0.18552248633445914], [0.2311026913819457, 0.29922780149930883, 0.26975469755147174, 0.19991480946726953], [0.22944797270148903, 0.3039353188770281, 0.259316119752363, 0.20730058856910058], [0.2302708867054551, 0.29778834689807965, 0.2727252026269188, 0.19921556366953838], [0.2424936553056369, 0.2987568630560233, 0.27102222947489535, 0.1877272520634436], [0.23382024697132167, 0.3090252026418263, 0.2600189526146884, 0.19713559767215968], [0.24408379534973007, 0.2994974575733241, 0.271019776924853, 0.1853989700520873]], "ideal": "C", "sampled": "B", "correct": false}}
{"type": "result", "data": {"idx": 16, "options": ["A politician", "A house of worship", "A government institution", "A publicly-traded company"], "probs": [[0.24507833712544652, 0.25420550284392956, 0.2930970545482098, 0.207619105382421], [0.24584313842012012, 0.2422662981675508, 0.29801665286862866, 0.21387391044369636], [0.24547394590492666, 0.2508156928945634, 0.3009517937075135, 0.20275856739299236], [0.24742805044833374, 0.24470626661116074, 0.30828048026152627, 0.19958520257897716], [0.2511244054469996, 0.24217154651281567, 0.2985442803563025, 0.20815976758386823], [0.2528012398402693, 0.24885561163093314, 0.29777873115246295, 0.2005644172763351], [0.2632734115380134, 0.2542060871455068, 0.27868691536953955, 0.2038335858469485], [0.26456107035729776, 0.24339508068472968, 0.281685495993394, 0.21035835286456356], [0.256986429650565, 0.25915043491225365, 0.29439353870306745, 0.18946959663410015], [0.2571689849933102, 0.24907369405509308, 0.2860159720660669, 0.20774134878554054], [0.26110972330152027, 0.25423062860830736, 0.28385216663938434, 0.20080748135078882], [0.2608961420848436, 0.25182148070522015, 0.2765581848516882, 0.21072419225823452], [0.24892413689555487, 0.25060427593265994, 0.2873044311136725, 0.21316715595809477], [0.25203859851730726, 0.24394648620884268, 0.29358489083226186, 0.21043002434159622], [0.25136711602095985, 0.26085926772203744, 0.2919502821511356, 0.19582333400585333], [0.25231527604921017, 0.24947091876283703, 0.28360612691238535, 0.21460767817556453], [0.25158035556639863, 0.25789224129057753, 0.30193137847046236, 0.18859602457256255], [0.25378044678967737, 0.25154511383037476, 0.28849444880290515, 0.20617999047704094], [0.2559459540223334, 0.25102496512402955, 0.28479587795274036, 0.20823320280090943], [0.2576853092676984, 0.25471823391024134, 0.2877643486236783, 0.19983210809838348], [0.2543001536103488, 0.25694754378386775, 0.28364445077989686, 0.2051078517258757], [0.25573414910352066, 0.25618589650282847, 0.27408269913200994, 0.21399725516164003], [0.25035800148910325, 0.25398265879013, 0.307796547586552, 0.18786279203421857], [0.25329008125852437, 0.2527632486466907, 0.28923092508711756, 0.20471574490766983]], "ideal": "C", "sampled": "B", "correct": false}}
