{"type": "result", "data": {"idx": 0, "options": ["k = 0 and n = 1", "k = 1 and n = 0", "k = n = 1", "k > 1"], "probs": [[0.24555682856527736, 0.1674015106695863, 0.25468798694217915, 0.3323536737229615], [0.21051890287042044, 0.2219726521940324, 0.30450094443016384, 0.26300750040538384], [0.21723572523518042, 0.25054080679542456, 0.2484594738842878, 0.2837639939851102], [0.22911221688703376, 0.3064951520384121, 0.29183952884296405, 0.1725531021315793]], "ideal": "B", "sampled": "D", "correct": false}}
{"type": "result", "data": {"idx": 1, "options": ["0", "1", "2", "3"], "probs": [[0.14651668439319743, 0.27858985651442053, 0.3261970499033497, 0.24869640908904436], [0.24217435559721015, 0.28817968058602794, 0.2727908025082653, 0.19685516120848473], [0.21329372745476938, 0.28029539071051873, 0.19483812346480864, 0.31157275826991787], [0.21451803659919172, 0.15602680319203535, 0.34963256883621513, 0.2798225912725704]], "ideal": "D", "sampled": "B", "correct": false}}
{"type": "result", "data": {"idx": 2, "options": ["n = 1 and r = 6", "n = 1 and r = 7", "n = 2 and r = 5", "n = 2 and r = 6"], "probs": [[0.18890749272572546, 0.22527042144420947, 0.28911065301887606, 0.29671143271119294], [0.203216656957821, 0.2329891920683852, 0.24042696099566796, 0.32336718987811774], [0.19501141623771712, 0.18937701588562464, 0.31841123889610706, 0.29720032888055475], [0.1813166482009671, 0.28029682022576896, 0.26881200799196137, 0.2695745234813191]], "ideal": "D", "sampled": "A", "correct": false}}
{"type": "result", "data": {"idx": 3, "options": ["4", "8", "16", "2sqrt(2)"], "probs": [[0.23693676019711846, 0.20185483498350468, 0.2212490173407729, 0.339959387378606], [0.18176292077781364, 0.19882778672431273, 0.3656195606722859, 0.25378973172557406], [0.2159460240518125, 0.31210441143986717, 0.23297371234151784, 0.23897585206680624], [0.3057829232938308, 0.24174974037290395, 0.21670360066374147, 0.23576373556953722]], "ideal": "A", "sampled": "D", "correct": false}}
{"type": "result", "data": {"idx": 4, "options": ["2/69", "1/30", "2/23", "12/125"], "probs": [[0.20466159183079022, 0.24931963365519633, 0.2908275968531205, 0.2551911775608938], [0.14104199249004432, 0.2788664193201842, 0.23845176331323936, 0.34163982477653254], [0.17411275579890564, 0.1878879010351682, 0.34230730237622337, 0.29569204068971683], [0.17452379849267424, 0.27181706935757727, 0.27254616086573125, 0.281112971184008]], "ideal": "C", "sampled": "A", "correct": false}}
{"type": "result", "data": {"idx": 5, "options": ["(S, +, x) is closed under addition modulo 10.", "(S, +, x) is closed under multiplication modulo 10.", "(S, +, x) has an identity under addition modulo 10.", "(S, +, x) has no identity under multiplication modulo 10."], "probs": [[0.190701642310227, 0.2030283349771372, 0.23732276059710372, 0.36894726201554146], [0.1630124051261994, 0.14395849774933017, 0.4617630450597618, 0.2312660519647034], [0.17190248389606594, 0.3359693751781715, 0.21352010732990412, 0.2786080334958665], [0.3879932798941458, 0.14357444246539314, 0.1883709558837638, 0.28006132165670433]], "ideal": "D", "sampled": "D", "correct": true}}
{"type": "result", "data": {"idx": 6, "options": ["12*sqrt(2)", "6*sqrt(2)", "4*sqrt(2)", "1/(2*sqrt(2))"], "probs": [[0.17954507846669382, 0.23774777094353278, 0.30037544737394567, 0.28233170311582517], [0.21652020896826277, 0.25957005225489954, 0.30058499626216156, 0.22332474241468217], [0.18879521123677367, 0.21940943633244686, 0.19595670464684947, 0.3958386476839367], [0.18332997657068503, 0.17975482035726179, 0.2945089841740222, 0.3424062187980307]], "ideal": "C", "sampled": "B", "correct": false}}
{"type": "result", "data": {"idx": 7, "options": ["0", "10%", "25%", "50%"], "probs": [[0.10691823860813499, 0.17412836540944238, 0.35727018507459574, 0.36168321080782384], [0.12735501210000885, 0.30666656731052416, 0.3327878377602705, 0.2331905827292122], [0.15863015991245097, 0.34430351301251244, 0.24650732141823722, 0.2505590055568067], [0.1756129534412089, 0.15399019635347835, 0.2779189282239396, 0.39247792188136604]], "ideal": "C", "sampled": "C", "correct": true}}
{"type": "result", "data": {"idx": 8, "options": ["None", "I only", "II only", "III only"], "probs": [[0.15005223374790697, 0.21072468898258037, 0.31081082447092917, 0.32841225269859636], [0.17561447865287447, 0.2453340799450203, 0.3299346243912595, 0.24911681691083662], [0.23272942660260262, 0.21099529364652034, 0.26274236077370877, 0.2935329188771731], [0.2147333772670766, 0.1732253183029183, 0.2878232249469223, 0.3242180793831127]], "ideal": "C", "sampled": "C", "correct": true}}
{"type": "result", "data": {"idx": 9, "options": ["Every compact space is complete", "Every complete space is compact", "Neither (a) nor (b).", " Both (a) and (b)."], "probs": [[0.11926323661867141, 0.16267113436831404, 0.34997374667827474, 0.3680918822347382], [0.11764894476206349, 0.15615737162758284, 0.34109356305733385, 0.385100120453039], [0.16597806418886996, 0.2684014426533263, 0.3638693482545482, 0.20175114480327141], [0.21410928891277367, 0.21910689322109692, 0.20112499438477693, 0.3656588233813574]], "ideal": "A", "sampled": "D", "correct": false}}
{"type": "result", "data": {"idx": 10, "options": ["10", "20", "25", "45"], "probs": [[0.09952578072615206, 0.1732636424670675, 0.3479687493597969, 0.3792418273469763], [0.1970893453190368, 0.2581160284598628, 0.3345345422339353, 0.2102600838871604], [0.20050505867338156, 0.2605563298855398, 0.2290489336625994, 0.30988967767847597], [0.21344989586549118, 0.18046516017638467, 0.30743094322503356, 0.2986540006330861]], "ideal": "D", "sampled": "D", "correct": true}}
{"type": "result", "data": {"idx": 11, "options": ["1/64", "15/64", "1/4", "3/8"], "probs": [[0.18848069500511627, 0.3267962805694348, 0.25694436162026396, 0.22777866270516772], [0.23361521408884145, 0.30888989184068105, 0.24528181112300088, 0.2122130828474863], [0.21050495636309496, 0.2827316788469301, 0.22230366604118013, 0.28445969864881426], [0.21226633303797415, 0.19354841976503107, 0.3279719380287985, 0.2662133090681927]], "ideal": "B", "sampled": "B", "correct": true}}
{"type": "result", "data": {"idx": 12, "options": ["0", "1", "2", "3"], "probs": [[0.3089215408378938, 0.16093221069845767, 0.24394706800332164, 0.28619918036032116], [0.17839288205382953, 0.16862525809959608, 0.2317375861562198, 0.4212442735903494], [0.16750919054344632, 0.17177850010652435, 0.4009111857214257, 0.25980112352861046], [0.14529175883502923, 0.3791905467655621, 0.21986948569284503, 0.2556482086065698]], "ideal": "A", "sampled": "A", "correct": true}}
{"type": "result", "data": {"idx": 13, "options": ["4", "7", "10", "13"], "probs": [[0.1817047184895977, 0.23784223558272613, 0.27861863022506594, 0.30183441560261215], [0.18783436639097625, 0.19794235136488036, 0.2959897638853377, 0.3182335182587981], [0.15278401039227124, 0.19244974458467334, 0.34556632306782864, 0.3091999218552166], [0.1669121831772986, 0.27956147912618684, 0.28053981053943106, 0.27298652705709764]], "ideal": "B", "sampled": "A", "correct": false}}
{"type": "result", "data": {"idx": 14, "options": ["0.64", "0.72", "0.81", "0.95"], "probs": [[0.23518514012593963, 0.2551800688362264, 0.2383268588939916, 0.27130793204383985], [0.2229723684292638, 0.24773148565398986, 0.22917053733272533, 0.3001256084840181], [0.2007515367875786, 0.22880875596149058, 0.30254715088145173, 0.2678925562694767], [0.1844894521725267, 0.2861550023434225, 0.2507506478147065, 0.2786048975693539]], "ideal": "D", "sampled": "A", "correct": false}}
{"type": "result", "data": {"idx": 15, "options": ["I only", "II only", "III only", "I and II only"], "probs": [[0.16606518226272662, 0.22466723351849954, 0.2515145688152078, 0.357753015303567], [0.1688770850343966, 0.16056775233507697, 0.33989974442810683, 0.33065541810242854], [0.1261945693628769, 0.3141463915143824, 0.2997254053720725, 0.25993363365063926], [0.2265099518843333, 0.2796058027000764, 0.2673849028860222, 0.22649934242956973]], "ideal": "D", "sampled": "D", "correct": true}}
{"type": "result", "data": {"idx": 16, "options": ["I only", "II only", "III only", "I and II only"], "probs": [[0.17936886897151608, 0.18327658630605004, 0.2529815276818292, 0.3843730169406022], [0.1515365489144754, 0.1525064656992971, 0.34625212659420185, 0.34970485869202866], [0.15093041844970434, 0.25738102654705486, 0.3323396678527568, 0.25934888705048637], [0.21185402136100223, 0.30207147316826716, 0.23307938858769614, 0.252995116783034]], "ideal": "B", "sampled": "D", "correct": false}}
{"type": "result", "data": {"idx": 17, "options": ["-1/4", "-1/(4sqrt(2))", "0", "sqrt(2)"], "probs": [[0.19746788918636862, 0.3044994778556616, 0.3228145022822273, 0.17521813057574107], [0.2518348474575786, 0.27767427121485583, 0.22052451632292058, 0.2499663649046356], [0.1511501878916086, 0.2595109509055813, 0.27683666011473756, 0.312502200988101], [0.1898172648421911, 0.23203608617393726, 0.2808753086852007, 0.2972713401986521]], "ideal": "C", "sampled": "B", "correct": false}}
{"type": "result", "data": {"idx": 18, "options": ["I and II only", "III only", "I and III only", "I, II, and III"], "probs": [[0.16204263669085014, 0.1378520026166257, 0.25688702124176427, 0.44321833935076227], [0.11412686544937822, 0.19109550082022247, 0.46203152539623416, 0.2327461082341604], [0.14711652143259205, 0.32249514838099647, 0.28074721971343203, 0.24964111037300574], [0.20607206130603636, 0.2697650576997487, 0.24901152958714665, 0.27515135130709373]], "ideal": "D", "sampled": "D", "correct": true}}
{"type": "result", "data": {"idx": 19, "options": ["3", "e", "sqrt(5)", "0"], "probs": [[0.19626588728815803, 0.21223042079847265, 0.2991564840279614, 0.29234720778539763], [0.22030104876406179, 0.29400438632895914, 0.2827635905150947, 0.20293097429188317], [0.4019322966289503, 0.17214267135146533, 0.19653918026565873, 0.2293858516539375], [0.2091858899925577, 0.21159240063592336, 0.26639874941749325, 0.3128229598540293]], "ideal": "A", "sampled": "C", "correct": false}}
{"type": "result", "data": {"idx": 20, "options": ["I only", "II only", "III only", "I, II, and III"], "probs": [[0.09449689480834919, 0.13440636505145054, 0.20177371051569865, 0.5693230295245307], [0.10655782064363882, 0.15593768970925734, 0.48497489443274777, 0.25252959511435824], [0.09185693140192151, 0.46669820314059457, 0.21882276065914089, 0.22262210469833765], [0.25743396853667405, 0.20600997846068947, 0.234446981098507, 0.30210907180412283]], "ideal": "D", "sampled": "D", "correct": true}}
{"type": "result", "data": {"idx": 21, "options": ["None", "One", "Four", "Five"], "probs": [[0.1869264886797933, 0.24710200693444467, 0.30397609070380516, 0.2619954135819661], [0.21063658628045345, 0.2085478839655061, 0.20255316169162907, 0.37826236796240964], [0.2005284835098861, 0.19624143255499804, 0.3016061597412311, 0.3016239240938725], [0.19132617665535231, 0.29470952998730565, 0.25905164930655517, 0.25491264395079843]], "ideal": "D", "sampled": "A", "correct": false}}
{"type": "result", "data": {"idx": 22, "options": ["I only", "II only", "III only", "I and II only"], "probs": [[0.16268508259447303, 0.22106346554302347, 0.25743642167328196, 0.3588150300892007], [0.20115966556973383, 0.18576647122636006, 0.3277717934600871, 0.2853020696438028], [0.18499747918200016, 0.32136173591812645, 0.23332143508072914, 0.2603193497191513], [0.25080340063838263, 0.23370483633060818, 0.26030336463669074, 0.2551883982943197]], "ideal": "B", "sampled": "D", "correct": false}}
{"type": "result", "data": {"idx": 23, "options": ["2/81", "1/18", "2/27", "1/9"], "probs": [[0.17721869382163163, 0.2881730261712872, 0.28377626042886406, 0.2508320194782137], [0.18698823482941584, 0.28280092369272974, 0.2591111110322147, 0.2710997303456354], [0.18625634560608692, 0.28572974077828367, 0.2674134039187378, 0.26060050959688863], [0.1763420436154174, 0.25615212532069487, 0.2891103323876925, 0.27839549857620466]], "ideal": "A", "sampled": "C", "correct": false}}
{"type": "result", "data": {"idx": 24, "options": ["True, True", "True, False", "False, True", "False, False"], "probs": [[0.21484731846439684, 0.32118987992465536, 0.18379544359801228, 0.2801673579129256], [0.178448951798278, 0.2698973484000079, 0.22213956334110477, 0.3295141363606008], [0.17293019581355892, 0.1657157608169721, 0.3763306641393259, 0.2850233791301438], [0.1535157681762282, 0.17194317500737774, 0.4029494317159111, 0.2715916250004825]], "ideal": "B", "sampled": "B", "correct": true}}
{"type": "result", "data": {"idx": 25, "options": ["I and II only", "I and III only", "II and III only", "III only"], "probs": [[0.19039063707004883, 0.20588571196258318, 0.23737644315639697, 0.3663472077109667], [0.19271020943687842, 0.19306559671031853, 0.292082261216201, 0.3221419325365952], [0.1979610786625787, 0.1940416350755392, 0.19793926258238925, 0.4100580235794893], [0.14789715202871828, 0.23128052087481, 0.2447054987367356, 0.3761168282597313]], "ideal": "D", "sampled": "B", "correct": false}}
{"type": "result", "data": {"idx": 26, "options": ["9/2 days", "5 days", "41/8 days", "36/7 days"], "probs": [[0.15487223356589516, 0.28744520448800787, 0.23187738970721586, 0.3258051721388767], [0.17296445772783609, 0.2078612647636438, 0.288445905636927, 0.3307283717715763], [0.20308132763332692, 0.21440222494082212, 0.24772009787280624, 0.3347963494530515], [0.18930669361265623, 0.1774339779288477, 0.29133941058451124, 0.34191991777397973]], "ideal": "D", "sampled": "B", "correct": false}}
{"type": "result", "data": {"idx": 27, "options": ["1/2", "1", "sqrt(2)", "pi"], "probs": [[0.18181864772644205, 0.31228610147032015, 0.32911108984905557, 0.17678416085419799], [0.1730471997234963, 0.3882623136704067, 0.22428173553724418, 0.21440875096885634], [0.2700860468287348, 0.18960080485610872, 0.229494752324404, 0.3108183958907734], [0.1713600908842099, 0.27792555178318956, 0.2818167679727967, 0.2688975892597965]], "ideal": "A", "sampled": "C", "correct": false}}
{"type": "result", "data": {"idx": 28, "options": ["f has all of its relative extrema on the line x = y.", "f has all of its relative extrema on the parabola x = y^2.", "f has a relative minimum at (0, 0).", "f has an absolute minimum at (2/3, 2/3)."], "probs": [[0.2396972478432105, 0.21916511137853517, 0.2937531639942052, 0.24738447668405666], [0.21698524683513581, 0.18058474723167153, 0.3206130128305105, 0.2818169930026867], [0.19254359969028798, 0.19704437634853988, 0.33522299919503945, 0.27518902466615053], [0.19757271873846743, 0.22465889356711677, 0.3076687890493015, 0.2700995985451241]], "ideal": "A", "sampled": "A", "correct": true}}
{"type": "result", "data": {"idx": 29, "options": ["5", "6", "12", "15"], "probs": [[0.23365783191215955, 0.22643159418680045, 0.2965105107884178, 0.24340006301260472], [0.21333268964395247, 0.23467338463047543, 0.23747089709157937, 0.3145230285340024], [0.19247586294339228, 0.2240809006724392, 0.2776689443323217, 0.305774291951845], [0.182389298879145, 0.2753086113274896, 0.317555312958173, 0.22474677673516455]], "ideal": "B", "sampled": "A", "correct": false}}
{"type": "result", "data": {"idx": 30, "options": ["S(n0 + 1) is not true.", "S(n0 - 1) is not true.", "S(n) is not true for any n <= n0", "S(n) is not true for any n >= n0"], "probs": [[0.10631548646818871, 0.049124991929050434, 0.5013570309230547, 0.3432024905797426], [0.11007987637433872, 0.4404943846599487, 0.2944817875336156, 0.15494395133209746], [0.44494241792170086, 0.21062241475984025, 0.1850970977649699, 0.15933806945348836], [0.3262821120814528, 0.1373721440461495, 0.10409532428552064, 0.43225041948686926]], "ideal": "C", "sampled": "C", "correct": true}}
{"type": "result", "data": {"idx": 31, "options": ["(0, 0, 1)", "(3/7, 3/14, 9/14)", "(7/15, 8/15, 1/15)", "(5/6, 1/3, 1/3)"], "probs": [[0.21898487358786237, 0.26716772239299613, 0.263746740366265, 0.2501006635528703], [0.2635144481796615, 0.16824859296168454, 0.2317261837514268, 0.3365107750072328], [0.2187151832519754, 0.18131330633747078, 0.38921953609865506, 0.21075197421190364], [0.25034189516080463, 0.2930158260255873, 0.23453407786440206, 0.2221082008492139]], "ideal": "B", "sampled": "A", "correct": false}}
{"type": "result", "data": {"idx": 32, "options": ["For no such integer n", "For 3, 5, 7, and 11 only", "For 3, 5, 7, 9, and 11 only", "For 4, 6, 8, and 10 only"], "probs": [[0.12637262954771716, 0.3012946022356925, 0.3156950245781419, 0.25663774353845753], [0.22174831987304167, 0.24064884673622777, 0.2086577275849241, 0.3289451057058039], [0.2698208111042992, 0.21388739805229776, 0.24476732800788076, 0.27152446273553094], [0.23161269733985937, 0.17824024710857433, 0.30568130384819975, 0.2844657516033778]], "ideal": "B", "sampled": "C", "correct": false}}
{"type": "result", "data": {"idx": 33, "options": ["1", "2", "3", "4"], "probs": [[0.10721378815392095, 0.2617778386574113, 0.3115874546722112, 0.3194209184164514], [0.15985829341142666, 0.23860735679755135, 0.26302531380563154, 0.33850903588537523], [0.17512098733417902, 0.22090148525703882, 0.2469053455470873, 0.357072181761681], [0.18462794210196593, 0.17338240931240173, 0.34699066389496164, 0.29499898459066926]], "ideal": "C", "sampled": "B", "correct": false}}
{"type": "result", "data": {"idx": 34, "options": ["I only", "II only", "III only", "I, II, and III"], "probs": [[0.10619804620273786, 0.13116823059207386, 0.17743297029873767, 0.585200752806446], [0.12327329810886321, 0.1315026616953815, 0.5220229854342255, 0.22320105466155088], [0.12335233187395371, 0.47933291289645974, 0.18375234261900136, 0.21356241251059996], [0.2908870318532763, 0.19685712240168135, 0.23065660145631434, 0.2815992441887285]], "ideal": "D", "sampled": "D", "correct": true}}
{"type": "result", "data": {"idx": 35, "options": ["x^2 + y^2 + z^2 + 8 = 6y", "(x^2 + y^2 + z^2)^2 = 8 + 36(x^2 + z^2)", "(x^2 + y^2 + z^2 + 8)^2 = 36(x^2 + z^2)", "(x^2 + y^2 + z^2 + 8)^2 = 36(x^2 + y^2)"], "probs": [[0.21262225549571817, 0.1756044139010364, 0.35336901999166614, 0.2584043105115765], [0.30136536028081373, 0.3225713128288688, 0.20670363689725296, 0.16935968989307126], [0.27502082106594533, 0.19465196660455922, 0.18938698514812236, 0.34094022708137456], [0.22311733693733618, 0.16046476903439752, 0.2293105025500298, 0.38710739137823735]], "ideal": "D", "sampled": "C", "correct": false}}
{"type": "result", "data": {"idx": 36, "options": ["y = 2x + 1", "y = 2x", "y = x + 2", "y = x + 1"], "probs": [[0.21870385493255676, 0.21867339950047887, 0.18167082432157736, 0.38095192114539533], [0.1801446881430554, 0.21979570558762168, 0.27204700306099333, 0.3280126031083269], [0.1859919504550987, 0.2340531007225004, 0.3120562789497507, 0.2678986697726616], [0.2108039712112615, 0.29940375243544887, 0.2439647900718056, 0.24582748618148131]], "ideal": "A", "sampled": "A", "correct": true}}
{"type": "result", "data": {"idx": 37, "options": ["2", "3", "4", "5"], "probs": [[0.30212945651610595, 0.21882997262951684, 0.27547408187374384, 0.20356648888062176], [0.24442486789810372, 0.2143805948591643, 0.1971568445720708, 0.3440376925706762], [0.19320292799050182, 0.16889043209107404, 0.40026371159392155, 0.23764292822449473], [0.13874284299973563, 0.3934369277243802, 0.24531625754048228, 0.22250397163539304]], "ideal": "A", "sampled": "A", "correct": true}}
{"type": "result", "data": {"idx": 38, "options": ["True, True", "True, False", "False, True", "False, False"], "probs": [[0.2321685120088756, 0.3028282477480005, 0.19243811915334064, 0.27256512098978997], [0.19464905339727637, 0.28887133117806224, 0.22757765289127393, 0.2889019624334055], [0.2038286381242795, 0.16827801995118744, 0.3536139568929829, 0.27427938493155557], [0.16341063700147912, 0.16595648630845003, 0.41051566765462927, 0.26011720893544565]], "ideal": "A", "sampled": "B", "correct": false}}
{"type": "result", "data": {"idx": 39, "options": ["1", "2", "3", "4"], "probs": [[0.14847248101989535, 0.23818704440887417, 0.32253104773591423, 0.29080942673533067], [0.1887877420236229, 0.27911437455892346, 0.323059241831057, 0.2090386414863982], [0.20455715028197685, 0.26058896009084115, 0.2029451164973244, 0.33190877302984856], [0.21664965506844472, 0.19233306532936095, 0.27645104433492396, 0.31456623516726206]], "ideal": "C", "sampled": "C", "correct": true}}
{"type": "result", "data": {"idx": 40, "options": ["the entire real axis", "a point", "a ray", "an open finite interval"], "probs": [[0.3166632153984973, 0.15820891251693878, 0.259992759826046, 0.26513511215854296], [0.25934991993011197, 0.1630073257384222, 0.21256335134538618, 0.36507940288608226], [0.19500878148570633, 0.22625003082261333, 0.2949759037300215, 0.2837652838616594], [0.19662180969745394, 0.3721973943850161, 0.1727849757361228, 0.2583958200813973]], "ideal": "B", "sampled": "A", "correct": false}}
{"type": "result", "data": {"idx": 41, "options": ["finite", "cyclic", "of order two", "abelian"], "probs": [[0.24090881913317738, 0.25446007730455505, 0.18179905892503892, 0.3228320445372254], [0.29667619138590373, 0.1401601814498845, 0.36477098433425736, 0.19839264272996562], [0.18120683156378917, 0.44858729989430757, 0.17423008682397212, 0.19597578161793], [0.4468895343521319, 0.18193562213900322, 0.1870507820823117, 0.18412406132655065]], "ideal": "D", "sampled": "D", "correct": true}}
{"type": "result", "data": {"idx": 42, "options": ["3", "4", "5", "8"], "probs": [[0.22505306018408014, 0.23491473648030933, 0.2957092042890601, 0.2443229989465501], [0.22529839311976704, 0.27544776477388705, 0.26591928283208865, 0.2333345591742576], [0.2559748556763518, 0.2676668946554018, 0.23347196077586665, 0.24288628879236757], [0.24592972090427562, 0.25884401163086845, 0.24833876010884257, 0.2468875072560134]], "ideal": "D", "sampled": "C", "correct": false}}
{"type": "result", "data": {"idx": 43, "options": ["II only", "III only", "I and II only", "II and III only"], "probs": [[0.12229059395058083, 0.14981159030622326, 0.3533132937983064, 0.3745845218448993], [0.11969134038803243, 0.19648071307689546, 0.3409221638853621, 0.34290578254970516], [0.17728169981472391, 0.19814359736560788, 0.2912802463580918, 0.33329445636158966], [0.17986364258494825, 0.18303151521839003, 0.26591778512560504, 0.37118705697106025]], "ideal": "A", "sampled": "C", "correct": false}}
{"type": "result", "data": {"idx": 44, "options": ["1", "3", "5", "7"], "probs": [[0.23545892881166, 0.2554613180301263, 0.24286956582549965, 0.2662101872327029], [0.2084410865465966, 0.19890279450316628, 0.25248415557046183, 0.34017196327977717], [0.19965666077199537, 0.18278819400997726, 0.3591901857698152, 0.2583649593482143], [0.18437195940731993, 0.33255209357438986, 0.2505024341030704, 0.23257351281523228]], "ideal": "D", "sampled": "A", "correct": false}}
{"type": "result", "data": {"idx": 45, "options": ["True, True", "True, False", "False, True", "False, False"], "probs": [[0.26036655630587396, 0.2864691076009969, 0.18719214786462246, 0.2659721881285025], [0.1934170422412574, 0.2556641261136812, 0.21146611290634093, 0.33945271863872833], [0.20518880492326308, 0.16390079042415878, 0.3607479108913614, 0.2701624936611987], [0.16645711294427523, 0.20319622003735743, 0.3900105917965742, 0.24033607512178662]], "ideal": "A", "sampled": "A", "correct": true}}
{"type": "result", "data": {"idx": 46, "options": ["\u03c0/12", "\u03c0/6", "\u03c0/3", "2\u03c0/3"], "probs": [[0.19895169458888456, 0.24702992157532358, 0.24042236926845537, 0.31359601446733165], [0.18317989253876918, 0.28032892543674004, 0.3054697852707766, 0.231021396653719], [0.17696534054094967, 0.2386054391218419, 0.218568758978067, 0.3658604612591332], [0.20868999140401928, 0.1859568545370233, 0.2654234750390263, 0.3399296789199336]], "ideal": "B", "sampled": "D", "correct": false}}
{"type": "result", "data": {"idx": 47, "options": ["3", "pi", "3pi", "3/2"], "probs": [[0.20531105805709346, 0.27792345590349543, 0.3069728500640655, 0.20979263587533573], [0.27894230185816915, 0.19501776166967177, 0.26862774771774633, 0.2574121886544038], [0.17841565728734918, 0.2375986573820376, 0.24283632678521377, 0.34114935844540567], [0.2627950934124894, 0.22294905658406597, 0.2869081181435664, 0.22734773175988154]], "ideal": "B", "sampled": "B", "correct": true}}
{"type": "result", "data": {"idx": 48, "options": ["Only (II)", "Only (IV )", "(I) and (IV )", "(II) and (III)"], "probs": [[0.13776717997430582, 0.15667762668923713, 0.28132613797632466, 0.4242290552601366], [0.1757518587316685, 0.2769449651646774, 0.23224087323280485, 0.31506230277085523], [0.19931570322920358, 0.23396771777732578, 0.23211899842601788, 0.334597580467458], [0.18785742546033699, 0.21702637258571925, 0.2050375124060493, 0.39007868944789065]], "ideal": "C", "sampled": "C", "correct": true}}
{"type": "result", "data": {"idx": 49, "options": ["f is Riemann integrable.", "There does not exist a countably infinite E of R such that f is nondifferentiable at every x \\in E.", "There does not exist an uncountable subset E of R such that f is nondifferentiable at every x \\in E.", "None of the above."], "probs": [[0.15827064566087518, 0.22676397925123132, 0.256912710477387, 0.35805266451049783], [0.28206421172308604, 0.383868359696385, 0.1923033732184583, 0.14176405526207003], [0.1832064031180223, 0.09673043828776216, 0.15485325051339136, 0.565209907980803], [0.09489343826353423, 0.1648566761431699, 0.3370129025602572, 0.4032369829330329]], "ideal": "D", "sampled": "B", "correct": false}}
{"type": "result", "data": {"idx": 50, "options": ["the open first quadrant", "a closed curve", "a ray in the open first quadrant", "a single point"], "probs": [[0.1651252939382998, 0.3309140203150296, 0.259352907167197, 0.24460777847946866], [0.25424396332787075, 0.2449235118146935, 0.3264677328291961, 0.17436479192824716], [0.2105261150152248, 0.24907467202184705, 0.2192720316158757, 0.3211271812470626], [0.13935274589903607, 0.16705684124824904, 0.37046569932088946, 0.32312471343181715]], "ideal": "A", "sampled": "B", "correct": false}}
{"type": "result", "data": {"idx": 51, "options": ["1", "2", "p >= 1", "infinity"], "probs": [[0.15887194546677086, 0.16643118243636695, 0.4248790059731336, 0.2498178660237302], [0.12370284365079744, 0.4551698108388802, 0.12490454929663145, 0.29622279611368957], [0.4312399971985869, 0.12045119415630115, 0.21303952312549682, 0.23526928541962272], [0.0562974561450212, 0.160687606414752, 0.10414899151565041, 0.678865945824577]], "ideal": "B", "sampled": "C", "correct": false}}
{"type": "result", "data": {"idx": 52, "options": ["f is a homeomorphism.", "f is continuous and one-to-one", "f is continuous.", "f is one-to-one"], "probs": [[0.29647643000530005, 0.2795999348632378, 0.25200170529619415, 0.17192192973527304], [0.32215530445533064, 0.2348227728242142, 0.17754748792256703, 0.26547443469788173], [0.20072284188669098, 0.1538302551450467, 0.4126250958654555, 0.2328218070028194], [0.16866209025684387, 0.35069552255779535, 0.2532551198637173, 0.22738726722163508]], "ideal": "C", "sampled": "A", "correct": false}}
{"type": "result", "data": {"idx": 53, "options": ["12", "16", "12*sqrt(3)", "16*sqrt(3)"], "probs": [[0.12948492279623416, 0.18319299234027492, 0.32019519798282436, 0.3671268867806482], [0.16917499723673476, 0.31112452773274496, 0.30745708855256093, 0.21224338637795703], [0.24525609641049295, 0.2771794507925954, 0.23663557478119326, 0.24092887791571743], [0.2438047131681251, 0.1662196661950829, 0.21895864560517336, 0.37101697493160185]], "ideal": "C", "sampled": "C", "correct": true}}
{"type": "result", "data": {"idx": 54, "options": ["4", "7", "8", "12"], "probs": [[0.18368440184760368, 0.2335991364804367, 0.29867136957880136, 0.2840450919931537], [0.18968965359728027, 0.21360171121985527, 0.2779469158922319, 0.3187617191906149], [0.1912548719595847, 0.19843511320533974, 0.35239750884021454, 0.257912505894854], [0.17731479771719807, 0.2839926302814413, 0.26982147874701645, 0.26887109315435154]], "ideal": "A", "sampled": "A", "correct": true}}
{"type": "result", "data": {"idx": 55, "options": ["|x| \u2265 0", "|x \u00b7 y| \u2264 |x||y|", "|x| = 0 if and only if x = 0", "|x + y| = |x| + |y|"], "probs": [[0.1511529740245262, 0.15321325673675384, 0.3762444176337915, 0.3193893515049434], [0.2247670569172966, 0.17775043429496962, 0.26271142852966706, 0.33477108015808305], [0.16520821274915867, 0.14493025799184583, 0.26225415370953087, 0.42760737544947086], [0.12735987772952534, 0.143220244513077, 0.3140221496473085, 0.4153977280100919]], "ideal": "D", "sampled": "C", "correct": false}}
{"type": "result", "data": {"idx": 56, "options": ["4", "5", "6", "7"], "probs": [[0.22624353567237723, 0.23158315816149894, 0.2984873175768121, 0.24368598848929168], [0.19307146114146106, 0.24358013061495518, 0.2739637697571791, 0.2893846383864227], [0.19201726002352662, 0.19467460462317576, 0.3509650116340749, 0.26234312361921186], [0.17722258889376194, 0.2659540722526867, 0.3035483771839026, 0.253274961569652]], "ideal": "B", "sampled": "A", "correct": false}}
{"type": "result", "data": {"idx": 57, "options": ["1 only", "2 only", "0 and 1 only", "0, 1, and 2 only"], "probs": [[0.1304451739046906, 0.15705764813380507, 0.28210144344539745, 0.430395734416088], [0.15276381153288557, 0.1429810338856163, 0.42927328478090615, 0.2749818697006], [0.17192163404666577, 0.3562221063096413, 0.2705251113389928, 0.20133114820471817], [0.2913757105538391, 0.174258915121771, 0.17461525721825483, 0.35975011700612786]], "ideal": "D", "sampled": "D", "correct": true}}
{"type": "result", "data": {"idx": 58, "options": ["2", "\u03c0", "4", "3\u03c0/2"], "probs": [[0.19147875016941596, 0.2825289274643355, 0.264206329563634, 0.26178599270262065], [0.2349729938577051, 0.21772884890079136, 0.29061100510070154, 0.25668715204079484], [0.2046623142326613, 0.2517608929437519, 0.2659165777006701, 0.277660215022923], [0.24007140406772226, 0.2457819433230109, 0.30181019501981177, 0.21233645748945826]], "ideal": "C", "sampled": "B", "correct": false}}
{"type": "result", "data": {"idx": 59, "options": ["9", "8", "0", "-5"], "probs": [[0.30210456255150764, 0.21928623469897296, 0.25492580151622163, 0.22368340113329743], [0.30653583441846827, 0.23176787365462778, 0.18548062352329645, 0.2762156683035947], [0.19025892933844665, 0.1623955633984661, 0.4002155444476343, 0.24712996271545193], [0.14139829968676157, 0.37478202741532773, 0.19862117388403233, 0.28519849891389276]], "ideal": "A", "sampled": "A", "correct": true}}
{"type": "result", "data": {"idx": 60, "options": ["None", "One", "Two", "Three"], "probs": [[0.12425716433470473, 0.23494118173478398, 0.42857350633693925, 0.2122281474935643], [0.2505405737116629, 0.3266974205710986, 0.22620615894524543, 0.19655584667200882], [0.26545749239826016, 0.18462286976900613, 0.21292678304770177, 0.3369928546850353], [0.17756960821715792, 0.12151505800822139, 0.33749794943935807, 0.3634173842352564]], "ideal": "B", "sampled": "C", "correct": false}}
{"type": "result", "data": {"idx": 61, "options": ["20!/2^(10)", "10!/2^9", "10^(20) - 2^(10)", "10^(20) - 100"], "probs": [[0.24694268161205482, 0.3719377189526372, 0.18890713392464636, 0.1922124654106503], [0.24922635132340945, 0.19755250411289818, 0.20255597145781193, 0.3506651730058849], [0.19074212294949938, 0.16861901848490998, 0.3919193452813726, 0.24871951318422147], [0.16080864526242858, 0.33840011996994773, 0.28054084658147627, 0.22025038808616082]], "ideal": "A", "sampled": "A", "correct": true}}
{"type": "result", "data": {"idx": 62, "options": ["It is possible to place an linear order relation \u2264 on the complex numbers C such that (C, +, \u00d7, \u2264) is not an ordered field.", "It is possible to place a linear order relation on the complex numbers C which make (C, +, \u00d7, \u2264) an ordered field.", "Neither (a) nor (b)", "Both (a) and (b)."], "probs": [[0.13310996875824704, 0.13371392685626163, 0.39439727385833034, 0.3387788304271636], [0.1804893531049369, 0.14495213962766168, 0.36020177073314646, 0.3143567364342564], [0.10607444325632291, 0.24277453992067227, 0.4034458382153029, 0.24770517850770263], [0.17973308274906583, 0.20854244565503488, 0.34795103822069134, 0.2637734332752189]], "ideal": "A", "sampled": "D", "correct": false}}
{"type": "result", "data": {"idx": 63, "options": ["1/4", "1/3", "1/2", "2/3"], "probs": [[0.1577732722928668, 0.26152662925732, 0.32110431631977016, 0.25959578203004846], [0.1908394712727348, 0.3049523111682512, 0.2695494585742716, 0.23465875888475982], [0.2254409025667552, 0.2957443216515034, 0.17351719701359603, 0.3052975786681398], [0.22726783939526912, 0.17657524230668092, 0.27571577861126184, 0.3204411395867825]], "ideal": "D", "sampled": "C", "correct": false}}
{"type": "result", "data": {"idx": 64, "options": ["The integers under addition", "The nonzero integers under multiplication", "The nonzero real numbers under multiplication", "The complex numbers under addition"], "probs": [[0.24955214897447042, 0.26247745842811754, 0.21595918185663074, 0.27201121064079203], [0.2554735700861319, 0.18475875514525433, 0.2151566781378942, 0.3446109965307059], [0.16818404957061445, 0.31532798206917156, 0.20602472143877948, 0.31046324682140913], [0.32728168833406956, 0.1513002048246624, 0.3050239965015902, 0.21639411023966793]], "ideal": "B", "sampled": "B", "correct": true}}
{"type": "result", "data": {"idx": 65, "options": ["4x + 6y", "x + y + 5", "9x + 4y", "4x - 9y"], "probs": [[0.3061680750084225, 0.1765141293936962, 0.30027424522938534, 0.2170435502685161], [0.267380819475742, 0.23269016346289292, 0.23817444862729328, 0.26175456833408045], [0.30449575053796696, 0.21096188609761932, 0.2719902034768165, 0.2125521597876033], [0.26982386209942283, 0.2489255593633614, 0.22584425482601134, 0.25540632361121346]], "ideal": "D", "sampled": "C", "correct": false}}
{"type": "result", "data": {"idx": 66, "options": ["0", "-2", "-sqrt(34)", "-sqrt(35)"], "probs": [[0.24703666493034204, 0.2197729513744348, 0.2927719413814191, 0.24041844221380554], [0.17110473246266092, 0.22981295112338262, 0.20513655334404682, 0.39394576296990325], [0.2378160254530225, 0.18514690615727764, 0.34926448688371015, 0.22777258140596776], [0.250369373401033, 0.32529742709214393, 0.21759286909504374, 0.20674033031177033]], "ideal": "C", "sampled": "A", "correct": false}}
{"type": "result", "data": {"idx": 67, "options": ["II only", "III only", "I and II only", "I and III only"], "probs": [[0.12492358861825911, 0.1632481221236135, 0.3489394912203561, 0.36288879793777357], [0.13607560920522047, 0.25084271058698704, 0.323867714238588, 0.28921396586918613], [0.20907532828714634, 0.21235568162955787, 0.24250943064138997, 0.3360595593418945], [0.1978140826242478, 0.13748818044718825, 0.300837846145917, 0.36385989068264746]], "ideal": "D", "sampled": "C", "correct": false}}
{"type": "result", "data": {"idx": 68, "options": ["\u03c0/3", "\u03c0/4", "\u03c0", "2\u03c0"], "probs": [[0.22001739465492545, 0.21450214737609183, 0.2841933709953716, 0.28128708687362675], [0.20146594104602186, 0.27175512738449015, 0.3152020615114294, 0.21157686995807323], [0.23546008552676737, 0.29917323533609863, 0.22675328399913725, 0.2386133950379859], [0.21364508873845003, 0.2658619000824536, 0.23411384806545235, 0.28637916301367405]], "ideal": "A", "sampled": "D", "correct": false}}
{"type": "result", "data": {"idx": 69, "options": ["Sunday", "Monday", "Tuesday", "Wednesday"], "probs": [[0.2898801010801732, 0.16911042020291808, 0.20475272904412847, 0.3362567495727773], [0.22538652259433997, 0.13564040904693145, 0.3369392864151594, 0.30203378184357765], [0.214305559002897, 0.23992143371490168, 0.28936313747626563, 0.2564098697059324], [0.2393089391188529, 0.3349921063120197, 0.1945957923638107, 0.23110316210532536]], "ideal": "A", "sampled": "A", "correct": true}}
{"type": "result", "data": {"idx": 70, "options": ["\u221248/\u03c0 cm/min", "\u22124/(3\u03c0) cm/min", "\u22128/(3\u03c0) cm/min", "\u221216/(3\u03c0) cm/min"], "probs": [[0.16845083521701465, 0.17818759516878416, 0.31262707067696105, 0.34073449883723045], [0.17162802334776062, 0.22776503554117214, 0.2606052553294529, 0.3400016856816086], [0.1790495384030843, 0.20881344381016168, 0.22186983470271912, 0.3902671829840354], [0.1767321169400589, 0.19513677041469477, 0.2801102550456223, 0.34802085749962763]], "ideal": "D", "sampled": "C", "correct": false}}
{"type": "result", "data": {"idx": 71, "options": ["The system is consistent.", "The system has infinitely many solutions.", "The sum of any two solutions is a solution.", "Every solution is a scalar multiple of (-5, 1, 1, 0)."], "probs": [[0.15568554633536394, 0.16935524147918535, 0.26079535434929857, 0.41416385773615844], [0.20061490013376063, 0.16532757473184395, 0.20182250558053524, 0.4322350194538687], [0.22003321248889854, 0.24346327230614634, 0.2522504089327979, 0.2842531061721656], [0.2315072285338303, 0.19231033994779292, 0.2128114114225273, 0.36337101999585564]], "ideal": "D", "sampled": "D", "correct": true}}
{"type": "result", "data": {"idx": 72, "options": ["f(c)", "f(e^c)", "f(1/c)", "f(log c)"], "probs": [[0.378735222118709, 0.20863713158979996, 0.195689289190354, 0.21693835700114814], [0.2904138512467857, 0.21625831947692173, 0.20001090884329908, 0.29331692033298234], [0.33083634414406216, 0.2131291858858572, 0.2526690586309222, 0.20336541123918103], [0.34309135426090603, 0.29054660576709357, 0.18067387151185432, 0.185688168360158]], "ideal": "D", "sampled": "A", "correct": false}}
{"type": "result", "data": {"idx": 73, "options": ["I only", "II only", "III only", "I and II only"], "probs": [[0.15216324784069318, 0.19233516837948866, 0.25716017667085833, 0.39834140700894916], [0.15654490480095087, 0.17192016371442506, 0.3433201878596078, 0.3282147435250221], [0.17278707523039177, 0.24504942481803366, 0.28936099499666457, 0.29280250485491527], [0.21239588737244441, 0.25109696625553096, 0.23826312104861033, 0.29824402522339094]], "ideal": "D", "sampled": "D", "correct": true}}
{"type": "result", "data": {"idx": 74, "options": ["1/(2e)", "1/e", "e^2/2", "2e"], "probs": [[0.259189216040039, 0.28234990620339573, 0.25059261030300006, 0.20786826735354147], [0.20286214576942507, 0.317722920531236, 0.23383436033039653, 0.24558057326893434], [0.22898986893329082, 0.24421981613417232, 0.24518829661579897, 0.2816020182167292], [0.2043272493373975, 0.2522777278818329, 0.3059978960802902, 0.23739712660046974]], "ideal": "C", "sampled": "B", "correct": false}}
{"type": "result", "data": {"idx": 75, "options": ["H = 50", "T >= 60", "51 <= H <= 55", "H >= 48 and T >= 48"], "probs": [[0.24568120026433998, 0.21636084193912505, 0.20926803168831823, 0.3286899260082196], [0.2627443293463182, 0.23965120589040306, 0.2448885880522075, 0.2527158766110864], [0.315846929022652, 0.19883054739790945, 0.3060374420064884, 0.17928508147292896], [0.3805675208598493, 0.15926395317102435, 0.19710871539972985, 0.26305981046937404]], "ideal": "D", "sampled": "D", "correct": true}}
{"type": "result", "data": {"idx": 76, "options": ["True, True", "True, False", "False, True", "False, False"], "probs": [[0.21723392100384747, 0.2935177763933211, 0.21134106633060754, 0.2779072361722363], [0.19551816806148337, 0.24812991762123063, 0.21051250327506218, 0.34583941094222453], [0.1771036268971853, 0.13740356172722046, 0.436701968724221, 0.24879084255136066], [0.14712985634879536, 0.17531666221157316, 0.42726511904573633, 0.25028836229391754]], "ideal": "D", "sampled": "A", "correct": false}}
{"type": "result", "data": {"idx": 77, "options": ["2", "1", "0", "-1"], "probs": [[0.17869511851544037, 0.27234316467396114, 0.3177651013199721, 0.23119661539060254], [0.22917800136916647, 0.3120389787299306, 0.28786224408802163, 0.17092077571289307], [0.28332708724579286, 0.24471350614517678, 0.18255211294896165, 0.2894072935600609], [0.20236103761312105, 0.17340798505628355, 0.2793803527745547, 0.34485062445603154]], "ideal": "C", "sampled": "C", "correct": true}}
