{"type": "result", "data": {"idx": 0, "options": ["7 N", "5 N", "10 N", "12 N"], "probs": [[0.2272937801380373, 0.2419016123571648, 0.30575278914381815, 0.22505181826097206], [0.24362736123069784, 0.22099570602559532, 0.32085407228486007, 0.21452286035885018], [0.19820152360274337, 0.2404081597380623, 0.29570709737849316, 0.26568321918070376], [0.20663040522043727, 0.23686631904825106, 0.3013201685700022, 0.25518310706131503]], "ideal": "A", "sampled": "B", "correct": false}}
{"type": "result", "data": {"idx": 1, "options": ["weight of fluid.", "volume of fluid.", "density of fluid.", "All of these."], "probs": [[0.15347708413951133, 0.1279592192763863, 0.0871130645907081, 0.6314506318933973], [0.39368928571089207, 0.05083972030691745, 0.43396890455605164, 0.12150208932612802], [0.15947129257530923, 0.3416360868887213, 0.24992337925454794, 0.2489692411814229], [0.28881049011984916, 0.1347726785685423, 0.28539059007659834, 0.2910262411350287]], "ideal": "B", "sampled": "D", "correct": false}}
{"type": "result", "data": {"idx": 2, "options": ["totally internally reflects", "passes into the air above", "is absorbed", "None of these"], "probs": [[0.45574668414414327, 0.18672104558484592, 0.16643385846590347, 0.19109841170509775], [0.08814315632775406, 0.11585253754395312, 0.19250191362439997, 0.6035023924039142], [0.0746634085207386, 0.15016471261481376, 0.5483468129086471, 0.226825065855818], [0.17708737876196462, 0.46817722622458013, 0.1925659780002984, 0.16216941691314693]], "ideal": "B", "sampled": "A", "correct": false}}
{"type": "result", "data": {"idx": 3, "options": ["always.", "sometimes.", "never.", "on planet Earth only."], "probs": [[0.24652899651306123, 0.3057099028097635, 0.35307794459349995, 0.0946831559836778], [0.1719102267890942, 0.29129024601268627, 0.09022204656332139, 0.44657748053490476], [0.1302787825111191, 0.07239967006894592, 0.5874589256004638, 0.2098626217194784], [0.08242402944263671, 0.40555637568761177, 0.3215638331808551, 0.19045576158890298]], "ideal": "B", "sampled": "A", "correct": false}}
{"type": "result", "data": {"idx": 4, "options": ["changes", "aligns with the electric field", "is at right angles to the electric field", "converts to magnetic energy"], "probs": [[0.634469838488015, 0.07913306408755565, 0.20965256247799588, 0.07674453484641888], [0.13513694864702497, 0.5063095865999441, 0.0763508254052458, 0.2822026392478066], [0.2220149351390472, 0.04042590535127585, 0.22957188396602377, 0.5079872754436299], [0.050283514136043164, 0.1660690809926856, 0.3233195037936248, 0.4603279009776332]], "ideal": "A", "sampled": "C", "correct": false}}
{"type": "result", "data": {"idx": 5, "options": ["red", "yellow-green", "blue", "violet"], "probs": [[0.11021380551341124, 0.13883990317297182, 0.24933902833467808, 0.5016072628789208], [0.11649553341128366, 0.29499193978011173, 0.3658017942723162, 0.22271073243627545], [0.1939842103027227, 0.3798752437350081, 0.19396496055766457, 0.2321755853046179], [0.3386731605646464, 0.20376052247435222, 0.15870669476224, 0.2988596220987631]], "ideal": "D", "sampled": "D", "correct": true}}
{"type": "result", "data": {"idx": 6, "options": ["mass distorts spacetime.", "gravity affects clocks.", "light can\u2019t escape from a black hole.", "All of these."], "probs": [[0.2635707587336678, 0.029834944636728988, 0.029541842528951107, 0.6770524540006229], [0.0588428561068106, 0.018068856269413347, 0.1696772090209194, 0.7534110785028708], [0.061780102646366186, 0.20107660186445359, 0.24147819803672357, 0.4956650973524634], [0.354773231795873, 0.18691720795435063, 0.10084399629444872, 0.3574655638553347]], "ideal": "D", "sampled": "A", "correct": false}}
{"type": "result", "data": {"idx": 7, "options": ["voltage", "energy", "Both of these", "Neither of these"], "probs": [[0.7116370031458266, 0.037829929816418695, 0.21368634819451696, 0.03684671874322229], [0.06165622569230068, 0.08729748819899254, 0.07611580248000802, 0.7749304835287081], [0.28076702578776136, 0.1608986078836057, 0.41966055632141824, 0.13867380990723369], [0.18043566953733214, 0.328641365511178, 0.11419767027841836, 0.37672529457308573]], "ideal": "A", "sampled": "A", "correct": true}}
{"type": "result", "data": {"idx": 8, "options": ["chaotic", "ordered", "positioned by amplitude", "in phase"], "probs": [[0.08675424372833543, 0.5859546292811808, 0.14404781463214955, 0.18324331225835055], [0.5774374610751989, 0.11896602079385966, 0.14691362800001836, 0.15668289003090105], [0.09541977020388376, 0.12343705178407158, 0.10334471734021156, 0.6777984605718425], [0.10824185968033684, 0.0590652386829956, 0.726599707438963, 0.10609319409771394]], "ideal": "B", "sampled": "B", "correct": true}}
{"type": "result", "data": {"idx": 9, "options": ["amplitude", "wavelength", "frequency", "energy"], "probs": [[0.16812483561879413, 0.1120280283051309, 0.14211192775629555, 0.5777352082197766], [0.16882891354232984, 0.1422239771752321, 0.3879212102227436, 0.3010258989597129], [0.150291586774508, 0.2886086371196858, 0.1508936900711034, 0.4102060859347066], [0.6168078229875875, 0.04976144710916951, 0.11256907833946117, 0.22086165146377917]], "ideal": "D", "sampled": "D", "correct": true}}
{"type": "result", "data": {"idx": 10, "options": ["the same", "opposite", "Either of these", "Need more information"], "probs": [[0.2835262996600738, 0.4126945767843087, 0.17887107229197774, 0.12490805116363034], [0.3934591774833665, 0.19942084621296446, 0.150194743330519, 0.2569252328731316], [0.15251205204780025, 0.10684255081470408, 0.33430051058991994, 0.4063448864475683], [0.10629256190131821, 0.23711303950311602, 0.49616375811915464, 0.1604306403764135]], "ideal": "B", "sampled": "B", "correct": true}}
{"type": "result", "data": {"idx": 11, "options": ["conduction", "convection", "radiation", "radioactivity"], "probs": [[0.03648057208691006, 0.05583254515510025, 0.8589714948068156, 0.048715387851174075], [0.07405226348344283, 0.6250661005744922, 0.09272405432843153, 0.2081575815136348], [0.5161447836557296, 0.05769067788204629, 0.16467965455227077, 0.2614848838099628], [0.03302843317219628, 0.03586669633771879, 0.06531533812997677, 0.8657895322601099]], "ideal": "C", "sampled": "C", "correct": true}}
{"type": "result", "data": {"idx": 12, "options": ["half, 1 A", "2 A", "Depends on which lamp is closer to the battery", "Not enough information to say"], "probs": [[0.34233419247455155, 0.16323288532434363, 0.1677403677554576, 0.3266925543456525], [0.13881817417521888, 0.19607091563231305, 0.1767747031872051, 0.4883362069052671], [0.17422920914447926, 0.1335653227310951, 0.3872373162364411, 0.30496815178799136], [0.12919436083008784, 0.34163075768613016, 0.26299219175978034, 0.26618268962399855]], "ideal": "B", "sampled": "A", "correct": false}}
{"type": "result", "data": {"idx": 13, "options": ["increase.", "decrease.", "remain unchanged.", "None of these."], "probs": [[0.37937528908923596, 0.31633147734290923, 0.18490677246924186, 0.11938646099858458], [0.26684808633971413, 0.16895515968581637, 0.14281795903436026, 0.421378794840136], [0.1278529417702337, 0.12687169775819715, 0.48910975897501274, 0.25616560139655914], [0.12640731853859813, 0.3194479134591745, 0.3441009428852595, 0.21004382501695673]], "ideal": "A", "sampled": "A", "correct": true}}
{"type": "result", "data": {"idx": 14, "options": ["2mg", "mg", "mg/2", "mg/4"], "probs": [[0.16717771123509445, 0.2915693587535865, 0.30327825318127166, 0.2379746767300465], [0.2233214238855723, 0.32693664340931583, 0.2663723012590033, 0.18336963134612008], [0.2696205737912132, 0.21379417835148348, 0.22843353930139235, 0.2881517084559123], [0.24074272704919503, 0.18750212287413795, 0.30735389160585486, 0.2644012583708368]], "ideal": "B", "sampled": "C", "correct": false}}
{"type": "result", "data": {"idx": 15, "options": ["less.", "equal.", "greater.", "none because it sinks."], "probs": [[0.42341852960644655, 0.27593818429190603, 0.22354164269192053, 0.07710164330973199], [0.20073619717658275, 0.18462670520552085, 0.09499530748590083, 0.5196417900319928], [0.16690109515381368, 0.05690092351546776, 0.6309167171050418, 0.1452812641256837], [0.0882750685135851, 0.4346181637776138, 0.2109567080232475, 0.2661500595855609]], "ideal": "A", "sampled": "A", "correct": true}}
{"type": "result", "data": {"idx": 16, "options": ["red.", "green.", "white minus red.", "a mixture of green and yellow."], "probs": [[0.2279501792294566, 0.0944991423654894, 0.4658571413545989, 0.21169353695046164], [0.06039177884951425, 0.20832081489253804, 0.16862681276956873, 0.5626605933883674], [0.15337004731311357, 0.08907279329948592, 0.6123885444331975, 0.14516861485420432], [0.07553633080272458, 0.5406782558266723, 0.15739466349001352, 0.2263907497805758]], "ideal": "A", "sampled": "A", "correct": true}}
{"type": "result", "data": {"idx": 17, "options": ["speed", "frequency", "wavelength", "All of these"], "probs": [[0.09193651947665797, 0.21878251789372705, 0.19728385274895532, 0.4919971097806658], [0.2300413508336368, 0.15690752193950805, 0.3748327713568683, 0.23821835576998213], [0.101338296954232, 0.15786486381813053, 0.2927488550217337, 0.4480479841059087], [0.20466958821899642, 0.2576654323946251, 0.3145572302650615, 0.22310774902129818]], "ideal": "B", "sampled": "D", "correct": false}}
{"type": "result", "data": {"idx": 18, "options": ["volume", "mass", "weight", "density"], "probs": [[0.4254011205092241, 0.10672947401524559, 0.15774716090298777, 0.3101222444725376], [0.10683710505955651, 0.17337322611403586, 0.35842433377628624, 0.3613653349501278], [0.1139354658311952, 0.3269874415057735, 0.3777581125700508, 0.1813189799929757], [0.2595302054517983, 0.3344760747996801, 0.18834550265334665, 0.2176482169951957]], "ideal": "D", "sampled": "A", "correct": false}}
{"type": "result", "data": {"idx": 19, "options": ["transverse waves", "longitudinal waves", "all waves", "None of these"], "probs": [[0.6992004427089825, 0.09133154736673199, 0.1541699897970493, 0.05529802002726044], [0.07480621965919462, 0.3373140056628213, 0.08377529683848127, 0.5041044777394814], [0.5975921946931684, 0.0552747526601384, 0.27365183276641425, 0.0734812197803065], [0.07528788193874267, 0.700398375288587, 0.08498674316639208, 0.1393269995062704]], "ideal": "A", "sampled": "A", "correct": true}}
{"type": "result", "data": {"idx": 20, "options": ["buoyant force", "mass", "weight", "All of these"], "probs": [[0.21233999355317548, 0.1454254628454882, 0.26518504563510475, 0.37704949786622827], [0.2893928594960435, 0.24358779871612188, 0.3091405730975624, 0.15787876859026934], [0.39052460316009957, 0.13604172734887418, 0.15837593887276727, 0.3150577305182411], [0.2038894228642633, 0.17714852300801978, 0.2527027016303815, 0.36625935239734075]], "ideal": "A", "sampled": "C", "correct": false}}
{"type": "result", "data": {"idx": 21, "options": ["thermal energy.", "vibrational kinetic energy.", "average translational kinetic energy.", "rotational kinetic energy."], "probs": [[0.3120201330951086, 0.0935194562818197, 0.4347922161885937, 0.1596681943344964], [0.06563229762660479, 0.3018211673527139, 0.17226503035046445, 0.4602815045702197], [0.2847501312586257, 0.049584322079707595, 0.5274471408688309, 0.13821840569282978], [0.054637156665201636, 0.19326778755042204, 0.10950292392209507, 0.6425921317622956]], "ideal": "C", "sampled": "C", "correct": true}}
{"type": "result", "data": {"idx": 22, "options": ["move farther than the input piston", "exceed the force input", "exceed the input piston\u2019s speed", "produce increased energy"], "probs": [[0.2722980451109355, 0.312329401388298, 0.21964924881972783, 0.1957233045810327], [0.3287042586343559, 0.1432271565825981, 0.19694149052307383, 0.3311270941599662], [0.2816122172400461, 0.12321976070482098, 0.34483772484089986, 0.2503302971142156], [0.14421468402122162, 0.2258870436103636, 0.3941226066423117, 0.23577566562609972]], "ideal": "D", "sampled": "B", "correct": false}}
{"type": "result", "data": {"idx": 23, "options": ["decreases", "increases", "remains unchanged", "may increase or decrease"], "probs": [[0.19109898878331777, 0.2852238926770823, 0.23454575028998173, 0.28913136814961127], [0.19669126267546413, 0.12404465965068372, 0.35549963898972675, 0.3237644385841312], [0.10849287456753257, 0.2517547048225528, 0.3018019620587659, 0.3379504584511494], [0.2287122638513991, 0.26837468625551564, 0.320620506408238, 0.18229254338484135]], "ideal": "C", "sampled": "B", "correct": false}}
{"type": "result", "data": {"idx": 24, "options": ["half the bend.", "the same bend if the branch doesn\u2019t break.", "twice the bend.", "4 times the bend."], "probs": [[0.25371170375257396, 0.1423577296295939, 0.41433823709327267, 0.1895923294245674], [0.2988819377063071, 0.211087385202229, 0.22120886561396952, 0.26882181137750305], [0.3238651700770331, 0.1789026611253517, 0.24495336391466752, 0.2522788047829294], [0.2438170157313552, 0.13307759188243543, 0.20924733985171073, 0.4138580524345042]], "ideal": "C", "sampled": "C", "correct": true}}
{"type": "result", "data": {"idx": 25, "options": ["increases but less than doubles", "doubles", "more than doubles", "depends on factors not stated"], "probs": [[0.22821928572965425, 0.26520191155921063, 0.2725155933161615, 0.2340632092949677], [0.164477798384018, 0.26324573625404657, 0.22087168343610436, 0.3514047818258239], [0.17972131056442453, 0.10902944795871754, 0.36672787923963573, 0.3445213621372309], [0.13662594640315595, 0.168973918346004, 0.41507250802057627, 0.2793276271302717]], "ideal": "A", "sampled": "B", "correct": false}}
{"type": "result", "data": {"idx": 26, "options": ["1 minute.", "2 minutes.", "5 minutes.", "9 minutes."], "probs": [[0.16746441061103742, 0.20041594880224886, 0.34218676213160154, 0.28993287835509407], [0.1893022728574979, 0.2128458847568779, 0.34214634433111196, 0.2557054979545058], [0.2072793534306355, 0.24950511904543854, 0.2723335791394327, 0.2708819482844755], [0.21562826905039398, 0.2433094756762748, 0.2768719576533566, 0.2641902975199934]], "ideal": "D", "sampled": "D", "correct": true}}
{"type": "result", "data": {"idx": 27, "options": ["move at a constant speed in a straight line", "accelerate at a constant rate in a straight line", "come to rest", "increase its amount of inertia"], "probs": [[0.3714660204978802, 0.2556916684756123, 0.2835208951994498, 0.08932141572704763], [0.22946746702069726, 0.12401375967383309, 0.07552935271594882, 0.5709894204895012], [0.13281758247345574, 0.043033207072928154, 0.3249262512553573, 0.4992229590982812], [0.04875098995793936, 0.39407326364568407, 0.32863499322752443, 0.22854075306885924]], "ideal": "A", "sampled": "A", "correct": true}}
{"type": "result", "data": {"idx": 28, "options": ["everyday low speeds.", "relativistic speeds.", "Both of these.", "Neither of these."], "probs": [[0.07410228011775936, 0.22412812045657185, 0.5004705017796441, 0.201299097546041], [0.25441181095913634, 0.44729136901254213, 0.19056106561490302, 0.10773575431342403], [0.2661451488247689, 0.15810792098452803, 0.0954703515739099, 0.48027657851679445], [0.08553755263516447, 0.06856423586633202, 0.5015763533787144, 0.3443218580197803]], "ideal": "C", "sampled": "C", "correct": true}}
{"type": "result", "data": {"idx": 29, "options": ["evaporation", "condensation", "Both", "Neither"], "probs": [[0.3736301974516632, 0.19378489994864964, 0.33868838701629844, 0.09389651548338879], [0.21321019294166882, 0.15777705687595892, 0.10348342942655127, 0.5255293206558117], [0.1593709510783164, 0.13213661086392384, 0.3604667272063477, 0.34802571075139643], [0.09872242776180463, 0.24431297224054863, 0.19326354749438654, 0.46370105240326204]], "ideal": "C", "sampled": "A", "correct": false}}
{"type": "result", "data": {"idx": 30, "options": ["shorter", "taller", "equal in height", "inoperable"], "probs": [[0.22395191575511172, 0.3257627632342396, 0.3303858472655314, 0.1198994736451154], [0.25880040285032196, 0.3085979934302159, 0.13695925483458113, 0.2956423487849056], [0.2284363902623096, 0.0996339248375299, 0.4421737504208151, 0.22975593437935315], [0.13493066070197846, 0.20379513864209658, 0.3106055196222725, 0.3506686809336533]], "ideal": "B", "sampled": "C", "correct": false}}
{"type": "result", "data": {"idx": 31, "options": ["force due to gravity is the same on each.", "air resistance is always zero in free fall.", "inertia of both rocks is the same.", "ratio of force to mass is the same."], "probs": [[0.20683034307778778, 0.06257880501957304, 0.27983194536732364, 0.45075890643531524], [0.07087189036849892, 0.16639632930764517, 0.3310634770343521, 0.4316683031895146], [0.2973684315300208, 0.17652144876717146, 0.34226950509256293, 0.18384061451026495], [0.41027726809236886, 0.17376855060408794, 0.11459702034833673, 0.3013571608551951]], "ideal": "D", "sampled": "D", "correct": true}}
{"type": "result", "data": {"idx": 32, "options": ["increases but less than doubles", "doubles", "more than doubles", "depends on factors not stated"], "probs": [[0.15323027798922265, 0.34867276739950603, 0.2954348186898762, 0.20266213582140044], [0.18130500042053882, 0.310336577859316, 0.20460908203723835, 0.3037493395829117], [0.24187327148067686, 0.10006204700506173, 0.29007992797022975, 0.367984753444034], [0.11398458080081678, 0.13662907652664363, 0.4705288306726862, 0.27885751189985375]], "ideal": "C", "sampled": "B", "correct": false}}
{"type": "result", "data": {"idx": 33, "options": ["equals mass moving at the speed of light squared.", "equals moving mass.", "is fundamentally different than mass.", "and mass are closely related."], "probs": [[0.21374159162611914, 0.036257827316881173, 0.06109477036616994, 0.6889058105908492], [0.07745924337019486, 0.13110172400091483, 0.43575150729028456, 0.355687525238628], [0.09518264421985795, 0.5616100983218629, 0.1910750817877344, 0.15213217557054168], [0.6875772195361264, 0.09816495611600767, 0.10633613063756223, 0.10792169361030624]], "ideal": "D", "sampled": "D", "correct": true}}
{"type": "result", "data": {"idx": 34, "options": ["light leaving the Sun is slowed by gravity.", "light passing the Sun is deflected.", "a clock on the Sun\u2019s surface runs faster than on Earth.", "All of these."], "probs": [[0.04261974387181667, 0.11539202976797133, 0.09426250370269974, 0.7477257225575056], [0.2257341443396571, 0.21584754673123593, 0.3203435001689758, 0.23807480866013506], [0.17811131402589625, 0.1097511859289324, 0.10370375357778537, 0.6084337463673997], [0.2637690146892425, 0.052972293572234666, 0.19990647015374965, 0.4833522214847496]], "ideal": "D", "sampled": "D", "correct": true}}
{"type": "result", "data": {"idx": 35, "options": ["reduces by 2", "reduces by 4", "increases by 2", "increases by 4"], "probs": [[0.17838426110946207, 0.1627443851519764, 0.41311602521269436, 0.24575532842587378], [0.120084020004281, 0.2700310828496459, 0.3757381326119072, 0.23414676443417853], [0.1741114950651546, 0.1664067155719675, 0.39602561826877525, 0.26345617099410823], [0.11844012560002413, 0.21523610989178218, 0.3506113323896831, 0.31571243201851734]], "ideal": "A", "sampled": "C", "correct": false}}
{"type": "result", "data": {"idx": 36, "options": ["increases", "decreases", "remains the same", "Not enough information to say"], "probs": [[0.1970888732231958, 0.30231484621319704, 0.2874061943390997, 0.21319008612451318], [0.21171332891139044, 0.11581264003064441, 0.17824962921818963, 0.4942244017397854], [0.18939010727261413, 0.12784964221460537, 0.37287627360847253, 0.3098839768043133], [0.16460224798246936, 0.2339481906952034, 0.2822766749474524, 0.3191728862748781]], "ideal": "A", "sampled": "A", "correct": true}}
{"type": "result", "data": {"idx": 37, "options": ["30 km/h", "40 km/h", "50 km/h", "60 km/h"], "probs": [[0.16338562399671328, 0.15800052405135137, 0.37092336909000995, 0.30769048276192096], [0.10086925047744576, 0.29181060984813706, 0.3098809915492712, 0.2974391480251405], [0.20844177640819614, 0.19889832700792806, 0.31158641953942984, 0.28107347694444373], [0.20721926494286264, 0.1857144449310068, 0.2669003292472011, 0.34016596077892586]], "ideal": "C", "sampled": "C", "correct": true}}
{"type": "result", "data": {"idx": 38, "options": ["amplitude", "polarization", "momentum", "frequency"], "probs": [[0.047496515698782875, 0.034066656745591145, 0.10688183716121279, 0.8115549902944187], [0.03272527808298385, 0.10432315467600624, 0.7470407054144904, 0.11591086172653318], [0.12302087573736505, 0.6807273730929893, 0.12250949568357467, 0.07374225538607651], [0.7764076350257818, 0.07209627775740084, 0.04266592700189854, 0.10883016011492869]], "ideal": "D", "sampled": "D", "correct": true}}
{"type": "result", "data": {"idx": 39, "options": ["electrons", "protons", "neutrons", "ions"], "probs": [[0.25742774456735623, 0.1750099223998636, 0.19439795037693589, 0.37316438255583195], [0.052811024937866255, 0.0671583634529552, 0.08259522688321838, 0.7974353846259645], [0.04313472951098304, 0.11305753312404614, 0.7245988438858846, 0.11920889337910401], [0.2338791296728397, 0.5246277838222553, 0.11778505330213185, 0.12370803310275591]], "ideal": "A", "sampled": "A", "correct": true}}
{"type": "result", "data": {"idx": 40, "options": ["less.", "more.", "the same.", "Need more information."], "probs": [[0.20890062637219528, 0.20414255130322997, 0.3186189914130734, 0.2683378308115248], [0.19024605096490035, 0.29695718794543813, 0.25395104248624206, 0.2588457185034255], [0.2127135959898436, 0.1738845897427347, 0.35480299043682195, 0.2585988237306033], [0.18476909896413665, 0.25840050023137945, 0.27400999200257803, 0.28282040870189484]], "ideal": "C", "sampled": "C", "correct": true}}
{"type": "result", "data": {"idx": 41, "options": ["overlapping one another", "constructively interfering", "moving slower than the source producing them", "All of these"], "probs": [[0.190566079543081, 0.11402736594144722, 0.11969085508497124, 0.5757156993305231], [0.19743073238352069, 0.10421574999713346, 0.43780404001794293, 0.26054947750140767], [0.24529979471706836, 0.26423424022693326, 0.18741065500165763, 0.3030553099543476], [0.2466107465378163, 0.24759658331361314, 0.32033741574543567, 0.18545525430314938]], "ideal": "D", "sampled": "D", "correct": true}}
{"type": "result", "data": {"idx": 42, "options": ["cold day", "hot day", "day with steady temperature", "None of these"], "probs": [[0.2833174455780826, 0.25498475318139774, 0.31357079336879495, 0.14812700777171153], [0.21475930741255275, 0.3149775282405416, 0.18360660503899529, 0.2866565592079175], [0.2527568219318297, 0.15044010202253594, 0.33892971167584557, 0.2578733642697849], [0.1292062059510709, 0.23849744080498214, 0.302579642357617, 0.32971671078631537]], "ideal": "B", "sampled": "C", "correct": false}}
{"type": "result", "data": {"idx": 43, "options": ["half", "twice", "the same", "None of these"], "probs": [[0.23091758931115738, 0.25860822625896007, 0.36456759788074683, 0.145906586449137], [0.21588394944272815, 0.2240623385577051, 0.17081208932148392, 0.3892416225780809], [0.19608421820552127, 0.12807934118571956, 0.41507112783228506, 0.2607653126764852], [0.12314771011602148, 0.297661710588142, 0.31449243286365747, 0.2646981463321834]], "ideal": "C", "sampled": "A", "correct": false}}
{"type": "result", "data": {"idx": 44, "options": ["hot to cold ever", "cold to hot ever", "hot to cold without external energy", "cold to hot without external energy"], "probs": [[0.0762471003203721, 0.2888299782946498, 0.21961187838860555, 0.41531104289638604], [0.15107017868134923, 0.301620402562215, 0.2788996535243501, 0.2684097651320697], [0.1316540409200462, 0.5114038186755536, 0.16839417111099447, 0.1885479691933854], [0.1706638788083846, 0.13294077816555397, 0.22521318955892966, 0.47118215336715125]], "ideal": "D", "sampled": "D", "correct": true}}
{"type": "result", "data": {"idx": 45, "options": ["hydrogen.", "oxygen.", "nitrogen.", "But all have the same speed on average."], "probs": [[0.2663979599081445, 0.18667133151607024, 0.1955758454604632, 0.3513548630153261], [0.243446906318959, 0.1654308895010231, 0.23830127188373926, 0.3528209321962839], [0.2553889107145045, 0.21289311209895143, 0.36497163319791653, 0.16674634388864532], [0.27150147274932934, 0.2993152469595187, 0.20201641085806804, 0.2271668693331018]], "ideal": "A", "sampled": "A", "correct": true}}
{"type": "result", "data": {"idx": 46, "options": ["greater", "less", "the same", "Any of these"], "probs": [[0.20757818573438527, 0.25324273298340433, 0.3643311081048941, 0.17484797307731578], [0.14029641478190086, 0.25690506251356354, 0.2064646915289159, 0.396333831075615], [0.19436518631351438, 0.19668833602725555, 0.279566533694877, 0.3293799438643608], [0.15869691357913143, 0.20264441220574525, 0.275380229429225, 0.3632784446859184]], "ideal": "C", "sampled": "C", "correct": true}}
{"type": "result", "data": {"idx": 47, "options": ["less than 0.8 N", "0.8 N", "greater than 0.8 N", "dependent on the orientation of its body"], "probs": [[0.18621393876711131, 0.20134923545124558, 0.3623782322313963, 0.25005859345024317], [0.17437095982739995, 0.2547013716855532, 0.22563347496717387, 0.3452941934198674], [0.15163335503318615, 0.11201502596010389, 0.461682158061112, 0.27466946084561145], [0.13555828510042459, 0.1615644232658614, 0.3257923121271569, 0.37708497940654023]], "ideal": "B", "sampled": "A", "correct": false}}
{"type": "result", "data": {"idx": 48, "options": ["along and parallel to the wave", "perpendicular to the wave", "Both of these", "Neither of these"], "probs": [[0.5973441108360632, 0.1432480453920251, 0.17387445365197193, 0.08553339001992709], [0.37635871189566394, 0.15143655167655168, 0.14909851223773615, 0.32310622409002837], [0.1522774233111781, 0.10752797007405525, 0.39243086912733494, 0.3477637373874226], [0.15740170568941259, 0.3880363886080038, 0.29057928203648015, 0.1639826235661021]], "ideal": "A", "sampled": "A", "correct": true}}
{"type": "result", "data": {"idx": 49, "options": ["the work done on them", "motion", "Both of these", "Neither of these"], "probs": [[0.2803938995668572, 0.1075433455831053, 0.4660006567865585, 0.1460620979634624], [0.15332170213276944, 0.3078680218316526, 0.11303488299660278, 0.4257753929389962], [0.23983477645882748, 0.10417411548056495, 0.35167569185455105, 0.30431541610604673], [0.08762663224645109, 0.28235372035324174, 0.13542897655955083, 0.4945906707407387]], "ideal": "A", "sampled": "C", "correct": false}}
{"type": "result", "data": {"idx": 50, "options": ["voltage", "energy", "Both of these", "Neither of these"], "probs": [[0.7120168351615749, 0.03718315026763811, 0.21414204135427214, 0.03665797311651471], [0.06459004038399696, 0.08760793923163475, 0.07624251342953665, 0.7715595068548347], [0.28299864864539903, 0.16055214310235255, 0.41824696385464666, 0.13820224429760833], [0.18180078301596525, 0.3306348474599304, 0.11445581736411177, 0.37310855205999466]], "ideal": "A", "sampled": "A", "correct": true}}
{"type": "result", "data": {"idx": 51, "options": ["inside the nucleus", "outside the nucleus", "Either of these", "Neither of these"], "probs": [[0.7052863717718829, 0.09531826693106817, 0.14273886524033536, 0.0566564959567022], [0.02567086907505924, 0.07044440440062759, 0.07916785837522315, 0.8247168680491007], [0.12917933373963802, 0.14101879396906414, 0.5210356617245049, 0.20876621046680188], [0.13233847607302152, 0.5488204173205938, 0.1838303447942474, 0.1350107617121584]], "ideal": "A", "sampled": "A", "correct": true}}
{"type": "result", "data": {"idx": 52, "options": ["absorbed", "reflected", "scattered", "refracted"], "probs": [[0.4712752118943238, 0.13773439117755398, 0.31498580695894923, 0.07600458986917119], [0.1202656748552086, 0.1855881320533049, 0.10225142109794587, 0.5918947718935397], [0.2466515777867874, 0.052510002982992805, 0.49522170019529727, 0.2056167189349137], [0.07143621399517343, 0.32454269028174454, 0.2111016221877601, 0.3929194734353166]], "ideal": "A", "sampled": "A", "correct": true}}
{"type": "result", "data": {"idx": 53, "options": ["destruction", "interference", "resonance", "amplification"], "probs": [[0.06026099147409031, 0.6206733063195309, 0.21120100849971937, 0.10786469360666788], [0.5230802900156206, 0.21808252418493973, 0.11830821483049253, 0.14052897086895344], [0.10674001311781953, 0.04030717243156694, 0.1149645165721087, 0.737988297778496], [0.0342890944739496, 0.12981135902862195, 0.6642178898202238, 0.17168165657719164]], "ideal": "B", "sampled": "B", "correct": true}}
{"type": "result", "data": {"idx": 54, "options": ["all the colors together", "two or more appropriate colors", "light when a prism is held upside down", "None of these"], "probs": [[0.26523196096538976, 0.4820696658843104, 0.10006402125117968, 0.15263435179912035], [0.192425804267446, 0.07943071047745884, 0.1343008644347638, 0.5938426207203346], [0.07638976933250952, 0.06729451161030925, 0.6647211996401371, 0.1915945193170395], [0.08483128096043649, 0.3712520310757827, 0.4173859688174462, 0.12653071904632307]], "ideal": "D", "sampled": "A", "correct": false}}
{"type": "result", "data": {"idx": 55, "options": ["about 1 A", "2 A", "Depends on which lamp is closer to the battery", "Not enough information to say"], "probs": [[0.4612965930840939, 0.14042308536901701, 0.1308900732531188, 0.26739024819376195], [0.15065880807545623, 0.14345370270759003, 0.21486302710381022, 0.49102446201314875], [0.15925300618147892, 0.1525261679755468, 0.44301380231410303, 0.24520702342885559], [0.14250327699366802, 0.4012111532371807, 0.23772119689312468, 0.21856437277602372]], "ideal": "D", "sampled": "A", "correct": false}}
{"type": "result", "data": {"idx": 56, "options": ["Speed only", "Wavelength only", "Both speed and wavelength", "Neither of these"], "probs": [[0.12213149901459504, 0.18843149990815458, 0.5665884493755342, 0.12284855160169829], [0.2605746354411011, 0.36605263041290587, 0.18851517094689388, 0.18485756309909188], [0.35600932069383334, 0.1614030348711534, 0.23939876095511464, 0.2431888833799038], [0.08540682725459564, 0.09578469730185034, 0.20155967842453196, 0.6172487969190279]], "ideal": "C", "sampled": "C", "correct": true}}
{"type": "result", "data": {"idx": 57, "options": ["2 Hz", "4 Hz", "8 Hz", "16 Hz"], "probs": [[0.12567278695402745, 0.2835490303231901, 0.2818306637183361, 0.30894751890442756], [0.20270621870713545, 0.238461593001289, 0.3277002654163805, 0.23113192277519062], [0.1414232024095023, 0.27695450913162145, 0.1986743458062849, 0.38294794255257253], [0.18070018204578908, 0.14272359352946165, 0.31228126720284, 0.364294957121915]], "ideal": "B", "sampled": "B", "correct": true}}
{"type": "result", "data": {"idx": 58, "options": ["frequency", "period", "wavelength", "amplitude"], "probs": [[0.25472529680161926, 0.03551457490616626, 0.13493046736373596, 0.5748296608284683], [0.03133018332055925, 0.07371026134756065, 0.229214354090955, 0.6657452011409016], [0.12175006421315401, 0.4910779543011365, 0.33601059073809764, 0.0511613906476098], [0.7887171729489586, 0.10411019191544651, 0.03703022467261157, 0.07014241036298666]], "ideal": "D", "sampled": "D", "correct": true}}
{"type": "result", "data": {"idx": 59, "options": ["charged", "uncharged", "Either of these", "Neither of these"], "probs": [[0.30860293257918436, 0.31103919608894925, 0.20628945957307904, 0.1740684116588076], [0.3622002273626693, 0.15644041317501514, 0.17999060213122234, 0.30136875723107426], [0.16095628045091795, 0.17573270320033932, 0.30966962753988814, 0.3536413887088384], [0.20138007922374165, 0.2564483421766786, 0.34507990198845656, 0.19709167651110726]], "ideal": "C", "sampled": "B", "correct": false}}
{"type": "result", "data": {"idx": 60, "options": ["absorbed", "transmitted", "scattered", "polarized"], "probs": [[0.33476714998111595, 0.11819141701832889, 0.41311347451378994, 0.13392795838677304], [0.12013993848180077, 0.3616190668816187, 0.13196962832732922, 0.3862713662092607], [0.42513516679477703, 0.09359603150469525, 0.3039948541172053, 0.17727394748332578], [0.11326181756334246, 0.14885940726638683, 0.1674002494962053, 0.5704785255740574]], "ideal": "C", "sampled": "C", "correct": true}}
{"type": "result", "data": {"idx": 61, "options": ["thorium-242", "thorium-238", "thorium-234", "radium-214"], "probs": [[0.27185234000781056, 0.21688359110864014, 0.322845047802287, 0.1884190209812535], [0.3882972109557386, 0.25177263958155416, 0.1743461280937373, 0.18558402126897175], [0.29480024946230127, 0.15839181404017005, 0.2378665006488519, 0.30894143574866295], [0.15410702006482416, 0.1614255753791392, 0.31426728760645917, 0.3702001168495758]], "ideal": "C", "sampled": "C", "correct": true}}
{"type": "result", "data": {"idx": 62, "options": ["toward you", "away from you", "Both of these", "None of these"], "probs": [[0.21965922036770347, 0.3665504387016666, 0.37068498969078006, 0.04310535113984227], [0.3001356903086632, 0.2933047926874417, 0.04731789960826285, 0.3592416172956144], [0.2646611877970992, 0.07538941113712015, 0.29981602160185755, 0.36013337936393136], [0.09102207874983395, 0.14346600804997978, 0.3220659380448925, 0.44344597505529454]], "ideal": "C", "sampled": "C", "correct": true}}
{"type": "result", "data": {"idx": 63, "options": ["charge", "energy", "mass", "all of these"], "probs": [[0.08071237058637944, 0.09395602688417812, 0.37896255737046397, 0.4463690450589795], [0.15141734117141223, 0.3604365249551171, 0.3618898398732514, 0.1262562939002128], [0.4876604777615251, 0.12674754557873547, 0.14700622238258995, 0.23858575417713943], [0.12180604730921193, 0.11136804974663912, 0.20806337336550415, 0.5587625294786308]], "ideal": "D", "sampled": "C", "correct": false}}
{"type": "result", "data": {"idx": 64, "options": ["unchanged", "twice as much", "half as much", "four times as much"], "probs": [[0.14151133162654983, 0.26541391780980456, 0.31472398371958443, 0.278350766744067], [0.21139807095548901, 0.26669492054246063, 0.23078953221009263, 0.29111747619193906], [0.11196373025116672, 0.3271832781048076, 0.21877244773720395, 0.34208054380682545], [0.2798664944157473, 0.14432886018414456, 0.33356527273749337, 0.24223937256260708]], "ideal": "B", "sampled": "B", "correct": true}}
{"type": "result", "data": {"idx": 65, "options": ["breaking the sound barrier", "pulling out of a subsonic dive", "flying faster than sound", "Each of these produces a sonic boom"], "probs": [[0.351852902588905, 0.06715201482432588, 0.3701526971248996, 0.21084238536187289], [0.07356850832024271, 0.44441466238606714, 0.19265289436334251, 0.28936393483034906], [0.41880989303507693, 0.129191744204379, 0.24711615243630422, 0.20488221022423533], [0.10608780341286819, 0.2185154933171077, 0.14903863943373136, 0.5263580637363175]], "ideal": "C", "sampled": "C", "correct": true}}
{"type": "result", "data": {"idx": 66, "options": ["becomes slightly radioactive", "doesn\u2019t become radioactive", "will spoil faster", "should be avoided"], "probs": [[0.40435280145865865, 0.1123278118584842, 0.3288829644876569, 0.15443642209520583], [0.1978619287039467, 0.1400048528467183, 0.08165563827828586, 0.5804775800710767], [0.12587127316532087, 0.04428869059751718, 0.48828033016860767, 0.3415597059685685], [0.09701792645330203, 0.44001250004018966, 0.2773837344969856, 0.18558583890952432]], "ideal": "B", "sampled": "A", "correct": false}}
{"type": "result", "data": {"idx": 67, "options": ["fluorescence.", "coherence.", "polarization.", "de-excitation."], "probs": [[0.6403344248427195, 0.09537759903441669, 0.06672993643027626, 0.19755803959257895], [0.08399671326629632, 0.10267095297082654, 0.17809644777777772, 0.6352358858851174], [0.08144790715838039, 0.15505817110094836, 0.6479961149073309, 0.11549780673334663], [0.19452991259488514, 0.5850809262892234, 0.08546804404889946, 0.13492111696698803]], "ideal": "D", "sampled": "A", "correct": false}}
{"type": "result", "data": {"idx": 68, "options": ["reflected or converted to internal energy in the material.", "mainly reflected.", "mainly refracted.", "transmitted at a lower frequency."], "probs": [[0.30303337871617125, 0.3889515846360897, 0.19142344292298213, 0.11659159362476484], [0.195461445923992, 0.1440591362173072, 0.08722587025118556, 0.5732535475075324], [0.045969466562335554, 0.03799899410681894, 0.5004989217984062, 0.41553261743245107], [0.04835695564355827, 0.38969006070821577, 0.411415096648812, 0.15053788689941897]], "ideal": "A", "sampled": "A", "correct": true}}
{"type": "result", "data": {"idx": 69, "options": ["1/100 as much", "10 times as much", "100 times as much", "1000 times as much"], "probs": [[0.23087953051600496, 0.1367395847283704, 0.32107223641869115, 0.3113086482369385], [0.165823818904229, 0.16874486053129856, 0.23027635234389765, 0.4351549681205667], [0.15907033931628223, 0.1361127332405066, 0.34618144089997066, 0.35863548644325666], [0.14103919240547547, 0.2627544149761405, 0.21745599957576403, 0.3787503929426106]], "ideal": "C", "sampled": "A", "correct": false}}
{"type": "result", "data": {"idx": 70, "options": ["direction", "energy", "Both of these", "Neither of these"], "probs": [[0.30964771783337025, 0.08248960903672467, 0.48496519852260755, 0.12289747450729392], [0.32722677698464053, 0.1222903830259101, 0.10140243869802804, 0.4490804011914132], [0.2630064181054112, 0.15959426342488994, 0.4458956920519907, 0.1315036263177004], [0.177527587990829, 0.3233089540736637, 0.10310275764019082, 0.3960607001953175]], "ideal": "A", "sampled": "A", "correct": true}}
{"type": "result", "data": {"idx": 71, "options": ["more dense", "less dense", "more slippery", "warmer"], "probs": [[0.49646084950502306, 0.3274721161806464, 0.09792411607889531, 0.07814291813542237], [0.2905364874806605, 0.08307702942718305, 0.07806547794753621, 0.5483210050446322], [0.3125445839879259, 0.07142824785520847, 0.2954392217003734, 0.3205879463564928], [0.11748918444247118, 0.38910984776879054, 0.3786064332752216, 0.11479453441354158]], "ideal": "A", "sampled": "A", "correct": true}}
{"type": "result", "data": {"idx": 72, "options": ["frequency.", "wavelength.", "air temperature.", "All of these."], "probs": [[0.03406343215953588, 0.021595817066463487, 0.2885777124815033, 0.655763038192515], [0.050499135857772104, 0.3538654408736684, 0.4744918137929643, 0.12114360937558613], [0.34233533063476795, 0.4829756001596944, 0.056560428716210615, 0.11812864038932984], [0.20160155807856955, 0.03153850326583642, 0.04103035060984176, 0.7258295879457348]], "ideal": "C", "sampled": "D", "correct": false}}
{"type": "result", "data": {"idx": 73, "options": ["conduction", "convection", "radiation", "All of these, although radiation is greatest"], "probs": [[0.030816293550437038, 0.03864587908211972, 0.3069246523306198, 0.6236131749368238], [0.036939324989515354, 0.48641359624371555, 0.3342803747386747, 0.14236670392809195], [0.701946656027262, 0.1507110477253906, 0.04420889514521968, 0.10313340100210423], [0.16470025590281903, 0.03031199408730633, 0.05542573565959808, 0.7495620142502809]], "ideal": "C", "sampled": "C", "correct": true}}
{"type": "result", "data": {"idx": 74, "options": ["like any other force", "multiplied by a lever arm", "that is fictitious", "that accelerates things"], "probs": [[0.1952855623281626, 0.575917509803736, 0.12651714973028916, 0.10227977803778596], [0.2975005146362718, 0.06338789577600952, 0.07687628930300257, 0.562235300184691], [0.048144862997655934, 0.03929005087277737, 0.3743493771923298, 0.5382157088372287], [0.044723094215107444, 0.22012089266382878, 0.5576430514815099, 0.17751296153956353]], "ideal": "B", "sampled": "B", "correct": true}}
