{"type": "result", "data": {"idx": 0, "options": ["10%", "20%", "40%", "80%"], "probs": [[0.05311711651468342, 0.33109537170176917, 0.47782856366963017, 0.13795894801391695], [0.1377173559836902, 0.5459205463638616, 0.20240190481545717, 0.11396019273699777], [0.2740024056228349, 0.17558433108994853, 0.15335471846528584, 0.39705854472192054], [0.0558268860416507, 0.06867077871435971, 0.45263989273267485, 0.4228624424113232]], "ideal": "C", "sampled": "C", "correct": true}}
{"type": "result", "data": {"idx": 1, "options": ["About $300", "About $3k", "About $8k", "About $15k"], "probs": [[0.1576414568657526, 0.1454253907069732, 0.38777660176519774, 0.3091565505620674], [0.1373623432688359, 0.37454589252832143, 0.3218070268974227, 0.16628473720542442], [0.1620397539640836, 0.3526166284283924, 0.1705706499976144, 0.3147729675099007], [0.17885288561784257, 0.12483046399034078, 0.3378990319936694, 0.35841761829815716]], "ideal": "B", "sampled": "C", "correct": false}}
{"type": "result", "data": {"idx": 2, "options": ["52%", "62%", "72%", "82%"], "probs": [[0.10238876112831016, 0.2610360854942075, 0.291548203348325, 0.34502694992915395], [0.19918477119978611, 0.3072378486385742, 0.27645938808514586, 0.21711799197647141], [0.25913936875278704, 0.33068346155505196, 0.16631671283558852, 0.24386045675655113], [0.3184820720617975, 0.1458130063366747, 0.1762080621120856, 0.35949685938942116]], "ideal": "C", "sampled": "D", "correct": false}}
{"type": "result", "data": {"idx": 3, "options": ["China", "United States", "Germany", "Japan"], "probs": [[0.1752084483455624, 0.4002163269234111, 0.33819214625785454, 0.08638307837316743], [0.04521296746984314, 0.04774677365925921, 0.06990796493642853, 0.8371322938344521], [0.06452271410097525, 0.05188574912904585, 0.4504626645485009, 0.43312887212148216], [0.04609865148516043, 0.18096618808416667, 0.2512954933712205, 0.5216396669594328]], "ideal": "A", "sampled": "A", "correct": true}}
{"type": "result", "data": {"idx": 4, "options": ["by 5 fold", "by 10 fold", "by 15 fold", "by 20 fold"], "probs": [[0.2137588841285611, 0.21325720357623582, 0.2514568581291812, 0.3215270540660361], [0.18389672680051503, 0.22661676702622974, 0.2578673743058718, 0.3316191317673735], [0.22071450662257183, 0.20495676616529504, 0.19518501233768526, 0.3791437147744626], [0.1805997191588304, 0.17570477746245333, 0.29498324506600476, 0.34871225821270235]], "ideal": "C", "sampled": "B", "correct": false}}
{"type": "result", "data": {"idx": 5, "options": ["Lower respiratory infections", "Preterm birth complications", "Diarrheal diseases", "Malaria"], "probs": [[0.213354559014863, 0.08769403033979548, 0.6266546786602131, 0.07229673188511307], [0.054225456307230954, 0.25400942412291067, 0.10904521269892435, 0.582719906770917], [0.47548716317652956, 0.081704647293076, 0.3660621020787747, 0.07674608735160915], [0.02417254950981605, 0.10595998903167965, 0.08770257387111725, 0.7821648874874088]], "ideal": "A", "sampled": "C", "correct": false}}
{"type": "result", "data": {"idx": 6, "options": ["10%", "20%", "30%", "40%"], "probs": [[0.15397853122213345, 0.23431059193058457, 0.3448009535816474, 0.2669099231656207], [0.21161090438052285, 0.28571333188677717, 0.35212521898086296, 0.15055054465182394], [0.29154702228148394, 0.34012671872452743, 0.1866642093379508, 0.1816620495560374], [0.33040928452969887, 0.1359017105528524, 0.22624612010307357, 0.3074428847143621]], "ideal": "C", "sampled": "D", "correct": false}}
{"type": "result", "data": {"idx": 7, "options": ["29%", "49%", "69%", "89%"], "probs": [[0.23783510669557378, 0.33133487539573514, 0.22255628528262425, 0.2082737325260691], [0.30344055434641914, 0.3805614892452523, 0.21139647956347904, 0.10460147674487594], [0.45828252690864935, 0.23732143066562117, 0.12384649726637713, 0.18054954505936044], [0.3138047196741781, 0.2369996717602965, 0.2200183385850797, 0.22917726988043569]], "ideal": "C", "sampled": "C", "correct": true}}
{"type": "result", "data": {"idx": 8, "options": ["18%", "38%", "58%", "78%"], "probs": [[0.10138367483402233, 0.30539997179395884, 0.2936742410495267, 0.29954211222251187], [0.18373026165629683, 0.35204728273080943, 0.3217648508781142, 0.1424576046347945], [0.29861312875068297, 0.43190119078357353, 0.10199586418714464, 0.1674898161786086], [0.5034796718389726, 0.09792026700852861, 0.16542327319296787, 0.2331767878595349]], "ideal": "C", "sampled": "D", "correct": false}}
{"type": "result", "data": {"idx": 9, "options": ["11%", "26%", "41%", "56%"], "probs": [[0.08857912095088806, 0.32350222160817277, 0.28394586907793934, 0.30397278826300667], [0.2188510663675933, 0.3824554724009245, 0.3042977924317632, 0.09439566869969944], [0.32408728140037246, 0.3580131575138093, 0.09469268846563204, 0.22320687252017393], [0.359962849071015, 0.1266242562347924, 0.21378978627276293, 0.29962310832142186]], "ideal": "B", "sampled": "D", "correct": false}}
{"type": "result", "data": {"idx": 10, "options": ["23%", "38%", "53%", "68%"], "probs": [[0.17921169038177165, 0.3078570885946625, 0.26952219009461087, 0.2434090308289707], [0.30110924374350473, 0.23260273503206746, 0.2544464707126519, 0.2118415504117693], [0.39289870927103465, 0.32500836562599067, 0.12496040690839184, 0.15713251809458106], [0.5206325282639772, 0.12784889858367202, 0.1555529049142676, 0.19596566813807537]], "ideal": "D", "sampled": "D", "correct": true}}
{"type": "result", "data": {"idx": 11, "options": ["5%", "10%", "15%", "25%"], "probs": [[0.12467536089451922, 0.18229845340401998, 0.3430919048033553, 0.34993428079809324], [0.1464983082204278, 0.20264002813787776, 0.47483694103748125, 0.17602472250422685], [0.23160864833552922, 0.36234310318082513, 0.2151079852566112, 0.19094026312703763], [0.30864055215425146, 0.14601871235850722, 0.3003200345494862, 0.2450207008377572]], "ideal": "B", "sampled": "D", "correct": false}}
{"type": "result", "data": {"idx": 12, "options": ["2%", "4%", "9%", "18%"], "probs": [[0.10098667643613848, 0.12588875751761622, 0.30304670537312745, 0.47007786057310524], [0.20318836814421065, 0.2338232627176233, 0.4161013474132837, 0.146887021624872], [0.3064448729076156, 0.37235274749905367, 0.14588936899108332, 0.1753130105022499], [0.38479492405349697, 0.10663950792325921, 0.1704184851338352, 0.33814708278941563]], "ideal": "C", "sampled": "D", "correct": false}}
{"type": "result", "data": {"idx": 13, "options": ["minimum wage legislation", "land reform", "progressive taxation", "increased access to education"], "probs": [[0.7912482286722897, 0.08755747428764676, 0.06059616485701763, 0.06059813208303203], [0.21426289102975093, 0.1279488068037451, 0.1338008101539735, 0.5239874919125352], [0.03968418454009341, 0.08174321986198647, 0.27005830070592335, 0.6085142947919933], [0.04112063655577317, 0.2512615389609417, 0.6123797745685516, 0.0952380498147317]], "ideal": "A", "sampled": "A", "correct": true}}
{"type": "result", "data": {"idx": 14, "options": ["36%", "56%", "76%", "96%"], "probs": [[0.22572136617638458, 0.2347422540649907, 0.262928952972518, 0.2766074266861217], [0.2923211842592785, 0.264956728952434, 0.2371090173410267, 0.2056130693472522], [0.21586135556644026, 0.17446483866752552, 0.3374279892509628, 0.2722458164150754], [0.11489410068438556, 0.36454212815610154, 0.22536480060525385, 0.29519897045426124]], "ideal": "B", "sampled": "A", "correct": false}}
{"type": "result", "data": {"idx": 15, "options": ["6%", "13%", "27%", "46%"], "probs": [[0.04570947069552253, 0.25692727843239976, 0.4652302294022307, 0.23213302136982622], [0.11787426599161963, 0.5346570947354271, 0.30223996716826007, 0.045228672004708], [0.4136672104745449, 0.3518814298615462, 0.058270847886381386, 0.17618051167752447], [0.18564716912978585, 0.047421398760606345, 0.17233040382119272, 0.5946010281884467]], "ideal": "B", "sampled": "C", "correct": false}}
{"type": "result", "data": {"idx": 16, "options": ["34%", "49%", "64%", "79%"], "probs": [[0.1922982772171128, 0.26736676617987637, 0.26125328778120827, 0.2790816687218044], [0.22281932868025614, 0.2934919380198985, 0.2595441686710739, 0.22414456452877254], [0.3088477219285756, 0.2895505350375667, 0.16759801604989877, 0.23400372688397306], [0.3320769044060563, 0.16409036058378984, 0.19179076430757058, 0.31204197060258465]], "ideal": "A", "sampled": "C", "correct": false}}
{"type": "result", "data": {"idx": 17, "options": ["62%", "72%", "82%", "92%"], "probs": [[0.1846271601971744, 0.2854686089059893, 0.26031021321389963, 0.26959401758292484], [0.2705188269107307, 0.2817377761635424, 0.26512801237531425, 0.1826153844504261], [0.2939884263777716, 0.23428455148077662, 0.19240120578586686, 0.2793258162555866], [0.17874212511396348, 0.19326475439684332, 0.2807876015267635, 0.34720551886242995]], "ideal": "C", "sampled": "C", "correct": true}}
{"type": "result", "data": {"idx": 18, "options": ["About $3k", "About $8k", "About $15k", "About $30k"], "probs": [[0.09066525532513979, 0.3264696185386209, 0.3025375074630776, 0.2803276185731579], [0.1110561800588605, 0.34331780173587173, 0.34453562967337015, 0.20109038843189386], [0.17042079341191718, 0.27074814531744207, 0.2231385818953178, 0.33569247927533835], [0.14004252165913364, 0.24734224639772603, 0.286891240817771, 0.32572399102537275]], "ideal": "C", "sampled": "C", "correct": true}}
{"type": "result", "data": {"idx": 19, "options": ["55,000", "550,000", "5,500,000", "55,000,000"], "probs": [[0.05418547288619771, 0.20425640601759348, 0.3208424830810567, 0.42071563791514704], [0.2768401216745116, 0.3217307791339243, 0.22237696820985967, 0.1790521308817307], [0.3591878595322405, 0.12489641688073447, 0.2226744590225387, 0.29324126446448856], [0.11519073001542869, 0.08020798241844437, 0.18689857093953735, 0.617702716526594]], "ideal": "B", "sampled": "C", "correct": false}}
{"type": "result", "data": {"idx": 20, "options": ["25%", "45%", "65%", "85%"], "probs": [[0.2257524961789747, 0.2141384030628362, 0.2780990007286629, 0.2820100999295302], [0.2512990166212489, 0.2764326617355361, 0.2131786325683286, 0.25908968897487883], [0.31625273324845954, 0.2418812870862923, 0.18692813323095667, 0.2549378463342848], [0.33252965431486387, 0.17053791146367916, 0.20568212582070117, 0.29125030830077187]], "ideal": "A", "sampled": "C", "correct": false}}
{"type": "result", "data": {"idx": 21, "options": ["24%", "44%", "64%", "84%"], "probs": [[0.2271488036874249, 0.3128556901440956, 0.23811601865114562, 0.22187948741731414], [0.26130871718698484, 0.3394338149745066, 0.19962605148292648, 0.1996314162555755], [0.2851685711564077, 0.3144506621981353, 0.18553983259170534, 0.2148409339537704], [0.36708706056883206, 0.2996701821341103, 0.17962528914793197, 0.15361746804910714]], "ideal": "A", "sampled": "D", "correct": false}}
{"type": "result", "data": {"idx": 22, "options": ["25%", "40%", "55%", "75%"], "probs": [[0.18230621077530948, 0.30939896298985564, 0.2888798200558912, 0.21941500607893322], [0.23102555849612955, 0.29889874027885643, 0.2949824799841474, 0.1750932211408576], [0.28223428104826315, 0.29980276048844584, 0.15795445665668778, 0.2600085017066205], [0.28104601377465493, 0.17690803531599758, 0.2549029996950991, 0.2871429511142536]], "ideal": "D", "sampled": "C", "correct": false}}
{"type": "result", "data": {"idx": 23, "options": ["8%", "16%", "32%", "64%"], "probs": [[0.2432112265002641, 0.3066716765047422, 0.27663576900467257, 0.17348132789032314], [0.38799970695683583, 0.3332865058461009, 0.16883887839625855, 0.10987490870080878], [0.4487908176074695, 0.2383127471707575, 0.14820696756469376, 0.16468946755708552], [0.400448382477986, 0.10988447130978561, 0.22719148219947843, 0.2624756639127552]], "ideal": "B", "sampled": "C", "correct": false}}
{"type": "result", "data": {"idx": 24, "options": ["males are more likely to have depression and are more likely to have an alcohol use disorder than females.", "females are more likely to have depression and are more likely to have an alcohol use disorder than males.", "males are more likely than females to have depression while females are more likely than males to have an alcohol use disorder.", "females are more likely than males to have depression while males are more likely than females to have an alcohol use disorder."], "probs": [[0.3960038349134487, 0.11475133946887754, 0.3466646301276462, 0.1425801953900464], [0.38945937494839133, 0.1927747795708177, 0.30153739199396695, 0.11622845338683033], [0.35194749076452975, 0.2974651178741538, 0.17938046228831567, 0.17120692897298462], [0.4549516601443693, 0.18388768364949323, 0.2537124300369558, 0.10744822606917764]], "ideal": "D", "sampled": "D", "correct": true}}
{"type": "result", "data": {"idx": 25, "options": ["37%", "47%", "57%", "67%"], "probs": [[0.14836738489147724, 0.227962389067203, 0.2893649017285073, 0.3343053242128044], [0.20768444712429626, 0.2573565632687376, 0.3134992783410722, 0.22145971116589877], [0.2869496361130428, 0.31940956496784995, 0.17239892993272682, 0.2212418688863734], [0.3991763683037268, 0.1352601226897381, 0.19335325842528492, 0.2722102504812657]], "ideal": "D", "sampled": "D", "correct": true}}
{"type": "result", "data": {"idx": 26, "options": ["1%", "3%", "6%", "10%"], "probs": [[0.11965581037082375, 0.20351807014316617, 0.2744412416920618, 0.40238487769394926], [0.1802567981080995, 0.26791930009877574, 0.3494817898623748, 0.2023421118307272], [0.23450891981336996, 0.3186007625291033, 0.14636088022794272, 0.3005294373295977], [0.2248781615629359, 0.0921126426372443, 0.24549399015447446, 0.4375152055453522]], "ideal": "D", "sampled": "D", "correct": true}}
{"type": "result", "data": {"idx": 27, "options": ["23%", "43%", "63%", "83%"], "probs": [[0.25984018265780046, 0.28693671194688447, 0.24028464103973945, 0.21293846425556634], [0.4058158390333125, 0.22586463318370908, 0.19203339498874744, 0.1762861326942347], [0.30989900193446096, 0.1819364855277457, 0.2405274105773768, 0.26763710186040796], [0.28223363785608796, 0.2280337236319356, 0.24657371212568813, 0.24315892628630295]], "ideal": "C", "sampled": "B", "correct": false}}
{"type": "result", "data": {"idx": 28, "options": ["10%", "30%", "50%", "70%"], "probs": [[0.11956359081571911, 0.3087047173515017, 0.3148038669564698, 0.25692782477628523], [0.2749540449310523, 0.28372276928879414, 0.2675991522106813, 0.17372403346947582], [0.21214703891050066, 0.3129461117137736, 0.1607423451821939, 0.31416450409356], [0.22464985274240007, 0.13051508901793862, 0.3198509201093828, 0.3249841380302807]], "ideal": "D", "sampled": "B", "correct": false}}
{"type": "result", "data": {"idx": 29, "options": ["26%", "41%", "56%", "71%"], "probs": [[0.2505639929558325, 0.2571403841845549, 0.22026055442274242, 0.2720350683368625], [0.28935692583936995, 0.24856498252761408, 0.24232848941185728, 0.21974960212116348], [0.3061644963126647, 0.3032188311065108, 0.1867609428730979, 0.20385572960774268], [0.38774939474063885, 0.2671227344825949, 0.1590730756800425, 0.18605479499672703]], "ideal": "C", "sampled": "D", "correct": false}}
{"type": "result", "data": {"idx": 30, "options": ["690 million", "6.9 billion", "69 billion", "690 billion"], "probs": [[0.21162004603960322, 0.2411470424329183, 0.23881872936776746, 0.3084141820597018], [0.3435648297447128, 0.1778813071054979, 0.16261175514330073, 0.3159421079064911], [0.30060816403666146, 0.1011582107472133, 0.15407756873983175, 0.4441560563762886], [0.1636004248125296, 0.10639573691967454, 0.27222520219562163, 0.457778635972182]], "ideal": "C", "sampled": "B", "correct": false}}
{"type": "result", "data": {"idx": 31, "options": ["9%", "29%", "59%", "79%"], "probs": [[0.5671721044218511, 0.14986120422351792, 0.13995751044114443, 0.14300918081345623], [0.5783348161877212, 0.14447219500862865, 0.13273557810639153, 0.14445741059724196], [0.2836874762362924, 0.11993535463377902, 0.27121134715015155, 0.325165821879802], [0.1560212898441138, 0.3701159859926349, 0.26707900526179384, 0.20678371880147636]], "ideal": "A", "sampled": "A", "correct": true}}
{"type": "result", "data": {"idx": 32, "options": ["31%", "51%", "71%", "91%"], "probs": [[0.17496318818899687, 0.2627276060532045, 0.30056424084114336, 0.2617449648166554], [0.3027835229442171, 0.36356493591877354, 0.2466051748246896, 0.08704636621232024], [0.44385182895769104, 0.20923290936994376, 0.14050007990500538, 0.20641518166737324], [0.2551385303810456, 0.16602188019084654, 0.20824636933427706, 0.37059321999384415]], "ideal": "B", "sampled": "C", "correct": false}}
{"type": "result", "data": {"idx": 33, "options": ["by 4 fold", "by 8 fold", "by 16 fold", "by 32 fold"], "probs": [[0.15420739919844004, 0.20388407496105568, 0.2541751475284604, 0.3877333782120452], [0.21165866387356105, 0.2934169024280597, 0.2650972855104018, 0.22982714808800286], [0.3149517898813764, 0.3010221534626569, 0.12499883785347568, 0.25902721870250445], [0.23756050511830873, 0.0686078055714104, 0.1518546089719655, 0.5419770802383281]], "ideal": "C", "sampled": "C", "correct": true}}
{"type": "result", "data": {"idx": 34, "options": ["1", "7", "13", "19"], "probs": [[0.10477473201773825, 0.293281541122862, 0.2644590313767098, 0.33748469538268283], [0.1701617050590578, 0.3546861114972302, 0.29292187162547206, 0.1822303117182697], [0.19718090002528216, 0.3838277987821018, 0.17128069112397679, 0.2477106099686442], [0.18936739299142658, 0.17995823993296078, 0.28029482475004636, 0.3503795422255724]], "ideal": "D", "sampled": "D", "correct": true}}
{"type": "result", "data": {"idx": 35, "options": ["59%", "69%", "79%", "89%"], "probs": [[0.21951778632209704, 0.2507653108566341, 0.24526193898318116, 0.2844549637380874], [0.2639238069001273, 0.22791018470223112, 0.28294841526708364, 0.2252175930305708], [0.31547256560062326, 0.2486926315233353, 0.20448591421956672, 0.23134888855647587], [0.33508611019921913, 0.20247452748117517, 0.20648940009085634, 0.2559499621287265]], "ideal": "D", "sampled": "D", "correct": true}}
{"type": "result", "data": {"idx": 36, "options": ["Earthquakes", "Volcanic activity", "Wildfires", "Floods"], "probs": [[0.2700856597946825, 0.18865482162321778, 0.22306968536153723, 0.3181898331205518], [0.14994445500036213, 0.07168128551765796, 0.23772216203166888, 0.5406520973503013], [0.18530731916404558, 0.14405565823144714, 0.38475000246455693, 0.2858870200399651], [0.26468198175855834, 0.2400326287213835, 0.290793620414645, 0.20449176900541688]], "ideal": "D", "sampled": "A", "correct": false}}
{"type": "result", "data": {"idx": 37, "options": ["15%", "35%", "55%", "75%"], "probs": [[0.20667995074057777, 0.346917556633538, 0.2629313270452231, 0.18347116548067452], [0.3675315042867163, 0.25347918293727273, 0.22331328876305614, 0.15567602391294535], [0.34990404609629805, 0.2308644478377672, 0.1695712693480052, 0.24966023661793335], [0.1942491543372263, 0.20803580372377956, 0.31106145187017403, 0.28665358996882156]], "ideal": "B", "sampled": "B", "correct": true}}
{"type": "result", "data": {"idx": 38, "options": ["by 4 fold", "by 8 fold", "by 16 fold", "by 32 fold"], "probs": [[0.1577483277528417, 0.23403747162079863, 0.2500240054351896, 0.3581901950911714], [0.20235920996432874, 0.29209517155419, 0.2557021474781681, 0.24984347090328943], [0.2631957292243075, 0.2919889359570033, 0.15844458253409197, 0.2863707521846105], [0.21182931197159985, 0.08558617571290929, 0.18544506857523135, 0.5171394436402601]], "ideal": "D", "sampled": "C", "correct": false}}
{"type": "result", "data": {"idx": 39, "options": ["36%", "51%", "66%", "81%"], "probs": [[0.24586538080877737, 0.24108814296704253, 0.2658592663046811, 0.24718720981951425], [0.25468280514451824, 0.18862531381914416, 0.231465050981267, 0.32522682995507385], [0.2288277758016688, 0.152142666971438, 0.32965682107272465, 0.2893727360541594], [0.1967148012694273, 0.29059901302122065, 0.20133701498153836, 0.3113491706278048]], "ideal": "C", "sampled": "A", "correct": false}}
{"type": "result", "data": {"idx": 40, "options": ["81%", "86%", "91%", "96%"], "probs": [[0.16946706493300243, 0.2206121194297847, 0.2793187112140868, 0.3306021043231288], [0.1802110926903035, 0.23819131542365887, 0.310571109680839, 0.2710264821052012], [0.17642347712279055, 0.23013385572071807, 0.23061002593176244, 0.3628326411247313], [0.14700013194666464, 0.16176931459175578, 0.24904411452805056, 0.44218643883353154]], "ideal": "B", "sampled": "C", "correct": false}}
{"type": "result", "data": {"idx": 41, "options": ["26%", "46%", "66%", "86%"], "probs": [[0.1890245770531852, 0.3330864065318602, 0.2512753378862141, 0.2266136784287306], [0.3343388425574872, 0.26131481073059243, 0.2820574481283117, 0.12228889848359499], [0.3751420972093386, 0.24460209310643397, 0.13615539398237203, 0.2441004156018346], [0.2903622825144947, 0.18999645261532166, 0.21952947896832345, 0.30011178580185194]], "ideal": "A", "sampled": "C", "correct": false}}
{"type": "result", "data": {"idx": 42, "options": ["Brazil", "China", "Mexico", "Iran"], "probs": [[0.2590750725017157, 0.1444304650206619, 0.33401348838792805, 0.26248097398969344], [0.22879903274782948, 0.2342826730227679, 0.32522357696822, 0.21169471716118127], [0.27491287279182935, 0.22741849478455417, 0.2597560778387323, 0.23791255448489604], [0.2734475398834058, 0.1911650111283667, 0.2766011604498816, 0.25878628843835727]], "ideal": "C", "sampled": "C", "correct": true}}
{"type": "result", "data": {"idx": 43, "options": ["1.2 million", "2.4 million", "3.6 million", "4.8 million"], "probs": [[0.19767165949576734, 0.25539917109197136, 0.2783439682645172, 0.26858520104774597], [0.27062191724589707, 0.2769520805188703, 0.2664453294248457, 0.18598067271036478], [0.27665506419940183, 0.22182873900494107, 0.18385527620681774, 0.31766092048884104], [0.21817641691188205, 0.14174358670945594, 0.22035835751021307, 0.4197216387684492]], "ideal": "A", "sampled": "C", "correct": false}}
{"type": "result", "data": {"idx": 44, "options": ["Diarrheal diseases", "Diabetes", "Dementia", "Road injuries"], "probs": [[0.6193262898840922, 0.10746425537298653, 0.08651227854617535, 0.18669717609673084], [0.07281759937736892, 0.06167717259187945, 0.2327608552947339, 0.6327443726360421], [0.12843682137652762, 0.1428357995963183, 0.6059221523589231, 0.12280522656824841], [0.4524195911635146, 0.2944593946946116, 0.13183858083054914, 0.12128243321133725]], "ideal": "C", "sampled": "A", "correct": false}}
{"type": "result", "data": {"idx": 45, "options": ["3 million", "14 million", "42 million", "124 million"], "probs": [[0.07309306617838061, 0.18817025742048615, 0.30477133244975724, 0.43396534385135827], [0.15583820334357548, 0.265964190565417, 0.39612353392238153, 0.18207407206860396], [0.2483380807692381, 0.32840124301889234, 0.1600497945302339, 0.26321088158163874], [0.3371704068430076, 0.0841116382233792, 0.23351280490891874, 0.3452051499247088]], "ideal": "C", "sampled": "D", "correct": false}}
{"type": "result", "data": {"idx": 46, "options": ["26%", "46%", "66%", "86%"], "probs": [[0.3733940091436734, 0.29767813602211357, 0.1918129451670783, 0.13711490956712571], [0.43370673804003584, 0.28620375490598654, 0.15310846547488108, 0.1269810414790887], [0.3884344704090121, 0.17786267078345494, 0.1778505133163667, 0.25585234539118173], [0.2808050570350607, 0.1798387890181166, 0.2551493674988752, 0.28420678634795005]], "ideal": "A", "sampled": "B", "correct": false}}
{"type": "result", "data": {"idx": 47, "options": ["25%", "45%", "65%", "85%"], "probs": [[0.28593496199587265, 0.2427068424859179, 0.26857823419959326, 0.20277996121861874], [0.3116464201523364, 0.21883568287326405, 0.2035587865201129, 0.26595911035426567], [0.2949658922827019, 0.15884107945484136, 0.2854232138215445, 0.26076981434091623], [0.19637000222616185, 0.2879500049463055, 0.24727580851359962, 0.2684041842139109]], "ideal": "B", "sampled": "A", "correct": false}}
{"type": "result", "data": {"idx": 48, "options": ["6%", "16%", "36%", "66%"], "probs": [[0.13798587309358146, 0.33748073571016196, 0.30744080602870694, 0.21709258506753787], [0.30791317359977605, 0.40970836944160677, 0.17616560297321673, 0.10621285388540316], [0.38295952786423115, 0.3065074367802227, 0.08315987182641356, 0.22737316342911137], [0.3369435120328916, 0.0631799555629752, 0.30250041627668245, 0.29737611602745834]], "ideal": "C", "sampled": "C", "correct": true}}
{"type": "result", "data": {"idx": 49, "options": ["43%", "58%", "73%", "88%"], "probs": [[0.2000848992153414, 0.23987115051739089, 0.2609764710977969, 0.2990674790694867], [0.21600899243743096, 0.288401160831476, 0.3230629844965079, 0.1725268621345769], [0.30131244411897945, 0.3225490291002385, 0.17543144317632423, 0.20070708350446204], [0.3100993765283153, 0.20608642458386245, 0.2005803656188779, 0.28323383316894724]], "ideal": "B", "sampled": "D", "correct": false}}
{"type": "result", "data": {"idx": 50, "options": ["0.50%", "2%", "6%", "12%"], "probs": [[0.1892460634752529, 0.22915532838366062, 0.27907756711162923, 0.3025210409294597], [0.19061318336345465, 0.3130608953124973, 0.3057287730220552, 0.19059714820198337], [0.25150935134951397, 0.2876299583192437, 0.13612264533506624, 0.32473804489618113], [0.2392359321741665, 0.08218831486263092, 0.21113350521179178, 0.46744224765139014]], "ideal": "B", "sampled": "C", "correct": false}}
{"type": "result", "data": {"idx": 51, "options": ["strongly supported by most studies", "supported mainly by cross-section, not time-series studies", "supported mainly by time-series, not cross-section studies", "generally repudiated by empirical studies"], "probs": [[0.17192761023831393, 0.35896816880547117, 0.17264398745108073, 0.29646023340512734], [0.2790939670598362, 0.1918007712973719, 0.3264434649054497, 0.20266179663734724], [0.3519423785690799, 0.22811394290342027, 0.25399100166905897, 0.16595267675842196], [0.31058975350613854, 0.23123349054277476, 0.2839597930494903, 0.17421696280160048]], "ideal": "B", "sampled": "D", "correct": false}}
{"type": "result", "data": {"idx": 52, "options": ["12 years", "9 years", "6 years", "3 years"], "probs": [[0.13797072745566127, 0.36967110448770896, 0.25124303292879463, 0.24111513502783932], [0.14738718401524398, 0.2781454118984083, 0.21110383748807832, 0.3633635664982624], [0.1098485006439819, 0.147759164325093, 0.4041591886692533, 0.33823314626165774], [0.07796959792684675, 0.27104797913193646, 0.31889189628521053, 0.332090526556007]], "ideal": "B", "sampled": "A", "correct": false}}
{"type": "result", "data": {"idx": 53, "options": ["0.90%", "1.80%", "3.60%", "7.20%"], "probs": [[0.15994361254020767, 0.20815730881207706, 0.30178619044618266, 0.3301128881015343], [0.20194166549763096, 0.2235382301383936, 0.31106278123035147, 0.2634573230336272], [0.21414785325680505, 0.2927570580013286, 0.2137663364782109, 0.2793287521636587], [0.24188839758420136, 0.176316141783507, 0.20939680351503806, 0.3723986570172443]], "ideal": "D", "sampled": "D", "correct": true}}
{"type": "result", "data": {"idx": 54, "options": ["14%", "24%", "34%", "44%"], "probs": [[0.1416142523777076, 0.25952163851758453, 0.26512886340316666, 0.3337352456015565], [0.2281259367011998, 0.27353688624179595, 0.26204896847744713, 0.23628820847953724], [0.2815727654962531, 0.24957476976656778, 0.15286530499674536, 0.31598715964042773], [0.34701575542026253, 0.15544020755836555, 0.18424527224827275, 0.31329876467309137]], "ideal": "A", "sampled": "D", "correct": false}}
{"type": "result", "data": {"idx": 55, "options": ["60%", "75%", "90%", "45%"], "probs": [[0.19410505504072698, 0.2622079013356956, 0.29539851541451967, 0.2482885281090718], [0.21207240225424012, 0.25369543170630504, 0.25832227238849553, 0.2759098935509612], [0.17715399209148913, 0.20462020551406246, 0.2780995906030358, 0.34012621169141444], [0.1715433658252555, 0.2666353192337949, 0.2976314628321738, 0.26418985200877787]], "ideal": "B", "sampled": "B", "correct": true}}
{"type": "result", "data": {"idx": 56, "options": ["50%", "60%", "70%", "80%"], "probs": [[0.16193892120854037, 0.23605077469438598, 0.32066008250984207, 0.28135022148721106], [0.1898588800693214, 0.2637031504814706, 0.2822488232771543, 0.264189146072058], [0.20020770167715052, 0.23633082422647939, 0.2817262077519564, 0.2817352662444293], [0.1368707608386328, 0.2607748958157129, 0.2949455597153176, 0.3074087835303404]], "ideal": "D", "sampled": "C", "correct": false}}
{"type": "result", "data": {"idx": 57, "options": ["2%", "25%", "50%", "75%"], "probs": [[0.1213650317551399, 0.31302397227444, 0.33254954478827276, 0.23306145108214896], [0.27376565062045827, 0.30182703127775706, 0.2678759527609678, 0.15653136524080902], [0.26298334319695027, 0.28323523680154283, 0.1688385338854164, 0.2849428860160954], [0.31230264015875586, 0.15493125052540285, 0.2505106768650085, 0.28225543235083583]], "ideal": "D", "sampled": "C", "correct": false}}
{"type": "result", "data": {"idx": 58, "options": ["no nation has been able to grow in the past years.", "the Democratic Republic of Congo has become poorer than it initially was in 1980.", "some countries have had relatively significant growth rates.", "some countries have had relatively significant growth rates, but the Democratic Republic of Congo has become poorer than it initially was in 1980."], "probs": [[0.010733037552278057, 0.013007153906523298, 0.8620240451369244, 0.11423576330426288], [0.0977675810214264, 0.30457036397963594, 0.3631770406381913, 0.23448501426072185], [0.38061585538576315, 0.1818912436554978, 0.2709867795910562, 0.1665061212677012], [0.2881086133887016, 0.07502453267367724, 0.1280589270523364, 0.5088079267852993]], "ideal": "C", "sampled": "C", "correct": true}}
{"type": "result", "data": {"idx": 59, "options": ["15.50%", "34.80%", "48.10%", "65.20%"], "probs": [[0.11829584793242778, 0.29894875251359093, 0.30724817808343574, 0.2755072213705246], [0.26548570963344514, 0.32039846983280357, 0.29157935074054775, 0.12253646969319494], [0.21195557104343854, 0.28201300395512413, 0.13978569858433523, 0.366245726317111], [0.1702236868633082, 0.09915262642016644, 0.4363671076656376, 0.29425657895088236]], "ideal": "B", "sampled": "B", "correct": true}}
{"type": "result", "data": {"idx": 60, "options": ["5 million", "30 million", "150 million", "500 million"], "probs": [[0.06465918306387307, 0.17838090185005592, 0.38726502291669734, 0.36969489206936895], [0.11815613532415277, 0.3458034343347415, 0.37168204210404576, 0.16435838813704406], [0.19342479388143033, 0.3347911587120997, 0.14651678895046977, 0.32526725835599235], [0.08841154886001072, 0.05482634347903526, 0.23015509097330103, 0.6266070165876408]], "ideal": "C", "sampled": "C", "correct": true}}
{"type": "result", "data": {"idx": 61, "options": ["Colombia, Peru, Uruguay, and Costa Rica.", "Bhutan, Niger, Cambodia, and Costa Rica.", "Uruguay, Costa Rica, Timor-Leste, and Pakistan.", "Bhutan, Cambodia, Uruguay and Costa Rica."], "probs": [[0.21185057613085853, 0.1615423316486082, 0.1728853687719344, 0.45372172334860017], [0.2963916625439952, 0.10340104951576141, 0.39256236659931815, 0.207644921240945], [0.20315822928721153, 0.25881797404599677, 0.2196210579948706, 0.3184027385719303], [0.3174271807222927, 0.15615308091887006, 0.3261968577669819, 0.200222880491863]], "ideal": "A", "sampled": "D", "correct": false}}
{"type": "result", "data": {"idx": 62, "options": ["10%", "20%", "40%", "80%"], "probs": [[0.1982796623164908, 0.2507620368192416, 0.3288882475172093, 0.22207005324705945], [0.26026747501261605, 0.29906904361524717, 0.2310723757368457, 0.20959110553530613], [0.2815745589556587, 0.3147701636780902, 0.18082612722693533, 0.22282915003930703], [0.2159796611549659, 0.20412879782602322, 0.2817637509839528, 0.29812778993506134]], "ideal": "B", "sampled": "C", "correct": false}}
{"type": "result", "data": {"idx": 63, "options": ["38%", "58%", "78%", "98%"], "probs": [[0.33895739126381424, 0.2703296691235374, 0.2024366990011025, 0.18827624051153696], [0.33354651105050886, 0.33743860432708744, 0.1600507358912724, 0.16896414863113512], [0.3740720303256497, 0.17629721442544483, 0.227682983603531, 0.22194777154537773], [0.22537734009774157, 0.3472066730917875, 0.2068084863196289, 0.22060750039084373]], "ideal": "C", "sampled": "C", "correct": true}}
{"type": "result", "data": {"idx": 64, "options": ["True, True", "True, False", "False, True", "False, False"], "probs": [[0.19453855143812743, 0.2977138851337804, 0.26327228821321497, 0.24447527511485828], [0.21917735545546185, 0.271061357062521, 0.19034924760464542, 0.31941203977736793], [0.1859452400696984, 0.13210388403135595, 0.4206878856260046, 0.26126299017294874], [0.15212976907223852, 0.2700513862534878, 0.3699033822648647, 0.2079154623094173]], "ideal": "B", "sampled": "A", "correct": false}}
{"type": "result", "data": {"idx": 65, "options": ["260", "2,600", "26,000", "260,000"], "probs": [[0.18143985947321983, 0.19546288893181976, 0.3615982714043514, 0.26149898009061306], [0.27495871296088803, 0.26687796761230714, 0.2754086995178672, 0.18275461980894397], [0.3230166413217773, 0.18323230641930272, 0.20811987470047755, 0.2856311774584601], [0.200087641714695, 0.08911673328696892, 0.20202164795311994, 0.5087739769452307]], "ideal": "C", "sampled": "C", "correct": true}}
{"type": "result", "data": {"idx": 66, "options": ["90%", "70%", "50%", "30%"], "probs": [[0.29692092569524137, 0.18142339534369717, 0.23158774971950744, 0.2900679291415574], [0.22596275067137067, 0.1355050881353637, 0.1712597640208241, 0.46727239707245855], [0.14676800253072053, 0.12118402709364742, 0.33402990421556383, 0.3980180660600666], [0.13837032981732336, 0.32677569921647615, 0.2156483128171084, 0.3192056580490722]], "ideal": "A", "sampled": "A", "correct": true}}
{"type": "result", "data": {"idx": 67, "options": ["Japan", "Canada", "Russia", "Iran"], "probs": [[0.20767601657887938, 0.272005699686508, 0.3052054710604374, 0.21511281257417383], [0.2892787265966608, 0.15098545607473643, 0.2675390481877539, 0.29219676904087205], [0.21841780048982531, 0.07911408720397149, 0.21413369836918986, 0.48833441383701154], [0.13846099462474631, 0.1101917390286526, 0.34820058292319844, 0.4031466833233944]], "ideal": "B", "sampled": "B", "correct": true}}
{"type": "result", "data": {"idx": 68, "options": ["59%", "69%", "79%", "89%"], "probs": [[0.2600192056106109, 0.27685629006861384, 0.22545680728978323, 0.23766769693100528], [0.29789658739036107, 0.2510114027379024, 0.23390624498486146, 0.21718576478687782], [0.2996040152834907, 0.2474717435172199, 0.22890086814896443, 0.22402337295032768], [0.29357042718496346, 0.2591334690161778, 0.20294711976538884, 0.24434898393344867]], "ideal": "C", "sampled": "C", "correct": true}}
{"type": "result", "data": {"idx": 69, "options": ["9%", "19%", "39%", "59%"], "probs": [[0.18851044445184587, 0.28958371005140365, 0.29592575578206715, 0.22598008961468438], [0.3345827131703681, 0.37169027298195506, 0.18657650479614366, 0.10715050895151831], [0.4822047329958133, 0.2290235597099016, 0.09882113428890989, 0.18995057290538744], [0.3840855102964957, 0.137962451086181, 0.20717135770051798, 0.2707806808168091]], "ideal": "B", "sampled": "C", "correct": false}}
{"type": "result", "data": {"idx": 70, "options": ["18%", "38%", "58%", "78%"], "probs": [[0.2585870302742535, 0.32645180829210807, 0.21742918603483247, 0.19753197529880842], [0.3485273792527365, 0.2698726279824452, 0.2198001315988592, 0.16179986106593955], [0.3359505735534679, 0.37987347564881213, 0.12524302716933505, 0.15893292352840158], [0.4774145541675599, 0.15556143826605942, 0.1822918116344193, 0.18473219583195438]], "ideal": "B", "sampled": "D", "correct": false}}
{"type": "result", "data": {"idx": 71, "options": ["24%", "39%", "54%", "69%"], "probs": [[0.1532253089347911, 0.26907333887543083, 0.24489775966809665, 0.3328035924216824], [0.29960635899757143, 0.21133191049148253, 0.3215619922371202, 0.1674997381738274], [0.36561624461669534, 0.34484921945822294, 0.11918402328412, 0.17035051254093847], [0.5591805886506602, 0.11837691385201647, 0.12917396686674104, 0.19326853053057705]], "ideal": "A", "sampled": "D", "correct": false}}
{"type": "result", "data": {"idx": 72, "options": ["1.5 children per woman", "2.5 children per woman", "3.5 children per woman", "4.5 children per woman"], "probs": [[0.6391556061936746, 0.11145755198766766, 0.12255775164664338, 0.12682909007202806], [0.2983652334235682, 0.0816746142970819, 0.070133735956081, 0.5498264162232758], [0.20511119196669947, 0.07862706555625591, 0.186420130707387, 0.5298416116696586], [0.1769908124033989, 0.15464984163625944, 0.31367087878833505, 0.3546884670720332]], "ideal": "B", "sampled": "A", "correct": false}}
{"type": "result", "data": {"idx": 73, "options": ["$300 ", "$1,000 ", "$10,000 ", "$30,000 "], "probs": [[0.08341859906526015, 0.2996681357530287, 0.29672757806142896, 0.3201856870202631], [0.09843389898827981, 0.27155259738066695, 0.42414774018431756, 0.20586576334673448], [0.17000241314723732, 0.3668250484173607, 0.24153234496103979, 0.22164019337434696], [0.16741147415371005, 0.11502544449011952, 0.21696427669797927, 0.5005988045581834]], "ideal": "C", "sampled": "D", "correct": false}}
{"type": "result", "data": {"idx": 74, "options": ["20%", "40%", "60%", "80%"], "probs": [[0.23386233182677643, 0.2745117291905477, 0.2412916930680149, 0.25033424581463926], [0.25446892427285167, 0.2189268167546982, 0.22673099339489275, 0.2998732654775503], [0.22821572135920304, 0.1852296360126982, 0.2642132766606275, 0.32234136586746354], [0.16433784691570008, 0.34134479583709265, 0.21523109078137745, 0.2790862663658325]], "ideal": "C", "sampled": "A", "correct": false}}
{"type": "result", "data": {"idx": 75, "options": ["41%", "56%", "71%", "86%"], "probs": [[0.21662331380294006, 0.2803417090262986, 0.25273557454180157, 0.25029940252895194], [0.2715674283956545, 0.259585018692326, 0.2585958581489982, 0.21025169466301308], [0.2564536318892784, 0.22506117789755245, 0.22956634812961638, 0.2889188419835313], [0.20340538171156344, 0.20022480900733794, 0.24623502393204008, 0.350134785249062]], "ideal": "B", "sampled": "C", "correct": false}}
{"type": "result", "data": {"idx": 76, "options": ["1%", "2%", "4%", "8%"], "probs": [[0.13371196885265044, 0.22918173698531988, 0.3194035539249312, 0.3177027401370882], [0.1874616324777242, 0.3187159491347751, 0.34874849723479123, 0.14507392105268813], [0.2612408135633997, 0.3662048557624337, 0.1257317349000884, 0.24682259567409365], [0.28418696894551165, 0.1460016981126764, 0.21410629211405338, 0.3557050407277731]], "ideal": "C", "sampled": "D", "correct": false}}
{"type": "result", "data": {"idx": 77, "options": ["US", "Chile", "Ireland", "Spain"], "probs": [[0.48102073761568814, 0.18801702677869495, 0.1692054540464106, 0.16175678145921107], [0.0573126026134919, 0.0335683180517692, 0.07085588177080522, 0.8382631974639567], [0.07961013953487923, 0.08985965249140374, 0.6719404241432789, 0.15858978373043853], [0.10667249056447738, 0.5787792814612206, 0.16386729379945564, 0.15068093407483044]], "ideal": "A", "sampled": "A", "correct": true}}
{"type": "result", "data": {"idx": 78, "options": ["was approximately zero", "exceeded that of high income countries", "exceeded that of Britain during the industrial revolution", "was approximately 3.0% per year"], "probs": [[0.13542046966992274, 0.20256798964970335, 0.2073190423441469, 0.45469249823622393], [0.13003063755889793, 0.10426823263485901, 0.6323795935162975, 0.13332153618995077], [0.14654223650182424, 0.5963546779696234, 0.11056931388720258, 0.1465337715413368], [0.47003073985632177, 0.11476755062806838, 0.26320863413402407, 0.1519930752815916]], "ideal": "C", "sampled": "D", "correct": false}}
