{"type": "result", "data": {"idx": 0, "options": ["P(t > 1.54) with df = 6", "2P(t > 1.54) with df = 6", "P(t > 1.54) with df = 7", "2P(t > 1.54) with df = 7"], "probs": [[0.14480562856623297, 0.13417539212313462, 0.4573132426344245, 0.26370573657621305], [0.1689597825108987, 0.26952530392360985, 0.31077767133314665, 0.250737242132364], [0.15986121013978766, 0.16143816151561122, 0.3902635115643645, 0.28843711668021826], [0.1930541763700721, 0.22380742134905213, 0.31256152598012943, 0.2705768762007417]], "ideal": "B", "sampled": "C", "correct": false}}
{"type": "result", "data": {"idx": 1, "options": ["0 to 31.7 minutes", "31.7 to 39.3 minutes", "25.3 to 44.7 minutes", "25.3 to 35 minutes"], "probs": [[0.19669328350975945, 0.1633539225657382, 0.34084673232364365, 0.2991060615008654], [0.2165307657606508, 0.28549838799897304, 0.2915983088304841, 0.20637253730987573], [0.24724022074331245, 0.21035376428088665, 0.295920151669166, 0.24648586320664267], [0.20722141331325125, 0.2255181098385719, 0.268362218534642, 0.2988982582135324]], "ideal": "C", "sampled": "C", "correct": true}}
{"type": "result", "data": {"idx": 2, "options": ["The possible outcomes must all be numerical.", "The possible outcomes must be mutually exclusive.", "The mean (expected value) always equals the sum of the products obtained by multiplying each value by its corresponding probability.", "Approximately 95% of the outcomes will be within two standard deviations of the mean."], "probs": [[0.6836308480836993, 0.06635443066281276, 0.12061317819620891, 0.1294015429572869], [0.15429547420512532, 0.08166379696830033, 0.04144147300536405, 0.7225992557212302], [0.09011848861706757, 0.023339409380390374, 0.6964314997011798, 0.1901106022013532], [0.06672440636739135, 0.542500668052815, 0.1324542808425145, 0.2583206446372882]], "ideal": "D", "sampled": "A", "correct": false}}
{"type": "result", "data": {"idx": 3, "options": ["If there is sufficient evidence to reject a null hypothesis at the 10% level, then there is sufficient evidence to reject it at the 5% level.", "Whether to use a one- or a two-sided test is typically decided after the data are gathered.", "If a hypothesis test is conducted at the 1% level, there is a 1% chance of rejecting the null hypothesis.", "The power of a test concerns its ability to detect an alternative hypothesis."], "probs": [[0.12183485344680957, 0.08897757960319304, 0.1966244875467731, 0.5925630793032015], [0.06662334820397654, 0.08567081112157254, 0.5006476307383821, 0.3470582098360555], [0.12809385956259506, 0.30475562092885106, 0.21354239491291396, 0.3536081244956436], [0.1974665761890703, 0.1252969153935448, 0.14873361296999496, 0.5285028953473792]], "ideal": "D", "sampled": "D", "correct": true}}
{"type": "result", "data": {"idx": 4, "options": ["is seen more frequently than the other observations in the data set", "is seen less frequently than the other observations in the data set", "is always smaller than the other observations in the data set", "is significantly different from the other observations in the data set"], "probs": [[0.008706420888437002, 0.014803257628207219, 0.014634482111877989, 0.9618558392714925], [0.08856804080887704, 0.007413810179925136, 0.5746826266251771, 0.32933552228603585], [0.01567275888562532, 0.5497534917937387, 0.03860515913812706, 0.395968590082529], [0.555697431988599, 0.02771498663442233, 0.33229202715643774, 0.08429555412054732]], "ideal": "D", "sampled": "D", "correct": true}}
{"type": "result", "data": {"idx": 5, "options": ["95 percent of the students in her school are from families whose income is between $35,095 and $45,005.", "There is a 95% probability that the families of all the students in this school have an income of between $35,095 and $45,005.", "If we were to take another sample of the same size and compute a 95 percent confidence interval, we would have a 95% chance of getting the interval ($35,095, $45,005).", "There is a 95% probability that the mean income per family in the school is between $35,095 and $45,005."], "probs": [[0.0680655809468442, 0.20924800582265068, 0.09571259496310165, 0.6269738181674127], [0.10906719505412599, 0.05612162902510678, 0.7865051644798686, 0.04830601134092581], [0.10316871884420002, 0.6972899152004945, 0.045477919496795825, 0.15406344635851732], [0.6730105510310648, 0.03816553724751598, 0.08553541057630705, 0.20328850104510365]], "ideal": "D", "sampled": "D", "correct": true}}
{"type": "result", "data": {"idx": 6, "options": ["The probability of a Type I error and the probability of a Type II error would both decrease.", "The probability of a Type I error and the power would both increase.", "The probability of a Type II error and the power would both increase.", "The probability of a Type I error would stay the same and the power would increase."], "probs": [[0.1616742421705606, 0.2056166891149756, 0.2864327996506375, 0.34627626896382674], [0.2741977873017359, 0.09931619385103531, 0.40527894616548144, 0.22120707258176336], [0.2502511185072182, 0.17029054424395682, 0.1580772091002633, 0.42138112804858374], [0.2466702607106239, 0.08395355257584021, 0.3963438855650206, 0.2730323010485068]], "ideal": "D", "sampled": "B", "correct": false}}
{"type": "result", "data": {"idx": 7, "options": ["It cannot be determined, because the mean heights for the two groups are different.", "It cannot be determined, because the standard deviations of the heights for the two groups are different.", "The man, because he is 74 inches tall and the woman is only 70 inches tall.", "The woman, because her height is 1.33 standard deviations above the mean height of all women, whereas the man\u2019s height is only one standard deviation above the mean height of all men."], "probs": [[0.06759179270583629, 0.06765110890510823, 0.18536300349625848, 0.6793940947927808], [0.08631592008159773, 0.10743355691527892, 0.7090112453611178, 0.09723927754201449], [0.09064044005045585, 0.6967203808938249, 0.07861146959782908, 0.13402770935791156], [0.6014835091876677, 0.11864397385749638, 0.14146305854383368, 0.1384094583110297]], "ideal": "D", "sampled": "D", "correct": true}}
{"type": "result", "data": {"idx": 8, "options": ["There are different t-distributions for different values of df (degrees of freedom).", "t-distributions are bell-shaped and symmetric.", "t-distributions always have mean 0 and standard deviation 1.", "t-distributions are more spread out than the normal distribution."], "probs": [[0.23274145178293365, 0.03990060228983474, 0.5782661555716474, 0.14909179025557118], [0.06575352654607633, 0.599661436104178, 0.09089375690214839, 0.24369128034760154], [0.4856559935282839, 0.18215409140109382, 0.19008069647181933, 0.14210921849880795], [0.2912297173045461, 0.09618152969769525, 0.0882455013094595, 0.5243432515883258]], "ideal": "C", "sampled": "C", "correct": true}}
{"type": "result", "data": {"idx": 9, "options": ["This study was an observational study.", "Lack of blocking makes this a poorly designed study.", "The placebo effect is irrelevant in this type of study.", "This study was an experiment in which the subjects were used as their own controls."], "probs": [[0.03528507753559094, 0.02011523932261106, 0.024189184684634116, 0.9204104983571735], [0.09059933952863164, 0.04630590660293118, 0.7573659533657844, 0.1057288004026626], [0.06674597159019015, 0.5528800672132186, 0.15300432992420498, 0.22736963117237752], [0.6801700057547108, 0.08100174025074564, 0.1370840441254516, 0.10174420976911351]], "ideal": "D", "sampled": "D", "correct": true}}
{"type": "result", "data": {"idx": 10, "options": ["It describes a process that creates estimates that are too high on average or too low on average.", "It describes a process that results in a sample that does not represent the population.", "It describes a lack of randomization in the sampling process.", "It describes a sample that is not representative of the population."], "probs": [[0.3767585460528737, 0.44584966667564624, 0.04737095451672435, 0.13002083265475736], [0.6265571747582801, 0.034282135236576854, 0.16311152552416314, 0.1760491643809787], [0.05104928301071615, 0.14506914987074107, 0.6862255659872729, 0.11765600103125287], [0.07119018223104913, 0.7525600418124327, 0.09853240477480418, 0.07771737108170841]], "ideal": "A", "sampled": "A", "correct": true}}
{"type": "result", "data": {"idx": 11, "options": ["Halting the production process when sufficient customer complaints are received.", "Halting the production process when the tissue strength is below specifications.", "Halting the production process when the tissue strength is within specifications.", "Allowing the production process to continue when the tissue strength is below specifications."], "probs": [[0.11597813823520878, 0.29784850881915265, 0.2973561962492897, 0.28881715659636537], [0.6011071126143563, 0.24134889423397193, 0.1180510144242873, 0.03949297862739375], [0.37818731195067157, 0.3215420854932538, 0.03732574060705294, 0.26294486184903365], [0.42298399130478237, 0.1110606257036496, 0.29744777441077336, 0.16850760848078103]], "ideal": "C", "sampled": "B", "correct": false}}
{"type": "result", "data": {"idx": 12, "options": ["75 - 0.30(14)", "75 + 0.30(14)", "75 - 0.4756(14)", "75 - 0.5244(14)"], "probs": [[0.20453865533498994, 0.2185549139241325, 0.32818604527004663, 0.248720385370828], [0.2632651806785456, 0.19486953529602216, 0.25957176444682656, 0.28229351947860204], [0.2695873253771262, 0.25221829384721056, 0.2295088005017108, 0.24868558017396236], [0.2173543709647376, 0.21147486025277443, 0.20219014856711665, 0.3689806201153664]], "ideal": "D", "sampled": "C", "correct": false}}
{"type": "result", "data": {"idx": 13, "options": ["increases the interval size by 9%.", "decreases the interval size by 9%.", "increases the interval size by 57%.", "decreases the interval size by 57%."], "probs": [[0.2219951998650753, 0.2500546279901002, 0.22636293766161017, 0.30158723438321366], [0.17876708399540742, 0.1956032869203358, 0.2234336269163439, 0.40219600206791123], [0.27980110890177406, 0.20190315916924498, 0.20189505478718853, 0.3164006770418152], [0.20501707574020275, 0.15348216468862627, 0.19217867869033745, 0.44932208078083047]], "ideal": "C", "sampled": "C", "correct": true}}
{"type": "result", "data": {"idx": 14, "options": ["The number of tosses before a \"5\" appears when tossing a fair die.", "The number of points a hockey team receives in 10 games, where two points are awarded for wins, one point for ties, and no points for losses.", "The number of hearts out of five cards randomly drawn from a deck of 52 cards, without replacement.", "The number of motorists not wearing seat belts in a random sample of five drivers."], "probs": [[0.22819826342352628, 0.09712919032913458, 0.5083751791277802, 0.1662973670195591], [0.21761730677873764, 0.4642660522128859, 0.12870851471888814, 0.1894081261894724], [0.3550901250909822, 0.09958460463361733, 0.26276933573219996, 0.2825559344431893], [0.13604233382487924, 0.15167060050489437, 0.13542311928847603, 0.576863946281734]], "ideal": "D", "sampled": "C", "correct": false}}
{"type": "result", "data": {"idx": 15, "options": ["I only", "II only", "III only", "I and II"], "probs": [[0.2910841875142171, 0.11417405437707677, 0.22404589455406412, 0.37069586345463895], [0.18435500449696335, 0.13173741839575978, 0.30861181752459216, 0.3752957594826969], [0.2434734656171482, 0.23370278934115535, 0.20902600252571532, 0.31379774241598307], [0.27176719045142134, 0.26126707373351993, 0.20667794500825507, 0.260287790706818]], "ideal": "D", "sampled": "D", "correct": true}}
{"type": "result", "data": {"idx": 16, "options": ["I only", "I and III only", "I and II only", "III only"], "probs": [[0.15788152623824278, 0.2954746353809654, 0.14102045833990928, 0.4056233799408801], [0.24185165505836956, 0.15553962768995824, 0.2500204726793123, 0.35258824447236714], [0.1915759453685349, 0.13773121019644421, 0.15787129836170805, 0.5128215459733073], [0.1603960952846751, 0.08624088282197442, 0.44111859560566247, 0.3122444261877112]], "ideal": "B", "sampled": "B", "correct": true}}
{"type": "result", "data": {"idx": 17, "options": ["p + q > 1", "p - q < 0", "p /q > 1", "E and F are both independent and mutually exclusive."], "probs": [[0.31624711459500016, 0.22039457152702313, 0.23686351529617358, 0.2264947984817984], [0.2771080309154088, 0.2238793668845028, 0.16478775622634717, 0.3342248458737606], [0.3225805355335911, 0.08528568990744455, 0.31303290179298904, 0.2791008726659755], [0.09818146726071136, 0.2705723165066075, 0.3101186694861279, 0.3211275466465526]], "ideal": "D", "sampled": "A", "correct": false}}
{"type": "result", "data": {"idx": 18, "options": ["0.0004", "0.0016", "0.002", "0.0036"], "probs": [[0.16318424224575848, 0.3187453303644153, 0.20908103627876495, 0.30898939101103834], [0.22177989677924048, 0.23201492722280506, 0.3030752303495269, 0.24312994554841574], [0.10918804160311184, 0.3892832439770723, 0.18427128796031214, 0.3172574263594917], [0.210522469705792, 0.2505421630482523, 0.2927833183234424, 0.24615204882251343]], "ideal": "D", "sampled": "D", "correct": true}}
{"type": "result", "data": {"idx": 19, "options": ["The number of minutes in an hour for which the Dow-Jones average is above its beginning average for the day.", "The number of cities among the 10 largest in New York State for which the weather is cloudy for most of a given day.", "The number of drivers wearing seat belts if 10 consecutive drivers are stopped at a police roadblock.", "None of the above."], "probs": [[0.07288681308370812, 0.11762519644931387, 0.5600724343401089, 0.24941555602687837], [0.08174307391104714, 0.6304314901756499, 0.08466769098045993, 0.20315774483284718], [0.3787304794223467, 0.045851751181548384, 0.14125944733108062, 0.43415832196502413], [0.0499464809477559, 0.07931227129322095, 0.12979728094759094, 0.740943966711421]], "ideal": "D", "sampled": "C", "correct": false}}
{"type": "result", "data": {"idx": 20, "options": ["7.91", "6.21", "0.21", "\u20130.21"], "probs": [[0.25228096498825353, 0.22490545100050802, 0.2056047164731731, 0.3172088674380673], [0.23632597624612783, 0.2815853769913439, 0.2827978308595585, 0.1992908158029619], [0.2527756366462189, 0.33331803495323264, 0.16116478511284163, 0.252741543187708], [0.3149967029759901, 0.15029261701032692, 0.20582530657826784, 0.32888537333542534]], "ideal": "D", "sampled": "D", "correct": true}}
{"type": "result", "data": {"idx": 21, "options": ["The Central Limit Theorem applies to proportions but not means.", "We use z for proportions because proportions are approximately normal. Means are not.", "We use z for proportions because the sampling distribution of sample proportions is approximately normal, but that is not the case for the sampling distribution of sample means.", "When using the sample standard deviation to estimate the population standard deviation, more variability is introduced into the sampling distribution of the statistic."], "probs": [[0.03725348409561848, 0.03471634202903142, 0.7404557912984684, 0.1875743824768672], [0.019787250692580746, 0.7193892345692893, 0.12589003435044258, 0.13493348028768282], [0.47477406749735407, 0.1448405827557216, 0.14848988601193266, 0.23189546363498], [0.2546933019688188, 0.03407084079062219, 0.0963953998168053, 0.6148404573237546]], "ideal": "D", "sampled": "C", "correct": false}}
{"type": "result", "data": {"idx": 22, "options": ["Following up with those who did not respond to the survey the first time", "Asking questions in a neutral manner to avoid influencing the responses", "Using stratified random sampling rather than simple random sampling", "Selecting samples randomly"], "probs": [[0.39514744247998457, 0.0778521777565862, 0.28352097585996944, 0.24347940380345068], [0.13225564255389985, 0.19697426028555431, 0.1608207790771003, 0.5099493179834265], [0.31638690401236824, 0.16966979563074894, 0.45404093572190735, 0.05990236453500168], [0.10161285013546173, 0.38638673057461015, 0.06893863315736615, 0.44306178603253776]], "ideal": "C", "sampled": "A", "correct": false}}
{"type": "result", "data": {"idx": 23, "options": ["-1", "0", "0.4", "1"], "probs": [[0.15104223655018942, 0.3384067869000642, 0.2756551822506021, 0.2348957941991567], [0.2464223070667029, 0.3699492213438007, 0.1984060504745787, 0.18522242101491604], [0.23170747474694184, 0.2399878196681204, 0.22191251688290742, 0.30639218860205397], [0.15619949284440598, 0.1782924991845459, 0.3382393863430201, 0.32726862152801395]], "ideal": "B", "sampled": "B", "correct": true}}
{"type": "result", "data": {"idx": 24, "options": ["$23,000", "$25,300", "$28,000", "$30,300"], "probs": [[0.14081134957258082, 0.37531647519929184, 0.2598180783436526, 0.22405409678447805], [0.3062169573187035, 0.2507546795005127, 0.25880515066896237, 0.18422321241183584], [0.3155685865735924, 0.22285860720142828, 0.2142997183979756, 0.2472730877269945], [0.3224072624785115, 0.20661891261277487, 0.23920875722153326, 0.23176506758717128]], "ideal": "A", "sampled": "B", "correct": false}}
{"type": "result", "data": {"idx": 25, "options": ["$22,500 ", "$23,700 ", "$25,500 ", "$27,300 "], "probs": [[0.10570376682630461, 0.32161909639861624, 0.2739991461249244, 0.2986779905501465], [0.2360144228816877, 0.26393828465296965, 0.30129231960414044, 0.1987549727612104], [0.22404704653353374, 0.30935138085578756, 0.17311182977917627, 0.29348974273151174], [0.2135970495942079, 0.1599718787151117, 0.3077160846053483, 0.31871498698531586]], "ideal": "D", "sampled": "B", "correct": false}}
{"type": "result", "data": {"idx": 26, "options": ["A sample must be reasonably large to be properly considered a simple random sample.", "Inspection of a sample will give no indication of whether or not it is a simple random sample.", "Attributes of a simple random sample may be very different from attributes of the population.", "Every element of the population has an equal chance of being picked."], "probs": [[0.1634398952510902, 0.5716931268381298, 0.13950794282171, 0.12535903498909726], [0.3935792611424525, 0.08875428139653666, 0.10284926787825605, 0.41481718948276336], [0.24568449238121698, 0.07760181749987813, 0.2481144729110843, 0.42859921710780513], [0.06404501366770819, 0.4566156497010582, 0.3486891943312558, 0.1306501421999741]], "ideal": "A", "sampled": "B", "correct": false}}
{"type": "result", "data": {"idx": 27, "options": ["Her procedure makes use of chance.", "Her procedure results in a simple random sample.", "Each customer has an equal probability of being included in the survey.", "Her procedure introduces bias through sampling error."], "probs": [[0.20435371921123896, 0.2634281005014447, 0.40306458912115306, 0.12915359106617988], [0.3342772924737628, 0.08436734947006777, 0.08033505006984154, 0.5010203078863341], [0.30969477424062697, 0.052025440857393634, 0.23116183744299007, 0.4071179473589718], [0.06397395427450135, 0.13110773565747894, 0.39305526946197494, 0.41186304050606154]], "ideal": "A", "sampled": "B", "correct": false}}
{"type": "result", "data": {"idx": 28, "options": ["Option II if it wants to maximize expected return", "Option I if it needs at least $20,000 to pay off an overdue loan", "Option III if it needs at least $80,000 to pay off an overdue loan", "All of the above answers are correct."], "probs": [[0.38625592356709887, 0.1095704061209165, 0.18531168671114034, 0.31886198350085776], [0.10780975358344395, 0.130515132952848, 0.07508536674019885, 0.6865897466235116], [0.08298737647145056, 0.038287700171825666, 0.6823609339806768, 0.19636398927602647], [0.06655589504981073, 0.5758039634003026, 0.1490851953742894, 0.20855494607559152]], "ideal": "D", "sampled": "A", "correct": false}}
{"type": "result", "data": {"idx": 29, "options": ["1.345 < t< 1.761", "1.356 < t< 1.782", "1.771 < t< 2.160", "1.350 < t< 1.771"], "probs": [[0.2681727859823959, 0.1880585638795131, 0.16399443802514369, 0.3797742120129364], [0.2698852906009233, 0.11296114325297549, 0.3287156017007247, 0.2884379643453648], [0.28453983945111805, 0.18915671963615271, 0.26570563598776187, 0.2605978048249589], [0.25782963783285884, 0.31956605458329795, 0.22838176050835754, 0.19422254697551203]], "ideal": "D", "sampled": "D", "correct": true}}
{"type": "result", "data": {"idx": 30, "options": ["Choose all of the customers who joined in the last month.", "Make a list of all the customers who joined in the last 12 months and choose a random sample of customers on this list.", "From the list of all customers who joined in the last 12 months, classify customers by the state in which they live, then choose 10 customers from each state.", "From the list of all customers who joined in the last 12 months, classify customers by the state in which they live, then choose 3% of the customers from each state."], "probs": [[0.04204684571781453, 0.15594204839201503, 0.5201732957832372, 0.2818378100069173], [0.09500827843621082, 0.47544118722272105, 0.27520908318230153, 0.1543414510587599], [0.20922787788906969, 0.15099988330711941, 0.09685924618032195, 0.542912992523513], [0.2981529040549007, 0.05064326734772883, 0.48321064098270033, 0.1679931875146717]], "ideal": "D", "sampled": "C", "correct": false}}
{"type": "result", "data": {"idx": 31, "options": ["0.9699", "1.96", "1.555", "1.88"], "probs": [[0.2177259448586854, 0.3704341481623649, 0.13491627519439708, 0.27692363168455125], [0.43854066015712073, 0.17177602588947477, 0.1845845273661118, 0.20509878648730337], [0.10751727669684014, 0.20903078648847584, 0.060774825265785544, 0.622677111448895], [0.25395540562115465, 0.10426549294119251, 0.5063835893951315, 0.13539551194252702]], "ideal": "D", "sampled": "B", "correct": false}}
{"type": "result", "data": {"idx": 32, "options": ["A two-sample z-test of population means", "A two-sample t-test of population means", "A one-sample z-test on a set of differences", "None of the above are appropriate."], "probs": [[0.3792948487933881, 0.16669370241476383, 0.190737827165095, 0.2632736215267344], [0.4342188664513147, 0.15251895851433941, 0.10116477527945168, 0.312097399654882], [0.18989319433247584, 0.044269769949427384, 0.48572576510775567, 0.2801112705103298], [0.05702551157676132, 0.4424300802041893, 0.2580786757008017, 0.24246573241825697]], "ideal": "D", "sampled": "A", "correct": false}}
{"type": "result", "data": {"idx": 33, "options": ["The mean price and the range of prices will increase by 50 cents.", "The mean price will remain the same, but the range of prices will increase by 50 cents.", "The mean price and the standard deviation of prices will increase by 50 cents.", "The mean price will increase by 50 cents, but the standard deviation of prices will remain the same."], "probs": [[0.17386330902341524, 0.35745485592105186, 0.21059241782156085, 0.25808941713398076], [0.15275481725952073, 0.12417948695003594, 0.22832248691923535, 0.4947432087712031], [0.1313610977939662, 0.3303137845378142, 0.2612235649924791, 0.27710155257576097], [0.20829001688934018, 0.19228594076163266, 0.33865028455675156, 0.26077375769228417]], "ideal": "D", "sampled": "B", "correct": false}}
{"type": "result", "data": {"idx": 34, "options": ["This November, the average donation is $155.", "50% of all donations this November are more than $155.", "We are 95% confident that the average donation in November is between about $91 and $219.", "We are 95% confident that the average donation in November is between about $149 and $161."], "probs": [[0.07015572595991701, 0.058582262322009984, 0.6876255651984674, 0.1836364464195992], [0.08449374285136413, 0.4448647035435855, 0.1959460425764499, 0.2746955109286068], [0.4807722898919188, 0.14235705921749578, 0.23842727618362736, 0.13844337460696302], [0.576903275791976, 0.14374519862661894, 0.172068007348375, 0.10728351813300256]], "ideal": "A", "sampled": "C", "correct": false}}
{"type": "result", "data": {"idx": 35, "options": ["I only", "I & II only", "II only", "III only"], "probs": [[0.07460985273567744, 0.07070091399013699, 0.13577593669660465, 0.7189132964775716], [0.13004911430014138, 0.06673737925300349, 0.23761541539304698, 0.5655980909537945], [0.03840682728308265, 0.0258596165985972, 0.055621812326789755, 0.880111743691516], [0.09413057169624514, 0.011287224566394591, 0.19288444445270586, 0.7016977591846633]], "ideal": "D", "sampled": "B", "correct": false}}
{"type": "result", "data": {"idx": 36, "options": ["It is an example of nonresponse bias, the systematic tendency of individuals with particular characteristics to refuse to answer a survey question.", "It is the systematic difference between a statistic and parameter caused by the nonrandom selection of surveyed persons.", "It is the difference between the same statistics computed from two different samples.", "It is the difference between the statistic and the truth due to use of a random sample."], "probs": [[0.15227012167917928, 0.09341309040963953, 0.45443794222079203, 0.29987884559038747], [0.18477233058254167, 0.30162196805697555, 0.1997731598007653, 0.3138325414597031], [0.19936653015796568, 0.09162636137972846, 0.3989320513912303, 0.31007505697109006], [0.15032016142675284, 0.23272743786205793, 0.39655869882739203, 0.22039370178379777]], "ideal": "C", "sampled": "C", "correct": true}}
{"type": "result", "data": {"idx": 37, "options": ["We are 95 percent confident that the proportion of women interested in shopping on Sundays exceeds the proportion of men interested in shopping on Sundays.", "We are 95 percent confident that the proportion of men interested in shopping on Sundays exceeds the proportion of women interested in shopping on Sundays.", "We are 95 percent confident that the proportion of women interested in shopping on Sundays is equal to the proportion of men interested in shopping on Sundays.", "Because the interval contains negative values, it is invalid and should not be interpreted."], "probs": [[0.44827146408715624, 0.1472302893220798, 0.30738516598634075, 0.09711308050443397], [0.38825844947011445, 0.2246543937889408, 0.07014459156578068, 0.3169425650751639], [0.4168148466987081, 0.03977643320424533, 0.30033514631255404, 0.24307357368449384], [0.06612274519658846, 0.450264725659423, 0.19449380546403566, 0.28911872357995266]], "ideal": "A", "sampled": "A", "correct": true}}
{"type": "result", "data": {"idx": 38, "options": ["Experiments are only conducted on human subjects; observational studies can be conducted on nonhuman subjects.", "In an experiment, the researcher manipulates some variable to observe its effect on a response variable; in an observational study, he or she simply observes and records the observations.", "Experiments must use randomized treatment and control groups; observational studies also use treatment and control groups, but they do not need to be randomized.", "Experiments must be double-blind; observational studies do not need to be."], "probs": [[0.008852899936299173, 0.9090963264374358, 0.05353007291297655, 0.02852070061331], [0.8636125492526824, 0.08770018208551274, 0.027772120780389792, 0.020915147781394226], [0.43848949175196195, 0.02336970166851474, 0.04230206766737425, 0.495838738812165], [0.008306116596678952, 0.014237805221924216, 0.9020545629328983, 0.07540151514849025]], "ideal": "A", "sampled": "B", "correct": false}}
{"type": "result", "data": {"idx": 39, "options": ["25.00 \u2013 22.30 = 2.70", "27.70 \u2013 22.30 = 5.40", "27.70 \u00f7 22.30 = 1.24", "2.00(4.00) = 8.00"], "probs": [[0.18732127593756856, 0.4019367018895565, 0.18656343294216052, 0.22417858913071048], [0.2585913837996138, 0.13979089983402357, 0.2785852843130789, 0.3230324319532912], [0.17874730324117372, 0.18984245750395756, 0.29225692793836583, 0.33915331121651104], [0.17963127000724452, 0.31329816580816516, 0.3570024963481155, 0.15006806773647158]], "ideal": "B", "sampled": "B", "correct": true}}
{"type": "result", "data": {"idx": 40, "options": ["P(A \u222a B) implies events A and B are independent.", "P(A \u222a B) = 1 implies events A and B are mutually exclusive.", "P(A \u2229 B) = 0 implies events A and B are independent.", "P(A \u2229 B) = 0 implies events A and B are mutually exclusive."], "probs": [[0.12992005312834393, 0.1572649044685141, 0.2803302068090249, 0.4324848354941122], [0.17104737572353906, 0.14406251537001846, 0.367216852363525, 0.3176732564429241], [0.20293785264252098, 0.27472291398704124, 0.1870526286300723, 0.33528660464036103], [0.25960569819820994, 0.09933794217241941, 0.24347579964350274, 0.3975805598858554]], "ideal": "D", "sampled": "D", "correct": true}}
{"type": "result", "data": {"idx": 41, "options": ["50", "100", "200", "390"], "probs": [[0.1588476865752763, 0.25271239931448486, 0.2744375199198485, 0.3140023940903986], [0.18485422395237683, 0.24197162165646258, 0.39578239140357596, 0.17739176288759237], [0.22418959795809462, 0.25665157613272155, 0.17459978360908948, 0.34455904220009037], [0.2408269412921597, 0.16815687549250152, 0.28426916991248646, 0.30674701320283804]], "ideal": "D", "sampled": "D", "correct": true}}
{"type": "result", "data": {"idx": 42, "options": ["It is likely that the true proportion of high school students afraid to go to school is between 38% and 48%.", "Five percent of the students refused to participate in the poll.", "Between 38% and 48% of those surveyed expressed fear about going to school.", "There is a 0.05 probability that the 43% result is in error."], "probs": [[0.7023916286301498, 0.014277135471616615, 0.05584073764591745, 0.2274904981522963], [0.005331259601628559, 0.15369996638265312, 0.16956763347044979, 0.6714011404452778], [0.3399127780406581, 0.0864476988745412, 0.5347511689009302, 0.03888835408386765], [0.024286063756133344, 0.8707377936370158, 0.026589255022051995, 0.07838688748479333]], "ideal": "A", "sampled": "A", "correct": true}}
{"type": "result", "data": {"idx": 43, "options": ["Census", "Sample survey", "Experiment", "Observational study"], "probs": [[0.06000488660379597, 0.8022084495832448, 0.03952075467929807, 0.09826590903368108], [0.45441148445262247, 0.11623515145859409, 0.2756505299091484, 0.15370283407964278], [0.017496656764935687, 0.0547456206435589, 0.024134892359811397, 0.9036228301316714], [0.03215185839075988, 0.050681819165772336, 0.8263755294314533, 0.09079079291200153]], "ideal": "A", "sampled": "B", "correct": false}}
{"type": "result", "data": {"idx": 44, "options": ["The first study was an experiment without a control group, while the second was an observational study.", "The first study was an observational study, while the second was a controlled experiment.", "Both studies were controlled experiments.", "Both studies were observational studies."], "probs": [[0.17049214372846622, 0.47158509967967494, 0.22016957661580516, 0.137753179876043], [0.23701209719607613, 0.2388299404669179, 0.3684748462073123, 0.15568311602969578], [0.13356998213249657, 0.13734660110071203, 0.2590533308234173, 0.4700300858433865], [0.11896118481400302, 0.11919696483449915, 0.6408685765697734, 0.12097327368170595]], "ideal": "A", "sampled": "B", "correct": false}}
{"type": "result", "data": {"idx": 45, "options": ["Plan I", "Plan II", "Both plans use random samples and so will produce equivalent results.", "Neither plan will give an accurate estimate."], "probs": [[0.24784286138462444, 0.3494020661144316, 0.2658946842038923, 0.13686038819705848], [0.4554366913559467, 0.22283987921102982, 0.0692314437028748, 0.2524919856301443], [0.1284529648961477, 0.051833574369908125, 0.44465337904627067, 0.37506008158767323], [0.05613262261132169, 0.30347387229815426, 0.3444848600948155, 0.29590864489572555]], "ideal": "B", "sampled": "B", "correct": true}}
{"type": "result", "data": {"idx": 46, "options": ["when interviewers make mistakes resulting in bias.", "because a sample statistic is used to estimate a population parameter.", "when interviewers use judgment instead of random choice in picking the sample.", "when samples are too small."], "probs": [[0.010492014647403168, 0.6757174825592751, 0.029876685259099638, 0.28391381743424154], [0.7388822586407162, 0.0168072235781675, 0.17288625492211135, 0.07142426275900268], [0.06234920097761626, 0.04590076672648467, 0.022202299267294192, 0.8695477329286226], [0.061665074921978376, 0.004057770868645282, 0.8756395813529543, 0.05863757275641599]], "ideal": "B", "sampled": "B", "correct": true}}
{"type": "result", "data": {"idx": 47, "options": ["I and III only", "I or II only", "I or II (but not both) and III", "II and III only"], "probs": [[0.22552906380308557, 0.08938176612912851, 0.446870025429057, 0.23821914453872217], [0.14923485795880803, 0.26498547452609295, 0.1893977647373671, 0.39638190267771284], [0.26929589827375416, 0.18359868532013796, 0.2697652584855606, 0.2773401578205656], [0.14519442969211993, 0.103489361945452, 0.11246108722131076, 0.6388551210411023]], "ideal": "C", "sampled": "C", "correct": true}}
{"type": "result", "data": {"idx": 48, "options": ["It is not possible for this experiment to be single-blind or double-blind, because human subjects are involved.", "This is only a single-blind experiment because the experimenters did not include a control group that received neither medication nor a blindfold and soft music.", "This is only a single-blind experiment because patients will know which treatment they are receiving, although the examining doctor might not.", "This is a double-blind experiment because the experimenters could prevent both groups of patients from knowing what sort of treatment the other group is receiving."], "probs": [[0.04979925563009734, 0.08664622539636381, 0.11137157152501033, 0.7521829473485128], [0.09400165350191811, 0.0726944904772955, 0.7435829899494111, 0.08972086597139936], [0.12870713590673286, 0.5303911022127474, 0.046157818803976534, 0.2947439429765373], [0.20283191905241285, 0.06380768439144759, 0.3878034400868749, 0.34555695636925476]], "ideal": "C", "sampled": "D", "correct": false}}
{"type": "result", "data": {"idx": 49, "options": ["The null hypothesis should be rejected.", "The null hypothesis should be accepted.", "There is a 7% chance that the null hypothesis is correct.", "There is a 7% chance of getting a difference between the two groups at least as large as the observed difference if the new keyboard is really no better at preventing injuries."], "probs": [[0.04623662462130908, 0.05667239892870195, 0.04562486226548092, 0.8514661140845308], [0.0356346189260337, 0.033342065391018354, 0.5456134926132375, 0.3854098229696879], [0.09110283352212145, 0.6182861594113275, 0.1969528332731034, 0.0936581736934419], [0.7013325470884288, 0.07553119250162844, 0.09627849326242609, 0.12685776704751286]], "ideal": "D", "sampled": "D", "correct": true}}
{"type": "result", "data": {"idx": 50, "options": ["The population variances from each group are known.", "The population variances from each group are unknown.", "The population variances from the two groups are equal.", "The population of SAT scores from each group is normally distributed."], "probs": [[0.16386553643432858, 0.17607185677666712, 0.34675147356071656, 0.31331113312828135], [0.27085794569361943, 0.22811306594385747, 0.3963719256561979, 0.10465706260630746], [0.3035084215128243, 0.30569867059212436, 0.17091631249007283, 0.21987659530498593], [0.34181769979899546, 0.09602048881768746, 0.19251472187041627, 0.3696470894129121]], "ideal": "D", "sampled": "D", "correct": true}}
{"type": "result", "data": {"idx": 51, "options": ["The events E and F are both independent and mutually exclusive.", "The events E and F are neither independent nor mutually exclusive.", "The events E and F are mutually exclusive but not independent.", "The events E and F are independent but not mutually exclusive."], "probs": [[0.17035009425463501, 0.12314880556688339, 0.2947558554457803, 0.41174524463269074], [0.11923471565433445, 0.17850062179504259, 0.35136746679778447, 0.3508971956528405], [0.23853879641316209, 0.2609833343222929, 0.2504789716437906, 0.2499988975207754], [0.2925253532018906, 0.16066769129328146, 0.2147407174620357, 0.3320662379428001]], "ideal": "D", "sampled": "D", "correct": true}}
{"type": "result", "data": {"idx": 52, "options": ["There are three explanatory variables and one response variable.", "There is one explanatory variable with three levels of response.", "Tumor reduction is the only explanatory variable, but there are three response variables corresponding to the different dosages.", "There are three levels of a single explanatory variable."], "probs": [[0.07490516085313569, 0.14405382313402282, 0.37451763978026115, 0.4065233761325969], [0.20167641615324738, 0.14355814465655972, 0.5151136324250893, 0.1396518066651242], [0.08826898630762732, 0.2330325075274402, 0.364484394011546, 0.31421411205340793], [0.23809835739567364, 0.054977851401577696, 0.36725524933894255, 0.3396685417638056]], "ideal": "D", "sampled": "D", "correct": true}}
{"type": "result", "data": {"idx": 53, "options": ["H0: p \u2264 0.60 and Ha: p > 0.60", "H0: p = 0.60 and Ha: p 0.60", "H0: p = 0.60 and Ha: p < 0.60", "H0: p > 0.60 and Ha: p 0.60"], "probs": [[0.24102229535208422, 0.12093676435230581, 0.31425315803120196, 0.32378778216441273], [0.1796010051721866, 0.23513415495611667, 0.10474997935350758, 0.48051486041819924], [0.2676203790925353, 0.09388786384151616, 0.32082674412610773, 0.31766501283985016], [0.14236500513068215, 0.27224411669341686, 0.12684723095492145, 0.45854364712098833]], "ideal": "A", "sampled": "A", "correct": true}}
{"type": "result", "data": {"idx": 54, "options": ["A change in measurement units", "A change in which variable is called x and which is called y", "Adding the same constant to all values of the x-variable", "None of the above can affect the r value."], "probs": [[0.09732635437778257, 0.11442456097809059, 0.16009030570027935, 0.6281587788438264], [0.30496658155435274, 0.22659298337375078, 0.3467152227126438, 0.1217252122592548], [0.45441691036711557, 0.07637470625896679, 0.07899536576531906, 0.3902130175085955], [0.06380346088061906, 0.10220780474737808, 0.41295259999362016, 0.4210361342783678]], "ideal": "D", "sampled": "C", "correct": false}}
{"type": "result", "data": {"idx": 55, "options": ["It triples the interval size.", "It divides the interval size by 3.", "It multiples the interval size by 1.732.", "It divides the interval size by 1.732."], "probs": [[0.06936211107727848, 0.27252488436594946, 0.3123172627269416, 0.3457957417298261], [0.14150909490759042, 0.2527123132036177, 0.337915754045521, 0.2678628377432801], [0.16485261752016858, 0.11643377637088259, 0.27595246890667047, 0.44276113710226894], [0.18672584870903433, 0.16803548728228612, 0.32383036727286607, 0.32140829663579973]], "ideal": "D", "sampled": "B", "correct": false}}
{"type": "result", "data": {"idx": 56, "options": ["0.19", "0.42", "0.84", "-0.19"], "probs": [[0.11544713381945226, 0.36890192606258454, 0.30176488046832184, 0.21388605954965595], [0.23360136213312974, 0.2888771584638441, 0.2211134374983591, 0.25640804180466537], [0.25642847109603695, 0.18400611212838233, 0.2372279950199926, 0.3223374216555873], [0.12698693378998818, 0.19887611009672054, 0.3410873724870921, 0.333049583526209]], "ideal": "A", "sampled": "B", "correct": false}}
{"type": "result", "data": {"idx": 57, "options": ["z = 0.04", "z = 0.4", "z = 1.80", "z = 2.40"], "probs": [[0.24419085034962565, 0.23671912981938467, 0.20851153579500442, 0.3105784839359967], [0.2739864810026048, 0.26955658283486184, 0.2754076672382329, 0.18104926882431077], [0.3426754662273597, 0.25204199876786737, 0.15996345244259974, 0.24531908246215917], [0.13530981195090305, 0.3626242662633402, 0.2473659266645015, 0.25469999502125257]], "ideal": "D", "sampled": "C", "correct": false}}
