{"type": "result", "data": {"idx": 0, "options": ["(0, \u2013 3)", "(4, 1)", "(2, 2)", "(\u2013 4, \u20132)"], "probs": [[0.23488606680711804, 0.21262392141062222, 0.1985681309322391, 0.3539218807500041], [0.21126638167232423, 0.2205070213657228, 0.3189000849665716, 0.24932651189538577], [0.2258229666271947, 0.2820703364543716, 0.20562775308646106, 0.2864789437319684], [0.2784244356978122, 0.2211154168441445, 0.28324881649495326, 0.21721133086309657]], "ideal": "D", "sampled": "D", "correct": true}}
{"type": "result", "data": {"idx": 1, "options": ["2500", "2", "50", "25"], "probs": [[0.22422009775183238, 0.21357792057280783, 0.26106759300039, 0.30113438857495517], [0.12086735259120852, 0.2800251822224013, 0.40818517293191625, 0.19092229215449097], [0.16619937211166666, 0.33307660295028235, 0.30914315899937894, 0.19158086583866693], [0.2007047251424839, 0.2863658384995634, 0.24339643439767025, 0.2695330018603051]], "ideal": "C", "sampled": "D", "correct": false}}
{"type": "result", "data": {"idx": 2, "options": ["392", "336", "300", "297"], "probs": [[0.17220785238546588, 0.17622074552467018, 0.2815713650707883, 0.37000003691907246], [0.2879390125770301, 0.16924026914215062, 0.35552027480202636, 0.18730044337880397], [0.18652045230930223, 0.18503106144730289, 0.32092873746771067, 0.30751974867566884], [0.22688579153228922, 0.155320138137352, 0.3052216537429948, 0.31257241648737344]], "ideal": "A", "sampled": "D", "correct": false}}
{"type": "result", "data": {"idx": 3, "options": ["\\frac{7}{9}", "\\frac{8}{9}", "\\frac{5}{9}", "\\frac{9}{11}"], "probs": [[0.22761032552059476, 0.2676345621462104, 0.2661696349218146, 0.23858547731137453], [0.2143709240982436, 0.25463063386078927, 0.24193649693202615, 0.2890619450089601], [0.2327081273639719, 0.19325826314482508, 0.270531899053294, 0.30350171033791523], [0.20575367724332128, 0.19596804591559228, 0.31256409324014356, 0.2857141835009376]], "ideal": "B", "sampled": "B", "correct": true}}
{"type": "result", "data": {"idx": 4, "options": ["(-inf, 10)", "(-inf, 9)", "(-inf, 8)", "(-inf, 7)"], "probs": [[0.23850919752410288, 0.2898916537889953, 0.23115235138202056, 0.24044679720487042], [0.23383995809146985, 0.2732520020221098, 0.24504264924914573, 0.24786539053727516], [0.20099211773037604, 0.2344285577473359, 0.21732780032735524, 0.34725152409493415], [0.1849767485777164, 0.27443933239990204, 0.2546570598711955, 0.28592685905119913]], "ideal": "C", "sampled": "B", "correct": false}}
{"type": "result", "data": {"idx": 5, "options": ["396", "72", "66", "36"], "probs": [[0.2220909207336964, 0.28249876673590857, 0.2612509936994384, 0.23415931873096743], [0.2113495666637531, 0.31155329559119926, 0.32155879841113205, 0.15553833923392424], [0.155206509207352, 0.35383414429629145, 0.23259461091987033, 0.2583647354764816], [0.19979526799090694, 0.21772988323020093, 0.25105731098259765, 0.3314175376962819]], "ideal": "B", "sampled": "D", "correct": false}}
{"type": "result", "data": {"idx": 6, "options": ["0.16", "0.24", "0.3", "0.5"], "probs": [[0.266403338469954, 0.2937285182624516, 0.2061950161932856, 0.2336731269743183], [0.3047726326048064, 0.18779252193366638, 0.2566421802614985, 0.2507926651000271], [0.12710671674148885, 0.2744412876069693, 0.34157908983786506, 0.25687290571368676], [0.1781400000405945, 0.32961876563888876, 0.27004147410362206, 0.22219976011690465]], "ideal": "C", "sampled": "A", "correct": false}}
{"type": "result", "data": {"idx": 7, "options": ["42", "12", "36", "39"], "probs": [[0.21732866373084844, 0.23403340289910599, 0.28444597040201014, 0.26419196286804575], [0.16743564740078007, 0.307477540413616, 0.2847631283848058, 0.24032368370077986], [0.29138345682369987, 0.2896483555145474, 0.23872570141911476, 0.18024248614262367], [0.24030822606366697, 0.2573809424921113, 0.17313130631067367, 0.3291795250335485]], "ideal": "A", "sampled": "C", "correct": false}}
{"type": "result", "data": {"idx": 8, "options": ["\\frac{125}{648}", "\\frac{25}{648}", "\\frac{625}{648}", "\\frac{1}{648}"], "probs": [[0.23759058230472788, 0.3142340572254609, 0.18153805715052018, 0.2666373032192972], [0.24866919401849033, 0.18517697445355086, 0.2631752992616297, 0.3029785321663472], [0.22648229944876427, 0.19337921650948486, 0.2954352347171447, 0.2847032492246123], [0.20465615771800977, 0.23833267731365765, 0.3374732899674967, 0.21953787490082877]], "ideal": "C", "sampled": "B", "correct": false}}
{"type": "result", "data": {"idx": 9, "options": ["8", "12", "10", "4"], "probs": [[0.2071997397023453, 0.21413112098179735, 0.28590931629687066, 0.29275982291899766], [0.19125273651115793, 0.23848290645328102, 0.2718156992929653, 0.29844865764258194], [0.19804755984423314, 0.29543171129047924, 0.26540245943703605, 0.24111826932826283], [0.20222068719405395, 0.2607943135383743, 0.22734018028844677, 0.30964481887912565]], "ideal": "B", "sampled": "D", "correct": false}}
{"type": "result", "data": {"idx": 10, "options": ["13", "14", "1", "2"], "probs": [[0.2522803662639153, 0.24016430913660924, 0.26884760063378466, 0.2387077238656889], [0.20442258548127043, 0.2607949076212058, 0.27397424793881914, 0.2608082588587062], [0.1926026439851113, 0.25399134447840427, 0.3431186098547724, 0.21028740158170023], [0.2151375206140339, 0.3117904203081715, 0.1869027909201474, 0.2861692680576596]], "ideal": "D", "sampled": "A", "correct": false}}
{"type": "result", "data": {"idx": 11, "options": ["30", "64", "2048", "60"], "probs": [[0.149001757600392, 0.30748192797241675, 0.31845797705744905, 0.22505833726972557], [0.18522605669032097, 0.31765986551933373, 0.2583172937839726, 0.23879678390638254], [0.22917603102445439, 0.24490401872370265, 0.2829743311090805, 0.24294561904277315], [0.1378870535583562, 0.2666982582065426, 0.3069798305087003, 0.28843485762638477]], "ideal": "D", "sampled": "C", "correct": false}}
{"type": "result", "data": {"idx": 12, "options": ["0", "1", "2", "4"], "probs": [[0.22759160204183143, 0.29910035569995874, 0.22535508170200336, 0.24795296045621557], [0.22917692861171687, 0.20144203630235266, 0.21363386511955862, 0.3557471698663836], [0.16339226925139033, 0.1843740317385613, 0.37164866468607005, 0.28058503422397424], [0.18026830533200577, 0.30112690676227494, 0.2779168689268151, 0.24068791887888957]], "ideal": "D", "sampled": "A", "correct": false}}
{"type": "result", "data": {"idx": 13, "options": ["92", "93", "94.5", "95"], "probs": [[0.05870334991410518, 0.16177453704437025, 0.5610997346100679, 0.21842237833145747], [0.12498217104674879, 0.4961668596434599, 0.2607825827393967, 0.11806838647039627], [0.37041247833884794, 0.24820156145286792, 0.17604016561598992, 0.20534579449230322], [0.08557959721933717, 0.18286607133153943, 0.21544848876662678, 0.516105842582515]], "ideal": "B", "sampled": "C", "correct": false}}
{"type": "result", "data": {"idx": 14, "options": ["R <= T <= M <= L", "L <= T <= M <= R", "R <= M <= T <= L", "L <= M <= T <= R"], "probs": [[0.2031917673229931, 0.28155391189518797, 0.25126562538837466, 0.2639886952934458], [0.2129582629277279, 0.15458516271385897, 0.4016808189888079, 0.23077575526960353], [0.2099330768951575, 0.3035659624577339, 0.22174719158617012, 0.26475376896092845], [0.21683841633116863, 0.1615241686151051, 0.36598408010278344, 0.25565333485095443]], "ideal": "D", "sampled": "D", "correct": true}}
{"type": "result", "data": {"idx": 15, "options": ["16", "2\\sqrt{2}", "5", "5+2\\sqrt{13}"], "probs": [[0.2057947131581766, 0.26009146105867564, 0.28231316399427425, 0.2518006616888616], [0.20498507346970676, 0.22594332697210995, 0.31247817124799404, 0.2565934282102131], [0.19805347668602105, 0.2841994454227066, 0.32326335156267866, 0.19448372622860458], [0.30203089375291803, 0.23656142718244114, 0.19383353046178603, 0.26757414850288225]], "ideal": "D", "sampled": "D", "correct": true}}
{"type": "result", "data": {"idx": 16, "options": ["8", "3", "6", "9"], "probs": [[0.2067359915487568, 0.22087841476383363, 0.2932660945856946, 0.27911949900171396], [0.1657932324440109, 0.26708422823826544, 0.30320473468367415, 0.2639178045340725], [0.20341707717679022, 0.2856720472646404, 0.2822451839680365, 0.22866569149054294], [0.22975740291219277, 0.2548774131019891, 0.25242605106990323, 0.2629391328159391]], "ideal": "A", "sampled": "D", "correct": false}}
{"type": "result", "data": {"idx": 17, "options": ["-2", "-4", "-1", "1"], "probs": [[0.15507492296792663, 0.24818837565072074, 0.30763134619674537, 0.2891053550846228], [0.1813710190449608, 0.2473929540844321, 0.30721647895995324, 0.26401954781064707], [0.16608687161017796, 0.33282424691065066, 0.26640307575793454, 0.2346858056212401], [0.1851517330518342, 0.22859026012367412, 0.2457987040115234, 0.3404593027129597]], "ideal": "B", "sampled": "D", "correct": false}}
{"type": "result", "data": {"idx": 18, "options": ["1", "3", "0", "5"], "probs": [[0.2068613990528351, 0.19121057698614202, 0.36017156504142095, 0.2417564588196011], [0.17949455277882237, 0.3681917110982055, 0.23671266993640874, 0.21560106608657498], [0.2786958617743576, 0.2488636087002681, 0.26033255850499926, 0.212107970920362], [0.21501707499515985, 0.2771247699180206, 0.20704708502087274, 0.3008110699659586]], "ideal": "A", "sampled": "C", "correct": false}}
{"type": "result", "data": {"idx": 19, "options": ["(-\\infty,-1)\\cup (1,\\infty)", "(-\\infty,0)\\cup (0,\\infty)", "[-1,1]", "(-1,1)"], "probs": [[0.20065114390510636, 0.22200330899169385, 0.306982634501863, 0.2703629125013223], [0.20526788467439752, 0.24468433168198253, 0.30865534333659533, 0.24139244020702136], [0.21635008166554012, 0.19277332540559178, 0.31911625274751715, 0.27176034008135946], [0.2112481404972425, 0.23613808856785154, 0.21708600532148611, 0.3355277655134177]], "ideal": "B", "sampled": "C", "correct": false}}
{"type": "result", "data": {"idx": 20, "options": ["\\frac{5}{x-4}", "\\frac{x-4}{5}", "\\frac{x+4}{5}", "-\\frac{x-4}{5}"], "probs": [[0.1435897805596916, 0.4228871683254533, 0.19166951814517683, 0.24185353286968134], [0.2886259304328852, 0.1946035408893863, 0.32961521152614753, 0.18715531705158298], [0.1294149550265816, 0.329113500030416, 0.12152753874623878, 0.41994400609677196], [0.20463403030005647, 0.22207199131829625, 0.4304514890873764, 0.1428424891942748]], "ideal": "D", "sampled": "B", "correct": false}}
{"type": "result", "data": {"idx": 21, "options": ["\u221216", "32", "\u221232", "64"], "probs": [[0.1483576810110823, 0.2810349640499335, 0.3176474521501611, 0.25295990268883134], [0.15216132558701057, 0.3152530232945959, 0.2712929876397066, 0.26129266337868295], [0.1582296675023258, 0.2792896325483365, 0.2702478623478592, 0.2922328375015011], [0.13764939722278866, 0.3453307368294796, 0.28011787360621143, 0.23690199224150457]], "ideal": "B", "sampled": "C", "correct": false}}
{"type": "result", "data": {"idx": 22, "options": ["7", "11", "16", "8"], "probs": [[0.13040210918480646, 0.2179187768847179, 0.29445652553829904, 0.35722258829218545], [0.14883611708354122, 0.2695570262569264, 0.28566796800320937, 0.2959388885563309], [0.1660706483313919, 0.29254437648217413, 0.29937686010574, 0.24200811498068872], [0.16763706926581823, 0.2400148738339909, 0.2636934883576179, 0.3286545684425802]], "ideal": "D", "sampled": "D", "correct": true}}
{"type": "result", "data": {"idx": 23, "options": ["4", "8", "2", "1"], "probs": [[0.24626510378934338, 0.40359693882941944, 0.14881939122782442, 0.20131856605341966], [0.25914166481705236, 0.2010004683682159, 0.1569131272152537, 0.38294473949946206], [0.16768290591105514, 0.20099819789173037, 0.35338413005933733, 0.27793476603786055], [0.1290799890286757, 0.3921705983603654, 0.2808215568632835, 0.19792785564766907]], "ideal": "B", "sampled": "A", "correct": false}}
{"type": "result", "data": {"idx": 24, "options": ["Friday", "Thursday", "Wednesday", "Tuesday"], "probs": [[0.11320156139445903, 0.20940426039170804, 0.295958869408084, 0.3814353087057396], [0.13150258628746747, 0.255400344909908, 0.31667740712567205, 0.296419661576955], [0.13833981327383985, 0.2810363110802749, 0.21412994809603955, 0.3664939274498498], [0.12474760392766501, 0.20856196346146744, 0.2854753463064437, 0.381215086204409]], "ideal": "A", "sampled": "D", "correct": false}}
{"type": "result", "data": {"idx": 25, "options": ["5", "3", "15", "31"], "probs": [[0.2027026479087743, 0.23736360362127965, 0.2678726597127142, 0.2920610886572286], [0.2279775058248332, 0.1626437751950445, 0.36774462816195647, 0.24163409071816122], [0.2318873786171244, 0.2818030298973434, 0.27226753018208205, 0.21404206120344754], [0.22688186012638353, 0.2534786897401962, 0.28838169769693756, 0.2312577523364823]], "ideal": "C", "sampled": "D", "correct": false}}
{"type": "result", "data": {"idx": 26, "options": ["145", "90", "60", "70"], "probs": [[0.19001437610376132, 0.26275100099769677, 0.31524190863122337, 0.23199271416732214], [0.184274716796443, 0.2598218647198744, 0.30987114540044086, 0.24603227298324257], [0.20109647744576187, 0.20144118647501214, 0.3413274956541779, 0.2561348403250609], [0.16597671695308683, 0.21858404007176316, 0.37999948252952864, 0.23543976034560898]], "ideal": "D", "sampled": "B", "correct": false}}
{"type": "result", "data": {"idx": 27, "options": ["2 min", "5 min", "18 min", "20 min"], "probs": [[0.1815839715916823, 0.19255453315609236, 0.395825113995451, 0.23003638115677352], [0.2322883102063794, 0.33653365532886376, 0.23090907928885399, 0.20026895507589135], [0.23679912486976035, 0.2520401666504013, 0.23273941732743936, 0.2784212910523864], [0.236315062404619, 0.24227213814754592, 0.28426627030660123, 0.2371465290412217]], "ideal": "C", "sampled": "C", "correct": true}}
{"type": "result", "data": {"idx": 28, "options": ["(-4,4)", "[0,4]", "(-inf, -1) U (4, inf)", "(-inf, -1) U (-1, 4) U (4, inf)"], "probs": [[0.14004168969656017, 0.17433798226756891, 0.3034943100864782, 0.3821260178493959], [0.09311923973980545, 0.29182995931411115, 0.4288269263516823, 0.1862238744943884], [0.16179843808856506, 0.5201213841243487, 0.13577775886171087, 0.18230241882536907], [0.28254772546123597, 0.15262667003635655, 0.1650760902048603, 0.3997495141975411]], "ideal": "C", "sampled": "D", "correct": false}}
{"type": "result", "data": {"idx": 29, "options": ["1", "e", "2/e", "1/e"], "probs": [[0.14681072984870483, 0.23457922035988946, 0.30647716342222175, 0.3121328862691826], [0.20766031824799597, 0.3578214245672123, 0.24887518852662854, 0.18564306855815152], [0.274587603120185, 0.3172721154256783, 0.20088371816531003, 0.20725656318881772], [0.3544025087151696, 0.18562248718364807, 0.22527668042719906, 0.23469832357398265]], "ideal": "D", "sampled": "D", "correct": true}}
{"type": "result", "data": {"idx": 30, "options": ["1", "2", "0", "5"], "probs": [[0.17215779403920844, 0.19765793723059558, 0.4104290483316887, 0.21975522029851163], [0.17877285880284066, 0.28131173827941, 0.25102506748617526, 0.2888903353315696], [0.18953998443191616, 0.24386260512611244, 0.35680123435579403, 0.20979617598615782], [0.20431603268615464, 0.28256734528243355, 0.22443552491993699, 0.2886810970114585]], "ideal": "C", "sampled": "C", "correct": true}}
{"type": "result", "data": {"idx": 31, "options": ["10", "16", "24", "12"], "probs": [[0.2155920640572686, 0.2855231561649354, 0.2126136524448015, 0.2862711272329796], [0.24325407588772058, 0.20280785447225944, 0.31401395443052926, 0.23992411510949882], [0.19402734078106998, 0.3413253476015734, 0.21192752444532031, 0.25271978707205883], [0.25354388359579644, 0.25642970319122127, 0.24335759310853963, 0.24666882000444054]], "ideal": "A", "sampled": "D", "correct": false}}
{"type": "result", "data": {"idx": 32, "options": ["12", "22", "840", "240"], "probs": [[0.13811641908023914, 0.29523251937918144, 0.24284498806976892, 0.3238060733708062], [0.25381688033967764, 0.22666969137163914, 0.3565944030655317, 0.16291902512312553], [0.2081087664074687, 0.41541824254281157, 0.15581212432603642, 0.2206608666236694], [0.2945307681916929, 0.20158719503440914, 0.2732408107055484, 0.23064122596834838]], "ideal": "D", "sampled": "D", "correct": true}}
{"type": "result", "data": {"idx": 33, "options": ["8788", "2", "2197", "21"], "probs": [[0.16834536402572492, 0.2128878022549398, 0.38402107269860175, 0.23474576092075], [0.162041818419438, 0.2932763774913328, 0.40316156735166364, 0.1415202366375586], [0.2815743138396209, 0.3404020649643115, 0.21599131471062916, 0.16203230638543117], [0.31519284764765443, 0.16674688787743602, 0.26390684188388547, 0.25415342249104467]], "ideal": "A", "sampled": "D", "correct": false}}
{"type": "result", "data": {"idx": 34, "options": ["-9", "-5", "-6", "-57"], "probs": [[0.21172411949671702, 0.23988948730271936, 0.2849292003690888, 0.26345719273148904], [0.2000496683044361, 0.266933861401182, 0.24214166569711024, 0.2908748044972601], [0.2159249771653526, 0.2431237155119999, 0.2527637950461479, 0.2881875121764893], [0.21883139208453742, 0.26860918691675195, 0.2253839157722465, 0.28717550512646856]], "ideal": "A", "sampled": "C", "correct": false}}
{"type": "result", "data": {"idx": 35, "options": ["15", "5", "9", "17"], "probs": [[0.22116839001158123, 0.16851974670416686, 0.35533141375174127, 0.25498044943250037], [0.15533854374652506, 0.32061540512317677, 0.2786165006167378, 0.24542955041356437], [0.23497363719402184, 0.22114407755708687, 0.32920016069924896, 0.21468212444963347], [0.25667126087570846, 0.23137014976878287, 0.19986709001161793, 0.31209149924389706]], "ideal": "D", "sampled": "C", "correct": false}}
{"type": "result", "data": {"idx": 36, "options": ["252", "4680", "98770", "101170"], "probs": [[0.20846770328643263, 0.24178541604797024, 0.23566954918542316, 0.31407733138016014], [0.25429823877961283, 0.14753821771418651, 0.33485490023835257, 0.2633086431678259], [0.13370374412795522, 0.23879506210830623, 0.29664937717050854, 0.33085181649324297], [0.23234481840124416, 0.22476305266362817, 0.30128552210145604, 0.2416066067336819]], "ideal": "C", "sampled": "B", "correct": false}}
{"type": "result", "data": {"idx": 37, "options": ["4.5", "1", "5.5", "5"], "probs": [[0.2554577087700111, 0.2072016322478528, 0.30571728517314667, 0.23162337370898894], [0.16376340740748194, 0.35553527797512985, 0.24296671088699534, 0.23773460363039267], [0.24703743673724088, 0.2761792898321979, 0.322811762232625, 0.1539715110979366], [0.20268768556090414, 0.3921138305087275, 0.20216530782863476, 0.20303317600174448]], "ideal": "C", "sampled": "A", "correct": false}}
{"type": "result", "data": {"idx": 38, "options": ["240", "120", "60", "111"], "probs": [[0.15030416194085733, 0.2705404230879461, 0.26100355861216734, 0.3181518562590392], [0.13993126665477668, 0.2720065291803553, 0.4145748204205364, 0.17348738364434083], [0.1219830148586562, 0.4299711033646116, 0.21657014104032235, 0.23147574063641924], [0.15535080408377344, 0.2913663124619249, 0.3150362344228125, 0.23824664893147546]], "ideal": "A", "sampled": "D", "correct": false}}
{"type": "result", "data": {"idx": 39, "options": ["24", "5", "3", "21"], "probs": [[0.19979954407218128, 0.1808551255234756, 0.3235785039268343, 0.2957668263775001], [0.2333839903463592, 0.22798277201487394, 0.24653105599721925, 0.2921021815415416], [0.19357742884197954, 0.3160197734277096, 0.2569136945994461, 0.23348910303085527], [0.2642774331767333, 0.30991370460838524, 0.19586013314757725, 0.22994872896729548]], "ideal": "A", "sampled": "D", "correct": false}}
{"type": "result", "data": {"idx": 40, "options": ["1", "-3", "-1", "3"], "probs": [[0.18312746446209577, 0.25975916210983724, 0.31028552080077787, 0.24682785252730965], [0.1918181444136952, 0.2873806439943914, 0.26369069150373187, 0.25711051998818973], [0.21162109217462244, 0.2323526993929278, 0.3101168356949484, 0.24590937263749682], [0.19220463314375558, 0.23955620753212153, 0.27471124465486435, 0.29352791456925365]], "ideal": "B", "sampled": "C", "correct": false}}
{"type": "result", "data": {"idx": 41, "options": ["4", "6", "10", "15"], "probs": [[0.20773264689668877, 0.2535071247505369, 0.26888507058298444, 0.2698751576697724], [0.2322210597190442, 0.27346473473193317, 0.19325324020647702, 0.3010609652425521], [0.24211028522792016, 0.2243909910619808, 0.26491221793829783, 0.26858650567180875], [0.24333393923776664, 0.24660792135161413, 0.26002771376503747, 0.2500304255455903]], "ideal": "C", "sampled": "C", "correct": true}}
{"type": "result", "data": {"idx": 42, "options": ["Alice", "Devon", "Bob", "Gerald"], "probs": [[0.1443533271113484, 0.36554526860530645, 0.21829984589399332, 0.2718015582893594], [0.16635086226314952, 0.24202143176023325, 0.24774000341191288, 0.3438877024647078], [0.15599888449180807, 0.2540176690147628, 0.36391210973494154, 0.22607133665847226], [0.1821381060338964, 0.29895796018516574, 0.30358031993798446, 0.21532361374294526]], "ideal": "B", "sampled": "A", "correct": false}}
{"type": "result", "data": {"idx": 43, "options": ["(6-3x)(6+3x)", "(-3x+6)(3x+6)", "9(2-x)(2+x)", "3(2+x)^2"], "probs": [[0.2124773660906506, 0.21086352717775597, 0.3455165574603673, 0.23114254917122715], [0.2265706205277515, 0.27697885407578693, 0.18745774983102909, 0.30899277546541093], [0.34238426705643304, 0.1688663232782781, 0.2272122987901174, 0.26153711077517117], [0.1466793597432637, 0.2583845040703038, 0.23761854317576506, 0.3573175929106574]], "ideal": "C", "sampled": "C", "correct": true}}
{"type": "result", "data": {"idx": 44, "options": ["100", "90950", "5200", "50"], "probs": [[0.23612876222068552, 0.23891405689918413, 0.292018585846676, 0.2329385949334597], [0.3099430593029002, 0.3021014963851785, 0.20685876528399202, 0.1810966789279098], [0.2798634632978091, 0.18449314238989203, 0.21867446120142003, 0.3169689330108725], [0.1692435678438435, 0.21440454165439934, 0.2981598410844892, 0.3181920493172597]], "ideal": "C", "sampled": "C", "correct": true}}
{"type": "result", "data": {"idx": 45, "options": ["\\frac{1}{8}", "\\frac{1}{7}", "\\frac{1}{40}", "\\frac{1}{35}"], "probs": [[0.18717099859943429, 0.16041717139680453, 0.34744077666197254, 0.3049710532417947], [0.16421459838773, 0.1555349162615647, 0.2248754019065346, 0.45537508334417626], [0.1528825907896785, 0.13919318369210038, 0.38948447713524675, 0.31843974828296734], [0.15628214708593352, 0.23500680041087044, 0.2536857638821472, 0.3550252885210555]], "ideal": "D", "sampled": "A", "correct": false}}
{"type": "result", "data": {"idx": 46, "options": ["5", "11", "17", "199"], "probs": [[0.18596025664083174, 0.2807949859813609, 0.351337052393674, 0.18190770488414285], [0.24495657442658253, 0.2391926084237221, 0.24210630152332527, 0.27374451552636875], [0.19364609910183414, 0.18545030695340184, 0.28566050161125056, 0.3352430922335225], [0.18719742109015128, 0.16984830797315092, 0.31060213244658397, 0.3323521383901115]], "ideal": "D", "sampled": "B", "correct": false}}
{"type": "result", "data": {"idx": 47, "options": ["7", "5", "2", "25"], "probs": [[0.21085595883324293, 0.26199314772566384, 0.3635526793404784, 0.16359821400062208], [0.19413007455007003, 0.35916399787238895, 0.20460584760290498, 0.24210007987464494], [0.20548401754351933, 0.1743426959504905, 0.3728271321834244, 0.24734615422257383], [0.12835867962460284, 0.36560276866749236, 0.2581390891406528, 0.24789946246723663]], "ideal": "A", "sampled": "A", "correct": true}}
{"type": "result", "data": {"idx": 48, "options": ["792", "66", "396", "72"], "probs": [[0.2129321566467817, 0.19131212748879295, 0.4387509590030012, 0.15700475676143108], [0.13907213917749275, 0.3318168695001548, 0.2624755430911759, 0.2666354481311842], [0.18595294542095467, 0.2622340545735662, 0.311301807843324, 0.24051119206216462], [0.2101741816176251, 0.18952356298640072, 0.32358945013377444, 0.2767128051621839]], "ideal": "D", "sampled": "C", "correct": false}}
{"type": "result", "data": {"idx": 49, "options": ["5", "-75", "-64", "-24"], "probs": [[0.15973759191518436, 0.2622609050529682, 0.282522118643557, 0.2954793842882905], [0.19727238872469968, 0.27917727735451875, 0.28747500911980195, 0.23607532470095527], [0.22594457529079062, 0.3370207138216068, 0.22064921167635201, 0.21638549911123764], [0.24304065628813457, 0.24495413787720294, 0.23456700703297698, 0.27743819870167336]], "ideal": "B", "sampled": "D", "correct": false}}
{"type": "result", "data": {"idx": 50, "options": ["\\frac{1}{27}", "\\frac{1}{68}", "\\frac{1}{3}", "\\frac{1}{243}"], "probs": [[0.2433360514108492, 0.13722566231649824, 0.3230160488472862, 0.2964222373253762], [0.1644857940067069, 0.19999890323041378, 0.21207656001417874, 0.4234387426486984], [0.1906070342001689, 0.11031464357082559, 0.400440767401935, 0.29863755472707254], [0.1315014616075448, 0.21352356580748438, 0.23036189867913381, 0.4246130738058475]], "ideal": "D", "sampled": "A", "correct": false}}
{"type": "result", "data": {"idx": 51, "options": ["100", "4", "5", "20"], "probs": [[0.1510731181370351, 0.2850049351430497, 0.1797476630331409, 0.3841742835867641], [0.2434905419466976, 0.28130704139932367, 0.3213507195123919, 0.1538516970415872], [0.27865473200249996, 0.35871088615343194, 0.15420775320668442, 0.20842662853738467], [0.35483744642849285, 0.15201822822015762, 0.2386925265331461, 0.25445179871820506]], "ideal": "A", "sampled": "D", "correct": false}}
{"type": "result", "data": {"idx": 52, "options": ["1", "9", "2", "10"], "probs": [[0.09561899894627615, 0.569939407350295, 0.11465466167090024, 0.2197869319325222], [0.3003772941279659, 0.18144203917645563, 0.3789840686052557, 0.13919659799031575], [0.13347020872362975, 0.4825187013028398, 0.1537241641759802, 0.23028692569754494], [0.267133749051689, 0.16811307246957177, 0.39920407245778805, 0.16554910592095526]], "ideal": "B", "sampled": "B", "correct": true}}
{"type": "result", "data": {"idx": 53, "options": ["43", "16", "42", "44"], "probs": [[0.1371384715329553, 0.3670236255831115, 0.22086959650110502, 0.27496830628282687], [0.2400662056025302, 0.21441167433194322, 0.23002223342329667, 0.31549988654223116], [0.207621359442713, 0.2933134140409167, 0.3020927684415574, 0.1969724579748039], [0.21457450802893865, 0.22664542655183315, 0.24787904089717996, 0.31090102442203615]], "ideal": "C", "sampled": "B", "correct": false}}
{"type": "result", "data": {"idx": 54, "options": ["\\frac{1}{6}", "\\frac{1}{64}", "\\frac{1}{32}", "\\frac{1}{2}"], "probs": [[0.25719111438330805, 0.18378166001999488, 0.2715673225379716, 0.28745990295871554], [0.19107865998305207, 0.24001333773538935, 0.22291746499291135, 0.3459905371886604], [0.19698955362689563, 0.1756020186144696, 0.32407205997360183, 0.3033363676850228], [0.16226992777502114, 0.2988513419067761, 0.23927736176111117, 0.2996013684571046]], "ideal": "C", "sampled": "A", "correct": false}}
{"type": "result", "data": {"idx": 55, "options": ["5", "\\frac{25}{6}", "\\frac{\\sqrt{2465}{9}", "2"], "probs": [[0.18114223501563442, 0.37387688884080095, 0.25886699610498815, 0.18611387993858086], [0.3292159589788478, 0.2252656719081843, 0.2512627197734063, 0.19425564923957256], [0.20588508922596777, 0.20512770233478472, 0.27006534396211357, 0.31892186437714304], [0.13569827594355585, 0.1818298260338157, 0.44201024986170223, 0.24046164806092918]], "ideal": "A", "sampled": "B", "correct": false}}
{"type": "result", "data": {"idx": 56, "options": ["3", "\\frac{1}{49}", "\\frac{1}{7}", "7"], "probs": [[0.1631564871048336, 0.2861911585806732, 0.29643836554087555, 0.25421398867361733], [0.2898982549229443, 0.25835537670693226, 0.2627381284415791, 0.18900823982854378], [0.2596080687198711, 0.22332167210340415, 0.21353742759131225, 0.3035328314854129], [0.21555494180423232, 0.17829047062341613, 0.22662824686925476, 0.3795263406030859]], "ideal": "B", "sampled": "C", "correct": false}}
{"type": "result", "data": {"idx": 57, "options": ["4, 7", "5, 5", "3, 9", "9, 8"], "probs": [[0.1327179638531136, 0.3330423494426007, 0.21706245416189643, 0.3171772324423914], [0.19630009277156402, 0.15649547276351738, 0.33275296621564704, 0.3144514681492858], [0.12600069973366762, 0.13099977289718312, 0.2126683876000194, 0.5303311396691316], [0.14492704643572227, 0.12990093612459605, 0.40067036749982127, 0.32450164983986307]], "ideal": "B", "sampled": "B", "correct": true}}
{"type": "result", "data": {"idx": 58, "options": ["1", "120", "20", "12"], "probs": [[0.1064956738278003, 0.31720672503078456, 0.3203738431746918, 0.2559237578667206], [0.2535094027391347, 0.2639736086329848, 0.3191493089955069, 0.16336767953237058], [0.2588762278457189, 0.33454209357223924, 0.20646244165364494, 0.20011923682839375], [0.31349581713653046, 0.12183015910760545, 0.27293492866948643, 0.2917390949863965]], "ideal": "B", "sampled": "D", "correct": false}}
{"type": "result", "data": {"idx": 59, "options": ["1", "2", "-2", "0"], "probs": [[0.18907511045221723, 0.26086067170347577, 0.20638676014890375, 0.3436774575953804], [0.1692273675521963, 0.18373926417470612, 0.34059632409001983, 0.30643704408308914], [0.14957626538851596, 0.30202685420461106, 0.28639630140385314, 0.26200057890303197], [0.2013139138044172, 0.3093163239208256, 0.2590194290771584, 0.23035033309762049]], "ideal": "C", "sampled": "D", "correct": false}}
{"type": "result", "data": {"idx": 60, "options": ["1160", "1440", "2408", "2793"], "probs": [[0.1711839286854355, 0.21719012396015908, 0.37673668557133255, 0.23488926168307717], [0.19792612946608423, 0.32815289858329943, 0.289083646038123, 0.18483732581250034], [0.2671782161425847, 0.25493869986864254, 0.23124570825417692, 0.24663737563459148], [0.21000852801719888, 0.22573244486269486, 0.2617362737450126, 0.30252275327510286]], "ideal": "D", "sampled": "C", "correct": false}}
{"type": "result", "data": {"idx": 61, "options": ["0.615", "4.875", "15", "34.667"], "probs": [[0.25229460733679043, 0.2940014985067237, 0.1860667849121356, 0.26763710914435324], [0.28359412178716853, 0.20747008544526083, 0.33724798205856343, 0.1716878106089987], [0.2050741448394826, 0.4173570015308947, 0.1830400375980667, 0.19452881593154675], [0.2804571705859731, 0.25743469782814304, 0.2503427432049143, 0.21176538828095165]], "ideal": "B", "sampled": "D", "correct": false}}
{"type": "result", "data": {"idx": 62, "options": ["f (x) = 0 has three real solutions.", "f (x) \u2265 \u201318 for all x \u2265 0.", "f (x) \u2264 \u201318 for all x \u2264 0.", "The function f (x) is decreasing for x \u2264 \u20133."], "probs": [[0.2706241878236619, 0.31748404221673154, 0.1823102733574941, 0.22958149650210344], [0.37319505585673063, 0.1723053290150993, 0.26155406536572684, 0.19294554966243557], [0.2857676873568289, 0.29819175517793983, 0.18096587313771553, 0.2350746842275075], [0.32846463992847474, 0.16581334348578264, 0.2944869388840733, 0.21123507760167246]], "ideal": "A", "sampled": "B", "correct": false}}
{"type": "result", "data": {"idx": 63, "options": ["211", "2321", "11", "608"], "probs": [[0.21653567079218092, 0.3668140606849277, 0.16936780473165067, 0.24728246369122878], [0.24996586212891456, 0.18791413556475337, 0.3062033368417647, 0.2559166653645694], [0.15973208389103075, 0.3008418034825773, 0.2749530269776777, 0.2644730855487141], [0.23605329513078177, 0.33038698201127326, 0.2996144454638608, 0.1339452772940837]], "ideal": "D", "sampled": "B", "correct": false}}
{"type": "result", "data": {"idx": 64, "options": ["-8", "128", "-128", "16"], "probs": [[0.18156618307619354, 0.3293714830966671, 0.27687473792514855, 0.21218759580200117], [0.2979476080362429, 0.19999678128966134, 0.26738298418796946, 0.2346726263861251], [0.22710264230192606, 0.27321673896251897, 0.22572207351129814, 0.2739585451242693], [0.22783227947293105, 0.21108280532062612, 0.3064164299665789, 0.2546684851398726]], "ideal": "C", "sampled": "B", "correct": false}}
{"type": "result", "data": {"idx": 65, "options": ["\u201312", "\u20139", "0", "8"], "probs": [[0.1321220010248462, 0.18593854581171715, 0.38600701056861747, 0.29593244249483236], [0.21737082136799857, 0.3150070677811161, 0.23221865180195259, 0.23540345894893427], [0.19135844667270802, 0.23858050183761859, 0.22550222115437724, 0.34455883023529976], [0.12250338920860118, 0.17609289926813365, 0.2886610517759271, 0.41274265964732626]], "ideal": "B", "sampled": "C", "correct": false}}
{"type": "result", "data": {"idx": 66, "options": ["3", "4", "5", "6"], "probs": [[0.1731899298956059, 0.2489857355364801, 0.2837685380907958, 0.2940557963771092], [0.199763267070577, 0.24233121007879072, 0.2805239684936983, 0.2773815542569511], [0.2021051062885826, 0.218433671904262, 0.2854431531905217, 0.29401806851663703], [0.19822147630421064, 0.2437350821029449, 0.26398944082754355, 0.29405400066529125]], "ideal": "C", "sampled": "C", "correct": true}}
{"type": "result", "data": {"idx": 67, "options": ["72", "6", "18", "12"], "probs": [[0.2556389184996137, 0.17529350644254882, 0.30222810813252243, 0.26683946682533904], [0.1362886904198065, 0.41731910841442055, 0.28863624994632314, 0.15775595111944457], [0.34112693985994297, 0.22585141141464385, 0.15956004412934102, 0.27346160449608364], [0.2571995825682922, 0.23872772841305437, 0.2539856995573412, 0.2500869893612993]], "ideal": "B", "sampled": "C", "correct": false}}
{"type": "result", "data": {"idx": 68, "options": ["\\frac{1}{12}", "\\frac{1}{6}", "\\frac{2}{3}", "\\frac{1}{3}"], "probs": [[0.17095623077592229, 0.3169570657412088, 0.17533385484045366, 0.33675284854241067], [0.21747814317945996, 0.19450086194972538, 0.29717807465981205, 0.29084292011099955], [0.19266757270794718, 0.2369582350511006, 0.25026575098171866, 0.32010844115924336], [0.1750697091615818, 0.2407154047659176, 0.3930488074108097, 0.19116607856171006]], "ideal": "D", "sampled": "B", "correct": false}}
{"type": "result", "data": {"idx": 69, "options": ["5", "2", "13", "139"], "probs": [[0.2231242853197241, 0.4376423614910537, 0.23384189684553328, 0.10539145624367356], [0.24091396752021654, 0.22100064390833182, 0.18424200957860037, 0.3538433788928479], [0.16289400719836591, 0.1401754344622337, 0.3672595309975117, 0.32967102724188385], [0.13553071635453487, 0.3071603432519034, 0.36550670657386874, 0.19180223371970115]], "ideal": "A", "sampled": "B", "correct": false}}
{"type": "result", "data": {"idx": 70, "options": ["100", "999", "625", "500"], "probs": [[0.18680412610128694, 0.1734828989662376, 0.3503694440001479, 0.28934353083233333], [0.1714419304640582, 0.2267351668156535, 0.2499307501306872, 0.3518921524895951], [0.2195268962129417, 0.24868242889996212, 0.36672890604169683, 0.16506176874540535], [0.1733968145970002, 0.27227511100967616, 0.28961064372966655, 0.2647174305636509]], "ideal": "C", "sampled": "A", "correct": false}}
{"type": "result", "data": {"idx": 71, "options": ["\\frac{7}{15}", "\\frac{15}{7}", "\\frac{15}{8}", "\\frac{15}{11}"], "probs": [[0.2628132652193727, 0.22529726358209598, 0.22931876196600046, 0.2825707091325167], [0.22184783316485435, 0.19045191938565095, 0.2983593408123657, 0.28934090653713807], [0.25374532134047784, 0.23467016766884174, 0.25371021333000165, 0.25787429756067626], [0.26330334785262716, 0.2416583804036152, 0.2727890645219219, 0.22224920712182128]], "ideal": "B", "sampled": "D", "correct": false}}
{"type": "result", "data": {"idx": 72, "options": ["29", "14", "27", "11"], "probs": [[0.17525424420202354, 0.27890566887317225, 0.2928186741969402, 0.25302141262784794], [0.17379098374309554, 0.3067455415134771, 0.25178890847386304, 0.2676745661695496], [0.1831701799639792, 0.25372014076554783, 0.2949790333293659, 0.26813064584110363], [0.15571515563823882, 0.2955143098795235, 0.27547891701142907, 0.27329161737079277]], "ideal": "A", "sampled": "C", "correct": false}}
{"type": "result", "data": {"idx": 73, "options": ["-5", "13", "64", "25"], "probs": [[0.14260347492715875, 0.298329141671836, 0.337384227532567, 0.22168315576845873], [0.18967216036881734, 0.35069626926440617, 0.26888456696938445, 0.19074700329737604], [0.25344594718891594, 0.27830639398906454, 0.2128779556238173, 0.25536970309822615], [0.22078107392912358, 0.19633380699421174, 0.3040094280416572, 0.27887569093500697]], "ideal": "C", "sampled": "C", "correct": true}}
{"type": "result", "data": {"idx": 74, "options": ["2", "1", "9", "16"], "probs": [[0.20158166438742417, 0.319610508566725, 0.217058179036086, 0.2617496479097749], [0.23613440778131883, 0.23562411880118017, 0.32277351414591593, 0.20546795917159405], [0.19381586244035137, 0.3328764236241533, 0.20319010144903618, 0.27011761238644605], [0.2954990385271281, 0.21160223067039902, 0.28789427816152685, 0.20500445254094388]], "ideal": "B", "sampled": "D", "correct": false}}
{"type": "result", "data": {"idx": 75, "options": ["10240", "5001", "5002", "8192"], "probs": [[0.2488327973105915, 0.32253992832667094, 0.2632018987524838, 0.16542537551026057], [0.19120445453454954, 0.21792094125811778, 0.33351745764884394, 0.25735714645849644], [0.19098540721657273, 0.28009160449058157, 0.3196411758653406, 0.20928181232750065], [0.20048079322324278, 0.2798140624174475, 0.2973864272583013, 0.22231871700101377]], "ideal": "D", "sampled": "A", "correct": false}}
{"type": "result", "data": {"idx": 76, "options": ["If f(x) is continuous at x = c, then f\u2032(c) exists.", "If f\u2032(c) = 0, then f has a local maximum or minimum at (c, f (c)).", "If f\u2032\u2032(c) = 0, then the graph of f has an inflection point at (c, f (c)).", "If f is differentiable at x = c, then f is continuous at x = c."], "probs": [[0.25919138103881867, 0.15366106172911054, 0.2158094848061025, 0.3713380723259527], [0.3600406044292934, 0.22276872142584475, 0.2288559339990298, 0.18833474004582765], [0.28840868778630696, 0.14969836771364828, 0.18265184309207427, 0.37924110130798633], [0.3089208740391589, 0.19707741505034457, 0.25907478290614044, 0.23492692790437883]], "ideal": "D", "sampled": "B", "correct": false}}
{"type": "result", "data": {"idx": 77, "options": ["5", "22", "11", "6"], "probs": [[0.19697291207120116, 0.18608256503080717, 0.36847115629442495, 0.24847336650356414], [0.1315111041289364, 0.33718719618270027, 0.27076914968850213, 0.26053254989987185], [0.25204325052907117, 0.22148525467689126, 0.28373843695953216, 0.24273305773450593], [0.23811850701243534, 0.24797890383897014, 0.21012145797563536, 0.30378113107295734]], "ideal": "A", "sampled": "C", "correct": false}}
{"type": "result", "data": {"idx": 78, "options": ["Wednesday", "Thursday", "Friday", "Saturday"], "probs": [[0.18411785429128116, 0.2695604525745822, 0.335237124150324, 0.21108456888381164], [0.16958851876569508, 0.2663863079135772, 0.21193564045524751, 0.3520895327654808], [0.1286877617340086, 0.21841099414869358, 0.3078903238626991, 0.34501092015459855], [0.09772067955814485, 0.2414392066853661, 0.31369501061008914, 0.34714510304641727]], "ideal": "C", "sampled": "B", "correct": false}}
{"type": "result", "data": {"idx": 79, "options": ["January 10th", "January 21st", "January 31st", "February 10th"], "probs": [[0.1712046601091826, 0.2962077820155565, 0.2146441867629261, 0.31794337101233083], [0.20368598260453102, 0.24419777945442145, 0.34650302665363714, 0.20561321118740564], [0.14430470009974067, 0.32396576591741594, 0.21410506225152187, 0.317624471631341], [0.16961968363153346, 0.2896156160012204, 0.3548078425519805, 0.18595685771526077]], "ideal": "B", "sampled": "B", "correct": true}}
{"type": "result", "data": {"idx": 80, "options": ["75", "76", "22", "23"], "probs": [[0.14787478843329666, 0.3106150181639508, 0.23918682994246498, 0.30232336336028043], [0.18838929721050204, 0.19899999682126812, 0.3149653538260697, 0.29764535204216686], [0.1602079907631512, 0.3230675176310867, 0.21806407699899125, 0.29866041450676317], [0.17459342925336918, 0.21425804635659584, 0.28615681043303764, 0.3249917138570025]], "ideal": "B", "sampled": "D", "correct": false}}
