{"type": "result", "data": {"idx": 0, "options": ["Wrong, Wrong", "Wrong, Not wrong", "Not wrong, Wrong", "Not wrong, Not wrong"], "probs": [[0.23734524968360074, 0.2453926403823838, 0.2925048284766916, 0.22475728135733136], [0.24802810291749242, 0.2649872909703527, 0.22492774522442202, 0.2620568607877157], [0.2549265929259977, 0.15737300186272446, 0.37674020420064797, 0.21096020091063836], [0.18926967813877207, 0.31452692248379827, 0.2966917508055585, 0.19951164847186897]], "ideal": "D", "sampled": "A", "correct": false}}
{"type": "result", "data": {"idx": 1, "options": ["Wrong, Wrong", "Wrong, Not wrong", "Not wrong, Wrong", "Not wrong, Not wrong"], "probs": [[0.24640970892874026, 0.2388283742822197, 0.3084139318756762, 0.20634798481335623], [0.2545286071107227, 0.26673024110114557, 0.22422363453277452, 0.2545175171553257], [0.2750141349129454, 0.14263561850950462, 0.3839159519721965, 0.19843429450533445], [0.18739198407710422, 0.3308073679171943, 0.2958871643393295, 0.18591348356639167]], "ideal": "A", "sampled": "A", "correct": true}}
{"type": "result", "data": {"idx": 2, "options": ["Wrong, Wrong", "Wrong, Not wrong", "Not wrong, Wrong", "Not wrong, Not wrong"], "probs": [[0.21937214698186797, 0.2539049139770238, 0.2895412005481442, 0.23718173839298032], [0.259808926020582, 0.26028400930017187, 0.23879023089067514, 0.24111683368857634], [0.2666780438362969, 0.164839897438536, 0.34968182393425107, 0.21880023469091028], [0.2065806704109729, 0.3064314681212226, 0.2763910546538007, 0.21059680671401182]], "ideal": "D", "sampled": "A", "correct": false}}
{"type": "result", "data": {"idx": 3, "options": ["Wrong, Wrong", "Wrong, Not wrong", "Not wrong, Wrong", "Not wrong, Not wrong"], "probs": [[0.24488219401088782, 0.2580575913526071, 0.2851477425443114, 0.211912471992207], [0.2637459670531173, 0.27057221628316647, 0.22832082433222642, 0.23736099223148066], [0.288374872965696, 0.14955917098823984, 0.36355805675779057, 0.19850789918827713], [0.20037880176746073, 0.3328412231958206, 0.26641422748904936, 0.20036574744766245]], "ideal": "B", "sampled": "A", "correct": false}}
{"type": "result", "data": {"idx": 4, "options": ["Wrong, Wrong", "Wrong, Not wrong", "Not wrong, Wrong", "Not wrong, Not wrong"], "probs": [[0.19410047550263557, 0.2182663751558019, 0.33543638879981447, 0.25219676044176764], [0.23184986582629405, 0.27273800092730155, 0.23683712069176166, 0.25857501245464837], [0.2510489558174458, 0.16435287688924927, 0.37532087396169544, 0.20927729323160485], [0.1825293112758512, 0.31546725407881965, 0.29641129224914897, 0.20559214229618897]], "ideal": "D", "sampled": "A", "correct": false}}
{"type": "result", "data": {"idx": 5, "options": ["Wrong, Wrong", "Wrong, Not wrong", "Not wrong, Wrong", "Not wrong, Not wrong"], "probs": [[0.18970687766666672, 0.24169967113375726, 0.30321338402515435, 0.265380067074437], [0.23490237411515671, 0.2768863669206266, 0.21474143203111223, 0.2734698268331096], [0.28523427940602997, 0.1505544447917448, 0.33991612166173363, 0.22429515404048417], [0.2078253599752821, 0.29132936638076984, 0.28228615195172946, 0.21855912159221272]], "ideal": "C", "sampled": "A", "correct": false}}
{"type": "result", "data": {"idx": 6, "options": ["Wrong, Wrong", "Wrong, Not wrong", "Not wrong, Wrong", "Not wrong, Not wrong"], "probs": [[0.23725358915697944, 0.23968243917639528, 0.2805766150585524, 0.2424873565080671], [0.2500431207021865, 0.26418981842787154, 0.2271930093057827, 0.2585740514641668], [0.2729948380310116, 0.15944904719129752, 0.35671871914004144, 0.21083739553765748], [0.19857342534795644, 0.3099252225970671, 0.28622653587863406, 0.20527481607632755]], "ideal": "D", "sampled": "A", "correct": false}}
{"type": "result", "data": {"idx": 7, "options": ["Wrong, Wrong", "Wrong, Not wrong", "Not wrong, Wrong", "Not wrong, Not wrong"], "probs": [[0.23673301401498176, 0.24807801826206982, 0.2888447427100232, 0.22634422491292752], [0.2350522525805992, 0.2913287584369743, 0.21281442076516643, 0.26080456811725283], [0.26252353810596696, 0.14493838506845408, 0.3679983332935503, 0.2245397434320212], [0.17986505337100891, 0.31867942493157203, 0.29767027120583767, 0.20378525039157486]], "ideal": "D", "sampled": "A", "correct": false}}
{"type": "result", "data": {"idx": 8, "options": ["Wrong, Wrong", "Wrong, Not wrong", "Not wrong, Wrong", "Not wrong, Not wrong"], "probs": [[0.27661621145051335, 0.2097261073655885, 0.30394462524826604, 0.20971305583564653], [0.24588773148897128, 0.23880144747507853, 0.21230034379404455, 0.3030104771419097], [0.2851989791707317, 0.13063803502476548, 0.3945673120571361, 0.18959567364737023], [0.21405161949873078, 0.3452995507032911, 0.24687841497496518, 0.19377041472300668]], "ideal": "A", "sampled": "A", "correct": true}}
{"type": "result", "data": {"idx": 9, "options": ["Wrong, Wrong", "Wrong, Not wrong", "Not wrong, Wrong", "Not wrong, Not wrong"], "probs": [[0.2299224003032892, 0.22991596237617362, 0.305730124687571, 0.23443151253295647], [0.26105818778553797, 0.25006083146788194, 0.23369289780296845, 0.2551880828436035], [0.28425720657651143, 0.1498222751137278, 0.3501723600070165, 0.21574815820273657], [0.20650837816075177, 0.2957609665724524, 0.28720492300050526, 0.21052573216627274]], "ideal": "C", "sampled": "A", "correct": false}}
{"type": "result", "data": {"idx": 10, "options": ["Wrong, Wrong", "Wrong, Not wrong", "Not wrong, Wrong", "Not wrong, Not wrong"], "probs": [[0.22828427817045438, 0.23193299774514678, 0.3115125102944768, 0.2282702136899378], [0.2612092410271438, 0.24337710034437743, 0.22909046075518916, 0.26632319777331875], [0.27592516388733307, 0.15151175784992907, 0.37185705556396026, 0.2007060225987835], [0.1918332151623653, 0.3186770282273393, 0.2896110337283126, 0.1998787227819782]], "ideal": "D", "sampled": "A", "correct": false}}
{"type": "result", "data": {"idx": 11, "options": ["Wrong, Wrong", "Wrong, Not wrong", "Not wrong, Wrong", "Not wrong, Not wrong"], "probs": [[0.2319423161776089, 0.2526865334448692, 0.29320396840476476, 0.22216718187277143], [0.24091226590287543, 0.29108449557987576, 0.21550127937680244, 0.25250195904043826], [0.26419993846431544, 0.14333315848646241, 0.3616061189437408, 0.23086078400548576], [0.17402385461039296, 0.2942959243141415, 0.3060116003475033, 0.2256686206279427]], "ideal": "B", "sampled": "A", "correct": false}}
{"type": "result", "data": {"idx": 12, "options": ["Wrong, Wrong", "Wrong, Not wrong", "Not wrong, Wrong", "Not wrong, Not wrong"], "probs": [[0.2495520110096553, 0.2580896838336017, 0.29177416263154154, 0.20058414242520473], [0.24469788092811218, 0.288154241830346, 0.2201407293474655, 0.2470071477940684], [0.25953006579267934, 0.1513725940626429, 0.37523280615402527, 0.2138645338906694], [0.17791160173043272, 0.3135513430369755, 0.3103689587633794, 0.19816809636920577]], "ideal": "C", "sampled": "A", "correct": false}}
{"type": "result", "data": {"idx": 13, "options": ["Wrong, Wrong", "Wrong, Not wrong", "Not wrong, Wrong", "Not wrong, Not wrong"], "probs": [[0.35283019213006783, 0.2269657299864768, 0.24587043178019546, 0.1743336460032658], [0.2920361640443053, 0.2544277852775951, 0.19154570342450122, 0.26199034715360486], [0.28983921774565935, 0.11818603628450207, 0.3928559444151114, 0.19911880145473354], [0.210146571448327, 0.33577549571164167, 0.2686095720083857, 0.1854683607316423]], "ideal": "A", "sampled": "A", "correct": true}}
{"type": "result", "data": {"idx": 14, "options": ["Wrong, Wrong", "Wrong, Not wrong", "Not wrong, Wrong", "Not wrong, Not wrong"], "probs": [[0.20755162101965685, 0.23697002462699154, 0.2881141385539895, 0.26736421569936214], [0.25977387629105264, 0.2722164298312637, 0.2216738563601252, 0.24633583741757356], [0.298590483929632, 0.1601624006803978, 0.3210359569805613, 0.22021115830942384], [0.22183662879864882, 0.26810060522205065, 0.2807884923522523, 0.22927427352705224]], "ideal": "D", "sampled": "C", "correct": false}}
{"type": "result", "data": {"idx": 15, "options": ["Wrong, Wrong", "Wrong, Not wrong", "Not wrong, Wrong", "Not wrong, Not wrong"], "probs": [[0.3357735722129672, 0.2142992194406832, 0.26983550215593227, 0.18009170609041386], [0.22885115557954266, 0.3153021310862557, 0.18573458568934867, 0.2701121275448344], [0.2778892805862963, 0.09664398151042189, 0.3936186945924668, 0.23184804321081579], [0.1637270943756084, 0.35819807177037627, 0.24904852307685962, 0.2290263106771658]], "ideal": "A", "sampled": "A", "correct": true}}
{"type": "result", "data": {"idx": 16, "options": ["Wrong, Wrong", "Wrong, Not wrong", "Not wrong, Wrong", "Not wrong, Not wrong"], "probs": [[0.24381489256022518, 0.24758829370568436, 0.2888449528682717, 0.21975186076582004], [0.2586187235209989, 0.2671526962879482, 0.22856499746129355, 0.24566358262975005], [0.27103954233896843, 0.1556626363396558, 0.35891959938422313, 0.21437822183715596], [0.20413879684329256, 0.3179061218839368, 0.2746839077718818, 0.20327117340089362]], "ideal": "D", "sampled": "A", "correct": false}}
{"type": "result", "data": {"idx": 17, "options": ["Wrong, Wrong", "Wrong, Not wrong", "Not wrong, Wrong", "Not wrong, Not wrong"], "probs": [[0.22992205793216244, 0.22857410417176674, 0.29816036170081267, 0.24334347609524967], [0.22616652604905557, 0.2742692090735845, 0.22529541340125714, 0.27426885137608337], [0.2576095786340792, 0.14772873971963218, 0.3830903681970089, 0.2115713133492852], [0.1690203062274862, 0.33288348237798815, 0.292576577462477, 0.2055196338320321]], "ideal": "C", "sampled": "A", "correct": false}}
{"type": "result", "data": {"idx": 18, "options": ["Wrong, Wrong", "Wrong, Not wrong", "Not wrong, Wrong", "Not wrong, Not wrong"], "probs": [[0.23059899770711925, 0.24792658846930507, 0.3085843005468736, 0.212890113176717], [0.23981476362638743, 0.29376966686266937, 0.2252685432685223, 0.24114702614241346], [0.27491166500361797, 0.14087451245334606, 0.37352347211527537, 0.21069035032777816], [0.17776846152311576, 0.33206799257608194, 0.2778570697334734, 0.21230647606733563]], "ideal": "C", "sampled": "A", "correct": false}}
{"type": "result", "data": {"idx": 19, "options": ["Wrong, Wrong", "Wrong, Not wrong", "Not wrong, Wrong", "Not wrong, Not wrong"], "probs": [[0.2494006863913712, 0.2519534866255433, 0.2934478285945973, 0.20519799828850252], [0.26280220266321414, 0.26913915587426746, 0.21577184390815674, 0.2522867974543405], [0.26734438576887987, 0.14160593579801614, 0.37840647661153504, 0.21264320172158505], [0.18853571843096245, 0.31745735401780223, 0.2984036276209327, 0.19560329983029556]], "ideal": "A", "sampled": "A", "correct": true}}
{"type": "result", "data": {"idx": 20, "options": ["Wrong, Wrong", "Wrong, Not wrong", "Not wrong, Wrong", "Not wrong, Not wrong"], "probs": [[0.2238865850761574, 0.25464084527747116, 0.3066316145364159, 0.21484095500996964], [0.23590777183788605, 0.28571309349773844, 0.22075089003565962, 0.2576282445287079], [0.2642014151308683, 0.15285640539317943, 0.36526797741217326, 0.2176742019637832], [0.18287271701074598, 0.3081042180271483, 0.28539174497418124, 0.22363131988794202]], "ideal": "D", "sampled": "A", "correct": false}}
{"type": "result", "data": {"idx": 21, "options": ["Wrong, Wrong", "Wrong, Not wrong", "Not wrong, Wrong", "Not wrong, Not wrong"], "probs": [[0.3359855560758, 0.21768388383131845, 0.26516044966665286, 0.18117011032623187], [0.28471215692851626, 0.24246170488238328, 0.21107965322476896, 0.26174648486433616], [0.28059632076442265, 0.1286990036354354, 0.3821610914827417, 0.20854358401739306], [0.21115033708069575, 0.3238463652634917, 0.27010990435116167, 0.19489339320463353]], "ideal": "A", "sampled": "A", "correct": true}}
{"type": "result", "data": {"idx": 22, "options": ["Wrong, Wrong", "Wrong, Not wrong", "Not wrong, Wrong", "Not wrong, Not wrong"], "probs": [[0.2259899424276952, 0.2467345625329481, 0.3125286538291609, 0.21474684111019954], [0.23957106068322934, 0.29401417630490095, 0.22453576052623858, 0.24187900238562382], [0.2510476991140292, 0.15177538544958555, 0.383626130718183, 0.2135507846181953], [0.1788892008173316, 0.3240514198499398, 0.29547208901940647, 0.2015872902133172]], "ideal": "A", "sampled": "A", "correct": true}}
{"type": "result", "data": {"idx": 23, "options": ["Wrong, Wrong", "Wrong, Not wrong", "Not wrong, Wrong", "Not wrong, Not wrong"], "probs": [[0.2769684906954272, 0.24484625225980938, 0.28451533408567453, 0.1936699228590714], [0.24472983014781152, 0.2855040760606693, 0.21723444014821747, 0.252531653543285], [0.25031690125328976, 0.13602697530988161, 0.3982740637438476, 0.21538205959297685], [0.17620523102842187, 0.3042731055424665, 0.3252606393975499, 0.19426102393155875]], "ideal": "B", "sampled": "A", "correct": false}}
{"type": "result", "data": {"idx": 24, "options": ["Wrong, Wrong", "Wrong, Not wrong", "Not wrong, Wrong", "Not wrong, Not wrong"], "probs": [[0.2634361643816481, 0.23291544723622562, 0.2831936591895691, 0.22045472909257385], [0.24787367590317877, 0.2627591365923237, 0.22563498826420325, 0.2637321991402864], [0.24872961492065226, 0.12650166760616854, 0.41659181770576964, 0.20817689966740238], [0.1978402042608511, 0.3416740693792982, 0.2635166227544068, 0.19696910350542585]], "ideal": "A", "sampled": "A", "correct": true}}
{"type": "result", "data": {"idx": 25, "options": ["Wrong, Wrong", "Wrong, Not wrong", "Not wrong, Wrong", "Not wrong, Not wrong"], "probs": [[0.2317550606692449, 0.25250500390224184, 0.2839973930471283, 0.2317425422813737], [0.24088353286295058, 0.26565678977326984, 0.20680738566873152, 0.28665229159505085], [0.29057120565968353, 0.1433327269536583, 0.35965334415631506, 0.20644272313034517], [0.19549259059752763, 0.32161048357286715, 0.2578687958722914, 0.2250281298573051]], "ideal": "A", "sampled": "A", "correct": true}}
{"type": "result", "data": {"idx": 26, "options": ["Wrong, Wrong", "Wrong, Not wrong", "Not wrong, Wrong", "Not wrong, Not wrong"], "probs": [[0.23666621692174128, 0.24227839237590268, 0.29917423186038405, 0.22188115874194891], [0.268075375338389, 0.30077940461212316, 0.21239683835505752, 0.21874838159444612], [0.3219023641366001, 0.15032878732900615, 0.328236245150122, 0.1995326032842511], [0.18265006793049982, 0.3076539792706856, 0.30154160040179184, 0.20815435229702792]], "ideal": "A", "sampled": "C", "correct": false}}
{"type": "result", "data": {"idx": 27, "options": ["Wrong, Wrong", "Wrong, Not wrong", "Not wrong, Wrong", "Not wrong, Not wrong"], "probs": [[0.23615233493188675, 0.2503079046886072, 0.28472676978135386, 0.2288129904981467], [0.2522671666188072, 0.24920694318149386, 0.22966279779580281, 0.2688630923038902], [0.25928487343694184, 0.14881041379638682, 0.37279032215601476, 0.21911439051067508], [0.1976667531257002, 0.3144915639349421, 0.2802972152652625, 0.2075444675741039]], "ideal": "C", "sampled": "A", "correct": false}}
{"type": "result", "data": {"idx": 28, "options": ["Wrong, Wrong", "Wrong, Not wrong", "Not wrong, Wrong", "Not wrong, Not wrong"], "probs": [[0.29699002526416035, 0.25156432310581245, 0.28183147181626056, 0.16961417971374762], [0.26172817564047973, 0.24817042709781184, 0.22472510070073132, 0.2653762964609946], [0.2641715898401241, 0.12622741800183643, 0.40989747165862633, 0.19970352039943118], [0.18817176514722916, 0.3565289110913481, 0.267877948804688, 0.18742137485673108]], "ideal": "C", "sampled": "A", "correct": false}}
{"type": "result", "data": {"idx": 29, "options": ["Wrong, Wrong", "Wrong, Not wrong", "Not wrong, Wrong", "Not wrong, Not wrong"], "probs": [[0.23856719403072724, 0.24368267224976847, 0.30520156064688597, 0.21254857297262358], [0.24470031332124711, 0.2783860361514983, 0.225877693752443, 0.25103595667480455], [0.2649379207748047, 0.154565219112035, 0.3757632280068544, 0.204733632006313], [0.1841640366705152, 0.30943727812988314, 0.2952621651326732, 0.21113651996691246]], "ideal": "B", "sampled": "A", "correct": false}}
{"type": "result", "data": {"idx": 30, "options": ["Wrong, Wrong", "Wrong, Not wrong", "Not wrong, Wrong", "Not wrong, Not wrong"], "probs": [[0.236517238161363, 0.2566549309497019, 0.28765989136353026, 0.21916793942539525], [0.26057017443735303, 0.2544565426222339, 0.22587855364288625, 0.2590947291975193], [0.2724681867454396, 0.15869652923895283, 0.35619116121199323, 0.21264412270363073], [0.2145125831062481, 0.2881210282019154, 0.28371796759395074, 0.21364842099789103]], "ideal": "D", "sampled": "A", "correct": false}}
{"type": "result", "data": {"idx": 31, "options": ["Wrong, Wrong", "Wrong, Not wrong", "Not wrong, Wrong", "Not wrong, Not wrong"], "probs": [[0.25980726806960636, 0.23208751370780767, 0.28664627052911795, 0.22145894759347096], [0.25687623094593953, 0.27469126804205557, 0.20644073259764253, 0.2619917683143665], [0.27843153991520786, 0.1307911705789599, 0.3866039372556472, 0.20417335215016502], [0.175937039374806, 0.3286521544708321, 0.30032005985752547, 0.19509074619684172]], "ideal": "B", "sampled": "A", "correct": false}}
{"type": "result", "data": {"idx": 32, "options": ["Wrong, Wrong", "Wrong, Not wrong", "Not wrong, Wrong", "Not wrong, Not wrong"], "probs": [[0.25687572780305085, 0.24905537974777114, 0.29470559685953285, 0.1993632954896477], [0.281502571500886, 0.2792956453573275, 0.22265025415088616, 0.21655152889091633], [0.31209539974083117, 0.1631314618667013, 0.3340555566845242, 0.1907175816079359], [0.21363232773338084, 0.2927244363392363, 0.30321390911248874, 0.1904293267149117]], "ideal": "B", "sampled": "A", "correct": false}}
{"type": "result", "data": {"idx": 33, "options": ["Wrong, Wrong", "Wrong, Not wrong", "Not wrong, Wrong", "Not wrong, Not wrong"], "probs": [[0.2247672082107504, 0.26394917826620223, 0.28029857184074836, 0.23098504158230285], [0.26517742289865615, 0.2839688244699996, 0.2113228798899144, 0.23953087264143474], [0.3154741210594394, 0.16421055014004912, 0.31912049344632254, 0.20119483525419385], [0.22598835337585782, 0.2988644548294768, 0.2710201310530429, 0.20412706064162883]], "ideal": "B", "sampled": "C", "correct": false}}
{"type": "result", "data": {"idx": 34, "options": ["Wrong, Wrong", "Wrong, Not wrong", "Not wrong, Wrong", "Not wrong, Not wrong"], "probs": [[0.26008902800606065, 0.2534806805960489, 0.29058328372736364, 0.1958470075705253], [0.25275886495027977, 0.2988975984341561, 0.20866167098369862, 0.2396818655318616], [0.275014004783222, 0.14324746953679715, 0.3765874974950624, 0.2051510280849028], [0.1828990374787872, 0.321081006051585, 0.3098389518660437, 0.18618100450359445]], "ideal": "A", "sampled": "A", "correct": true}}
{"type": "result", "data": {"idx": 35, "options": ["Wrong, Wrong", "Wrong, Not wrong", "Not wrong, Wrong", "Not wrong, Not wrong"], "probs": [[0.2552003885305295, 0.24884093054968986, 0.2864380084594535, 0.2095206723603196], [0.26130610998533277, 0.26739733282272904, 0.22966312919188095, 0.2416334279000506], [0.2639598582624801, 0.16396503160350448, 0.3664866370943532, 0.20558847293966906], [0.20758459498475174, 0.30793328876036846, 0.2954716539296453, 0.18901046222523088]], "ideal": "B", "sampled": "A", "correct": false}}
{"type": "result", "data": {"idx": 36, "options": ["Wrong, Wrong", "Wrong, Not wrong", "Not wrong, Wrong", "Not wrong, Not wrong"], "probs": [[0.1930495212134887, 0.23980689078547762, 0.31769482860048215, 0.24944875930054305], [0.26597734833151687, 0.2640127673060106, 0.23616250327015553, 0.23384738099229818], [0.2771766206614178, 0.1594694520626736, 0.34675199323959044, 0.2166019339363119], [0.20328257503608646, 0.2751817468993237, 0.292994277796621, 0.22854140016797603]], "ideal": "D", "sampled": "C", "correct": false}}
{"type": "result", "data": {"idx": 37, "options": ["Wrong, Wrong", "Wrong, Not wrong", "Not wrong, Wrong", "Not wrong, Not wrong"], "probs": [[0.2509902161356745, 0.252442860934139, 0.2917356035999888, 0.20483131923021686], [0.25688052996673755, 0.2688300458461003, 0.218890909441793, 0.2553985146453768], [0.2676905728065083, 0.14300289054918328, 0.37756358067458207, 0.21174295586971065], [0.18721928616467276, 0.32286845277052934, 0.2842714300495027, 0.20564083091528118]], "ideal": "B", "sampled": "A", "correct": false}}
{"type": "result", "data": {"idx": 38, "options": ["Wrong, Wrong", "Wrong, Not wrong", "Not wrong, Wrong", "Not wrong, Not wrong"], "probs": [[0.265180617980176, 0.24563717521545106, 0.2827393791327552, 0.2064428275716224], [0.2556898520490348, 0.2691064563890626, 0.224412914752733, 0.25079077670916367], [0.26856678062353206, 0.1506400268685769, 0.37571868526481705, 0.20507450714309333], [0.19613228838604796, 0.3201819987039245, 0.2808541378475655, 0.20283157496244655]], "ideal": "A", "sampled": "A", "correct": true}}
{"type": "result", "data": {"idx": 39, "options": ["Wrong, Wrong", "Wrong, Not wrong", "Not wrong, Wrong", "Not wrong, Not wrong"], "probs": [[0.2467458753881695, 0.23818948074491644, 0.2868908616848523, 0.22817378208206565], [0.23221622504630812, 0.25759850925683475, 0.23671581802383726, 0.2734694475730243], [0.2432346562561741, 0.14689170530811704, 0.3985212598887459, 0.21135237844695512], [0.18214342985646678, 0.3395966825160504, 0.2870981215445834, 0.19116176598291884]], "ideal": "C", "sampled": "A", "correct": false}}
{"type": "result", "data": {"idx": 40, "options": ["Wrong, Wrong", "Wrong, Not wrong", "Not wrong, Wrong", "Not wrong, Not wrong"], "probs": [[0.2783620436059398, 0.2558931465164494, 0.28396280224633474, 0.18178200753127696], [0.2629479219860212, 0.26977441623970894, 0.22228532784241142, 0.2449923338318728], [0.27177004504119984, 0.14357687722769216, 0.3811402190323175, 0.20351285859879287], [0.2072147657800597, 0.3220982118850882, 0.27178802187049256, 0.1988990003643514]], "ideal": "C", "sampled": "A", "correct": false}}
{"type": "result", "data": {"idx": 41, "options": ["Wrong, Wrong", "Wrong, Not wrong", "Not wrong, Wrong", "Not wrong, Not wrong"], "probs": [[0.31034860468596503, 0.21330031732547514, 0.306657429311254, 0.16969364857732094], [0.28080693973638104, 0.28299558168392297, 0.2038741757449122, 0.2323233027347938], [0.28349402030777954, 0.11611319582294811, 0.4060365437668428, 0.19435624000244137], [0.2002854769288532, 0.33996847172246963, 0.2874441109585384, 0.1723019402901281]], "ideal": "B", "sampled": "A", "correct": false}}
{"type": "result", "data": {"idx": 42, "options": ["Wrong, Wrong", "Wrong, Not wrong", "Not wrong, Wrong", "Not wrong, Not wrong"], "probs": [[0.22311357452898584, 0.22615983424005734, 0.3108943578068293, 0.23983223332410844], [0.2534614915808453, 0.2702946469446946, 0.22621572985158184, 0.2500281315228848], [0.26329316958075205, 0.15240488449255793, 0.36901686569969605, 0.21528508012697734], [0.18692595174017365, 0.3181513331633702, 0.2817619141929743, 0.213160800803491]], "ideal": "D", "sampled": "A", "correct": false}}
{"type": "result", "data": {"idx": 43, "options": ["Wrong, Wrong", "Wrong, Not wrong", "Not wrong, Wrong", "Not wrong, Not wrong"], "probs": [[0.2444247849289313, 0.2590637084668219, 0.2829853342867257, 0.21352617221752498], [0.25687808301553944, 0.30252294717776046, 0.20998092985439512, 0.23061803985231008], [0.2872233332342589, 0.15618989602744743, 0.3485052695891612, 0.20808150104911363], [0.18753580877010795, 0.317173682033503, 0.30666818128605927, 0.18862232781033658]], "ideal": "B", "sampled": "A", "correct": false}}
{"type": "result", "data": {"idx": 44, "options": ["Wrong, Wrong", "Wrong, Not wrong", "Not wrong, Wrong", "Not wrong, Not wrong"], "probs": [[0.19891046569074428, 0.2316249874961901, 0.30450862018387126, 0.264955926529187], [0.2405763302919359, 0.2652323231612328, 0.23359910210302223, 0.260592244343789], [0.2537024105378045, 0.1627444244045806, 0.35623270200231044, 0.22732046295530903], [0.185923802335797, 0.3168927815802299, 0.2873441263064113, 0.2098392896775799]], "ideal": "D", "sampled": "A", "correct": false}}
{"type": "result", "data": {"idx": 45, "options": ["Wrong, Wrong", "Wrong, Not wrong", "Not wrong, Wrong", "Not wrong, Not wrong"], "probs": [[0.2888267031149009, 0.22656811264733273, 0.2956442901980509, 0.18896089393973112], [0.2502541676090521, 0.2531738475375146, 0.21190828699980388, 0.2846636977536476], [0.27250405494804814, 0.13051483493243848, 0.3843123623346901, 0.2126687476848288], [0.19769287183071052, 0.3233193423250365, 0.2686115386657683, 0.21037624707848054]], "ideal": "A", "sampled": "A", "correct": true}}
{"type": "result", "data": {"idx": 46, "options": ["Wrong, Wrong", "Wrong, Not wrong", "Not wrong, Wrong", "Not wrong, Not wrong"], "probs": [[0.24042473501132597, 0.24908400865176905, 0.2910788987080447, 0.21941235752885033], [0.26545686086855924, 0.26715322129365643, 0.2289306288619899, 0.23845928887578668], [0.2722284868527373, 0.16064925796068935, 0.3620475486166725, 0.20507470646991863], [0.20758374762167683, 0.29670065362369447, 0.28887885620200215, 0.2068367424526212]], "ideal": "B", "sampled": "A", "correct": false}}
{"type": "result", "data": {"idx": 47, "options": ["Wrong, Wrong", "Wrong, Not wrong", "Not wrong, Wrong", "Not wrong, Not wrong"], "probs": [[0.22357930386627575, 0.2593392601579143, 0.29864614708513787, 0.21843528879066595], [0.23624722249312743, 0.3049644869841957, 0.21217745923267736, 0.24661083119000554], [0.2737605673810439, 0.1445714102318496, 0.3599377361075007, 0.22173028617960064], [0.1816771311513192, 0.3237659836940667, 0.29030782490159174, 0.2042490601530308]], "ideal": "C", "sampled": "A", "correct": false}}
{"type": "result", "data": {"idx": 48, "options": ["Wrong, Wrong", "Wrong, Not wrong", "Not wrong, Wrong", "Not wrong, Not wrong"], "probs": [[0.23187824297173845, 0.2590960035325529, 0.2869267909497718, 0.22209896244592825], [0.25272746613787656, 0.2717599036796878, 0.2291470314800692, 0.24636559860237073], [0.25642105478950783, 0.15763631599840355, 0.38264877724344376, 0.20329385186863752], [0.1883912182683769, 0.32352266459883844, 0.2922618750388322, 0.19582424199395934]], "ideal": "B", "sampled": "A", "correct": false}}
{"type": "result", "data": {"idx": 49, "options": ["Wrong, Wrong", "Wrong, Not wrong", "Not wrong, Wrong", "Not wrong, Not wrong"], "probs": [[0.24747413666437615, 0.24698085788580185, 0.28884559948155647, 0.21669940586826744], [0.2539471916278058, 0.278352602130794, 0.22499698708159147, 0.24270321905981265], [0.26862923922887866, 0.1516532009381035, 0.36506866377606956, 0.21464889595694064], [0.19742339984463075, 0.3266974342741848, 0.2661380810133828, 0.20974108476780767]], "ideal": "A", "sampled": "A", "correct": true}}
{"type": "result", "data": {"idx": 50, "options": ["Wrong, Wrong", "Wrong, Not wrong", "Not wrong, Wrong", "Not wrong, Not wrong"], "probs": [[0.3320381115600839, 0.26904576972557886, 0.24681873486384717, 0.1520973837505059], [0.28519946307921035, 0.2683433225543505, 0.17909463797317976, 0.26736257629326426], [0.2917915429135195, 0.12721889575159775, 0.3740579594021933, 0.2069316018326938], [0.2089961513610603, 0.33788924860877806, 0.28783242308095147, 0.1652821768492286]], "ideal": "B", "sampled": "A", "correct": false}}
{"type": "result", "data": {"idx": 51, "options": ["Wrong, Wrong", "Wrong, Not wrong", "Not wrong, Wrong", "Not wrong, Not wrong"], "probs": [[0.21795751480155554, 0.24493470247393967, 0.3145199204051823, 0.22258786221931567], [0.24778147646793552, 0.28232792974209553, 0.2268828759339817, 0.243007717755968], [0.26542228403263546, 0.15883862919601038, 0.3699057101973738, 0.2058333764739861], [0.18548200436701814, 0.3155045306503413, 0.3064611087428533, 0.1925523561397823]], "ideal": "B", "sampled": "A", "correct": false}}
{"type": "result", "data": {"idx": 52, "options": ["Wrong, Wrong", "Wrong, Not wrong", "Not wrong, Wrong", "Not wrong, Not wrong"], "probs": [[0.22235435954135135, 0.24761987363007978, 0.2974278224313171, 0.23259794429724137], [0.2368273632558716, 0.2873515034999043, 0.22765428314765793, 0.24816684999658192], [0.2607855342533133, 0.157494625976817, 0.3684407337772718, 0.2132791058926024], [0.1775249437412651, 0.3196169801706777, 0.28273964288432085, 0.22011843310374252]], "ideal": "B", "sampled": "A", "correct": false}}
{"type": "result", "data": {"idx": 53, "options": ["Wrong, Wrong", "Wrong, Not wrong", "Not wrong, Wrong", "Not wrong, Not wrong"], "probs": [[0.2526974654870565, 0.25024528912416505, 0.2856336123559454, 0.2114236329328507], [0.24637945125413105, 0.26077242462659705, 0.22743677682186209, 0.26541134719741727], [0.24958432840273195, 0.15250834113359354, 0.3745889628585391, 0.22331836750513093], [0.18238766098863834, 0.3188442467220031, 0.28514494735000573, 0.21362314483937464]], "ideal": "B", "sampled": "A", "correct": false}}
{"type": "result", "data": {"idx": 54, "options": ["Wrong, Wrong", "Wrong, Not wrong", "Not wrong, Wrong", "Not wrong, Not wrong"], "probs": [[0.22727046731412331, 0.23409401580188247, 0.3191955484255171, 0.21943996835846036], [0.24354271247888382, 0.28637359908894827, 0.22130600495623273, 0.24877768337595316], [0.2427484876277508, 0.1493334355254862, 0.3994956127546193, 0.2084224639921388], [0.176205671885407, 0.3191659937754321, 0.3147614823182298, 0.18986685192092778]], "ideal": "D", "sampled": "A", "correct": false}}
{"type": "result", "data": {"idx": 55, "options": ["Wrong, Wrong", "Wrong, Not wrong", "Not wrong, Wrong", "Not wrong, Not wrong"], "probs": [[0.22818812864884147, 0.2556459605142819, 0.3064245591318156, 0.2097413516050647], [0.25397979443325275, 0.2783856835132579, 0.2299071196275177, 0.23772740232596437], [0.28910871282081524, 0.1544427989710732, 0.35891845908358644, 0.19753002902453085], [0.1953493738686251, 0.30496650705072254, 0.29421523005827876, 0.20546888892238105]], "ideal": "D", "sampled": "A", "correct": false}}
{"type": "result", "data": {"idx": 56, "options": ["Wrong, Wrong", "Wrong, Not wrong", "Not wrong, Wrong", "Not wrong, Not wrong"], "probs": [[0.2610593984000339, 0.24285861435817546, 0.27838033292724473, 0.21770165421453624], [0.24442376382402659, 0.2527155450723723, 0.22377611455284024, 0.2790845764507651], [0.2578850433666636, 0.14273965247293519, 0.38045289285085143, 0.21892241120954153], [0.19144221354955515, 0.323766928417434, 0.2773692200536749, 0.20742163787934223]], "ideal": "A", "sampled": "A", "correct": true}}
{"type": "result", "data": {"idx": 57, "options": ["Wrong, Wrong", "Wrong, Not wrong", "Not wrong, Wrong", "Not wrong, Not wrong"], "probs": [[0.2150561583187788, 0.2499693573137368, 0.3165104327810292, 0.21846405148643605], [0.24006043326642373, 0.30036270462317743, 0.22465681108547023, 0.23492005092492246], [0.27208388886571644, 0.1532599300995168, 0.3590041311455895, 0.21565204978916033], [0.19400676796902538, 0.29568775109622175, 0.2993413133846473, 0.21096416745011431]], "ideal": "D", "sampled": "A", "correct": false}}
{"type": "result", "data": {"idx": 58, "options": ["Wrong, Wrong", "Wrong, Not wrong", "Not wrong, Wrong", "Not wrong, Not wrong"], "probs": [[0.22708505872147774, 0.23282116630130767, 0.29836872862635316, 0.24172504625086255], [0.23477791870832768, 0.24746705928934967, 0.23110215371256823, 0.2866528681897575], [0.23367948230995694, 0.13368839889313547, 0.39432483954271524, 0.23830727915419547], [0.18519038093409207, 0.28564443228507014, 0.28295176885903045, 0.24621341782182415]], "ideal": "C", "sampled": "A", "correct": false}}
{"type": "result", "data": {"idx": 59, "options": ["Wrong, Wrong", "Wrong, Not wrong", "Not wrong, Wrong", "Not wrong, Not wrong"], "probs": [[0.18816544505454763, 0.21868509022931845, 0.3452874069064303, 0.24786205770969744], [0.23734511881633405, 0.278597273076741, 0.24489371656787287, 0.2391638914390588], [0.2793768243964771, 0.16581837809320946, 0.35114520739879584, 0.20365959001151346], [0.19417628116020996, 0.3047981932609586, 0.2942848129050058, 0.20674071257381135]], "ideal": "D", "sampled": "C", "correct": false}}
{"type": "result", "data": {"idx": 60, "options": ["Wrong, Wrong", "Wrong, Not wrong", "Not wrong, Wrong", "Not wrong, Not wrong"], "probs": [[0.2659503716014744, 0.23565716159366643, 0.29277883188711756, 0.20561363481774184], [0.23740704887422012, 0.2737798697781855, 0.2204072101852994, 0.26840587106228303], [0.25990919358303716, 0.13887039242503538, 0.3856653198003684, 0.21555509409153686], [0.17684296136249214, 0.3406961320942999, 0.2813369943579068, 0.20112391208529312]], "ideal": "A", "sampled": "A", "correct": true}}
{"type": "result", "data": {"idx": 61, "options": ["Wrong, Wrong", "Wrong, Not wrong", "Not wrong, Wrong", "Not wrong, Not wrong"], "probs": [[0.28199454158540227, 0.2583029968544071, 0.26854279005995263, 0.19115967140025705], [0.26841797016463975, 0.27426924093606575, 0.20111726779233915, 0.25619552100693693], [0.2627373744696555, 0.13845040687980567, 0.388461134972129, 0.21035108357841653], [0.18133142970081773, 0.3206328349198118, 0.31280867939167517, 0.1852270558876911]], "ideal": "B", "sampled": "A", "correct": false}}
{"type": "result", "data": {"idx": 62, "options": ["Wrong, Wrong", "Wrong, Not wrong", "Not wrong, Wrong", "Not wrong, Not wrong"], "probs": [[0.24833172753363222, 0.24209605620662017, 0.30251743576433404, 0.20705478039541814], [0.25272836112709035, 0.2602836989920564, 0.23061145278798006, 0.25637648699287907], [0.27278464199169977, 0.1621545549689905, 0.3667738683251867, 0.1982869346141186], [0.1944974396321213, 0.326451919479222, 0.27712268076935226, 0.20192796001931376]], "ideal": "D", "sampled": "A", "correct": false}}
{"type": "result", "data": {"idx": 63, "options": ["Wrong, Wrong", "Wrong, Not wrong", "Not wrong, Wrong", "Not wrong, Not wrong"], "probs": [[0.2815346783343581, 0.2265983292344853, 0.30031846603067325, 0.1915485263004876], [0.2556549691355432, 0.2705420568988422, 0.20424308641024946, 0.2695598874553708], [0.2571200179881162, 0.12343553901941282, 0.40237926265045587, 0.21706518024202115], [0.19268510320578716, 0.30964661769805285, 0.28521564452083054, 0.21245263447532486]], "ideal": "B", "sampled": "A", "correct": false}}
{"type": "result", "data": {"idx": 64, "options": ["Wrong, Wrong", "Wrong, Not wrong", "Not wrong, Wrong", "Not wrong, Not wrong"], "probs": [[0.23499527793003883, 0.2496349628688196, 0.29418006801787744, 0.22118969108327954], [0.23511763382286852, 0.28246908518513325, 0.22167299945215355, 0.2607402814398617], [0.26740941244485356, 0.1479907653863315, 0.3633577411230771, 0.22124208094573078], [0.1867029091729646, 0.3054933461844919, 0.2891229924221363, 0.2186807521204014]], "ideal": "D", "sampled": "A", "correct": false}}
{"type": "result", "data": {"idx": 65, "options": ["Wrong, Wrong", "Wrong, Not wrong", "Not wrong, Wrong", "Not wrong, Not wrong"], "probs": [[0.2283106598318408, 0.2179246534392718, 0.3244895859493447, 0.22927510067955115], [0.2500425841077148, 0.2693185048498326, 0.23353978738378378, 0.24709912355867678], [0.2576129698393087, 0.1689722997848844, 0.37038958546035883, 0.2030251448154577], [0.19915982783527492, 0.30842261902742024, 0.2920506587342784, 0.20036689430302537]], "ideal": "B", "sampled": "A", "correct": false}}
{"type": "result", "data": {"idx": 66, "options": ["Wrong, Wrong", "Wrong, Not wrong", "Not wrong, Wrong", "Not wrong, Not wrong"], "probs": [[0.21735396825456094, 0.24285818506935472, 0.30108592014159186, 0.23870192643449184], [0.2455903062677208, 0.27671067952285894, 0.24653790189275776, 0.23116111221664984], [0.2506279615233905, 0.17294292362572525, 0.359042872812158, 0.21738624193870304], [0.19603696448063346, 0.29653043614903485, 0.3011559171199578, 0.20627668215035233]], "ideal": "D", "sampled": "A", "correct": false}}
{"type": "result", "data": {"idx": 67, "options": ["Wrong, Wrong", "Wrong, Not wrong", "Not wrong, Wrong", "Not wrong, Not wrong"], "probs": [[0.2313611789602205, 0.23831123720598088, 0.2925069339661473, 0.2378206497676551], [0.2507429459437908, 0.25805521364115097, 0.2304615504856927, 0.260740289829383], [0.27522492543842103, 0.1555609891557845, 0.3587173728365914, 0.21049671246919718], [0.1951050974342226, 0.3093618460248012, 0.28664595557814926, 0.2088871008628344]], "ideal": "D", "sampled": "A", "correct": false}}
{"type": "result", "data": {"idx": 68, "options": ["Wrong, Wrong", "Wrong, Not wrong", "Not wrong, Wrong", "Not wrong, Not wrong"], "probs": [[0.21295486027912086, 0.218074369843326, 0.3110984837087775, 0.25787228606877194], [0.23651983332049895, 0.2416366139535081, 0.2632368183817584, 0.2586067342442295], [0.2650026352072475, 0.16449575585926068, 0.36852633706930144, 0.2019752717641748], [0.19732858923582972, 0.3191682151715433, 0.2837468963414925, 0.19975629915113388]], "ideal": "D", "sampled": "A", "correct": false}}
{"type": "result", "data": {"idx": 69, "options": ["Wrong, Wrong", "Wrong, Not wrong", "Not wrong, Wrong", "Not wrong, Not wrong"], "probs": [[0.26005309437814056, 0.23757987640796407, 0.2934822333352337, 0.20888479577866884], [0.26591304185541387, 0.2649233155554228, 0.21791548834251886, 0.25124815414665136], [0.26231414395856006, 0.14923010703503928, 0.3861143849084533, 0.20234136399793062], [0.20230853350081668, 0.3188836773441394, 0.2820071331071126, 0.19680065594794116]], "ideal": "B", "sampled": "A", "correct": false}}
{"type": "result", "data": {"idx": 70, "options": ["Wrong, Wrong", "Wrong, Not wrong", "Not wrong, Wrong", "Not wrong, Not wrong"], "probs": [[0.2946892844565212, 0.2496350536974567, 0.2704989854535902, 0.18517667629244766], [0.27982937576368355, 0.285189216468112, 0.20351081573969257, 0.2314705919285161], [0.3166580800214026, 0.1474664920789662, 0.34911124821040107, 0.1867641795892467], [0.2132249349616019, 0.3333716066907548, 0.2801236623706294, 0.1732797958769951]], "ideal": "A", "sampled": "A", "correct": true}}
{"type": "result", "data": {"idx": 71, "options": ["Wrong, Wrong", "Wrong, Not wrong", "Not wrong, Wrong", "Not wrong, Not wrong"], "probs": [[0.2811189920712927, 0.24288727273636457, 0.2850077314851211, 0.1909860036071998], [0.26176215735108604, 0.28567620861653936, 0.21986944569628256, 0.23269218823609672], [0.27592307187980886, 0.14589667210003254, 0.37478932432355866, 0.20339093159660554], [0.2088052781031992, 0.32038668568120665, 0.27496005550284097, 0.1958479806127484]], "ideal": "A", "sampled": "A", "correct": true}}
{"type": "result", "data": {"idx": 72, "options": ["Wrong, Wrong", "Wrong, Not wrong", "Not wrong, Wrong", "Not wrong, Not wrong"], "probs": [[0.2492160452859466, 0.25152966984178815, 0.2857044671451166, 0.21354981762714043], [0.23490200729663077, 0.2678547044962022, 0.21718294056746976, 0.2800603475397028], [0.2622807436632311, 0.13907851994616313, 0.37947461337435906, 0.21916612291624024], [0.16737165981235033, 0.32641480387624966, 0.29710835899161625, 0.20910517721980357]], "ideal": "C", "sampled": "A", "correct": false}}
{"type": "result", "data": {"idx": 73, "options": ["Wrong, Wrong", "Wrong, Not wrong", "Not wrong, Wrong", "Not wrong, Not wrong"], "probs": [[0.264934675093073, 0.25979903005144345, 0.2776131292951309, 0.19765316546035638], [0.2717729887483205, 0.2966644762719259, 0.21071317986750418, 0.2208493550122542], [0.2967127947459913, 0.1600789336816521, 0.3511481359595014, 0.19206013551284856], [0.20660652231208146, 0.33088833425465786, 0.2683674902739836, 0.19413765305927236]], "ideal": "B", "sampled": "A", "correct": false}}
{"type": "result", "data": {"idx": 74, "options": ["Wrong, Wrong", "Wrong, Not wrong", "Not wrong, Wrong", "Not wrong, Not wrong"], "probs": [[0.22806653654416195, 0.23892021777211228, 0.2986121864044153, 0.23440105917931456], [0.24650196862840829, 0.2717592917643343, 0.23329765015094814, 0.24844108935631531], [0.26646640454542436, 0.1548464080512093, 0.35778516852304665, 0.2209020187803026], [0.1878034234843864, 0.3018285804245249, 0.28912302345458396, 0.22124497253650158]], "ideal": "D", "sampled": "A", "correct": false}}
