{"type": "result", "data": {"idx": 0, "options": ["7 N", "5 N", "10 N", "12 N"], "probs": [[0.33343356347574, 0.2638755997174019, 0.22005070415843367, 0.18264013254842446], [0.3158372687357324, 0.2556462027718215, 0.2416569626336579, 0.18685956575878818], [0.25044403224002365, 0.3065940828789867, 0.23863541298612015, 0.20432647179486949], [0.29220515486656196, 0.2327449619537305, 0.24941346046814641, 0.2256364226115611]], "ideal": "A", "sampled": "B", "correct": false}}
{"type": "result", "data": {"idx": 1, "options": ["weight of fluid.", "volume of fluid.", "density of fluid.", "All of these."], "probs": [[0.24981289725026212, 0.14454801396825986, 0.1552580905819642, 0.4503809980995138], [0.30508262623160326, 0.11578334749201317, 0.4587383822087876, 0.12039564396759597], [0.28671524780253144, 0.3747808150506991, 0.15008786766482163, 0.18841606938194783], [0.3927304499409665, 0.21177009149192846, 0.17692175597463897, 0.21857770249246605]], "ideal": "B", "sampled": "D", "correct": false}}
{"type": "result", "data": {"idx": 2, "options": ["totally internally reflects", "passes into the air above", "is absorbed", "None of these"], "probs": [[0.5137602511381149, 0.199758233090188, 0.10070017059408352, 0.1857813450776136], [0.17690444690137316, 0.15440537833791476, 0.14509915655447225, 0.5235910181062399], [0.11870199869560319, 0.1388580823826737, 0.5817532614704423, 0.16068665735128085], [0.22504533489710704, 0.4883962498355832, 0.12713858294499225, 0.15941983222231745]], "ideal": "B", "sampled": "A", "correct": false}}
{"type": "result", "data": {"idx": 3, "options": ["always.", "sometimes.", "never.", "on planet Earth only."], "probs": [[0.27982798215928834, 0.28059402105386505, 0.2832281291201605, 0.15634986756668617], [0.268282353851193, 0.18946056066048966, 0.13543863593177627, 0.40681844945654105], [0.18527877190883799, 0.1226707017100069, 0.5101740917785351, 0.18187643450261995], [0.207370361335535, 0.49165210905290024, 0.14638742148660638, 0.15459010802495837]], "ideal": "B", "sampled": "A", "correct": false}}
{"type": "result", "data": {"idx": 4, "options": ["changes", "aligns with the electric field", "is at right angles to the electric field", "converts to magnetic energy"], "probs": [[0.7194359790643449, 0.11348200419182228, 0.10598607202325266, 0.06109594462058019], [0.0845860255363342, 0.3484355560853667, 0.09399597485907642, 0.4729824434192227], [0.20315439997072002, 0.17270770667256383, 0.39058139916328866, 0.2335564940934275], [0.2268045083537098, 0.36922296098491597, 0.0812540996740924, 0.32271843088728186]], "ideal": "A", "sampled": "A", "correct": true}}
{"type": "result", "data": {"idx": 5, "options": ["red", "yellow-green", "blue", "violet"], "probs": [[0.16169798898880045, 0.22770397495710856, 0.2448195817929315, 0.3657784541611595], [0.1618552433453214, 0.19965348243265899, 0.35129244541771976, 0.28719882870429986], [0.2324989139801223, 0.33592694994428207, 0.25155302879678987, 0.18002110717880576], [0.3216208160809535, 0.2481490409237132, 0.14834041507104903, 0.2818897278242843]], "ideal": "D", "sampled": "D", "correct": true}}
{"type": "result", "data": {"idx": 6, "options": ["mass distorts spacetime.", "gravity affects clocks.", "light can\u2019t escape from a black hole.", "All of these."], "probs": [[0.21879151135295932, 0.07774182292426318, 0.08384498082984009, 0.6196216847929374], [0.15155922913349337, 0.13654163071513806, 0.3189248943330339, 0.39297424571833467], [0.24269986150221928, 0.3150594830197941, 0.2544053792699086, 0.18783527610807804], [0.3662570687296026, 0.329316434757885, 0.1173378145775743, 0.18708868183493804]], "ideal": "D", "sampled": "D", "correct": true}}
{"type": "result", "data": {"idx": 7, "options": ["voltage", "energy", "Both of these", "Neither of these"], "probs": [[0.26975644034067, 0.14840489845587268, 0.4442688888503231, 0.13756977225313421], [0.2272619868995679, 0.3298265586489441, 0.13571746443765983, 0.3071939899138282], [0.3936985848062501, 0.20846948646813568, 0.22594850436420283, 0.1718834242614114], [0.2659481286415404, 0.18573504024682452, 0.15634284120767303, 0.39197398980396203]], "ideal": "A", "sampled": "C", "correct": false}}
{"type": "result", "data": {"idx": 8, "options": ["chaotic", "ordered", "positioned by amplitude", "in phase"], "probs": [[0.13199006904765279, 0.7008957140047414, 0.07482103014279187, 0.092293186704814], [0.4381280410409524, 0.24273849297902023, 0.12856402608765913, 0.19056943979236826], [0.10606179306294523, 0.10919607348247112, 0.07965674191172513, 0.7050853914428585], [0.13649080962150048, 0.18460282521164714, 0.60519213027933, 0.0737142347875223]], "ideal": "B", "sampled": "B", "correct": true}}
{"type": "result", "data": {"idx": 9, "options": ["amplitude", "wavelength", "frequency", "energy"], "probs": [[0.14600479601353672, 0.14890366791189796, 0.2596023082473552, 0.4454892277272101], [0.19675285819063718, 0.16984712822754752, 0.36978527348835977, 0.2636147399934556], [0.18655109681634863, 0.24788758525586188, 0.2208935204060544, 0.3446677974217351], [0.4144155033660072, 0.12563151868705416, 0.20255507243962534, 0.25739790540731333]], "ideal": "D", "sampled": "D", "correct": true}}
{"type": "result", "data": {"idx": 10, "options": ["the same", "opposite", "Either of these", "Need more information"], "probs": [[0.12461244963567426, 0.585354299020943, 0.15677409690107771, 0.13325915434230495], [0.3842301551842863, 0.1751530267077463, 0.1228870861739091, 0.3177297318340583], [0.1476960618072867, 0.1067561424658522, 0.3263826941641917, 0.4191651014626694], [0.1123922847163172, 0.1371737338659839, 0.5921481494223112, 0.15828583189538767]], "ideal": "B", "sampled": "B", "correct": true}}
{"type": "result", "data": {"idx": 11, "options": ["conduction", "convection", "radiation", "radioactivity"], "probs": [[0.05328667396889209, 0.12623577979565012, 0.7276876974353657, 0.09278984870009217], [0.06931337967956501, 0.8127298971128293, 0.04128418942724238, 0.07667253368036336], [0.6089727009683125, 0.0935962307242035, 0.08876670499301227, 0.20866436321447174], [0.041093763112987056, 0.08509045870157454, 0.14822793060633901, 0.7255878474790994]], "ideal": "C", "sampled": "C", "correct": true}}
{"type": "result", "data": {"idx": 12, "options": ["half, 1 A", "2 A", "Depends on which lamp is closer to the battery", "Not enough information to say"], "probs": [[0.22037832108352698, 0.31445869331704096, 0.1278597991359554, 0.33730318636347667], [0.220076792811893, 0.12294634809020497, 0.30875729591270346, 0.3482195630851986], [0.15399514596099925, 0.15818672352003862, 0.21414292494727316, 0.47367520547168895], [0.3264916934191039, 0.24856183671140078, 0.3528993830595985, 0.07204708670989683]], "ideal": "B", "sampled": "B", "correct": true}}
{"type": "result", "data": {"idx": 13, "options": ["increase.", "decrease.", "remain unchanged.", "None of these."], "probs": [[0.31520040646022124, 0.3111357274662358, 0.25308897145955445, 0.12057489451398848], [0.21501061958936343, 0.143811304668449, 0.1151632551782379, 0.5260148204639497], [0.18647858397873465, 0.11012122854392427, 0.5446773576696443, 0.1587228297076967], [0.16086021303803769, 0.3121122764053602, 0.2784827988835265, 0.2485447115730756]], "ideal": "A", "sampled": "A", "correct": true}}
{"type": "result", "data": {"idx": 14, "options": ["2mg", "mg", "mg/2", "mg/4"], "probs": [[0.21971538660713308, 0.22668540475485832, 0.2878789901445519, 0.26572021839345666], [0.27149649642683604, 0.2512120827420053, 0.26415627404920355, 0.21313514668195516], [0.23898473801377396, 0.2785649174814795, 0.1987987071613932, 0.28365163724335335], [0.2300597417160133, 0.19300382987737794, 0.2595442091887454, 0.31739221911786336]], "ideal": "B", "sampled": "C", "correct": false}}
{"type": "result", "data": {"idx": 15, "options": ["less.", "equal.", "greater.", "none because it sinks."], "probs": [[0.46221312756745614, 0.19708733427203246, 0.25543345285706637, 0.08526608520344504], [0.1661108508788451, 0.27827401702568655, 0.09978237301086267, 0.4558327589846057], [0.12838784050235516, 0.10050511508927698, 0.6134435029227547, 0.15766354138561306], [0.0938335778072944, 0.5840114180454303, 0.13536497545781181, 0.18679002858946347]], "ideal": "A", "sampled": "A", "correct": true}}
{"type": "result", "data": {"idx": 16, "options": ["red.", "green.", "white minus red.", "a mixture of green and yellow."], "probs": [[0.4583779045239357, 0.14523564494045058, 0.249127645007607, 0.14725880542800676], [0.1664146370963032, 0.08717686131865171, 0.09643026655909817, 0.649978234925947], [0.16107972084669578, 0.08691272948493217, 0.645421509718588, 0.10658603984978397], [0.16109182419035703, 0.5885998781509657, 0.11526590928075138, 0.1350423882779259]], "ideal": "A", "sampled": "A", "correct": true}}
{"type": "result", "data": {"idx": 17, "options": ["speed", "frequency", "wavelength", "All of these"], "probs": [[0.14623407399587238, 0.21839235532438478, 0.18975232180559456, 0.44562124877414827], [0.2572153172054669, 0.24669295179324627, 0.33608352633805655, 0.16000820456323026], [0.08997377082001183, 0.31003890108652205, 0.17394799186427437, 0.42603933612919176], [0.15356498955144648, 0.22469794747966643, 0.33474797007074275, 0.28698909279814433]], "ideal": "B", "sampled": "D", "correct": false}}
{"type": "result", "data": {"idx": 18, "options": ["volume", "mass", "weight", "density"], "probs": [[0.36378390677461775, 0.13652384686665978, 0.18141040744786546, 0.318281838810857], [0.0841638208968705, 0.1306594175771957, 0.3586699588135376, 0.4265068026123962], [0.07571514175716293, 0.15647058653669232, 0.6124978843463267, 0.15531638725981808], [0.1672807484697908, 0.5320428609315979, 0.13880404828590903, 0.16187234221270222]], "ideal": "D", "sampled": "A", "correct": false}}
{"type": "result", "data": {"idx": 19, "options": ["transverse waves", "longitudinal waves", "all waves", "None of these"], "probs": [[0.2522000705138895, 0.1468618209806335, 0.4468807707553452, 0.1540573376501318], [0.1338864286689152, 0.22702055015410544, 0.1129708008797864, 0.5261222201971929], [0.1704903856969381, 0.11548839881866518, 0.3434198234964043, 0.37060139188799235], [0.2170149136195482, 0.2315281681081428, 0.11837757642227331, 0.43307934175003565]], "ideal": "A", "sampled": "A", "correct": true}}
{"type": "result", "data": {"idx": 20, "options": ["buoyant force", "mass", "weight", "All of these"], "probs": [[0.2112182213809107, 0.10788231261573519, 0.2847029843291327, 0.3961964815742214], [0.3035365870991069, 0.17035783444821828, 0.44130693875369476, 0.08479863959898004], [0.38777960589615756, 0.3730872702335483, 0.11212250087976539, 0.1270106228905287], [0.32599496838170716, 0.13822039960432675, 0.15929442642526317, 0.3764902054887029]], "ideal": "A", "sampled": "D", "correct": false}}
{"type": "result", "data": {"idx": 21, "options": ["thermal energy.", "vibrational kinetic energy.", "average translational kinetic energy.", "rotational kinetic energy."], "probs": [[0.3891312885479272, 0.25055074322482623, 0.22380612142594028, 0.13651184670130628], [0.42523547557127767, 0.20495484498804734, 0.12186876664544968, 0.24794091269522528], [0.4475026790907604, 0.10776405218396522, 0.24160166312415626, 0.2031316055011181], [0.15466890889863041, 0.43044716342310807, 0.14674874741969887, 0.2681351801585626]], "ideal": "C", "sampled": "A", "correct": false}}
{"type": "result", "data": {"idx": 22, "options": ["move farther than the input piston", "exceed the force input", "exceed the input piston\u2019s speed", "produce increased energy"], "probs": [[0.4062696573843696, 0.23674320466704418, 0.13856899323958297, 0.21841814460900325], [0.32241207936072247, 0.20282348967375496, 0.2401258915328843, 0.23463853933263823], [0.30466089103544275, 0.23918927069878726, 0.20377902988212543, 0.25237080828364455], [0.26167238145941984, 0.2823106092276581, 0.2526728548255145, 0.20334415438740752]], "ideal": "D", "sampled": "A", "correct": false}}
{"type": "result", "data": {"idx": 23, "options": ["decreases", "increases", "remains unchanged", "may increase or decrease"], "probs": [[0.11994216679284223, 0.647425537099957, 0.1051466472725227, 0.12748564873467808], [0.5352069575487729, 0.15424753264292773, 0.1771976149740162, 0.1333478947342832], [0.20548577298425488, 0.3099718941442358, 0.217332032042883, 0.2672103007286263], [0.139793828115789, 0.1525477319803278, 0.6079410909998443, 0.09971734880403889]], "ideal": "C", "sampled": "B", "correct": false}}
{"type": "result", "data": {"idx": 24, "options": ["half the bend.", "the same bend if the branch doesn\u2019t break.", "twice the bend.", "4 times the bend."], "probs": [[0.18919152301433503, 0.15707086259151665, 0.5668526375748002, 0.08688497671934815], [0.30467360271493465, 0.5184820641531023, 0.0754555588818139, 0.10138877415014916], [0.29692899292930003, 0.18577441017634375, 0.22643234648727992, 0.2908642503070763], [0.10259037330259414, 0.13595628057290218, 0.09804949747830616, 0.6634038485461975]], "ideal": "C", "sampled": "C", "correct": true}}
{"type": "result", "data": {"idx": 25, "options": ["increases but less than doubles", "doubles", "more than doubles", "depends on factors not stated"], "probs": [[0.11816393670870338, 0.6415042328305104, 0.105548784912617, 0.13478304544816924], [0.3110436293482763, 0.17850050860350014, 0.26621247128603487, 0.2442433906621887], [0.15700900085163605, 0.09415591971660094, 0.11345781046633388, 0.6353772688654291], [0.13298558196693122, 0.09372691110873899, 0.6235945355570681, 0.14969297126726167]], "ideal": "A", "sampled": "B", "correct": false}}
{"type": "result", "data": {"idx": 26, "options": ["1 minute.", "2 minutes.", "5 minutes.", "9 minutes."], "probs": [[0.22953391072838938, 0.2730658948148412, 0.282755702705718, 0.21464449165105143], [0.23020923939401824, 0.2632770459604127, 0.26038744267043, 0.24612627187513902], [0.2320534804843318, 0.31501654726146244, 0.2813553893688714, 0.1715745827853344], [0.28040595531079243, 0.32556392699585684, 0.21948908085351224, 0.17454103673983845]], "ideal": "D", "sampled": "A", "correct": false}}
{"type": "result", "data": {"idx": 27, "options": ["move at a constant speed in a straight line", "accelerate at a constant rate in a straight line", "come to rest", "increase its amount of inertia"], "probs": [[0.638557031058524, 0.1893174988434577, 0.1068374389341352, 0.06528803106388309], [0.37986407962230645, 0.22459978349049964, 0.07125255146271255, 0.3242835853244813], [0.08546078713640021, 0.09389067254860103, 0.5362363180718817, 0.28441222214311707], [0.09651958941448134, 0.5396446585115567, 0.19211740789876464, 0.17171834407519723]], "ideal": "A", "sampled": "A", "correct": true}}
{"type": "result", "data": {"idx": 28, "options": ["everyday low speeds.", "relativistic speeds.", "Both of these.", "Neither of these."], "probs": [[0.14331333444557948, 0.3650383380065775, 0.3896323471099346, 0.10201598033790846], [0.4107963854797786, 0.3310053498262556, 0.11480754099498565, 0.14339072359898017], [0.255703046552417, 0.17562044108420113, 0.12966496468290648, 0.4390115475804754], [0.1083709023818098, 0.11176552131538216, 0.41594437499157927, 0.3639192012112288]], "ideal": "C", "sampled": "B", "correct": false}}
{"type": "result", "data": {"idx": 29, "options": ["evaporation", "condensation", "Both", "Neither"], "probs": [[0.18941006485885364, 0.28673789543185496, 0.399370828216912, 0.12448121139237937], [0.2765552103242884, 0.2652247249814884, 0.19642558691921547, 0.2617944776750077], [0.22481295649045838, 0.14417503356795944, 0.3378667784790174, 0.29314523136256476], [0.15758380608295564, 0.21687330177691697, 0.2584964738157822, 0.3670464182243452]], "ideal": "C", "sampled": "C", "correct": true}}
{"type": "result", "data": {"idx": 30, "options": ["shorter", "taller", "equal in height", "inoperable"], "probs": [[0.16448234265116632, 0.2165506961211182, 0.3977756559119557, 0.2211913052157598], [0.20291906593200912, 0.30900898572692687, 0.22784063217745704, 0.260231316063607], [0.17794072525443894, 0.1340330719188167, 0.45095830099618234, 0.23706790173056205], [0.20212086145408917, 0.14443643820142119, 0.2693809946917624, 0.38406170555272723]], "ideal": "B", "sampled": "C", "correct": false}}
{"type": "result", "data": {"idx": 31, "options": ["force due to gravity is the same on each.", "air resistance is always zero in free fall.", "inertia of both rocks is the same.", "ratio of force to mass is the same."], "probs": [[0.26253152868996565, 0.11917650397332728, 0.34926859841983904, 0.269023368816868], [0.16195100061612075, 0.17829557720143085, 0.3646920810366933, 0.29506134104575504], [0.22551084380544625, 0.2724932052669662, 0.4025693415427166, 0.09942660928487093], [0.2747408747398294, 0.23427447674315885, 0.1418986022330483, 0.34908604618396344]], "ideal": "D", "sampled": "A", "correct": false}}
{"type": "result", "data": {"idx": 32, "options": ["increases but less than doubles", "doubles", "more than doubles", "depends on factors not stated"], "probs": [[0.11843079670377143, 0.6480944720363117, 0.1033811543483841, 0.13009357681153277], [0.3534163025612094, 0.17612217805280317, 0.25455622345308676, 0.21590529583290072], [0.14974800794570212, 0.09265967926470657, 0.11701275058372676, 0.6405795621058645], [0.12900534463136798, 0.088828296784046, 0.639026055257583, 0.143140303227003]], "ideal": "C", "sampled": "B", "correct": false}}
{"type": "result", "data": {"idx": 33, "options": ["equals mass moving at the speed of light squared.", "equals moving mass.", "is fundamentally different than mass.", "and mass are closely related."], "probs": [[0.14101383423026775, 0.09933372516926965, 0.09217846382260099, 0.6674739766778616], [0.07771327693191626, 0.10962407034838999, 0.6861387797267994, 0.12652387289289432], [0.10582599866692444, 0.5517004172823997, 0.21834817689223257, 0.12412540705844331], [0.21369724610388866, 0.5598983930951263, 0.10891712035392687, 0.11748724034705814]], "ideal": "D", "sampled": "D", "correct": true}}
{"type": "result", "data": {"idx": 34, "options": ["light leaving the Sun is slowed by gravity.", "light passing the Sun is deflected.", "a clock on the Sun\u2019s surface runs faster than on Earth.", "All of these."], "probs": [[0.15316205067508254, 0.152787509980141, 0.09827565620472979, 0.5957747830400466], [0.23362087428415587, 0.1677605347101495, 0.49551586472722187, 0.10310272617847277], [0.2380077427090779, 0.3977854012715207, 0.14464958226202212, 0.2195572736573793], [0.2996123939568482, 0.28715946411719884, 0.2142518992730734, 0.19897624255287957]], "ideal": "D", "sampled": "D", "correct": true}}
{"type": "result", "data": {"idx": 35, "options": ["reduces by 2", "reduces by 4", "increases by 2", "increases by 4"], "probs": [[0.35595377745713974, 0.2703990597693074, 0.18017080155939003, 0.1934763611141628], [0.21792839465346198, 0.27751392123308233, 0.3073474764516566, 0.19721020756179905], [0.3930439826323729, 0.3197819733202442, 0.14306866270670102, 0.14410538124068184], [0.23660603163260466, 0.38061845298775604, 0.1688793301413457, 0.21389618513829362]], "ideal": "A", "sampled": "A", "correct": true}}
{"type": "result", "data": {"idx": 36, "options": ["increases", "decreases", "remains the same", "Not enough information to say"], "probs": [[0.19699387815050995, 0.24501135518305364, 0.3784497476608828, 0.1795450189055536], [0.19095468871146098, 0.1587907726134551, 0.1503331869491694, 0.49992135162591456], [0.19447790953708602, 0.12609910037295616, 0.5029786453479603, 0.17644434464199746], [0.16580129911133687, 0.3264028082997611, 0.25983804074552974, 0.24795785174337226]], "ideal": "A", "sampled": "A", "correct": true}}
{"type": "result", "data": {"idx": 37, "options": ["30 km/h", "40 km/h", "50 km/h", "60 km/h"], "probs": [[0.2811327623027083, 0.3089757285128851, 0.20627481879244447, 0.20361669029196217], [0.2061780511206137, 0.2689528722948166, 0.25365334368712333, 0.2712157327974464], [0.23674696681516197, 0.22871541974641557, 0.2812272309975731, 0.2533103823408494], [0.21095695228126937, 0.208594402906134, 0.4065998913417926, 0.173848753370804]], "ideal": "C", "sampled": "B", "correct": false}}
{"type": "result", "data": {"idx": 38, "options": ["amplitude", "polarization", "momentum", "frequency"], "probs": [[0.05642404223345875, 0.07296868657603651, 0.18646716204732292, 0.6841401090431818], [0.06815519979030218, 0.15330277496013925, 0.6740908672291291, 0.10445115792042939], [0.09768779193705183, 0.7646609232801311, 0.05676367344749345, 0.08088761123532355], [0.4348295635036956, 0.11784159345808637, 0.09186008700748005, 0.35546875593073796]], "ideal": "D", "sampled": "D", "correct": true}}
{"type": "result", "data": {"idx": 39, "options": ["electrons", "protons", "neutrons", "ions"], "probs": [[0.20666563354850223, 0.1003305308395837, 0.07746077270432984, 0.6155430628075842], [0.05428489308787796, 0.05575158096024196, 0.21993789141221354, 0.6700256344396666], [0.0795305218793364, 0.11148207140183873, 0.6366055580282384, 0.17238184859058642], [0.2428404412929532, 0.41094977496442125, 0.10878442404455656, 0.23742535959806899]], "ideal": "A", "sampled": "A", "correct": true}}
{"type": "result", "data": {"idx": 40, "options": ["less.", "more.", "the same.", "Need more information."], "probs": [[0.21954003810057962, 0.25921585380775813, 0.34327815936714384, 0.17796594862451842], [0.23921947599554355, 0.30784864834529335, 0.17830050682875404, 0.27463136873040905], [0.17290812986713294, 0.12597893364926432, 0.5112438277574319, 0.18986910862617074], [0.16103225224945805, 0.2839662901490251, 0.40723384582349004, 0.14776761167802682]], "ideal": "C", "sampled": "A", "correct": false}}
{"type": "result", "data": {"idx": 41, "options": ["overlapping one another", "constructively interfering", "moving slower than the source producing them", "All of these"], "probs": [[0.1923616817700838, 0.2334035592483592, 0.11515019634218752, 0.45908456253936947], [0.1879521785183378, 0.17873142924207425, 0.5003042295120171, 0.13301216262757082], [0.21854675114960206, 0.5091510235803391, 0.10767813163261276, 0.16462409353744598], [0.3063295988035956, 0.29072543109354543, 0.270588807121016, 0.13235616288184296]], "ideal": "D", "sampled": "D", "correct": true}}
{"type": "result", "data": {"idx": 42, "options": ["cold day", "hot day", "day with steady temperature", "None of these"], "probs": [[0.24942143255489901, 0.20729189854527239, 0.24177828379706426, 0.30150838500276433], [0.30044843848179054, 0.2727331437573348, 0.21397701756075008, 0.21284140010012456], [0.22381519445968256, 0.23732747842464266, 0.2801568293338054, 0.25870049768186937], [0.22597931659911266, 0.25158033147293335, 0.24891049038231491, 0.273529861445639]], "ideal": "B", "sampled": "B", "correct": true}}
{"type": "result", "data": {"idx": 43, "options": ["half", "twice", "the same", "None of these"], "probs": [[0.2380012309015398, 0.18948920351591056, 0.3907363174574693, 0.18177324802508038], [0.29511865970521406, 0.26184362170462006, 0.17245045302573897, 0.27058726546442685], [0.3815147578334763, 0.14050617812658964, 0.30056506392334315, 0.17741400001659088], [0.228858195852455, 0.2489279732178677, 0.2668191412772406, 0.2553946895524367]], "ideal": "C", "sampled": "C", "correct": true}}
{"type": "result", "data": {"idx": 44, "options": ["hot to cold ever", "cold to hot ever", "hot to cold without external energy", "cold to hot without external energy"], "probs": [[0.26028969493453996, 0.11859302044825427, 0.32411893716016316, 0.29699834735704256], [0.26797194084742, 0.20133635999741517, 0.2850070382371757, 0.2456846608179891], [0.3355858275616481, 0.17727036508232347, 0.2572942933586096, 0.22984951389741887], [0.27247299523282764, 0.19367804255584062, 0.2004879474221275, 0.3333610146892042]], "ideal": "D", "sampled": "C", "correct": false}}
{"type": "result", "data": {"idx": 45, "options": ["hydrogen.", "oxygen.", "nitrogen.", "But all have the same speed on average."], "probs": [[0.15596426461354493, 0.18141386992391992, 0.28568233759421363, 0.3769395277683215], [0.2126152835505013, 0.2246415927995158, 0.2572093750452458, 0.3055337485047371], [0.18439579282936952, 0.13822318818115575, 0.39694005838448165, 0.2804409605049931], [0.14178200709701314, 0.3129569999288288, 0.25481648711895954, 0.29044450575519853]], "ideal": "A", "sampled": "A", "correct": true}}
{"type": "result", "data": {"idx": 46, "options": ["greater", "less", "the same", "Any of these"], "probs": [[0.16003224252054157, 0.24744068083672902, 0.37939819689771387, 0.21312887964501553], [0.25865545866287043, 0.2125183045651587, 0.25304430720659865, 0.2757819294653722], [0.18192833931308147, 0.15063597484864405, 0.37761036120468766, 0.2898253245335868], [0.15760382538638543, 0.18668385781913205, 0.41679685061587723, 0.23891546607860525]], "ideal": "C", "sampled": "B", "correct": false}}
{"type": "result", "data": {"idx": 47, "options": ["less than 0.8 N", "0.8 N", "greater than 0.8 N", "dependent on the orientation of its body"], "probs": [[0.21693443082986189, 0.224809679736212, 0.3543070011128379, 0.2039488882210882], [0.2048808305523431, 0.2810938614162765, 0.1473616786546915, 0.3666636292766889], [0.15858845174830077, 0.12316947990661775, 0.4211908515689162, 0.29705121667616524], [0.23669166507899647, 0.16177564616708004, 0.34665941672048256, 0.2548732719334409]], "ideal": "B", "sampled": "A", "correct": false}}
{"type": "result", "data": {"idx": 48, "options": ["along and parallel to the wave", "perpendicular to the wave", "Both of these", "Neither of these"], "probs": [[0.32734600194020896, 0.23328274833734652, 0.31127745373827975, 0.12809379588416475], [0.3390842822264373, 0.23978093682301113, 0.10634907603620104, 0.31478570481435053], [0.25773398913545026, 0.1407463040473544, 0.3148675419879605, 0.2866521647292348], [0.23989674446568013, 0.24820761380097728, 0.23405475912137755, 0.27784088251196504]], "ideal": "A", "sampled": "A", "correct": true}}
{"type": "result", "data": {"idx": 49, "options": ["the work done on them", "motion", "Both of these", "Neither of these"], "probs": [[0.19905120428972534, 0.12672239729571308, 0.5398698529041833, 0.1343565454103782], [0.2704681278704003, 0.41954572880002355, 0.1440326635708124, 0.16595347965876375], [0.5413509606773712, 0.188506051879152, 0.13088878987910776, 0.13925419746436896], [0.1735231675474222, 0.13071471061845671, 0.15734652704374508, 0.538415594690376]], "ideal": "A", "sampled": "C", "correct": false}}
{"type": "result", "data": {"idx": 50, "options": ["voltage", "energy", "Both of these", "Neither of these"], "probs": [[0.2725108861650707, 0.15352112053289618, 0.43504172559202436, 0.13892626761000873], [0.22325702342031556, 0.3190562772291173, 0.1312591452952963, 0.3264275539552709], [0.3813022488362435, 0.2116831156901367, 0.22412868509819012, 0.1828859502754297], [0.26524057981699706, 0.18673986194650546, 0.15716552732803343, 0.39085403080846404]], "ideal": "A", "sampled": "C", "correct": false}}
{"type": "result", "data": {"idx": 51, "options": ["inside the nucleus", "outside the nucleus", "Either of these", "Neither of these"], "probs": [[0.45617656954330743, 0.14687933682877302, 0.28173018758445834, 0.11521390594346122], [0.1797320911228294, 0.24004179653918323, 0.16044843968120112, 0.4197776725567863], [0.13387729026711395, 0.087837463789777, 0.6626210709353112, 0.11566417490779782], [0.28483657743684654, 0.36719986001156574, 0.15924307161425985, 0.18872049083732786]], "ideal": "A", "sampled": "A", "correct": true}}
{"type": "result", "data": {"idx": 52, "options": ["absorbed", "reflected", "scattered", "refracted"], "probs": [[0.20341947066479824, 0.1864102278043116, 0.42726437959974883, 0.18290592183114135], [0.1749288789731835, 0.38193557800811573, 0.14063406408316417, 0.30250147883553663], [0.38273207489990707, 0.16295247263925358, 0.2818504655630807, 0.17246498679775865], [0.17974739310575308, 0.2904594924892447, 0.23023878721792204, 0.2995543270870802]], "ideal": "A", "sampled": "C", "correct": false}}
{"type": "result", "data": {"idx": 53, "options": ["destruction", "interference", "resonance", "amplification"], "probs": [[0.09803284499240845, 0.7029821191116957, 0.11009797876513426, 0.08888705703076151], [0.5188948550219116, 0.23750925238670004, 0.09579747240626589, 0.14779842008512245], [0.08856598069771478, 0.15072957578162513, 0.30572001965088286, 0.4549844237697772], [0.07899628107972057, 0.24948905408933, 0.5145880868761884, 0.15692657785476105]], "ideal": "B", "sampled": "B", "correct": true}}
{"type": "result", "data": {"idx": 54, "options": ["all the colors together", "two or more appropriate colors", "light when a prism is held upside down", "None of these"], "probs": [[0.40550894749606503, 0.3055991621188444, 0.12483832610903496, 0.16405356417605554], [0.3019842848175422, 0.21392286140452696, 0.2078470171459344, 0.27624583653199647], [0.2688268800951495, 0.25241137300623717, 0.27975196477214315, 0.19900978202647018], [0.2858856767219502, 0.2429046161254652, 0.35142638128450443, 0.11978332576808018]], "ideal": "D", "sampled": "A", "correct": false}}
{"type": "result", "data": {"idx": 55, "options": ["about 1 A", "2 A", "Depends on which lamp is closer to the battery", "Not enough information to say"], "probs": [[0.26160747784768157, 0.28243647074991135, 0.11557522100452244, 0.34038083029788463], [0.21663004157761068, 0.09954434632259561, 0.2276242375146216, 0.4562013744851721], [0.15762783350518858, 0.18535384257737203, 0.2906216339383727, 0.3663966898790667], [0.3408261017345176, 0.3530924994836626, 0.230737348564827, 0.07534405011699274]], "ideal": "D", "sampled": "A", "correct": false}}
{"type": "result", "data": {"idx": 56, "options": ["Speed only", "Wavelength only", "Both speed and wavelength", "Neither of these"], "probs": [[0.1446888425102855, 0.14298908197956287, 0.577353945654206, 0.13496812975594571], [0.21302578803372044, 0.4078670922050495, 0.13529204435599154, 0.24381507530523852], [0.21174579225610812, 0.15994157908921677, 0.36010690446748667, 0.26820572408718846], [0.16085797015357586, 0.1917959267779676, 0.1452959117324439, 0.5020501912360126]], "ideal": "C", "sampled": "C", "correct": true}}
{"type": "result", "data": {"idx": 57, "options": ["2 Hz", "4 Hz", "8 Hz", "16 Hz"], "probs": [[0.27325083988405113, 0.29236792643818404, 0.19751317208481084, 0.23686806149295392], [0.2563569430889009, 0.29389850968617426, 0.21315733133401768, 0.2365872157909072], [0.2203998067933372, 0.2910663317329538, 0.21261968666959097, 0.275914174704118], [0.2289996938625593, 0.25473787239308454, 0.24460924065903922, 0.2716531929853169]], "ideal": "B", "sampled": "B", "correct": true}}
{"type": "result", "data": {"idx": 58, "options": ["frequency", "period", "wavelength", "amplitude"], "probs": [[0.2195564308344703, 0.17246981734412947, 0.16453699011365744, 0.44343676160774276], [0.1103016717033927, 0.1456046925282372, 0.39954613738850014, 0.3445474982798699], [0.11962245460597087, 0.452580541872609, 0.2780795283539849, 0.1497174750674352], [0.3316950450253336, 0.2680761475879673, 0.13431270219066652, 0.26591610509603264]], "ideal": "D", "sampled": "D", "correct": true}}
{"type": "result", "data": {"idx": 59, "options": ["charged", "uncharged", "Either of these", "Neither of these"], "probs": [[0.26629134811561217, 0.34791940187968984, 0.2647406140841998, 0.12104863582049814], [0.3112341304363867, 0.1780144800670267, 0.14991427136565383, 0.3608371180309328], [0.3260837148387428, 0.1509480453735435, 0.30988549721292996, 0.2130827424747837], [0.2555707692844405, 0.2264485209953834, 0.30210265514213774, 0.21587805447803834]], "ideal": "C", "sampled": "B", "correct": false}}
{"type": "result", "data": {"idx": 60, "options": ["absorbed", "transmitted", "scattered", "polarized"], "probs": [[0.2038992877503729, 0.18334100716386093, 0.4864930896652277, 0.12626661532053846], [0.27019032631951007, 0.3985434144445317, 0.07484827134122798, 0.2564179877947303], [0.3472078066596123, 0.12351458242385438, 0.3283121810157368, 0.20096542980079649], [0.14614839632616666, 0.23410471922642337, 0.2487954758038355, 0.3709514085435745]], "ideal": "C", "sampled": "C", "correct": true}}
{"type": "result", "data": {"idx": 61, "options": ["thorium-242", "thorium-238", "thorium-234", "radium-214"], "probs": [[0.22563374376475126, 0.3126506851695854, 0.2709229330585122, 0.19079263790715115], [0.21901760482166727, 0.3470408177196011, 0.18214237012274226, 0.25179920723598936], [0.19190699432084146, 0.19771102658056075, 0.27819342247426393, 0.3321885565243339], [0.22501592484751706, 0.21742893947400305, 0.29901282194170464, 0.25854231363677527]], "ideal": "C", "sampled": "B", "correct": false}}
{"type": "result", "data": {"idx": 62, "options": ["toward you", "away from you", "Both of these", "None of these"], "probs": [[0.19292903572199, 0.391400617706351, 0.2861834338237219, 0.1294869126479371], [0.35084365121654654, 0.3009097687938072, 0.11985692082104021, 0.22838965906860606], [0.262837060152147, 0.1419263226226001, 0.2700551232441952, 0.32518149388105766], [0.12693290222011902, 0.18315708362480654, 0.43845965800580217, 0.25145035604927224]], "ideal": "C", "sampled": "B", "correct": false}}
{"type": "result", "data": {"idx": 63, "options": ["charge", "energy", "mass", "all of these"], "probs": [[0.1598499464784139, 0.2054489315974581, 0.26260147278667473, 0.37209964903745324], [0.26691162981272365, 0.31579840650676366, 0.26221236974675494, 0.15507759383375772], [0.26984574986015775, 0.22226763928295296, 0.1592674231479131, 0.3486191876089762], [0.17225161963103558, 0.17129034567954432, 0.2189781018415804, 0.4374799327478397]], "ideal": "D", "sampled": "C", "correct": false}}
{"type": "result", "data": {"idx": 64, "options": ["unchanged", "twice as much", "half as much", "four times as much"], "probs": [[0.18989060251332016, 0.32641436673672103, 0.2816736315900453, 0.20202139905991345], [0.20832110628904216, 0.2617696484397895, 0.19621702734330568, 0.3336922178278627], [0.12302265956630881, 0.19226826238108616, 0.3224976826694257, 0.36221139528317936], [0.17058132806343745, 0.202615946316131, 0.40098693955502396, 0.22581578596540758]], "ideal": "B", "sampled": "B", "correct": true}}
{"type": "result", "data": {"idx": 65, "options": ["breaking the sound barrier", "pulling out of a subsonic dive", "flying faster than sound", "Each of these produces a sonic boom"], "probs": [[0.14438742828079892, 0.10994886188447281, 0.1782538794772553, 0.5674098302574729], [0.14119594008100614, 0.28478274170863027, 0.21765426123430742, 0.3563670568760562], [0.27207824179673, 0.1948909879297185, 0.3998960494610711, 0.13313472071248036], [0.143035654501787, 0.13215318714707358, 0.13588840172983516, 0.5889227565213042]], "ideal": "C", "sampled": "C", "correct": true}}
{"type": "result", "data": {"idx": 66, "options": ["becomes slightly radioactive", "doesn\u2019t become radioactive", "will spoil faster", "should be avoided"], "probs": [[0.3246434354803424, 0.3821373013929154, 0.1756761534014215, 0.11754310962532068], [0.11941031665612548, 0.10075872760157288, 0.10569201760084433, 0.6741389380414573], [0.09242297294901075, 0.09464385681499966, 0.6462837168099241, 0.16664945332606546], [0.1503017924440796, 0.4825157306971356, 0.24893691020486775, 0.11824556655391705]], "ideal": "B", "sampled": "A", "correct": false}}
{"type": "result", "data": {"idx": 67, "options": ["fluorescence.", "coherence.", "polarization.", "de-excitation."], "probs": [[0.2915622293657565, 0.10147090255199433, 0.15252654252911227, 0.4544403254531369], [0.13367866376728155, 0.13588980243902898, 0.24067928611849845, 0.48975224757519104], [0.1210233241579851, 0.16260062762216293, 0.5881954054019034, 0.12818064271794857], [0.3149207994358152, 0.48036613580670645, 0.07801019806432985, 0.12670286659314847]], "ideal": "D", "sampled": "A", "correct": false}}
{"type": "result", "data": {"idx": 68, "options": ["reflected or converted to internal energy in the material.", "mainly reflected.", "mainly refracted.", "transmitted at a lower frequency."], "probs": [[0.22130011679403652, 0.4460059834870528, 0.21361457445912965, 0.11907932515978102], [0.5777434067018498, 0.23156179312862632, 0.07407341841557909, 0.1166213816539448], [0.15159500117309627, 0.10428965136403878, 0.23436328684974347, 0.5097520605131215], [0.11196978717035228, 0.3419061771473298, 0.34467862749085326, 0.20144540809146466]], "ideal": "A", "sampled": "B", "correct": false}}
{"type": "result", "data": {"idx": 69, "options": ["1/100 as much", "10 times as much", "100 times as much", "1000 times as much"], "probs": [[0.4484486579446571, 0.19578742978999156, 0.22496002910271762, 0.1308038830626337], [0.22269133889398285, 0.15188720594485844, 0.233568813873287, 0.3918526411878717], [0.13938731576839886, 0.10348137184604501, 0.49873676140402734, 0.2583945508815288], [0.12077503085083549, 0.5859885898538841, 0.1637773091000053, 0.12945907009527513]], "ideal": "C", "sampled": "A", "correct": false}}
{"type": "result", "data": {"idx": 70, "options": ["direction", "energy", "Both of these", "Neither of these"], "probs": [[0.2579202459554061, 0.159616726649481, 0.4189230487134071, 0.16353997858170582], [0.26756821465390207, 0.2947950485176067, 0.13165666867032338, 0.30598006805816785], [0.421175920605624, 0.2102020053325199, 0.24759654329332506, 0.12102553066853107], [0.2296060868211092, 0.2400868034103304, 0.12305999270952, 0.40724711695904037]], "ideal": "A", "sampled": "C", "correct": false}}
{"type": "result", "data": {"idx": 71, "options": ["more dense", "less dense", "more slippery", "warmer"], "probs": [[0.2852861412903802, 0.41148025320943576, 0.17005609450689546, 0.1331775108932885], [0.40985977034851473, 0.2117593703690102, 0.14933937563983238, 0.22904148354264267], [0.2766086366949513, 0.1607560486003969, 0.31335582680517793, 0.2492794877994739], [0.20752759894225753, 0.297406503451126, 0.3093049022038891, 0.18576099530272736]], "ideal": "A", "sampled": "B", "correct": false}}
{"type": "result", "data": {"idx": 72, "options": ["frequency.", "wavelength.", "air temperature.", "All of these."], "probs": [[0.07708809697907339, 0.08201172434603309, 0.21169261175573242, 0.6292075668191611], [0.1253566648845187, 0.1656083389477974, 0.5672437801647876, 0.14179121590289626], [0.30709557114878044, 0.44924949623247423, 0.08948842090166682, 0.1541665116170785], [0.3402198952161761, 0.1410616082128371, 0.11476642234269768, 0.4039520741282891]], "ideal": "C", "sampled": "D", "correct": false}}
{"type": "result", "data": {"idx": 73, "options": ["conduction", "convection", "radiation", "All of these, although radiation is greatest"], "probs": [[0.06931037506744345, 0.12125878125154431, 0.5260034838240115, 0.2834273597570007], [0.12731692924913576, 0.5694710868342816, 0.17041017587804336, 0.13280180793853924], [0.4386964509132263, 0.32676024517634944, 0.10266456216551456, 0.1318787416449097], [0.1992435693767035, 0.1264405510763879, 0.16572108369239713, 0.5085947957545115]], "ideal": "C", "sampled": "C", "correct": true}}
{"type": "result", "data": {"idx": 74, "options": ["like any other force", "multiplied by a lever arm", "that is fictitious", "that accelerates things"], "probs": [[0.6009450688568462, 0.24180105866609347, 0.0874333624625696, 0.0698205099144907], [0.15889872490591236, 0.10762572952307568, 0.11234705065298865, 0.6211284948180232], [0.13199925716389796, 0.14950317477064526, 0.618545963222801, 0.0999516047426558], [0.2592739125935157, 0.5162973922526508, 0.1353251168693115, 0.08910357818452205]], "ideal": "B", "sampled": "A", "correct": false}}
