{"type": "result", "data": {"idx": 0, "options": ["p = 4", "p = 8", "p = 12", "p = 24"], "probs": [[0.31828526607803337, 0.32780639310796433, 0.2007902026211161, 0.15311813809288619], [0.30987657036890975, 0.3319383660204579, 0.18513344778157004, 0.17305161572906227], [0.30040948684759455, 0.21402307704862297, 0.22157596879245475, 0.26399146721132766], [0.20802095220361713, 0.2706806619093244, 0.3326965818564702, 0.18860180393058823]], "ideal": "C", "sampled": "B", "correct": false}}
{"type": "result", "data": {"idx": 1, "options": ["5", "7", "8", "9"], "probs": [[0.2535691747984916, 0.28282963353768187, 0.3121097916134361, 0.15149139995039043], [0.27108215475106967, 0.30245544602065333, 0.25792076412480464, 0.16854163500347236], [0.27057070746863415, 0.3137480458488853, 0.2380244093012195, 0.17765683728126103], [0.25082302090997627, 0.2669662236900392, 0.3162053823154864, 0.1660053729844981]], "ideal": "C", "sampled": "C", "correct": true}}
{"type": "result", "data": {"idx": 2, "options": ["1 over 5", "\u22125", "\u22121 over 5", "5"], "probs": [[0.3214111875956037, 0.19599322680669257, 0.254975613106985, 0.22761997239071868], [0.3199757885616554, 0.16798616693744803, 0.17993196575135784, 0.33210607864953867], [0.3280379669360882, 0.16711212198923553, 0.2727106673868379, 0.23213924358783833], [0.32343117363291735, 0.1939389763262339, 0.20447531949845593, 0.2781545304423928]], "ideal": "D", "sampled": "A", "correct": false}}
{"type": "result", "data": {"idx": 3, "options": ["4", "5", "6", "7"], "probs": [[0.24055619479135326, 0.2728399796713728, 0.3158154377511494, 0.1707883876861246], [0.25528156754801923, 0.28089171645216593, 0.27807912227710846, 0.18574759362270638], [0.26129476012045144, 0.3033595175248865, 0.21472582858816766, 0.22061989366649437], [0.24016441103169664, 0.18736876639572914, 0.3663398946202108, 0.2061269278523634]], "ideal": "B", "sampled": "B", "correct": true}}
{"type": "result", "data": {"idx": 4, "options": ["4t = 112; $448", "4t = 112; $28", "t over 4 = 112; $448", "t over 4 = 112; $28"], "probs": [[0.23975653586737045, 0.22660828786896123, 0.1980959892358573, 0.33553918692781104], [0.2684749404590314, 0.1626917296886433, 0.25960508373175417, 0.30922824602057114], [0.2031871436398477, 0.1862751758087337, 0.2727297422286945, 0.3378079382227241], [0.2812222968522245, 0.2385116673164473, 0.22019352194291678, 0.26007251378841145]], "ideal": "B", "sampled": "D", "correct": false}}
{"type": "result", "data": {"idx": 5, "options": ["9", "11", "26", "32"], "probs": [[0.3302227507168228, 0.33455416058302945, 0.1856606872840727, 0.14956240131607507], [0.348753829302667, 0.30935283570316874, 0.18270244648112374, 0.1591908884130405], [0.3111699726517771, 0.27172174237270685, 0.2228353552942554, 0.19427292958126063], [0.30243645467280966, 0.24612603689322451, 0.23416550011821155, 0.2172720082157543]], "ideal": "C", "sampled": "B", "correct": false}}
{"type": "result", "data": {"idx": 6, "options": ["1.1 over 11", "11 over 11", "12 over 11", "11 over 12"], "probs": [[0.37736117273727654, 0.17034834367794496, 0.21230598965688421, 0.2399844938278943], [0.3117472966484694, 0.14660232422982367, 0.2699431301358019, 0.271707248885905], [0.3150845577947389, 0.1326630036303058, 0.2925552253099649, 0.2596972131649904], [0.3079457007632593, 0.3875326244706754, 0.1802286816970236, 0.12429299296904177]], "ideal": "C", "sampled": "A", "correct": false}}
{"type": "result", "data": {"idx": 7, "options": ["3.6", "36", "0.01272", "12.72"], "probs": [[0.36107336643145, 0.1912960076913277, 0.2774018810353564, 0.1702287447418659], [0.2883934802486107, 0.36121163595809647, 0.16736305250860206, 0.18303183118469074], [0.4547906246451356, 0.20593682192073307, 0.18983026205606793, 0.14944229127806344], [0.41906121851418693, 0.2068686063757137, 0.16053657765353244, 0.21353359735656693]], "ideal": "B", "sampled": "C", "correct": false}}
{"type": "result", "data": {"idx": 8, "options": ["159.26", "2.224", "14,111", "126.26"], "probs": [[0.48123498670634635, 0.2587642015534216, 0.09569937520934209, 0.16430143643088993], [0.33324116465097153, 0.1607982814151183, 0.2927677333062182, 0.21319282052769195], [0.28125192874086935, 0.3311938544420851, 0.24528905015849758, 0.14226516655854793], [0.45496672994737647, 0.29985739213953644, 0.15393096894336633, 0.09124490886972077]], "ideal": "D", "sampled": "D", "correct": true}}
{"type": "result", "data": {"idx": 9, "options": ["0.72", "0.702", "10.0571", "7.2"], "probs": [[0.3765929099033123, 0.19341251540354706, 0.1568315201368785, 0.2731630544562621], [0.31352227923119047, 0.18694500623264065, 0.18729944525276207, 0.31223326918340677], [0.39135780279047566, 0.2084940646972817, 0.20736404997206634, 0.19278408244017628], [0.37049203775169615, 0.3140753524518037, 0.143805967810737, 0.17162664188576313]], "ideal": "D", "sampled": "A", "correct": false}}
{"type": "result", "data": {"idx": 10, "options": ["150 + 400 + 200", "200 + 400 + 200", "200 + 450 + 200", "200 + 500 + 200"], "probs": [[0.22616878007586788, 0.2912356132714153, 0.2642643608940243, 0.21833124565869252], [0.22403385410553578, 0.23546918435928466, 0.35830367675725844, 0.1821932846779211], [0.1931557563694606, 0.204466423504959, 0.2220658427870486, 0.3803119772385318], [0.20007199046995253, 0.18725030122314967, 0.4379221498528295, 0.17475555835406834]], "ideal": "C", "sampled": "B", "correct": false}}
{"type": "result", "data": {"idx": 11, "options": ["21", "7", "1", "None of these"], "probs": [[0.2882333953301023, 0.1835746780070084, 0.298719283794031, 0.22947264276885826], [0.3818942733370413, 0.29676817518031445, 0.2203584810710811, 0.10097907031156317], [0.4317569925244675, 0.25431401671819953, 0.17093590664357824, 0.14299308401375474], [0.2858167332991756, 0.19860464628445854, 0.17280341940587393, 0.34277520091049185]], "ideal": "D", "sampled": "C", "correct": false}}
{"type": "result", "data": {"idx": 12, "options": ["8", "9", "49", "63"], "probs": [[0.26664503412597995, 0.3583663968656514, 0.2054350379973134, 0.1695535309110552], [0.2676046410649248, 0.2989557296049935, 0.26140435748453483, 0.17203527174554686], [0.24288006486371344, 0.3114702747669821, 0.2276356998996148, 0.21801396036968967], [0.2619728963717243, 0.30352970050131745, 0.26127438956048843, 0.17322301346646984]], "ideal": "A", "sampled": "B", "correct": false}}
{"type": "result", "data": {"idx": 13, "options": ["6", "11", "8", "5"], "probs": [[0.34839889403673907, 0.24135094878644228, 0.19912640748416907, 0.2111237495926495], [0.271957729311774, 0.22235226960271728, 0.2953048392135364, 0.21038516177197233], [0.3073538610513222, 0.2938732583621376, 0.23297618081503538, 0.1657966996715048], [0.3211214792240189, 0.2666401823099021, 0.2081130264772527, 0.2041253118888263]], "ideal": "A", "sampled": "D", "correct": false}}
{"type": "result", "data": {"idx": 14, "options": ["10 bars of soap for $23.20", "16 bars of soap for $36.48", "13 bars of soap for $29.51", "12 bars of soap for $27.60"], "probs": [[0.2587938645043541, 0.16829972218230788, 0.2007161110545565, 0.3721903021587815], [0.23256311961823964, 0.17132779698852363, 0.3319812367229294, 0.26412784657030736], [0.2674539764689371, 0.198585978088368, 0.33183066042414966, 0.20212938491854524], [0.2839409581761305, 0.254226732784714, 0.2069121357481931, 0.2549201731909624]], "ideal": "C", "sampled": "D", "correct": false}}
{"type": "result", "data": {"idx": 15, "options": ["5 minutes", "14 minutes", "34 minutes", "70 minutes"], "probs": [[0.1615549998618785, 0.46663168962260215, 0.2339671149332602, 0.13784619548225915], [0.2658500412712388, 0.36806729980703057, 0.20275378527333032, 0.16332887354840028], [0.2557509243232561, 0.2800666689592675, 0.22803398964508906, 0.23614841697238736], [0.17506262136548656, 0.21397212998002466, 0.4347571600611221, 0.1762080884933667]], "ideal": "B", "sampled": "B", "correct": true}}
{"type": "result", "data": {"idx": 16, "options": ["18", "24", "25", "29"], "probs": [[0.3175099789778773, 0.19682595131813174, 0.3473081290374585, 0.13835594056653244], [0.29851578773506166, 0.34328915642377605, 0.21752589290571842, 0.1406691628354439], [0.32707721479061597, 0.2904628856258634, 0.24967137348645713, 0.13278852599706348], [0.2623168190706194, 0.3724558893597812, 0.18238553131208568, 0.18284176015751377]], "ideal": "B", "sampled": "C", "correct": false}}
{"type": "result", "data": {"idx": 17, "options": ["(60/6)\u201412=a", "(60\u201412)/6=a", "(60-6)-12=a", "(60+12)/6=a"], "probs": [[0.29440963265335934, 0.40266114469316283, 0.15911883114177244, 0.14381039141170537], [0.3338087399750174, 0.29409070572837015, 0.19172982522297835, 0.18037072897363407], [0.24634597804225586, 0.46127768428232474, 0.15694899066975274, 0.13542734690566663], [0.29825313673929876, 0.3085771386658807, 0.28865291405729265, 0.10451681043752792]], "ideal": "B", "sampled": "B", "correct": true}}
{"type": "result", "data": {"idx": 18, "options": ["5", "25", "50", "125"], "probs": [[0.2366912627476503, 0.40326225152658673, 0.17381965853294518, 0.18622682709281782], [0.23696824552776646, 0.2674791772771746, 0.30398121020166285, 0.19157136689339607], [0.20349638465241707, 0.31054181320157354, 0.20608970827917253, 0.27987209376683686], [0.2524081468329745, 0.2246101200355987, 0.39582830663537444, 0.12715342639605234]], "ideal": "D", "sampled": "B", "correct": false}}
{"type": "result", "data": {"idx": 19, "options": ["7", "16", "30", "33"], "probs": [[0.3088871378390268, 0.37187425960789877, 0.1645261271666626, 0.15471247528641177], [0.39955897924602995, 0.20861508818521846, 0.2430441753906102, 0.1487817570781414], [0.3557873506881341, 0.2636834264871504, 0.20640405087773045, 0.17412517184698506], [0.3547110047753983, 0.17927702191008335, 0.3187324810464844, 0.14727949216803396]], "ideal": "A", "sampled": "B", "correct": false}}
{"type": "result", "data": {"idx": 20, "options": ["\u221212", "12", "8", "16"], "probs": [[0.33807244432111766, 0.2859775338764266, 0.18262575435494172, 0.193324267347514], [0.41022118845792277, 0.20873820714515665, 0.195533708051134, 0.1855068962457866], [0.3463886133441931, 0.2795928758042538, 0.16137911618197143, 0.21263939456958167], [0.3248508918683358, 0.23678203277577484, 0.23432872046166908, 0.20403835479422028]], "ideal": "C", "sampled": "B", "correct": false}}
{"type": "result", "data": {"idx": 21, "options": ["382", "397", "406", "447"], "probs": [[0.28189586330086946, 0.35157756422322856, 0.22584829212634983, 0.14067828024955217], [0.34078976508547365, 0.33590185638883413, 0.19802470503257333, 0.1252836733931189], [0.33145926387152286, 0.2838660860929963, 0.1972013323467861, 0.18747331758869473], [0.28371273179273254, 0.22652573741350712, 0.3413244092912532, 0.14843712140250714]], "ideal": "B", "sampled": "B", "correct": true}}
{"type": "result", "data": {"idx": 22, "options": ["\u22127", "\u22121", "1", "7"], "probs": [[0.32973180691871984, 0.15504860079445376, 0.2844443150076877, 0.23077527717913873], [0.457429584387175, 0.22135232221839382, 0.12268849369633801, 0.1985295995980932], [0.3124027251884863, 0.13062499462251947, 0.2014897018469546, 0.3554825782420396], [0.3408728089197578, 0.17297012328995537, 0.18060793663507924, 0.3055491310552076]], "ideal": "A", "sampled": "B", "correct": false}}
{"type": "result", "data": {"idx": 23, "options": ["53", "63", "73", "83"], "probs": [[0.3768657799711328, 0.26712167658402103, 0.20037879346361867, 0.15563374988122747], [0.3743976652247825, 0.2824831902698321, 0.17711730299608985, 0.1660018414092955], [0.3848510750832112, 0.2901065772418204, 0.15315989235539126, 0.17188245521957718], [0.3633960349522441, 0.21673690749341587, 0.2386771844987544, 0.18118987295558564]], "ideal": "C", "sampled": "B", "correct": false}}
{"type": "result", "data": {"idx": 24, "options": ["11.1", "5.7", "3.7", "22.68"], "probs": [[0.3130977516235423, 0.26337281884802044, 0.3319145491450997, 0.09161488028333756], [0.39858701821156034, 0.29108598825404874, 0.12097129224521183, 0.18935570118917905], [0.3619052713463608, 0.15168611477756405, 0.24748351798736526, 0.23892509578870988], [0.30630255198846745, 0.2134642185573531, 0.27327371048092547, 0.206959518873254]], "ideal": "B", "sampled": "C", "correct": false}}
{"type": "result", "data": {"idx": 25, "options": ["32", "3.2", "3,200", "320"], "probs": [[0.2765214956566886, 0.27329065578557055, 0.13502296401631755, 0.3151648844414233], [0.2515837624889489, 0.1450469238925048, 0.3420917493386233, 0.261277564179923], [0.1880137650184635, 0.1692976678633918, 0.2119840563917377, 0.43070451062640697], [0.22829690022299473, 0.20876262703572593, 0.45544235802128064, 0.1074981146199987]], "ideal": "A", "sampled": "B", "correct": false}}
{"type": "result", "data": {"idx": 26, "options": ["46.4", "456", "4.56", "45.6"], "probs": [[0.30962219831231474, 0.22481529412405624, 0.22057271001517417, 0.2449897974484548], [0.24983389299847292, 0.30617941791539666, 0.22687299071396072, 0.21711369827216967], [0.30146827556667116, 0.28592341285494366, 0.23813253922856772, 0.17447577224981747], [0.2756024722003621, 0.31525759314979795, 0.1875474089590254, 0.22159252559081458]], "ideal": "D", "sampled": "A", "correct": false}}
{"type": "result", "data": {"idx": 27, "options": ["508", "508 r2", "578", "578 r2"], "probs": [[0.2868043119887832, 0.13898519859596326, 0.4536880748931056, 0.12052241442214796], [0.26609862641113247, 0.2283659645199685, 0.1647786845036083, 0.34075672446529076], [0.3568043953299691, 0.15487806266669285, 0.3670022730609002, 0.12131526884243783], [0.2693664551718783, 0.18576531940772098, 0.16552925848181438, 0.3793389668385863]], "ideal": "D", "sampled": "C", "correct": false}}
{"type": "result", "data": {"idx": 28, "options": ["100 \u2014 5d", "5d+ 100", "100 / 5d", "5d"], "probs": [[0.4087781079102365, 0.23145452718695847, 0.17385415795383202, 0.18591320684897303], [0.314220914637046, 0.20942977692863485, 0.16878155375168374, 0.3075677545826354], [0.35742672741673326, 0.23517542724678422, 0.27980231819033563, 0.1275955270461469], [0.35156377098728947, 0.3060287145657666, 0.14491946561915472, 0.19748804872778927]], "ideal": "A", "sampled": "A", "correct": true}}
{"type": "result", "data": {"idx": 29, "options": ["4t", "t over 4", "t \u2212 4", "t + 4"], "probs": [[0.3330689469561384, 0.15923478182257647, 0.12558664754525567, 0.38210962357602946], [0.11259085935548997, 0.08155612083951931, 0.12108700991895666, 0.6847660097860341], [0.14078794837938374, 0.1138777617661849, 0.6581221418355062, 0.08721214791892506], [0.16683928293915742, 0.5995259150369134, 0.11943427205155913, 0.11420052987237005]], "ideal": "A", "sampled": "A", "correct": true}}
{"type": "result", "data": {"idx": 30, "options": ["681,452", "462,017", "246,412", "125,655"], "probs": [[0.28905539444508793, 0.24120984916717805, 0.30097966196982273, 0.16875509431791128], [0.2910304025861103, 0.24284162753118113, 0.27361607141118827, 0.19251189837152027], [0.2868543607731061, 0.27544749190805845, 0.24938720833828448, 0.18831093888055095], [0.27012166780693697, 0.2614627221183192, 0.2641885021688873, 0.2042271078058565]], "ideal": "B", "sampled": "C", "correct": false}}
{"type": "result", "data": {"idx": 31, "options": ["15 remainder 7", "15 remainder 3", "16 remainder 5", "16 remainder 1"], "probs": [[0.32277010906180303, 0.22041439350980574, 0.1847171430189326, 0.2720983543094586], [0.363943541550846, 0.30943640602360667, 0.216615256397889, 0.1100047959276583], [0.3689643905224963, 0.24598475897764416, 0.16825901722383327, 0.21679183317602627], [0.34910979343276277, 0.2578452488843259, 0.26474317511141543, 0.12830178247149585]], "ideal": "B", "sampled": "D", "correct": false}}
{"type": "result", "data": {"idx": 32, "options": ["17 over 2", "34 over 4", "17 over 4", "19 over 2"], "probs": [[0.32501367699870803, 0.16074648976943237, 0.35460696677616543, 0.15963286635569415], [0.2727224826540022, 0.225915834285079, 0.24673275647080248, 0.2546289264901163], [0.3437544575081313, 0.19879227134116365, 0.3442407121820459, 0.11321255886865923], [0.3116576578407464, 0.21239922305608044, 0.21109921599008002, 0.26484390301309313]], "ideal": "A", "sampled": "C", "correct": false}}
{"type": "result", "data": {"idx": 33, "options": ["200,000 + 7,000 + 200 + 4", "200,000 + 7,000 + 200 + 40", "200,000 + 70,000 + 200 + 40", "200,000 + 70,000 + 2,000 + 40"], "probs": [[0.275474166055118, 0.21158611370717567, 0.18143144116094392, 0.3315082789767625], [0.3137295339309225, 0.3296366729894458, 0.17287453032417474, 0.18375926265545692], [0.24465266596769536, 0.18644732790654048, 0.1754639796875483, 0.3934360263382159], [0.2227336499279575, 0.1418331584465702, 0.13668020271901724, 0.498752988806455]], "ideal": "C", "sampled": "C", "correct": true}}
{"type": "result", "data": {"idx": 34, "options": ["220 parts", "770 parts", "4 parts", "110 parts"], "probs": [[0.31256761678062045, 0.2920031801765743, 0.16952477141227673, 0.2259044315305285], [0.21397795737531616, 0.1572262118849681, 0.46772100627458385, 0.16107482436513182], [0.22124255532071227, 0.34184675386566515, 0.31702261215190997, 0.11988807856171262], [0.37657925937870373, 0.31291810556901345, 0.2296569640189776, 0.08084567093330525]], "ideal": "D", "sampled": "D", "correct": true}}
{"type": "result", "data": {"idx": 35, "options": ["the mean would increase.", "the mean would decrease.", "the median would increase.", "the median would decrease."], "probs": [[0.34066041858518065, 0.3514448069761027, 0.1644503298572904, 0.14344444448142624], [0.22754545846608917, 0.18901917618141606, 0.39358986006600444, 0.18984550518649032], [0.32843525236926824, 0.3931843701693997, 0.15730949297109756, 0.12107088439023449], [0.29062694741303596, 0.18936421257396654, 0.29057556820847913, 0.22943327170451835]], "ideal": "A", "sampled": "D", "correct": false}}
{"type": "result", "data": {"idx": 36, "options": ["\u20137", "5", "7", "27"], "probs": [[0.24505799976866607, 0.22737853091937618, 0.33292522027293825, 0.19463824893901946], [0.2995755031468582, 0.24345457188653397, 0.2282318885659646, 0.2287380363006432], [0.3259797740547681, 0.3145723687479095, 0.17746703589373938, 0.181980821203583], [0.25942265984802015, 0.22437289354941634, 0.218754649140417, 0.2974497973621465]], "ideal": "A", "sampled": "C", "correct": false}}
{"type": "result", "data": {"idx": 37, "options": ["3-p", "p+3", "3/p", "p-3"], "probs": [[0.28211049331142857, 0.20317968851816484, 0.1216335140441793, 0.39307630402622734], [0.13089729161532287, 0.12255667254670236, 0.5814162188938471, 0.16512981684412767], [0.1415285159392053, 0.5241202076438455, 0.22205722164334638, 0.11229405467360287], [0.5090351388672842, 0.31077219789192356, 0.12102395226102536, 0.059168710879766814]], "ideal": "D", "sampled": "D", "correct": true}}
{"type": "result", "data": {"idx": 38, "options": ["30 \u00d7 10^1", "30 \u00d7 10^3", "(6 \u00d7 5) \u00d7 10^2", "(6 \u00d7 5) \u00d7 10^3"], "probs": [[0.23513487768400135, 0.2619115333917629, 0.1788506603404646, 0.32410292848377115], [0.22798098281754647, 0.23012816560756372, 0.414974415037643, 0.12691643643724682], [0.2506643719423518, 0.4069474753204971, 0.14742181534685528, 0.19496633729029583], [0.2873554315087565, 0.21809757403629304, 0.2639085430807773, 0.23063845127417318]], "ideal": "C", "sampled": "D", "correct": false}}
{"type": "result", "data": {"idx": 39, "options": ["0", "3", "9", "12"], "probs": [[0.3042041406357685, 0.2694303135219544, 0.22080296604813907, 0.20556257969413805], [0.28455966284171774, 0.19566844110218362, 0.26713707642361817, 0.2526348195324805], [0.2263016219761922, 0.19698533120293502, 0.370903456607572, 0.20580959011330074], [0.21713448539296226, 0.264963906900787, 0.3449690197794439, 0.1729325878268068]], "ideal": "C", "sampled": "A", "correct": false}}
{"type": "result", "data": {"idx": 40, "options": ["1850x", "2000 \u2212150x", "150x", "2000 +150x"], "probs": [[0.3093085334782719, 0.24373458686618374, 0.1718639160798573, 0.275092963475687], [0.3795296621223445, 0.23838362164595348, 0.25035397703802575, 0.13173273909367622], [0.3355333108705528, 0.270270816350648, 0.16956942766492342, 0.22462644501387577], [0.3216183137330911, 0.21683048876694422, 0.22791467265122858, 0.23363652474873614]], "ideal": "B", "sampled": "D", "correct": false}}
{"type": "result", "data": {"idx": 41, "options": ["w > 2.3", "w < 2.4", "w > 3.2", "w < 3.3"], "probs": [[0.2602944969870626, 0.45025536413458567, 0.1561735719286194, 0.13327656684973235], [0.2946211441255208, 0.24263242246216749, 0.23053269429483436, 0.23221373901747733], [0.265940636369814, 0.331265896525635, 0.23957774040687413, 0.16321572659767683], [0.2773094433669681, 0.31961112735038993, 0.19288360783192474, 0.2101958213507172]], "ideal": "D", "sampled": "B", "correct": false}}
{"type": "result", "data": {"idx": 42, "options": ["-6", "-5", "0", "5"], "probs": [[0.27423878684166136, 0.19949821531273065, 0.2084928539636004, 0.3177701437820076], [0.2547191901333962, 0.16252395024689167, 0.30508985203166117, 0.27766700748805095], [0.15961340306017183, 0.14836691539542737, 0.42190167932317174, 0.27011800212122905], [0.19111801463379474, 0.35821565759632157, 0.24149919374859577, 0.20916713392128794]], "ideal": "A", "sampled": "A", "correct": true}}
{"type": "result", "data": {"idx": 43, "options": ["156", "110", "94", "48"], "probs": [[0.37225531973312076, 0.2726031500930703, 0.19520637100165517, 0.15993515907215378], [0.37641538307524747, 0.27145118327559065, 0.18402343044894787, 0.16811000310021398], [0.3344509303235343, 0.3196904360928326, 0.18680377302685947, 0.15905486045677364], [0.36232102453544035, 0.3304283071787781, 0.15035960300789114, 0.15689106517789048]], "ideal": "C", "sampled": "A", "correct": false}}
{"type": "result", "data": {"idx": 44, "options": ["15, 17", "15, 19", "17, 19", "17, 21"], "probs": [[0.3125937031283367, 0.30770329096374405, 0.20554614371309798, 0.17415686209482126], [0.33140298227031545, 0.1888380916400945, 0.2736138362370427, 0.20614508975254736], [0.33892687646744585, 0.32063507552762593, 0.17901546984587874, 0.16142257805904944], [0.306218131133905, 0.17437929692816215, 0.18484362294212586, 0.33455894889580695]], "ideal": "D", "sampled": "D", "correct": true}}
{"type": "result", "data": {"idx": 45, "options": ["3 cans", "12 cans", "36 cans", "13 cans"], "probs": [[0.24011184988338255, 0.3755450360263859, 0.23593562052082873, 0.1484074934694028], [0.30133300118612927, 0.21383718506828833, 0.2985495239629957, 0.1862802896825867], [0.2581350447396207, 0.2010563566843599, 0.4250707530906985, 0.1157378453853209], [0.33523587138360855, 0.23419666811411582, 0.3241263402106514, 0.10644112019162426]], "ideal": "B", "sampled": "B", "correct": true}}
{"type": "result", "data": {"idx": 46, "options": ["3.18, 3 and 1 over 8, 3.8,3", "3,3 and 1 over 8, 3.18, 3", "3.8, 3 and 1 over 8, 3.18, 3", "3.8, 3.18, 3 and 1 over 8, 3"], "probs": [[0.2884363021692178, 0.23370521464708538, 0.25205454978969083, 0.22580393329400603], [0.31643359284367006, 0.19005569173234155, 0.28337172937711347, 0.2101389859468749], [0.2657051463369604, 0.16770439348046992, 0.23258959447768787, 0.3340008656048818], [0.24593336535517488, 0.14976171031872057, 0.22606657248958992, 0.37823835173651466]], "ideal": "D", "sampled": "B", "correct": false}}
{"type": "result", "data": {"idx": 47, "options": ["10", "11", "20", "2"], "probs": [[0.3999865412310105, 0.27885201986105257, 0.17101404323974828, 0.15014739556818862], [0.3974753319819657, 0.23109596965386184, 0.21639595923643992, 0.1550327390277325], [0.33687463399379364, 0.2328799366718109, 0.22482274470465244, 0.20542268452974308], [0.3337897061967846, 0.2758543789110895, 0.23702606556429484, 0.15332984922783108]], "ideal": "C", "sampled": "B", "correct": false}}
{"type": "result", "data": {"idx": 48, "options": ["800,000", "830,000", "836,000", "840,000"], "probs": [[0.2565743403349346, 0.2348162303575372, 0.32161430479690867, 0.18699512441061952], [0.28489366170895264, 0.25469827649430554, 0.3357051014564502, 0.12470296024029154], [0.2570135363369285, 0.4004273652247874, 0.1320580125863209, 0.21050108575196322], [0.31447167607105736, 0.1276281979982271, 0.2703511537498111, 0.28754897208090435]], "ideal": "D", "sampled": "D", "correct": true}}
{"type": "result", "data": {"idx": 49, "options": ["14", "\u22124", "45", "\u221245"], "probs": [[0.30852783864465577, 0.2693666058886928, 0.18038165982459248, 0.2417238955420589], [0.35150834914507073, 0.22114154694253124, 0.22577567396290368, 0.20157442984949436], [0.257774174187632, 0.46608161921608715, 0.14062054453874098, 0.13552366195753987], [0.37368406532026, 0.15167228063939492, 0.16489531835286858, 0.3097483355874765]], "ideal": "D", "sampled": "D", "correct": true}}
{"type": "result", "data": {"idx": 50, "options": ["21 birds", "40 birds", "42 birds", "84 birds"], "probs": [[0.21270946839247737, 0.2901536182746171, 0.382862711169838, 0.1142742020630675], [0.23971372544501246, 0.42643645204538067, 0.19132123950287502, 0.14252858290673184], [0.2559006588173508, 0.28267220502268414, 0.27915946478315473, 0.18226767127681023], [0.2061393646350189, 0.24443750842637704, 0.3485717371183232, 0.2008513897202809]], "ideal": "A", "sampled": "C", "correct": false}}
{"type": "result", "data": {"idx": 51, "options": ["78", "83", "131", "153"], "probs": [[0.33659402535750277, 0.259434230880848, 0.2505256608034681, 0.1534460828581811], [0.3483354500829847, 0.3585532062671631, 0.18821294884308984, 0.10489839470676234], [0.3836039190026796, 0.3537866367407516, 0.13067935016400106, 0.13193009399256772], [0.394713384109899, 0.20246875869087844, 0.23779638536296813, 0.16502147173625445]], "ideal": "B", "sampled": "C", "correct": false}}
{"type": "result", "data": {"idx": 52, "options": ["Leslie spent 20 dollars and 8 cents at a store. How is the amount of money Leslie spent written as a fraction?", "Mr. Kramer\u2019s 8 grandchildren shared 20 crackers equally. How many crackers did each grandchild get?", "Mitch bought 20 containers of flowers at a plant store. Each container had 8 flowers in it. How many flowers did Mitch buy?", "Stamps are sold in booklets of 20 stamps. Donna used 8 stamps to send invitations for a party. How many booklets of stamps did Donna use to send her invitations?"], "probs": [[0.222775687727003, 0.34391643056188115, 0.19449960314029344, 0.23880827847082242], [0.378452909918152, 0.27356733646187353, 0.16989531351885068, 0.17808444000112378], [0.3180789852396762, 0.36170809379453106, 0.13520091367797338, 0.18501200718781935], [0.372850876200193, 0.21171285840876305, 0.20833966754795896, 0.20709659774308492]], "ideal": "B", "sampled": "D", "correct": false}}
{"type": "result", "data": {"idx": 53, "options": ["120 miles", "80 miles", "26 miles", "12 miles"], "probs": [[0.3666856343183644, 0.26521164571392297, 0.2334783707843948, 0.13462434908331783], [0.2934621826494996, 0.2793728965334932, 0.23467366045343088, 0.1924912602635764], [0.24700108922034839, 0.2445376740289269, 0.3360036809107327, 0.17245755573999205], [0.20775009999209512, 0.4423071807524399, 0.20034222601350773, 0.14960049314195725]], "ideal": "A", "sampled": "A", "correct": true}}
{"type": "result", "data": {"idx": 54, "options": ["add 6 to both sides", "divide both sides by 6", "multiply both sides by 6", "subtract 6 from both sides"], "probs": [[0.32932049032732796, 0.231674730754573, 0.2779874205311307, 0.16101735828696834], [0.34989523736060363, 0.3183556212146554, 0.15534941951723322, 0.17639972180750774], [0.34316989008996174, 0.21149156512831682, 0.33363267030286825, 0.11170587437885318], [0.3472891993877319, 0.35226499505893877, 0.1449298687889803, 0.15551593666434904]], "ideal": "B", "sampled": "A", "correct": false}}
{"type": "result", "data": {"idx": 55, "options": ["7", "10", "21", "39"], "probs": [[0.22688032684441553, 0.24818427858255004, 0.37539413567603785, 0.14954125879699656], [0.24149068417192626, 0.27730444897335677, 0.3266523577438681, 0.1545525090108489], [0.25972753760601575, 0.2373679280043699, 0.29756987091903453, 0.20533466337057982], [0.19834573269371975, 0.2040267705113296, 0.42915885996760583, 0.16846863672734483]], "ideal": "A", "sampled": "B", "correct": false}}
{"type": "result", "data": {"idx": 56, "options": ["84 \u2212 11 = t; 73\u00b0F", "t \u2212 84 = 11; 95\u00b0F", "84 \u2212 t = 11; 73\u00b0F", "t \u2212 11 = 84; 95\u00b0F"], "probs": [[0.2208056647084979, 0.20711200298789312, 0.3355767728568408, 0.23650555934676817], [0.1955641893354082, 0.2450449128969054, 0.3044177429558384, 0.254973154711848], [0.2584249520982196, 0.25405229601392, 0.28505830254932935, 0.2024644492385311], [0.1737599891059689, 0.2860620489700753, 0.21555781888782918, 0.3246201429361266]], "ideal": "D", "sampled": "C", "correct": false}}
{"type": "result", "data": {"idx": 57, "options": ["72 \u00f7 9 = 8", "72 \u2013 9 = 63", "9 + 72 = 81", "9 \u00f7 72 = 0.125"], "probs": [[0.39280217643010584, 0.2736306860028941, 0.21584820466319235, 0.11771893280380773], [0.28876139021435865, 0.2504892758993331, 0.1550894001756223, 0.30565993361068594], [0.2923103468631938, 0.3441919616841375, 0.24717287884085187, 0.11632481251181682], [0.38974098528722617, 0.30785832723454615, 0.15917267378087577, 0.1432280135973519]], "ideal": "A", "sampled": "A", "correct": true}}
{"type": "result", "data": {"idx": 58, "options": ["2 boxes", "4 boxes", "5 boxes", "6 boxes"], "probs": [[0.23079181059066942, 0.3544398896703315, 0.25839493061096774, 0.1563733690280313], [0.24505452444107745, 0.36756258651570595, 0.21202510277259382, 0.1753577861706228], [0.24896256623162688, 0.359217315876325, 0.1945233046813991, 0.19729681311064903], [0.22745593363204253, 0.2616357388099577, 0.3048897845042432, 0.20601854295375652]], "ideal": "D", "sampled": "B", "correct": false}}
{"type": "result", "data": {"idx": 59, "options": ["14", "20", "40", "60"], "probs": [[0.2332948470847103, 0.27894537736259273, 0.31743972875279697, 0.17032004669989995], [0.27210299941696153, 0.34102891347743053, 0.23346475210843962, 0.15340333489716831], [0.28467680293500386, 0.31452391954453324, 0.1946532217063512, 0.20614605571411168], [0.28445482675054495, 0.1922549782837149, 0.3311134923829351, 0.19217670248280505]], "ideal": "B", "sampled": "C", "correct": false}}
{"type": "result", "data": {"idx": 60, "options": ["6 over 14", "8 over 49", "14 over 28", "6 over 7"], "probs": [[0.38888256579078917, 0.16115353519635567, 0.1538528604993491, 0.29611103841350606], [0.3322713921293433, 0.27250840851162106, 0.238241907360543, 0.15697829189849263], [0.48394667471973474, 0.22211791407942505, 0.15122437839006272, 0.1427110327107775], [0.4027638494977496, 0.27509802987056786, 0.15193163083362632, 0.17020648969805618]], "ideal": "D", "sampled": "D", "correct": true}}
{"type": "result", "data": {"idx": 61, "options": ["5", "10", "15", "20"], "probs": [[0.15381125129823545, 0.7217250707602202, 0.059533482544881305, 0.06493019529666305], [0.7180647902818552, 0.10700320531105274, 0.10268835053823956, 0.07224365376885247], [0.13635256681937555, 0.09495428062093991, 0.13578517531310894, 0.6329079771465755], [0.15893785772327057, 0.10088574960478905, 0.6734583427341233, 0.06671804983781707]], "ideal": "B", "sampled": "B", "correct": true}}
{"type": "result", "data": {"idx": 62, "options": ["125 push-ups", "279 push-ups", "1,395 push-ups", "1,406 push-ups"], "probs": [[0.28517720950306397, 0.28687546509244655, 0.2093126239958491, 0.21863470130864038], [0.27560690453286973, 0.2669147888589435, 0.30159178822588684, 0.15588651828229996], [0.33448775602548986, 0.29476725173722723, 0.1661640803002824, 0.2045809118370005], [0.2586977404485409, 0.22989212779213436, 0.34422772093466647, 0.1671824107246583]], "ideal": "C", "sampled": "B", "correct": false}}
{"type": "result", "data": {"idx": 63, "options": ["6 and 10", "5 and 12", "10 and 12", "12 and 15"], "probs": [[0.4656458427195141, 0.2138744560582974, 0.18826110378616298, 0.1322185973360255], [0.32649731146263483, 0.2539277932698745, 0.24956427140177684, 0.17001062376571377], [0.3074149970352197, 0.22282089128774762, 0.30180128224461933, 0.16796282933241335], [0.3068330379069888, 0.3158960138212455, 0.2187392031551968, 0.15853174501656891]], "ideal": "C", "sampled": "A", "correct": false}}
{"type": "result", "data": {"idx": 64, "options": ["\u22124", "\u22122", "10", "2"], "probs": [[0.2770101622583808, 0.28688763500534953, 0.11301032031649053, 0.3230918823197791], [0.27761439398027943, 0.20057938986654558, 0.2471609378239012, 0.2746452782292738], [0.2438882774450119, 0.16175318003695716, 0.1993236869273491, 0.39503485549068185], [0.20040868817973817, 0.17470002693277092, 0.477703913334042, 0.1471873714534489]], "ideal": "D", "sampled": "B", "correct": false}}
{"type": "result", "data": {"idx": 65, "options": ["232", "236", "345", "460"], "probs": [[0.2705972371457866, 0.3820740111353086, 0.20811328849589095, 0.13921546312301383], [0.2642537872451402, 0.3217576347936012, 0.23775924031266488, 0.17622933754859374], [0.25617824529102146, 0.3072771910882989, 0.22866304089304257, 0.2078815226276371], [0.25260441740000195, 0.31726627593246565, 0.28500141841299165, 0.14512788815454075]], "ideal": "C", "sampled": "B", "correct": false}}
{"type": "result", "data": {"idx": 66, "options": ["50 and 400", "450 and 700", "750 and 1,000", "1,050 and 1,300"], "probs": [[0.2370633710068815, 0.35598831304362977, 0.2850797985185275, 0.12186851733096123], [0.30297889851015575, 0.3352673301470686, 0.22435159644697317, 0.13740217479580247], [0.2949980462790814, 0.32411408338709785, 0.22184297933532465, 0.1590448908984961], [0.32038326616138435, 0.2824633292960291, 0.24844891209879444, 0.14870449234379207]], "ideal": "D", "sampled": "B", "correct": false}}
{"type": "result", "data": {"idx": 67, "options": ["7", "12", "48", "56"], "probs": [[0.22980632570490908, 0.3142022881850004, 0.25951156790974117, 0.19647981810034934], [0.24313324325137015, 0.2786447364015178, 0.3145373714469642, 0.1636846488001478], [0.2754958569728014, 0.3267840742738096, 0.2102183252362795, 0.1875017434171095], [0.30355229066101186, 0.225310602007311, 0.28161173216829705, 0.1895253750633801]], "ideal": "A", "sampled": "D", "correct": false}}
{"type": "result", "data": {"idx": 68, "options": ["18 and 28", "180 and 280", "1,800 and 2,800", "18,000 and 28,000"], "probs": [[0.29073190686179595, 0.3163715004604588, 0.24573999640868405, 0.14715659616906118], [0.27526240307637356, 0.21592431293097164, 0.24782807014662986, 0.2609852137460249], [0.3574218643122562, 0.2738846756576395, 0.2352466810930956, 0.13344677883700873], [0.31846473566878275, 0.21847907357650934, 0.2319020101762973, 0.2311541804784106]], "ideal": "C", "sampled": "C", "correct": true}}
{"type": "result", "data": {"idx": 69, "options": ["7 \u2022 11^2 \u2022 13", "7^2 \u2022 11", "7 \u2022 11 \u2022 13", "7 \u2022 11"], "probs": [[0.22032762405076858, 0.1537534548559974, 0.44027860636246396, 0.18564031463077008], [0.35440928268478633, 0.29370791154707776, 0.2009172618324895, 0.15096554383564637], [0.40738468751134577, 0.2484360299989096, 0.1825622590811936, 0.16161702330855107], [0.3373205363413137, 0.21235287187360113, 0.17537513373528535, 0.27495145794979975]], "ideal": "D", "sampled": "C", "correct": false}}
{"type": "result", "data": {"idx": 70, "options": ["$20.93 ", "$28.93 ", "$32.93 ", "$48.93 "], "probs": [[0.3229499281228712, 0.332548004823004, 0.23666367814050573, 0.10783838881361903], [0.3472517974736964, 0.35185762712033236, 0.16423399500047936, 0.13665658030549188], [0.31847991112504875, 0.2939903604396579, 0.24649310497740654, 0.1410366233578868], [0.308903178276429, 0.26570843855738613, 0.29075410092682513, 0.1346342821393597]], "ideal": "C", "sampled": "B", "correct": false}}
{"type": "result", "data": {"idx": 71, "options": ["160", "240", "320", "640"], "probs": [[0.3702988679381286, 0.2746759693746664, 0.2284578416783316, 0.1265673209088734], [0.3353025862939244, 0.26886745884013474, 0.20525687625058991, 0.19057307851535094], [0.33954945203246656, 0.28766787049277864, 0.19834251699848393, 0.1744401603762709], [0.27821338666755885, 0.2510539068578447, 0.3111343999371769, 0.15959830643741957]], "ideal": "A", "sampled": "B", "correct": false}}
{"type": "result", "data": {"idx": 72, "options": ["0.021 repeating", "0.21 Repeating", "0.22 Repeating", "0.2121"], "probs": [[0.4304057827040558, 0.20410103485626327, 0.1482740149268049, 0.21721916741287606], [0.40425538980975956, 0.17692025176005735, 0.22588261766837595, 0.19294174066180717], [0.41997854168919707, 0.19540890141586117, 0.18263280934154974, 0.20197974745339203], [0.38432885357854546, 0.30233258906954913, 0.16727273663018533, 0.1460658206217201]], "ideal": "B", "sampled": "A", "correct": false}}
{"type": "result", "data": {"idx": 73, "options": ["(40 \u00d7 10) + (6 \u00d7 2) = 400 + 12", "(40 \u00d7 6) + (10 \u00d7 2) = 240 + 20", "(40 \u00d7 12) + (6 \u00d7 12) = 480 + 72", "(40 \u00d7 12) + (60 \u00d7 12) = 480 + 720"], "probs": [[0.18104027209855705, 0.21661446986416466, 0.4267649948170189, 0.17558026312025934], [0.19355632362814346, 0.3912378251161344, 0.27673450109575487, 0.13847135005996725], [0.2270690453005329, 0.258974742519651, 0.21265781874278686, 0.30129839333702924], [0.21746057917865821, 0.22265724009007593, 0.3779764585706049, 0.18190572206066094]], "ideal": "C", "sampled": "C", "correct": true}}
{"type": "result", "data": {"idx": 74, "options": ["$649 ", "$6,049 ", "$6,409 ", "$6,490 "], "probs": [[0.2899021804042831, 0.3895080089179584, 0.1350146531923701, 0.1855751573853884], [0.37212708865949873, 0.1786735816022416, 0.33202234154616306, 0.11717698809209663], [0.29954439398631144, 0.37568268176136665, 0.14856289325658995, 0.17621003089573195], [0.34072262553030364, 0.19547391227129265, 0.29650882325349726, 0.16729463884490645]], "ideal": "B", "sampled": "B", "correct": true}}
{"type": "result", "data": {"idx": 75, "options": ["SSSSS; AAA", "SSSSS; AAAA", "SSSSSSSS; AAAA", "SSSSSSSS; A"], "probs": [[0.36017427918212813, 0.2943937865914692, 0.20656657832483816, 0.13886535580156448], [0.3688892148893826, 0.2330323879908652, 0.2613222106044776, 0.13675618641527462], [0.3233778380017604, 0.19044233289118553, 0.1958355696054493, 0.29034425940160474], [0.292874288954398, 0.1879579610661684, 0.23700942174154177, 0.2821583281378918]], "ideal": "D", "sampled": "B", "correct": false}}
{"type": "result", "data": {"idx": 76, "options": ["$2.82 ", "$2.97 ", "$6.47 ", "$12.77 "], "probs": [[0.44062281307080153, 0.27764848285593413, 0.16982072843136015, 0.11190797554190418], [0.36344639546355223, 0.2660104413365679, 0.16519763066301701, 0.2053455324368628], [0.27088155128862695, 0.22123972080344145, 0.3300157935580301, 0.17786293424990146], [0.29368932365025663, 0.36280556151243953, 0.21523166662828036, 0.1282734481090235]], "ideal": "A", "sampled": "A", "correct": true}}
{"type": "result", "data": {"idx": 77, "options": ["4 over 6", "10 over 12", "15 over 17", "5 over 6"], "probs": [[0.3067683324919588, 0.20135686099537578, 0.17404617626783508, 0.3178286301448303], [0.31907895679679, 0.18938856107171767, 0.23427582133864794, 0.2572566606928444], [0.30404412028461986, 0.25664134743041467, 0.24720859876847273, 0.19210593341649274], [0.3206969558352688, 0.29263646207532046, 0.2093990884959594, 0.17726749349345133]], "ideal": "D", "sampled": "D", "correct": true}}
{"type": "result", "data": {"idx": 78, "options": ["3 over 2", "2 over 3", "2 over 12", "1 over 6"], "probs": [[0.3506191566051352, 0.32914554088562814, 0.14670669593814128, 0.17352860647109533], [0.37851437922507275, 0.18428838251178356, 0.23608267304920666, 0.201114565113937], [0.32525603918494883, 0.29151140397920183, 0.16960048194622632, 0.213632074789623], [0.27260064669802725, 0.17489856219183972, 0.42229243479480755, 0.13020835621532545]], "ideal": "D", "sampled": "B", "correct": false}}
