{"type": "result", "data": {"idx": 0, "options": ["Media release", "Media tour", "Press room", "Promotional days/weeks"], "probs": [[0.08929020661088297, 0.825216866242594, 0.0601386820798574, 0.025354244966665523], [0.8920772355099013, 0.05598886112348318, 0.03483602280960478, 0.017097880457010745], [0.043621940621332525, 0.0560947309122644, 0.061092331005141276, 0.8391909973612618], [0.061404989536038075, 0.07772758776053429, 0.8305778092189551, 0.03028961338447258]], "ideal": "B", "sampled": "B", "correct": true}}
{"type": "result", "data": {"idx": 1, "options": ["Quickly investigate to make certain your product is definitely the cause of the illness.", "Stop all sales of the product throughout the nation and issue a recall for that product.", "Stop sales of the product in the Albany, New York, market and issue a recall for that product.", "Issue a press release to the Albany, New York, market explaining how to treat the symptoms."], "probs": [[0.1774046175721093, 0.1938718465930617, 0.44246642115657775, 0.18625711457825123], [0.3145845830125937, 0.320336222616587, 0.14168964324964786, 0.22338955102117147], [0.38723294192109253, 0.1070379119838468, 0.23281668573599362, 0.272912460259067], [0.12303488321966072, 0.1442972613517368, 0.3613637197062726, 0.3713041356223299]], "ideal": "B", "sampled": "C", "correct": false}}
{"type": "result", "data": {"idx": 2, "options": ["community relations", "consumer relations", "employee relations", "public issues"], "probs": [[0.1192872090438736, 0.7367495379987048, 0.09210708839389974, 0.05185616446352188], [0.23660489305741197, 0.06516144666770586, 0.21675206036009717, 0.481481599814785], [0.0927077964942165, 0.08818915354041784, 0.41427331541398976, 0.4048297344513759], [0.13886886833709577, 0.13097232578875212, 0.6410086154296736, 0.08915019034447853]], "ideal": "B", "sampled": "B", "correct": true}}
{"type": "result", "data": {"idx": 3, "options": ["1917", "1922", "1925", "1927"], "probs": [[0.21777794279463125, 0.4029616831006217, 0.26433803446906734, 0.11492233953567968], [0.46198729020198137, 0.25579366275936705, 0.19956465212170885, 0.08265439481694271], [0.42955973640287054, 0.2850135159589071, 0.1743036029219103, 0.11112314461631202], [0.4137116526291186, 0.19459576137637338, 0.27681199744600565, 0.11488058844850244]], "ideal": "B", "sampled": "B", "correct": true}}
{"type": "result", "data": {"idx": 4, "options": ["Product-oriented", "Person-oriented", "Idea-oriented", "Message-oriented"], "probs": [[0.11495676464247366, 0.16873655960159106, 0.49176304794753767, 0.2245436277083976], [0.16550896926505296, 0.13213060387718092, 0.6352358384360987, 0.06712458832166747], [0.16788620608807478, 0.6672337401514572, 0.08334956751718113, 0.08153048614328691], [0.36768705711704186, 0.0863340079374849, 0.3511038835164933, 0.19487505132897998]], "ideal": "C", "sampled": "D", "correct": false}}
{"type": "result", "data": {"idx": 5, "options": ["to develop a vision statement", "to interpret trends for management", "to interpret the organization's business plan", "to consider the role public relations might play"], "probs": [[0.20294629035350756, 0.25406405327163645, 0.21576364336240342, 0.32722601291245257], [0.4021808178292914, 0.1983841939478746, 0.3030182922117232, 0.0964166959111108], [0.3084066303781208, 0.20075396299601628, 0.15866065496588583, 0.33217875155997706], [0.19719911501219814, 0.161987356616184, 0.3351082653265584, 0.30570526294505945]], "ideal": "B", "sampled": "B", "correct": true}}
{"type": "result", "data": {"idx": 6, "options": ["When victims of abuse remain silent about the abuse", "When people hide their opinions if they do not agree with the majority", "When people hide their opinions if they are in disagreement with their close peers or family members", "When public relations uses opinion poll results to generate support for a particular issue"], "probs": [[0.08080986946616514, 0.7914359627724699, 0.10174606070205904, 0.026008106959305943], [0.7366830850789998, 0.16917929263152007, 0.04065156018920575, 0.05348606200027435], [0.28774201223933665, 0.10252263166797213, 0.1450187531336943, 0.4647166028589969], [0.05403200647284651, 0.09934043402190397, 0.7266780381414253, 0.11994952126382423]], "ideal": "A", "sampled": "B", "correct": false}}
{"type": "result", "data": {"idx": 7, "options": ["Research and evaluation", "Strategy and evaluation", "Strategy and implementation", "Objectives and implementation"], "probs": [[0.3915698884269909, 0.2043522030559304, 0.1864854572003182, 0.21759245121676046], [0.3580999649911678, 0.21666509953968804, 0.2970114084473005, 0.12822352692184366], [0.4651584610889152, 0.2259536084784927, 0.09981031790649524, 0.2090776124260969], [0.33469905947230477, 0.1360286900856858, 0.189238366626079, 0.3400338837159304]], "ideal": "A", "sampled": "C", "correct": false}}
{"type": "result", "data": {"idx": 8, "options": ["Defining the program", "Planning the program", "Taking action and implementing ideas", "Evaluation of the program"], "probs": [[0.4153816688106071, 0.36074716141586394, 0.12189856752290003, 0.10197260215062891], [0.3153876300874594, 0.1409366533717134, 0.15495738049964608, 0.3887183359411811], [0.10855113794724784, 0.07216912561059362, 0.28148389069516866, 0.5377958456469899], [0.15066967790803365, 0.16643111282091652, 0.6052094056208999, 0.07768980355014996]], "ideal": "B", "sampled": "B", "correct": true}}
{"type": "result", "data": {"idx": 9, "options": ["ingratiation", "downplaying", "distancing", "nonexistence"], "probs": [[0.2364879924869086, 0.17419327274627183, 0.17246499141920543, 0.41685374324761415], [0.22869348523714042, 0.16336610911643012, 0.4292760192918655, 0.178664386254564], [0.2643306811734352, 0.35910367427001033, 0.16126319524131097, 0.21530244921524347], [0.39592644598649074, 0.23835262368079013, 0.15809898389047528, 0.20762194634224387]], "ideal": "B", "sampled": "D", "correct": false}}
{"type": "result", "data": {"idx": 10, "options": ["It hasn't", "Doubled", "Tripled", "Quadrupled"], "probs": [[0.25322827316928415, 0.23185215542602405, 0.3318025420005734, 0.18311702930411836], [0.2927954029503657, 0.26585195654290567, 0.20691337614285285, 0.23443926426387574], [0.2984541147188148, 0.21074382096638328, 0.1934073922860153, 0.29739467192878666], [0.27985543426837556, 0.15276074635588507, 0.33631304404223095, 0.23107077523350844]], "ideal": "C", "sampled": "B", "correct": false}}
{"type": "result", "data": {"idx": 11, "options": ["They both require research monitoring.", "They both deal with acute risks.", "New organizational practices are developed as a result of each.", "Both have the potential to damage an organisation's reputation."], "probs": [[0.17582151291996362, 0.2862116098117719, 0.24168378112283478, 0.2962830960454297], [0.25474446250202526, 0.19888856412303677, 0.31870829106039705, 0.2276586822145409], [0.21469024991793914, 0.20238850707193146, 0.21757189603102212, 0.3653493468791073], [0.23207646951852784, 0.17295851069387505, 0.3616162890075076, 0.2333487306800895]], "ideal": "B", "sampled": "B", "correct": true}}
{"type": "result", "data": {"idx": 12, "options": ["1917", "1922", "1925", "1927"], "probs": [[0.21777794279463125, 0.4029616831006217, 0.26433803446906734, 0.11492233953567968], [0.46198729020198137, 0.25579366275936705, 0.19956465212170885, 0.08265439481694271], [0.42955973640287054, 0.2850135159589071, 0.1743036029219103, 0.11112314461631202], [0.4137116526291186, 0.19459576137637338, 0.27681199744600565, 0.11488058844850244]], "ideal": "B", "sampled": "B", "correct": true}}
{"type": "result", "data": {"idx": 13, "options": ["270", "600", "2,800", "5,200"], "probs": [[0.1991181760433058, 0.22618166621069788, 0.44426878288127347, 0.1304313747647228], [0.1868242793982772, 0.3845204154711613, 0.3376838338100402, 0.09097147122052134], [0.3014554409570146, 0.4352043477572993, 0.18186801534252484, 0.08147219584316126], [0.3217836511876457, 0.2506617754841587, 0.27597762796369874, 0.1515769452644969]], "ideal": "C", "sampled": "C", "correct": true}}
{"type": "result", "data": {"idx": 14, "options": ["Enabling", "Functional", "Normative", "Diffused"], "probs": [[0.2786858206121211, 0.20181442207230496, 0.21532701916301283, 0.30417273805256106], [0.36562730512661085, 0.13830219826070167, 0.2959914339480987, 0.2000790625645888], [0.3258986923115977, 0.1523312858042697, 0.1514478108978304, 0.37032221088630224], [0.1988580301630558, 0.11300745929364818, 0.5165562436750955, 0.17157826676820057]], "ideal": "C", "sampled": "B", "correct": false}}
{"type": "result", "data": {"idx": 15, "options": ["Audiences are more vulnerable and passive than ever before.", "Television viewing, in particular, creates increased activity in the right hemisphere of the brain.", "Active receivers are not uniformly affected by mass communication messages.", "Technology has led to increasingly passive recipients at the ends of message transmission systems."], "probs": [[0.0927856576717178, 0.12672304256105252, 0.621222454314381, 0.15926884535284877], [0.1588589286390291, 0.5797578821442445, 0.12018048285639595, 0.14120270626033044], [0.6368485092479912, 0.1427568644142445, 0.14541514216399395, 0.07497948407377036], [0.19216751132973148, 0.1721793464303496, 0.11782782129742077, 0.5178253208424982]], "ideal": "C", "sampled": "C", "correct": true}}
{"type": "result", "data": {"idx": 16, "options": ["A politician", "A house of worship", "A government institution", "A publicly-traded company"], "probs": [[0.2807078063207299, 0.18072617052178333, 0.3503665923721899, 0.18819943068529688], [0.32581321858246864, 0.28014589605566353, 0.26067144841350626, 0.13336943684836156], [0.4111031415976199, 0.17102900655433917, 0.2559801714158429, 0.161887680332198], [0.3621736818513747, 0.21736175143574268, 0.24007024226276813, 0.18039432435011443]], "ideal": "C", "sampled": "C", "correct": true}}
{"type": "result", "data": {"idx": 17, "options": ["Steyn (2003)", "Gregory (2006)", "Cutlip et al (2006)", "Henry (2006)"], "probs": [[0.243668880383609, 0.1700419460060734, 0.3758659604431934, 0.2104232130671242], [0.27169295737868165, 0.1511747665377068, 0.3667344395936198, 0.21039783638999177], [0.2707173308673189, 0.20269519692704274, 0.31013868180209486, 0.21644879030354347], [0.2616173067668322, 0.10086617023034794, 0.4096890748581245, 0.22782744804469532]], "ideal": "D", "sampled": "B", "correct": false}}
{"type": "result", "data": {"idx": 18, "options": ["The participants should be selected at random.", "It is an example of a formal research tool for practitioners.", "The information can be generalized to describe a larger population.", "The findings generate qualitative data that can be used to develop surveys."], "probs": [[0.18689022775597028, 0.1306958081565509, 0.49971188602410516, 0.18270207796337365], [0.32113272536071075, 0.2790933043161111, 0.25313470859270837, 0.14663926163046975], [0.4168692826807862, 0.2061456143649903, 0.17440743742629247, 0.20257766542793101], [0.24900694560015035, 0.15135020241639777, 0.3143723653594054, 0.28527048652404646]], "ideal": "D", "sampled": "C", "correct": false}}
{"type": "result", "data": {"idx": 19, "options": ["Use utility employees to write the blog, posing as dentists and physicians.", "Recruit a group of volunteer dentists and physicians to write the blog under their own identities with no reference to the utility.", "Write the blog yourself, identifying yourself as an employee of the utility, and quote the scientific opinions of a variety of sources.", "Compensate a group of dentists and physicians to write the blog, identifying the utility as the sponsor of the blog but without disclosing the compensation."], "probs": [[0.19726595280581966, 0.22610121963147312, 0.44884219761174726, 0.12779062985095996], [0.24141630476780387, 0.3390010797043044, 0.2437111731351789, 0.17587144229271287], [0.21291912455458753, 0.16764564310883973, 0.2694653490075611, 0.3499698832290117], [0.15510063206338848, 0.10536711621965933, 0.5056319455571031, 0.23390030605984913]], "ideal": "C", "sampled": "B", "correct": false}}
{"type": "result", "data": {"idx": 20, "options": ["Corporate", "Financial relations", "Public affairs", "Business to business"], "probs": [[0.10628369885037711, 0.10589985237291324, 0.7293701470028339, 0.058446301673875795], [0.14716439166928513, 0.6399380659407901, 0.08340484027333736, 0.1294927020165874], [0.7827134698490639, 0.10435795744076634, 0.07611839444130032, 0.03681017816886941], [0.11275162367685744, 0.11490638356274019, 0.11089493914445685, 0.6614470535159455]], "ideal": "C", "sampled": "C", "correct": true}}
{"type": "result", "data": {"idx": 21, "options": ["Identification", "Analysis", "Strategy", "Evaluation"], "probs": [[0.3055901663708645, 0.2676188469091144, 0.2327084496105264, 0.19408253700949468], [0.34899095217360426, 0.1500340871367935, 0.3204506981119542, 0.18052426247764802], [0.2592671695419934, 0.3082466583429488, 0.2325463637828874, 0.19993980823217036], [0.3553206569298331, 0.16773138688717762, 0.3393945345033381, 0.13755342157965114]], "ideal": "B", "sampled": "D", "correct": false}}
{"type": "result", "data": {"idx": 22, "options": ["Consider the comprehension level of all of the target audiences.", "Consider how riding the bus could similarly affect all of the target audiences.", "Consider which mediums would most effectively reach all of the target audiences.", "Consider the geographic locations where all of the target audiences live and work."], "probs": [[0.35105961034572825, 0.14243644262265687, 0.29622917923007697, 0.21027476770153794], [0.18485856442638005, 0.1276295257899968, 0.3174980987292068, 0.3700138109544163], [0.14150640577907522, 0.14327413055766575, 0.5615834080847306, 0.15363605547852846], [0.3440422014833505, 0.24315934646203358, 0.19652804144658206, 0.21627041050803383]], "ideal": "B", "sampled": "A", "correct": false}}
{"type": "result", "data": {"idx": 23, "options": ["Competition", "Event", "Award", "Sponsorship"], "probs": [[0.1205805460966477, 0.7493131728119128, 0.06059739342993482, 0.06950888756150472], [0.8255176309081321, 0.08459024769735564, 0.04911554110259546, 0.040776580191916774], [0.07783444912076648, 0.04192228583630206, 0.05963417842660416, 0.8206090865163272], [0.11349988727626674, 0.08290943502550728, 0.7529926299295835, 0.05059804766864243]], "ideal": "B", "sampled": "B", "correct": true}}
{"type": "result", "data": {"idx": 24, "options": ["Media writing", "Personal writing", "Business writing", "Promotional writing"], "probs": [[0.22076341343129835, 0.11848894417226855, 0.31426623226341427, 0.34648141003301886], [0.13713940099623614, 0.16325006617091067, 0.5364487410447922, 0.16316179168806097], [0.28674103525061323, 0.37198974015614983, 0.2533695584266035, 0.08789966606663342], [0.44871722367419714, 0.2539007034242306, 0.13146491228598564, 0.1659171605155866]], "ideal": "D", "sampled": "D", "correct": true}}
{"type": "result", "data": {"idx": 25, "options": ["exploratory survey", "situation interview", "communication audit", "stakeholder analysis"], "probs": [[0.06338932364545169, 0.09027523546508212, 0.19941702483090362, 0.6469184159585626], [0.07149934582250925, 0.12200974136192126, 0.7626249193945964, 0.043865993320973], [0.11891040204766401, 0.7748203872859518, 0.06270673125355217, 0.04356247931283201], [0.6841367176621956, 0.08434576908345011, 0.08464508869494036, 0.14687242445941392]], "ideal": "D", "sampled": "D", "correct": true}}
{"type": "result", "data": {"idx": 26, "options": ["Representing clients using new social media environments", "Finding stable, cost-effective Internet providers", "Training staff to use social media", "Staying abreast of changing technology"], "probs": [[0.14450813415007133, 0.0870419209394675, 0.1949049826445718, 0.5735449621658893], [0.11978458402380185, 0.13807795067589324, 0.45397796271573443, 0.28815950248457045], [0.2448063142884136, 0.32723197636050155, 0.3605418803483263, 0.06741982890275858], [0.2629133760666194, 0.26283243295902253, 0.08826473354410627, 0.38598945733025175]], "ideal": "D", "sampled": "D", "correct": true}}
{"type": "result", "data": {"idx": 27, "options": ["Workforce development", "Impact on local communities", "Impact on the environment", "Financial performance"], "probs": [[0.21253797726499526, 0.2006628394025, 0.42942587176776, 0.15737331146474476], [0.2424709593454952, 0.27623077606856944, 0.37253679988823457, 0.1087614645977008], [0.2901468829498585, 0.28695332573534493, 0.1715245668191366, 0.25137522439565996], [0.24244523452277889, 0.16867484886711084, 0.28532995495342195, 0.30354996155668834]], "ideal": "D", "sampled": "C", "correct": false}}
{"type": "result", "data": {"idx": 28, "options": ["public issues", "crisis management", "consumer relations", "community relations"], "probs": [[0.16869365054232466, 0.6354443572298011, 0.0898965766167876, 0.1059654155110866], [0.6096055052858812, 0.0931347837105552, 0.18948033528516803, 0.10777937561839561], [0.07571074744212604, 0.05822140813454548, 0.21700166602862345, 0.649066178294705], [0.08565990551024154, 0.11467558296437913, 0.7377452234657332, 0.06191928795964611]], "ideal": "B", "sampled": "B", "correct": true}}
{"type": "result", "data": {"idx": 29, "options": ["The advocacy role", "The channel's role", "The gatekeeper role", "The behavioural role"], "probs": [[0.16209917010383815, 0.1303248573757747, 0.6152485104072042, 0.09232746201318298], [0.27527519647594484, 0.47224106676265265, 0.15746822717003556, 0.09501550949136693], [0.6403339790806879, 0.15883993320843343, 0.12415760564267053, 0.07666848196820814], [0.3085861297711935, 0.17059135943707673, 0.1644876648168485, 0.3563348458748813]], "ideal": "B", "sampled": "C", "correct": false}}
{"type": "result", "data": {"idx": 30, "options": ["Fan pages", "Street activities", "Grassroots marketing", "Viral campaigns"], "probs": [[0.09315295914549325, 0.07702387581651526, 0.4455469680300737, 0.38427619690791776], [0.08971239558669555, 0.12335285451256879, 0.7084294504080875, 0.07850529939264819], [0.09626820411732331, 0.7872589630844888, 0.08402988633051692, 0.03244294636767094], [0.6342543533682674, 0.10172633888645173, 0.0679366691981118, 0.19608263844716906]], "ideal": "D", "sampled": "D", "correct": true}}
{"type": "result", "data": {"idx": 31, "options": ["public relations", "public issues", "crisis management", "consumer relations"], "probs": [[0.3942961188751088, 0.45868838416803553, 0.0835466788265996, 0.0634688180302561], [0.34378250789589854, 0.06291646392542415, 0.06032560280245778, 0.5329754252762195], [0.16171481842312996, 0.10663244633876878, 0.5612055533293706, 0.17044718180873059], [0.2651868562740993, 0.42599415581182276, 0.13420032453682681, 0.1746186632772511]], "ideal": "B", "sampled": "A", "correct": false}}
{"type": "result", "data": {"idx": 32, "options": ["1980", "1989", "1991", "1993"], "probs": [[0.09861050167477861, 0.2006162777572033, 0.5070593545473452, 0.1937138659206729], [0.19497328123110105, 0.32639719573584197, 0.3927453878392006, 0.0858841350938564], [0.39649406366923756, 0.3175373696779866, 0.18905094404901227, 0.09691762250376355], [0.3512140020738698, 0.16412960480388633, 0.2697569808021732, 0.21489941222007064]], "ideal": "C", "sampled": "C", "correct": true}}
{"type": "result", "data": {"idx": 33, "options": ["Online consumer goods purchases", "Video", "Music", "Online auctions"], "probs": [[0.33910856405477413, 0.4039633661990478, 0.10618958858507509, 0.15073848106110294], [0.4135115978675093, 0.1264758985143205, 0.1386813053546551, 0.3213311981635151], [0.09847530636903676, 0.1387554798047019, 0.40420329296890284, 0.3585659207573585], [0.17247033117476956, 0.4062385856699017, 0.3042089938813223, 0.11708208917400652]], "ideal": "B", "sampled": "B", "correct": true}}
{"type": "result", "data": {"idx": 34, "options": ["person-oriented", "product-oriented", "profit-oriented", "idea-oriented"], "probs": [[0.15390000548388383, 0.6988916164849769, 0.06638472127766944, 0.0808236566534698], [0.23965977129923807, 0.08720389007649995, 0.5124534368002561, 0.16068290172400587], [0.19019916935149975, 0.17251351731055675, 0.15817569430342607, 0.4791116189345174], [0.14278554702186935, 0.10915707633063768, 0.6728884476810079, 0.07516892886648507]], "ideal": "B", "sampled": "B", "correct": true}}
{"type": "result", "data": {"idx": 35, "options": ["Likert scale", "Multiple choice", "Open-ended", "Yes/No"], "probs": [[0.07911866540617803, 0.08036684633274253, 0.7844468734292389, 0.056067614731840555], [0.11668732624683628, 0.7253739615371967, 0.09174672246721129, 0.06619198964875574], [0.7811773985544332, 0.0872457098603707, 0.07493943692389474, 0.0566374545613013], [0.10729969157474667, 0.08616870679697163, 0.08711915493398906, 0.7194124465942926]], "ideal": "C", "sampled": "C", "correct": true}}
{"type": "result", "data": {"idx": 36, "options": ["stereotype", "semantic device", "symbol", "message"], "probs": [[0.05847354367811657, 0.07200635217833978, 0.8112931596562771, 0.05822694438726656], [0.08966250172096547, 0.7845747645437263, 0.08080809743210453, 0.044954636203203634], [0.9096870641728739, 0.042891667327450485, 0.024738010615605908, 0.022683257784069613], [0.07687395953501101, 0.043353759555537365, 0.059453149496278966, 0.8203191313131727]], "ideal": "C", "sampled": "C", "correct": true}}
{"type": "result", "data": {"idx": 37, "options": ["government", "business and commercial areas", "health care and hospitals", "public relations firms"], "probs": [[0.10141433688313614, 0.548021271559675, 0.07630988329326413, 0.2742545081639247], [0.36521757733798355, 0.14057645619227765, 0.306184688364187, 0.1880212780055518], [0.09983833133175964, 0.1544380783880291, 0.19777964053560382, 0.5479439496446075], [0.09953831431878564, 0.17457093816951438, 0.5287569322282886, 0.19713381518341136]], "ideal": "B", "sampled": "B", "correct": true}}
{"type": "result", "data": {"idx": 38, "options": ["Solve their problems", "Kill them with kindness", "Expose them to ridicule", "Overwhelm them with facts"], "probs": [[0.3402528343886364, 0.3335932666858692, 0.08347655522238823, 0.24267734360310617], [0.1502364873735872, 0.1174728572251149, 0.2579078376035275, 0.47438281769777046], [0.13277394171701065, 0.15693082615344722, 0.4465027054624511, 0.263792526567091], [0.269334129684124, 0.43916169423523777, 0.18545553116144017, 0.10604864481919804]], "ideal": "A", "sampled": "A", "correct": true}}
{"type": "result", "data": {"idx": 39, "options": ["Latent", "Dormant", "Aware", "Active"], "probs": [[0.2699469287431462, 0.2912467972457212, 0.18332136892450426, 0.25548490498662835], [0.2578320502977031, 0.18831181524300963, 0.18755897877724936, 0.3662971555820379], [0.24016740915757812, 0.16439375279689986, 0.2947828173342607, 0.3006560206112613], [0.26128150587339094, 0.19684348681648006, 0.2925746018936481, 0.2493004053164809]], "ideal": "B", "sampled": "B", "correct": true}}
{"type": "result", "data": {"idx": 40, "options": ["Reputation", "Impact", "Familiarity with subject or issue", "Ability to reach people"], "probs": [[0.2590403633764734, 0.28166026713595305, 0.26557508899819754, 0.19372428038937597], [0.23508512270826287, 0.2682276585958099, 0.27756120924673827, 0.21912600934918897], [0.23439672586958096, 0.2614304423070784, 0.29245999452527366, 0.211712837198067], [0.22458321523158667, 0.27691919434040807, 0.26709470946188235, 0.2314028808661229]], "ideal": "C", "sampled": "A", "correct": false}}
{"type": "result", "data": {"idx": 41, "options": ["Inputs", "Outputs", "Outtakes", "Outcomes"], "probs": [[0.2873161754269889, 0.11202419631571049, 0.1481239359537948, 0.4525356922035058], [0.18693254649552668, 0.08796452574804493, 0.6502725917378479, 0.0748303359185805], [0.29458088904171503, 0.26880831901673646, 0.15789168130418182, 0.27871911053736664], [0.3697939757663664, 0.18193666364017694, 0.36472862411772794, 0.08354073637572872]], "ideal": "A", "sampled": "D", "correct": false}}
{"type": "result", "data": {"idx": 42, "options": ["Content, quality of source, relevance", "Timing, content, media liaison", "Content, quality of source, human interest angle", "Timing, relevance, political slant"], "probs": [[0.3274083708837422, 0.20803743443764997, 0.3578148457212943, 0.10673934885731354], [0.20644098210593487, 0.19124166380576693, 0.2535449228399033, 0.3487724311483949], [0.3239899301502214, 0.19478203499442126, 0.37063315783186707, 0.11059487692349029], [0.22452912066910163, 0.3701995069938174, 0.2452630138936204, 0.16000835834346055]], "ideal": "B", "sampled": "A", "correct": false}}
{"type": "result", "data": {"idx": 43, "options": ["to help the department stay focused on its strategic plan", "to ensure that projects that are important to the CEO always have first priority", "to ensure that the department's events and public relations activities are not neglected", "to make it easier for other departments to understand the responsibilities of the public relations department"], "probs": [[0.6271535391163094, 0.10010394080859521, 0.18415052382857347, 0.08859199614652186], [0.05305732472892004, 0.07902538863925206, 0.09621254461279119, 0.7717047419190367], [0.11649066411234317, 0.12614392645588057, 0.7290614503143775, 0.028303959017398708], [0.1316681494307863, 0.7717117012883019, 0.06010043575683914, 0.03651971342407262]], "ideal": "A", "sampled": "A", "correct": true}}
{"type": "result", "data": {"idx": 44, "options": ["Inputs", "Outputs", "Outtakes", "Outcomes"], "probs": [[0.31102242135804775, 0.21825727167756492, 0.1473176435288203, 0.32340266333556705], [0.21179299054412068, 0.10461813210394859, 0.5836533307445522, 0.09993554650737857], [0.27918844928230485, 0.20502946121693905, 0.21632421458502948, 0.2994578748157266], [0.3428535099198261, 0.18983624520049577, 0.4115869921856246, 0.055723252594053474]], "ideal": "C", "sampled": "D", "correct": false}}
{"type": "result", "data": {"idx": 45, "options": ["identification", "legitimacy", "penetration", "participation"], "probs": [[0.18897236236406736, 0.15881716423311365, 0.3515868939817134, 0.30062357932110556], [0.1647675435149547, 0.16703129805351014, 0.4061370072513885, 0.26206415108014663], [0.20406859533244825, 0.28930623629655255, 0.3051293628415525, 0.2014958054294467], [0.2309844722819469, 0.2890002641090754, 0.22125091487189205, 0.25876434863708564]], "ideal": "D", "sampled": "D", "correct": true}}
{"type": "result", "data": {"idx": 46, "options": ["distribution", "penetration", "participation", "identification"], "probs": [[0.1834773963829814, 0.5459822104465024, 0.09453576550246418, 0.17600462756805196], [0.3878965146215381, 0.1646454682992877, 0.13195068346428512, 0.3155073335148891], [0.17887810403936769, 0.1738718501713405, 0.15419355492818854, 0.49305649076110325], [0.15503112173159375, 0.1037896768848972, 0.5411298516356661, 0.20004934964784296]], "ideal": "A", "sampled": "B", "correct": false}}
{"type": "result", "data": {"idx": 47, "options": ["The Creel Committee", "The Red Cross", "The Council on Public Relations", "The Office of War Information"], "probs": [[0.9048768081069454, 0.04111904085444267, 0.03905053607298264, 0.014953614865629251], [0.05566270214139562, 0.10387034597099093, 0.16245333667203474, 0.6780136151155787], [0.05751851816976402, 0.17018068944792303, 0.7474406193766457, 0.02486017290566723], [0.08879129421511357, 0.8695381849764912, 0.03255076545761756, 0.009119755250777715]], "ideal": "A", "sampled": "A", "correct": true}}
{"type": "result", "data": {"idx": 48, "options": ["An opinion", "A belief", "A behaviour", "A point of view"], "probs": [[0.3320214996598712, 0.21140090804070838, 0.31864398239877273, 0.1379336098006477], [0.41526353045674336, 0.2109403147267438, 0.2716593423835524, 0.10213681233296044], [0.3364319728566128, 0.39456829090281437, 0.1015874587962303, 0.16741227734434252], [0.4314954876468224, 0.14610707758396108, 0.23417995867771574, 0.18821747599150082]], "ideal": "A", "sampled": "D", "correct": false}}
{"type": "result", "data": {"idx": 49, "options": ["Shannon and Weaver model", "Osgood and Schramm model", "Westley and MacLean model", "Maletzke model"], "probs": [[0.87377597845793, 0.06982238001026213, 0.03633351704860397, 0.02006812438320386], [0.1740217908459801, 0.1501706480931463, 0.07558016928752463, 0.6002273916733489], [0.1531783198902997, 0.13009174215271926, 0.6729867482741229, 0.04374318958285811], [0.1143061475985785, 0.8162024844423267, 0.04129906858740151, 0.028192299271693318]], "ideal": "B", "sampled": "A", "correct": false}}
{"type": "result", "data": {"idx": 50, "options": ["The conglomeration of media outlets into large corporations.", "The way in which all media outlets post similar content to their competitors.", "The many differing views and cultures expressed in modern media.", "Information being delivered in different formats via various digital channels."], "probs": [[0.11195734553536736, 0.0999630212694871, 0.09016147731351826, 0.6979181557816273], [0.07339359347509515, 0.07255763085048125, 0.8109987679430007, 0.04305000763142281], [0.06335182628933478, 0.8591178250746622, 0.049935964115989676, 0.027594384420013336], [0.8800296711059348, 0.0609315632778011, 0.033887880076827144, 0.025150885439436988]], "ideal": "D", "sampled": "D", "correct": true}}
{"type": "result", "data": {"idx": 51, "options": ["Product-oriented advertising", "Idea-oriented advertising", "Person-oriented advertising", "Platform-oriented advertising"], "probs": [[0.05619774122178369, 0.06852225055609786, 0.840504599023773, 0.034775409098345464], [0.07399801440554628, 0.8197225408357104, 0.06355381353899524, 0.042725631119748066], [0.17443198674222002, 0.10649671673469488, 0.17102067896411213, 0.548050617458973], [0.04911595973297027, 0.06682101661349574, 0.12755133257853762, 0.7565116909749964]], "ideal": "C", "sampled": "C", "correct": true}}
{"type": "result", "data": {"idx": 52, "options": ["Implementation", "Impact", "Attitude change", "Preparation"], "probs": [[0.2726059758842059, 0.3496172390243404, 0.1891499749493675, 0.1886268100420862], [0.27596063241465874, 0.1764192633577376, 0.2720002016749239, 0.27561990245267975], [0.15966742991300018, 0.136475814321761, 0.19438856548528247, 0.5094681901799564], [0.1540079242729924, 0.12742985593847897, 0.5146563571973122, 0.20390586249121648]], "ideal": "B", "sampled": "B", "correct": true}}
{"type": "result", "data": {"idx": 53, "options": ["Formal", "Abstract", "Personal", "Objective"], "probs": [[0.17942030726069108, 0.23364081976461504, 0.4493241309670305, 0.1376147419076634], [0.2171012311956742, 0.28709149357785824, 0.29518344995407847, 0.20062382517238908], [0.23902209456887907, 0.2593475916625133, 0.3245998669031488, 0.17703044676545882], [0.18694452758250044, 0.17776112157464527, 0.37548702574607723, 0.25980732499677706]], "ideal": "C", "sampled": "C", "correct": true}}
{"type": "result", "data": {"idx": 54, "options": ["libel and publication regulations", "access and deregulation", "Securities and Exchange Commission", "copyright and trademark law"], "probs": [[0.028824891049648457, 0.07207100347705145, 0.15171374915990263, 0.7473903562133974], [0.023052192320425727, 0.055963685404058695, 0.8917527445132225, 0.029231377662293095], [0.02347888133534479, 0.9118268081307472, 0.04162128828252583, 0.023073022151382166], [0.888991843414355, 0.04092818077141488, 0.05684663804793765, 0.013233337666292472]], "ideal": "D", "sampled": "D", "correct": true}}
{"type": "result", "data": {"idx": 55, "options": ["London", "Oxford", "Manchester", "Edinburgh"], "probs": [[0.45187240734869044, 0.16944067886317957, 0.16829945868515123, 0.21038745500297873], [0.16103457032794655, 0.0873422703606634, 0.18651229280240064, 0.5651108664089894], [0.18643332877058091, 0.13049305876907327, 0.6059314562822571, 0.07714215607808872], [0.36143496359671606, 0.4631091917356481, 0.08182021168680204, 0.09363563288083382]], "ideal": "B", "sampled": "A", "correct": false}}
{"type": "result", "data": {"idx": 56, "options": ["Circulation", "Distribution", "Traffic", "Readership"], "probs": [[0.19141356359872044, 0.25050222497905317, 0.26948788357829473, 0.2885963277439316], [0.20679262894686307, 0.1951004324688251, 0.24158794405392733, 0.3565189944303845], [0.19349055903733356, 0.19889699818002027, 0.311244031420696, 0.2963684112619502], [0.20990814266489938, 0.24440847334801857, 0.2773604094704787, 0.26832297441660335]], "ideal": "D", "sampled": "A", "correct": false}}
{"type": "result", "data": {"idx": 57, "options": ["planning", "implementation", "evaluation", "tactical"], "probs": [[0.3777999596068983, 0.3307025483886592, 0.15168153108022253, 0.13981596082422], [0.49257344369562145, 0.08415062042341508, 0.23989348289872472, 0.18338245288223873], [0.12903834878107961, 0.19342900810691593, 0.3455908000123617, 0.33194184299964274], [0.1298834185960862, 0.11022512948062223, 0.6866719466255896, 0.07321950519770189]], "ideal": "B", "sampled": "B", "correct": true}}
{"type": "result", "data": {"idx": 58, "options": ["Politics", "Retail business", "Automotive sales", "Nonprofits"], "probs": [[0.27196352860700823, 0.23338518338893968, 0.15110961641023588, 0.3435416714938162], [0.18167768010890872, 0.12431753147675725, 0.42561789391513, 0.26838689439920405], [0.19213617418681003, 0.1661547769784109, 0.4604616897975396, 0.18124735893723945], [0.28714643622388963, 0.26198406833841875, 0.3222822402565253, 0.12858725508116634]], "ideal": "A", "sampled": "A", "correct": true}}
{"type": "result", "data": {"idx": 59, "options": ["Proximity", "Timeliness", "Prominence", "Impact"], "probs": [[0.27325390007984524, 0.24382893338576692, 0.30507929493770797, 0.17783787149667984], [0.40401499255387063, 0.2635610322819532, 0.2046442566713414, 0.12777971839283478], [0.3906948384458984, 0.21129188569137178, 0.15177771899904124, 0.24623555676368855], [0.3067747010464455, 0.20181736047310034, 0.2839834945516396, 0.20742444382881453]], "ideal": "D", "sampled": "B", "correct": false}}
{"type": "result", "data": {"idx": 60, "options": ["Public opinion", "Issues management", "Public affairs", "Lobbying"], "probs": [[0.12175326819172974, 0.742927598244795, 0.10828959136462277, 0.027029542098852423], [0.8146874862525377, 0.09891327440800537, 0.051681041394586964, 0.034718197844869965], [0.08576905598722931, 0.07010093226177437, 0.11241487990067477, 0.7317151317503215], [0.042859847094443994, 0.08716673857716647, 0.8121971314734131, 0.05777628275497645]], "ideal": "B", "sampled": "B", "correct": true}}
{"type": "result", "data": {"idx": 61, "options": ["Inputs", "Outputs", "Outtakes", "Outcomes"], "probs": [[0.2251716352620585, 0.388616497303442, 0.12877895275446866, 0.25743291458003087], [0.18712469419361139, 0.10312776804350479, 0.6178499781836361, 0.09189755947924769], [0.25135776398052523, 0.24842421708006937, 0.17463679609936525, 0.32558122274004014], [0.2696324231622378, 0.13306165929849437, 0.5225585569716172, 0.07474736046765061]], "ideal": "B", "sampled": "B", "correct": true}}
{"type": "result", "data": {"idx": 62, "options": ["Use your relationships with local donors to gain coverage.", "Localize the news releases for audiences in your geography.", "Pitch the news releases as written, but include a quote from your chapter's executive director.", "Remind editors that your organization is a national, prominent non-profit to which their publisher donates."], "probs": [[0.13376527918845538, 0.6672502556073683, 0.12601986514024993, 0.07296459996392642], [0.7344411501382306, 0.12206551994555163, 0.07624103014539667, 0.0672522996708211], [0.13730637625493652, 0.10754961439227223, 0.15462656202389355, 0.6005174472288977], [0.09769259173878295, 0.11484932641618355, 0.6862730825839173, 0.10118499916111619]], "ideal": "B", "sampled": "B", "correct": true}}
{"type": "result", "data": {"idx": 63, "options": ["To regulate access to posts in the field", "To create an elite of public relations practitioners", "To preserve the well-being of society", "To achieve better wages for licensed practitioners"], "probs": [[0.35074282211644986, 0.2429221308423863, 0.320034151045776, 0.08630089589538784], [0.3724068347378669, 0.23536990229860777, 0.13836133272513956, 0.25386193013838576], [0.2666816234328628, 0.11129922171161695, 0.3889502758419607, 0.2330688789135596], [0.16444392010582382, 0.16203976683069818, 0.40481438022337224, 0.2687019327401058]], "ideal": "C", "sampled": "B", "correct": false}}
{"type": "result", "data": {"idx": 64, "options": ["Situation analysis", "Strategy", "Implementation", "Evaluation involves assessing all aspects of the programme."], "probs": [[0.6046621708762647, 0.20130678709361352, 0.11932632893134483, 0.07470471299877691], [0.4653288998930578, 0.1528023125258656, 0.10659580566984221, 0.2752729818112344], [0.2815757947643784, 0.08294631416346196, 0.3627733831821693, 0.27270450778999034], [0.1481199910114113, 0.4841951104681585, 0.24333330844889775, 0.12435158997153246]], "ideal": "B", "sampled": "A", "correct": false}}
{"type": "result", "data": {"idx": 65, "options": ["Postwar Era, 1945 - 1965", "Roosevelt Era, 1930 - 1945", "Booming Twenties Era, 1919 - 1929", "Seedbed Era, 1900 ' 1917"], "probs": [[0.12733023057096796, 0.37979394759603136, 0.24000323173988755, 0.25287258999311313], [0.16336832695507, 0.26674064593716396, 0.42490964490531136, 0.14498138210245468], [0.23128777162315287, 0.31557336605253855, 0.14719507270815602, 0.3059437895161526], [0.22625418146647375, 0.1840015539938058, 0.37638173240344547, 0.21336253203627498]], "ideal": "D", "sampled": "B", "correct": false}}
{"type": "result", "data": {"idx": 66, "options": ["workplace violence", "organizational misdeeds", "megadamage", "crisis management"], "probs": [[0.5806216683495817, 0.1447374991143671, 0.12724890003196815, 0.14739193240408305], [0.15732075741269816, 0.14385143349673593, 0.19454424661074474, 0.5042835623798212], [0.09809672699513021, 0.14540812561773403, 0.6678618190936318, 0.08863332819350396], [0.05012081394928416, 0.8290930707600213, 0.05831102830780845, 0.06247508688288616]], "ideal": "A", "sampled": "A", "correct": true}}
{"type": "result", "data": {"idx": 67, "options": ["individual values, lifestyles and characteristics", "individual sex, age, race and income statistics", "potential influence", "all of the above"], "probs": [[0.6083404006451114, 0.06857194210117616, 0.11856562251352615, 0.2045220346401862], [0.0451904621754959, 0.07541440005138371, 0.16186659622064226, 0.7175285414524781], [0.04981989190289361, 0.10870759447139043, 0.8009158014040849, 0.04055671212163109], [0.06425906453812624, 0.8289920943186949, 0.059685909531462245, 0.04706293151171661]], "ideal": "A", "sampled": "A", "correct": true}}
{"type": "result", "data": {"idx": 68, "options": ["Clients' questions about costs", "Resistance to outside advice", "Superficial grasp of the client's unique problems", "Personality conflicts"], "probs": [[0.20900302500413886, 0.22457235380035956, 0.21272503693584133, 0.35369958415966024], [0.24120677825477568, 0.18963366603718038, 0.4778103792352718, 0.09134917637277212], [0.2735117036797522, 0.4311892027544548, 0.1514402456215539, 0.14385884784423905], [0.38948000634232544, 0.17697972584920765, 0.25993112501677695, 0.17360914269168995]], "ideal": "A", "sampled": "D", "correct": false}}
{"type": "result", "data": {"idx": 69, "options": ["50%", "60%", "70%", "80%"], "probs": [[0.21988450316203956, 0.2193876984404834, 0.32594019657005147, 0.23478760172742558], [0.24102914690094632, 0.23087905689075072, 0.2938473268132709, 0.23424446929503204], [0.26241241075808125, 0.3202879869746349, 0.2339016154428595, 0.1833979867244243], [0.22870978924653085, 0.1873881211233596, 0.35809534472336746, 0.22580674480674207]], "ideal": "D", "sampled": "D", "correct": true}}
