{"type": "result", "data": {"idx": 0, "options": ["Offerings", "Prayers", "Apparitions", "Idols"], "probs": [[0.050479634874757776, 0.05328351948822287, 0.06301291661901465, 0.8332239289180047], [0.022103310050810662, 0.07064243689872719, 0.8725734975432635, 0.034680755407198616], [0.0553404848099384, 0.8817948266316341, 0.040352311732911914, 0.022512376725515617], [0.7237514145973973, 0.1570201174249766, 0.0428500204166402, 0.07637844746098588]], "ideal": "D", "sampled": "D", "correct": true}}
{"type": "result", "data": {"idx": 1, "options": ["Daoism", "Yin-Yang School", "Mengzi", "Humanistic Buddhism"], "probs": [[0.37398986696391995, 0.28047232090733565, 0.07267104413398273, 0.27286676789476166], [0.14711068963198823, 0.09023755115578577, 0.11496908104990497, 0.647682678062321], [0.12605019288144226, 0.2187839662447527, 0.2684294363119822, 0.3867364044618229], [0.2541046454386397, 0.3775569374231879, 0.24753840478957834, 0.12080001224859406]], "ideal": "B", "sampled": "A", "correct": false}}
{"type": "result", "data": {"idx": 2, "options": ["325 CE", "119 CE", "451 CE", "596 CE"], "probs": [[0.14852361600886121, 0.19550554743697543, 0.1529199056609523, 0.5030509307932111], [0.205135422618414, 0.12741964294711247, 0.4994489848442721, 0.16799594949020147], [0.2217681722557403, 0.4598876559341419, 0.17110296062290528, 0.1472412110872125], [0.5302371938723779, 0.14930006748956487, 0.22172280978635905, 0.09873992875169818]], "ideal": "D", "sampled": "D", "correct": true}}
{"type": "result", "data": {"idx": 3, "options": ["Akitu", "Wag and Thoth", "Bast", "Nehebkau"], "probs": [[0.9312859592975397, 0.03378701360723823, 0.021530975616699977, 0.01339605137852214], [0.033424824721933935, 0.026463234991640237, 0.03053343132230355, 0.9095785088641223], [0.02918254995812555, 0.027749674859026408, 0.9212975633805692, 0.021770211702278823], [0.04919474406513103, 0.8811621965687227, 0.04113259400689046, 0.028510465259255807]], "ideal": "A", "sampled": "A", "correct": true}}
{"type": "result", "data": {"idx": 4, "options": ["Zazen", "Tariki", "Kami", "Ikebana"], "probs": [[0.024430891724010622, 0.041563988114872, 0.05508729866236265, 0.8789178213987547], [0.027755751632905872, 0.05386211228307543, 0.8910105046395712, 0.027371631344447433], [0.038055462597474485, 0.918091457309025, 0.02447382283594053, 0.019379257157559983], [0.9547999099856961, 0.020356897679777764, 0.012379474258999525, 0.012463717975526596]], "ideal": "D", "sampled": "D", "correct": true}}
{"type": "result", "data": {"idx": 5, "options": ["Harmony and balance", "Devotion and piety", "Love and passion", "Goodwill and love"], "probs": [[0.20188545877873468, 0.4120919642618676, 0.0813518303349946, 0.3046707465244031], [0.12837901184106143, 0.05875406545448345, 0.35379095412344674, 0.4590759684810084], [0.07334768279557227, 0.11157572265208476, 0.6229220210413716, 0.19215457341097134], [0.22659764645834937, 0.4006454884028194, 0.24834015232760465, 0.1244167127112266]], "ideal": "A", "sampled": "A", "correct": true}}
{"type": "result", "data": {"idx": 6, "options": ["Shabad", "Khalse", "Nam", "Guru"], "probs": [[0.9415253102169243, 0.024042690591675114, 0.020362120191333717, 0.014069878900066862], [0.09200589700635227, 0.06826947883092684, 0.11878412658219292, 0.7209404974805279], [0.1622335880416525, 0.08248337203774227, 0.7000153529686195, 0.055267686851985694], [0.15691097867807824, 0.681552021961959, 0.09072824906120279, 0.07080875019876003]], "ideal": "A", "sampled": "A", "correct": true}}
{"type": "result", "data": {"idx": 7, "options": ["Muhammad's miraculous ascent to heaven", "Muhammad's migration to Mecca", "Muhammad's first community in Mecca", "Muhammad's revelations of the Qur'an"], "probs": [[0.8461502786741817, 0.09281549689923994, 0.035374951835447276, 0.025659272491131115], [0.05347588671743332, 0.06021086094747569, 0.0747081512706274, 0.8116051009644636], [0.05823427940846407, 0.08638373954588023, 0.8119681062177291, 0.04341387472792665], [0.10583123957913931, 0.8114430013770163, 0.05251760603400432, 0.030208152909840028]], "ideal": "A", "sampled": "A", "correct": true}}
{"type": "result", "data": {"idx": 8, "options": ["Laws of Dharma", "Laws of Karma", "Laws of Vishnu", "Laws of Manu"], "probs": [[0.07327379149073404, 0.05137601026051057, 0.0526360636033369, 0.8227141345454185], [0.02268335891977276, 0.033059022208978904, 0.882829696054885, 0.06142792271636334], [0.04150171314685353, 0.9130083935497288, 0.029635990021350363, 0.015853903182067242], [0.9424514113692912, 0.02918837383591211, 0.015027417742575828, 0.013332796952220805]], "ideal": "D", "sampled": "D", "correct": true}}
{"type": "result", "data": {"idx": 9, "options": ["The Holy Book", "The Narrative", "The Recitation", "The Pillars"], "probs": [[0.17473281397464513, 0.09598377805036765, 0.706293740610371, 0.022989667264616258], [0.19533980434886714, 0.4143162466688718, 0.06116581038833617, 0.3291781384939249], [0.3736076922817367, 0.0945829890977408, 0.4932363294075695, 0.038572989112953045], [0.10252830996252871, 0.15770363255971967, 0.07465522435486159, 0.66511283302289]], "ideal": "C", "sampled": "C", "correct": true}}
{"type": "result", "data": {"idx": 10, "options": ["Mother of Light", "Father of Goodness", "Ineffable Lover", "Eternal Spirit"], "probs": [[0.482799484764918, 0.14116552891408968, 0.22066866516853045, 0.15536632105246181], [0.38513578812992305, 0.237478651455775, 0.1486370966095972, 0.22874846370470475], [0.33571230861596413, 0.14112628784666403, 0.2683479149617438, 0.254813488475628], [0.28313945455374595, 0.2673666655437013, 0.12222878087302139, 0.3272650989295313]], "ideal": "B", "sampled": "A", "correct": false}}
{"type": "result", "data": {"idx": 11, "options": ["Bushido", "Shinto", "Nichiren", "Soto Zen"], "probs": [[0.10702978392453943, 0.12010841428355566, 0.4809967422301407, 0.29186505946176416], [0.2077376282964895, 0.2355050803937023, 0.5085618354075866, 0.04819545580222161], [0.37536188580557217, 0.2442441215052631, 0.08530200254344243, 0.2950919900457223], [0.4049976199832695, 0.12152987062855604, 0.18826055665115837, 0.28521195263701604]], "ideal": "D", "sampled": "D", "correct": true}}
{"type": "result", "data": {"idx": 12, "options": ["Sangat", "Langar", "Gurdwara", "Panth"], "probs": [[0.028287572293496762, 0.9176016273770602, 0.035747370008921676, 0.018363430220521434], [0.9672795455062047, 0.014303576184119957, 0.011904102117049889, 0.006512776092625472], [0.05401211875859473, 0.028201247968661556, 0.06550764169805993, 0.8522789914746838], [0.02512865299922436, 0.06054272140413926, 0.8780386407043309, 0.03628998479230549]], "ideal": "B", "sampled": "B", "correct": true}}
{"type": "result", "data": {"idx": 13, "options": ["Buddhism", "Daoism", "Confucianism", "Shamanism"], "probs": [[0.18690280238325785, 0.4169197926652621, 0.09083304349664753, 0.30534436135483256], [0.556176726137935, 0.06322211818675373, 0.06852029314339629, 0.31208086243191496], [0.12966994167044807, 0.14907889668172541, 0.14627862593388313, 0.5749725356139433], [0.17951933082690727, 0.10934856858794854, 0.39877094022729653, 0.3123611602578476]], "ideal": "B", "sampled": "B", "correct": true}}
{"type": "result", "data": {"idx": 14, "options": ["Worship", "Submission", "Obedience", "Faith"], "probs": [[0.02380142298620613, 0.9145493267983383, 0.03912411155209314, 0.022525138563362416], [0.9502035369610127, 0.022335872031064546, 0.01657779326815361, 0.010882797639769196], [0.05281741936281179, 0.04120801031627447, 0.06169688723996551, 0.8442776829809482], [0.020514622051417446, 0.030275762645400828, 0.9182272190786502, 0.030982396124531443]], "ideal": "B", "sampled": "B", "correct": true}}
{"type": "result", "data": {"idx": 15, "options": ["Suffering", "Soul", "Impermanence", "No-self"], "probs": [[0.02528328990347879, 0.043911717046917084, 0.07858273168049652, 0.8522222612691076], [0.03182221806525872, 0.08113533639981599, 0.8511019563821328, 0.03594048905279249], [0.03768769040069577, 0.8804534711266179, 0.04458627194477813, 0.03727256642790825], [0.8971135799215845, 0.04805205115302054, 0.030189548303306554, 0.0246448205220884]], "ideal": "D", "sampled": "D", "correct": true}}
{"type": "result", "data": {"idx": 16, "options": ["Spiritual narratives", "Redemption narratives", "Birth narratives", "Theological narratives"], "probs": [[0.044608907236433765, 0.09387786220201434, 0.8302358039453624, 0.031277426516189484], [0.05264529134335238, 0.8675927985695733, 0.047951123889194154, 0.03181078609788023], [0.9071275565598302, 0.06798571328515461, 0.017060914958813556, 0.007825815096201621], [0.08264328101357211, 0.14498337151833568, 0.06287169690068539, 0.7095016504674069]], "ideal": "C", "sampled": "C", "correct": true}}
{"type": "result", "data": {"idx": 17, "options": ["Vajrayana", "Theravada", "Mahayana", "Mahavira"], "probs": [[0.1058167787508743, 0.08360931803468764, 0.7796843443858628, 0.030889558728575347], [0.10941816201768499, 0.7897169051998668, 0.05684633594813464, 0.04401859673431358], [0.9088872775313881, 0.03676203439371168, 0.03249259117240165, 0.02185809680249858], [0.05192140765115323, 0.05495756761631707, 0.10735926576078597, 0.7857617588717437]], "ideal": "C", "sampled": "C", "correct": true}}
{"type": "result", "data": {"idx": 18, "options": ["Svetambara", "Jina", "Agama", "Digambara"], "probs": [[0.2274404618435465, 0.12311984677930277, 0.1712692345613567, 0.478170456715794], [0.13725511932870768, 0.12665501424379716, 0.3904026804534008, 0.34568718587409436], [0.1694391804060835, 0.15565055491224183, 0.6067479803048699, 0.06816228427680475], [0.30471046166820087, 0.4608069417489064, 0.1571263290793209, 0.07735626740357182]], "ideal": "D", "sampled": "A", "correct": false}}
{"type": "result", "data": {"idx": 19, "options": ["The Shema", "The Sefirot", "Deuteronomy", "The Decalogue"], "probs": [[0.9513628138726483, 0.02137408753116773, 0.01897452770421532, 0.008288570791968626], [0.04946183914283344, 0.046433546855257406, 0.19747770345599547, 0.7066269104459136], [0.06501864326377327, 0.06868336761471822, 0.8488481824926567, 0.017449806528851763], [0.10498142184713027, 0.8489715999860048, 0.0340123001554416, 0.012034677911423331]], "ideal": "A", "sampled": "A", "correct": true}}
{"type": "result", "data": {"idx": 20, "options": ["Brahminic orthodoxy", "Legalistic asceticism", "Bhakti devotionals", "Unorthodox practices"], "probs": [[0.4692542815539799, 0.22143673729591956, 0.07094123160918513, 0.23836774944091538], [0.1311475854296914, 0.13199820326449516, 0.3946780624782906, 0.3421761487275228], [0.1243999339336907, 0.17007869987213642, 0.49301768813620195, 0.21250367795797093], [0.23676048128636193, 0.5115090589030096, 0.19129428194303327, 0.06043617776759528]], "ideal": "A", "sampled": "A", "correct": true}}
{"type": "result", "data": {"idx": 21, "options": ["The Battle of Uhud", "The Battle of Camel", "The Battle of the Trench", "The Battle of Badr"], "probs": [[0.2916544501695773, 0.2391859895236923, 0.17116314640937386, 0.29799641379735653], [0.3629777566884581, 0.2111914361269535, 0.3409208502612944, 0.08490995682329398], [0.17636286947807042, 0.6509078643429871, 0.10139146295082734, 0.07133780312811519], [0.7117859296214516, 0.15138456811675136, 0.06896745001774084, 0.06786205214405622]], "ideal": "C", "sampled": "D", "correct": false}}
{"type": "result", "data": {"idx": 22, "options": ["Remembering the Divine Name", "Meditating on the sacred hymns", "Remembering that death is inevitable", "Meditating on the goodness of the created world"], "probs": [[0.39369022255640873, 0.28135069782676086, 0.2429332845723095, 0.08202579494452088], [0.11628584302650175, 0.11743253205810675, 0.07749900792883935, 0.6887826168865522], [0.14646466511408124, 0.12575061992790315, 0.6452199412302656, 0.08256477362775004], [0.13550731538371183, 0.5894753336316958, 0.12379695473863501, 0.15122039614595736]], "ideal": "A", "sampled": "A", "correct": true}}
{"type": "result", "data": {"idx": 23, "options": ["Confucianism", "Buddhism", "Christianity", "Daoism"], "probs": [[0.1806857788586467, 0.24758642157184063, 0.4351250956554728, 0.13660270381403986], [0.22501731251936027, 0.27195200726579083, 0.136701481577517, 0.36632919853733187], [0.12284647201665191, 0.10810848566051162, 0.3453848140799907, 0.4236602281428457], [0.10648536839739617, 0.17300431686406292, 0.510039873519794, 0.21047044111874696]], "ideal": "A", "sampled": "B", "correct": false}}
{"type": "result", "data": {"idx": 24, "options": ["Disciple", "Faithful", "Devotee", "Enlightened"], "probs": [[0.34527500431437624, 0.17647976645612912, 0.33258267242614525, 0.14566255670334938], [0.3323411345149531, 0.20669570563156736, 0.23991362748131106, 0.22104953227216842], [0.28739907478203097, 0.12409236656103279, 0.41019667948564675, 0.17831187907128945], [0.259495801348742, 0.28371522271342103, 0.2295135352220915, 0.22727544061574542]], "ideal": "A", "sampled": "A", "correct": true}}
{"type": "result", "data": {"idx": 25, "options": ["The sages of the Zhuangzi", "The Songs of the South", "The Duke of Zhou", "The Confucian \"sage kings\""], "probs": [[0.3266303192254558, 0.2497904114206623, 0.2689066488934867, 0.15467262036039514], [0.33019958447196057, 0.30965094371094015, 0.2168321512348713, 0.14331732048222798], [0.38804146643572895, 0.23299537596756809, 0.20499022302961847, 0.1739729344670845], [0.3403501415121036, 0.22939959043352137, 0.2247112527092844, 0.2055390152450906]], "ideal": "A", "sampled": "C", "correct": false}}
{"type": "result", "data": {"idx": 26, "options": ["Anointed one", "God", "Prophet", "The line of David"], "probs": [[0.903498364946769, 0.04545703225064241, 0.032151006638038826, 0.018893596064549732], [0.026371604664067672, 0.0319473902534516, 0.09707714178617972, 0.844603863196301], [0.04515812699396962, 0.06237053195949211, 0.8609985887404759, 0.03147275220606245], [0.08257643517102597, 0.8456513082531879, 0.049718788341247384, 0.022053468134538675]], "ideal": "A", "sampled": "A", "correct": true}}
{"type": "result", "data": {"idx": 27, "options": ["Soul", "Sound", "Non-matter", "Non-soul"], "probs": [[0.09667472252252372, 0.08532603574954443, 0.739809967807163, 0.07818927382076879], [0.17545777296073362, 0.5160716098616286, 0.16829740748663496, 0.14017320959100282], [0.7525138742094649, 0.14773845450982584, 0.07222064476154284, 0.027527026419166368], [0.24222356439527912, 0.10085871964964074, 0.09070105984944664, 0.5662166560056334]], "ideal": "D", "sampled": "C", "correct": false}}
{"type": "result", "data": {"idx": 28, "options": ["A collection of statues", "Veneration of ancestors", "Seated meditation", "Funeral rituals"], "probs": [[0.05106800881255053, 0.04472923400946259, 0.8817841513066274, 0.0224186057713595], [0.04989619692771937, 0.9086913042402498, 0.027480077578728525, 0.013932421153302267], [0.9652950330300094, 0.01700274221124692, 0.011964115323203716, 0.005738109335539969], [0.046267911375791324, 0.03227486545047483, 0.0456587780377406, 0.8757984450359932]], "ideal": "C", "sampled": "C", "correct": true}}
{"type": "result", "data": {"idx": 29, "options": ["Asceticism", "Bodily pleasure", "Music", "Sexual union"], "probs": [[0.06025863842307752, 0.3164860222051024, 0.059918690759420405, 0.5633366485123996], [0.11057179251699506, 0.11793778705583197, 0.6808331367127148, 0.09065728361445817], [0.07055992150196856, 0.5990007146221692, 0.0802985981137696, 0.2501407656620927], [0.7561020141664724, 0.09821611495501947, 0.10872692451690766, 0.03695494626160045]], "ideal": "D", "sampled": "D", "correct": true}}
{"type": "result", "data": {"idx": 30, "options": ["Loving and forgiving", "Wrathful and merciful", "Judging and vengeful", "Transcendent and immanent"], "probs": [[0.13434646321662955, 0.2784728262346433, 0.47351262479317374, 0.11366808565555343], [0.35209590193088536, 0.23857963082788763, 0.2439174353832468, 0.16540703175798016], [0.2744652114374715, 0.2815266335183974, 0.20073861479953073, 0.24326954014460037], [0.13500272339734706, 0.10069242568912419, 0.5222773784894823, 0.24202747232404645]], "ideal": "B", "sampled": "B", "correct": true}}
{"type": "result", "data": {"idx": 31, "options": ["Palestine and Babylonia", "Babylonia and Europe", "Palestine and Spain", "Spain and France"], "probs": [[0.48483776589748995, 0.20679947320238276, 0.24756240643273383, 0.06080035436739349], [0.1410687385119527, 0.5534814471909922, 0.08863810250830659, 0.2168117116887485], [0.29661010701589235, 0.15994092402846832, 0.4396823939028399, 0.10376657495279941], [0.13036578503837526, 0.563740415405273, 0.11635386595892057, 0.18953993349743115]], "ideal": "A", "sampled": "A", "correct": true}}
{"type": "result", "data": {"idx": 32, "options": ["Buddhism", "Hinduism", "Judaism", "Islam"], "probs": [[0.716816779352391, 0.15997929630901966, 0.07085751550684034, 0.052346408731748985], [0.22189551259004134, 0.15435342259125007, 0.16770708309363505, 0.45604398162507354], [0.12507163452863312, 0.1293970692548797, 0.6216736070813542, 0.12385768903513295], [0.18661396203559122, 0.5480511187959028, 0.188311144690756, 0.07702377437774989]], "ideal": "A", "sampled": "A", "correct": true}}
{"type": "result", "data": {"idx": 33, "options": ["Kali yuga", "Maha yuga", "Krita yuga", "Satya yuga"], "probs": [[0.7432023133012907, 0.06362291804052451, 0.06143727519119981, 0.13173749336698498], [0.21888550950718416, 0.09967397823175952, 0.17761574551463377, 0.5038247666464225], [0.13346569336719025, 0.09062902428192837, 0.7076628065349356, 0.0682424757159457], [0.1482867620481793, 0.7024806841875079, 0.0762310411888281, 0.07300151247548473]], "ideal": "A", "sampled": "A", "correct": true}}
{"type": "result", "data": {"idx": 34, "options": ["Hymns", "Laws", "Ethics", "Myths"], "probs": [[0.890152705885348, 0.063796122018776, 0.024504701257781644, 0.021546470738094396], [0.04139523965779616, 0.0519187945744998, 0.07402133885229556, 0.8326646268154084], [0.041618791868731124, 0.06670551225006206, 0.8550462412553418, 0.03662945452586497], [0.044957491115473425, 0.899142252519188, 0.03641475554119451, 0.019485500724144095]], "ideal": "A", "sampled": "A", "correct": true}}
{"type": "result", "data": {"idx": 35, "options": ["Pure Land", "Tendai", "Shingon", "Soto Zen"], "probs": [[0.9181568914928756, 0.037932254318968864, 0.02504829745957013, 0.018862556628585363], [0.08147717357517922, 0.05240133090241758, 0.0398336802364579, 0.8262878151859453], [0.10396578123138625, 0.06710963670569994, 0.7733570903758826, 0.055567491587031184], [0.1086995899568577, 0.7697945236389935, 0.06896064429785628, 0.05254524200629256]], "ideal": "A", "sampled": "A", "correct": true}}
{"type": "result", "data": {"idx": 36, "options": ["Sita", "Rama", "Kali", "Durga"], "probs": [[0.7337444773934908, 0.09064189784895543, 0.058368304644221235, 0.11724532001333252], [0.09892294554913252, 0.06793858855283368, 0.1323313712941399, 0.7008070945038939], [0.1119047784090252, 0.09823545885769251, 0.6852415254417388, 0.10461823719154355], [0.17007613530033872, 0.6545597471309968, 0.09025067975023805, 0.08511343771842635]], "ideal": "A", "sampled": "A", "correct": true}}
{"type": "result", "data": {"idx": 37, "options": ["Rumi", "Rabi'a", "Fatimah", "Khadija"], "probs": [[0.08261292802701607, 0.8449784734754864, 0.04552112315790569, 0.02688747523959183], [0.8831545162984161, 0.0627393129930825, 0.022641556461731178, 0.03146461414677016], [0.0484538712710958, 0.06369626046853125, 0.06980651841311074, 0.8180433497472622], [0.05298146703647496, 0.09399679477311956, 0.8132209928493024, 0.039800745241103073]], "ideal": "B", "sampled": "B", "correct": true}}
{"type": "result", "data": {"idx": 38, "options": ["Andal", "Devi", "Ganga", "Kali"], "probs": [[0.9317862431198644, 0.03053897064386567, 0.02478150130372776, 0.01289328483254217], [0.06923018369418171, 0.03814215198469899, 0.05316836739109607, 0.8394592968300232], [0.05235508220300145, 0.05627851334377706, 0.8572317584515033, 0.03413464590171809], [0.04597075317318547, 0.8862806027709331, 0.0514773059694945, 0.016271337986386924]], "ideal": "A", "sampled": "A", "correct": true}}
{"type": "result", "data": {"idx": 39, "options": ["Paul of Tarsus", "Clare of Assisi", "Francis of Assisi", "John of the Cross"], "probs": [[0.09844798740427664, 0.26030597476004197, 0.5170552807090488, 0.12419075702663253], [0.3919163062475468, 0.4419157521056129, 0.1146237854344654, 0.05154415611237484], [0.8435590609955088, 0.07984958530186768, 0.03356678445933673, 0.04302456914328672], [0.0677515475320328, 0.054372602139079185, 0.21898369875083407, 0.6588921514780539]], "ideal": "C", "sampled": "C", "correct": true}}
{"type": "result", "data": {"idx": 40, "options": ["Epistemology", "Morality", "Religion", "Aesthetics"], "probs": [[0.2898619684328263, 0.28150679819430774, 0.24153540306252655, 0.18709583021033943], [0.5141212556651757, 0.17215171662101336, 0.14089087090790484, 0.172836156705906], [0.24409703180443987, 0.18307293404080793, 0.30037828381698767, 0.2724517502377645], [0.16867477687475813, 0.11811439339784624, 0.4476448759690844, 0.2655659536583112]], "ideal": "B", "sampled": "B", "correct": true}}
{"type": "result", "data": {"idx": 41, "options": ["Greek Orthodox", "Roman Catholic", "Puritans", "Quakers"], "probs": [[0.11226479365714558, 0.12015575495632352, 0.2921848609870312, 0.4753945902994997], [0.20670153714717257, 0.27512067254168265, 0.41378797124206046, 0.10438981896908432], [0.34052495622843365, 0.44974560510732225, 0.0780524874526074, 0.13167695111163671], [0.31535329001879436, 0.09140310772027493, 0.1665019020345348, 0.4267417001263959]], "ideal": "D", "sampled": "D", "correct": true}}
{"type": "result", "data": {"idx": 42, "options": ["Peter", "Paul", "Jesus", "Matthew"], "probs": [[0.9155902537603486, 0.03813765435169836, 0.03278520214431177, 0.013486889643641234], [0.0722606355265006, 0.05243215140134803, 0.04419652892866123, 0.8311106840434901], [0.04628195137182593, 0.05445730936450629, 0.8358184507588035, 0.06344228840486427], [0.07003745227240148, 0.7960938573251634, 0.06340866346295393, 0.07046002683948124]], "ideal": "A", "sampled": "A", "correct": true}}
{"type": "result", "data": {"idx": 43, "options": ["1935", "2000", "1965", "1975"], "probs": [[0.4241174129410846, 0.12287310418097466, 0.30286401281558734, 0.15014546996235334], [0.1300331801046038, 0.3969578742583999, 0.18927778301730422, 0.28373116251969205], [0.19846365604563046, 0.14784080728003143, 0.5661308553945068, 0.08756468117983134], [0.19707208407565602, 0.5096015003351178, 0.1131696536441791, 0.1801567618450471]], "ideal": "A", "sampled": "A", "correct": true}}
{"type": "result", "data": {"idx": 44, "options": ["Householders who supported renouncers", "Orthodox interpreters of the scriptures", "Women ascetics who lived in communities", "Temple-dwelling renouncers"], "probs": [[0.30613469162100826, 0.16383933531078432, 0.17632001111174694, 0.3537059618564605], [0.24625549474114802, 0.2775083995330464, 0.2826120172870068, 0.1936240883387988], [0.3463764293555672, 0.38684902744147115, 0.22080939173902506, 0.0459651513639366], [0.4683759002645177, 0.22166464229700725, 0.08694372681655511, 0.22301573052191995]], "ideal": "D", "sampled": "D", "correct": true}}
{"type": "result", "data": {"idx": 45, "options": ["Thoughtfulness", "Non-action", "Spontaneity", "Meditation"], "probs": [[0.0863915992649173, 0.14852562766565217, 0.71449137791539, 0.05059139505404058], [0.06796516918612101, 0.8592627259559245, 0.0376617221051766, 0.03511038265277788], [0.824854803373207, 0.05242110866411502, 0.024919838082084117, 0.09780424978059377], [0.04498392209008744, 0.055354116691951324, 0.4889685365376102, 0.410693424580351]], "ideal": "C", "sampled": "C", "correct": true}}
{"type": "result", "data": {"idx": 46, "options": ["hand gestures", "saints", "religious clothing", "temples"], "probs": [[0.950578382161315, 0.026046639051021593, 0.01577266662632434, 0.007602312061339087], [0.04959578996385102, 0.059624428282096055, 0.06939353306618543, 0.8213862485878675], [0.041517150826202866, 0.061250075652188, 0.874550705948611, 0.022682067472998127], [0.038550620073293004, 0.9189239391592569, 0.03080461257139793, 0.011720828096052167]], "ideal": "A", "sampled": "A", "correct": true}}
{"type": "result", "data": {"idx": 47, "options": ["Julius Caesar", "Alexander the Great", "Cyrus of Persia", "Antiochus IV Epiphanes"], "probs": [[0.025640429878619024, 0.02623726604338876, 0.06076591008547927, 0.887356393892513], [0.028886674519880418, 0.04965548043634891, 0.8870676972258497, 0.034390147717921024], [0.031247273084051723, 0.8976239439095214, 0.04617845444556679, 0.024950328460860087], [0.9263159984678937, 0.031561333190982956, 0.023119841274526032, 0.019002826966597282]], "ideal": "D", "sampled": "D", "correct": true}}
{"type": "result", "data": {"idx": 48, "options": ["30", "40", "33", "52"], "probs": [[0.17790573038293278, 0.15535835225704836, 0.5302935601109353, 0.1364423571490836], [0.2093891140791265, 0.42507176320260565, 0.22184147767466741, 0.14369764494360046], [0.2392478066667739, 0.28976400820206716, 0.3283175131851684, 0.14267067184599055], [0.21083718850347824, 0.28520742480894073, 0.2913292987551424, 0.2126260878324386]], "ideal": "A", "sampled": "C", "correct": false}}
{"type": "result", "data": {"idx": 49, "options": ["Serpent", "Eagle", "Cheetah", "Cow"], "probs": [[0.16125491500158237, 0.1321120132688496, 0.33226430907896937, 0.37436876255059864], [0.10796538417554927, 0.12467521801312093, 0.6493657037155446, 0.11799369399578526], [0.1632019047096089, 0.48240870696801147, 0.23291354154407304, 0.12147584667830655], [0.5562742476266366, 0.1950691981806563, 0.15314181489773102, 0.09551473919497609]], "ideal": "D", "sampled": "D", "correct": true}}
{"type": "result", "data": {"idx": 50, "options": ["Community", "Scripture", "Worship", "Apprenticeship"], "probs": [[0.11939803776585743, 0.05463031800953834, 0.06518002744514682, 0.7607916166794574], [0.05993460773919788, 0.08733085411910829, 0.7768874051853865, 0.07584713285630741], [0.07530341577162127, 0.7991644440971019, 0.09356154103988366, 0.03197059899139324], [0.3730902130989201, 0.41809180997738304, 0.14558486855935848, 0.06323310826433834]], "ideal": "A", "sampled": "D", "correct": false}}
{"type": "result", "data": {"idx": 51, "options": ["Construction of the Second Temple", "Destruction of the Second Temple", "The Christianization of the Roman Empire", "The emergence of Islam"], "probs": [[0.08272889625477052, 0.6970675302524068, 0.07955767569153196, 0.14064589770129077], [0.8247612087171498, 0.05579336711283379, 0.04385505227360026, 0.07559037179641617], [0.05311801593742435, 0.08585061173506829, 0.14862104030828027, 0.7124103319192271], [0.04859701615975629, 0.12982391013134534, 0.7005168899270267, 0.12106218368187173]], "ideal": "B", "sampled": "B", "correct": true}}
{"type": "result", "data": {"idx": 52, "options": ["Genshin", "Dogen", "Honen", "Shinran"], "probs": [[0.054884093717136415, 0.07247308505955763, 0.7582821704008957, 0.11436065072241015], [0.04755440034488839, 0.7262274107306738, 0.1759625841795068, 0.050255604644931014], [0.5598415502410934, 0.31616996420041943, 0.08428115051479987, 0.039707334943687285], [0.28367988223397717, 0.12705980666029276, 0.06183780563950652, 0.5274225053662235]], "ideal": "C", "sampled": "C", "correct": true}}
{"type": "result", "data": {"idx": 53, "options": ["Pakistan", "Iraq", "Indonesia", "Turkey"], "probs": [[0.2445906796024716, 0.08498887765393887, 0.5359482921464399, 0.1344721504971496], [0.0798241439342577, 0.4825872290230133, 0.1505663875466458, 0.2870222393960831], [0.2906659223544063, 0.11577532353006874, 0.5057608447033982, 0.08779790931212669], [0.1307979932058788, 0.4696675398575222, 0.1052783845176804, 0.29425608231891864]], "ideal": "C", "sampled": "C", "correct": true}}
{"type": "result", "data": {"idx": 54, "options": ["Gregory", "Augustine", "Athanasius", "Francis"], "probs": [[0.5829764181679569, 0.06916944888047441, 0.09317808129982434, 0.25467605155174433], [0.05025960989374113, 0.04943421965568635, 0.16532169650305942, 0.7349844738475131], [0.08281645486482032, 0.11248060733745506, 0.6794463052459967, 0.12525663245172797], [0.14490351597907764, 0.7004858381019957, 0.08558000049465418, 0.0690306453242725]], "ideal": "A", "sampled": "A", "correct": true}}
{"type": "result", "data": {"idx": 55, "options": ["Enlightened being", "Worthy ones", "Saintly ones", "Sages"], "probs": [[0.7500207339592448, 0.11386724433057631, 0.08501633160810494, 0.05109569000207387], [0.28291263962753244, 0.10646686622578025, 0.13358220357168382, 0.4770382904750035], [0.3189119124012556, 0.10752318133473418, 0.4794777667004043, 0.0940871394636059], [0.27321527626830805, 0.46133976252262726, 0.12902927974197176, 0.13641568136709292]], "ideal": "A", "sampled": "A", "correct": true}}
{"type": "result", "data": {"idx": 56, "options": ["Guru Ram Das", "Guru Tegh Bahadur", "Guru Gobind Singh", "Guru Har Rai"], "probs": [[0.04187950770407453, 0.8212819511080615, 0.1077011575955971, 0.02913738349226694], [0.9144536783899547, 0.041311285045802504, 0.02726819150866938, 0.016966844955573403], [0.06471301494053676, 0.044212463415231044, 0.09033357927913677, 0.8007409422650954], [0.026786451092260202, 0.04851590613583069, 0.8601652043246916, 0.06453243834721754]], "ideal": "B", "sampled": "B", "correct": true}}
{"type": "result", "data": {"idx": 57, "options": ["Guru Nanak", "Guru Arjan", "Guru Hargobind", "Guru Ram Das"], "probs": [[0.03630581653912499, 0.06980330825326331, 0.8557576622251638, 0.03813321288244785], [0.04139575873110674, 0.8617044379271892, 0.059378253418245756, 0.037521549823458254], [0.8979781296486664, 0.040167802259583454, 0.03806137052154168, 0.023792697470208492], [0.04137198128119532, 0.0648348668054397, 0.11778318837795144, 0.7760099634354135]], "ideal": "C", "sampled": "C", "correct": true}}
{"type": "result", "data": {"idx": 58, "options": ["In the community", "In faith in God", "In ascetic renunciation", "In the life of the householder"], "probs": [[0.14058977992573168, 0.13681068136563782, 0.09762603479956011, 0.6249735038090704], [0.18389564904778885, 0.13097044505095098, 0.4170991852849127, 0.26803472051634747], [0.17789560984408442, 0.346521893316313, 0.21465954393031103, 0.26092295280929156], [0.23737500959309954, 0.21343471425775257, 0.31872445816674133, 0.23046581788240653]], "ideal": "D", "sampled": "D", "correct": true}}
{"type": "result", "data": {"idx": 59, "options": ["God is eternal and merciful to those who offer worship", "Humans can align themselves with life energy through worship of kami", "Justice will be the final outcome in the next world", "Power and force are the most divine attributes"], "probs": [[0.17367862292638084, 0.6704226781533987, 0.10475768970960123, 0.051141009110619175], [0.67332202691052, 0.13546866278089906, 0.1070775472047953, 0.08413176300378565], [0.04510259120899646, 0.04946072624246213, 0.11436648324876328, 0.7910701991997782], [0.08932677076844873, 0.10395303561156508, 0.7537846704896133, 0.05293552303037285]], "ideal": "A", "sampled": "B", "correct": false}}
{"type": "result", "data": {"idx": 60, "options": ["Durga", "Sri Lakshmi", "Kali", "Mahavira"], "probs": [[0.16851923621336812, 0.5023324117604813, 0.22803250972281738, 0.10111584220333322], [0.3262898641630176, 0.09350178550383637, 0.07816112052683165, 0.5020472297063143], [0.07412425704022055, 0.05171852005942498, 0.5269442992482257, 0.3472129235521287], [0.07199693202263872, 0.14603167226822403, 0.507390062929985, 0.27458133267915225]], "ideal": "B", "sampled": "B", "correct": true}}
{"type": "result", "data": {"idx": 61, "options": ["China", "Silla", "Goguryeo", "Joseon"], "probs": [[0.3898884268485138, 0.28490521864191004, 0.2260173061409185, 0.09918904826865764], [0.3564301867532354, 0.28335921686918675, 0.21283595800494862, 0.14737463827262923], [0.3744875657699936, 0.28159262005818075, 0.19265086318045455, 0.15126895089137113], [0.38261520003541577, 0.29765664862867425, 0.20825647840228226, 0.11147167283362772]], "ideal": "B", "sampled": "A", "correct": false}}
{"type": "result", "data": {"idx": 62, "options": ["Madhva", "Patanjali", "Ramanuja", "Aryabhatta"], "probs": [[0.10723876246944104, 0.8168520360996009, 0.05329508726248316, 0.022614114068474887], [0.9553552589206086, 0.024070534157779894, 0.010524748519624313, 0.010049458301987257], [0.04875822809980835, 0.04904702750918088, 0.08233570429359613, 0.8198590399974146], [0.06012484959982329, 0.08288808382299384, 0.8141091081384949, 0.04287795833868799]], "ideal": "B", "sampled": "B", "correct": true}}
{"type": "result", "data": {"idx": 63, "options": ["It was visited by Moses.", "It is a haram.", "It was built by Abraham.", "It is a square building."], "probs": [[0.24068084715404608, 0.29302710728437653, 0.2697470228066561, 0.19654502265492127], [0.3462389850461405, 0.2103181685154747, 0.21767272570015558, 0.22577012063822927], [0.27095088359984276, 0.18217739461030705, 0.28981164094887835, 0.25706008074097186], [0.22503134270695593, 0.19894008040018163, 0.37879430679475734, 0.19723426999810506]], "ideal": "A", "sampled": "B", "correct": false}}
{"type": "result", "data": {"idx": 64, "options": ["Parvati", "Ganesha", "Vishnu", "Sita"], "probs": [[0.06474374798195041, 0.8763109199857145, 0.03873635347350511, 0.020208978458829897], [0.9599501665488521, 0.01559976606176792, 0.014331958559210474, 0.010118108730169446], [0.06078731255599834, 0.032574092765770925, 0.05117228302619436, 0.8554663115520363], [0.03891740666467058, 0.04667779715865111, 0.8805979921421844, 0.03380680393449398]], "ideal": "B", "sampled": "B", "correct": true}}
{"type": "result", "data": {"idx": 65, "options": ["Sri Lakshmi", "Mahavira", "Rsabha", "Nanak"], "probs": [[0.234828692132166, 0.5217707078863345, 0.15575740997787296, 0.08764318990362654], [0.7273654991209728, 0.16065442680193603, 0.07968951820298988, 0.03229055577410131], [0.32991857592867224, 0.12054525430921681, 0.06822067142680033, 0.48131549823531067], [0.1828472980244633, 0.1041082107956986, 0.6057258473373899, 0.10731864374244818]], "ideal": "C", "sampled": "B", "correct": false}}
{"type": "result", "data": {"idx": 66, "options": ["Ban Zhao", "Laozi", "Menicus", "Liu Xiang"], "probs": [[0.6807416372479008, 0.2258428681039183, 0.048181680666381364, 0.04523381388179957], [0.09003882243386778, 0.21809567833888624, 0.08099214852524726, 0.6108733506019987], [0.1447405091489728, 0.2359839861750651, 0.5531849943022822, 0.06609051027367986], [0.2878987469392802, 0.5464775521024149, 0.10212117356440559, 0.06350252729389932]], "ideal": "A", "sampled": "A", "correct": true}}
{"type": "result", "data": {"idx": 67, "options": ["36,000", "12,000", "24,000", "7,000"], "probs": [[0.26610849494546146, 0.27307115223081274, 0.30520443489499555, 0.15561591782873024], [0.24157318470446512, 0.27431902286647375, 0.30411538478671185, 0.17999240754234927], [0.26238226105980067, 0.2690198341035093, 0.3129184450516574, 0.15567945968503258], [0.23159666357108624, 0.2888840138623317, 0.30821895596283044, 0.1713003665037516]], "ideal": "A", "sampled": "A", "correct": true}}
{"type": "result", "data": {"idx": 68, "options": ["Ultimate Reality", "The gurus", "The community", "Sikh worship"], "probs": [[0.6412067817640806, 0.12978264301365253, 0.12557924908397725, 0.10343132603828954], [0.09293651458011015, 0.05855357293930846, 0.09408052150504266, 0.7544293908755387], [0.07686848594067523, 0.08248019593962873, 0.7916028144937635, 0.04904850352593259], [0.20993949948363191, 0.6326989372694869, 0.08286708349745305, 0.07449447964942811]], "ideal": "A", "sampled": "A", "correct": true}}
{"type": "result", "data": {"idx": 69, "options": ["Sansar", "Hukam", "Mantar", "Karam"], "probs": [[0.1007297217418976, 0.7738522540517152, 0.064345528282696, 0.06107249582369122], [0.9381933519047514, 0.02727935379077888, 0.023184570700321108, 0.011342723504148618], [0.08114985013016852, 0.07992934822552739, 0.06852585515324124, 0.7703949463910629], [0.04542447677148725, 0.059185940302455324, 0.8585454809091593, 0.03684410191689818]], "ideal": "B", "sampled": "B", "correct": true}}
{"type": "result", "data": {"idx": 70, "options": ["30", "29", "27", "47"], "probs": [[0.24421885425227355, 0.2320698035122112, 0.4213886527192262, 0.10232268941628903], [0.3163287615733262, 0.48719671000737136, 0.10969070262340497, 0.0867838256958975], [0.7340239230999661, 0.11493916722773123, 0.08169507173604097, 0.06934183783626163], [0.2653805771431531, 0.21236379218146234, 0.26875634600552606, 0.2534992845698585]], "ideal": "C", "sampled": "C", "correct": true}}
{"type": "result", "data": {"idx": 71, "options": ["Zen Buddhism", "Chan Buddhism", "Humanistic Buddhism", "Pure Land Buddhism"], "probs": [[0.17815102635032606, 0.1196772605061063, 0.5298689603275673, 0.17230275271600032], [0.2126564075841136, 0.19527275893577564, 0.1671587402088123, 0.42491209317129847], [0.372231115405424, 0.06671157081488972, 0.3163123891498242, 0.2447449245298621], [0.12297311045409683, 0.07124104562407733, 0.23231070433650014, 0.5734751394853257]], "ideal": "C", "sampled": "C", "correct": true}}
{"type": "result", "data": {"idx": 72, "options": ["They worshipped exclusively outside of the temple", "They believed that nakedness was an elemental expression of non-attachment", "They included women within the ranks of the leadership", "They believed that the omniscient Jina must eat and sleep"], "probs": [[0.2311856666329484, 0.479039862079396, 0.11416341703475559, 0.17561105415290001], [0.5273696818969507, 0.15942038712859663, 0.20071056632710005, 0.11249936454735267], [0.12549481817216834, 0.10206777221181398, 0.14532456749250477, 0.6271128420235129], [0.18337833742916881, 0.125399126655741, 0.6191232753736302, 0.07209926044146]], "ideal": "B", "sampled": "B", "correct": true}}
{"type": "result", "data": {"idx": 73, "options": ["Namokar Mantra", "The Liberation Mantra", "Ahimsa", "Archaryas"], "probs": [[0.9508448326316938, 0.026917552810932045, 0.015728362042205984, 0.006509252415168074], [0.12797586463350386, 0.0876330973631678, 0.07309285567938495, 0.7112981822239434], [0.04820038036591896, 0.05402149249666003, 0.8442503807566318, 0.05352774628078918], [0.03972064121015672, 0.8715542315084522, 0.061265906960816616, 0.027459220220574437]], "ideal": "A", "sampled": "A", "correct": true}}
{"type": "result", "data": {"idx": 74, "options": ["Second century CE", "Fifth century CE", "Fifth century BCE", "Eighteenth century CE"], "probs": [[0.17805980276815536, 0.1720485252867589, 0.5629429858579285, 0.08694868598715723], [0.16458906476921628, 0.6442483758915201, 0.09258145230949147, 0.0985811069297722], [0.2516047991799758, 0.12719144115355424, 0.40314689875306825, 0.21805686081340173], [0.06631148556469751, 0.35751631586019084, 0.1940008387222538, 0.3821713597528579]], "ideal": "B", "sampled": "C", "correct": false}}
{"type": "result", "data": {"idx": 75, "options": ["7", "42", "24", "13"], "probs": [[0.28051227328356376, 0.290784358949193, 0.25633588430702325, 0.17236748336021993], [0.39548454307627345, 0.2519172875678578, 0.22404737923006604, 0.1285507900258027], [0.47726320995558347, 0.255853635772193, 0.1444746307863982, 0.12240852338582538], [0.38915795663813296, 0.2121511878181616, 0.24608841902668696, 0.15260243641701846]], "ideal": "C", "sampled": "C", "correct": true}}
{"type": "result", "data": {"idx": 76, "options": ["Ocean of Love", "Lover of Wisdom", "Ocean of Wisdom", "Stillness of Love"], "probs": [[0.33324043201539144, 0.14868061957687218, 0.4434756404885522, 0.07460330781918419], [0.4046754655727427, 0.35946549354778506, 0.07565049488158276, 0.16020854589788944], [0.4618622064128592, 0.10269618033335831, 0.2557842135173598, 0.1796573996364227], [0.20709079501942154, 0.20974603293228772, 0.20137229559792003, 0.38179087635037073]], "ideal": "C", "sampled": "C", "correct": true}}
