{"type": "result", "data": {"idx": 0, "options": ["Planetary density will decrease.", "Planetary years will become longer.", "Planetary days will become shorter.", "Planetary gravity will become stronger."], "probs": [[0.0050571440435943655, 0.04950879121798722, 0.9414328186559722, 0.004001245982446206], [0.01642470450369331, 0.9775952708946593, 0.0041220132682555435, 0.0018580112333919244], [0.9551108185004338, 0.03534095997917802, 0.006286630678797295, 0.003261590741590871], [0.003994598015793696, 0.007122064873589785, 0.32738759805538786, 0.6614957389552286]], "ideal": "C", "sampled": "C", "correct": true}}
{"type": "result", "data": {"idx": 1, "options": ["buildings will be built faster", "buildings will be made safer", "building designs will look nicer", "building materials will be cheaper"], "probs": [[0.003431201952862928, 0.9900629636989865, 0.003681961490353254, 0.002823872757797285], [0.9954992800173287, 0.0032190447011562337, 0.0005463600466122994, 0.0007353151349027416], [0.0004404599252213775, 0.00040435030611842856, 0.00021300061440256084, 0.9989421890542576], [0.004925468228433917, 0.00857860366493234, 0.9837105982039503, 0.00278532980268335]], "ideal": "B", "sampled": "B", "correct": true}}
{"type": "result", "data": {"idx": 2, "options": ["Chemical energy is absorbed through the roots.", "Light energy is converted to chemical energy.", "Chlorophyll in the leaf captures light energy.", "Sunlight is converted into chlorophyll."], "probs": [[0.0050797785085907, 0.14849086619489812, 0.8410621924463725, 0.005367162750138651], [0.06451573756986606, 0.8910416506296323, 0.03853150031079188, 0.005911111389709835], [0.8856796543029548, 0.009462490593167313, 0.00547648356052616, 0.09938137144335171], [0.008170239843404445, 0.0035144943741948565, 0.07282187237181158, 0.9154933933105891]], "ideal": "C", "sampled": "C", "correct": true}}
{"type": "result", "data": {"idx": 3, "options": ["the control", "the hypothesis statement", "the dependent (responding) variable", "the independent (manipulated) variable"], "probs": [[0.0013149518037355677, 0.002964089155175371, 0.034978844181188025, 0.960742114759901], [0.0038414238468145565, 0.03850426615521381, 0.9546151058377821, 0.003039204060189565], [0.008193294263159127, 0.9784777456527126, 0.010118345415665364, 0.0032106145684629014], [0.8221893282924364, 0.06859231717191809, 0.006277922054150315, 0.10294043238149522]], "ideal": "D", "sampled": "D", "correct": true}}
{"type": "result", "data": {"idx": 4, "options": ["They have each lost kinetic energy.", "They have each gained the same amount of potential energy.", "They have each lost the same amount of potential energy.", "They have each gained one-half of their maximum kinetic energy."], "probs": [[0.27540929256096397, 0.4266683768798259, 0.27975220589693917, 0.018170124562270965], [0.2004656225311804, 0.28720918722870586, 0.5039839819163353, 0.008341208223778476], [0.2468751948312767, 0.531094427867065, 0.20468965018215068, 0.01734072701950766], [0.16250288061096402, 0.6843715726995022, 0.1400918029829741, 0.013033743606559645]], "ideal": "D", "sampled": "D", "correct": true}}
{"type": "result", "data": {"idx": 5, "options": ["a non-infectious, cell-cycle disease", "an infectious, cell-cycle disease", "a non-infectious, chronic disease", "an infectious, chronic disease"], "probs": [[0.002678865191983933, 0.9616718618178407, 0.018449452399671093, 0.01719982049050427], [0.02855532499076761, 0.04492859357811298, 0.909462652994311, 0.01705342833680851], [0.0032550611120601806, 0.9611282181419363, 0.017459755156754915, 0.01815696548924865], [0.07451043082932703, 0.03384969294869715, 0.8798494108670795, 0.011790465254896304]], "ideal": "B", "sampled": "D", "correct": false}}
{"type": "result", "data": {"idx": 6, "options": ["to repare for migration before winter", "to provide warmth during the cold winter months", "to store food that will be eaten over the winter months", "to protect the grasses and seeds from decay before winter"], "probs": [[0.0031147207525030014, 0.004978004756730425, 0.9863106437468424, 0.005596630643924139], [0.004336359271924038, 0.9012540815161696, 0.09199510892604588, 0.0024144501858605117], [0.935165820289133, 0.06369322117315972, 0.0005216300724758385, 0.0006193283652314937], [0.9825383948905656, 0.0069938497106048336, 0.003252333239135519, 0.007215422059694053]], "ideal": "C", "sampled": "C", "correct": true}}
{"type": "result", "data": {"idx": 7, "options": ["There was once more water in the area.", "The area was once grassland.", "The climate in the area was once tropical.", "There are active faults in the area."], "probs": [[0.6725283175187737, 0.025673152535595878, 0.2984308858544716, 0.003367643991158786], [0.004609616060857891, 0.9880532140327373, 0.004647198652467685, 0.0026899711539370994], [0.9910502007057855, 0.005757066173327306, 0.0024375926119315494, 0.000755140408955576], [0.002139785589028224, 0.8305313104401894, 0.07842479753153861, 0.08890410633924377]], "ideal": "C", "sampled": "C", "correct": true}}
{"type": "result", "data": {"idx": 8, "options": ["The chicken population would go down.", "Populations of mice and rats would increase.", "Another bird of prey would replace the hawk.", "The chickens would have a lower rate of disease."], "probs": [[0.4242366373145395, 0.3462788614385762, 0.22707704240491763, 0.0024074587419666287], [0.24900466108438063, 0.2490905811794957, 0.021757934159256538, 0.4801468234768671], [0.25952404879897656, 0.028224395742934012, 0.66271794206011, 0.049533613297979395], [0.005453159900039727, 0.5520834788554814, 0.41008361176940955, 0.032379749375069294]], "ideal": "B", "sampled": "A", "correct": false}}
{"type": "result", "data": {"idx": 9, "options": ["the atom", "the electron", "the nucleus", "the proton"], "probs": [[0.36852230903031546, 0.5799286721395542, 0.025673677857691465, 0.025875340872438767], [0.8732977178653595, 0.028738246339530094, 0.05582656144315487, 0.042137474251955555], [0.0008483775534114707, 0.007923879870655945, 0.42256180571769303, 0.5686659367582395], [0.010049611591091431, 0.08029513269629523, 0.8905852072320506, 0.01907004838056278]], "ideal": "A", "sampled": "B", "correct": false}}
{"type": "result", "data": {"idx": 10, "options": ["life processes", "size differences", "plasma membranes", "energy molecules"], "probs": [[0.003518655274516029, 0.04783065405013799, 0.9090048267735793, 0.03964586380176668], [0.019440876406344273, 0.814641162825464, 0.14584659197495675, 0.02007136869323507], [0.5366033734912667, 0.03540109374550238, 0.016457138006233163, 0.4115383946569977], [0.003228415628005375, 0.00377610918650652, 0.11830860729081663, 0.8746868677946714]], "ideal": "B", "sampled": "C", "correct": false}}
{"type": "result", "data": {"idx": 11, "options": ["The Sun influences the formation of waves.", "The Sun creates water particles.", "The Sun's rays cause organisms to come to the surface.", "The Sun provides minerals."], "probs": [[0.17795379855836138, 0.29803452558892535, 0.5149397964619695, 0.009071879290743746], [0.09766660411424434, 0.3104582061205691, 0.03824902239992889, 0.5536261672652576], [0.013735609521744354, 0.007071307583009643, 0.5616983551051069, 0.4174947276901391], [0.001431234835622256, 0.3756631795844942, 0.5817311228121098, 0.041174462667773734]], "ideal": "A", "sampled": "A", "correct": true}}
{"type": "result", "data": {"idx": 12, "options": ["32\u00b0 F", "41\u00b0 F", "78\u00b0 F", "98\u00b0 F"], "probs": [[0.0012909642764733248, 0.03461864868119363, 0.9578343962885141, 0.0062559906538189785], [0.001536049607043821, 0.9827214966968083, 0.010253396393893364, 0.005489057202254464], [0.7152240705141812, 0.08024690857642408, 0.19552498598665094, 0.009004034822743692], [0.001279184069283111, 0.0074183711339751105, 0.26353738878171057, 0.7277650559150313]], "ideal": "C", "sampled": "C", "correct": true}}
{"type": "result", "data": {"idx": 13, "options": ["Repeat the investigation.", "Write a report of the results.", "Make a table for recording data.", "Make daily observations of the light bulbs."], "probs": [[0.0021244890841607307, 0.0027929982590361737, 0.06818318469510938, 0.9268993278616937], [0.006489318937179308, 0.046846350178765296, 0.8045982912812366, 0.14206603950281876], [0.7030042749898031, 0.24302276083828692, 0.04321116424177292, 0.01076179983013707], [0.011591449807656978, 0.007843932125245418, 0.007781772855359892, 0.9727828451117377]], "ideal": "C", "sampled": "D", "correct": false}}
{"type": "result", "data": {"idx": 14, "options": ["ozone", "methane", "water vapor", "carbon dioxide"], "probs": [[0.004876932637586448, 0.3500306338888656, 0.20257222829636665, 0.4425202050771813], [0.013602226473558111, 0.09516677469387792, 0.8888853487390587, 0.0023456499935052585], [0.016407915986170817, 0.9689772434473793, 0.008187155069630981, 0.00642768539681879], [0.49868256638204495, 0.01933624812088907, 0.47584886107438873, 0.0061323243226772736]], "ideal": "C", "sampled": "D", "correct": false}}
{"type": "result", "data": {"idx": 15, "options": ["0 degrees Celsius", "32 degrees Celsius", "100 degrees Celsius", "212 degrees Celsius"], "probs": [[0.9273663922942678, 0.07151187337517417, 0.0006284677767312953, 0.0004932664538267326], [7.655854354258184e-05, 0.0002490770445569961, 0.0005612715668483579, 0.999113092745052], [0.00018828391765207634, 0.00474332340434879, 0.9927203117293055, 0.002348080848693609], [0.00017502609802835478, 0.9824012037786276, 0.015389205140530425, 0.0020345648828136277]], "ideal": "A", "sampled": "A", "correct": true}}
{"type": "result", "data": {"idx": 16, "options": ["exclude research on teeth or bones", "predict what the next discovery will be", "analyze new data as it becomes available", "delete earlier reports that were missing the new findings"], "probs": [[0.022823476361784306, 0.010951978663376508, 0.9554421153566949, 0.010782429518144319], [0.00967677575296224, 0.9501088399766301, 0.02510197927259762, 0.015112404897810086], [0.9091529923945311, 0.07582610661231468, 0.010502846555549599, 0.004518054337604653], [0.03509830075237313, 0.011132870984485286, 0.004900974823724082, 0.9488678533394175]], "ideal": "C", "sampled": "C", "correct": true}}
{"type": "result", "data": {"idx": 17, "options": ["from the ice to the tea", "from the tea to the ice", "from the pitcher to the tea", "from the ice to the pitcher"], "probs": [[0.0578185627118, 0.7270179038094413, 0.12628644091966112, 0.08887709245909758], [0.5856779747726187, 0.02804249493449835, 0.33894818639031377, 0.04733134380256916], [0.00984632496723764, 0.0710697690908616, 0.8862882793888613, 0.032795626453039434], [0.019684118407537806, 0.14208466914363277, 0.817600142036556, 0.020631070312273476]], "ideal": "B", "sampled": "B", "correct": true}}
{"type": "result", "data": {"idx": 18, "options": ["the price of boards will increase", "the price of boards will decrease", "there will be more boards available", "there will be more trees for logging"], "probs": [[0.7672849992845239, 0.12141887255648799, 0.09908444562604941, 0.01221168243293868], [0.0044997810262611725, 0.00619999674002999, 0.7108635573567504, 0.2784366647769584], [0.007684780477688829, 0.007164175833568043, 0.9755851876204928, 0.009565855968250285], [0.011912804788533198, 0.2733412628004449, 0.7088467932154258, 0.005899139095596126]], "ideal": "A", "sampled": "A", "correct": true}}
{"type": "result", "data": {"idx": 19, "options": ["the discovery of the atom.", "better surgical techniques.", "continued experimentation.", "the invention of the microscope."], "probs": [[0.005117737248165572, 0.0019580144533504168, 0.35324517069842576, 0.6396790775000583], [0.002663066216377014, 0.010129994938493873, 0.9630957749826785, 0.024111163762450625], [0.011152995177905746, 0.8326713611499106, 0.14699657997060983, 0.009179063601573842], [0.48186871763617684, 0.131764144673911, 0.010987065813240408, 0.37538007177667176]], "ideal": "C", "sampled": "D", "correct": false}}
{"type": "result", "data": {"idx": 20, "options": ["building proteins", "breaking down wastes", "controlling the activities of the cell", "converting energy from one form into another"], "probs": [[0.006256387957822667, 0.9816540224484834, 0.0062094264867311386, 0.005880163006962708], [0.9617992042533379, 0.019197411833273892, 0.015424340030498638, 0.0035790437828895666], [0.001193451493190004, 0.0023187441353448367, 0.0006800336671214989, 0.9958077706043437], [0.005639211962987671, 0.010870512072769506, 0.9785129218192139, 0.004977354045028899]], "ideal": "B", "sampled": "B", "correct": true}}
{"type": "result", "data": {"idx": 21, "options": ["H_{2}O -> H + O + H", "2H_{2}O(l) -> 2H_{2}(g) + O_{2}(g)", "H:O:H -> H_{2}O", "H_{2}O(l) -> 2H(g) + O(g)"], "probs": [[0.00747442746571567, 0.9720431430915631, 0.00880942628563832, 0.011673003057082907], [0.46938709294175895, 0.05783179882022211, 0.45486459978711913, 0.017916508350899814], [0.008829985637461835, 0.8014514944470258, 0.043797440292249024, 0.14592107952326333], [0.06847375725239929, 0.1818226104924182, 0.7418371925623642, 0.007866439592818273]], "ideal": "B", "sampled": "B", "correct": true}}
{"type": "result", "data": {"idx": 22, "options": ["Penguins can live in climates with freezing temperatures.", "Penguins are fierce competitors.", "Penguins are some of the most beautiful birds.", "Penguins make great pets."], "probs": [[0.9720135500756968, 0.016726033028290146, 0.007193385773467351, 0.00406703102254574], [0.001373965113487087, 0.0020468236995723785, 0.0005595011021335848, 0.9960197099848069], [0.011808753609795865, 0.01100888152518539, 0.9679838478991933, 0.00919851686582543], [0.009249569718039865, 0.9741485577851284, 0.00797612581355654, 0.008625746583275142]], "ideal": "A", "sampled": "A", "correct": true}}
{"type": "result", "data": {"idx": 23, "options": ["43\u00b0F.", "50\u00b0F.", "73\u00b0F.", "90\u00b0F."], "probs": [[0.15962847140500502, 0.2801589766665914, 0.5315905997002159, 0.028621952128187682], [0.20358727263598447, 0.2067958799752661, 0.511731192068807, 0.07788565521994245], [0.1740470547879827, 0.34082851191362923, 0.44441929951804915, 0.0407051336803389], [0.14078205979826708, 0.2671795516996332, 0.5744153920852647, 0.017622996316835005]], "ideal": "C", "sampled": "B", "correct": false}}
{"type": "result", "data": {"idx": 24, "options": ["gas.", "water.", "wind.", "clouds."], "probs": [[0.005546732016591051, 0.9269891436804494, 0.004457577803100235, 0.06300654639985931], [0.8882110267330274, 0.006521971101978113, 0.10281099606041513, 0.002456006004579332], [0.0006965658801607963, 0.01031904541643291, 0.00028364295050942406, 0.9887007456528969], [0.03501654320523718, 0.013293410736106513, 0.9466046616999341, 0.005085384258722253]], "ideal": "B", "sampled": "B", "correct": true}}
{"type": "result", "data": {"idx": 25, "options": ["It condensed.", "It evaporated.", "It became a gas.", "It became a solid."], "probs": [[0.08324387606709334, 0.14384417127240587, 0.07579242380850246, 0.6971195287519983], [0.0052111481025840815, 0.010445239337485963, 0.9700668746819844, 0.014276737777945608], [0.003903084567954629, 0.18660880149795972, 0.7979259883713351, 0.011562125462750539], [0.9558218600522919, 0.019994035734171325, 0.015449914859931812, 0.008734189253605001]], "ideal": "D", "sampled": "D", "correct": true}}
{"type": "result", "data": {"idx": 26, "options": ["It is a constant climate feature throughout the year.", "It is a seasonal weather feature with irregular occurrences.", "It is a continuous weather feature during the season in which it occurs.", "It is a rare event inconsistent with local climate and weather."], "probs": [[0.0004951740491730464, 0.14731491042535724, 0.05589999228968367, 0.7962899231357861], [0.00822222319742605, 0.02116217634494446, 0.9653477595872846, 0.00526784077034485], [0.0020821068151557266, 0.9231681331424773, 0.005793990540865906, 0.06895576940150105], [0.039896855707536066, 0.016894276640688485, 0.9368958767284582, 0.006312990823317286]], "ideal": "B", "sampled": "D", "correct": false}}
{"type": "result", "data": {"idx": 27, "options": ["Object 1, Object 2, Object 3", "Object 1, Object 3, Object 2", "Object 2, Object 1, Object 3", "Object 2, Object 3, Object 1"], "probs": [[0.1092532419115395, 0.32117090213284116, 0.4896300963843415, 0.07994575947127783], [0.13430606867238928, 0.24703857962050063, 0.556677382346095, 0.061977969261015085], [0.10241653751179586, 0.2254671286218058, 0.6128360171870476, 0.059280316579350734], [0.04666104842760883, 0.38167368793137285, 0.5216013710930678, 0.05006389244795046]], "ideal": "B", "sampled": "A", "correct": false}}
{"type": "result", "data": {"idx": 28, "options": ["Plankton are colorful.", "Plankton clean the water.", "Plankton release oxygen.", "Plankton reproduce quickly."], "probs": [[0.0019930983108755007, 0.0030630706103292014, 0.969890065169874, 0.025053765808921307], [0.0025762606952609846, 0.5267879096512698, 0.4505264825864402, 0.0201093469670291], [0.5895029031313559, 0.37478010097588715, 0.016465009353106484, 0.019251986439650422], [0.0007474840053411245, 0.0004160792880423141, 0.0022490672586994677, 0.996587369347917]], "ideal": "C", "sampled": "C", "correct": true}}
{"type": "result", "data": {"idx": 29, "options": ["Wood is porous.", "Wood is buoyant.", "Wood is light.", "Wood is magnetic."], "probs": [[0.0017786601807326737, 0.989266971759102, 0.007787298724022242, 0.0011670692361429626], [0.9810461587975263, 0.018540569001353806, 0.0001761852069407452, 0.00023708689417914985], [0.0004170138969658017, 0.0004991724643763583, 0.00023029141204336607, 0.9988535221266145], [0.0011121396197575888, 0.007659696180176906, 0.9876379543785584, 0.003590209721507163]], "ideal": "B", "sampled": "B", "correct": true}}
{"type": "result", "data": {"idx": 30, "options": ["how each organism died", "the exact age of the fossils", "when the fossils were discovered", "the type of environment in which the organisms lived"], "probs": [[0.0076924078624459775, 0.020428201305297992, 0.0028078775088765753, 0.9690715132233795], [0.02952466416805416, 0.017630976864701005, 0.9476730451881666, 0.005171313679078184], [0.007752757341810502, 0.9769288673627616, 0.011823173341399757, 0.00349520185402805], [0.930463518340854, 0.03442627658311154, 0.02944625063380471, 0.005663954342229749]], "ideal": "D", "sampled": "D", "correct": true}}
{"type": "result", "data": {"idx": 31, "options": ["its ability to freeze", "its specific heat capacity", "its ability to exist as a liquid", "its high surface tension"], "probs": [[0.004857698669861159, 0.019364214425646672, 0.9701426457405159, 0.005635441063976241], [0.006066220258662692, 0.9664828636830116, 0.013777131945802967, 0.013673784012522675], [0.7844479898449129, 0.0624129417032811, 0.12411447959962087, 0.029024588752185155], [0.0036199710842338066, 0.00443585153863732, 0.01896657537603794, 0.972977601901091]], "ideal": "C", "sampled": "C", "correct": true}}
{"type": "result", "data": {"idx": 32, "options": ["Air is a mixture of gases.", "Ice is a mixture of gases.", "Air is a liquid.", "Ice is a liquid."], "probs": [[0.6071483271718241, 0.10718243923818342, 0.2736455102436642, 0.012023723246328305], [0.06609905018003533, 0.09176982999645163, 0.8178150043701636, 0.024316115353349457], [0.03105961933680396, 0.06732029873642642, 0.8865997344520096, 0.015020347374760028], [0.6512083630591244, 0.2216214707453478, 0.11672534863510643, 0.010444817460421299]], "ideal": "A", "sampled": "A", "correct": true}}
{"type": "result", "data": {"idx": 33, "options": ["It makes some people upset.", "It takes a long time to be useful.", "It helps explain how things work.", "It causes work to be more difficult."], "probs": [[0.005452139254087099, 0.008058083414336503, 0.9837048913298689, 0.002784885901707483], [0.00510444103001858, 0.9884159244097921, 0.003454379625236054, 0.003025254834953286], [0.9886357743132216, 0.008035779450365666, 0.0020961350540901376, 0.001232311082322582], [0.0014179902866533047, 0.0012225459609202652, 0.0010537747133178754, 0.9963056889391085]], "ideal": "C", "sampled": "C", "correct": true}}
{"type": "result", "data": {"idx": 34, "options": ["sunrise", "equinox", "full moon", "solar eclipse"], "probs": [[0.9540109953302515, 0.024259771100009684, 0.011457940946571144, 0.01027129252316771], [0.3176654798040059, 0.07199797604263006, 0.007469849479367812, 0.6028666945739962], [0.13413919038640082, 0.006678884149365783, 0.7250432118149741, 0.1341387135492593], [0.006791716706494658, 0.8230681740497118, 0.08804440096804048, 0.08209570817575304]], "ideal": "A", "sampled": "A", "correct": true}}
{"type": "result", "data": {"idx": 35, "options": ["Volcanism also characterizes the region.", "Earthquake centers in the region occur at shallow depths.", "The region shows extensive faulting of sediments.", "Equal crust densities are found on opposite sides of the region."], "probs": [[0.17057483369940454, 0.10676128524897092, 0.6142136087868161, 0.10845027216480842], [0.05807516944376703, 0.13399541027261025, 0.7019203717548973, 0.10600904842872545], [0.17144303469173278, 0.3153924129876518, 0.4587780058351562, 0.05438654638545922], [0.3518522977477127, 0.21680337188460017, 0.3305072784093321, 0.10083705185835501]], "ideal": "A", "sampled": "D", "correct": false}}
{"type": "result", "data": {"idx": 36, "options": ["The sun would be enormous next to an average star.", "The sun would be tiny next to one of the largest stars.", "The sun would be extremely bright next to an average star.", "The sun would be very dim next to one of the smallest stars."], "probs": [[0.5440809454422074, 0.3404992723422056, 0.09986312536570924, 0.015556656749877752], [0.270862151995702, 0.10774483129255262, 0.4003001599991803, 0.22109285661256506], [0.031224805506621208, 0.053536238339222254, 0.8844952345886037, 0.030743721465552792], [0.08023086635596177, 0.23217210796492768, 0.6717968332171376, 0.015800192361973015]], "ideal": "B", "sampled": "A", "correct": false}}
{"type": "result", "data": {"idx": 37, "options": ["The gas planets are closer to the Sun.", "The solid planets are closer to the Sun.", "The planets are arranged in order of increasing size.", "The solid planets are much larger than the gas planets."], "probs": [[0.1126966013562949, 0.32110266568816376, 0.5461491630652089, 0.02005156979033247], [0.2465900739746598, 0.33189769079485154, 0.24660686758407432, 0.17490536754641434], [0.22996342179859788, 0.19672515986382663, 0.5182538628059932, 0.05505755543158226], [0.15594641688456606, 0.43744322164329813, 0.34600451198480453, 0.06060584938733122]], "ideal": "B", "sampled": "A", "correct": false}}
{"type": "result", "data": {"idx": 38, "options": ["to change oxygen into carbon dioxide", "to break down sugar into usable chemicals", "to convert energy from sunlight into food energy", "to allow the passage of carbon dioxide into the plant"], "probs": [[0.0056170094047239185, 0.015150710423873165, 0.9746472500208812, 0.004585030050521815], [0.006254275733924167, 0.9810237461307211, 0.009101204909060988, 0.003620773126293723], [0.9927720841115804, 0.005722198530181718, 0.0006941574847350128, 0.0008115597735028704], [0.002185458229115284, 0.001783876914239212, 0.2930232182236512, 0.7030074465329943]], "ideal": "C", "sampled": "C", "correct": true}}
{"type": "result", "data": {"idx": 39, "options": ["Hydraulic systems are under pressure and pneumatic systems are not.", "Hydraulic systems involve liquids and pneumatic systems involve gases.", "Hydraulic systems are open systems and pneumatic systems are closed systems.", "Hydraulic systems involve fluids in motion and pneumatic systems involve fluids at rest."], "probs": [[0.0824771020287597, 0.7021510757284546, 0.0727925465807366, 0.14257927556204916], [0.36911721707686046, 0.07045443851050581, 0.545544187734596, 0.014884156578037771], [0.01989910070274277, 0.15415522997193273, 0.6693780010092799, 0.15656766821604462], [0.10109219973397937, 0.08382349070145281, 0.8077597241152834, 0.0073245853492843556]], "ideal": "B", "sampled": "B", "correct": true}}
{"type": "result", "data": {"idx": 40, "options": ["completing its life cycle", "beginning hibernation", "responding to its environment", "preparing for migration"], "probs": [[0.005282784058144221, 0.013490885691097578, 0.9757753078009667, 0.005451022349791502], [0.0031195467312244035, 0.980881108765598, 0.012054132467630521, 0.003945211935547058], [0.9678287369931574, 0.02040536114175671, 0.007684518474998981, 0.004081383290086887], [0.0017816793032771725, 0.002149211105326247, 0.005841902716386677, 0.9902272067750099]], "ideal": "C", "sampled": "C", "correct": true}}
{"type": "result", "data": {"idx": 41, "options": ["The Moon rises.", "The new Moon occurs.", "The Moon cycles through its phases.", "The Moon passes in front of the Sun."], "probs": [[0.06809279613658527, 0.1511188363053279, 0.7553347075956809, 0.02545365986240589], [0.012322757531336121, 0.2740619304220189, 0.03537350665352292, 0.6782418052931221], [0.03554121214053636, 0.011274804937563509, 0.7083223824218619, 0.24486160040003827], [0.010349994925445838, 0.18788970042568814, 0.31444172437483653, 0.48731858017402946]], "ideal": "A", "sampled": "A", "correct": true}}
{"type": "result", "data": {"idx": 42, "options": ["6", "7", "13", "19"], "probs": [[0.014412191676424385, 0.040110642763987986, 0.8985819192669224, 0.04689524619266521], [0.024343936975497676, 0.2169966191833822, 0.7455245054324523, 0.013134938308667797], [0.0830910665174343, 0.5211602526554884, 0.3637084418724125, 0.032040238854664865], [0.17388098134738503, 0.15831871639704642, 0.45804148475406636, 0.2097588174015022]], "ideal": "C", "sampled": "D", "correct": false}}
{"type": "result", "data": {"idx": 43, "options": ["the frequency of the wave", "the wavelength of the wave", "the source that created the sound", "the distance between molecules in the medium"], "probs": [[0.01509104666503932, 0.016970489960335653, 0.004461270474041423, 0.9634771928005836], [0.011119163449050673, 0.01330964436031493, 0.9625705950154517, 0.013000597075182677], [0.007462774162857898, 0.9410171214358147, 0.03318803443373271, 0.01833206986759465], [0.9646363792802463, 0.02737681736449424, 0.006655830381771997, 0.0013309728734875294]], "ideal": "D", "sampled": "D", "correct": true}}
{"type": "result", "data": {"idx": 44, "options": ["Kinetic energy decreases and potential energy increases.", "Kinetic energy increases and potential energy decreases.", "Both potential energy and kinetic energy decrease.", "Both potential energy and kinetic energy increase."], "probs": [[0.26001194407439304, 0.7070143897163287, 0.026563154827715513, 0.006410511281562794], [0.41981581318444794, 0.12410620737443556, 0.43311998727818385, 0.022957992062932635], [0.006781442448729731, 0.04319932836375558, 0.9381157702984089, 0.011903458789105759], [0.0041805274556951984, 0.7485839779529377, 0.24295471342738964, 0.004280781063977463]], "ideal": "B", "sampled": "A", "correct": false}}
{"type": "result", "data": {"idx": 45, "options": ["oil.", "heat.", "a magnet.", "rubbing alcohol."], "probs": [[0.06640821481493855, 0.8821058382898446, 0.028347025099024568, 0.023138921696192347], [0.8248584435501682, 0.07794560829799305, 0.06667560735624913, 0.030520340695589617], [0.007475656902081658, 0.008276693084109252, 0.034564523220451684, 0.9496831266933574], [0.01133324542155336, 0.03716641478519485, 0.9437097784681227, 0.007790561225129106]], "ideal": "B", "sampled": "B", "correct": true}}
{"type": "result", "data": {"idx": 46, "options": ["radar", "compass", "satellite", "radio"], "probs": [[0.010757606740967826, 0.007452792671228543, 0.9759857298422848, 0.005803870645518775], [0.046652204229727656, 0.4940023809733754, 0.009628684203895614, 0.4497167304930013], [0.3149543448262822, 0.03703012368779236, 0.6361801712535259, 0.011835360132399565], [0.006357856028327888, 0.01160702562856073, 0.000498084462625281, 0.9815370337804861]], "ideal": "C", "sampled": "C", "correct": true}}
{"type": "result", "data": {"idx": 47, "options": ["balance", "hot plate", "stopwatch", "thermometer"], "probs": [[0.0021099856328595894, 0.009757006851145843, 0.8781913798151162, 0.10994162760087833], [0.01329551357023851, 0.602045297282127, 0.38261917211823815, 0.0020400169293963784], [0.9010239924665068, 0.09803814533573037, 0.0002978256116814294, 0.0006400364860814536], [0.5820874525138694, 0.00631774444656522, 0.005116550210826041, 0.4064782527287394]], "ideal": "C", "sampled": "C", "correct": true}}
{"type": "result", "data": {"idx": 48, "options": ["embryonic structures.", "homologous structures.", "analogous structures.", "vestigial structures."], "probs": [[0.13227439208226904, 0.027953609132715322, 0.17799903316142246, 0.6617729655235932], [0.015746696535191, 0.04182605236042585, 0.9009297841622628, 0.04149746684212038], [0.06516678351474062, 0.8004782452173996, 0.1286125276889783, 0.00574244347888139], [0.7854797086161024, 0.07658326307942413, 0.04261623188145275, 0.09532079632302075]], "ideal": "C", "sampled": "D", "correct": false}}
{"type": "result", "data": {"idx": 49, "options": ["A tiger hunts a deer.", "A mouse runs from a coyote.", "A salmon migrates up a river.", "A woodpecker taps a tree for insects."], "probs": [[0.017635172132677776, 0.1823478181719162, 0.16340608801880654, 0.6366109215765995], [0.018663788093555858, 0.020986664672630655, 0.9278426972462853, 0.032506849887528194], [0.010784858736203422, 0.3355630902651123, 0.1088954647065632, 0.5447565861921211], [0.07515471441879845, 0.02764864084527691, 0.8079371466572608, 0.08925949797866385]], "ideal": "A", "sampled": "D", "correct": false}}
{"type": "result", "data": {"idx": 50, "options": ["more than 20 g because of the addition of heat", "more than 20 g because there are now two substances", "less than 20 g because oxygen gas is very light", "20 g because no matter is added or removed"], "probs": [[0.058427818984325475, 0.07986360906552752, 0.8192910673289433, 0.04241750452120372], [0.0380372717915859, 0.39948193797408355, 0.5375325293453868, 0.02494826078894376], [0.2754253580165515, 0.3025139418414261, 0.38237490117776923, 0.039685798864253156], [0.3524004501586017, 0.11440574098822162, 0.3692916599180067, 0.16390214883516993]], "ideal": "D", "sampled": "C", "correct": false}}
{"type": "result", "data": {"idx": 51, "options": ["observe clouds forming", "measure the air temperature", "blow up a beach ball or balloon", "weigh a glass before and after it is filled with water"], "probs": [[0.011482827070159182, 0.01332217048128122, 0.9710022557463286, 0.004192746602230962], [0.0037602008810208557, 0.9801804308244013, 0.010629201183089692, 0.005430167011488091], [0.9624316996111734, 0.03243289216017464, 0.004672718268725241, 0.0004626898599267219], [0.12663166155877614, 0.08180347040374433, 0.0032465958325038416, 0.7883182721049756]], "ideal": "C", "sampled": "C", "correct": true}}
{"type": "result", "data": {"idx": 52, "options": ["converging boundaries", "diverging boundaries", "transform faults", "rift zones"], "probs": [[0.16642577663375133, 0.745997900243602, 0.0584249911372326, 0.029151331885413998], [0.004346889173033092, 0.003255994554900335, 0.008577394696453505, 0.983819721475613], [0.008456238079978126, 0.018616006616183307, 0.8230271482402705, 0.1499006069635681], [0.012790501438053482, 0.15582493337853032, 0.8164305295385055, 0.01495403554491073]], "ideal": "A", "sampled": "A", "correct": true}}
{"type": "result", "data": {"idx": 53, "options": ["An insect is food for a salmon.", "Water carries a rock downstream.", "A tree removes a gas from the air.", "A flower makes food for a butterfly."], "probs": [[0.021304235968879898, 0.020332950377058845, 0.6732085704298588, 0.2851542431242024], [0.012418971204646564, 0.15732636493816465, 0.8114631062806664, 0.018791557476522353], [0.3685627597087992, 0.5038245751501649, 0.09614487070125027, 0.03146779433978559], [0.04130423679615154, 0.024475425029963555, 0.3028091664813966, 0.6314111715924883]], "ideal": "C", "sampled": "C", "correct": true}}
{"type": "result", "data": {"idx": 54, "options": ["volcanic eruptions", "tectonic movements", "asteroid impacts", "solar flares"], "probs": [[0.02531505406486503, 0.20869076547878088, 0.7513414668317328, 0.014652713524621278], [0.3437668280327225, 0.6229283027345388, 0.0225025092042084, 0.010802359928530257], [0.6609216755472377, 0.034760351314188725, 0.15214486021884482, 0.15217311281972878], [0.007631166602812812, 0.021073223373220217, 0.9098526554900852, 0.061442954433881786]], "ideal": "C", "sampled": "C", "correct": true}}
{"type": "result", "data": {"idx": 55, "options": ["A group of people swims in a river.", "A construction crew builds an iron bridge.", "A farmer grows vegetables to sell at a local market.", "A person bakes a cake with electricity produced by a hydroelectric power plant."], "probs": [[0.004390068449909112, 0.6937701260447409, 0.10308234622972824, 0.1987574591756217], [0.2769128521192453, 0.02457715321753856, 0.6853543863962847, 0.013155608166931447], [0.0011183984683975526, 0.0020897394618664, 0.0033913955670269984, 0.9934004664027091], [0.002940321097763331, 0.006422495446378395, 0.9530931080910966, 0.037544075264761646]], "ideal": "B", "sampled": "B", "correct": true}}
{"type": "result", "data": {"idx": 56, "options": ["a map", "a diagram", "a chart", "a graph"], "probs": [[0.0014065403709899093, 0.00416663048921925, 0.13580435275946418, 0.8586224762803266], [0.00939904501272135, 0.1018382805749712, 0.866034127453393, 0.02272854685891441], [0.028268151318106758, 0.9293688628792909, 0.015371888044085307, 0.026991097658517014], [0.14945506142551543, 0.010999544021487033, 0.09207784743735828, 0.7474675470156392]], "ideal": "C", "sampled": "D", "correct": false}}
{"type": "result", "data": {"idx": 57, "options": ["to generate an electric current", "to increase the strength of the magnet", "to heat the copper wire", "to transfer protons to the lightbulb"], "probs": [[0.9951811169385041, 0.0038825421503434483, 0.0004974152398141904, 0.0004389255713382632], [0.0002958517224216528, 0.00021990920751943993, 8.745978802939524e-05, 0.9993967791820295], [0.004709809889767644, 0.0069617785472613405, 0.9858266441698357, 0.0025017672931353387], [0.0043700195757086155, 0.9902505890888504, 0.0036808389652339406, 0.0016985522702069444]], "ideal": "A", "sampled": "A", "correct": true}}
{"type": "result", "data": {"idx": 58, "options": ["Body weight", "Eye color", "Blood type", "Color blindness"], "probs": [[0.3970827430306949, 0.45019656079829484, 0.029680646731860834, 0.1230400493391494], [0.021287584159744043, 0.09845340757597243, 0.029783181121982024, 0.8504758270423015], [0.001670495702082751, 0.0034013557787684946, 0.47412508445722296, 0.5208030639619258], [0.009799923491245028, 0.19084383047733552, 0.7313254880200707, 0.06803075791134874]], "ideal": "A", "sampled": "A", "correct": true}}
{"type": "result", "data": {"idx": 59, "options": ["Halve the mass of m_{1} and halve the distance between m_{1} and m_{2}.", "Halve the mass of m_{1} and double the distance between m_{1} and m_{2}.", "Double the mass of m_{1} and halve the distance between m_{1} and m_{2}.", "Double the mass of m_{1} and double the distance between m_{1} and m_{2}."], "probs": [[0.02369580746026666, 0.09014526585807596, 0.5350981850554986, 0.3510607415261588], [0.00827832545753105, 0.10822712221554275, 0.8780214463541671, 0.005473105872759015], [0.7400614308644083, 0.19612657379651677, 0.05036085698826447, 0.013451138250810459], [0.09705313533041944, 0.17171185311460757, 0.6378653908251299, 0.0933696206298431]], "ideal": "C", "sampled": "D", "correct": false}}
{"type": "result", "data": {"idx": 60, "options": ["Na + Cl_{2}", "NaCL + OH", "NaOH + Cl", "NaCl + H_{2}O"], "probs": [[0.02481421810460604, 0.9034037011223547, 0.05636162320929273, 0.015420457463746552], [0.39830586644074417, 0.24543178284776676, 0.3514768808386776, 0.004785469772811413], [0.025044371789633018, 0.94834564163775, 0.020928056479744262, 0.005681929992872707], [0.9622256420941854, 0.01891085370547318, 0.01555169043430788, 0.0033118136660335085]], "ideal": "D", "sampled": "D", "correct": true}}
{"type": "result", "data": {"idx": 61, "options": ["to scatter seeds", "to capture sunlight", "to shade the trunk", "to collect water"], "probs": [[0.1036669830034491, 0.8683705880592775, 0.020903708304078398, 0.007058720533195057], [0.963654204302076, 0.023385870818268713, 0.004751027949477428, 0.008208896830177757], [0.01629465031846378, 0.003183883432037198, 0.00333648763436481, 0.9771849785151342], [0.009973949361614122, 0.014401311421393037, 0.9482969865852072, 0.02732775253178561]], "ideal": "B", "sampled": "B", "correct": true}}
{"type": "result", "data": {"idx": 62, "options": ["circulatory", "digestive", "excretory", "respiratory"], "probs": [[0.00020487868401219007, 0.0003052032469657001, 0.00033778554035570013, 0.9991521324286664], [0.0030518768734480698, 0.005746473224415779, 0.9893213347070213, 0.0018803150951148147], [0.0009367628940597127, 0.9959598787868784, 0.002373711582859797, 0.0007296466362020911], [0.9965263606111204, 0.0028656492329645674, 0.00036147815245570153, 0.00024651190345933825]], "ideal": "D", "sampled": "D", "correct": true}}
{"type": "result", "data": {"idx": 63, "options": ["kidney", "heart", "gill", "skin"], "probs": [[0.0005696794607872002, 0.005490084057026468, 0.990477564397337, 0.00346267198484924], [0.0010681774990560478, 0.9951029256720566, 0.00210794756457636, 0.001720949164311033], [0.9912475726229877, 0.006731883070311937, 0.0008230234286613453, 0.0011975207780390872], [0.0009455676425764258, 0.0013232782463337206, 0.0004328903292296878, 0.9972982636818601]], "ideal": "C", "sampled": "C", "correct": true}}
{"type": "result", "data": {"idx": 64, "options": ["They both move at the same rate.", "They both move away from light.", "They both move in the same direction.", "They both move toward an energy source."], "probs": [[0.03088461856930088, 0.13006150987687332, 0.04221080329651509, 0.7968430681573108], [0.051809973527060085, 0.03762061858526834, 0.8971552764364666, 0.01341413135120492], [0.013656968481280214, 0.8455113334637979, 0.09046171886370723, 0.050369979091214684], [0.8951402309853412, 0.05906016029975378, 0.03444032229111083, 0.01135928632379409]], "ideal": "D", "sampled": "D", "correct": true}}
{"type": "result", "data": {"idx": 65, "options": ["Traits from two parents are combined.", "More organisms reproduce this way.", "Offspring grow in different environments.", "Offspring come from identical parents."], "probs": [[0.9853493244520369, 0.008071809739418375, 0.003160835837433986, 0.0034180298711107403], [0.0007414746309276699, 0.0012517245646147454, 0.001557436675154479, 0.9964493640293031], [0.007710493700344699, 0.012714248094231986, 0.9712365341998802, 0.008338723905543056], [0.006137317048767273, 0.985421777131876, 0.004318807741343673, 0.004122097978013048]], "ideal": "A", "sampled": "A", "correct": true}}
{"type": "result", "data": {"idx": 66, "options": ["W is the softest of the four substances tested.", "W is the hardest of the four substances tested.", "W can scratch Y.", "W can scratch X."], "probs": [[0.18531870011687646, 0.4553435836868508, 0.1635395513219215, 0.19579816477435122], [0.4923003352112531, 0.17283998556822663, 0.2804805955046121, 0.05437908361590817], [0.021321116132323965, 0.043418403953172646, 0.7005540170968535, 0.23470646271764986], [0.017827625452586683, 0.12971917655381776, 0.8325626446095731, 0.019890553284022488]], "ideal": "A", "sampled": "B", "correct": false}}
