{"type": "result", "data": {"idx": 0, "options": ["Cryptocurrencies, Expensive, Secure, Financial Crime", "Traditional currency, Cheap, Unsecure, Charitable giving", "Cryptocurrencies, Cheap, Secure, Financial crime", "Traditional currency, Expensive, Unsecure, Charitable giving"], "probs": [[0.3175413695474851, 0.0027526915826917007, 0.6722350900608622, 0.007470848708961029], [0.587925074783244, 0.0027287187907107636, 0.005088224526670745, 0.4042579817993745], [0.9086534500594676, 0.08458757511925923, 0.0019887660426333303, 0.004770208678639751], [0.9086510362549921, 0.08459037378026817, 0.0019886323330200757, 0.004769957531719665], [0.49548229858611, 0.0033461090834381955, 0.0055043106282231585, 0.49566728160222867], [0.05940779658030122, 0.0038034503730329165, 0.9296904781911258, 0.007098274755540034], [0.0030719349286461813, 0.029149107754268797, 0.9650673309705962, 0.0027116262464888016], [0.0059559354968648425, 0.10558729691483767, 0.004094063798213267, 0.8843627036900842], [0.004512109784866959, 0.9746275525038085, 0.0157467275548873, 0.005113610056437282], [0.0046493969669014566, 0.8858934604933771, 0.0036214964783003413, 0.10583564596142106], [0.009642365212495008, 0.004558980847345997, 0.11745346868135584, 0.8683451851588031], [0.006472301272443713, 0.0034681954622210504, 0.9610386497420427, 0.02902085342329256], [0.9873144353045443, 0.004040188066274854, 0.00277402138067808, 0.005871355148502702], [0.9865447518393378, 0.0040369602884336026, 0.002771001142501594, 0.006647286629727002], [0.9442770831935968, 0.0023461976960264023, 0.047012789058930804, 0.006363929951446016], [0.9656995886936948, 0.001649428684788728, 0.003483552845525933, 0.029167429675990515], [0.9853026234007761, 0.0013106522755710933, 0.005860638094890042, 0.007526086128762686], [0.9707800496363193, 0.0016581061801165735, 0.0074119971090687645, 0.02014984697449546], [0.006228826578194334, 0.4946732007442065, 0.004281005427798655, 0.49481696714980045], [0.005336432843940372, 0.6992125080477833, 0.29129338953337075, 0.004157669474905492], [0.0131068990380982, 0.007954086561462318, 0.7156123864790479, 0.2633266278213916], [0.007997662748072861, 0.007062022920140579, 0.7200218074446372, 0.2649185067871494], [0.0044916426705589605, 0.970334965989781, 0.017764792191938644, 0.007408599047721445], [0.006214254474114247, 0.4936593948155537, 0.006215245401249557, 0.4939111052090825]], "ideal": "C", "sampled": "C", "correct": true}}
{"type": "result", "data": {"idx": 1, "options": ["Unsafe practices, Wants, Fear, Trivial", "Unsafe practices, Distress, Fear, Serious", "Safe practices, Wants, Jealousy, Trivial", "Safe practices, Distress, Jealousy, Serious"], "probs": [[0.03755443437852138, 0.8552503002200426, 0.00508382906053872, 0.10211143624089727], [0.03644132780070622, 0.9402348827296424, 0.008132784997702775, 0.015191004371948626], [0.02484300392213871, 0.006287042138586208, 0.932709120252042, 0.03616083358723301], [0.031759785101356984, 0.010317935156439317, 0.2346748371688126, 0.7232474424733911], [0.017684112300401112, 0.010731664118530899, 0.9658405692002604, 0.005743654280807587], [0.08792124180071292, 0.06042732693908493, 0.01731114548151401, 0.8343402856786881], [0.7648082875631336, 0.09136534301606244, 0.01090708345036927, 0.13291928587043464], [0.7958460360433852, 0.138328625192124, 0.03496703838616701, 0.030858300278323713], [0.7136454266724821, 0.008993179710706777, 0.04561515340237167, 0.2317462401144394], [0.2156262007151191, 0.013795654628350017, 0.7528755341534372, 0.017702610403093618], [0.48766721708785316, 0.013008892254637512, 0.4878507397720063, 0.011473150785502978], [0.7220321310372433, 0.019258042831391348, 0.07610162360969176, 0.18260820242167358], [0.04188044524818745, 0.06907517719603162, 0.7427962102294818, 0.1462481672262991], [0.10358368577638913, 0.15071337290736608, 0.21931224915336034, 0.5263906920628845], [0.031550067441834764, 0.7183464797655467, 0.016890514256334616, 0.23321293843628388], [0.06867595655864256, 0.7386732788644856, 0.04721236295641112, 0.14543840152046067], [0.03463836060632608, 0.47821705010601295, 0.008759811627043828, 0.4783847775606171], [0.13921647809666582, 0.7071596910216329, 0.10842189999493797, 0.04520193078676327], [0.019930816343105253, 0.012095084100897355, 0.9606395258866492, 0.007334573569348084], [0.20477011111219318, 0.05868090491852407, 0.02158038618116539, 0.7149685976881174], [0.10774799056412251, 0.7969313027878517, 0.07409482420741005, 0.021225882340615676], [0.14405554746223698, 0.7318674434267873, 0.025040381027345925, 0.09903662798362976], [0.304001526325275, 0.12674453286701193, 0.06781451100262063, 0.5014394297050925], [0.37410787912665006, 0.0946482970082441, 0.4805960720008245, 0.050647751764281324]], "ideal": "B", "sampled": "B", "correct": true}}
{"type": "result", "data": {"idx": 2, "options": ["Employee rights", "Employee rights", "Employer duties", "Employee duties"], "probs": [[0.08491292417648058, 0.08493339837512418, 0.024327961761345582, 0.8058257155870496], [0.05791701548465127, 0.05794596844171089, 0.7998419641601485, 0.08429505181348933], [0.16935760829579302, 0.029446612272721762, 0.27924209102172226, 0.521953688309763], [0.02212172006717386, 0.01184682371139765, 0.9409538725462518, 0.025077583575176622], [0.04726829411797939, 0.8379809977526537, 0.036812584272404233, 0.07793812375696269], [0.027671277803753384, 0.91653008198684, 0.010179096004811193, 0.045619544104595317], [0.08491292417648058, 0.08493339837512418, 0.024327961761345582, 0.8058257155870496], [0.05791701548465127, 0.05794596844171089, 0.7998419641601485, 0.08429505181348933], [0.16935760829579302, 0.029446612272721762, 0.27924209102172226, 0.521953688309763], [0.02212172006717386, 0.01184682371139765, 0.9409538725462518, 0.025077583575176622], [0.04726829411797939, 0.8379809977526537, 0.036812584272404233, 0.07793812375696269], [0.027671277803753384, 0.91653008198684, 0.010179096004811193, 0.045619544104595317], [0.00567130565352624, 0.003441296278735549, 0.03697198745013876, 0.9539154105175994], [0.012110472965741208, 0.005723442562651002, 0.9621947653191547, 0.019971319052453033], [0.00567130565352624, 0.003441296278735549, 0.03697198745013876, 0.9539154105175994], [0.012110472965741208, 0.005723442562651002, 0.9621947653191547, 0.019971319052453033], [0.012014117538253493, 0.954567885101046, 0.013611658050683123, 0.01980633921001747], [0.012014117538253493, 0.954567885101046, 0.013611658050683123, 0.01980633921001747], [0.8987529450922908, 0.018668085071686054, 0.008810399854193234, 0.07376856988182998], [0.9233201145202473, 0.021725265307042066, 0.019158238543144333, 0.03579638152956627], [0.8987529450922908, 0.018668085071686054, 0.008810399854193234, 0.07376856988182998], [0.9233201145202473, 0.021725265307042066, 0.019158238543144333, 0.03579638152956627], [0.9394663244392739, 0.013411588257453573, 0.022088046824868892, 0.0250340403784036], [0.9394663244392739, 0.013411588257453573, 0.022088046824868892, 0.0250340403784036]], "ideal": "D", "sampled": "D", "correct": true}}
{"type": "result", "data": {"idx": 3, "options": ["Presenteeism", "Absenteeism", "Work-play balance", "Work-life balance"], "probs": [[0.0011635717373016808, 0.0014945520262310682, 0.003583126510355842, 0.9937587496261114], [0.0013198503826481976, 0.0013204531812089782, 0.9945651098683399, 0.0027945864678029387], [0.0013183893313161224, 0.0024637079599164704, 0.002462551257266256, 0.9937553513515012], [0.0010257715518232318, 0.0019170300957947865, 0.9924596622060258, 0.004597536046356194], [0.001317400786387957, 0.9929305548267224, 0.0021715349655649883, 0.0035805093213246374], [0.0010274166223905698, 0.9940687546665307, 0.0013189109120687896, 0.0035849176990099653], [0.001314921172958369, 0.003574631917678721, 0.004048802270184878, 0.991061644539178], [0.0016911614120459688, 0.0024616811278743407, 0.9926871598596836, 0.003159997500396067], [0.0031413962115459117, 0.003142662344585385, 0.006648719306999575, 0.9870672220368691], [0.0010250724835256715, 0.0019156850591097892, 0.9918534950565121, 0.005205747300852413], [0.0009054759586426975, 0.9927765504204581, 0.0031587407748505407, 0.0031592327460486127], [0.0008001025547346893, 0.9938195978917217, 0.0013187856367527185, 0.004061513816790946], [0.0010266575220913535, 0.0040608560444851845, 0.0011633553182928973, 0.9937491310151305], [0.0006232472026906119, 0.002175532424309138, 0.9940361097968583, 0.003165110476141912], [0.0013152518841559903, 0.004590311413930727, 0.002783572216737102, 0.9913108643851761], [0.0006228048293185634, 0.0024632409940846954, 0.9933305177488522, 0.0035834363277445647], [0.0006238147238130322, 0.9950231306409991, 0.0021764502006555372, 0.00217660433453229], [0.0006236741662243502, 0.9946622467133034, 0.001920277644826482, 0.002793801375645724], [0.9931022974215497, 0.0027905762714788207, 0.0013177061724519731, 0.002789420034519511], [0.9944509525557003, 0.0024663182614724595, 0.0009070579779739842, 0.002175671104853228], [0.9926174591502894, 0.0024619069168498185, 0.00246031691643037, 0.00246031691643037], [0.9914753027917835, 0.003157101484319402, 0.001315662503969329, 0.004051933119927719], [0.9942951762791569, 0.001320257158855748, 0.0019197221763218085, 0.002464844285665568], [0.992560846718941, 0.0016918523480333794, 0.0016911061259227045, 0.004056194707102932]], "ideal": "D", "sampled": "D", "correct": true}}
{"type": "result", "data": {"idx": 4, "options": ["Industrial supply loops", "Industrial ecosystems", "Ecological ecosystems", "Corporate ecosystems"], "probs": [[0.005166094149103637, 0.9845530424102266, 0.0027652107549936762, 0.007515652585676059], [0.005836321637443778, 0.9817146691671917, 0.006613030184608488, 0.005835978910755984], [0.011861742760177391, 0.14453451683966273, 0.831738730460312, 0.011865009839847927], [0.02609632183422195, 0.31796479458881277, 0.40824407639179167, 0.2476948070851736], [0.01424294558240777, 0.605826571291723, 0.36735809735196245, 0.012572385673906726], [0.012187810931308241, 0.854431532167214, 0.017730029760428784, 0.11565062704104899], [0.9804263367585277, 0.005146937730197969, 0.0035357744125917635, 0.010890950998682465], [0.9751728088641249, 0.005120544029586623, 0.013908057266248242, 0.005798589740040159], [0.9797604632800136, 0.002753866757848093, 0.00660095028299697, 0.01088471957914123], [0.9802848801397178, 0.0027550455851980994, 0.008479416361114924, 0.008480657813969176], [0.9815173629910158, 0.007496895646195702, 0.005835729116971399, 0.0051500121458171585], [0.978536305803554, 0.008468329373261413, 0.004530770884534789, 0.008464593838649836], [0.017614774207334347, 0.008323084469166865, 0.96195368874191, 0.012108452481588754], [0.028977267657662988, 0.009412246220598322, 0.7474242619489002, 0.21418622407283844], [0.03494197476349057, 0.9014466336850401, 0.02401694637284207, 0.03959444507862722], [0.04003969124967937, 0.911623399561644, 0.03533711211643111, 0.01299979697224556], [0.024748401160706795, 0.2348229236333034, 0.01701051517382371, 0.7234181599321661], [0.10661311675298069, 0.6137634217910466, 0.25583137820409485, 0.023792083151877877], [0.12688143099839067, 0.02832711161090454, 0.8276134214746922, 0.017178035816012578], [0.3768171748666041, 0.035061169213467844, 0.039714046087910154, 0.5484076097320179], [0.16100115802576, 0.8177668314356263, 0.013216839880382395, 0.008015170558231238], [0.14522649292228784, 0.8360576597657039, 0.008195674946845786, 0.010520172265162426], [0.2041703729996005, 0.016767702745195793, 0.06627585639475843, 0.7127860677604453], [0.8501443897694034, 0.005732484650966395, 0.1303810631602213, 0.013742062319408858]], "ideal": "B", "sampled": "B", "correct": true}}
{"type": "result", "data": {"idx": 5, "options": ["Power imbalance, Benefits, Hoodwinked", "Power imbalance, Resources, Co-opted", "Informational asymmetries, Benefits, Hoodwinked", "Informational asymmetries, Resources, Co-opted"], "probs": [[0.06816967956988244, 0.6469223860147226, 0.046857430419339374, 0.2380505038960555], [0.0859802566313378, 0.8158532167491581, 0.0460168669992934, 0.0521496595202107], [0.1695210137936523, 0.04290891310414995, 0.6709874071705679, 0.11658266583162986], [0.15514730493466686, 0.0941530873589347, 0.42196483987689526, 0.32873476772950316], [0.12922853615268817, 0.511176362915669, 0.213120004904416, 0.14647509592722674], [0.13580557877350394, 0.4184114527332432, 0.11983485103054747, 0.3259481173627054], [0.7479359534675579, 0.022609759204100195, 0.11472123157844583, 0.11473305564989601], [0.7201854813927571, 0.02177236856699245, 0.18212780931293004, 0.07591434062732043], [0.6671642983971908, 0.025892436345387623, 0.21661622825632132, 0.09032703690110024], [0.5232316430473305, 0.02607301337255995, 0.3597300470915213, 0.09096529638858823], [0.4801183270910331, 0.2913296477007161, 0.12140897479319965, 0.10714305031505116], [0.4182249040351181, 0.28751999351129653, 0.11983928917520369, 0.17441581317838165], [0.0802328774148663, 0.19254515202451342, 0.6720485982201124, 0.05517337224050792], [0.14255599676137154, 0.43916147942919787, 0.2350993007186394, 0.18318322299079118], [0.08881521373593076, 0.5792874900895173, 0.16592865068029677, 0.1659686453942552], [0.1212712302682722, 0.6159296035150672, 0.1070325150978821, 0.15576665101877848], [0.12661699949428867, 0.44205012913098113, 0.0411116331774608, 0.3902212380972694], [0.15813747594339927, 0.6255285962475503, 0.058175530536584086, 0.15815839717246635], [0.11242567947301367, 0.015225555008869905, 0.8309768631122798, 0.04137190230583661], [0.5985725465696335, 0.02981387982020151, 0.151342852479146, 0.2202707210310189], [0.1275914741680206, 0.7346425555982837, 0.1126339420778964, 0.025132028055799265], [0.13088823487916862, 0.7533802774899622, 0.025773418344585273, 0.08995806918628398], [0.5582090078614631, 0.027811234352392442, 0.1812239203739494, 0.232755837312195], [0.4923776502358912, 0.02780092554082926, 0.29864215370801034, 0.18117927041526918]], "ideal": "B", "sampled": "B", "correct": true}}
{"type": "result", "data": {"idx": 6, "options": ["hedonistic utilitarianism", "preference utilitarianism", "The Categorical Imperative", "ethics of care"], "probs": [[0.8487299305138237, 0.13020867447542198, 0.013718442416417767, 0.007342952494336503], [0.835940447014027, 0.12822851943411048, 0.007233200823098578, 0.028597832628763878], [0.8324030520623322, 0.03229342728120378, 0.12763824879352118, 0.007665271762942775], [0.7478720141045013, 0.029015140900394275, 0.008843933684846607, 0.21426891121025773], [0.6662725693525001, 0.022815167696339376, 0.27774371731485004, 0.03316854553631051], [0.5649935080197113, 0.02191775879309999, 0.02481474386969763, 0.3882739892174911], [0.915691584119631, 0.058562962193601596, 0.016771476936707365, 0.00897397665006004], [0.8804426698205935, 0.07227113768202945, 0.00863034176094417, 0.038655850636432884], [0.7714737764326922, 0.026414746797263914, 0.195009100252485, 0.007102376417558847], [0.732493314718382, 0.022135016584991556, 0.00764425413100762, 0.2377274144656188], [0.7974582974688728, 0.014622398000046008, 0.15700933146939777, 0.030909972961683442], [0.725554154496432, 0.017073336205588305, 0.021902154653328277, 0.2354703545446514], [0.038902323109457015, 0.8858113155997411, 0.06413908951625943, 0.01114727167454243], [0.030666257326229955, 0.6980283660667006, 0.014488609101424016, 0.25681676740564546], [0.03781384208151765, 0.670501228333449, 0.27940857251505113, 0.0122763569699821], [0.022436982919918032, 0.6557813005183323, 0.012012546366204536, 0.3097691700955452], [0.03990818164039772, 0.01887002193532503, 0.8018765554672995, 0.1393452408569777], [0.0375989934153565, 0.017776081237415614, 0.6666777692067897, 0.2779471560404382], [0.02486725746149813, 0.8241099855174036, 0.0983787713887158, 0.05264398553238251], [0.01842655866235714, 0.5385788327470908, 0.023663502504130803, 0.4193311059864212], [0.019067620465964993, 0.5575217489848454, 0.3830444733909261, 0.04036615705826344], [0.011258164398628133, 0.5424487580143451, 0.023833535564852713, 0.4224595419221741], [0.023544273326482096, 0.08219740115428806, 0.6073612211681496, 0.2868971042510802], [0.016164490766724205, 0.03879781693157834, 0.4724543389822175, 0.47258335321948]], "ideal": "B", "sampled": "A", "correct": false}}
{"type": "result", "data": {"idx": 7, "options": ["The only social responsibility of business is to its shareholders", "Managers should act in ways that balance the interest of society and shareholders", "The primary responsibility organizations have is to its employees", "The primary responsibility organizations have is to its stakeholders"], "probs": [[0.9801540457376136, 0.005834639365565369, 0.003120321953417688, 0.01089099284340333], [0.9855407139861918, 0.005866704884822966, 0.004564459469371716, 0.0040281215596135195], [0.9767190872400062, 0.0035284918653220973, 0.00745734205396482, 0.012295078740706835], [0.9771152729229307, 0.003998704718026602, 0.006584519516677347, 0.01230150274236536], [0.9860028550085667, 0.005871645130586229, 0.004567700403712637, 0.0035577993571344665], [0.9788959792341957, 0.007479245904304816, 0.002750222851775005, 0.010874551909724438], [0.003136770398634387, 0.9861983127777509, 0.003138382983585817, 0.007526533740028883], [0.003565218950447456, 0.9893013702670392, 0.0035664694838178, 0.0035669411986955354], [0.004018998791473159, 0.002440776495715582, 0.9838916871415797, 0.009648537471231532], [0.00356916766058788, 0.0031520058902261075, 0.0027800158299254494, 0.9904988105192606], [0.0035673463004874915, 0.002781819678205078, 0.9896040411078735, 0.00404679281343392], [0.0035722697067270834, 0.0027848501780094216, 0.0021674999365429524, 0.9914753800787205], [0.002768851986571148, 0.9861964592552505, 0.005172253903759076, 0.005862434754419345], [0.0027698559227024547, 0.9865540765796478, 0.0040306497544400615, 0.006645417643209654], [0.0027746131770611804, 0.0031471724703431435, 0.9881995199688702, 0.005878694283725465], [0.00278368421524964, 0.0031565569239244634, 0.0024572230383470097, 0.9916025357224789], [0.004036216079920045, 0.002777839555231007, 0.9879981911237419, 0.005187753141107021], [0.00315044167501656, 0.002782544839044021, 0.0035703347120029927, 0.9904966786739364], [0.003146191031322278, 0.9892474110200328, 0.0035660747744405146, 0.004040323074204468], [0.004032300454307902, 0.987326540992829, 0.00277278177039463, 0.005868376682468448], [0.0027788784669180227, 0.0035712786888374955, 0.9896030537936646, 0.0040467889505798405], [0.0031513481020142052, 0.003573886128457184, 0.002167001139622483, 0.9911077645299061], [0.004033436674329452, 0.002775392970372318, 0.9873177211152707, 0.005873449140027496], [0.0031505824239889115, 0.002782605453156471, 0.0035696054197562124, 0.9904972066030984]], "ideal": "A", "sampled": "A", "correct": true}}
{"type": "result", "data": {"idx": 8, "options": ["Legal, Interactions, Mechanics", "Civil, Relations, Outcomes", "Political, Interactions, Outcomes", "Environmental, Relations, Mechanics"], "probs": [[0.10209067894311974, 0.13113955175015596, 0.7545732292841375, 0.01219653992258684], [0.11692652817504995, 0.4625300453628842, 0.012324954347407217, 0.40821847201465855], [0.15841674316239418, 0.6266756453985861, 0.20343082939409945, 0.01147678194492018], [0.08855359840932965, 0.4497122465458531, 0.011983463400545704, 0.4497506915442715], [0.1068720349665867, 0.021052780686495482, 0.5427903805416067, 0.3292848037053111], [0.16798117223251918, 0.025780291408954145, 0.40309976250988017, 0.4031387737486465], [0.22257997738368654, 0.08191539387078021, 0.6857233108541668, 0.009781317791366458], [0.38460824713547964, 0.33943963774541824, 0.011614986942985607, 0.26433712807611653], [0.296907466866121, 0.1402851549512556, 0.5548922646377967, 0.00791511344482667], [0.42865575872631023, 0.26003597104311527, 0.016622121101111, 0.2946861490294635], [0.3061198369504729, 0.02514299381165465, 0.16384098232054253, 0.50489618681733], [0.3575886592468824, 0.0201911114405352, 0.40527249169599233, 0.21694773751659005], [0.7460958821429116, 0.03279973506637227, 0.21378942933692657, 0.0073149533537896095], [0.5891561388907246, 0.042690083113921265, 0.010790137515946647, 0.35736364037940754], [0.6344961029956554, 0.23349560469206945, 0.12495914618716938, 0.007049146025105762], [0.6185752175821754, 0.2922426770791331, 0.023984763858247278, 0.06519734138044422], [0.5599993843770552, 0.014938631440488116, 0.26456617271510247, 0.1604958113673542], [0.5305487621716275, 0.012489037842878916, 0.3647340610483534, 0.09222813883714018], [0.12428293750584239, 0.10972325175728137, 0.3829297606881064, 0.3830640499487698], [0.09588568442356579, 0.13952633425256838, 0.42977138388840525, 0.3348165973354606], [0.07790811823471845, 0.3956500527254499, 0.07790811823471845, 0.44853371070511316], [0.08036993892264244, 0.4082786072538028, 0.46258952813754, 0.04876192558601476], [0.11837254639831427, 0.3217991936153119, 0.19514668276663236, 0.3646815771197414], [0.11059996773016036, 0.20669603884713283, 0.6365943120385399, 0.04610968128416695]], "ideal": "B", "sampled": "C", "correct": false}}
{"type": "result", "data": {"idx": 9, "options": ["Dynamic", "Fluid", "Flexible", "Modern"], "probs": [[0.17440000954314544, 0.2538624817115635, 0.5373809577306594, 0.034356550914631634], [0.1771844226612944, 0.33107249044722825, 0.00999676844954838, 0.48174631834192894], [0.24321346657183054, 0.5836098593914699, 0.14753670494336354, 0.025639968993336003], [0.23357394987899274, 0.7196115914773885, 0.0062253904645634016, 0.040589068079055275], [0.23130234962190918, 0.01676701109045033, 0.2620999074971781, 0.4898307316904624], [0.13363895018014482, 0.01597527438205579, 0.7692960614581913, 0.08108971387960806], [0.2584799285207729, 0.024059979758035498, 0.7028712184080554, 0.01458887321313621], [0.45854266939589844, 0.017789091706021002, 0.003967419685778446, 0.519700819112302], [0.3151804400705514, 0.6674896289118561, 0.010787177556568632, 0.006542753361023797], [0.2648216563402183, 0.7200581045863355, 0.00485134744299253, 0.010268891530453664], [0.4855106391093481, 0.010084811427994209, 0.018822861517935434, 0.4855816878447222], [0.1401455229728786, 0.01304806188096652, 0.8066429955827198, 0.04016341946343513], [0.9633358505740801, 0.00833920981519912, 0.01999097211050362, 0.008333967400217192], [0.9796951050377084, 0.005829145228328478, 0.0021432085845636724, 0.012332541049399449], [0.904736014968997, 0.08416586862658612, 0.004190371712165109, 0.006907744592251684], [0.8381297526153685, 0.14565610323269235, 0.0026679985993275698, 0.013546145452611574], [0.9731608279317764, 0.0045101412812949045, 0.004506082111999394, 0.01782294857492927], [0.9718672533969819, 0.005103625618062365, 0.010795835957500883, 0.0122332849274549], [0.021102668558166147, 0.030716156355079845, 0.15593740226305755, 0.7922437727236965], [0.015058607590785892, 0.024842120044979116, 0.9319544288903125, 0.02814484337392247], [0.01547567186655417, 0.3108592059131289, 0.015473674179615074, 0.6581914479407018], [0.009324397821355255, 0.12877614698928183, 0.8395234283000877, 0.022376026789275163], [0.007451424356379342, 0.9764024604792877, 0.00657660832953181, 0.009569506734801145], [0.008383938157375353, 0.9694059544357905, 0.013824255281557481, 0.008385852025276691]], "ideal": "C", "sampled": "C", "correct": true}}
{"type": "result", "data": {"idx": 10, "options": ["Breadth, Clarity, Accuracy", "Disclosure, Detail, Accuracy", "Disclosure, Clarity, Accuracy", "Disclosure, Clarity, Efficiency"], "probs": [[0.6600557552734535, 0.022605666846373492, 0.27515217607854997, 0.04218640170162308], [0.11541801880018293, 0.017705406563793557, 0.013782285337875563, 0.8530942891981479], [0.8894181200936351, 0.026880221288495168, 0.05684650284500526, 0.026855155672864537], [0.8921945229334005, 0.026959833101900782, 0.03051699388978884, 0.050328649974909795], [0.11482677333061453, 0.013722140902933475, 0.022604555815619706, 0.8488465298508323], [0.6118027852144534, 0.016324928788927908, 0.32754857870029164, 0.044323707196327056], [0.2174101285402886, 0.27929500329761825, 0.46047957761812514, 0.04281529044396805], [0.07990863888690744, 0.1493153268347551, 0.012255433899967322, 0.7585206002783701], [0.27110320528942733, 0.5742835444701884, 0.11303822779298614, 0.04157502234739819], [0.18890336013258413, 0.2749190309747388, 0.022561289199709133, 0.5136163195929679], [0.05147868156048991, 0.00789957886593416, 0.02755455371790459, 0.9130671857556714], [0.1268378692477235, 0.019467238638295976, 0.6444670637199966, 0.20922782829398393], [0.7034331716661021, 0.15701951435916917, 0.07413264528962184, 0.06541466858510692], [0.6709043220472055, 0.1922697974185836, 0.02025467294380411, 0.11657120749040681], [0.7975993066496837, 0.03507479985741551, 0.12232842158425974, 0.044997471808641006], [0.6397157942593151, 0.036116533179600924, 0.021887751416281173, 0.3022799210448027], [0.7634752505772062, 0.023077406330742484, 0.17037084950845705, 0.04307649348359424], [0.6841350614752246, 0.03007754977289499, 0.03405117154392505, 0.2517362171079553], [0.07272385642567536, 0.4186186100432691, 0.0343493811524721, 0.4743081522785834], [0.06028752005880381, 0.3933529838773907, 0.5049190501925614, 0.041440445771243964], [0.04819620220640384, 0.029239981274363707, 0.16822128859635985, 0.7543425278228726], [0.024944441204672756, 0.022027125415781376, 0.8263361987663277, 0.12669223451321818], [0.046256180093056105, 0.49763099494664353, 0.43909202729098684, 0.017020797569313514], [0.04922097792525548, 0.5998445592261334, 0.029860790037262813, 0.3210736727113483]], "ideal": "C", "sampled": "C", "correct": true}}
{"type": "result", "data": {"idx": 11, "options": ["Indistinguishable, Perpetual, Does not own its own assets", "Independent, Limited, Owns its own assets", "Independent, Perpetual, Owns its own assets", "Indistinguishable, Perpetual, Owns its own assets"], "probs": [[0.018045892701875267, 0.008529104180332958, 0.8695697074128825, 0.10385529560490929], [0.07094099517267631, 0.015838040361866625, 0.8644600686852828, 0.04876089568017427], [0.01261187527404184, 0.7802690841028579, 0.00982213855672529, 0.197296901966375], [0.015062581934096129, 0.9319737092641401, 0.028131830045946292, 0.02483187865581748], [0.0805412575320356, 0.11718683997163881, 0.038033931026755737, 0.7642379713695698], [0.02804260285509015, 0.02805848749373486, 0.9288819311082067, 0.015016978442968221], [0.05833461374087201, 0.010145221320260692, 0.9125801697890646, 0.018939995049802694], [0.1553498094079223, 0.016381707406977197, 0.0392696828937678, 0.7889988001913327], [0.02087698362574817, 0.8878501246918186, 0.00870282128381583, 0.08257007029861745], [0.0173061264821189, 0.9451963036732024, 0.015272602999567456, 0.022224966745111274], [0.10190044864414557, 0.029200117665222968, 0.01562450812912572, 0.8532749254615057], [0.02251535783851018, 0.009392209892448534, 0.9574542001442561, 0.010638232024785237], [0.3394104562135686, 0.014920590541178405, 0.011611665673586416, 0.6340572874716666], [0.8259535938727214, 0.00557378527454226, 0.1435292153223575, 0.02494340543037884], [0.8300900210299722, 0.010461374623364375, 0.015200589487696417, 0.144248014758967], [0.9346365027011992, 0.007144820642810416, 0.03623448938867284, 0.021984187167317527], [0.9422484925630731, 0.010481989064771123, 0.02510817771147003, 0.022161340560685694], [0.9031111858974864, 0.011382484957381414, 0.011368492765692602, 0.07413783627943957], [0.11298873125000462, 0.015301175134030322, 0.036673226280918354, 0.8350368672350467], [0.020106839772470346, 0.00349739533035921, 0.9689956075886982, 0.007400157208472286], [0.11405752981994036, 0.025458672206542958, 0.017489969174808894, 0.8429938286987078], [0.013797130761989745, 0.005079298865959733, 0.9673221340056966, 0.013801436266354012], [0.012157304290491854, 0.9662152590786668, 0.009468116858285094, 0.012159319672556259], [0.013783281032226626, 0.9666720778177832, 0.00737818156740422, 0.01216645948258591]], "ideal": "C", "sampled": "C", "correct": true}}
{"type": "result", "data": {"idx": 12, "options": ["Private services, social, economic and environmental", "Public services, social, cultural and environmental", "Private services, cultural, economic and environmental", "Public services, social, economic and environmental"], "probs": [[0.012216576861442773, 0.013845636936401479, 0.0030896783612396495, 0.9708481077409161], [0.01769853729275777, 0.009481149649856132, 0.9663073696457394, 0.006512943311646748], [0.015692144280023506, 0.007414599714105455, 0.00577232414935196, 0.971120931756519], [0.025365613867254156, 0.004998418227356508, 0.9521958899853763, 0.017440077820013087], [0.029134778102279487, 0.9648113204083383, 0.0021109379633034485, 0.003942963426078798], [0.015457073450967399, 0.9563720384939391, 0.0026864817999991894, 0.025484406155094255], [0.1058795819610668, 0.004109022188013127, 0.003198057397889275, 0.8868133383530308], [0.02909479559542698, 0.0034788752501847897, 0.9634872949903651, 0.003939034064023147], [0.04670927376709592, 0.00298905610291989, 0.0118091182833459, 0.9384925517466383], [0.05122179539884534, 0.005403812511006069, 0.9081611636621575, 0.03521322832799109], [0.04168796122873063, 0.9492468986164313, 0.0034228349474423915, 0.005642305107395649], [0.05070582927333333, 0.8991927706090638, 0.005346244897835368, 0.04475515511976756], [0.019528267968352487, 0.019531935517013016, 0.019528267968352487, 0.941411528446282], [0.015212237826706613, 0.015216947525540571, 0.9411478593845988, 0.02842295516315404], [0.018787648981866953, 0.2593319180559221, 0.016578535017801266, 0.7053018978444097], [0.012596687835858595, 0.09309742937533409, 0.883186979502012, 0.011118903186795316], [0.010261477663046971, 0.9236298230141291, 0.007052603187557741, 0.05905609603526617], [0.016612711636356758, 0.907183295733192, 0.04516188755424508, 0.031042104976206148], [0.9850568373866533, 0.0024457674500838198, 0.006638432055407297, 0.0058589630078555496], [0.8307157140613461, 0.0026478038576973, 0.002996907097227097, 0.1636395748837295], [0.9830506288300214, 0.006631050683131292, 0.005158576254214019, 0.005159744132633282], [0.6383218734896289, 0.015022804889150814, 0.004873647331361156, 0.34178167418985916], [0.8526956364708095, 0.0027174551268776465, 0.013783458500190658, 0.13080344980212225], [0.7357645835670972, 0.006372934384740649, 0.047025201288710114, 0.210837280659452]], "ideal": "D", "sampled": "D", "correct": true}}
{"type": "result", "data": {"idx": 13, "options": ["Predatory pricing", "Deceptive pricing", "Price fixing", "Skimming"], "probs": [[0.02190244191506963, 0.9316447946289843, 0.010344467095896481, 0.03610829626004958], [0.019610785512094067, 0.9455070767637308, 0.019608090264485584, 0.01527404735968954], [0.01372595506345676, 0.008328175186889357, 0.9623880403316025, 0.015557829318051365], [0.012223862429108117, 0.0065454395325570324, 0.009518798687964947, 0.9717118992503699], [0.010740505800433833, 0.013795988048436441, 0.9670958165151494, 0.008367689535980247], [0.012223875037214229, 0.012227935603911428, 0.0039688109283598505, 0.9715793783305144], [0.917602340717598, 0.02771898666379607, 0.008993941752006808, 0.045684730766599055], [0.9342986979564314, 0.021978989793904755, 0.03196223261857889, 0.011760079531084915], [0.9066198399753251, 0.01882143676970859, 0.016600455963438277, 0.05795826719152801], [0.93196013820144, 0.015070611234630082, 0.02483061014616723, 0.028138640317762746], [0.9451811723874018, 0.022237434546115015, 0.015272664537312608, 0.017308728429170504], [0.939425961373849, 0.025039269086474466, 0.007170980453391708, 0.028363788986284805], [0.015515762328414404, 0.010668522001611981, 0.9601182328619698, 0.013697482708003764], [0.01220371403688717, 0.008389635120103192, 0.009502871084976786, 0.9699037796580329], [0.024152420143850866, 0.9065765023330097, 0.02414841731947776, 0.045122660103661706], [0.024315490863359837, 0.9127546973963265, 0.02755098365808098, 0.035378827982232595], [0.017549390126797234, 0.017552685146095048, 0.006454989836206012, 0.9584429347909017], [0.013597568888277381, 0.01746443336785045, 0.9535256898560676, 0.015412307787804546], [0.015550793904551044, 0.013729058982596869, 0.9623938094339688, 0.008326337578883316], [0.0156309440412082, 0.012177695785526448, 0.004478340600393848, 0.9677130194728715], [0.03177839907182374, 0.9293762001908058, 0.017006559257755825, 0.021838841379614646], [0.0317235109435114, 0.927468253988685, 0.00908743231037926, 0.03172080265742433], [0.022522965930545515, 0.012058085155869657, 0.007309708574695966, 0.9581092402388889], [0.025068190740073854, 0.01184808313992121, 0.940952747959047, 0.022130978060957936]], "ideal": "B", "sampled": "B", "correct": true}}
{"type": "result", "data": {"idx": 14, "options": ["Normative, Descriptive and Economic", "Normative, Moral and Instrumental", "Political, Descriptive and Instrumental", "Normative, Descriptive and Instrumental"], "probs": [[0.1324361103227536, 0.09104128841293196, 0.01395866447958588, 0.7625639366847285], [0.20651662424569198, 0.14200523547155153, 0.6365128778644897, 0.01496526231826671], [0.11183207110869389, 0.024966847986099994, 0.03630325319526632, 0.8268978276099398], [0.09037496194759616, 0.025912339271025337, 0.8578164135502983, 0.02589628513108027], [0.14300994147390714, 0.7267466566209432, 0.09832588289213748, 0.031917518913012255], [0.13911198428199473, 0.7070156947772053, 0.03104711069215145, 0.1228252101486486], [0.14076307580602823, 0.035602961108347486, 0.013093005564250599, 0.8105409574213737], [0.120953204954954, 0.07340197722356345, 0.7892713833282278, 0.016373434393254734], [0.06446414200078, 0.026878368968124684, 0.01846423862450558, 0.8901932503065897], [0.1375734762360621, 0.03944511213771142, 0.7922762380703705, 0.030705173455855956], [0.10007161944317325, 0.8384985576774187, 0.04172035803140306, 0.019709464748004994], [0.13873910446114032, 0.7988563774365314, 0.027322163975648045, 0.03508235402668024], [0.11686623470298908, 0.029568032353662007, 0.09099615076217822, 0.7625695820811706], [0.08806920198331519, 0.028616948530108065, 0.8361679454904424, 0.047145903896134364], [0.10723926990791831, 0.08353693875807669, 0.016443979177216152, 0.7927798120567888], [0.23676739498411578, 0.23683203622100701, 0.5014485688297692, 0.024951999865107984], [0.15692414137765284, 0.6207241328033376, 0.0654080787197573, 0.15694364699925226], [0.2439181600881495, 0.5854301321197457, 0.14796113635696984, 0.02269057133513494], [0.8950218886725579, 0.023867362396495104, 0.0504881426496043, 0.030622606181342642], [0.9034018657349955, 0.01655670544520034, 0.014599212640966232, 0.06544221607883789], [0.9386468651148208, 0.02208863227336584, 0.022072585585197594, 0.01719191692661575], [0.9348524929839707, 0.017133791221336788, 0.01176555283689352, 0.03624816285779901], [0.7635191819190886, 0.04309192042564054, 0.04306061308784146, 0.15032828446742932], [0.8879259426285347, 0.02367813565370891, 0.04419354447713105, 0.04420237714062525]], "ideal": "D", "sampled": "D", "correct": true}}
{"type": "result", "data": {"idx": 15, "options": ["Work-life balance", "Healthy and safe working conditions", "Employee privacy", "Free Speech"], "probs": [[0.0019164636126674833, 0.9927526761120647, 0.002171637733876123, 0.003159222441391648], [0.0016925937959718447, 0.9934529573675166, 0.0016927296526430562, 0.0031617190838684472], [0.0014922928833441288, 0.0024610963626349384, 0.9924657367957918, 0.0035808738582291983], [0.0014937744317705959, 0.00316232085331852, 0.0016925405500709354, 0.9936513640648399], [0.0013175467497247202, 0.0021728657492239077, 0.992927407727445, 0.0035821796736062866], [0.0016929762363057607, 0.002791443632881751, 0.0016927577247446528, 0.9938228223060678], [0.9879998717856707, 0.004040339092949267, 0.002775241431023278, 0.0051845475903567724], [0.9886068468390216, 0.0040425147481684305, 0.002162905489283173, 0.005187732823526876], [0.9904653085466822, 0.004050052827629563, 0.001912265715322407, 0.0035723728103657488], [0.9913006209279532, 0.0031574373915369217, 0.0014907224408073102, 0.00405121913970246], [0.9904649267046923, 0.003574517093261258, 0.001912345063822392, 0.004048211038223993], [0.9896798506914994, 0.0035715099661778062, 0.00216527490658936, 0.00458336433573343], [0.0019137073462183265, 0.0021695332900700894, 0.9913248981948719, 0.004591861068839652], [0.0014947077721895008, 0.0024645426714140204, 0.001693493205111573, 0.994347256251285], [0.0021719339531166663, 0.9927516300410417, 0.0019167249004185308, 0.0031597110054230266], [0.0016927133019763372, 0.9934527055622668, 0.001692849275077346, 0.0031617317606794162], [0.0014944535776891036, 0.0031635343220391314, 0.001318669359191128, 0.9940233426410806], [0.0014927038380951351, 0.0021725971055366147, 0.9927532157595328, 0.003581483196835442], [0.0014926997767911834, 0.0016921091174688706, 0.9927568960834963, 0.004058294922243608], [0.0019180962734782227, 0.0021736325542170694, 0.002173224402110379, 0.9937350466701943], [0.0019169518943832546, 0.99300565609839, 0.0019170964822075964, 0.003160295425019155], [0.0016905893345620262, 0.9922716484904146, 0.0024595954126554248, 0.00357816666236792], [0.0016925719595833478, 0.0031621405848002958, 0.0014936894149434128, 0.9936515979406729], [0.0013175467497247202, 0.0021728657492239077, 0.992927407727445, 0.0035821796736062866]], "ideal": "B", "sampled": "B", "correct": true}}
{"type": "result", "data": {"idx": 16, "options": ["To make a profit", "To procure resources", "To communicate with shareholders", "To mediate between the organisation and the environment"], "probs": [[0.9726058082474824, 0.009545898490751296, 0.003974817870524214, 0.01387347529124204], [0.9771397954578092, 0.009587776155993787, 0.0074605543172302615, 0.0058118739689668195], [0.9798600014453739, 0.005834094100322643, 0.005826958772029191, 0.008478945582274251], [0.9833052991520205, 0.005166638301478543, 0.004018933143523272, 0.007509129302977654], [0.978918535656505, 0.009607199653776731, 0.0074728967993506175, 0.004001367790367671], [0.9788110571993377, 0.009603352595758952, 0.0031156245227283003, 0.008469965582175039], [0.01565337694535455, 0.9691015201190453, 0.004485663827939682, 0.010759439007660472], [0.013846375404251321, 0.9715402914789866, 0.009518144256827028, 0.005095188759935096], [0.007499167039442697, 0.0051592534438115924, 0.9827891948769307, 0.00455238453981502], [0.005853739742774987, 0.004562211099680419, 0.0045593663752434765, 0.9850246826823011], [0.010835916943911873, 0.009571233125989445, 0.9760713522379225, 0.003521497592176128], [0.009577862209924256, 0.009586625956407474, 0.0031107225478669244, 0.9777247891858013], [0.0040310093746351505, 0.9868319904011861, 0.0045687666531676425, 0.004568233471011108], [0.003561477332021537, 0.98836496796622, 0.00403701292547008, 0.004036541676288408], [0.005146994048156798, 0.009625470748862152, 0.9816865221650009, 0.003541012937980225], [0.0035542084503983142, 0.006644278293741223, 0.003555455025750804, 0.9862460581301097], [0.004576511025277609, 0.004044373297541318, 0.9889264702115242, 0.0024526453656567603], [0.003547808296916861, 0.00455922917714901, 0.007512211113233765, 0.9843807513127004], [0.008487101224504728, 0.9818187466433127, 0.0045445275107883635, 0.005149624521394227], [0.008480764413215117, 0.9809126261440877, 0.0031208647858248137, 0.0074857445568724205], [0.008436193571008058, 0.012286127372075689, 0.9757576447528453, 0.0035200342040709463], [0.005156385495265792, 0.009641332085345752, 0.0018979727507136234, 0.9833043095686749], [0.006633266478520478, 0.005172333424269178, 0.9850576628802103, 0.0031367371170000435], [0.005819490333745982, 0.0051396569124784785, 0.009595588871896833, 0.9794452637818787]], "ideal": "A", "sampled": "A", "correct": true}}
