{"type": "result", "data": {"idx": 0, "options": ["r = k ln[A]", "r = k [A]^2", "r = k [A]", "r = k"], "probs": [[0.026863119181342623, 0.012704778721687352, 0.42037824653385547, 0.5400538554631146], [0.018782356113892222, 0.01006503654967233, 0.905530154043697, 0.0656224531927384], [0.040222695981982186, 0.12391004410109865, 0.027651720939284353, 0.8082155388776348], [0.03922172701094628, 0.22588616330298403, 0.6956527284257819, 0.03923938116028783], [0.03435974489656014, 0.609218113108214, 0.030331182095419584, 0.3260909597998062], [0.031668456125207814, 0.8171079236538381, 0.11056589378942484, 0.040657726331529226], [0.01944168381883759, 0.013376290298183921, 0.23697074163983495, 0.7302112841431435], [0.014086790407692104, 0.009691385569369576, 0.8720442668073377, 0.10417755711560057], [0.019281242207353992, 0.03603746003318903, 0.015024515517202214, 0.9296567821422548], [0.01330821990952997, 0.02488351308579462, 0.9336155208622685, 0.028192746042406912], [0.01732485092053945, 0.6502574342449781, 0.025219683148888686, 0.3071980315855938], [0.014265992238829338, 0.8830594744200069, 0.07246614769179013, 0.030208385549373624], [0.050302846996788636, 0.030530481788263925, 0.02693522842302165, 0.8922314426919258], [0.03125834249288432, 0.018986724869295653, 0.9143035376848333, 0.03545139485298676], [0.040132488154350866, 0.021499065199600525, 0.024350670550921254, 0.9140177759951273], [0.024664527032521495, 0.013220284255951014, 0.926202424953295, 0.03591276365823255], [0.02746568836890082, 0.909803042951922, 0.027473671666098848, 0.03525759691307825], [0.030857506101780088, 0.9022820288510669, 0.02723864001825846, 0.039621824928894586], [0.3553697406921416, 0.033059186675944305, 0.02574289732972507, 0.585828175202189], [0.41306793280473825, 0.026426981828723124, 0.5305757683258152, 0.029929316940723427], [0.1912920956842285, 0.02590022454001439, 0.025892215166350895, 0.7569154645094062], [0.32955092065633373, 0.023891059590382947, 0.615898070363585, 0.03065994928969826], [0.6304176472630165, 0.29789936650508153, 0.031390309447600254, 0.040292676684301636], [0.6533089401163443, 0.2724095335406632, 0.03252633721291484, 0.04175518903007763]], "ideal": "D", "sampled": "D", "correct": true}}
{"type": "result", "data": {"idx": 1, "options": ["all molecular bonds absorb IR radiation", "IR peak intensities are related to molecular mass", "most organic functional groups absorb in a characteristic region of the IR spectrum", "each element absorbs at a characteristic wavelength"], "probs": [[0.015309471217447074, 0.011930267725334164, 0.9475099761119308, 0.025250284845287935], [0.019621958443818643, 0.017321755438996472, 0.017320527955758655, 0.9457357580614262], [0.015313532515664993, 0.9476613595586229, 0.017359264548905084, 0.01966584327680706], [0.01713633831909951, 0.9359144564174954, 0.024941276473299367, 0.02200792869010574], [0.017435403246703212, 0.019764125013839073, 0.010578974903042002, 0.9522214967364157], [0.017229354392415394, 0.022132691488422562, 0.9411059231362228, 0.019532030882939234], [0.011993857215308205, 0.01745915666558491, 0.9530892319252239, 0.017457754093883036], [0.017316325634487775, 0.01962812730561601, 0.017319382235353852, 0.9457361647245424], [0.015311622962106653, 0.9476655703065117, 0.017358330975677353, 0.019664475655704356], [0.013537910475558078, 0.9493687544600861, 0.019706062548462897, 0.017387272415892958], [0.017196960132118667, 0.02835769412001153, 0.015179728327681215, 0.9392656173201885], [0.013460749884287046, 0.02516111009652675, 0.9440878716665395, 0.017290268252646693], [0.940543030873622, 0.022129214259602563, 0.01520593334604484, 0.0221218214207306], [0.919913901226478, 0.027787713796347167, 0.027782157526147, 0.024516227351027833], [0.9457172856173123, 0.01732990537406698, 0.01732411627287905, 0.019628692635741733], [0.9279734413873089, 0.019268521251196352, 0.028025563506898086, 0.024732473754596706], [0.9337588808615737, 0.024894811906080037, 0.021963546664033162, 0.019382760468313102], [0.9377840701881037, 0.02499802368431662, 0.015161120275372215, 0.022056785752207403], [0.019681203327214104, 0.019690848104325823, 0.011941356308067058, 0.948686592160393], [0.017228025171165305, 0.02213098382142976, 0.9411088998669032, 0.019532091040501732], [0.017459323026361287, 0.015412343133323281, 0.013600439294542568, 0.9535278944457729], [0.013573646042539278, 0.011985532386434418, 0.9520523848641247, 0.02238843660690161], [0.017232479686359384, 0.9411064473074059, 0.019532039941496368, 0.022129032964738313], [0.015342720806218436, 0.9496062372308784, 0.015348955080298697, 0.01970208678260442]], "ideal": "C", "sampled": "C", "correct": true}}
{"type": "result", "data": {"idx": 2, "options": ["2", "3", "4", "5"], "probs": [[0.1446135916473854, 0.27014761757909433, 0.34687640742653225, 0.23836238324698797], [0.14461669306028846, 0.2701564447148427, 0.2383931030280657, 0.34683375909680314], [0.16532807801524205, 0.2725182351561853, 0.3499587021436596, 0.2121949845849131], [0.1446308728687896, 0.23841121721334632, 0.27015529690397094, 0.34680261291389314], [0.1634503624298519, 0.18521355532485156, 0.34602445989622305, 0.30531162224907343], [0.1570788002292374, 0.17799360783117857, 0.33247714736002143, 0.3324504444795626], [0.19830168178043164, 0.2885272333569143, 0.2885272333569143, 0.2246438514057397], [0.16710868974172968, 0.31214154693764967, 0.16707730789532332, 0.35367245532529734], [0.18078296423483958, 0.433675808674712, 0.18076433778279405, 0.20477688920765436], [0.16953834131728446, 0.3589126902945832, 0.27949269353816325, 0.19205627474996906], [0.17799108789518286, 0.3325008649792088, 0.15706228654377338, 0.33244576048183494], [0.17343940355948917, 0.28598461404517317, 0.36717123883781483, 0.1734047434575228], [0.19996316133039813, 0.22661437906698076, 0.37353937701008416, 0.19988308249253695], [0.18071789499150862, 0.2320463886015115, 0.20476041121937413, 0.38247530508760574], [0.17707142232077858, 0.3748601972681933, 0.29187932607592987, 0.15618905423509827], [0.16537880895868184, 0.3967231511672979, 0.1653436422182679, 0.2725543975557524], [0.19596029786000285, 0.2851205382300806, 0.19592350689027777, 0.3229956569196388], [0.21638474511083003, 0.27787397137110176, 0.31483794193808795, 0.19090334147998023], [0.15341861087282305, 0.19703278846460817, 0.324818661036832, 0.3247299395257368], [0.1434787468922084, 0.2087401387262179, 0.3036875037936416, 0.3440936104879321], [0.145932082696033, 0.2726370177186191, 0.3088483902159949, 0.27258250926935296], [0.16150215747833985, 0.3017568081839168, 0.3017568081839168, 0.23498422605382652], [0.14952021390134332, 0.31650724060627033, 0.21751456802354974, 0.3164579773688366], [0.13959478290512087, 0.2954897660101678, 0.3348337758121504, 0.23008167517256098]], "ideal": "D", "sampled": "B", "correct": false}}
{"type": "result", "data": {"idx": 3, "options": ["The I\u2212 : IO3\u2212 ratio is 3:1.", "The MnO4- : I- ratio is 6:5.", "The MnO4- : Mn2+ ratio is 3:1.", "The H+ : I\u2212 ratio is 2:1."], "probs": [[0.31638213517508895, 0.14953012540141336, 0.316555286665564, 0.2175324526579337], [0.35089319418001175, 0.1878444375231111, 0.1878708870838334, 0.27339148111304373], [0.23329305199255873, 0.4358996645327467, 0.12490286490128019, 0.2059044184734144], [0.2725534858678487, 0.39673067908778226, 0.1653338893486877, 0.16538194559568134], [0.3219658279975773, 0.22134044263565447, 0.17240438634240884, 0.28428934292435937], [0.2779537902764953, 0.14884492150516518, 0.40453791045303394, 0.1686633776653056], [0.23995223996552748, 0.24000020680412043, 0.3082001552899459, 0.2118473978404062], [0.25557313509291835, 0.2896678874948581, 0.19906240099446948, 0.25569657631775405], [0.20910370903142694, 0.3447537267718496, 0.23696995209902325, 0.20917261199770018], [0.22364620862154866, 0.3254368602904086, 0.19740907845907227, 0.2535078525289705], [0.23341764408505167, 0.23341764408505167, 0.23341764408505167, 0.299747067644845], [0.23251878069279155, 0.20523813670666227, 0.2986524447299275, 0.26359063777061864], [0.2828666651820398, 0.36320800667969233, 0.13360116282561038, 0.22032416521265744], [0.305286680210202, 0.34602389251741417, 0.18523931777471597, 0.16345010939766785], [0.3306101609526794, 0.17698353790932628, 0.2918327493946894, 0.2005735516433049], [0.32541121503785025, 0.19741944359143782, 0.22367774947780628, 0.25349159179290565], [0.3190405118003408, 0.24856174360057226, 0.28165737211357356, 0.15074037238551335], [0.2980435775472942, 0.2980435775472942, 0.1407858135335819, 0.2631270312718297], [0.2436134557057138, 0.3128058770221943, 0.16745506966875523, 0.27612559750333665], [0.23197905609547256, 0.20478030767659802, 0.3825226653743326, 0.1807179707535968], [0.2905956761159624, 0.2263742055312786, 0.22643999415696253, 0.25659012409579646], [0.2730587503952538, 0.2126831922522052, 0.2731606743408471, 0.24109738291169389], [0.22581512070148738, 0.37240171983692905, 0.22587305641706656, 0.17591010294451698], [0.23159536544454257, 0.3818807871117718, 0.12399393971519054, 0.26252990762849504]], "ideal": "B", "sampled": "C", "correct": false}}
{"type": "result", "data": {"idx": 4, "options": ["always", "only for constant pressure processes", "only for constant temperature processes", "only for constant volume processes"], "probs": [[0.1832041103238519, 0.49804865195728354, 0.11112967629074613, 0.20761756132811846], [0.15112787006886622, 0.5977802080809966, 0.11772203488587048, 0.1333698868642667], [0.15855239330136736, 0.43099009986382236, 0.23073849079685718, 0.17971901593795309], [0.1995581805572302, 0.290355439598799, 0.1371541896749345, 0.3729321900690363], [0.22560966662260581, 0.12081164415419304, 0.4778193056917957, 0.17575938343140543], [0.19953410474103692, 0.06478551077780108, 0.1210125470115866, 0.6146678373695754], [0.2595287475834257, 0.5494865032805238, 0.09549830890595645, 0.09548644013009402], [0.2963881006685082, 0.553725859233717, 0.0749386427826241, 0.07494739721515074], [0.21460598676176915, 0.05429924267104568, 0.6613947280337884, 0.06970004243339671], [0.179532514342091, 0.07484709526481118, 0.035349026582200675, 0.7102713637108972], [0.21903654278005638, 0.04316637535955853, 0.6750269330354944, 0.06277014872489063], [0.2209801854775555, 0.07176262727696983, 0.02639232046873341, 0.6808648666767413], [0.21617079785902954, 0.40400185274013894, 0.27766617509182323, 0.10216117420900832], [0.23035483403219206, 0.4303594593326951, 0.10885007840573188, 0.23043562812938095], [0.1844801590818449, 0.2369066458934072, 0.5016683302193761, 0.07694486470537185], [0.15642306531719768, 0.2578980432268837, 0.03954994383431771, 0.5461289475216009], [0.17688950341819618, 0.05070940191539869, 0.5451053346958088, 0.2272957598705963], [0.1484858580913281, 0.07015136851031153, 0.11566006274407364, 0.6657027105542868], [0.07928090039676619, 0.4562833615799792, 0.40266865917974615, 0.06176707874350851], [0.11965093728603103, 0.47327446773531706, 0.15366555174635313, 0.2534090431322988], [0.08089904908245456, 0.32008142945374507, 0.5275896466228838, 0.07142987474091654], [0.06700071092763693, 0.34025767380253263, 0.0316461892412676, 0.5610954259285629], [0.1083172360323213, 0.06572945562233151, 0.6234638233633598, 0.20248948488198731], [0.09319571682462108, 0.08225154375957111, 0.13560986921652668, 0.6889428700992811]], "ideal": "B", "sampled": "A", "correct": false}}
{"type": "result", "data": {"idx": 5, "options": ["3 lines", "9 lines", "5 lines", "7 lines"], "probs": [[0.24904480945130433, 0.219781282816922, 0.2822420638851519, 0.24893184374662175], [0.26354553276239395, 0.2053021345307367, 0.29867332415822534, 0.232479008448644], [0.23342881995661208, 0.23348167437851172, 0.29972856040154094, 0.23336094516333522], [0.23258790718059297, 0.2635873893174303, 0.29864877904421955, 0.20517592435775714], [0.24695667989998135, 0.218014943846343, 0.3171334313602028, 0.21789494479347282], [0.24695819999975102, 0.21799238539576413, 0.31717701325327785, 0.217872401251207], [0.21793922722325443, 0.3171714969339217, 0.24701342316661967, 0.21787585257620415], [0.20349394969851411, 0.3355048248506135, 0.23056022476989793, 0.23044100058097447], [0.19407730380970503, 0.2492602392561394, 0.3626264441433451, 0.19403601269081044], [0.20612516382882579, 0.2646699468625178, 0.26464091940138024, 0.26456396980727614], [0.1892223954011522, 0.24293798205807315, 0.3535139560345949, 0.21432566640617973], [0.199114841150092, 0.25564046235153487, 0.2896785908456201, 0.255566105552753], [0.23054906607641393, 0.335483690197518, 0.20350490231296287, 0.2304623413131052], [0.22371313640363455, 0.32550067676331035, 0.25346869983131287, 0.1973174869017422], [0.20913991398060405, 0.20916758543899994, 0.3448134321235591, 0.23687906835683692], [0.21103903881352523, 0.21103903881352523, 0.30702630832544486, 0.27089561394750467], [0.217951231638117, 0.24703062332095144, 0.3171541894013172, 0.21786395553961438], [0.22639019110352307, 0.22643835165506146, 0.25656010933455875, 0.2906113478068567], [0.22446524912368349, 0.3266737217372525, 0.22446524912368349, 0.22439577991538057], [0.2110094929569283, 0.3070957523085454, 0.2709751901813737, 0.21091956445315255], [0.21182195524508554, 0.24005552766223978, 0.3081991030235977, 0.239923413969077], [0.21273221073407497, 0.27315357324729705, 0.27315357324729705, 0.24096064267133088], [0.20765141774263932, 0.2666939854330768, 0.3424418262101852, 0.18321277051409865], [0.22637702522398248, 0.2907038330741095, 0.22642518577695617, 0.2564939558249518]], "ideal": "B", "sampled": "A", "correct": false}}
{"type": "result", "data": {"idx": 6, "options": ["Neutrons", "Alpha particles", "Beta particles", "X-rays"], "probs": [[0.9411525234527915, 0.028430311386333666, 0.015209274503074162, 0.0152078905578006], [0.8635561460430297, 0.037953759343853276, 0.007471947975816095, 0.09101814653730092], [0.9493684596081715, 0.017396182597753464, 0.019698130845460304, 0.013537226848614718], [0.9027427849304852, 0.02406472850593217, 0.007809545221977154, 0.06538294124160551], [0.8748009171400827, 0.012489307624010126, 0.04933940600356515, 0.06337036913234198], [0.8966705466255425, 0.011298408883179498, 0.027070156098640937, 0.06496088829263706], [0.04510175528693558, 0.9062339252232017, 0.027357936463260152, 0.02130638292660254], [0.04372378869780662, 0.878471311427079, 0.014197703362677595, 0.06360719641243676], [0.049719161930843435, 0.03421815203980401, 0.8818784824572528, 0.03418420347209982], [0.02494825512744818, 0.024956040985034074, 0.01335478442514817, 0.9367409193623696], [0.023785986670295446, 0.009923997766374182, 0.8929964450023204, 0.07329357046100997], [0.03979417416244576, 0.008885345660821505, 0.045096324107564256, 0.9062241559691685], [0.024494791127212718, 0.9195521966243512, 0.03145822102122339, 0.024494791127212718], [0.02389095390911391, 0.8966806084327126, 0.014491999763343416, 0.06493643779483008], [0.03800873259774392, 0.06274412989578361, 0.8656861925764203, 0.0335609448300521], [0.021863659159973858, 0.03605905369627597, 0.011705594768438132, 0.930371692275312], [0.02329916270947598, 0.009721113006944138, 0.8747598445191453, 0.09221987966443448], [0.027689902192376152, 0.008994378501942492, 0.04565637637377504, 0.9176593428319063], [0.023365204420389432, 0.8769374317550901, 0.04365194427335077, 0.05604541945116965], [0.023416603274168658, 0.8788565999157338, 0.03407386834083388, 0.06365292836926363], [0.014650148860106698, 0.02738338632095432, 0.9068131788617338, 0.05115328585720517], [0.027244194643858476, 0.03499067351763498, 0.03498223573474833, 0.9027828960037582], [0.018578347024456904, 0.021067336435006884, 0.8954917887689069, 0.06486252767162935], [0.02727063221750845, 0.024077549888287104, 0.04496784566410021, 0.9036839721301042]], "ideal": "A", "sampled": "A", "correct": true}}
{"type": "result", "data": {"idx": 7, "options": ["Strong oxidizing conditions", "Low-spin electron configuration", "Metallic physical properties", "Unpaired electrons"], "probs": [[0.005175820769416299, 0.0045689933060261935, 0.0035574705438628433, 0.9866977152806946], [0.0031444295665244396, 0.0035648516005659073, 0.9881042814290991, 0.005186437303810568], [0.007491286822335579, 0.005150564931328657, 0.005834219960375591, 0.9815239281859601], [0.005825267828310738, 0.005827682747825191, 0.9798695167435523, 0.008477532580311756], [0.00456680290641869, 0.9862991730169265, 0.004567011988327421, 0.004567011988327421], [0.005835990294928438, 0.9816604827049888, 0.004011822166208289, 0.008491704733874422], [0.006642135257109365, 0.0031395805674861222, 0.004029286517990015, 0.9861889975574145], [0.0035622688593327898, 0.0019079955756900486, 0.9878722541319529, 0.00665748133302423], [0.005871193148454857, 0.0035628036923005574, 0.0027737871895293325, 0.9877922158697152], [0.004043199522253752, 0.0024537511238915135, 0.9894583065301198, 0.004044742723734944], [0.0058355362778643146, 0.9815211870991111, 0.005150299820970631, 0.007492976702054012], [0.007462728302176948, 0.9776107653929932, 0.007462978362272604, 0.007463527842557285], [0.008485397682687716, 0.004544275539253465, 0.005832890295209556, 0.9811374363828492], [0.00583572231781405, 0.0040131511564621865, 0.9816576252398149, 0.008493501185908858], [0.00518044054811998, 0.004573617692316367, 0.002773226579435296, 0.9874727150801283], [0.004031967816273921, 0.0051794486243357165, 0.9867548242439467, 0.004033759215443717], [0.00842767224428107, 0.9741985382320052, 0.0051121247016765025, 0.01226166472203723], [0.007493147768517706, 0.9815206089827988, 0.005836099237105008, 0.005150143911578455], [0.9833796079037838, 0.004556952724839086, 0.004554576921082025, 0.00750886235029517], [0.9711646148146306, 0.006547068918028248, 0.004497865822580162, 0.017790450344760973], [0.9832001703769206, 0.006627800725606389, 0.0035463086464515054, 0.0066257201510214105], [0.9844168909531034, 0.00585695245283618, 0.0045594267930463474, 0.0051667297010141435], [0.9615949656550499, 0.008323256985889002, 0.004453719629498016, 0.02562805762956314], [0.984417157346398, 0.00585636785972303, 0.00455967996629373, 0.005166794727585206]], "ideal": "D", "sampled": "D", "correct": true}}
{"type": "result", "data": {"idx": 8, "options": ["1:1", "1:3", "1:6", "2:3"], "probs": [[0.12369971544550788, 0.3362506973220404, 0.33615890617593447, 0.20389068095651727], [0.1404801052811364, 0.38181076587824886, 0.18035463034359994, 0.2973544983970148], [0.13206984495004093, 0.3590030478775034, 0.3168190811799768, 0.19210802589247877], [0.16348166762147684, 0.34613648053522583, 0.1442911475752544, 0.3460907041680429], [0.1445883575182595, 0.23842161960472913, 0.3469014258692604, 0.27008859690775094], [0.1487514823526404, 0.2164607494853043, 0.2779043316563221, 0.35688343640573317], [0.22639119622827641, 0.22646123168588048, 0.25653484461126363, 0.2906127273745795], [0.2334456513125401, 0.2334456513125401, 0.2334456513125401, 0.2996630459623797], [0.1892687947967804, 0.40073847169536675, 0.1670291249729687, 0.2429636084348841], [0.19995560047944966, 0.3736188168989346, 0.19990432558302268, 0.22652125693859307], [0.22368315350188953, 0.32545705171592143, 0.19742926070671218, 0.2534305339754768], [0.21179025416386033, 0.24002357241985964, 0.30819638182733333, 0.2399897914889467], [0.2469505706055616, 0.21803752101099808, 0.31713830003823074, 0.2178736082452096], [0.2179451999156504, 0.24700124191256106, 0.2179451999156504, 0.31710835815613814], [0.2005326389907147, 0.33072467649476517, 0.2917732509150422, 0.17696943349947797], [0.203460669600307, 0.335494319628733, 0.23052250533547997, 0.23052250533547997], [0.2179575976815777, 0.31717392326440746, 0.2179575976815777, 0.2469108812724371], [0.21101207714634904, 0.270983006465412, 0.3070207490163873, 0.21098416727185162], [0.1634450010228624, 0.1852352061542285, 0.3054011877826711, 0.345918604940238], [0.16180679923794464, 0.18335112257037936, 0.2667390525106654, 0.3881030255810106], [0.15794928527750102, 0.3789574302756618, 0.2027823689299186, 0.26031091541691853], [0.13429940546000532, 0.3221675349251644, 0.3221675349251644, 0.22136552458966582], [0.1570693873765366, 0.332515930090613, 0.17794005836167817, 0.33247462407117223], [0.14933272149657142, 0.24624060825748328, 0.3582779573522739, 0.24614871279367134]], "ideal": "C", "sampled": "B", "correct": false}}
{"type": "result", "data": {"idx": 9, "options": ["T1, unlike T2, is sensitive to very low-frequency molecular motions.", "T2, unlike T1, is sensitive to very low-frequency molecular motions.", "T1, unlike T2, is sensitive to molecular motions at the Larmor frequency.", "T2, unlike T1, is sensitive to molecular motions at the Larmor frequency."], "probs": [[0.36462231388287486, 0.321807341637702, 0.11836542060203306, 0.19520492377739004], [0.33010960605746337, 0.2913472142925744, 0.12143016222187013, 0.2571130173280921], [0.3638298971809159, 0.19478068624488873, 0.22067398817153344, 0.22071542830266191], [0.32301096087476955, 0.19593388424147484, 0.19591606245215765, 0.28513909233159795], [0.2738915816336217, 0.11421034548270949, 0.3985484600533775, 0.21334961273029124], [0.27013291133323164, 0.11265053357475423, 0.3469523346204854, 0.2702642203715287], [0.2698570429295816, 0.3926753909640269, 0.09927484915288544, 0.238192716853506], [0.28486197113941897, 0.4145071187987972, 0.10479485945215226, 0.19583605050963154], [0.21948326940030083, 0.15088971857050465, 0.4100837653515195, 0.219543246577675], [0.21323211171235013, 0.16609462846503747, 0.31030562054532695, 0.31036763917728544], [0.26501773600531053, 0.16077154154489123, 0.34028948808979825, 0.23392123425999997], [0.2555868029338835, 0.19906932113564116, 0.25561004874534354, 0.28973382708513185], [0.3128077247660996, 0.2760785694407159, 0.1674501224834605, 0.243663583209724], [0.3190877830391259, 0.28161961676700886, 0.15074010641081054, 0.24855249368305474], [0.28655036000051964, 0.1738303970894553, 0.28662394193119817, 0.2529953008788269], [0.2865569378613058, 0.17385307470767858, 0.25295472896414856, 0.286635258366867], [0.27606448939758316, 0.3128220783281738, 0.16744159409877526, 0.24367183807546772], [0.28281273983386923, 0.2828626289260017, 0.1514054672035089, 0.28291916393662014], [0.22468675821639775, 0.19830455192105462, 0.2884772545718408, 0.2885314351907068], [0.22372511850369525, 0.15379099087992226, 0.36892541139831186, 0.2535584791180706], [0.2865753088135452, 0.2529493196666814, 0.17381670551300235, 0.286658665906771], [0.2730849547759768, 0.21271630897280158, 0.24103915635554551, 0.2731595797956761], [0.2505988851117496, 0.36461923609363367, 0.1341359357144192, 0.2506459429801975], [0.25059664993750413, 0.36464915762619965, 0.13413474362148828, 0.2506194487148079]], "ideal": "D", "sampled": "A", "correct": false}}
{"type": "result", "data": {"idx": 10, "options": ["3.02 ppm", "5.03 ppm", "10.56 ppm", "11.30 ppm"], "probs": [[0.1925371174299633, 0.24722255780474373, 0.28013987656772893, 0.28010044809756407], [0.19172780213822926, 0.24614648518485038, 0.3160138725918422, 0.24611183998507816], [0.18329367859141488, 0.34238947965012045, 0.2076989355937088, 0.2666179060647558], [0.17237695022427138, 0.3220425353894929, 0.28424413295262957, 0.2213363813336061], [0.1832783708819234, 0.34240908366539774, 0.2076816136819097, 0.2666309316707692], [0.16532641893948513, 0.34994361322514983, 0.272536371211818, 0.21219359652354702], [0.22639837043400715, 0.22639837043400715, 0.25654292868620493, 0.2906603303457807], [0.21273624355764809, 0.24102563740997637, 0.27315874126021694, 0.2730793776721586], [0.21438529978148319, 0.3534615968215462, 0.18922272402966808, 0.24293037926730254], [0.1661362226039762, 0.31028733322741137, 0.31028733322741137, 0.21328911084120106], [0.18788763969094915, 0.3509643412057014, 0.18785767345802398, 0.27329034554532544], [0.19096444260707524, 0.31489735369368504, 0.27781000316628285, 0.2163282004329569], [0.23260106940920505, 0.2986236423365576, 0.2635344486111783, 0.20524083954305905], [0.22446732555271612, 0.32659802324185166, 0.22446732555271612, 0.22446732555271612], [0.23254712963224636, 0.2986832096285403, 0.2635475216638137, 0.20522213897539965], [0.2163776775157035, 0.31487197784183946, 0.190952632351339, 0.27779771219111804], [0.22638740458646314, 0.29073073590677184, 0.2564944548203019, 0.22638740458646314], [0.22639323094031572, 0.29073821628946744, 0.25653713174468495, 0.22633142092553188], [0.24902315064230088, 0.282222475348168, 0.24902315064230088, 0.21973122326723019], [0.22642254967675068, 0.29068876557490464, 0.25653190869317666, 0.22635677595516804], [0.2179871434355203, 0.3170772696095346, 0.24701178825376563, 0.21792379860117944], [0.21797056627854788, 0.31710063790343945, 0.21797056627854788, 0.24695822943946477], [0.22642254967675068, 0.29068876557490464, 0.25653190869317666, 0.22635677595516804], [0.2264138507729621, 0.29067759403610993, 0.2565604929416891, 0.22634806214923883]], "ideal": "D", "sampled": "D", "correct": true}}
{"type": "result", "data": {"idx": 11, "options": ["[The polarization relaxes exponentially: p(t) = [p(0) - peq]exp(-t/T1) + peq.]", "72.0 s", "56.6 s", "12.7 s"], "probs": [[0.17241591213409507, 0.28421559927005563, 0.32208600637076074, 0.22128248212508855], [0.18922188956470348, 0.24296570991785726, 0.35347658738858884, 0.21433581302885044], [0.20526149027724483, 0.2635384476631963, 0.2986808730477348, 0.2325191889118241], [0.1917175621836758, 0.24614639211001615, 0.3160888207225493, 0.24604722488375871], [0.19097930191037593, 0.2163894176266765, 0.31484472748468983, 0.2777865528782577], [0.17241709857443183, 0.22134887021368133, 0.3220606956087518, 0.28417333550313506], [0.18521944900658077, 0.34600400405636433, 0.3053752436127576, 0.1634013032242973], [0.17918723285828575, 0.2953993589761688, 0.2953993589761688, 0.23001404908937667], [0.17594638989436662, 0.2259401895160097, 0.4221961921685796, 0.1759172283210441], [0.18238850076656068, 0.1609159702720632, 0.16095727629458148, 0.49573825256679466], [0.15076069419991844, 0.21937955750283583, 0.5262642463048723, 0.10359550189237343], [0.17072307553005436, 0.17064515736050165, 0.1329206039498266, 0.5257111630596174], [0.2122435537924186, 0.34996228885187436, 0.2725261110908538, 0.16526804616485324], [0.18879110463122067, 0.31120546060097093, 0.31126390295777995, 0.18873953171002844], [0.16658174989941849, 0.21393534538990713, 0.4529011547112559, 0.16658174989941849], [0.16775926955684728, 0.16769616313355548, 0.1480039937351752, 0.5165405734744221], [0.17614314398535114, 0.25628675480385227, 0.4790239644153337, 0.08854613669546291], [0.18958370025549123, 0.14760758861064577, 0.14760758861064577, 0.5152011224232173], [0.17991927650909897, 0.2966097604375751, 0.26175716266845933, 0.26171380028486657], [0.18787067006910654, 0.35095668723908097, 0.2733501926774503, 0.1878224499143622], [0.15711971796369817, 0.20176522444892075, 0.48400962973833106, 0.15710542774904998], [0.1609823549511104, 0.1609254623125914, 0.18236707289485027, 0.4957251097414479], [0.16066962066195992, 0.23379555419848885, 0.49510830975569453, 0.11042651528385668], [0.16097035471798726, 0.16091346208116378, 0.18238566411016416, 0.4957305189906848]], "ideal": "B", "sampled": "A", "correct": false}}
{"type": "result", "data": {"idx": 12, "options": ["4.6 mT", "27 G", "5.4 mT", "3.8 mT"], "probs": [[0.22469275701895927, 0.1983203678374022, 0.28855444287846793, 0.2884324321651706], [0.21103191373622102, 0.21103191373622102, 0.3070496320417438, 0.27088654038581417], [0.2163962955140352, 0.277821562327332, 0.1909690442201546, 0.3148130978384782], [0.23997755703877055, 0.3081864164191218, 0.2400565629965897, 0.21177946344551796], [0.2164206601352931, 0.2778505210829815, 0.19096367912902684, 0.3147651395526985], [0.22641543704368344, 0.2906768278386067, 0.25656231852942585, 0.22634541648828393], [0.19260352561032673, 0.24718938397097223, 0.28014424022996043, 0.2800628500887406], [0.1991232156685068, 0.25560021017021667, 0.28967636389105994, 0.25560021017021667], [0.21271929998895325, 0.2410425322696168, 0.2731805362076408, 0.2730576314337891], [0.21273781896172292, 0.24102509431998767, 0.273160773198076, 0.2730763134202134], [0.19255145179121586, 0.24716911085710505, 0.280160699461111, 0.28011873779056806], [0.19833472960201587, 0.2247045702919539, 0.28848035000301514, 0.28848035000301514], [0.2164201534957899, 0.2778131191667167, 0.1909632320941711, 0.3148034951433223], [0.22640664535871097, 0.29066255252639717, 0.25659867736219344, 0.22633212465269842], [0.22469994574326696, 0.1982969970327804, 0.2885664529174216, 0.288436604206531], [0.2246837135226795, 0.19831430614523335, 0.2885456041919887, 0.28845637604009844], [0.21104016186747848, 0.27098092587761574, 0.30706161034864293, 0.2109173018062628], [0.20772254774463988, 0.2666482070812398, 0.1832887110420865, 0.34234053403203374], [0.1959866732162946, 0.28508108851443015, 0.195933178047614, 0.3229990601216613], [0.21975423065976835, 0.2822150247676829, 0.24905387683622168, 0.2489768676363271], [0.22467384074875832, 0.19830368752737185, 0.2885761601722175, 0.28844631145165234], [0.21103973055637293, 0.2110081102932651, 0.270980379823159, 0.306971779227203], [0.2109989970711471, 0.27101188895376427, 0.30704772469311115, 0.21094138918197744], [0.19865099175607887, 0.2550729182928601, 0.1752856854472082, 0.3709904044038528]], "ideal": "A", "sampled": "A", "correct": true}}
{"type": "result", "data": {"idx": 13, "options": ["1:19:36:84:126:126:84:36:19:1", "1:9:36:84:126:126:84:36:9:1", "1:9:35:82:120:120:82:35:9:1", "1:8:28:56:70:56:28:8:1"], "probs": [[0.24901668730768753, 0.2821728716703487, 0.21979375361427628, 0.24901668730768753], [0.20345803486881475, 0.23054818119639836, 0.23054818119639836, 0.3354456026383885], [0.1475111627053705, 0.10145404480333654, 0.5838277078360151, 0.1672070845552778], [0.18030022620246527, 0.1404811632636126, 0.2973511903391315, 0.38186742009479063], [0.2143310872350717, 0.18920880272271393, 0.3535524255644519, 0.24290768437776253], [0.13582126767082528, 0.11989668905690638, 0.3258641593729253, 0.4184178837993431], [0.25654170983388763, 0.29069984770640594, 0.22639727393529271, 0.2263611684244137], [0.22063990592657212, 0.22073922216887903, 0.19474144858384146, 0.3638794232207074], [0.25351145105474904, 0.1538459165584404, 0.3689195701432985, 0.223723062143512], [0.20765233966057728, 0.1832525662858473, 0.26667613980529886, 0.34241895414827656], [0.2194672688225437, 0.15089374413275852, 0.4101717181221541, 0.2194672688225437], [0.20278126885111064, 0.1579530042861996, 0.3788452631200416, 0.26042046364264815], [0.19648236034335836, 0.13508754967292314, 0.4160989224494637, 0.2523311674342548], [0.17431058767083263, 0.15387920231528493, 0.2536608391892944, 0.418149370724588], [0.2489942423900185, 0.2197739299945711, 0.24903650208253028, 0.2821953254328801], [0.2236583846329298, 0.19737784542984735, 0.325479829687102, 0.2534839401501208], [0.17021394630257558, 0.10329263271503497, 0.4083871688886201, 0.31810625199376935], [0.23055214374597488, 0.1585368114115253, 0.380241345732375, 0.2306696990101248], [0.20364343207632118, 0.20371047239752865, 0.29634668095366967, 0.2962994144724805], [0.15704112775420934, 0.15706324107675976, 0.25895350397162414, 0.42694212709740675], [0.23254637868404793, 0.20525628898819806, 0.2636018873367509, 0.29859544489100315], [0.18921926051812843, 0.1670705626120818, 0.4007090806349028, 0.24300109613488696], [0.18032475766748704, 0.14050435599756805, 0.2973052770405153, 0.3818656091944296], [0.1770140502124731, 0.15626908604327155, 0.3748700562509035, 0.29184680739335184]], "ideal": "D", "sampled": "B", "correct": false}}
{"type": "result", "data": {"idx": 14, "options": ["spin trapping provides more structural information than direct detection by EPR", "spin trapping makes it easy to quantify free radical intermediates", "steady state concentration of free radical intermediates is often too low to enable direct detection by EPR", "detection of spin adducts requires lower power than direct detection of radical intermediates"], "probs": [[0.04350241005809037, 0.026404734937895375, 0.8741940317762346, 0.05589882312777972], [0.09373111777516492, 0.05687201991814827, 0.06440669129574395, 0.7849901709109428], [0.042991540799575935, 0.8638541745167023, 0.037947027973539854, 0.05520725661018183], [0.03432665752154549, 0.8854731287462921, 0.023599646895255354, 0.05660056673690704], [0.0831490351328793, 0.08315874323990244, 0.04450159006501615, 0.7891906314622021], [0.06105147583095453, 0.05390218564474706, 0.8430672757517546, 0.04197906267254383], [0.03812827208897618, 0.038151257132598544, 0.8682172043435011, 0.055503266334924174], [0.07389487740128439, 0.073913839128054, 0.05754267166533802, 0.7946486117053235], [0.017014470805371655, 0.9293307532408037, 0.021858315149324015, 0.03179646070450056], [0.01686728149035399, 0.9210115464374703, 0.021662348395006414, 0.04045882357716933], [0.0705758706554067, 0.09062120862369821, 0.0799465841030687, 0.7588563365178264], [0.034227012409349805, 0.03880082359528139, 0.8829996050756025, 0.04397255881976633], [0.9140159111911298, 0.01898024214437721, 0.021497674343612456, 0.045506172220880485], [0.9202034142124464, 0.01910586151315852, 0.014876495543470616, 0.04581422863092443], [0.9007907282801223, 0.027210486429231823, 0.02118456728908953, 0.0508142179015563], [0.9017898095369947, 0.024040928779772007, 0.01651977048611205, 0.05764949109712119], [0.9051199930302167, 0.024137111834167595, 0.03977139237635635, 0.030971502659259322], [0.9051217199856463, 0.02413240011939928, 0.030974208497811417, 0.039771671297142985], [0.07450495437517907, 0.08443442479617179, 0.03987551361294646, 0.8011851071157027], [0.05989961370151978, 0.05992873057070658, 0.8272905410542103, 0.05288111457356331], [0.08397270519262902, 0.044962162837601884, 0.07409174546364283, 0.7969733864061262], [0.030885939644974984, 0.021236683060148438, 0.902919324314207, 0.04495805288066964], [0.03059279182922284, 0.8942967732041848, 0.030598187911908045, 0.04451224695468435], [0.03402955893141896, 0.8778891726057239, 0.03856404942194019, 0.04951721894091694]], "ideal": "D", "sampled": "C", "correct": false}}
{"type": "result", "data": {"idx": 15, "options": ["6.1445 x 10^-27 J T-1", "3.1445 x 10^-27 J T-1", "9.1445 x 10^-27 J T-1", "1.1445 x 10^-28 J T-1"], "probs": [[0.3071186335709129, 0.270972230138272, 0.21103338033930272, 0.2108757558515124], [0.3286915572243857, 0.29019181620295503, 0.15529466469695927, 0.2258219617757], [0.2965729368884644, 0.2618352589569782, 0.2617782769140313, 0.17981352714052606], [0.26308496607809617, 0.2981143460222535, 0.14084804917142746, 0.2979526386282229], [0.3247947200930336, 0.13544832851436298, 0.2868065662808569, 0.25295038501174655], [0.3307807494485515, 0.13794818724725294, 0.20066972373907346, 0.3306013394651221], [0.25755031449307303, 0.2576030050021898, 0.2576030050021898, 0.22724367540254733], [0.2518092618758337, 0.3233294775755262, 0.17310349699049152, 0.2517577634581486], [0.24902597073055702, 0.24902597073055702, 0.2823102603683532, 0.21963779807053274], [0.22140830423095598, 0.3220770310724012, 0.17239542046856363, 0.28411924412807915], [0.2981200008726023, 0.14082190812675321, 0.2981200008726023, 0.2629380900280421], [0.3017651646501505, 0.1615232627968417, 0.23506612372830885, 0.30164544872469895], [0.3535079166985077, 0.21441338103097465, 0.242962188784687, 0.18911651338583063], [0.3143901369133677, 0.2773382489406103, 0.1310304908784053, 0.2772411231676167], [0.33427912491613354, 0.202750536820142, 0.26033684996649264, 0.20263348819723184], [0.3089687043734152, 0.27260814469662276, 0.14591663204661373, 0.27250651878334825], [0.3178575468862873, 0.11695718899168003, 0.2475001235617492, 0.31768514046028345], [0.3191951310075548, 0.1174719368540575, 0.28174287917606555, 0.28159005286232214], [0.2724465944361456, 0.1653553347018309, 0.35005723383331805, 0.21214083692870547], [0.2529636843856427, 0.17385923342577791, 0.2866454038737051, 0.2865316782148743], [0.30175497675269813, 0.16155299301986162, 0.3018206908725772, 0.23487133925486306], [0.23394660745030016, 0.1607561015471336, 0.2650420209475346, 0.34025526995503164], [0.2674035648017877, 0.16218846551380517, 0.2674582818640553, 0.30294968772035186], [0.2760749417852216, 0.1674844001440947, 0.31290202863511624, 0.24353862933556752]], "ideal": "C", "sampled": "A", "correct": false}}
{"type": "result", "data": {"idx": 16, "options": ["I only", "II only", "III only", "I and III only"], "probs": [[0.18888084307091832, 0.11457244879988832, 0.11458353526365023, 0.5819631727655431], [0.22111033559943474, 0.09222154593205756, 0.364783297883251, 0.32188482048525674], [0.19589926768895843, 0.15259516931910602, 0.11884123210993644, 0.5326643307819992], [0.16940476731432738, 0.09072719107880543, 0.5222248201045535, 0.21764322140231365], [0.20890146803110174, 0.4423913127097856, 0.1118648664819323, 0.23684235267718032], [0.19880048928656985, 0.4209686815317709, 0.15488071738124806, 0.22535011170041117], [0.1604839980802387, 0.18185219031632785, 0.09735674390391066, 0.5603070675995228], [0.18874766211928423, 0.14704564431397374, 0.35281467959950835, 0.31139201386723364], [0.18581844864417602, 0.14474108813745765, 0.16402901707439452, 0.5054114460439718], [0.16788755105414652, 0.11541038578473192, 0.4029130577204084, 0.31378900534071313], [0.22439541073013045, 0.326608817150785, 0.2244978860095423, 0.2244978860095423], [0.20049683153845343, 0.3306431023733377, 0.17701374783893412, 0.2918463181492747], [0.16523198522703458, 0.21214276640549548, 0.11357317219829088, 0.509052076069179], [0.15015183240031216, 0.13255838743538767, 0.5243973008225059, 0.19289247924179428], [0.17103745296433032, 0.15096503719615828, 0.15097877606698237, 0.527018733672529], [0.17679122920089216, 0.10727225588410301, 0.42426998818632666, 0.2916665266286782], [0.14992001800945096, 0.46195997633248537, 0.21819194688475219, 0.16992805867331148], [0.14389558981876915, 0.44331286351511456, 0.1439086879388717, 0.26888285862724454], [0.35283689110162075, 0.2748198088064237, 0.12981567695262716, 0.2425276230393284], [0.3533968574439218, 0.2429659181148345, 0.18924557878798864, 0.21439164555325502], [0.3534087923764161, 0.18920392158500235, 0.21444465429756446, 0.2429426316410171], [0.3219803485571807, 0.17239701181153907, 0.22138800065830774, 0.28423463887297246], [0.3613983988400503, 0.24851375815767426, 0.21928700802517517, 0.1708008348771002], [0.3127876799498051, 0.2760893353027583, 0.16747501498052753, 0.24364796966690905]], "ideal": "D", "sampled": "D", "correct": true}}
