{"type": "result", "data": {"idx": 0, "options": ["10%", "20%", "40%", "80%"], "probs": [[0.03405786733194844, 0.13470804925517263, 0.7750847213047591, 0.056149362008119756], [0.045952326387358355, 0.1604054957694433, 0.29960812809347875, 0.4940340496497196], [0.03302793016483026, 0.4023268447224155, 0.04804732918523318, 0.516597895827521], [0.019713274728684928, 0.8381913727799334, 0.11341525380749864, 0.02868009858388298], [0.027791495949357724, 0.8120123622199642, 0.0356757002187503, 0.12452044151192779], [0.023492292530032252, 0.8814474704573341, 0.056339027800474194, 0.03872120911215948], [0.09378587034364048, 0.039104750490536105, 0.5397222396315823, 0.32738713943424114], [0.07557539824102587, 0.0278089854121652, 0.632817879678045, 0.26379773656876393], [0.04046894876521464, 0.4350634997445228, 0.03151462144610169, 0.4929529299441609], [0.03403765233898569, 0.8778426384690944, 0.0720439829741203, 0.01607572611779966], [0.0396376515119987, 0.902016763868972, 0.018719954518889716, 0.0396256300001396], [0.05067263580853134, 0.8980625933856443, 0.03481876130663925, 0.01644600939918514], [0.2506659636048123, 0.04356484503446299, 0.10447556563344251, 0.6012936256272822], [0.2795611453038352, 0.03784373921708879, 0.5918309931263971, 0.09076412225267892], [0.35682580347319104, 0.06201503653349819, 0.06200038869062735, 0.5191587712026834], [0.3109617863764541, 0.05405027106665042, 0.5809530680152192, 0.054034874441676345], [0.2844637371152158, 0.6824535815800281, 0.009733419991305807, 0.02334926121345027], [0.2821879600544326, 0.6769337451694859, 0.020439147338040777, 0.020439147338040777], [0.08164035163121024, 0.0635888175488533, 0.2514569348684206, 0.6033138958515158], [0.10348642975970268, 0.07113373758924432, 0.674816285199384, 0.15056354735166902], [0.09428962431943302, 0.25632177062082123, 0.1068212094692542, 0.5425673954904916], [0.11672081698452287, 0.2799986934380309, 0.5230736759465802, 0.08020681353086605], [0.07723735815757948, 0.8304229161320184, 0.032192892483568124, 0.06014683312683409], [0.06301031190632896, 0.8698756596707645, 0.049063752783431475, 0.018050275539475084]], "ideal": "C", "sampled": "C", "correct": true}}
{"type": "result", "data": {"idx": 1, "options": ["About $300", "About $3k", "About $8k", "About $15k"], "probs": [[0.16706055401085132, 0.3121404349491784, 0.3536672293786195, 0.16713178156135078], [0.20345291190120188, 0.3354371139751644, 0.23054234337673354, 0.23056763064690017], [0.20894586882181249, 0.2368497383592376, 0.44233840369973054, 0.11186598901921936], [0.22367774947780628, 0.25349159179290565, 0.32541121503785025, 0.19741944359143782], [0.1915851539490897, 0.21711976696467547, 0.4595889106239557, 0.13170616836227914], [0.2550034598752204, 0.19863659733444702, 0.371063779885134, 0.17529616280519864], [0.23480278510508226, 0.49712563279706257, 0.14237853453959803, 0.12569304745825716], [0.20352244830009128, 0.5531743291921795, 0.08481610755108253, 0.1584871148566467], [0.26978511419534285, 0.39262388322670627, 0.21010885266673102, 0.12748214981121989], [0.25090288750285555, 0.32227185746640374, 0.322198901373596, 0.1046263535571447], [0.25229695436815713, 0.4161044060767825, 0.13504482804378465, 0.1965538114112757], [0.2699583849028514, 0.34674073295525504, 0.3059325607092983, 0.07736832133259523], [0.20041675568106843, 0.3745026215239948, 0.33040129124206125, 0.09467933145287549], [0.17182085556386514, 0.529245455854564, 0.10419623195814089, 0.19473745652343005], [0.2382879099075332, 0.21033036628374316, 0.5044555048719165, 0.04692621883680714], [0.23498085578501973, 0.38745541624774904, 0.14251012461652243, 0.23505360325070876], [0.24194027072485058, 0.24196520036863983, 0.2741027894685998, 0.2419917393379098], [0.26995478046557997, 0.18559815095012958, 0.44512602346215685, 0.09932104502213362], [0.20277290929993086, 0.2604461830460997, 0.3788296467035774, 0.15795126085039207], [0.22067946851071688, 0.3638720322445357, 0.22064290106006104, 0.19480559808468637], [0.2582016394623971, 0.2278842010952486, 0.37568116365481957, 0.13823299568753475], [0.2413820254149446, 0.35127072476001403, 0.16589927177262492, 0.24144797795241646], [0.17873811028919875, 0.07453368191571323, 0.6238572875765744, 0.12287092011851351], [0.2047440080923137, 0.23200535426195984, 0.38251214645685044, 0.18073849108887602]], "ideal": "B", "sampled": "A", "correct": false}}
{"type": "result", "data": {"idx": 2, "options": ["52%", "62%", "72%", "82%"], "probs": [[0.04525862888237348, 0.0958285381146813, 0.4294182247763325, 0.4294946081266127], [0.05558377317623009, 0.17122349715387533, 0.4106969970660225, 0.36249573250387207], [0.044565522245151354, 0.3731425479788436, 0.039327444023285835, 0.5429644856527192], [0.03366222851900049, 0.4101537312844869, 0.46467141561512804, 0.09151262448138457], [0.023528057465970593, 0.7791108285088468, 0.023524589220793514, 0.17383652470438904], [0.03579898004849362, 0.8148083291412122, 0.0520840299185719, 0.09730866079172232], [0.2540947718934008, 0.03897780063424741, 0.4189454787864916, 0.28798194858586024], [0.36966372634242, 0.05003592520558931, 0.326216826591558, 0.2540835217604327], [0.131959460094162, 0.40650462240037577, 0.05500888365748427, 0.40652703374797794], [0.09663452783062469, 0.33734719972498567, 0.4907506400303422, 0.07526763231404747], [0.14263706014098687, 0.7244039231142486, 0.021873161357489113, 0.11108585528727535], [0.1676953347316525, 0.6633335601371673, 0.08975743778417432, 0.07921366724700586], [0.5361375628425558, 0.038846852814166014, 0.05650847960228769, 0.36850710464099057], [0.5072737893903084, 0.04165143488190717, 0.23961162386217985, 0.2114631517656046], [0.4955974832618744, 0.05919997395876952, 0.059186834859056056, 0.38601570782030004], [0.48367048566307863, 0.04500352335652936, 0.2933812515653423, 0.17794473931504975], [0.36227482553674006, 0.5271597504088624, 0.02973468601406297, 0.08083073794033459], [0.303912313260265, 0.5678904719184861, 0.04112839687871205, 0.08706881784253685], [0.7889519597567222, 0.034672850039321586, 0.039275889666485424, 0.1370993004374708], [0.6803462314131736, 0.03388337992587882, 0.13395885430181673, 0.15181153425913077], [0.6453755353034385, 0.06803033348169857, 0.07707136696391899, 0.2095227641509439], [0.7084590697352021, 0.04530401475563705, 0.1231161219473982, 0.12312079346176265], [0.761504269717352, 0.08027624098820677, 0.05516109450619863, 0.10305839468824264], [0.8440240339099755, 0.05397021598463285, 0.03272635983819182, 0.0692793901671998]], "ideal": "C", "sampled": "D", "correct": false}}
{"type": "result", "data": {"idx": 3, "options": ["China", "United States", "Germany", "Japan"], "probs": [[0.814285187088995, 0.12486604285113159, 0.045935647277800966, 0.01491312268207246], [0.8275909094152226, 0.11200225030279334, 0.028317655593656788, 0.032089184588327185], [0.6633515629137325, 0.03743180785605715, 0.27651621041542157, 0.022700418714788728], [0.7534752774668708, 0.05457962452679507, 0.10195851652219665, 0.08998658138413744], [0.5355119684715308, 0.034238558131614166, 0.32479211563799276, 0.1054573576588623], [0.6647974800222367, 0.02921293392658062, 0.19046043993128808, 0.1155291460198946], [0.08203108806535626, 0.8818858478538135, 0.02350319047324296, 0.0125798735075872], [0.10079638477131739, 0.8439843529355144, 0.02249217531375162, 0.03272708687941653], [0.05622268662079404, 0.03410769890684257, 0.8795710522682788, 0.030098562104084604], [0.05136262778014789, 0.02141180511832115, 0.01667500523087541, 0.9105505617706555], [0.06787260659034165, 0.02829857372376407, 0.8269113347611196, 0.07691748482477474], [0.04556461186443932, 0.011522038250666163, 0.027637152822149333, 0.9152761969627452], [0.02852117025571866, 0.8335108042019498, 0.11279913560521584, 0.025168889837115672], [0.037515336506408, 0.8538450646290082, 0.029216971765002653, 0.07942262699958111], [0.032900355249846656, 0.08944737505787788, 0.8486142855138604, 0.029037984078414986], [0.03415322780924788, 0.07230024261227327, 0.012565534015478016, 0.8809809954630008], [0.031199619348228017, 0.0243012370429178, 0.804648773040597, 0.13985037046825718], [0.026499037363220655, 0.014186003600711828, 0.08162021096328441, 0.8776947479727831], [0.03840164796920203, 0.771317652111285, 0.15187604554107403, 0.038404654278438984], [0.04055434424842503, 0.8145847987346322, 0.05900424829315237, 0.08585660862379034], [0.03504416921542991, 0.12232082488591131, 0.7976319402805474, 0.04500306551811139], [0.030416602612686385, 0.05014850190486619, 0.030415758834372576, 0.8890191365480749], [0.031678293841242766, 0.04068211959438363, 0.8170541171524686, 0.11058546931190509], [0.027711084888464754, 0.02158345383701607, 0.14073267027187794, 0.8099727909026412]], "ideal": "A", "sampled": "A", "correct": true}}
{"type": "result", "data": {"idx": 4, "options": ["by 5 fold", "by 10 fold", "by 15 fold", "by 20 fold"], "probs": [[0.09224586726743203, 0.41344313885362033, 0.3219507860379405, 0.1723602077410072], [0.08449299380849286, 0.37867133677178777, 0.3341331382020026, 0.2027025311177168], [0.11183661392853936, 0.44241655514124106, 0.20893830281136191, 0.23680852801885768], [0.08655680457212803, 0.38789485725175094, 0.3422945933507936, 0.18325374472532743], [0.10421647705347344, 0.5292549207078674, 0.17181096165240065, 0.1947176404862585], [0.1089106997237066, 0.5530941958225809, 0.15844367088781589, 0.17955143346589655], [0.17946344344812926, 0.17947615413843693, 0.3799241128195265, 0.2611362894939073], [0.15034564510029527, 0.1930604514164589, 0.40868179832850066, 0.24791210505474515], [0.15366005894182902, 0.473344282411952, 0.1196530651590518, 0.2533425933871672], [0.10518006274080077, 0.3671405068845135, 0.47138434463153844, 0.0562950856431473], [0.15055118531595116, 0.5954415220861757, 0.10345610718192191, 0.15055118531595116], [0.16800081716280674, 0.517550064492619, 0.2444244553418899, 0.07002466290268443], [0.225840733872674, 0.17591067098344565, 0.3723748103976517, 0.22587378464622868], [0.2005313873328033, 0.17699266269490435, 0.3306423871175685, 0.29183356275472383], [0.3168022036235627, 0.35901463028178654, 0.19212034342751952, 0.13206282256713123], [0.19607751420120176, 0.2517863770162001, 0.4703988397606261, 0.08173726892197207], [0.19286968439961405, 0.5941729875429512, 0.08040004608422974, 0.13255728187320498], [0.20301394162532085, 0.5519298314496288, 0.17914724348184113, 0.06590898334320922], [0.23695619479693525, 0.2091456675829556, 0.34476924864365605, 0.20912888887645312], [0.23053052559561302, 0.20345781160903056, 0.33544524020082633, 0.2305664224945301], [0.24301989332510077, 0.4007062852402932, 0.18924887114354158, 0.1670249501910644], [0.2895891985722065, 0.37189099465980796, 0.2555455882259884, 0.08297421844199715], [0.34238705545796955, 0.26669282115851456, 0.20765352556496838, 0.18326659771854753], [0.26634022590834827, 0.235076725459433, 0.38754853602348577, 0.11103451250873297]], "ideal": "C", "sampled": "D", "correct": false}}
{"type": "result", "data": {"idx": 5, "options": ["Lower respiratory infections", "Preterm birth complications", "Diarrheal diseases", "Malaria"], "probs": [[0.17080760610128165, 0.7656118022078191, 0.043183540641880194, 0.020397050949019016], [0.12358090441381862, 0.8059595331520719, 0.01895097853921247, 0.05150858379489694], [0.1382627237952665, 0.13828731071210404, 0.7022466907370566, 0.02120327465557284], [0.16634173568580177, 0.14680756695219288, 0.02890483009702902, 0.6579458671649764], [0.12367614510791347, 0.02436276143200645, 0.7118112365201547, 0.14014985683992537], [0.15340620020610887, 0.02353100625231421, 0.1353859580573773, 0.6876768353841995], [0.7860088406164886, 0.07310642355773751, 0.10635916221835937, 0.0345255735074146], [0.7890448164478338, 0.0831606631663143, 0.02102359248730914, 0.10677092779854283], [0.8182470215222827, 0.05231132747539255, 0.09772120398208832, 0.03172044692023638], [0.798454460427583, 0.057839851605175144, 0.021274536766686957, 0.12243115110055493], [0.8196764817158848, 0.01701466290417057, 0.052392960972629694, 0.11091589430731495], [0.7613630705725489, 0.017910206254954954, 0.07081189579450277, 0.14991482727799332], [0.10958364043453622, 0.23201854913627828, 0.6306917772486172, 0.02770603308056824], [0.13596974615815494, 0.22421388826990363, 0.030339845199974784, 0.6094765202719666], [0.14680598866149847, 0.74571360122405, 0.07857660305838599, 0.02890380695606561], [0.105312753848786, 0.7782506099491522, 0.023498454316080945, 0.09293818178598086], [0.10559510460596529, 0.020797397587414744, 0.09319089284062697, 0.780416604865993], [0.10624089704409995, 0.026868473424539317, 0.539583654511952, 0.3273069749194087], [0.03165466189603825, 0.07594603091827008, 0.8164569716556589, 0.0759423354300328], [0.04495176417177798, 0.08398712644597654, 0.07411045028561265, 0.7969506589966328], [0.026073119786161864, 0.8635418188108146, 0.05519456279745644, 0.05519049850556711], [0.0306579456192849, 0.790810941886122, 0.05727658474443178, 0.12125452765016127], [0.043545711618979896, 0.09219226205845539, 0.09218917751810006, 0.7720728487044647], [0.04347715558767992, 0.10430975483709509, 0.6802181042253715, 0.1719949852498534]], "ideal": "A", "sampled": "B", "correct": false}}
{"type": "result", "data": {"idx": 6, "options": ["10%", "20%", "30%", "40%"], "probs": [[0.38348016996155326, 0.338463760993246, 0.18111317262730492, 0.09694289631789582], [0.3129252902597015, 0.3129555992197602, 0.1304348033277013, 0.243684307092837], [0.311009890801127, 0.18868253054853631, 0.39934460217262724, 0.10096297637770942], [0.29660871621980506, 0.26177600023512915, 0.17987754939187858, 0.2617377340531872], [0.22375039743813346, 0.11978481650597547, 0.53670885534895, 0.11975593060694104], [0.25061674043787063, 0.13416772189144463, 0.25059784576463406, 0.36461769180605064], [0.10327839465604609, 0.7631298614599417, 0.0626280805917011, 0.07096366319231112], [0.09167308421461837, 0.7676237248887112, 0.049057137286440976, 0.09164605351022938], [0.15558899490693714, 0.1556000217669589, 0.615325432491825, 0.07348555073427894], [0.19048058984759011, 0.19048058984759011, 0.21581661699044227, 0.40322220321437746], [0.1706635159478897, 0.13294299737930035, 0.5257178857824729, 0.170675600790337], [0.1668768972179516, 0.12997962205120106, 0.1890962888793458, 0.5140471917515015], [0.1112646096182707, 0.725630050270936, 0.08664308552056686, 0.07646225449022648], [0.06525850335416061, 0.6191190407757776, 0.05757543939637664, 0.2580470163736851], [0.07875237947461268, 0.21410246564752689, 0.6593855870921221, 0.04775956768573827], [0.09076955371417383, 0.24672273350400287, 0.07068334677145886, 0.5918243659103645], [0.12671758610881545, 0.1843730117009389, 0.34443626830817853, 0.3444731337820671], [0.11164433095662936, 0.14335415193060444, 0.30346400447028127, 0.44153751254248497], [0.059037951409949725, 0.8150416904229838, 0.06689160067322994, 0.05902875739383655], [0.05793059816584047, 0.7057391790119634, 0.05792099436773822, 0.1784092283544579], [0.06106937021999866, 0.2131862373911674, 0.6565575696848555, 0.06918682260397847], [0.06618542020880652, 0.2309834699162689, 0.07498547303552751, 0.6278456367393971], [0.09412185145555588, 0.13695504239657072, 0.6137515444624939, 0.15517156158537945], [0.08322824102852674, 0.12110191695884748, 0.42264968928530416, 0.37302015262732163]], "ideal": "C", "sampled": "A", "correct": false}}
{"type": "result", "data": {"idx": 7, "options": ["29%", "49%", "69%", "89%"], "probs": [[0.25327012317732656, 0.4176410796469202, 0.22351010474577776, 0.10557869232997545], [0.23111431642716132, 0.3362693538369639, 0.09632954144005604, 0.33628678819581875], [0.2569597363215025, 0.4800921678062999, 0.15583725272050789, 0.10711084305168973], [0.27170535368336346, 0.44798822231475915, 0.06869178133740582, 0.21161464256447157], [0.183392200845487, 0.38826713628062365, 0.12601471685015353, 0.3023259459237358], [0.24500581254586548, 0.45778661279590777, 0.14859531596910175, 0.148612258589125], [0.39564999344490237, 0.14555953224694185, 0.27189865300471583, 0.18689182120343997], [0.4183047506906082, 0.17438500017534528, 0.11982878564207287, 0.28748146339197367], [0.318127038433084, 0.40850723090040936, 0.08042258828389029, 0.19294314228261636], [0.36726218214401984, 0.32414465574246615, 0.13510120920239982, 0.17349195281111418], [0.24349519607970016, 0.31267023083421147, 0.08956840633450325, 0.3542661666515851], [0.27014118430297246, 0.3468850552688851, 0.23837760088444165, 0.14459615944370077], [0.31123154888570026, 0.18878258481548008, 0.31121438274826246, 0.1887714834505572], [0.3632862486337521, 0.24969741141465593, 0.1040721139787646, 0.2829442258728274], [0.38821075029003266, 0.3023778913685562, 0.18337777652231255, 0.12603358171909862], [0.3757702213865887, 0.2583084567515093, 0.10764421705190617, 0.25827710470999576], [0.3191892707270297, 0.2817000662492128, 0.11741059667454477, 0.2817000662492128], [0.3254372782288843, 0.2534815442176111, 0.22366955364468183, 0.1974116238088228], [0.1891976920951606, 0.3534928612578006, 0.21437479872906437, 0.24293464781797441], [0.20343594857315214, 0.3355015615932883, 0.23050958602834118, 0.23055290370521833], [0.22133840288484424, 0.3220897268615479, 0.17236774901264176, 0.28420412114096605], [0.2189020579507215, 0.28112242460784714, 0.2810621047055428, 0.21891341263588848], [0.22591891402364708, 0.29010490876984396, 0.1552442381484939, 0.32873193895801506], [0.2132592157221223, 0.31034509063777377, 0.3102903139627008, 0.1661053795774031]], "ideal": "C", "sampled": "C", "correct": true}}
{"type": "result", "data": {"idx": 8, "options": ["18%", "38%", "58%", "78%"], "probs": [[0.04726890934659422, 0.16500601478144797, 0.575853179632902, 0.21187189613905583], [0.048252300762111365, 0.21626620233485017, 0.45774954715455984, 0.27773194964847864], [0.03250953470006803, 0.576245352442615, 0.04173466081446807, 0.3495104519428489], [0.02574425812311338, 0.5171216630610893, 0.40263689479884157, 0.05449718391695575], [0.02706188406553718, 0.7909106766692974, 0.04461055672307197, 0.13741688244209344], [0.025837765667119036, 0.8556736595264557, 0.07022183296210535, 0.04826674174431992], [0.13935565687522633, 0.03993712663368252, 0.48637675328202606, 0.3343304631090651], [0.1457614746494813, 0.03686658653149734, 0.5087574785244977, 0.30861446019452365], [0.09427235731113717, 0.6148030458984379, 0.034679060615215, 0.25624553607520995], [0.13021838372645592, 0.5151333693242511, 0.31237765445317606, 0.04227059239611683], [0.047707143195644355, 0.8456293235888884, 0.01754790831924055, 0.08911562479622664], [0.06182804864323384, 0.8536071403039103, 0.06182183113356419, 0.02274297981929167], [0.4190131643970925, 0.056723992499013325, 0.19791815715112304, 0.3263446858527711], [0.39869253338267036, 0.0611529699967382, 0.3518254923533679, 0.1883290041672235], [0.46054026479884036, 0.16943457720969535, 0.09067475794839101, 0.27935039994307326], [0.5011791885100811, 0.16274396553462306, 0.26824961708781536, 0.06782722876748047], [0.23168743108783482, 0.7137658872293284, 0.019016265017145706, 0.03553041656569108], [0.1906702645975014, 0.7542877708259558, 0.025803157768763147, 0.029238806707779716], [0.35581272306739475, 0.0899854139895842, 0.2770793396392645, 0.2771225232037565], [0.2672638515186119, 0.0765909827694899, 0.3888665619441455, 0.2672786036677527], [0.3362995656102293, 0.381123565437483, 0.12371086619867623, 0.15886600265361148], [0.2641973855054779, 0.29939359726949366, 0.33921623173991095, 0.0971927853851175], [0.3994837000701224, 0.399505753788112, 0.0540563263749877, 0.14695421966677788], [0.3792840809794162, 0.42985209498091437, 0.13953080667999718, 0.051333017259672306]], "ideal": "C", "sampled": "D", "correct": false}}
{"type": "result", "data": {"idx": 9, "options": ["11%", "26%", "41%", "56%"], "probs": [[0.1178777073272857, 0.5283443685472607, 0.22020499392516465, 0.13357293010028887], [0.17807858751891978, 0.5485595195078367, 0.09530629784741404, 0.17805559502582952], [0.12598900683438047, 0.5647164666790772, 0.1259816009571575, 0.1833129254293849], [0.13213535734799087, 0.6711200429000918, 0.08013556063484852, 0.11660903901706882], [0.18559252000372156, 0.3060515270232804, 0.2700355390939617, 0.2383204137790363], [0.20896032205878168, 0.44241943607790346, 0.11183715532121204, 0.2367830864421028], [0.2613979895255682, 0.6270980285009836, 0.04541929844625064, 0.06608468342719756], [0.21817250506973723, 0.672063408963113, 0.02952122868764002, 0.08024285717950973], [0.24960370356946815, 0.528475137209207, 0.1040293412718063, 0.11789181784951855], [0.20737661419225215, 0.563813984337692, 0.16148778794581106, 0.06732161342424471], [0.2251405466059963, 0.4766488457747508, 0.07308174342310915, 0.22512886409614374], [0.21048075743350664, 0.39327751464274757, 0.18574860242773958, 0.2104931253960062], [0.07001203573459382, 0.7527808637534721, 0.11542470723113739, 0.061782393180796744], [0.04190438852715431, 0.5784722382853096, 0.028797538036286454, 0.3508258350512497], [0.06501164698396941, 0.48040667233622675, 0.42387777266853954, 0.03070390791126427], [0.0837854097337804, 0.4254974253198413, 0.06524471387343969, 0.4254724509729386], [0.10719035325192106, 0.09461814697739196, 0.4239943826371885, 0.37419711703349845], [0.09252981151238061, 0.15255587154920186, 0.2849832262571361, 0.46993109058128135], [0.02652135135426903, 0.7751882824019083, 0.13467459063269047, 0.0636157755111322], [0.02791066234429478, 0.7198628065783296, 0.04601255354176599, 0.20621397743560965], [0.036540269031291886, 0.23832322122031163, 0.6477807614800584, 0.07735574816833812], [0.03902951802054989, 0.12021938502567077, 0.056776175945215064, 0.7839749209085642], [0.03987294672763652, 0.15770057782149316, 0.6237178219956993, 0.17870865335517108], [0.02248028680142265, 0.11417445412411854, 0.3516508667980048, 0.5116943921764541]], "ideal": "B", "sampled": "A", "correct": false}}
{"type": "result", "data": {"idx": 10, "options": ["23%", "38%", "53%", "68%"], "probs": [[0.16708076994421808, 0.3536904962716759, 0.31214796373988785, 0.16708076994421808], [0.16816452645064175, 0.2772727094990711, 0.2772727094990711, 0.27729005445121596], [0.14562008731026266, 0.575974621716114, 0.11339611136538882, 0.16500917950823446], [0.1502118386146442, 0.5243629138487301, 0.1928637594855123, 0.1325614879511134], [0.10704843379832421, 0.698084452735578, 0.07356535423361663, 0.1213017591324812], [0.11015776209019347, 0.7182815341783095, 0.08577838858768824, 0.0857823150438087], [0.28109939578937226, 0.21890835276490958, 0.2810838985808085, 0.21890835276490958], [0.3081611716011191, 0.2118200135427504, 0.24000940737806523, 0.24000940737806523], [0.26182658257925623, 0.3361919622142282, 0.14013633548218357, 0.261845119624332], [0.2383184830342241, 0.30600699990980956, 0.27007189227179923, 0.18560262468416713], [0.17311147827826906, 0.6041850863035799, 0.049591957039881944, 0.17311147827826906], [0.19784195334582969, 0.609503660821146, 0.1359746531992024, 0.056679732533821844], [0.4124489908602696, 0.19483720635181798, 0.1719343142904209, 0.22077948839749156], [0.4124652979488178, 0.19484555428992, 0.17192382852617516, 0.22076531913508698], [0.4228322428029071, 0.25648818755131053, 0.09434203549569853, 0.2263375340500838], [0.4972263052149039, 0.2661460677438973, 0.12570227868644454, 0.11092534825475425], [0.2622859966300925, 0.555298842030788, 0.058520020375806434, 0.12389514086331302], [0.3016844295793081, 0.5636981507071669, 0.06731068793604346, 0.06730673167748161], [0.5111739787298072, 0.14648724037396046, 0.1292387285472475, 0.2131000522489848], [0.42875499806750816, 0.13921945210553135, 0.20252952581196873, 0.22949602391499171], [0.515959703094014, 0.1898312951359145, 0.07912499065464695, 0.21508401101542457], [0.5602374368469617, 0.18190192633026867, 0.16051071227655297, 0.09734992444621669], [0.46053646274757737, 0.279361326988368, 0.09068030525283056, 0.16942190491122405], [0.5150830571278953, 0.2757183837086081, 0.13021547668145986, 0.07898308238203684]], "ideal": "D", "sampled": "D", "correct": true}}
{"type": "result", "data": {"idx": 11, "options": ["5%", "10%", "15%", "25%"], "probs": [[0.6814152343852671, 0.13418754434035154, 0.09219397260094234, 0.09220324857343902], [0.6845518120402764, 0.15275498710984226, 0.043751294184714226, 0.11894190656516708], [0.6568487032437685, 0.04759888598735139, 0.24164113170090817, 0.05391127896797186], [0.4487692643516869, 0.11345860176110689, 0.08834017088318198, 0.34943196290402423], [0.6166398536107209, 0.027107683989503143, 0.29126292518456626, 0.06498953711520962], [0.6876672428791927, 0.023541729631807163, 0.13537879135545186, 0.15341223603354828], [0.04661710803827631, 0.8264449138813084, 0.028270566846602563, 0.09866741113381279], [0.05371510497053884, 0.8403090644682235, 0.017437507309837307, 0.08853832315140038], [0.027823678368983886, 0.03153957338112058, 0.9215126375254935, 0.019124110624402058], [0.013679608265540832, 0.013681267882541742, 0.013677477399268058, 0.9589616463526494], [0.01698481443218743, 0.014997021703146204, 0.9272737139078894, 0.040744449856777006], [0.01951272137629007, 0.015198612821880758, 0.02505041171781724, 0.940238253984012], [0.04581183584251286, 0.812034252249585, 0.07551141110615588, 0.06664250070174627], [0.02954655031127005, 0.7620156009258852, 0.015814138987192757, 0.19262370967565204], [0.01847032160564411, 0.17529251397964427, 0.7853110157599325, 0.020926148554779225], [0.014679159417397475, 0.06577944597952422, 0.011430754415807366, 0.9081106400872709], [0.024107566975689047, 0.021283137669094544, 0.621776674478374, 0.3328326207768424], [0.012881733807297558, 0.01003506825973194, 0.07410678666709318, 0.9029764111658773], [0.01793654441594605, 0.8642311949808014, 0.055237317072730656, 0.06259494343052198], [0.014402908419152248, 0.7864183863309782, 0.023742683472689395, 0.17543602167718014], [0.023367937312691007, 0.22175599587998246, 0.682911261665133, 0.07196480504219345], [0.016948428476818867, 0.14188795186709935, 0.0246548864403733, 0.8165087331157085], [0.030596980992980822, 0.07342597137454131, 0.7891739650166657, 0.10680308251581211], [0.0097875626395353, 0.01613880004305645, 0.19655122538217418, 0.7775224118352341]], "ideal": "B", "sampled": "A", "correct": false}}
{"type": "result", "data": {"idx": 12, "options": ["2%", "4%", "9%", "18%"], "probs": [[0.3404072376927328, 0.23397117406641496, 0.30039276032391754, 0.1252288278169347], [0.29071632024718874, 0.25653809306440356, 0.22635152933718236, 0.22639405725122533], [0.29181669029109225, 0.33067164807206684, 0.1769625299086792, 0.20054913162816168], [0.19307836836719683, 0.40871408642571566, 0.2478613739854619, 0.1503461711216256], [0.09402106026380606, 0.6129926488158495, 0.09399172732778037, 0.19899456349256414], [0.12334292472666088, 0.4878698921302096, 0.15835227188637035, 0.23043491115675915], [0.24962142293357148, 0.5284485855799606, 0.10403060989554476, 0.11789938149092319], [0.26991935556218344, 0.3926691564275615, 0.0992624648090854, 0.23814902310116964], [0.3681605810774847, 0.3249221790245423, 0.15344508219384148, 0.15347215760413144], [0.344133541436362, 0.30371700091828097, 0.20870223082164102, 0.143447226723716], [0.20767467128850473, 0.4981456436685808, 0.08655207151900096, 0.20762761342391353], [0.182378147084467, 0.4957551660187897, 0.16092861227997507, 0.16093807451676823], [0.22634730078024135, 0.42287240058235154, 0.25643688819879246, 0.09434341033861462], [0.15855341248690333, 0.33565757925646583, 0.07487712333634967, 0.43091188482028114], [0.14639031595236554, 0.27351959798518166, 0.5109523953021948, 0.06913769066025799], [0.11537278170139932, 0.24422791108470812, 0.05448800920659844, 0.5859112979072941], [0.26158825006963143, 0.38060864096119423, 0.09621485879954295, 0.26158825006963143], [0.21753035614180505, 0.31648498148174603, 0.14947989205116508, 0.31650477022528384], [0.24923341345132644, 0.36263245880900136, 0.19405600715806662, 0.19407812048160558], [0.22952603485452752, 0.4287825056118891, 0.1391735118242062, 0.20251794760937722], [0.2087462786560947, 0.30372403426667816, 0.3440911625320365, 0.14343852444519065], [0.18928006369366415, 0.2430261639243105, 0.16701138263676005, 0.4006823896452653], [0.2000212728783522, 0.4234732217208231, 0.17649674939824714, 0.20000875590257758], [0.1566119570897985, 0.2582198861778894, 0.2925785350844403, 0.2925896215478718]], "ideal": "C", "sampled": "A", "correct": false}}
{"type": "result", "data": {"idx": 13, "options": ["minimum wage legislation", "land reform", "progressive taxation", "increased access to education"], "probs": [[0.09058278188071983, 0.7583222501461689, 0.10262048396366551, 0.04847448390944566], [0.1297642607822035, 0.7466950527084479, 0.05408722987360145, 0.06945345653574708], [0.12790834174714966, 0.1449391481099117, 0.6495721726705057, 0.0775803373724329], [0.03439322666517781, 0.04415948441781974, 0.03438532532489708, 0.8870619634921054], [0.10146066178337877, 0.06974513342819783, 0.7497626225557176, 0.0790315821327058], [0.0388204854647886, 0.03881834342313053, 0.03881099342627597, 0.8835501775858049], [0.49185854191629874, 0.29832729694244203, 0.1243419572586649, 0.08547220378259429], [0.45515933967419187, 0.27602511847257893, 0.07907690911006597, 0.18973863264316324], [0.15584683068370644, 0.25696998257667614, 0.480042059372595, 0.10714112726702239], [0.04379996578106149, 0.04963186343029606, 0.0265643614435398, 0.8800038092451027], [0.05268259071558254, 0.08686632823944032, 0.8242398057098445, 0.03621127523513264], [0.05431049891429805, 0.04792884915322777, 0.04791926398093371, 0.8498413878515404], [0.048529884329385244, 0.1495044452680072, 0.7591351637556376, 0.042830506546969946], [0.017020452163550314, 0.03179538509655871, 0.02185080681678199, 0.9293333558231089], [0.06974464134586968, 0.7497723735288754, 0.10145755845355, 0.07902542657170498], [0.052071979729331884, 0.0972707165950444, 0.035786134855721116, 0.8148711687199026], [0.06084414253588293, 0.06894187268973566, 0.12880037051937487, 0.7414136141550065], [0.05985763251288959, 0.05985763251288959, 0.6434785079053407, 0.2368062269688801], [0.09283741700968735, 0.1965219854593746, 0.6054245919192084, 0.1052160055117296], [0.0305961871461843, 0.04451935811883396, 0.030593471409739097, 0.8942909832252426], [0.030420189153710264, 0.8890082669671421, 0.05015441308871512, 0.0304171306904325], [0.07282479471898823, 0.3697560832406926, 0.08250373170797923, 0.47491539023234], [0.04247240500243835, 0.042474476263736065, 0.061789010216650446, 0.8532641084171751], [0.08706958850554918, 0.07683862973990446, 0.2681716760179949, 0.5679201056365515]], "ideal": "A", "sampled": "B", "correct": false}}
{"type": "result", "data": {"idx": 14, "options": ["36%", "56%", "76%", "96%"], "probs": [[0.7341845178408943, 0.18565829459474353, 0.06828980280715348, 0.011867384657208647], [0.8076106158653937, 0.14036996399753598, 0.0243856939577197, 0.027633726079350645], [0.6995508435564637, 0.08357324170171254, 0.2004246793344534, 0.016451235307370398], [0.7757977835221843, 0.10500212624517505, 0.026544259480017013, 0.09265583065262369], [0.6753385644952152, 0.038110192401377155, 0.2484526101788159, 0.03809863282459174], [0.795935061358101, 0.03498223913424128, 0.09505431671789756, 0.0740283826897601], [0.12758412879781061, 0.8320604291985271, 0.025119322339540527, 0.015236119564121834], [0.15788048857094666, 0.8019006430725679, 0.018853849219594116, 0.021365019036891315], [0.1391833003375687, 0.04520227955417166, 0.8009446077435476, 0.014669812264712059], [0.26279532906765357, 0.07530827819547974, 0.03138498961611657, 0.6305114030207501], [0.10263064426661024, 0.0202180905389557, 0.8593158089181765, 0.017835456176257567], [0.31240515850472267, 0.04228915504463916, 0.13021589377731643, 0.5150897925733218], [0.01694943332653325, 0.9254499993158789, 0.04065319029123784, 0.01694737696634999], [0.014305717444905388, 0.8850202622884816, 0.018364939342460807, 0.08230908082415218], [0.015068771091552139, 0.14297999227137095, 0.8226066704373495, 0.019344566099727373], [0.008812603104846356, 0.17696284372542803, 0.021132103053600988, 0.7930924500161246], [0.016065227180388553, 0.014181697085772538, 0.7740283759045277, 0.1957246997293112], [0.010735755885210647, 0.01562221362678773, 0.4563911301222692, 0.5172509002657324], [0.008973597569415896, 0.9153318183958011, 0.04020819494446451, 0.035486388990318425], [0.007893314349061252, 0.9123431767402741, 0.021451187609935824, 0.058312321200728864], [0.014419099873836941, 0.3281990628641619, 0.612975720292411, 0.04440611686959015], [0.010731257617122337, 0.35533684885677713, 0.048080456044341316, 0.5858514373817593], [0.019026651693070867, 0.07526099568954016, 0.8090813634617475, 0.09663098905564146], [0.014559080799943901, 0.07394502772612224, 0.6190376667390158, 0.292458224634918]], "ideal": "B", "sampled": "A", "correct": false}}
{"type": "result", "data": {"idx": 15, "options": ["6%", "13%", "27%", "46%"], "probs": [[0.026221717506494362, 0.10371870091224492, 0.7663459395133819, 0.10371364196787876], [0.040297260893051294, 0.1406585503596905, 0.5562594247198083, 0.26278476392745], [0.018948351935105433, 0.8056651537331457, 0.03539531647908722, 0.13999117775266157], [0.0202663850297232, 0.8617486051852102, 0.08013290627519168, 0.03785210340987494], [0.02685972242847329, 0.6113787156168973, 0.07300397589808874, 0.2887575859565407], [0.022895519455690228, 0.7582302346964126, 0.11626805008683877, 0.10260619566105846], [0.11360188657102845, 0.03689163950381047, 0.576941255995614, 0.2725652178295471], [0.08675939556550859, 0.03192433330125624, 0.4406373185945094, 0.44067895243872574], [0.03643298236254372, 0.7318140291134302, 0.022095633802557607, 0.2096573546214685], [0.03096809877911289, 0.9050705176691493, 0.05105262886565435, 0.012908754586083553], [0.044927943285507366, 0.7028620223100304, 0.024047095083623217, 0.22816293922083908], [0.036687176636768105, 0.835032164189319, 0.1129877864149215, 0.015292872658991317], [0.5818112101844711, 0.0541293063171933, 0.08922024962172105, 0.27483923377661457], [0.5327945510455139, 0.07212042961796589, 0.172973052374831, 0.2221119668616893], [0.5941164670027179, 0.192928260334757, 0.08039683342358668, 0.1325584391389384], [0.5908387722724289, 0.1693101921713858, 0.16928541154106141, 0.07056562391512386], [0.41445534259252054, 0.4696963893796085, 0.023380679354136007, 0.09246758857373494], [0.4426079765443174, 0.5016186580608892, 0.03632825429958622, 0.019445110995207078], [0.06671916841910791, 0.07560943235317978, 0.29901457498245254, 0.5586568241452597], [0.07277754436449033, 0.11999505816657079, 0.19781438840683158, 0.6094130089621073], [0.06146995997424963, 0.6609551605348272, 0.1301161108832827, 0.14745876850764045], [0.04820607319376001, 0.5872988213625883, 0.216016743608881, 0.1484783617347707], [0.07682990769471393, 0.500971002421577, 0.032024624611879604, 0.3901744651718294], [0.054931440723494276, 0.7583768027988108, 0.13176267748814408, 0.05492907888955087]], "ideal": "B", "sampled": "C", "correct": false}}
{"type": "result", "data": {"idx": 16, "options": ["34%", "49%", "64%", "79%"], "probs": [[0.3527578956615148, 0.311366702415701, 0.1888177068518871, 0.1470576949708971], [0.2674799422640315, 0.3031112136007951, 0.12633008516538968, 0.3030787588697837], [0.298835243272175, 0.33865874497694604, 0.18124444510846202, 0.18126156654241693], [0.2784817905086605, 0.31556124121064094, 0.09039572697005763, 0.31556124121064094], [0.2092651662240224, 0.44307921992045796, 0.1629622976926235, 0.18469331606289613], [0.22949378190129835, 0.42879131432060047, 0.13917811213532078, 0.20253679154278037], [0.35095261478036, 0.2733597375667995, 0.18784382377642025, 0.18784382377642025], [0.3436568523455143, 0.2362126453187595, 0.1839388228498271, 0.2361916793858991], [0.2700590370299005, 0.3060169678910889, 0.18559775415005106, 0.2383262408289596], [0.3029868719878674, 0.2674352366993476, 0.16217719540302256, 0.2674006958097625], [0.295375146286816, 0.2954211610691496, 0.17915408466797014, 0.23004960787606424], [0.2760577324974627, 0.31286017502070895, 0.24362009360232018, 0.16746199877950815], [0.2906915881320785, 0.2565461763590766, 0.2263811177044224, 0.2263811177044224], [0.28670200265139273, 0.2530259784176073, 0.1354109483331991, 0.3248610704978009], [0.21327654796354348, 0.3103326743729128, 0.3102994447814732, 0.1660913327820705], [0.24850891907223355, 0.2816442125019026, 0.1507209322873612, 0.31912593603850264], [0.2866005045872504, 0.2529588081130569, 0.17382110912583196, 0.2866195780738608], [0.25755010113896587, 0.25758136377281815, 0.2272871712153978, 0.25758136377281815], [0.2906752353213485, 0.25654579657458015, 0.2263780995155633, 0.2264008684885081], [0.28966104981386837, 0.2556506991130763, 0.19906327126419707, 0.2556249797088583], [0.22730118711407454, 0.257580198547718, 0.25755263139869056, 0.2575659828395168], [0.24001025018691374, 0.24002349731941114, 0.21178698853203223, 0.3081792638616429], [0.2885005175778852, 0.22471003232139344, 0.19827301798268276, 0.2885164320180386], [0.2469553386139781, 0.21798709166754143, 0.3170969126128638, 0.21796065700561665]], "ideal": "A", "sampled": "B", "correct": false}}
{"type": "result", "data": {"idx": 17, "options": ["62%", "72%", "82%", "92%"], "probs": [[0.41729257310443507, 0.2868377714476416, 0.22335215235901737, 0.07251750298890595], [0.35831642370661976, 0.24628517741051723, 0.11632075454509126, 0.27907764423777176], [0.3939041138209766, 0.306784476208042, 0.23890640973285313, 0.06040500013812823], [0.3925732373798711, 0.269844144555764, 0.12744532524264945, 0.21013729272171547], [0.37490665908879106, 0.3308941125538857, 0.15627877412663743, 0.1379204541306858], [0.4025232969560045, 0.27667032845024225, 0.19012618986475027, 0.13068018462900297], [0.2881217681982757, 0.4751118663139976, 0.15421496671274673, 0.08255139867498], [0.2517754043470599, 0.47039739520623874, 0.08173640512094592, 0.1960907952257554], [0.29244509554296705, 0.37554240502791075, 0.25807079862510435, 0.07394170070401782], [0.2709485847835706, 0.30703904764205886, 0.21099738460163228, 0.21101498287273823], [0.2325789366814215, 0.2635585108666092, 0.29861236060572277, 0.20525019174624654], [0.20589936237733478, 0.2333428911633551, 0.435873458547668, 0.1248842878116421], [0.19823637589591053, 0.41970864080975334, 0.28841902971505523, 0.09363595347928087], [0.1759307677513148, 0.4220541465053774, 0.0733331129378079, 0.32868197270549987], [0.23110795992295624, 0.33629184206285206, 0.3362600727879001, 0.09634012512629159], [0.2570305168371662, 0.33004879948176563, 0.15589016674390194, 0.2570305168371662], [0.24901258937089535, 0.21977235194466324, 0.28216822634308497, 0.24904683224135643], [0.25503095981908613, 0.19863708315293443, 0.37105190750226247, 0.17528004942571693], [0.16277917975378672, 0.501448862182885, 0.2089928357244229, 0.1267791222389054], [0.11957132312950952, 0.6073278746698673, 0.11956071350384723, 0.15354008859677598], [0.13893528447374548, 0.29417184518874595, 0.4279508206357753, 0.1389420496017333], [0.21643819757805932, 0.35687996870048466, 0.27791213158235994, 0.14876970203909604], [0.2150934274251711, 0.21512299132809568, 0.3546605898186376, 0.21512299132809568], [0.22896811579620838, 0.25950713896444694, 0.3331780979581858, 0.17834664718115883]], "ideal": "C", "sampled": "A", "correct": false}}
