{"type": "result", "data": {"idx": 0, "options": ["The United States was granted the territory in a postwar treaty with France.", "The United States bought it from the Native Americans who lived there.", "U.S. settlers were the first to arrive in the region; they claimed it for their country.", "Great Britain ceded it to the United States as part of a negotiated treaty."], "probs": [[0.02731870780716346, 0.00887105495114324, 0.25919269764534736, 0.704617539496346], [0.015313192806779051, 0.0072361042206564585, 0.7378788701466233, 0.23957183272594115], [0.010585356349861606, 0.03260870975541292, 0.0038943322740678664, 0.9529116015206576], [0.011444724987177593, 0.0746415338613427, 0.9091418751152687, 0.004771865936211027], [0.020636542170449676, 0.28488445836304166, 0.011046168609320622, 0.6834328307571881], [0.008215308614920378, 0.8379609664944939, 0.14560841617566528, 0.008215308614920378], [0.02725056786443258, 0.011361521064465275, 0.25854618962398357, 0.7028417213471185], [0.01191912240455214, 0.007232189774747147, 0.8356196435213639, 0.1452290441993368], [0.013136698411910364, 0.058878423031807105, 0.007031165254044683, 0.9209537132022378], [0.026362937653152733, 0.3639447786987948, 0.5999934834757701, 0.009698800072282368], [0.01804595764235552, 0.10385366247696111, 0.008524306818730953, 0.8695760729619524], [0.01016799630339095, 0.26225796095026715, 0.7127790980000747, 0.014794944646267181], [0.00960135057183381, 0.008474538658321863, 0.0024278058399442846, 0.9794963048299], [0.005832309267926997, 0.00749098170605721, 0.9808435866134952, 0.005833122312520547], [0.008485793070754892, 0.006609411599584351, 0.0040083182924627375, 0.9808964769371981], [0.015569780817875781, 0.007357758846028431, 0.9633307949451327, 0.01374166529096299], [0.04660539535426233, 0.9361188521801935, 0.008098605084143009, 0.009177147281401184], [0.03627045450543078, 0.9354273671580903, 0.006303035184900927, 0.021999143051578], [0.12978295738846576, 0.015503803909066333, 0.008296542645598122, 0.8464166959568697], [0.369854727200371, 0.012662211643760553, 0.6098053704354865, 0.007677690620381838], [0.11699812986205442, 0.010884889995884144, 0.007479288675157198, 0.8646376913669043], [0.05876715541254921, 0.0070222947736970935, 0.9193496811188326, 0.014860868594921023], [0.7229108705346096, 0.2659636399233769, 0.006254195610423041, 0.0048712938315904645], [0.7408944532410648, 0.24054293422050635, 0.004992108035327144, 0.013570504403101608]], "ideal": "D", "sampled": "D", "correct": true}}
{"type": "result", "data": {"idx": 1, "options": ["one of the most religiously diverse colonies in British America.", "one of the least religiously diverse colonies in America.", "notorious for witch hunting and popular superstition.", "known for its hostility to traditional religious practices."], "probs": [[0.9964713684462234, 0.001924490019806517, 0.0008020573001196627, 0.0008020841338503587], [0.996883050122843, 0.0014995928689401632, 0.0009092141625979143, 0.0007081427456189607], [0.9971197612160124, 0.0009098851338299261, 0.0011677177817127713, 0.0008026357684448371], [0.9968925911367245, 0.0010307012329400977, 0.0011674429054891445, 0.0009092646248462338], [0.9969647532707782, 0.0009097437146907903, 0.0013229919139763236, 0.0008025110005547426], [0.9970292442196994, 0.00103088072430809, 0.000909363850330939, 0.0010305111056615414], [0.0009097924684034517, 0.9975787140643508, 0.0007085738867783309, 0.000802919480467424], [0.0008030316375458794, 0.997728144337523, 0.0006657618447775245, 0.0008030620801536044], [0.0005519194999953837, 0.00048727398576864096, 0.9977921047563437, 0.0011687016578921972], [0.0011682247499559344, 0.0005521127741785868, 0.0003793164490817599, 0.9979003459267837], [0.0007086307825963317, 0.00048724900113513033, 0.9977727054983271, 0.0010314146179414502], [0.0010310767407324666, 0.0006257172622373295, 0.000403824862660183, 0.99793938103437], [0.0010301954988071317, 0.9969093745208614, 0.0010301631353478403, 0.0010302667449837012], [0.0008027306096489877, 0.9973637363133856, 0.0008027306096489877, 0.0010308023673164597], [0.00048674176240264666, 0.00048693640881618987, 0.9971008663674961, 0.0019254553612851274], [0.00103119353788981, 0.00048739923163436416, 0.00037939308275396064, 0.9981020140477218], [0.0011653462249904079, 0.0008012463320304589, 0.9952373157334907, 0.0027960916094883635], [0.0010308055937512026, 0.0008031549501271263, 0.0004297530699480955, 0.9977362862861736], [0.0011671447152028765, 0.9967565498755554, 0.0011671791741338857, 0.0009091261351078853], [0.000802351014393701, 0.9968447172613156, 0.00103012868387826, 0.001322802940412461], [0.0005516828329654151, 0.0006253885738686549, 0.9973229662142954, 0.0014999622788705025], [0.000909961522991053, 0.0007090195398474106, 0.0004298735273612749, 0.9979511453098002], [0.0009079300812051679, 0.0007073157606138681, 0.9955875846224679, 0.0027971694357131214], [0.0009097431178970523, 0.0009100832252979932, 0.00040373190303323185, 0.9977764416537717]], "ideal": "A", "sampled": "A", "correct": true}}
{"type": "result", "data": {"idx": 2, "options": ["The Great Society", "The Square Deal", "The New Deal", "Reconstruction"], "probs": [[0.0019121893555423318, 0.0009034814731917955, 0.006673240361951644, 0.9905110887093143], [0.0007074235841309804, 0.0005511904434584781, 0.9959432778057122, 0.002798108066698246], [0.0016966016806564668, 0.0011664098428501941, 0.0013212288061937394, 0.9958157595702997], [0.0008023235081213645, 0.0009095311340129472, 0.9967889722687605, 0.0014991729891051615], [0.0013220902950080646, 0.99632616244485, 0.0010296126273109923, 0.0013221345328309775], [0.001030925374684778, 0.9975519851709944, 0.0007085230530155028, 0.000708566301305304], [0.002748626504261328, 0.000695221413179299, 0.017921226359790328, 0.978634925622769], [0.0009081396930844018, 0.00048640859505055226, 0.9958076516519988, 0.0027977999598662226], [0.001922971335543791, 0.0011666948887637983, 0.0009083169341033227, 0.9960020167415891], [0.0011649952363420467, 0.0011655128188566915, 0.9948743462641987, 0.002795145580602593], [0.0019188572852977136, 0.9939239370088888, 0.0016933441517007688, 0.0024638614541127035], [0.0024567039386941985, 0.9910364815279487, 0.00245658705771028, 0.004050227375646882], [0.0013227605693215668, 0.0007083002568180591, 0.0010301344820684742, 0.9969388045917918], [0.0006251361298294269, 0.0005519294028954625, 0.9973230895452646, 0.0014998448220104757], [0.0009093439776997273, 0.001323248224160197, 0.0007081488539135861, 0.9970592588442265], [0.0006238677689677746, 0.0009081315341896264, 0.9952995196984255, 0.003168480898417147], [0.0013207940635825827, 0.9953361693731281, 0.0021774397481924336, 0.0011655967150968995], [0.001493572198285568, 0.9932542467668264, 0.0024621411591750344, 0.0027900397757130257], [0.9968847954269697, 0.0011677289293575985, 0.0006247916644781771, 0.0013226838791945016], [0.9980501888545822, 0.0009105308964817992, 0.00048718996106341045, 0.000552090187872636], [0.9954156994802671, 0.0014971839978614276, 0.0011655120086972862, 0.0019216044131742408], [0.9938244145084261, 0.0016938197525519757, 0.0013185522880549971, 0.003163213350966983], [0.9972143279024304, 0.0007086141925053451, 0.00116761786705091, 0.000909439938013357], [0.9958217934403298, 0.0008018032105657153, 0.000908071949639136, 0.002468331299465329]], "ideal": "D", "sampled": "D", "correct": true}}
{"type": "result", "data": {"idx": 3, "options": ["The Wagner Act of 1935", "The Alien and Sedition Acts of 1798", "The Espionage Act of 1917", "The Immigration and Nationality Act of 1965"], "probs": [[0.008174797759045256, 0.944699255429758, 0.005618760992202592, 0.041507185718994165], [0.005751805301359079, 0.9670531430656737, 0.009482042898009083, 0.01771300863495814], [0.008295867050113644, 0.007323105697548506, 0.9588279578069769, 0.025553069345360866], [0.0024581387783818003, 0.0035763963843923165, 0.002457906646237505, 0.9915075580909883], [0.013738102211573077, 0.009445504529621864, 0.9630764022251881, 0.013739990933617005], [0.003150236833621805, 0.004044809896678692, 0.003150101326185445, 0.9896548518435141], [0.7216415593989193, 0.004864621167227704, 0.008016713442400143, 0.26547710589145285], [0.755405319404029, 0.005770681522090589, 0.1685537127925721, 0.07027028618130828], [0.7435760237123783, 0.010608680093085287, 0.00442188299632308, 0.24139341309821336], [0.8418518601737162, 0.015424354706630353, 0.129115148172959, 0.013608636846694522], [0.9130213029327626, 0.031243491303283147, 0.0042285799806703805, 0.051506625683283826], [0.905101489566295, 0.05786779587652732, 0.024120135812612603, 0.012910578644565077], [0.005837111650863305, 0.0016731034198535074, 0.9815833019988854, 0.010906482830397753], [0.0031593237874538256, 0.00191631999542331, 0.002460265361783649, 0.9924640907553393], [0.006521227097684915, 0.9676396730626388, 0.003080719493157407, 0.022758380246518904], [0.009571597077410407, 0.9761761283907356, 0.0058057328406150984, 0.008446541591238801], [0.0027879991616235338, 0.003159072308286428, 0.001691006970058375, 0.9923619214600317], [0.010880990312534216, 0.005141778087225769, 0.979440602161898, 0.004536629338341975], [0.009522337372120332, 0.0035045344371146744, 0.9712722913031769, 0.015700836787588032], [0.0035703804081847327, 0.0024539832368984144, 0.004045770790479715, 0.9899298654644372], [0.009616259240474921, 0.9807492840748977, 0.002145856797038571, 0.007488599787588765], [0.01780533113051857, 0.9721381015961461, 0.0035063519598164997, 0.006550215213518858], [0.0024574572210721373, 0.004590774592812726, 0.0016890565799682386, 0.9912627115061469], [0.01210344275797906, 0.019960084801658735, 0.9614567393631611, 0.006479732977201059]], "ideal": "B", "sampled": "B", "correct": true}}
{"type": "result", "data": {"idx": 4, "options": ["Announcing that he would not run for re-election", "Launching the Second New Deal, a series of legislative acts including Social Security", "Diverting people's attention by allowing the Japanese to bomb Pearl Harbor", "Urging Congress to cut taxes and deregulate the economy"], "probs": [[0.0006254615155005531, 0.997862671781936, 0.0007087407372423233, 0.0008031258653210765], [0.0006253701304854464, 0.9976617724842757, 0.0008029714251626245, 0.0009098858600762061], [0.00037933361808371483, 0.00048716183284080766, 0.9978092980027067, 0.0013242064463687448], [0.00033508356678372533, 0.0004875734447949172, 0.00043023260895072053, 0.9987471102794706], [0.0004294988485659197, 0.0006250012852535211, 0.9970203603164718, 0.001925139449708732], [0.0003794943820210903, 0.0009103596567678665, 0.0004872660173283425, 0.9982228798438827], [0.997929132775104, 0.001031592526075117, 0.0005520566103164627, 0.000487217988504418], [0.9979506713480187, 0.0009104495968488072, 0.000708880541996277, 0.00042999841313613073], [0.9980509862264414, 0.0010317201395525538, 0.00048725464075059007, 0.000430038893255415], [0.9977188121641746, 0.001168658562363248, 0.0007086794789137931, 0.0004038496945483346], [0.9979642958862365, 0.001168990429872807, 0.0004872123114848029, 0.00037950127240587577], [0.9977444254262446, 0.0013242522047454033, 0.0005519408064244535, 0.000379381462585494], [0.00037931437376055837, 0.00037941184249355644, 0.997740854268851, 0.001500419414894874], [0.0004874024854092331, 0.00043018376965290483, 0.0005522714053369293, 0.9985301422396009], [0.0007088670576740716, 0.998063627755059, 0.0005186380295929123, 0.0007088670576740716], [0.0007086631217969627, 0.9977796674357439, 0.0008030062206621425, 0.0007086631217969627], [0.00033500417275872624, 0.0007092261601783187, 0.00043014117886185863, 0.9985256283882011], [0.00042977896179375306, 0.0007087057508693258, 0.9976930245174919, 0.0011684906698450754], [0.00048663134782682573, 0.00042955282551655055, 0.9969025727046121, 0.002181243022044514], [0.00048728479842156215, 0.0006257451673994251, 0.0006256860284152855, 0.9982612839057637], [0.0010306164079816806, 0.9973514681645546, 0.0007083613154281682, 0.0009095540120356287], [0.0008031542764167503, 0.9979458146990645, 0.0006255090885203078, 0.0006255218359984205], [0.00043007777367608404, 0.0006258583810026276, 0.00048736993977417236, 0.9984566938055471], [0.0004871166499510352, 0.0005520930668906596, 0.997929373161345, 0.0010314170218132818]], "ideal": "B", "sampled": "B", "correct": true}}
{"type": "result", "data": {"idx": 5, "options": ["Corruption in government\u2014especially as it related to big business\u2014energized the public to demand increased popular control and reform of local, state, and national governments.", "A large-scale movement of struggling African American and white farmers, as well as urban factory workers, was able to exert a great deal of leverage over federal legislation.", "The two-party system of the era broke down and led to the emergence of an additional major party that was able to win control of Congress within ten years of its founding.", "Continued skirmishes on the frontier in the 1890s with American Indians created a sense of fear and bitterness among western farmers."], "probs": [[0.9076614979248226, 0.0042048809133944515, 0.08442395928608908, 0.0037096617756937713], [0.9458686601316079, 0.0043816051843656376, 0.0026567505180504053, 0.047092984065976035], [0.94055589642017, 0.046831190360003466, 0.009220473028070632, 0.003392440091755879], [0.9184632272027109, 0.058720599587160305, 0.003753549163777266, 0.019062623946351574], [0.9555868098772416, 0.0034475271160473047, 0.008267278530355205, 0.032698384376355874], [0.9172002879613109, 0.004814950079100924, 0.0664386125001212, 0.011546149359466924], [0.009473676774683798, 0.9663175921548225, 0.017697574536040973, 0.00651115643445268], [0.009397961329631806, 0.9585974349417099, 0.006458847873089094, 0.02554575575556921], [0.021656856523569162, 0.04585500929958338, 0.9208941707453231, 0.011593963331524324], [0.010276196064091464, 0.059137062314032776, 0.005500046289905174, 0.9250866952319706], [0.005699152062832769, 0.00305142626034147, 0.9584499267895242, 0.03279949478730147], [0.008149155913788819, 0.00299853221218244, 0.04689036968909855, 0.9419619420849302], [0.012326012167652401, 0.9791378365454146, 0.004534394284444262, 0.004001756902488653], [0.013895390276511481, 0.9741631664618737, 0.0035134618450159403, 0.008427981316598844], [0.04047718067642864, 0.019123810311090984, 0.9212775362209339, 0.019121472691546494], [0.05810792945638386, 0.027450534638353324, 0.0054047473977973, 0.9090367884074655], [0.012043505277374276, 0.005690608316134103, 0.9567673445958516, 0.025498541710640064], [0.03227473101132079, 0.007202792094716869, 0.017274428430768155, 0.9432480483631942], [0.005710956650607943, 0.9603866355658067, 0.008308972246689512, 0.025593435436895857], [0.007326557271217848, 0.9595896548840356, 0.01550918060719885, 0.017574607137547736], [0.011654173077102292, 0.010287584783819786, 0.9258244675860858, 0.05223377445299208], [0.007387004023584211, 0.007387377483921291, 0.017719011025932572, 0.9675066073665619], [0.009325118612914404, 0.019744286054242374, 0.9511879557568911, 0.019742639475952086], [0.011948290220759094, 0.025295149298399378, 0.01353830638680334, 0.9492182539940381]], "ideal": "A", "sampled": "A", "correct": true}}
{"type": "result", "data": {"idx": 6, "options": ["After the drafting of the Constitution, continued debates about states' rights and competing economic interests led to the formation of political parties, such as the Federalists and the Democratic-Republicans.", "Although Washington warned against the influence of political parties, he reluctantly accepted the endorsement of the Federalist party.", "Political parties did not exist until the War of 1812, when Federalists asserted control over foreign policies with France and Britain.", "Two major political parties dominated early presidential elections until John Quincy Adams founded the Whig party in 1824."], "probs": [[0.9390130560800144, 0.041263871656964726, 0.006327582068831438, 0.01339549009418947], [0.9458612798698609, 0.036680977787879675, 0.00818390492268024, 0.00927383731957919], [0.9496950586789281, 0.007253902083397496, 0.03249916665507171, 0.010551872482602713], [0.9712099839003444, 0.006546271307281505, 0.0065444431209910996, 0.01569930157138302], [0.9478068320117378, 0.008202689156614535, 0.03675284738335901, 0.0072376313482886544], [0.9757450309149068, 0.007452074048932356, 0.004518908212386003, 0.012283986723774822], [0.020173704395238377, 0.9719947645706984, 0.002730488563764936, 0.005101042370298279], [0.025717308047634262, 0.9650634265593604, 0.0034807882259445216, 0.005738477067060769], [0.013885377481594475, 0.003100026794652762, 0.9734689238710373, 0.009545671752715413], [0.005196620680193841, 0.0027823434215597334, 0.0016872764349771838, 0.9903337593632692], [0.009600857692613093, 0.0035333667694267034, 0.9793863016821426, 0.007479473755817632], [0.005873647353760806, 0.004575119225545948, 0.0016829519992049172, 0.9878682813214883], [0.006612078550105301, 0.9813503512969659, 0.007492702349164249, 0.004544867703764533], [0.005187427233763157, 0.9885193847267972, 0.0031465378575338794, 0.0031466500819057296], [0.005155056940106333, 0.006621662683976693, 0.9823799866954968, 0.005843293580420224], [0.0024588176643137406, 0.004054397053632257, 0.0014913482069979802, 0.991995436975056], [0.004556015573583542, 0.003132231894049642, 0.9837982189093918, 0.008513533522975037], [0.0021712222050175446, 0.0021716624877346144, 0.003158904396249976, 0.9924982108109979], [0.004576827450125009, 0.9882937779216171, 0.0035646411519431914, 0.0035647533763146755], [0.004047940283554181, 0.9904672010126174, 0.001912316561420234, 0.00357254204240811], [0.004564673275587851, 0.005174395805435482, 0.9856949481036862, 0.004565982715290434], [0.0035669873336282762, 0.005881682016492766, 0.0014870579997803817, 0.9890642725500985], [0.006614740866988238, 0.0031257562597501835, 0.9817642369131513, 0.00849526586011024], [0.0027820972547348286, 0.002167211329684422, 0.004586622944091071, 0.9904640683714897]], "ideal": "B", "sampled": "A", "correct": false}}
{"type": "result", "data": {"idx": 7, "options": ["The Social Gospel", "Social Darwinism", "Communism", "The support of an urban political machine"], "probs": [[0.9984309771045193, 0.0008038309728493307, 0.0003349842969268926, 0.0004302075257044056], [0.9984131377055581, 0.00080378200602686, 0.00029561728374861176, 0.00048746290466650314], [0.9983160067072793, 0.0007092847067832431, 0.0004873012448957368, 0.0004874072410417087], [0.9983083943971787, 0.000709248804795413, 0.00035653914335400153, 0.0006258175546718699], [0.998101530677668, 0.0010316954592026267, 0.0003145876872064235, 0.0005521860759228508], [0.9980281883205524, 0.0010316010167679421, 0.0003145589235935645, 0.0006256516390860526], [0.0007085186745326626, 0.9975788486894991, 0.0009097201341934962, 0.0008029124017748065], [0.00048719695356641394, 0.9980007325660608, 0.0008031648296986902, 0.0007089055506740265], [0.00045714507508193416, 0.0011674199196062543, 0.9968762548095544, 0.0014991800957573805], [0.0005516393637808389, 0.001499644572089817, 0.0005872692009893661, 0.99736144676314], [0.00048644584616504304, 0.0008021123155822032, 0.9965310099729636, 0.002180431765289066], [0.0006253872476880107, 0.0008031913806950006, 0.0006254208917132148, 0.9979460003799038], [0.0009092518595323738, 0.9970140458477661, 0.001167404349117076, 0.0009092978435845015], [0.0006253356241166176, 0.9976618492781033, 0.0008029110194441384, 0.0009099039783359676], [0.0007072811017910342, 0.0014974113847406375, 0.9958723251232618, 0.001922982290206486], [0.0007079133352575412, 0.001924418531280188, 0.0005513724524861212, 0.9968162955809762], [0.0008004990669087153, 0.0009072316122624826, 0.9947040986155058, 0.0035881706053229614], [0.0013219570708563884, 0.0014981824914458812, 0.0007076689906738808, 0.9964721913470238], [0.0011673090033377752, 0.9968933450494359, 0.00090910121683591, 0.0010302446303903801], [0.00116674125526585, 0.9964263705180545, 0.0009086590463486358, 0.0014982290803309693], [0.0007074647713311938, 0.0007075871238366863, 0.9961152260106365, 0.0024697219941956366], [0.0010308809037941407, 0.0006254815634233822, 0.0005518630206891714, 0.9977917744120933], [0.0009076763772211343, 0.0009078553657718095, 0.9953879941149242, 0.002796474042082827], [0.0016973321734074362, 0.001029803047347061, 0.0008018441891740213, 0.9964710204900714]], "ideal": "A", "sampled": "A", "correct": true}}
{"type": "result", "data": {"idx": 8, "options": ["The war came to a swift conclusion because the Proclamation made the Confederacy realize the futility of their cause.", "The war grew in scope because the Proclamation caused Great Britain to join the fight on the side of the Union.", "President Jefferson Davis of the Confederacy vowed massive resistance to any Union effort to free the slaves.", "The war aims of the United States were no longer exclusively focused on the preservation of the Union."], "probs": [[0.0010294017526630175, 0.0014978808582270448, 0.0013217778929916564, 0.9961509393961183], [0.0013215213000919623, 0.0010294465620143086, 0.9959519688949844, 0.0016970631429092979], [0.0009090926070762242, 0.0014989830150938075, 0.0007080509124311703, 0.9968838733653987], [0.0010290055511301074, 0.001497550286227901, 0.9957767490392149, 0.001696695023427086], [0.0007084293456964458, 0.9973512466069607, 0.0010307585617369748, 0.0009095653856058182], [0.0005519734580519877, 0.9977350166996701, 0.000909991272816875, 0.0008030184694610294], [0.001321254529712753, 0.0011661699962377406, 0.0016965243251373789, 0.9958160510489121], [0.0011672274849969248, 0.0007081665046392981, 0.9968017489399853, 0.0013228569703784463], [0.00080241155023818, 0.0014992539577937483, 0.0006249484351150102, 0.997073385956853], [0.001166311086312383, 0.0014978792669497064, 0.9960140531565742, 0.0013217563901636547], [0.0009676869266884139, 0.9967685824906936, 0.0011672531122292173, 0.0010964773703888136], [0.0007541875563071397, 0.9974608254505348, 0.0010308216303859309, 0.0007541652627720505], [0.001697225406992022, 0.0011666864707839638, 0.0009085183369382375, 0.9962275696852858], [0.001695736666769598, 0.0008012884092695228, 0.995325330527899, 0.00217764429606195], [0.0009096572907164163, 0.0010309296363855767, 0.0006251977277268931, 0.9974342152451711], [0.0016961157519827129, 0.0010290289326190724, 0.9955784335239419, 0.0016964216914562432], [0.0011668943303351303, 0.9964811577468408, 0.001029780700218667, 0.001322167122605468], [0.0009095510710809073, 0.997271449423288, 0.0009095241791391262, 0.0009094752264918577], [0.9960139458845828, 0.0013219852412256873, 0.0011664194363429621, 0.001497649337848567], [0.9971503436236616, 0.001030789149249747, 0.0009094230861648827, 0.0009094440409236876], [0.9961504574589031, 0.0014981608026241571, 0.0010295026246580174, 0.0013218790138147252], [0.9976138258127286, 0.0010313098645176664, 0.0008029742678205001, 0.0005518899549332717], [0.9967627220703281, 0.0014991492936967247, 0.0007080177517854947, 0.001030110784189666], [0.996966340428316, 0.001499435948361217, 0.0009092642961774316, 0.0006249592271453826]], "ideal": "D", "sampled": "D", "correct": true}}
{"type": "result", "data": {"idx": 9, "options": ["Decreased trade with Asian nations precipitated economic recession in both the United States and Europe.", "The war-ravaged condition of Asia and Europe allowed the United States to emerge as one of the most prosperous nations on Earth.", "Cold War tensions isolated the economies of both the Soviet Union and the United States, leading to economic struggle for both nations.", "Japan was subsequently required to pay reparations to the United States, forcing it into a prolonged depression."], "probs": [[0.0031614501537312384, 0.9932288676243558, 0.0019174798199822407, 0.0016922023019307402], [0.002464870223298459, 0.9943460314505648, 0.0014950193492273302, 0.0016940788769094198], [0.0024651413280257183, 0.001319901940905855, 0.9945204275287711, 0.001694529102297312], [0.0013214926747359328, 0.0014976620121253182, 0.0011662536492374745, 0.9960145915639013], [0.00246072974376994, 0.001691643461698682, 0.9926875617221771, 0.0031600649723542893], [0.0011664429813407057, 0.001697408021000279, 0.0009084757107553741, 0.9962276731869036], [0.9963258524619205, 0.0010300030103225426, 0.0013220595828167636, 0.0013220848449401388], [0.9966011617183334, 0.0009092542397058618, 0.0011670935867828687, 0.0013224903551779274], [0.9961065600286093, 0.0010297762877150467, 0.0011664789577487257, 0.0016971846259269368], [0.997256902431884, 0.0008029513253107112, 0.0009095223248815268, 0.0010306238179236982], [0.9971199931341175, 0.0008028977559018921, 0.0009093954268321687, 0.0011677135831484058], [0.997685034984573, 0.0007089386643997863, 0.0008029951975548028, 0.0008030310534724944], [0.003575286962807994, 0.001914257705029455, 0.9913547909833408, 0.0031556642488217786], [0.0016948834407202783, 0.0019207384766901133, 0.0014957813440086615, 0.994888596638581], [0.0021762392839734116, 0.9948089242998751, 0.0013199794871819389, 0.001694856828969534], [0.0014982234552528698, 0.9964262444258055, 0.0009087380822191758, 0.0011667939367223778], [0.0014970683263620865, 0.001696654479442228, 0.0010289679051147572, 0.9957773091890809], [0.0014962230348842737, 0.0011655595157832176, 0.9951609972778017, 0.002177220071530745], [0.0024584597268967833, 0.0011615931427392983, 0.9917865513477098, 0.004593395682654117], [0.0013218842492726914, 0.0013221082323566097, 0.0010295398750449403, 0.9963264675433258], [0.0014961787475953744, 0.9950866373862336, 0.0014961233339039965, 0.0019210604322670145], [0.0014965467552672143, 0.9953112223981423, 0.0014964877327048255, 0.0016957430138857146], [0.0013215135477396198, 0.0014976489119888847, 0.0011662512214259174, 0.9960145862188455], [0.0010298737564729491, 0.0006248304998798069, 0.9966471427434546, 0.0016981529001926573]], "ideal": "B", "sampled": "B", "correct": true}}
{"type": "result", "data": {"idx": 10, "options": ["rural and urban interests.", "federal law and state law.", "those who favored gradual emancipation and those who favored immediate emancipation.", "supporters and opponents of government regulation of commerce."], "probs": [[0.006293161130072031, 0.9338939524096487, 0.05268229396443298, 0.007130592395846347], [0.013187613011611818, 0.9244549811968474, 0.021739686250074445, 0.040617719441466325], [0.01898333319858183, 0.9146355755916997, 0.05159685594320729, 0.014784235166511188], [0.036099006132217774, 0.6397697507416577, 0.021890983771046032, 0.3022402592550785], [0.01624450064691552, 0.014339453338988603, 0.8869196647787213, 0.0824963811353746], [0.05438034980945378, 0.04799268394228706, 0.5846438407313306, 0.31298312541692863], [0.3086959892777201, 0.015375313105227483, 0.6535639463513382, 0.022364751165714285], [0.5228142516692733, 0.012300509908998856, 0.21791324089832725, 0.24697199742340054], [0.39788918111200056, 0.5789517964590376, 0.005675340271604755, 0.01748368205735704], [0.3423151491418837, 0.6395288368667958, 0.013272390001159956, 0.004883623890160466], [0.6137024089283989, 0.17581899249504757, 0.01123860185285233, 0.19923999662370123], [0.4047813794196924, 0.13142010831406453, 0.45870120247157586, 0.0050973096946671966], [0.17801549581295564, 0.00537913558463171, 0.7978403962893801, 0.01876497221303254], [0.40157221222128514, 0.005730215667619495, 0.008333136629404094, 0.5843644353816912], [0.6899130777606536, 0.2875985484872857, 0.004102071295972104, 0.018386302356088634], [0.7128022853926191, 0.2622373162513464, 0.010165981950836447, 0.01479441630519802], [0.1459049145491984, 0.00932904804960467, 0.0049918997445174, 0.8397741375566795], [0.2791110002268382, 0.008433300140308386, 0.6696445401337914, 0.04281115939906204], [0.02762234345261688, 0.006165496938889397, 0.8072432775453848, 0.1589688819631089], [0.09815806661389032, 0.015056707748732466, 0.49850919457430753, 0.3882760309630697], [0.06344539731137595, 0.6018754785115072, 0.012491526594051764, 0.322187597483065], [0.02642118166555036, 0.6013121389082261, 0.364696466140636, 0.007570213185587573], [0.09298771124953324, 0.28639841850362935, 0.0142578886933139, 0.6063559814535235], [0.05259286469427638, 0.440378983179598, 0.4989613512508645, 0.008066800775261103]], "ideal": "B", "sampled": "B", "correct": true}}
{"type": "result", "data": {"idx": 11, "options": ["Colonists were destined to leave the British Empire because of the distance between the New World and England.", "Women are biologically predestined to lives of child rearing and domestic labor.", "America's expansion to the West Coast was inevitable and divinely sanctioned.", "The abolition of slavery in the United States was certain to come about because slavery was immoral."], "probs": [[0.0004290782938217455, 0.0004864286389811992, 0.9959137898955887, 0.0031707030716084496], [0.0005522126303821057, 0.0007091988207201705, 0.0004873096281293449, 0.9982512788207684], [0.0013226800167726032, 0.9968019574940559, 0.0007080255785396496, 0.0011673368106318897], [0.001498614685737083, 0.9967633585750822, 0.0010300121606241777, 0.0007080144785564719], [0.000552091147217665, 0.0010316153880470197, 0.0003348806238529323, 0.9980814127408824], [0.00048685867530657857, 0.0007086570715666217, 0.997304541209982, 0.0014999429431447214], [0.00029514032743788605, 0.0009093185727220629, 0.9966146388344981, 0.0021809021653419833], [0.00037948167956720056, 0.0010316712774643478, 0.00048721190895840706, 0.9981016350340101], [0.0007078161958219957, 0.9964716744157492, 0.0013221797619024332, 0.001498329526526374], [0.0006247416941027356, 0.9965543355563926, 0.0013223704362621577, 0.0014985522132425026], [0.00033487728606259063, 0.0011688837333886446, 0.00048719138022101075, 0.9980090475003277], [0.00031419627826047937, 0.0008025431827578361, 0.9967023057814443, 0.0021809546575374578], [0.9979834618819725, 0.0011689453690826607, 0.0002955147436645156, 0.0005520779052802764], [0.9984977154465694, 0.0009109207114755041, 0.00029566699891764547, 0.00029569674303742827], [0.998234923654367, 0.0006259604264716079, 0.0004300550995805252, 0.0007090607195809042], [0.9980187957661094, 0.0006258248807539511, 0.0005520821732175699, 0.0008032970799191051], [0.9983293265974084, 0.0008037491130826156, 0.00037954830870434, 0.00048737588080464413], [0.9983482625766565, 0.0008038011737724432, 0.0002956227248772944, 0.0005523134246937416], [0.0005519139052494172, 0.0013241143468478568, 0.0003793245000422985, 0.9977446471478604], [0.0004867314715178043, 0.0010307575586376227, 0.9969831119076044, 0.0014993989622402372], [0.0005521489220169302, 0.0007091515602760582, 0.0005521304119822225, 0.9981865690057248], [0.0004293736237641417, 0.0004867501389444998, 0.9966127529509958, 0.0024711231862955376], [0.0010306523087480015, 0.9973513393020901, 0.0009095474878243141, 0.0007084608013375808], [0.0010302890522870698, 0.996999811368664, 0.0008023899473617015, 0.0011675095316871764]], "ideal": "C", "sampled": "C", "correct": true}}
{"type": "result", "data": {"idx": 12, "options": ["Puritans only", "all Protestants only", "all Christians only", "all Jews and Christians only"], "probs": [[0.5385219895579961, 0.22454350044552038, 0.08257917990731165, 0.15435532998917184], [0.33721878527888943, 0.1405918548534485, 0.03136438725546534, 0.4908249725121967], [0.3639877655134854, 0.41253467868820193, 0.07167792746768425, 0.15179962823062843], [0.3491056146050924, 0.3081269756651893, 0.03456613677731488, 0.3082012728524034], [0.2776815953054861, 0.1486434671575974, 0.05467487248249936, 0.5190000649544172], [0.2829049698917053, 0.13366329071094288, 0.171614117682069, 0.4118176216152828], [0.7928550454661301, 0.03485197777296878, 0.12158826148543038, 0.05070471517547074], [0.4109083841804081, 0.03822568924684914, 0.023176572085837725, 0.527689354386905], [0.6662315614317227, 0.27778956322200815, 0.022798805868707715, 0.03318006937756148], [0.5987046338067353, 0.24959604346641867, 0.018078032811867775, 0.13362128981497826], [0.5589109294267579, 0.26404089991821517, 0.016878579572483066, 0.16016959098254382], [0.2985190450846653, 0.23253336546479902, 0.3833827077959055, 0.08556488155463016], [0.8627014819616265, 0.03346951330468277, 0.05515065457232621, 0.04867835006136447], [0.8130973389558034, 0.040494365787457395, 0.021665512740250092, 0.12474278241648906], [0.8603871252445492, 0.09069825368353866, 0.02292691459695822, 0.025987706374953963], [0.7278680123271697, 0.11163955801011817, 0.017119105712261593, 0.1433733238504506], [0.7594961339342876, 0.14959001177418751, 0.0202421932216077, 0.0706716609699172], [0.5635383346720882, 0.1425056510831152, 0.1829541053694299, 0.11100190877536668], [0.4282678131072783, 0.03516404755306342, 0.051143464457992414, 0.4854246747816659], [0.4790015314712211, 0.03063784045431786, 0.19970332230669388, 0.2906573056677671], [0.5198695169587702, 0.24558432900950855, 0.01778895630449705, 0.21675719762722423], [0.23584939537074032, 0.11143261938172859, 0.5659015178114518, 0.08681646733607924], [0.25218434663255923, 0.6855912408043894, 0.012557042036312718, 0.049667370426738675], [0.19201429758578553, 0.5220302498423638, 0.1694648018150381, 0.11649065065681258]], "ideal": "A", "sampled": "C", "correct": false}}
{"type": "result", "data": {"idx": 13, "options": ["Opposition to the administration's arms buildup", "Efforts to deregulate many industries", "Efforts to reform the welfare system", "Support for the administration's cold war policies"], "probs": [[0.830331356440283, 0.017237591892814475, 0.14428995051028096, 0.00814110105662152], [0.8253387523233885, 0.02492698375775137, 0.006301328311233964, 0.14343293550762617], [0.9255154249579808, 0.05917392364655946, 0.0062366632308769356, 0.009073988064582785], [0.8375195052724361, 0.14555281486330093, 0.004980376906689467, 0.011947302857573444], [0.884506866614715, 0.011137278747231753, 0.01113284937743859, 0.09322300516061466], [0.8658407192563068, 0.008491529947828706, 0.11717879585491353, 0.008488954840950922], [0.0152123816470944, 0.9411567054156775, 0.015211393513696507, 0.028419519323531584], [0.03909782904712243, 0.785334674046328, 0.020925919597048905, 0.15464157720950067], [0.038607755535307146, 0.6039563686820272, 0.2853035756050957, 0.0721323000775699], [0.03697167792395619, 0.742627920154031, 0.032626071251842026, 0.18777433057017076], [0.06910939924315612, 0.022442932082859558, 0.397739718924116, 0.5107079496498683], [0.08050785242895311, 0.033570844801774934, 0.5250369925459591, 0.36088431012331285], [0.03604762792816682, 0.9296162551747446, 0.006264138320712532, 0.02807197847637603], [0.1599098127846544, 0.8120890328443027, 0.014873929607969457, 0.013127224663073426], [0.07093058663119554, 0.009603074859349048, 0.8642163131379565, 0.05525002527149883], [0.41275290130026837, 0.023294814018562437, 0.03387847826390096, 0.5300738063172682], [0.24617592621105933, 0.013896897226718698, 0.590594640455275, 0.14933253600694701], [0.23527482609777609, 0.024805306008316555, 0.015040112020659663, 0.7248797557732477], [0.01844967961327852, 0.8889891785648791, 0.00987540204228504, 0.08268573967955734], [0.009420471520733253, 0.960884025235433, 0.01209574478429638, 0.017599758359537317], [0.03744808559017003, 0.02004896450067433, 0.7522995268526267, 0.19020342295652892], [0.05296304996664742, 0.03213083996560087, 0.34537331959976164, 0.5695327903679901], [0.01630516777302631, 0.28904012811780827, 0.6118468846760609, 0.08280781933310448], [0.0552152257266478, 0.17008738216939467, 0.012320182432210332, 0.7623772095717471]], "ideal": "A", "sampled": "A", "correct": true}}
{"type": "result", "data": {"idx": 14, "options": ["Logan believes the expansion of British settlements must be stopped", "Logan laments the loss of his family", "Logan opposes a new peace treaty", "Logan believes that Indians need to find strength in unity"], "probs": [[0.04053337156764673, 0.9225662418468578, 0.009043933890182885, 0.027856452595312668], [0.022484068077501532, 0.9561089579615214, 0.01203449835459901, 0.009372475506378024], [0.02491641491153268, 0.011773754260964634, 0.9350699464062563, 0.028239884321246356], [0.0983161712488023, 0.031925062783027564, 0.04643825528807838, 0.8233205105800917], [0.02517349271662807, 0.0196119188770985, 0.9447175958484894, 0.010496992457784059], [0.056966601299569486, 0.03915796209166744, 0.012709906820628206, 0.8911655296881349], [0.7463442279322973, 0.14697062173851122, 0.01755087168902618, 0.08913427854016528], [0.7769740655406342, 0.09280509338295118, 0.11913837816349968, 0.011082462812914917], [0.7984529808373731, 0.021283589776478155, 0.057826906392264586, 0.1224365228938841], [0.8901075919668695, 0.01848021687205557, 0.05689897523838295, 0.03451321582269193], [0.7717775902961413, 0.04355236628538915, 0.17219494730510676, 0.012475096013362691], [0.8834163372902207, 0.07251781082650594, 0.009813231223140336, 0.034252620560133014], [0.012080187936902295, 0.010664416719744906, 0.9596765371688455, 0.01757885807450732], [0.05537010584370393, 0.0296399548341508, 0.04885573557279404, 0.8661342036493512], [0.017203063315764988, 0.9392555056454943, 0.015180215718687858, 0.0283612152200528], [0.013742563694337536, 0.9634281010079611, 0.010702178383858122, 0.012127156813843281], [0.02253088024837474, 0.012062274080178745, 0.007314515298391051, 0.9580923302730555], [0.017356333767479627, 0.015321462916872449, 0.9476515981077205, 0.019670605107927445], [0.012188164556324843, 0.012192126402267215, 0.9682257658711774, 0.007393943070230587], [0.045717086914933404, 0.0244730562111872, 0.011557577236178571, 0.9182522795377008], [0.031970893828680055, 0.9342970860207228, 0.02197130259644573, 0.011760717454151375], [0.04118428073479122, 0.9373498710831399, 0.00631581396781708, 0.015150034114251728], [0.028794026923475154, 0.00825145720533375, 0.009347822211517493, 0.9536066935596736], [0.019714732592261943, 0.010555562962653307, 0.9500115631123714, 0.01971814123271327]], "ideal": "B", "sampled": "B", "correct": true}}
