{"type": "result", "data": {"idx": 0, "options": ["Needle aspiration", "Mammography", "Mastectomy", "Lumpectomy"], "probs": [[0.0024663113056952865, 0.994871832718928, 0.001496253940858559, 0.0011656019345181276], [0.0024647372834162044, 0.9943459401181935, 0.001694198047021831, 0.0014951244513683912], [0.0016961501743043216, 0.0013216905370360167, 0.9952848504491476, 0.001697308739512037], [0.004053940056776711, 0.0016911626991114505, 0.0019151093398451426, 0.9923397878042667], [0.0019210439625689261, 0.0014968845050005333, 0.9948854438467053, 0.0016966275857252585], [0.003579294997570294, 0.0016917585115456425, 0.0019161964247796546, 0.9928127499661044], [0.9957261458699896, 0.001923362562456437, 0.001321222761730725, 0.0010292687058231992], [0.9954853430816574, 0.001697086894303088, 0.0013209183356345149, 0.0014966515884049895], [0.9958146199401865, 0.001322514105444547, 0.0016966537630957056, 0.0011662120912732442], [0.9956834001784134, 0.0014982361037256186, 0.0014970773055100136, 0.0013212863123510088], [0.9954844058224308, 0.0016973847422833462, 0.0014970592367301082, 0.001321150098555679], [0.9952598704415447, 0.0019227007652602086, 0.0014965765449757346, 0.001320852148219327], [0.001694544772769805, 0.0014960680610110702, 0.9943427876497009, 0.002466599416518268], [0.0035784889245096016, 0.0019165817440455403, 0.0019157649742060662, 0.9925891642572388], [0.0016962381047931363, 0.995441572720532, 0.0016962381047931363, 0.0011659509698816748], [0.0016963789727590987, 0.9954415250120708, 0.001696192941069467, 0.0011659029741006013], [0.003159221205520982, 0.001917184063575833, 0.002171298683166675, 0.9927522959477365], [0.0014971845464871807, 0.001497713886927806, 0.9955070689509381, 0.0014980325156469596], [0.0019200735438519984, 0.0013203726170935967, 0.9942924466050733, 0.0024671071339810303], [0.00316013740254889, 0.0014935153077884583, 0.0021719284958620034, 0.9931744186938006], [0.0019205871944579403, 0.9948887457295051, 0.001694912246211514, 0.001495754729825374], [0.0016969489828287765, 0.9957759992381328, 0.001497552096920606, 0.0010294995821178577], [0.0035788076685169326, 0.0016914666451015312, 0.002170830858606092, 0.9925588947277755], [0.0014973205680344247, 0.0011668173595648192, 0.9956383505941596, 0.0016975113782411678]], "ideal": "B", "sampled": "B", "correct": true}}
{"type": "result", "data": {"idx": 1, "options": ["vary from person to person", "vary for women depending on the phases of the menstrual cycle", "are mainly on the lower portion of the body", "all of the above"], "probs": [[0.2883030396046983, 0.008710086078654807, 0.011181101124407473, 0.6918057730922395], [0.5687684855858919, 0.011813186089718727, 0.3910921219910057, 0.02832620623338373], [0.42811783246824514, 0.01660510862674759, 0.0053913801704673575, 0.5498856786345399], [0.5132711100479371, 0.019915007701969623, 0.4531316606429904, 0.013682221507102842], [0.9201783322698793, 0.04044243226255916, 0.011585960825073483, 0.027793274542488023], [0.9183744054356588, 0.04573352938830194, 0.019066201236931198, 0.016825863839108047], [0.013711105137747802, 0.5145054473432449, 0.017608927610270716, 0.4541745198087366], [0.016515929465600876, 0.7958785994507778, 0.15673934126041925, 0.030866129723202056], [0.016375880044244284, 0.018562681491506628, 0.5424810455555424, 0.4225803928087067], [0.031561835656531465, 0.1248437054377016, 0.12485151364593369, 0.7187429451598333], [0.0200376750877795, 0.10178954803494267, 0.8524238386975911, 0.025748938079686694], [0.02130112919805834, 0.05790867245208453, 0.014643381262493616, 0.9061468169873635], [0.03616152093054543, 0.38879580750138093, 0.009146854621257678, 0.5658958168468159], [0.06273724266652295, 0.595433366518095, 0.31873810941168496, 0.023091281303697062], [0.02417674650929742, 0.004204619517187741, 0.485792106094322, 0.48582652777919283], [0.05413346067647391, 0.009412207771253296, 0.08926674102378652, 0.8471875904284862], [0.06312362884354211, 0.15146458232079082, 0.7694387478139387, 0.01597304092172827], [0.04359376435125176, 0.07188384856793978, 0.008586637487295367, 0.875935749493513], [0.17544562145641218, 0.7864008183408407, 0.014404520820265629, 0.023749039282481395], [0.12802802406544783, 0.8350043544829651, 0.01963881275275099, 0.017328808598836145], [0.07246473333689715, 0.020775394506945398, 0.8832156850899301, 0.023544186966227284], [0.07334077473083764, 0.01637132285258623, 0.0163676143256593, 0.8939202879909168], [0.09975649452611311, 0.047145184300391524, 0.8357545763750373, 0.01734374469845808], [0.08214992608216896, 0.026677994550993452, 0.007642759549270933, 0.8835293197175667]], "ideal": "D", "sampled": "A", "correct": false}}
{"type": "result", "data": {"idx": 2, "options": ["can be treated with antibiotics", "has a high risk of infection with a single exposure", "is asymptomatic (without symptoms) in only a small percentage of those infected", "infections are limited to genital areas"], "probs": [[0.442002087787297, 0.34425181146993883, 0.08705788849913723, 0.12668821214362697], [0.4759943396123161, 0.2547994804351139, 0.044292214428447066, 0.22491396542412298], [0.46183109278828954, 0.16993433235376462, 0.14997856317450867, 0.21825601158343716], [0.7511637526310927, 0.07919117512539951, 0.054422592574034555, 0.11522247956947321], [0.7591004966930414, 0.0428483113603659, 0.04853937774411228, 0.14951181410248046], [0.6365778326989071, 0.05564202636590689, 0.12536912921737509, 0.18241101161781095], [0.5573720910685735, 0.29835733657193814, 0.058766219540150044, 0.08550435271933826], [0.5718653754924177, 0.27016493474102743, 0.030323885152258832, 0.12764580451429608], [0.4772108952778877, 0.057024447290931965, 0.3717618708903992, 0.09400278644078117], [0.373559751478325, 0.057306268596274065, 0.025427193015369037, 0.5437067868100319], [0.4240069908079357, 0.05741364807728636, 0.29154403535198575, 0.2270353256627922], [0.36777761060790914, 0.043946731052776696, 0.05299539473837063, 0.5352802635009435], [0.20478720045483254, 0.4336268111498586, 0.18077704990589136, 0.18080893838941747], [0.20238678683070366, 0.7065696899854429, 0.033049710953462146, 0.05799381213039132], [0.19973784238641867, 0.2264506895326202, 0.47939611793619485, 0.09441535004476628], [0.13221928180431974, 0.24709054272928818, 0.027727685246205253, 0.5929624901201869], [0.09905981116852858, 0.041329043582660256, 0.7323481280278833, 0.12726301712092788], [0.1342329491769266, 0.04940144569971533, 0.13426336244601383, 0.6821022425773442], [0.08398999579953205, 0.7033491363161494, 0.0741387864949809, 0.1385220812893377], [0.11339140782052401, 0.6526241192034022, 0.08833864988536266, 0.14564582299071108], [0.07839019142760949, 0.3101359721013701, 0.3982587008621407, 0.21321513550887966], [0.07322979417631968, 0.32829560480987924, 0.05704921622174687, 0.5414253846920543], [0.09280817087015426, 0.10521183122317755, 0.605400543216462, 0.1965794545902062], [0.08079548058900698, 0.17105614882403483, 0.07131791007821982, 0.6768304604087384]], "ideal": "A", "sampled": "A", "correct": true}}
{"type": "result", "data": {"idx": 3, "options": ["the id", "the ego", "the superego", "the Oedipus complex"], "probs": [[0.9175868037749337, 0.051779995899311815, 0.024451014977429703, 0.006182185248324767], [0.8978641088465164, 0.0650540637478529, 0.009973461531902763, 0.027108365773727924], [0.9043519392997817, 0.021276323340628886, 0.06550578266008422, 0.008865954599505099], [0.8513696996415682, 0.022695709844560628, 0.010714235225554595, 0.11522035518831658], [0.8814592771030197, 0.01830417934175913, 0.04388128052405297, 0.056355262931168125], [0.8056790161049199, 0.01895690646483374, 0.016716470167374233, 0.15864760716287218], [0.022639807996678005, 0.9627332381768688, 0.010692990707581906, 0.003933963018871277], [0.028854018850205446, 0.9555858671274292, 0.007294435725579737, 0.008265678196785578], [0.013847378045723642, 0.012224615518999938, 0.9708368752393459, 0.0030911310959304515], [0.007488678546991962, 0.009616425694305535, 0.0021455423942100538, 0.9807493532644924], [0.02197698207737605, 0.007139182432510683, 0.9346499172495815, 0.03623391814053184], [0.01390294376770022, 0.007443023479659717, 0.003982357734177806, 0.9746716749184623], [0.013752157433505064, 0.9641734700813226, 0.015579205522611586, 0.006495166862560744], [0.015124010836181022, 0.9356894462549548, 0.008093347330762595, 0.04109319547810159], [0.008327148025334432, 0.025652733014099552, 0.9625476120509237, 0.003472506809642406], [0.005125868397654662, 0.015787518891768673, 0.0024210947076313064, 0.9766655179029453], [0.01205640012240619, 0.004438981090935732, 0.9579754370963705, 0.02552918159028763], [0.008440635999278858, 0.005120407264162888, 0.010834135919259856, 0.9756048207172984], [0.023225973250958522, 0.8714689817986596, 0.03378237260023016, 0.07152267225015167], [0.025978219148574504, 0.7591948621585964, 0.0229216556663488, 0.1919052629264803], [0.009220302751976984, 0.025069427834839626, 0.9406429835201994, 0.02506728579298406], [0.009470423223125529, 0.0200472763463638, 0.00447281425708467, 0.966009486073426], [0.008333716315658166, 0.01070501559694016, 0.9633147935925155, 0.01764647439488619], [0.007361173868971583, 0.010711252106114953, 0.017653970621520087, 0.9642736033033934]], "ideal": "A", "sampled": "A", "correct": true}}
{"type": "result", "data": {"idx": 4, "options": ["paraphilias guarantee survival of the species", "evolutionary selection has favored the development of males who respond to novel sexual stimuli", "of left brain/right brain differences between the genders", "male brains are better developed than are female brains"], "probs": [[0.028492038748260798, 0.9437405360618422, 0.017282519294651293, 0.010484905795245731], [0.02846773151421619, 0.9428434976888488, 0.013448044589228093, 0.015240726107706912], [0.025433736212308582, 0.010606372695454457, 0.9545970771143538, 0.009362813877883123], [0.020007252263287232, 0.010711537509819721, 0.005059365545425473, 0.9642218445814675], [0.022406208235481704, 0.00727681875476105, 0.9528592985194008, 0.017457674390356476], [0.025488749903536553, 0.009379920828296156, 0.008276540100537796, 0.9568547890676294], [0.9642339649795206, 0.015594217514383918, 0.00945635879842612, 0.010715458607669264], [0.958636662620763, 0.01756628904749025, 0.008296263071121539, 0.015500785160625218], [0.9560730545391077, 0.012042440584983079, 0.019845565963838956, 0.012038938812070262], [0.9580784260626497, 0.012066845556131956, 0.007317448829175269, 0.022537279452043108], [0.9575843285376716, 0.009393852273134665, 0.01754149993737088, 0.01548031915182282], [0.9586443766182295, 0.009405348317613717, 0.009399681219826917, 0.02255059374432987], [0.017113904111636557, 0.04106693554560804, 0.9346791048585834, 0.007140055384171956], [0.011959868370664432, 0.03251721306828443, 0.004986676340548132, 0.950536242120503], [0.013682415349632085, 0.9593432350712241, 0.017568570364917865, 0.009405779114225993], [0.01370985457658259, 0.9613272178348921, 0.00942452053171018, 0.015538406956815175], [0.013587699733484669, 0.008243224298689135, 0.025381888317079073, 0.9527871875507471], [0.012144440455834593, 0.007369435192546893, 0.9648850298623838, 0.01560109438923477], [0.014788077280253664, 0.0584965350909174, 0.9151914757468639, 0.011523911781965], [0.015118301391973097, 0.04109854380873736, 0.008092781784278923, 0.9356903729150106], [0.0135322031936004, 0.9488194937360482, 0.022310833344271152, 0.015337469626080185], [0.013572481430167404, 0.9515678208122699, 0.017428573848267095, 0.017431123809295648], [0.01940445891019946, 0.013339692502217492, 0.03198614513480643, 0.9352697033527766], [0.015516639065709778, 0.01208938009886872, 0.9603012972351164, 0.012092683500305134]], "ideal": "B", "sampled": "B", "correct": true}}
{"type": "result", "data": {"idx": 5, "options": ["felt glad", "felt fear", "experienced guilt", "experienced regret"], "probs": [[0.07567947538338224, 0.045915272386603145, 0.7181617081816786, 0.160243543948336], [0.10003136358002974, 0.06069208014523151, 0.6523536127131118, 0.186922943461627], [0.06535021701920818, 0.7025129721738455, 0.030863458724471517, 0.20127335198247487], [0.07556465057171859, 0.6328573674235561, 0.2637793012139423, 0.027798680690782958], [0.08096255723155053, 0.598182466485099, 0.038240523851885554, 0.2826144523314649], [0.09799542350083702, 0.5640693944431736, 0.3018846832054321, 0.03605049875055728], [0.10359794464285818, 0.08070562057531878, 0.5963383975322195, 0.21935803714960353], [0.1315212218201862, 0.10246054253094873, 0.5202804672448524, 0.2457377683040126], [0.06740660169488699, 0.7246097867612888, 0.046317979343685145, 0.161665632100139], [0.06675475958488537, 0.6334302430869654, 0.2640879206013416, 0.03572707662680761], [0.0854871804049863, 0.5573852720007063, 0.058747973943750996, 0.29837957355055644], [0.0849212111701539, 0.4888820228822162, 0.3807417125728732, 0.04545505327475667], [0.698027029167983, 0.08338309218801494, 0.018601790180994875, 0.1999880883630072], [0.6360703780851412, 0.06708061889717618, 0.265180923636635, 0.03166807928104763], [0.6270545276594595, 0.04543864777477815, 0.06608465590558049, 0.2614221685601819], [0.43603552520477745, 0.05210950733485724, 0.43608335793345226, 0.075771609426913], [0.5300634568292537, 0.4127685644353432, 0.03388582220027383, 0.02328215643512929], [0.5407892050317904, 0.3717193727772537, 0.030509238219872743, 0.05698218387108315], [0.6710445913802217, 0.09083533269825082, 0.02026379124641696, 0.21785628457511053], [0.5428835193484802, 0.08328910233207952, 0.3292755210761432, 0.044551857143296986], [0.5880079290726175, 0.05471367781328026, 0.07955358951322022, 0.2777248035008821], [0.38856375877763866, 0.05964380146599608, 0.4404548441652176, 0.1113375954911477], [0.5215434198360104, 0.4062288817552805, 0.04281089263081585, 0.02941680567789331], [0.5587045653854504, 0.3388714257078641, 0.03571235082150664, 0.0667116579851788]], "ideal": "C", "sampled": "C", "correct": true}}
{"type": "result", "data": {"idx": 6, "options": ["an increased risk of low birth weight babies", "poorer growth and lower intelligence", "smaller head circumference", "all of the above"], "probs": [[0.0157247088312125, 0.005786785233357806, 0.005106238044212404, 0.9733822677912173], [0.08461974513083283, 0.027488937445091805, 0.8032194330305218, 0.08467188429355353], [0.013903838135209881, 0.005116587682927632, 0.005796530020188054, 0.9751830440616744], [0.0740791868207164, 0.021235585527018843, 0.7031762107976866, 0.20150901675457825], [0.09502998950939251, 0.6197982568373976, 0.08388549276091595, 0.20128626079229386], [0.06777604277076292, 0.5008742473974609, 0.041116530353306646, 0.3902331793784695], [0.0281648524077384, 0.02816924079970955, 0.01036231219664901, 0.933303594495903], [0.10140232006208749, 0.16724003605660576, 0.6616169706530096, 0.06974067312829708], [0.022397309971320632, 0.00933960268865662, 0.015394885737248154, 0.9528682015027746], [0.1013395364577536, 0.04790013423566686, 0.6612409032364123, 0.18951942597016724], [0.11211652558181266, 0.3048906990183884, 0.34548641019927107, 0.23750636510052783], [0.07416334139710547, 0.3324435378511183, 0.044994730535552314, 0.5483983901162239], [0.017486556688920626, 0.019818860520281627, 0.007290951471269687, 0.9554036312195281], [0.05647354993207398, 0.11959824110848599, 0.6883475100564678, 0.13558069880297224], [0.01979225303804396, 0.010596621786748308, 0.01541488567624146, 0.9541962393989663], [0.06941867670779642, 0.054088011781588605, 0.7466619665670428, 0.12983134484357223], [0.04192943344222953, 0.5790238681837585, 0.16590730219427008, 0.2131393960797419], [0.042281504243688664, 0.583928578468187, 0.13029207142303245, 0.24349784576509192], [0.8768427444686692, 0.043665323011454156, 0.030003909447322532, 0.049488022972554106], [0.896925467658838, 0.027092744217376515, 0.018616332120783993, 0.05736545590300156], [0.8700100726501807, 0.04332963799031123, 0.0433219936951891, 0.04333829556431895], [0.8654622322684254, 0.043108505915767564, 0.020355355670146662, 0.07107390604566029], [0.8714112752174873, 0.023230037021195714, 0.03379083095997886, 0.07156785670133815], [0.8721686974411008, 0.026347828292447164, 0.029848336586559696, 0.07163513757989236]], "ideal": "D", "sampled": "D", "correct": true}}
{"type": "result", "data": {"idx": 7, "options": ["a secure lover", "an avoidant lover", "an anxious-ambivalent lover", "a passionate lover"], "probs": [[0.029410098786036624, 0.1917977130277776, 0.7585746433225548, 0.020217544763631013], [0.028424934847065902, 0.12736926062723397, 0.013426988997013074, 0.830778815428687], [0.025262827074667673, 0.3078721764262902, 0.6515369420699577, 0.015328054329084434], [0.03066774248887028, 0.2567778650928703, 0.014487907235349663, 0.6980664850829097], [0.027426791005250507, 0.018855290871850984, 0.04521913546134309, 0.9084987825615554], [0.029462547750339005, 0.020256912182801994, 0.2795328476780305, 0.6707476922888285], [0.1536664679077009, 0.026730905738123367, 0.7807368547906212, 0.03886577146355463], [0.09139839613962492, 0.023115448812367566, 0.017995966309391456, 0.867490188638616], [0.15532952010172413, 0.788986016054042, 0.021025765114876322, 0.03465869862935753], [0.1837174955703306, 0.7267450351125696, 0.021945797745467815, 0.06759167147163192], [0.09117970226309928, 0.023062515040998637, 0.02034330819941554, 0.8654144743964866], [0.12076224928098989, 0.026962989486540724, 0.7876165972448248, 0.06465816388764459], [0.15954962920975385, 0.013116070520026871, 0.8105107228289068, 0.01682357734131249], [0.11605061707701848, 0.013867439883015567, 0.012233941153732877, 0.8578480017862331], [0.15958014154810427, 0.8104983145220219, 0.013101921728802108, 0.01681962210107172], [0.15751162148955306, 0.8000602549946755, 0.01141224598820627, 0.03101587742756523], [0.09240626912894429, 0.01820471769277765, 0.012508034274449976, 0.8768809788038281], [0.14020623657026568, 0.02152099334012624, 0.8069826589178579, 0.03129011107175013], [0.027506311053582817, 0.021423886035592407, 0.04001481540131325, 0.9110549874095115], [0.024000098285648974, 0.01649980819807372, 0.2579826443253487, 0.7015174490909286], [0.042069248965260805, 0.2742711257646984, 0.0255136606261127, 0.658145964543928], [0.03555842953903411, 0.20464708442626944, 0.7141365594408883, 0.04565792649380812], [0.019035314074293926, 0.630413618219013, 0.013086124870433013, 0.33746494273626004], [0.017270853097840613, 0.6481507774483173, 0.3061035459143953, 0.028474823439446836]], "ideal": "C", "sampled": "C", "correct": true}}
{"type": "result", "data": {"idx": 8, "options": ["Bruce likely participated in more female-typical play than Chuck.", "Bruce likely participated in more male-typical play than Chuck.", "Bruce and Chuck likely participated in more male-typical play than female-typical play.", "Bruce's father was more likely to have homosexual tendencies than Chuck's father."], "probs": [[0.9520549826418084, 0.025384087254832433, 0.010577124601534602, 0.01198380540182449], [0.9521978744857935, 0.019779686398531674, 0.010579610518266556, 0.017442828497408226], [0.881708955365246, 0.01426509352720227, 0.09292524914410599, 0.01110070186344579], [0.8828474356454891, 0.014285322463517807, 0.009808336859038765, 0.09305890493195433], [0.9182548870071875, 0.01311327015823418, 0.05180882149560493, 0.016823021238973387], [0.8916203445170314, 0.012729510758509175, 0.012716531847013931, 0.08293361277744545], [0.6336860213501333, 0.33918768985426045, 0.016884530370295817, 0.010241758325310438], [0.6280376267696395, 0.33626207455415047, 0.016735205300451656, 0.01896509327575834], [0.5992104884875489, 0.023256538411889797, 0.3634395290662869, 0.014093443934274337], [0.600159262442433, 0.023288705797306405, 0.012454624074370962, 0.36409740758588965], [0.44771048088580706, 0.019700074419643845, 0.5073224863847222, 0.025266958209826905], [0.6830736168995549, 0.016084981541348204, 0.016062696855532185, 0.2847787046035647], [0.09107740595715726, 0.7627005292819151, 0.10319690083114705, 0.04302516382978057], [0.06385573760296959, 0.6866142375514822, 0.026619027745330107, 0.2229109970002181], [0.11264146611057056, 0.6484508034284859, 0.21042507217038822, 0.028482658190555277], [0.06035269232609136, 0.34733738391961333, 0.019591977197461856, 0.5727179464568335], [0.0762740863191479, 0.01703222563500024, 0.7236684368386892, 0.1830252511071627], [0.07642576363333714, 0.015067648271087723, 0.8218653096040961, 0.08664127839147905], [0.024283972358777786, 0.9114004048211054, 0.040031650361339044, 0.024283972358777786], [0.018546001811091433, 0.8936681067267079, 0.014440566165413516, 0.07334532519678712], [0.033770861453723655, 0.41160006467159993, 0.5283196331783474, 0.02630944059632895], [0.023462048715806406, 0.5339937418423593, 0.026580990397881237, 0.41596321894395305], [0.04986344184482202, 0.1356298749082157, 0.7802223417086317, 0.03428434143833063], [0.04493742469202194, 0.17785236370165103, 0.7030801228705312, 0.0741300886357958]], "ideal": "A", "sampled": "A", "correct": true}}
{"type": "result", "data": {"idx": 9, "options": ["inherently evil", "God's afterthought and has become an aberration", "a gift from God", "primarily a biological function"], "probs": [[0.015574332325093187, 0.012134330345966933, 0.9639492629994608, 0.008342074229479093], [0.01078154432989019, 0.010782525012567556, 0.007410040172817776, 0.9710258903847244], [0.013875215014811322, 0.9729104485066109, 0.007428789383930172, 0.005785546994647555], [0.01994178689643363, 0.9612130212184109, 0.009422595892577735, 0.009422595892577735], [0.012189668614207916, 0.012191005993221909, 0.00652465963343149, 0.9690946656591387], [0.01761718488809732, 0.010691806074894356, 0.9622533862505657, 0.009437622686442663], [0.019803794818205368, 0.013617328861368518, 0.9545616257241072, 0.012017250496318962], [0.015612277201505287, 0.009472255960813298, 0.008358319722274384, 0.9665571470154071], [0.028711996354666685, 0.9510895405177195, 0.011970586817144576, 0.00822787621046918], [0.028826136887651062, 0.9548884260185062, 0.01060694601263183, 0.005678490981210862], [0.01761272737357912, 0.01372132451482863, 0.006480027926884816, 0.9621859200847074], [0.017545123926024673, 0.01755445950418985, 0.9584410289819244, 0.006459387487861005], [0.9676068061179762, 0.008377158799952938, 0.008372111031166526, 0.015643923950904283], [0.9634172123259533, 0.01070849242386673, 0.012127632596404314, 0.013746662553775596], [0.9623799865342539, 0.015562526793176146, 0.00832759863616921, 0.013729887936400656], [0.9687998031101708, 0.012203719705038486, 0.009497778468999421, 0.009498698615791315], [0.9656994917440007, 0.013782764673807683, 0.008357082990888484, 0.012160660491303103], [0.9622423177287658, 0.017631596182425664, 0.009434403973695491, 0.010691682015113101], [0.013846911826688102, 0.008400478970888976, 0.006540144512849962, 0.971212464589573], [0.017638640532135597, 0.00833748195504933, 0.9633194412397461, 0.010704436173068956], [0.015612298038805645, 0.012162192995275116, 0.005744457372697229, 0.966481051493222], [0.019913459111239054, 0.013694057182321655, 0.9599223095712054, 0.0064701740352338995], [0.025428968842117424, 0.9546105647337119, 0.009356551593577591, 0.010603914730593059], [0.022648181862988587, 0.9632904170850071, 0.008333466736709334, 0.005727934215294989]], "ideal": "C", "sampled": "C", "correct": true}}
{"type": "result", "data": {"idx": 10, "options": ["birth", "about age 1", "between the ages of 3 and 6", "puberty"], "probs": [[0.01255646825650139, 0.09280146690287398, 0.880405142104188, 0.014236922636436633], [0.017037351894787698, 0.0463123229297083, 0.006267691722467217, 0.9303826333530368], [0.02100539899904829, 0.8932876167101736, 0.06469738492739592, 0.021009599263382146], [0.031013745305633927, 0.9064644478006143, 0.027369534366540053, 0.035152272427211716], [0.018328375421215595, 0.005253963439399694, 0.09306374585342188, 0.8833539151859628], [0.012142548296784315, 0.007372344353613626, 0.9648849335678844, 0.015600173681717679], [0.07807409046582246, 0.0536825025537665, 0.8395062715447357, 0.028737135335675363], [0.06381916509696428, 0.04386754509210046, 0.011088920268819582, 0.8812243694421157], [0.04989857020124451, 0.8845286727979318, 0.03885661857500258, 0.02671613832582107], [0.06372254908222832, 0.8796140304926142, 0.026559370756491167, 0.030104049568666254], [0.05765447995900366, 0.01286978605391357, 0.02723405060185114, 0.9022416832852316], [0.032160024805878935, 0.010448012687638042, 0.940167766081489, 0.01722419632499399], [0.9028921823368956, 0.04497163792590691, 0.030893080278672134, 0.021243099358525343], [0.8037514875713774, 0.123290930811604, 0.014719069510625536, 0.05823851200639312], [0.8447385655777383, 0.06121175467639693, 0.07857292545832302, 0.01547675418754178], [0.860568985435609, 0.08007037311358695, 0.02598520131072135, 0.03337544004008265], [0.8293437299096957, 0.036456532501087754, 0.08739858054688852, 0.04680115694232798], [0.8681833355072694, 0.05551953737540249, 0.03814261235767889, 0.03815451465964921], [0.010502806374553546, 0.015285209039317734, 0.028549589747055456, 0.9456623947390732], [0.008199196025776938, 0.028630284993443705, 0.947845831946583, 0.01532468693419631], [0.02429438999765138, 0.13979731837261436, 0.03119299636005292, 0.8047152951696813], [0.010942197601298675, 0.10382403481148321, 0.8693079960685997, 0.01592577141861845], [0.008354465400887783, 0.965713361394384, 0.0121548672539464, 0.013777305850781796], [0.009370725042435735, 0.9557872439985997, 0.02546954561696789, 0.009372485241996666]], "ideal": "C", "sampled": "C", "correct": true}}
{"type": "result", "data": {"idx": 11, "options": ["intimacy", "commitment", "decision", "passion"], "probs": [[0.0733708835579363, 0.7892492647946174, 0.10677995104854276, 0.030599900498903522], [0.09492010973384757, 0.5463876162594151, 0.0272008547279847, 0.3314914191787526], [0.0561343024502037, 0.19600918608560525, 0.6841976988946965, 0.06365881246949447], [0.05983138868687527, 0.09865145319105584, 0.015130768640015484, 0.8263863893820534], [0.08644984919308936, 0.028078541993627727, 0.4977040438662179, 0.387767564847065], [0.09446600078591778, 0.030672833320411416, 0.08337740599275326, 0.7914837598009176], [0.7428011644439776, 0.07829621170920263, 0.14626621708153836, 0.03263640666528144], [0.5132242816841006, 0.06945243179586785, 0.017561567193160068, 0.3997617192268714], [0.6917832183839062, 0.22460318095509962, 0.05678857608516768, 0.026825024475826426], [0.6410168360947042, 0.23581692398352916, 0.024856574645711525, 0.09830966517605517], [0.39513043669190845, 0.02862924603354497, 0.12828860044002824, 0.44795171673451833], [0.5717357460404181, 0.03226457944485412, 0.21032983297610097, 0.18566984143862683], [0.07013483671829084, 0.03755468650950832, 0.8547407474413654, 0.03756972923083539], [0.08807992230257215, 0.06054042307306234, 0.015308099868611251, 0.8360715546557542], [0.06372177345037616, 0.8799280767036706, 0.0437977035641633, 0.012552446181789977], [0.07905979815907917, 0.8503252451231557, 0.022653757426489316, 0.04796119919127584], [0.07880984521257482, 0.025589553974122638, 0.047803972787608236, 0.8477966279256943], [0.05380625018237984, 0.015425712330860805, 0.8419991895402897, 0.08876884784646961], [0.037434699059814336, 0.13072527310647936, 0.6638777529886677, 0.1679622747450386], [0.06797118484294196, 0.20939663050464932, 0.07703889905636013, 0.6455932854960486], [0.0396475344856669, 0.6204653977727312, 0.20140224693191666, 0.13848482070968515], [0.0432884139146776, 0.767596014895227, 0.11770460885001055, 0.07141096224008486], [0.045173555585017816, 0.10835851125783667, 0.04517675933493674, 0.8012911737222087], [0.046230732701108126, 0.18293197178602805, 0.563470176350302, 0.20736711906256175]], "ideal": "B", "sampled": "B", "correct": true}}
{"type": "result", "data": {"idx": 12, "options": ["Orthodox Jews", "Fundamentalist Protestants", "Eastern Orthodox Christians", "all of the above"], "probs": [[0.025104927278475273, 0.39273676803387697, 0.010468767028187923, 0.5716895375594598], [0.019228583486371378, 0.7217325078977502, 0.23433493424597887, 0.024703974269899558], [0.016646805557655745, 0.014697653431100242, 0.7081081811234712, 0.2605473597877728], [0.04196952637149107, 0.025461220602639077, 0.08884949153802423, 0.8437197613878457], [0.01993231188646978, 0.1892131471654153, 0.7486149887502275, 0.042239552097887496], [0.019924190865363456, 0.1146476664436998, 0.017587275387646966, 0.8478408672032898], [0.7169257254811513, 0.010235186455516986, 0.009024763294017111, 0.26381432466931454], [0.789900199030531, 0.012779548114297646, 0.17626472000039664, 0.02105553275477469], [0.7065118339990826, 0.018835929590489492, 0.014660598271793394, 0.2599916380386345], [0.7327529682587226, 0.02508640084744173, 0.20995634709886563, 0.03220428369496997], [0.8626037093002222, 0.07081368189115321, 0.017902770080261705, 0.04867983862836287], [0.8545402296383883, 0.07949185188193374, 0.01773874587029219, 0.04822917250938578], [0.01569740180482548, 0.010793416371276184, 0.7566768906817813, 0.21683229104211696], [0.036995351659584036, 0.019809637271360033, 0.10057239060579505, 0.8426226203632609], [0.030518260873277223, 0.4774515490392128, 0.01442003298324798, 0.477610157004262], [0.024556166793588834, 0.7177990439199612, 0.23307634569806632, 0.024568443488383603], [0.020196431511656676, 0.1025518534165805, 0.017826062690140403, 0.8594256522816224], [0.022911710421396295, 0.16934874360665755, 0.7591891825356153, 0.048550363336330796], [0.31760588425745484, 0.10316639215215011, 0.4623120609376596, 0.11691566255273546], [0.18687629384562468, 0.01970925707660346, 0.05355386718202391, 0.739860581795748], [0.6397436355866549, 0.30225390643217437, 0.02189520033818877, 0.03610725754298189], [0.5765060384394525, 0.3497702961121197, 0.03685815022424666, 0.03686551512418113], [0.1746200941744555, 0.018415246397104235, 0.02363617562536946, 0.7833284837030708], [0.39924295239788454, 0.18865165815298446, 0.31109617316205357, 0.10100921618707745]], "ideal": "D", "sampled": "B", "correct": false}}
{"type": "result", "data": {"idx": 13, "options": ["legalism", "asceticism", "situationism", "hedonism"], "probs": [[0.0058760900722643105, 0.9881107071717999, 0.003563683859686511, 0.0024495187962491876], [0.006667839126655919, 0.9895105105877304, 0.001910726605441162, 0.001910923580172461], [0.005178417813163963, 0.005870417995979518, 0.986504009823942, 0.002447154266914436], [0.009619546498160866, 0.006613004279356556, 0.0024324861372851127, 0.9813349629851974], [0.003575530305356555, 0.0035778246183289877, 0.991156376716264, 0.0016902682600504878], [0.007505463653011385, 0.00455399308152894, 0.004551794229003191, 0.9833887489364564], [0.989810199525544, 0.0024560886267714654, 0.004583730504906547, 0.0031499812427779146], [0.9912714504248188, 0.0031585759004752866, 0.0027848340504485264, 0.002785139524257379], [0.9900158752411236, 0.004050554973909911, 0.0027819362962191478, 0.0031516333887474], [0.9870401425366896, 0.005184345928569869, 0.0019063561557314146, 0.005869155279009091], [0.989931980807581, 0.0019134723884539895, 0.004584294462370221, 0.0035702522415947697], [0.98968246104601, 0.0016888778765656496, 0.004583138812531788, 0.0040455221648926145], [0.008507643722451413, 0.005163899094159568, 0.9831967829846515, 0.003131674098737515], [0.013915171728720258, 0.00745103595046385, 0.002740720263718846, 0.9758930719570971], [0.010902986008047538, 0.9815448592431658, 0.0035400034646083803, 0.004012151184178302], [0.010909239939921418, 0.9821078099483336, 0.002434888686572009, 0.004548061325173003], [0.009614004148057527, 0.0027571950110993966, 0.006607601643044477, 0.9810211990977986], [0.0058791229966714525, 0.00191073464810839, 0.9886418376441148, 0.003568304611105323], [0.002456535316070792, 0.004051395550356249, 0.990707893943882, 0.002784175089690936], [0.004570050721377908, 0.003142665813777565, 0.005177941679754439, 0.9871093416850901], [0.0031544729316390556, 0.9909078535500692, 0.0027835255182331016, 0.003154147900058655], [0.002781626326433726, 0.9900210584061147, 0.004045989864497419, 0.0031513253029541934], [0.004027712740401386, 0.004565167372142903, 0.00585835676731544, 0.9855487630201403], [0.0024544528391958103, 0.004047569611888198, 0.9899264014802385, 0.0035715759686775067]], "ideal": "B", "sampled": "B", "correct": true}}
{"type": "result", "data": {"idx": 14, "options": ["are homologous", "produce gametes", "produce sex hormones", "all of the above"], "probs": [[0.013848315240474317, 0.005097057638534793, 0.009520768998310043, 0.9715338580226808], [0.12921172978771664, 0.025471933290680784, 0.6570642733077444, 0.18825206351385815], [0.03183920050651845, 0.015045091220607617, 0.021886371163218912, 0.931229337009655], [0.08578655218726709, 0.04055823430637261, 0.8146339149103838, 0.059021298495976454], [0.3257027316617515, 0.13582703672223564, 0.06416015421941254, 0.4743100772966003], [0.22030056341399246, 0.11798332324872218, 0.24973967109133605, 0.41197644214594925], [0.008451257882663729, 0.006584045982071517, 0.0074601388049217645, 0.977504557230343], [0.042694168115123804, 0.04273688229177223, 0.6685173211986079, 0.2460516282944961], [0.010824556204314845, 0.006567619584333624, 0.007441526567043778, 0.9751662975443077], [0.05088047253337789, 0.057684964781242, 0.7963163166853603, 0.09511824590001983], [0.022597869813794115, 0.16700135138636982, 0.06144129845362175, 0.7489594802462143], [0.030575089853699423, 0.1994412708359766, 0.15531331110887356, 0.6146703281014504], [0.05107333339366693, 0.018795942255601175, 0.02412865043503958, 0.9060020738156923], [0.10284757553577467, 0.03342580905989089, 0.7607678771147611, 0.1029587381895733], [0.017528702339126616, 0.015471589495896788, 0.009383992701806182, 0.9576157153631704], [0.1139611271640366, 0.10062730686207069, 0.6561724191312127, 0.12923914674268003], [0.20398309947113907, 0.23124228355076734, 0.07507337870696168, 0.48970123817113187], [0.12656635610535288, 0.1625381780642831, 0.0677508891045749, 0.643144576625789], [0.1690692865800438, 0.19167370887466356, 0.04846836205992645, 0.5907886423853662], [0.1251139771051168, 0.09750589582085241, 0.34029605474204205, 0.4370840722319887], [0.08972317934789002, 0.04806051861398514, 0.27651391762627175, 0.5857023843118531], [0.07003934915540382, 0.021375783502341247, 0.05457181293398669, 0.8540130543082682], [0.1790555971118922, 0.23002686975246361, 0.2954231676416117, 0.2954943653940325], [0.10833918181089404, 0.04518652656386589, 0.045182417568713024, 0.801291873956527]], "ideal": "D", "sampled": "D", "correct": true}}
{"type": "result", "data": {"idx": 15, "options": ["the cortical activity of these two groups", "the overall brain weights of these two groups", "the cell structure in the hypothalamus of these two groups", "blood volume and metabolism of sugars in the brains of these two groups"], "probs": [[0.003548987562088044, 0.002765308693000597, 0.9840358826943121, 0.009649820950599264], [0.00585225759520979, 0.0045594100851343, 0.005165152041950526, 0.9844231801777054], [0.003562523547013206, 0.9877889783977177, 0.002775213988237229, 0.005873283967031835], [0.0031474054466099173, 0.988885303604391, 0.002778097177797975, 0.005189193671201155], [0.005171966047636468, 0.0058627493915026615, 0.0031378814978218752, 0.985827402963039], [0.0035537846633408358, 0.003555258015644811, 0.9853659807604908, 0.0075249764605235915], [0.0031351962891941034, 0.002156094892706785, 0.9850494191704879, 0.009659289547611184], [0.005851087105081348, 0.004023056584751349, 0.005851675700896095, 0.9842741805092712], [0.004567780351751315, 0.9864276258438043, 0.0031397921191590374, 0.00586480158528537], [0.00585682251762425, 0.9851510796394615, 0.005857166641304239, 0.003134931101610016], [0.00403635003483936, 0.004575132760459308, 0.0035624479016002535, 0.987826069203101], [0.005168574223972909, 0.006639832541641629, 0.9850549064414388, 0.0031366866929466736], [0.9761767180148404, 0.004524170980095986, 0.0035215541150837443, 0.015777556789979816], [0.9783339642954172, 0.0035319796812249686, 0.005818009461284564, 0.012316046462073276], [0.9728859211266624, 0.0035117287886463327, 0.005785352747475265, 0.017816997237216033], [0.9805457522539622, 0.004010200472076335, 0.00961417325480039, 0.005829873919161006], [0.9727457737752445, 0.013881595690288025, 0.002567035995507048, 0.01080559443896041], [0.9707596371128714, 0.022835986851273946, 0.00290306426788404, 0.0035013116679705816], [0.005185586044020285, 0.0035660304881113525, 0.0027767948926183655, 0.98847158847525], [0.0031394115287404537, 0.0019051695986235188, 0.9864188590065169, 0.008536559766119048], [0.005183995205018113, 0.003145792968572133, 0.003563668790594138, 0.9881065429358156], [0.006629210696076354, 0.0035505151366692664, 0.9839674342258973, 0.005852839841357111], [0.007520936376215352, 0.9851537277042558, 0.0021554198894676887, 0.005169915930061149], [0.013953948874020619, 0.9785184658214594, 0.003529088695914915, 0.003998496508604996]], "ideal": "C", "sampled": "C", "correct": true}}
{"type": "result", "data": {"idx": 16, "options": ["sociobiology", "psychoanalytic theory", "script theory", "social learning theory"], "probs": [[0.008456062215493016, 0.003996358546692151, 0.009581973548929257, 0.9779656055888856], [0.005836432982123273, 0.0027589885110374103, 0.9817770839130265, 0.009627494493812828], [0.008394588736988378, 0.017778074412588774, 0.003089102225530279, 0.9707382345248926], [0.0031326283716102557, 0.006634284915232739, 0.9843778176069737, 0.005855269006183217], [0.005153635789830119, 0.9823334737564723, 0.004014572341367194, 0.008498318012330334], [0.004011801636505608, 0.981877856159106, 0.007495032113099362, 0.006615309991288983], [0.007493231289688696, 0.004013064483320779, 0.0066131179161124575, 0.981880586210878], [0.005158330103500939, 0.003130613282666551, 0.9832018504384235, 0.008509206075409012], [0.00843849002772302, 0.012282034364756174, 0.0035183469588774973, 0.9757611285486433], [0.003552584692685575, 0.008525740022564239, 0.98515273097274, 0.0027689442120101067], [0.004563697531501576, 0.9856582702326068, 0.0031371341918346655, 0.006640897944057038], [0.0040326639771584225, 0.9869577177877514, 0.005867858594572444, 0.003141759540517667], [0.017807361944296538, 0.005785075734246839, 0.0035075055072800415, 0.9729000567141766], [0.007493854874335628, 0.0021489538051096646, 0.9818603858269823, 0.008496805393572369], [0.017785776686341008, 0.006546654375819659, 0.003969507820024538, 0.9716980610178148], [0.008519746275030068, 0.0027685758837018085, 0.9851571219577372, 0.0035545557835309012], [0.006634126247582702, 0.9847448907438838, 0.0027659457479309335, 0.005855037160602495], [0.006646693951222887, 0.9866540828410982, 0.0035584302651882407, 0.0031407928424906453], [0.9713312224667545, 0.005779018883381401, 0.005096759874464211, 0.01779299867539986], [0.9744190015873897, 0.0051165636234079175, 0.01389835585969741, 0.006566078829505007], [0.9724285207641736, 0.0057856894542475, 0.00397409342853373, 0.01781169625304518], [0.979441294926482, 0.004539153773457493, 0.010879114648252834, 0.005140436551807688], [0.9731103307912624, 0.015735612422220834, 0.0027336921619604366, 0.00842036452455633], [0.9779851551226086, 0.013956760300586278, 0.0035274001430262727, 0.004530684333778846]], "ideal": "D", "sampled": "D", "correct": true}}
