{"type": "result", "data": {"idx": 0, "options": ["includes two or more alternatives", "classifies subjects", "affirms the antecedent or denies the consequent", "leads to a valid conclusion"], "probs": [[0.701549233390754, 0.0576556500629116, 0.2279420603892594, 0.012853056057074968], [0.854505507899864, 0.04825743076585783, 0.017741308209283404, 0.07949575302499469], [0.7830669702131487, 0.17487381160687565, 0.023646573993306722, 0.018412644086668904], [0.8786755537502795, 0.08181353413796262, 0.023420139446892606, 0.016090772564865224], [0.8794240524764376, 0.030133050335427625, 0.01825537257712378, 0.07218752451101099], [0.8917506724693647, 0.023800165767260205, 0.07322199471442772, 0.011227166948947421], [0.04253423055081042, 0.8552006759682171, 0.07949404866593186, 0.022771044715040538], [0.03912679134757549, 0.8912756508537617, 0.03047783322683548, 0.03911972447182736], [0.061956161322224756, 0.1685984772947205, 0.7556059549751023, 0.013839406307952455], [0.06626517682919753, 0.2041480055252687, 0.016757487291595843, 0.7128293302539379], [0.04022186851804164, 0.02443103219289101, 0.91632929172469, 0.019017807464377298], [0.08074189180314001, 0.04900474517270597, 0.10369017768946807, 0.7665631852346859], [0.2467242964829709, 0.671270519222075, 0.048614682314242506, 0.033390501880711534], [0.17081276020781783, 0.7658738618438039, 0.033642349556081565, 0.029671028292296668], [0.07862485726601207, 0.061327230566158554, 0.8463740915507598, 0.013673820517069531], [0.1379731330764356, 0.050795418503905426, 0.01648431497330051, 0.7947471333463585], [0.13947204169643077, 0.040020832117990984, 0.8038399458272072, 0.016667180258371068], [0.18900844769725336, 0.037240848565787604, 0.025574891322853007, 0.748175812314106], [0.024412583964852005, 0.9165726352864272, 0.03135169855330598, 0.027663082095414813], [0.02450584473926075, 0.9202208565613788, 0.04040975254907913, 0.014863546050281349], [0.02761115588302935, 0.040238433781368016, 0.9153845582101654, 0.01676585202543721], [0.051558633818896034, 0.06624363811052639, 0.07503917477099444, 0.8071585531995832], [0.03912269758143005, 0.2553583125711162, 0.6942967285667498, 0.011222261180703956], [0.052252290875936844, 0.20672573944151063, 0.019225421646442736, 0.7217965479361098]], "ideal": "A", "sampled": "A", "correct": true}}
{"type": "result", "data": {"idx": 1, "options": ["Changing the meaning of a word or phrase from one part of the argument to another.", "Confusing figurative language with literal language.", "Reasoning that ideas presented in an appealing manner are correct, regardless of the content of the message.", "Using emotionally charged language to create an impression about the subject of a claim, without making an argument that the language fits the subject."], "probs": [[0.005130062201570066, 0.004529901187509829, 0.9780302965585849, 0.012309739952335183], [0.022306370730116522, 0.011950879887198198, 0.12834836111001455, 0.8373943881726708], [0.006469494772707253, 0.9606181450378, 0.007331996286869935, 0.025580363802622876], [0.008246623787254603, 0.9536367511743828, 0.028775687829124954, 0.009340937109237566], [0.02452002033576989, 0.04581548534694871, 0.009021604214300963, 0.9206428900029804], [0.03187619226552389, 0.12617373770751933, 0.8226074774744618, 0.0193425924524949], [0.005799638548194333, 0.004520161057984388, 0.9757617074104964, 0.013918492883324899], [0.021068924388348346, 0.0087900671260282, 0.07352970313804653, 0.8966113052475769], [0.005775564712686903, 0.9719826593105343, 0.006546726395563299, 0.01569504948121551], [0.009103621278973217, 0.9293860118237639, 0.05240393013017047, 0.0091064366670924], [0.020620405940778165, 0.09241423875454481, 0.009743401906789687, 0.8772219532978873], [0.022403752262112123, 0.21271975177843253, 0.7424648944107436, 0.022411601448711717], [0.832057375996613, 0.02513592946787006, 0.015229613551632114, 0.12757708088388486], [0.8792741007702205, 0.01827201870344828, 0.09268869386370669, 0.009765186562624484], [0.9284411252803498, 0.015020464805331899, 0.010314048737118204, 0.04622436107720003], [0.7898857210214522, 0.021073424165993185, 0.17627545335772354, 0.012765401354831136], [0.8577792979168027, 0.11613109415866106, 0.012233487807673334, 0.013856120016862872], [0.8564179317650251, 0.11590356140865231, 0.01384035651479909, 0.013838150211523473], [0.2345135776190793, 0.028023853354063884, 0.014987315821315421, 0.7224752531055414], [0.2689859701488575, 0.060078494277194604, 0.6459046800629586, 0.025030855410989258], [0.3076898334955161, 0.025279629570080574, 0.015318975735578343, 0.651711561098825], [0.23057109901288442, 0.027570779360404446, 0.7106493220222394, 0.03120879950447169], [0.5383986043585864, 0.4195190519217686, 0.02365935696140307, 0.01842298665824193], [0.5028048753235599, 0.4438038765940321, 0.02836630865647848, 0.02502493932592959]], "ideal": "C", "sampled": "C", "correct": true}}
{"type": "result", "data": {"idx": 2, "options": ["significance", "snob appeal", "poisoning the well", "appeal to anonymous authority"], "probs": [[0.0027735893926140714, 0.004576513359977501, 0.9874662173107346, 0.005183679836673844], [0.004004889579023309, 0.006606530308254007, 0.00847835175334806, 0.9809102282593746], [0.005819625886810273, 0.9791239836462352, 0.008464348793283154, 0.006592041573671366], [0.0058225919893423505, 0.9798912473432434, 0.008466930186928108, 0.005819230380486131], [0.003552645837782844, 0.005860705821514688, 0.005169068949854341, 0.9854175792908482], [0.0040207894168251155, 0.006635173789982032, 0.9841786081230144, 0.005165428570178413], [0.0031313746228692207, 0.005853353327949645, 0.9843825538629384, 0.006632718086242774], [0.003538040110042049, 0.006611123461029562, 0.008484523127293126, 0.9813663132016353], [0.006540000213252192, 0.9712188100042736, 0.01384517979300976, 0.008396009889464482], [0.007377930254616577, 0.9666785340252011, 0.012162086229840897, 0.013781449390341453], [0.003129339093023737, 0.004554968687410702, 0.008502090090666667, 0.9838136020288989], [0.003132867673215916, 0.0035545304943721957, 0.9847893264618593, 0.008523275270552584], [0.9183650326431587, 0.02448393832209382, 0.01680863814420144, 0.04034239079054602], [0.9188008330219319, 0.027757102751446626, 0.04034096122982355, 0.01310110289679783], [0.9051162391325095, 0.0241397201156571, 0.03096117956646702, 0.03978286108536642], [0.898285975494148, 0.0239532267997243, 0.050644411736379194, 0.027116385869748474], [0.9516611366405655, 0.02239385356104271, 0.015374803384283015, 0.010570206314108706], [0.9402387149997813, 0.019521776602999905, 0.015187521477748428, 0.025051986819470348], [0.0024513076228290798, 0.004580472627525888, 0.0040401928404976, 0.9889280268091474], [0.0027741755194018477, 0.005186482388884084, 0.9880001056035194, 0.004039236388194671], [0.0024419359400386764, 0.005169578362942967, 0.006635545288162678, 0.9857529403088556], [0.0021607058249192065, 0.004039747577067896, 0.9879229509702074, 0.005876595527805416], [0.004540734725164166, 0.9813057945792197, 0.009612735870451904, 0.004540734725164166], [0.00512907629641827, 0.9779594367091602, 0.008456417724783926, 0.008455069169637617]], "ideal": "C", "sampled": "C", "correct": true}}
{"type": "result", "data": {"idx": 3, "options": ["a specific type of false cause fallacy that argues that since two event happened at the same time one event must have caused the other", "arguing that an event that preceded another event necessarily is the cause of the second event", "arguing that since something is new it is necessarily good", "drawing a conclusion based on a comparison when the items being compared are not similar enough to support the conclusion."], "probs": [[0.0027731542167474784, 0.00403857605060305, 0.00518357649204716, 0.9880046931406024], [0.0031401055296641904, 0.006653268602451209, 0.9870644482783908, 0.003142177489493838], [0.003551852703311037, 0.006639335857608954, 0.004027784389409653, 0.9857810269496703], [0.0035495017508916735, 0.006634518972930806, 0.9846498875801404, 0.005166091596037101], [0.003564581373009561, 0.9892502649027336, 0.004040026418813631, 0.003145127205443236], [0.0035600132277497157, 0.9876998316578259, 0.005180784632098021, 0.003559370382326337], [0.00244787047425473, 0.0040400026813765125, 0.005185134992935404, 0.9883269917514333], [0.0031447349077892346, 0.005188212104357705, 0.988519638099438, 0.00314741478841506], [0.0027758671308322266, 0.004579845478061331, 0.0040416997506960445, 0.9886025875404104], [0.003139357936074891, 0.005178405774958637, 0.9865047091168352, 0.005177527072131261], [0.0027801684283173867, 0.9900241293615983, 0.004046002564526791, 0.0031496995455575025], [0.003552483869973576, 0.9854214217983702, 0.005858254169063398, 0.005167840062592763], [0.002773153716477879, 0.005184571980694842, 0.004037748859202314, 0.9880045253436249], [0.004024656010308825, 0.005857651102234852, 0.9849483337690335, 0.005169359018422838], [0.0027794135305100366, 0.003572282911535302, 0.003571505257171453, 0.9900767982007832], [0.0040257732993257715, 0.004566621147543292, 0.9855462741980674, 0.0058613312550635545], [0.0027775782739785063, 0.989494311190751, 0.00458127021571709, 0.0031468402195533435], [0.002773007828116566, 0.9874742208874541, 0.005181789338597433, 0.0045709818458318854], [0.9927509084288535, 0.0035840979294645167, 0.0014937280592668184, 0.002171265482415131], [0.9913177830208983, 0.004054963927668524, 0.0021700217943788312, 0.002457231157054354], [0.9930525569079562, 0.002793568227809979, 0.0016927612264663174, 0.002461113537767489], [0.9886005018157931, 0.004582832610683475, 0.0027778109332307213, 0.0040388545402927235], [0.9914669930467052, 0.0035794624263406727, 0.0021696341743521453, 0.002783910252602064], [0.9893935396076596, 0.00458544616876063, 0.0024538782222719466, 0.0035671359013077974]], "ideal": "D", "sampled": "D", "correct": true}}
{"type": "result", "data": {"idx": 4, "options": ["arguing that something should be done because that's the way it's been done in the past.", "arguing that an act should be carried out because it will not have any significant consequences, when there is no evidence of the effects", "reasoning that a conclusion is true because it's been claimed so often", "reasoning that a claim is true because so many people believe it is true"], "probs": [[0.02120043932133376, 0.018733164830382926, 0.9023917869863385, 0.05767460876194478], [0.0350595908686735, 0.030964597059053474, 0.22870252173069763, 0.7052732902415754], [0.017456916472653627, 0.6554686790535318, 0.05377108412880933, 0.2733033202450053], [0.012016534409954573, 0.9561533758348747, 0.019815725226911822, 0.01201436442825893], [0.007361142525177362, 0.017671662423603934, 0.009455206327516225, 0.9655119886237025], [0.008189036868517699, 0.03673842709768686, 0.9468769844635838, 0.008195551470211641], [0.01801943305576418, 0.009656655925954655, 0.8685291217530728, 0.10379478916520828], [0.026238150579843016, 0.012403948134478883, 0.09160675838325387, 0.8697511428024243], [0.011567907708379739, 0.9197358727956643, 0.016836414551000867, 0.0518598048449551], [0.010612974290451927, 0.956298358250144, 0.02247419829630214, 0.0106144690631019], [0.008236467105582134, 0.03258173991332464, 0.006418272076347766, 0.9527635208047455], [0.015407211389642447, 0.12910630012019017, 0.8418787850267657, 0.013607703363401667], [0.5737601093004611, 0.0416001727122243, 0.03663661812286633, 0.34800309976444826], [0.7385300621763594, 0.03251274511294508, 0.21159241027318898, 0.01736478233750651], [0.5792879051639872, 0.05392210175854194, 0.015434137382868985, 0.35135585559460186], [0.6650451756983008, 0.07016246490706023, 0.24470973545305022, 0.0200826238415888], [0.92879436747467, 0.04627220250280547, 0.013245993058107657, 0.011687436864416832], [0.8914363773556356, 0.07320446095685418, 0.02096054608271927, 0.014398615504790926], [0.006586534417730917, 0.006592147498871881, 0.008459893030777524, 0.9783614249526197], [0.004559971574311288, 0.005171945990844019, 0.9850961363440006, 0.005171945990844019], [0.006609294417289684, 0.007496749413223949, 0.004013541814194269, 0.981880414255292], [0.00514787604423956, 0.00749591361400286, 0.981519158712848, 0.005837051528909611], [0.01077408895400799, 0.9702142657099766, 0.009508099236223483, 0.009503545999791958], [0.01374280530364319, 0.9641698490143147, 0.013750810021081751, 0.008336535560960364]], "ideal": "C", "sampled": "C", "correct": true}}
{"type": "result", "data": {"idx": 5, "options": ["false criteria", "hasty generalization", "ad crumenam", "division"], "probs": [[0.0734075682694506, 0.005318375786806698, 0.026986705224547342, 0.8942873506191954], [0.21161633274527472, 0.008207640434003417, 0.6518242218886072, 0.12835180483211467], [0.14432268905080473, 0.011845256140924394, 0.013415493125453107, 0.8304165615828177], [0.18235664967943171, 0.010289135895873807, 0.7212345359362554, 0.08611967838843905], [0.6145933877333954, 0.19950117205975676, 0.009931264462690957, 0.17597417564415677], [0.5704776899159649, 0.23777700531088294, 0.02838470168357519, 0.16336060298957697], [0.10386958571966869, 0.008524934321297863, 0.01803857192066925, 0.8695669079383642], [0.20174128585469994, 0.010045520412537928, 0.7041462928004478, 0.08406690083231434], [0.11553016120901545, 0.010744557544764907, 0.020066439785730007, 0.8536588413604896], [0.18233884847933798, 0.010286852795039825, 0.7212656137812091, 0.08610868484441303], [0.5781866462222708, 0.2409086289997904, 0.015396569324145789, 0.16550815535379299], [0.5769647622166515, 0.24044032494247217, 0.01740848731138237, 0.165186425429494], [0.12953341796356552, 0.012046985607576836, 0.013643965318039993, 0.8447756310108177], [0.18182581153360536, 0.01317141834881901, 0.7191350251739984, 0.08586774484357725], [0.09190468163951664, 0.009685318573301602, 0.026312001978344, 0.8720979977088378], [0.1943234924772808, 0.009677609301613965, 0.6781659633227242, 0.11783293479838101], [0.4683699834206591, 0.28408075751894757, 0.026413766081146598, 0.22113549287924672], [0.505471734585268, 0.27048571426430684, 0.013461966818452386, 0.21058058423197282], [0.946614316135845, 0.010515934688701772, 0.01050504566526187, 0.032364703410191306], [0.8992654723598816, 0.021148697102363376, 0.04473926224038457, 0.03484656819737039], [0.946226587925231, 0.011913256607566269, 0.0196199918181574, 0.02224016354904542], [0.92329707273187, 0.011622594235323615, 0.01914454738810889, 0.04593578554469744], [0.8891162175859972, 0.023690594367167275, 0.056789494327814084, 0.030403693619021368], [0.9489445450690767, 0.009306186925823972, 0.009295931202531162, 0.03245333670256818]], "ideal": "D", "sampled": "D", "correct": true}}
{"type": "result", "data": {"idx": 6, "options": ["responding to an argument with an expression of derision instead of a counter argument", "attempts to gain agreement based solely the feelings aroused by the message", "characterizing an opponent's position in such way to make it or its consequences appear to be ridiculous", "arguing actions should be taken to avoid negative results, when those results are exaggerated, unlikely, or irrelevant"], "probs": [[0.4593336058401975, 0.07053331396681525, 0.4593336058401975, 0.010799474252789727], [0.2862110797154655, 0.06386232597125521, 0.04383758840857557, 0.6060890058047037], [0.5977829744255732, 0.36266312303489767, 0.03369607804310193, 0.005857824396427199], [0.5997988220756623, 0.3637120802900917, 0.02983157157214404, 0.0066575259621019746], [0.26035264978279515, 0.07461445911407091, 0.039885659223216866, 0.625147231779917], [0.5126635980031613, 0.07868151292645978, 0.3992628119555315, 0.009392077014847438], [0.016628717754180563, 0.9087153536854142, 0.06575521728103619, 0.00890071117936905], [0.020750742712788088, 0.6875926357951504, 0.03876048756391362, 0.2528961338281479], [0.020540413247337665, 0.6010701921510689, 0.36426172635466403, 0.01412766814692936], [0.018275044175829706, 0.47141609815204344, 0.0386808351135005, 0.47162802245862634], [0.028176908837435923, 0.036212469771771935, 0.7271675344863026, 0.20844308680448964], [0.028141840555711423, 0.03191588362951606, 0.4991327393527043, 0.44080953636206816], [0.3864066267071233, 0.562690236620576, 0.035924221033799275, 0.014978915538501447], [0.3332826352056235, 0.6228074760027068, 0.030992927561511743, 0.012916961130157896], [0.15041345477234272, 0.07112746701764078, 0.7644649965980935, 0.013994081511922898], [0.35248481527329695, 0.037160791302101, 0.02890923689963423, 0.5814451564249679], [0.1001316944923026, 0.04736713901379132, 0.838940949057326, 0.013560217336580102], [0.3209295719108189, 0.049238269713520626, 0.02983925538587688, 0.5999929028897836], [0.026288255999510506, 0.5284302446299243, 0.03373962022800637, 0.4115418790425588], [0.02150444391776276, 0.8081131870203128, 0.15886700728792238, 0.011515361674002049], [0.027409694397731544, 0.0352306641794999, 0.7076268498551606, 0.22973279146760797], [0.02393770829954623, 0.02715099104559838, 0.6179537314591345, 0.3309575690957209], [0.022395167122112893, 0.5102319035316258, 0.4499232097091825, 0.017449719537078773], [0.020658210510704617, 0.4703772970518023, 0.0385871952856908, 0.4703772970518023]], "ideal": "A", "sampled": "A", "correct": true}}
{"type": "result", "data": {"idx": 7, "options": ["Appeal to ignorance", "Double negative", "Equivocation", "Burden of proof"], "probs": [[0.9516018189385113, 0.011981675598200615, 0.0038858878599081796, 0.03253061750337995], [0.9643931617936378, 0.009459398326942533, 0.022670765476051766, 0.003476674303367936], [0.9588951233143843, 0.006467623413767938, 0.005699068522267362, 0.028938184649580406], [0.9668156303801356, 0.006518614744878483, 0.022717964832811736, 0.003947789942174094], [0.9766965678529239, 0.015792027325974102, 0.00399037595060825, 0.0035210287704937654], [0.9725690993571156, 0.020198233870709438, 0.0027312213035135847, 0.004501445368661449], [0.01076270980830399, 0.9696539002746335, 0.0057617266231472855, 0.013821663193915222], [0.009548234187682993, 0.9742122907498053, 0.012258651871475712, 0.003980823091035985], [0.013777335756821043, 0.002551544099879718, 0.9659786036687953, 0.017692516374503985], [0.015040099464925712, 0.002170668623587717, 0.0524491262079162, 0.9303401056035704], [0.004578080720394768, 0.003567780414429688, 0.9887055834069157, 0.003148555358259777], [0.009547026358004907, 0.013893510886440762, 0.0029122383809869145, 0.9736472242745674], [0.005769542207414056, 0.970884246763544, 0.009510647925301062, 0.013835563003740888], [0.005126073614440398, 0.9774573084981519, 0.012290544172967282, 0.005126073614440398], [0.012142737004693371, 0.007368257497440982, 0.9648974226856919, 0.015591582712173707], [0.007384567061423155, 0.0057566223899984505, 0.020055142511082747, 0.9668036679374956], [0.0035621620630580677, 0.005184974839260369, 0.9876887516765304, 0.003564111321151174], [0.00654101128817627, 0.017780312993298925, 0.005093165594540437, 0.9705855100239844], [0.012268913091662276, 0.9747865002164604, 0.008431105603590198, 0.00451348098828716], [0.012301271232563768, 0.9780438250484425, 0.004525384540776231, 0.00512951907821755], [0.00587009833461176, 0.003563149602030683, 0.9874222832871444, 0.003144468676213091], [0.009627907677186427, 0.00584398684223676, 0.0022880698421890106, 0.9822400355383878], [0.007523816915186525, 0.001680425451027336, 0.9856225141623642, 0.005173243371421868], [0.01780913354367976, 0.002267249804742691, 0.007422839110911975, 0.9725007774406655]], "ideal": "A", "sampled": "A", "correct": true}}
{"type": "result", "data": {"idx": 8, "options": ["ignoring another person's arguments and attacking her character instead", "asserting an opposing arguer has taken an easily defeated position, which she has not really taken", "causing confusion during an argument by a lack of ability to engage in refutation", "using threats of harm instead of reasoning to gain agreement"], "probs": [[0.9841686279713106, 0.009656908371841258, 0.0021537156694584176, 0.004020747887389791], [0.9854636803957515, 0.008538335160368192, 0.0035555492965049494, 0.0024424350473753035], [0.979764891263942, 0.012342137622697917, 0.00514133436108868, 0.0027516366522715033], [0.980830355981156, 0.010902795769467477, 0.005146244925677612, 0.003120603223698981], [0.9844727045211873, 0.008528004508786251, 0.004559579363283361, 0.0024397115067430505], [0.9810117502612289, 0.010908878698543935, 0.003538080748842111, 0.004541290191385057], [0.005835808022976288, 0.9817171929583288, 0.006611962496490284, 0.0058350364222046125], [0.006575339464196162, 0.9760131726546032, 0.010837943441137362, 0.0065735443400633375], [0.015467375567955239, 0.013663467173521779, 0.9572107843191944, 0.013658372839328553], [0.01991065368023611, 0.010662839548288188, 0.009403717528019037, 0.9600227891434566], [0.005120865470761512, 0.012290202672097695, 0.9760104599949351, 0.0065784717622057315], [0.012145301974437533, 0.01560034193873068, 0.006502015364124875, 0.9657523406227069], [0.009515177435418937, 0.9708566642074039, 0.01221773025406879, 0.007410428003108354], [0.009467931498638461, 0.9662179385881171, 0.012157064906622194, 0.012157064906622194], [0.012033629588581665, 0.019851657220275584, 0.9560759947558622, 0.01203871833528051], [0.015450868642926672, 0.019844397091306615, 0.008270254796851903, 0.9564344793689148], [0.005100041864863113, 0.015716760218283568, 0.9717591260407255, 0.007424071776127848], [0.01206187855456405, 0.01989282774037908, 0.009392478126208234, 0.9586528154788486], [0.006606110432512852, 0.9809033961069865, 0.00848368469991341, 0.0040068086605871646], [0.007471942981701606, 0.9792380559964166, 0.005819974602083163, 0.007470026319798613], [0.006572691527165597, 0.012287507397570091, 0.9753366417107187, 0.005803159264545696], [0.019706158873777656, 0.022338331524290333, 0.007249490937449097, 0.9507060185644829], [0.00948298520249132, 0.015651898194649464, 0.9674768284722558, 0.007388288030603439], [0.022153966126610743, 0.01955392211480105, 0.015221759675411112, 0.9430703519831771]], "ideal": "A", "sampled": "A", "correct": true}}
{"type": "result", "data": {"idx": 9, "options": ["Laudatory personality", "Guilt by association", "Reprehensible personality", "Circular reasoning"], "probs": [[0.11458074535101036, 0.7473039183397265, 0.1298135396483906, 0.008301796560872463], [0.06920149524644975, 0.8430467671100087, 0.009365404494783134, 0.07838633304875839], [0.060884529233975526, 0.08861950036719403, 0.8411536324895068, 0.009342337809323592], [0.14362493268326887, 0.3444798257961773, 0.010408034480041725, 0.5014872069405121], [0.08740935828067856, 0.017223908725569937, 0.7320289879888366, 0.16333774490491484], [0.09114599685379965, 0.012344489493665243, 0.1326166457934857, 0.7638928677590494], [0.21685303357372382, 0.3155763173639008, 0.4591608245379676, 0.008409824424407752], [0.42723714067579655, 0.3327326082154757, 0.011385484268728159, 0.2286447667399996], [0.027045515274398624, 0.0735465111336385, 0.8961751122108492, 0.003232861281113692], [0.04370991119863489, 0.07206546611892484, 0.005916703425722958, 0.8783079191567174], [0.18722080320105536, 0.019745838557118544, 0.39642755522283346, 0.3966058029189926], [0.031514671298365014, 0.006211198518669836, 0.04045055138402894, 0.9218235786989362], [0.05759085328064374, 0.7954226198086175, 0.13815327551041737, 0.008833251300321374], [0.06767459219359614, 0.8247168070973488, 0.009157388478679696, 0.09845121213037529], [0.03110615204288264, 0.803057084937181, 0.15797007288282655, 0.007866690037109872], [0.02896871471537509, 0.7474704638996051, 0.009406945237936098, 0.2141538760470836], [0.03433638532574896, 0.006767368595032704, 0.8861690406192421, 0.0727272053599763], [0.0428305174791734, 0.005120969616066742, 0.19202924413419506, 0.7600192686705648], [0.03166870465786598, 0.16086196829851984, 0.7212782398887131, 0.08619108705490106], [0.027587551929139004, 0.14010115122997255, 0.20392199086506657, 0.6283893058758219], [0.023520930130827428, 0.687522959244988, 0.13544216977750514, 0.15351394074667943], [0.007497093407760965, 0.09129705563993046, 0.033586309404610715, 0.8676195414476978], [0.013062384581112352, 0.04560630653401165, 0.9169114596628938, 0.024419849121982244], [0.012196024163081238, 0.04257702157310372, 0.3567412856405411, 0.5884856685232739]], "ideal": "B", "sampled": "A", "correct": false}}
{"type": "result", "data": {"idx": 10, "options": ["Appeal to ignorance", "Extension", "a priori", "Complex question"], "probs": [[0.0021642007574750807, 0.0045809682666878605, 0.004041181649150878, 0.9892136492266862], [0.0035633095857102075, 0.004578216674296473, 0.9882941284236386, 0.0035643452163547236], [0.0021602289827821254, 0.004572560489886545, 0.005869093412288767, 0.9873981170150425], [0.00314252420561519, 0.00403689706846688, 0.9876387028154747, 0.005181875810443209], [0.005818099124278437, 0.9787758566045982, 0.009589635397416866, 0.0058164087737065], [0.005145445989523645, 0.9805484232940697, 0.008478765635187291, 0.005827364981219422], [0.001914255685456948, 0.003156518355837131, 0.0035745736960758278, 0.9913546521626301], [0.004027095596657996, 0.004567186317908855, 0.9855454498858747, 0.005860268099558429], [0.0024427407658322493, 0.004564367601266229, 0.007520989981276002, 0.9854719015516256], [0.0021647832866381364, 0.0024544497661080854, 0.9894962756748525, 0.005884491172401215], [0.00354748653013468, 0.9837866236203084, 0.007506649785898528, 0.005159239963658349], [0.0031312394863136, 0.9838062067492019, 0.00850911916126535, 0.004553434503219048], [0.0027701154392327566, 0.004032549522081261, 0.006643230682695745, 0.9865541042559902], [0.003545340700098788, 0.004556984748424784, 0.9833913081985782, 0.008506366252898216], [0.0027687473999479014, 0.0051736354661656506, 0.006639693603310675, 0.9854179234305758], [0.002451677125129288, 0.0035683437160686487, 0.9887897783576606, 0.005190200701141435], [0.004533922007933776, 0.9795236553137118, 0.008469289554943924, 0.0074731330234104765], [0.0035264588621497163, 0.9781539702716764, 0.010858682545360312, 0.007460888220813566], [0.9693922566526281, 0.0065376382509659365, 0.020110587002603805, 0.003959517993802142], [0.9744710723209643, 0.005799673024477321, 0.01574849767639811, 0.003980756878160259], [0.9514311723883717, 0.0072729691313970545, 0.03689098797311366, 0.004404870407117534], [0.9717712288242918, 0.005105124260892894, 0.01570721883510539, 0.007416427979709876], [0.9462516471110902, 0.007230468229326132, 0.04155548844423059, 0.004962396115353105], [0.9639353760149643, 0.005065570589640791, 0.02266523057616462, 0.008333822719230303]], "ideal": "D", "sampled": "D", "correct": true}}
{"type": "result", "data": {"idx": 11, "options": ["Attacking the Person (ad hominem)", "Equivocation", "Begging the Question", "Appeal to Pity"], "probs": [[0.057682926760351784, 0.37643660934109624, 0.547153558948296, 0.018726904850255945], [0.06809497132570223, 0.5034137555235033, 0.036432230336011694, 0.3920590427147827], [0.12272175089479367, 0.22957665538346608, 0.6235306483015544, 0.02417094532018582], [0.07543929918456314, 0.09686597760466327, 0.01682243924942009, 0.8108722838613535], [0.08975606568531842, 0.0481265570898546, 0.5855810634604456, 0.2765363136643814], [0.09794692204519813, 0.028090906127848786, 0.23496245458137227, 0.6389997171455808], [0.2634050538000622, 0.08564278450629957, 0.6318758701948909, 0.019076291398747388], [0.3542044970697264, 0.10154757401799736, 0.029036597574065143, 0.5152113312382112], [0.15683755072765407, 0.797204527481157, 0.02723949480549785, 0.018718426885691104], [0.13985174481443016, 0.8058827614920082, 0.018923456999606812, 0.03534203659395486], [0.4172483620040347, 0.07258024702865891, 0.09304703632486665, 0.41712435454243973], [0.11654326846508392, 0.08023831098025502, 0.760344550676148, 0.042873869778513034], [0.35753164474342186, 0.03776258742773393, 0.5890054340124106, 0.01570033371643365], [0.2803884074867671, 0.029589079824726805, 0.01790379503537339, 0.6721187175531327], [0.5380269824395943, 0.41901584987232304, 0.0267350838298987, 0.016222083758183906], [0.591619779623411, 0.35927700390521145, 0.015751028167819828, 0.033352188203557814], [0.2541257473923954, 0.0344344903513654, 0.020835662530234143, 0.690604099626005], [0.2780211966862313, 0.029357483392282415, 0.6667736892156353, 0.025847630605851026], [0.045751740481831296, 0.14113569626272204, 0.6321134135418599, 0.18099914961358676], [0.04608345535991557, 0.1106544824237633, 0.20648946279140046, 0.6367725993249207], [0.02985990094374751, 0.7709872362835836, 0.08111114421462039, 0.11804171845804848], [0.026593432283784718, 0.6869750965810603, 0.22266407551656817, 0.0637673955185868], [0.023669114025394386, 0.32688009309450183, 0.039016268634780214, 0.6104345241453235], [0.02277497565193003, 0.5189191424649543, 0.4036961116747496, 0.05460977010836611]], "ideal": "C", "sampled": "B", "correct": false}}
{"type": "result", "data": {"idx": 12, "options": ["Equivocation", "Affirming the Consequent", "Gambler's Fallacy", "Inconsistency"], "probs": [[0.39531827778979683, 0.12829216086180162, 0.028605962755400352, 0.4477835984930012], [0.44305965836364997, 0.09890008091468526, 0.44289079840297374, 0.015149462218690988], [0.5150124526069966, 0.06972944120606564, 0.061439086890020186, 0.3538190191969176], [0.5220239505159694, 0.07071524515302317, 0.3587814991407452, 0.048479305090262284], [0.6091872135364498, 0.2878693489808652, 0.07266191013448967, 0.03028152724819539], [0.5630222390618494, 0.30163266352877693, 0.07610958587035634, 0.05923551143901727], [0.15691824314261227, 0.37672355907637983, 0.039647590512720154, 0.42671060716828774], [0.1428558238239921, 0.4405633235313695, 0.3884704134325597, 0.028110439112078677], [0.2495659682229755, 0.10416139925047874, 0.36325476108071486, 0.2830178713458309], [0.11896461247208182, 0.0496867895076656, 0.4156742989601263, 0.4156742989601263], [0.12218434236636752, 0.42713809320752244, 0.4266180427506847, 0.024059521575425347], [0.12952412910532862, 0.3105862258850295, 0.04761179429570781, 0.512277850613934], [0.1698581744172235, 0.35989088218663595, 0.062441144830164656, 0.40780979846597587], [0.21676545731202243, 0.40579028596282113, 0.3153918812455403, 0.06205237537961611], [0.23386951137036144, 0.16073599695648724, 0.2651163676878393, 0.34027812388531203], [0.13851541898573483, 0.08407996969931808, 0.29334892150876124, 0.48405568970618584], [0.18730696057034496, 0.45023486645752925, 0.3088169830600638, 0.05364118981206202], [0.1707092187224412, 0.1707092187224412, 0.06274785705591918, 0.5958337053991983], [0.4780134909645054, 0.42184541096617434, 0.07322186312712749, 0.026919234842192743], [0.47128209471383964, 0.4162993396293887, 0.05623952282429568, 0.056179042732476], [0.2863081871395833, 0.0930712332965816, 0.6063603504082903, 0.014260229055544839], [0.32736072184865894, 0.09383090654441363, 0.03908181219218124, 0.5397265593147462], [0.5329675733878045, 0.10504704401236019, 0.32340964399001804, 0.038575738509817235], [0.378430326610305, 0.10842209873720612, 0.08432983300966751, 0.4288177415428214]], "ideal": "D", "sampled": "A", "correct": false}}
{"type": "result", "data": {"idx": 13, "options": ["arguing that something is necessarily bad because it doesn't cost very much", "substituting individual stories for a larger sample when supporting a generalization", "arguing that what is true in nature must be true about humans", "the same thing as the  post hoc  fallacy"], "probs": [[0.004550618417339356, 0.007508003807279918, 0.9827820296162594, 0.005159348059121306], [0.004525309659918891, 0.010860854383726432, 0.006586322897617293, 0.9780275129587374], [0.006514366301403045, 0.9676652030285932, 0.02007080816519147, 0.005749622404812304], [0.0065922969055397925, 0.9791196451500365, 0.008469606634491391, 0.005818451209932292], [0.00401285311270117, 0.006620442065567162, 0.006617067884098067, 0.9827496368376336], [0.005164565388115303, 0.005858676360162597, 0.9844147910504601, 0.004561967101261998], [0.00582509825617843, 0.008479825646039699, 0.9798669826083823, 0.005828093389399569], [0.005793978782219289, 0.012271375091272341, 0.00656950830035157, 0.9753651377261567], [0.009538673372835673, 0.9737031028089598, 0.012251243383391269, 0.004506980334813241], [0.008480528487823623, 0.9809042237279358, 0.006608010621886591, 0.0040072370623538784], [0.005123285328074409, 0.008451453931272893, 0.009570030031102583, 0.9768552306095502], [0.006610388595161452, 0.008494703347488346, 0.9813537884571332, 0.0035411195002170645], [0.9719125447828497, 0.012249229999398188, 0.008415424624649746, 0.00742280049310234], [0.9645217090207782, 0.017679036487194176, 0.009455837684932083, 0.008343416707095578], [0.9670773610127108, 0.013809198401842433, 0.010746581599463694, 0.008366858885983047], [0.9693965052846657, 0.015683046149638252, 0.008389684659910851, 0.00653076380578524], [0.97417609803076, 0.010831342227205608, 0.008429536917997313, 0.006563022724037096], [0.9761627466075222, 0.009583513745459547, 0.008449263484290667, 0.0058044760627275534], [0.003126183659799275, 0.007504929647011117, 0.006618130306743498, 0.9827507562864461], [0.005152629083041565, 0.0075054688207204555, 0.9821853967487459, 0.005156505247492038], [0.004511797038311007, 0.009557776455907618, 0.010823237929306543, 0.9751071884764748], [0.004022084635244201, 0.008523753829457052, 0.9843190891405112, 0.0031350722947875017], [0.009526996641987731, 0.9724625467510184, 0.012232906152574427, 0.005777550354419386], [0.009533453408645384, 0.973121645445325, 0.01224119759836015, 0.005103703447669447]], "ideal": "C", "sampled": "C", "correct": true}}
{"type": "result", "data": {"idx": 14, "options": ["Style over substance", "Question begging epithets", "Hypostatization", "Amphiboly"], "probs": [[0.3029017911582179, 0.6415142731554313, 0.046440301288216704, 0.009143634298134034], [0.3016419126426997, 0.6388633876347165, 0.04624642452808698, 0.013248275094496881], [0.057341061873882965, 0.03942000889405363, 0.8971952253351299, 0.006043703796933532], [0.013760750310938392, 0.013762570115143083, 0.007365599310825735, 0.9651110801630928], [0.0572278464691532, 0.039342176330103965, 0.895684067098801, 0.0077459100019418485], [0.015506017186099695, 0.01756829575993015, 0.0073235553118362, 0.9596021316421339], [0.41148034815931184, 0.5284408852066779, 0.049122211711183174, 0.010956554822827093], [0.46814265303846647, 0.4684130495235653, 0.049318241660041756, 0.014126055677926488], [0.25973893249489816, 0.1082948638545825, 0.6230813513748303, 0.008884852175688967], [0.04519126269198883, 0.03520096236109078, 0.011424319072692644, 0.9081834557742278], [0.1490585616870596, 0.07981505093782582, 0.7572641340082699, 0.013862253266844725], [0.06332627075779672, 0.04931854355604805, 0.012467564749067775, 0.8748876208370875], [0.04920050537988653, 0.4120782047997965, 0.5290344992424094, 0.009686790477907483], [0.009364673458854559, 0.02545582086277749, 0.009364673458854559, 0.9558148321195133], [0.04313110427189841, 0.8666778535643331, 0.08056951065785722, 0.009621531405911184], [0.034382887373310966, 0.254057080947853, 0.02085115213214237, 0.6907088794466937], [0.01472254138343279, 0.014730532130839396, 0.7094921813934258, 0.2610547449923019], [0.014383133077076338, 0.012698783987378953, 0.8901115970021726, 0.08280648583337216], [0.04795754988087075, 0.6623710872082298, 0.2759352873336535, 0.013736075477245884], [0.014844191295559991, 0.05869388962375938, 0.007946713413499918, 0.9185152055671807], [0.04962724342295102, 0.6857632768346339, 0.2520634071832639, 0.01254607245915111], [0.04767789815079265, 0.1885697594097312, 0.0175397200657915, 0.7462126222736847], [0.01987503883206556, 0.010647407889700427, 0.6583745000661319, 0.3111030531121021], [0.020094490201849998, 0.009497492923316475, 0.7542460550953988, 0.21616196167943472]], "ideal": "B", "sampled": "B", "correct": true}}
{"type": "result", "data": {"idx": 15, "options": ["Tu quoque", "Composition", "Appeal to the masses", "Appeal to reason"], "probs": [[0.0051828625009057465, 0.003147573110532582, 0.9885204852293623, 0.0031490790591993997], [0.0031442404714498782, 0.004038110540739349, 0.004036508666030147, 0.9887811402217807], [0.004573525558028935, 0.9880836547724584, 0.005181949708168546, 0.0021608698613440787], [0.0031565934903152165, 0.9921423652091215, 0.002786009067262027, 0.0019150321333012673], [0.002169378816263839, 0.003157533728444234, 0.0027846761718191273, 0.9918884111834728], [0.0035686469639784365, 0.004046492077253367, 0.989602332388336, 0.002782528470432249], [0.005192963654995, 0.0024555252177602504, 0.9901837584452177, 0.0021677525820271086], [0.0027815665096820835, 0.0031525337174932526, 0.0031508238092189593, 0.9909150758636057], [0.009612279533600528, 0.9810191569971269, 0.005831308413847823, 0.0035372549554247186], [0.007519031058290133, 0.9853759544206767, 0.0035521051120137237, 0.0035529093090193756], [0.0024577027775845224, 0.003576582315645339, 0.0024577027775845224, 0.9915080120291856], [0.006626280674517842, 0.005165369496141617, 0.9836499273202473, 0.004558422409093309], [0.983560136100808, 0.00851692158558848, 0.005160646932590505, 0.0027622952810130975], [0.9862932129854904, 0.008540589088403348, 0.0031391552271582473, 0.0020270425989479973], [0.9833630322426671, 0.00964616704635718, 0.004553874488464586, 0.0024369261225111196], [0.9802289062888567, 0.012345605597596647, 0.005143204732152616, 0.0022822832813939463], [0.9862975281991759, 0.008536754937541979, 0.0031391688929457173, 0.0020265478703363417], [0.985287972274679, 0.008530072005206925, 0.004026646758244188, 0.002155308861869879], [0.001916619934124956, 0.002461906503350405, 0.002787747631503036, 0.9928337258310216], [0.004579149624094223, 0.004044022851884019, 0.98892282831093, 0.0024539991130917422], [0.002455993122173652, 0.0035740943165003124, 0.002782088508220424, 0.9911878239531056], [0.006628993232115103, 0.004561200454497583, 0.9842493331218496, 0.004560473091537753], [0.015691026144956315, 0.971414093071342, 0.008398801537763225, 0.004496079145938503], [0.01561202941882581, 0.9664846646213062, 0.012158660383880974, 0.005744645475986976]], "ideal": "C", "sampled": "C", "correct": true}}
