{"type": "result", "data": {"idx": 0, "options": ["Wrong, Wrong", "Wrong, Not wrong", "Not wrong, Wrong", "Not wrong, Not wrong"], "probs": [[0.08126457337463015, 0.13397355875424766, 0.1043419206165459, 0.6804199471545763], [0.15182127642178594, 0.15180929588890138, 0.28364603018034046, 0.41272339740897224], [0.24851609772842892, 0.15072547489533722, 0.28162078368107885, 0.319137643595155], [0.20588572934850727, 0.12487948311747482, 0.43589882357228366, 0.23333596386173422], [0.29159533384170344, 0.42425358787995004, 0.10726811124764007, 0.17688296693070646], [0.2237597141006304, 0.36888847301025546, 0.15378336836027123, 0.2535684444288429], [0.21645407699050723, 0.27790436559974224, 0.1487585626208821, 0.3568829946888684], [0.2666523953001574, 0.34237834378472054, 0.18327925972888368, 0.20769000108623834], [0.30816116007580824, 0.21179587505738307, 0.2400174665205827, 0.24002549824622602], [0.2430058491882818, 0.1670153190629157, 0.4007010578917422, 0.18927777375706026], [0.3177960836405359, 0.31777897710735964, 0.24750715676088014, 0.11691778239122434], [0.23509404500037692, 0.4392012756980768, 0.1425959553011535, 0.18310872390039273], [0.22531885577925476, 0.42095102129991485, 0.19884317213821306, 0.15488695068261732], [0.2306246562350731, 0.38023574856155407, 0.2306246562350731, 0.15851493886829973], [0.22593469722286302, 0.1759626883120193, 0.42212429473617225, 0.17597831962894545], [0.24902053922843595, 0.24901548773494228, 0.21975986002393808, 0.2822041129126837], [0.2092783208304732, 0.44302828115138476, 0.16298613712113807, 0.18470726079700392], [0.18688340483227145, 0.3956321775517606, 0.14554496108030177, 0.27193945643566614], [0.571014825769836, 0.1443638512591445, 0.09922349235983821, 0.18539783051118133], [0.4980382174340082, 0.18320685077245263, 0.1111273583322692, 0.20762757336126994], [0.4403189682710311, 0.1619791931931637, 0.23569364758123273, 0.16200819085457244], [0.5485438703942118, 0.13867875932260368, 0.0841102749025158, 0.22866709528066875], [0.5327285925239836, 0.15260677959708757, 0.09257060688662905, 0.2220940208922997], [0.5501653532693945, 0.1390933536867262, 0.10832987259028802, 0.20241142035359125]], "ideal": "D", "sampled": "D", "correct": true}}
{"type": "result", "data": {"idx": 1, "options": ["Wrong, Wrong", "Wrong, Not wrong", "Not wrong, Wrong", "Not wrong, Not wrong"], "probs": [[0.3127961508016585, 0.3128057471505389, 0.3128057471505389, 0.061592354797263764], [0.2772753577741175, 0.27726373486821426, 0.16817237685686037, 0.2772885304008078], [0.2980651125878748, 0.26304154409632274, 0.2980811760389221, 0.1408121671768803], [0.28661183374077454, 0.28659732000934063, 0.1738343290463399, 0.25295651710354494], [0.27004672301304217, 0.18559505873232587, 0.23831538428883023, 0.3060428338658017], [0.2469554690445153, 0.21794245943884924, 0.21795348629878886, 0.3171485851178466], [0.2554872543136083, 0.5408782209634847, 0.12068625037319161, 0.08294827424971539], [0.21504674737636906, 0.5158829900193664, 0.10157855587341694, 0.1674917066308476], [0.281011902937238, 0.21885835633045037, 0.40889330780380967, 0.09123643282850195], [0.2436961088117979, 0.31290433922831384, 0.13044112141967026, 0.312958430440218], [0.21425459159420565, 0.08931678811895619, 0.453612512488843, 0.2428161076979952], [0.2306111305721461, 0.15849290786588746, 0.230616778112238, 0.38027918334972843], [0.2286826640196839, 0.5486241864636973, 0.1571711532629174, 0.06552199615370148], [0.172279230982157, 0.6013283460137175, 0.09221443120744624, 0.13417799169667916], [0.16502158710993736, 0.1134254138078829, 0.6527533080391498, 0.06879969094302996], [0.20977601959204908, 0.20977248801700438, 0.07717367660941282, 0.5032778156815337], [0.19607221610750167, 0.08173763432403189, 0.4703833705661462, 0.2518067789023203], [0.16500081612012282, 0.1134032938785188, 0.14560620919220554, 0.5759896807091528], [0.14875905435920878, 0.356845115936553, 0.2779262107023758, 0.21646961890186245], [0.1595643615952583, 0.3827516392010683, 0.1595643615952583, 0.2981196375084151], [0.1325612306807444, 0.15021155101593278, 0.52433095013333, 0.19289626806999283], [0.13150457958997563, 0.21681437289759517, 0.13150457958997563, 0.5201764678224535], [0.14344525335784786, 0.20870617029964025, 0.34412699934379165, 0.30372157689872026], [0.10558406183867762, 0.2532701771209425, 0.2235156280806988, 0.41763013285968104]], "ideal": "A", "sampled": "A", "correct": true}}
{"type": "result", "data": {"idx": 2, "options": ["Wrong, Wrong", "Wrong, Not wrong", "Not wrong, Wrong", "Not wrong, Not wrong"], "probs": [[0.1530206031494214, 0.22262860500629783, 0.1530141360455603, 0.47133665569872046], [0.17833769689749293, 0.2289785385327506, 0.2594847651519177, 0.33319899931783875], [0.2461214438990566, 0.19167543374542625, 0.31604944714576205, 0.2461536751097551], [0.22584456203109596, 0.17588791249423677, 0.37238392230124734, 0.22588360307341993], [0.22638909516454828, 0.2906737029261786, 0.22638909516454828, 0.2565481066447248], [0.20866237267758425, 0.30357643506506526, 0.18414389810890455, 0.3036172940484459], [0.2674023131042848, 0.3029880135057964, 0.16218769065344624, 0.26742198263647254], [0.2778303920944856, 0.3148153721971409, 0.1909548342036981, 0.21639940140467537], [0.3070168013851708, 0.2709413605096385, 0.21101486913151185, 0.21102696887367883], [0.26502481100293174, 0.23388357458159975, 0.3403307497161043, 0.16076086459936428], [0.31911484006470825, 0.28161097452126843, 0.24852688246515023, 0.1507473028488731], [0.27331638333448477, 0.35094520446128913, 0.18786311147718537, 0.18787530062704072], [0.25353912607733753, 0.36890626181651653, 0.22375878512418948, 0.15379582688195645], [0.2492082193008666, 0.3626046884473559, 0.19408831576815436, 0.19409877638362316], [0.2253190081483861, 0.19884332411282596, 0.42096160739749366, 0.15487606024129427], [0.23257103109586738, 0.2986160649932059, 0.20525182208982176, 0.26356108172110493], [0.22068955659714476, 0.36383468993347473, 0.1947639940413974, 0.22071175932798306], [0.20865675493989844, 0.3035784318206353, 0.18414406202167524, 0.303620751117791], [0.43921954089808446, 0.18307769569529714, 0.14258921357441415, 0.23511354973220422], [0.34030684825355173, 0.26502513882847795, 0.16075351832689644, 0.23391449449107388], [0.30358454129663315, 0.2086504070453251, 0.30359988949243255, 0.1841651620656092], [0.34687528527598743, 0.2701225618766218, 0.14459225749406093, 0.23840989525332978], [0.3300294083009299, 0.2570149745079175, 0.15589891933438335, 0.2570566977567692], [0.26560100118839114, 0.2655875603413962, 0.23439856662794717, 0.2344128717422655]], "ideal": "D", "sampled": "D", "correct": true}}
{"type": "result", "data": {"idx": 3, "options": ["Wrong, Wrong", "Wrong, Not wrong", "Not wrong, Wrong", "Not wrong, Not wrong"], "probs": [[0.2087364140869444, 0.30367781086259316, 0.14345503493252984, 0.3441307400179326], [0.24103213538559948, 0.2731104885431341, 0.21271443270147344, 0.273142943269793], [0.2731148478213342, 0.21269684077027579, 0.2731376167946183, 0.24105069451377173], [0.2469624540095035, 0.21793187636633385, 0.3171254239864361, 0.21798024553772652], [0.25756620296988664, 0.2575504971448197, 0.25756620296988664, 0.22731709681540704], [0.23004985881754364, 0.2953739596030065, 0.1791683068320534, 0.29540787464739643], [0.26740085486487497, 0.30299791419437677, 0.16218684572030093, 0.2674143851204473], [0.27252110430076776, 0.34991430711355, 0.16529729714383798, 0.2122672913418443], [0.280127372115742, 0.2472042106261377, 0.280127372115742, 0.1925410450423782], [0.25562526249562917, 0.2556114938235081, 0.28966994344258734, 0.19909330013827542], [0.31648295643021407, 0.21750931115494682, 0.3164923143593034, 0.14951541795553566], [0.26354395947884657, 0.2986172988918232, 0.23256984004183726, 0.20526890148749294], [0.2171092745875378, 0.45960675980610954, 0.19158728133331238, 0.1316966841730403], [0.21818938198919582, 0.46190695573518104, 0.16992608694743322, 0.14997757522818994], [0.21335187552225918, 0.18828698990846318, 0.45170131321204726, 0.14665982125723037], [0.2529349737928436, 0.28659535732660835, 0.17383571744472623, 0.2866339513358218], [0.21101132894398672, 0.3070093897569316, 0.27094390178164723, 0.21103537941743444], [0.21637036427016362, 0.277816819618421, 0.19095218816193904, 0.3148606278494764], [0.2884989125514452, 0.2884989125514452, 0.22469070886347942, 0.19831146593363017], [0.30174355514271933, 0.30172626979470596, 0.1615167803314805, 0.2350133946310942], [0.27004892436095446, 0.23830278925607137, 0.3060266764461941, 0.18562160983678005], [0.35684961608730015, 0.2779147666104095, 0.14876118522529103, 0.21647443197699928], [0.28661447760576847, 0.28658157584185573, 0.17384046314408447, 0.25296348330829127], [0.22638945616588269, 0.29066399170031215, 0.2565328516783012, 0.2264137003555039]], "ideal": "B", "sampled": "A", "correct": false}}
{"type": "result", "data": {"idx": 4, "options": ["Wrong, Wrong", "Wrong, Not wrong", "Not wrong, Wrong", "Not wrong, Not wrong"], "probs": [[0.14121543711295825, 0.2638073124506901, 0.16001283584501616, 0.43496441449133544], [0.1425937009762908, 0.23507971797919, 0.18309083705122936, 0.43923574389328984], [0.24193856574306513, 0.24193364836038458, 0.2419493690838027, 0.27417841671274756], [0.21100881693637288, 0.2109999656466246, 0.30702307817249896, 0.2709681391445035], [0.22367538352609387, 0.253446087421231, 0.19739766103425518, 0.32548086791841996], [0.13957322058394225, 0.23010829774547167, 0.29547653479829666, 0.3348419467722894], [0.2048165385056247, 0.29797947087700843, 0.15951128238435436, 0.3376927081330125], [0.20767090284218842, 0.2666435420256847, 0.18326892627721017, 0.3424166287549167], [0.2410258090407895, 0.27311802314646777, 0.21271924989360147, 0.27313691781914123], [0.19095158290515785, 0.2778197187232355, 0.31483414296884893, 0.2163945553027577], [0.28107559678127964, 0.21890662608341788, 0.28109502789547447, 0.218922749139828], [0.17990166483217523, 0.29658717797970763, 0.26174894752713035, 0.2617622095609868], [0.26674122608458695, 0.38811570490623826, 0.16179490372448704, 0.18334816518468774], [0.2307148896459661, 0.43102222907868926, 0.15856787252091217, 0.17969500865443244], [0.22068036761639523, 0.19474973982488092, 0.3638640289559084, 0.22070586350281543], [0.25300419705072513, 0.2866813284867621, 0.1354233791606809, 0.32489109520183185], [0.24000214753141505, 0.24000214753141505, 0.211801147791459, 0.3081945570457109], [0.21950593261452, 0.2194955018018408, 0.15086038184355513, 0.41013818364008403], [0.31284132130532316, 0.2760598618103196, 0.1674428855096314, 0.24365593127472582], [0.2711984353272062, 0.2711870806430544, 0.18639608104772556, 0.2712184028820138], [0.27312171456466783, 0.21269269285459286, 0.27312883731971777, 0.24105675516102157], [0.25180244443282757, 0.2517918944107034, 0.17306113241372417, 0.3233445286427449], [0.16888111702242642, 0.35750210015251926, 0.11607361497259491, 0.3575431677524594], [0.15039801820201745, 0.36076665458598123, 0.17042328669547432, 0.318412040416527]], "ideal": "D", "sampled": "A", "correct": false}}
{"type": "result", "data": {"idx": 5, "options": ["Wrong, Wrong", "Wrong, Not wrong", "Not wrong, Wrong", "Not wrong, Not wrong"], "probs": [[0.277839282288239, 0.314822858926251, 0.19095374709292942, 0.21638411159258056], [0.24852688987182817, 0.28159560491626606, 0.1507391713078453, 0.3191383338040605], [0.2828535350020152, 0.2202930614350281, 0.3632254572762507, 0.13362794618670595], [0.2986263797002556, 0.26352174889544083, 0.20524918113462706, 0.23260269016967652], [0.24362928436855172, 0.16743359959139187, 0.2760774112640687, 0.3128597046759877], [0.23341753629872455, 0.23340497461927787, 0.23342443553666506, 0.29975305344533254], [0.28363345338399604, 0.41270386033269724, 0.1518292345772504, 0.15183345160605635], [0.24976948459413725, 0.4118002744754682, 0.1179856460718316, 0.22044459475856296], [0.29519254626047337, 0.22990343486237969, 0.3790593827671595, 0.09584463600998747], [0.2582053541878941, 0.2925768792336665, 0.15660512445791128, 0.29261264202052817], [0.251772541448366, 0.0817432664963846, 0.4703861264241474, 0.19609806553110198], [0.220293432452107, 0.1336114406452082, 0.28286236521753283, 0.36323276158515194], [0.23968290744523935, 0.5074087267440818, 0.1647314988344499, 0.08817686687622897], [0.1987170488972968, 0.5401548694839496, 0.1063627920804005, 0.15476528943835308], [0.21088705407449487, 0.12791555200350627, 0.5732776778338229, 0.087919715988176], [0.2288631234664805, 0.25932100799055, 0.08419071262517151, 0.427625155817798], [0.2399348878630241, 0.10001973657770517, 0.44827237052797264, 0.21177300493129805], [0.20948129336592666, 0.14397071944096665, 0.14397071944096665, 0.5025772676521401], [0.17589813386545725, 0.3723660374180208, 0.22586436038163435, 0.2258714682348876], [0.1986188113696617, 0.3710596803791848, 0.17527618741314938, 0.2550453207380041], [0.1893341400036022, 0.16708679740793575, 0.454215015856575, 0.18936404663188705], [0.2076702508571312, 0.26664878127212666, 0.1832683615174173, 0.34241260625332487], [0.15661370752675807, 0.2581894099454182, 0.292583733767815, 0.2926131486600087], [0.14459132931289576, 0.2701251168260292, 0.23838458597683373, 0.34689896778424134]], "ideal": "C", "sampled": "A", "correct": false}}
{"type": "result", "data": {"idx": 6, "options": ["Wrong, Wrong", "Wrong, Not wrong", "Not wrong, Wrong", "Not wrong, Not wrong"], "probs": [[0.20055603086599935, 0.29179496439742636, 0.17698802579623915, 0.33066097884033513], [0.21890780653713257, 0.28106895505164164, 0.2189164343095915, 0.28110680400163424], [0.2866841426197241, 0.25300409256353734, 0.32488115166390397, 0.1354306130528346], [0.2655974328252316, 0.2655974328252316, 0.23439541456739602, 0.2344097196821407], [0.25652787851295217, 0.2263728745464472, 0.2906927850758249, 0.22640646176477575], [0.2263869657059443, 0.2565178718001701, 0.22639286656542476, 0.29070229582846085], [0.27948944092045147, 0.35887152794160754, 0.1695306348910892, 0.19210839614685174], [0.2701395669267772, 0.34685646450458996, 0.1445995675002109, 0.2384044009684219], [0.3142756223364313, 0.27734002468196756, 0.2773631512841381, 0.13102120159746306], [0.30359378906423456, 0.303585355006874, 0.1841443804339857, 0.20867647539490566], [0.3241023324373412, 0.13511238588196792, 0.3672830948676022, 0.17350218671308865], [0.30600129642998974, 0.18559432964870093, 0.27005269315961483, 0.23835168066169451], [0.24274447738741647, 0.45351821517520546, 0.18905976553650386, 0.11467754180087422], [0.2350852673278397, 0.43922076279332045, 0.1425941011553581, 0.1830998686234818], [0.21504125685920925, 0.167482250633395, 0.5158816979353686, 0.10159479447202716], [0.24363343415208166, 0.31282556053848065, 0.16744346915001132, 0.2760975360594264], [0.24901013444869302, 0.24901013444869302, 0.2821921151920908, 0.2197876158105231], [0.2244609131863314, 0.22444955850082604, 0.2244609131863314, 0.32662861502651114], [0.2179457065551234, 0.31710031152921414, 0.24697990345005158, 0.21797407836561086], [0.23619141116500963, 0.34364111671999864, 0.18395056496432174, 0.23621690705067], [0.24292189284569174, 0.21438377135112852, 0.3534695049706011, 0.18922483073257865], [0.28660633312327094, 0.28660633312327094, 0.17383953732298418, 0.252947796330474], [0.23257775151986557, 0.2986108495865554, 0.2052491547818491, 0.2635622440117299], [0.2127070277716599, 0.2731141149724597, 0.2731288075173954, 0.24105004963848503]], "ideal": "D", "sampled": "A", "correct": false}}
{"type": "result", "data": {"idx": 7, "options": ["Wrong, Wrong", "Wrong, Not wrong", "Not wrong, Wrong", "Not wrong, Not wrong"], "probs": [[0.2244713671123435, 0.32659179942297756, 0.22446841668233947, 0.22446841668233947], [0.20054836868051457, 0.2917846484456437, 0.17698714399038856, 0.33067983878345314], [0.23618490205384485, 0.23618490205384485, 0.3436667127166259, 0.18396348307568444], [0.24193657163157364, 0.24193657163157364, 0.24194327715431005, 0.2741835794825426], [0.23256156192721228, 0.20522879367845545, 0.2635532954601142, 0.2986563488342181], [0.21180071565777153, 0.23999539730519373, 0.24000831661233252, 0.3081955703247022], [0.23774042368924808, 0.3919501841875834, 0.18515242358453632, 0.18515696843863225], [0.21701191040175777, 0.4054216681697606, 0.13163146179147325, 0.2459349595370084], [0.27733636726158206, 0.2773522518998865, 0.31428129414399686, 0.1310300865945346], [0.22367845140130024, 0.32544117677770296, 0.1973955303621258, 0.253484841358871], [0.28285428035845217, 0.13361090022149014, 0.36322237955209163, 0.2203124397679661], [0.21637268684686176, 0.1909432439455665, 0.2778357308502675, 0.31484833825730424], [0.23331005446954045, 0.4359055399834248, 0.20589537719180712, 0.12488902825522763], [0.19660801597631802, 0.4716380991571947, 0.13512327863047488, 0.1966306061360124], [0.17698048752353848, 0.15618857041576692, 0.5451810115694748, 0.1216499303912197], [0.21229786219718616, 0.3088856499086343, 0.12876516003668892, 0.3500513277574906], [0.2202846291483391, 0.1336135884034175, 0.36321154774388786, 0.28289023460435553], [0.20000814793469715, 0.17650250562743097, 0.20001305041658332, 0.42347629592128855], [0.1652944683863331, 0.34991866346674766, 0.2725245058264005, 0.21226236222051875], [0.20766820263763594, 0.3423869703435063, 0.18326653936064186, 0.2666782875582159], [0.17650728188936057, 0.2000089466373132, 0.4234432342738145, 0.20004053709951175], [0.2086537989364169, 0.30358947225126015, 0.18414007674223795, 0.303616651970085], [0.17915939482032503, 0.295368956206902, 0.23005161148758702, 0.2954200373851859], [0.1459050901698434, 0.27257901021229836, 0.27259462662899525, 0.30892127288886295]], "ideal": "D", "sampled": "A", "correct": false}}
{"type": "result", "data": {"idx": 8, "options": ["Wrong, Wrong", "Wrong, Not wrong", "Not wrong, Wrong", "Not wrong, Not wrong"], "probs": [[0.4270443915893756, 0.2935030460064163, 0.1571008711896198, 0.12235169111458825], [0.33012032751507703, 0.25708842466501775, 0.12144216239312434, 0.29134908532678083], [0.36463466283012896, 0.2506094872700898, 0.25060373542186953, 0.1341521143779117], [0.3528604454513125, 0.27479409759285733, 0.1298067252236926, 0.24253873163213757], [0.33317197856676856, 0.17833410894574064, 0.22898552285889887, 0.25950838952859195], [0.28850342960740666, 0.22467667682675818, 0.1982853204324646, 0.28853457303337054], [0.25915819210829916, 0.5486674863395722, 0.10803504206623835, 0.08413927938589023], [0.1971137298861372, 0.5358222326034269, 0.0931080390832612, 0.17395599832717473], [0.2514804732575118, 0.15253415007659624, 0.5323964634510095, 0.06358891311488238], [0.2117445233772405, 0.23992855069409263, 0.10002103744999834, 0.4483058883786685], [0.24443446246258482, 0.07003791354150465, 0.5175013888669514, 0.1680262350289591], [0.233805742332715, 0.11044585539121858, 0.16069777068829247, 0.49505063148777395], [0.20398946636337958, 0.6283752485430201, 0.10919005707427618, 0.05844522791932418], [0.16186970591319447, 0.6402357267710762, 0.08664085034637135, 0.11125371686935794], [0.14111236998032378, 0.07553971488373504, 0.7166843458309247, 0.06666356920501655], [0.2116969385305646, 0.21169379438531874, 0.06872901831841259, 0.507880248665704], [0.22512494844554834, 0.07309347172562085, 0.4766152060564023, 0.22516637367242853], [0.1833074743358015, 0.12598285453200717, 0.12598526852019226, 0.5647244025119991], [0.16659770656055622, 0.45287060058251377, 0.2139209327793638, 0.16661075997756622], [0.20278568261643418, 0.37886940864604773, 0.1579328453690899, 0.26041206326842814], [0.11717837523934996, 0.1171810723494052, 0.5951246948634401, 0.17051585744780473], [0.17575087437142697, 0.2256721507832705, 0.12079360129788774, 0.4777833734474148], [0.16197457949914829, 0.16197831969027315, 0.4403372012827059, 0.2357098994278726], [0.13750311526021536, 0.22669997471241157, 0.15580846135535725, 0.47998844857201584]], "ideal": "A", "sampled": "A", "correct": true}}
{"type": "result", "data": {"idx": 9, "options": ["Wrong, Wrong", "Wrong, Not wrong", "Not wrong, Wrong", "Not wrong, Not wrong"], "probs": [[0.2994773685632682, 0.38452735539405763, 0.2058250605854203, 0.11017021535725385], [0.2618317085788592, 0.33617929622683723, 0.14014557420239818, 0.26184342089190543], [0.3301101228231851, 0.2570963127029245, 0.2913359018470805, 0.12145766252680996], [0.3287091156896329, 0.2900848003906559, 0.1552711976828515, 0.22593488613685972], [0.2772617770596179, 0.1681636471482647, 0.2772617770596179, 0.2773127986324994], [0.21100858713040904, 0.2110002722827115, 0.270946226362724, 0.30704491412415547], [0.26022854566696285, 0.4861900789478103, 0.1578428039205546, 0.09573857136467219], [0.2117478368704192, 0.44827016515614904, 0.10002259760061148, 0.23995940027282028], [0.2730529402628969, 0.24098220159816425, 0.3973124624903704, 0.08865239554856846], [0.24626716373985846, 0.35830834994613686, 0.116328362455274, 0.2790961237587306], [0.2150816002321692, 0.07912810617657609, 0.5159665653169702, 0.1898237281742845], [0.22139475737062866, 0.13428269925634476, 0.32214276439348505, 0.3221797788795415], [0.222095555720339, 0.5328239838280736, 0.1729727057819107, 0.07210775456967668], [0.1701871552837429, 0.5940397204150859, 0.10322148789263243, 0.13255163630853875], [0.14851913961170618, 0.11566965397554671, 0.6656502384511246, 0.07016096786162253], [0.22633052826669742, 0.2564522990519581, 0.09434860100262212, 0.42286857157872243], [0.2020556524653361, 0.08423198201928589, 0.48472158199294596, 0.228990783422432], [0.1849795783865121, 0.12713155528023756, 0.18497531665428407, 0.5029135495789663], [0.13068134107763033, 0.40251570917249047, 0.2766447456914148, 0.19015820395846442], [0.15705507758097267, 0.42691999033413824, 0.15706167879528252, 0.25896325318960656], [0.14475759215289014, 0.16403586427556843, 0.5053081882101949, 0.18589835526134657], [0.1538361757839862, 0.2536287307485629, 0.1743223517958841, 0.4182127415715668], [0.12041188595861262, 0.22494247218292898, 0.3273134480489789, 0.3273321937094795], [0.10722849437096946, 0.22699680753019819, 0.2914772607729628, 0.3742974372258695]], "ideal": "C", "sampled": "A", "correct": false}}
{"type": "result", "data": {"idx": 10, "options": ["Wrong, Wrong", "Wrong, Not wrong", "Not wrong, Wrong", "Not wrong, Not wrong"], "probs": [[0.10858293928295996, 0.15797653832714761, 0.10858017511729105, 0.6248603471726014], [0.15793816273009434, 0.20277718593306562, 0.26040198620332033, 0.37888266503351975], [0.23388372010807265, 0.16073858496819013, 0.2650314529715471, 0.3403462418521901], [0.18308333379062042, 0.14258149902206135, 0.4392208950924147, 0.23511427199490353], [0.25643489144316295, 0.42273107796749737, 0.12112234712108237, 0.1997116833682573], [0.21645091149354742, 0.3568479961269682, 0.1487643994426319, 0.27793669283685246], [0.2350580586977061, 0.2663346409679761, 0.11103356877199054, 0.38757373146232726], [0.2490262686957242, 0.2821642160133485, 0.2490262686957242, 0.21978324649520306], [0.2700524668133285, 0.23830983395443206, 0.18560417271194762, 0.3060335264202918], [0.22593795577597386, 0.1759563333825247, 0.4221303932801834, 0.175975317461318], [0.3068958153962602, 0.3940523774367123, 0.18614172517565244, 0.11291008189137504], [0.21710628141480115, 0.4596027389005119, 0.13168505341844275, 0.1916059261662442], [0.21438761372788076, 0.35345617459839834, 0.18920165580409684, 0.24295455576962405], [0.21637367677195327, 0.2778224770963638, 0.3148388108969269, 0.190965035134756], [0.19094671022552054, 0.21636068496387217, 0.3148348582245755, 0.27785774648603173], [0.21270324826930206, 0.24102434926196137, 0.27313305703949725, 0.27313934532923934], [0.1652455826011631, 0.5089922698522918, 0.11356795171460154, 0.21219419573194356], [0.15837126850711636, 0.48781785000588573, 0.1233433103188962, 0.2304675710681017], [0.542352497523432, 0.13711601494371636, 0.12100446223002602, 0.19952702520282561], [0.5501673202224521, 0.1390961104012387, 0.10832815895694241, 0.2024084103193668], [0.5364785709965405, 0.13563926314488764, 0.174169090757699, 0.1537130750008728], [0.5694568285966796, 0.14397347282141015, 0.07706545406017937, 0.20950424442173088], [0.5327287514246523, 0.15261491210033146, 0.09256562189449158, 0.22209071448052467], [0.5112012028182952, 0.14645147322143884, 0.12923888860840638, 0.21310843525185963]], "ideal": "D", "sampled": "D", "correct": true}}
{"type": "result", "data": {"idx": 11, "options": ["Wrong, Wrong", "Wrong, Not wrong", "Not wrong, Wrong", "Not wrong, Not wrong"], "probs": [[0.336202800240275, 0.33619779345011436, 0.20391730962144633, 0.12368209658816431], [0.27727543478590794, 0.2772622621598065, 0.16817193720530782, 0.2772903657489777], [0.2951229258349894, 0.2028404504281165, 0.37899166906547993, 0.1230449545714142], [0.33542289326940816, 0.2305457821095179, 0.203462341304271, 0.23056898321680294], [0.2529902310708632, 0.1354159197323757, 0.3248670294476743, 0.2867268196490867], [0.2461267299126834, 0.1916786907671743, 0.24613355464461117, 0.3160610245755311], [0.30346430701548466, 0.44153796615676266, 0.14335013075304606, 0.11164759597470661], [0.2459614538012136, 0.40552186357612496, 0.10253198291033412, 0.2459846996123273], [0.32184279201569477, 0.2212060706186078, 0.36473235756037387, 0.09221877970532358], [0.27734297010595504, 0.27734297010595504, 0.1310116765676566, 0.31430238312043324], [0.27931492893626025, 0.09068547730689054, 0.460553337724198, 0.1694462559326512], [0.26619471510402465, 0.12574475252892273, 0.26620905002023726, 0.34185148224681533], [0.2245150705466555, 0.5385836482682987, 0.15430680260695023, 0.08259447847809546], [0.19593690011550025, 0.5326274354299209, 0.11883533708071496, 0.15260032727386394], [0.17697577967851869, 0.12164010650074492, 0.6177770770964831, 0.08360703662425328], [0.23504989107954594, 0.26634099081035806, 0.1110297077060257, 0.3875794103040703], [0.2532594298042205, 0.1055815333611561, 0.41761578680927897, 0.22354324992534447], [0.2133504833559284, 0.1466294334196615, 0.18828114304206045, 0.45173894008234966], [0.1695141794673724, 0.3588735185687654, 0.2794909726838798, 0.1921213291799824], [0.19861460924226806, 0.3710512463220756, 0.17527675365726625, 0.25505739067839006], [0.1447641637636, 0.16403410814755587, 0.5052934589651654, 0.1859082690236787], [0.2005440413670261, 0.2917835370638719, 0.17698791357613117, 0.3306845078929708], [0.17383487066884185, 0.2529117913536713, 0.2866154483636968, 0.28663788951379005], [0.14875835843796692, 0.21643575501225573, 0.27791721868346014, 0.35688866776631717]], "ideal": "B", "sampled": "A", "correct": false}}
{"type": "result", "data": {"idx": 12, "options": ["Wrong, Wrong", "Wrong, Not wrong", "Not wrong, Wrong", "Not wrong, Not wrong"], "probs": [[0.23619927815518038, 0.3436542502246503, 0.18395218525406276, 0.23619428626610656], [0.25293119266670017, 0.28660376585262565, 0.1738400264709217, 0.2866250149097525], [0.3060017799430659, 0.23831442636679495, 0.2700655105498535, 0.18561828304028563], [0.2906873989997362, 0.25651856107596827, 0.2263875800269544, 0.22640645979734111], [0.28217448099566156, 0.21975197076078334, 0.24902500215513726, 0.24904854598841786], [0.24902397768582246, 0.24901858346571198, 0.21976289658600848, 0.2821945421624571], [0.26675115225409446, 0.3881127411385423, 0.16179273254115023, 0.18334337396621295], [0.2624764657297598, 0.38189274218450847, 0.12398509951063987, 0.2316456924750918], [0.30757742658791626, 0.23953568576062945, 0.3075854732148402, 0.1453014143366141], [0.2885030295710258, 0.2884964134552592, 0.19828990690781345, 0.22471064996590157], [0.30888587693591385, 0.12876595747324562, 0.35003129165891217, 0.21231687383192835], [0.2635366359616529, 0.20523783868343398, 0.23257597135030003, 0.2986495539046131], [0.2220722867171996, 0.5327237208196981, 0.1526279139915373, 0.09257607837156494], [0.19593501496706456, 0.5326188125975123, 0.11884059416750574, 0.15260557816791742], [0.19870107021953276, 0.15475189799573164, 0.5401769320139795, 0.10637009967075604], [0.28668934103959887, 0.2529976069674218, 0.13542243836956017, 0.32489061352341914], [0.2535289080800746, 0.15377304872960212, 0.3689195137203079, 0.22377852937001533], [0.21048944872763722, 0.18574744184324188, 0.21048427802478054, 0.3932788313043403], [0.1839427892994881, 0.34365036056031406, 0.23619993814848383, 0.236206911891714], [0.2237499620727968, 0.3689013366196008, 0.15378407903289637, 0.2535646221747061], [0.1807581349461716, 0.1807581349461716, 0.43362754328477765, 0.2048561867228791], [0.22591773490083847, 0.29007857170546314, 0.15527398419991142, 0.32872970909378696], [0.18560197670984968, 0.23831180870665472, 0.3060059203496651, 0.2700802941338305], [0.16744609674466374, 0.24362700411109708, 0.2760719142897597, 0.3128549847544795]], "ideal": "C", "sampled": "A", "correct": false}}
{"type": "result", "data": {"idx": 13, "options": ["Wrong, Wrong", "Wrong, Not wrong", "Not wrong, Wrong", "Not wrong, Not wrong"], "probs": [[0.5740041563834057, 0.23928483120826397, 0.1451309878331569, 0.04158002447517341], [0.4847268262914508, 0.22895913210121852, 0.08422936443531887, 0.20208467707201178], [0.5061655044049499, 0.18621730802581185, 0.23910774288170597, 0.06850944458753229], [0.5105854564045622, 0.18783389400547582, 0.08872398204369329, 0.2128566674462687], [0.3833422092959067, 0.08554076466256869, 0.29855659823529, 0.23256042770623456], [0.38188244466082927, 0.12398252173083518, 0.23162983982817767, 0.26250519368015784], [0.25336379430854306, 0.6078425675169348, 0.08225685336206331, 0.056536784712458904], [0.20302649876621015, 0.5518832678865115, 0.0659097194774912, 0.17918051376978708], [0.2506403755479946, 0.10448884017780018, 0.6013118937694474, 0.04355889040475782], [0.27169817739595464, 0.21159287669549284, 0.06869606695710853, 0.4480128788514439], [0.18514067898318048, 0.04131659335390934, 0.6462786534076659, 0.1272640741552443], [0.2239787595046503, 0.06417571800436352, 0.17444312700705075, 0.5374023953839354], [0.19050684001846255, 0.6650106036189445, 0.10197362796559867, 0.04250892829699433], [0.13971178577315194, 0.7095507993207706, 0.06599365378308339, 0.08474376102299405], [0.09684404657673935, 0.051842871661941, 0.8109378157420305, 0.04037526591928919], [0.2105158684860376, 0.16394659630884492, 0.05322566548611437, 0.572311869619003], [0.16327697706097294, 0.046786537443831544, 0.6458176042387546, 0.14411888115644095], [0.13642029767803765, 0.06444195801363102, 0.10624177990331789, 0.6928959643050134], [0.13255713779973768, 0.5941525056799718, 0.19288055453099792, 0.08040980188929257], [0.13712316281639927, 0.5423477099552589, 0.1210046500595093, 0.1995244770688325], [0.07201799320347194, 0.07202484773721186, 0.7743400469041363, 0.08161711205517991], [0.13693669232941183, 0.15516960388107703, 0.09411512174089674, 0.6137785819486145], [0.1390942359641364, 0.10833292229884052, 0.5501599415443583, 0.2024129000926648], [0.11537360656687842, 0.1307354300502806, 0.16786761955432428, 0.5860233437285167]], "ideal": "A", "sampled": "A", "correct": true}}
{"type": "result", "data": {"idx": 14, "options": ["Wrong, Wrong", "Wrong, Not wrong", "Not wrong, Wrong", "Not wrong, Not wrong"], "probs": [[0.17432970845921228, 0.25363348443555583, 0.15384153447052426, 0.4181952725347076], [0.17306676505265486, 0.2517807483421315, 0.25180485842094075, 0.3233476280842729], [0.20865514250530978, 0.18412875578562649, 0.3035993485266549, 0.3036167530824089], [0.19860683379571395, 0.17526502905523503, 0.37106904383763367, 0.2550590932114173], [0.22729053413709419, 0.25754582111805674, 0.2575717193354372, 0.2575919253094119], [0.21327071843118847, 0.3102842409725553, 0.16610003258564202, 0.3103450079106142], [0.2630488935104213, 0.2980528505099222, 0.14079992702984132, 0.2980983288498152], [0.2518050036803657, 0.32330661527102755, 0.17306799927011968, 0.2518203816784871], [0.2709383150943874, 0.21100699038204457, 0.3070218952295691, 0.2110327991939989], [0.23695821980003534, 0.20910942308655953, 0.34479190970739393, 0.2091404473060112], [0.29799389836192425, 0.20480300484039768, 0.3376801311632077, 0.15952296553447037], [0.2517919056666787, 0.323307200785755, 0.17306923148104916, 0.25183166196651713], [0.19047135680413965, 0.40320615177909186, 0.1904769894432382, 0.21584550187353027], [0.18926102565149686, 0.4006760834944674, 0.16702663150130523, 0.2430362592527305], [0.1675854498289243, 0.21517872695121654, 0.4020271001333973, 0.21520872298646188], [0.17698471246380024, 0.2917928993410142, 0.2005499452151974, 0.33067244287998815], [0.17833872934906747, 0.33315895493687797, 0.22899145909305874, 0.2595108565209958], [0.1734279374178623, 0.28593435030807374, 0.17343275049328602, 0.36720496168077793], [0.2334177712391183, 0.2997143357607323, 0.2334177712391183, 0.23345012166103105], [0.2725891430017582, 0.3088839603817933, 0.14590646107665267, 0.27262043543979586], [0.23054324663654155, 0.23053643680658695, 0.3354384250891199, 0.2034818913677516], [0.30307363105930707, 0.3030806048024333, 0.12634919017709068, 0.26749657386116893], [0.25293092067681805, 0.2865843900714805, 0.1738367009214089, 0.2866479882302925], [0.19907966254150866, 0.2556086778385138, 0.25562331077880474, 0.2896883487411728]], "ideal": "D", "sampled": "A", "correct": false}}
{"type": "result", "data": {"idx": 15, "options": ["Wrong, Wrong", "Wrong, Not wrong", "Not wrong, Wrong", "Not wrong, Not wrong"], "probs": [[0.29520397055755565, 0.37904940337401677, 0.22990508837613266, 0.0958415375922949], [0.20257641976763863, 0.26009414372507966, 0.10841973447966391, 0.4289097019276178], [0.24613273874839706, 0.3160243128229353, 0.24613273874839706, 0.19171020958027055], [0.24852048969110363, 0.319089009689177, 0.15072698073341595, 0.28166351978630344], [0.22592352858223058, 0.17594084224796794, 0.1759585448290472, 0.4221770842407543], [0.2034554781900648, 0.23053470479140328, 0.23053470479140328, 0.3354751121271286], [0.18606812695585287, 0.5731779761582243, 0.11286058684470403, 0.12789330994121884], [0.138619813427321, 0.4838111210237426, 0.08407057263764249, 0.293498492811294], [0.1878260606857792, 0.2128458416031173, 0.5105906356624572, 0.08873746194864629], [0.1552260322646235, 0.3285993537395611, 0.09414149539299661, 0.4220331185028187], [0.1744393693150531, 0.06418205004153038, 0.5373356897790157, 0.2240428907644008], [0.15781920441215158, 0.0957301663185219, 0.26022158887369806, 0.48622904029562847], [0.16186994355461073, 0.6402412675955267, 0.11124605434800855, 0.08664273440185404], [0.13984521044536427, 0.6268288632636774, 0.07485374229816018, 0.15847218389279824], [0.1134301913203934, 0.07796941242218446, 0.7397892749981365, 0.06881112115928559], [0.15838615048649446, 0.23043456554698707, 0.0582649295429693, 0.5529143543235492], [0.1640086572003669, 0.060338748677336816, 0.505182251129229, 0.27047034289306726], [0.13712439859121392, 0.0831735115307962, 0.0831669922723374, 0.6965350975056525], [0.10562850533859638, 0.47339409585033515, 0.22360464928298315, 0.1973727494280853], [0.13893697326361712, 0.42795601912295755, 0.13893697326361712, 0.2941700342498082], [0.09058555012216815, 0.09060166572763746, 0.6694281546974974, 0.14938462935269703], [0.125676199781248, 0.23478618261850442, 0.14240054784781286, 0.4971370696524347], [0.11689745411139543, 0.24747190983228345, 0.31777669416662335, 0.3178539417896978], [0.09155393936636075, 0.1938044991182893, 0.11755283131334844, 0.5970887301020015]], "ideal": "A", "sampled": "A", "correct": true}}
{"type": "result", "data": {"idx": 16, "options": ["Wrong, Wrong", "Wrong, Not wrong", "Not wrong, Wrong", "Not wrong, Not wrong"], "probs": [[0.11884639145333839, 0.19592752612820064, 0.15259350493678012, 0.5326325773816809], [0.15793707023846837, 0.2027781782675753, 0.26039422983937865, 0.3788905215545777], [0.22584969139596878, 0.17587894461599948, 0.2258626405052379, 0.37240872338279385], [0.19303511420732894, 0.15033589896034474, 0.4087119752527666, 0.24791701147955972], [0.23500886117591657, 0.38742260872822815, 0.14254007379209474, 0.2350284562037605], [0.20481253583823344, 0.33765943364370327, 0.15950816091081563, 0.2980198695072477], [0.2278749082438002, 0.25819296026915695, 0.13820971753123712, 0.37572241385580574], [0.27311480042587455, 0.27311480042587455, 0.21271975336331816, 0.2410506456849327], [0.28849176028367945, 0.19827730335128024, 0.22469635003898872, 0.28853458622605155], [0.23069841011092393, 0.15856121715153948, 0.43104208153708884, 0.17969829110044772], [0.3241100359251346, 0.3672738129617137, 0.17349238950503024, 0.1351237615081215], [0.24789054676739308, 0.408681744813686, 0.15035321713095703, 0.19307449118796383], [0.19739887724039923, 0.3254382166490163, 0.22368224453109742, 0.25348066147948706], [0.2110103870265599, 0.30701027925176694, 0.2709502158363318, 0.21102911778534136], [0.19168567593607305, 0.24611226065322267, 0.3160445031240817, 0.24615756018662252], [0.2197570615497489, 0.24901738748651703, 0.28217938923152447, 0.2490461616322096], [0.21326833961261482, 0.3984495102960773, 0.14658600090468343, 0.24169614908662446], [0.1770456599233086, 0.37479528968793663, 0.15624225464076105, 0.2919167956479937], [0.4209543466147039, 0.19883334634699898, 0.15486045180202646, 0.22535185513627065], [0.43921246828124155, 0.18308173244241918, 0.14259140619763813, 0.23511439297870113], [0.35346938756162033, 0.2143784708037487, 0.24293572794164522, 0.18921641359298574], [0.4118099427010296, 0.22041484370787104, 0.11798553037878229, 0.24978968311231703], [0.34687210676503927, 0.23838160505212938, 0.14459352840200415, 0.2701527596808272], [0.33544702315272035, 0.23052993530531524, 0.2034589079737511, 0.23056413346821333]], "ideal": "D", "sampled": "D", "correct": true}}
{"type": "result", "data": {"idx": 17, "options": ["Wrong, Wrong", "Wrong, Not wrong", "Not wrong, Wrong", "Not wrong, Not wrong"], "probs": [[0.1439864188288707, 0.20948222277453823, 0.14398141203871007, 0.502549946257881], [0.18919939646614334, 0.242923643099378, 0.21439440014577543, 0.3534825601887032], [0.2305418034995981, 0.20344441520789083, 0.3354436058828483, 0.2305701753096628], [0.22367688677939837, 0.19738988282211806, 0.3254554520899125, 0.2534777782085711], [0.26462757979112406, 0.264621500117267, 0.206102597783796, 0.2646483222078129], [0.20524642786922898, 0.2635264812232695, 0.23257466697936086, 0.2986524238281406], [0.23389759657428175, 0.3402952849524664, 0.16075530646623953, 0.26505181190701227], [0.2414113544966066, 0.35123758981235764, 0.1659230117941424, 0.24142804379689337], [0.27120089932353647, 0.27118212386015433, 0.2712079624740469, 0.1864090142422623], [0.25561565539092196, 0.2556211986229681, 0.28967050146649115, 0.1990926444196188], [0.2979926973881544, 0.20480304344027495, 0.3376850682849243, 0.15951919078664636], [0.2490188777197728, 0.2821753620819204, 0.21976315972991578, 0.24904260036839101], [0.22949881385201665, 0.4287602198631063, 0.20253198752160062, 0.13920897866327644], [0.22594160319356504, 0.4221144427481876, 0.17596752153212633, 0.17597643242612102], [0.22593064460465884, 0.17596232448024204, 0.422131742323847, 0.17597528849125213], [0.22134616297390627, 0.28420057874168175, 0.17238456317089632, 0.32206869501351565], [0.22637767750178467, 0.290674682071427, 0.25653421493983586, 0.22641342538695244], [0.20054860411069006, 0.29178345200481826, 0.17698352037090487, 0.33068442341358684], [0.30359278935691386, 0.30358578581073603, 0.18414283894502512, 0.20867858578732498], [0.30757934768638856, 0.3075664432804114, 0.14529353811758797, 0.23956067081561203], [0.2850761370809488, 0.19592527751266792, 0.3230414938150437, 0.19595709149133955], [0.2925842658497726, 0.25819453209747006, 0.15660907093197024, 0.2926121310207871], [0.24721189225770998, 0.2801095717816279, 0.19252882035257668, 0.2801497155080855], [0.22638584671140835, 0.25652286407766495, 0.2263913899433719, 0.2906998991675548]], "ideal": "C", "sampled": "A", "correct": false}}
