{"type": "result", "data": {"idx": 0, "options": ["essential to our existence", "unimportant to most people", "not essential to our existence", "rarely viewed"], "probs": [[0.05174944704931073, 0.021579545947353677, 0.9176744433176848, 0.008996563585650772], [0.08195136949326831, 0.02661564481664757, 0.009787694212798372, 0.8816452913772858], [0.05276381994430343, 0.9353233684420243, 0.008090613088077807, 0.003822198425594407], [0.046782677825000264, 0.9396552339998837, 0.009210621142511581, 0.00435146693260446], [0.07035915742894709, 0.062114918413258245, 0.009524370799943881, 0.8580015532578508], [0.036365345015364904, 0.01718612000073259, 0.9383303861139332, 0.008118148769969342], [0.035274166051812134, 0.039984143633373354, 0.9100349400487652, 0.01470675016604934], [0.06995569633729162, 0.06173568716155051, 0.015607403896009363, 0.8527012125051485], [0.036107210115673354, 0.9312832386853115, 0.01932551035822068, 0.013284040740794492], [0.047157247529246556, 0.7377349293844316, 0.02859727122513953, 0.18651055176118228], [0.019785674425091677, 0.01978813311670559, 0.006425116721073616, 0.9540010756371291], [0.1067838453155057, 0.09428830514120153, 0.5425917546101601, 0.2563360948331327], [0.9658341161821079, 0.025745266666685408, 0.0044732415874224165, 0.003947375463784251], [0.9702715429966452, 0.020142198550393356, 0.005092310486296195, 0.004493947866665219], [0.9634552377850467, 0.01765458727217933, 0.009445382650654652, 0.009444792192119309], [0.9606446878913356, 0.009426445365681237, 0.007334612980947977, 0.022594253662035168], [0.9634808607379447, 0.022669248081120044, 0.006492404344989368, 0.007357486735945829], [0.9325480594806032, 0.01936320243221757, 0.00711940285711205, 0.04096933513006721], [0.05725301716272182, 0.137364757980606, 0.01447366156323563, 0.7909085631934365], [0.012077522933040508, 0.019919960928282434, 0.9596986403216691, 0.008303875717007997], [0.036174187288619, 0.017093854835211447, 0.013307738748626568, 0.933424219027543], [0.07926363349539829, 0.048113028549191854, 0.517113497110275, 0.35550984074513486], [0.022347717299196032, 0.9503355913413996, 0.01535680192068735, 0.011959889338717018], [0.04089538114208687, 0.6397773193615204, 0.01704948812309186, 0.3022778112733009]], "ideal": "C", "sampled": "C", "correct": true}}
{"type": "result", "data": {"idx": 1, "options": ["the state", "the justice system", "the body", "the soul"], "probs": [[0.0027790988686801233, 0.0058830481941627415, 0.0019100450486309996, 0.9894278077885261], [0.004563785092008142, 0.00664169357072111, 0.9856568022510648, 0.0031377189862059583], [0.003563198613854173, 0.006657322192348899, 0.0016834519969227764, 0.9880960270968742], [0.004562184733970086, 0.006638852491911993, 0.9852450606004192, 0.0035539020736987275], [0.005178260416578549, 0.9867566150814621, 0.004032649046798636, 0.004032475355160811], [0.006645117811519003, 0.9861854393787612, 0.004030630511985663, 0.0031388121977341007], [0.0035580020888358404, 0.006646856030597791, 0.003140110442503191, 0.9866550313380632], [0.004563496328640823, 0.005861374396134314, 0.9855463842850914, 0.00402874489013344], [0.0035444563985649233, 0.010915767626560999, 0.002760252739413868, 0.9827795231354602], [0.004004789775146989, 0.007483440469294399, 0.9800323881274283, 0.008479381528130313], [0.004552499773667598, 0.9829789816647426, 0.006623260555914838, 0.00584525790567495], [0.005849810675849915, 0.9837445845838542, 0.00455604542151655, 0.005849559218779383], [0.004032318493046476, 0.006648585384834161, 0.0024458781862715766, 0.9868732178358478], [0.004565744654975474, 0.005863966545224879, 0.98601380980585, 0.003556478893949619], [0.004030319452530171, 0.006644162139923233, 0.0031388161308430265, 0.9861867021767036], [0.004546209894128341, 0.005152333215386712, 0.9818066955331193, 0.008494761257365719], [0.007469914814111869, 0.9784077936414436, 0.009591559230892053, 0.004530732213552511], [0.006614110160869517, 0.9816209270649389, 0.006614110160869517, 0.005150852513322067], [0.9711097708521662, 0.015699666364729175, 0.005775584510208346, 0.007414978172896212], [0.9668973668115776, 0.020070641573892267, 0.006516390870891064, 0.006515600643639112], [0.9670513421549669, 0.017715492398646605, 0.009481787243516587, 0.005751378102869945], [0.9563608101798272, 0.022494014193191768, 0.005687043496162195, 0.015458132030818802], [0.9722390235713723, 0.009534487907254561, 0.010802505874533432, 0.007423982546839757], [0.967104146304309, 0.010746168076694854, 0.0065170392093520145, 0.01563264630964421]], "ideal": "D", "sampled": "D", "correct": true}}
{"type": "result", "data": {"idx": 2, "options": ["right action", "good consequences", "happiness", "a good will"], "probs": [[0.005202849561617991, 0.00149123445255781, 0.0016892775268177783, 0.9916166383590064], [0.0066555235822712035, 0.0019076992669523009, 0.9878731317560713, 0.003563645294705237], [0.005199880529519587, 0.0021683186075790763, 0.001490057134329587, 0.9911417436285718], [0.005193181343266094, 0.0019112738109199317, 0.9897447242420745, 0.0031508205037394225], [0.006661718298010935, 0.9887241703864925, 0.002163210051054376, 0.002450901164442216], [0.006661001662773708, 0.9886530741488309, 0.0019088889439670801, 0.0027770351444283436], [0.003145186949588121, 0.006659283346247262, 0.0019077762387581727, 0.9882877533654064], [0.005150813635230447, 0.009624937597572512, 0.9816832591722258, 0.003540989494971215], [0.00315419655132621, 0.0016887185835508134, 0.004050068233756935, 0.991107016531366], [0.005183966804507701, 0.0027757722280259706, 0.9880017588910692, 0.004038501976397106], [0.004584133385490918, 0.9898546416888527, 0.002780680166541913, 0.002780544659114387], [0.005188973263087437, 0.9888857809302856, 0.0027778389045997587, 0.0031474068020272096], [0.0024605137342255524, 0.0035804340217485803, 0.0013170648623791934, 0.9926419872816467], [0.0027773566502832343, 0.005189905431649081, 0.9888849010792103, 0.0031478367388573865], [0.0035652628890434175, 0.0019088587195382866, 0.005877788374418891, 0.9886480899169994], [0.004042207834809202, 0.002779120797566658, 0.9891355349042907, 0.0040431363633334156], [0.0031561905525821277, 0.9916001571553925, 0.00278560847435851, 0.0024580437176668227], [0.0035734438070722982, 0.9908168599235913, 0.0031537066719070457, 0.0024559894974293278], [0.9893933520399911, 0.004584045418956005, 0.0024533040401600852, 0.003569298400892758], [0.9902121542489135, 0.004048939133093365, 0.0021669239621879654, 0.0035719825558051133], [0.989237000064888, 0.004045091304907618, 0.0031493973621675698, 0.003568511168036779], [0.9889231847875384, 0.0045820115730142415, 0.002452377444813729, 0.004042426094633663], [0.9912299853781341, 0.0031565135065905682, 0.0024579125449193705, 0.003155588470355981], [0.9891329607064226, 0.004044468596142643, 0.0027792871092921782, 0.004043283488142557]], "ideal": "D", "sampled": "D", "correct": true}}
{"type": "result", "data": {"idx": 3, "options": ["found in everyday objects", "nonexistent", "everywhere in the natural world", "not of this world"], "probs": [[0.00851152617841418, 0.004021052088740224, 0.003548447059852866, 0.9839189745729927], [0.00662114078724863, 0.003128299873871533, 0.9827464427832041, 0.007504116455675758], [0.008498487561866558, 0.006619438192369287, 0.0024353343686207988, 0.9824467397771434], [0.006630445246873053, 0.005164688361171975, 0.9841824594837217, 0.004022406808233231], [0.012197059339426556, 0.9690761971709748, 0.006529365537857859, 0.012197377851740812], [0.009585094745861689, 0.9778185950693431, 0.0074655021251453044, 0.005130807959649908], [0.005845927394566103, 0.008505982930725369, 0.0024372084467769017, 0.9832108811279316], [0.007463148974979819, 0.007464611151274749, 0.9776076286224706, 0.007464611151274749], [0.0074850789233761456, 0.009611946953318504, 0.002430496606078649, 0.9804724774172268], [0.007459738471687042, 0.010854880587254987, 0.9771600601274891, 0.004525320713568885], [0.007440508034868915, 0.9745736938035008, 0.008431996924778768, 0.009553801136851562], [0.0074397349143812295, 0.9744994713347779, 0.012266389755387117, 0.005794403895453712], [0.010887131355963958, 0.005828274055112252, 0.0031196501047984914, 0.9801649443841253], [0.007507184890168459, 0.0045542872891651594, 0.9833842404315012, 0.0045542872891651594], [0.010904939600369465, 0.0045465933069526905, 0.0027576484098288585, 0.981790818582849], [0.007507364746594639, 0.004554457605481124, 0.9833837199424431, 0.004554457605481124], [0.007488155870863582, 0.9808475563745687, 0.005832333118612325, 0.005831954535955459], [0.009571002830989968, 0.9763959681622164, 0.006578904134788748, 0.0074541247720048935], [0.9729625599844884, 0.010811656732542831, 0.003976903862810499, 0.0122488793201582], [0.9774245127235783, 0.010860469576314565, 0.005129365923314801, 0.006585651676792354], [0.9683416111388261, 0.006527037636975402, 0.007394403875160604, 0.01773694724903785], [0.9800812925097071, 0.005829822929885929, 0.007484390181388912, 0.006604494279018039], [0.9810076976024397, 0.009619985146185374, 0.0035387173094322917, 0.005833599841942668], [0.9767335418315496, 0.013935085131718976, 0.003523341313113262, 0.005808031623618194]], "ideal": "D", "sampled": "D", "correct": true}}
{"type": "result", "data": {"idx": 4, "options": ["one does not know that one\u2019s actions are wrong.", "one knows that one\u2019s actions are wrong, but does them anyway.", "one knows that one\u2019s feelings are inappropriate, and does not act on them.", "one does the right action, but for the wrong reason."], "probs": [[0.032507964928533695, 0.8386855499510217, 0.028685220865356315, 0.10012126415508822], [0.030460221188906556, 0.8906999031621564, 0.03451595236832238, 0.04432392318061466], [0.019194292760700993, 0.014956264492398853, 0.9252033050269034, 0.040646137619996685], [0.017418760999250046, 0.01742450167166356, 0.013567142338816958, 0.9515895948902694], [0.021821378203187615, 0.0280327410974026, 0.9283168487871621, 0.021829031812247598], [0.015406804272532595, 0.022421844468421517, 0.008248535976840748, 0.9539228151822051], [0.473643148758597, 0.09330068269262104, 0.06409359311904685, 0.3689625753297351], [0.5486027965699282, 0.10805233546361898, 0.08414079067213683, 0.25920407719431604], [0.35280823704052483, 0.129842475043664, 0.24251146612126429, 0.27483782169454685], [0.2579797525295407, 0.13810376924462744, 0.05755633903133743, 0.5463601390944944], [0.38950850026543893, 0.09852481999473067, 0.30338962013182097, 0.20857705950800942], [0.41890204728866154, 0.19795899459898864, 0.056707707352996996, 0.32643125065935286], [0.034312930913366006, 0.01621935375485483, 0.8853462584925111, 0.064121456739268], [0.022336992760960753, 0.015357034795914815, 0.011956130761642408, 0.9503498415814821], [0.1212572159492581, 0.6981241286220916, 0.07357200540927418, 0.10704664991937611], [0.11957930995034656, 0.4731218902502551, 0.03883107451019067, 0.3684677251892077], [0.03956529582818843, 0.04484812589085721, 0.014556758909495347, 0.901029819271459], [0.06632042823784907, 0.040252082945525604, 0.808249849184613, 0.08517763953201236], [0.027700780839096734, 0.019051091069367664, 0.9176663430688393, 0.035581784922696286], [0.017610403933433563, 0.01210928752832153, 0.008320448586090755, 0.9619598598521542], [0.08860453613428762, 0.7419748041174576, 0.06900528381098456, 0.10041537583727018], [0.0979358003060693, 0.723761536890564, 0.06731022693109266, 0.110992435772274], [0.03976796131550763, 0.03978717263727072, 0.014629815472031266, 0.9058150504751904], [0.06696677777705688, 0.04064883557843786, 0.8164537335295504, 0.07593065301495486]], "ideal": "B", "sampled": "B", "correct": true}}
{"type": "result", "data": {"idx": 5, "options": ["are the result of applying arbitrarily stringent standards.", "are based on linguistic confusions.", "are logically self-refuting.", "grow from the consistent application of ordinary standards."], "probs": [[0.3531798224628794, 0.07880506968426908, 0.05414149979659972, 0.5138736079562518], [0.35384846784654705, 0.06970659850456422, 0.5149493370420174, 0.06149559650687133], [0.3121920963299454, 0.07893451655319078, 0.025621765504678366, 0.5832516215121855], [0.21935330756946944, 0.07123089981111218, 0.6757750183224103, 0.03364077419700808], [0.5028635474957475, 0.4437351483535693, 0.028369618273009673, 0.025031685777673507], [0.5379712611158037, 0.4189970516310938, 0.02678726069428707, 0.016244426458815416], [0.14385105453705158, 0.44305687478139727, 0.06795042651286075, 0.34514164406869036], [0.16798952959334928, 0.5175031787755722, 0.24446647264003746, 0.07004081889104109], [0.12662447158002688, 0.08703694945641202, 0.4420360854887939, 0.3443024933747672], [0.15364442764176295, 0.11966742573971935, 0.47333186860119586, 0.25335627791732185], [0.14425717976789895, 0.503477485605786, 0.3054318853107201, 0.046833449215595], [0.164021639541064, 0.5725927225562538, 0.07749199756511967, 0.1858936402375625], [0.14500937674659523, 0.44662215816730055, 0.060443736259019075, 0.34792472872708513], [0.1460331502032064, 0.44986193529745355, 0.3503734105778027, 0.05373150382153741], [0.13016630950323277, 0.06150024870727345, 0.45440036900268543, 0.35393307268680835], [0.16640803337895083, 0.07862992600451175, 0.5127913851991701, 0.2421706553173673], [0.13151870274662952, 0.5894890251318508, 0.2457355783414802, 0.03325669368003951], [0.12436858150156949, 0.7156306434051091, 0.03563219349175196, 0.12436858150156949], [0.7017579443967847, 0.22782745653192957, 0.030833093191816045, 0.03958150577946966], [0.7573969042460226, 0.19151117567250858, 0.03327965333133162, 0.017812266650137267], [0.5025562905605796, 0.052988416479585444, 0.39148058544926145, 0.052974707410573495], [0.5369229176160941, 0.049956137869380544, 0.04406601075215279, 0.3690549336623725], [0.4920901064326944, 0.09690933841038195, 0.38324017024736756, 0.027760384809556067], [0.5357378571018017, 0.07251872664005642, 0.02353653804527283, 0.3682068781128691]], "ideal": "D", "sampled": "D", "correct": true}}
{"type": "result", "data": {"idx": 6, "options": ["enter a particular society.", "set up a particular form of government.", "establish the principles of justice for the basic structure of society.", "establish the content of morality."], "probs": [[0.017521390703579956, 0.012045110002061647, 0.9567866157067256, 0.013646883487632757], [0.015541203024000125, 0.012106282200083616, 0.010681301791994257, 0.961671212883922], [0.01380679676541696, 0.9680495894299651, 0.007391413246224384, 0.01075220045839349], [0.013810556534904784, 0.9683198440036416, 0.008378450851553847, 0.009491148509899785], [0.015520794387848525, 0.017588924696721162, 0.006470919616203558, 0.9604193611992268], [0.019544468207750604, 0.025098834784671623, 0.9419216038986066, 0.01343509300897121], [0.017257923130023813, 0.025112990100308874, 0.9423984814059202, 0.015230605263747074], [0.015439793066693942, 0.01982908205273273, 0.009365136125594808, 0.9553659886549785], [0.00955155196595884, 0.9743323518543471, 0.009552513090933622, 0.0065635829887603974], [0.007456214110878931, 0.9765713141137463, 0.005125060638831198, 0.01084741103654353], [0.015379574448794158, 0.02237901456858248, 0.010571582157184324, 0.951669828725439], [0.015259672701345532, 0.025165101206071305, 0.9443134550215027, 0.015261770971080528], [0.9674845140456743, 0.015642542137597967, 0.007388060275080962, 0.009484883441646759], [0.9696267652639421, 0.013837084833472476, 0.005766356250538827, 0.010769793552046584], [0.9670904875436679, 0.013799135654955521, 0.010744628766272968, 0.008365747935103598], [0.9453722580969423, 0.01732088501905529, 0.004961460077170478, 0.03234539670683202], [0.9568345556686871, 0.008283449446201555, 0.025502070263066536, 0.009379924522044742], [0.9557849265737529, 0.00937432060214781, 0.009371188564297604, 0.02546956415980163], [0.02533876258654112, 0.015371645858851375, 0.008227021831791345, 0.9510625696228162], [0.025313004200001325, 0.017401352775290684, 0.9500324091661911, 0.0072532337585167915], [0.02237835875845998, 0.015382975180759597, 0.01057118818404326, 0.9516674777767371], [0.022375715665020564, 0.01538150089713923, 0.9516723057529141, 0.010570477584926179], [0.013799967969037992, 0.9675026448071139, 0.012179061478757539, 0.006518325645090545], [0.012220186062506858, 0.9708505486769231, 0.007412535799129732, 0.009516729361440279]], "ideal": "C", "sampled": "C", "correct": true}}
{"type": "result", "data": {"idx": 7, "options": ["modest changes to our personal habits, but not to our society as a whole.", "modest changes to our personal habits, as well as to society.", "drastic changes to our personal habits, but not to our society.", "drastic changes to both our personal habits and to our society."], "probs": [[0.06176278036114616, 0.14816119768814887, 0.037458195065118376, 0.7526178267855866], [0.055584647996321825, 0.13339404164139454, 0.7677193536116163, 0.04330195665066742], [0.06636155194853531, 0.05856828125912699, 0.06635243243713818, 0.8087177342551995], [0.05005114915849498, 0.03441437462420418, 0.6911014424656368, 0.22443303365166403], [0.04027745427365562, 0.8091894394236329, 0.07525991463354993, 0.07527319156916154], [0.05757130631068415, 0.6190900551890294, 0.0652414522203448, 0.2580971861799417], [0.1514572197365654, 0.04918439294954882, 0.029821298902400553, 0.7695370883114853], [0.12098556596623612, 0.0392951090253204, 0.7892634057970257, 0.05045591911141773], [0.12293349754773825, 0.03991915463640647, 0.03521676518639862, 0.8019305825294566], [0.3304071475295696, 0.04474826223325672, 0.4243671062815074, 0.20047748385566624], [0.2398946466853096, 0.6522162240135718, 0.04723426470416271, 0.06065486449695591], [0.42822859165515975, 0.42830902812417504, 0.03515774423081232, 0.1083046358898529], [0.09743616037435829, 0.12511050235134602, 0.1417808946794785, 0.6356724424948172], [0.07327777747118498, 0.05708552619199901, 0.6137272025850559, 0.25590949365176013], [0.08164295887902737, 0.19586799349371395, 0.03856869572110598, 0.6839203518061527], [0.06898788002251759, 0.18758306417167822, 0.6548010364741397, 0.08862801923166454], [0.07706661007626356, 0.6453846317743996, 0.06802304204910044, 0.2095257160002363], [0.08480913064810224, 0.7101713312426625, 0.09611123656099695, 0.1089083014482383], [0.7991342752792047, 0.03980472118210094, 0.09545880092856711, 0.06560220251012731], [0.789207830745183, 0.05046453420433411, 0.0392895608968777, 0.1210380740536052], [0.876863124338378, 0.04366633383433148, 0.03000460555446883, 0.049465936172821655], [0.8605146359135538, 0.05502332715685661, 0.029447277840370736, 0.055014758989218884], [0.7065180355139385, 0.051192338169662094, 0.03985354199988915, 0.20243608421651016], [0.7790372850855393, 0.06396475338348726, 0.06394727432166908, 0.09305068710930438]], "ideal": "D", "sampled": "D", "correct": true}}
{"type": "result", "data": {"idx": 8, "options": ["knowledge", "wealth", "community", "courage"], "probs": [[0.9846462342754893, 0.006635465015208258, 0.003551351509538778, 0.005166949099763684], [0.9846461240090394, 0.00663582031106131, 0.003551410662926324, 0.005166644916972985], [0.9830476521652439, 0.009638314949038438, 0.0027614235540898407, 0.004552609231627777], [0.9849013944321419, 0.007521428830616881, 0.003552109328997958, 0.0040250673082433295], [0.9808332071848249, 0.010897394258618898, 0.003122155983079964, 0.005147242473476175], [0.9843255890261356, 0.008517911668738595, 0.0031333807896483943, 0.004023118415477405], [0.003564492039908921, 0.9882948825671347, 0.004576539542513668, 0.0035640857504426913], [0.004568066444136372, 0.9864277421873291, 0.005864923682773879, 0.0031392675857606087], [0.003551799708890045, 0.007519483392248893, 0.9849030161406358, 0.004025700658225218], [0.0024571036537055133, 0.004589663746956763, 0.001913256564165163, 0.9910399759351726], [0.003139575556677376, 0.00586612673995938, 0.9864251997275031, 0.0045690978758601425], [0.002169156109708963, 0.00459124081919409, 0.0019138082829868034, 0.9913257946881101], [0.005866207098592648, 0.986544256054022, 0.003558034308888354, 0.0040315024384970696], [0.006635114075882362, 0.984780558168908, 0.0045602427208501, 0.004024084934359605], [0.005836710405729356, 0.0066147136074922955, 0.981710524376418, 0.005838051510360319], [0.0035717070647941517, 0.004047021278816282, 0.0021660870455043725, 0.9902151845108852], [0.004553758694451947, 0.007508222571712376, 0.9833830743655846, 0.004554944268251072], [0.004567114931368281, 0.007530315497870388, 0.0016803391581457188, 0.9862222303126156], [0.006634735351110905, 0.9847810735163229, 0.004560204438940415, 0.004023986593625736], [0.005172263434568841, 0.9856987131636522, 0.00456469046482619, 0.004564332836952745], [0.005827242051491499, 0.00660446107125021, 0.9800840221830794, 0.007484274594178804], [0.003566666844479763, 0.005189200677867874, 0.0024509734064220414, 0.9887931589712303], [0.005157991743660554, 0.00662409962190537, 0.9830585361051906, 0.005159372429243554], [0.004036604170791647, 0.006655602595924544, 0.001682619768041847, 0.9876251733652419]], "ideal": "A", "sampled": "A", "correct": true}}
{"type": "result", "data": {"idx": 9, "options": ["perform the action that leads to the greatest total happiness.", "act only on maxims that we can will to become universal laws.", "behave only in such a way as a perfectly virtuous person would behave.", "place the interests of others above the interests of ourselves."], "probs": [[0.005173700625532011, 0.9860962470809133, 0.0035574528570160224, 0.005172599336538664], [0.005176531564254742, 0.9866958160764299, 0.0045701143801031244, 0.0035575378792122754], [0.008398912439453161, 0.00840261910312025, 0.9709765439899284, 0.012221924367498247], [0.010783629440631689, 0.010787828774100656, 0.007412318105010798, 0.9710162235802569], [0.005157005586230068, 0.006624837041458557, 0.9830598981258767, 0.005158259146434639], [0.010713893267175756, 0.010718065592418419, 0.013758479043617945, 0.9648095619967879], [0.9842685936729254, 0.005855790156752176, 0.004023911625902485, 0.00585170444441988], [0.9856224851865242, 0.0051754142849834385, 0.005174086219045973, 0.004028014209446383], [0.9849459014248771, 0.005171105926728644, 0.004026917064618559, 0.005856075483775681], [0.9866896368461872, 0.004572053295279949, 0.005179566694890274, 0.0035587430636426286], [0.9841767906264666, 0.006634646865340687, 0.004023773032193865, 0.0051647893759989285], [0.9865391061625842, 0.005869643293365687, 0.004033431088272667, 0.003557819355777439], [0.007467220213521484, 0.005819235107553642, 0.9782505817237293, 0.008462962855195658], [0.010837940180153743, 0.007452936157986762, 0.005802541800399208, 0.9759065817614603], [0.01227327371504363, 0.9753561101738845, 0.005800768427209678, 0.006569847583862189], [0.009592811705605825, 0.9786772859149947, 0.00659524006296212, 0.005134662216437303], [0.010833521195920313, 0.008440651792457593, 0.005119103388736054, 0.975606723522886], [0.009559264486715032, 0.006573969378583179, 0.9754282559658082, 0.008438510068893628], [0.0066079722704624165, 0.006611076368471762, 0.980948406515195, 0.0058325447458708185], [0.01969412120403448, 0.013541170154943872, 0.017383731592299917, 0.9493809769487217], [0.01087631568588174, 0.9794494192320636, 0.004536657067976854, 0.005137607914077782], [0.009611805989140479, 0.9807009545104642, 0.004542712604050959, 0.005144526796344356], [0.01079117818191555, 0.01223307604914989, 0.0050990955556030814, 0.9718766501133315], [0.010772940522817711, 0.009511551551842197, 0.9702047190267397, 0.009510788798600386]], "ideal": "B", "sampled": "B", "correct": true}}
{"type": "result", "data": {"idx": 10, "options": ["maximizing the utility of all sentient beings.", "God\u2019s commands.", "the agreement of rational persons choosing the terms of their interaction.", "the purposive order of nature."], "probs": [[0.01215750091278191, 0.009474347494586005, 0.9662041816131451, 0.012163969879486963], [0.007479462582736664, 0.006603086254187758, 0.00582501148043523, 0.9800924395826404], [0.012158522780280484, 0.9662125878820774, 0.012160537230920998, 0.009468352006721123], [0.008446458282669524, 0.97652852203689, 0.006579797162898745, 0.00844522241754177], [0.006625012870332627, 0.005162407005534058, 0.004554210488980482, 0.9836583695351528], [0.008419935098488146, 0.0057906464893877855, 0.9735355287915627, 0.01225388952056138], [0.010679636726409395, 0.015543941315151358, 0.9616696160971925, 0.012106805761246732], [0.005839979950536196, 0.006620585689490353, 0.005153763757894303, 0.9823856705020791], [0.008406315636087305, 0.9719412467524877, 0.012233889657769727, 0.0074185478536552656], [0.00657687992966627, 0.9764001441247397, 0.0074549075764033905, 0.009568068269190549], [0.006612399858563034, 0.005838087172116828, 0.005835422658499125, 0.981714090210821], [0.007410370426929822, 0.009517892120471617, 0.970851501730773, 0.012220235621825636], [0.9646324448378175, 0.01215122520515468, 0.009457839240317222, 0.013758490616710521], [0.9771453559806256, 0.007464456691000161, 0.005811410273146701, 0.009578776955227578], [0.9641455245907053, 0.00834755916128543, 0.013755223396023518, 0.013751692751985673], [0.9694043464466282, 0.006537409480472698, 0.008389282613723986, 0.015668961359175126], [0.976388812378815, 0.006583640290250393, 0.007456135927982977, 0.009571411302951558], [0.9728988580225166, 0.007435605992077032, 0.005787880261752993, 0.013877655623653304], [0.0066098170071338305, 0.007493544337781553, 0.0045436578607798254, 0.9813529806943048], [0.008400635056932863, 0.010792021223243579, 0.9712843408441676, 0.009523002775655943], [0.006612812399867068, 0.0058374845213711194, 0.005835787186039122, 0.9817139157927227], [0.008392065331517802, 0.007409450107635207, 0.9703582506615078, 0.01384023379933916], [0.010759682604529433, 0.9689830973372137, 0.01076183395990499, 0.009495385998351914], [0.009494781042213246, 0.9688177839724971, 0.009496565456181277, 0.012190869429108384]], "ideal": "C", "sampled": "C", "correct": true}}
{"type": "result", "data": {"idx": 11, "options": ["religion.", "physics.", "psychology.", "art."], "probs": [[0.26877757379997513, 0.5025563180336299, 0.18478513333037513, 0.04388097473601983], [0.10277783143755047, 0.029454382188381742, 0.006572160881421194, 0.8611956253926466], [0.10341083525685593, 0.8664778070676245, 0.007039514510695049, 0.023071843064824536], [0.14103270172572976, 0.8123446783733899, 0.013124420406418097, 0.033498199394462254], [0.1394084980147587, 0.05130138584387597, 0.006520222360639115, 0.8027698936807262], [0.2876078029393443, 0.5375816485812174, 0.13588706315638174, 0.038923485223056616], [0.3067950032850897, 0.39431616953778076, 0.21097302591906036, 0.08791580115806918], [0.10270582071508402, 0.029437400205784833, 0.007440908762733151, 0.860415870216398], [0.08107686945601245, 0.8720795085840215, 0.008549566547035141, 0.03829405531293095], [0.1678404049264045, 0.7527080044500029, 0.017699344230226937, 0.06175224629336576], [0.09203087109630972, 0.026380843458006703, 0.0075561751413784385, 0.8740321102043052], [0.38771516855875676, 0.34251922702903104, 0.18324390336656038, 0.08652170094565181], [0.7720311447933643, 0.17247127521150235, 0.017064130841120986, 0.03843344905401235], [0.7835804279250205, 0.13629291010991698, 0.02681619302623193, 0.05331046883883061], [0.668599075278454, 0.2790024604276446, 0.012249855437486652, 0.040148608756414766], [0.745952320608353, 0.18881856219699594, 0.01754790760015896, 0.047681209494492074], [0.7512536439947214, 0.1901239106678633, 0.018812404062109683, 0.039810041175305594], [0.7992471992226353, 0.13907310261622288, 0.016594860577452235, 0.045084837483689515], [0.13495133941529608, 0.0818643801006057, 0.00593118188779332, 0.7772530984963049], [0.32085692640272234, 0.4122983484131685, 0.22061478925067313, 0.04622993583343608], [0.12729648098156748, 0.03220664796469233, 0.00922132587659016, 0.83127554507715], [0.3374534126940717, 0.2981164908618792, 0.29796452881211405, 0.06646556753193503], [0.11412750320539662, 0.8438544924830224, 0.011304371000313196, 0.030713633211267837], [0.14094479866309437, 0.8115251939178401, 0.009595225894817224, 0.03793478142424831]], "ideal": "C", "sampled": "C", "correct": true}}
{"type": "result", "data": {"idx": 12, "options": ["duty.", "justice.", "virtue.", "supererogation."], "probs": [[0.28668145613894297, 0.3249136313522609, 0.25297386924038595, 0.13543104316841015], [0.2891925361222675, 0.32772786398614023, 0.09388706366932484, 0.2891925361222675], [0.3112346874050204, 0.3112346874050204, 0.1887733815238855, 0.1887572435660737], [0.324869260537804, 0.28669612315278714, 0.13540456582423474, 0.25303005038517407], [0.32200723883269794, 0.1723823249167675, 0.22131213543586134, 0.2842983007146732], [0.29536304315002104, 0.17918731537438645, 0.2300542031006565, 0.295395438274936], [0.32456288222051827, 0.4167848887143715, 0.15329955745146842, 0.1053526715136418], [0.34053773127535036, 0.3858798156382341, 0.06705586111948922, 0.20652659186692632], [0.3632478821882315, 0.24972899999889875, 0.28295085674528575, 0.10407226096758403], [0.41329882468543405, 0.28408170378530195, 0.0813764128315227, 0.2212430585977413], [0.3411686768960823, 0.11079551443535057, 0.3410755446372423, 0.20696026393132474], [0.3418237515670405, 0.12578023781442144, 0.26618340212151814, 0.26621260839701993], [0.33707453792674624, 0.38195549299606313, 0.1404902893018217, 0.14047967967536892], [0.33873670785114274, 0.3387675234520293, 0.14118306126996094, 0.18131270732686705], [0.3248312625784622, 0.25304796158012655, 0.28668706324718723, 0.13543371249422403], [0.2891958610544112, 0.3277018319085091, 0.0938801304323949, 0.2892221765046848], [0.31648428659631267, 0.14951517354759786, 0.31648428659631267, 0.21751625315977682], [0.3220705091631207, 0.1723919212645754, 0.22131136057547934, 0.2842262088968246], [0.23954929765972063, 0.30758738973026284, 0.14527592277975368, 0.30758738973026284], [0.24842921267095255, 0.36156106530330584, 0.17074272289271486, 0.21926699903302674], [0.23827972580850287, 0.30602650219240485, 0.18559277885456152, 0.2701009930445308], [0.22366010650216583, 0.3254665579529927, 0.2534400933775227, 0.19743324206731877], [0.23836426789707887, 0.3469069055405088, 0.2701356450963437, 0.1445931813660686], [0.2414403377648895, 0.35124099614378634, 0.16591449334195404, 0.24140417264937014]], "ideal": "B", "sampled": "A", "correct": false}}
{"type": "result", "data": {"idx": 13, "options": ["one and the same thing", "both nonexistent", "two distinct things", "imaginary"], "probs": [[0.9858248739338995, 0.005864031093377668, 0.005173318506222837, 0.003137776366499964], [0.9868677209252309, 0.005181104850250187, 0.0027724045656129636, 0.005178769558905991], [0.9878346295379364, 0.005876712949703312, 0.003144497042734987, 0.003144160369625238], [0.9867123736347754, 0.006651061499192015, 0.004032848998564485, 0.002603715767468136], [0.986867882182994, 0.005181105536668056, 0.002772404916570256, 0.005178607263767668], [0.9865093875646272, 0.0058681603057443845, 0.005177062648729318, 0.0024453893808990346], [0.00515678663177037, 0.9827969045807442, 0.008502104295027239, 0.0035442043924581545], [0.003546219876870868, 0.9832684554020752, 0.003546219876870868, 0.00963910474418306], [0.004565582423120875, 0.00664485777440739, 0.98601957085474, 0.0027699888477316736], [0.005181208468324273, 0.005182511388660331, 0.002160188133303514, 0.9874760919097119], [0.005132280302388004, 0.0027480814506525265, 0.9781676262743654, 0.013952011872594048], [0.006630802924138672, 0.004558662371118768, 0.0045576150988944466, 0.9842529195058481], [0.005186082179355064, 0.988325388409004, 0.00403879757445642, 0.0024497317371845974], [0.005869252461786012, 0.9871129745016952, 0.004571104774600737, 0.0024466681619180223], [0.004570775966059059, 0.005181160165007002, 0.9871060901617316, 0.003141973607202308], [0.004580091490516489, 0.004043278578293213, 0.002163801250341075, 0.9892128285808492], [0.004041158471556189, 0.004580720716620716, 0.9889265542229292, 0.0024515664888938955], [0.004579976772167828, 0.004043120463699116, 0.0021637895048739935, 0.9892131131592591], [0.004026636197750093, 0.9853144786348189, 0.0031361386765584253, 0.00752274639087254], [0.005166157710150296, 0.9845518056166551, 0.007516714883527902, 0.0027653216896667233], [0.004008334392791118, 0.00275560803731194, 0.9808888534842595, 0.012347203985637439], [0.005177497331635085, 0.0045701116283000266, 0.0035585736458051544, 0.9866938172942598], [0.004031245127005044, 0.006647589773254002, 0.9865499181443176, 0.0027712468554233973], [0.004582949476088945, 0.003570431735038175, 0.0021651117390427453, 0.9896815069498301]], "ideal": "A", "sampled": "A", "correct": true}}
{"type": "result", "data": {"idx": 14, "options": ["rational", "artificial", "constitutional", "fair"], "probs": [[0.009512947542461556, 0.9703102725342961, 0.0024055607275290736, 0.017771219095713206], [0.010807692263448318, 0.9729694299231725, 0.012247281364522225, 0.0039755963488569985], [0.01657208805552022, 0.004191432627122814, 0.9049565224630561, 0.07427995675430084], [0.009323705408006144, 0.0026723720065422365, 0.03688073701159718, 0.9511231854738544], [0.014813548538820092, 0.06640310847666313, 0.9167777661835931, 0.00200557670092365], [0.012044648293716629, 0.028896340269907207, 0.0020940095981437363, 0.9569650017382324], [0.5819607805853881, 0.015512766802047146, 0.00253271653488932, 0.3999937359776754], [0.84905896516667, 0.01762754489976758, 0.13025093339207341, 0.0030625564414889744], [0.7477870241535295, 0.004448592925017031, 0.005039438840492062, 0.24272494398096142], [0.09397884040522912, 0.005305418463781036, 0.8919726920809607, 0.008743048950029125], [0.617479893356266, 0.37456314751528225, 0.004716352808425768, 0.003240606220025984], [0.523823335692628, 0.4623780083403753, 0.0029275795342184876, 0.010871076332778255], [0.011394789303321608, 0.008876799497425992, 0.905414093409105, 0.07431431769014749], [0.007460040442865259, 0.005810856407276333, 0.009580043396808256, 0.9771490596530501], [0.01654263095405961, 0.9032410160612692, 0.006086999336460497, 0.07412935354821072], [0.015087631585756786, 0.933526936577513, 0.04101631060211095, 0.01036912113461933], [0.00893487732167274, 0.07480738680507906, 0.004783820596550435, 0.9114739151766977], [0.012084343458170173, 0.8473184099995544, 0.12993285046528627, 0.010664395976989085], [0.028284725443268568, 0.03205725412248622, 0.9370262814331074, 0.002631738901137835], [0.017627731369478702, 0.017630311132796898, 0.0021064603355019033, 0.9626354970622225], [0.02012357478916372, 0.9696998256561465, 0.005088781453988928, 0.005087818000700791], [0.020117388115021086, 0.9693961000145096, 0.0030860373794492496, 0.007400474391020107], [0.01579191955665086, 0.003993861968252077, 0.0031104232130789305, 0.9771037951620181], [0.03660120209373465, 0.00561511910484821, 0.9443177940469554, 0.013465884654461762]], "ideal": "D", "sampled": "B", "correct": false}}
{"type": "result", "data": {"idx": 15, "options": ["a mind", "absolute existence", "material substance", "a material universe"], "probs": [[0.9909422248176264, 0.005201251480451055, 0.0021679244049932385, 0.001688599196929251], [0.9899705571153135, 0.005888011149414263, 0.0016869434341046045, 0.0024544882011676428], [0.9919932067742134, 0.004055532700053815, 0.0024593132992205605, 0.0014919471265122037], [0.9888888557642649, 0.0058814909823226595, 0.002451770378340828, 0.0027778827750716685], [0.9913205598058118, 0.0040525724562851025, 0.002457835501925001, 0.0021690321359780444], [0.9907099606381387, 0.0040505919830098125, 0.002783161690570972, 0.002456285588280523], [0.005202741507497076, 0.9914669976166638, 0.0021691055564266883, 0.001161155219412481], [0.0052035211843671995, 0.9916156224629008, 0.0014911555458155977, 0.0016897007069163457], [0.004585357755214087, 0.0031522118310452684, 0.9903501070603236, 0.0019123232534170478], [0.004588533784280754, 0.003154443517841139, 0.0011603982752101164, 0.991096624322668], [0.005874332607468711, 0.0027757981467166674, 0.9882044775209339, 0.0031453916248806967], [0.005199407380148714, 0.0021677756309003648, 0.0016881929626039094, 0.990944623926347], [0.005883462397805255, 0.9894793859037944, 0.0031492959972417417, 0.0014878556011585823], [0.00852935534748409, 0.985888553882734, 0.0024440196587839935, 0.003138071010997953], [0.0031570540879435056, 0.003157735583190207, 0.9919946101623459, 0.0016906000665203606], [0.00405265353772888, 0.0031569554276548693, 0.0009045268736646025, 0.9918858640609516], [0.0066380205761932265, 0.002155843753672149, 0.9853459444674455, 0.005860191102689165], [0.003161612289175164, 0.0014937621859816923, 0.0019177650148415207, 0.9934268604100016], [0.004579642507752106, 0.9889274827382197, 0.004041376276738862, 0.002451498377289277], [0.006641303366259082, 0.9856568241788071, 0.004564496810305094, 0.0031373755446287557], [0.003150497720276857, 0.0040459949874159865, 0.9900223049956036, 0.002781202196703537], [0.0035788483883331746, 0.0027877751397310958, 0.001162117488110216, 0.9924712588838255], [0.005856275303608595, 0.004561740343794657, 0.9850193242278729, 0.004562660024723937], [0.0035759907416839567, 0.0027855490853638193, 0.0019143080928548269, 0.9917241519800973]], "ideal": "A", "sampled": "A", "correct": true}}
{"type": "result", "data": {"idx": 16, "options": ["duty and charity.", "egoism and altruism.", "rights and privileges.", "positive and negative rights."], "probs": [[0.8402670871450787, 0.05371647487688757, 0.00566084699755467, 0.10035559088047902], [0.9254356611801843, 0.03166954792116654, 0.027938995414275452, 0.014955795384373721], [0.9075628687197422, 0.007857553806442187, 0.018831286928247423, 0.06574829044556817], [0.9459642074004017, 0.006378692508814368, 0.015287985867066886, 0.032369114123717076], [0.9181920813252894, 0.058698057833260785, 0.011555365764081635, 0.011554494977368216], [0.9281686211093158, 0.04621499535124289, 0.0037932131581806653, 0.02182317028126069], [0.01749113584223084, 0.9550397448499611, 0.005011294064605311, 0.022457825143202728], [0.025227966660369715, 0.9469174967406231, 0.017337954854540757, 0.010516581644466484], [0.03147465621038232, 0.00796193879901383, 0.920140471324066, 0.04042293356653788], [0.05683241718465263, 0.02369266876171418, 0.030414070711238698, 0.8890608432423944], [0.04499263512885459, 0.03972186694169663, 0.9039060272150925, 0.011379470614356228], [0.05761478593902058, 0.13820304873196437, 0.008834568404277087, 0.795347596824738], [0.015210766389881855, 0.941164017505255, 0.015209236226793583, 0.028415979778069502], [0.013598313432961657, 0.953533050533133, 0.015408907071236086, 0.017459728862669246], [0.019116310187197925, 0.019121950276646198, 0.9212857976980956, 0.04047594173806033], [0.026759955680451628, 0.05664769485671983, 0.030316890750367455, 0.886275458612461], [0.01686678570353527, 0.04046622569687262, 0.9210069813352304, 0.021660007164361703], [0.01645645720579803, 0.07374320336447615, 0.011308222318882963, 0.8984921170108429], [0.03207565480171039, 0.937388065002405, 0.017166780354135738, 0.013369499741748869], [0.028511664874559944, 0.9443331704868491, 0.004954982110905506, 0.022200182427685514], [0.04042037414312442, 0.02452211023364694, 0.9201853754292958, 0.014872140093932824], [0.060997676585412455, 0.088751095283458, 0.008253768578776112, 0.8419974594523534], [0.04587464594613637, 0.007975804014204984, 0.9215900082616185, 0.024559541678040076], [0.09226799210493633, 0.018171140921185155, 0.014146524997985715, 0.8754143418758927]], "ideal": "A", "sampled": "A", "correct": true}}
