{"type": "result", "data": {"idx": 0, "options": ["164%", "1.64%", "0.45%", "183%"], "probs": [[0.45551752021412245, 0.1896943258372768, 0.07909468383829563, 0.27569347001030514], [0.4726740086151799, 0.13539199428849522, 0.286624876480759, 0.1053091205155659], [0.48292214494932784, 0.057639111976263736, 0.08384828638870186, 0.37559045658570656], [0.33256072174293944, 0.045045305542374924, 0.48387295543637127, 0.1385210171783144], [0.3991086810361738, 0.39920711810774395, 0.10091047808197201, 0.10077372267411024], [0.3769477276201852, 0.4268584255086321, 0.057769008338676514, 0.13842483843250616], [0.12882380330195026, 0.577196664050579, 0.053674419073695114, 0.24030511347377562], [0.10687574345012621, 0.5427598154464075, 0.2561916911274418, 0.09417274987602446], [0.15712975081071848, 0.06550142962204132, 0.4841131007493693, 0.29325571871787093], [0.13590026710464145, 0.07274216846347614, 0.537628503842742, 0.2537290604891404], [0.10858748788138989, 0.6250320206678714, 0.1579228670794645, 0.10845762427127409], [0.10056457072332044, 0.5788432445370956, 0.04749299656114394, 0.27309918807843997], [0.06788424288959734, 0.5682715110165378, 0.05988386457968175, 0.3039603814141831], [0.05448642142095544, 0.5168470278533369, 0.3134233138917007, 0.115243236734007], [0.10544510536908516, 0.13536472112953335, 0.472681683527286, 0.28650848987409544], [0.10413780698989636, 0.11792147682071506, 0.5284874005581838, 0.2494533155312048], [0.07274898520310578, 0.537663368556106, 0.25381816754728914, 0.13576947859349908], [0.07095634402985138, 0.593696790686389, 0.05520049646542294, 0.28014636871833665], [0.5175063553314143, 0.24445269569051825, 0.14823369736434672, 0.08980725151372067], [0.5463092963321273, 0.2580582518472869, 0.07391779179070654, 0.12171465992987926], [0.44045828127709674, 0.05962425247638281, 0.38870309331467334, 0.11121437283184708], [0.5847347799927942, 0.06980106770887133, 0.06976970076549623, 0.27569445143283816], [0.47454533885143313, 0.05003919862031616, 0.3696567718778777, 0.10575869055037294], [0.4775533906943159, 0.05702320389364267, 0.09397805936333563, 0.37144534594870576]], "ideal": "A", "sampled": "D", "correct": false}}
{"type": "result", "data": {"idx": 1, "options": ["No effect No effect", "No effect Understated", "Understated No effect", "Understated Understated"], "probs": [[0.19204478476978395, 0.16953471579559568, 0.27951550416250126, 0.35890499517211905], [0.19202154300612628, 0.1695395955411054, 0.3589153182470906, 0.27952354310567773], [0.1723398617434974, 0.3220245933814066, 0.22140160860594238, 0.2842339361691536], [0.15374675620667605, 0.2535235323283399, 0.36899599979102177, 0.22373371157396227], [0.20342207836792917, 0.23058817591184672, 0.2305465271675553, 0.33544321845266883], [0.17427758023637863, 0.15384414217427805, 0.4181917046527299, 0.2536865728366134], [0.21620611240281662, 0.10216215007395187, 0.2777055530704596, 0.40392618435277194], [0.2096380293159655, 0.09904083608590586, 0.34568646546721665, 0.345634669030912], [0.27255452626046967, 0.3089402981583066, 0.14590979023980893, 0.27259538524141486], [0.25289088108259433, 0.2866032378595084, 0.2866461830054248, 0.17385969795247241], [0.2674192229751438, 0.303170864300971, 0.12633882649974496, 0.3030710861241402], [0.2305052211499611, 0.23058111276165202, 0.33549352477135497, 0.2034201412170319], [0.25455240550561165, 0.12026374578452351, 0.25459839049110694, 0.37058545811875787], [0.2789517910974417, 0.11631821476351913, 0.358403270352126, 0.24632672368691316], [0.3035570680791566, 0.1841479390675456, 0.20863153038322774, 0.30366346237007], [0.29530390214041535, 0.17919668019420015, 0.29544537376055946, 0.23005404380482503], [0.27261705016202625, 0.27257076715398343, 0.14589661793133826, 0.308915564652652], [0.27311807868133686, 0.21274065969247105, 0.24106675384018164, 0.27307450768601044], [0.27301437677001616, 0.08866585375472319, 0.24101876617862977, 0.39730100319663086], [0.2891187918947551, 0.0939080901161592, 0.28925728327036737, 0.32771583461871834], [0.3035515410797041, 0.20870082635427942, 0.18414456317321268, 0.3036030692928038], [0.31474385600351545, 0.19098772675832743, 0.2778854750678851, 0.216382942070272], [0.2701948244570483, 0.3468817122398377, 0.11263395676926032, 0.2702895064338537], [0.24697339532289786, 0.31712010499644044, 0.21795324979033084, 0.21795324979033084]], "ideal": "B", "sampled": "C", "correct": false}}
{"type": "result", "data": {"idx": 2, "options": ["Nonsampling risk arises from the possibility that, when a substantive test is restricted to a sample, conclusions might be different than if the auditor had tested each item in the population.", "Nonsampling risk can arise because an auditor failed to recognize misstatements.", "Sampling risk is derived from the uncertainty in applying audit procedures to specific risks.", "Sampling risk includes the possibility of selecting audit procedures that are not appropriate to achieve the specific objective."], "probs": [[0.6102555989608861, 0.22458429632325233, 0.0825800523079308, 0.0825800523079308], [0.5979596793661685, 0.19419717208001644, 0.10393333869331833, 0.10390980976049682], [0.6110534899187882, 0.05018411277125431, 0.28860957687534194, 0.05015282033461554], [0.6610531229845549, 0.047904406474248463, 0.047881276144633445, 0.24316119429656322], [0.6814145368988246, 0.03395358062247866, 0.22124431777867698, 0.06338756460001975], [0.6760714078617217, 0.048986260025468825, 0.055478148363489355, 0.2194641836493201], [0.07159111381384396, 0.872232881390517, 0.026334785803948428, 0.029841218891690547], [0.06298746449559467, 0.8695941955290264, 0.03370916993768947, 0.03370916993768947], [0.07037057947627982, 0.029348214761346185, 0.857592220698054, 0.04268898496431998], [0.08998088738869846, 0.0331117480910631, 0.022750732063851066, 0.8541566323563874], [0.08013962462185166, 0.020273945002944424, 0.8617248807159429, 0.03786154955926103], [0.08032660125639493, 0.026088675287076594, 0.029545606822206368, 0.8640391165343221], [0.04820484631618976, 0.6655889103224703, 0.21606138185440518, 0.07014486140693478], [0.05866292862480531, 0.7148962472902456, 0.045686732141107515, 0.18075409184384153], [0.030630970978129935, 0.03472433096580295, 0.8953076233252246, 0.03933707463084248], [0.039707703350382643, 0.0350481063206211, 0.021254002093711834, 0.9039901881352844], [0.06861994853138408, 0.028625844626581094, 0.7380687859779678, 0.16468542076406706], [0.04441648845583341, 0.023782330165157635, 0.03919741664449331, 0.8926037646345156], [0.03131187229362364, 0.807778808132958, 0.10928918053755039, 0.051620138935868004], [0.03553662354243981, 0.8090308344659591, 0.03136363870573976, 0.12406890318586125], [0.03486561558191281, 0.03078417989829109, 0.8994766874968079, 0.034873516922988276], [0.04412140058578822, 0.030334885032335137, 0.03893699963407699, 0.8866067146477996], [0.061448554517910946, 0.04225209664500287, 0.7488433606346135, 0.1474559881024726], [0.03501116372377966, 0.030899882753074887, 0.030892432171923598, 0.9031965212512219]], "ideal": "B", "sampled": "A", "correct": false}}
{"type": "result", "data": {"idx": 3, "options": ["Inspect inventory items that were ordered before the year end but arrived after the year end.", "Test internal control activities that were previously reported to management as inadequate.", "Review the client's cutoff bank statements for several months after the year end.", "Compare the latest available interim financial statements with the statements being audited."], "probs": [[0.07376776137176776, 0.01647337208620513, 0.6178410855829146, 0.29191778085911246], [0.1018771764996905, 0.01771979541186878, 0.21573670293274355, 0.6646663250556972], [0.062363639343389676, 0.46096026574265325, 0.0157696222663143, 0.4609064725476427], [0.06768266855993553, 0.6425424217535253, 0.2677908837527467, 0.021984025833792505], [0.06790847672127757, 0.18461223873238852, 0.0171683904950038, 0.7303108939513301], [0.07799636117320476, 0.3086514885657638, 0.5764978742208462, 0.03685427594018526], [0.054948838442509744, 0.037787883203084356, 0.5909503499626504, 0.3163129282917555], [0.07447619462049046, 0.03987923889188678, 0.17869063851589026, 0.7069539278717325], [0.065341002380671, 0.20124239955190398, 0.03085254651005527, 0.7025640514573698], [0.05870402428802841, 0.3829832558551927, 0.49176020939915527, 0.06655251035762359], [0.0638020580284477, 0.13508050570099897, 0.023471466075172292, 0.7776459700953811], [0.0608111339988436, 0.39667747602899217, 0.396581899978256, 0.14592948989390825], [0.27847484581292986, 0.03771663569182395, 0.015708856751207905, 0.6680996616440383], [0.18531846923401213, 0.053144190788378315, 0.7331147156997482, 0.02842262417786133], [0.3305314957493322, 0.021147574506968834, 0.030734700876579188, 0.6175862287671198], [0.4709215400546774, 0.020723368150030008, 0.4156353086230142, 0.09271978307227843], [0.2484141885985869, 0.6753947138110921, 0.038095548745160475, 0.038095548745160475], [0.3380028237846169, 0.5574678663870779, 0.019068812558835954, 0.08546049716946931], [0.2088969259005763, 0.04662563409075386, 0.015129773367446525, 0.7293476665412233], [0.18646688375408466, 0.05345307925557045, 0.7378052917207241, 0.022274745169620844], [0.2326358217809461, 0.019110693552980836, 0.031476245792985476, 0.7167772387730875], [0.46672813229711435, 0.018123737042090988, 0.36357054991069826, 0.15157758065009636], [0.37854550855004565, 0.5510304364372195, 0.03521021324005984, 0.03521384167267501], [0.2640002507303536, 0.5590411715640491, 0.016872906073062705, 0.16008567153253456]], "ideal": "D", "sampled": "C", "correct": false}}
{"type": "result", "data": {"idx": 4, "options": ["Accounting Standards Updates.", "Emerging Issues Task Force Releases.", "Statements of Financial Accounting Standards.", "Staff Technical Bulletins."], "probs": [[0.9708467265775095, 0.007420122720248319, 0.00951784641918029, 0.012215304183061871], [0.9648747184120112, 0.007374021481474886, 0.00506319821749467, 0.022688061789019224], [0.9722371930313475, 0.00743258251054085, 0.009531478041519824, 0.010798746316591874], [0.9683427824060578, 0.007402241250277152, 0.006524642536845038, 0.0177303337068201], [0.9625504159165996, 0.006491874567934886, 0.008327692770181007, 0.02263001664528453], [0.9663244646527716, 0.00651655602562672, 0.009471800098625815, 0.017687179122975884], [0.017608253440680885, 0.9622751733474978, 0.009432110020935342, 0.010684463090885991], [0.017537456249733234, 0.958463878379354, 0.006456982679725999, 0.01754168259118674], [0.015531892955654812, 0.010690666430824865, 0.961667843768307, 0.012109596745213256], [0.017535055904596784, 0.017550961030606084, 0.006455316766237119, 0.95845866619856], [0.01545914983680855, 0.007313223908233041, 0.9573551864371115, 0.01987243971784688], [0.022452551766344635, 0.01203609618108216, 0.009365791565375354, 0.9561455603871979], [0.04100156202502315, 0.9339383839626975, 0.011750557458715786, 0.013309496453563593], [0.036428508798146075, 0.9402558794444288, 0.008131958020871258, 0.015183653636553853], [0.019928828461813736, 0.00832239950528445, 0.9610668398283368, 0.010681932104564943], [0.025419042103687957, 0.013623179252368122, 0.005677750465771293, 0.9552800280781726], [0.025291393874484026, 0.009318882390247859, 0.9500362659777704, 0.015353457657497797], [0.03234872737715328, 0.013501109529720624, 0.0072237555405301355, 0.9469264074525959], [0.01979386275224616, 0.954485399473243, 0.008255024709907825, 0.01746571296460304], [0.01985199876842678, 0.9574728626411592, 0.010632596660878046, 0.012042541829536043], [0.015496809634213316, 0.007330329981635096, 0.9595944714160679, 0.017578388868083644], [0.019884787877558766, 0.01367824923147952, 0.007321439356825662, 0.9591155234341361], [0.017510650664935803, 0.012050337728967207, 0.956788973758494, 0.013650037747602907], [0.02237840628062747, 0.017449197403290446, 0.007271021700416317, 0.9529013745156658]], "ideal": "A", "sampled": "A", "correct": true}}
{"type": "result", "data": {"idx": 5, "options": ["\u2212$3", "\u2212$27", "$3", "$500"], "probs": [[0.24137567392368814, 0.24149875750963473, 0.3512555203419358, 0.16587004812474132], [0.24632405843316202, 0.27917884045337116, 0.11629212421321794, 0.3582049768002489], [0.22815023870310586, 0.33211565756715383, 0.3320063724485263, 0.10772773118121398], [0.21230955419801495, 0.3500986992962737, 0.12873242794180054, 0.3088593184639108], [0.23743078389108999, 0.1121759200115025, 0.3455261547164915, 0.304867141280916], [0.22892106681164903, 0.08426106029746983, 0.48479573920920527, 0.20202213358167584], [0.24852517623836767, 0.17087238261455517, 0.40982274365099514, 0.17077969739608206], [0.2954726682841645, 0.2301949606518493, 0.13957139224334322, 0.3347609787206429], [0.37320755040512305, 0.17629077064094653, 0.32941399002995075, 0.12108768882397968], [0.2986846058870073, 0.23261582052216803, 0.20524566485157533, 0.26345390863924933], [0.27905413575095456, 0.11632706500485371, 0.24630619994109373, 0.358312599203098], [0.2828906412983774, 0.10412271832104275, 0.24968993103190457, 0.3632967092486753], [0.1832011747951626, 0.38790269815240475, 0.3423847777266074, 0.0865113492258252], [0.23903384024595545, 0.39410020091467557, 0.12790602825513026, 0.2389599304842387], [0.22695058719328956, 0.3743813410395712, 0.2915124421118785, 0.10715562955526073], [0.24904308277209586, 0.46544722758303997, 0.0915876721854042, 0.19392201735945996], [0.255607299313993, 0.1991009652683426, 0.2556968850924116, 0.28959485022525283], [0.24854066586426005, 0.15074751453445695, 0.31913252108180373, 0.28157929841947926], [0.18786166137021262, 0.18789559131070843, 0.273386479682624, 0.35085626753645494], [0.18465953788312126, 0.1630222474915345, 0.44314041068979687, 0.20917780383554738], [0.20909251514415061, 0.20916134360359562, 0.23701086715409128, 0.3447352739981625], [0.20916533156381523, 0.20912755712075548, 0.23697256686444784, 0.34473454435098144], [0.17195050929109867, 0.19484545869206385, 0.4124878469438483, 0.2207161849729891], [0.20369422433723555, 0.2036596536432693, 0.2963230609597476, 0.2963230609597476]], "ideal": "C", "sampled": "C", "correct": true}}
{"type": "result", "data": {"idx": 6, "options": ["Overstated Understated", "Understated Overstated", "Overstated No effect", "No effect No effect"], "probs": [[0.323000501183128, 0.28514681544153614, 0.19594297133256738, 0.19590971194276846], [0.2955074354041266, 0.3348537733049185, 0.13953893093172462, 0.23009986025923024], [0.29069984770640594, 0.25654170983388763, 0.2263611684244137, 0.22639727393529271], [0.29862087206692023, 0.20528094507794242, 0.2325661802481141, 0.2635320025070232], [0.28552505796565014, 0.10511730766910132, 0.3237841177226788, 0.2855735165425698], [0.28560827456277815, 0.10508840254783587, 0.28560827456277815, 0.3236950482266078], [0.29180429623759613, 0.3307136993844184, 0.2005219786847592, 0.17696002559322624], [0.3361347041875625, 0.33624539000382797, 0.12367677418809774, 0.20394313152051177], [0.2603882175307889, 0.1579586220238017, 0.3788626080711526, 0.2027905522742568], [0.30530635429268826, 0.163487752167558, 0.18517767442930702, 0.34602821901044667], [0.26453368055560866, 0.08592813100230305, 0.3849595956846381, 0.26457859265745015], [0.264533690410257, 0.08592812675279443, 0.2645786025137716, 0.38495958022317694], [0.2700133621422644, 0.306059867113025, 0.23832167682648675, 0.18560509381822385], [0.27735905596705535, 0.3142889895293694, 0.1309928984365199, 0.27735905596705535], [0.2777930886919844, 0.2163454728844876, 0.31487817203247587, 0.1909832662910521], [0.28670284159475357, 0.25301438226405865, 0.13540586750108569, 0.32487690854010204], [0.23110352739075934, 0.07508801276516987, 0.4318361950766342, 0.2619722646674366], [0.2641769450506928, 0.09720394780230428, 0.2994092181465716, 0.33920988890043136], [0.22063942930166883, 0.22075193305693608, 0.3638309158495361, 0.19477772169185903], [0.23437482209396138, 0.23437482209396138, 0.26566888295921076, 0.2655814727528665], [0.209077188081183, 0.23695328123127327, 0.34482349914370375, 0.20914603144384], [0.24290953574135693, 0.2144468575501572, 0.1892123222161862, 0.3534312843922997], [0.180653826634744, 0.20477500896566855, 0.3825700624712257, 0.23200110182836173], [0.22636296864703015, 0.256543737171733, 0.22643748935748445, 0.29065580472375235]], "ideal": "D", "sampled": "A", "correct": false}}
{"type": "result", "data": {"idx": 7, "options": ["$100", "$104.29", "$96.71", "$97.33"], "probs": [[0.06311185704368936, 0.11793259617946841, 0.5986735268729796, 0.2202820198038626], [0.07324331561528459, 0.12075781101224368, 0.4776064170355971, 0.32839245623687463], [0.06075234360665655, 0.34953838713525065, 0.34947526581620464, 0.24023400334188816], [0.0637862415989317, 0.41609367914179096, 0.3671307913280676, 0.15298928783120977], [0.07434181979064525, 0.25942856457363916, 0.33305269972708257, 0.333176915808633], [0.05705045344313414, 0.32844137040976856, 0.47767756763130176, 0.1368306084157955], [0.18768942957193085, 0.08869340636597327, 0.45042225969415994, 0.27319490426793597], [0.18506790806976692, 0.07717839797720424, 0.3918640917248992, 0.34588960212812964], [0.17912573309869628, 0.4297003255488776, 0.0958455162021554, 0.2953284250502707], [0.18114052441185508, 0.4346170658240656, 0.29870765953194717, 0.0855347501321321], [0.1832362182298551, 0.3879110639343199, 0.08652239650267614, 0.3423303212331488], [0.1769250880461114, 0.374690133144103, 0.3746181009389493, 0.0737666777708363], [0.27855068027347324, 0.09045447273460772, 0.31549742344595955, 0.31549742344595955], [0.3678822379980324, 0.09301519791540191, 0.25278293142238667, 0.286319632564179], [0.32769749297718853, 0.28931418705030865, 0.09385190367919245, 0.2891364161933104], [0.39821660811358567, 0.3102624141134183, 0.21315001107967765, 0.07837096659331835], [0.363408695524612, 0.28290347105128183, 0.1040743769325364, 0.24961345639156976], [0.38954649822789494, 0.20855463325957949, 0.30344517166281554, 0.09845369674971], [0.26724381639408007, 0.0867814667864405, 0.3028268931308417, 0.3431478235886377], [0.2891911077653921, 0.09390836557955601, 0.32777239109920464, 0.28912813545584726], [0.26727715131947893, 0.3028646707231925, 0.08673775195208062, 0.3431204259052479], [0.3219785700137588, 0.3221145878009617, 0.28409049352333754, 0.07181634856194194], [0.3218552051961728, 0.3647843463061915, 0.09219533605714064, 0.22116511234049507], [0.34663396295492105, 0.30602481274171295, 0.2700107037003626, 0.07733052050300335]], "ideal": "D", "sampled": "C", "correct": false}}
{"type": "result", "data": {"idx": 8, "options": ["It will be reclassified as an asset held for sale.", "It will be classified as a current asset.", "It will no longer be depreciated.", "It will be valued at historical cost."], "probs": [[0.17596513734644212, 0.22590770305336788, 0.17593707846117126, 0.4221900810390187], [0.1965390472891941, 0.19661234610219155, 0.47174502117304795, 0.1351035853355664], [0.14346088467593865, 0.16256247459216508, 0.30375221368613176, 0.39022442694576454], [0.11321027238398364, 0.09996965228602007, 0.5752856559391023, 0.21153441929089395], [0.10887061397869656, 0.7102875444220674, 0.09607796757162083, 0.0847638739276152], [0.11457220844196922, 0.5820256503362561, 0.11455607793654085, 0.18884606318523384], [0.31513391820223396, 0.13136736340206656, 0.14885873488241383, 0.4046399834132856], [0.2776545327274684, 0.14869354885363106, 0.4579256244726857, 0.11572629384621483], [0.3004117950558031, 0.23392801333007437, 0.12524903005970267, 0.3404111614544198], [0.25500991937948253, 0.19863167403142162, 0.3710928260908967, 0.17526558039819914], [0.30342903052002457, 0.44164132080337726, 0.11164424317753915, 0.14328540539905904], [0.2666923105450013, 0.34234020110521607, 0.207700178006383, 0.18326731024339965], [0.24845008170132227, 0.15071516411206215, 0.2816656953559348, 0.3191690587306808], [0.17179071855698258, 0.10421100816182201, 0.5293064835758355, 0.19469178960535985], [0.31651548491279585, 0.21750511875078954, 0.14951132681994586, 0.3164680694164687], [0.2794954609892144, 0.19209424004456277, 0.3589401626859686, 0.16947013618025422], [0.13116349302818744, 0.5878339944377564, 0.09016076956971242, 0.1908417428643437], [0.14377227209900154, 0.568721047453021, 0.14379519008457387, 0.14371149026340363], [0.4740847434783614, 0.15394238437920446, 0.19762792297884782, 0.17434494906358636], [0.42801235397387094, 0.1389331113835254, 0.1389331113835254, 0.29412142315907824], [0.5463798804446022, 0.13816990368682988, 0.13814646415957574, 0.1773037516089922], [0.451734602406151, 0.14665675161802474, 0.21335235235941732, 0.1882562935164069], [0.3790163993456433, 0.2028424739634804, 0.12304860352239362, 0.2950925230684827], [0.4233646546841601, 0.200045162414631, 0.20007910725628644, 0.17651107554492243]], "ideal": "D", "sampled": "D", "correct": true}}
{"type": "result", "data": {"idx": 9, "options": ["$28,000", "$132,000", "$160,000", "$188,000"], "probs": [[0.07532042631939456, 0.3826131250158113, 0.3826131250158113, 0.1594533235489829], [0.08673927187052224, 0.34321489926720744, 0.302792429893732, 0.2672533988685383], [0.08357749444816794, 0.17698188783626279, 0.6178199878395177, 0.12162062977605152], [0.108423504653776, 0.20256175834292522, 0.4288836557405095, 0.26013108116278927], [0.08200021453872844, 0.22296864788844625, 0.4720246406332585, 0.2230064968395668], [0.08555121718981676, 0.1811358779487672, 0.4345835446876818, 0.29872936007373424], [0.39552094939089943, 0.14557373305334653, 0.2720166701996007, 0.18688864725615328], [0.31285763716125076, 0.1304588058597165, 0.24372915157411493, 0.3129544053049178], [0.3788750058368951, 0.2952095181882359, 0.12302113701600052, 0.2028943388588685], [0.37314054922217793, 0.32939106713504435, 0.1763103332389464, 0.12115805030383128], [0.3076566893031737, 0.2715060569034033, 0.11318056439024929, 0.3076566893031737], [0.32181285266993803, 0.22121168169603525, 0.36477454143577315, 0.09220092409825359], [0.15566250448365304, 0.10703333306682673, 0.6160388496492354, 0.12126531270028486], [0.18857216271147412, 0.10099798138925807, 0.39938699004867345, 0.31104286575059437], [0.19278829372350584, 0.5244471586551489, 0.13255736625530057, 0.15020718126604465], [0.1625049162495029, 0.5675082375289201, 0.1434278977795432, 0.12655894834203382], [0.20959279563693758, 0.3457062347098063, 0.09904650147897472, 0.34565446807428135], [0.21614191779890152, 0.40409167392708123, 0.27764200334031536, 0.10212440483370193], [0.23025252148087932, 0.10881904577262635, 0.430558504907833, 0.23036992773866136], [0.21845486244408133, 0.10324338539000305, 0.360289738751223, 0.31801201331469264], [0.250538680685421, 0.3647294396502045, 0.1341506709642768, 0.2505812086000977], [0.23154985039787693, 0.3819128430285293, 0.2625658116016302, 0.12397149487196363], [0.25293781597058373, 0.32487904054018396, 0.13542973590242377, 0.28675340748680855], [0.20864467009835153, 0.3441424020163431, 0.3037530436248854, 0.14345988416041988]], "ideal": "C", "sampled": "B", "correct": false}}
{"type": "result", "data": {"idx": 10, "options": ["$100", "$2", "$500", "$200"], "probs": [[0.16340679810026884, 0.08743657590183293, 0.3051836078612943, 0.44397301803660394], [0.1926687643285489, 0.09102671524697203, 0.5237280090841847, 0.19257651124029435], [0.22602878029002976, 0.29011846882713516, 0.15526287950197887, 0.3285898712808562], [0.24307309450867562, 0.40075976249680384, 0.1892304001444652, 0.16693674275005532], [0.3083412440808601, 0.24002849278518829, 0.21178106102557306, 0.23984920200837856], [0.20182803872677135, 0.15718384553958248, 0.48395587451255284, 0.1570322411210933], [0.05459779473653775, 0.5868755354029324, 0.16808732916777036, 0.19043934059275955], [0.04636307943485709, 0.5648179222024294, 0.302270659841788, 0.08654833842092545], [0.07279357584559068, 0.15413973308078824, 0.6906463164386294, 0.08242037453499172], [0.08870421745653999, 0.2731788876310496, 0.1877210521981624, 0.450395842614248], [0.05909249033532534, 0.26488832623426883, 0.635434055094731, 0.040585128235674776], [0.07536386064973626, 0.38265571564566725, 0.15945875880701316, 0.3825216647975833], [0.4243088617084616, 0.227157203958994, 0.12152651675478393, 0.22700741747776046], [0.45287110047368156, 0.3111856784752058, 0.08910472424615293, 0.14683849670495971], [0.18584293784534955, 0.07751561354000808, 0.648897499575508, 0.08774394893913438], [0.2602049092672965, 0.10843155451203214, 0.20257681455242815, 0.4287867215682432], [0.287375545762568, 0.0933365968767158, 0.5369980490640849, 0.08228980819663133], [0.3306533494455773, 0.10729271492161453, 0.13776657394481617, 0.424287361587992], [0.36734946220492043, 0.32418476000992524, 0.13508993989770482, 0.17337583778744947], [0.3785865407050618, 0.3342340711941979, 0.17879930694405025, 0.10838008105669006], [0.15538588511997536, 0.08320508337392278, 0.6966675674963906, 0.06474146390971129], [0.1965988610579207, 0.09283616637962296, 0.10519715476810397, 0.6053678176943523], [0.2760596655348945, 0.18977416125349358, 0.45514543216282777, 0.0790207409487841], [0.2626468895704708, 0.18045114382305336, 0.12402215130926562, 0.43287981519721025]], "ideal": "D", "sampled": "A", "correct": false}}
{"type": "result", "data": {"idx": 11, "options": ["$0", "$15,000", "$20,000", "$40,000"], "probs": [[0.14876821253959382, 0.3568396535784536, 0.21645648897930725, 0.27793564480264527], [0.14456641870187698, 0.3468325721722396, 0.238457911724631, 0.2701430973012524], [0.1723663508719693, 0.3220956623232134, 0.2213227748649527, 0.2842152118398646], [0.1434523846012377, 0.34412436135586405, 0.3037241561232399, 0.20869909781965837], [0.1782938294916026, 0.22898564422778178, 0.3332135478286585, 0.25950697835195713], [0.17987636265971654, 0.2617778259783818, 0.26174727859702707, 0.29659853266487457], [0.3534287284557414, 0.21438886969213708, 0.18921961371999182, 0.2429627880321297], [0.29535110901766587, 0.17915914417027526, 0.2954179854271041, 0.2300717612849547], [0.31708509344528035, 0.21795463426059722, 0.2470056379335252, 0.21795463426059722], [0.3036697163327394, 0.20875066205633336, 0.3441362031333795, 0.1434434183775477], [0.2953612848129742, 0.29539367993788906, 0.1791653361613002, 0.23007969898783653], [0.3347761282768432, 0.29550173435382826, 0.2301370019960191, 0.13958513527330943], [0.32327547094535664, 0.17307609117357375, 0.2518242188905348, 0.2518242188905348], [0.3035548600448972, 0.1841368243632499, 0.3036280247528931, 0.20868029073895983], [0.3035807148919232, 0.18413100467856722, 0.3036161498548227, 0.20867213047468686], [0.31834822415583397, 0.17045227927571288, 0.3608078902478631, 0.15039160622059006], [0.28508869660294345, 0.32301012640971793, 0.19593841419461233, 0.19596276269272628], [0.30533670921048833, 0.3460322268552421, 0.16343496494692925, 0.1851960988873403], [0.23059513703343143, 0.15850406102014303, 0.3801871111692479, 0.2307136906771776], [0.28008315381711046, 0.19254175113513508, 0.280146602962413, 0.24722849198534144], [0.2090768273378376, 0.34483028893463336, 0.20912416832482944, 0.23696871530269956], [0.23056562242586465, 0.38025611635220263, 0.23066392538625063, 0.15851433573568208], [0.24897684154404914, 0.2821916043476201, 0.24903321263683983, 0.21979834137149093], [0.2617089865113893, 0.296618266222838, 0.26176468705441636, 0.17990806011135635]], "ideal": "B", "sampled": "B", "correct": true}}
{"type": "result", "data": {"idx": 12, "options": ["Engagement performance.", "Risk analysis.", "Safeguarding of assets.", "Information processing."], "probs": [[0.7741023407112083, 0.043700681090039536, 0.11868003003021217, 0.06351694806854004], [0.763273017594277, 0.05531068581661201, 0.04877932469174534, 0.1326369717973656], [0.8683940462478833, 0.03368237727223799, 0.04895892902953971, 0.048964647350339], [0.8468454472614104, 0.03721930304418276, 0.07873761283553062, 0.03719763675887617], [0.7523782764474626, 0.08985876935724751, 0.042419980733101645, 0.11534297336218828], [0.8120476230706193, 0.06666824171255027, 0.07549821429711022, 0.04578592081972017], [0.34942783339875233, 0.4488314189090384, 0.11339155821598124, 0.08834918937622802], [0.31427964096682165, 0.2774041551460954, 0.1309653649949393, 0.2773508387921436], [0.16061530287677378, 0.06699341980472438, 0.7202471171978884, 0.052144160020613464], [0.1782360543680328, 0.0655693791618497, 0.051039245544924075, 0.7051553208251934], [0.208022537328509, 0.052633274929429354, 0.6410812948848694, 0.09826289275719222], [0.1498924033682669, 0.03345881040690968, 0.05512985363511132, 0.7615189324897121], [0.057319654513984006, 0.8970094684394255, 0.018604482968409393, 0.02706639397818105], [0.07965734718922937, 0.8568657763468541, 0.025857933248347096, 0.03761894311556945], [0.16855285072288756, 0.10230473732833444, 0.667110641743904, 0.06203177010487396], [0.1422092313094935, 0.07612983108247286, 0.05925300322158797, 0.7224079342864457], [0.09727064027742816, 0.05209770188959474, 0.8148305031729511, 0.03580115456002597], [0.1319776445798255, 0.07064254423323436, 0.03779397074960787, 0.7595858403373322], [0.15540726683942135, 0.696605274153572, 0.026993582374427224, 0.12099387653257945], [0.15107720244596345, 0.767456309749015, 0.04326819013735531, 0.03819829756766617], [0.18027116490789954, 0.06635187615052847, 0.6294153378975947, 0.12396162094397721], [0.13009966181595897, 0.042243124415051854, 0.07887998526797743, 0.7487772284010117], [0.08752512376652438, 0.05311979389018409, 0.8309333989464753, 0.02842168329681622], [0.10716795906771723, 0.07364565357102332, 0.027086192684751934, 0.7921001945765075]], "ideal": "A", "sampled": "A", "correct": true}}
{"type": "result", "data": {"idx": 13, "options": ["$18,000", "$22,500", "$25,000", "$40,500"], "probs": [[0.2490702680578727, 0.28218264646312957, 0.24898303665635307, 0.21976404872264466], [0.22732253031659028, 0.2575436493862868, 0.2575436493862868, 0.2575901708108361], [0.2810787176483315, 0.218985953339316, 0.2810310041316155, 0.218904324780737], [0.24609149600003655, 0.191727736203321, 0.2461359461658604, 0.31604482153078206], [0.2382823562127839, 0.2700580696500203, 0.30601588344517716, 0.18564369059201863], [0.23438401168648992, 0.2656429668154468, 0.23442908769842513, 0.26554393369963813], [0.2534748836062728, 0.3254682324361705, 0.1974064648726925, 0.2236504189848642], [0.2490092813719649, 0.28227648136177175, 0.24896430966748637, 0.21974992749877695], [0.26352860735616496, 0.20527575296269227, 0.2986744552947092, 0.2325211842864336], [0.2436080989289981, 0.1674957001417496, 0.2760972174653568, 0.3127989833638955], [0.24099512395832998, 0.27319166061530475, 0.273135751458511, 0.21267746386785427], [0.2419456243273069, 0.27416029569745276, 0.24199214575254943, 0.2419019341226909], [0.21103261409079707, 0.3070506155183825, 0.27092227337035346, 0.210994496920467], [0.19828951356812272, 0.28850951787924534, 0.22469145057338658, 0.28850951787924534], [0.2052482301277666, 0.2635945998589523, 0.298580466329053, 0.23257670358422813], [0.19905375825009106, 0.2556362158562866, 0.2556362158562866, 0.2896738099373357], [0.1864136169356244, 0.27123023036165017, 0.2711780763013627, 0.2711780763013627], [0.21269069926833148, 0.27314958380634347, 0.27314958380634347, 0.24101013301898153], [0.24608892589929324, 0.24618070214697424, 0.3160415150188586, 0.19168885683487397], [0.24192380085467222, 0.27413558427950463, 0.2419703073829116, 0.2419703073829116], [0.23259266862044375, 0.29865490942211226, 0.2635620196859426, 0.20519040217150133], [0.24898154289075772, 0.28223191847864, 0.2490238025826398, 0.21976273594796247], [0.2634747545612207, 0.20531288665527694, 0.2986099630709907, 0.23260239561251164], [0.263482489067268, 0.20531890406101846, 0.29867611222487456, 0.23252249454683896]], "ideal": "B", "sampled": "B", "correct": true}}
{"type": "result", "data": {"idx": 14, "options": ["$100 billion", "$80 billion", "$20 billion", "$10 billion"], "probs": [[0.2926893909959322, 0.2926094909755718, 0.25816474419003377, 0.15653637373846224], [0.3112896448591761, 0.3112896448591761, 0.18873171590380167, 0.1886889942778462], [0.3104051099467578, 0.16614789016593828, 0.3102738605170197, 0.21317313927028414], [0.3448971108778002, 0.20915732652368718, 0.209096544688995, 0.23684901780951764], [0.2981329889476497, 0.14084916046201906, 0.29805159881249393, 0.26296625167783727], [0.3233817661996949, 0.17309378859579194, 0.25181223085145366, 0.2517122142530595], [0.3711432371789724, 0.2550827854517979, 0.19857468322023633, 0.17519929404899337], [0.3711297047752183, 0.25511415649869273, 0.17525831569804123, 0.19849782292804768], [0.3920458192460582, 0.185189317755617, 0.23771873040913966, 0.18504613248918514], [0.4288526709119878, 0.20257565075255762, 0.22945126546932626, 0.13912041276612827], [0.3861162008537742, 0.14204421426359629, 0.20664216268019506, 0.26519742210243447], [0.435139841945326, 0.12470822129673247, 0.298985346429718, 0.14116659022822353], [0.2320866057666496, 0.18074922800489468, 0.38248435798886277, 0.2046798081395929], [0.2700667799769037, 0.18564360671766084, 0.3060257571343119, 0.23826385607112358], [0.19701913584345726, 0.3248296178501746, 0.32478667270233835, 0.15336457350402974], [0.2535877076379563, 0.3690267580958675, 0.22369575655036833, 0.15368977761580788], [0.2616928239031169, 0.3806430427397351, 0.09621536057385788, 0.26144877268329014], [0.3249262965868719, 0.3682448973360441, 0.15342335858668552, 0.1534054473903985], [0.24368251857704928, 0.16748039422744598, 0.31285050508231665, 0.2759865820131881], [0.2666932860735607, 0.18329546797542257, 0.3423927920001247, 0.207618453850892], [0.20275112098666434, 0.2603375691015727, 0.3342358569238885, 0.20267545288787445], [0.2383757077441084, 0.27011506376635347, 0.30599691304466337, 0.1855123153448747], [0.262535391255773, 0.38198676416938226, 0.1239356165707182, 0.23154222790412654], [0.25358984249663397, 0.36897102544449123, 0.2237137738199898, 0.15372535813888497]], "ideal": "C", "sampled": "B", "correct": false}}
{"type": "result", "data": {"idx": 15, "options": ["Receivable confirmations received from the client\u2019s customers.", "Prenumbered receiving reports completed by the client\u2019s employees.", "Prior months\u2019 bank statements obtained from the client.", "Municipal property tax bills prepared in the client\u2019s name."], "probs": [[0.1947534084125315, 0.17194256184765866, 0.4124687611644263, 0.2208352684753835], [0.12659716321907455, 0.0767912176891839, 0.06776258197279841, 0.7288490370189431], [0.12475174385361655, 0.11013445755927584, 0.5593089335752002, 0.20580486491190744], [0.17753931613667664, 0.1383105644697137, 0.20121860202299122, 0.48293151727061845], [0.12777839694964427, 0.060390346196143335, 0.23880072113570266, 0.5730305356185097], [0.12786424920855335, 0.08793271111161616, 0.5732634408653774, 0.21093959871445303], [0.5200629330663172, 0.04840255245832155, 0.31546107518984856, 0.11607343918551272], [0.42398901190135074, 0.04470492732431996, 0.10720120715018462, 0.4241048535241447], [0.6486639283147896, 0.09950888007615993, 0.08779373633290961, 0.16403345517614087], [0.6159134048184273, 0.12130978973434252, 0.1557390277469664, 0.10703777760026377], [0.3697768890221951, 0.08252386986668632, 0.07280716422153583, 0.4748920767895828], [0.24099028467197756, 0.06096862346767589, 0.5102664307779385, 0.18777466098240803], [0.30827464272241706, 0.0779843593466815, 0.44866738693396574, 0.16507361089693573], [0.5207784654995414, 0.07050793459661196, 0.19160110818315335, 0.2171124916206933], [0.6348111221993282, 0.09737350335856593, 0.08591233449053945, 0.1819030398515664], [0.6474330696843978, 0.12751788119681437, 0.11252452450939389, 0.11252452450939389], [0.1875102859736542, 0.08862699020424067, 0.5777896771253204, 0.14607304659678474], [0.37888497235364754, 0.09584087172868277, 0.4294431561090859, 0.09583099970858376], [0.16510089478186832, 0.2402684050678134, 0.14570101255365095, 0.4489296874966673], [0.22578928064452344, 0.1759028118600487, 0.37238627462733287, 0.225921632768095], [0.27767528031626243, 0.0795630019677105, 0.05467252988586264, 0.5880891877301644], [0.1536390849930972, 0.056546467084585494, 0.536390745722839, 0.2534237020994784], [0.1757262743617322, 0.47777514221136896, 0.12078722950242388, 0.22571135382447494], [0.19362467236930034, 0.4645866383954223, 0.1708555791973744, 0.17093310993790295]], "ideal": "B", "sampled": "C", "correct": false}}
{"type": "result", "data": {"idx": 16, "options": ["$10,000", "$25,000", "$44,000", "59000"], "probs": [[0.12875968984029693, 0.35004120167815267, 0.21228883933619724, 0.3089102690453531], [0.08706139966857196, 0.4420135715611883, 0.34428603223142895, 0.12663899643881074], [0.13506269856123637, 0.2523303404892582, 0.19649604546537144, 0.41611091538413403], [0.11017408795460973, 0.20578270731655496, 0.2994469858118131, 0.3845962188170222], [0.10161041606778562, 0.5159379531858234, 0.21504271236637268, 0.16740891828001833], [0.1429169688789816, 0.3883757466453447, 0.12605479921875087, 0.3426524851569228], [0.2333748181452322, 0.09727442843384916, 0.23334921794877786, 0.43600153537214076], [0.23119848619773933, 0.07505915946419726, 0.4318709010665247, 0.26187145317153865], [0.20971300799530995, 0.3050950328377658, 0.04128133720468947, 0.4439106218622348], [0.21210304600475707, 0.34973962788736623, 0.34973962788736623, 0.08841769812051048], [0.2443867529174697, 0.5173667784419385, 0.04810676830764582, 0.19013970023294605], [0.256137197217186, 0.47859893569193923, 0.22600845291358737, 0.039255414077287464], [0.15117563305773551, 0.06302629410590288, 0.3200388550438323, 0.4657592176925293], [0.16652532292411404, 0.06943380242116363, 0.31121937132985145, 0.45282150322487086], [0.2058135702567104, 0.2994569815436287, 0.11013203031115086, 0.38459741778851003], [0.15344851174752783, 0.32492403161030314, 0.36814419528570497, 0.15348326125646403], [0.17699677317326498, 0.3746494157047989, 0.07375392677435728, 0.3745998842475788], [0.1652713070563714, 0.39646525985611747, 0.34983309057334255, 0.08843034241416856], [0.2969816558440701, 0.10923602186758662, 0.29693429995485926, 0.296848022233484], [0.30340522976769674, 0.09851512458702923, 0.20849959860891673, 0.3895800469363573], [0.3126967116048935, 0.3543318098453202, 0.08955962677087886, 0.24341185167890744], [0.29136007370061584, 0.3301542327188406, 0.25708338041081535, 0.12140231306972821], [0.29862842850763793, 0.2325349817202903, 0.08550867692296973, 0.38332791274910205], [0.3306544272563502, 0.20058403313764933, 0.29180149545440437, 0.17696004405159613]], "ideal": "C", "sampled": "D", "correct": false}}
