{"type": "result", "data": {"idx": 0, "options": ["Media release", "Media tour", "Press room", "Promotional days/weeks"], "probs": [[0.002456096576267004, 0.9908174375418336, 0.003573038436067786, 0.0031534273458315837], [0.0024574496695033247, 0.9913232886941127, 0.0040507507364961675, 0.002168510799887816], [0.0016886466578180073, 0.004051016272840264, 0.9911048048352611, 0.0031555321340806445], [0.005841578866029534, 0.005842245227283508, 0.005841383288303, 0.982474792518384], [0.002168165970244279, 0.0031550224985761755, 0.9911012111566101, 0.0035756002745694843], [0.005165443829735503, 0.005165931842771597, 0.005165221709298272, 0.9845034025181946], [0.9853678202907592, 0.007524714685664901, 0.003553529899118629, 0.0035539350244572225], [0.9850106410100061, 0.008522679661317681, 0.004024989263538333, 0.0024416899651378996], [0.9851545069553777, 0.008525096373420091, 0.0027670962009156345, 0.0035533003702866058], [0.9838008323018109, 0.00851271532656485, 0.004555229770746713, 0.003131222500877474], [0.9831864099452599, 0.010923069748078565, 0.003128952069887659, 0.002761568136773963], [0.9851553297223603, 0.008524687421560935, 0.0035526674943748638, 0.0027673152617038854], [0.0014918444957830535, 0.00278737968720716, 0.9921415347802239, 0.003579240936785827], [0.007507329259868358, 0.00455418643275076, 0.004553110755188707, 0.9833853734521921], [0.00169045063559111, 0.9919949440856825, 0.003157302589363197, 0.003157302589363197], [0.0016874307070966876, 0.9901569251623031, 0.004584744084925485, 0.0035708999456746243], [0.00585442841586852, 0.005855773711358741, 0.0035511866103842475, 0.9847386111623885], [0.0027757511251001728, 0.0031457199586271585, 0.9882006897306179, 0.005877839085654772], [0.0027753831803000568, 0.004575996657107638, 0.98807185832399, 0.004576761738602252], [0.009585875874009645, 0.006589121086398662, 0.00581436316142406, 0.9780106397781676], [0.002781482872318135, 0.9900769567289379, 0.003570621591704016, 0.0035709387070399024], [0.002777277524645494, 0.9886048189112865, 0.004577478365827723, 0.004040425098240228], [0.009595029993399876, 0.0074738662540479155, 0.004000117461739876, 0.9789309861908123], [0.002773366429953724, 0.004035540769013967, 0.987318608319701, 0.005872484381331362]], "ideal": "B", "sampled": "B", "correct": true}}
{"type": "result", "data": {"idx": 1, "options": ["Quickly investigate to make certain your product is definitely the cause of the illness.", "Stop all sales of the product throughout the nation and issue a recall for that product.", "Stop sales of the product in the Albany, New York, market and issue a recall for that product.", "Issue a press release to the Albany, New York, market explaining how to treat the symptoms."], "probs": [[0.07541621784699692, 0.7159098679415545, 0.1809277459433245, 0.027746168168123975], [0.043713502744362046, 0.4701010899896991, 0.016084317176239777, 0.4701010899896991], [0.0523853904826293, 0.11095888311184034, 0.8196430312348473, 0.01701269507068303], [0.04273296588917337, 0.09047250638970528, 0.008415253770714242, 0.8583792738504071], [0.04135552460383681, 0.015222466203541852, 0.7333217993254705, 0.2101002097671508], [0.04199114213619706, 0.01363628311369409, 0.10072560209411378, 0.8436469725559951], [0.20232764110547205, 0.6235159108557192, 0.1575483846232891, 0.016608063315519582], [0.3402055989918116, 0.34031092039578414, 0.019193084300844272, 0.30029039621155995], [0.07161249841328658, 0.049239619713071704, 0.8724846688707837, 0.006663212902858019], [0.031411959752470714, 0.040333754070713476, 0.010197289904946933, 0.9180569961718689], [0.055085205151799814, 0.012302186476351042, 0.8618610596747985, 0.07075154859705055], [0.07978725046151866, 0.013869579208355999, 0.0483882329227554, 0.8579549373073699], [0.03424578488211961, 0.5359545863659817, 0.41719908539830647, 0.012600543253592198], [0.03758833528985949, 0.5880307510798933, 0.017752706870503874, 0.35662820665974326], [0.034913120030702384, 0.0575852039751725, 0.9006253169146896, 0.006876358979435509], [0.015278090145729279, 0.032346010958009534, 0.007216858844874954, 0.9451590399513862], [0.033512595339793116, 0.010886110416412189, 0.8644852226248413, 0.09111607151895335], [0.03454639948215283, 0.009900269494132452, 0.06453761109140597, 0.8910157198323088], [0.017350371193758214, 0.07778645813157764, 0.8362022586580101, 0.06866091191665402], [0.014543392897201059, 0.17716142780929697, 0.107439079880761, 0.700856099312741], [0.019603196310491084, 0.27069753103196964, 0.6492984817723747, 0.060400790785164596], [0.02069791285461431, 0.15291829889901232, 0.04964529879634225, 0.7767384893500311], [0.02143914997363276, 0.04539696871780375, 0.38001805540099354, 0.5531458258075699], [0.029638716811175227, 0.055372416221041734, 0.15049125584559922, 0.7644976110221838]], "ideal": "B", "sampled": "A", "correct": false}}
{"type": "result", "data": {"idx": 2, "options": ["community relations", "consumer relations", "employee relations", "public issues"], "probs": [[0.015151675464487771, 0.9376288430926978, 0.03207002335746541, 0.01514945798534903], [0.007320850475964976, 0.9588422001922768, 0.008293452103530751, 0.025543497128227403], [0.017167428898395228, 0.028305773989138645, 0.937358477769766, 0.017168319242700184], [0.00834992944344361, 0.02002785273773894, 0.00650161306061133, 0.9651206046582061], [0.012598483043189652, 0.011119854770008592, 0.8831814037510449, 0.09310025833575687], [0.012087349804236426, 0.012087349804236426, 0.015517507043966948, 0.9603077932475602], [0.941328714773541, 0.01724355950253937, 0.03220099787533894, 0.009226727748580774], [0.9633355694820519, 0.013744357063132207, 0.0073529886800314135, 0.015567084674784433], [0.9645369857748441, 0.017668695411038524, 0.009451899298050851, 0.008342419416066449], [0.9642833873297721, 0.020015813007495217, 0.007360018175998082, 0.00834078138673456], [0.946828492018817, 0.015307525261503063, 0.009279189120541789, 0.028584793499138127], [0.9550534405763922, 0.015441526527859495, 0.017486015186410693, 0.012019017609337632], [0.017522299219869523, 0.013649308709430584, 0.9567813631744772, 0.012047028796222697], [0.009558886191735293, 0.009557925066941772, 0.005796425817432284, 0.9750867628238906], [0.017425182965255605, 0.9515852621349976, 0.017421204354846707, 0.013568350444900016], [0.010730900508934084, 0.9660253503563779, 0.009467955310766144, 0.013775793723921882], [0.012205084482615649, 0.01077039058344081, 0.007401057236074105, 0.9696234675978694], [0.021803419460773972, 0.014989409781677043, 0.9272494470984709, 0.03595772355907805], [0.012769062007563616, 0.00877740666252395, 0.8951804053523115, 0.08327312587760091], [0.009493089403849039, 0.008377622921380383, 0.01380771323277186, 0.9683215743419987], [0.015140368361946245, 0.9367564767362144, 0.011788954770492334, 0.036314200031347006], [0.01533543882267752, 0.9488257160789954, 0.022307476947835334, 0.013531368050491809], [0.008407461052865732, 0.012232783593887612, 0.007417854030787974, 0.9719419012224587], [0.015152649825368318, 0.01515684915856352, 0.9376073419850083, 0.03208315893105993]], "ideal": "B", "sampled": "B", "correct": true}}
{"type": "result", "data": {"idx": 3, "options": ["1917", "1922", "1925", "1927"], "probs": [[0.09460149915914817, 0.42404476751717085, 0.3741561853695416, 0.10719754785413937], [0.08322964855880666, 0.3730433396038894, 0.4226389354831217, 0.12108807625418222], [0.08606808760002992, 0.5613218032949393, 0.3004071756957647, 0.05220293330926605], [0.06152242673596447, 0.3124853202288982, 0.5837085485649304, 0.04228370437020698], [0.07368572937865056, 0.7921962288756511, 0.08348302697827724, 0.05063501466742102], [0.07828829420769892, 0.7428383326195848, 0.14624041189284878, 0.03263296117986755], [0.8575637387608198, 0.0427176731188961, 0.07038144805909277, 0.029337139961191257], [0.8010921449254806, 0.04521790803329872, 0.09566864270161457, 0.05802130423960599], [0.6424494564575154, 0.3035788918610385, 0.03198824166898852, 0.021983409912457546], [0.5562344478128551, 0.262823566982863, 0.1593744367551255, 0.021567548349156324], [0.42882645709846884, 0.48608547708269056, 0.03989328593213049, 0.045194779786710125], [0.39779379367137935, 0.3978839158929278, 0.18790447430066048, 0.01641781603503236], [0.771306648974375, 0.03842733054637562, 0.15186782160582651, 0.038398198773422924], [0.7981080798580534, 0.03976260690333888, 0.12239385242698564, 0.039735460711622046], [0.8446686850950188, 0.10092170455252686, 0.02550910583103714, 0.02890050442141713], [0.7629286759765259, 0.1502681247779681, 0.0709691207184323, 0.015834078427073624], [0.4711650819395499, 0.4712535650274584, 0.03412542957188376, 0.023455923361107876], [0.4954624170120708, 0.4373494907596845, 0.05222529422420078, 0.014962797904043937], [0.8362976027299718, 0.0324564439195886, 0.07778780451338718, 0.05345814873705238], [0.7766991459430928, 0.03869288515229352, 0.13495923929323214, 0.04964872951138153], [0.8303480465135652, 0.06818157950243185, 0.041336590896774314, 0.060133782987228594], [0.7524395282582078, 0.07933638554402582, 0.14817679506495132, 0.020047291032815037], [0.8386023905337202, 0.10019947904723087, 0.028692784693533382, 0.032505345625515575], [0.7576140150459705, 0.13171368811505843, 0.09048408997181445, 0.020188206767156623]], "ideal": "B", "sampled": "D", "correct": false}}
{"type": "result", "data": {"idx": 4, "options": ["Product-oriented", "Person-oriented", "Idea-oriented", "Message-oriented"], "probs": [[0.00823446998565898, 0.007268907821679478, 0.9519235896239344, 0.032573032468727135], [0.009898355654000874, 0.00600641935039498, 0.371507923609739, 0.6125873012858651], [0.00979299700726973, 0.8815926706621311, 0.02661856568868552, 0.08199576654191368], [0.00924081038837594, 0.942735216916688, 0.028461175759428598, 0.01956279683550745], [0.011983269350628694, 0.44969694538907046, 0.02874636573299242, 0.5095734194273084], [0.012868972134356425, 0.3319330122381156, 0.6202125375410813, 0.034985477986446696], [0.012128551923144505, 0.0064943215602738785, 0.9637258704613877, 0.017651255955193967], [0.021160031780215575, 0.007787567727248888, 0.4251017703792374, 0.5459506300132981], [0.01349027773062708, 0.946020511188598, 0.015287280522532982, 0.025201930458241893], [0.010701106690738503, 0.9634330119175752, 0.012125388525953927, 0.01374049276573234], [0.020980899330740255, 0.4214550091453234, 0.01634344767017321, 0.5412206437537631], [0.018702144133357364, 0.25822365331319513, 0.70187791470555, 0.02119628774789751], [0.9265973679824311, 0.010302792696223926, 0.01697016046182146, 0.04612967875952353], [0.9335202603724065, 0.010378067145223262, 0.04101360863873364, 0.015088063743636497], [0.9373818809604151, 0.017177885716513967, 0.013369197273578904, 0.032071035949492004], [0.9307815956230044, 0.015052690021066552, 0.04089102972950793, 0.013274684526421067], [0.966361187244864, 0.010742057092835917, 0.0107340803143091, 0.012162675247990983], [0.954593678799603, 0.009364554858188379, 0.025437739288747912, 0.010604026953460669], [0.5544165702752122, 0.018983026233385682, 0.04550661044897217, 0.38109379294243], [0.45230981924289826, 0.017553753528930665, 0.5125963454156021, 0.01754008171256898], [0.7039093839435192, 0.051010335771661336, 0.016554362761914018, 0.22852591742290543], [0.8793086683591959, 0.04379634846943093, 0.05621562311222228, 0.020679359959150902], [0.8590298678178303, 0.11627515924044204, 0.010812824142961336, 0.0138821486987663], [0.8861714478656018, 0.07275138205179771, 0.02675681344166793, 0.01432035654093264]], "ideal": "C", "sampled": "C", "correct": true}}
{"type": "result", "data": {"idx": 5, "options": ["to develop a vision statement", "to interpret trends for management", "to interpret the organization's business plan", "to consider the role public relations might play"], "probs": [[0.030348094736928854, 0.8869905737804397, 0.01840794825584931, 0.0642533831267822], [0.0297337224173038, 0.869187575564296, 0.07133859994159161, 0.029740101976808566], [0.03149542968962334, 0.05885037428613984, 0.812614563073222, 0.09703963285101483], [0.04226579936468167, 0.05427269325167391, 0.05427269325167391, 0.8491888140319706], [0.04487097070656471, 0.13825694622968812, 0.7956667796838042, 0.02120530327994297], [0.04573627103153959, 0.12431802367818633, 0.01906571501552922, 0.8108799901747449], [0.7619604013463418, 0.029546376865129006, 0.015812993342580236, 0.19268022834594892], [0.7889204024479635, 0.02103568985847878, 0.15537504850264333, 0.034668859090914446], [0.7357699507262331, 0.04150930178059194, 0.011891914906956463, 0.21082883248621853], [0.750260845222678, 0.022665912747584605, 0.18971595554927403, 0.037357286380463366], [0.7525800619981752, 0.167934495654448, 0.017701419431278995, 0.06178402281609782], [0.7981195477362206, 0.12240325870805492, 0.039741161590433116, 0.039736031865291344], [0.06130553530154174, 0.02255929541305519, 0.846647645027, 0.06948752415840306], [0.0677648994819779, 0.019419716343618863, 0.08701956870435189, 0.8257958153700513], [0.053697668310646214, 0.7413819472945169, 0.017436595729316894, 0.18748378856552003], [0.05406090163553211, 0.7465783245624821, 0.16656264412879307, 0.03279812957319268], [0.07249095884284072, 0.13542390978221133, 0.012596384721928583, 0.7794887465530194], [0.08431895154913499, 0.08434618342146764, 0.8003075792613844, 0.03102728566801299], [0.12292698220005786, 0.03992226540990606, 0.8019169805775208, 0.03523377171251528], [0.15503103047725147, 0.030527418405616367, 0.02693764322004081, 0.7875039077970913], [0.15227647719836, 0.7735003534741335, 0.018190986255247312, 0.05603218297225914], [0.16759494382391038, 0.7513665156043927, 0.03300848316465809, 0.04803005730703885], [0.12179445791725743, 0.07386824680527614, 0.009997498503752504, 0.7943397966737139], [0.09798465306389556, 0.05944716417267714, 0.8206973396066265, 0.021870843056800815]], "ideal": "B", "sampled": "B", "correct": true}}
{"type": "result", "data": {"idx": 6, "options": ["When victims of abuse remain silent about the abuse", "When people hide their opinions if they do not agree with the majority", "When people hide their opinions if they are in disagreement with their close peers or family members", "When public relations uses opinion poll results to generate support for a particular issue"], "probs": [[0.008065934033165707, 0.9322331131759714, 0.0525837100116498, 0.007117242679213184], [0.01012628173613073, 0.7097966219664662, 0.01891686619644973, 0.26116023000095334], [0.009375277687433544, 0.3986469414001536, 0.5799375636869022, 0.012040217125510577], [0.013450904777357891, 0.3060718271229083, 0.03226201764649769, 0.6482152503532361], [0.008017453207422622, 0.01923287063282412, 0.9266124185562552, 0.046137257503498015], [0.008609810657601729, 0.020652305258854167, 0.8781583472848262, 0.09257953669871787], [0.6322503816190478, 0.02452488807952078, 0.33839673290990574, 0.0048279972915256505], [0.44049248396614676, 0.040975473144685984, 0.019348559478118293, 0.49918348331104895], [0.9446015493324103, 0.0470339759225772, 0.003407130031018329, 0.004957344613994235], [0.9393260804918055, 0.05299589930603, 0.0038390100510822143, 0.0038390100510822143], [0.3940781943216266, 0.08793736231949466, 0.011899286857735133, 0.5060851564011436], [0.5905699658543055, 0.048495293246669104, 0.35819882356517607, 0.0027359172338492508], [0.012176180994272565, 0.012178961923648434, 0.9672738302209775, 0.008371026761101472], [0.02528689935894036, 0.01353734610669764, 0.011944685816703701, 0.9492310686176583], [0.03673755954979817, 0.9475891522631072, 0.0063840312718939, 0.009289256815200654], [0.036817488337087124, 0.9495355746795832, 0.007249016978840943, 0.006397919904488759], [0.025185339103383074, 0.022228518457297418, 0.007216542945049744, 0.9453695993942698], [0.015468432566466824, 0.022510170934333454, 0.9569980501171603, 0.005023346282039418], [0.011239765106137365, 0.012738432615294955, 0.8929567849026543, 0.08306501727591342], [0.011131284994081309, 0.011133018185284345, 0.7803633917419815, 0.19737230497865274], [0.017180363306616167, 0.7304725301908792, 0.015160472653163266, 0.23718663374934135], [0.020949442298445156, 0.8909009847659697, 0.08285208188357515, 0.005297490952010051], [0.021966238125974456, 0.389360911249271, 0.021967895880058295, 0.5667049546446963], [0.01762912633134423, 0.6615811678140245, 0.3124601586287396, 0.008329547125891623]], "ideal": "A", "sampled": "B", "correct": false}}
{"type": "result", "data": {"idx": 7, "options": ["Research and evaluation", "Strategy and evaluation", "Strategy and implementation", "Objectives and implementation"], "probs": [[0.2579770347519474, 0.5462465204311562, 0.0739049304365978, 0.12187151428029865], [0.17693707081490045, 0.3745757881240618, 0.07375164219369619, 0.3747354987673416], [0.3500271647834728, 0.3088697974891424, 0.21232276928225463, 0.12878026834513015], [0.2617042635407087, 0.296576769263254, 0.2617803786800187, 0.17993858841601865], [0.20913000402743448, 0.16288737951080323, 0.3908350169267826, 0.2371475994349797], [0.16175354489577815, 0.18332977193726274, 0.3881091408406497, 0.26680754222630937], [0.33431062090237074, 0.5511850221334536, 0.03991680235015316, 0.07458755451402253], [0.3322789519221629, 0.42669858451533654, 0.08401327209883948, 0.15700919136366104], [0.4960025419096192, 0.05230369654472957, 0.3409903854277503, 0.11070337601790091], [0.5485199191978314, 0.08412590942540274, 0.1386541154627426, 0.22870005581402322], [0.33698576215903964, 0.1405046537753993, 0.3819731162086457, 0.1405364677569153], [0.36026291962052104, 0.31795807722136477, 0.10320877720251416, 0.21857022585560007], [0.1920630456007725, 0.3588516658356804, 0.2795264678984532, 0.1695588205650939], [0.18781280704761225, 0.18784594723306702, 0.35094240461735865, 0.2733988410019621], [0.2746693409803218, 0.31124114059551083, 0.0612823944840424, 0.35280712384012497], [0.31131159328352864, 0.3527622713462727, 0.18883519800100257, 0.14709093726919614], [0.1541853025565671, 0.41911908029503153, 0.05671675404830025, 0.36997886300010113], [0.22205742364177464, 0.6036695612486442, 0.0925673137301282, 0.08170570127945288], [0.1031063630610958, 0.31768232107439265, 0.4623297085548587, 0.11688160720965286], [0.08843704114483218, 0.3497752766756681, 0.1652221344569029, 0.3965655476225968], [0.1411066269073865, 0.43472588447003163, 0.33856488233012555, 0.08560260619245627], [0.12299952288233516, 0.551331443989831, 0.09579934638378633, 0.22986968664404744], [0.09688394948842631, 0.383214222596153, 0.08549978965409978, 0.43440203816132084], [0.1594750946874462, 0.556765646451471, 0.15951602817510677, 0.1242432305859761]], "ideal": "A", "sampled": "B", "correct": false}}
{"type": "result", "data": {"idx": 8, "options": ["Defining the program", "Planning the program", "Taking action and implementing ideas", "Evaluation of the program"], "probs": [[0.1712224243586234, 0.7674008344111121, 0.038203244062438316, 0.023173497067826225], [0.157275504928396, 0.7988207100495895, 0.027327069368925976, 0.016576715553088518], [0.05546442351584048, 0.06285290343329634, 0.8676574720323913, 0.014025200918471854], [0.12936988327062726, 0.07845601351010026, 0.04758597484217845, 0.744588128277094], [0.08960239287902869, 0.04234333193962785, 0.8504062605035146, 0.017648014577828844], [0.16513134031619406, 0.0473073525564661, 0.04730399979499798, 0.7402573072323418], [0.17793747848553312, 0.7974215251132853, 0.014603399085953353, 0.010037597215228117], [0.19825748977254945, 0.7841865968132259, 0.009869215949243304, 0.0076866973649813925], [0.14047535887527973, 0.045615456922009, 0.8084611943372104, 0.005447989765500786], [0.16778254726057887, 0.0544710166349499, 0.02572624604907363, 0.7520201899553977], [0.08278747224917232, 0.020937322543534493, 0.8902776196672185, 0.00599758544007465], [0.1411070010936659, 0.027785617597144874, 0.01909263542079678, 0.8120147457883924], [0.01986988277798093, 0.4522364475033893, 0.5124189896106257, 0.01547468000800399], [0.03423199159256005, 0.606730836769789, 0.034226984802250206, 0.3248101867354007], [0.018892413531191504, 0.708890934652287, 0.26075849662977846, 0.011458155086743032], [0.024656920448932886, 0.816525124393478, 0.016944382811442105, 0.14187357224614697], [0.02470087204550098, 0.03172214258020971, 0.8181248719591252, 0.12545211331516407], [0.022871728046972427, 0.029369606361336804, 0.5899412389651323, 0.35781742652655846], [0.027159163801522272, 0.7006478328506575, 0.2576569921759006, 0.014536011071919689], [0.038427775365628095, 0.6810904347330905, 0.029922623319164326, 0.2505591664821171], [0.02386415102709917, 0.42304315241435503, 0.5431455424654387, 0.009947153993107046], [0.032832432290367024, 0.6594570229328565, 0.03282626320967935, 0.27488428146709715], [0.030152970191822503, 0.038727759373299676, 0.7779480029734042, 0.15317126736147368], [0.01606535532885564, 0.04948265086557366, 0.6831475470159737, 0.25130444668959695]], "ideal": "B", "sampled": "A", "correct": false}}
{"type": "result", "data": {"idx": 9, "options": ["ingratiation", "downplaying", "distancing", "nonexistence"], "probs": [[0.07013545929684235, 0.1484849750847151, 0.11564020811355041, 0.6657393574048921], [0.03577991607967514, 0.124935955960252, 0.8146847561554718, 0.024599371704601105], [0.0869792657623359, 0.1265704380806788, 0.14341354902940154, 0.6430367470275837], [0.0327975387792985, 0.10106811246412221, 0.8462328581894316, 0.019901490467147686], [0.0675966844310823, 0.8238595495529446, 0.0766069699720563, 0.03193679594391679], [0.06067716487911107, 0.8380682090073106, 0.06876998573371719, 0.03248464027986109], [0.04945275799020516, 0.10469764231986886, 0.07195757677226104, 0.7738920228176649], [0.03761206572695126, 0.09027467085045882, 0.8564243581163443, 0.015688905206245538], [0.04757831138520502, 0.07845558663728748, 0.12935139960348138, 0.7446147022740262], [0.023586508130442534, 0.0726652061269222, 0.8853729561909452, 0.018375329451690046], [0.03528627198451659, 0.9105292453551003, 0.03529332768472229, 0.018891154875660836], [0.03482461934414283, 0.8985877588487295, 0.03946426007934261, 0.02712336162778504], [0.04402159153974915, 0.0822431594051134, 0.09318888186476558, 0.7805463670903718], [0.03674204237458762, 0.11321126956730006, 0.8365244435980677, 0.013522244360044604], [0.06673243243429715, 0.14129457524230313, 0.23295536736570588, 0.5590176248576939], [0.026386737678422017, 0.08129940711169414, 0.874171015897866, 0.01814283921201776], [0.05003663636325545, 0.8873925406505707, 0.044160508602029185, 0.018410314284144667], [0.05535419006359775, 0.866155461533556, 0.0488570494171915, 0.029633298885654667], [0.3465533243274091, 0.504399595715331, 0.11251787053220626, 0.03652920932505361], [0.34489693334871235, 0.5019509064885583, 0.11196320210863686, 0.04118895795409246], [0.35964121741108546, 0.19251957175222872, 0.4074920339569498, 0.04034717677973604], [0.5201552146222433, 0.21683296038275568, 0.13150591244750046, 0.13150591244750046], [0.3136125896143997, 0.1902513858560624, 0.4562646584133413, 0.039871366016196605], [0.595437833539276, 0.15056234821009548, 0.15052823945161792, 0.1034715786990105]], "ideal": "B", "sampled": "D", "correct": false}}
{"type": "result", "data": {"idx": 10, "options": ["It hasn't", "Doubled", "Tripled", "Quadrupled"], "probs": [[0.06778275132377448, 0.08704160251000956, 0.3442169760927609, 0.5009586699734551], [0.08321921588556667, 0.121095427270756, 0.4226426513267311, 0.3730427054169462], [0.08063229472994242, 0.2814810380609871, 0.3189069151152244, 0.31897975199384604], [0.06314896140583122, 0.22043666569825024, 0.4666112730425581, 0.24980309975336043], [0.09016775674841235, 0.4041751773316498, 0.1908851336826656, 0.3147719321372722], [0.05963917692910887, 0.34326423617710233, 0.38889627258263393, 0.2082003142111548], [0.13861092872049013, 0.0450100934273812, 0.33249845973616876, 0.4838805180159599], [0.16089697248862028, 0.06708535456068221, 0.3859894351115971, 0.38602823773910033], [0.18115081026196067, 0.3384497786604403, 0.04580012742568112, 0.4345992835519179], [0.12243688850370556, 0.2937260567848211, 0.5487524866509048, 0.03508456796056854], [0.146943490952167, 0.3994765967394126, 0.054054856898947956, 0.3995250553094724], [0.13087401182755445, 0.5176795278770472, 0.3139504287510212, 0.03749603144437717], [0.22336164613878004, 0.0725314707802304, 0.41727415655718675, 0.2868327264238028], [0.20652323651449098, 0.06706358391771257, 0.3858361782368201, 0.34057700123097634], [0.29532721635726233, 0.29532721635726233, 0.07466015218941814, 0.3346854149960572], [0.25163008748545196, 0.2220851058431926, 0.4701297948513394, 0.056155011720016024], [0.2174808941487278, 0.460432460150472, 0.04282022272790011, 0.2792664228729001], [0.2457207420225977, 0.5895091602105786, 0.1315138855489496, 0.03325621211787408], [0.3159505293325565, 0.0799122717850904, 0.24606254487585438, 0.35807465390649873], [0.2827182155969877, 0.07150216506454829, 0.3630007559145197, 0.2827788633239443], [0.36143768117407005, 0.24841224784063837, 0.07116367882049135, 0.31898639206480023], [0.3879147978950225, 0.18325759059017588, 0.38793491446218253, 0.04089269695261908], [0.28918413509898916, 0.28920112242344453, 0.05024989527240382, 0.3713648471051625], [0.36108165639491063, 0.3611203100066836, 0.24815547232683727, 0.029642561171568504]], "ideal": "C", "sampled": "D", "correct": false}}
{"type": "result", "data": {"idx": 11, "options": ["They both require research monitoring.", "They both deal with acute risks.", "New organizational practices are developed as a result of each.", "Both have the potential to damage an organisation's reputation."], "probs": [[0.038033067751228264, 0.8657073280946886, 0.06269553978081946, 0.03356406427326362], [0.06074526860147284, 0.7399526182570748, 0.05359680165114875, 0.14570531139030357], [0.052190133794881285, 0.340467491649587, 0.5612704899677148, 0.04607188448781691], [0.0693899732395146, 0.452529099689119, 0.07862914076430934, 0.39945178620705707], [0.04879368831970822, 0.04307752510240532, 0.8650512613754812, 0.04307752510240532], [0.05859908811683917, 0.03557269261580859, 0.8091564147514215, 0.09667180441593073], [0.05595973073651568, 0.03847921854315459, 0.8755966913344199, 0.02996435928590983], [0.10947553567665844, 0.04564034463812703, 0.03554473365015332, 0.8093393859350612], [0.22020762677902656, 0.678422867132872, 0.03826634988404959, 0.06310315610405184], [0.34434804060332624, 0.5679097132717664, 0.04113049401579396, 0.0466117520091134], [0.31089558731046363, 0.054038572245818095, 0.05401962541964434, 0.5810462149240739], [0.056449069891110884, 0.0302369834394179, 0.8830875634441692, 0.03022638312530209], [0.13503754389123185, 0.04386016807751163, 0.7772526885025174, 0.043849599428739096], [0.6654862064564977, 0.04823967428318621, 0.0701417304610899, 0.21613238869922613], [0.8089893436025135, 0.14060766498659263, 0.019029179070307285, 0.03137381224058661], [0.795831340068027, 0.13833755103149584, 0.030857729917290237, 0.034973378883186884], [0.7850874632367417, 0.04432290775510411, 0.05017760004280305, 0.1204120288653511], [0.2911842280702729, 0.05737335243490675, 0.6166532244546041, 0.03478919494021617], [0.059596803872442844, 0.04098279947833524, 0.8228728967926037, 0.0765474997566182], [0.06175433820705099, 0.037486757939707356, 0.7525547714056223, 0.1482041323476193], [0.06802211295746355, 0.6453758688891751, 0.07707915739962609, 0.2095228606537353], [0.06579851015304995, 0.5510489056651414, 0.26021130513420976, 0.12294127894759892], [0.039291670289462975, 0.789122554135193, 0.0647695910585182, 0.10681618441682571], [0.04564912633755707, 0.8093020945324658, 0.1094972048199099, 0.03555157421006726]], "ideal": "B", "sampled": "C", "correct": false}}
{"type": "result", "data": {"idx": 12, "options": ["1917", "1922", "1925", "1927"], "probs": [[0.09460149915914817, 0.42404476751717085, 0.3741561853695416, 0.10719754785413937], [0.08322964855880666, 0.3730433396038894, 0.4226389354831217, 0.12108807625418222], [0.08606808760002992, 0.5613218032949393, 0.3004071756957647, 0.05220293330926605], [0.06152242673596447, 0.3124853202288982, 0.5837085485649304, 0.04228370437020698], [0.07368572937865056, 0.7921962288756511, 0.08348302697827724, 0.05063501466742102], [0.07828829420769892, 0.7428383326195848, 0.14624041189284878, 0.03263296117986755], [0.8575637387608198, 0.0427176731188961, 0.07038144805909277, 0.029337139961191257], [0.8010921449254806, 0.04521790803329872, 0.09566864270161457, 0.05802130423960599], [0.6424494564575154, 0.3035788918610385, 0.03198824166898852, 0.021983409912457546], [0.5562344478128551, 0.262823566982863, 0.1593744367551255, 0.021567548349156324], [0.42882645709846884, 0.48608547708269056, 0.03989328593213049, 0.045194779786710125], [0.39779379367137935, 0.3978839158929278, 0.18790447430066048, 0.01641781603503236], [0.771306648974375, 0.03842733054637562, 0.15186782160582651, 0.038398198773422924], [0.7981080798580534, 0.03976260690333888, 0.12239385242698564, 0.039735460711622046], [0.8446686850950188, 0.10092170455252686, 0.02550910583103714, 0.02890050442141713], [0.7629286759765259, 0.1502681247779681, 0.0709691207184323, 0.015834078427073624], [0.4711650819395499, 0.4712535650274584, 0.03412542957188376, 0.023455923361107876], [0.4954624170120708, 0.4373494907596845, 0.05222529422420078, 0.014962797904043937], [0.8362976027299718, 0.0324564439195886, 0.07778780451338718, 0.05345814873705238], [0.7766991459430928, 0.03869288515229352, 0.13495923929323214, 0.04964872951138153], [0.8303480465135652, 0.06818157950243185, 0.041336590896774314, 0.060133782987228594], [0.7524395282582078, 0.07933638554402582, 0.14817679506495132, 0.020047291032815037], [0.8386023905337202, 0.10019947904723087, 0.028692784693533382, 0.032505345625515575], [0.7576140150459705, 0.13171368811505843, 0.09048408997181445, 0.020188206767156623]], "ideal": "B", "sampled": "D", "correct": false}}
{"type": "result", "data": {"idx": 13, "options": ["270", "600", "2,800", "5,200"], "probs": [[0.26518155327089216, 0.49536790673105957, 0.1419252816561371, 0.09752525824191113], [0.2555183720422876, 0.47733282149032724, 0.04170573052149943, 0.22544307584588574], [0.267545549041506, 0.09843192920272753, 0.5663939075619286, 0.06762861409383782], [0.38196111994316195, 0.14051564898356897, 0.1404996302360033, 0.3370236007372658], [0.22870628406540028, 0.06553700956267457, 0.5485937921806219, 0.15716291409130326], [0.26652597584067916, 0.08652831355277733, 0.43939174887937, 0.20755396162717352], [0.1807423938464145, 0.7149006563849956, 0.045695788132394236, 0.058661161536195716], [0.1736500787928244, 0.6868545130869849, 0.03419372671451839, 0.10530168130567236], [0.1305713494693946, 0.06990468449262582, 0.7514894547941106, 0.048034511143869016], [0.23969398196518985, 0.1647305574335376, 0.08816961658003869, 0.5074058439212339], [0.14178673170957037, 0.05217021975287289, 0.7200523989699961, 0.08599064946756065], [0.18832492616016386, 0.06114910101484969, 0.35181384882001027, 0.3987121239049762], [0.05722329094014261, 0.6152547276389532, 0.29058323772264416, 0.03693874359826007], [0.058153884133384126, 0.6251659555710107, 0.02139361630820123, 0.2952865438874039], [0.050067176848341055, 0.22437057467513075, 0.6911560609144354, 0.034406187462092765], [0.06921879343258323, 0.39827520467274824, 0.02111053696103868, 0.5113954648336299], [0.08063098583069937, 0.06280524704161485, 0.7651899969312531, 0.09137377009643266], [0.1058848523812994, 0.09344304560925785, 0.3261291457266376, 0.4745429561828052], [0.05690161338007495, 0.6117499489368017, 0.22505024846760766, 0.10629818911551567], [0.05515499494649255, 0.671925375870111, 0.10304309580253937, 0.16987653328085708], [0.0565375679975221, 0.25336466652776596, 0.6078361015812496, 0.08226166379346238], [0.06450993062320214, 0.2890556562051076, 0.10633763320938443, 0.5400967798623059], [0.05175951315539227, 0.12416461571422643, 0.7145180371627218, 0.10955783386765948], [0.06045269265503667, 0.14500939952629147, 0.3478198375042638, 0.44671807021440807]], "ideal": "C", "sampled": "A", "correct": false}}
{"type": "result", "data": {"idx": 14, "options": ["Enabling", "Functional", "Normative", "Diffused"], "probs": [[0.2921969303821688, 0.6186324938745522, 0.0651889155460292, 0.0239816600972498], [0.2795716059183687, 0.6707133250332716, 0.02946446101284658, 0.02025060793551309], [0.23200052196445906, 0.1096017845371434, 0.6306891825305947, 0.027708510867802825], [0.14323109546992352, 0.07667137022300057, 0.05268571956695202, 0.7274118146401238], [0.12180242796054631, 0.0652040507100261, 0.7943138065125216, 0.01867971471690597], [0.11724757666561497, 0.055390553136233374, 0.06275178979354289, 0.7646100803046088], [0.539608986791183, 0.32728938538269325, 0.10624059479601607, 0.02686103293010776], [0.5506228968136105, 0.3784372322907271, 0.03988073139628511, 0.031059139399377173], [0.5730601505879191, 0.08788808368841039, 0.30672672159341324, 0.03232504403025729], [0.748107340196632, 0.11473298303829269, 0.0478200518521507, 0.08933962481292453], [0.5194719239746641, 0.09028163960114167, 0.3570410475880104, 0.033205388736183804], [0.7193769269415856, 0.09736302566570224, 0.08591058913437662, 0.09734945815833551], [0.05334767773334201, 0.3479101949134478, 0.5735415700424069, 0.025200557210803273], [0.0390422243483064, 0.22465789299505692, 0.044235226521560894, 0.6920646560350758], [0.053714576479546895, 0.8402954228297715, 0.08855249498109001, 0.0174375056095915], [0.044136243375847616, 0.886583970443817, 0.03894705155571269, 0.030332734524622727], [0.0418985416165401, 0.02880280869318268, 0.35082132012786965, 0.5784773294624076], [0.03915382599238279, 0.03915892219006113, 0.8911913403146943, 0.03049591140286182], [0.053168773508748705, 0.3467311010861249, 0.5716398538562582, 0.02846027144886826], [0.07476002088574044, 0.20322603288087557, 0.09598468386144253, 0.6260292622719414], [0.04278774487341409, 0.8594474647544913, 0.07992999865922853, 0.017834791612866108], [0.04406456832615515, 0.8851495601125788, 0.044060891464788456, 0.026724979996477577], [0.05045079352119377, 0.04452846406884842, 0.2903242787478731, 0.6146964635620847], [0.048667150288945825, 0.05515790645305088, 0.8627224417587953, 0.033452501399207996]], "ideal": "C", "sampled": "B", "correct": false}}
{"type": "result", "data": {"idx": 15, "options": ["Audiences are more vulnerable and passive than ever before.", "Television viewing, in particular, creates increased activity in the right hemisphere of the brain.", "Active receivers are not uniformly affected by mass communication messages.", "Technology has led to increasingly passive recipients at the ends of message transmission systems."], "probs": [[0.005796281403068483, 0.010831880037304117, 0.9749364895428075, 0.0084353489168199], [0.008397055351048031, 0.01568966835708721, 0.0050943900962985575, 0.9708188860955662], [0.007430679032596979, 0.9733378117923347, 0.008421022295110278, 0.010810486779957995], [0.008394765271957007, 0.9703564782559934, 0.007410154794334921, 0.013838601577714748], [0.00951972266637416, 0.01078928581477417, 0.008401618651265864, 0.9712893727675858], [0.006564280602485426, 0.009553788231902224, 0.974329937491962, 0.009551993573650443], [0.007437703442941301, 0.0074407870518936456, 0.9742986268529943, 0.01082288255217081], [0.010795085649621249, 0.010796395089156148, 0.0065479352819781565, 0.9718605838792445], [0.009538516029624565, 0.9730975601828291, 0.006556679878725497, 0.01080724380882079], [0.008427626336218743, 0.9741876354926697, 0.006564685106219313, 0.010820052964892229], [0.010787882815927224, 0.012224991776165433, 0.0057750386045708445, 0.9712120867033365], [0.006585995951240552, 0.008459152087981139, 0.9774905269484522, 0.0074643249123260685], [0.9793208859331426, 0.006602054476548215, 0.007478447182004457, 0.0065986123083047665], [0.9756652970814144, 0.008444247059295277, 0.007450094177879147, 0.008440361581411239], [0.9767546242997232, 0.010854733113517546, 0.0058093219985979805, 0.0065813204881613125], [0.9759005542752465, 0.010844473718763263, 0.005803879378765613, 0.007451092527224599], [0.9772469223086729, 0.009583417389096717, 0.00658534302707636, 0.0065843171751539965], [0.98237885192002, 0.00662276395744996, 0.005156393375932876, 0.005841990646597195], [0.009552220077368598, 0.008431730032519168, 0.007440510357629796, 0.9745755394324824], [0.008411364119833493, 0.008414254944929811, 0.9723728901626117, 0.010801490672624954], [0.012109194755103232, 0.01996843616757083, 0.005721052997212734, 0.9622013159801132], [0.00656615809067762, 0.012270392031768707, 0.9745963305619701, 0.006567119215583478], [0.008415453174313216, 0.9727859541396402, 0.006555667176912004, 0.012242925409134527], [0.007438085906316499, 0.9743012670390333, 0.007439784638464611, 0.010820862316185557]], "ideal": "C", "sampled": "C", "correct": true}}
{"type": "result", "data": {"idx": 16, "options": ["A politician", "A house of worship", "A government institution", "A publicly-traded company"], "probs": [[0.1286598073508711, 0.30867870498662164, 0.5089995567885397, 0.05366193077396756], [0.1539052621540082, 0.47400410391132863, 0.17439753335155106, 0.19769310048311212], [0.139216124478902, 0.7070448371543571, 0.0956881117140624, 0.05805092655267857], [0.1272371430156122, 0.7322478998800198, 0.08745454381209085, 0.05306041319227711], [0.1303981014418344, 0.4551341174530246, 0.3128606541888821, 0.10160712681625887], [0.10794141343537546, 0.157063054968041, 0.7040485274096708, 0.03094700408691277], [0.28501898464916864, 0.17287274273964484, 0.47001689310343436, 0.07209137940775213], [0.35007116567037827, 0.24058687382118524, 0.30899474699724666, 0.10034721341118982], [0.287427831880771, 0.5368849434582095, 0.08234396269302803, 0.09334326186799152], [0.3112074972525559, 0.5129980348841814, 0.11449495488573527, 0.0612995128775274], [0.36954539459905966, 0.41868036357328176, 0.10587653358895989, 0.1058977081386987], [0.2933375217223567, 0.1779182092822627, 0.483741369171187, 0.045002899724193524], [0.5074324909795023, 0.23963212902725298, 0.16472753372497362, 0.08820784616827118], [0.5450885891369279, 0.1769643574776115, 0.22722671923749307, 0.05072033404796752], [0.6555901413347686, 0.18780546588083094, 0.07829386286749297, 0.07831052981690752], [0.6569515719452615, 0.16608445968612756, 0.12936144391248847, 0.04760252435612246], [0.6271044202148977, 0.26136986197509915, 0.06609218018860852, 0.04543353752139472], [0.6072361084099329, 0.2233477093171086, 0.11956391470210229, 0.049852267470856165], [0.33557446287609055, 0.15853113715861297, 0.4309845671676697, 0.07490983269762681], [0.1181641689972911, 0.08121773751045955, 0.7707265758251542, 0.029891517567095138], [0.33632517358762226, 0.38106012908373593, 0.12371210937025981, 0.15890258785838202], [0.2124729069214109, 0.24077938998104384, 0.5098045258911895, 0.03694317710635575], [0.21315196789612617, 0.6565543012127659, 0.061073133673316425, 0.06922059711779151], [0.24922906797479955, 0.597792278351348, 0.10388722163324215, 0.049091431940610365]], "ideal": "C", "sampled": "C", "correct": true}}
