{"type": "result", "data": {"idx": 0, "options": ["5 permanent members with veto power, 10 rotating members with no veto power", "5 permanent members and 10 rotating members, all with veto power", "10 permanent members with veto power, and 5 rotating members without veto power", "15 permanent members with veto power"], "probs": [[0.9844263383069317, 0.007522380598305123, 0.004026440270609289, 0.0040248407241538385], [0.9835994123551943, 0.006635436241539991, 0.0031338263851811783, 0.006631324918084538], [0.989647820873766, 0.004049141265971543, 0.0031518540398680728, 0.003151183720394337], [0.987104430812826, 0.004575496798005994, 0.0024484590450179157, 0.005871613244150111], [0.98566940925047, 0.002771932729553254, 0.00403079032221551, 0.007527867597761257], [0.9838785480046593, 0.0024424109020410954, 0.005165121957965669, 0.008513919035333908], [0.04167814470956632, 0.9489472574267088, 0.004395492681479071, 0.00497910508224578], [0.05275882275157238, 0.9357726273582174, 0.003375369499268342, 0.008093180290941826], [0.025621016244066337, 0.008331742354104455, 0.961591149513891, 0.004456091787938122], [0.34240590073048854, 0.013290866870930897, 0.004312695196407193, 0.6399905371021734], [0.012251356103384735, 0.0035141104634536756, 0.9734174941373738, 0.010817039195787833], [0.09413778009749017, 0.003654338698148161, 0.008756837544143591, 0.8934510435602181], [0.020141142665115793, 0.9708683755798806, 0.004495487395145009, 0.004494994259858563], [0.01776111367446391, 0.9700060192412213, 0.0027251640250909913, 0.009507702959223806], [0.03997843278004461, 0.045338805560881316, 0.9099048486718485, 0.004777912887225581], [0.19916251828404782, 0.4217659942573347, 0.0068180595464842515, 0.3722534278121332], [0.032107078432817834, 0.0071728753060252195, 0.9386381172187235, 0.02208192894243341], [0.0803037218232482, 0.007476243948664362, 0.15001429648646214, 0.7622057376416252], [0.010785579780766465, 0.9710153430755171, 0.007414837436147232, 0.010784239607569246], [0.012199253019054685, 0.9698357865725215, 0.005764093307200989, 0.012200867001222889], [0.011586128603408491, 0.058878287009092554, 0.920507659069327, 0.009027925218171935], [0.04912885076650921, 0.4114499519132292, 0.010964769419629884, 0.5284564278006317], [0.057031206242506106, 0.023796334327408065, 0.8922160169455782, 0.026956442384507617], [0.1391093480722365, 0.03106010293027099, 0.12279315144657099, 0.7070373974509215]], "ideal": "A", "sampled": "A", "correct": true}}
{"type": "result", "data": {"idx": 1, "options": ["It allowed the US to intensify its involvement in Vietnam", "It illustrated the influence of public opinion on US foreign policy", "It enhanced Congressional control over the Vietnam War", "It curtailed US involvement in Vietnam"], "probs": [[0.9826321732380878, 0.007507982753290297, 0.004017565230806408, 0.005842278677815427], [0.9574052549198897, 0.012058782031483093, 0.005025071330125514, 0.02551089161850164], [0.9880702370776449, 0.005190192961362297, 0.0021633419118913073, 0.00457622794910151], [0.9847790240395361, 0.007524468175991132, 0.0031360762985853568, 0.004560431385887399], [0.9351687661200383, 0.01941615763347911, 0.004331612600314087, 0.04108346354616851], [0.9685609267535751, 0.015663158030261207, 0.008381268877582547, 0.007394646238581125], [0.01779913680200222, 0.97168205213221, 0.00397236963190839, 0.0065464413338793374], [0.03242744535281564, 0.9476688591529926, 0.006386882684364021, 0.013516812709827693], [0.012244536798687262, 0.0074293283381237744, 0.9728984893248649, 0.007427645438324085], [0.0035734408390835823, 0.004050156709233796, 0.0014900966138496523, 0.990886305737833], [0.007432741898218482, 0.012257691231809859, 0.9737489628109302, 0.006560603959041534], [0.004044856728814798, 0.004045832289176176, 0.002165577761186231, 0.9897437331208228], [0.007516812325871479, 0.9843727674850329, 0.003551870020887307, 0.004558550068208298], [0.010886438715619527, 0.9799660078213891, 0.00400607133221533, 0.0051414820307760095], [0.006613800119778835, 0.0058388685128897755, 0.9817098704484744, 0.00583746081885706], [0.001919587121579655, 0.002464996773101879, 0.0013196503932537914, 0.9942957656120647], [0.00516551213619984, 0.005854914411412846, 0.9844203150055972, 0.004559258346790111], [0.0019188505039455608, 0.002464213456477867, 0.001693908158121807, 0.9939230277814548], [0.006629940948579145, 0.9839703975772627, 0.003549792065547481, 0.00584986930861066], [0.007523861149507427, 0.9853117946750225, 0.0031375998299448694, 0.0040267442455251745], [0.00845464539028885, 0.006587214099748907, 0.977494874901438, 0.007463265508524193], [0.004042511970201355, 0.00356831276391683, 0.0031490250373554613, 0.9892401501285263], [0.007487366404482786, 0.005147504740233486, 0.9807564553620548, 0.006608673393228943], [0.0031510218387853584, 0.004046261234805277, 0.0027811489478483773, 0.990021567878561]], "ideal": "A", "sampled": "A", "correct": true}}
{"type": "result", "data": {"idx": 2, "options": ["Terrorists", "Organized crime", "Drug traffickers", "China"], "probs": [[0.0035663902408546184, 0.00457990479020579, 0.002451446284871638, 0.9894022585840679], [0.0035455783996219993, 0.010923950624499527, 0.9830905871495255, 0.0024398837263529894], [0.004039386073435763, 0.0040408938846042235, 0.003145532283143414, 0.9887741876588166], [0.005167292080376919, 0.006638139501551712, 0.9850569891103863, 0.0031375792076850473], [0.008493020392178622, 0.9818067177653721, 0.004547391655783004, 0.005152870086666227], [0.010880618177746314, 0.9794419843280674, 0.005139639516830857, 0.004537757877355441], [0.004042106265131166, 0.003568061260728285, 0.0027777719716097966, 0.9896120604025308], [0.004022699520919587, 0.00851923358545483, 0.9846895297100021, 0.0027685370836235002], [0.004040079858862431, 0.003566774772426846, 0.0035645507742638745, 0.9888285944944468], [0.004568229516184139, 0.005869161449081835, 0.986787993575631, 0.002774615359103021], [0.00751578531196033, 0.9843736299407719, 0.003550705538669351, 0.004559879108598439], [0.007524851194134045, 0.9856760436617131, 0.002769271359143548, 0.004029833685009241], [0.004043269010279497, 0.003569087746638985, 0.0027785708931057224, 0.9896090722499757], [0.004563600219982289, 0.007527739158816654, 0.985463246362324, 0.002445414158877071], [0.004037272706744813, 0.005184566208358672, 0.0027747741353918547, 0.9880033868495046], [0.004026657201548781, 0.008525209059488281, 0.9852905243038155, 0.002157609335147501], [0.008520118653382596, 0.9847917645521207, 0.0035525699863277844, 0.0031355467081689383], [0.007523363936521161, 0.9853662257868956, 0.003554541637412304, 0.003555868539170956], [0.9797752568334721, 0.008479507599128489, 0.005141388501093874, 0.006603846966305506], [0.9780036201479111, 0.009590796770133626, 0.005813930997973572, 0.006591651983981747], [0.9852353310502346, 0.006643779094030319, 0.0035538137804101014, 0.004567075975324888], [0.9833097430219458, 0.007511259511511621, 0.004017465493065281, 0.005161531873477267], [0.9805336828560393, 0.008488537530922765, 0.0051446882706268, 0.005833091242411155], [0.9850119535068527, 0.005861235314584949, 0.004562077007523455, 0.0045647340710389065]], "ideal": "D", "sampled": "D", "correct": true}}
{"type": "result", "data": {"idx": 3, "options": ["Richard Nixon", "George H. W. Bush", "Jimmy Carter", "Ronald Reagan"], "probs": [[0.9722398160883541, 0.010807985041219827, 0.007423142163072555, 0.009529056607353583], [0.9682894529353043, 0.009498339669831561, 0.004483635344795275, 0.01772857195006879], [0.9692429214863504, 0.01776035967945422, 0.0034963795415087866, 0.009500339192686592], [0.9698739041925076, 0.017773051888998602, 0.003964013659614376, 0.008389030158879417], [0.9728676505576062, 0.007435169861330314, 0.003976273058408764, 0.01572090642265471], [0.9723645589326548, 0.00842003060725737, 0.010802808912204786, 0.008412601447883002], [0.03596407070128624, 0.9277953599803219, 0.01925379553645503, 0.016986773681936743], [0.03135005006001677, 0.9163547736302927, 0.016781998765314044, 0.035513177444376466], [0.03070940572508336, 0.05740431552959776, 0.8973787785423287, 0.014507500102990095], [0.007432777747214587, 0.012256609954907127, 0.006558908480219315, 0.973751703717659], [0.010465348093978099, 0.015235376902654219, 0.9420606099314639, 0.032238664971903815], [0.00948425192979661, 0.01074896109778422, 0.012176124603168394, 0.9675906622692507], [0.02263311584689203, 0.9625543592446224, 0.00648693623005042, 0.00832558857843513], [0.02879151909355138, 0.9536123345852879, 0.008250364163068158, 0.009345782058092543], [0.03624444843952593, 0.017135679799912935, 0.934853021589933, 0.011766850070628146], [0.01219158963663615, 0.008381438245590863, 0.010758176194401873, 0.9686687958233711], [0.019571205580911927, 0.02219045346176891, 0.9429935803224828, 0.015244760534836302], [0.012220239426783143, 0.010789248193250355, 0.005773389296257365, 0.9712171229837091], [0.009463542925971935, 0.9654888957420035, 0.007371599206307059, 0.01767596202571754], [0.012128096998857063, 0.9636137624390994, 0.012129070231021763, 0.012129070231021763], [0.02205254094797186, 0.015168205890940258, 0.9377831831054102, 0.024996069955677692], [0.015463095084786589, 0.01204596174739, 0.015463095084786589, 0.9570278479830369], [0.03697041821833111, 0.18782647092122962, 0.7425707037195868, 0.032632407040852476], [0.021235478007802677, 0.06543450312802862, 0.010034704972412567, 0.9032953137917561]], "ideal": "A", "sampled": "A", "correct": true}}
{"type": "result", "data": {"idx": 4, "options": ["on nuclear weapons signed between the United States and the Soviet Union.", "cutting conventional arms in Europe.", "to be rejected by the U.S. Senate.", "mandating the elimination of many long-range nuclear missiles."], "probs": [[0.07269034432418622, 0.030319604596076896, 0.011148574605187691, 0.8858414763745491], [0.12490058292970656, 0.024613420232906715, 0.8146909702133874, 0.03579502652399925], [0.11403734980873328, 0.025463672352271025, 0.01748819462780116, 0.8430107831111945], [0.21928094916799395, 0.03367255862317221, 0.6758262833497275, 0.07122020875910633], [0.25664486809297155, 0.697719794128955, 0.018591291715807846, 0.027044045962265582], [0.19166218804151558, 0.7583398648709219, 0.012257422976666798, 0.03774052401089581], [0.04046424892425776, 0.3839536404178233, 0.016871597481951255, 0.5587105130759676], [0.05657601116711485, 0.6893173475753986, 0.22381638499194836, 0.030290256165538168], [0.04625545596725286, 0.01703135353634134, 0.43905867613755983, 0.49765451425884594], [0.052204721612900344, 0.014967781896982257, 0.4372242483557959, 0.49560324803432154], [0.04616851470938332, 0.8183565337112169, 0.11076543747261915, 0.024709514006780647], [0.04114790648238119, 0.5012841242843414, 0.015140689964347557, 0.44242727916892977], [0.04839207309671794, 0.5203815586699921, 0.02590240779096217, 0.40532396034232776], [0.05634661737161369, 0.7782940746134521, 0.1351863824834914, 0.03017292543144271], [0.044209177607183486, 0.018445288066099436, 0.6104899434817632, 0.3268555907449539], [0.05375969711839392, 0.017462828898472095, 0.35062732831907373, 0.5781501455640602], [0.0727554860368463, 0.7824086575262473, 0.10588750281574244, 0.038948353521163916], [0.09272022458058037, 0.4155431946739084, 0.020688677011888288, 0.471047903633623], [0.5968055179798768, 0.36203857928639804, 0.018021965615369635, 0.023133937018355526], [0.6140165076752604, 0.3287745281109762, 0.012743506057110996, 0.04446545805665236], [0.5164717877446181, 0.048096908680847435, 0.40240972030878114, 0.03302158316575333], [0.20657329413146314, 0.0592092727006568, 0.013205789126668453, 0.7210116439412116], [0.6536424584945913, 0.03692924507150044, 0.24054587747798023, 0.06888241885592795], [0.2540892248895736, 0.03898338511261924, 0.016241233111426508, 0.6906861567863807]], "ideal": "D", "sampled": "D", "correct": true}}
{"type": "result", "data": {"idx": 5, "options": ["It ended the influence of American exceptionalism entirely", "Exceptionalism was enhanced by America's status as the 'leader of the free world'", "The extension of American power globally challenged core assumptions of exceptionalism", "Both b and c"], "probs": [[0.02043101788165662, 0.282123451691285, 0.020443683868906045, 0.6770018464581523], [0.025701170736772954, 0.7512683853663471, 0.1900258656586934, 0.0330045781381866], [0.008931254767524916, 0.021447622667024036, 0.05824633556961435, 0.9113747868958367], [0.018608800545090697, 0.027086404324043068, 0.057326263072022, 0.8969785319588442], [0.02012213784431341, 0.1910326242706336, 0.755661929152687, 0.033183308632365925], [0.011579621085984705, 0.040421566121529535, 0.027772159054408475, 0.9202266536380773], [0.6068071598048201, 0.049902754739654366, 0.018323989207767614, 0.3249660961477579], [0.698854080628731, 0.050719338208197504, 0.17675615623442523, 0.07367042482864625], [0.6695113503091152, 0.19204800532131155, 0.006567727504591257, 0.13187291676498197], [0.472933426377813, 0.09325797559620377, 0.41762100323666274, 0.016187594689320448], [0.6578532144230321, 0.27448986654313623, 0.013657035587378566, 0.05399988334645308], [0.5890455530650173, 0.31560663914089765, 0.06210812108866264, 0.033239686605422404], [0.01569231741833084, 0.010800201142983794, 0.756683507206148, 0.21682397413253734], [0.012142029116347841, 0.005065230377575341, 0.017666547292469286, 0.9651261931136075], [0.020622422839441316, 0.8771952756765197, 0.009748879833441563, 0.09243342155059749], [0.02179837538782385, 0.7219527779925178, 0.23444776098298611, 0.0218010855366722], [0.009407578120258572, 0.025572449866364116, 0.005036459847994667, 0.9599835120653826], [0.022519611952492056, 0.11442701347802972, 0.8455076045977185, 0.017545769871759796], [0.2650940856016374, 0.052378696056212606, 0.6364515639830022, 0.04607565425914786], [0.20959491876095696, 0.017247306694625247, 0.04126768981021174, 0.731890084634206], [0.20110583883960492, 0.7021925055352695, 0.012861104120792147, 0.08384055140433347], [0.5031153596666653, 0.3923075227964078, 0.0681233038545323, 0.03645381358239456], [0.028477293532749078, 0.02514829390849556, 0.003002546137223269, 0.9433718663215321], [0.46016890148812994, 0.21776333611339752, 0.2792550643943769, 0.042812697904095615]], "ideal": "D", "sampled": "B", "correct": false}}
{"type": "result", "data": {"idx": 6, "options": ["He believed that internal reform rather than international negotiation was the key to economic regeneration of the US", "He believed that German domination of Europe would be in US interests", "He always favoured isolationism", "All of the above"], "probs": [[0.9183772921177299, 0.016828347215233307, 0.019063471131810613, 0.04573088943522622], [0.8748465400777042, 0.02332481828011002, 0.06338238443956215, 0.038446257102623616], [0.9220373419976583, 0.016895415967776987, 0.00904083382884671, 0.05202640810571804], [0.8719739084737691, 0.03833101325307124, 0.0715921900141141, 0.0181028881590456], [0.8911299211164782, 0.05698816933113649, 0.012714548019789417, 0.03916736143259594], [0.8792483992345366, 0.08180681979365187, 0.020689654129832757, 0.018255126741978836], [0.013248257238968667, 0.928919189114966, 0.01701520370510535, 0.04081734984095997], [0.021522494632158315, 0.915342773647978, 0.03549169102771193, 0.02764304059215176], [0.010551736630086411, 0.013555907567226327, 0.9505577033335235, 0.025334652369163744], [0.010517976158299596, 0.013505349488922886, 0.028587878703876413, 0.9473887955489011], [0.020524651326203503, 0.09202710769590974, 0.8733266214710158, 0.014121619406870964], [0.016708891494768004, 0.051457933022082056, 0.01893548814708933, 0.9128976872360606], [0.01701143080990423, 0.9289202473803878, 0.013251334970477863, 0.040816986739230086], [0.027767669717064597, 0.9197228056731812, 0.035664212353658985, 0.016845312156095162], [0.010479438922034644, 0.013463486752965525, 0.9437598470875868, 0.03229722713741302], [0.010644518471808638, 0.010645760856088338, 0.019884397649516352, 0.9588253229225867], [0.034963990154417396, 0.3319420091386285, 0.6202217103022282, 0.012872290304725939], [0.020195226569513374, 0.10255049435657025, 0.01782394919229734, 0.859430329781619], [0.15829660011576455, 0.8040689236649616, 0.010122367189298837, 0.027512108929974976], [0.21471643556050113, 0.7497446650519174, 0.015561627153844395, 0.01997727213373704], [0.04818715805414109, 0.0794822544971159, 0.8545923725636358, 0.017738214785107124], [0.04565506685749723, 0.021576055712187462, 0.014826376548126212, 0.9179425007821891], [0.10762071083867918, 0.08386163584510928, 0.7956570549113883, 0.012860598304823289], [0.04586248733350158, 0.019122940954519645, 0.013142991491473284, 0.9218715801205055]], "ideal": "A", "sampled": "A", "correct": true}}
{"type": "result", "data": {"idx": 7, "options": ["A strand of neo-isolationist sentiment", "A strand of internationalist sentiment", "An expression of American cultural superiority", "Increased incorporation of public opinion in foreign policy making"], "probs": [[0.31479000485054176, 0.45805131573960384, 0.010773199418701649, 0.21638547989115275], [0.5855387091490839, 0.24412685631166955, 0.16778578329087732, 0.0025486511483692473], [0.2948999393626448, 0.03991620599855595, 0.17886586418871858, 0.48631799035008066], [0.12140053194033441, 0.023912641132355448, 0.6987701304985537, 0.15591669632875643], [0.31533741493258494, 0.5892254585494491, 0.09033886320837045, 0.0050982632095955445], [0.13709735464170056, 0.6962973429919311, 0.011253636288783266, 0.15535166597758499], [0.06715337718797348, 0.8181612827765448, 0.01697775108826672, 0.09770758884721502], [0.06424528404463009, 0.8869594829002536, 0.04414132034584382, 0.004653912609272407], [0.0396305043038632, 0.027245608493084973, 0.9022505702596624, 0.030873316843389387], [0.032086424675757876, 0.013379785293212423, 0.8275783695737191, 0.12695542035731056], [0.04835029574080806, 0.7564365653709314, 0.1912427047806073, 0.003970434007653242], [0.04626727579668789, 0.6386999629998759, 0.01325479551841679, 0.30177796558501946], [0.07680858556443394, 0.7287396083231256, 0.06778333979490063, 0.12666846621753985], [0.030439806483763304, 0.4202979676872319, 0.47620778242313305, 0.07305444330587177], [0.030157057163239347, 0.15315017844304898, 0.7779603976480736, 0.038732366645638096], [0.028276219118502786, 0.14362085926226464, 0.7293668767269187, 0.09873604479231393], [0.014707188147980717, 0.9100345965518686, 0.03527408322822144, 0.039984131971929196], [0.019636821072957288, 0.8349788219204732, 0.032373197494090296, 0.11301115941247918], [0.61821060733246, 0.2920621305293931, 0.08366570535180504, 0.006061556686341783], [0.6152168477351223, 0.19973167663455374, 0.008775597388301177, 0.17627587814202275], [0.12385332074546668, 0.1590691835096463, 0.7128376500090877, 0.0042398456357993055], [0.14446830357881918, 0.11251202665741587, 0.009234894748028799, 0.7337847749157361], [0.469591948924643, 0.03003501351426747, 0.13454034171358992, 0.3658326957474996], [0.15641788845401908, 0.034904348941673706, 0.1074814627308678, 0.7011962997734394]], "ideal": "A", "sampled": "D", "correct": false}}
{"type": "result", "data": {"idx": 8, "options": ["The war reduced European population levels below that of the United States", "The United States seized German resources after the war", "European countries paid the United States for assistance", "The United States became a creditor country and financial centre, with European war spending boosting the US economy"], "probs": [[0.013673710052612848, 0.007321025463731, 0.019893961024663398, 0.9591113033589928], [0.015310920098752309, 0.01193011851372304, 0.9474981585081946, 0.025260802779330026], [0.013713141284472158, 0.019956491835056937, 0.004453231518819845, 0.9618771352616511], [0.02664104645022247, 0.072442074230204, 0.882595952527371, 0.01832092669220252], [0.024949020093799575, 0.9363703354431964, 0.010402827501994363, 0.02827781686100967], [0.03148448763231067, 0.9201729073903538, 0.03148658497069771, 0.0168560199066378], [0.010720302336957987, 0.008349993049449089, 0.015596279346554599, 0.9653334251670384], [0.01353130874338232, 0.015339746960874485, 0.9488077135408838, 0.0223212306548594], [0.01074877664652163, 0.015640419541227895, 0.005753046355546587, 0.9678577573567039], [0.014984491764462846, 0.040744858506871, 0.9272830209018449, 0.01698762872682125], [0.013624375628883962, 0.9552513973878483, 0.013625928143715457, 0.017498298739552262], [0.012022253910470586, 0.9550458672287468, 0.017492275471540353, 0.015439603289242222], [0.017649976082826504, 0.013748930413674688, 0.004463266000878947, 0.9641378274026199], [0.03172122438625536, 0.019250132498258635, 0.9272153843327879, 0.021813258682698095], [0.017743326445533114, 0.007398555250341902, 0.005760774996518941, 0.969097343207606], [0.019650259750674654, 0.008195996031690024, 0.9469104597096863, 0.025243284407948922], [0.03612195747143481, 0.9317520381365739, 0.01506036912019185, 0.01706563517179944], [0.028531749622356765, 0.9448973212301353, 0.009263447752382815, 0.017307481295125132], [0.9325296054895769, 0.019365073014922712, 0.007121478954235271, 0.04098384244126519], [0.9410864955274141, 0.022140330278828693, 0.019532638178036146, 0.01724053591572104], [0.955635846455605, 0.010622210809478219, 0.008269644349237623, 0.025472298285679176], [0.9634154804631414, 0.010709173058724208, 0.01212938584647525, 0.013745960531659118], [0.963071348387771, 0.013744944817244708, 0.009443788225374682, 0.013739918469609605], [0.9603999199231004, 0.0155329833407182, 0.006473212993480634, 0.01759388364270084]], "ideal": "D", "sampled": "D", "correct": true}}
{"type": "result", "data": {"idx": 9, "options": ["the president of the United States.", "the secretary of defense.", "the chairman of the Joint Chiefs of Staff.", "Congress."], "probs": [[0.007535712077909224, 0.00277375071424434, 0.0021668948911526824, 0.9875236422166938], [0.009608288932868145, 0.002756906821779237, 0.9810266194548842, 0.006608184690468389], [0.0066561935920629025, 0.003145493337016082, 0.00191375131035319, 0.9882845616605679], [0.008494010472979489, 0.0031307081145983406, 0.9825337965371674, 0.005841484775254765], [0.00752099870989965, 0.9853091667100927, 0.003144603676976724, 0.0040252308030308505], [0.006642400323841656, 0.9862365586524093, 0.003565620150775679, 0.0035554207729733903], [0.006501968720790499, 0.025712589758065407, 0.002399561609289514, 0.9653858798118545], [0.008219134529922007, 0.03685576260673721, 0.9505226075568429, 0.004402495206497913], [0.010660687753843264, 0.0034627979874083904, 0.025594722808143913, 0.9602817913506044], [0.008189451958937019, 0.003015724395093497, 0.9472004976576562, 0.041594325888313285], [0.005794318142487263, 0.9744543795227483, 0.015769456167784534, 0.0039818460669799665], [0.006553448438193799, 0.9726179490262266, 0.005111255813399999, 0.01571734662217963], [0.007335056512495124, 0.029010712948931452, 0.0027049337372485774, 0.9609492967013248], [0.010469565625251665, 0.041432050934860166, 0.9431491906072405, 0.00494919273264766], [0.01202785180440786, 0.0030428996667300383, 0.028878619602083076, 0.956050628826779], [0.008272433983033433, 0.0023727070676852775, 0.9566252727811335, 0.03272958606814777], [0.00938333996825367, 0.9572533801148664, 0.028929693251457368, 0.0044335865654226295], [0.008314571458684096, 0.9610338344353412, 0.005049346084890907, 0.025602247921083773], [0.9775447587290755, 0.015805130407035354, 0.003538799844355256, 0.0031113109195338487], [0.9799822994591181, 0.012343804888192074, 0.00455523907436832, 0.0031186564783214844], [0.905359931076385, 0.006105959062254909, 0.08434198308898219, 0.004192126672377829], [0.9182926000693887, 0.009005408326416041, 0.006207514738914565, 0.06649447676528067], [0.8573090844062436, 0.006552554544974831, 0.13164024919077963, 0.004498111758001838], [0.9397154993012602, 0.007177178241467371, 0.006347232927787186, 0.04676008942948527]], "ideal": "D", "sampled": "D", "correct": true}}
{"type": "result", "data": {"idx": 10, "options": ["The US ignored the Third World", "Local developments were viewed through a geopolitical lens", "The US unreservedly supported decolonization", "None of the above"], "probs": [[0.00400178937951808, 0.979136138434729, 0.004536566924939893, 0.012325505160812962], [0.006566773804127586, 0.9745957006265469, 0.0065691766166025845, 0.012268348852722884], [0.003554727068256166, 0.004030046853724075, 0.9857714452208912, 0.006643780757128492], [0.006606781668867141, 0.006609598454113146, 0.005832269103026026, 0.9809513506739936], [0.012092231062139431, 0.017599281751881857, 0.9608882696934644, 0.009420217392514288], [0.006611906965051197, 0.0058382008979327065, 0.00583747539759141, 0.9817124166394247], [0.9740681432664885, 0.0074442325172170394, 0.002737678163397001, 0.01574994595289746], [0.9690739701386707, 0.010771671788877035, 0.0044893452874360815, 0.01566501268501618], [0.9767306509503131, 0.006587451302337365, 0.0027452085155368344, 0.013936689131812677], [0.9810024466935146, 0.007495983478575183, 0.004010427264061652, 0.007491142463848597], [0.9661175711142048, 0.015623221339648137, 0.004475829704656688, 0.013783377741490365], [0.9747721789328694, 0.012276748673757745, 0.004516043068032146, 0.00843502922534071], [0.004016471310067768, 0.00455326657865562, 0.9829250503449232, 0.008505211666353448], [0.006612189709139692, 0.005152242927485651, 0.006614113355819729, 0.981621453907555], [0.004522352851948378, 0.9764221109579048, 0.00512669550875409, 0.013928840581392784], [0.005822250402717254, 0.9791071237379656, 0.006599302220027249, 0.008471323539289907], [0.006598380013991915, 0.009603377555884543, 0.0040052175108743725, 0.9797930248192491], [0.015175167791803636, 0.036419399107224304, 0.9391978620799141, 0.009207570921057942], [0.010708658436313204, 0.015590465802347069, 0.9642470607120708, 0.009453814949268965], [0.006611713072888598, 0.005837480938265858, 0.005837480938265858, 0.9817133249505797], [0.022528503008655994, 0.9581067127512718, 0.00569879122430957, 0.01366599291576261], [0.025492029189749094, 0.9567741620542229, 0.005691088769179945, 0.012042719886848007], [0.006594772024227222, 0.00959852436684051, 0.004534928155122417, 0.9792717753538098], [0.013474331007446853, 0.03234118764068363, 0.944920112205731, 0.009264369046138518]], "ideal": "B", "sampled": "B", "correct": true}}
{"type": "result", "data": {"idx": 11, "options": ["It was the first time the US became involved in the Balkans", "It was the first time NATO used military force", "It was the first war won by airpower alone", "It was the first war to employ 'smart weapons'"], "probs": [[0.028257358752103737, 0.5012307090395677, 0.442240447057309, 0.028271485051019608], [0.013929094880550122, 0.21793748031952823, 0.007456943297894469, 0.7606764814020271], [0.017220118307011013, 0.025071314437473336, 0.9404817433262429, 0.017226823829272795], [0.0058297971610610485, 0.008485139398129955, 0.00514507995256276, 0.9805399833882462], [0.01432162227057102, 0.0059742475158352645, 0.8862767115480992, 0.09342741856549454], [0.00840743328545054, 0.005780453168652914, 0.013860953589541428, 0.9719511598563552], [0.057384956087906634, 0.00997989801608905, 0.8978204046612542, 0.03481474113475008], [0.028762843443574562, 0.011996012174257945, 0.006419234439824822, 0.9528219098423427], [0.09163092058794514, 0.8697085959531353, 0.0124047901237928, 0.026255693235126724], [0.4828960703767797, 0.4830376314199726, 0.010024321173422553, 0.024041976929825206], [0.02266205214894048, 0.008342638095314945, 0.005058277184213233, 0.9639370324715313], [0.07313679787220567, 0.008743089484450125, 0.891206429110652, 0.02691368343269224], [0.010740973545465488, 0.008369627996196678, 0.9670937856138055, 0.013795612744532289], [0.004563185090233977, 0.0058615279699040035, 0.004027707651886934, 0.9855475791879751], [0.02854558032127574, 0.9456679085951214, 0.01050542159485995, 0.015281089388742907], [0.02858201970123465, 0.946831819297071, 0.009283069837750195, 0.015303091063944042], [0.004564430230485392, 0.004566207659488922, 0.005172462755261255, 0.9856968992547644], [0.013741849808547386, 0.005058794363555569, 0.9635505539990676, 0.0176488017288294], [0.009198368832032577, 0.005582770883905031, 0.9384885983444404, 0.046730261839621944], [0.00657124873609217, 0.005800616492548846, 0.012276181139136217, 0.9753519535322227], [0.00951185386966639, 0.6670161639994309, 0.008395860346958429, 0.31507612168394433], [0.008849924841434213, 0.7968385943338355, 0.17777575997732448, 0.016535720747405742], [0.003992340409953709, 0.013936947620929854, 0.0051265324819495615, 0.9769441793871668], [0.019094603098705903, 0.045825380742017904, 0.9202036839544647, 0.014876332104811447]], "ideal": "C", "sampled": "B", "correct": false}}
{"type": "result", "data": {"idx": 12, "options": ["The character of a state's leader", "The distribution of power in the international system", "The distribution of power within a state's governmental system", "A state's political ideology"], "probs": [[0.004532999123038468, 0.9791397352311585, 0.004003561304662574, 0.012323704241140404], [0.004011921576732192, 0.9818146805567193, 0.004548025308563941, 0.009625372457984591], [0.003541151851959829, 0.004548851851703691, 0.9822785413372179, 0.009631454859118507], [0.0031512460150708408, 0.004047888204419153, 0.0024548225733450235, 0.990346043107165], [0.0031343642633372753, 0.0035542103320767627, 0.9847879548775894, 0.00852347042699652], [0.00356997106630704, 0.003571223229425104, 0.0027806011968184723, 0.9900782044074494], [0.9716617544436685, 0.00953320666363796, 0.003094080352178106, 0.015710958440515392], [0.9788085510694168, 0.008474906224914163, 0.003117276680319402, 0.009599265925349649], [0.975117432861581, 0.007450198661987584, 0.003518759462049802, 0.013913608914381563], [0.9779170184645727, 0.00846679283416168, 0.00274842366451306, 0.010867764936752544], [0.9765911578817061, 0.006586361997832357, 0.004524699167405134, 0.012297780853056377], [0.9771134379181866, 0.006588235177755695, 0.003994475856291458, 0.012303850947766225], [0.0035411590060746502, 0.006618076026227246, 0.9823394545772335, 0.007501310290464566], [0.0031477268696419158, 0.005190293208230405, 0.00245172105477509, 0.9892102587673526], [0.0051390066290927655, 0.9794356850778482, 0.005825431922838637, 0.009599876270220378], [0.005818112509248683, 0.9787784591548343, 0.004532643300808674, 0.01087078493510833], [0.0031495318242514628, 0.0031505697833516355, 0.004044495876644121, 0.9896554024157528], [0.004015317639819417, 0.003545779490932349, 0.9828016727234861, 0.009637230045762111], [0.0035415899792222557, 0.00584156443954261, 0.9821146218759602, 0.00850222360527493], [0.0035641830520739483, 0.005186424470580282, 0.002776417118483745, 0.988472975258862], [0.004014018718665753, 0.9823280020220982, 0.005157980006658255, 0.008499999152577724], [0.0035485534180228493, 0.9839155049036389, 0.00402220641164567, 0.008513735166692571], [0.0031445543139407327, 0.004038189352882147, 0.004574263320709602, 0.9882429929124675], [0.004006284810289834, 0.004542199492124168, 0.9805569784744346, 0.01089453712315137]], "ideal": "B", "sampled": "B", "correct": true}}
{"type": "result", "data": {"idx": 13, "options": ["Leaders have incentives to lie", "If leaders revealed their programs, they would be more likely to be attacked", "Leaders will not always grant foreign monitors access to their nuclear programs", "ALL of the above"], "probs": [[0.00750331587805381, 0.004553056182429609, 0.004017559167855116, 0.9839260686716614], [0.08395237073757685, 0.044956987698823433, 0.796969088708112, 0.0741215527554877], [0.008492089030038476, 0.004548152059503469, 0.0045469855779576955, 0.9824127732325003], [0.08931632804882163, 0.0478255773643936, 0.7481179030745049, 0.11474019141227992], [0.09323569506129142, 0.6889237894895622, 0.06409193890029433, 0.15374857644885206], [0.14560337905632437, 0.6525491122453451, 0.03682213413429597, 0.1650253744640346], [0.006624989096577905, 0.005162388099526252, 0.004019503129399488, 0.9841931195744964], [0.04775365156926102, 0.21403418693582554, 0.65945186254035, 0.07876029885456343], [0.005847074992222025, 0.004020345376298222, 0.005848243336385778, 0.9842843361950939], [0.07102238491990807, 0.043083958965462854, 0.36076844272535097, 0.5251252132892781], [0.06834698907286471, 0.39338366414918086, 0.3935064199095959, 0.14476292676835853], [0.04542015670407176, 0.2961569003248429, 0.0312213530395789, 0.6272015898315064], [0.006628109408106453, 0.005165503204667829, 0.0035497254087964135, 0.9846566618784293], [0.03719020662226564, 0.21405033924562786, 0.6595132399399684, 0.0892462140921382], [0.007479283579334582, 0.005143444578853235, 0.006602619385182663, 0.9807746523566295], [0.08217457548262795, 0.05649219873669566, 0.32512163554767254, 0.5362115901330038], [0.0493053569021224, 0.3643733573644549, 0.4679847589126143, 0.11833652672080833], [0.0353674866177266, 0.43078324446499755, 0.04541939581428116, 0.4884298730029947], [0.857367083872979, 0.04269608410716618, 0.02017003822584969, 0.07976679369400518], [0.8748822960958178, 0.04356504231999268, 0.018165895407378514, 0.06338676607681101], [0.8316264058753735, 0.04692653513685137, 0.05317873820303485, 0.06826832068474022], [0.7361470117360411, 0.03665748067497266, 0.016266660005711375, 0.2109288474832748], [0.8343728090617212, 0.0366686243154474, 0.06851223778957194, 0.060446328733259516], [0.7175168763169865, 0.03153358672230706, 0.01796729619352399, 0.2329822406671825]], "ideal": "D", "sampled": "D", "correct": true}}
{"type": "result", "data": {"idx": 14, "options": ["the Senate.", "the president.", "the Secretary of State.", "the chairman of the Joint Chiefs."], "probs": [[0.028267511272503668, 0.936316997180814, 0.028267511272503668, 0.007147980174178736], [0.019503307586300266, 0.8292107806623417, 0.007174865952540225, 0.14411104569881783], [0.03072847560382261, 0.06507969537896813, 0.8981364813978846, 0.00605534751932468], [0.017095448156979366, 0.04645754690017684, 0.00297104958021951, 0.9334759552626243], [0.01889393209475695, 0.004782185679975701, 0.9103606539920904, 0.06596322813317694], [0.028291799485990424, 0.006314183249523467, 0.02828614635826317, 0.9371078708062229], [0.8429989454032591, 0.06921531942616396, 0.07842086283880387, 0.009364872231773017], [0.5079112700489232, 0.08826173931490826, 0.008209620685711808, 0.3956173698504567], [0.8172304890622469, 0.1420133651571007, 0.031678813139657244, 0.009077332540995159], [0.7604884752402453, 0.1497714866194133, 0.00957313676740218, 0.08016690127293923], [0.4049438773444085, 0.020170043851354676, 0.05477673105680449, 0.5201093476474323], [0.356412276886022, 0.022804091679091934, 0.5186545039746088, 0.10212912736027721], [0.05816440225326454, 0.018901976844561352, 0.9099505438277743, 0.012983076974399776], [0.02540846788974023, 0.017462967966639778, 0.003438260935491468, 0.9536903031081285], [0.051902006584631705, 0.9199850962148872, 0.01909368135159011, 0.009019215748890974], [0.04534011037205684, 0.9104318770487019, 0.008926740064958874, 0.03530127241428239], [0.03251586436179529, 0.006402753203428547, 0.01055241640711268, 0.9505289659276634], [0.03181758561833317, 0.0062718799279444576, 0.9300847866252012, 0.03182574772852111], [0.014894767619358202, 0.01160342874133357, 0.9215066385245685, 0.051995165014739726], [0.019510913838190105, 0.011833966829723652, 0.028378784944414613, 0.9402763342876717], [0.016297930743698504, 0.8897329509969195, 0.011201393716398163, 0.0827677244429838], [0.018476258406612805, 0.8900077376002671, 0.07303974548650725, 0.018476258406612805], [0.01598971837636465, 0.10423379756853904, 0.006665506157399674, 0.8731109777976966], [0.02550375648585013, 0.11433312955288166, 0.8446873408031554, 0.015475773058112713]], "ideal": "B", "sampled": "B", "correct": true}}
{"type": "result", "data": {"idx": 15, "options": ["Required the United States and Russia to demobilize their armies", "Required the United States and Russia to dismantle a significant number of their nuclear weapons", "Prohibited the acquisition of new military bases", "Prohibited short-range nuclear weapons"], "probs": [[0.002167325103632003, 0.9906852841325339, 0.0035740754279199724, 0.0035733152359141832], [0.0035605239563460144, 0.9878297465216072, 0.004574024868034783, 0.004035704554011997], [0.001493724373623894, 0.0021754725571655423, 0.9935382525729591, 0.0027925503962514682], [0.002169189167875298, 0.003157584304670055, 0.0024585366418625287, 0.9922146897855921], [0.0027762193313767823, 0.004580982585301623, 0.9886000947110373, 0.004042703272284346], [0.0021663673226558896, 0.004049994430903123, 0.0027827089060047465, 0.9910009292404363], [0.9854062336266844, 0.005177269295885353, 0.0035553533145678664, 0.005861143662862311], [0.9812028322760041, 0.008497560839123081, 0.005150286748877773, 0.005149320035995001], [0.9846379226366386, 0.0051736400468896816, 0.003552672960284791, 0.0066357642561868805], [0.9808358788882235, 0.007497262867914267, 0.005833429071931081, 0.005833429071931081], [0.9812029391050203, 0.008496835130607866, 0.005150378259097874, 0.005149847405273903], [0.984938819060579, 0.0058638695634260956, 0.004027499671949793, 0.005169811604045134], [0.001492839328143772, 0.002173117689530384, 0.9927511776445714, 0.0035828652377543958], [0.0016922794395732464, 0.002174203471644334, 0.0024627760936867383, 0.9936707408950957], [0.0035684184609212103, 0.9897113772477288, 0.0031507477714472383, 0.0035694564199027236], [0.0035619451710586034, 0.9878260506090448, 0.0040374621801289486, 0.00457454193976766], [0.0016905580536756874, 0.0035806398632126585, 0.0019165785190530724, 0.9928122234640586], [0.0035594398172421942, 0.004036495622365524, 0.9872211013899185, 0.0051829630704737775], [0.0027777109415198335, 0.0040454815488659415, 0.9891313258607483, 0.0040454815488659415], [0.0019142355360237191, 0.003158271554787891, 0.002786302714381653, 0.9921411900948067], [0.005853644863275317, 0.9850251568416875, 0.0045615711655041784, 0.004559627029532995], [0.004565116927553474, 0.986300862359383, 0.00456804640299674, 0.004565974210066755], [0.00168942335626294, 0.004054430163056327, 0.002169855041506323, 0.9920862913391744], [0.002774730964169778, 0.004577882490457619, 0.9880701093145756, 0.004577277130797006]], "ideal": "B", "sampled": "B", "correct": true}}
