{"type": "result", "data": {"idx": 0, "options": ["Offerings", "Prayers", "Apparitions", "Idols"], "probs": [[0.009286694584971755, 0.0018288020542048826, 0.04161583747088939, 0.947268665789934], [0.005840386372985088, 0.0024349149383891444, 0.98209527856775, 0.009629420020875723], [0.010793790044425891, 0.015704408538402766, 0.0018757385371559185, 0.9716260627800154], [0.007391864837825899, 0.020092539918388497, 0.968032052592939, 0.004483542550846541], [0.01224993750947855, 0.9731042422816184, 0.005106107504503917, 0.00953971260439917], [0.009571148870358172, 0.9761792274902723, 0.008444854862965236, 0.0058047686764043], [0.009804405759446503, 0.002187963733893379, 0.10539844643903593, 0.8826091839676242], [0.0040300688052336865, 0.002444606284330816, 0.9859961654517987, 0.007529159358636778], [0.0084785738068803, 0.009606895358130987, 0.0018918887413152071, 0.9800226419936735], [0.0035450818872715486, 0.008503690417783616, 0.9827933260220483, 0.005157901572896536], [0.005820667005197471, 0.9787740279009793, 0.004532471376810269, 0.010872833617012911], [0.004545418350415969, 0.9813501822771877, 0.006611698234862426, 0.007492701037533901], [0.013996916752348851, 0.00275641673428201, 0.0018942768220376767, 0.9813523895913314], [0.009609782227751263, 0.0027535853701909875, 0.9801523181994615, 0.007484314102596228], [0.01581568975379233, 0.0035290758581828126, 0.002140353630916393, 0.9785148806571085], [0.008482134555361912, 0.002754104281027357, 0.9802808246394566, 0.008482936424154026], [0.022754331084186872, 0.967538673312498, 0.003953799903092504, 0.0057531956002226615], [0.022769726785877194, 0.9681933910835806, 0.0039564749667876445, 0.005080407063754524], [0.9662881791673001, 0.004475625559523506, 0.0034848138546822254, 0.025751381318494103], [0.9718692375997039, 0.0051011069393396054, 0.012232863798670309, 0.010796791562286155], [0.9376906293170137, 0.005576539977111737, 0.0038319451719628895, 0.05290088543391165], [0.9759041707637335, 0.005804148637991135, 0.007450364571742513, 0.010841315926532867], [0.9773114029231166, 0.009582727511969164, 0.0035243042435540786, 0.009581565221360168], [0.979387149791559, 0.009603080783711882, 0.0035317898032509905, 0.007477979521478097]], "ideal": "D", "sampled": "D", "correct": true}}
{"type": "result", "data": {"idx": 1, "options": ["Daoism", "Yin-Yang School", "Mengzi", "Humanistic Buddhism"], "probs": [[0.2195157030969519, 0.7662840727450134, 0.009644137068526008, 0.00455608698950871], [0.16148430769142721, 0.8201533891248385, 0.008039446876265512, 0.010322856207468794], [0.08344423491293038, 0.016439537503390635, 0.897260000686401, 0.002856226797277967], [0.1951237516965847, 0.02056871933789285, 0.012472004951571452, 0.771835523913951], [0.2101837725754567, 0.046912562796439794, 0.7336673845163558, 0.009236280011747724], [0.5320291678647576, 0.0815998546876489, 0.02062900940182819, 0.3657419679457653], [0.8828677624620015, 0.09305783455599488, 0.014268496218529892, 0.009805906663473763], [0.8921161187245145, 0.06463362631056828, 0.012724622850666244, 0.030525632014250965], [0.6042275214330067, 0.020685934658826653, 0.3664677013036592, 0.008618842504507437], [0.3420695686049688, 0.01503316323378547, 0.0037997518927698434, 0.6390975161684759], [0.1738690338517912, 0.03424912047786115, 0.77928426196186, 0.01259758360848764], [0.30610923572373483, 0.03226906601675118, 0.013448570623692056, 0.6481731275358219], [0.021495435856058405, 0.26190881223344736, 0.7117984429500805, 0.004797308860413662], [0.030242766055317657, 0.4174490713115911, 0.016184906802015273, 0.536123255731076], [0.01888121983231552, 0.9098111131722767, 0.06589792480975162, 0.005409742085656151], [0.017469758507785507, 0.5784789436365888, 0.006426320536306789, 0.39762497721931883], [0.026259477029540568, 0.014062332303785207, 0.6772973240300095, 0.28238086653666467], [0.020878297008515168, 0.008707312057740639, 0.8878219009577464, 0.08259248987599778], [0.018827019243955058, 0.48557482286482656, 0.48551947995767314, 0.010078677833545284], [0.019701590474901106, 0.6523572728342182, 0.019698522698094918, 0.30824261389278573], [0.016671897158628695, 0.487242738259027, 0.4871608414804698, 0.00892452300187454], [0.022264612749904166, 0.3073425619646893, 0.01964647709496471, 0.6507463480904419], [0.014846816090574838, 0.014852248494944594, 0.8106435823036087, 0.15965735301087186], [0.015217293325658876, 0.013433464933561266, 0.7332578881161171, 0.23809135352466274]], "ideal": "B", "sampled": "B", "correct": true}}
{"type": "result", "data": {"idx": 2, "options": ["325 CE", "119 CE", "451 CE", "596 CE"], "probs": [[0.18186856058782155, 0.059055980479595704, 0.26460581742564243, 0.49446964140694033], [0.09427981998349837, 0.03469203849333873, 0.6147198194902309, 0.25630832193293196], [0.17131951025059772, 0.21997860593623228, 0.08091842968119298, 0.527783454031977], [0.06487351824482229, 0.09440186119928563, 0.7901981082192624, 0.050526512236629705], [0.09138605551581959, 0.765098135692117, 0.026179160100856257, 0.11733664859120709], [0.08919702632970242, 0.8461273356156743, 0.04212619834266868, 0.022549439611954613], [0.15422763388485108, 0.08256040758739057, 0.288109579299177, 0.4751023791285813], [0.11187157987190362, 0.05989604181748773, 0.6437764883101031, 0.18445588990050554], [0.21494563931433955, 0.21493578964701154, 0.11503288636622873, 0.4550856845724202], [0.09157939117857858, 0.080823584178597, 0.6766081350870613, 0.1509888894557631], [0.11085666842294542, 0.7227704827829166, 0.040774165292672894, 0.12559868340146516], [0.15408314191249808, 0.6093827252602786, 0.08245803906438931, 0.15407609366283398], [0.448750962672562, 0.06074190748452405, 0.04173292125941147, 0.44877420848350247], [0.13577384311656512, 0.044087594314590355, 0.7812408528204192, 0.03889770964842533], [0.3054017767809668, 0.046839893557512106, 0.1442359260211583, 0.5035224035403627], [0.17583148163242632, 0.034635939458175155, 0.6136822770119988, 0.17585030179739972], [0.19306063362425205, 0.7635367398163565, 0.023055882778605697, 0.02034674368078577], [0.16297936225383464, 0.730328431070767, 0.019463380542977533, 0.08722882603242091], [0.8116763390932411, 0.03147880562660216, 0.015821554773162116, 0.1410233004069946], [0.7017575770958984, 0.03084338126193653, 0.22781475315317598, 0.03958428838898917], [0.7181947385166135, 0.024582475772981602, 0.07567619811486942, 0.18154658749553543], [0.6167640077883819, 0.02710835816606185, 0.15591649680531175, 0.20021113714024444], [0.6999603199987638, 0.08360847427490677, 0.17695010431744598, 0.03948110130888336], [0.7542776681371182, 0.07949530677750491, 0.01773486010768757, 0.14849216487768932]], "ideal": "D", "sampled": "D", "correct": true}}
{"type": "result", "data": {"idx": 3, "options": ["Akitu", "Wag and Thoth", "Bast", "Nehebkau"], "probs": [[0.9839177880203124, 0.008513527122966429, 0.003548042205207738, 0.004020642551513435], [0.9866519750676507, 0.006649536330101094, 0.0031400659626867455, 0.0035584225395614635], [0.9838738150500935, 0.007513581055834645, 0.005849350202587144, 0.0027632535914846323], [0.9849038817751813, 0.007520746048577582, 0.0035511062366823617, 0.004024265839558798], [0.9849026935632454, 0.007520796380147935, 0.004024776442282853, 0.0035517335143237933], [0.9833146942494339, 0.007508610850625378, 0.0040177726238921786, 0.005158922176048577], [0.013985108546828696, 0.980142721310048, 0.003119150816580267, 0.0027530192265429938], [0.017861469826041955, 0.9750512847490403, 0.003984146067419979, 0.0031030992574977525], [0.007537747545346506, 0.00314201631836254, 0.9868733664067575, 0.002446869629533449], [0.010916107124693408, 0.004015103371124028, 0.0027583939425244405, 0.9823103954616581], [0.007522078747082378, 0.003553178392305737, 0.9848990533746216, 0.004025689385990315], [0.010917147306766807, 0.004015440348076492, 0.0027585517776066654, 0.9823088604675501], [0.009660979500219633, 0.9851081134078008, 0.0035523957648727796, 0.0016785112271067752], [0.010932088940478073, 0.9837851624153588, 0.003130615720619099, 0.0021521328235439745], [0.010906155810535834, 0.004545810567353968, 0.9814239190623858, 0.0031241144597243652], [0.009627706356835247, 0.005151732351369447, 0.003539513791269322, 0.981681047400526], [0.008516426213195927, 0.0035496866393072797, 0.9839120524583174, 0.004021834589179445], [0.01231263603865051, 0.0058146753899912754, 0.003994707731418935, 0.9778779807399393], [0.010923545261772175, 0.9830940712727754, 0.0035453458636463286, 0.0024370375018061604], [0.01092086308248503, 0.9827749152780991, 0.003543809260403936, 0.002760412279011896], [0.009638267094778372, 0.004017423640610218, 0.982798945206989, 0.0035453639576224338], [0.008526474647530858, 0.0035537743787525597, 0.002766326435711571, 0.985153424438005], [0.008524110694699818, 0.003135636738322889, 0.9847875415325317, 0.0035527109344456287], [0.012316159914241846, 0.005132537339424189, 0.004527891989836203, 0.9780234106564978]], "ideal": "A", "sampled": "A", "correct": true}}
{"type": "result", "data": {"idx": 4, "options": ["Zazen", "Tariki", "Kami", "Ikebana"], "probs": [[0.0009089550948672071, 0.0014986134704666125, 0.0009088577716605035, 0.9966835735630056], [0.0007070682909999516, 0.0016963015883649294, 0.9954187063816778, 0.002177923638957315], [0.0008020257900829418, 0.0010298858513175682, 0.0016974468208956173, 0.9964706414377038], [0.0007066741716633579, 0.001695223384234342, 0.9948032578229875, 0.0027948445211148205], [0.0007077380238811691, 0.9962024192462899, 0.0019232479609283166, 0.0011665946689006312], [0.0007079682924152904, 0.9964715178963887, 0.0014982316279666939, 0.001322282083229386], [0.001030214391070668, 0.001030274927039626, 0.00103010414575797, 0.9969094064361317], [0.0008014284895566829, 0.0013214294453676497, 0.9956985557802894, 0.002178586184786229], [0.001166836663453018, 0.0013223498323673922, 0.0009087333109896099, 0.99660208009319], [0.0008011278287416995, 0.0016961123695210562, 0.9953249908021108, 0.0021777688996264723], [0.0010291414639838647, 0.9957273976835697, 0.0019221417150813679, 0.0013213190373650692], [0.0009088419392140767, 0.9963638585050916, 0.001697550246416111, 0.0010297492092782696], [0.001166324208656956, 0.000801809570984183, 0.0019224733636389983, 0.9961093927567198], [0.0010285097381445387, 0.001320774108301604, 0.995183278580015, 0.002467437473538827], [0.0011668884509491895, 0.0014984081870858515, 0.000801898554858074, 0.9965328047071069], [0.0008013144111184761, 0.0016966489845367857, 0.9955797147762017, 0.0019223217281430537], [0.0011669052894018293, 0.9963442793573716, 0.0011667332275542633, 0.001322082025672334], [0.0010296935206966105, 0.9962452111433421, 0.0019232058104144292, 0.0008018894255468935], [0.9963657118901411, 0.00192371403602373, 0.0009086729054555507, 0.0008019010683795718], [0.9958838873816891, 0.002178762715823755, 0.0009082003390323664, 0.001029149463454822], [0.9960025082915932, 0.0019230051217190606, 0.0009082589649889938, 0.0011662275216986807], [0.9957476014792543, 0.0021784394819467303, 0.0009080280172834819, 0.0011659309215153804], [0.9957474403215221, 0.0021785011182705078, 0.0009080715688657366, 0.0011659868913417087], [0.9954586579297052, 0.002467871950141495, 0.0011656427935695108, 0.000907827226583814]], "ideal": "D", "sampled": "D", "correct": true}}
{"type": "result", "data": {"idx": 5, "options": ["Harmony and balance", "Devotion and piety", "Love and passion", "Goodwill and love"], "probs": [[0.39752743606737734, 0.5105682138539401, 0.013606181696336504, 0.07829816828234602], [0.44766095859854127, 0.5074068969573957, 0.025257842942045777, 0.019674301402017202], [0.15335659766911813, 0.04396032193586391, 0.7791528148495183, 0.023530265445499726], [0.18599936156350758, 0.03663190785467977, 0.0414959932655026, 0.7358727372163101], [0.25494604706668683, 0.0391152380201212, 0.6932388978028592, 0.012699817010332777], [0.17487349054106263, 0.03443831664150279, 0.006780580787311887, 0.7839076119301227], [0.6931313923286523, 0.22507511244754647, 0.008726596896420944, 0.0730668982273803], [0.6680498780764337, 0.278552296343831, 0.03768500720411881, 0.015712818275616533], [0.8848154626350369, 0.020818049279921848, 0.06408976822534213, 0.0302767197596992], [0.704807319495032, 0.021296258301377588, 0.2288293067808537, 0.04506711532273669], [0.7235483065184911, 0.09795975121546227, 0.16146908999611082, 0.017022852169935803], [0.6939960639900807, 0.12061305953161097, 0.009899902977178032, 0.1754909734011303], [0.021966353466762494, 0.031971839933252345, 0.9342992879119059, 0.011762518588079316], [0.019317890663630512, 0.024808071074840163, 0.0248036584682355, 0.9310703796932938], [0.022021957789318092, 0.9365183756547528, 0.022022848133817084, 0.01943681832211203], [0.02675712978000144, 0.8862656766717525, 0.05664927775634566, 0.03032791569190039], [0.021489070966431385, 0.040146869120608726, 0.024348398940233884, 0.914015660872726], [0.021709800575635672, 0.03579938983040657, 0.9233234672695758, 0.019167342224381982], [0.1514562016617524, 0.06316540911135461, 0.7694064701720511, 0.015971918954841895], [0.12379702329269489, 0.058487270729667036, 0.010162404860388566, 0.8075533010172495], [0.1716622056455617, 0.7695247868210827, 0.038304662906489526, 0.020508344526866014], [0.14953263589888277, 0.7595751371505031, 0.010833597945810947, 0.08005862890480318], [0.11089795660076476, 0.017011464527636227, 0.05237771843329837, 0.8197128603383006], [0.07735380536787957, 0.01344753709808329, 0.8318228132487335, 0.07737584418530359]], "ideal": "A", "sampled": "B", "correct": false}}
{"type": "result", "data": {"idx": 6, "options": ["Shabad", "Khalse", "Nam", "Guru"], "probs": [[0.9519766572618583, 0.01538804825958027, 0.025367187345363026, 0.00726810703319837], [0.9596467112719481, 0.01208082057738386, 0.005705757699781021, 0.02256671035088705], [0.9587586981047325, 0.015498266301563056, 0.013674654883528124, 0.012068380610176323], [0.95817041736613, 0.01548816554989641, 0.006455682578462345, 0.019885734405511307], [0.956267344243514, 0.010623818392241361, 0.010621863546304906, 0.022486973717939673], [0.9616667967662961, 0.010684552048207943, 0.012105090970819521, 0.015543560114676419], [0.022187944667605798, 0.9434257024319775, 0.025137606948630046, 0.009248745851786587], [0.013713629429610066, 0.9613409893268898, 0.007339184843304508, 0.017606196300195612], [0.01363235573527353, 0.02247666339169282, 0.9556222779066884, 0.008268702866345217], [0.03525784772247891, 0.045270638739131765, 0.01010045362062538, 0.9093710598177639], [0.012143341004969114, 0.009458553133131868, 0.9646365135375299, 0.013761592224369089], [0.03557939754187404, 0.019046319256476957, 0.027706078614565872, 0.9176682044870831], [0.01990652902383756, 0.959091787591967, 0.013679322008129723, 0.0073223612760656785], [0.01991954019311302, 0.9596972205357011, 0.008302434122504613, 0.012080805048681318], [0.015528106438577273, 0.015528627047875582, 0.9606313915827341, 0.008311874830813056], [0.051321374915032685, 0.027472251383814872, 0.011450330459058534, 0.9097560431420939], [0.010788097460238911, 0.00741502548830326, 0.9710087794912189, 0.010788097460238911], [0.032125022259122324, 0.011819401754747053, 0.017193311823675297, 0.9388622640624553], [0.007449002868070972, 0.9755402090190557, 0.007447631961425128, 0.00956315605144826], [0.0107654593573396, 0.9689712496372347, 0.010763598574840903, 0.00949969233058477], [0.008393108719986974, 0.010777325875967554, 0.970052239428078, 0.010777325875967554], [0.02777696374728272, 0.024514579695902494, 0.02777478631497776, 0.919933670141837], [0.004559364200528761, 0.00585471995582207, 0.9844196318382357, 0.005166283905413459], [0.017463813334700127, 0.013600831488684788, 0.015409473974045133, 0.95352588110257]], "ideal": "A", "sampled": "A", "correct": true}}
{"type": "result", "data": {"idx": 7, "options": ["Muhammad's miraculous ascent to heaven", "Muhammad's migration to Mecca", "Muhammad's first community in Mecca", "Muhammad's revelations of the Qur'an"], "probs": [[0.9923954484824046, 0.004596788103930043, 0.001317001900440958, 0.001690761413224457], [0.9919854564537929, 0.005206617764551878, 0.0014915963913512045, 0.0013163292903040765], [0.9924184012368905, 0.0045970149039725764, 0.0014923717986815067, 0.0014922119604553908], [0.9905090206288567, 0.005890865957780143, 0.0016877614044499, 0.0019123519089132806], [0.992270014213694, 0.0035796427186162924, 0.0024598388916510366, 0.0016905040760386645], [0.9921135789380366, 0.004055674141635631, 0.0019154639230755423, 0.0019152828972521638], [0.003159230734291408, 0.9925606615873781, 0.0027877927574834955, 0.0014923148208469458], [0.004057177579128295, 0.9927585756699643, 0.0016915017249831204, 0.0014927449259242505], [0.0024528795645626872, 0.005884361180124062, 0.9894978540635064, 0.002164905091806796], [0.003563456753231671, 0.005875331432528743, 0.0024492845750307664, 0.9881119271392088], [0.002786331599073391, 0.0024594599300789234, 0.9919674111104444, 0.002786797260403261], [0.003569076224769296, 0.003150036228949625, 0.003568964000394206, 0.9897119234458869], [0.0031583372289297183, 0.9921918454989224, 0.003158056900853193, 0.0014917602712947171], [0.005190404328472596, 0.9892094509714, 0.0024520050265415786, 0.0031481395735858553], [0.0024546626518460383, 0.0051967184065881715, 0.9901820245014704, 0.002166594340095363], [0.003146260539384757, 0.005877791491036624, 0.002450309948648719, 0.9885256379209298], [0.0035673855516882365, 0.004580950912867363, 0.9890728175460538, 0.0027788458893905567], [0.0035670409185980757, 0.0045803242433001485, 0.002777926924274192, 0.9890747078138276], [0.004049062615873965, 0.9906902580028407, 0.0035728514977959817, 0.001687827783489271], [0.004587594609386633, 0.990571718638837, 0.003153004813911545, 0.0016876818378648052], [0.0024578824347960804, 0.0035764961461537395, 0.9915075339932746, 0.002458087325775594], [0.003149424440945589, 0.0045825388535639935, 0.002779450289785138, 0.9894885863157052], [0.0031439982639128268, 0.006656334105569282, 0.9877507347960411, 0.002448932734476752], [0.004567515980708281, 0.00664569636862364, 0.0024449841451630386, 0.986341803405505]], "ideal": "A", "sampled": "A", "correct": true}}
{"type": "result", "data": {"idx": 8, "options": ["Laws of Dharma", "Laws of Karma", "Laws of Vishnu", "Laws of Manu"], "probs": [[0.005890685059696143, 0.002168169279344904, 0.001159988703119156, 0.9907811568578399], [0.00850875887215758, 0.001479408747686287, 0.9833858305241506, 0.006626001756005543], [0.0058888508558733454, 0.002782693606063679, 0.0009031509658172592, 0.9904253044722457], [0.006614281419877611, 0.002148516423695639, 0.9816134800065464, 0.009623722049880377], [0.009620500907841686, 0.9813178364594032, 0.0015705036059373556, 0.0074911589268177895], [0.00965133371063777, 0.984425488462253, 0.001900460459713448, 0.004022717267395813], [0.003150328985727168, 0.0058867759226377, 0.0011589412156887166, 0.9898039537759464], [0.003559256142826541, 0.006650156224701102, 0.9866499131493023, 0.0031406743831700907], [0.0035758001015177843, 0.0021694505321163578, 0.0027844500324108227, 0.991470299233955], [0.00354878839113649, 0.0016770101135726468, 0.983844335146616, 0.010929866248674912], [0.002779213619131687, 0.9894286064853582, 0.0019099740840048448, 0.005882205711505212], [0.004017306866118916, 0.9829153247976729, 0.002150118751394533, 0.010917249484813686], [0.005199066287624686, 0.0031542919085978836, 0.0007973691433279001, 0.9908492725604495], [0.006630594219319223, 0.0035500516108713264, 0.9839684635023814, 0.005850890567428005], [0.007530490133272381, 0.0014834073089428532, 0.004566878566238997, 0.9864192238915458], [0.006612845684890227, 0.0011498088240211738, 0.9813346059531302, 0.010902739437958405], [0.005182528624765261, 0.9875509566112891, 0.0013948119610417027, 0.005871702702903951], [0.009471256320615769, 0.9660600217064842, 0.0017519440193369514, 0.022716777853563033], [0.9948108267066692, 0.001695501048078835, 0.0010279641792702912, 0.0024657079659816655], [0.9955521538190196, 0.0014973893567629564, 0.0010287302718621377, 0.0019217264523552725], [0.9913031074158206, 0.0014910372292005992, 0.004051036753448535, 0.0031548185015302893], [0.9886048688144914, 0.0016851246617141605, 0.0011576124297447824, 0.008552393994049641], [0.9950115725531702, 0.0011656579381450064, 0.0010281683074702583, 0.002794601101214524], [0.9834540915389517, 0.001676344982754673, 0.000842514782807748, 0.014027048595485838]], "ideal": "D", "sampled": "D", "correct": true}}
{"type": "result", "data": {"idx": 9, "options": ["The Holy Book", "The Narrative", "The Recitation", "The Pillars"], "probs": [[0.002779725986650642, 0.005193528808208771, 0.9895734956495976, 0.0024532494555429547], [0.0024583657714959952, 0.004052974510239351, 0.001914257174254554, 0.9915744024440101], [0.001693361526472493, 0.9938224981355074, 0.002791101298398894, 0.0016930389396211882], [0.0014932250437719534, 0.9929564353060771, 0.004057489945805172, 0.0014928496043456812], [0.0021697366660464873, 0.0045929937457860545, 0.0014911267970704808, 0.991746142691097], [0.0014938664097852408, 0.0031625152878863, 0.9934255882683886, 0.001918029933939854], [0.0040497292702127135, 0.0019133556448826885, 0.9908826844376528, 0.0031542305472517683], [0.0035801833196741316, 0.001691328980013215, 0.002171128186939397, 0.9925573594133732], [0.0040511685384253615, 0.991323612106492, 0.0024569258634822245, 0.00216829339160039], [0.003573700264137696, 0.9908879790994646, 0.0040487401642307205, 0.0014895803721669668], [0.00357037895217892, 0.005194409567224992, 0.001313408908148664, 0.9899218024724474], [0.0031516475409997615, 0.004585754885416191, 0.9900963717343338, 0.0021662257392501567], [0.9919680649643707, 0.0027869350543909903, 0.002786084058465596, 0.002458915822772693], [0.9909088522940575, 0.0027839587752273923, 0.0031535478492292443, 0.0031536409814858727], [0.9924644755216644, 0.0031595434762297986, 0.0019159072404224425, 0.0024600736616833888], [0.9922547089887332, 0.002787785599584022, 0.002170548356288825, 0.0027869569553939546], [0.9901111175934195, 0.005196556315168906, 0.0019113076974362575, 0.0027810182939752718], [0.9915492624102263, 0.004592509239974433, 0.0016892230206482677, 0.0021690052291509403], [0.0035798302635496487, 0.0019164859434372009, 0.0019160041004230683, 0.9925876795925901], [0.0031585607544224346, 0.0016910809886154575, 0.992362674941192, 0.0027876832157700667], [0.00315909902095649, 0.003159379349030372, 0.0011622174933286593, 0.9925193040366844], [0.003573842947447072, 0.0027836313641442846, 0.9908590641906295, 0.0027834613977790646], [0.002174587657893993, 0.9939878447730538, 0.0019187837345261201, 0.0019187837345261201], [0.002174790327805116, 0.9941561704876891, 0.0021744890449737235, 0.0014945500395320782]], "ideal": "C", "sampled": "C", "correct": true}}
{"type": "result", "data": {"idx": 10, "options": ["Mother of Light", "Father of Goodness", "Ineffable Lover", "Eternal Spirit"], "probs": [[0.31561608295026633, 0.4052889199629791, 0.06215071164011497, 0.21694428534663954], [0.23037887818783562, 0.23040863580828874, 0.4877988651994238, 0.05141362070445182], [0.32622478867300014, 0.09346874475149775, 0.2540544682809483, 0.32625199819455375], [0.30514868384146093, 0.08743936474040193, 0.4440537127448405, 0.16335823857329657], [0.23846901882105673, 0.4456085529840556, 0.2384915493781225, 0.07743087871676511], [0.2493487484406739, 0.5279485661447877, 0.0714428882444418, 0.15125979707009657], [0.5775582697340536, 0.18751329926602878, 0.04740707010664486, 0.18752136079327283], [0.48878377306950005, 0.1090874663699298, 0.33596387251859083, 0.06616488794197933], [0.44101744228635636, 0.08684478569883718, 0.23605963233644064, 0.2360781395783658], [0.39823118738344754, 0.07843031908749255, 0.3101427624096395, 0.21319573101942038], [0.3994652524728891, 0.39951371104421257, 0.14695505808393894, 0.05406597829895937], [0.3659918524109735, 0.3660066343625459, 0.07206532942382073, 0.1959361837026599], [0.2603631472543675, 0.1579305921593683, 0.20277870908013004, 0.37892755140613416], [0.20900598477726234, 0.12678130158678422, 0.5014037564104631, 0.16280895712549037], [0.23009884012277412, 0.2954654649280265, 0.13956199377032252, 0.3348737010788768], [0.17595696447520215, 0.2259418070090373, 0.42211484904836466, 0.17598637936739586], [0.22655428268568298, 0.37354092673080197, 0.19993346331702683, 0.1999713271664882], [0.19827107196832014, 0.28850831288902334, 0.2884951104607971, 0.2247255045818594], [0.6102789639816357, 0.08260597287782491, 0.2245090901627145, 0.08260597287782491], [0.6886452455408879, 0.09320253966137418, 0.04401792978960543, 0.17413428490813246], [0.5149179062111003, 0.3538975390892664, 0.06968356616333989, 0.0615009884362933], [0.5053224211768316, 0.3065357058373677, 0.06035216071813562, 0.1277897121676651], [0.6493866346218498, 0.04152175721823566, 0.14488638720126892, 0.1642052208586457], [0.504447261168999, 0.04693238431334584, 0.23828401043105063, 0.21033634398660456]], "ideal": "B", "sampled": "D", "correct": false}}
{"type": "result", "data": {"idx": 11, "options": ["Bushido", "Shinto", "Nichiren", "Soto Zen"], "probs": [[0.050847294388025405, 0.012856783952085624, 0.03494365797636023, 0.9013522635835287], [0.022570821679170867, 0.0094104451281615, 0.9597149981942739, 0.008303734898393799], [0.045496038155818416, 0.027594740865708085, 0.013033659860361372, 0.9138755610181121], [0.017333673763537477, 0.03238542089547443, 0.9464127667229038, 0.003868138518084344], [0.015722119012021, 0.9726208281657239, 0.005103688912351819, 0.006553363809903263], [0.025365975616093613, 0.9518512707968052, 0.019753149862688446, 0.0030296036244127395], [0.02205448300269417, 0.011805185453270016, 0.028315354574407, 0.9378249768696288], [0.015563751420724607, 0.012121954609904404, 0.9628744012600089, 0.009439892609362118], [0.019916988488353646, 0.01208115323700099, 0.008301979841631894, 0.9596998783330135], [0.013634495145713922, 0.025473878983124768, 0.9558753819848136, 0.0050162437863477466], [0.0107765362470628, 0.9700554346332638, 0.010775679430317382, 0.00839234958935598], [0.013697877642968205, 0.9602575923134309, 0.02258130028659241, 0.0034632296570085435], [0.057953222447994446, 0.0166059196960965, 0.01881357683311961, 0.9066272809227894], [0.02243284161749361, 0.01979985132649114, 0.9538687380851745, 0.0038985688708408116], [0.032523157722533814, 0.006405082489628171, 0.010557647122042161, 0.9505141125657959], [0.022616429873515163, 0.01068521134002732, 0.9616515303640287, 0.005046828322428778], [0.028657471897297837, 0.9489832586346642, 0.01737957010194812, 0.004979699266089829], [0.025622696027884143, 0.9614845643176582, 0.009425159670089181, 0.0034675798843685347], [0.9724418162220466, 0.012242784272036946, 0.005782075478683387, 0.009533323927233063], [0.9388030901340151, 0.011820428422841422, 0.04673941575873383, 0.0026370655844096444], [0.9714281296716393, 0.009524911038017812, 0.009523253283778038, 0.009523705906564853], [0.9570172332313897, 0.010632729981612854, 0.028898348739594047, 0.0034516879474033903], [0.9581281074323521, 0.019887094331117905, 0.01754778492747619, 0.0044370132090538125], [0.9741745088922392, 0.015748183362392636, 0.006563818675134548, 0.003513488970233571]], "ideal": "D", "sampled": "D", "correct": true}}
{"type": "result", "data": {"idx": 12, "options": ["Sangat", "Langar", "Gurdwara", "Panth"], "probs": [[0.00513653568348344, 0.978676324397022, 0.006593563227891, 0.009593576591603542], [0.004522308673091188, 0.9763359949779499, 0.00957069725022351, 0.009570998998735408], [0.003133979062976956, 0.002765621671216677, 0.984448402339021, 0.009651996826785365], [0.004580324413930519, 0.0027781074715048544, 0.0035668233548337225, 0.9890747446597309], [0.0027703806243103164, 0.003557112354246093, 0.9861423521478911, 0.0075301547735524095], [0.00749799223092159, 0.005839246788246363, 0.0045473325144882665, 0.9821154283663438], [0.9823839518441048, 0.006620363763570486, 0.005154673552064191, 0.005841010740260553], [0.9797814922155188, 0.006602201565455984, 0.005140792646223886, 0.008475513472801382], [0.9842522693547004, 0.006632506815833324, 0.00455761186473311, 0.00455761186473311], [0.9782511924878097, 0.007469891803716126, 0.005816183494018602, 0.008462732114455616], [0.9816584777114837, 0.005837742108982444, 0.004011478796892187, 0.008492301282641623], [0.9735355974629678, 0.008423393177836663, 0.005787940119749468, 0.012253069139446038], [0.002767689925535344, 0.004562813132025508, 0.9851471778773706, 0.007522318965068506], [0.00315270242942497, 0.0035724800092987044, 0.0027819496692577097, 0.9904928677920186], [0.004516334904274243, 0.9750939369308861, 0.010830904754491315, 0.009558823310348345], [0.0044575354168429416, 0.9623645368291066, 0.015553271145870653, 0.017624656508179775], [0.003538119394383664, 0.004542805114116719, 0.010896706802655382, 0.9810223685888442], [0.0024420437844075646, 0.004026105700132215, 0.9850093900243925, 0.008522460391067794], [0.0031338039181556597, 0.005853668965449413, 0.9843792433053188, 0.006633283711076119], [0.00744012958256564, 0.012264763038904402, 0.005793463971860423, 0.9745016433066696], [0.004532444260037627, 0.9785381675853353, 0.008464401592057157, 0.008464986462569954], [0.005816614566000113, 0.9780069329047479, 0.00658920948533343, 0.009587242943918476], [0.0058053890372534505, 0.003989705359140292, 0.013923498832912858, 0.9762814066706934], [0.005127241748533319, 0.003992948613779792, 0.9769440128562126, 0.013935796681474256]], "ideal": "B", "sampled": "B", "correct": true}}
{"type": "result", "data": {"idx": 13, "options": ["Buddhism", "Daoism", "Confucianism", "Shamanism"], "probs": [[0.002733735493154059, 0.9730944018693753, 0.003977047715929428, 0.020194814821541143], [0.0030629221948619383, 0.9621607871168131, 0.005721553110401693, 0.029054737477923295], [0.0021565986683277647, 0.0024448944529954024, 0.9857333037576873, 0.00966520302098954], [0.005155163180443781, 0.002760656302717157, 0.009629703800222152, 0.9824544766166169], [0.0030865837079624655, 0.00449293376297924, 0.9696148829344607, 0.022805599494597522], [0.004564398029533841, 0.0051739807934194516, 0.004564398029533841, 0.9856972230475128], [0.9718256215214938, 0.0035065969775043976, 0.004500212249017265, 0.0201675691519846], [0.9732871738995199, 0.003099640583330805, 0.005787677537974163, 0.0178255078791751], [0.9731943896507783, 0.003511717897935261, 0.0030977960164814827, 0.020196096334804976], [0.9625417495052884, 0.003935740290444465, 0.0044576837240864345, 0.02906482638018067], [0.970277746813748, 0.005093661082626492, 0.004493277061268407, 0.02013531494235713], [0.9647599077323894, 0.005064973254702529, 0.004467724456214969, 0.025707394456693115], [0.002153043308171507, 0.002765944638517383, 0.9841469563976906, 0.010934055555620522], [0.00455187433081834, 0.0027624829302939622, 0.009635286157630374, 0.9830503564812573], [0.002142728685145082, 0.9793530177627237, 0.004535304225724246, 0.013968949226406987], [0.003354830154513312, 0.9300885665684976, 0.0071013135767707585, 0.05945528960021836], [0.0051686158122392955, 0.0051705729867955255, 0.004561590882590947, 0.9850992202183743], [0.00391059652941102, 0.006450511592593074, 0.956891369388292, 0.032747522389703944], [0.005797114476415369, 0.003518262615828517, 0.9749247448556503, 0.01575987795210586], [0.00850332812614065, 0.0035466014144806615, 0.005156673986162542, 0.9827933963732162], [0.013703642404927748, 0.9606465634790519, 0.005712213068771172, 0.019937580947249213], [0.013580543533279768, 0.9520136442606916, 0.005660567736946871, 0.028745244369081734], [0.010902074917943882, 0.0031255156809480975, 0.004544660917490549, 0.9814277483836175], [0.00744552719655074, 0.0035188526172464127, 0.975124055334154, 0.01391156475204879]], "ideal": "B", "sampled": "B", "correct": true}}
{"type": "result", "data": {"idx": 14, "options": ["Worship", "Submission", "Obedience", "Faith"], "probs": [[0.005137527253342791, 0.9789205583456686, 0.0074731775848670655, 0.008468736716121528], [0.005711130477900487, 0.9603892213735568, 0.008307912598900069, 0.02559173544964272], [0.00577555407317458, 0.010790539906096117, 0.9712070581121971, 0.012226847808532166], [0.0074499711712370425, 0.00844220685346554, 0.008440747471057861, 0.9756670744042395], [0.00512182568215831, 0.0065770378132100436, 0.9760145151843117, 0.012286621220319906], [0.008448588559794176, 0.008448588559794176, 0.00657879113532237, 0.9765240316450893], [0.9787427424260002, 0.0031163893894731037, 0.0058198173259825185, 0.012321050758544165], [0.9783986124072853, 0.0031150990855983154, 0.0045307122666699865, 0.013955576140446398], [0.97520617214248, 0.004517276193766987, 0.0045157241447348504, 0.015760827419018155], [0.9835037137923742, 0.004020889592599419, 0.005848349046975664, 0.006627047468050635], [0.9808871708595241, 0.004009956034672328, 0.002755326077577563, 0.012347546928225903], [0.9829785685518523, 0.00455339106843827, 0.005844782490004491, 0.006623257789704917], [0.010785679384223139, 0.004497137950749651, 0.9708671969779527, 0.013849985587074542], [0.020100928869131483, 0.003959103393782244, 0.007394320560649426, 0.9685456470764369], [0.03686965078005503, 0.9508807793744835, 0.004989764410999118, 0.007259805334462418], [0.0327420276931746, 0.9569009688553582, 0.00644681333161909, 0.003910190019848088], [0.017797004214234656, 0.006548516838034745, 0.003971048116637381, 0.9716834307310932], [0.015585579721477696, 0.010714669873770271, 0.9642456673547146, 0.009454082950037428], [0.005803515516203598, 0.0024196981825704515, 0.9760011960782782, 0.015775590122947783], [0.009628097231091088, 0.003126246595408609, 0.005153091498945083, 0.9820925645745552], [0.010664103574202837, 0.9598355666473359, 0.003922488671421178, 0.02557784100704002], [0.00961511114811631, 0.98065626451611, 0.0066071804498583015, 0.0031214437859154406], [0.006637785081863412, 0.005858313260307226, 0.0024417249818312965, 0.985062176575998], [0.008402509164021826, 0.013854879142583154, 0.9711980298644227, 0.006544581728972337]], "ideal": "B", "sampled": "B", "correct": true}}
{"type": "result", "data": {"idx": 15, "options": ["Suffering", "Soul", "Impermanence", "No-self"], "probs": [[0.00663215864566605, 0.005853348100307081, 0.0031328101838877763, 0.9843816829701391], [0.0016878568251259916, 0.0031537655150387965, 0.9905701094141567, 0.004588268145678542], [0.008522397966658586, 0.002155588273701123, 0.0040258686663472015, 0.9852961449932931], [0.0019187775321247577, 0.001494668029319464, 0.9937944109279192, 0.0027921434106365937], [0.001691381187678286, 0.9925577397857605, 0.0035795682810407796, 0.0021713106455205286], [0.0021695187257955843, 0.9915185416483995, 0.003155906083714749, 0.003156033442090159], [0.005872488677759553, 0.004036456622867513, 0.0024479186411288053, 0.9876431359582442], [0.00169028243268738, 0.003158143621202571, 0.991993574579902, 0.003157999266208091], [0.006650592247795302, 0.004034868004580016, 0.0021593931750426387, 0.9871551464725821], [0.0024511305910702216, 0.005189635190582267, 0.9887924533848079, 0.0035667807335395874], [0.0021746577534142043, 0.9938671983418129, 0.0024637435690164446, 0.0014944002357564542], [0.0021758807392377676, 0.9944089837511347, 0.0019199089520404757, 0.0014952264575870556], [0.01090406781561549, 0.002757654441116237, 0.004545308208853001, 0.9817929694344153], [0.0021714503656238946, 0.002461044431186806, 0.9925788965838298, 0.0027886085193595156], [0.005870718512918268, 0.004573041473320257, 0.0021599206938606313, 0.9873963192199008], [0.0019139255566708211, 0.0040521634334281876, 0.9912491656127311, 0.0027847452971698494], [0.0031486244594007527, 0.9891225158451964, 0.0031481601950945426, 0.00458069940030826], [0.00246106600765382, 0.992688240139387, 0.0031593893702977285, 0.0016913043826615253], [0.9894875386084855, 0.004583515737932774, 0.0027793438914972515, 0.00314960166208449], [0.986221270306118, 0.004568385967743043, 0.0016802423913627382, 0.007530101234776232], [0.9918601733848106, 0.004054823736980795, 0.0019149746952931452, 0.0021700280829154493], [0.9907866660029582, 0.004589704304904638, 0.0024559921445328156, 0.002167637447604376], [0.9837868296634559, 0.003132261258608738, 0.0021520248609523326, 0.01092888411698311], [0.9917933177313732, 0.003578097248447432, 0.0024586574771102297, 0.002169927443069063]], "ideal": "D", "sampled": "D", "correct": true}}
{"type": "result", "data": {"idx": 16, "options": ["Spiritual narratives", "Redemption narratives", "Birth narratives", "Theological narratives"], "probs": [[0.05217315610781158, 0.008002580686778872, 0.9248734744418935, 0.014950788663516047], [0.05914369287528212, 0.01164830189101875, 0.003781334774866169, 0.925426670358833], [0.1453358196162318, 0.8363499094985799, 0.011928432610611526, 0.006385838174576773], [0.14559224049866168, 0.8378518705826106, 0.007248195255289692, 0.009307693563438055], [0.04157765037289624, 0.00562802546875874, 0.006375669914218192, 0.9464186541441268], [0.09254737812700115, 0.005918477567507918, 0.8781297568004031, 0.023404387405087847], [0.022454467053938824, 0.015434367263258647, 0.9548201919911873, 0.007290973591615259], [0.01974270252548726, 0.025351154856157174, 0.0034309058909095936, 0.9514752366274459], [0.017790171319469996, 0.9713373868733736, 0.0057754723131222775, 0.005096969394034176], [0.01571679960096627, 0.9723640105309309, 0.0035068923504733046, 0.008412297417629543], [0.02563582705598404, 0.0064835999338157795, 0.005719946685666774, 0.9621606262245334], [0.02538774121557442, 0.004412885360316537, 0.9527474385071037, 0.017451934817005292], [0.9800845180064426, 0.007484080568898346, 0.006603462885357312, 0.005827938439301758], [0.9784058471905552, 0.00747140043007931, 0.0045307998293764125, 0.009591952449988993], [0.9843747188677289, 0.0075164252529959326, 0.0035502096673198243, 0.004558646111955379], [0.9817657446302049, 0.008494425028181284, 0.0031247451323671268, 0.00661508510924661], [0.9751507121247271, 0.006571489036753323, 0.00744485256713258, 0.010832946171386996], [0.9815179081168552, 0.005151607546947923, 0.005836318695791414, 0.007494165540405385], [0.025423656420414956, 0.01542143592478061, 0.005006214827076321, 0.9541486927277281], [0.05190486551941731, 0.013125953505450998, 0.9200955258965269, 0.014873654978604831], [0.02556152805166397, 0.01065684472919973, 0.004441778601451005, 0.9593398485176853], [0.028614730889712187, 0.006386226836993422, 0.94764075624059, 0.017358285932704425], [0.07351155113995109, 0.8956122143416992, 0.014474074907491849, 0.016402159510857772], [0.05875751710206007, 0.9191222143984809, 0.013109245351887311, 0.009011023047571742]], "ideal": "C", "sampled": "C", "correct": true}}
