{"type": "result", "data": {"idx": 0, "options": ["7 N", "5 N", "10 N", "12 N"], "probs": [[0.3906705982092807, 0.2470274979353657, 0.0758298131874509, 0.2864720905679027], [0.38680876836750283, 0.10196453697091915, 0.26085676768582317, 0.2503699268757549], [0.16028590441703447, 0.2024449290828554, 0.3540236968065257, 0.2832454695935844], [0.2515268400514977, 0.33035797861961963, 0.2614490467480352, 0.15666613448084743]], "ideal": "A", "sampled": "A", "correct": true}}
{"type": "result", "data": {"idx": 1, "options": ["weight of fluid.", "volume of fluid.", "density of fluid.", "All of these."], "probs": [[0.24032645014626994, 0.5242329854896691, 0.05029162410252399, 0.18514894016153696], [0.6361373591218581, 0.05538375240699219, 0.09042577343544114, 0.21805311493570856], [0.1219785987471777, 0.08095323737075387, 0.11247135278682166, 0.6845968109952468], [0.21728456989520098, 0.18761094751319002, 0.3952016410671587, 0.19990284142445025]], "ideal": "B", "sampled": "B", "correct": true}}
{"type": "result", "data": {"idx": 2, "options": ["totally internally reflects", "passes into the air above", "is absorbed", "None of these"], "probs": [[0.3090592553367772, 0.420490732288987, 0.055456793553272564, 0.21499321872096325], [0.3050298551553111, 0.11944081510962992, 0.09751790524509901, 0.4780114243899599], [0.12869988860020087, 0.08055160493907988, 0.282723794950726, 0.5080247114099932], [0.1841967470373755, 0.3902746562146685, 0.3172854042949456, 0.1082431923530104]], "ideal": "B", "sampled": "B", "correct": true}}
{"type": "result", "data": {"idx": 3, "options": ["always.", "sometimes.", "never.", "on planet Earth only."], "probs": [[0.3255327263878682, 0.2999873064149871, 0.2602241511533014, 0.11425581594384333], [0.2573411483607231, 0.16497467579514102, 0.08127886861702771, 0.4964053071271082], [0.21870940269698888, 0.10551896375796119, 0.47101543925416756, 0.2047561941908824], [0.16487578415809245, 0.5325524488145064, 0.08234613817421896, 0.22022562875318216]], "ideal": "B", "sampled": "A", "correct": false}}
{"type": "result", "data": {"idx": 4, "options": ["changes", "aligns with the electric field", "is at right angles to the electric field", "converts to magnetic energy"], "probs": [[0.9284989738401432, 0.02236169324682759, 0.027077819749346085, 0.022061513063683102], [0.05899652298545816, 0.04936672796974259, 0.01433020595236396, 0.8773065429924353], [0.03418489242754603, 0.02045069304082484, 0.921893198213226, 0.023471216218403125], [0.06657107364859814, 0.8835913588548268, 0.015480730064146228, 0.03435683733242881]], "ideal": "A", "sampled": "A", "correct": true}}
{"type": "result", "data": {"idx": 5, "options": ["red", "yellow-green", "blue", "violet"], "probs": [[0.13585737042579385, 0.10876976454429942, 0.25372647669475606, 0.5016463882351506], [0.16305508114632802, 0.42629003642252167, 0.32742203063374115, 0.08323285169740917], [0.31010635297894257, 0.5178408390730964, 0.05295440317364662, 0.11909840467431441], [0.3732600787847562, 0.18949630776360407, 0.12560988407144646, 0.3116337292801933]], "ideal": "D", "sampled": "D", "correct": true}}
{"type": "result", "data": {"idx": 6, "options": ["mass distorts spacetime.", "gravity affects clocks.", "light can\u2019t escape from a black hole.", "All of these."], "probs": [[0.11537182143605013, 0.03267774888848345, 0.01910380738912777, 0.8328466221863386], [0.30219241748565157, 0.06659079292800606, 0.3116743243049268, 0.3195424651814156], [0.37612960477109875, 0.1862688549410485, 0.2104706638560429, 0.22713087633180984], [0.49908744534720506, 0.2386496918551255, 0.09020948812399922, 0.17205337457367023]], "ideal": "D", "sampled": "D", "correct": true}}
{"type": "result", "data": {"idx": 7, "options": ["voltage", "energy", "Both of these", "Neither of these"], "probs": [[0.41641267664575565, 0.05413579507224045, 0.37028199016755203, 0.15916953801445183], [0.11492375736974271, 0.05248467426062377, 0.04268963334770423, 0.7899019349219293], [0.20649349072020148, 0.08168380463248819, 0.5989466130448478, 0.1128760915024626], [0.10430661672349109, 0.20401336448750035, 0.04682712332413307, 0.6448528953648754]], "ideal": "A", "sampled": "A", "correct": true}}
{"type": "result", "data": {"idx": 8, "options": ["chaotic", "ordered", "positioned by amplitude", "in phase"], "probs": [[0.0955429154466603, 0.8831713318275997, 0.009017602338980088, 0.012268150286759988], [0.7387089352676344, 0.04595244812364153, 0.04004898041232223, 0.17528963609640186], [0.1141273223926026, 0.0561393161559329, 0.04038553026166124, 0.7893478310898032], [0.12915288149773388, 0.05116459603736946, 0.7883453796873172, 0.031337142677579415]], "ideal": "B", "sampled": "B", "correct": true}}
{"type": "result", "data": {"idx": 9, "options": ["amplitude", "wavelength", "frequency", "energy"], "probs": [[0.0313779331996897, 0.02017296192380016, 0.018015248011562908, 0.9304338567649473], [0.032443746860724765, 0.020698437426593757, 0.8878024203042203, 0.05905539530846121], [0.04057627418695586, 0.8914752923749331, 0.015199281737945687, 0.052749151600165384], [0.9317371601344225, 0.015668402947115093, 0.011809974599678651, 0.040784462218783665]], "ideal": "D", "sampled": "D", "correct": true}}
{"type": "result", "data": {"idx": 10, "options": ["the same", "opposite", "Either of these", "Need more information"], "probs": [[0.32849439975314604, 0.2704206108776515, 0.10586544870271607, 0.29521954056648636], [0.32415840108505195, 0.07024773326578998, 0.2114698399567874, 0.3941240255923707], [0.1513749198203334, 0.15090726173566057, 0.25039138645929054, 0.4473264318847155], [0.2198769929766867, 0.23413689781078148, 0.35048413795429584, 0.19550197115823595]], "ideal": "B", "sampled": "B", "correct": true}}
{"type": "result", "data": {"idx": 11, "options": ["conduction", "convection", "radiation", "radioactivity"], "probs": [[0.04376315373970085, 0.04017706632410252, 0.9012917380023053, 0.014768041833891342], [0.06405048072285273, 0.9058062891741525, 0.010673534435262663, 0.01946969556773212], [0.9259896933869463, 0.020943643659685457, 0.010161153106053384, 0.04290550974731485], [0.050083499123157245, 0.02271964184829406, 0.029331501729210542, 0.8978653571993381]], "ideal": "C", "sampled": "C", "correct": true}}
{"type": "result", "data": {"idx": 12, "options": ["half, 1 A", "2 A", "Depends on which lamp is closer to the battery", "Not enough information to say"], "probs": [[0.2547019194078327, 0.18218307056544672, 0.08760981967677388, 0.47550519024994664], [0.1712896312866571, 0.07360284500567536, 0.30155386394398875, 0.4535536596636788], [0.11845725116779912, 0.284695090956047, 0.3484955455647269, 0.248352112211427], [0.3462545753950974, 0.39149933111101914, 0.1092489791160564, 0.15299711427782706]], "ideal": "B", "sampled": "A", "correct": false}}
{"type": "result", "data": {"idx": 13, "options": ["increase.", "decrease.", "remain unchanged.", "None of these."], "probs": [[0.522265732236134, 0.21045823393147645, 0.16723935304399842, 0.10003668068839111], [0.2932026066099263, 0.14695118256715292, 0.07024135387551697, 0.4896048568474038], [0.2141827461776122, 0.10982446207759557, 0.49852486697032433, 0.17746792467446787], [0.16376279048827613, 0.49461131546004716, 0.14212626005589882, 0.19949963389577785]], "ideal": "A", "sampled": "A", "correct": true}}
{"type": "result", "data": {"idx": 14, "options": ["2mg", "mg", "mg/2", "mg/4"], "probs": [[0.20239346330506633, 0.4159931664048828, 0.20500228417856725, 0.1766110860114836], [0.2250285312291344, 0.4736839250040868, 0.1602658682742864, 0.14102167539249238], [0.2741674400839986, 0.2204501562956016, 0.158950055853027, 0.34643234766737274], [0.22381026373621088, 0.2411856132151217, 0.2517314776010469, 0.28327264534762053]], "ideal": "B", "sampled": "B", "correct": true}}
{"type": "result", "data": {"idx": 15, "options": ["less.", "equal.", "greater.", "none because it sinks."], "probs": [[0.6397984766275302, 0.09953790379522544, 0.19234985541155852, 0.06831376406568587], [0.12327545512649123, 0.0809223180653498, 0.02349050272794593, 0.7723117239802131], [0.09550831643856242, 0.03848030116918891, 0.7949304727960885, 0.07108090949616017], [0.08662089704601016, 0.7127845286610214, 0.0609891116558121, 0.1396054625371564]], "ideal": "A", "sampled": "A", "correct": true}}
{"type": "result", "data": {"idx": 16, "options": ["red.", "green.", "white minus red.", "a mixture of green and yellow."], "probs": [[0.4519324679402502, 0.05200185746915616, 0.419565836095741, 0.07649983839485262], [0.11518512263293938, 0.09530013337672827, 0.030386389204395695, 0.7591283546859366], [0.21677024939144915, 0.07067607692614812, 0.6762127497742206, 0.036340923808182116], [0.16415537525214716, 0.44083954894218225, 0.03559563229035844, 0.35940944341531217]], "ideal": "A", "sampled": "A", "correct": true}}
{"type": "result", "data": {"idx": 17, "options": ["speed", "frequency", "wavelength", "All of these"], "probs": [[0.12426235664431537, 0.6576294971825011, 0.04412851904034984, 0.17397962703283373], [0.7290665778185987, 0.09337420363439448, 0.07138584074356466, 0.10617337770344208], [0.156243690622826, 0.13112891451796052, 0.0557526418372729, 0.6568747529219405], [0.26888393551748513, 0.21735965555641074, 0.3590179872446462, 0.15473842158145792]], "ideal": "B", "sampled": "B", "correct": true}}
{"type": "result", "data": {"idx": 18, "options": ["volume", "mass", "weight", "density"], "probs": [[0.20465630900769222, 0.11483127964872032, 0.1080057280553377, 0.5725066831882497], [0.11939914612320511, 0.11122170917487827, 0.36759674819307736, 0.4017823964088393], [0.09594042210589662, 0.49359082029260126, 0.17846075363389036, 0.23200800386761175], [0.4253597027505003, 0.2620274946823665, 0.05609340328217495, 0.25651939918495825]], "ideal": "D", "sampled": "D", "correct": true}}
{"type": "result", "data": {"idx": 19, "options": ["transverse waves", "longitudinal waves", "all waves", "None of these"], "probs": [[0.5468690150338855, 0.06199818571790129, 0.2363198740699062, 0.154812925078307], [0.21264574880168147, 0.09325942813087151, 0.07547565141201683, 0.6186191715554301], [0.41863145172488253, 0.04306425025437027, 0.3711169847142027, 0.1671873132065445], [0.1227376842580015, 0.323139103642121, 0.09329991111194835, 0.46082330088792917]], "ideal": "A", "sampled": "A", "correct": true}}
{"type": "result", "data": {"idx": 20, "options": ["buoyant force", "mass", "weight", "All of these"], "probs": [[0.41730566565078764, 0.06636194686339436, 0.3009407132282703, 0.2153916741575477], [0.12258513270582773, 0.5349024533690562, 0.0634493380721539, 0.27906307575296224], [0.4410874911134495, 0.10121749557643393, 0.145343296085642, 0.3123517171244745], [0.13031717128930068, 0.33134902754647916, 0.03831995420966632, 0.5000138468545539]], "ideal": "A", "sampled": "C", "correct": false}}
{"type": "result", "data": {"idx": 21, "options": ["thermal energy.", "vibrational kinetic energy.", "average translational kinetic energy.", "rotational kinetic energy."], "probs": [[0.2631512693802341, 0.30891657666225963, 0.3769685358832726, 0.05096361797423368], [0.2912470177967512, 0.4761614625168904, 0.04861563942955605, 0.18397588015680236], [0.7608386164017839, 0.044864013118072, 0.0962650016410496, 0.09803236873909454], [0.12417203094185413, 0.14299207817829188, 0.07416964266326181, 0.6586662481165921]], "ideal": "C", "sampled": "C", "correct": true}}
{"type": "result", "data": {"idx": 22, "options": ["move farther than the input piston", "exceed the force input", "exceed the input piston\u2019s speed", "produce increased energy"], "probs": [[0.6636811593059788, 0.1093064860786936, 0.10120137185636492, 0.1258109826589626], [0.2593871451426617, 0.09352049578985026, 0.06902282941481276, 0.5780695295526752], [0.22907147196465466, 0.08475033887562325, 0.23511758881164924, 0.4510606002480728], [0.25755124897838166, 0.3006056800093798, 0.19172395478173207, 0.2501191161305064]], "ideal": "D", "sampled": "A", "correct": false}}
{"type": "result", "data": {"idx": 23, "options": ["decreases", "increases", "remains unchanged", "may increase or decrease"], "probs": [[0.2042216588600268, 0.41340764012609377, 0.2937289804368641, 0.08864172047701536], [0.3725308366483199, 0.2689040818868168, 0.06675126949026437, 0.291813811874599], [0.32959196983904043, 0.09555979992627367, 0.1187821555744744, 0.45606607456021153], [0.2387372928995382, 0.12726613498648495, 0.3860639218282897, 0.2479326501856871]], "ideal": "C", "sampled": "B", "correct": false}}
{"type": "result", "data": {"idx": 24, "options": ["half the bend.", "the same bend if the branch doesn\u2019t break.", "twice the bend.", "4 times the bend."], "probs": [[0.06626009713740418, 0.49829236585931386, 0.3891826278060233, 0.04626490909725866], [0.17845551069494345, 0.7486360417387619, 0.04814650328974816, 0.0247619441765465], [0.32008360859281926, 0.14330519307297332, 0.018345251130854858, 0.5182659471033526], [0.11016606743586468, 0.0569615560892177, 0.4662621107652576, 0.36661026560966004]], "ideal": "C", "sampled": "C", "correct": true}}
{"type": "result", "data": {"idx": 25, "options": ["increases but less than doubles", "doubles", "more than doubles", "depends on factors not stated"], "probs": [[0.36390778145359703, 0.3419014505490189, 0.192831230785229, 0.10135953711215503], [0.31210720768509936, 0.2753033658236884, 0.12350028099002457, 0.2890891454011877], [0.3066514615910268, 0.09818631788902414, 0.30131201810684627, 0.29385020231310277], [0.18140735950135048, 0.2817365186866042, 0.36410819937956795, 0.17274792233247735]], "ideal": "A", "sampled": "B", "correct": false}}
{"type": "result", "data": {"idx": 26, "options": ["1 minute.", "2 minutes.", "5 minutes.", "9 minutes."], "probs": [[0.1974736869514151, 0.23758473635943025, 0.2921929017580483, 0.2727486748311064], [0.2274929846969297, 0.28928511900862336, 0.29280018367223243, 0.1904217125222145], [0.27949466882094254, 0.2401197516660218, 0.30508726377584533, 0.1752983156371903], [0.29223562590398966, 0.3379134686510668, 0.1767631102964743, 0.19308779504846924]], "ideal": "D", "sampled": "D", "correct": true}}
{"type": "result", "data": {"idx": 27, "options": ["move at a constant speed in a straight line", "accelerate at a constant rate in a straight line", "come to rest", "increase its amount of inertia"], "probs": [[0.9184932485414232, 0.044156226187196446, 0.01749293463612479, 0.01985759053525557], [0.1462288132615929, 0.06130533379330365, 0.02141150173463474, 0.7710543511104687], [0.06462642790574386, 0.022259102098619594, 0.8245182939732445, 0.08859617592239202], [0.06043074346955886, 0.8727600671159187, 0.029379163262802543, 0.037430026051719946]], "ideal": "A", "sampled": "A", "correct": true}}
{"type": "result", "data": {"idx": 28, "options": ["everyday low speeds.", "relativistic speeds.", "Both of these.", "Neither of these."], "probs": [[0.17473833521553406, 0.3544289820201762, 0.34022298958807873, 0.130609693076211], [0.5475521805532829, 0.18448180370755002, 0.05918369573918534, 0.2087823198999817], [0.1684302066332024, 0.07075349880414727, 0.20519175817714963, 0.5556245362855007], [0.1393911540368879, 0.13938400147951557, 0.38616982098532404, 0.3350550233982724]], "ideal": "C", "sampled": "B", "correct": false}}
{"type": "result", "data": {"idx": 29, "options": ["evaporation", "condensation", "Both", "Neither"], "probs": [[0.4890897535111442, 0.08893499456250176, 0.29367717878804467, 0.12829807303830937], [0.2745207290750511, 0.20197904408907272, 0.14470704114043606, 0.37879318559544006], [0.3782660904406817, 0.164038923902217, 0.2645926137809714, 0.1931023717761299], [0.22451804895222355, 0.30992169548860515, 0.08448975091753708, 0.3810705045416342]], "ideal": "C", "sampled": "A", "correct": false}}
{"type": "result", "data": {"idx": 30, "options": ["shorter", "taller", "equal in height", "inoperable"], "probs": [[0.45936307990968744, 0.20604078776624904, 0.17099051430587495, 0.16360561791818856], [0.4234362040804725, 0.13963444841674866, 0.09276884255604002, 0.3441605048467388], [0.21784714703029034, 0.07576380443519277, 0.42845468432032047, 0.27793436411419636], [0.15572438802684682, 0.4106833048263263, 0.2869018827763803, 0.14669042427044657]], "ideal": "B", "sampled": "A", "correct": false}}
{"type": "result", "data": {"idx": 31, "options": ["force due to gravity is the same on each.", "air resistance is always zero in free fall.", "inertia of both rocks is the same.", "ratio of force to mass is the same."], "probs": [[0.31114793168414934, 0.049571618986815884, 0.04217416467290517, 0.5971062845561296], [0.10100167612460254, 0.10303563239752439, 0.2610557875872942, 0.5349069037905788], [0.14271086771948016, 0.35791672072519576, 0.41662503215881624, 0.08274737929650784], [0.5775536567118656, 0.2871128454104194, 0.019363625874837993, 0.11596987190287693]], "ideal": "D", "sampled": "D", "correct": true}}
{"type": "result", "data": {"idx": 32, "options": ["increases but less than doubles", "doubles", "more than doubles", "depends on factors not stated"], "probs": [[0.33660569532868606, 0.32950815309635745, 0.2585256378203965, 0.07536051365455997], [0.2944783191444782, 0.400329619630598, 0.08200409128472412, 0.22318796984019965], [0.3649292695566797, 0.0757863854503491, 0.22480699735383472, 0.3344773475391365], [0.17197393904241412, 0.2264545396610863, 0.38497262503664187, 0.21659889615985772]], "ideal": "C", "sampled": "B", "correct": false}}
{"type": "result", "data": {"idx": 33, "options": ["equals mass moving at the speed of light squared.", "equals moving mass.", "is fundamentally different than mass.", "and mass are closely related."], "probs": [[0.07918020403135617, 0.037614233916184805, 0.026691020404124927, 0.8565145415483341], [0.0604942601205685, 0.03413561794818107, 0.874206261141466, 0.03116386068978442], [0.04378643458786771, 0.9051146919405404, 0.014708094037247205, 0.036390779334344675], [0.8477160223209792, 0.05336931650256652, 0.028750838334114445, 0.07016382274233987]], "ideal": "D", "sampled": "D", "correct": true}}
{"type": "result", "data": {"idx": 34, "options": ["light leaving the Sun is slowed by gravity.", "light passing the Sun is deflected.", "a clock on the Sun\u2019s surface runs faster than on Earth.", "All of these."], "probs": [[0.10772540035336044, 0.4966866540046299, 0.02677978292219036, 0.3688081626198193], [0.6228706889735879, 0.079409272303164, 0.18250407690262457, 0.11521596172062354], [0.17505748121522566, 0.18229725551554032, 0.17003628133243368, 0.4726089818368003], [0.3024554595414656, 0.3291115213469102, 0.23681228213344607, 0.13162073687817819]], "ideal": "D", "sampled": "B", "correct": false}}
{"type": "result", "data": {"idx": 35, "options": ["reduces by 2", "reduces by 4", "increases by 2", "increases by 4"], "probs": [[0.6009456853307527, 0.27109064487807655, 0.03044136296625127, 0.09752230672491949], [0.4954443122348339, 0.15952621334920403, 0.05685648829873461, 0.28817298601722746], [0.25570992585359176, 0.11790342321943226, 0.42367528462924026, 0.2027113661977357], [0.23151258776983258, 0.28142961437525965, 0.3303779910118115, 0.1566798067430963]], "ideal": "A", "sampled": "A", "correct": true}}
{"type": "result", "data": {"idx": 36, "options": ["increases", "decreases", "remains the same", "Not enough information to say"], "probs": [[0.22889492254493884, 0.17565575502033456, 0.36228019535316486, 0.2331691269815617], [0.17880023456515243, 0.39646278895376835, 0.07654530953459288, 0.34819166684648634], [0.3608937182461844, 0.12112306531522511, 0.2377140766655447, 0.2802691396730458], [0.17018377525618883, 0.1225353013968822, 0.18012577025093773, 0.5271551529959912]], "ideal": "A", "sampled": "C", "correct": false}}
{"type": "result", "data": {"idx": 37, "options": ["30 km/h", "40 km/h", "50 km/h", "60 km/h"], "probs": [[0.16478540247201243, 0.17396214861861928, 0.36079150972322044, 0.30046093908614785], [0.1726312015385969, 0.3438636608992325, 0.3127262843426324, 0.17077885311953828], [0.3224333274404632, 0.30934754471885484, 0.16128476202789543, 0.2069343657127865], [0.3137612138005616, 0.16609988109894222, 0.2572605090259697, 0.2628783959745265]], "ideal": "C", "sampled": "C", "correct": true}}
{"type": "result", "data": {"idx": 38, "options": ["amplitude", "polarization", "momentum", "frequency"], "probs": [[0.03451461820002813, 0.03288041152864942, 0.027644847409489356, 0.9049601227618331], [0.03396520147931415, 0.07729383852402495, 0.8744190668289472, 0.014321893067713655], [0.08691346433661541, 0.8840153163765468, 0.008194553237371734, 0.020876665949466022], [0.9040465259655506, 0.035402924840486426, 0.015176792399839897, 0.04537375669412313]], "ideal": "D", "sampled": "D", "correct": true}}
{"type": "result", "data": {"idx": 39, "options": ["electrons", "protons", "neutrons", "ions"], "probs": [[0.8112228745354317, 0.04208810811420124, 0.026396187702332364, 0.12029282954803466], [0.03513138342199543, 0.02594515661676685, 0.01447241369883225, 0.9244510461624055], [0.059676808869950373, 0.04252309193323407, 0.8522659221830329, 0.0455341769137827], [0.2656266932633624, 0.6274528374231098, 0.022908700158399336, 0.08401176905512846]], "ideal": "A", "sampled": "A", "correct": true}}
{"type": "result", "data": {"idx": 40, "options": ["less.", "more.", "the same.", "Need more information."], "probs": [[0.32383203985778747, 0.11873382505680644, 0.3296278465899192, 0.22780628839548686], [0.28182369047828054, 0.1584556377005724, 0.19398776895866396, 0.36573290276248316], [0.2333981543545975, 0.1494054496138894, 0.38253831859577936, 0.2346580773357337], [0.27173341678444685, 0.3536131766911482, 0.10462810964562616, 0.2700252967787788]], "ideal": "C", "sampled": "A", "correct": false}}
{"type": "result", "data": {"idx": 41, "options": ["overlapping one another", "constructively interfering", "moving slower than the source producing them", "All of these"], "probs": [[0.18124833701228593, 0.34578001495718225, 0.12167325614666141, 0.3512983917838704], [0.31205026707137623, 0.30501486231383185, 0.1693932787633398, 0.21354159175145213], [0.45556358177224315, 0.13553860984189847, 0.155313777242176, 0.2535840310436824], [0.22673018950132756, 0.21682380783844793, 0.2769376717808373, 0.27950833077938725]], "ideal": "D", "sampled": "B", "correct": false}}
{"type": "result", "data": {"idx": 42, "options": ["cold day", "hot day", "day with steady temperature", "None of these"], "probs": [[0.5319552818915532, 0.2230899995681326, 0.07104874136896948, 0.17390597707134475], [0.5942064236959045, 0.1365463953762656, 0.08277773542950395, 0.18646944539832597], [0.3249545942673783, 0.13740540834773302, 0.2768664914559646, 0.26077350582892406], [0.21567086551907347, 0.43471687380024476, 0.20305889540282487, 0.14655336517785686]], "ideal": "B", "sampled": "A", "correct": false}}
{"type": "result", "data": {"idx": 43, "options": ["half", "twice", "the same", "None of these"], "probs": [[0.32573014979875403, 0.34922040025706325, 0.17078559353410408, 0.15426385631007863], [0.4155951923727477, 0.18856757230218144, 0.09815076431324503, 0.29768647091182576], [0.19359067080469183, 0.08512270449740814, 0.38994401689444674, 0.33134260770345325], [0.13652220570454032, 0.29867950523905606, 0.339394127385564, 0.2254041615708396]], "ideal": "C", "sampled": "B", "correct": false}}
{"type": "result", "data": {"idx": 44, "options": ["hot to cold ever", "cold to hot ever", "hot to cold without external energy", "cold to hot without external energy"], "probs": [[0.336871424127583, 0.06077307993091715, 0.4676520945914508, 0.13470340125004907], [0.4442189533960187, 0.2607185956896265, 0.05402222516691891, 0.24104022564743582], [0.6156668891489621, 0.18554515028855542, 0.06766201151755276, 0.13112594894492974], [0.620585464645907, 0.15879338079568456, 0.054354438715000904, 0.16626671574340748]], "ideal": "D", "sampled": "C", "correct": false}}
{"type": "result", "data": {"idx": 45, "options": ["hydrogen.", "oxygen.", "nitrogen.", "But all have the same speed on average."], "probs": [[0.5923462333231463, 0.06910683803038893, 0.05119088741743861, 0.2873560411290262], [0.21188621852324147, 0.06531314000767426, 0.09904856528986136, 0.6237520760792229], [0.2455658431429091, 0.13124497745773706, 0.5322784384345375, 0.09091074086481636], [0.29179876387631337, 0.5365157006923251, 0.04899888375659061, 0.1226866515747709]], "ideal": "A", "sampled": "A", "correct": true}}
{"type": "result", "data": {"idx": 46, "options": ["greater", "less", "the same", "Any of these"], "probs": [[0.20651904361921788, 0.18887524867777492, 0.4928372946734311, 0.11176841292957605], [0.23522106161180914, 0.536163159200028, 0.07440847268565187, 0.15420730640251099], [0.37697611378762697, 0.13185206447272427, 0.17327097572951242, 0.31790084591013634], [0.17538481320867436, 0.15826373433040855, 0.19134361625922414, 0.47500783610169295]], "ideal": "C", "sampled": "C", "correct": true}}
{"type": "result", "data": {"idx": 47, "options": ["less than 0.8 N", "0.8 N", "greater than 0.8 N", "dependent on the orientation of its body"], "probs": [[0.45903687980596086, 0.17239549497436849, 0.27764787853492584, 0.09091974658474478], [0.1829713785405796, 0.31020186710673175, 0.09098191828955288, 0.41584483596313576], [0.32416297050077764, 0.08112208060871477, 0.20731136455183177, 0.3874035842386759], [0.18353744669825794, 0.29878811380802406, 0.24606330300180027, 0.27161113639191775]], "ideal": "B", "sampled": "A", "correct": false}}
{"type": "result", "data": {"idx": 48, "options": ["along and parallel to the wave", "perpendicular to the wave", "Both of these", "Neither of these"], "probs": [[0.4586787726425853, 0.2052587362289241, 0.145157015837683, 0.19090547519080758], [0.24372137861533819, 0.06731416635435587, 0.0765072668680847, 0.6124571880622213], [0.17681815955035737, 0.06912405685204356, 0.3519293017045996, 0.4021284817929995], [0.18056367604958912, 0.2661208251764613, 0.33337080972095723, 0.21994468895299232]], "ideal": "A", "sampled": "A", "correct": true}}
{"type": "result", "data": {"idx": 49, "options": ["the work done on them", "motion", "Both of these", "Neither of these"], "probs": [[0.3922594218477205, 0.11206834845665241, 0.2493574637622434, 0.2463147658333837], [0.17409631089328284, 0.2418102400713676, 0.12639347830958414, 0.4576999706257654], [0.39194288553890994, 0.11504115822475243, 0.3773452611088015, 0.11567069502753614], [0.14071326113627308, 0.24988320746623677, 0.03952190696263616, 0.569881624334854]], "ideal": "A", "sampled": "A", "correct": true}}
{"type": "result", "data": {"idx": 50, "options": ["voltage", "energy", "Both of these", "Neither of these"], "probs": [[0.4327241568377991, 0.0524019759795355, 0.35844595480926567, 0.15642791227339975], [0.11059522665418885, 0.05133924623603951, 0.04111602447964536, 0.7969495025301263], [0.20485973087048728, 0.08426271880396304, 0.5943966265558835, 0.11648092366966611], [0.10492332395893879, 0.20508867729366095, 0.04672900266547738, 0.6432589959819228]], "ideal": "A", "sampled": "A", "correct": true}}
{"type": "result", "data": {"idx": 51, "options": ["inside the nucleus", "outside the nucleus", "Either of these", "Neither of these"], "probs": [[0.8039440380020137, 0.029594156734328782, 0.07911797323899261, 0.08734383192466488], [0.14165979305743645, 0.06870618308305212, 0.0763010887062001, 0.7133329350533113], [0.15244968915471427, 0.11427847060663256, 0.5781590600400749, 0.15511278009857826], [0.12507925833196906, 0.577137048655128, 0.09469465094830377, 0.20308904196459907]], "ideal": "A", "sampled": "A", "correct": true}}
{"type": "result", "data": {"idx": 52, "options": ["absorbed", "reflected", "scattered", "refracted"], "probs": [[0.27134132382540493, 0.04198512434539561, 0.6267360448210544, 0.05993750690814504], [0.1622618567528529, 0.5980349711695377, 0.015690009864079934, 0.22401316211352945], [0.4893089279910085, 0.02713111626766434, 0.4057063795751905, 0.07785357606613663], [0.09304198396627673, 0.5855099885423953, 0.02861006344997494, 0.292837963941353]], "ideal": "A", "sampled": "C", "correct": false}}
{"type": "result", "data": {"idx": 53, "options": ["destruction", "interference", "resonance", "amplification"], "probs": [[0.0615529575540546, 0.9003418808881704, 0.01229842489879191, 0.02580673655898317], [0.8906101070441981, 0.044751026148633244, 0.010004909801273448, 0.05463395690589518], [0.055690041216741475, 0.03937056930120725, 0.12292170202824634, 0.782017687353805], [0.04926264902144325, 0.12917278368891424, 0.7849341425463207, 0.03663042464332185]], "ideal": "B", "sampled": "B", "correct": true}}
{"type": "result", "data": {"idx": 54, "options": ["all the colors together", "two or more appropriate colors", "light when a prism is held upside down", "None of these"], "probs": [[0.5635429066120026, 0.16647507372677836, 0.06404129462824573, 0.20594072493297336], [0.24228875607387118, 0.05919533288477728, 0.03641254867710249, 0.662103362264249], [0.13768784136227413, 0.05364314246358522, 0.7523947049061257, 0.05627431116801491], [0.1416103850283453, 0.6592608142674891, 0.09247510203148367, 0.10665369857268196]], "ideal": "D", "sampled": "A", "correct": false}}
{"type": "result", "data": {"idx": 55, "options": ["about 1 A", "2 A", "Depends on which lamp is closer to the battery", "Not enough information to say"], "probs": [[0.22379629061595963, 0.2539729745360596, 0.062294091326912986, 0.4599366434210678], [0.16620228687644095, 0.05607510935475629, 0.38542498985772544, 0.3922976138110773], [0.061888598360552965, 0.35213822385230586, 0.41505608267698657, 0.1709170950101546], [0.3329127480190785, 0.3171277391165425, 0.2493589706374042, 0.1006005421269748]], "ideal": "D", "sampled": "D", "correct": true}}
{"type": "result", "data": {"idx": 56, "options": ["Speed only", "Wavelength only", "Both speed and wavelength", "Neither of these"], "probs": [[0.20976881597268487, 0.18462636812895014, 0.5098869545917138, 0.09571786120665109], [0.19145716161952805, 0.49770983478750125, 0.04680149110839913, 0.26403151238457157], [0.40923111475925206, 0.07640831513273981, 0.2438466359660548, 0.2705139340419533], [0.1312477627637198, 0.12766003987883578, 0.13104066641929646, 0.6100515308381479]], "ideal": "C", "sampled": "C", "correct": true}}
{"type": "result", "data": {"idx": 57, "options": ["2 Hz", "4 Hz", "8 Hz", "16 Hz"], "probs": [[0.3424950292735783, 0.25281969087009204, 0.1420619955824112, 0.2626232841739185], [0.31190329978595754, 0.2354577718030399, 0.17288455309767237, 0.27975437521333024], [0.3157157458474342, 0.24647237746311454, 0.18351564479204285, 0.25429623179740835], [0.3100081589505561, 0.3313508828740504, 0.18451794430204976, 0.17412301377334374]], "ideal": "B", "sampled": "A", "correct": false}}
{"type": "result", "data": {"idx": 58, "options": ["frequency", "period", "wavelength", "amplitude"], "probs": [[0.029074204622410893, 0.01913332163605756, 0.0096329551518014, 0.9421595184897301], [0.039335797808814785, 0.023067717982739395, 0.7414718145261447, 0.19612466958230101], [0.047966759316924325, 0.4729277229790825, 0.4451374726208408, 0.033968044983152416], [0.821798468296967, 0.09266039187339485, 0.01668703913109614, 0.06885410059854194]], "ideal": "D", "sampled": "D", "correct": true}}
{"type": "result", "data": {"idx": 59, "options": ["charged", "uncharged", "Either of these", "Neither of these"], "probs": [[0.3353488942853375, 0.27015797911314543, 0.18147362358386288, 0.21301950291765426], [0.3608094130862083, 0.13917060440841936, 0.1629464480463832, 0.3370735343589892], [0.21795843730425174, 0.15392108832720966, 0.2650763234185548, 0.3630441508499838], [0.22176756292997757, 0.27413121271567864, 0.2967942102969059, 0.20730701395743786]], "ideal": "C", "sampled": "B", "correct": false}}
{"type": "result", "data": {"idx": 60, "options": ["absorbed", "transmitted", "scattered", "polarized"], "probs": [[0.10020259004555908, 0.026338007349089303, 0.8416040554221251, 0.03185534708322643], [0.08636638202531703, 0.7613498347530067, 0.012784558978126286, 0.13949922414355004], [0.87452385194724, 0.025077295671062438, 0.030328803720159222, 0.07007004856153833], [0.052843250821119646, 0.038866456956128885, 0.015575425842853133, 0.8927148662798984]], "ideal": "C", "sampled": "C", "correct": true}}
{"type": "result", "data": {"idx": 61, "options": ["thorium-242", "thorium-238", "thorium-234", "radium-214"], "probs": [[0.24738219746533102, 0.2790576558885713, 0.2554193772927714, 0.21814076925332623], [0.32740690813058465, 0.3842103423656712, 0.20148110087464424, 0.08690164852909989], [0.37196754296971385, 0.252195440142105, 0.16450352474881688, 0.2113334920393643], [0.3269822743349147, 0.14441362667488658, 0.3828143648188423, 0.14578973407135642]], "ideal": "C", "sampled": "B", "correct": false}}
{"type": "result", "data": {"idx": 62, "options": ["toward you", "away from you", "Both of these", "None of these"], "probs": [[0.2948782145682142, 0.2047275155577972, 0.3401660620826063, 0.16022820769138227], [0.30520625307753546, 0.13998650773030205, 0.08338351857063335, 0.47142372052152914], [0.2508849724612593, 0.08795878028112886, 0.3220028780971962, 0.33915336906041565], [0.12422564157105681, 0.14886679086537893, 0.17989772958516062, 0.5470098378784036]], "ideal": "C", "sampled": "C", "correct": true}}
{"type": "result", "data": {"idx": 63, "options": ["charge", "energy", "mass", "all of these"], "probs": [[0.36830532547128714, 0.13008634744773814, 0.18173493443102237, 0.31987339254995234], [0.23367474970865004, 0.25076347586985165, 0.11081261931741758, 0.40474915500408076], [0.2282490014969817, 0.10705980844158239, 0.4624177869921105, 0.20227340296932542], [0.22831608012544685, 0.3027735307096629, 0.12502345255222216, 0.3438869365126681]], "ideal": "D", "sampled": "A", "correct": false}}
{"type": "result", "data": {"idx": 64, "options": ["unchanged", "twice as much", "half as much", "four times as much"], "probs": [[0.15582080822380673, 0.30220080657339365, 0.046636795668873396, 0.4953415894339262], [0.2235823969430738, 0.06357910022602421, 0.4505670867663258, 0.2622714159645762], [0.1134602784566515, 0.2759516084787063, 0.055193792176363964, 0.5553943207882782], [0.27585543946299623, 0.11884990547079884, 0.5034799946275536, 0.10181466033865143]], "ideal": "B", "sampled": "B", "correct": true}}
{"type": "result", "data": {"idx": 65, "options": ["breaking the sound barrier", "pulling out of a subsonic dive", "flying faster than sound", "Each of these produces a sonic boom"], "probs": [[0.23810259463262898, 0.06717453001122779, 0.3449743908677001, 0.3497484843884431], [0.27008868066020053, 0.3330754438626119, 0.18487492752833934, 0.21196094784884825], [0.5725986488916774, 0.12063098967279409, 0.1621311641053662, 0.1446391972301623], [0.22485802562838741, 0.23655010228734294, 0.0619177133844481, 0.47667415859982154]], "ideal": "C", "sampled": "C", "correct": true}}
{"type": "result", "data": {"idx": 66, "options": ["becomes slightly radioactive", "doesn\u2019t become radioactive", "will spoil faster", "should be avoided"], "probs": [[0.458652558459591, 0.4121207617488442, 0.020619230458048553, 0.10860744923351617], [0.6014848686982953, 0.042973308427058425, 0.0572169827547626, 0.2983248400198836], [0.07178051769015624, 0.06977845727699584, 0.3853187560649837, 0.4731222688678642], [0.18152347748651573, 0.5197436537952612, 0.26822601347280917, 0.03050685514541386]], "ideal": "B", "sampled": "B", "correct": true}}
{"type": "result", "data": {"idx": 67, "options": ["fluorescence.", "coherence.", "polarization.", "de-excitation."], "probs": [[0.3125063250461562, 0.047281929412567474, 0.029795855946746875, 0.6104158894945294], [0.0808884070914794, 0.030474270383978076, 0.7130882885413012, 0.1755490338832413], [0.0619853850978353, 0.774875752355766, 0.09447703398037893, 0.06866182846601973], [0.8022077888023869, 0.10794516933232007, 0.026372377514461854, 0.06347466425083118]], "ideal": "D", "sampled": "D", "correct": true}}
{"type": "result", "data": {"idx": 68, "options": ["reflected or converted to internal energy in the material.", "mainly reflected.", "mainly refracted.", "transmitted at a lower frequency."], "probs": [[0.8115508579276788, 0.10078700655485746, 0.02402205762195343, 0.06364007779551026], [0.13793744299532382, 0.03451135792500633, 0.019569488207504124, 0.8079817107721657], [0.05901242351143147, 0.04826108445616207, 0.8210822403353316, 0.07164425159707481], [0.07833964201755536, 0.8055127082217519, 0.04973186440867869, 0.066415785252014]], "ideal": "A", "sampled": "A", "correct": true}}
{"type": "result", "data": {"idx": 69, "options": ["1/100 as much", "10 times as much", "100 times as much", "1000 times as much"], "probs": [[0.36171517311465357, 0.17105572178822437, 0.22050363151764657, 0.2467254734794755], [0.1773488587466177, 0.14172052373513935, 0.12454358951036894, 0.556387027907874], [0.15889248842246698, 0.10414084433992554, 0.42236588974416667, 0.3146007773934408], [0.19647836097664734, 0.28137864821187264, 0.2265829376178019, 0.2955600530936781]], "ideal": "C", "sampled": "A", "correct": false}}
{"type": "result", "data": {"idx": 70, "options": ["direction", "energy", "Both of these", "Neither of these"], "probs": [[0.21694736387607083, 0.060950622999396, 0.5514607860366753, 0.17064122698785794], [0.31862730390914096, 0.34469303897353426, 0.11842162023629524, 0.21825803678102956], [0.36807459040664586, 0.12264668757513529, 0.31749021530716337, 0.19178850661105548], [0.13158410296077575, 0.13731272005731926, 0.07064100091045251, 0.6604621759714525]], "ideal": "A", "sampled": "C", "correct": false}}
{"type": "result", "data": {"idx": 71, "options": ["more dense", "less dense", "more slippery", "warmer"], "probs": [[0.6189854075254053, 0.32813882457753685, 0.017463020783447355, 0.035412747013610434], [0.6898139182702367, 0.04454784881388321, 0.026070026921016183, 0.2395682058948638], [0.20344895198191576, 0.04766758921141931, 0.08043453126503297, 0.668448927441632], [0.09713710228376744, 0.07700343686668026, 0.7945506664786864, 0.03130879427086584]], "ideal": "A", "sampled": "B", "correct": false}}
{"type": "result", "data": {"idx": 72, "options": ["frequency.", "wavelength.", "air temperature.", "All of these."], "probs": [[0.044251008894589904, 0.019734100755117757, 0.6606029689778297, 0.2754119212724627], [0.07551536848973386, 0.6961375007852938, 0.17954697047514906, 0.048800160149823246], [0.8148435220937512, 0.09659848987699746, 0.04137841241734981, 0.04717957551190153], [0.23713269297345863, 0.053011788727738866, 0.047797596871597174, 0.6620579213272053]], "ideal": "C", "sampled": "C", "correct": true}}
{"type": "result", "data": {"idx": 73, "options": ["conduction", "convection", "radiation", "All of these, although radiation is greatest"], "probs": [[0.053161067802543115, 0.02593898859901206, 0.7649815934311581, 0.15591835006728674], [0.060853765315493684, 0.8176637412931993, 0.08870578688547749, 0.032776706405829574], [0.860635600187584, 0.09371509637706449, 0.012543795013181478, 0.033105508322170046], [0.1508343602022377, 0.03060312251464499, 0.03759918945506224, 0.7809633277280551]], "ideal": "C", "sampled": "C", "correct": true}}
{"type": "result", "data": {"idx": 74, "options": ["like any other force", "multiplied by a lever arm", "that is fictitious", "that accelerates things"], "probs": [[0.1285460062183196, 0.7073836694821071, 0.052671867370576574, 0.11139845682899678], [0.6871690519043523, 0.10669089494987571, 0.05226651030852791, 0.15387354273724407], [0.08042768422127078, 0.05346788238260774, 0.05266218396947959, 0.8134422493266419], [0.09536206685780763, 0.06265689408652922, 0.7940590947293696, 0.04792194422629349]], "ideal": "B", "sampled": "B", "correct": true}}
