{"type": "result", "data": {"idx": 0, "options": ["7 N", "5 N", "10 N", "12 N"], "probs": [[0.182175966813466, 0.13754615391229238, 0.5886216846804546, 0.091656194493787], [0.2181600164052251, 0.25123484437545196, 0.16478062656546655, 0.3658245125538564], [0.13364682393281502, 0.658193851886756, 0.11622733015454347, 0.0919319939258855], [0.11777560060707361, 0.6780981218703556, 0.11788888668166232, 0.08623739074090853], [0.20153895307319883, 0.20481869845614867, 0.19854210621862384, 0.39510024215202866], [0.1760242348742382, 0.10847045139146143, 0.6443529368424141, 0.07115237679188618], [0.15775417927369564, 0.12097689982835633, 0.6443479512505819, 0.07692096954736617], [0.21977511701100094, 0.23775728753088435, 0.1739691994603114, 0.3684983958978033], [0.12202555775931298, 0.659989123427353, 0.13002492583006442, 0.08796039288326955], [0.11484617275456066, 0.6612349743093904, 0.13440321096058638, 0.08951564187546256], [0.20064606069474739, 0.2274745140365952, 0.21374610382782933, 0.3581333213408281], [0.16546062753645585, 0.11374372733564805, 0.6549485178765944, 0.06584712715130175], [0.34368665978789686, 0.35469259751192483, 0.18996448246831008, 0.11165626013186823], [0.33739417536614386, 0.3322690402215073, 0.2080467476633258, 0.1222900366490231], [0.3206502747118157, 0.33612584563521225, 0.24226434165403024, 0.10095953789894184], [0.32317928439661486, 0.30369696923130546, 0.24038932441421484, 0.13273442185786483], [0.32711315151758164, 0.3272148072392359, 0.20487673578597748, 0.14079530535720494], [0.36024236675474725, 0.354755818808366, 0.1502943634836583, 0.13470745085322847], [0.205121305488082, 0.23253695317957576, 0.22900405182628525, 0.33333768940605696], [0.16496971985402803, 0.12651157943436106, 0.6329515858681066, 0.07556711474350425], [0.1896769907784623, 0.2325024375832763, 0.2117750558574336, 0.3660455156808278], [0.1628183013667881, 0.1288242219741912, 0.6445649409669907, 0.06379253559202998], [0.21298701997119573, 0.5526395810122701, 0.13979868036740853, 0.09457471854912569], [0.21358232574207384, 0.5542000838604649, 0.13588153605912234, 0.09633605423833891]], "ideal": "A", "sampled": "C", "correct": false}}
{"type": "result", "data": {"idx": 1, "options": ["weight of fluid.", "volume of fluid.", "density of fluid.", "All of these."], "probs": [[0.04606343286940573, 0.09454039929013254, 0.02928624022856657, 0.8301099275118952], [0.07589398955697856, 0.16068732497445226, 0.6984802975778621, 0.06493838779070703], [0.03143060534899399, 0.03452863531513109, 0.04296928719426168, 0.8910714720416132], [0.05988479956042348, 0.052033861781932866, 0.7651664841949645, 0.12291485436267914], [0.11405603926400336, 0.3799820059152543, 0.29605490848605376, 0.20990704623468862], [0.13007434583398167, 0.4910982878006487, 0.06647635696377592, 0.31235100930159376], [0.05355080818532706, 0.02867069031649573, 0.025298626312073684, 0.8924798750861035], [0.16573582279261928, 0.04190770458182888, 0.7433487633738743, 0.049007709151677466], [0.06106270095469086, 0.034261437309024104, 0.020456162567248512, 0.8842196990690365], [0.16739047594397544, 0.05185964185618084, 0.7507288245461196, 0.03002105755372419], [0.48531172400661876, 0.42166611787988395, 0.023061886326035883, 0.06996027168746138], [0.5247986257505293, 0.4283389996867063, 0.023428613055815003, 0.023433761406949426], [0.025715330996256447, 0.021660602040815952, 0.12661597320089144, 0.8260080936620362], [0.0454978668495854, 0.034888128638112734, 0.7582555186510145, 0.16135848576128736], [0.03873935055507795, 0.06489532585304206, 0.02747591273530545, 0.8688894107565746], [0.05799947478785696, 0.09125740352127536, 0.8138653281669155, 0.036877793423952226], [0.0793964480779714, 0.5099153936075074, 0.04318159427060159, 0.3675065639439196], [0.07218451105963936, 0.740838056287875, 0.09129797734374252, 0.09567945520874312], [0.12358171215352548, 0.1255425186580974, 0.5993627175231825, 0.15151305156519465], [0.20497470786645605, 0.24348353974346026, 0.103108777049173, 0.4484329752409107], [0.24744514181475544, 0.33306685831196775, 0.06456653172398356, 0.3549214680492932], [0.30857800744566555, 0.4561580615148199, 0.06470382813379225, 0.1705601028057223], [0.1596260493889856, 0.17265853026781644, 0.0828238713237689, 0.5848915489194291], [0.27083679627397134, 0.17488868272211638, 0.35907646475007854, 0.19519805615383373]], "ideal": "B", "sampled": "D", "correct": false}}
{"type": "result", "data": {"idx": 2, "options": ["totally internally reflects", "passes into the air above", "is absorbed", "None of these"], "probs": [[0.06958485983544192, 0.5829056966562516, 0.06340435749989695, 0.28410508590840955], [0.07583950053169655, 0.5785382648070497, 0.0680343613571899, 0.27758787320406375], [0.05468019924034546, 0.035869554216099345, 0.5356422145969805, 0.3738080318465747], [0.047718992892530225, 0.05410889374344191, 0.11453777209156463, 0.7836343411724632], [0.06312715637810508, 0.046929935923290284, 0.6281665341325191, 0.2617763734660855], [0.07690723125005741, 0.10518522402806416, 0.0871861414943451, 0.7307214031275333], [0.1973376765054793, 0.26981664304307484, 0.09472748102926487, 0.438118199322181], [0.2703120369892408, 0.2790114241706753, 0.1801835122496977, 0.2704930264903862], [0.18785694799502506, 0.13117710145523978, 0.3298629620300569, 0.3511029884196783], [0.17883699597605845, 0.1483595624906607, 0.19350549000040332, 0.4792979514328775], [0.3065912126121727, 0.3585840810595469, 0.12395194627129769, 0.21087275995698268], [0.18308467069912934, 0.23524473693135906, 0.12788519989849592, 0.4537853923710157], [0.05406342355697109, 0.03956082296665597, 0.6094414909028311, 0.2969342624735419], [0.05698412571301252, 0.06877110050272024, 0.12259236539281802, 0.7516524082914492], [0.051608102523318426, 0.7238515968095693, 0.07281379156828409, 0.15172650899882817], [0.0625181347069211, 0.6219195126865263, 0.07200293242211336, 0.24355942008443923], [0.09957275683832645, 0.18614448779251772, 0.11289228017026295, 0.6013904750988929], [0.05808306463196047, 0.055440958377237656, 0.457082120815844, 0.4293938560749579], [0.07151542604160384, 0.05318106520042664, 0.5545244794778527, 0.32077902918011686], [0.0786995911131954, 0.10765822551539495, 0.09955735800335702, 0.7140848252680526], [0.15528052580947993, 0.35567222962183753, 0.24072071190093647, 0.2483265325677461], [0.14494343726714778, 0.24289859871231825, 0.13625132224083458, 0.47590664167969937], [0.05179798127629346, 0.05517580647386676, 0.11862331501223944, 0.7744028971376004], [0.042195304563923806, 0.028117306707548768, 0.3821817317690129, 0.5475056568595146]], "ideal": "B", "sampled": "B", "correct": true}}
{"type": "result", "data": {"idx": 3, "options": ["always.", "sometimes.", "never.", "on planet Earth only."], "probs": [[0.23400924400107714, 0.11230453513022165, 0.40453131777379814, 0.2491549029949031], [0.20127298385737472, 0.19516563849804883, 0.12026115774489458, 0.48330021979968185], [0.16861563416774827, 0.07843893531852565, 0.41749187055549797, 0.3354535598582281], [0.14123445432186887, 0.1153090346792731, 0.11001108339794134, 0.6334454275009167], [0.1870165494942889, 0.12461900150452103, 0.1207774224872425, 0.5675870264139475], [0.22447739037539768, 0.16169768208814178, 0.10771170761748548, 0.5061132198189751], [0.11425797469877083, 0.6785601275695284, 0.06932403043226516, 0.1378578671994356], [0.1056846839272458, 0.7224301691132453, 0.06616671179939625, 0.1057184350601126], [0.08325851211558599, 0.038121329207105266, 0.8281146389541635, 0.050505519623145236], [0.050167480846172126, 0.04641546542730302, 0.05425271229640382, 0.8491643413301211], [0.06505478100139407, 0.03946016684383247, 0.8440134430129206, 0.05147160904185285], [0.05401193239638116, 0.04015168188244783, 0.06026410889641823, 0.8455722767247528], [0.11334687470256302, 0.3081893920590248, 0.2400128245113686, 0.3384509086270436], [0.10988245420372761, 0.26778873786013374, 0.08969127128591474, 0.532637536550224], [0.10519223933990819, 0.03362523241190087, 0.8021667240279403, 0.059015804120250634], [0.05336153556789834, 0.0384494682287671, 0.046364057262680364, 0.8618249388406541], [0.06647159007763054, 0.024838919175666926, 0.8356847317293317, 0.07300475891737084], [0.04786896689271318, 0.03290825954557142, 0.05684762871051797, 0.8623751447511975], [0.10243777260976192, 0.3256857717135138, 0.11253486656415797, 0.4593415890125663], [0.10204438924961448, 0.35079950718653263, 0.10367731053764129, 0.4434787929262116], [0.0716083617739006, 0.0298531583910453, 0.8198797977315397, 0.07865868200351432], [0.03894456707711392, 0.01958754030195939, 0.06835665215503983, 0.8731112403658868], [0.08265099488897393, 0.035552187955873185, 0.6605812162860496, 0.22121560076910327], [0.05248067527484608, 0.02810197323279695, 0.07173606752631943, 0.8476812838660376]], "ideal": "B", "sampled": "A", "correct": false}}
{"type": "result", "data": {"idx": 4, "options": ["changes", "aligns with the electric field", "is at right angles to the electric field", "converts to magnetic energy"], "probs": [[0.7506779683230477, 0.07551286621983634, 0.14559139797990917, 0.028217767377206836], [0.8848720747026312, 0.058370296254973246, 0.039502270864546205, 0.017255358077849385], [0.808777637780583, 0.06237201450115349, 0.10284944718466242, 0.026000900433601048], [0.8382017801734677, 0.07556949189144392, 0.05616735021887986, 0.030061377616208557], [0.8818048061948877, 0.0669500992628764, 0.03114144417397721, 0.02010365026825877], [0.8614812845482265, 0.07767089773824407, 0.02995123091585764, 0.030896586697671858], [0.026474498998691597, 0.05184910600409297, 0.8911941316188509, 0.03048226327836459], [0.08924759657540733, 0.3166429603783656, 0.23531544994994885, 0.35879399299627823], [0.009956278721879683, 0.9395751530134374, 0.018320152173010893, 0.032148415991672036], [0.008721920934121958, 0.9622741210763089, 0.011380573806307782, 0.017623384083261334], [0.09461983997321452, 0.08356416102141165, 0.19427643671748662, 0.6275395621878872], [0.07554760336067116, 0.066696663196197, 0.69524578934819, 0.16250994399494173], [0.04201562655279514, 0.11072627330142593, 0.7932944208339673, 0.053963679211811666], [0.07754896413124202, 0.6103377200304373, 0.10120101280996077, 0.21091230292835988], [0.0345299310680237, 0.8112568077097913, 0.05268149704671226, 0.10153176407547274], [0.03218887565343807, 0.8840992380747774, 0.02978610424614736, 0.053925781925637094], [0.12823748396190895, 0.1500172890570158, 0.17266450563336555, 0.5490807212477097], [0.1884148418714936, 0.19755080340317277, 0.3523082136755541, 0.26172614094977953], [0.19594251523613962, 0.28087358826947084, 0.12080222007013663, 0.4023816763242529], [0.19887041302754538, 0.2806121006099372, 0.09254059594910563, 0.4279768903134118], [0.16425752882890723, 0.06537647642102454, 0.3372688045353507, 0.43309719011471753], [0.13432163298995842, 0.07900483337010529, 0.2550290581707972, 0.5316444753691392], [0.12797629784266787, 0.05420977229004743, 0.3269422041784283, 0.4908717255888564], [0.1835032605604398, 0.0777269784723812, 0.4544534147733936, 0.28431634609378537]], "ideal": "A", "sampled": "A", "correct": true}}
{"type": "result", "data": {"idx": 5, "options": ["red", "yellow-green", "blue", "violet"], "probs": [[0.17914771898424478, 0.09011895141505817, 0.5111634692696915, 0.21956986023100558], [0.17897226581319572, 0.09436171852456102, 0.5269941883377562, 0.19967182722448695], [0.18871101875735954, 0.11816623148754411, 0.3116590403577389, 0.3814637092973574], [0.1850962081309111, 0.1272775752847724, 0.4810607444126707, 0.20656547207164577], [0.1754164870715035, 0.3382982065681804, 0.14794340948686865, 0.33834189677344745], [0.16624107455981782, 0.30592589410618753, 0.20719206075933277, 0.32064097047466183], [0.13891490982018997, 0.08835037599327455, 0.428681483180835, 0.3440532309057005], [0.09892465312606166, 0.06005142420389573, 0.7099463381605395, 0.13107758440950304], [0.12071005009538908, 0.5329652587341429, 0.11353273503196316, 0.23279195603850486], [0.10960094139667834, 0.1865690713977924, 0.5492390148132603, 0.15459097229226887], [0.09089551729700704, 0.6412870787741142, 0.08415523045182248, 0.1836621733770563], [0.07319523175237076, 0.6427318857643445, 0.12663188198039568, 0.1574410004028891], [0.16918376820256295, 0.08123412364352459, 0.3370287267364868, 0.41255338131742564], [0.15320455912306283, 0.08334924962768, 0.5977271750140954, 0.16571901613516168], [0.22544293228122822, 0.11703104532436628, 0.2855191464896674, 0.3720068758047381], [0.17586902699412937, 0.09130918709888144, 0.5870131559760372, 0.14580862983095197], [0.18286033117674041, 0.23865073070381324, 0.11821697217983741, 0.46027196583960894], [0.220215674911536, 0.35760804474342, 0.15644608203327695, 0.265730198211767], [0.3036546246547413, 0.1457389062082571, 0.128716191430163, 0.42189027760683856], [0.2528435123451872, 0.10877923488612945, 0.4444455139722925, 0.19393173869639085], [0.3303761082781451, 0.12940626616413345, 0.23458614851192106, 0.30563147694580034], [0.2078385198028776, 0.08532798398714443, 0.6023067382637306, 0.1045267578462473], [0.45572280615319194, 0.21196347246216873, 0.10669403413027712, 0.2256196871543622], [0.525058404305476, 0.21549057110451175, 0.11369514803033025, 0.14575587645968202]], "ideal": "D", "sampled": "D", "correct": true}}
{"type": "result", "data": {"idx": 6, "options": ["mass distorts spacetime.", "gravity affects clocks.", "light can\u2019t escape from a black hole.", "All of these."], "probs": [[0.06401934217689025, 0.025872929845644096, 0.01166382664554106, 0.8984439012319246], [0.3148661121713871, 0.034243913287280346, 0.5888694235249035, 0.06202055091642909], [0.06291481453463173, 0.022792503654642426, 0.01747839228212144, 0.8968142894286044], [0.35386972217611057, 0.029050709112840464, 0.5316862105055234, 0.08539335810552551], [0.6666381383242403, 0.2611202840544198, 0.027559443146907857, 0.04468213437443201], [0.6994979680532576, 0.23071278127656816, 0.022170121797775014, 0.04761912877239926], [0.06354497834079453, 0.09999588857306385, 0.011761042211296466, 0.8246980907748451], [0.1411533760539589, 0.4702371516282855, 0.2945401580474236, 0.094069314170332], [0.033877995303510045, 0.017039017972272544, 0.03284585890948328, 0.9162371277147341], [0.10519866860283192, 0.021375682990455926, 0.41633097219599813, 0.457094676110714], [0.18490306617922392, 0.19688199018472077, 0.5111594681416521, 0.10705547539440319], [0.20542725117255325, 0.2257065550435343, 0.04379491281873958, 0.5250712808651729], [0.05065798956920861, 0.050671590603618255, 0.013855234240990727, 0.8848151854861824], [0.1435779801400668, 0.1034311220457704, 0.6242483946689834, 0.12874250304517934], [0.035824248702831865, 0.020738837534658085, 0.03314310497141218, 0.9102938086910979], [0.08501139314830916, 0.02083627891028078, 0.5130376981306077, 0.3811146297108023], [0.22948596221127968, 0.15290601777851406, 0.43600312520678575, 0.18160489470342048], [0.11660888001419949, 0.10293615570031357, 0.0542655324350215, 0.7261894317504655], [0.26832400118995925, 0.6439067448506367, 0.03061223370001992, 0.05715702015938414], [0.24685344124755024, 0.6505983275078536, 0.02604509863646695, 0.07650313250812915], [0.22889626876569652, 0.16490902619311035, 0.5245436624860615, 0.08165104245513163], [0.2081003173374132, 0.169897286801207, 0.03792736650678203, 0.5840750292545978], [0.27062531093221803, 0.12200803508098591, 0.506201542586063, 0.10116511130073307], [0.15338572568067468, 0.1213824396795515, 0.05826021813564252, 0.6669716164041313]], "ideal": "D", "sampled": "D", "correct": true}}
{"type": "result", "data": {"idx": 7, "options": ["voltage", "energy", "Both of these", "Neither of these"], "probs": [[0.3029520533895932, 0.21828235846275554, 0.4209249348586453, 0.05784065318900592], [0.40408300777703937, 0.21307538227545625, 0.09606469249150291, 0.28677691735600147], [0.4700176522414721, 0.3494428175958865, 0.10496776784579791, 0.07557176221684352], [0.5487239976748611, 0.25927651022492576, 0.06160622484964317, 0.1303932671505699], [0.3309337745136822, 0.1665359710506562, 0.20094255801601618, 0.3015876963196454], [0.43353476220193543, 0.16207204798579314, 0.25910658305319645, 0.145286606659075], [0.08440447965592343, 0.5506469360644201, 0.32379974464219485, 0.041148839537461644], [0.11472334308440671, 0.6110021057412601, 0.06963935701267976, 0.20463519406165337], [0.19392435205460126, 0.19105471602069488, 0.4730581099110232, 0.14196282191368062], [0.10840938701564147, 0.12681437696850006, 0.05714651420131469, 0.7076297217145437], [0.1271413063236073, 0.0874576782688718, 0.3681938028111772, 0.41720721249634374], [0.14297854792403003, 0.12239601370663356, 0.15959255276818152, 0.5750328855011549], [0.2174543857953186, 0.6297256429833613, 0.07762464243983531, 0.07519532868148483], [0.22570047705116364, 0.6139075410980861, 0.05536956193886275, 0.10502241981188745], [0.16219849036957007, 0.2084876487984373, 0.5244944417588357, 0.10481941897315684], [0.15397255809432836, 0.23496765946337786, 0.08118978504873067, 0.5298699972935631], [0.19843426799995292, 0.10965253584802537, 0.602422325126515, 0.08949087092550678], [0.12184849452228119, 0.14485798255933519, 0.1949355136737469, 0.5383580091446367], [0.10549266830187606, 0.24937835522744367, 0.13343779045451057, 0.5116911859161697], [0.10211817310515052, 0.2609013759291711, 0.4951560797699205, 0.1418243710957579], [0.08669660209474826, 0.13655959337541468, 0.20174106639921277, 0.5750027380306243], [0.10113260148944424, 0.16427400706555806, 0.36445194479158827, 0.3701414465534094], [0.14563867665322588, 0.2990753098885454, 0.39016095381293636, 0.16512505954529233], [0.10312812490302761, 0.23267751479850818, 0.14787917498715408, 0.5163151852113101]], "ideal": "A", "sampled": "A", "correct": true}}
{"type": "result", "data": {"idx": 8, "options": ["chaotic", "ordered", "positioned by amplitude", "in phase"], "probs": [[0.07873263033289743, 0.7710980599847161, 0.04419994255011477, 0.10596936703227164], [0.04865551098608636, 0.8903258036653469, 0.013105572480727887, 0.047913112767838835], [0.04133294959452556, 0.026691246649096084, 0.9124488149826614, 0.01952698867371698], [0.09137572619524956, 0.14381385276708883, 0.07820256286681171, 0.6866078580708499], [0.04364414633193675, 0.02607151528891795, 0.8776279180243932, 0.05265642025475204], [0.05800723305512262, 0.067847803481022, 0.05987547732244509, 0.8142694860414103], [0.35063822486597646, 0.19981968997716848, 0.22310185922976153, 0.22644022582709353], [0.4125833470824777, 0.28807959576888315, 0.09506730700272062, 0.20426975004591857], [0.6399795126265077, 0.20135913272300188, 0.06050605246780248, 0.09815530208268795], [0.5860512721090044, 0.24048597570742908, 0.05805429685904025, 0.1154084552245263], [0.4675467710544177, 0.12984490838017626, 0.1951025418894903, 0.20750577857591565], [0.603537684302384, 0.15256649380292267, 0.1049522216555826, 0.13894360013911075], [0.10701011426752885, 0.04749605237047546, 0.7671947760144742, 0.07829905724752152], [0.16066657962781344, 0.09903182678614134, 0.1333125909023839, 0.6069890025836613], [0.25264079850526694, 0.3914463286338409, 0.1070896174151132, 0.24882325534577898], [0.25176392857758184, 0.4854218444299229, 0.07566022533940638, 0.1871540015530888], [0.09852095398749305, 0.09856978509126513, 0.06266501358523123, 0.7402442472360106], [0.2290031926775691, 0.11163079075613996, 0.3606064644140488, 0.2987595520522421], [0.03754879245268111, 0.01918478725326708, 0.8965277275260553, 0.0467386926679966], [0.05717691522964159, 0.05719677847662305, 0.08322658761980702, 0.8023997185739283], [0.11906519531013023, 0.12680330871267673, 0.4095102548189733, 0.3446212410582198], [0.1951807231952059, 0.2668490628080231, 0.19532648634964545, 0.3426437275471255], [0.07358815739575733, 0.10062651635077208, 0.07025351584010674, 0.7555318103133638], [0.1364807327217419, 0.08409931447187009, 0.4620465601366159, 0.3173733925697721]], "ideal": "B", "sampled": "B", "correct": true}}
{"type": "result", "data": {"idx": 9, "options": ["amplitude", "wavelength", "frequency", "energy"], "probs": [[0.18807371239083365, 0.24919852983245533, 0.3686166162214111, 0.1941111414552999], [0.16847708191985883, 0.3248408315437727, 0.10228810077299631, 0.4043939856633722], [0.22120894317852355, 0.09221862805270617, 0.5480899540883548, 0.13848247458041546], [0.17740971376938897, 0.09497160001554872, 0.09805265360247026, 0.629566032512592], [0.18902498118328154, 0.09213495802762396, 0.22821926938512213, 0.49062079130397235], [0.18357146878620903, 0.07417652452302438, 0.13028118789569212, 0.6119708186950744], [0.3642921014194426, 0.07636256856583425, 0.37612407096994055, 0.1832212589447826], [0.309424877303618, 0.08328388692120249, 0.1907595729627767, 0.41653166271240283], [0.4505964047134111, 0.13742712195348572, 0.10218777185678224, 0.3097887013763209], [0.4633004906541491, 0.11532880966181867, 0.09272014832345075, 0.3286505512605815], [0.29810086111798745, 0.1149357938274231, 0.06350623117874463, 0.5234571137758448], [0.3400652807630363, 0.08598759280738433, 0.12322850146338389, 0.45071862486619546], [0.17935929235093184, 0.06915618684661798, 0.6073193134451356, 0.1441652072573146], [0.1351223666394491, 0.0712164826730547, 0.14850098608806692, 0.6451601644994293], [0.15730613786598513, 0.23253835492950212, 0.09399624957722356, 0.5161592575272892], [0.19289205482345395, 0.33865063165135034, 0.11348663116159459, 0.3549706822636011], [0.1453779651129115, 0.08957748370215272, 0.08159842508197711, 0.6834461260029586], [0.22778297751481066, 0.12005445955577537, 0.25835106829570076, 0.3938114945337132], [0.3507604065421858, 0.061916086390049745, 0.08466201452095475, 0.5026614924468097], [0.3491132233008821, 0.05880384847824946, 0.06771214255227924, 0.5243707855685892], [0.3325940569129569, 0.07777979737398674, 0.04945883006975691, 0.5401673155432994], [0.43763520983227305, 0.0737131455935351, 0.09618820177406655, 0.3924634427001253], [0.2941952049438013, 0.06668301671076562, 0.04443878680023218, 0.5946829914452009], [0.4975819065308972, 0.07750961299224876, 0.11825396295577845, 0.30665451742107563]], "ideal": "D", "sampled": "B", "correct": false}}
{"type": "result", "data": {"idx": 10, "options": ["the same", "opposite", "Either of these", "Need more information"], "probs": [[0.039983457025606996, 0.8035277364257635, 0.08737855013129059, 0.06911025631733894], [0.03273265936528989, 0.6276709086213098, 0.023954062725881662, 0.31564236918751865], [0.11148392984405503, 0.21500047767243577, 0.44820135134286787, 0.2253142410406413], [0.06654273222148088, 0.12244121561903108, 0.03675666177228125, 0.7742593902872068], [0.03144367727687667, 0.024117531815640476, 0.6726662596461633, 0.2717725311613195], [0.05857955445584644, 0.06238426035077416, 0.0695834431882862, 0.8094527419050932], [0.3782174828535965, 0.4156072673440522, 0.14143664922735372, 0.06473860047499755], [0.387583361018497, 0.3643030077127885, 0.03721368837487558, 0.21089994279383895], [0.4286471817678259, 0.333971798329472, 0.1529410940606455, 0.08443992574205665], [0.3172922193182403, 0.2890545481350775, 0.05022968072369717, 0.34342355172298494], [0.27595941359297493, 0.10157208207613218, 0.4699577075546456, 0.1525107966762473], [0.43810482503250653, 0.12957128494959907, 0.14918040783163983, 0.28314348208625456], [0.1571509697443181, 0.263312316214428, 0.34351274276701016, 0.23602397117424373], [0.07908782863009754, 0.12064037489759906, 0.03736728293538369, 0.7629045134369197], [0.1147390710172403, 0.6606487385026308, 0.11845481698316367, 0.10615737339696521], [0.10951049216820087, 0.49881346150664785, 0.03786384172866189, 0.35381220449648937], [0.14142020150663026, 0.108487882517515, 0.21582180420253494, 0.5342701116733197], [0.07204075022735602, 0.05110496559405078, 0.6131670956228112, 0.26368718845578193], [0.04723944018801989, 0.10327995298157606, 0.3719140491881153, 0.4775665575422887], [0.08264468042970426, 0.14290487871807175, 0.10291636394235595, 0.671534076809868], [0.036272461160758954, 0.6139649563837357, 0.19933424734572178, 0.1504283350097835], [0.03186647954314244, 0.7371918530874674, 0.08804501559433171, 0.14289665167505852], [0.08126478823053573, 0.23162426569882028, 0.15675732842212933, 0.5303536175485146], [0.04372417213870076, 0.1049359448516929, 0.5330886880005427, 0.31825119490906373]], "ideal": "B", "sampled": "B", "correct": true}}
{"type": "result", "data": {"idx": 11, "options": ["conduction", "convection", "radiation", "radioactivity"], "probs": [[0.017802524033276475, 0.013652382369433199, 0.9430351176159814, 0.02550997588130901], [0.013734959957488198, 0.012314764747147837, 0.02487225450827982, 0.9490780206870841], [0.010945466153669205, 0.9552611160593671, 0.007525282022333634, 0.026268135664630043], [0.011460870372443158, 0.9544431636862035, 0.008257689530439724, 0.0258382763109136], [0.033892828336455134, 0.04219113211300887, 0.048559083625305755, 0.8753569558252302], [0.014048067786033508, 0.014270906268724372, 0.9405057385531117, 0.031175287292130423], [0.014431038426445993, 0.01124071015776098, 0.9512608354038108, 0.023067415911982237], [0.010120169458290274, 0.008391681132931901, 0.025843911895988936, 0.9556442374127889], [0.012602095960388611, 0.9555791971465232, 0.006747755472721237, 0.02507095132036701], [0.013828305436034742, 0.9547493990643311, 0.00752082927762219, 0.023901466122011966], [0.02110242321523836, 0.02177724646645687, 0.030231512802801043, 0.9268888174155038], [0.01371052506424039, 0.011191431577762935, 0.9469599846338488, 0.02813805862414792], [0.9511705128565188, 0.03254261270345365, 0.00977519256687008, 0.006511681773157447], [0.9567371725214947, 0.0298033788821838, 0.006152657484796073, 0.00730679101152543], [0.9640102795005231, 0.024510013631069832, 0.0060086722227987955, 0.005471034545608257], [0.9627613523142683, 0.025653863312136236, 0.006288788734661297, 0.005295995538934135], [0.9576697711217051, 0.026742863943839595, 0.008158688657326552, 0.007428676177128653], [0.9702428286946283, 0.019515262328588735, 0.0063374599394727844, 0.003904448937310171], [0.0961200587644416, 0.08486562158163884, 0.12942875824, 0.6895855613139196], [0.049618612941504714, 0.03154824908866776, 0.8668120552337646, 0.052021082636062886], [0.09527056557056598, 0.06864867819038567, 0.06153789574664171, 0.7745428603924066], [0.12464152553865065, 0.06269826879541043, 0.7295850081664524, 0.08307519739948642], [0.12671617029387652, 0.5174109472641651, 0.07002131014171592, 0.28585157220024243], [0.21762505171506916, 0.5919578670863426, 0.06438343226265802, 0.12603364883593027]], "ideal": "C", "sampled": "C", "correct": true}}
{"type": "result", "data": {"idx": 12, "options": ["half, 1 A", "2 A", "Depends on which lamp is closer to the battery", "Not enough information to say"], "probs": [[0.11638849408859497, 0.7593378652193562, 0.05252318946938451, 0.07175045112266429], [0.12818070136757487, 0.7042764634464176, 0.06764552198107664, 0.09989731310493091], [0.16486790897440232, 0.09250502356338085, 0.6327443765420603, 0.10988269082015656], [0.12168090426656014, 0.11085159000088136, 0.08768537378371963, 0.6797821318488388], [0.17229808686533812, 0.10619070096385196, 0.6119112971197084, 0.10959991495110154], [0.1416973844633734, 0.1374231207087166, 0.09447703016841963, 0.6264024645594903], [0.1724721640175962, 0.6511046289746539, 0.09100689738078807, 0.08541630952696176], [0.1601207476748182, 0.6236906925869966, 0.12490378877331541, 0.09128477086486982], [0.21514917907947537, 0.4415085911309285, 0.1930699646279861, 0.15027226506161004], [0.17212553271787895, 0.4002690851047535, 0.23550031461444046, 0.1921050674629271], [0.18918693909482964, 0.522527181566878, 0.14083380135232634, 0.14745207788596598], [0.21191305235759805, 0.5327743966758104, 0.1118440644605978, 0.14346848640599377], [0.11389011671262342, 0.2411688984505576, 0.5615793497573797, 0.08336163497943926], [0.09835541174057487, 0.22886475747871005, 0.06874463655302442, 0.6040351941276907], [0.10107189499165327, 0.7018461801922915, 0.07883947987985696, 0.11824244483619831], [0.08292708575986708, 0.7166091825715186, 0.057083044408078244, 0.14338068716053606], [0.10342157194240531, 0.10519232168314918, 0.16569467381056233, 0.6256914324638831], [0.051997513735999486, 0.04312741107347151, 0.7419979737403616, 0.16287710135016742], [0.08092048319813847, 0.11243699908760109, 0.7230682641687726, 0.08357425344548786], [0.10823042428441272, 0.17589462587987584, 0.0710965501191099, 0.6447783996166015], [0.028029191783225858, 0.8861992803957371, 0.02255025619202528, 0.06322127152901173], [0.03360147667484532, 0.867047520752331, 0.027036578466979135, 0.07231442400584452], [0.07437926172954239, 0.0844030126160998, 0.19651120433912353, 0.6447065212152343], [0.05170135180246383, 0.04425636289475724, 0.6826138470286964, 0.22142843817408248]], "ideal": "B", "sampled": "B", "correct": true}}
{"type": "result", "data": {"idx": 13, "options": ["increase.", "decrease.", "remain unchanged.", "None of these."], "probs": [[0.3093824524592031, 0.2606212613003669, 0.19993931946867985, 0.23005696667175016], [0.40848175841291917, 0.21873754773019902, 0.17045841347397614, 0.20232228028290566], [0.37861919558589385, 0.19959527255124115, 0.18469044678372634, 0.23709508497913862], [0.5043040663782329, 0.17707512308600418, 0.13587555692850453, 0.18274525350725837], [0.44496266371916604, 0.1914729404454335, 0.10578230373314541, 0.25778209200225505], [0.5788562548263422, 0.1793364179350558, 0.093102866813, 0.148704460325602], [0.09120965748113248, 0.6742259859364531, 0.07931727915209101, 0.15524707733032336], [0.12854520975257974, 0.6739993690770397, 0.0647213905985007, 0.1327340304718798], [0.08263356791878508, 0.05592538045777236, 0.7970644769287278, 0.06437657459471467], [0.09323533623478276, 0.09476135670191149, 0.08899914472405221, 0.7230041622392536], [0.12185855700016257, 0.09060928227068303, 0.6101028418591624, 0.17742931876999196], [0.13239090449759533, 0.11511800152837406, 0.07908640094028196, 0.6734046929337486], [0.037767582408588206, 0.8333995285490099, 0.0396026118370968, 0.08923027710530505], [0.059569664229826624, 0.8357022917518564, 0.01935503191813256, 0.08537301200018445], [0.06371134044253436, 0.11010565532345797, 0.7528302703916503, 0.07335273374235733], [0.09980740174083562, 0.17528560364090312, 0.12235131585079342, 0.6025556786674678], [0.055684882735696974, 0.034859234678790006, 0.8190337906873035, 0.09042209179820947], [0.05494718412738968, 0.05413206072889448, 0.0949687751629906, 0.7959519798807252], [0.11485221749225098, 0.4995000585190667, 0.12239482799713472, 0.2632528958915476], [0.12073248533641599, 0.594840104856909, 0.07562268468262497, 0.20880472502405006], [0.08390219691212558, 0.10950180152814148, 0.611355561685521, 0.19524043977421202], [0.1134867146497727, 0.1436036527013226, 0.09866174309459168, 0.644247889454313], [0.05070159376010842, 0.03378982330637017, 0.8064205911298331, 0.10908799170368828], [0.059468468514038024, 0.04354863839929273, 0.20445973483612373, 0.6925231581505455]], "ideal": "A", "sampled": "A", "correct": true}}
{"type": "result", "data": {"idx": 14, "options": ["2mg", "mg", "mg/2", "mg/4"], "probs": [[0.11209600905584816, 0.7432275941319275, 0.09167369379613735, 0.053002702916087024], [0.11759731917397406, 0.7211537956470313, 0.07374723999954895, 0.08750164507944563], [0.2892277879608693, 0.3382078757276863, 0.2440998888382578, 0.1284644473731866], [0.32408486586232393, 0.403529509730163, 0.09594619660810566, 0.17643942769940743], [0.24566433929420103, 0.20059835315419536, 0.28346009326693433, 0.2702772141846693], [0.2982660068988262, 0.23605186800020167, 0.24021315155964212, 0.22546897344132996], [0.31291964180738313, 0.28949784798263556, 0.3184021663585465, 0.07918034375143478], [0.3138065039797735, 0.31893685456901266, 0.13731710611400724, 0.22993953523720653], [0.2861897945117863, 0.5784165858643996, 0.07246834038963428, 0.06292527913417989], [0.300071147798757, 0.5522319632795163, 0.0681125516516958, 0.07958433717003092], [0.3426752490259833, 0.3220843470395688, 0.12046930551722877, 0.2147710983172192], [0.3357632855962709, 0.2964294044803009, 0.22768404265999978, 0.1401232671634284], [0.5556630574454973, 0.1642334783543844, 0.18935698551068056, 0.09074647858943774], [0.5833248278166846, 0.22137593396119082, 0.10149687894547982, 0.09380235917664476], [0.5624391394109423, 0.24188814874638084, 0.09940148814964568, 0.09627122359303121], [0.5420083837560695, 0.2442820595174511, 0.10522963537029244, 0.10847992125618698], [0.5565063092453865, 0.2145522960539065, 0.10469198104836565, 0.12424941355234131], [0.5150469405476037, 0.19856500908818106, 0.14100855358101472, 0.14537949668320052], [0.2979217646969518, 0.16205776702081437, 0.25530771940227653, 0.2847127487799573], [0.38755536075531183, 0.224355980731463, 0.2212306558864615, 0.1668580025267636], [0.3290635052831569, 0.31413787771857665, 0.11568674899791398, 0.24111186790035244], [0.3152684475086238, 0.2826850627769948, 0.2620078246925182, 0.14003866492186318], [0.33439956348176914, 0.4099295521154341, 0.08468510513058036, 0.17098577917221647], [0.3227613414245547, 0.3894616241122967, 0.15519673324448902, 0.13258030111865957]], "ideal": "B", "sampled": "C", "correct": false}}
{"type": "result", "data": {"idx": 15, "options": ["less.", "equal.", "greater.", "none because it sinks."], "probs": [[0.1966753929161359, 0.4164440395481785, 0.23362318027101997, 0.15325738716466566], [0.20636598610031767, 0.4799557291984738, 0.10711904534282704, 0.2065592392583815], [0.14115551323008887, 0.22559665477399082, 0.5005942061131414, 0.1326536257827789], [0.17677911151009618, 0.30090329944770444, 0.13562082157032948, 0.3866967673718699], [0.12864539505169037, 0.06573718285414282, 0.40902321070154185, 0.3965942112926249], [0.10351689030785667, 0.06792595641684505, 0.2226748300970342, 0.6058823230782641], [0.14237139693352235, 0.2578772825377412, 0.42521520177596844, 0.174536118652768], [0.2345428335025523, 0.38086059969476443, 0.11437044376757285, 0.2702261229351104], [0.13503757803057828, 0.2226941452582023, 0.47147664593054933, 0.17079163068067005], [0.24969670361855403, 0.3809039393705131, 0.10745155994889803, 0.26194779696203485], [0.1052560343454993, 0.05378585964993173, 0.39746132063761486, 0.44349678526695413], [0.1576650636534699, 0.08848880494212764, 0.2600570696349282, 0.4937890616694743], [0.2505936809075877, 0.32179125557537036, 0.35351001866426657, 0.07410504475277532], [0.28617374385298416, 0.39131416635686805, 0.0887115041246888, 0.23380058556545893], [0.3232719205511617, 0.344171454151681, 0.21541253578259525, 0.11714408941456199], [0.40906042466037373, 0.37249252751458845, 0.06786201994726965, 0.1505850277777682], [0.18134738506931633, 0.09266997858424812, 0.27664092893329834, 0.44934170731313716], [0.3779864737913602, 0.128639066416316, 0.26397042283888544, 0.22940403685343838], [0.07805013888443249, 0.24051741479964173, 0.3725472501306888, 0.30888519608523696], [0.08803188668753716, 0.24700696395837368, 0.32725613818388705, 0.3377050110702021], [0.04859807768646512, 0.10457424190236472, 0.17508517399637258, 0.6717425063147976], [0.07816842197590203, 0.14385798572055378, 0.3616219460602581, 0.41635164614328607], [0.03482383874762447, 0.052307166348781645, 0.22362627170094604, 0.6892427231026478], [0.06597831697150694, 0.09308617353060915, 0.41714127915335736, 0.42379423024452656]], "ideal": "A", "sampled": "B", "correct": false}}
{"type": "result", "data": {"idx": 16, "options": ["red.", "green.", "white minus red.", "a mixture of green and yellow."], "probs": [[0.28235907972511815, 0.04469594515022977, 0.5119812836144116, 0.16096369141024044], [0.48149855016196585, 0.09335054664908879, 0.10915696118776354, 0.31599394190118185], [0.7358611889924849, 0.1200463186833759, 0.02764643567939833, 0.11644605654474093], [0.8576900844425592, 0.08890060707185075, 0.012038803309151707, 0.041370505076438246], [0.6237096832345307, 0.08982387251122502, 0.04587664488897397, 0.24058979926527035], [0.8153944026157259, 0.07345305929738821, 0.04527928272027596, 0.0658732552666099], [0.030646627351952015, 0.9539906252778153, 0.005086725042850062, 0.010276022227382565], [0.032567601708358415, 0.9524832980732382, 0.005158797846886957, 0.009790302271516414], [0.029323568886832255, 0.010792941658083768, 0.9429056153923324, 0.016977873962751525], [0.03162794827925718, 0.013409733044771336, 0.012982770968264102, 0.9419795476077074], [0.024192340429174602, 0.008110330983133046, 0.9532464188815915, 0.01445090960610084], [0.03727411746771466, 0.01605301864136547, 0.040966364337699804, 0.90570649945322], [0.05580887799113821, 0.8469065773980259, 0.016005896686148675, 0.0812786478246872], [0.0504976747636802, 0.9099283454756167, 0.008923167594606592, 0.030650812066096468], [0.029245000340230594, 0.010598455814800229, 0.9403588175351081, 0.01979772620986109], [0.035443499543988, 0.012853439426764342, 0.02051958590467011, 0.9311834750245775], [0.028775133337055822, 0.007509228345467205, 0.9546588111185634, 0.009056827098913565], [0.03577524070703435, 0.014474777584238395, 0.05290654330678141, 0.8968434383019458], [0.023862687997657898, 0.9538656971380627, 0.003959487835629659, 0.018312126928649704], [0.018077912537678407, 0.9723246083657886, 0.0019368651504980859, 0.007660613846034898], [0.03166030725456878, 0.0275287218877129, 0.9128534213897679, 0.027957549367950463], [0.04155678247450192, 0.04033234662471013, 0.026849185695153186, 0.8912616851056347], [0.021719100519684606, 0.010924763325268505, 0.9545848395713349, 0.012771296483712008], [0.032078476071365686, 0.02540838822279207, 0.04526691696316362, 0.8972462186426786]], "ideal": "A", "sampled": "A", "correct": true}}
{"type": "result", "data": {"idx": 17, "options": ["speed", "frequency", "wavelength", "All of these"], "probs": [[0.131949011430331, 0.1240420676358298, 0.062372269098847584, 0.6816366517349917], [0.08973956107195866, 0.10332004724899875, 0.6742690204899766, 0.13267137108906593], [0.06469918403309213, 0.051200210178750594, 0.36681582589593065, 0.5172847797922266], [0.08037638397464364, 0.08040989668816276, 0.33875300515798756, 0.500460714079206], [0.13204242779642267, 0.6108954179754689, 0.07649467424636093, 0.18056747988174754], [0.09769679313824746, 0.24962388722713333, 0.08104450758348561, 0.5716348119511336], [0.12300314007959574, 0.21941024062823597, 0.07012926041378632, 0.5874573587783819], [0.09083337471843125, 0.17513989226065785, 0.6117562240807946, 0.12227050884011637], [0.09389716245938397, 0.06065179316611855, 0.31301486022598346, 0.532436184048514], [0.12723057986899794, 0.10388374685635389, 0.5117496656953028, 0.25713600747934534], [0.15732848173807892, 0.32810600610950746, 0.13685750552067985, 0.37770800653173375], [0.168745436921775, 0.3804841495489514, 0.08762456894443242, 0.3631458444848412], [0.05736712469699354, 0.10556332331250089, 0.20999430751254328, 0.6270752443779622], [0.05702031700593908, 0.12075013550840517, 0.5500845003367095, 0.27214504704894615], [0.05518093247358427, 0.3714061870787917, 0.15245928663886138, 0.4209535937087626], [0.05882823116022774, 0.47756749520488256, 0.37798682578677045, 0.08561744774811923], [0.07747149917835898, 0.15657461568381942, 0.17472351232641695, 0.5912303727114047], [0.07494523319638423, 0.12954015932024407, 0.33614307388175496, 0.45937153350161675], [0.14994552506578276, 0.44095160895718954, 0.23640304449216248, 0.1726998213848652], [0.11284838038818638, 0.3267338324269825, 0.0696016336848519, 0.4908161533999792], [0.08950555323659387, 0.726722955631063, 0.053496032947912726, 0.13027545808443033], [0.11431963974645577, 0.7228820000067774, 0.04480658270835221, 0.11799177743841467], [0.11712520789859239, 0.20567262741330075, 0.13497873535987687, 0.54222342922823], [0.1030699518455356, 0.18094949294758902, 0.4081075720282764, 0.307872983078599]], "ideal": "B", "sampled": "D", "correct": false}}
