{"type": "result", "data": {"idx": 0, "options": ["10%", "20%", "40%", "80%"], "probs": [[0.0763134394351868, 0.2174484081698351, 0.35868136694486485, 0.34755678535011325], [0.09188026188885275, 0.2743568122112576, 0.36361503597438066, 0.270147889825509], [0.05117685537932361, 0.508979756668712, 0.19939333941258852, 0.24045004843937587], [0.054951410694607725, 0.5134100661709884, 0.2623223241968459, 0.1693161988375579], [0.07695605089359966, 0.4096875014398342, 0.22279348141091795, 0.2905629661556482], [0.08116560730888434, 0.38132859693113624, 0.25408695092070444, 0.283418844739275], [0.05974128446972015, 0.11338940964477813, 0.5327520946150532, 0.29411721117044853], [0.10731429525647578, 0.20052158681144608, 0.41806232613568406, 0.27410179169639404], [0.1060417836239795, 0.4396120404410669, 0.15681376963600901, 0.2975324061989446], [0.11056204637013317, 0.48794560529004105, 0.2572544159351583, 0.1442379323046675], [0.1184772840137224, 0.4267644849978952, 0.12229899224683298, 0.3324592386415494], [0.12285213929067546, 0.3844606348809211, 0.27701584830995774, 0.21567137741844572], [0.09187286680586414, 0.14684657094590092, 0.3158643104178807, 0.4454162517303542], [0.0822791686741623, 0.10241867677155164, 0.6178923890709815, 0.1974097653833045], [0.1258708163450961, 0.3020011602337459, 0.15918075087977576, 0.41294727244138224], [0.14241628771836812, 0.24612338081888938, 0.3873624320644933, 0.22409789929824922], [0.15114921780353918, 0.38607643201294467, 0.10558703855373702, 0.3571873115297791], [0.14464537582373507, 0.2922503904370718, 0.2661961873176307, 0.2969080463215625], [0.06176569008692749, 0.0927453945418692, 0.40298092811601366, 0.44250798715518963], [0.047827601249845836, 0.05953730992549843, 0.6815778587018183, 0.21105723002283738], [0.09596683084005084, 0.21631912884933213, 0.17658036945484562, 0.5111336707557714], [0.10016223043410442, 0.1626238943938631, 0.4286022505184256, 0.30861162455360686], [0.10981342849905444, 0.4344631393989462, 0.10650545992414792, 0.3492179720778514], [0.11396155439438574, 0.450866845256711, 0.18222595345498496, 0.2529456467939183]], "ideal": "C", "sampled": "C", "correct": true}}
{"type": "result", "data": {"idx": 1, "options": ["About $300", "About $3k", "About $8k", "About $15k"], "probs": [[0.20806666646605265, 0.20809140239473775, 0.16990383727209726, 0.4139380937671123], [0.189234865655316, 0.23924712185430091, 0.10293181809363257, 0.4685861942967505], [0.20101863151407456, 0.35839366599266514, 0.1339798371344814, 0.30660786525877887], [0.17454932108119095, 0.2661884347474094, 0.14031885144741288, 0.4189433926239868], [0.17412592339170724, 0.28712820789976434, 0.11425252917568385, 0.42449333943284456], [0.19793173063497088, 0.27915458136186555, 0.14716378510748976, 0.37574990279567383], [0.2016181736500653, 0.22848298462481362, 0.23215941390578712, 0.33773942771933396], [0.19943919478688227, 0.30893042220169875, 0.14148144211723046, 0.3501489407941885], [0.18185332415669564, 0.15801319478362189, 0.25655350086507644, 0.403579980094606], [0.19888701744889, 0.18979733973655483, 0.12645976603616396, 0.4848558766783912], [0.1627765495249737, 0.1287805327280884, 0.2726956984931434, 0.43574721915379444], [0.2024977654016176, 0.16272234915059788, 0.2443549483770156, 0.3904249369707689], [0.23639375321279976, 0.19598946265390813, 0.13264827626583112, 0.434968507767461], [0.21957334873864753, 0.16064876316371418, 0.30023717877246653, 0.3195407092251718], [0.23797885290325665, 0.21669020402321554, 0.14666770834253948, 0.3986632346309883], [0.2632641235217063, 0.2323340509947372, 0.15005667729749775, 0.35434514808605877], [0.21443557737113456, 0.15689662097315615, 0.1953268348975358, 0.43334096665817345], [0.24270484528840044, 0.2076026237640164, 0.16173841013528484, 0.3879541207122983], [0.2252326343017984, 0.1727038498453029, 0.13244632082518173, 0.469617194927717], [0.2534483150421942, 0.15615152286373274, 0.22726850886660582, 0.3631316531274672], [0.19354727285514148, 0.17350723820658231, 0.1461430744339988, 0.4868024144042774], [0.25047263127336616, 0.17215178648669902, 0.3022466852623965, 0.27512889687753833], [0.2625329455093328, 0.25446399664623026, 0.12406624667497215, 0.35893681106946473], [0.2718510132700677, 0.2848999904146499, 0.10484483482552298, 0.3384041613897594]], "ideal": "B", "sampled": "C", "correct": false}}
{"type": "result", "data": {"idx": 2, "options": ["52%", "62%", "72%", "82%"], "probs": [[0.15080139488862124, 0.37334848559188055, 0.17104077847203197, 0.3048093409474662], [0.14754564228127545, 0.3076047140471614, 0.23232942365749382, 0.31252021991406936], [0.12868738556669898, 0.45637632771864484, 0.16284555680451207, 0.25209072981014413], [0.12487406655272619, 0.5097238269020863, 0.14613744179523594, 0.21926466464995162], [0.12041343064684208, 0.5837232265299144, 0.11501888955851085, 0.18084445316473263], [0.11377896706453526, 0.5690697600591266, 0.13525250955816143, 0.18189876321817672], [0.1611656195458906, 0.3059280398735272, 0.20714041333156163, 0.3257659271490206], [0.15642982719764437, 0.25798815486235427, 0.30658856031212983, 0.2789934575278715], [0.15011143682886094, 0.34370586272617326, 0.17293688653170228, 0.33324581381326357], [0.16031810639685576, 0.38468724485365163, 0.19055157897951053, 0.2644430696699821], [0.1290423413308388, 0.5520399767201444, 0.11580140056196107, 0.20311628128705575], [0.12198807297917234, 0.5384243130145474, 0.13837285338448577, 0.2012147605217944], [0.14686965284355605, 0.3415876175902008, 0.15894598546766303, 0.35259674399858015], [0.1550013571822614, 0.32823318239744403, 0.27659088370418294, 0.24017457661611163], [0.1633431488610353, 0.3100520716305278, 0.14653232910557043, 0.3800724503028665], [0.15616045564046954, 0.24961492786406728, 0.3157196279835609, 0.2785049884119023], [0.15045574754330224, 0.30402753660104836, 0.2642945129694846, 0.28122220278616483], [0.1647273279101139, 0.3655728316089043, 0.21841312154594664, 0.2512867188350351], [0.11947593213666154, 0.48016980761562744, 0.15119207605441065, 0.24916218409330035], [0.1123496592762992, 0.4959031675493166, 0.16109369283676947, 0.23065348023761467], [0.14442342518315898, 0.46634212131605196, 0.12756830452596998, 0.2616661488748191], [0.1398591887769073, 0.4309414753167473, 0.17974423405948617, 0.24945510174685923], [0.16899160808062488, 0.3523085677501341, 0.17725059218799252, 0.30144923188124845], [0.19079955204604743, 0.41685039421994924, 0.15104861781053167, 0.2413014358234717]], "ideal": "C", "sampled": "D", "correct": false}}
{"type": "result", "data": {"idx": 3, "options": ["China", "United States", "Germany", "Japan"], "probs": [[0.1413475977831518, 0.38434775514491165, 0.33940043030562195, 0.1349042166663146], [0.12763513908678537, 0.41218666159382245, 0.10756051034657567, 0.3526176888728165], [0.178331673127461, 0.33851960298014033, 0.31818434592879863, 0.1649643778636], [0.1438230095812883, 0.3673935833304997, 0.10366480155975707, 0.3851186054284549], [0.09425646529874988, 0.09282146861753089, 0.40968393054429886, 0.4032381354394204], [0.07478039300202334, 0.08745232614532256, 0.5886364841753122, 0.24913079657734188], [0.06226302846506753, 0.34202035111425744, 0.4463239162083858, 0.14939270411228922], [0.06487159236999555, 0.3400408821945825, 0.1374108601250668, 0.4576766652103551], [0.06622786019966861, 0.16654549784512546, 0.5725466609594871, 0.1946799808957188], [0.026758510099804376, 0.06126820603562938, 0.09196448787693655, 0.8200087958876296], [0.03277958330689028, 0.050780544459832475, 0.5904648567353491, 0.3259750153979281], [0.01900962494933219, 0.03234516673291006, 0.3477742606796369, 0.6008709475381209], [0.14809777448497763, 0.2767710520484807, 0.3726608232685301, 0.20247035009801156], [0.13002805931846947, 0.28859097592694194, 0.1342532981609188, 0.4471276664936698], [0.11192849110544278, 0.1393329182227259, 0.526104680752228, 0.22263390981960327], [0.0454708700103841, 0.07498849760016821, 0.13367995319639087, 0.7458606790930569], [0.04982227813020466, 0.05646678411222043, 0.5978521681804186, 0.2958587694771563], [0.04755415820101631, 0.05306294246675234, 0.2824392350008191, 0.6169436642314122], [0.04953783543598185, 0.17568714013870132, 0.3662739518531914, 0.4085010724721254], [0.03876616129603234, 0.1821323490527704, 0.5790814303746274, 0.20002005917656984], [0.032802276065628674, 0.09949691518521056, 0.5465359646538537, 0.32116484399530704], [0.022673029534758644, 0.07321039613800187, 0.4485765413810877, 0.45554003284615174], [0.03295227336269549, 0.09994895605929312, 0.6418779278278968, 0.22522084265011458], [0.03336783908012437, 0.08523266856897645, 0.2708974212609992, 0.6105020709899]], "ideal": "A", "sampled": "A", "correct": true}}
{"type": "result", "data": {"idx": 4, "options": ["by 5 fold", "by 10 fold", "by 15 fold", "by 20 fold"], "probs": [[0.16099720471990037, 0.20036948319594403, 0.20057099158974015, 0.43806232039441545], [0.16691370058009267, 0.19515664582749725, 0.2179137286636811, 0.42001592482872896], [0.1495039440615885, 0.17754472525810885, 0.24673115836997414, 0.4262201722103285], [0.16966118169609612, 0.1952991216479017, 0.20806449959677759, 0.42697519695922453], [0.15126210900409692, 0.16103454412502652, 0.24965577569061725, 0.4380475710802593], [0.16430058318077248, 0.1749236512720147, 0.192258143059674, 0.4685176223875388], [0.16044881699196142, 0.19354043610633517, 0.22298320793390836, 0.42302753886779504], [0.1692133197253613, 0.20733780538935911, 0.20432431384891533, 0.41912456093636424], [0.1493472986065723, 0.17461425773777678, 0.2503096349148645, 0.4257288086407863], [0.17321884688959463, 0.20895420390848748, 0.2332688033289817, 0.3845581457729362], [0.1446023220602069, 0.16133034996578516, 0.2620621206172551, 0.43200520725675284], [0.13688852973735774, 0.16258160283782672, 0.22233805885660346, 0.4781918084682121], [0.16997313214909143, 0.1866770638824669, 0.2289135068069285, 0.41443629706151314], [0.19403883234590535, 0.21646598824285485, 0.23795712772740188, 0.35153805158383794], [0.17928556294650058, 0.20000167785067524, 0.1970305354533515, 0.42368222364947267], [0.18928523641847023, 0.21116940989721233, 0.20479287510243852, 0.39475247848187894], [0.19140465206405688, 0.2203105074132018, 0.18277388408584835, 0.40551095633689294], [0.19368847867033023, 0.23001301167172872, 0.19686333516437132, 0.3794351743935697], [0.13653324949965237, 0.16993214694744196, 0.25935340698013193, 0.43418119647277376], [0.1423693938135744, 0.19462122061234438, 0.22418026443711264, 0.4388291210369686], [0.1311217079758398, 0.15816849232867444, 0.2232003774538897, 0.48750942214159604], [0.12345205899246779, 0.15365680936188134, 0.2418717276668692, 0.48101940387878167], [0.14293947175476454, 0.1594732928352045, 0.22857723106048033, 0.46901000424955064], [0.13769137242439167, 0.16871725756996847, 0.22016412523433757, 0.47342724467130226]], "ideal": "C", "sampled": "C", "correct": true}}
{"type": "result", "data": {"idx": 5, "options": ["Lower respiratory infections", "Preterm birth complications", "Diarrheal diseases", "Malaria"], "probs": [[0.9778346949517108, 0.016824919617097717, 0.004390899993705906, 0.0009494853374855284], [0.9785152719447608, 0.01657535888549774, 0.0030197808660120985, 0.00188958820372936], [0.9350618201176955, 0.06264701537335175, 0.0018345454160651159, 0.0004566189928876911], [0.9366596572454928, 0.059879539150617285, 0.0025512206532548316, 0.000909582850635031], [0.9801073437338156, 0.01488239093854777, 0.003536231248292626, 0.001474033979344025], [0.9086955742528212, 0.020076580250134125, 0.06688512084855945, 0.004342724548485205], [0.012076363821054772, 0.9746381137220614, 0.007925265097496265, 0.005360257259387521], [0.011205838945108007, 0.9778817254067705, 0.004322957694607337, 0.006589477853514077], [0.01849736436973151, 0.9489546898395715, 0.013754709455847626, 0.01879323623484934], [0.021627568834295136, 0.9198529007034321, 0.012720980412335133, 0.0457985499499377], [0.03824820167553314, 0.04542808064787655, 0.7220372283647385, 0.19428648921185185], [0.03738123648116443, 0.04106187927101146, 0.6035668410687373, 0.31799004307908685], [0.9845781023240591, 0.013401253427677054, 0.0011900677256129367, 0.0008305764226509645], [0.980725050323985, 0.015851943791437163, 0.001751808207475851, 0.0016711975771019209], [0.9849473823135122, 0.012017355810335256, 0.0015770656318170922, 0.001458196144335396], [0.9808578811104326, 0.014211748191135238, 0.0018076643405949807, 0.0031227062578372124], [0.9826907100371968, 0.01256515185040304, 0.002150602575922664, 0.002593535436477543], [0.9820653927090883, 0.012755045994475347, 0.0021492719097935356, 0.003030289286642749], [0.012886258616200635, 0.9770514249740367, 0.0035804085927738294, 0.006481907716988781], [0.0142276049293422, 0.9519434266834697, 0.0227455187106131, 0.011083449576575085], [0.027762691074385372, 0.5754511673140812, 0.27616204471320005, 0.12062409679833339], [0.02700682749334237, 0.5598167222164794, 0.06281384871878308, 0.35036260147139514], [0.012042253512511305, 0.9568489976144284, 0.011860231168373835, 0.01924851760468639], [0.01192431130092178, 0.9624269428936157, 0.006587903360676499, 0.019060842344785976]], "ideal": "A", "sampled": "A", "correct": true}}
{"type": "result", "data": {"idx": 6, "options": ["10%", "20%", "30%", "40%"], "probs": [[0.11289504001062116, 0.20446499875430554, 0.24289486937932805, 0.4397450917557452], [0.11385607887941604, 0.21275051253024888, 0.25671890757972143, 0.41667450091061364], [0.1299492606375582, 0.24281518882514347, 0.2626524645617947, 0.36458308587550364], [0.14792151086394165, 0.25965993433114365, 0.1900360499116263, 0.40238250479328846], [0.10240146880312448, 0.39881117642366415, 0.20698057832061545, 0.29180677635259594], [0.10621531656010315, 0.3707991401927733, 0.22499225193276215, 0.29799329121436136], [0.1419847203660541, 0.25714672673554245, 0.24933862316062452, 0.3515299296377789], [0.12359942025795086, 0.20382070994918416, 0.34683976349133316, 0.3257401062015318], [0.14346856091180085, 0.18137841195108298, 0.3665742332356303, 0.30857879380148584], [0.1756313398681092, 0.2186166625171831, 0.18416480325793183, 0.4215871942567759], [0.14954216553947738, 0.235296514080829, 0.28843032881072234, 0.3267309914689713], [0.1384106791828338, 0.22824050613502084, 0.2797750067565208, 0.3535738078256246], [0.14256936522741018, 0.28358444991232973, 0.1980427979933285, 0.3758033867669316], [0.13413293458472064, 0.22467574140156038, 0.2931412712468429, 0.34805005266687605], [0.1446194180013248, 0.2744679111792172, 0.21721514733623187, 0.36369752338322614], [0.15809565074223408, 0.2411151867365292, 0.2031212358068402, 0.3976679266143965], [0.15931839289750546, 0.20143086005635233, 0.2628387651872793, 0.376411981758863], [0.1467501459422076, 0.17982723888907068, 0.31573565692937017, 0.35768695813935153], [0.13724803923188067, 0.22283025083697752, 0.22998143730247944, 0.40994027252866233], [0.1365146596141837, 0.20498328788068598, 0.2632982652133182, 0.39520378719181204], [0.14842327822293433, 0.3191998790898532, 0.20298456863427264, 0.32939227395293985], [0.15433208072621551, 0.2975459275869565, 0.17773894533161813, 0.37038304625520985], [0.15863062676140777, 0.2308448587253047, 0.2238448593369523, 0.3866796550763352], [0.1628500448220521, 0.2296961145009129, 0.2227198828808323, 0.3847339576962027]], "ideal": "C", "sampled": "D", "correct": false}}
{"type": "result", "data": {"idx": 7, "options": ["29%", "49%", "69%", "89%"], "probs": [[0.15218394539670377, 0.25490542484042805, 0.22168129019662353, 0.37122933946624465], [0.1620027620035163, 0.2589204388276233, 0.20185159746331857, 0.3772252016055418], [0.15397387741456478, 0.23482583460843728, 0.17192961273858248, 0.43927067513841545], [0.1606873177911695, 0.24505500522457724, 0.26940430582426245, 0.32485337105999085], [0.15400627712874168, 0.3312439718881995, 0.16158441189057304, 0.35316533899248576], [0.15708620844700652, 0.34856805201859475, 0.20511482653950897, 0.2892309128948898], [0.1301439106334242, 0.20161187646757076, 0.302934348552928, 0.36530986424607703], [0.1537517607058315, 0.22375321386007097, 0.29672497507942786, 0.3257700502546697], [0.15127964090861587, 0.27399846500400843, 0.1562639451427368, 0.4184579488446389], [0.14285725779467548, 0.297784694933459, 0.2471051885567916, 0.3122528586150739], [0.13639062844925115, 0.3376680662542882, 0.13653607868581713, 0.3894052265106435], [0.13637216184605153, 0.30737790004252374, 0.2673187513781682, 0.2889311866332565], [0.16920808689654177, 0.24625115483394222, 0.14486678785722631, 0.4396739703122897], [0.1648668795659184, 0.18979622421750872, 0.38987573977386336, 0.2554611563427095], [0.1856296183634496, 0.24596504498100744, 0.13594282959617485, 0.43246250695936805], [0.17267514817255863, 0.1700216981617986, 0.4020061851939454, 0.2552969683716974], [0.20015978811169788, 0.3198966979660572, 0.14433917401777738, 0.3356043398044675], [0.18571891442226604, 0.2922085908421308, 0.17466189486014327, 0.34741059977545985], [0.14369731925932086, 0.19044391525206025, 0.1935842902230708, 0.4722744751655481], [0.11933026372692072, 0.15567426265952225, 0.48758649457893694, 0.2374089789346201], [0.1591382669986572, 0.25838331155527594, 0.12799001120211326, 0.4544884101439536], [0.12206161202851638, 0.17763479316894273, 0.46857682564008624, 0.23172676906245465], [0.22044226184589497, 0.26594494177434697, 0.11997091649611438, 0.3936418797836437], [0.24906671606990324, 0.3148498417550694, 0.1159390093292955, 0.32014443274573184]], "ideal": "C", "sampled": "D", "correct": false}}
{"type": "result", "data": {"idx": 8, "options": ["18%", "38%", "58%", "78%"], "probs": [[0.10045873076769747, 0.23360831587399883, 0.3563924590764294, 0.30954049418187424], [0.12206436220224773, 0.24660656404875067, 0.3646298132016917, 0.26669926044730996], [0.1162933142257673, 0.46001304457903347, 0.17742750876010258, 0.24626613233509667], [0.09527238670392658, 0.4074857921673968, 0.2890889112903673, 0.2081529097383093], [0.11676710010815917, 0.49943017582495947, 0.12054140774787003, 0.26326131621901133], [0.11225789624675046, 0.48769345437965145, 0.16599833339274184, 0.23405031588085623], [0.11948912912805225, 0.18800816128831008, 0.3920093230817498, 0.30049338640188783], [0.14570228536903743, 0.222196843867183, 0.37227901257906354, 0.25982185808471603], [0.12144147534218998, 0.46559035631595364, 0.12151566076821162, 0.29145250747364476], [0.11396088176175849, 0.3916363663606878, 0.2911950685214313, 0.20320768325612243], [0.09793742307320959, 0.5463253014886047, 0.09350534109557379, 0.26223193424261193], [0.09637483953465878, 0.54606652254366, 0.1829991191442596, 0.17455951867742167], [0.1430465898228678, 0.22862260382009064, 0.25120690836788845, 0.37712389788915307], [0.12285424480305837, 0.15532310884096348, 0.5095030258646361, 0.212319620391342], [0.1487903103444109, 0.43736238959938484, 0.13138021135863512, 0.28246708859756914], [0.14884583206935895, 0.3861156288560862, 0.23801247063842093, 0.22702606833613392], [0.13583759759740252, 0.45957657005398367, 0.12571418096784004, 0.2788716512807738], [0.12784905920909462, 0.4750662218314127, 0.14271867486478249, 0.2543660439947102], [0.14289274810315764, 0.2248417138828503, 0.22491458056108093, 0.40735095735291116], [0.11390583555470797, 0.14628027813999184, 0.4578191773975787, 0.2819947088077215], [0.15957706927287618, 0.3223982106959553, 0.140888882550085, 0.37713583738108347], [0.12512973881973272, 0.1820875541748971, 0.44386682236724156, 0.24891588453812863], [0.17438297491663227, 0.3522888228627067, 0.13170679304793054, 0.3416214090727305], [0.1765412390055545, 0.37376341219979103, 0.13972902296576342, 0.30996632572889105]], "ideal": "C", "sampled": "D", "correct": false}}
{"type": "result", "data": {"idx": 9, "options": ["11%", "26%", "41%", "56%"], "probs": [[0.13309512634451034, 0.2448332683546903, 0.3401722806300608, 0.28189932457073863], [0.1299319694816481, 0.3021320953345348, 0.2840098398042351, 0.28392609527958196], [0.11493407531226935, 0.5483867688937988, 0.1500378593663697, 0.1866412963275621], [0.09538163243770457, 0.4410905241525157, 0.26773598787491404, 0.19579185543486569], [0.09911263592033163, 0.5615876410410613, 0.1293768468926949, 0.20992287604591214], [0.09144177355032014, 0.5602242391758042, 0.16062487779907142, 0.1877091093748042], [0.15647954446656281, 0.17733844415583067, 0.3998951792270226, 0.2662868320505839], [0.17231398099341338, 0.2546875888459919, 0.28878001666668174, 0.28421841339391296], [0.1512994856265573, 0.4884497217911624, 0.14678249636508442, 0.21346829611719584], [0.14947994051869, 0.41277736421272004, 0.2709300517764959, 0.16681264339209406], [0.16437447804242872, 0.3590642075953332, 0.15452929530368534, 0.3220320189585527], [0.16383210580653285, 0.33619637771181304, 0.25394715721092104, 0.24602435917073312], [0.17794589166215125, 0.2549240810936849, 0.2396150606745757, 0.32751496646958816], [0.14040528680430833, 0.16937983262485487, 0.4194766864150987, 0.27073819405573807], [0.19313356905137294, 0.34432013280285756, 0.16790553175146297, 0.2946407662943065], [0.1811693567553404, 0.24003218052562914, 0.33871834505498827, 0.2400801175640422], [0.1616736106905428, 0.41938046097254367, 0.12602085612819885, 0.29292507210871466], [0.15378803242379394, 0.4180705013165605, 0.16642172880925077, 0.26171973735039483], [0.14692938326320013, 0.16139850018794646, 0.23864689466950995, 0.45302522177934346], [0.13025198584419362, 0.11496583114236192, 0.49967922638547224, 0.2551029565279722], [0.17208325348315628, 0.2504105493053559, 0.18330194998034807, 0.3942042471311397], [0.15172552701248856, 0.16153417239467538, 0.4325689101210479, 0.2541713903717881], [0.17033018898764798, 0.3662992253697534, 0.13484815649018556, 0.328522429052413], [0.17231671253631844, 0.3944678843451274, 0.16200688238301736, 0.27120852063553674]], "ideal": "B", "sampled": "C", "correct": false}}
{"type": "result", "data": {"idx": 10, "options": ["23%", "38%", "53%", "68%"], "probs": [[0.09098953549422438, 0.2324452199007907, 0.2990014783962252, 0.3775637661087597], [0.10197603792226104, 0.24856940456425552, 0.3350898897758967, 0.3143646676375867], [0.09888362588836479, 0.4230308406218798, 0.15348082321894707, 0.32460471017080833], [0.0810241916618371, 0.3747965665174499, 0.3527606997080492, 0.19141854201266378], [0.07282475110068029, 0.629415786597678, 0.08014665244662036, 0.21761280975502134], [0.06924977130120503, 0.6677036981201917, 0.09939963661328549, 0.16364689386531772], [0.07995009450821695, 0.13605524425873214, 0.4197341907837309, 0.36426047034931996], [0.09438261388788535, 0.15325468777077683, 0.5112442373718187, 0.24111846086951913], [0.09820640551889105, 0.32213458035731507, 0.13876374107185876, 0.4408952729519351], [0.08313203788012515, 0.339338787000342, 0.36186078996006815, 0.21566838505946476], [0.08961470023623862, 0.3545806845110416, 0.12079506571299077, 0.435009549439729], [0.08044817152173786, 0.5086323997340891, 0.170633209526851, 0.240286219117322], [0.10934757370543945, 0.18607659739804677, 0.22129669624613854, 0.48327913255037525], [0.05908621059621526, 0.0846649977106685, 0.7441041288584006, 0.11214466273471557], [0.12145378237286635, 0.26536179772473245, 0.14675263224949026, 0.4664317875529109], [0.09135105119659491, 0.1437741315305206, 0.5351584949867781, 0.22971632218610635], [0.09933755619827114, 0.5206841268665763, 0.10114188566643284, 0.27883643116871976], [0.08802015881805224, 0.5741613378361592, 0.09841642307810342, 0.23940208016768513], [0.09431426338781242, 0.1682073957016751, 0.18494314203433287, 0.5525351987761796], [0.06832161105433605, 0.10101411942190623, 0.6100510630914451, 0.22061320633231266], [0.09675559496805827, 0.19552326379467813, 0.14093852586792127, 0.5667826152693424], [0.07334957325730541, 0.11910759000114318, 0.5262370148239581, 0.2813058218175933], [0.14409353052268228, 0.3197633671405535, 0.15610823266298485, 0.38003486957377935], [0.14749690449262196, 0.3826526289005101, 0.15246194145162348, 0.31738852505524445]], "ideal": "D", "sampled": "D", "correct": true}}
{"type": "result", "data": {"idx": 11, "options": ["5%", "10%", "15%", "25%"], "probs": [[0.07324830496508765, 0.11708040621510878, 0.26807397801038585, 0.5415973107094177], [0.08103580772066381, 0.13574628530575367, 0.3308795690205619, 0.4523383378530206], [0.08158347937207999, 0.17823404470317003, 0.3383732215358175, 0.40180925428893244], [0.09723888481536992, 0.19958466586836093, 0.2997312888163302, 0.4034451603999389], [0.08009993909839569, 0.32695677385999344, 0.23931382237494245, 0.3536294645666684], [0.07510774396411599, 0.26635234549603265, 0.31644290059940355, 0.34209700984044783], [0.10186371054429849, 0.17605195675442484, 0.2995862617850788, 0.4224980708161979], [0.0982620827107993, 0.15953608449950193, 0.3653249280282954, 0.37687690466140333], [0.09474563425060437, 0.11978333027071507, 0.48896582154096313, 0.29650521383771744], [0.13830100664299505, 0.1804188531207117, 0.16689453022631806, 0.5143856099099752], [0.12278797097134479, 0.21555521234369066, 0.2259983785522, 0.4356584380327645], [0.11116775372632737, 0.1982158317564956, 0.3023643262910449, 0.38825208812613216], [0.11076417069083694, 0.22379279624104148, 0.2536842411345963, 0.41175879183352526], [0.12530219923475258, 0.22695388848712456, 0.29612419338923074, 0.35161971878889214], [0.13410809035265064, 0.21432439022643152, 0.27532063681171004, 0.37624688250920774], [0.15210115908055405, 0.23563006517915, 0.19849491117399817, 0.41377386446629777], [0.1377381451148253, 0.15857223219643402, 0.26567549907438587, 0.43801412351435487], [0.11716433566616574, 0.1435732181866373, 0.3725480658962151, 0.36671438015098184], [0.14461459864487206, 0.16391611830366154, 0.2661724507321581, 0.4252968322193083], [0.12714031880267235, 0.13967659027397178, 0.3351940262582961, 0.3979890645650598], [0.16558601453990937, 0.2817273521656404, 0.2127502474795692, 0.33993638571488105], [0.1711842443054236, 0.30051404682542876, 0.17129127934786323, 0.3570104294212844], [0.1568689378291753, 0.25868598676970683, 0.2469642574119771, 0.33748081788914075], [0.1541128995331729, 0.27052570999096887, 0.22791132196956576, 0.34745006840629244]], "ideal": "B", "sampled": "D", "correct": false}}
{"type": "result", "data": {"idx": 12, "options": ["2%", "4%", "9%", "18%"], "probs": [[0.05459034984048867, 0.09288555036727755, 0.37328021324119603, 0.4792438864510377], [0.0601041531487181, 0.09310837695400094, 0.5114573163555615, 0.33533015344171946], [0.0687771161957484, 0.27210579130627977, 0.18131685795511185, 0.47780023444285996], [0.07376538106411082, 0.2381662094628138, 0.33601271602112565, 0.35205569335194975], [0.063493107513181, 0.5486374905631782, 0.13663282516967057, 0.2512365766539702], [0.06952802557363391, 0.3939671780200069, 0.35891991276638113, 0.17758488353997803], [0.05877987469979054, 0.10480758114027694, 0.40192417504118505, 0.43448836901874743], [0.07446005361065845, 0.11716257296439402, 0.5091666096498513, 0.29921076367509625], [0.07929561463611243, 0.17873317400962566, 0.24823436693378803, 0.4937368443204739], [0.09753211132302426, 0.19099166066499945, 0.253101773627177, 0.4583744542847992], [0.09363459747351134, 0.28399108973219417, 0.279723933290578, 0.34265037940371645], [0.09359905005347122, 0.2928823130727546, 0.342604242852627, 0.27091439392114725], [0.08833478653545332, 0.1960294155887261, 0.14799809895460306, 0.5676376988212175], [0.07098798770438985, 0.1099665213996409, 0.6136050497993427, 0.20544044099662656], [0.10534478370331231, 0.24884433478773937, 0.1658276828148418, 0.4799831985941065], [0.10498065381077083, 0.18427724742699156, 0.3609718299130332, 0.34977026874920436], [0.13413513995654425, 0.28400969079262545, 0.29780855328132044, 0.28404661586950986], [0.12666157264222405, 0.22582442239125614, 0.3339298168661992, 0.3135841880003206], [0.10528719424148544, 0.2264617830288446, 0.13316290079215704, 0.5350881218375129], [0.08116102338755668, 0.14246802242863082, 0.5816497292778842, 0.19472122480592835], [0.1082750971609521, 0.2898134696869369, 0.145782133392647, 0.456129299659464], [0.10508765162993498, 0.1903194479937229, 0.46400355465511345, 0.2405893456212287], [0.12105100216403074, 0.5511674448644529, 0.12500574066002043, 0.20277581221149593], [0.12800387464656468, 0.4831662557610684, 0.15697913658632517, 0.2318507329060417]], "ideal": "C", "sampled": "D", "correct": false}}
{"type": "result", "data": {"idx": 13, "options": ["minimum wage legislation", "land reform", "progressive taxation", "increased access to education"], "probs": [[0.1586235047253664, 0.22402019617551036, 0.1357061016642866, 0.4816501973348366], [0.20997222391568643, 0.2699532887055718, 0.24172832789770432, 0.2783461593810375], [0.10051790253252077, 0.08213817633381815, 0.552348038213899, 0.26499588281976205], [0.12147209116532244, 0.11787877276038239, 0.37433444979776304, 0.38631468617653214], [0.13772214586358614, 0.10248684976979935, 0.5986672533847736, 0.16112375088184097], [0.16111919522342, 0.21377200204636757, 0.1797655102395881, 0.44534329239062437], [0.13025419932387594, 0.20211410504688487, 0.1753146219588872, 0.49231707357035204], [0.16754427059073318, 0.21549001128247255, 0.31806163892316935, 0.2989040791036249], [0.13160571258531653, 0.1517415172940517, 0.3108902526948362, 0.40576251732579555], [0.13883828245972274, 0.12856716491041623, 0.41460390748127346, 0.31799064504858754], [0.1829986085111849, 0.23182405420751082, 0.28790851160439734, 0.29726882557690687], [0.1783722559166878, 0.21219024601586575, 0.22547652307238106, 0.38396097489506537], [0.0974980741641775, 0.1253347694748475, 0.5357286929548499, 0.241438463306125], [0.11836517512832696, 0.22844871706131917, 0.25864255233024064, 0.3945435553801132], [0.11716231528001161, 0.2771657067682485, 0.208936554039438, 0.3967354238123019], [0.11962878346353199, 0.2873078498759301, 0.3103851285151658, 0.2826782380453721], [0.11021672358366572, 0.18486510741310588, 0.29505099304529236, 0.40986717585793603], [0.06859272045316465, 0.07541173104625595, 0.7151868003114292, 0.1408087480891501], [0.1439614317267436, 0.1633997434720872, 0.47975072974758115, 0.21288809495358804], [0.1420400398219631, 0.24587640921171208, 0.17406810299598638, 0.4380154478703384], [0.17395960570441774, 0.26172120546411326, 0.2234202424997297, 0.3408989462317393], [0.15956155415140713, 0.2253958567987505, 0.18082767310883371, 0.4342149158410087], [0.12647428371084302, 0.17048501492732696, 0.31312989071634684, 0.38991081054548316], [0.10928689430843698, 0.10120213483165574, 0.5820081493574181, 0.20750282140248918]], "ideal": "A", "sampled": "B", "correct": false}}
{"type": "result", "data": {"idx": 14, "options": ["36%", "56%", "76%", "96%"], "probs": [[0.1235117316122521, 0.2963299750985408, 0.27433535453914054, 0.3058229386500665], [0.12671934633415402, 0.2600501891733021, 0.30431403086930325, 0.30891643352324066], [0.08686496996856591, 0.5937231734268964, 0.14113505078085264, 0.17827680572368504], [0.08715962392171588, 0.5684583525362394, 0.2028687717037448, 0.14151325173829984], [0.12932415497982913, 0.29609597167534984, 0.2963559373373855, 0.2782239359074355], [0.12878140422065487, 0.3238315485442237, 0.2951252372230436, 0.2522618099120778], [0.13097586321903207, 0.17904088699700144, 0.3853544168692407, 0.30462883281472575], [0.1648097485139069, 0.21164752540856088, 0.3386501669545078, 0.2848925590230244], [0.14849713664502784, 0.37337345437508507, 0.16846968482940053, 0.3096597240504866], [0.13266338011299, 0.3388084667937362, 0.35545932183706624, 0.1730688311562075], [0.15019000246468334, 0.31802271234890706, 0.1930682000206253, 0.3387190850657843], [0.12161227767489206, 0.20690199011365293, 0.4740409133124508, 0.19744481879900422], [0.1431391920092975, 0.19567676501954406, 0.2594513776884186, 0.4017326651827398], [0.12834681282368987, 0.12059152600621335, 0.5326662540052228, 0.21839540706487393], [0.18579646006742212, 0.2877931382306655, 0.14485262764592716, 0.3815577739559853], [0.16083215415109436, 0.1880475757537128, 0.4242534402222384, 0.22686682977295447], [0.15575007298894222, 0.34026502100395534, 0.19405006737780503, 0.3099348385292974], [0.13589514588106985, 0.2539318165833365, 0.3640221004714815, 0.2461509369641121], [0.08861079811163758, 0.202887296656347, 0.304823279350316, 0.4036786257816994], [0.08847024620446416, 0.16792315868557964, 0.5176277949004732, 0.22597880010948304], [0.1252992786430968, 0.42398033805363466, 0.12544292584127215, 0.32527745736199637], [0.09746728599788858, 0.3456145704885068, 0.34061147555491866, 0.21630666785868596], [0.12103273381279946, 0.4568724223330535, 0.1269902771295029, 0.2951045666246442], [0.1180361281536875, 0.4817501891220776, 0.18303402857345036, 0.21717965405078454]], "ideal": "B", "sampled": "C", "correct": false}}
{"type": "result", "data": {"idx": 15, "options": ["6%", "13%", "27%", "46%"], "probs": [[0.03255138979063613, 0.0942108350564734, 0.4093845264462132, 0.46385324860667726], [0.03652487531572968, 0.07979181051387034, 0.5370396135043672, 0.3466437005660327], [0.0396656441873075, 0.4684867544273383, 0.16974358610830803, 0.3221040151770462], [0.03768578776020744, 0.3807126737484842, 0.3157727004356553, 0.26582883795565304], [0.03706577833817287, 0.5198835788134307, 0.15133901108039377, 0.2917116316680026], [0.03811403505547804, 0.4717729266921625, 0.21271438196835596, 0.2773986561840035], [0.02492625280542379, 0.052777554922545315, 0.5501387335645622, 0.37215745860746874], [0.022362089645321097, 0.04049894777285118, 0.7408872510845398, 0.1962517113972879], [0.06986199699363373, 0.22558744563058092, 0.13685443282263085, 0.5676961244531545], [0.06622552974655666, 0.23122078918685277, 0.43220676761501314, 0.27034691335157746], [0.05119108446317918, 0.5505393783982855, 0.10347810463673804, 0.2947914324017972], [0.04536754756521046, 0.5978158377733638, 0.1686915958862669, 0.18812501867515882], [0.03926495411535717, 0.048122801100499324, 0.2684460204042733, 0.6441662242798702], [0.02727684325822434, 0.03140110619824785, 0.8623847205594539, 0.07893732988407384], [0.0684091936525358, 0.11639640427834531, 0.14487158624103857, 0.6703228157280803], [0.04539502936842313, 0.06109778659078737, 0.7446376319964307, 0.14886955194435877], [0.08940114625242829, 0.6016706093170694, 0.08406269361588097, 0.22486555071462133], [0.09357214251930018, 0.5386369984397182, 0.15682812500899723, 0.2109627339319843], [0.0591182857506059, 0.07022402735168663, 0.3351252462486731, 0.5355324405490344], [0.049327803378173316, 0.05252114466860631, 0.703024765868956, 0.19512628598426435], [0.0865565797649233, 0.15676856828692912, 0.13621669397407446, 0.6204581578740731], [0.07789073941741367, 0.10483775364928428, 0.5495546500547129, 0.26771685677858903], [0.13106598056336374, 0.3563741769760177, 0.10214150772072812, 0.4104183346398904], [0.13460374679433817, 0.3547202857807376, 0.2119058496684033, 0.2987701176565209]], "ideal": "B", "sampled": "D", "correct": false}}
{"type": "result", "data": {"idx": 16, "options": ["34%", "49%", "64%", "79%"], "probs": [[0.09250780939130769, 0.28951925036396187, 0.2221137881056878, 0.3958591520390426], [0.10441262863407537, 0.2666899819898649, 0.3218781005734475, 0.3070192887026122], [0.10018053576558994, 0.33375378697592406, 0.1505097549599982, 0.41555592219848786], [0.09026551654533217, 0.31023751530534394, 0.3462698330283409, 0.253227135020983], [0.07755926648976966, 0.6102558100989045, 0.10124956362801545, 0.21093535968331034], [0.07049686618554894, 0.6586780098616585, 0.10427329176232474, 0.16655183209046778], [0.09964194298928294, 0.16954376281331718, 0.2977255703076678, 0.43308872378973207], [0.1175114534128366, 0.17644318892439378, 0.4369766473835567, 0.2690687101792129], [0.08855647658830801, 0.436010423527348, 0.11379693532190903, 0.361636164462435], [0.06977567873030278, 0.4695265029611038, 0.3129518055077749, 0.14774601270081847], [0.06825126859424824, 0.6579531577604157, 0.0762098076016199, 0.19758576594371607], [0.05282135151183961, 0.7180457408697466, 0.11191303740456428, 0.11721987011384954], [0.11859026853335623, 0.23224926617470734, 0.1572140843556783, 0.4919463808362581], [0.11768387256875987, 0.1794797330915262, 0.43756389613544283, 0.2652724981042711], [0.13945248098234397, 0.2907141614840413, 0.13315994440952755, 0.4366734130240872], [0.11372190882204077, 0.17343589920210825, 0.5100710467494729, 0.20277114512637812], [0.10412307780765134, 0.5207191458305965, 0.0919657485668167, 0.2831920276949354], [0.10252606275436314, 0.5901386825170863, 0.1127030195585889, 0.19463223506996155], [0.12201922186074865, 0.1981089203506302, 0.27951965982739857, 0.40035219786122256], [0.12557528911765334, 0.20070911941905414, 0.39935177560627455, 0.27436381575701796], [0.1499985560625235, 0.37718202535964135, 0.1345607747133885, 0.33825864376444664], [0.10911977953773468, 0.18857639885613747, 0.4818206095078029, 0.22048321199832493], [0.12547041287552668, 0.3155035329219574, 0.12753099011798447, 0.43149506398453147], [0.13663581215916373, 0.47699806800182143, 0.15018840356440105, 0.23617771617461375]], "ideal": "A", "sampled": "D", "correct": false}}
{"type": "result", "data": {"idx": 17, "options": ["62%", "72%", "82%", "92%"], "probs": [[0.14793864772858906, 0.28969888622837375, 0.2680603425270684, 0.2943021234159688], [0.13823121990715811, 0.30199033468907643, 0.12016312955851448, 0.439615315745251], [0.13862430841394363, 0.40749987348564626, 0.23230141052811804, 0.22157440747229207], [0.12233912214372318, 0.42709193063923884, 0.1476583392676074, 0.3029106078494306], [0.0958694152130386, 0.13951501352818663, 0.42990535813670805, 0.3347102130220667], [0.09008723764970765, 0.11751953116432431, 0.5436019462876892, 0.2487912847982788], [0.14373113213532324, 0.1789035647928625, 0.3730104565247412, 0.30435484644707306], [0.15846906437952937, 0.3152205614945391, 0.13992840080800878, 0.3863819732179228], [0.1537729306730954, 0.39273010510063505, 0.20383686707851797, 0.24966009704775163], [0.14141852098641322, 0.39669519683512805, 0.17610912201214643, 0.28577716006631226], [0.13387260731285475, 0.2139742278552258, 0.27059020379801824, 0.38156296093390124], [0.11388109641821222, 0.16062947693101584, 0.4300257553492493, 0.2954636712015226], [0.14863506179507954, 0.3098339782320666, 0.22677351870017748, 0.3147574411726764], [0.15251613116277374, 0.33844597152800365, 0.19596192822767464, 0.31307596898154794], [0.18656550345939368, 0.33786851164300147, 0.17263977227868788, 0.302926212518917], [0.17229805371534257, 0.3120511378914652, 0.1619552772492555, 0.3536955310439367], [0.14195484988596524, 0.24152836971465336, 0.291465154515411, 0.3250516257839704], [0.14359297284815176, 0.248156748632314, 0.3041719884619521, 0.3040782899575821], [0.10349745071022606, 0.32391326892310907, 0.1996325060607721, 0.3729567742058928], [0.09712465106469702, 0.2189247160931054, 0.4028262495591742, 0.2811243831830234], [0.13119455388697018, 0.3147948196337844, 0.1558866407782927, 0.3981239856009527], [0.10592098690882568, 0.24632770187667943, 0.3642005080246389, 0.283550803089856], [0.1315396525981354, 0.3576579062028129, 0.1799262746933685, 0.3308761664056831], [0.12443700713027118, 0.4624603515974522, 0.13255387049504772, 0.2805487706772289]], "ideal": "C", "sampled": "C", "correct": true}}
