{"type": "result", "data": {"idx": 0, "options": ["temporary dipoles created by the position of electrons around the nuclei in a molecule", "the three-dimensional intermolecular bonding present in all covalent substances", "the uneven electron-to-proton ratio found on individual atoms of a molecule", "the electronegativity differences between the different atoms in a molecule"], "probs": [[0.8986714588402849, 0.05481513645368231, 0.018947595348175174, 0.027565809257857614], [0.9322906931327488, 0.04095990298099791, 0.015550110820664901, 0.011199292965588368], [0.9086483031709984, 0.04740523066299385, 0.018568589456492642, 0.02537787660951509], [0.9149815950095083, 0.04848784535184056, 0.018409067591589563, 0.01812149194706166], [0.9323070149481245, 0.03908470437673401, 0.015308791888649663, 0.01329948868649185], [0.9128776838809686, 0.04991352585528207, 0.016722446399311645, 0.020486343764437694], [0.023364064799225023, 0.9334530068227687, 0.012706211541982053, 0.030476716736024218], [0.022581267754120976, 0.9454971818451526, 0.011357938690294408, 0.02056361161043195], [0.13474867433460086, 0.15513554779316055, 0.16004820702572325, 0.5500675707465154], [0.1534848660427086, 0.17396931153583506, 0.1195556181980097, 0.5529902041234466], [0.22352263329178043, 0.24941302833447185, 0.3203123807586792, 0.20675195751506853], [0.12055833905977689, 0.18102562830334307, 0.10475554550335281, 0.5936604870335273], [0.20518846999346596, 0.3546177439096241, 0.09106977284360813, 0.34912401315330177], [0.21223197966420104, 0.5506223253818819, 0.08185093713857819, 0.15529475771533882], [0.20012514590334682, 0.13544639664544783, 0.1766406306424494, 0.487787826708756], [0.21348986881356768, 0.15623785088175243, 0.1179163122680195, 0.5123559679366604], [0.2810672651804198, 0.1678761888648368, 0.18437698872766958, 0.3666795571270738], [0.19481013132739647, 0.15905467690264058, 0.09951114356979586, 0.5466240481001671], [0.2601352256236048, 0.6339396644810792, 0.04966124743736139, 0.0562638623579546], [0.23867772584687705, 0.6590969169019044, 0.038974536118511885, 0.0632508210327066], [0.5646662073415143, 0.20450344527327832, 0.1544084090256628, 0.07642193825954455], [0.36464539989934425, 0.22820816331991053, 0.0852813809573256, 0.3218650557234196], [0.5106554626907862, 0.18494839964447665, 0.14864100514356027, 0.1557551324211768], [0.381032505169387, 0.1772128681038327, 0.0837131235749706, 0.35804150305180965]], "ideal": "A", "sampled": "A", "correct": true}}
{"type": "result", "data": {"idx": 1, "options": ["70 pm, 1402 kJ/mol", "86 pm, 898 kJ/mol", "135 pm, 523 kJ/mol", "40 pm, 995 kJ/mol"], "probs": [[0.38432095596287813, 0.21219812963861556, 0.1349954198164478, 0.2684854944820585], [0.3734871613674619, 0.21276688034642915, 0.12715572685917992, 0.286590231326929], [0.36392186441707863, 0.1614563988826765, 0.2502992637071383, 0.2243224728931066], [0.290594731102058, 0.18470445548690742, 0.12702636608740547, 0.39767444722362905], [0.31536627752506985, 0.15367621639849438, 0.29647667096501173, 0.23448083501142405], [0.3066837260801084, 0.18311932806930642, 0.12205960435990766, 0.3881373413906775], [0.4754622401021961, 0.1920529681232383, 0.11124427946124604, 0.22124051221331953], [0.4471862380481832, 0.19838865554792198, 0.11491289879431854, 0.2395122075095763], [0.44008912320238897, 0.1863024179062979, 0.15218516729188514, 0.22142329149942802], [0.30928238316916173, 0.18180337275408381, 0.1174531732164482, 0.39146107076030623], [0.3882935220342095, 0.1722727941820365, 0.21458179715730782, 0.2248518865264461], [0.3219625853585329, 0.1863172445612424, 0.1148593838439945, 0.3768607861362302], [0.4064948674706736, 0.1775478194082534, 0.19825646883100445, 0.21770084419006858], [0.3223114383415008, 0.18946755354001873, 0.11680386475357324, 0.37141714326490727], [0.4179647813596459, 0.22719836096866045, 0.1445543106980198, 0.21028254687367387], [0.31203191116478557, 0.20784520694707928, 0.11486232133578206, 0.36526056045235306], [0.3196848237288741, 0.16326689231947883, 0.21647923537476005, 0.30056904847688704], [0.31849212400387056, 0.15520182712915706, 0.24059993743278438, 0.285706111334188], [0.3755973689060531, 0.19481315297363605, 0.19805701665259742, 0.23153246136771344], [0.3196573054368709, 0.20316134996651572, 0.10881634379777957, 0.3683650006988338], [0.3921952130344152, 0.2492333278039212, 0.13145690763300646, 0.22711455142865714], [0.33636416505031574, 0.23477623913814366, 0.10757171097387719, 0.3212878847376634], [0.31777305828312985, 0.1838880859379501, 0.16496699294140793, 0.3333718627375121], [0.322950815902332, 0.16751124205171528, 0.21526822331866985, 0.2942697186272829]], "ideal": "A", "sampled": "B", "correct": false}}
{"type": "result", "data": {"idx": 2, "options": ["ionic bonding", "nonpolar covalent bonding", "covalent network bonding", "metallic bonding"], "probs": [[0.24985972417509625, 0.3015493019421165, 0.15166433966143697, 0.2969266341213503], [0.193896463766834, 0.27360965575776797, 0.14646972059619273, 0.3860241597792053], [0.23992160317765945, 0.2895752234404075, 0.12651987561092995, 0.3439832976710031], [0.20473304083783953, 0.23950038491029077, 0.2800607639262047, 0.275705810225665], [0.1969935952524124, 0.2868171419458015, 0.19110176534833115, 0.325087497353455], [0.18291800539980047, 0.25016755981480826, 0.35291953468904197, 0.21399489999634927], [0.1457166649893738, 0.576623073510934, 0.10180607285366533, 0.17585418854602686], [0.1697526202815573, 0.4011298894986172, 0.12624419298597228, 0.3028732971338532], [0.16037419675734554, 0.14159843535197056, 0.4717692206591849, 0.22625814713149897], [0.15293706951996172, 0.16546043751969358, 0.1554449349486355, 0.5261575579117092], [0.14661286988301528, 0.15614561967697357, 0.45912221753658505, 0.2381192928034261], [0.16365772240227444, 0.18848640934003413, 0.1587301766902894, 0.489125691467402], [0.11057737131863128, 0.6777855268113336, 0.06505700133684902, 0.146580100433186], [0.11298825506489904, 0.6405214618957162, 0.12037005929659576, 0.12612022364278896], [0.1392061114172012, 0.13927699624099327, 0.534109115547175, 0.1874077766946305], [0.14817577819796485, 0.1816609826749843, 0.17609404288101638, 0.4940691961460345], [0.13929343222178842, 0.20597662029590777, 0.48661819095513764, 0.1681117564271662], [0.1493004195555568, 0.28351100009030683, 0.09951729626626167, 0.46767128398787466], [0.21083212525024086, 0.3318736353743092, 0.16433915983997968, 0.2929550794354703], [0.2068696941604159, 0.33075184635479715, 0.26174853669478426, 0.20062992269000268], [0.17779518132234326, 0.18354029404651662, 0.41376586511271496, 0.22489865941842513], [0.19434885389129658, 0.20381983808893486, 0.14229565645380934, 0.4595356514659592], [0.18876185167502887, 0.18306163623312988, 0.4393018287293078, 0.18887468326253345], [0.1889700754466188, 0.20129642038490375, 0.11116299859934296, 0.4985705054691345]], "ideal": "C", "sampled": "A", "correct": false}}
{"type": "result", "data": {"idx": 3, "options": ["Ag+(aq) + Br-(aq) \u2192 AgBr(s)", "NH4+(aq) + Ag+(aq) \u2192 Ag(NH4)3+2(aq)", "Br-(aq) + NO3-(aq) \u2192 NO3Br(aq)", "NH4Br(aq) + NO3-(aq) \u2192 NH4NO3(aq) + Br-(aq)"], "probs": [[0.3083521975514067, 0.08974221959196822, 0.05193854045440116, 0.5499670423022239], [0.6984754904178992, 0.09019109740236156, 0.09907425341620113, 0.1122591586635381], [0.31217361888924083, 0.0952111003547065, 0.0777127255889275, 0.5149025550671251], [0.35185021944961103, 0.07261075241012642, 0.4520046215500471, 0.12353440649021542], [0.6780685286748124, 0.17412331958047744, 0.04543055661209937, 0.10237759503261075], [0.676812175296755, 0.1486566354052179, 0.04534819771531089, 0.12918299148271628], [0.1852968144537698, 0.11241108671767998, 0.07488283346851497, 0.6274092652600353], [0.3393008759174327, 0.12098910093571479, 0.3239690709381543, 0.21574095210869818], [0.19339051264406967, 0.09726021148006432, 0.09427340791852067, 0.6150758678573454], [0.19335499885618568, 0.07573213032527736, 0.486410204981268, 0.24450266573726892], [0.4624087065838787, 0.16745709012966306, 0.12256642126827254, 0.2475677819181857], [0.33496769011516636, 0.11759458043015576, 0.07476054597790428, 0.47267718337677356], [0.16603961585291813, 0.15600426493515182, 0.07967610656418357, 0.5982800125477464], [0.2462100462008658, 0.11450783565962135, 0.48991318072208595, 0.1493689373174269], [0.18731945751224338, 0.09274418651130206, 0.0956867188119569, 0.6242496370644977], [0.20039208529960031, 0.08225013437417393, 0.5040000751706628, 0.21335770505556292], [0.12941398303767243, 0.7565759757854138, 0.03172695778262551, 0.08228308329428818], [0.11192577706399377, 0.7770496270529474, 0.023838777891952857, 0.08718581789110595], [0.622760102357565, 0.10990844845764085, 0.07438946372844385, 0.19294198535635032], [0.6632425484847531, 0.10492212048265696, 0.06671782135524941, 0.16511750957734053], [0.5582389193346241, 0.08427001472263733, 0.07674991281494474, 0.2807411530277938], [0.596578227000372, 0.08728948039531692, 0.07126351285914316, 0.24486877964516796], [0.5943390110018109, 0.10822017792917643, 0.06464784472848693, 0.23279296624052573], [0.5508313486266284, 0.14367919471610732, 0.05717221593874892, 0.24831724061851537]], "ideal": "A", "sampled": "D", "correct": false}}
{"type": "result", "data": {"idx": 4, "options": ["W", "Sb", "Fe", "An"], "probs": [[0.013544109925576494, 0.980199170342572, 0.0019238090841060844, 0.0043329105477454355], [0.008508852210845358, 0.9839580224210195, 0.00268117340760717, 0.004851951860528017], [0.007450378944025267, 0.01101320606263154, 0.9765724511495083, 0.004963963743834856], [0.01973684066954279, 0.02535449869062239, 0.01797842344701805, 0.9369302370928168], [0.004698521316021855, 0.007869549789803133, 0.9839399160466045, 0.003492012747570534], [0.00815811662338523, 0.011874933759076278, 0.0062568867747661025, 0.9737100627427724], [0.9800488261838106, 0.016087822561037874, 0.0015448664188168397, 0.002318484736334613], [0.9784997094083026, 0.01763994165833311, 0.0022443017400385875, 0.001616047093325764], [0.9778319063520428, 0.017085946163756364, 0.0025809939007598206, 0.002501153483441064], [0.9799367049250243, 0.015833643969927733, 0.0025071543282798423, 0.001722496676768152], [0.9837653702373318, 0.013386992826702334, 0.0014796148851218963, 0.0013680219508439943], [0.9827476492939292, 0.014686734937308947, 0.0011334282283037237, 0.0014321874404581167], [0.003783056313321286, 0.007293028339430517, 0.9859773615206746, 0.0029465537265735316], [0.011734405006737064, 0.01789875993406182, 0.022982579557568248, 0.9473842554016328], [0.009073818769173127, 0.9857112297465533, 0.0012485097148439007, 0.003966441669429651], [0.008124295262179794, 0.9847189880568907, 0.0014815130148831247, 0.005675203566046338], [0.009993806489669466, 0.019880034046010516, 0.011869496675762366, 0.9582566626885577], [0.006586254831324806, 0.010202718365396058, 0.9782389784054826, 0.004972048297796547], [0.0031998734757743884, 0.0041738569766282384, 0.9903213455710028, 0.002304923876594494], [0.007563209100533863, 0.010180752642797728, 0.006370595139605835, 0.9758854430170626], [0.006641155248317976, 0.98597527668549, 0.0017889906006513892, 0.005594577365540576], [0.006644759106046502, 0.9866122871134435, 0.0014842721372502227, 0.005258681543259717], [0.005646126049766963, 0.009311217328134965, 0.004755215470862897, 0.9802874410512352], [0.005239432864967347, 0.006222930493685083, 0.9839135760208831, 0.004624060520464391]], "ideal": "B", "sampled": "B", "correct": true}}
{"type": "result", "data": {"idx": 5, "options": ["0.33 atm", "0.40 atm", "0.50 atm", "2.0 atm"], "probs": [[0.2372304718623894, 0.29985491331961056, 0.17650621163588628, 0.28640840308211374], [0.23581019828911287, 0.28440516336681043, 0.2474836484100203, 0.23230098983405642], [0.23935287118457432, 0.2978331015184815, 0.1955981315954472, 0.26721589560149694], [0.22075512499785294, 0.258058827704857, 0.25050596520061463, 0.2706800819966755], [0.1805953329443541, 0.440067695333233, 0.18084994907805976, 0.19848702254435316], [0.1831851628714178, 0.4064140081954987, 0.18926903885601276, 0.22113178997707067], [0.21755231914728926, 0.24266931412177495, 0.2468041032305915, 0.29297426340034427], [0.2362552504379305, 0.24372307190016726, 0.2722745022583276, 0.24774717530357462], [0.23648998219449838, 0.28081311099027173, 0.17874581044639967, 0.3039510962688302], [0.23228829991212993, 0.24724268894361762, 0.24003241894422242, 0.28043659210003], [0.17466679402431637, 0.41903123113560337, 0.1921249037695848, 0.21417707097049546], [0.18580264958685186, 0.42532741574131455, 0.17482721355759515, 0.2140427210142384], [0.21768317141368446, 0.2625434579045732, 0.2356429888530025, 0.28413038172873983], [0.23436108229200883, 0.2573558091859954, 0.2700951099125657, 0.2381879985094301], [0.2510909139858925, 0.2800779342371289, 0.1410026550151966, 0.327828496661782], [0.2537379302387703, 0.24208009601318126, 0.25809145355760205, 0.24609052009044638], [0.15513031414284187, 0.5086932257604516, 0.14596347726857561, 0.1902129827281309], [0.1541190995384384, 0.5816976254090822, 0.11471037223651182, 0.14947290271596758], [0.29758035690222107, 0.40031736488634573, 0.15701371195811908, 0.1450885661533141], [0.30320917384031254, 0.38922124436904426, 0.13472008016670092, 0.17284950152394224], [0.3240927216017461, 0.3787622169203622, 0.14399788199431057, 0.15314717938358113], [0.35323107239051915, 0.3643010854356768, 0.12809468804509, 0.154373154028714], [0.31863967530639464, 0.3498222335770257, 0.15549977585607783, 0.17603831516050186], [0.3732007852777401, 0.3559675322405429, 0.14182837728716374, 0.1290033050945533]], "ideal": "C", "sampled": "D", "correct": false}}
{"type": "result", "data": {"idx": 6, "options": ["very soluble", "very electronegative", "isoelectronic with a noble gas", "highly colored"], "probs": [[0.2032643871991343, 0.10382984683465014, 0.544169470508102, 0.14873629535811353], [0.0675934685499792, 0.04793816097561595, 0.06059799861955383, 0.823870371754851], [0.11374024004029158, 0.7534955542732202, 0.052092271424665146, 0.08067193416182301], [0.10910922788983492, 0.711625858065271, 0.0575159998735788, 0.12174891407131531], [0.08440984448441162, 0.05536618723822463, 0.09566394701996205, 0.7645600211574017], [0.052679407060778706, 0.0300179209712063, 0.8637892989895581, 0.05351337287845681], [0.19194931791029068, 0.06738650404513688, 0.6394999360137904, 0.10116424193078198], [0.07737888226472035, 0.04549473117542782, 0.07046257483720791, 0.8066638116226439], [0.27984268991161276, 0.4911933582652644, 0.09674667061474021, 0.13221728110838266], [0.3384420694884883, 0.421228804035073, 0.08041718927026044, 0.15991193710617824], [0.07706751560202456, 0.04823425807006247, 0.07128512697800714, 0.8034130992499058], [0.12500544449951403, 0.04671518712985607, 0.7309134928559572, 0.09736587541467272], [0.7951799571078071, 0.1110236487350331, 0.042153451273447086, 0.051642942783712724], [0.7239972055576596, 0.12003968908019784, 0.05164438646482464, 0.10431871879731792], [0.808190738219636, 0.08926392904748703, 0.04489891134807928, 0.057646421284797675], [0.7816459710482272, 0.09630531286912672, 0.04342387713260059, 0.07862483885004544], [0.7432365416737232, 0.09748341887214482, 0.05385104566274005, 0.10542899369139191], [0.7878834712805365, 0.09262982838090274, 0.04732712035842412, 0.07215957988013662], [0.06763109765661256, 0.04299552121315158, 0.07785504542570731, 0.8115183356045286], [0.03592511232652836, 0.021453337541933255, 0.912367275709624, 0.0302542743219144], [0.05278378409908172, 0.040477020111982266, 0.054466855254278454, 0.8522723404346576], [0.11677542936698103, 0.06551325662220636, 0.7045151958029756, 0.11319611810783695], [0.06326972536759358, 0.7954315091089738, 0.047773421529878415, 0.09352534389355423], [0.07246356796883531, 0.8039661791880652, 0.04396681613965903, 0.0796034366034404]], "ideal": "C", "sampled": "C", "correct": true}}
{"type": "result", "data": {"idx": 7, "options": ["no two electrons can have the same four quantum numbers", "no two electrons with the same spin can occupy an orbital", "no two electrons can occupy separate orbitals", "no two electrons can pair up if there is an empty orbital at the same energy level available"], "probs": [[0.11750533650361636, 0.11752909640407543, 0.09896415773694797, 0.6660014092553602], [0.22051012513816626, 0.1424082815504717, 0.24995389578227084, 0.3871276974290912], [0.0918479345809106, 0.09778735914927594, 0.08765200563257651, 0.7227127005372369], [0.1485083025578308, 0.07827534117566062, 0.17640074165781736, 0.5968156145086913], [0.2343162613449344, 0.11245284312176351, 0.17971320582405578, 0.4735176896092463], [0.14667886166270616, 0.09325408726175206, 0.1024220190298502, 0.6576450319456916], [0.12280804479670233, 0.1267338972153605, 0.10671127427477536, 0.6437467836131618], [0.25539340424695417, 0.16237946617263394, 0.2219555427528002, 0.36027158672761167], [0.15893870521434564, 0.18585810234995695, 0.13386414650509554, 0.5213390458306019], [0.18394133446761354, 0.1325183510647816, 0.38955757018008413, 0.2939827441875207], [0.20684051306529486, 0.41144987544811507, 0.11606031448974315, 0.26564929689684696], [0.20613760061195843, 0.2689228097665027, 0.12121628404263876, 0.4037233054789001], [0.1058314772092213, 0.11808580510883257, 0.0963730840697798, 0.6797096335121663], [0.17124561621928308, 0.1071889397744968, 0.1420059597205197, 0.5795594841857005], [0.1446074363904953, 0.18571656525401517, 0.12371433248517318, 0.5459616657703164], [0.18046442770269408, 0.14732186448213888, 0.43310065515918916, 0.23911305255597787], [0.15886590426370878, 0.42524072969233007, 0.09489364355487534, 0.32099972238908586], [0.17208682432020198, 0.4534874766783829, 0.12399091465919869, 0.2504347842422164], [0.35617492660819894, 0.13949896809550782, 0.12505452706321818, 0.37927157813307505], [0.2843034926734464, 0.1167011063436939, 0.09982335789598723, 0.49917204298687246], [0.49216314731937894, 0.19885280273333686, 0.09394779545347111, 0.2150362543938131], [0.5268334667329642, 0.17103689652406118, 0.10215103473012807, 0.19997860191284664], [0.4200829282044696, 0.15945686096272182, 0.0880761659114027, 0.3323840448214059], [0.5389999311325355, 0.1473500921385189, 0.1184270417103072, 0.19522293491863832]], "ideal": "D", "sampled": "D", "correct": true}}
{"type": "result", "data": {"idx": 8, "options": ["Rb+", "Se2-", "As5+", "Sr2+"], "probs": [[0.2774128152204611, 0.21949182630419298, 0.1683525938609217, 0.3347427645144242], [0.28560012576108235, 0.23314055798106523, 0.2369093447686751, 0.24434997138917736], [0.290379043037776, 0.26861032440643107, 0.12692113030295246, 0.3140895021528405], [0.251245785423764, 0.2324197039184145, 0.20840986629384436, 0.3079246442639771], [0.28127343088422047, 0.3393426613023386, 0.11916373190203165, 0.26022017581140927], [0.25882174790828794, 0.30266060520183546, 0.12620922545693178, 0.3123084213329448], [0.23722842333328703, 0.2647277116510785, 0.17367354033640767, 0.32437032457922677], [0.21658048354278558, 0.24168648183441985, 0.29625130138193356, 0.245481733140861], [0.2036950229293552, 0.15868819775519769, 0.16377664612751636, 0.47384013308793077], [0.24619393804609693, 0.1888004782964591, 0.238771282447205, 0.326234301110239], [0.23022056427618692, 0.2821473990948758, 0.1419129478219411, 0.34571908870699614], [0.2562090081850081, 0.3448434666991064, 0.10854386958753817, 0.29040365542834734], [0.28015818771662865, 0.2511902711856964, 0.1409639844013754, 0.32768755659629956], [0.2406011110393176, 0.19642955355512107, 0.2859414560202142, 0.2770278792853471], [0.24062208000000854, 0.15539234774278501, 0.168075278510507, 0.4359102936466994], [0.30265731067398505, 0.18075318902045748, 0.23218983755456862, 0.2843996626509888], [0.24687341220999767, 0.2145423622891693, 0.16200091184547158, 0.3765833135553614], [0.29909149477824676, 0.285445547495078, 0.12091095269553377, 0.2945520049311415], [0.2455918302405976, 0.2534351461917857, 0.13784771282401767, 0.36312531064359904], [0.2444662968092739, 0.20914878328873404, 0.17346288322826042, 0.37292203657373163], [0.21603268704686934, 0.18481701886023183, 0.1556868725216698, 0.443463421471229], [0.2708302437988295, 0.20446534452777887, 0.1543990820491887, 0.370305329524203], [0.20837106429552696, 0.1345682929193007, 0.14106685342173314, 0.5159937892634392], [0.28287004548984646, 0.20061448219010397, 0.12364090408943267, 0.3928745681306169]], "ideal": "C", "sampled": "D", "correct": false}}
{"type": "result", "data": {"idx": 9, "options": ["the O\u2013H bonds in sulfuric acid are much weaker than in sulfurous acid due to the electron withdrawing of the oxygen atoms on sulfuric acid", "sulfuric acid has more oxygen atoms in its formula", "the sulfur in sulfuric acid is more electronegative than the sulfur in sulfurous acid", "sulfuric acid has the hydrogen atoms bound directly to the sulfur atom"], "probs": [[0.5257878616396031, 0.19959984417348928, 0.09284736768553231, 0.18176492640137526], [0.40732764586715137, 0.1672107403228749, 0.13649782333651417, 0.28896379037345954], [0.562121054552947, 0.15130790140113745, 0.10402322947025278, 0.18254781447566268], [0.5707253898217576, 0.13140526608412595, 0.14894581061521547, 0.14892353337890096], [0.4265883361849147, 0.1984320476102295, 0.10790192575944618, 0.2670776903454096], [0.5395178399260931, 0.23207811383363358, 0.08539977241942767, 0.14300427372084556], [0.04280531105203499, 0.9012411982990536, 0.017573749939390024, 0.03837974060952136], [0.04231876666680226, 0.8909925965505933, 0.023016740339458563, 0.04367189634314586], [0.09501296884342149, 0.06531128934398911, 0.7475714571388316, 0.09210428457375786], [0.07642015187705037, 0.08797677629496646, 0.06336106585098697, 0.7722420058769962], [0.0742881739490833, 0.06455158393518641, 0.7742959798523158, 0.08686426216341454], [0.07115091647803494, 0.10354657855885561, 0.05992114021481166, 0.7653813646482978], [0.20870071802958537, 0.5331090727892056, 0.09559752862389714, 0.16259268045731184], [0.21949402349912894, 0.5026009191531111, 0.11216391280564439, 0.1657411444421156], [0.13221403253032055, 0.08809414285101565, 0.6717573207992493, 0.10793450371941445], [0.0997742816638796, 0.10960793075681173, 0.08669919033075202, 0.7039185971485566], [0.1909979822743277, 0.2002413958038898, 0.437489824326104, 0.17127079749567845], [0.10922926744642271, 0.15408273154508076, 0.07747069803201335, 0.6592173028764832], [0.26170130976575295, 0.5287634015576009, 0.0715774803184484, 0.13795780825819773], [0.2526312937609172, 0.578419604882695, 0.06193997380605653, 0.10700912745033127], [0.13292011117500876, 0.08319318913530775, 0.6966983002247816, 0.08718839936490186], [0.11408629862273373, 0.1177396165027994, 0.0796573725084399, 0.688516712266027], [0.20150886323888995, 0.13853381469552828, 0.5395925600317504, 0.12036476193383135], [0.12002731560562252, 0.13604607193473264, 0.07396143949638682, 0.669965172863258]], "ideal": "A", "sampled": "A", "correct": true}}
{"type": "result", "data": {"idx": 10, "options": ["0.0641 M", "1.64 M", "0.115 M", "0.400 mol/L"], "probs": [[0.11863817753265152, 0.1263299407013849, 0.13245589733760443, 0.6225759843283591], [0.14247819138998702, 0.12976073500770524, 0.4064402524088835, 0.3213208210934242], [0.10840957871144621, 0.13923630984659002, 0.07693308247155642, 0.6754210288704073], [0.15389124130312037, 0.17442557664405023, 0.42559040032002793, 0.2460927816328015], [0.13181000357397538, 0.3998916267997249, 0.12597570748966141, 0.34232266203663836], [0.12172278287660042, 0.5126916284203057, 0.16156743826369788, 0.20401815033939605], [0.16248034945054224, 0.21875437440012716, 0.13278275331174438, 0.4859825227375862], [0.17424693701908958, 0.22736823556533692, 0.3016480207141589, 0.29673680660141455], [0.15882693939529283, 0.1564280013476943, 0.19481545065550457, 0.4899296085015083], [0.15875844655833526, 0.14918659625945727, 0.4459779858143194, 0.24607697126788802], [0.15705670094832055, 0.3769861740231657, 0.16751450056505698, 0.29844262436345675], [0.15030553935455257, 0.4217933713968008, 0.1553885936581672, 0.27251249549047946], [0.13073419033173705, 0.16792346535433955, 0.06684076785372851, 0.6345015763601949], [0.2001351356265939, 0.25706376856785024, 0.35755573634041865, 0.18524535936513722], [0.15847115172258067, 0.11780391236370803, 0.22725298287466977, 0.49647195293904156], [0.1707879951660313, 0.12694856901534202, 0.47228826495121506, 0.22997517076741164], [0.19804903567763985, 0.4002144574686847, 0.2589732667697786, 0.14276323998389678], [0.1816378628537852, 0.40314714895189147, 0.1290715447215844, 0.2861434433727389], [0.19906700403983255, 0.3084869865583228, 0.08315755861324135, 0.4092884506886033], [0.23186126003537694, 0.4333516890367886, 0.17274696865817527, 0.1620400821696592], [0.18410553703379448, 0.19914672376548317, 0.24430700042008582, 0.37244073868063654], [0.1958595306719325, 0.208580189666746, 0.19927052557649713, 0.39628975398482436], [0.21001073715970878, 0.3410050868647032, 0.31114208695161283, 0.13784208892397518], [0.21053960054615578, 0.3366041283450923, 0.08262951917506041, 0.3702267518336915]], "ideal": "C", "sampled": "D", "correct": false}}
{"type": "result", "data": {"idx": 11, "options": ["SF4", "PCl5", "BF3", "CO2"], "probs": [[0.09357385266699061, 0.1519319254609114, 0.670596832934041, 0.08389738883805692], [0.060984826890410744, 0.16073436853841772, 0.04604341410336565, 0.7322373903678059], [0.14162046770977885, 0.39733451581010387, 0.3193975626654084, 0.14164745371470883], [0.11206061802993324, 0.31445678128266563, 0.06289087047869274, 0.5105917301087084], [0.06703979225798203, 0.09025129535086696, 0.3150265725777368, 0.5276823397134142], [0.03783385582077916, 0.08799176212237719, 0.8351336400724382, 0.03904074188440548], [0.21334958074343555, 0.2456445842735694, 0.4115695356911123, 0.12943629919188274], [0.12986960193026165, 0.1981393947028844, 0.07063553849980768, 0.6013554647670463], [0.24221043827668146, 0.5375496864723727, 0.09056099705746398, 0.12967887809348191], [0.19986099301598642, 0.5876469857315484, 0.06391504025326539, 0.14857698089919974], [0.17421348131622957, 0.1743083272058056, 0.14677199501161328, 0.5047061963663515], [0.11886508193712521, 0.13684918188945655, 0.6845058304058341, 0.059779905667584086], [0.2787813883559483, 0.30625874257390906, 0.23491965581988003, 0.18004021315026258], [0.2187826104696877, 0.2640202542867892, 0.08844586131411487, 0.4287512738294082], [0.30322937981609377, 0.36020447967053393, 0.1525852621990005, 0.18398087821437176], [0.27935670072131413, 0.35881923249437964, 0.09510399825384859, 0.26672006843045765], [0.2605081200339162, 0.26887929436855884, 0.14621773360697551, 0.3243948518905494], [0.2510642892885546, 0.259107250287226, 0.32768450699370244, 0.16214395333051695], [0.06836228817017717, 0.11635086684255574, 0.18590882418680768, 0.6293780207004595], [0.04706219263346218, 0.1259871735221877, 0.7140359361579289, 0.11291469758642116], [0.09222576972424594, 0.21793495603561247, 0.10619278488422229, 0.5836464892559193], [0.07982592045981372, 0.1885806712742614, 0.6382490205648353, 0.0933443876010895], [0.08143719146608475, 0.565558475613549, 0.073036616514518, 0.2799677163058482], [0.07861386808084889, 0.6185911158913676, 0.18289611823005122, 0.11989889769773224]], "ideal": "A", "sampled": "C", "correct": false}}
{"type": "result", "data": {"idx": 12, "options": ["Fluorine has a very high electronegativity; therefore the H-F bond is stronger than any other H-X bond.", "HF is smaller than any other H-X molecule; therefore it exhibits stronger London dispersion forces.", "The dipoles in a HF molecule exhibit a particularly strong attraction force to the dipoles in other HF molecules.", "The H-F bond is the most ionic in character compared to all other hydrogen halides."], "probs": [[0.1844973726721189, 0.08450181099301314, 0.29494366266567257, 0.4360571535691954], [0.18611706549343146, 0.0788320281239613, 0.3588841797794458, 0.37616672650316146], [0.23933740849401586, 0.175192183804583, 0.09374619623625831, 0.4917242113651428], [0.3261291134944632, 0.21062568141836222, 0.3017455086070378, 0.16149969638013675], [0.22715874183259807, 0.2237429784293469, 0.11073386005496692, 0.4383644195830881], [0.28578409549716316, 0.22614656386498147, 0.3091628253150768, 0.1789065152227786], [0.1339565286528307, 0.12588540458103387, 0.37584397933038827, 0.36431408733574716], [0.16673610854364848, 0.17755375536165688, 0.18032712963912956, 0.4753830063555651], [0.09873043891888664, 0.6050157040499972, 0.08715479949965944, 0.2090990574314567], [0.10006890669131789, 0.5760372242387568, 0.09113437074067916, 0.23275949822924608], [0.1708277485477157, 0.2299577124218377, 0.14165519611199778, 0.4575593428184488], [0.13505150980127176, 0.20280448506850685, 0.2772048835419768, 0.38493912148824455], [0.19978411344836972, 0.27319428118421857, 0.08329891350554725, 0.44372269176186446], [0.2606148538007677, 0.3792888393300944, 0.21613162229872393, 0.14396468447041397], [0.2173507990821031, 0.12583702988911497, 0.21741146171022113, 0.4394007092185608], [0.20281175381336303, 0.13304418720596328, 0.2729856154939421, 0.39115844338673156], [0.23384233513646396, 0.38563896370962186, 0.21975507494859992, 0.16076362610531428], [0.18120196454815238, 0.3548928789724289, 0.10326749186632318, 0.36063766451309553], [0.20978995999242578, 0.2571548502102023, 0.10886073775349675, 0.4241944519438752], [0.279616897112461, 0.30719480149104655, 0.25871667930429737, 0.15447162199219505], [0.2217748346967478, 0.16230795027641534, 0.23248237715545617, 0.3834348377713807], [0.18051459431376718, 0.11478166623105177, 0.2212243443871152, 0.48347939496806586], [0.2797531103881655, 0.2978750676252076, 0.2629156928122672, 0.1594561290743597], [0.19942134765345423, 0.2561599631065267, 0.10844504167876777, 0.4359736474612512]], "ideal": "C", "sampled": "C", "correct": true}}
{"type": "result", "data": {"idx": 13, "options": ["3.8 \u00d7 10^-3 mol/L", "5.77 \u00d7 10^-3 mol/L", "1.97 \u00d7 10^-3 M", "9.9 \u00d7 10^-4 M"], "probs": [[0.3528610660420337, 0.20419421181442218, 0.2508941813786017, 0.1920505406649424], [0.2964384003646528, 0.18552400446353814, 0.19190326617085077, 0.3261343289009583], [0.3476015575239916, 0.26646893816803124, 0.2081766693357569, 0.17775283487222024], [0.27409138047525977, 0.21349599000929717, 0.15414927209195056, 0.3582633573234925], [0.2917478382295685, 0.17975281177153735, 0.3114273547814793, 0.21707199511741482], [0.259992957089174, 0.1732192039316527, 0.3144524991197846, 0.25233533975938865], [0.36245554961696047, 0.18222367894140962, 0.2700108088274888, 0.1853099625141411], [0.3121807528395092, 0.1697382156420155, 0.21505635654181873, 0.3030246748766565], [0.39727060186676927, 0.2263006784183186, 0.19716483940193844, 0.17926388021297365], [0.31401461827616844, 0.19047344012849324, 0.1658291990267685, 0.3296827424685699], [0.3313940167095669, 0.2041512131486828, 0.2178462743541309, 0.24660849568761942], [0.29531532183155573, 0.18195191160575167, 0.29602944514438584, 0.22670332131830673], [0.28944078516212673, 0.3546302669085619, 0.19338135707502957, 0.16254759075428177], [0.23744163268578333, 0.2608729937541828, 0.14442174350399592, 0.3572636299560379], [0.29319872138554176, 0.38843072700651143, 0.1839950896319741, 0.13437546187597268], [0.2536969894079631, 0.3061311977556226, 0.1383255632824958, 0.3018462494539185], [0.23125906519209405, 0.16402935712108022, 0.29307835494615075, 0.311633222640675], [0.2344887414644868, 0.15623771211505916, 0.3473917932525504, 0.2618817530679037], [0.22673523423788555, 0.34581729766248553, 0.22391220924999342, 0.2035352587496355], [0.24687291311428475, 0.30256127857280174, 0.22544346411591187, 0.22512234409700163], [0.20121568139544105, 0.513991348185529, 0.13031115932485965, 0.1544818109941703], [0.21581812726106178, 0.4570332560812404, 0.15349870232453616, 0.1736499142331617], [0.24018193778974065, 0.22218079862756981, 0.28160285946891, 0.25603440401377947], [0.2294670423794685, 0.1963259668056748, 0.32962303368064566, 0.244583957034211]], "ideal": "A", "sampled": "B", "correct": false}}
{"type": "result", "data": {"idx": 14, "options": ["The N-H bonds within the NH3 molecules break apart.", "The overall temperature of the solution rises as the NH3 molecules speed up.", "The amount of energy within the system remains constant.", "The hydrogen bonds holding separate NH3 molecules together break apart."], "probs": [[0.6729526023333742, 0.12644404360049205, 0.03300496984695609, 0.1675983841191776], [0.7656610718489018, 0.11030610696164957, 0.058160670137805376, 0.06587215095164325], [0.6235858247817769, 0.06471241313102735, 0.08576154771902021, 0.22594021426817548], [0.5047918820885418, 0.06940731022447051, 0.28336749955839813, 0.14243330802858956], [0.7529272492440167, 0.10847224374872709, 0.05542602430792234, 0.08317448259933392], [0.737841932950668, 0.1167517051948565, 0.02862438484947257, 0.11678197690500287], [0.15029129104505923, 0.5855592379588087, 0.04178063865741814, 0.22236883223871393], [0.15457050500754557, 0.6614418625170162, 0.08412904291503756, 0.09985858946040065], [0.08787845557411532, 0.033360592023356804, 0.7837190989747994, 0.09504185332772848], [0.10559094462487044, 0.05147404844977291, 0.4379448804316202, 0.40499012639373644], [0.2464982813984935, 0.2974650615743683, 0.33204195158989686, 0.12399470533724138], [0.1757866648371069, 0.2519405054527147, 0.06273265600226391, 0.5095401736079145], [0.030829081136468112, 0.7589465336546577, 0.04349453350004052, 0.1667298516088337], [0.03463206054433544, 0.6744071815441897, 0.1602176570724008, 0.13074310073907408], [0.047892362588211335, 0.19854599531313144, 0.5837277260394453, 0.16983391595921188], [0.04817964558107058, 0.2906383378830111, 0.24479654277522497, 0.41638547366069334], [0.05063899794604871, 0.3861524308143504, 0.3628652528632877, 0.20034331827631316], [0.05026242563199081, 0.40804034863546795, 0.05697792034538785, 0.48471930528715335], [0.5847468694436246, 0.23999960002877102, 0.0767449856595296, 0.09850854476807476], [0.5498895542166801, 0.2680342743271352, 0.03629468685966837, 0.14578148449651632], [0.550955887449155, 0.10034631116916883, 0.27295112403769334, 0.07574667724398276], [0.3496564041755091, 0.16013845977431237, 0.06783342549891676, 0.42237171045126176], [0.23273129845590876, 0.043061230487768776, 0.6330454968514007, 0.09116197410492176], [0.27004305933920264, 0.06218635614566387, 0.1217724595276476, 0.5459981248874859]], "ideal": "D", "sampled": "A", "correct": false}}
{"type": "result", "data": {"idx": 15, "options": ["a strong acid", "a weak acid", "a weak base", "a strong base"], "probs": [[0.3143555381122795, 0.350815250653028, 0.1440364802915446, 0.1907927308431479], [0.3356251864265218, 0.3104954818849244, 0.22030173745179724, 0.13357759413675657], [0.2904071807570921, 0.3141063749476085, 0.15075621007365422, 0.24473023412164513], [0.286579579086256, 0.2692987918584461, 0.2531006932005505, 0.19102093575474738], [0.30207363668263093, 0.2666691024832222, 0.19213499699504075, 0.23912226373910614], [0.27136060592798783, 0.22859160599806827, 0.16728805003877503, 0.33275973793516883], [0.08420818894242921, 0.8507604604274456, 0.03404025974069228, 0.030991090789432876], [0.0797170328740141, 0.8708216794505258, 0.027997021478306572, 0.021464266097153507], [0.16719044494163332, 0.12234950627132386, 0.6024742036086718, 0.10798584507837108], [0.1563391652799644, 0.161354106749411, 0.17723570592685223, 0.5050710219437724], [0.16604697016683714, 0.0976309152937723, 0.6780140131562273, 0.05830810128316328], [0.18682591336846827, 0.17833436758024768, 0.12646968473019587, 0.5083700342210882], [0.1383656520000121, 0.6012459217529486, 0.07409608142540733, 0.18629234472163206], [0.14150464744202831, 0.6859839064088515, 0.09432932874107801, 0.07818211730804214], [0.19553601157092684, 0.16993662206808224, 0.3542747987668649, 0.28025256749412597], [0.18175165082556954, 0.17899913817345528, 0.20286754959480507, 0.43638166130617007], [0.09056896476486057, 0.7586327618327999, 0.09497929149173122, 0.05581898181060831], [0.10757456174114766, 0.7128508223038862, 0.057614726150509145, 0.12195988970445697], [0.10956816251707939, 0.7490647946771162, 0.05599545251768278, 0.08537159018812163], [0.1053125085681136, 0.7544991772556764, 0.05552906770186845, 0.08465924637434155], [0.20041337010008556, 0.14215044252194703, 0.49632738536617804, 0.16110880191178936], [0.20011659858262304, 0.20981357364304093, 0.16598630945255557, 0.4240835182217805], [0.15554583634097582, 0.16053358252031127, 0.4574821914285589, 0.22643838961015403], [0.14967051856441443, 0.22128683662431003, 0.12221150206684463, 0.5068311426444309]], "ideal": "C", "sampled": "A", "correct": false}}
{"type": "result", "data": {"idx": 16, "options": ["at equilibrium there are more products than reactants", "the value of \u0394G\u00b0 is greater than zero", "the value of \u0394S\u00b0 is greater than zero", "the value of Keq is less than one"], "probs": [[0.2812404365694963, 0.6049602098712376, 0.03807776836011992, 0.07572158509914621], [0.22749485023806126, 0.6483418159351017, 0.04552102749286414, 0.07864230623397293], [0.11618540339046055, 0.05076923132008181, 0.7698626351627472, 0.06318273002671042], [0.21004325775320737, 0.08759082368901126, 0.07491251303735817, 0.6274534054204232], [0.24073073030921877, 0.06792303528301119, 0.6054939346785153, 0.0858522996292547], [0.16106539843062176, 0.09325070608778077, 0.06715636649684814, 0.6785275288847493], [0.9451492764841194, 0.034430075107040874, 0.00941408797808224, 0.011006560330757476], [0.9369473381234849, 0.034132045102526314, 0.014008366308702854, 0.014912250365286], [0.9380351830227279, 0.027029322256206693, 0.023124603380002256, 0.011810891241063071], [0.9115178359813614, 0.03479561206229369, 0.02392007477983844, 0.02976647707650646], [0.9347197943530443, 0.031002009182976322, 0.019402048719526912, 0.014876147644452465], [0.8787653419370551, 0.05360783629123898, 0.02454682638105517, 0.04307999529065069], [0.22740317201119034, 0.07500907554445373, 0.5901452722512045, 0.10744248009315141], [0.18751246294031368, 0.08067278803593203, 0.07697652508968815, 0.6548382238340661], [0.09938394716984962, 0.7820004560165962, 0.04921901812287929, 0.06939657859067494], [0.12797139297700091, 0.7252899245500233, 0.048594324689841296, 0.0981443576831345], [0.25527121155517923, 0.0766691462123702, 0.0924810375169444, 0.5755786046155061], [0.11586798369773307, 0.033727345252933895, 0.7921323444989602, 0.05827232645037287], [0.34331790632503995, 0.07783328227913729, 0.4920304563754641, 0.08681835492035868], [0.14178902237428498, 0.08602473178933073, 0.06293221791759834, 0.709254027818786], [0.1542608566194696, 0.7362811572045872, 0.05089580311753394, 0.058562182958409224], [0.23806812115257872, 0.5987354204119442, 0.05071426663040711, 0.11248219170507004], [0.21493029801303795, 0.06871687210606575, 0.07429646257036261, 0.6420563672105337], [0.12532173282624354, 0.03535725601196255, 0.7801118608545753, 0.05920915020721859]], "ideal": "A", "sampled": "B", "correct": false}}
