{"type": "result", "data": {"idx": 0, "options": ["(0, \u2013 3)", "(4, 1)", "(2, 2)", "(\u2013 4, \u20132)"], "probs": [[0.35996146913858357, 0.2148840214131757, 0.16529894870955944, 0.2598555606386813], [0.40086574553014825, 0.2392544221416598, 0.189930593648353, 0.16994923857983898], [0.33560391277318374, 0.22350984651654118, 0.18299269274983895, 0.2578935478604361], [0.3676368162101996, 0.24099878551630738, 0.22020004181746225, 0.17116435635603078], [0.433456280795169, 0.27536671832728915, 0.1264611297535615, 0.16471587102398033], [0.3774085938553103, 0.2633681595062102, 0.15050134061262016, 0.20872190592585937], [0.31663044812149826, 0.20758190439678784, 0.19567204718313844, 0.2801156001985755], [0.3624721115096715, 0.22671115058313931, 0.20397542111062592, 0.20684131669656328], [0.28666350242609134, 0.19391982255426982, 0.18852709231875564, 0.3308895826008832], [0.28165736329635993, 0.1762114324582526, 0.3684248359214747, 0.1737063682239128], [0.38746428485810414, 0.2789487540442945, 0.14742664991335028, 0.1861603110842511], [0.37921695767374636, 0.2906276496767153, 0.15358630853588406, 0.17656908401365423], [0.2706913770773642, 0.22788038376140404, 0.19868374757048338, 0.3027444914907484], [0.28985701304116607, 0.22564886026728564, 0.28187449043589596, 0.20261963615565226], [0.25927519795686055, 0.25523471829723043, 0.18157175181480487, 0.3039183318311041], [0.26112014052640875, 0.25303772089335164, 0.3061637580088581, 0.17967838047138152], [0.25764142787634675, 0.41163156132440204, 0.1449027041859001, 0.1858243065133511], [0.257707957267441, 0.43151936573719213, 0.13617325030653785, 0.17459942658882902], [0.40696369991161246, 0.22816897586434792, 0.17827029258807534, 0.18659703153596427], [0.3502512626037116, 0.20907874714844887, 0.20324957671591032, 0.23742041343192924], [0.4281357313087764, 0.22904153723585832, 0.15550698238608696, 0.18731574896927833], [0.41559138386810646, 0.22585084888171755, 0.15569926234710468, 0.2028585048030713], [0.37643928629392237, 0.228224446085022, 0.17012599838495715, 0.2252102691360985], [0.3794187065492938, 0.21609695575604965, 0.21341412085267786, 0.1910702167419786]], "ideal": "D", "sampled": "D", "correct": true}}
{"type": "result", "data": {"idx": 1, "options": ["2500", "2", "50", "25"], "probs": [[0.39842404118440006, 0.3681651761212891, 0.1294813343598505, 0.10392944823446032], [0.36271315268952725, 0.3681715969645626, 0.13356493213085427, 0.13555031811505586], [0.3773896637570518, 0.354264611651867, 0.1550420648443321, 0.11330365964674909], [0.4164699613631534, 0.334378480877817, 0.13530459998685102, 0.11384695767217853], [0.38253046218296594, 0.3704073837150485, 0.14086719275696638, 0.10619496124501913], [0.42127256484315667, 0.3489405668449402, 0.12657404510487186, 0.10321282310703128], [0.4013507603996369, 0.32731291160718395, 0.16499294093101935, 0.1063433869621598], [0.3713046929386966, 0.32743871749354914, 0.17293711206546244, 0.12831947740229183], [0.3296628197798436, 0.24869855494698737, 0.2532012088879701, 0.16843741628519898], [0.31180589923414004, 0.2624064644550168, 0.21467354571649142, 0.21111409049435179], [0.34982917604350494, 0.3037543115458532, 0.20280894916360342, 0.14360756314703843], [0.3254277705820812, 0.2915287017530737, 0.19462750850161725, 0.1884160190632278], [0.3333645313630884, 0.2718613621978683, 0.2642002583388419, 0.13057384800020144], [0.3250984701890184, 0.3248722407699093, 0.21018268716397026, 0.13984660177710206], [0.35550924072557294, 0.3234191440193546, 0.21264959235897285, 0.10842202279609958], [0.29673056907277606, 0.3256464205163983, 0.18598672191468507, 0.19163628839614055], [0.3397962844153423, 0.2949862304043093, 0.19697337166644108, 0.16824411341390727], [0.31582722064674673, 0.3010976910290028, 0.2315427064664087, 0.15153238175784176], [0.38039245914296804, 0.23416545810320694, 0.26193010609264916, 0.12351197656117584], [0.3604484307539155, 0.2986082225324589, 0.17590018139213198, 0.16504316522149362], [0.4141128679173146, 0.35384235390029567, 0.1410957033056387, 0.09094907477675102], [0.36653783913761684, 0.3661674260726972, 0.148307338342141, 0.11898739634754492], [0.37712343961515615, 0.27143084595721384, 0.1526229209654457, 0.1988227933621843], [0.3606546061577777, 0.2895335127332275, 0.21919413418988304, 0.13061774681911167]], "ideal": "C", "sampled": "B", "correct": false}}
{"type": "result", "data": {"idx": 2, "options": ["392", "336", "300", "297"], "probs": [[0.3505554690440971, 0.21266972382714375, 0.18789821301315143, 0.24887659401560766], [0.29485174666541464, 0.19956471318079566, 0.17086242175143795, 0.33472111830235174], [0.3251339189502832, 0.16611595445246907, 0.2742493397542176, 0.23450078674303013], [0.2978175149045711, 0.18068999732609717, 0.1725655716828289, 0.34892691598650283], [0.3101187877135391, 0.1823698268923949, 0.22022058218158835, 0.2872908031124777], [0.2931974064949841, 0.17242858582926704, 0.22166648005711825, 0.31270752751863057], [0.3411547592113213, 0.18553225970696172, 0.2348536287736528, 0.23845935220806416], [0.3100417394644702, 0.1880983198140957, 0.1912901635853464, 0.3105697770360877], [0.3707857782885056, 0.1779416527859495, 0.23975815233810488, 0.21151441648744], [0.3351324796341503, 0.1851156502776997, 0.17407305536913598, 0.305678814619014], [0.3266193416366893, 0.19205666445018535, 0.1834413640065944, 0.29788262980653096], [0.33369630568597863, 0.18433357615413518, 0.25232068425987064, 0.22964943380001554], [0.2849597079015877, 0.21857820774780742, 0.23664540402676618, 0.2598166802238387], [0.2541065400239095, 0.21407817835105672, 0.1891250674628556, 0.3426902140621782], [0.28167370378648376, 0.21604366920283175, 0.24138632774004953, 0.26089629917063495], [0.2555203735572879, 0.21191647646692174, 0.20891967413720433, 0.323643475738586], [0.301823242060009, 0.20430616455595818, 0.1617238146675547, 0.33214677861647807], [0.2589336528320698, 0.18083427701827626, 0.2217869774616733, 0.33844509258798056], [0.2999598264370309, 0.17639849639550143, 0.24141071683202367, 0.28223096023544403], [0.2753480631530897, 0.15695445004094014, 0.2551010510800331, 0.3125964356259371], [0.2833095448432743, 0.17191539446906598, 0.20762496875199205, 0.3371500918356677], [0.29403641027523286, 0.1729290167016473, 0.25198106852493174, 0.28105350439818805], [0.29619944975392726, 0.1688438555084857, 0.20387386391132403, 0.33108283072626293], [0.2637663742074895, 0.15035693121901214, 0.2769457358300047, 0.3089309586434937]], "ideal": "A", "sampled": "B", "correct": false}}
{"type": "result", "data": {"idx": 3, "options": ["\\frac{7}{9}", "\\frac{8}{9}", "\\frac{5}{9}", "\\frac{9}{11}"], "probs": [[0.27086254951629446, 0.2974101006687301, 0.1924898624227676, 0.23923748729220784], [0.24152025577990988, 0.29129719731278925, 0.14677283166371322, 0.3204097151435877], [0.2743859886848722, 0.2497484534729118, 0.275013834210551, 0.200851723531665], [0.24323026833486125, 0.2843058407022365, 0.15980948506187703, 0.3126544058010252], [0.2735306403819568, 0.23391146162529544, 0.2656339783889848, 0.226923919503763], [0.23998348412498083, 0.25541019437143164, 0.2056454866918912, 0.2989608347116963], [0.31124159226819426, 0.3015275552339692, 0.15932331740271272, 0.22790753499512378], [0.2744594946551346, 0.2875434584602191, 0.13614179871259888, 0.3018552480720474], [0.28549645201268503, 0.2990441993291997, 0.21604248759653755, 0.19941686096157776], [0.25988646951868327, 0.303744728777064, 0.14609317262361068, 0.290275628980642], [0.26085113699059465, 0.2607733231291672, 0.20040273067131129, 0.2779728091089269], [0.2493992708105463, 0.257252525836694, 0.21043873771882032, 0.28290946553393936], [0.28052478189867536, 0.2804487561765377, 0.25201847395705856, 0.1870079878677284], [0.2451262178696709, 0.29563478850538844, 0.15854925460724495, 0.30068973891769574], [0.29044887853413387, 0.31887770171072705, 0.16073283791026738, 0.2299405817448717], [0.2527077458142692, 0.3095658375077948, 0.1465170510485722, 0.2912093655293638], [0.2510757371211586, 0.27569609056052047, 0.19284599442800646, 0.28038217779031444], [0.29914397444034296, 0.2680709401707641, 0.1996394872412045, 0.23314559804768836], [0.21002047074751626, 0.2961221679171164, 0.27012968463177794, 0.22372767660358944], [0.21125563347445458, 0.337511171738992, 0.1754175074098673, 0.2758156872766861], [0.23975956019266964, 0.3487495339499143, 0.15998441694497487, 0.25150648881244114], [0.23045716607139158, 0.3352245984435492, 0.1770004173637877, 0.2573178180212715], [0.19615978585188337, 0.313396940003197, 0.20917836452950472, 0.2812649095154149], [0.2235839266739454, 0.3355658798076274, 0.2171082548382617, 0.22374193858016547]], "ideal": "B", "sampled": "B", "correct": true}}
{"type": "result", "data": {"idx": 4, "options": ["(-inf, 10)", "(-inf, 9)", "(-inf, 8)", "(-inf, 7)"], "probs": [[0.365179717504223, 0.3481047749171243, 0.11141835151988691, 0.17529715595876574], [0.3411552131722465, 0.3151767089183093, 0.1161357178203108, 0.22753235998913343], [0.23833990804970778, 0.17695360411285896, 0.3641042221451548, 0.22060226559227847], [0.24820357178069724, 0.2188715138308066, 0.13502941137823563, 0.3978955029102605], [0.2425938135529428, 0.18584245718412531, 0.316997085733261, 0.25456664342967084], [0.2238111778161338, 0.20049337745648654, 0.1690831135987901, 0.4066123310285895], [0.3837027733030836, 0.23613756188959156, 0.19310536403199083, 0.18705430067533402], [0.3437507892614716, 0.22874828148216086, 0.16770250343929316, 0.25979842571707434], [0.32596016412634676, 0.2202834817589102, 0.1746285732605556, 0.2791277807541875], [0.3447699546469195, 0.23670895395296027, 0.11375467478091426, 0.304766416519206], [0.29162022468511717, 0.17949643729322284, 0.2274918555985887, 0.3013914823230713], [0.33012212303323796, 0.2129285398785493, 0.17414358775494274, 0.28280574923327], [0.23940298252416115, 0.17500304987789428, 0.3774018866490831, 0.20819208084886148], [0.2408041316389499, 0.20907595196105197, 0.15806513239643932, 0.3920547839035588], [0.2780134462440189, 0.32987002518067254, 0.11782062403635035, 0.2742959044389582], [0.3086242744455527, 0.333307303454342, 0.12477568814644481, 0.2332927338536605], [0.22955939513472987, 0.19930747446373023, 0.16042991219987401, 0.4107032181016659], [0.2912744283384873, 0.20314443109388233, 0.27849236127929494, 0.22708877918833542], [0.25378396348251336, 0.2005847483498514, 0.32144408456913615, 0.22418720349849908], [0.2255487374572291, 0.20521415156415893, 0.18430627331362062, 0.38493083756499136], [0.2771350319197041, 0.2857622376202877, 0.1270201596332655, 0.3100825707267427], [0.3006299301399695, 0.27776097006876865, 0.17973139076828465, 0.24187770892297714], [0.22329519021378622, 0.21975036798454142, 0.13139821196081902, 0.42555622974085333], [0.2899894372830462, 0.22563683648182362, 0.26869096948960236, 0.2156827566455278]], "ideal": "C", "sampled": "B", "correct": false}}
{"type": "result", "data": {"idx": 5, "options": ["396", "72", "66", "36"], "probs": [[0.07865159828056498, 0.14927129123617017, 0.7126873692397165, 0.05938974114354824], [0.10990615269862873, 0.3131964229717312, 0.11346612209039335, 0.4634313021392467], [0.14622309584611085, 0.5025591178844611, 0.18799113945286383, 0.16322664671656426], [0.14352487240078587, 0.6044022530368891, 0.10845980208712727, 0.14361307237519771], [0.08786642067347734, 0.23893151396899798, 0.07174296145147777, 0.601459103806047], [0.10114669581256287, 0.21752784788441157, 0.5472750352589775, 0.13405042094404812], [0.11556143024349062, 0.11739777467884882, 0.6253782547046784, 0.14166254027298208], [0.11701036061037275, 0.1575141724988704, 0.13901504936337405, 0.5864604174273828], [0.0928013141061952, 0.7773873515623012, 0.05634698061279074, 0.0734643536187128], [0.10926056583171986, 0.7353425073378185, 0.08256901929677714, 0.07282790743368452], [0.128517947330331, 0.27220110522027546, 0.08976903280003644, 0.5095119145493571], [0.09166074003094413, 0.1794808844926484, 0.6371616266886372, 0.09169674868777032], [0.33187068494430516, 0.2837272370688679, 0.1922250894182947, 0.19217698846853226], [0.34343602226411096, 0.32246800292879263, 0.1839960162456809, 0.15009995846141547], [0.3909626275583354, 0.37873649311199925, 0.08866698227929286, 0.14163389695037248], [0.36012185689549114, 0.383142035658849, 0.15026699452885336, 0.10646911281680649], [0.39438626166214524, 0.4066457449983216, 0.0894425362259114, 0.10952545701362174], [0.39974225157157905, 0.3994753121461129, 0.09650029358795523, 0.10428214259435281], [0.12458241448730197, 0.1677114131771481, 0.08301835815591765, 0.6246878140796323], [0.15640804727849625, 0.2171614487453827, 0.46745935271718386, 0.15897115115893717], [0.12752307285090464, 0.22742311958212957, 0.08109680139447695, 0.5639570060724888], [0.06382457554682378, 0.0988629703015149, 0.7905997787407816, 0.046712675310879706], [0.10141958068594358, 0.738035900711913, 0.060630163679240234, 0.09991435482290319], [0.10808606605769265, 0.716068040002325, 0.08041285097410097, 0.09543304286588136]], "ideal": "B", "sampled": "C", "correct": false}}
{"type": "result", "data": {"idx": 6, "options": ["0.16", "0.24", "0.3", "0.5"], "probs": [[0.29767878510007195, 0.3373796490668794, 0.17258951784779455, 0.1923520478852541], [0.25066312398003904, 0.27968954203641344, 0.1621409010086967, 0.30750643287485085], [0.2779511635301738, 0.22340276343686968, 0.291889144088456, 0.20675692884450053], [0.26391764686098074, 0.24414724871616153, 0.15784577553345508, 0.3340893287894026], [0.2689240614640615, 0.21279062645677646, 0.3053261682879501, 0.2129591436912119], [0.2648645301663577, 0.22308838032803682, 0.23413766569332872, 0.2779094237122768], [0.28232681327728215, 0.2913401977226831, 0.17693032058898092, 0.2494026683110538], [0.2596059181967934, 0.2596511581228475, 0.18154607981931783, 0.2991968437610413], [0.3014147191516727, 0.24993877855606575, 0.22441830560054396, 0.22422819659171755], [0.2701415838094333, 0.2618998107901492, 0.15660007996483616, 0.31135852533558134], [0.29458866398335065, 0.22240833108610072, 0.2604092138867207, 0.22259379094382792], [0.26474960233601486, 0.22650670862953026, 0.21303698198077473, 0.2957067069536801], [0.24688116081393316, 0.2508491910869743, 0.2472836858872204, 0.25498596211187213], [0.2438513374658656, 0.27209926054288797, 0.17049153401475228, 0.3135578678764942], [0.2751774746623015, 0.2975982680977074, 0.1724503461479002, 0.25477391099209085], [0.2565675003102899, 0.2818553959488527, 0.1658918211922508, 0.29568528244860653], [0.23058000204641527, 0.24552430210042467, 0.2497535198677172, 0.2741421758854428], [0.2549074703903758, 0.2800438827015803, 0.23986559686045467, 0.22518304994758923], [0.25058074662947866, 0.29763724066452485, 0.2470621057921004, 0.20471990681389612], [0.23687711277483098, 0.31386576970453206, 0.18471723403974355, 0.2645398833808934], [0.25724541755062696, 0.3685497586276672, 0.17984248427973112, 0.1943623394419747], [0.23865450560664997, 0.3639767115351659, 0.1832273276976206, 0.21414145506056348], [0.24478409786089622, 0.3346640914938805, 0.19392677516458787, 0.22662503538063541], [0.2618214047778929, 0.36931329182944816, 0.1830377389628084, 0.1858275643298505]], "ideal": "C", "sampled": "B", "correct": false}}
{"type": "result", "data": {"idx": 7, "options": ["42", "12", "36", "39"], "probs": [[0.1907635692719981, 0.23376104678434306, 0.3302478344297445, 0.24522754941391434], [0.1795963320016625, 0.21667818400066663, 0.2830508904911516, 0.3206745934065192], [0.21141158672279736, 0.3174264227259551, 0.21179359290250932, 0.2593683975487382], [0.21194387338593484, 0.28523620110174136, 0.2769576824341119, 0.22586224297821192], [0.2155236420486868, 0.26412266096628967, 0.21591919336664375, 0.3044345035183798], [0.2481387964300984, 0.29012207490830494, 0.2525512390726637, 0.20918788948893297], [0.1601883745005223, 0.205723133577351, 0.397142940762518, 0.23694555105960868], [0.162444246358657, 0.21524965440192564, 0.308766658442635, 0.31353944069678236], [0.16066874083257152, 0.2302008649416777, 0.3354983229451159, 0.2736320711806349], [0.15937798738739575, 0.2669797459877854, 0.25119095289606425, 0.32245131362875457], [0.1607233410805175, 0.22322481535788102, 0.3153215301418659, 0.30073031331973554], [0.1660941466778952, 0.25332941470014586, 0.33097173280810843, 0.24960470571385046], [0.25140646846779846, 0.2635111290999333, 0.22937453474416974, 0.2557078675880985], [0.26393003448872115, 0.23293433632313926, 0.2771357123486297, 0.22599991673950987], [0.21388147769219676, 0.23493646082912933, 0.292882055014886, 0.2583000063637879], [0.21435830633756636, 0.25460127752265266, 0.2510657385058195, 0.2799746775339615], [0.24393642309754182, 0.1841460195617413, 0.32384565951932026, 0.24807189772139662], [0.26531007487937003, 0.22695015030394217, 0.24206861490468518, 0.2656711598120026], [0.22213630376024945, 0.2120319753673237, 0.2369650602103733, 0.3288666605620535], [0.2468262798364439, 0.20465416019083185, 0.3127102004082745, 0.23580935946444972], [0.1981196758971836, 0.2176597941243331, 0.2671142200828637, 0.3171063097956196], [0.19822133484821156, 0.2318039914196194, 0.2672675470064775, 0.30270712662569155], [0.2028672455256707, 0.19666416061949324, 0.373918397363059, 0.22655019639177706], [0.22208174894506677, 0.26792745396363415, 0.23320174114766679, 0.2767890558436323]], "ideal": "A", "sampled": "C", "correct": false}}
{"type": "result", "data": {"idx": 8, "options": ["\\frac{125}{648}", "\\frac{25}{648}", "\\frac{625}{648}", "\\frac{1}{648}"], "probs": [[0.23308221298860587, 0.27249272842982225, 0.294941595317982, 0.19948346316358986], [0.26189228109207613, 0.27017276671292434, 0.30651243604597683, 0.16142251604902266], [0.25072419267286694, 0.2546651623193295, 0.2589159271023649, 0.23569471780543866], [0.26558257333882784, 0.24179991668130543, 0.301228179062352, 0.19138933081751466], [0.1953733475889091, 0.4835428974945293, 0.10967853173953838, 0.21140522307702325], [0.19439557047929834, 0.5121830067108765, 0.12175237295488636, 0.17166904975493882], [0.22436256551659986, 0.2243642195455908, 0.3267683581245024, 0.22450485671330692], [0.24753599618772895, 0.19580430697019943, 0.38377465650253323, 0.17288504023953835], [0.23988702533398748, 0.23989417789125322, 0.24387369684114596, 0.27634509983361333], [0.2703405996988263, 0.2040536911299527, 0.36411495098153307, 0.16149075808968796], [0.18484157597424275, 0.5024781301484414, 0.11577418617900072, 0.19690610759831506], [0.18353846940855328, 0.5479695878072415, 0.11860378262114295, 0.14988816006306227], [0.2531064077032896, 0.234075136933906, 0.33041738475781435, 0.18240107050499002], [0.2806230824997999, 0.27623784950947833, 0.24403120938529885, 0.1991078585054229], [0.2549177814081366, 0.33766797645977237, 0.2148588735500535, 0.1925553684820375], [0.2938816713747796, 0.371420456219406, 0.20217891621748285, 0.13251895608833153], [0.23372573896948692, 0.35086387758442766, 0.14187404945012408, 0.2735363338959613], [0.2575488090257588, 0.36317014690582167, 0.1588038056930048, 0.22047723827541474], [0.20643354690594726, 0.23028282701352099, 0.310178775170945, 0.2531048508095867], [0.20832670353733526, 0.22525963856291153, 0.26772851547092696, 0.2986851423288262], [0.20673390912828926, 0.23061863732090157, 0.2615696748595679, 0.3010777785912413], [0.21766502180016353, 0.2390519273465867, 0.2886130382452016, 0.2546700125080481], [0.19693831804007367, 0.2489712051951584, 0.19707245829112843, 0.3570180183736395], [0.2178955971976776, 0.2754311859332265, 0.26719173786352435, 0.2394814789055715]], "ideal": "C", "sampled": "D", "correct": false}}
{"type": "result", "data": {"idx": 9, "options": ["8", "12", "10", "4"], "probs": [[0.28508264673131906, 0.26366595216933597, 0.18723491390367322, 0.2640164870956717], [0.2635516484779073, 0.28498097826699237, 0.2222498472967544, 0.22921752585834596], [0.2690943318876149, 0.23017352935315988, 0.22695130244898418, 0.2737808362102411], [0.24294766419264588, 0.23918978511102557, 0.2589764854205482, 0.25888606517578033], [0.22561042344713775, 0.30365562888410436, 0.2024971574714515, 0.26823679009730644], [0.2223979482904279, 0.3040325181194727, 0.19649819416069844, 0.27707133932940103], [0.2922024043445923, 0.2788163042142434, 0.1667178521371703, 0.262263439203994], [0.2593422791200474, 0.2848393576331305, 0.21195090989212262, 0.2438674532546994], [0.2710259894908542, 0.2710385064664423, 0.17795457209289578, 0.27998093184980766], [0.28241436794663355, 0.27372049341746507, 0.22370639617786872, 0.22015874235803262], [0.23297550577648754, 0.328596224495804, 0.22611392358325016, 0.2123143460444583], [0.2403105872536619, 0.2991154700482149, 0.21236360928189207, 0.2482103333162311], [0.24827457211737336, 0.29950160677721044, 0.19975075719000412, 0.25247306381541207], [0.2217287520125249, 0.2892145345464754, 0.22549291960843654, 0.26356379373256317], [0.24626953897397685, 0.27909433838914377, 0.2466420680037858, 0.22799405453309354], [0.23891799861539373, 0.31163875194171264, 0.22478111755928032, 0.22466213178361327], [0.19684852364406658, 0.33491339777170176, 0.2414811217322696, 0.22675695675196206], [0.2041713239423007, 0.3065508442758814, 0.27513859903170723, 0.21413923265011062], [0.21169280459966908, 0.29397414445801984, 0.22217000521747854, 0.2721630456248325], [0.2012659579125549, 0.2883609192029226, 0.20790891037428136, 0.30246421241024113], [0.2136375510342963, 0.3522894224638873, 0.2540311401516468, 0.1800418862501696], [0.20511823317376038, 0.3435738537969571, 0.21864124617660735, 0.2326666667526752], [0.20625431833588853, 0.23742598292837533, 0.3624345957870445, 0.19388510284869162], [0.18588222561407933, 0.22779537735091585, 0.30693948265820986, 0.27938291427679496]], "ideal": "B", "sampled": "B", "correct": true}}
{"type": "result", "data": {"idx": 10, "options": ["13", "14", "1", "2"], "probs": [[0.36961258004802694, 0.3313394833969459, 0.16706070551186175, 0.13198723094316542], [0.36345991488636825, 0.3158450126332104, 0.14045979081179782, 0.1802352815686235], [0.38156062507663413, 0.3640665411937649, 0.12228121119329402, 0.13209162243630695], [0.34890079494802007, 0.3656736015907825, 0.12282916902267496, 0.16259643433852247], [0.38287769032713, 0.31741674312382373, 0.13471631102184953, 0.16498925542719675], [0.34112568739374716, 0.3255216971025206, 0.1641718842921525, 0.16918073111157972], [0.29915330479625424, 0.40897033528552873, 0.17639486884189454, 0.11548149097632249], [0.2926930443248559, 0.4001659094862435, 0.1452637591028421, 0.16187728698605855], [0.3088543964784282, 0.33924108234766587, 0.19389451749331174, 0.1580100035805942], [0.2903409345208479, 0.35025147121997136, 0.12919323337564217, 0.2302143607835385], [0.28467604090889587, 0.2512644491650066, 0.28561543989878635, 0.17844406992731113], [0.2774257576955365, 0.2774535036568498, 0.20359263705385386, 0.2415281014937599], [0.2715388197696047, 0.3598701005833574, 0.1785708192025246, 0.19002026034451328], [0.23800424802922493, 0.3464380359201014, 0.16151150291339492, 0.2540462130372787], [0.21749592149311797, 0.2244665804946454, 0.38298553795241363, 0.17505195995982298], [0.20957428768084507, 0.28212924527703115, 0.15614547625952507, 0.3521509906825987], [0.2427426987234992, 0.30693485872455445, 0.22526800294548643, 0.22505443950645992], [0.21512223890673418, 0.30826499371612426, 0.13708015806199403, 0.3395326092151475], [0.3001587599168442, 0.3196323418407187, 0.17973243652774337, 0.20047646161469374], [0.2812974876464115, 0.309032751992708, 0.20013127623574092, 0.20953848402513955], [0.25523880501875174, 0.21838315154489288, 0.3392640700487391, 0.18711397328761625], [0.2722118456059899, 0.26804899767267937, 0.2263829823150901, 0.23335617430624067], [0.26523187753886074, 0.30533584949301074, 0.23493877050911416, 0.1944935023590144], [0.24737319732040636, 0.3277957590581912, 0.1481298439892588, 0.2767011995321436]], "ideal": "D", "sampled": "A", "correct": false}}
{"type": "result", "data": {"idx": 11, "options": ["30", "64", "2048", "60"], "probs": [[0.15675016446707488, 0.1077773321063625, 0.492243758938132, 0.2432287443884306], [0.18234038351142903, 0.19114372132297242, 0.19445046780549086, 0.43206542726010766], [0.12332420519271609, 0.5888520943041167, 0.12165797973717149, 0.16616572066599578], [0.12403542645340591, 0.6015680714022322, 0.11493984009234923, 0.15945666195201258], [0.146153236280512, 0.09735660161750552, 0.4108027494826246, 0.3456874125193579], [0.10714489207182415, 0.06106363176611003, 0.6376214171501884, 0.19417005891187739], [0.14749824999287958, 0.08022493123205929, 0.5941550731064781, 0.1781217455685831], [0.18905753540335074, 0.15434066259774937, 0.16446960725616577, 0.4921321946427341], [0.16920937722130333, 0.5553076308060767, 0.11120168201408653, 0.16428130985853345], [0.18175958636849232, 0.5263448513918737, 0.13120411726128664, 0.16069144487834733], [0.18765897395785994, 0.16565049433469506, 0.15822078993321312, 0.4884697416742319], [0.14064657896314137, 0.08141999067177758, 0.6027236670058795, 0.1752097632592015], [0.35739389058353854, 0.21340963242304076, 0.15884998439153994, 0.27034649250188075], [0.3046741258291116, 0.17912700926010092, 0.14190651907794305, 0.3742923457328444], [0.39389881487722084, 0.2836762666418594, 0.147433057412663, 0.17499186096825672], [0.40518093143679995, 0.23810434622949123, 0.19786688667545574, 0.15884783555825305], [0.3934854981948489, 0.23127453716094817, 0.13619777964773105, 0.23904218489647186], [0.3753613997036992, 0.1857604318266314, 0.26677636501995905, 0.17210180334971031], [0.16043122589269007, 0.11738737276177066, 0.30501125168764004, 0.4171701495578992], [0.10980312843596128, 0.06661576677196374, 0.6533834970386021, 0.17019760765347292], [0.18640611129345405, 0.21462202709620817, 0.1572457002615354, 0.4417261612488024], [0.16406174002437293, 0.12781281767997538, 0.4835318922512989, 0.22459354994435277], [0.12629842756915727, 0.6030575632445954, 0.10824033616890924, 0.16240367291733812], [0.13278259533482054, 0.5772982921216504, 0.1269814688880639, 0.16293764355546517]], "ideal": "D", "sampled": "C", "correct": false}}
{"type": "result", "data": {"idx": 12, "options": ["0", "1", "2", "4"], "probs": [[0.2779332461213274, 0.43740494032460503, 0.09332176505560243, 0.19134004839846508], [0.3211847293232276, 0.4125377298857158, 0.0741342168098198, 0.19214332388123678], [0.3218554710190542, 0.22471468633931735, 0.15966732084641647, 0.29376252169521194], [0.36434540691823253, 0.22804944554744708, 0.080141187900355, 0.3274639595339654], [0.3415968417779741, 0.2877098321626963, 0.14274309574130278, 0.22795023021802682], [0.27445793353597986, 0.23856742855433696, 0.11640206809967567, 0.3705725697100075], [0.138366367255728, 0.6815860067643812, 0.0615485515667476, 0.11849907431314316], [0.14719323035165968, 0.6811782450863418, 0.04942833498582811, 0.1222001894761703], [0.15681227017301605, 0.10949382511158064, 0.5157030377975889, 0.21799086681781443], [0.19799576387784373, 0.18314504223095035, 0.10287480668438741, 0.5159843871068185], [0.1488747403212106, 0.090315309446503, 0.5811067049784489, 0.17970324515383754], [0.19653010952087235, 0.18754770418758387, 0.12709997971872994, 0.4888222064728138], [0.10169200901242456, 0.6636503535933349, 0.07694110502847831, 0.15771653226576218], [0.09688941916846719, 0.6323091245784306, 0.04513410377496413, 0.22566735237813806], [0.16207122318103778, 0.2550126237908511, 0.3961629451068566, 0.1867532078212545], [0.1357953507825433, 0.4055611369931109, 0.07055735377090856, 0.3880861583534372], [0.11050746963346884, 0.06199263200313676, 0.5450501258668221, 0.28244977239657226], [0.17538440879112538, 0.11867102676452963, 0.211951770312444, 0.493992794031901], [0.07431509704925635, 0.7995930104451076, 0.04048561127940628, 0.08560628112622976], [0.0848735063713978, 0.7111632319867925, 0.047687776731893915, 0.1562754848099157], [0.1965949833196502, 0.20283947883008074, 0.4374690055409699, 0.16309653220929918], [0.18841086833622392, 0.32056058758328404, 0.09054784748665806, 0.400480696493834], [0.14097223649357796, 0.11327438378414316, 0.44214497345194786, 0.30360840617033097], [0.22264010212341695, 0.19344432889473126, 0.17920991888727034, 0.4047056499945814]], "ideal": "D", "sampled": "A", "correct": false}}
{"type": "result", "data": {"idx": 13, "options": ["92", "93", "94.5", "95"], "probs": [[0.21019436654168283, 0.3865748413071986, 0.18286112349224606, 0.2203696685588725], [0.13373334704492287, 0.17172276972007136, 0.15648405252322337, 0.5380598306117824], [0.17882543534002435, 0.1706150595581526, 0.5022754593842301, 0.1482840456175929], [0.18983781901600447, 0.1928140429308136, 0.2087264570005562, 0.4086216809526257], [0.12899774792237104, 0.1120676365407857, 0.5879938820904306, 0.17094073334641263], [0.14104847713675617, 0.11511980826835853, 0.6133627936626254, 0.13046892083225992], [0.2986506387895923, 0.3330460339580009, 0.1871239459123074, 0.1811793812400994], [0.1604089236342789, 0.1734365775075912, 0.1556006315552936, 0.5105538672028362], [0.2918952448656614, 0.2656856516585151, 0.2385801261213279, 0.20383897725449557], [0.2949990112040228, 0.29029289702456285, 0.23006066453684518, 0.18464742713456922], [0.17446619720703943, 0.1539505181188104, 0.36990598615845527, 0.3016772984156949], [0.13421102066800514, 0.11126484141525858, 0.6718294719952479, 0.08269466582148836], [0.3105446695970888, 0.3152717947644628, 0.2275041341554112, 0.14667940138303714], [0.19740527591472237, 0.2656112969599624, 0.13792512076383345, 0.39905830626148175], [0.33615309973257357, 0.3359518744638259, 0.16660701233824893, 0.16128801336535156], [0.2449091225617594, 0.2953510880174925, 0.11947347222563963, 0.3402663170951085], [0.2759776752311829, 0.3598220699639223, 0.13890020754885768, 0.22530004715603716], [0.3515615692244429, 0.3513605227786064, 0.16364700873751525, 0.13343089915943543], [0.1810863640885221, 0.21498219987063824, 0.4283766809925719, 0.17555475494826775], [0.18323464268636455, 0.2012238441420004, 0.37645905259639406, 0.23908246047524095], [0.21089900166366524, 0.33167226107595427, 0.2145515893051527, 0.24287714785522782], [0.203345289905756, 0.24910398567521963, 0.39874289624109677, 0.14880782807792758], [0.18248231435258788, 0.39235656864956575, 0.13790792019913486, 0.2872531966987115], [0.19504360707356455, 0.5731577233906797, 0.13215853174081196, 0.0996401376949438]], "ideal": "B", "sampled": "C", "correct": false}}
{"type": "result", "data": {"idx": 14, "options": ["R <= T <= M <= L", "L <= T <= M <= R", "R <= M <= T <= L", "L <= M <= T <= R"], "probs": [[0.26009803159227496, 0.3237290945401417, 0.10688887666421387, 0.30928399710336946], [0.2705124994994643, 0.32628152743538347, 0.16429853927335872, 0.23890743369179349], [0.26548914305397514, 0.40486373323014685, 0.11616054695400746, 0.21348657666187057], [0.25849223418265055, 0.37031768866317005, 0.12816730293585007, 0.24302277411832932], [0.2551371454937429, 0.3890608548728981, 0.1304949074853102, 0.22530709204804883], [0.24966024975933593, 0.352099017112466, 0.12377435521025106, 0.27446637781794697], [0.18082792103949674, 0.14762619576248062, 0.1303958931552874, 0.5411499899427352], [0.272460856185753, 0.17863657111040254, 0.3044792206125724, 0.24442335199127208], [0.18801174686529132, 0.1441791590414802, 0.16356062372244684, 0.5042484702707816], [0.28288875321368206, 0.18545790399497444, 0.29698915496543526, 0.23466418772590822], [0.24145610268300047, 0.3005414560055978, 0.12747317361341964, 0.3305292675979821], [0.24533992272129218, 0.2913601907391002, 0.12749719238504761, 0.33580269405456004], [0.25264700115268696, 0.3619363145792804, 0.1441611583016675, 0.2412555258663652], [0.25773647040924264, 0.3750415686136718, 0.13600744103014215, 0.2312145198469434], [0.261303093089809, 0.26540767748372557, 0.22379897199122814, 0.2494902573352373], [0.2543133123169349, 0.3316802283289086, 0.13004725782622029, 0.28395920142793624], [0.26694196459961805, 0.31209921833732035, 0.13650554417198787, 0.2844532727910737], [0.25257135909824946, 0.29528586293570575, 0.13747852219884557, 0.3146642556671992], [0.26304453608743456, 0.16201308368016404, 0.3601228892443069, 0.21481949088809446], [0.19790862778013385, 0.1494168176576225, 0.16171203507761625, 0.49096251938462737], [0.24434221550339186, 0.2901880058299984, 0.13098580743594995, 0.3344839711306598], [0.2429942993951372, 0.2841184629171663, 0.12428584975676696, 0.34860138783092953], [0.18384088026113068, 0.15008048264431748, 0.14110865767055333, 0.5249699793239985], [0.2641585210321215, 0.18150534004401084, 0.27726993375136266, 0.27706620507250496]], "ideal": "D", "sampled": "D", "correct": true}}
{"type": "result", "data": {"idx": 15, "options": ["16", "2\\sqrt{2}", "5", "5+2\\sqrt{13}"], "probs": [[0.1585491597493886, 0.20349285004488205, 0.2384500503301589, 0.3995079397755704], [0.2009025483988109, 0.23847956597685852, 0.1341311613465652, 0.4264867241777654], [0.17092392356247896, 0.20286727554162043, 0.26936204041416084, 0.3568467603817398], [0.09779399778154065, 0.15864819523071536, 0.5636638486367638, 0.17989395825098023], [0.20061264631213344, 0.43116336414133233, 0.1258864085863349, 0.24233758086019933], [0.1865751892141687, 0.2887945472905328, 0.3130695223495219, 0.2115607410457766], [0.13580734621694565, 0.12955049783035524, 0.22072919543177366, 0.5139129604209254], [0.17828437684183648, 0.14321911333559265, 0.11893001197579316, 0.5595664977467777], [0.17044561557905724, 0.2187681980190618, 0.1604305314344036, 0.45035565486747736], [0.17476731797448508, 0.2208106699485903, 0.33770934247140605, 0.26671266950551853], [0.21783483867151227, 0.17491931690257045, 0.2848320518199268, 0.32241379250599045], [0.21065923569480016, 0.1800477504550177, 0.38844385739256737, 0.2208491563576148], [0.15232532987970757, 0.18946905149906043, 0.30348610422726324, 0.35471951429396875], [0.10940117643866377, 0.1774615565899671, 0.4989009574048081, 0.21423630946656103], [0.17424304589697576, 0.3804053947251158, 0.13399058087250157, 0.31136097840540683], [0.17716307766178946, 0.3256542924953406, 0.2585730149020228, 0.23860961484084714], [0.1576842665514618, 0.41535234447140423, 0.1936585604950842, 0.23330482838204977], [0.18366295355981838, 0.4990408979500376, 0.12466946152077288, 0.19262668686937112], [0.2632527688367085, 0.2471850849021413, 0.11167900429561048, 0.37788314186553973], [0.23523794550757868, 0.23507394333482706, 0.3376062063115201, 0.19208190474607417], [0.2563875500726217, 0.20262911007930112, 0.21641576810628704, 0.3245675716417901], [0.2534573228974397, 0.18814335392878662, 0.3640484728478015, 0.19435085022597215], [0.19602693907486535, 0.5326758701965383, 0.10354182277391799, 0.16775536785467834], [0.2515245992552392, 0.5077576078544751, 0.07570969369034122, 0.16500809909994452]], "ideal": "D", "sampled": "D", "correct": true}}
{"type": "result", "data": {"idx": 16, "options": ["8", "3", "6", "9"], "probs": [[0.35807733344776904, 0.33101142929215593, 0.13619840752603427, 0.17471282963404075], [0.3496196217542011, 0.2897288159776754, 0.1818447383781511, 0.17880682378997242], [0.36465191294105276, 0.3069302989692975, 0.14768175559233382, 0.18073603239731592], [0.36436905910351425, 0.2623067160834815, 0.1955058247325146, 0.17781839998048962], [0.3642647022280121, 0.3018839701989004, 0.147554533877437, 0.18629679359565043], [0.3569462000966754, 0.28222298619309116, 0.1539108306015599, 0.20691998300867354], [0.29102826115558955, 0.3097424208808147, 0.21687181291795668, 0.18235750494563907], [0.2854567552953637, 0.2518808618496564, 0.25668600964023813, 0.20597637311474176], [0.28214081278182507, 0.2956351847461709, 0.16886588426135468, 0.2533581181106494], [0.26387998065872714, 0.2638292273044623, 0.18181021238818287, 0.2904805795486277], [0.28015894112406414, 0.29818675363340463, 0.22578443921013513, 0.19586986593239614], [0.2778993422454152, 0.3623662130604619, 0.18562785449431404, 0.17410659009980886], [0.34712469451013683, 0.28321004359184426, 0.1777165373043439, 0.19194872449367503], [0.3328209667836037, 0.2322570189120234, 0.24795364949400664, 0.1869683647103663], [0.3258248075025409, 0.3108145111002939, 0.1591561937675945, 0.2042044875295707], [0.30309482050957537, 0.2891252507371301, 0.1785958627315443, 0.22918406592175028], [0.34297167229287345, 0.24695763743560642, 0.22907430738678713, 0.180996382784733], [0.3311102638642146, 0.3013623609634523, 0.16954965635109714, 0.19797771872123593], [0.3792590627026207, 0.2861754169993588, 0.1660690382224085, 0.16849648197561196], [0.34296417232898485, 0.2754544317446866, 0.1598165631134434, 0.22176483271288516], [0.3533619133260991, 0.30690358236917964, 0.16731080904057563, 0.17242369516414557], [0.35737286079447617, 0.32526565564198034, 0.14024182080540798, 0.17711966265813553], [0.35772708587834867, 0.2828601938629441, 0.1615773612334286, 0.19783535892527862], [0.34806951490062055, 0.30704113145388867, 0.1524150931992028, 0.19247426034628792]], "ideal": "A", "sampled": "D", "correct": false}}
{"type": "result", "data": {"idx": 17, "options": ["-2", "-4", "-1", "1"], "probs": [[0.30394986721739314, 0.17045857264570363, 0.19651624851223007, 0.3290753115246732], [0.31511872534106, 0.127294314978293, 0.2657625337310726, 0.2918244258495744], [0.3232377372884052, 0.22208011976405093, 0.15055678334647513, 0.3041253595010687], [0.3504642687179933, 0.199590986965412, 0.19704379748621983, 0.25290094673037483], [0.28502861511922534, 0.26777199706058213, 0.1286631562778781, 0.3185362314423144], [0.30736832659558344, 0.3025558770923777, 0.13878399959511512, 0.25129179661692375], [0.29960787293299085, 0.222573176004087, 0.1683138757775793, 0.3095050751853428], [0.3339497396917516, 0.18727642016808374, 0.2263597961086203, 0.2524140439315443], [0.31897209170417556, 0.21576114200811808, 0.18779437612834912, 0.2774723900593572], [0.32536056149685355, 0.19726714195920558, 0.2072150527148597, 0.2701572437290812], [0.29426266863196937, 0.24016282734368205, 0.18441341265940067, 0.2811610912649479], [0.30034796142942594, 0.24510553140681188, 0.1536447291187236, 0.3009017779450386], [0.31972427602152814, 0.2162517852679508, 0.15848986021289188, 0.30553407839762914], [0.32666299776965096, 0.17477554529495418, 0.23570767127852899, 0.2628537855568659], [0.2853552911784415, 0.16769867633994281, 0.25219013532887863, 0.2947558970527371], [0.29309261715737467, 0.13841054254609686, 0.2511039450842553, 0.31739289511227314], [0.2966568811933108, 0.29660737953509214, 0.15658797555472154, 0.2501477636168756], [0.2658565779744022, 0.2238678947542022, 0.14031243976665467, 0.3699630874047409], [0.3148649820290045, 0.17385684988291064, 0.1421305770809723, 0.3691475909071126], [0.33901679512448457, 0.19309535620665788, 0.19053909180643133, 0.27734875676242626], [0.3172572850863773, 0.17246145008269892, 0.22534424064290137, 0.2849370240880224], [0.31755393740339477, 0.1699406206437878, 0.1990786492625476, 0.31342679259026984], [0.3292444744151745, 0.21585485980303798, 0.19395065883695686, 0.2609500068448306], [0.28025415536938975, 0.17535138128434474, 0.14794141052674029, 0.39645305271952525]], "ideal": "B", "sampled": "D", "correct": false}}
