{"type": "result", "data": {"idx": 0, "options": ["P(t > 1.54) with df = 6", "2P(t > 1.54) with df = 6", "P(t > 1.54) with df = 7", "2P(t > 1.54) with df = 7"], "probs": [[0.24681443709094122, 0.2669001896978802, 0.1836845631321734, 0.3026008099790052], [0.21188115755762058, 0.24015001592395252, 0.13911258965661885, 0.40885623676180805], [0.23794602281697247, 0.3628499941381063, 0.13365361985776136, 0.2655503630871599], [0.23391088936905105, 0.3147904684949756, 0.13139263501089363, 0.3199060070250797], [0.19058150335107046, 0.18475009774431975, 0.30026063767441546, 0.3244077611301943], [0.20796230182727568, 0.20476856556087858, 0.28917555741610534, 0.29809357509574036], [0.21441577852047605, 0.4331501520696045, 0.12044146179935222, 0.23199260751056724], [0.20867458450215287, 0.4022700280056216, 0.12092186034577038, 0.2681335270464551], [0.2032829373871653, 0.20975531635571057, 0.3803677260495334, 0.20659402010759073], [0.2151110949168728, 0.2762697379949052, 0.13064411475907828, 0.37797505222914374], [0.2206652942178314, 0.292373870170292, 0.1803774264330705, 0.3065834090788061], [0.2252402055675957, 0.2633731843249944, 0.16762437665465418, 0.34376223335275574], [0.20477550645101508, 0.250926923023117, 0.13031405791741088, 0.413983512508457], [0.28374411807369576, 0.3067752627192548, 0.14285194446649324, 0.26662867464055623], [0.22319571179284595, 0.21634992431995084, 0.20350767089660907, 0.35694669289059416], [0.18637743034950466, 0.18639759161999708, 0.3951644779297581, 0.2320605000007401], [0.2665804067968043, 0.29739630662501626, 0.15210353063170284, 0.2839197558464766], [0.22876151712152024, 0.2552349789115368, 0.13254400691423562, 0.38345949695270737], [0.1930134536724955, 0.2478780374315447, 0.13702562041624183, 0.42208288837971797], [0.17434700542373896, 0.185607380299751, 0.46007044042201634, 0.17997517375449368], [0.2095616851341532, 0.24503412445571984, 0.153507477931563, 0.39189671237856394], [0.2506864741398486, 0.25462714593925356, 0.23589784607608033, 0.2587885337448175], [0.21419189922063106, 0.4464030562071575, 0.11479765150904915, 0.22460739296316232], [0.2092008755087333, 0.4226153225969007, 0.11567530866058723, 0.2525084931337787]], "ideal": "B", "sampled": "C", "correct": false}}
{"type": "result", "data": {"idx": 1, "options": ["0 to 31.7 minutes", "31.7 to 39.3 minutes", "25.3 to 44.7 minutes", "25.3 to 35 minutes"], "probs": [[0.14706596511523562, 0.1566411084280564, 0.2353977525684613, 0.4608951737882467], [0.14021649092001462, 0.1424971584459423, 0.3531601288484092, 0.3641262216856339], [0.15611697033943842, 0.13784956314453808, 0.33105678863239213, 0.3749766777836314], [0.11867889420116502, 0.1133034115390749, 0.3660793360629524, 0.40193835809680767], [0.1637216459431945, 0.18855434092321918, 0.3366696733892158, 0.3110543396443705], [0.17412239051921805, 0.21015666109968723, 0.17721295090910483, 0.43850799737198987], [0.107805317291545, 0.12415638467243532, 0.17513280528470163, 0.5929054926513181], [0.14380557619377018, 0.13308045068422647, 0.2864055888603982, 0.4367083841616052], [0.16265953555027474, 0.19942679697824803, 0.14371743163325273, 0.4941962357382245], [0.18110754403631746, 0.15258710766937328, 0.5088397491440845, 0.15746559905022478], [0.18930758392923752, 0.3430089626639131, 0.12436836118968125, 0.3433150921171681], [0.2283651334578226, 0.3272851255485267, 0.2718327464710772, 0.17251699442257346], [0.16371644814142855, 0.15149825719737278, 0.3210757635580741, 0.36370953100312453], [0.14113080728453462, 0.14344072548140635, 0.2519416881599891, 0.4634867789740699], [0.19622136065722195, 0.1732684769079128, 0.17340698319706796, 0.45710317913779724], [0.26176559532400556, 0.19767808617644486, 0.38166927718772564, 0.1588870412118239], [0.15962662101977554, 0.30788744179154326, 0.1304869405431988, 0.4019989965454824], [0.15867163712201188, 0.445280535333944, 0.2074305327753577, 0.1886172946686864], [0.20443381400104071, 0.15930184417128807, 0.3430911557846268, 0.29317318594304437], [0.1955415010256729, 0.2148960381531396, 0.1549385636889968, 0.4346238970321907], [0.2634322164733527, 0.23260159337883915, 0.17044322952905094, 0.3335229605187572], [0.38137205294812543, 0.2924521477987333, 0.19222852012891972, 0.13394727902422154], [0.19659681323295605, 0.19672666194965135, 0.14863894656842283, 0.4580375781489698], [0.290405580086444, 0.19354273953715914, 0.30992237653978016, 0.20612930373661661]], "ideal": "C", "sampled": "D", "correct": false}}
{"type": "result", "data": {"idx": 2, "options": ["The possible outcomes must all be numerical.", "The possible outcomes must be mutually exclusive.", "The mean (expected value) always equals the sum of the products obtained by multiplying each value by its corresponding probability.", "Approximately 95% of the outcomes will be within two standard deviations of the mean."], "probs": [[0.311167994443294, 0.20411638031695722, 0.18301463670732204, 0.3017009884324267], [0.41487972687864805, 0.23275353808598132, 0.06265562585395983, 0.2897111090814108], [0.3483898393221473, 0.20484181051652342, 0.13436809381047435, 0.31240025625085494], [0.3772472710735306, 0.18678258218400526, 0.10811620124006784, 0.32785394540239626], [0.36804072436141866, 0.15586597306458552, 0.09022214598879061, 0.3858711564852052], [0.38246147965999133, 0.14518576534460526, 0.11852123322222781, 0.3538315216731756], [0.39418934009651274, 0.13205308620563966, 0.16183163990704785, 0.31192593369079974], [0.5029319824032904, 0.13326603967204428, 0.06808057832517374, 0.29572139949949156], [0.4439771240784929, 0.1633389427850848, 0.12333046164348546, 0.26935347139293686], [0.4639675789595442, 0.1628724397135985, 0.10036855563890676, 0.2727914255879505], [0.4957517830755805, 0.1355329792224826, 0.08618051069651057, 0.2825347269054263], [0.5167623277258211, 0.1434916885834124, 0.09562216166841288, 0.2441238219223536], [0.4632377028002033, 0.1731230318373172, 0.09124174713176023, 0.2723975181307192], [0.5623490339480294, 0.17696908510127676, 0.09182202275271456, 0.16885985809797924], [0.46874796105510275, 0.1697909895083014, 0.08147760783355285, 0.279983441503043], [0.5683572760768221, 0.17885124281827935, 0.08994918114651128, 0.16284229985838733], [0.4726297941645809, 0.16082382971717776, 0.13975169628571052, 0.2267946797325308], [0.5344190875721034, 0.17624696516516217, 0.11031715401067903, 0.17901679315205535], [0.26760531665414694, 0.16491285702037603, 0.10482322147140216, 0.4626586047540749], [0.29231128093657394, 0.19477246699769651, 0.19176997242440363, 0.3211462795413259], [0.2886159545719521, 0.15452622444716235, 0.10957612933159068, 0.44728169154929487], [0.32997370254634745, 0.1712252374004746, 0.2164875897025282, 0.2823134702506497], [0.24984126535066775, 0.13168426249153625, 0.266033597741751, 0.35244087431604504], [0.3360544490437587, 0.16380621760889333, 0.23837104151465163, 0.26176829173269633]], "ideal": "D", "sampled": "C", "correct": false}}
{"type": "result", "data": {"idx": 3, "options": ["If there is sufficient evidence to reject a null hypothesis at the 10% level, then there is sufficient evidence to reject it at the 5% level.", "Whether to use a one- or a two-sided test is typically decided after the data are gathered.", "If a hypothesis test is conducted at the 1% level, there is a 1% chance of rejecting the null hypothesis.", "The power of a test concerns its ability to detect an alternative hypothesis."], "probs": [[0.2809502523998145, 0.09864124801724072, 0.1348355879475284, 0.4855729115354163], [0.26310861696149757, 0.08543252389990476, 0.1114361757994656, 0.540022683239132], [0.2679844220309525, 0.14802444089977213, 0.12082018792032127, 0.46317094904895406], [0.35327285524650254, 0.20771631596395432, 0.18050131199939065, 0.2585095166901525], [0.2764166737437748, 0.1226815943205696, 0.08432684532669261, 0.5165748865089629], [0.37288181101175033, 0.19048791199471773, 0.14158924344522203, 0.2950410334483099], [0.22675288873501714, 0.20975772721819003, 0.13973910896961567, 0.42375027497717715], [0.22143543429561535, 0.21134103045208957, 0.09090558099934444, 0.47631795415295064], [0.1490918193201708, 0.5716634775251885, 0.07858810280266922, 0.2006566002519714], [0.1375778461200337, 0.5615202167012043, 0.055601078804233636, 0.24530085827452838], [0.19048171311147696, 0.20281352705159778, 0.1905568298672863, 0.41614792986963894], [0.17872237358441195, 0.17875117752770914, 0.3137595214935516, 0.3287669272943273], [0.3567874564167005, 0.13334045309508294, 0.09910204629734237, 0.4107700440908742], [0.46640327768410605, 0.21356146252633576, 0.12557517732466117, 0.194460082364897], [0.4140008317413434, 0.10633688213326174, 0.1571812489011538, 0.32248103712424103], [0.31199102934988454, 0.10952996532492017, 0.09517217390570312, 0.48330683131949215], [0.4419670503010282, 0.21209204736799794, 0.1435526396092581, 0.20238826262171578], [0.2952161233059508, 0.1484625090796112, 0.07703088451689592, 0.47929048299754207], [0.47523872298715253, 0.1472384967905174, 0.055896168164062225, 0.32162661195826786], [0.5547553713627749, 0.22416952430223294, 0.08510541059011102, 0.13596969364488112], [0.4068129097631712, 0.09366557023722019, 0.15689438375631287, 0.3426271361432957], [0.3459811585642382, 0.08886576641652408, 0.291427827405721, 0.27372524751351673], [0.45724943361511683, 0.29992245655712946, 0.09892697549622509, 0.14390113423152864], [0.3492536130554057, 0.22202931010145802, 0.06263349531288306, 0.3660835814302532]], "ideal": "D", "sampled": "C", "correct": false}}
{"type": "result", "data": {"idx": 4, "options": ["is seen more frequently than the other observations in the data set", "is seen less frequently than the other observations in the data set", "is always smaller than the other observations in the data set", "is significantly different from the other observations in the data set"], "probs": [[0.04967282635506923, 0.044536090312085816, 0.05206130754792471, 0.8537297756849203], [0.11406103560006424, 0.09457850978630605, 0.4173105620293995, 0.3740498924842302], [0.040169049200008695, 0.019579656493120153, 0.08114928036544825, 0.8591020138414229], [0.04052898866345429, 0.020701262249538378, 0.8400100124528297, 0.09875973653417765], [0.07883039901388562, 0.6105920125894295, 0.07884385476123928, 0.23173373353544563], [0.06625788855658662, 0.7584368215767124, 0.032805808862916556, 0.1424994809037844], [0.10066348533335716, 0.1253041261523166, 0.06399364435065971, 0.7100387440636665], [0.18695362843331872, 0.2555833680498313, 0.2896256062210372, 0.26783739719581273], [0.06025320845183103, 0.022871935013586985, 0.09780698703980119, 0.8190678693947808], [0.0440859867736544, 0.020184867177582486, 0.8583523474845238, 0.07737679846423927], [0.06041551133173558, 0.8473179588346088, 0.03184253591625891, 0.060423993817396736], [0.04392355381405383, 0.8962725386730098, 0.01518207033172129, 0.044621837081215025], [0.044213191062744475, 0.02294109975141165, 0.08522949415612777, 0.8476162149297161], [0.04137853463249597, 0.0224984303047997, 0.8443168855380623, 0.09180614942464205], [0.04158852031368323, 0.02370022697883126, 0.16195256119660373, 0.7727586914108817], [0.02723065540267011, 0.02154237600225752, 0.8879111276645977, 0.06331584083047465], [0.030666347910393438, 0.855314569288096, 0.02664786442942361, 0.08737121827208698], [0.0284071950296063, 0.817460151396174, 0.030720589387390883, 0.12341206408682877], [0.9468438836024949, 0.028148208439848024, 0.010853423047174491, 0.014154484810482532], [0.9570191676536565, 0.02550272289965972, 0.005430659250513569, 0.012047450096170276], [0.9533462799872916, 0.02746938821687598, 0.008919209873257904, 0.010265121822574554], [0.9568953773953832, 0.02714398052593644, 0.004644511280720933, 0.011316130697959365], [0.9543856865310897, 0.025038422122113227, 0.005855704854092922, 0.014720186392704098], [0.9408923421457606, 0.02753736076851671, 0.00801490300913567, 0.023555393976586986]], "ideal": "D", "sampled": "D", "correct": true}}
{"type": "result", "data": {"idx": 5, "options": ["95 percent of the students in her school are from families whose income is between $35,095 and $45,005.", "There is a 95% probability that the families of all the students in this school have an income of between $35,095 and $45,005.", "If we were to take another sample of the same size and compute a 95 percent confidence interval, we would have a 95% chance of getting the interval ($35,095, $45,005).", "There is a 95% probability that the mean income per family in the school is between $35,095 and $45,005."], "probs": [[0.18751237818829683, 0.19068657851091436, 0.17089281682079197, 0.45090822637999683], [0.14070964719245987, 0.12041636761937732, 0.4838899753255061, 0.2549840097626567], [0.1606996381226361, 0.26524079238564957, 0.10062311738651764, 0.47343645200519674], [0.22146777636386245, 0.28011445877817304, 0.3175505886684553, 0.1808671760895092], [0.19649610825909852, 0.33968507227823536, 0.10198281400427188, 0.3618360053583942], [0.1938700944904814, 0.4236512716636904, 0.24919104202295342, 0.1332875917228748], [0.19176768683161877, 0.15668722518643796, 0.18317621398595418, 0.4683688738959891], [0.11190835557497965, 0.07115761773123394, 0.6753963188848979, 0.1415377077088885], [0.1881993989577982, 0.21685322668292167, 0.10564853795468475, 0.48929883630459536], [0.19919532238644214, 0.14815756456327686, 0.47111465820258475, 0.18153245474769625], [0.1813341731049334, 0.4780107580544597, 0.10020327865681208, 0.24045179008379483], [0.16575538616443966, 0.5612120460541499, 0.1333427985373073, 0.13968976914410322], [0.16782300172558068, 0.16281798480313042, 0.10027645527313733, 0.5690825580981516], [0.25796572140157614, 0.19178245041188405, 0.3114750775822979, 0.23877675050424185], [0.17429922129782238, 0.16389467944291386, 0.09784496355914962, 0.5639611356001141], [0.1781357675612651, 0.14103080330868897, 0.39577743407106375, 0.2850559949589822], [0.3063997878364324, 0.32119604463351437, 0.1298146526413288, 0.2425895147887244], [0.28057651819288243, 0.2987892253986148, 0.08169137549264216, 0.3389428808158606], [0.3328816939986909, 0.1727376754817136, 0.10478097355481684, 0.38959965686477865], [0.4044521092300662, 0.16340841107808013, 0.3008114650423798, 0.1313280145494738], [0.33693389105210686, 0.15429291587398036, 0.13834008985387974, 0.370433103120033], [0.37525819610007544, 0.14928090125972615, 0.2581645173123248, 0.2172963852278736], [0.4872555462923652, 0.31453191359762583, 0.08602582494227443, 0.1121867150677345], [0.5133421073096524, 0.2970084095490596, 0.049267618504004636, 0.14038186453728338]], "ideal": "D", "sampled": "D", "correct": true}}
{"type": "result", "data": {"idx": 6, "options": ["The probability of a Type I error and the probability of a Type II error would both decrease.", "The probability of a Type I error and the power would both increase.", "The probability of a Type II error and the power would both increase.", "The probability of a Type I error would stay the same and the power would increase."], "probs": [[0.2958798154278725, 0.2696192006440433, 0.11419101228452756, 0.32030997154355656], [0.31654279005896074, 0.26668317911268447, 0.22469185776139117, 0.19208217296696364], [0.2980805127942658, 0.228718108771761, 0.145440314559707, 0.3277610637742662], [0.24092566246586813, 0.19988449810280803, 0.17370107250559577, 0.385488766825728], [0.33447666956189315, 0.28623249270937057, 0.2161961878263467, 0.1630946498023896], [0.2856473049656556, 0.26439452365671007, 0.11554130251698594, 0.33441686876064836], [0.3072544565782308, 0.258956580260538, 0.11139972668967538, 0.3223892363715558], [0.3317737180720028, 0.2317367184965568, 0.27970455761166163, 0.15678500571977877], [0.26984904017876316, 0.18561471059894236, 0.1976705252232329, 0.34686572389906156], [0.29691512716938284, 0.16149844949560688, 0.36423142388835483, 0.17735499934665544], [0.44714718089406347, 0.3650647809436314, 0.08953072385310529, 0.09825731420919989], [0.4131584022957585, 0.36473427577894924, 0.08145300601550777, 0.14065431580978444], [0.2760486767044988, 0.29411597809925877, 0.17027444660596688, 0.2595608984902756], [0.21734555905834288, 0.23520389986058732, 0.14719266749362456, 0.40025787348744524], [0.27064387620626756, 0.2390466623691087, 0.18332686621065705, 0.3069825951139667], [0.27177727624704556, 0.22899562459377737, 0.2516175247718237, 0.24760957428735336], [0.25774958727166464, 0.2746251821243319, 0.12574285267526142, 0.34188237782874203], [0.2633430518449089, 0.21842187452646633, 0.3836707403079896, 0.13456433322063516], [0.2592934706442562, 0.2939955635670214, 0.2942112429773334, 0.15249972271138898], [0.27246028588163607, 0.2948684438003542, 0.11371477116572326, 0.3189564990522864], [0.28741541716126945, 0.4969312883187949, 0.09196724810252252, 0.12368604631741316], [0.26967715812493964, 0.4736098278047417, 0.09044194085823169, 0.16627107311208697], [0.2613276424149175, 0.22370413433591044, 0.19445126377554636, 0.3205169593736256], [0.29554815756339037, 0.2032195387628317, 0.3353749363366444, 0.1658573672371335]], "ideal": "D", "sampled": "B", "correct": false}}
{"type": "result", "data": {"idx": 7, "options": ["It cannot be determined, because the mean heights for the two groups are different.", "It cannot be determined, because the standard deviations of the heights for the two groups are different.", "The man, because he is 74 inches tall and the woman is only 70 inches tall.", "The woman, because her height is 1.33 standard deviations above the mean height of all women, whereas the man\u2019s height is only one standard deviation above the mean height of all men."], "probs": [[0.018771135793085654, 0.02526303701242487, 0.7047436092234862, 0.25122221787100324], [0.01576688608225445, 0.019020889716839868, 0.9458912063885302, 0.01932101771237545], [0.07588555776143519, 0.18789397458185314, 0.0591352367213128, 0.6770852308353988], [0.08955612911217105, 0.1597048216854492, 0.6320513580413123, 0.11868769106106745], [0.031713422916304704, 0.9127717766276411, 0.012822246392652073, 0.042692553963402186], [0.043795247850152624, 0.8799744493372245, 0.026585298399165624, 0.04964500431345733], [0.02252955311617966, 0.026759098614480715, 0.505066085443071, 0.44564526272626864], [0.017473802659669867, 0.01860312806309879, 0.9396594131771727, 0.02426365600005861], [0.0861225759425629, 0.2166026919216485, 0.060172221289125076, 0.6371025107466636], [0.09502614039113792, 0.1890471229016223, 0.591941625890482, 0.12398511071675773], [0.04018037728395489, 0.8867142713048002, 0.01729601419082164, 0.05580933712042323], [0.05146898101374834, 0.8573479917845932, 0.03888551163995634, 0.052297515461702145], [0.0806201329792892, 0.10684661645749617, 0.08192734480520886, 0.7306059056580058], [0.12662459719964325, 0.12471746466227726, 0.6239336635452388, 0.1247242744928407], [0.083237593978801, 0.12115430898042526, 0.07583070309056748, 0.7197773938502062], [0.12737807914931026, 0.142165693823911, 0.6179897326653799, 0.11246649426139878], [0.1043125300852573, 0.7357819566023394, 0.06636240233767401, 0.09354311087472933], [0.10513376953592606, 0.707606299725799, 0.08999185062063186, 0.09726808001764305], [0.32034720057936583, 0.17977710484989162, 0.06825130770410213, 0.4316243867666404], [0.35367287600946296, 0.24697180475931146, 0.15226235303567537, 0.2470929660955502], [0.314546956076842, 0.1969147817712544, 0.07134445383870046, 0.4171938082132031], [0.3643184547608591, 0.2543981335147415, 0.1921684117099936, 0.1891149999144058], [0.33715376254524887, 0.342560976709442, 0.12806919215828988, 0.19221606848701925], [0.2707977809993497, 0.2544705195628291, 0.27958773730618125, 0.19514396203163992]], "ideal": "D", "sampled": "D", "correct": true}}
{"type": "result", "data": {"idx": 8, "options": ["There are different t-distributions for different values of df (degrees of freedom).", "t-distributions are bell-shaped and symmetric.", "t-distributions always have mean 0 and standard deviation 1.", "t-distributions are more spread out than the normal distribution."], "probs": [[0.20857641473500066, 0.22922044059312896, 0.19599941633166623, 0.36620372824020414], [0.1927913989107578, 0.19292878762514035, 0.25954277867718567, 0.35473703468691614], [0.21029800801254406, 0.3362767200216163, 0.127580229257111, 0.32584504260872865], [0.20617506781617176, 0.33488803100550985, 0.20624024549328468, 0.25269665558503374], [0.22412955270535573, 0.3584057848574539, 0.11099723476539276, 0.30646742757179757], [0.2078486320809705, 0.41363300636348344, 0.14291059543519843, 0.23560776602034764], [0.06881769848400161, 0.47805536500881896, 0.1246539298268764, 0.32847300658030304], [0.06996922298520308, 0.40299165845345297, 0.16022676466631144, 0.36681235379503246], [0.10705770683436, 0.2822664909149921, 0.20641853114838407, 0.40425727100226383], [0.10659320016073978, 0.3443896564860674, 0.19923898878256938, 0.34977815447062344], [0.09655430768128823, 0.35350259608216716, 0.16178832705506577, 0.38815476908147883], [0.09354321657675865, 0.4537317454361179, 0.12596030532054148, 0.32676473256658195], [0.2733682597429567, 0.2911584593927617, 0.115770870120487, 0.3197024106437946], [0.2692383189343639, 0.2912932888679486, 0.16591055442357122, 0.2735578376741163], [0.288724384018982, 0.16204124204561227, 0.23204361698561232, 0.3171907568497934], [0.27454695102807203, 0.1801834404288353, 0.2138997316146574, 0.3313698768284353], [0.3116169571564909, 0.262555062744588, 0.15920424459772703, 0.26662373540119405], [0.29626611092902494, 0.2616617102783154, 0.10084097906565305, 0.3412311996270066], [0.20132915383525965, 0.2886112206057913, 0.10949403699102023, 0.40056558846792883], [0.20851404094142867, 0.3494345351535686, 0.1479035063805349, 0.29414791742446783], [0.21752805163854802, 0.1567844050007559, 0.23164170178367022, 0.3940458414770258], [0.23220894536411435, 0.21830683293821368, 0.18961281507465094, 0.359871406523021], [0.24958013739415066, 0.2346170465299428, 0.17981538710630018, 0.3359874288696063], [0.22249631415693008, 0.2686240354759287, 0.11192598109373282, 0.39695366917340835]], "ideal": "C", "sampled": "D", "correct": false}}
{"type": "result", "data": {"idx": 9, "options": ["This study was an observational study.", "Lack of blocking makes this a poorly designed study.", "The placebo effect is irrelevant in this type of study.", "This study was an experiment in which the subjects were used as their own controls."], "probs": [[0.2062782583543535, 0.171128461608211, 0.12713761247503116, 0.4954556674624043], [0.1616708261359859, 0.11650851888572694, 0.4466732939634071, 0.27514736091488], [0.2030470340786925, 0.14407352887033836, 0.14180370952553542, 0.5110757274254337], [0.18968876063781942, 0.13884787922615843, 0.2939548614950159, 0.37750849854100627], [0.1797857704610781, 0.38086044217025705, 0.1562968767084812, 0.2830569105601836], [0.18628249366646477, 0.4008097796929741, 0.12416406257087875, 0.2887436639696824], [0.12055614858903266, 0.13456344903919298, 0.09245629069304424, 0.65242411157873], [0.09872850848289874, 0.0942478410376822, 0.5773892445090387, 0.22963440587038028], [0.10974026633804757, 0.09102321550864531, 0.12634137459834682, 0.6728951434549603], [0.12772747872982673, 0.08122605084560665, 0.47479033465405907, 0.3162561356705076], [0.14701683160607357, 0.2042366770791912, 0.24251516566912845, 0.40623132554560676], [0.17656106455820686, 0.24914370851065068, 0.1158286281188846, 0.4584665987122578], [0.16935191313802062, 0.1472304380044828, 0.1361263455072866, 0.54729130325021], [0.14310806564360776, 0.1366204423037971, 0.3713840820555105, 0.3488874098970846], [0.151163128730989, 0.09613734339501694, 0.1634992783576771, 0.589200249416317], [0.16813493274363175, 0.08458432806433767, 0.48676215067889833, 0.26051858841313225], [0.18853626581523156, 0.2275592169665462, 0.17173900686754978, 0.41216551025067244], [0.2069711684973693, 0.26591625807010333, 0.14009606836825358, 0.3870165049642738], [0.18916644717847436, 0.28418655047514974, 0.21450205784387316, 0.3121449444025028], [0.201785340885011, 0.3277454971939405, 0.14772073923064266, 0.3227484225904058], [0.19468884497788674, 0.14707048849360754, 0.3162480403912892, 0.34199262603721653], [0.2497279792612198, 0.19770784362412364, 0.1337286015453483, 0.4188355754693083], [0.2261911366086184, 0.17354071397149715, 0.20286639335013895, 0.3974017559697455], [0.2586694734633423, 0.18643934088390332, 0.14744541486950727, 0.4074457706832471]], "ideal": "D", "sampled": "D", "correct": true}}
{"type": "result", "data": {"idx": 10, "options": ["It describes a process that creates estimates that are too high on average or too low on average.", "It describes a process that results in a sample that does not represent the population.", "It describes a lack of randomization in the sampling process.", "It describes a sample that is not representative of the population."], "probs": [[0.14130024610536918, 0.2519309818492728, 0.15765409170004727, 0.4491146802453107], [0.15994216560235103, 0.14794227646818037, 0.08834213717809801, 0.6037734206513706], [0.1317919414035647, 0.33136425424097826, 0.2621457122215319, 0.2746980920339251], [0.12259346533855238, 0.3385356240181486, 0.13052057732377423, 0.40835033321952485], [0.11888323420897534, 0.07797378591315733, 0.17031662798894337, 0.632826351788924], [0.1438745791824272, 0.15317230730436976, 0.1847631103466562, 0.5181900030665468], [0.08913981301399478, 0.2040681571170491, 0.11627289079863722, 0.5905191389703189], [0.09671670173010906, 0.31224157749284015, 0.09980028865235589, 0.4912414320246949], [0.07917909205391327, 0.26788252190231904, 0.30356269619465065, 0.34937568974911704], [0.062478418688802426, 0.16721345295709014, 0.2471355171947161, 0.5231726110593914], [0.08420318921104279, 0.15012232622219707, 0.30326708470380576, 0.46240739976295436], [0.07020393706004174, 0.15335316840252697, 0.17929191752002885, 0.5971509769174024], [0.02616652217990109, 0.7890324944526311, 0.07113444377371603, 0.11366653949375176], [0.02510882058133545, 0.8059711700139852, 0.04140093981517466, 0.1275190694895047], [0.01611933679784203, 0.8801513362549268, 0.02919109554217402, 0.0745382313050571], [0.02412744719118513, 0.7866635673450156, 0.043693671089228836, 0.14551531427457043], [0.060497134016407675, 0.11661729041636146, 0.6015897899027617, 0.22129578556446916], [0.038396890058346726, 0.04930490480451749, 0.31162585876370963, 0.6006723462734261], [0.03431130790103673, 0.6680069988153402, 0.07040872124976755, 0.22727297193385554], [0.037518699648301575, 0.6755534502521036, 0.08724004124424362, 0.19968780875535122], [0.0259287045001356, 0.7231006146764092, 0.09940584169573292, 0.15156483902772233], [0.023000981121874525, 0.6120711917827775, 0.08028937593970475, 0.2846384510556433], [0.04451862731104117, 0.25619735526167575, 0.5684346447092966, 0.13084937261798646], [0.034161760381567825, 0.11557148051383274, 0.5261395416288086, 0.3241272173757908]], "ideal": "A", "sampled": "A", "correct": true}}
{"type": "result", "data": {"idx": 11, "options": ["Halting the production process when sufficient customer complaints are received.", "Halting the production process when the tissue strength is below specifications.", "Halting the production process when the tissue strength is within specifications.", "Allowing the production process to continue when the tissue strength is below specifications."], "probs": [[0.036941071010069604, 0.8952471525348789, 0.029689896444082785, 0.03812187991096875], [0.03447701665988135, 0.8756522591767444, 0.03728792721315326, 0.052582796850220964], [0.09444518638861234, 0.11942956717602964, 0.5523063251856177, 0.23381892114974026], [0.06847973065168723, 0.1147213337497232, 0.10282935792923817, 0.7139695775693514], [0.10962242540350613, 0.3431295658680135, 0.3950056072677909, 0.15224240136068945], [0.10096820073936753, 0.46707929916029767, 0.11093879903260619, 0.3210137009677286], [0.8380748173178724, 0.10167614540015647, 0.02165198548455804, 0.038597051697413065], [0.7296986091852439, 0.13499291440974165, 0.05717261220200261, 0.07813586410301183], [0.8541052308250013, 0.1052516025247258, 0.014027006822042467, 0.026616159728230435], [0.7985003799127806, 0.1344970697459866, 0.034550855122176614, 0.032451695119056274], [0.7736636471502156, 0.18666902356468773, 0.01998937334655541, 0.019677955838541178], [0.8011293931889212, 0.16533256911572242, 0.019750693627048607, 0.013787343968307744], [0.049794353725231055, 0.044642504466489485, 0.8557609350710708, 0.04980220663720868], [0.061469037308614666, 0.07188428964448966, 0.08145358442987159, 0.7851930885170241], [0.038905477023949336, 0.8997326298528893, 0.025926091933314334, 0.03543580108984705], [0.0423396219636306, 0.8641050683470529, 0.054386121656583374, 0.039169187932733156], [0.08152588213087804, 0.21484985305157991, 0.04165307307860739, 0.6619711916389347], [0.11130346439636926, 0.1545758556760935, 0.671668594052297, 0.06245208577524027], [0.23767058460395596, 0.09308876061593148, 0.6072252369540732, 0.0620154177260394], [0.40956461496762236, 0.15307090825330166, 0.07009335383767457, 0.3672711228414014], [0.6455752969181051, 0.3097742555311167, 0.02389317050138293, 0.020757276949395186], [0.6232323084701549, 0.32335308371614546, 0.02961800449949486, 0.023796603214204758], [0.37954832272666916, 0.16583877189841142, 0.037593978348357905, 0.4170189269265615], [0.4420122024640463, 0.18143545835964228, 0.31855724933489804, 0.05799508974141337]], "ideal": "C", "sampled": "B", "correct": false}}
{"type": "result", "data": {"idx": 12, "options": ["75 - 0.30(14)", "75 + 0.30(14)", "75 - 0.4756(14)", "75 - 0.5244(14)"], "probs": [[0.37912439166317813, 0.2447811291932321, 0.18231202116835837, 0.19378245787523138], [0.37640732908126634, 0.24686520516178825, 0.17822480303276736, 0.19850266262417804], [0.4231558315582363, 0.2908002051181803, 0.07966480910980345, 0.20637915411378002], [0.49654678265791213, 0.2575608078478145, 0.11630725339498692, 0.1295851559992865], [0.4335762301502436, 0.2843004593385794, 0.08036690470565927, 0.20175640570551773], [0.5005116239070779, 0.2596073045774449, 0.11908482156135057, 0.12079624985412656], [0.3223162735221653, 0.2672354996191429, 0.2021595031786239, 0.2082887235800679], [0.3111501885468024, 0.27036049556471625, 0.21103822868385191, 0.20745108710462945], [0.36273139989240094, 0.2824875501642601, 0.16645296166268206, 0.18832808818065688], [0.3185805332553612, 0.2811806755800896, 0.10525221964778668, 0.2949865714167626], [0.36425762822177826, 0.2881354646374418, 0.16715791570723512, 0.18044899133354478], [0.3230670021955882, 0.2851393754836529, 0.10185705641703105, 0.2899365658037278], [0.35904457321418504, 0.23181892820775513, 0.09682441333901697, 0.31231208513904285], [0.42563987408255716, 0.19183217272974265, 0.25467995186106596, 0.1278480012266342], [0.34982726235040995, 0.2519711274548562, 0.12116717636243178, 0.277034433732302], [0.37590217967168155, 0.2543407607724922, 0.1343281985084374, 0.23542886094738885], [0.5356995899231106, 0.22677447713806015, 0.09773729449316125, 0.139788638345668], [0.38492121428303444, 0.23714543346599332, 0.09601501159866357, 0.2819183405523087], [0.3381974004286527, 0.22181364723691377, 0.1117539621333164, 0.32823499010111706], [0.38860658386347724, 0.19847193654090187, 0.26764199533828914, 0.14527948415733175], [0.32461592068084505, 0.24125612910277885, 0.1335348466868552, 0.3005931034295209], [0.34579246717522977, 0.25697359057220653, 0.14002688019027434, 0.2572070619622894], [0.4724508629069586, 0.24125515461360955, 0.11242256563722183, 0.17387141674221], [0.3428234781192405, 0.24311642527471014, 0.10641352165479409, 0.3076465748512552]], "ideal": "D", "sampled": "C", "correct": false}}
{"type": "result", "data": {"idx": 13, "options": ["increases the interval size by 9%.", "decreases the interval size by 9%.", "increases the interval size by 57%.", "decreases the interval size by 57%."], "probs": [[0.3005534797771272, 0.3982598601854897, 0.13775429538762773, 0.16343236454975535], [0.19578374920317707, 0.33318519588953305, 0.2720939516749085, 0.19893710313238136], [0.28089863477667504, 0.26392728480929284, 0.25594190141892886, 0.19923217889510325], [0.15279562997475618, 0.3186222361994385, 0.2560724057905962, 0.27250972793520906], [0.23044395444472904, 0.26116403934728144, 0.3572159707189018, 0.15117603538908772], [0.19905310570614146, 0.3283199320655577, 0.20878378733717037, 0.26384317479113045], [0.2688275357462615, 0.29533846063457336, 0.21289823091578075, 0.22293577260338437], [0.19172399601169451, 0.20413970367683698, 0.3999965965346315, 0.20413970367683698], [0.250410970269271, 0.20123566385230224, 0.37620335252988324, 0.17215001324854357], [0.2176945241724491, 0.22117637425202258, 0.3025217399074368, 0.25860736156809144], [0.23952974796002058, 0.4764959002631096, 0.1243803892437239, 0.1595939624331459], [0.1633648349195448, 0.4803935503655193, 0.15601267616437442, 0.2002289384505615], [0.186486124973722, 0.3028456568415111, 0.22165876624751796, 0.28900945183724897], [0.26023627366233193, 0.3342329014329984, 0.2028223720867488, 0.20270845271792087], [0.20937042248197438, 0.3507407955584975, 0.17921859291219527, 0.2606701889473328], [0.19963925479921302, 0.29055594529119466, 0.31926052807772787, 0.19054427173186445], [0.33445094527465663, 0.3731610941436744, 0.1439673219760629, 0.14842063850560608], [0.2594932731500028, 0.36040215311628343, 0.18417541014090552, 0.19592916349280823], [0.21629106029384307, 0.2000769436124932, 0.3569052059484904, 0.22672679004517335], [0.25110895187456517, 0.2322764763682212, 0.29840905360602615, 0.21820551805118746], [0.23716342093415563, 0.39113523969411695, 0.1417501696541691, 0.22995116961755832], [0.2869422137450332, 0.4175367056905919, 0.12944035230772705, 0.16608072815664784], [0.30202947864072066, 0.3266353205494474, 0.16693873206726642, 0.2043964686425655], [0.342243899601928, 0.3266006908507174, 0.16693776346749326, 0.16421764597986135]], "ideal": "C", "sampled": "D", "correct": false}}
{"type": "result", "data": {"idx": 14, "options": ["The number of tosses before a \"5\" appears when tossing a fair die.", "The number of points a hockey team receives in 10 games, where two points are awarded for wins, one point for ties, and no points for losses.", "The number of hearts out of five cards randomly drawn from a deck of 52 cards, without replacement.", "The number of motorists not wearing seat belts in a random sample of five drivers."], "probs": [[0.18248742273152624, 0.4517771466585082, 0.14898232670181308, 0.2167531038081525], [0.19210043833868615, 0.3168022381466063, 0.13206048505267862, 0.35903683836202893], [0.18160159205773574, 0.4223380575206862, 0.16283459197597222, 0.23322575834560577], [0.19193602810466157, 0.28819602295562513, 0.12589803149189177, 0.3939699173478215], [0.20707996751919996, 0.23106158234573343, 0.2787496620696836, 0.283108787965383], [0.1906161868748895, 0.2299634951101351, 0.3346262177267556, 0.2447941001882198], [0.24854715165990632, 0.19666160641134123, 0.27306312319885945, 0.281728118629893], [0.21235107516165205, 0.21914712245499451, 0.14597417847765595, 0.42252762380569747], [0.2763594830841358, 0.3386715230804316, 0.1170387999542112, 0.26793019378122135], [0.2904494447782676, 0.29051083756329493, 0.13300331133769067, 0.2860364062207468], [0.2092404576700438, 0.26457191299450866, 0.1289340146929438, 0.39725361454250374], [0.2684712449710006, 0.2685225049662662, 0.23331952440371728, 0.22968672555901593], [0.5581105267725, 0.1325628886602446, 0.11340069600698777, 0.1959258884602677], [0.4025865404817235, 0.14582007796006352, 0.07332163139470667, 0.37827175006350633], [0.6262133074207737, 0.19097754215046167, 0.055584482428949145, 0.12722466789981537], [0.5867772741533941, 0.1965399994991875, 0.05373678395908729, 0.1629459422883311], [0.4850938400844197, 0.18412529597265226, 0.0829955898293295, 0.24778527401359854], [0.5280521950178133, 0.14663230934368593, 0.18539460939119187, 0.13992088614730885], [0.2755904741837589, 0.1924327783779096, 0.1779755214848929, 0.3540012258534386], [0.21884197320600374, 0.16265557947105194, 0.36657286232878017, 0.2519295848941641], [0.2260305499048048, 0.3612807854171622, 0.09876644987495341, 0.31392221470307957], [0.2852585102409524, 0.4216632074191672, 0.11173238192073912, 0.18134590031914127], [0.2555302438375433, 0.31314153175966203, 0.10821453722708807, 0.3231136870757066], [0.3277322996487159, 0.27601635864621465, 0.16742682704781361, 0.2288245145572558]], "ideal": "D", "sampled": "C", "correct": false}}
{"type": "result", "data": {"idx": 15, "options": ["I only", "II only", "III only", "I and II"], "probs": [[0.1377911716561809, 0.2500026523816922, 0.12986312805307662, 0.48234304780905024], [0.1287646649096887, 0.24468732971578716, 0.410780120336766, 0.21576788493775817], [0.10708870179162747, 0.22365394556090645, 0.12360481271972742, 0.5456525398277386], [0.12447595032370698, 0.2329248363235749, 0.39094331789155323, 0.25165589536116484], [0.15868947263016198, 0.5634651309462837, 0.12394479937978714, 0.15390059694376715], [0.15641335908378615, 0.5554500138882164, 0.12408928386983226, 0.1640473430581652], [0.11543613700103666, 0.2775482423172071, 0.12716955797984586, 0.4798460626019104], [0.0917397927433807, 0.26175205086916037, 0.4460185965159924, 0.2004895597714665], [0.10460653388809857, 0.21842122563967165, 0.15260847252441304, 0.5243637678478167], [0.10717735384991729, 0.21674205235891353, 0.4455211724252149, 0.2305594212659543], [0.12450609914449386, 0.5950436502838593, 0.13931907504418448, 0.14113117542746229], [0.10725788025975531, 0.6087735294686942, 0.10422592609078514, 0.17974266408076536], [0.10307330614241594, 0.255574415928316, 0.12468340062716991, 0.5166688772020982], [0.1085912998132334, 0.27340651574256253, 0.39849148681095964, 0.21951069753324437], [0.09808264438258162, 0.21459459885419868, 0.14761786931264245, 0.5397048873505772], [0.09679787821393039, 0.21498194815263455, 0.4630821748303707, 0.22513799870306436], [0.17909701589360888, 0.4875609285605597, 0.18248951835658045, 0.15085253708925095], [0.16084603432274935, 0.5282565669638097, 0.12563524397757428, 0.18526215463586665], [0.13856563177162012, 0.6220075580154857, 0.11519972405473339, 0.12422708605816084], [0.14230009376101885, 0.6095951011640881, 0.11647228931402667, 0.13163251566086634], [0.17905884556522575, 0.4579474304425193, 0.19736747127988002, 0.1656262526123749], [0.15717549854696858, 0.4701260695900188, 0.15768191451763702, 0.2150165172453756], [0.16785961888123677, 0.4292553492729368, 0.23759514799111817, 0.16528988375470827], [0.1501097276689423, 0.5087149294319142, 0.14828035675832063, 0.1928949860408228]], "ideal": "D", "sampled": "D", "correct": true}}
