{"type": "result", "data": {"idx": 0, "options": ["a currency.", "a well-connected transportation infrastructure.", "government activity.", "a banking service."], "probs": [[0.2221536983854779, 0.2599266054999209, 0.17871802244553828, 0.3392016735690629], [0.1905423665179425, 0.2336654355092889, 0.1250702515161287, 0.45072194635663987], [0.19754564465774072, 0.18865056052928308, 0.25000959259737465, 0.36379420211560154], [0.17212510107226503, 0.18053938446623713, 0.14059518276239158, 0.5067403315991063], [0.15822359682194267, 0.14194693948478207, 0.22683055358599444, 0.47299891000728084], [0.1714863185251815, 0.13790438810737235, 0.22384664925303588, 0.46676264401441026], [0.22072966743530884, 0.17474397422187804, 0.20434642380263304, 0.4001799344401801], [0.17775463526394722, 0.15217834256026244, 0.13014492003376443, 0.539922102042026], [0.2613984981126231, 0.2657156625976037, 0.13155155078573114, 0.341334288404042], [0.24568023176954049, 0.23462941191400874, 0.1445743227795781, 0.37511603343687266], [0.18033542005904332, 0.14964363200425193, 0.1473099611151424, 0.5227109867215624], [0.22729500990591478, 0.17442415202447872, 0.21715751092393284, 0.38112332704567364], [0.20933141747995396, 0.1556787858306112, 0.3001759186165528, 0.33481387797288203], [0.1825289753273732, 0.14226497920319817, 0.12951550079355145, 0.5456905445758772], [0.25587878391206853, 0.2520811930666968, 0.13079607875219584, 0.3612439441690388], [0.2327231948250743, 0.20553607052798184, 0.15277198183159152, 0.4089687527153523], [0.18628736116047512, 0.14749407986557878, 0.1429301819498985, 0.5232883769240476], [0.2104354947594969, 0.15650080142840356, 0.27475541827315314, 0.3583082854389464], [0.11210621731906277, 0.1353412042973333, 0.26501108595371753, 0.48754149232988636], [0.1295454107434091, 0.15159052969560094, 0.19770886019064332, 0.5211551992703466], [0.12433747293553236, 0.16232979416959764, 0.12837888394784788, 0.5849538488470222], [0.1504842057240737, 0.17071911654680408, 0.18461085693681173, 0.4941858206923105], [0.12496061435641034, 0.165713397162773, 0.13950690417821526, 0.5698190842026014], [0.14073525135915055, 0.16471014897757086, 0.23967864269708694, 0.45487595686619164]], "ideal": "B", "sampled": "B", "correct": true}}
{"type": "result", "data": {"idx": 1, "options": ["zero population growth.", "rapid growth rate.", "homeostatic plateau.", "demographic momentum."], "probs": [[0.04386273999847817, 0.3792057234745506, 0.09739736229534664, 0.4795341741316245], [0.021742541016810345, 0.08875223116058353, 0.8294543499496472, 0.06005087777295899], [0.04763528384874445, 0.10740282505499349, 0.12169963256207127, 0.7232622584341908], [0.021098570212394717, 0.04907287558457197, 0.8174981334825138, 0.11233042062051952], [0.01279766018279894, 0.9407275818116135, 0.014286393178478768, 0.032188364727108724], [0.01215856730258534, 0.9514405168193274, 0.01295307947561626, 0.023447836302470992], [0.09906540876917438, 0.18235380950156146, 0.11060036134063841, 0.6079804202886258], [0.05009957215808119, 0.045641077840194305, 0.8483452480054458, 0.05591410189627874], [0.057249814379810804, 0.03936475406404169, 0.3245769658449016, 0.5788084656112459], [0.038328462915808784, 0.03658738509371542, 0.8598487728657391, 0.06523537902473665], [0.03420986499003259, 0.9252723161516626, 0.010776145041411733, 0.02974167371689305], [0.03623904009424335, 0.9353173618097391, 0.00992024715682654, 0.018523350839191016], [0.019796353200265623, 0.3247245908338807, 0.06701281790906648, 0.5884662379567872], [0.011153515558672791, 0.133825754449747, 0.758637373804547, 0.09638335608703316], [0.014139049303205127, 0.055943610492747646, 0.3375466076423457, 0.5923707324617016], [0.010973697198806184, 0.05751711073083214, 0.8867099175422223, 0.04479927442813935], [0.005813885032873914, 0.94838768543445, 0.009596672870738357, 0.036201756561937755], [0.005773701758768288, 0.9566832694327522, 0.012048555609762476, 0.025494473098717035], [0.723862450247749, 0.1257578101617081, 0.049283030084132616, 0.1010967094064103], [0.7891854429178917, 0.11544499359162884, 0.031586361712868556, 0.06378320167761092], [0.6946913236963507, 0.1169920651576318, 0.05359583067975815, 0.1347207803662594], [0.7371161505036803, 0.12029115960859876, 0.02950599625640319, 0.11308669353131774], [0.7089140520119162, 0.06592825152703843, 0.10383641873508072, 0.12132127762596465], [0.7674841059621103, 0.07248843811602834, 0.03270882898694558, 0.12731862683491582]], "ideal": "D", "sampled": "D", "correct": true}}
{"type": "result", "data": {"idx": 2, "options": ["push factors.", "pull factors.", "distance decay.", "migration selectivity."], "probs": [[0.04006192028606281, 0.07368754426188914, 0.8705591047494572, 0.015691430602590848], [0.04811669477252285, 0.17061729600349604, 0.027855556247909165, 0.753410452876072], [0.025790398168092494, 0.9530055925803503, 0.007392532039029934, 0.013811477112527204], [0.02221650962147717, 0.9597862396034167, 0.006993931711019219, 0.011003318964086952], [0.050741827137977556, 0.04842605249196514, 0.06829348460250201, 0.8325386356675553], [0.014688966985855551, 0.012177963898688457, 0.9678121334365121, 0.005320935578943945], [0.02762638283762489, 0.019286782565946053, 0.9443923416660694, 0.008694492830359632], [0.03522128606308455, 0.050460068179396474, 0.03309344472634832, 0.8812252009311706], [0.018552252963854373, 0.9667436228328433, 0.005074489889423665, 0.009629634213878588], [0.01498698326164118, 0.9719242894769903, 0.0054305669917699495, 0.007658160169598635], [0.051883570458144394, 0.047247808069870195, 0.03622576939529193, 0.8646428519766934], [0.013406675176499764, 0.01128993358485722, 0.9701337122446193, 0.005169678894023673], [0.7845195054995588, 0.0707177882294636, 0.12417769074074944, 0.020585015430228053], [0.9164733538706381, 0.054176514370048195, 0.010026048860980475, 0.019324082798333177], [0.9141532032962087, 0.06417472463621773, 0.007788778536423171, 0.013883293431150334], [0.9082385858951372, 0.0700264243541518, 0.009936528890155238, 0.011798460760555752], [0.9074636937948751, 0.06370404112859639, 0.0071498096910680535, 0.021682455285460447], [0.9185802678987013, 0.05690736536557661, 0.009892558401600497, 0.014619808234121616], [0.01241076597978369, 0.024301324913139435, 0.2416708443464925, 0.7216170646605844], [0.005898173517350459, 0.010679992068925054, 0.9771422883875533, 0.0062795459261710766], [0.021611760333473756, 0.054345892170036054, 0.032449527121091684, 0.8915928202753985], [0.006538119470890563, 0.015931081767048223, 0.9709915373896411, 0.006539261272420097], [0.0059374841931169025, 0.9833537330786388, 0.0030816675129151463, 0.0076271151153291085], [0.0057599253794717205, 0.984214768155383, 0.003182331478584674, 0.0068429748865605836]], "ideal": "C", "sampled": "C", "correct": true}}
{"type": "result", "data": {"idx": 3, "options": ["First", "Second", "Third", "Fourth"], "probs": [[0.1442720462888409, 0.25746054133041146, 0.22378538036027432, 0.3744820319204733], [0.10669025777703545, 0.1874772012046257, 0.13714373110353417, 0.5686888098148047], [0.10312503782466512, 0.20528072536200054, 0.42809123544108574, 0.26350300127224857], [0.09734415716913969, 0.17649116584410154, 0.19082325126339353, 0.5353414256233653], [0.1280988641878675, 0.23586284324739631, 0.2982849567319178, 0.33775333573281835], [0.11849575576860705, 0.20496156962372825, 0.35423359535246457, 0.32230907915520013], [0.10869099717027848, 0.17935810867917085, 0.2610545222747469, 0.4508963717758038], [0.1009663641351823, 0.17194092271992747, 0.1719432174987511, 0.5551494955461391], [0.11926322941857392, 0.2411396752612818, 0.1820509880408323, 0.457546107179312], [0.10795766435847934, 0.22872552955025596, 0.28034392831931265, 0.38297287767195204], [0.125222083162002, 0.21654280372651216, 0.18525158805033, 0.4729835249611558], [0.08336772458286908, 0.14413962719863097, 0.5273880165515947, 0.24510463156690526], [0.08054054887713713, 0.1172844745377651, 0.21573289700971443, 0.5864420794753833], [0.07540598735669156, 0.1064444215919749, 0.21501118583350562, 0.6031384051178279], [0.09708851191505387, 0.17056076862301392, 0.15527956764633738, 0.5770711517155949], [0.11621807514459004, 0.16920997200704294, 0.32120782133705034, 0.39336413141131665], [0.1206161474785524, 0.2637055100070502, 0.14562844577636372, 0.47004989663803365], [0.15164983857248635, 0.33668796198053175, 0.1802623611351972, 0.33139983821178465], [0.12231829761235619, 0.1753807216707325, 0.18670590220014807, 0.5155950784167632], [0.14193760280195888, 0.18533032192911078, 0.20675686615893557, 0.46597520900999473], [0.13879074982153758, 0.23268446220720307, 0.172904412306209, 0.4556203755650503], [0.13781256150938437, 0.21699267820377757, 0.2875025994786651, 0.357692160708173], [0.14367760074143102, 0.19661041213347513, 0.1415772374617782, 0.5181347495633156], [0.19653222841438323, 0.22995538545136082, 0.143894127469014, 0.42961825856524194]], "ideal": "A", "sampled": "C", "correct": false}}
{"type": "result", "data": {"idx": 4, "options": ["Most women work in agriculture", "The percentage of women economically active in the labor force declined worldwide", "The percentage of women in the total labor force declined", "Women spend more hours per day working than men in all regions except Anglo America and Australia"], "probs": [[0.016906704747281797, 0.8948543458215227, 0.029219593335664443, 0.059019355995531056], [0.015443350514137243, 0.870101656170845, 0.019834746760140076, 0.09462024645487767], [0.020049457658052272, 0.1050701402090982, 0.7069855081463593, 0.1678948938864902], [0.03431955943720053, 0.11433932417951091, 0.0322470315254107, 0.8190940847578778], [0.026550121174246287, 0.6434099425083875, 0.13072083105125665, 0.19931910516610962], [0.03472159776696843, 0.3095723963251158, 0.03017433709964655, 0.6255316687082692], [0.5869203149401975, 0.08069006941144134, 0.20934461695716508, 0.12304499859119608], [0.6022728591216409, 0.11495818025276584, 0.07780542852986497, 0.20496353199572834], [0.7268987500378046, 0.16998307880129718, 0.026489051796335088, 0.07662911926456316], [0.788814572515204, 0.145922040128493, 0.048890882965739756, 0.016372504290563222], [0.6616177356545762, 0.14309252159908128, 0.035630928610035764, 0.1596588140363068], [0.8409693067167365, 0.09735076618053802, 0.04528285417744137, 0.01639707282528403], [0.019594123877028077, 0.010992508544307038, 0.944252147345474, 0.025161220133190842], [0.09309549161145433, 0.05919116538740852, 0.05559935958423612, 0.792113983316901], [0.11666200786885048, 0.7261218725437257, 0.02905052646538605, 0.12816559302203767], [0.1330326790825124, 0.8025235798218341, 0.04671481456826164, 0.01772892642739182], [0.12100999488067578, 0.10035584115636516, 0.03691502855125043, 0.7417191353117086], [0.40668002119676666, 0.18623505567078297, 0.3218325639951128, 0.08525235903733754], [0.15681298718129635, 0.05770227921447209, 0.3590778855242499, 0.4264068479799817], [0.13779448845523315, 0.07151411153342936, 0.09039717507663116, 0.7002942248347064], [0.3014846770326601, 0.25792730526186897, 0.06523158562440759, 0.3753564319810634], [0.5999709963198552, 0.2313192933566517, 0.1092999428401366, 0.05940976738335651], [0.130823498839029, 0.095745456018952, 0.05455411468887683, 0.7188769303531422], [0.5100674818716302, 0.13101003060707275, 0.26888139054773813, 0.09004109687355885]], "ideal": "D", "sampled": "B", "correct": false}}
{"type": "result", "data": {"idx": 5, "options": ["safety.", "better climate.", "better schools.", "overcrowding."], "probs": [[0.25694157904971443, 0.20982521144958532, 0.21313604075160006, 0.32009716864910015], [0.2734536744841566, 0.219848536831551, 0.24145638220707846, 0.26524140637721394], [0.2705706140298465, 0.3265261151024841, 0.14043978273774818, 0.26246348802992125], [0.2871166381812083, 0.34115683012302034, 0.1742554999935566, 0.19747103160221474], [0.26883565976262414, 0.3095910800744785, 0.143971813545555, 0.27760144651734237], [0.2847911502073869, 0.3033528120021501, 0.17557111903971434, 0.23628491865074866], [0.2075505883419177, 0.26664364732584706, 0.18326302143980808, 0.3425427427924272], [0.2273542630137721, 0.27012534719424214, 0.21037956129684274, 0.292140828395143], [0.21792591590159047, 0.322215213842441, 0.15705107852964525, 0.30280779162632326], [0.23718496094425612, 0.36182845997939156, 0.1709451449814047, 0.23004143399494761], [0.22934847384339452, 0.36099650376415826, 0.13280906876162582, 0.27684595353082136], [0.2314816495103129, 0.3878675881275816, 0.13405440346884084, 0.24659635879326466], [0.3356855413390609, 0.3154329547228662, 0.09926058942640172, 0.24962091441167117], [0.3758614398933392, 0.3021145434775919, 0.1299515631621672, 0.19207245336690162], [0.322869097004866, 0.2849980932933912, 0.1325512101003777, 0.25958159950136506], [0.3706042468177217, 0.30731189247872925, 0.13854050634906098, 0.18354335425448806], [0.37039643246406456, 0.3647657009239383, 0.09517023640537568, 0.16966763010662145], [0.36352060054006213, 0.38706485298275545, 0.09052745454287026, 0.15888709183431216], [0.2917615435810578, 0.24966949964078508, 0.13787078598587932, 0.3206981706922778], [0.3098241249985759, 0.24140902272094583, 0.17939836473168408, 0.2693684874487942], [0.2952601103266889, 0.2336599300168722, 0.1709549775833293, 0.30012498197310955], [0.31526995803124347, 0.2418159549104181, 0.1854310074006254, 0.257483079557713], [0.3197783720041438, 0.2912940854314193, 0.1511287034079523, 0.23779883905648463], [0.3242823481235471, 0.31442600485518457, 0.14173801241887826, 0.21955363450239004]], "ideal": "D", "sampled": "C", "correct": false}}
{"type": "result", "data": {"idx": 6, "options": ["Vietnam", "United Kingdom", "Germany", "Bolivia"], "probs": [[0.21334319986738381, 0.3687343244074455, 0.10726345914627176, 0.31065901647889893], [0.25042197665501253, 0.39404798430841514, 0.1164411704820444, 0.23908886845452793], [0.24302738136684646, 0.36488787423561553, 0.08939074245365848, 0.3026940018438795], [0.2441381124856522, 0.36096237741666554, 0.10019970310968628, 0.29469980688799596], [0.24558748276087375, 0.3864371112459169, 0.13351587255548655, 0.23445953333772274], [0.23441573532930118, 0.3576010327101242, 0.116056030204732, 0.29192720165584257], [0.17434110846099785, 0.4183915461540953, 0.1057608327366263, 0.3015065125482806], [0.2141526463735594, 0.44646208795103964, 0.10769639770607761, 0.23168886786932333], [0.19705926320353825, 0.3459663170073589, 0.12143757464500379, 0.3355368450440991], [0.2072592911733765, 0.3638612817203344, 0.13176992141568458, 0.29710950559060456], [0.192727687827264, 0.4344413642812651, 0.11332069505095799, 0.2595102527405129], [0.17434213343048707, 0.43164672392671466, 0.11083497601391565, 0.2831761665288826], [0.17184058982326764, 0.4188748580534136, 0.10261821688850696, 0.3066663351348118], [0.1905448855187951, 0.3973677694792381, 0.11203932594073997, 0.30004801896122685], [0.18335226176335728, 0.31689998504330696, 0.15683540700297796, 0.3429123460903578], [0.19436824277843281, 0.3307217009572546, 0.16887007420088504, 0.3060399819634275], [0.18196029147028348, 0.3794499478649858, 0.11390140330775274, 0.324688357256978], [0.1783784177882108, 0.434782212799555, 0.11883898307110208, 0.2680003862411321], [0.23352364051277175, 0.43650493671857715, 0.1138516830367988, 0.21611973963185227], [0.2214046451985526, 0.41391954643285006, 0.1096540408652273, 0.25502176740337], [0.23044488058504334, 0.41749596721944315, 0.11412281647098388, 0.23793633562452962], [0.20907320858955317, 0.40955878825706943, 0.10849816755231172, 0.2728698355010657], [0.2238818951726881, 0.39938943983589265, 0.09786329287534197, 0.27886537201607725], [0.23890520807876198, 0.41299811309169937, 0.09358675101645776, 0.2545099277130809]], "ideal": "D", "sampled": "D", "correct": true}}
{"type": "result", "data": {"idx": 7, "options": ["Chain migration", "Cluster migration", "Circular migration", "International migration"], "probs": [[0.1034155842484904, 0.18442122477643225, 0.13493725939796708, 0.5772259314771103], [0.06282598895243445, 0.12113515309462641, 0.2730216220927431, 0.543017235760196], [0.1196126332788315, 0.31525364280130785, 0.09175161203009574, 0.4733821117897649], [0.1316069454594845, 0.34686247940487874, 0.2384467614152957, 0.2830838136203411], [0.04681233997805004, 0.6669452760683928, 0.044689606433958605, 0.24155277741959852], [0.05194704350191287, 0.7062343516142975, 0.07925114957012055, 0.1625674552136691], [0.1113586359294972, 0.24715197100838285, 0.12624070784732672, 0.5152486851147933], [0.079050009186112, 0.17272656693677782, 0.23243662607947957, 0.5157867976976306], [0.10198840132782713, 0.42289753339299285, 0.09004614091681037, 0.38506792426236963], [0.10012916698339276, 0.4151742550727009, 0.23292774480325676, 0.25176883304064956], [0.0628552860385175, 0.6059524786629129, 0.05378316886992969, 0.2774090663286399], [0.05253067886805719, 0.7141539320724455, 0.07646524762966173, 0.15685014132983566], [0.4199728557035353, 0.2283549112607877, 0.0718726994862522, 0.27979953344942476], [0.494897573832707, 0.24885582914580812, 0.12714190047553728, 0.12910469644594758], [0.35531404875625, 0.17868708205438244, 0.07567373718811618, 0.39032513190125134], [0.40221924767856315, 0.19300264745498955, 0.19610293821059407, 0.20867516655585325], [0.45448301321041723, 0.37095880841111223, 0.07778199711695308, 0.0967761811615174], [0.38717276286752966, 0.4456842293034827, 0.06128491156626355, 0.10585809616272406], [0.7277207536503297, 0.1623752749334757, 0.031985678490457914, 0.07791829282573667], [0.7431537189021271, 0.17377725889201384, 0.03701594609456443, 0.046053076011294616], [0.7481275500351041, 0.13624462349904612, 0.02901765357947405, 0.08661017278637569], [0.7663064969383705, 0.13316544043859874, 0.04324891254706274, 0.05727914997596806], [0.7229267873310063, 0.22395795331192878, 0.021839339039831377, 0.03127592021723346], [0.7572508552299838, 0.19146766016258723, 0.02050582532294072, 0.030775659184488203]], "ideal": "C", "sampled": "D", "correct": false}}
{"type": "result", "data": {"idx": 8, "options": ["Religious differences", "A national holiday", "An attack by another country", "A charismatic national leader"], "probs": [[0.1719230187397776, 0.10601031305279787, 0.19189267490855166, 0.5301739931988728], [0.20118217758988374, 0.13624996826552954, 0.13199582104573737, 0.5305720329988494], [0.2039337903057251, 0.18878076968689433, 0.16141375897700744, 0.44587168093037316], [0.22169316473452108, 0.18395045946041416, 0.19883561724926338, 0.3955207584558013], [0.23347563691373965, 0.1791713955942721, 0.14391939126126144, 0.4434335761307268], [0.21248877046367542, 0.1416901647902896, 0.2952461838426983, 0.35057488080333665], [0.19897455872171502, 0.12657825270286266, 0.22560855071647265, 0.44883863775894967], [0.21061982760916756, 0.14263365523728483, 0.15659787549310122, 0.49014864156044635], [0.20094556512666006, 0.16933447877864616, 0.16930087665865526, 0.4604190793360385], [0.14125678695221675, 0.17868541737499685, 0.12086701506606225, 0.5591907805067241], [0.20802705857977027, 0.1646959881410415, 0.17255965849343918, 0.454717294685749], [0.15132567510470965, 0.16375707332280454, 0.156199248956904, 0.5287180025155818], [0.2162740987527237, 0.1375742359004607, 0.16590752942002207, 0.48024413582679354], [0.22564452548088432, 0.15042345000158364, 0.16776481019123404, 0.456167214226298], [0.19065966632069903, 0.1417938428440802, 0.18780072961953628, 0.47974576111568445], [0.1413700347180835, 0.1653931787210308, 0.10674791890817807, 0.5864888675527077], [0.2275173182927942, 0.18294806503987598, 0.1772753718724095, 0.4122592446949203], [0.15986731646846455, 0.16766099630109738, 0.12262390552725025, 0.5498477816031878], [0.25745378860147594, 0.17986544814884936, 0.14449370982496243, 0.41818705332471223], [0.24683548856557844, 0.14297681620604663, 0.29797141980912456, 0.31221627531925034], [0.24012497839538144, 0.20235120645075486, 0.1551203532325968, 0.4024034618212669], [0.19624567935156315, 0.18451441272695243, 0.15532341135011343, 0.463916496471371], [0.24799792847546828, 0.24432899453302254, 0.15771300384108117, 0.34996007305042803], [0.1773867799231776, 0.2141396275461379, 0.11821778902911391, 0.49025580340157054]], "ideal": "A", "sampled": "C", "correct": false}}
{"type": "result", "data": {"idx": 9, "options": ["Mediterranean climate", "Limited forest cover", "Growth of manufacturing", "Access to trade routes"], "probs": [[0.029040923802555726, 0.028199457025272223, 0.07775805022459767, 0.8650015688475744], [0.021992533454654767, 0.020369888339934812, 0.9369551733131122, 0.02068240479229821], [0.01959642073862321, 0.022246620013715145, 0.040226181055366385, 0.9179307780922953], [0.029935694112775767, 0.03193249061635849, 0.9052120109035849, 0.03291980426728082], [0.013468896441962698, 0.9756705974387685, 0.006270485684244253, 0.004590020335024499], [0.016647920917827467, 0.969187848822608, 0.007633299050599686, 0.006530931108964809], [0.015063145238507578, 0.019078824720520433, 0.04569219065100924, 0.9201658392899628], [0.01376061498925088, 0.019131840360339727, 0.95149975450646, 0.015607790043949446], [0.01106200934755723, 0.016122528905420767, 0.03516105886285141, 0.9376544027841706], [0.010064611885297463, 0.014667705683503184, 0.9663762501211149, 0.008891432210084432], [0.012838797147607002, 0.9747240277684915, 0.006362890109012163, 0.006074284874889232], [0.013021992565659437, 0.9734386440478864, 0.006980261857287719, 0.006559101429166455], [0.04037585707215229, 0.08838787422867667, 0.04438396045777196, 0.8268523081413991], [0.045439203349558525, 0.09491709085909514, 0.8341114110584481, 0.025532294632898234], [0.02375552599499084, 0.03409723272490634, 0.06164401985903382, 0.880503221321069], [0.016813855710511805, 0.020316172502670066, 0.9493419580106781, 0.013528013676140012], [0.013049237149270618, 0.9760799197902493, 0.005985220765413031, 0.004885622195066977], [0.014080257363405322, 0.974350288030677, 0.006459068136896522, 0.005110386369021105], [0.757489184923355, 0.17726581928058943, 0.04769011834038986, 0.01755487735566571], [0.7046420069312004, 0.20202626549329172, 0.07203316781737827, 0.021298559658129625], [0.7241879404131057, 0.1567573930005012, 0.08003544478662936, 0.039019221699763636], [0.6113826168620291, 0.1621871187747796, 0.11318236447422746, 0.11324789978896387], [0.6546644177578234, 0.14851967103666985, 0.16315803447772453, 0.033657876627782274], [0.6474229193192443, 0.1915719984514472, 0.08238408836470869, 0.07862099376459981]], "ideal": "D", "sampled": "D", "correct": true}}
{"type": "result", "data": {"idx": 10, "options": ["high birth rates with high but fluctuating death rates.", "declining birth rates with continuing high death rates.", "low birth rates with continuing high death rates.", "high birth rates with declining death rates."], "probs": [[0.22212858827500434, 0.37212563596759707, 0.09711160003330849, 0.30863417562409007], [0.25586632844729323, 0.27672464683584197, 0.3445994087932401, 0.12280961582362471], [0.21735549618679798, 0.24640163021012673, 0.18316837199192526, 0.35307450151115], [0.20901805471800802, 0.160300570118797, 0.509668715391284, 0.12101265967191097], [0.16118954000359037, 0.7004288382095856, 0.042082547823731824, 0.09629907386309222], [0.1540914423862962, 0.7017032184509603, 0.041505171158182856, 0.10270016790456059], [0.5490592366977488, 0.18973823738010825, 0.12450379688554793, 0.136698728936595], [0.5936088847873399, 0.19573469927333295, 0.12645255858551616, 0.08420385725381102], [0.5430565021441055, 0.26051796159383844, 0.059091156020953786, 0.13733438014110222], [0.5746858758253796, 0.28005132284978435, 0.06868261149347402, 0.07658018973136207], [0.6815003472760405, 0.22468212814057367, 0.037868051165472434, 0.05594947331791338], [0.6394472169195465, 0.2503765541837816, 0.0525159206376304, 0.05766030815904144], [0.2373976926982736, 0.2607954519963374, 0.24898555124253316, 0.25282130396285585], [0.23769781699479328, 0.2530850247214977, 0.36272491101943877, 0.1464922471642703], [0.22248694548850326, 0.6339997548497321, 0.04317769373049038, 0.10033560583127424], [0.22127038567938603, 0.6506398416500311, 0.047905453258513885, 0.08018431931206899], [0.18325869475952236, 0.6810367563381052, 0.04636484694973621, 0.08933970185263618], [0.18675146409405755, 0.6623120031963186, 0.05699931733109452, 0.09393721527852934], [0.730023904145733, 0.16801917175715692, 0.04386682709910533, 0.05809009689800469], [0.6966184117463089, 0.17886181997724068, 0.0438667891925371, 0.08065297898391335], [0.7328783145643071, 0.17953429742536792, 0.04073124225223466, 0.04685614565809032], [0.6957092336294918, 0.19014176866106486, 0.05043216086741739, 0.06371683674202594], [0.6714180140473959, 0.19533661335025657, 0.054289945795354656, 0.07895542670699292], [0.6797516991989927, 0.1916876598381614, 0.06630514610868106, 0.06225549475416478]], "ideal": "A", "sampled": "D", "correct": false}}
{"type": "result", "data": {"idx": 11, "options": ["Crude birth rate", "Replacement level", "Mortality rate", "Total fertility rate"], "probs": [[0.04630105031419441, 0.4825766599847594, 0.010503296277514135, 0.460618993323532], [0.033665693060315936, 0.9537720193364332, 0.006333904809193065, 0.0062283826940578], [0.040831034657412384, 0.03130983305073479, 0.36404828589674276, 0.56381084629511], [0.031742783526406936, 0.028014913652265987, 0.8853895814101161, 0.05485272131121092], [0.03222635231983792, 0.9568869603230926, 0.0033484993740157134, 0.007538187883053741], [0.035394216496898716, 0.9420523887656185, 0.002062672672114908, 0.020490721965367855], [0.7668500083902882, 0.025431495501170555, 0.0013068188364244286, 0.20641167717211686], [0.9281298796017947, 0.021826131922704346, 0.046948154930991096, 0.0030958334445098565], [0.6941145753149502, 0.036216058330888104, 0.0020120230312098753, 0.2676573432229518], [0.4238216266684696, 0.025059258380509805, 0.5443739063446127, 0.0067452085064079155], [0.9503757961821083, 0.048814229709187786, 0.0004192880300221686, 0.00039068597868172945], [0.928373922370008, 0.0693810320859149, 0.0007357835809836848, 0.0015092618630933963], [0.018535929869150158, 0.17866369621638703, 0.22593138924193282, 0.57686898457253], [0.025582737836920905, 0.20441071382489068, 0.6498343847066856, 0.1201721635315027], [0.01133285209457114, 0.8865711163799644, 0.004170813816325259, 0.09792521760913919], [0.0063480573612647775, 0.9722638166807288, 0.012434434530580844, 0.008953691327425614], [0.01361347350431816, 0.9696200472049167, 0.0015764692574011339, 0.015190009933363993], [0.011569436208099616, 0.9785755699488243, 0.0028362177606481957, 0.007018775982427828], [0.9709688707379359, 0.02283492470405827, 0.004291917726585108, 0.0019042867314207482], [0.9262028365789536, 0.03219152624645624, 0.00276999222989897, 0.03883564484469109], [0.9596464166594585, 0.037208392818325275, 0.0020036168970213315, 0.0011415735251948905], [0.9484546960525119, 0.04648736287849248, 0.002706632365004771, 0.0023513086039908472], [0.9400707383156521, 0.035884460464669456, 0.0029462663614044553, 0.021098534758273894], [0.9599057073653263, 0.027229602180284727, 0.009560873964751465, 0.0033038163896374735]], "ideal": "B", "sampled": "D", "correct": false}}
{"type": "result", "data": {"idx": 12, "options": ["Islam", "Christianity", "Hinduism", "Buddhism"], "probs": [[0.04052031140605616, 0.9083225713141677, 0.021034727323093496, 0.030122389856682683], [0.052208466143407926, 0.8697279353979115, 0.032690309959072454, 0.045373288399608164], [0.015816195560378322, 0.05352196795717609, 0.891502608561941, 0.03915922782050462], [0.022573441769311947, 0.06742050648746353, 0.07519971001587672, 0.8348063416273478], [0.026803446266509056, 0.07638158244836568, 0.8474995275856719, 0.04931544359945328], [0.02837780021298506, 0.09454968870108688, 0.07248500218308257, 0.8045875088028455], [0.43398385357164004, 0.43412016940082937, 0.05876856953804883, 0.07312740738948173], [0.3788439631083253, 0.4500563144233782, 0.07822417467050323, 0.09287554769779328], [0.31371056153762716, 0.25219010015074955, 0.3239256360455086, 0.11017370216611469], [0.17943636784344133, 0.223449915707485, 0.10889364763037326, 0.4882200687187004], [0.2705778616051784, 0.2503602355253535, 0.35318005956574694, 0.12588184320372117], [0.22900734202536213, 0.29884041465961264, 0.08833372176053385, 0.38381852145449136], [0.009835534212113835, 0.11086111373458096, 0.8323652114690486, 0.04693814048425654], [0.010972078847636997, 0.09633108191595617, 0.046936020075544906, 0.8457608190608619], [0.0034244552726563973, 0.9800389607093057, 0.009170161187754338, 0.007366422730283483], [0.0045124866897612035, 0.974805273895294, 0.006778345242107921, 0.013903894072836853], [0.00716162247064343, 0.028334185755314854, 0.7309600781617636, 0.23354411351227813], [0.0051757926072967, 0.026291416430625953, 0.9271715632651172, 0.0413612275969602], [0.016148271609004974, 0.15814516506393958, 0.7666198285755127, 0.05908673465154276], [0.013466646818215166, 0.1258486055130097, 0.03959274269472091, 0.8210920048740542], [0.0069039359234761045, 0.9630440799963687, 0.016316667752160115, 0.013735316227995068], [0.008046044322826202, 0.9599956100222643, 0.007927533534710205, 0.024030812020199258], [0.009135273377883354, 0.028590970031386928, 0.8101261340308942, 0.15214762245983549], [0.006717222510999616, 0.030112967943775413, 0.8942452384514525, 0.06892457099377242]], "ideal": "A", "sampled": "B", "correct": false}}
{"type": "result", "data": {"idx": 13, "options": ["redline area.", "threshold.", "range.", "hinterland."], "probs": [[0.04182893550149196, 0.08862075505855642, 0.10357868272597985, 0.7659716266139718], [0.015305598079584351, 0.04033730129830902, 0.9183146245435873, 0.026042475978519324], [0.023128425150302227, 0.048992509495074305, 0.045299115517768176, 0.8825799497368553], [0.02463192292448471, 0.04191626584530033, 0.8964636870892353, 0.0369881240409796], [0.030094398674273982, 0.8530709813967018, 0.041152458127949175, 0.07568216170107506], [0.02980346799770177, 0.8716845588000415, 0.03828544686140542, 0.06022652624085131], [0.04501641621528133, 0.10473555633816327, 0.09991225859131285, 0.7503357687552425], [0.02027114913472922, 0.046415684260724156, 0.8897146250822913, 0.043598541422255305], [0.03426781243002207, 0.060178479190344275, 0.1489160646457381, 0.7566376436338955], [0.009688434758531955, 0.01700842480147676, 0.9582942689486247, 0.015008871391366545], [0.010398396590010985, 0.9512180363625501, 0.016364362561645106, 0.022019204385793807], [0.012068495960860234, 0.9443283579414632, 0.019594749233083603, 0.02400839676459297], [0.026291972021913895, 0.07151883601001674, 0.0703867053071334, 0.8318024865609359], [0.023334963207721094, 0.04361482677884618, 0.87617660453986, 0.056873605373572646], [0.015552488863842579, 0.022285836832237504, 0.6024925387068114, 0.35966913549710855], [0.005528612957378432, 0.010493817622873007, 0.9748604458721097, 0.00911712344763881], [0.016233754245901132, 0.9150699392678115, 0.028503324891173642, 0.04019298149511364], [0.01776560631679429, 0.8976334583318057, 0.03070796366589299, 0.053892971585506974], [0.46988001640627713, 0.15501380531347542, 0.15992582379614503, 0.2151803543841024], [0.5939925642912998, 0.15991766034325702, 0.09111199864823463, 0.1549777766172086], [0.48555563514542105, 0.17319986164031187, 0.11181562138134077, 0.22942888173292633], [0.4896785464297371, 0.15903987462837174, 0.13391077916209249, 0.2173707996797986], [0.6504956434724745, 0.09978114738225648, 0.07186633294201712, 0.17785687610325193], [0.6015131383307304, 0.08271012331150202, 0.08015937237892579, 0.23561736587884177]], "ideal": "D", "sampled": "D", "correct": true}}
{"type": "result", "data": {"idx": 14, "options": ["the central city and its developed areas.", "the central city and its surrounding suburbs.", "the central city and its hinterlands.", "the central city and the adjacent counties."], "probs": [[0.9310980418623082, 0.051706936511449066, 0.013080155542031383, 0.004114865984211382], [0.9491895369991288, 0.04302195056594529, 0.0023172246128059975, 0.005471287722119938], [0.9388468141472355, 0.048976134477606195, 0.008515339622925024, 0.0036617116522333058], [0.9306267312830427, 0.05501072018349149, 0.00282730161634502, 0.011535246817120712], [0.34242478757491085, 0.020245049689591607, 0.6301104014968633, 0.007219761138634295], [0.5335744181807053, 0.02534741052276965, 0.42891455970631126, 0.012163611490213787], [0.9485670365000454, 0.045058093246147145, 0.004394545978714538, 0.0019803241750929726], [0.9564861680215069, 0.03886150709231461, 0.0014613558597083324, 0.0031909689264701317], [0.9493388044155171, 0.03680512119323493, 0.011230524981680909, 0.002625549309567068], [0.9579873312079902, 0.03772586066253247, 0.0015100414748756678, 0.0027767665546017013], [0.8221927052045904, 0.020581689640339757, 0.14977040057816782, 0.007455204476901997], [0.7117682707934743, 0.023605156731489794, 0.2578627471700662, 0.006763825204969747], [0.9483731794105436, 0.04298483596158599, 0.006099816371185128, 0.0025421681566853735], [0.9405118980197408, 0.048303292672754114, 0.0025216647178363076, 0.008663144489668848], [0.9344725140425058, 0.03679950309952095, 0.025304369476829684, 0.003423613281143557], [0.9566402975592572, 0.03708869055766201, 0.002299261642092153, 0.003971750140988601], [0.7163600175820315, 0.02528886282037798, 0.2476415788432541, 0.010709540654336377], [0.506505516826398, 0.024440890490445427, 0.46136170679504573, 0.007691885788110882], [0.08732469089404332, 0.28192548431228437, 0.5270307338397313, 0.103719090853941], [0.07667780666776633, 0.27189034220837616, 0.5326474308434943, 0.11878442018036323], [0.03783725300373541, 0.7720827064806726, 0.14513786514129132, 0.044942175274300646], [0.04442498344120604, 0.7059923821654245, 0.19923184290539103, 0.05035079138797845], [0.055262843955060544, 0.6629215203232489, 0.2256707956182306, 0.05614484000345987], [0.05605444478590361, 0.6619851189781387, 0.21842845433043032, 0.06353198180552733]], "ideal": "B", "sampled": "B", "correct": true}}
{"type": "result", "data": {"idx": 15, "options": ["Buddhism", "Christianity", "Islam", "Hinduism"], "probs": [[0.16915085027868854, 0.5378114300079764, 0.12380680539973568, 0.16923091421359943], [0.17353799808124315, 0.6059735967657951, 0.09738290236376261, 0.12310550268919918], [0.21194769124135304, 0.3183229219845064, 0.32847707970915063, 0.14125230696498997], [0.216253891565632, 0.4439306258711343, 0.1396964937308805, 0.2001189887323532], [0.23459230011453297, 0.3635082190342593, 0.22749296979576872, 0.17440651095543902], [0.20284607097656296, 0.32941643907934437, 0.22291158631100216, 0.2448259035330905], [0.4796019899276559, 0.2649169921219, 0.15334077520641848, 0.10214024264402558], [0.5173822199000768, 0.28135065079947097, 0.1084808888470199, 0.09278624035343234], [0.43912911410708805, 0.37568724151669153, 0.07753706722676244, 0.10764657704945797], [0.5060864241238916, 0.353353093629105, 0.08010004698727356, 0.060460435159729826], [0.48836813463680173, 0.2740018130714286, 0.11603110541802625, 0.12159894677374339], [0.5221630062002733, 0.2505810129833942, 0.15201089481922597, 0.0752450858971065], [0.3408852117649009, 0.23434706821640114, 0.3105507102134006, 0.1142170097052974], [0.3777111723596677, 0.30357592350325574, 0.12267910020400086, 0.1960338038330757], [0.27279972079646403, 0.5687057799058017, 0.0581045790036464, 0.10038992019408785], [0.2809871115926023, 0.594978268422455, 0.05622223722206921, 0.06781238266287339], [0.3266182389507118, 0.28831378911445327, 0.1183439396953229, 0.266724032139512], [0.35341257463800463, 0.2546150215346174, 0.27539072571536327, 0.11658167801201466], [0.26297868079233977, 0.32230184439481435, 0.28449148784687794, 0.13022798686596793], [0.2291977566729613, 0.31338072932323846, 0.25187067673842634, 0.2055508371653739], [0.2255920849338458, 0.508546814016902, 0.12463509663780621, 0.14122600431144594], [0.23351939814379932, 0.4502790435615203, 0.1605751019384294, 0.155626456256251], [0.22281908986724447, 0.4502630233314385, 0.11747983096855293, 0.20943805573276408], [0.2407790648464267, 0.3344008524560059, 0.2998517960054299, 0.1249682865921375]], "ideal": "D", "sampled": "B", "correct": false}}
{"type": "result", "data": {"idx": 16, "options": ["World cities contain the headquarters of many transnational corporations.", "World cities are well connected to secondary-level world cities.", "World cities contain many offices of multinational organizations.", "World cities are found only in the northern and western hemispheres."], "probs": [[0.018993550449729217, 0.09064865636956096, 0.04282923683695596, 0.8475285562437539], [0.037420513433850756, 0.07802147097762467, 0.7762593904149128, 0.10829862507361175], [0.021386965151065276, 0.09740030329146158, 0.05214529995939372, 0.8290674314980794], [0.020528947741264705, 0.05941807795263757, 0.8205628913885576, 0.09949008281754004], [0.04513491471124637, 0.7758469801141425, 0.05038865038601657, 0.12862945468859455], [0.04103203321824293, 0.7508107711409296, 0.04580255409681202, 0.1623546414440154], [0.028475082134957024, 0.09052789550734745, 0.04771345640032636, 0.8332835658573692], [0.06192846265826355, 0.07590188594235656, 0.7551457791490601, 0.1070238721503198], [0.03100731949796448, 0.09555132457215067, 0.0473043646091352, 0.8261369912207497], [0.049244550164924586, 0.054952403259602815, 0.8206980426464925, 0.07510500382898008], [0.11532797777452969, 0.6046202632642356, 0.06783727316157695, 0.2122144856996578], [0.12471017890645132, 0.6336117716638611, 0.06575139954222214, 0.1759266497874655], [0.030740969250439495, 0.09181708018469947, 0.045461900104905265, 0.8319800503599557], [0.03116587443641763, 0.057337728579448945, 0.8169763787408403, 0.09452001814329312], [0.025725151011490154, 0.09267838416424315, 0.04178184287035651, 0.8398146218539102], [0.04887845403121724, 0.06278060422791523, 0.7895835696085242, 0.09875737203234339], [0.06437543297708667, 0.6924404188925664, 0.047868928034876426, 0.19531521999547058], [0.06659873798354997, 0.7163088952686076, 0.059740199684546025, 0.1573521669632964], [0.5496468625360466, 0.25161573663245396, 0.09862452146355306, 0.10011287926794638], [0.5174564641575656, 0.25613993022056136, 0.0913941101430737, 0.1350094953787993], [0.5267623223362804, 0.2732541046243076, 0.08604999887231776, 0.11393357406709421], [0.5710682783290647, 0.2614152094249496, 0.0785543534296524, 0.0889621587163333], [0.5232631279459737, 0.2590161120046112, 0.07904302054109623, 0.1386777394083188], [0.5409724115784406, 0.25154530999529223, 0.09407077728761289, 0.11341150103865427]], "ideal": "D", "sampled": "D", "correct": true}}
