{"type": "result", "data": {"idx": 0, "options": ["Cerebral infarction during the hospitalization", "Complication of the IVC filter placement", "Compression of the lateral femoral cutaneous nerve", "Hematoma of the left thigh"], "probs": [[0.031037535932651322, 0.04885509009659264, 0.8664584351554914, 0.053648938715264716], [0.011286492552949633, 0.05473066166667202, 0.03587203130032546, 0.8981108143800529], [0.014498132980991004, 0.9554428288054903, 0.016435981341396275, 0.013623056772122489], [0.013160622003643981, 0.9524327183921887, 0.016130879114347726, 0.01827578038981962], [0.012608544164399065, 0.051486045994918926, 0.036488823126078644, 0.8994165866146033], [0.02337413784110778, 0.03977845458540702, 0.8917765518751362, 0.04507085559834902], [0.026480621475821864, 0.029099521303013638, 0.9058773814940216, 0.038542475627142886], [0.008685599104616967, 0.029866995370382482, 0.03127937027297869, 0.9301680351520218], [0.010064669808747206, 0.9650627301781208, 0.012145233248857827, 0.012727366664274108], [0.013795166165949209, 0.9528437227752874, 0.0156397512175746, 0.01772135974118878], [0.011674905875905958, 0.04478427298846938, 0.0288976722697268, 0.9146431487658978], [0.025753025354835365, 0.031081451958342585, 0.9090328415403892, 0.03413268104643286], [0.8509070078245917, 0.11158860213896558, 0.02610814324067261, 0.011396246695770109], [0.8242109813559945, 0.12637914409914278, 0.03003338092556902, 0.019376493519293735], [0.8627095512341748, 0.10965188948573025, 0.0179094125679874, 0.00972914661210754], [0.845262548189072, 0.11797901358451265, 0.022890295028924285, 0.013868143097491034], [0.8070066329921931, 0.14694655992270617, 0.026776484344412942, 0.01927032264068773], [0.8492815103289936, 0.11670607609844465, 0.022639696100914087, 0.011372717371647726], [0.013925836023058923, 0.04360050421410744, 0.03785881798153871, 0.9046148416812949], [0.03466423923401337, 0.042491920520206464, 0.8674318405334318, 0.05541199961234829], [0.013929990484847991, 0.04941866261564193, 0.031889173374970686, 0.9047621734245394], [0.03614345937605866, 0.03910464420523604, 0.8768478631096419, 0.04790403320906343], [0.008551252952778783, 0.9735817980562433, 0.007549604928878284, 0.010317343962099594], [0.012221750109777276, 0.971610863040669, 0.007894851420954033, 0.00827253532859961]], "ideal": "C", "sampled": "C", "correct": true}}
{"type": "result", "data": {"idx": 1, "options": ["Braxton Hicks contractions", "lower uterine retraction ring", "hypotonic uterine dysfunction", "primary dysfunctional labor"], "probs": [[0.20107691878820594, 0.28809305164039933, 0.15201201580399026, 0.35881801366740446], [0.2039395749952042, 0.29680356822627413, 0.18310934576214133, 0.31614751091638027], [0.1688970600064023, 0.24204572672143476, 0.09940250068799288, 0.48965471248417003], [0.23252974344132085, 0.395625644621962, 0.16001663564134672, 0.21182797619537042], [0.19245326803865634, 0.3076758132220959, 0.12839628946087714, 0.3714746291783706], [0.22688850420100798, 0.38006698515090986, 0.1513639963808688, 0.24168051416721337], [0.20952749803679274, 0.26081930422472593, 0.15587385790545305, 0.37377933973302824], [0.21097373331541885, 0.27096097851186474, 0.16448142632742718, 0.3535838617452892], [0.19679110483314274, 0.3794191620648156, 0.11399168944678066, 0.309798043555261], [0.2151000845612081, 0.4484262268190086, 0.124607886166507, 0.21186580235327626], [0.21479605616260486, 0.32254166128706857, 0.12445774206297683, 0.3382045403873497], [0.22397432730227582, 0.3580067615452072, 0.1640705688463248, 0.2539483422061921], [0.19660222528398968, 0.2299256324538141, 0.1086543500314777, 0.46481779213071855], [0.28512137700565465, 0.3604730313585382, 0.14573228140607067, 0.20867331012973647], [0.24487127695550145, 0.295428774880786, 0.10872738872330318, 0.35097255934040933], [0.2941805720035104, 0.37192040678119787, 0.13477826117121455, 0.19912075994407719], [0.30172179045407116, 0.35835437050914565, 0.1258856095511677, 0.21403822938561548], [0.29089954492521, 0.3564877509714313, 0.13969635962042978, 0.21291634438292895], [0.2223739971630522, 0.2600616746935964, 0.1329675882594764, 0.38459673978387493], [0.29190867701370055, 0.3360165009160121, 0.15164957713086485, 0.2204252448394225], [0.27345468776308746, 0.3457229630087907, 0.1072064010034166, 0.27361594812470524], [0.29386780538802587, 0.3773596994904724, 0.13897113914802162, 0.1898013558734801], [0.3078032089789384, 0.3830989839781833, 0.11336716839480455, 0.1957306385480737], [0.29623496088053347, 0.37451666031733155, 0.1379271874002695, 0.19132119130186548]], "ideal": "C", "sampled": "D", "correct": false}}
{"type": "result", "data": {"idx": 2, "options": ["The findings are clinically and statistically significant", "The findings are clinically insignificant but statistically significant", "The findings are clinically significant but statistically insignificant", "The findings are neither clinically nor statistically significant"], "probs": [[0.7414899368841746, 0.18170094216517904, 0.03931449989455066, 0.03749462095609564], [0.7442781550222866, 0.18239319866243567, 0.029324789471220726, 0.04400385674405707], [0.7995548828645038, 0.15498630672077263, 0.021316794636731536, 0.024142015677992013], [0.7880988193642038, 0.1677872106990368, 0.023438913963616272, 0.020675055873143108], [0.694237123274478, 0.1989062308903246, 0.03918311057865854, 0.06767353515653887], [0.7436603805643482, 0.1822393658586466, 0.038216604616019924, 0.03588364886098517], [0.008997911153742643, 0.977627450659742, 0.005049240589037218, 0.008325397497478144], [0.010300076253844015, 0.9721450510443213, 0.006757165565776242, 0.010797707036058537], [0.10604775966920028, 0.10283943549978063, 0.7031587047249834, 0.08795410000603572], [0.08014445543456389, 0.17515958528284217, 0.0937450665417863, 0.6509508926408076], [0.08320946958506167, 0.06483088243518026, 0.7901046952277376, 0.061854952652020394], [0.0479654506678257, 0.0954385073413651, 0.09394032962136936, 0.7626557122694398], [0.01124238089805691, 0.9663117185015211, 0.008228770165166982, 0.014217130335255054], [0.011578823039625102, 0.9644347095977146, 0.00888085893397652, 0.015105608328683804], [0.05527578626945792, 0.04443424608603979, 0.8258851150428057, 0.07440485250169657], [0.04800379168498761, 0.09114993904029421, 0.07322401388991745, 0.7876222552848007], [0.07379310604859977, 0.058401808354385555, 0.8066108852064557, 0.06119420029055898], [0.03773060384416864, 0.08375123017559535, 0.058451964574393195, 0.8200662013058428], [0.011565914435657345, 0.9784852315453857, 0.003756364826352028, 0.00619248909260498], [0.01212630769049966, 0.9789306920467673, 0.003475631517265671, 0.005467368645467348], [0.06310971087894089, 0.06313970691999692, 0.7939454666709252, 0.07980511543013692], [0.042626481022597515, 0.09611692171197055, 0.09313506528025392, 0.768121531885178], [0.06924902927748332, 0.06019466711163578, 0.7932759586711914, 0.07728034483968955], [0.0382893861880104, 0.08238237280473398, 0.07268141059964897, 0.8066468303076066]], "ideal": "B", "sampled": "A", "correct": false}}
{"type": "result", "data": {"idx": 3, "options": ["Atrial fibrillation", "Cor pulmonale", "Systemic hypertension", "Tricuspid valve regurgitation"], "probs": [[0.060104310954344306, 0.6170700237809706, 0.09931590481089733, 0.22350976035378772], [0.06070485010661247, 0.5947060628736321, 0.08059606015320359, 0.26399302676655184], [0.0800746300730901, 0.16185675439216823, 0.5402436215617161, 0.21782499387302554], [0.061870433115943056, 0.1462449363982242, 0.08213197152977757, 0.7097526588560552], [0.061612212362184275, 0.09399933726893371, 0.47824884476670926, 0.3661396055021728], [0.05060019937843128, 0.09761374151881698, 0.09468508228651307, 0.7571009767162387], [0.47163540471572596, 0.2905008218184246, 0.1292228112182648, 0.10864096214758462], [0.4828858231155241, 0.28825148078147494, 0.0967730701834623, 0.13208962581953868], [0.4663949310313177, 0.301058977812225, 0.11819303034554153, 0.11435306071091576], [0.5047858131267875, 0.3109173635417428, 0.10438657084315658, 0.07991025238831302], [0.45206168677322117, 0.23447817818548283, 0.12188852740264917, 0.1915716075386468], [0.490877266992139, 0.2506609540132786, 0.14537632355594984, 0.1130854553386326], [0.09852191889271432, 0.17301544875307967, 0.5097057477072412, 0.21875688454696487], [0.07127558120630584, 0.15101296523135413, 0.07843789851903792, 0.6992735549433021], [0.08075605452379749, 0.6257487628094768, 0.09030667081029166, 0.2031885117564341], [0.07492785453477128, 0.7003013669564558, 0.0824741299383343, 0.14229664847043855], [0.05930223972052022, 0.11440748549736647, 0.09058145297781624, 0.7357088217042971], [0.07663099124420829, 0.11691426707018317, 0.5588857281147271, 0.24756901347088145], [0.04703297075519151, 0.08522726562799861, 0.4138980492017845, 0.45384171431502535], [0.040285199576423326, 0.09672158883497295, 0.076578296142771, 0.7864149153458327], [0.041308076416536256, 0.5361850420947643, 0.07612395512665884, 0.34638292626204065], [0.035159857125338326, 0.6435309839657442, 0.08451643837192202, 0.2367927204369955], [0.0422229990320898, 0.10792348532789554, 0.07540625333031949, 0.7744472622096952], [0.04931769055160763, 0.11296380844767619, 0.5750227462852396, 0.2626957546154765]], "ideal": "C", "sampled": "B", "correct": false}}
{"type": "result", "data": {"idx": 4, "options": ["Median nerve at the wrist", "Musculocutaneous nerve at the forearm", "Radial nerve at the forearm", "Ulnar nerve at the elbow"], "probs": [[0.12634254520082125, 0.1574307919348258, 0.11163156062620806, 0.6045951021381449], [0.13022834643440084, 0.15972336349037594, 0.3718618022365851, 0.3381864877386381], [0.14509097149329564, 0.18364124120118316, 0.10464265161878611, 0.5666251355867351], [0.13968494949389232, 0.15359074333534772, 0.320468524676359, 0.38625578239440095], [0.0985595792648047, 0.6235501076618629, 0.06573807349533983, 0.21215223947799253], [0.10549761904081231, 0.6173232519103378, 0.06715134880809599, 0.21002778014075396], [0.06623963764244883, 0.5639212516905734, 0.04850183991223439, 0.3213372706547434], [0.06192204658900072, 0.6875184100828667, 0.08473429733336918, 0.16582524589476333], [0.11072828207069949, 0.1468348895300535, 0.29692413293863895, 0.44551269536060806], [0.10396978973527732, 0.13157447190947322, 0.3260260577154426, 0.43842968053980685], [0.054042620831013986, 0.7825145487445524, 0.04346296061251169, 0.11997986971192195], [0.05883676119860384, 0.7636364016256931, 0.036276734956339, 0.14125010211936398], [0.08726312119072824, 0.4233337826354722, 0.0724148233058703, 0.4169882727679292], [0.09255524930673459, 0.4779818164373196, 0.1528366689120134, 0.27662626524393247], [0.1118046724073891, 0.1392874131904388, 0.2227359281461419, 0.5261719861560302], [0.10800148202894508, 0.132467259917843, 0.3181234120305425, 0.4414078459226694], [0.06953320061911898, 0.6708273440858598, 0.0674715280645266, 0.1921679271304946], [0.07227993594251624, 0.6550649257452271, 0.059986709201594775, 0.21266842901066188], [0.12986084720787547, 0.5387402732225424, 0.09968044533566882, 0.23171843413391333], [0.14104386006760955, 0.47023089841864096, 0.0897556991240578, 0.2989695422896917], [0.17474579100407173, 0.20128677193089578, 0.3121261735898834, 0.31184126337514906], [0.1844467018525123, 0.20921860009668405, 0.14160403185846876, 0.4647306660923349], [0.17172541490232668, 0.1801118036974475, 0.336888119703584, 0.3112746615966418], [0.19784790291536972, 0.21413618218723007, 0.16171765611062125, 0.42629825868677895]], "ideal": "D", "sampled": "D", "correct": true}}
{"type": "result", "data": {"idx": 5, "options": ["Fatty acid oxidation", "Fatty acid synthesis", "Gluconeogenesis", "Glycogenolysis"], "probs": [[0.6409330463776493, 0.2510532709725413, 0.05779818324221598, 0.0502154993075934], [0.6411036967795677, 0.2511161910326783, 0.053470035142879374, 0.054310076944874636], [0.6827450153980513, 0.22169306538161593, 0.055185987692782434, 0.04037593142755034], [0.6709255675438502, 0.22476855253070827, 0.051745076498356773, 0.05256080332708469], [0.6709175155379059, 0.22477253917221146, 0.05174729920987165, 0.052562645980011], [0.6552112053036294, 0.23004014616364468, 0.05379263643536993, 0.0609560119973559], [0.4687755475287087, 0.4138181270814097, 0.05778964321914052, 0.05961668207074108], [0.43982437412447456, 0.4198456719837171, 0.061444875075651245, 0.07888507871615709], [0.5307548641627753, 0.27543157336341756, 0.12417419253538074, 0.06963936983842638], [0.44283689405277243, 0.2524324391972852, 0.0819476906331811, 0.2227829760167613], [0.5208564685743856, 0.24612180909307402, 0.1424803797769891, 0.09054134245555129], [0.4596221192930061, 0.23121801248995041, 0.08505093194073278, 0.22410893617631064], [0.21811364398883046, 0.6026590229062991, 0.09241979374079341, 0.08680753926407697], [0.18903673679172955, 0.5560748866577498, 0.08264019770452534, 0.17224817874599527], [0.27784079724514843, 0.39211550935334066, 0.2066768289400614, 0.12336686436144953], [0.19905885748415542, 0.2639912821977364, 0.10830058801882803, 0.4286492721992801], [0.22876809876014087, 0.1839710501244134, 0.3547182433655526, 0.23254260764989318], [0.2002620786150084, 0.15857894244459136, 0.21671747513280337, 0.42444150370759687], [0.16805526374501764, 0.6249212491573761, 0.09144312823715771, 0.1155803587604485], [0.14151686850315381, 0.6056890071528153, 0.08195911591303667, 0.17083500833099427], [0.2244800362434026, 0.47560761082792075, 0.1593395048122137, 0.14057284801646291], [0.18490329408239203, 0.3623874782130001, 0.11223173315109845, 0.34047749445350933], [0.19074221806148595, 0.15826056113421344, 0.4171234257306309, 0.23387379497366972], [0.1637177543006546, 0.13168042308203934, 0.26598249674242036, 0.43861932577488566]], "ideal": "A", "sampled": "A", "correct": true}}
{"type": "result", "data": {"idx": 6, "options": ["Reassurance", "Assess for suicidal ideation", "Begin dextroamphetamine therapy", "Increase oxycodone dosage"], "probs": [[0.1714721832801361, 0.6378737925053206, 0.07631729081691907, 0.11433673329762417], [0.16450766156292582, 0.6616994910468685, 0.05883256871345902, 0.11496027857674661], [0.23910472215833112, 0.2798925512797239, 0.27627010895812, 0.204732617503825], [0.19254846438594359, 0.2400030886886229, 0.0970831715125401, 0.47036527531289335], [0.21654653670310176, 0.11971206363673424, 0.5383081240643277, 0.12543327549583627], [0.24808352051306876, 0.21926385305595114, 0.13528917246368455, 0.3973634538672955], [0.3735883831604256, 0.3738389014823915, 0.11063353716220782, 0.14193917809497508], [0.3812457890334518, 0.40608173302164624, 0.09071158549242395, 0.12196089235247803], [0.39420815710941487, 0.20789061174860982, 0.21152834276932647, 0.1863728882726488], [0.3618813779728434, 0.24505773366815317, 0.11956089077857264, 0.27349999748043075], [0.38880051916528285, 0.21824840684653193, 0.2119503413800694, 0.1810007325081158], [0.37271179356752765, 0.24460313300565875, 0.11388852021864662, 0.26879655310816697], [0.2192861008850335, 0.26894809190038965, 0.33540568733403653, 0.17636011978054028], [0.18865928558150574, 0.30188329430494554, 0.09654119851377499, 0.4129162214997737], [0.17744115293508805, 0.5733870478855125, 0.1130247859750683, 0.1361470131043311], [0.16313373829378278, 0.5973575683606897, 0.07365746027087378, 0.16585123297465384], [0.21186068879269768, 0.18431617709246825, 0.18164122510278413, 0.42218190891205], [0.2079852372199928, 0.1344059556588235, 0.4929763674243047, 0.16463243959687904], [0.22057125978309233, 0.1565791973393266, 0.468721824653797, 0.15412771812378404], [0.22062552126716098, 0.39386537621444007, 0.10610995486136798, 0.27939914755703094], [0.13936596448017044, 0.7426083529807606, 0.04678968618578828, 0.07123599625328077], [0.13975627146262473, 0.7563137697437644, 0.03889073644264763, 0.06503922225096327], [0.23001723331918736, 0.17661009990311993, 0.18245400758429736, 0.4109186590933953], [0.2119690376003244, 0.11901294704855589, 0.5186144824987853, 0.15040353275233445]], "ideal": "B", "sampled": "B", "correct": true}}
{"type": "result", "data": {"idx": 7, "options": ["Defect in thyroxine (T4) biosynthesis", "Graves' disease", "Multinodular goiter", "Riedel's thyroiditis"], "probs": [[0.04061557679274307, 0.8966064352024816, 0.014505453244202817, 0.04827253466057252], [0.040188108908087515, 0.8873186987578502, 0.01576459643831809, 0.056728595795744165], [0.05165432604704425, 0.054166688004059875, 0.8102612230596065, 0.08391776278928943], [0.05144821019419246, 0.0726158553930752, 0.05566165470565159, 0.8202742796070808], [0.04925338178380528, 0.05247163027000232, 0.8231011032235065, 0.07517388462268586], [0.05689444604298924, 0.07905145283189605, 0.06351886925653973, 0.800535231768575], [0.8625976474562379, 0.10294470228322335, 0.017382280964090224, 0.017075369196448496], [0.8628272782987071, 0.10297303341860221, 0.016851675485603172, 0.017348012697087467], [0.8472530272852713, 0.11638840996430942, 0.019053595723672996, 0.017304966926746327], [0.819232206931873, 0.12952238971395574, 0.02365930497186451, 0.02758609828230671], [0.8429453544824265, 0.117611410631633, 0.020828171126528974, 0.018615063659411506], [0.8349754151241312, 0.11833334624825724, 0.02374314312590794, 0.02294809540170357], [0.12598684886435937, 0.10781796881970193, 0.6724953099602872, 0.09369987225565156], [0.08788955603657442, 0.11292918530150803, 0.06141186034416337, 0.7377693982177542], [0.1291755231129654, 0.804242786984981, 0.020493549811941857, 0.04608813999011178], [0.1391275576783005, 0.7525871079626268, 0.03018406890716568, 0.07810126535190694], [0.10922193350708173, 0.15412535575634878, 0.0763627330475614, 0.6602899775890081], [0.13523341210199794, 0.11217969982024915, 0.6580998651733087, 0.0944870228044443], [0.15446086002138495, 0.10623069232040502, 0.6226089510347094, 0.11669949652350059], [0.12759808179943127, 0.12969340865855164, 0.08246127822398852, 0.6602472312180285], [0.15310666662314315, 0.7541932531149114, 0.032694644076140957, 0.060005436085804546], [0.1590156119829516, 0.724251037199276, 0.036717437477593304, 0.0800159132401791], [0.1338890383672649, 0.1615976441221062, 0.08390765141326499, 0.6206056659973639], [0.16262521332739394, 0.1153785546121421, 0.5971929608341787, 0.12480327112628523]], "ideal": "C", "sampled": "B", "correct": false}}
{"type": "result", "data": {"idx": 8, "options": ["Inferior deep cervical", "Parotid", "Retropharyngeal", "Submental"], "probs": [[0.27864573722402886, 0.3525405911724534, 0.13401735518919236, 0.23479631631432538], [0.26091585143838525, 0.2959794169959849, 0.10242057819580339, 0.34068415326982643], [0.34566340362047693, 0.40438432099924304, 0.07608945780364916, 0.17386281747663088], [0.32044008247537953, 0.39909376804846874, 0.09200930448356355, 0.18845684489258818], [0.2937209285969795, 0.31787991283724887, 0.0897785790936383, 0.2986205793721333], [0.3096575942427923, 0.3856474641876971, 0.12541091067100407, 0.1792840307985065], [0.18718136845147382, 0.5093094109979582, 0.11027204989284242, 0.19323717055772555], [0.17625654706812005, 0.43674342518422327, 0.10063020584083006, 0.28636982180682663], [0.19898484052263132, 0.38385947390951236, 0.17318871099442731, 0.24396697447342897], [0.20858432597313686, 0.3183175433366542, 0.10667573768766464, 0.3664223929025443], [0.18163444641306944, 0.2997428565841045, 0.17358984568737074, 0.34503285121545535], [0.2122496068265381, 0.3613060712453025, 0.1268886029593418, 0.2995557188688176], [0.2684220491394316, 0.4428956211208922, 0.08594398368411232, 0.20273834595556392], [0.2589876767281442, 0.4273403775565818, 0.09544775315676213, 0.21822419245851188], [0.2371231572296942, 0.26891518838615575, 0.2529529147917212, 0.24100873949242885], [0.24338457348572087, 0.23243908928154733, 0.10318577442308227, 0.4209905627096495], [0.24137895526197617, 0.3301880159699943, 0.194351470282654, 0.23408155838537548], [0.259876555026633, 0.2520920988387821, 0.09134645218263064, 0.39668489385195427], [0.21385487059167899, 0.38762829859041076, 0.09659092415174302, 0.3019259065661672], [0.2402591633479196, 0.47817726493532176, 0.11373732643964989, 0.16782624517710876], [0.19980695841698526, 0.3146225213689894, 0.16593861578235633, 0.319631904331669], [0.22816756705397903, 0.3764420803474757, 0.12421350364953161, 0.2711768488490136], [0.22466126751623838, 0.41350461280694967, 0.15715511609994742, 0.20467900347686455], [0.2223884413380163, 0.29485993915395914, 0.08585374609594384, 0.3968978733120807]], "ideal": "D", "sampled": "A", "correct": false}}
{"type": "result", "data": {"idx": 9, "options": ["Carbonic anhydrase inhibitor", "Na+ \u2013Cl\u2212 symport inhibitor", "Na+ \u2013K + \u20132Cl\u2212 symport inhibitor", "Osmotic diuretic"], "probs": [[0.18143653729505965, 0.1932779694362399, 0.38479089619773915, 0.2404945969709613], [0.1584741825616325, 0.1854366400392204, 0.13568111444063488, 0.5204080628585123], [0.30915013413243686, 0.2524681128676806, 0.19370080817343152, 0.24468094472645102], [0.255912083842551, 0.22250071661181262, 0.1603278445890624, 0.361259354856574], [0.17429199361798645, 0.20715616385988078, 0.15156700618938918, 0.4669848362327436], [0.243753753764282, 0.23275788922491983, 0.1900594773680803, 0.3334288795427179], [0.16306747008518477, 0.32967161146468504, 0.27353157775254855, 0.2337293405975817], [0.16194749118180096, 0.23218472645620347, 0.1365156789958408, 0.46935210326615473], [0.1970261423253448, 0.20028280615067992, 0.32025860188344996, 0.2824324495405253], [0.20055920776032887, 0.2577369732081355, 0.14234639278578676, 0.3993574261457489], [0.18161575494380588, 0.19349081812354185, 0.1604231595832619, 0.4644702672493904], [0.17606852946904933, 0.1817793100890532, 0.35619378086342846, 0.28595837947846897], [0.10787663103775678, 0.6022006407269785, 0.10630954293535476, 0.18361318519990996], [0.13457043567869262, 0.5083034075906953, 0.12075898885084829, 0.2363671677797638], [0.20222980384681324, 0.18425864528537916, 0.32362092502519585, 0.2898906257426117], [0.20894793919309274, 0.21573926302059368, 0.14600051318142204, 0.4293122845048915], [0.2150089591526553, 0.19900809226430177, 0.20220687983398158, 0.38377606864906133], [0.2041695209017158, 0.21081093893972172, 0.17208617203092078, 0.4129333680276417], [0.16696764029479352, 0.27986612079128037, 0.15219585142414163, 0.4009703873897844], [0.18615832368186214, 0.35353865162357895, 0.18065949734253614, 0.27964352725202274], [0.18084477425330758, 0.2513075247545325, 0.1597757833969493, 0.4080719174952106], [0.17090499870826426, 0.2527852801555763, 0.33517325903561196, 0.24113646200054753], [0.2164379559343106, 0.2914875317153523, 0.17686692577916813, 0.315207586471169], [0.209987459160993, 0.3204609346344048, 0.16373645743499715, 0.305815148669605]], "ideal": "B", "sampled": "C", "correct": false}}
{"type": "result", "data": {"idx": 10, "options": ["Chest x-ray", "Complete blood count", "Determination of serum albumin concentration", "Determination of serum digoxin level"], "probs": [[0.15897645054657947, 0.14039696751621086, 0.5390466451105851, 0.1615799367266246], [0.14423172389363947, 0.21007374239957274, 0.13355508644370456, 0.5121394471630832], [0.14199724157237034, 0.6173350534417029, 0.09177802091911473, 0.148889683966812], [0.13857894618246924, 0.6119001279196633, 0.09241098565388287, 0.1571099401439846], [0.1407606494512658, 0.14310747810087468, 0.14088879944133922, 0.5752430729065203], [0.16208754760734007, 0.15238447840593716, 0.4772880615347127, 0.20823991235201006], [0.1926033347652474, 0.1366544365746219, 0.5084610580889549, 0.16228117047117574], [0.16450478889616818, 0.18367797803481556, 0.1282488050221342, 0.5235684279468821], [0.24368324147162118, 0.47742520335235666, 0.1033065288170228, 0.17558502625899935], [0.27106910335387635, 0.4988091178005766, 0.09379144547407937, 0.13633033327146774], [0.14709227727774066, 0.15917334856090598, 0.12016128299818045, 0.5735730910631729], [0.1958618461889862, 0.15025395153450463, 0.5253731011818987, 0.12851110099461044], [0.26032109494460576, 0.28167603718348677, 0.17637496133620326, 0.28162790643570423], [0.23688382339118166, 0.2996707424368965, 0.13943683476379143, 0.3240085993081304], [0.25326059020789826, 0.34102944552556097, 0.1562565909544313, 0.2494533732121094], [0.2869842605455193, 0.38036924030003166, 0.11254133115266884, 0.22010516790178017], [0.2621869625401438, 0.2464687117776251, 0.17488840928913826, 0.31645591629309283], [0.27666607908620544, 0.22949444097212449, 0.22973502022316, 0.2641044596185101], [0.10943440928803666, 0.13210496108246592, 0.14737802522827592, 0.6110826043012215], [0.13318410117533824, 0.13535953653413868, 0.5707256027269173, 0.16073075946360582], [0.10801097830058097, 0.17006449526385908, 0.1187278413559072, 0.6031966849796527], [0.14495704116552788, 0.147314434756301, 0.5930063348790443, 0.11472218909912683], [0.0933970892392957, 0.7015169293343093, 0.09061166708263632, 0.11447431424375863], [0.09568822454217016, 0.7186797910111683, 0.0942991680877917, 0.09133281625886983]], "ideal": "D", "sampled": "C", "correct": false}}
{"type": "result", "data": {"idx": 11, "options": ["Amoxicillin", "Cefaclor", "Ciprofloxacin", "Erythromycin"], "probs": [[0.1614645075200113, 0.2042406736336353, 0.37607495852300954, 0.2582198602233439], [0.17296694934276327, 0.2365889294243677, 0.1481355362325798, 0.44230858490028924], [0.19704703081804067, 0.3354058663332591, 0.1714696637062522, 0.29607743904244804], [0.18597219223780243, 0.32153995279166164, 0.12797375594172553, 0.3645140989288104], [0.17325029749179993, 0.2091153201515378, 0.14606056670693562, 0.47157381554972666], [0.1721660946583924, 0.23180477901209978, 0.20152594458763673, 0.3945031816418711], [0.15408659781077727, 0.44625056770821747, 0.20774296485449323, 0.19191986952651202], [0.14521816371419216, 0.48408591742443075, 0.0815714597620455, 0.2891244589993316], [0.16835849487166338, 0.3247754670287878, 0.33029294995023817, 0.17657308804931066], [0.15164736363704562, 0.3263475693837562, 0.08252349741001709, 0.4394815694691811], [0.16839839249970243, 0.21978344708742095, 0.36276014832026543, 0.24905801199261124], [0.16111181385037104, 0.21696704750328058, 0.14012021868915503, 0.48180091985719337], [0.1922784774152654, 0.34300041706410916, 0.15230278896213625, 0.31241831645848916], [0.1847148564975747, 0.36757743902669354, 0.13319017190182728, 0.3145175324739045], [0.18754675330790363, 0.18190076268436867, 0.436913479980951, 0.1936390039267767], [0.171895584422527, 0.20427537387110772, 0.08515465559642378, 0.5386743860099414], [0.18317591323320548, 0.19509450217198188, 0.35917328178986585, 0.2625563027049468], [0.17255191888913365, 0.17267394450086537, 0.09687590069567752, 0.5578982358143234], [0.1389754317180206, 0.27659828498422345, 0.11356003259327997, 0.47086625060447596], [0.1365588713581238, 0.30317970203766215, 0.22195947996663296, 0.3383019465375811], [0.13414387403577233, 0.13011828063617334, 0.507395207831188, 0.22834263739686636], [0.12660192121471375, 0.12868809846519977, 0.20253927381136813, 0.5421707064087183], [0.14715707081340812, 0.20127434726618115, 0.37644224794255926, 0.27512633387785146], [0.13779316533186342, 0.18555938780927136, 0.08630988553100759, 0.5903375612278576]], "ideal": "D", "sampled": "A", "correct": false}}
{"type": "result", "data": {"idx": 12, "options": ["Facial nerve", "Frontal sinus", "Mastoid sinus", "Olfactory nerve"], "probs": [[0.1812526434478705, 0.2641441523764634, 0.1762050539078937, 0.37839815016777234], [0.18780463281502668, 0.2823948390079945, 0.13144112219573975, 0.3983594058812391], [0.18883507597785476, 0.2505635506902314, 0.1724489701017112, 0.38815240313020266], [0.1994899570970442, 0.2773433203415397, 0.15571992891721717, 0.36744679354419896], [0.1628578329349296, 0.1936824648437304, 0.2000770151426542, 0.44338268697868577], [0.18856191633246216, 0.23498560485874173, 0.1950415819688305, 0.3814108967399656], [0.20026672479295518, 0.24193533171073203, 0.18876054037290257, 0.3690374030234102], [0.19125364433918707, 0.2205072161259202, 0.14251304949120525, 0.4457260899436875], [0.1932691152658977, 0.2951679703398204, 0.14407817386606042, 0.36748474042822143], [0.1555682774883939, 0.2569121565018187, 0.12928221347933333, 0.45823735243045405], [0.18387044690393833, 0.22215675974417287, 0.17876565188221144, 0.41520714136967735], [0.17382674176484658, 0.21667768381869174, 0.17158977941331655, 0.43790579490314513], [0.20638794579862152, 0.2416372375950802, 0.17166298114541212, 0.38031183536088614], [0.21344228722828906, 0.23843590133296977, 0.13597672091485438, 0.4121450904238868], [0.20501943504163372, 0.2762924905012304, 0.13487319043986962, 0.38381488391726626], [0.16566694283813918, 0.24523276116584578, 0.12342583396238636, 0.46567446193362866], [0.19959084390207715, 0.23002670360251684, 0.18508098741884463, 0.38530146497656137], [0.17907392976877473, 0.2163126021407299, 0.15355725584878765, 0.4510562121417077], [0.15498421518350808, 0.21546689958008564, 0.17334205943651437, 0.4562068256998919], [0.16602402175900186, 0.24956303457937112, 0.16642152515273897, 0.41799141840888804], [0.17849761511832085, 0.2812559646273924, 0.13094146743510268, 0.40930495271918405], [0.16468911116695256, 0.23627758375841307, 0.15754601592553769, 0.4414872890490967], [0.17952008543603512, 0.24191541967357, 0.15391054747949726, 0.4246539473108976], [0.1596329235816247, 0.21515538116859642, 0.15509358277995539, 0.4701181123698235]], "ideal": "D", "sampled": "C", "correct": false}}
{"type": "result", "data": {"idx": 13, "options": ["anterior scalene", "latissimus dorsi", "pectoralis minor", "supraspinatus"], "probs": [[0.12141102370283306, 0.07975071548989544, 0.13144959312183058, 0.6673886675854409], [0.1447826749200669, 0.1183065034859483, 0.2544838482502312, 0.4824269732437536], [0.05828241894775405, 0.7448052624463307, 0.05924080573844067, 0.13767151276747452], [0.05338646977368474, 0.6612495483728317, 0.06053145703672482, 0.22483252471675874], [0.156728146109284, 0.394494706434874, 0.132095379635962, 0.31668176771988], [0.11783794881956658, 0.14010092405913582, 0.2135892478373256, 0.528471879183972], [0.04880676300072869, 0.04889784635326735, 0.06271856604656702, 0.8395768244994369], [0.06714031944706661, 0.05840236780062968, 0.6089086026671869, 0.26554870998511676], [0.06476782309933397, 0.30950415361933453, 0.06584156352995227, 0.5598864596513792], [0.061568475794830664, 0.12451622541109134, 0.705859894191222, 0.10805540450285599], [0.029728009609348228, 0.8834313588491243, 0.02584434265228497, 0.06099628878924251], [0.03168417530758585, 0.8846342016130857, 0.029784457921524222, 0.05389716505780427], [0.2438264990464368, 0.16512351105477127, 0.1208009523211531, 0.47024903747763885], [0.2263175113977665, 0.15566355550737884, 0.13107488266856732, 0.48694405032628735], [0.2595526757776759, 0.15510436197587887, 0.10017989127022073, 0.4851630708762245], [0.3680861184203264, 0.182293692740638, 0.3355829019335231, 0.11403728680551253], [0.20075846165106334, 0.22065213813628906, 0.10421458863649533, 0.47437481147615224], [0.32411247647637154, 0.48680575431839385, 0.08867199831862631, 0.10040977078660833], [0.35273856183889646, 0.27491069042102173, 0.11824052867780277, 0.25411021896227903], [0.22637731509261486, 0.15331516125204328, 0.13318378128817351, 0.48712374226716837], [0.4136512258448385, 0.26308755848003124, 0.09835413011809502, 0.22490708545703528], [0.47208340544499594, 0.26084618980522617, 0.16336908447989046, 0.10370132016988742], [0.18640919962421998, 0.31246136684686504, 0.10628422776934926, 0.3948452056595657], [0.2278672537615344, 0.6102309640562964, 0.0740382202182218, 0.08786356186394742]], "ideal": "D", "sampled": "D", "correct": true}}
{"type": "result", "data": {"idx": 14, "options": ["anteriorly deviated distal femur", "plantar flexed cuboid", "posteriorly deviated fibular head", "unilateral sacral shear"], "probs": [[0.27622004929075045, 0.19906481801866413, 0.1347786018895643, 0.3899365307010211], [0.2597513833345208, 0.23664597027089992, 0.14820508878246696, 0.3553975575121123], [0.2682720938571612, 0.18162863903528204, 0.16547980409756116, 0.38461946290999555], [0.25500233118676696, 0.18962141227113766, 0.18395013437592886, 0.3714261220661665], [0.26705555318853974, 0.26309202294812334, 0.1523770906941397, 0.31747533306919723], [0.28272801634822253, 0.2535813748582936, 0.13794827459863193, 0.3257423340948519], [0.29074612690202833, 0.21956107345353998, 0.14412398849661334, 0.34556881104781834], [0.25559456610540254, 0.2557147588644161, 0.16019337412940657, 0.3284973008007748], [0.2844698683159078, 0.20180745735005196, 0.1648975757998056, 0.34882509843423465], [0.23094866479266882, 0.17443620636995086, 0.16928059846613974, 0.4253345302712406], [0.2501888051435146, 0.3019324034726407, 0.1362315754823225, 0.31164721580152216], [0.23501619344065547, 0.21750156255124226, 0.12798887299228023, 0.41949337091582206], [0.23406042505040275, 0.19115776106528823, 0.16358739379777876, 0.4111944199865303], [0.23407922777700738, 0.1941955271648566, 0.19133435537485116, 0.3803908895832849], [0.23951178429843306, 0.2181947645595812, 0.1344819644781283, 0.40781148656385746], [0.21534853323179315, 0.19620960043523403, 0.1528976605053133, 0.4355442057276595], [0.2636026559626901, 0.26375125034874297, 0.13907574737509967, 0.3335703462134672], [0.24712534614603096, 0.23596746078705652, 0.1454855523185315, 0.371421640648381], [0.3383547365327081, 0.24380832908099637, 0.132658362375345, 0.28517857191095053], [0.3587331935876548, 0.23168655364556304, 0.11657899927750458, 0.29300125338927757], [0.32639210683437375, 0.28811320015634156, 0.114704777705268, 0.2707899152040167], [0.30455592271620274, 0.2194493561763659, 0.1139530986433517, 0.36204162236407966], [0.36040184730252617, 0.21193668471024898, 0.1286573482231379, 0.29900411966408696], [0.3402834883034212, 0.19096620663530608, 0.13342604238585584, 0.33532426257541686]], "ideal": "C", "sampled": "D", "correct": false}}
{"type": "result", "data": {"idx": 15, "options": ["Administer amobarbital and then interview the patient", "Ask the patient to provide a narrative with detailed description of the incident and of his symptoms", "Interview the patient under hypnosis", "Interview the patient while paying close attention to his willingness to make eye contact"], "probs": [[0.10736100694539437, 0.7455157262985167, 0.05234801924742366, 0.09477524740866525], [0.09136435286497473, 0.7534550939478327, 0.06088689273485877, 0.09429366035233379], [0.12124526477109486, 0.08735529108099539, 0.698418778016986, 0.09298066603092374], [0.09139729899152135, 0.1531187421955719, 0.0900064544288743, 0.6654775042840324], [0.16173316580825495, 0.12601201598468798, 0.6110210467841212, 0.10123377132293587], [0.109924180567219, 0.20545605894502125, 0.08974612226350832, 0.5948736381242514], [0.613711538155516, 0.2188331641739566, 0.06079581029401658, 0.10665948727651077], [0.5757547997943934, 0.24381383342786445, 0.0755650968936108, 0.10486626978413134], [0.7042458101806549, 0.17257404465717288, 0.040373989012324994, 0.08280615604984727], [0.7571476185735998, 0.15382102302213746, 0.038305152631875915, 0.05072620567238683], [0.7207402312365754, 0.1880184495865342, 0.03478794700101589, 0.056453372075874565], [0.8104164546515487, 0.1364895293929102, 0.022637549835015112, 0.03045646602052607], [0.1254191687173954, 0.09179280628990509, 0.6787807890184877, 0.1040072358742118], [0.08979367254036806, 0.15766620084057337, 0.09865305414721619, 0.6538870723718424], [0.06091543284528021, 0.8817455225718382, 0.02207274040284482, 0.03526630408003669], [0.05109332236275887, 0.9061613739254676, 0.019707429555327047, 0.023037874056446556], [0.07812493101610445, 0.14153447257487362, 0.04967271515148951, 0.7306678811575325], [0.137149302009683, 0.09430887682434297, 0.7196242286685424, 0.04891759239743161], [0.25068312507323276, 0.18349358164183815, 0.43367561047396125, 0.1321476827109678], [0.156320062914951, 0.2499010525408669, 0.10418020032526043, 0.48959868411892166], [0.22957968318121225, 0.6441377468842217, 0.04814964137753614, 0.07813292845702995], [0.22619169511394352, 0.7079366178445674, 0.030626780845271904, 0.03524490609621714], [0.13028961127536334, 0.20828701088088294, 0.06761944887216449, 0.5938039288715893], [0.22926360366436002, 0.14353646336550627, 0.55940693611273, 0.06779299675740375]], "ideal": "B", "sampled": "B", "correct": true}}
{"type": "result", "data": {"idx": 16, "options": ["Failure of leukocytes to migrate between endothelial cells", "Failure of leukocytes to roll along the endothelial surface", "Inability of leukocytes to ingest microorganisms", "Inability of leukocytes to kill intracellular microorganisms"], "probs": [[0.10768503935344363, 0.22122046843686874, 0.16436344750884394, 0.5067310446008436], [0.13111969118712596, 0.24527436464207544, 0.2377765916214984, 0.38582935244930017], [0.10990174277371473, 0.20237376095377882, 0.17857595052387637, 0.5091485456486301], [0.11805143164714421, 0.17469355013373272, 0.33170812315652426, 0.3755468949625988], [0.11301013994592043, 0.3652724081698225, 0.16209219636029623, 0.35962525542396084], [0.12271014220411763, 0.4221894866458432, 0.14143082919586497, 0.31366954185417417], [0.09008434548198878, 0.19700441056016588, 0.1684622044463705, 0.5444490394114748], [0.10534438685458439, 0.18804657966755348, 0.29594407919361704, 0.4106649541842451], [0.1028633682963693, 0.19851372542441406, 0.1751607455090139, 0.5234621606702027], [0.11089720328018034, 0.17198773832416836, 0.36435856597150834, 0.35275649232414297], [0.10886587525905914, 0.35192815514645814, 0.15862645679993018, 0.38057951269455254], [0.11302483067854889, 0.45466536210409797, 0.15231366922805203, 0.2799961378893011], [0.12302657490542895, 0.20308062886086245, 0.17096911751190308, 0.5029236786218055], [0.14499706460566925, 0.2213697201200404, 0.27995539543080394, 0.35367781974348644], [0.12643632103078334, 0.2153339502695347, 0.1650497292554772, 0.49317999934420476], [0.15785350139132387, 0.24477848772906968, 0.2731690745254735, 0.3241989362541329], [0.13299676972782976, 0.40381107331963095, 0.16320251169960615, 0.29998964515293314], [0.12369477094735629, 0.46009767393709977, 0.15415677541559725, 0.2620507795999467], [0.2749270714566239, 0.2708969631252902, 0.15199651859681207, 0.3021794467212739], [0.34687806722978265, 0.29685525430103543, 0.1424965773006298, 0.21377010106855207], [0.25496800650848406, 0.2891826248760887, 0.14317532949024162, 0.31267403902518565], [0.33421258621095684, 0.31910593868107645, 0.14388401161704029, 0.2027974633909264], [0.3206337796943358, 0.3013720034433829, 0.14697828011364528, 0.23101593664863604], [0.3447534287486391, 0.31404252433426566, 0.1416482712940067, 0.19955577552308854]], "ideal": "D", "sampled": "D", "correct": true}}
