{"type": "result", "data": {"idx": 0, "options": ["Aging is related to an increase in vaginal lubrication", "Aging is associated with an increase in the frequency and number of orgasmic contractions in both sexes", "There is no significant relationship between aging and sexual responses in either sex", "Aging is related to some loss of erectile rigidity in the male"], "probs": [[0.1391793808079565, 0.19038830979333274, 0.15296963083659215, 0.5174626784621186], [0.12174925679801507, 0.12769645165798613, 0.13170288207474104, 0.6188514093692578], [0.12885841195922054, 0.30453377247788266, 0.1438763546707665, 0.42273146079213025], [0.11389609509980238, 0.16075188039686014, 0.20646098407871954, 0.518891040324618], [0.12273724650267055, 0.3338789418127803, 0.08709224507292958, 0.4562915665116195], [0.13443480631012664, 0.37147650672470883, 0.09248507159746311, 0.40160361526770144], [0.12438784021439267, 0.05972193275599718, 0.3080691637887909, 0.5078210631408192], [0.08334516050090283, 0.0538479317212492, 0.11942683248090678, 0.7433800751969412], [0.14668293732973192, 0.13790724091066422, 0.0876622673084772, 0.6277475543511266], [0.22098605661843784, 0.19514274886001898, 0.4006323873690335, 0.18323880705250967], [0.09584189312515014, 0.12315991657291986, 0.06094939701710676, 0.7200487931848232], [0.19830104115705405, 0.27985709068786696, 0.26715084111549703, 0.25469102693958195], [0.09477665666375046, 0.07270868596047678, 0.16386518760379182, 0.6686494696719809], [0.07687336406130342, 0.0599016898039872, 0.2949103789644547, 0.5683145670702546], [0.11327848526994773, 0.10816164193523073, 0.07318452926840432, 0.7053753434264172], [0.13349876502677474, 0.10082109052236703, 0.5042533540949635, 0.26142679025589466], [0.1115294992812207, 0.2986621260344343, 0.08167430757659515, 0.5081340670077498], [0.10267123655448263, 0.6803413679540901, 0.0950381315779876, 0.12194926381343967], [0.3424074249399795, 0.12406851725325518, 0.12029213098598228, 0.413231926720783], [0.4021272420798035, 0.12656952628076273, 0.1480838678343608, 0.3232193637050729], [0.2804008722024897, 0.13461333511913753, 0.09252172707586136, 0.4924640655025114], [0.5438270620549759, 0.1291777943455496, 0.1851702404039989, 0.14182490309547563], [0.44135062238069755, 0.12647847358815423, 0.08836262343079522, 0.343808280500353], [0.7381141789954093, 0.13026414387790267, 0.07199428819843291, 0.059627388828255024]], "ideal": "D", "sampled": "D", "correct": true}}
{"type": "result", "data": {"idx": 1, "options": ["\u201cBlank slates\u201d", "Less intelligent than adults", "\u201cLittle scientists\u201d", "Shaped by culture"], "probs": [[0.003559816164334934, 0.009234501052299239, 0.9719812873579794, 0.015224395325386423], [0.008172399998082681, 0.0087012338076882, 0.023283063517380992, 0.9598433025768481], [0.012747293336037906, 0.981825900119899, 0.001476724390480399, 0.003950082053582691], [0.014831940282859826, 0.9771178127173518, 0.0035253515541202648, 0.004524895345668182], [0.008449244631941119, 0.01229648567160675, 0.017338872659037826, 0.9619153969374142], [0.006198320965324877, 0.011225365033214738, 0.9643569529318555, 0.0182193609696048], [0.004257810781465774, 0.008602078109912398, 0.9637586367421898, 0.023381474266432056], [0.012472054768841816, 0.012281739934364929, 0.029458369700124602, 0.9457878354966687], [0.007964066869617571, 0.9800767493889614, 0.0012409749739393263, 0.010718208667481703], [0.008373095013673561, 0.9831542216947194, 0.0020522957960994737, 0.006420387395507516], [0.008214287191273595, 0.010385970245465502, 0.016594945841836767, 0.9648047966214242], [0.004529319391431125, 0.007949712024359866, 0.9630347220668218, 0.024486246417387204], [0.900846458543573, 0.061316034469121844, 0.013064051581002331, 0.02477345530630276], [0.8604303565489971, 0.07175647439925867, 0.03391823159594567, 0.033894937355798495], [0.9181524593713306, 0.04034976957673139, 0.014620544531804648, 0.026877226420133345], [0.9007240600037183, 0.05003581232848944, 0.018414212526135603, 0.030825915041656618], [0.9004863147464448, 0.05408865373811574, 0.01412007343530728, 0.03130495798013212], [0.8877083277191031, 0.06846198604689965, 0.00831074473931175, 0.03551894139468545], [0.008944984134718318, 0.011854241387222754, 0.02249097401229512, 0.9567098003657638], [0.0049490181512784085, 0.007430439502776028, 0.9732991048107231, 0.014321437435222382], [0.006911910577208437, 0.007712639783653354, 0.021292144776195936, 0.9640833047629422], [0.0039752246900566154, 0.006452829125746345, 0.9728350064974559, 0.016736939586741138], [0.017066663983744262, 0.9767257463132345, 0.0011618643182566882, 0.005045725284764499], [0.017376938075941286, 0.9790229823201761, 0.0008929050512618398, 0.0027071744526207205]], "ideal": "C", "sampled": "C", "correct": true}}
{"type": "result", "data": {"idx": 2, "options": ["about 68% of the observed scores for the test population lie within 15 points of the mean score", "about 68% of the individuals with a given cure score will have observed scores within 15 points of the true score", "about 15% of the scores are in error (i.e., they are not measuring the trait reliably)", "differences of up to 30 points represent the same true score"], "probs": [[0.296809354299707, 0.16649880009711154, 0.3874518092319887, 0.14924003627119273], [0.2477372251540458, 0.20864520654014646, 0.080472229704078, 0.46314533850172973], [0.221468541374413, 0.6308139829027316, 0.059644703430582126, 0.0880727721922733], [0.22021550935803197, 0.5281966210031569, 0.06617887914609256, 0.18540899039271855], [0.2551028151190198, 0.17536780367057067, 0.09997540040786232, 0.4695539807025472], [0.26759199291831637, 0.14777067691318607, 0.36623797068524905, 0.21839935938324853], [0.28479014551219894, 0.15728441666202592, 0.41473133493993847, 0.14319410278583664], [0.24461397526202236, 0.20281627772210423, 0.08070111273912227, 0.4718686341767511], [0.16806562744086065, 0.6858421171766762, 0.06794714384434078, 0.07814511143812239], [0.1820399693384507, 0.4796114479842145, 0.06497422150502548, 0.2733743610723093], [0.2627343315438253, 0.1363258104285114, 0.13220227157350403, 0.46873758635415924], [0.23333378481519085, 0.13295614916181409, 0.2606613674597755, 0.3730486984632196], [0.42370077332043377, 0.4301115805954038, 0.07026652141305696, 0.0759211245711055], [0.2807862376651645, 0.39582543381590835, 0.06776863133919164, 0.2556196970797356], [0.43287488168806054, 0.38773768558591976, 0.09811431767385077, 0.08127311495216892], [0.17597457240328057, 0.2857124720015775, 0.0668534318483545, 0.47145952364678745], [0.27632422075858804, 0.16498521460388946, 0.2991441279095521, 0.25954643662797044], [0.20008087156202317, 0.1558692157112655, 0.2066956162246002, 0.4373542964021111], [0.20199675118381233, 0.28947628619891513, 0.10651331790638709, 0.40201364461088546], [0.17008116332734044, 0.33834292472963884, 0.29883306324971376, 0.19274284859330695], [0.20084508952210936, 0.2620738705421594, 0.11815149904870391, 0.4189295407870273], [0.16397028891371276, 0.28787454124451894, 0.24645506189199354, 0.3017001078497747], [0.12853424920152565, 0.603902132952284, 0.110057620472656, 0.15750599727353432], [0.13806013452981847, 0.48968311044855606, 0.10598981887555102, 0.26626693604607443]], "ideal": "B", "sampled": "C", "correct": false}}
{"type": "result", "data": {"idx": 3, "options": ["An Apgar", "A teratogen", "Only a problem in the first 6 weeks", "A controlled substance"], "probs": [[0.010600710651919294, 0.9546032279895802, 0.0093587146562222, 0.025437346602278307], [0.010511927000837976, 0.9615695452664077, 0.010850386408399491, 0.017068141224354842], [0.009434620835664714, 0.005461855317671555, 0.9185718880253949, 0.06653163572126884], [0.013725660814817011, 0.008329960928296852, 0.02998507394248659, 0.9479593042143996], [0.012482134657611062, 0.1062047489020885, 0.8356397201012546, 0.04567339623904577], [0.01759852793789754, 0.03501665497269213, 0.015294917444517012, 0.9320898995448933], [0.9600307317607341, 0.01458120993775383, 0.009867642977589314, 0.015520415223922824], [0.9627957634752627, 0.013108625352705253, 0.011391233770650828, 0.012704377301381185], [0.9646705720473364, 0.011590904954465962, 0.014425831411226466, 0.00931269148697112], [0.9665519706066519, 0.011613005404539791, 0.014681004208236125, 0.007154019680572191], [0.9708221341310429, 0.012417413952627649, 0.009229390679037497, 0.007531061137291996], [0.9721987101625945, 0.013030557697743113, 0.007904375784733577, 0.006866356254928774], [0.008460013293513823, 0.00735147818094503, 0.9480051507691603, 0.03618335765638092], [0.013967979104879923, 0.012331388256784549, 0.02413859649096769, 0.9495620360473678], [0.02426452910601479, 0.9396220226904943, 0.012591615158717871, 0.023521832944773044], [0.02093037041128098, 0.9475747390055365, 0.01330755750193158, 0.018187332981251008], [0.012721412143209126, 0.017123941681243524, 0.020332260471886555, 0.9498223856036608], [0.00997254570738983, 0.01203134237232108, 0.9558690563252799, 0.022127055495009252], [0.013950549003844013, 0.01156896983634566, 0.9484118217991265, 0.026068659260683757], [0.021943576958720627, 0.015325499925354901, 0.01439460574534543, 0.948336317270579], [0.029714326408515564, 0.9393809743015736, 0.012011160533037904, 0.01889353865687286], [0.027947981480373724, 0.9404423428594622, 0.01147423894256467, 0.02013543661759941], [0.017816537491596153, 0.012060612101933581, 0.0267501503179066, 0.9433726999885637], [0.017379103259083012, 0.008211074411441099, 0.9491208212415972, 0.025289000987878642]], "ideal": "B", "sampled": "B", "correct": true}}
{"type": "result", "data": {"idx": 4, "options": ["needs analysis.", "job evaluation.", "summative evaluation.", "formative evaluation."], "probs": [[0.55737483443951, 0.019994882846119052, 0.008204939766706956, 0.41442534284766397], [0.9724488860800923, 0.013658281518840375, 0.009388979886386704, 0.0045038524146806405], [0.950482081416034, 0.014892948963272147, 0.0045425701479375104, 0.030082399372756405], [0.8916930657331997, 0.020328390214851163, 0.08168159716871984, 0.006296946783229277], [0.9750565169153784, 0.017312582366866395, 0.00325377584112631, 0.004377124776628899], [0.9702146111076875, 0.02013966266880308, 0.004710489912063256, 0.004935236211446224], [0.017214089526105737, 0.9257366004244535, 0.006435981446388236, 0.050613328503052515], [0.01713368948161551, 0.9656641552270945, 0.0063071801609850785, 0.010894975030304977], [0.0198902201298959, 0.015739095770031575, 0.9441643022190571, 0.020206381781015404], [0.01992924555119738, 0.02089666630042983, 0.2884753083251076, 0.6706987797232652], [0.03330270312290775, 0.033312690626531784, 0.914989382812168, 0.01839522333839244], [0.02563164492792933, 0.042950763014111465, 0.026870404497964184, 0.9045471874599951], [0.04261787397477461, 0.883595661329622, 0.010780901114879782, 0.06300556348072361], [0.04140657566335718, 0.9138684884920819, 0.021492127366994095, 0.02323280837756676], [0.03971277766656057, 0.021937283758333495, 0.9186874267798707, 0.01966251169523528], [0.04341805418024481, 0.03601500817795568, 0.08773649613779345, 0.8328304414040061], [0.06819273733985187, 0.06821352446033471, 0.8443552506423612, 0.01923848745745223], [0.05001915981489319, 0.08782825601744745, 0.028509626109078107, 0.8336429579585812], [0.15054091469216235, 0.7892435795005682, 0.016384738815752125, 0.0438307668915173], [0.15522045791801226, 0.776501402314483, 0.023089590882021383, 0.04518854878548341], [0.04622418342561355, 0.014323444755440291, 0.9291358407478613, 0.010316530971084833], [0.03480707435772156, 0.017512410649048044, 0.020467692717215605, 0.9272128221760148], [0.07015068246369482, 0.021401598092656727, 0.8962545362144205, 0.012193183129227927], [0.041744116378542806, 0.027389608116766623, 0.02342311647729951, 0.907443158927391]], "ideal": "A", "sampled": "A", "correct": true}}
{"type": "result", "data": {"idx": 5, "options": ["a useful strategy for helping the client understand the present.", "a way for the client to avoid coming to terms with the present.", "\"the \"\"second layer\"\" of therapy.\"", "\"a way for achieving \"\"closure\"\" near the end of therapy.\""], "probs": [[0.4700960236260465, 0.14115605405611548, 0.2854572364129928, 0.10329068580484517], [0.661606585108393, 0.16465621571622002, 0.08961957358344852, 0.08411762549193848], [0.4878919322173954, 0.4044593489342051, 0.02798145765569382, 0.0796672610927057], [0.5321952879786973, 0.36007407467357355, 0.035692975854461566, 0.07203766139326753], [0.7914656334561693, 0.09160508083713222, 0.03479472035680321, 0.08213456524989528], [0.7706497798873457, 0.09347300077427874, 0.08004797756175268, 0.05582924167662283], [0.012739043254430031, 0.9661718282048333, 0.007733345703006902, 0.013355782737729843], [0.013191936337319559, 0.9696812393937327, 0.006849401974230604, 0.010277422194717105], [0.036819342931619536, 0.07676065798186305, 0.8391308281379463, 0.04728917084857115], [0.06662415463736156, 0.251626897699324, 0.08699957183620356, 0.5947493757271108], [0.03771550348454199, 0.03599768638242244, 0.8867505522210225, 0.039536257812013045], [0.05824154354459818, 0.1293195130105855, 0.09029550445836072, 0.7221434388864556], [0.03128733866894856, 0.9292038704155378, 0.0118851354665861, 0.02762365534892762], [0.04090264108547677, 0.9170117471261563, 0.014827146345289944, 0.02725846534307698], [0.04195731502733438, 0.017222872324991007, 0.8981897027020772, 0.04263010984559737], [0.07917664944333813, 0.04307375847862567, 0.13696029780925623, 0.7407892941687799], [0.018531069133029415, 0.005652705301908925, 0.9516396869415837, 0.02417653852347789], [0.06543626990639843, 0.033449811726455024, 0.13870368069789488, 0.7624102375692516], [0.01622237956694098, 0.9434152421720725, 0.011877053458155519, 0.02848532470283097], [0.017932314206803635, 0.9496433618968996, 0.01177217331314247, 0.02065215048315426], [0.027667368453923195, 0.015522844393958074, 0.9171688741793984, 0.0396409128727203], [0.038201531404087795, 0.030716399102890025, 0.1253812103222258, 0.8057008590707964], [0.01815993490856535, 0.014146114952518994, 0.9326771086461789, 0.03501684139273672], [0.06684765021821065, 0.09436164823704682, 0.10697804522009688, 0.7318126562246456]], "ideal": "B", "sampled": "A", "correct": false}}
{"type": "result", "data": {"idx": 6, "options": ["the efficiency of controlled memory processes", "metamemory skills, or knowledge about memory", "recognition memory", "the amount of factual memory knowledge available"], "probs": [[0.24808040628456424, 0.16800099859943335, 0.1482281855826593, 0.43569040943334314], [0.27655671375866536, 0.22241150004955265, 0.12873318022792585, 0.3722986058638561], [0.2323784654818208, 0.15982087254260627, 0.21845131972845494, 0.389349342147118], [0.1474589931237235, 0.1185667353002412, 0.1223201368346751, 0.6116541346413602], [0.25353402274597564, 0.16900949430279866, 0.2618351617467108, 0.3156213211045149], [0.13425721026721305, 0.10300328428008367, 0.10139129158747617, 0.6613482137652271], [0.07479834667289828, 0.45850682937249304, 0.13134797111848756, 0.3353468527361211], [0.07290076355054986, 0.6013399868402554, 0.11476876414509171, 0.21099048536410303], [0.08621213096150313, 0.08764346204249202, 0.22729831118987873, 0.5988460957061261], [0.08915150150261779, 0.0979912361248462, 0.12192064031579086, 0.6909366219567451], [0.1058673741076035, 0.33672160910343407, 0.22085710525858496, 0.3365539114303775], [0.10778306262930658, 0.19842101335894174, 0.15451641148994336, 0.5392795124218083], [0.13167184080892158, 0.44575211742176407, 0.12572363954446436, 0.29685240212485], [0.11835657539473264, 0.2931176954262909, 0.07410695982489343, 0.514418769254083], [0.13183915220852105, 0.2837313924824167, 0.15186306380115056, 0.4325663914079117], [0.12972462562588877, 0.2387865107651137, 0.07630853581584951, 0.555180327693148], [0.07824882514370092, 0.5520308366448116, 0.06491078145551751, 0.30480955665597004], [0.093374428341158, 0.4457313881150778, 0.12972279995208746, 0.33117138349167674], [0.07017698674164827, 0.4798894977122623, 0.27348118202689786, 0.17645233341919156], [0.05464804774521559, 0.13323241123481352, 0.05729289575447062, 0.7548266451655002], [0.06878720917023379, 0.25973796648365177, 0.49302991852427086, 0.1784449057218436], [0.06345601142844745, 0.19255333419627638, 0.07193674623482488, 0.6720539080404513], [0.05357193407471488, 0.06365778984266186, 0.2597617787350664, 0.6230084972475568], [0.03945934531865596, 0.037665785618055565, 0.5365544140882295, 0.386320454875059]], "ideal": "A", "sampled": "A", "correct": true}}
{"type": "result", "data": {"idx": 7, "options": ["Parkinson's disease", "Vascular Dementia", "a right frontal lobe tumor", "Alzheimer's disease"], "probs": [[0.28917996779858235, 0.2893510927260655, 0.10340101553653241, 0.3180679238388197], [0.3350065448541288, 0.24909004571986498, 0.1587900275554399, 0.2571133817705663], [0.22845949358685105, 0.15000974236360687, 0.255766585099954, 0.36576417884958806], [0.12945412623674596, 0.1564186247714932, 0.14032577421411005, 0.5738014746776507], [0.17957687911314724, 0.15379654327870868, 0.43936656230367105, 0.22726001520447306], [0.1073767023695148, 0.1916919221892942, 0.11823801647328502, 0.582693358867906], [0.17469330071867714, 0.42616025121542017, 0.09680561768682668, 0.302340830279076], [0.17733889287907054, 0.3758739120621939, 0.19249596616202963, 0.25429122879670596], [0.05540916530504562, 0.042523081074185225, 0.6456482217367095, 0.25641953178405963], [0.13278983334182246, 0.10853648022912657, 0.17089763027363264, 0.5877760560554184], [0.10770697890635118, 0.09668488799558816, 0.5159194468935985, 0.2796886861044622], [0.12706756874544348, 0.17119990670160884, 0.12158554317895126, 0.5801469812739964], [0.07673173682860142, 0.6044141278710837, 0.1067697743506419, 0.21208436084967297], [0.09112699396836689, 0.26414582327455666, 0.11017180315176474, 0.5345553795053117], [0.07655355101789887, 0.07088044760355865, 0.49263242205291835, 0.3599335792256241], [0.12043486382093216, 0.1548753265229466, 0.12066353702355259, 0.6040262725325687], [0.09061541812476731, 0.11300503966594867, 0.16454226512495534, 0.6318372769843287], [0.09132662618722107, 0.08330852723723228, 0.31481362089675297, 0.5105512255787937], [0.13795912367185553, 0.12386056126801769, 0.5068951286382355, 0.23128518632189132], [0.08510754557777112, 0.15196216802466825, 0.10135220206658735, 0.6615780842309733], [0.07619857964658353, 0.07872823038444686, 0.620919419694483, 0.22415377017448662], [0.09818212979592934, 0.1780177258676409, 0.10157263580655498, 0.6222275084298747], [0.08199880332423921, 0.08745153312592044, 0.1824709190429884, 0.648078744406852], [0.06780670292191386, 0.05900417663340009, 0.4506266418814031, 0.42256247846328293]], "ideal": "A", "sampled": "A", "correct": true}}
{"type": "result", "data": {"idx": 8, "options": ["unethical, because the client's needs were not addressed more directly", "unethical, because the psychologist should have delayed the trip and given the client an appointment for that afternoon", "unethical, because the psychologist should have called a physician directly", "ethical, because it was not possible to determine whether or not the client was being manipulative"], "probs": [[0.5736291704840711, 0.18053904722484584, 0.08399920471666864, 0.1618325774744144], [0.5601625567150809, 0.19977361408352498, 0.10698663681390852, 0.13307719228748563], [0.5709629654313375, 0.19430226085627167, 0.08103415369177146, 0.1537006199206193], [0.532729220323544, 0.22562839592886608, 0.11896717813093054, 0.12267520551665945], [0.5728830778428462, 0.23152401461157474, 0.08792553800130953, 0.10766736944426954], [0.6082240433118093, 0.23823693747279281, 0.07618991398332435, 0.07734910513207352], [0.2901897473371374, 0.23327313708823424, 0.1371799131670492, 0.33935720230757915], [0.3382411153980113, 0.2594369467581777, 0.16241215893844585, 0.2399097788053651], [0.2748445570194058, 0.1860501766018784, 0.18610438702629617, 0.35300087925241963], [0.2259356047592784, 0.16799153135539735, 0.19037654710331348, 0.4156963166820108], [0.29016465810510594, 0.2727286002580367, 0.19647189068235876, 0.24063485085449857], [0.22528826852440606, 0.22896606876697193, 0.16237318272198958, 0.3833724798866324], [0.41072048814837586, 0.24919518268905438, 0.10231996097912492, 0.2377643680834448], [0.4238772391849072, 0.2914298176474012, 0.13350355623817553, 0.15118938682951608], [0.4209347602164804, 0.1701285217513109, 0.12847430811321014, 0.28046240981899856], [0.33867269246361426, 0.16004469750644654, 0.16776631520849203, 0.33351629472144717], [0.41203758640713267, 0.33643294352308606, 0.12776852381331422, 0.12376094615646704], [0.34303177846376026, 0.27148129319748643, 0.13444165283103018, 0.25104527540772315], [0.29262523968198517, 0.2793711340335444, 0.12597101550120998, 0.3020326106832604], [0.31528243654259136, 0.3987378805383005, 0.11977156339707982, 0.1662081194220283], [0.28264782251046605, 0.18837069253782268, 0.17156049863113723, 0.357420986220574], [0.1794899499388868, 0.14205747418003858, 0.12537495417011849, 0.5530776216109561], [0.31800601967933506, 0.34400350781794486, 0.1480249078110902, 0.18996556459162986], [0.19999347476204865, 0.1793683620135529, 0.11765242892685665, 0.5029857341975418]], "ideal": "A", "sampled": "A", "correct": true}}
{"type": "result", "data": {"idx": 9, "options": ["clarify boundaries between family members in order to reduce enmeshment.", "work initially with the most differentiated family member.", "\"use a multiple-therapist team to prevent any one therapist from becoming \"\"triangulated\"\" into the family system.\"", "\"issue specific \"\"directives\"\" designed to counteract dysfunctional processes.\""], "probs": [[0.5935681925067953, 0.2182195286632517, 0.06574882419311301, 0.12246345453684002], [0.5668682798086252, 0.23249724955779297, 0.050418031936996496, 0.15021643859658537], [0.5963375478932336, 0.14606296797032386, 0.14200937534924768, 0.11559010868719487], [0.4009625523666346, 0.12423667777793475, 0.03982202619313776, 0.43497874356229294], [0.4953293538740363, 0.09020315176987995, 0.32563078642830434, 0.08883670782777936], [0.3863652362525233, 0.08102569013405841, 0.04277872682225106, 0.4898303466911672], [0.2468413662486856, 0.5924532059620384, 0.05107947275229933, 0.10962595493697656], [0.18578058170049588, 0.6288933144207749, 0.04493177246513884, 0.14039433131359036], [0.18748477797886365, 0.13305445509766375, 0.6071123706356684, 0.07234839618780417], [0.07991665571159906, 0.08930201049261095, 0.04425656406043259, 0.7865247696353574], [0.10908930205746802, 0.08241038922160775, 0.759283854723116, 0.04921645389780822], [0.09084649247228437, 0.07542066035996127, 0.05788994968110741, 0.7758428973866469], [0.11590579377866965, 0.7808832772390507, 0.03603023874264194, 0.0671806901396377], [0.08790619138267089, 0.8355350099822463, 0.019681701911251008, 0.05687709662383178], [0.14777649937582446, 0.18125168977355421, 0.5424478053504183, 0.128524005400203], [0.0993135906912318, 0.17190232230857874, 0.06749424086230175, 0.6612898460378877], [0.04743071413849482, 0.023140997381906184, 0.897295084425338, 0.03213320395426103], [0.059438028099829544, 0.051738489992270716, 0.1013775106572032, 0.7874459711506966], [0.05083980868538625, 0.9024583847702948, 0.014832025641001653, 0.03186978080331726], [0.04455261262129521, 0.9106241807712283, 0.011123086220116396, 0.03370012028736011], [0.1255651191088233, 0.25399918875533634, 0.49857622371552895, 0.12185946832031143], [0.11229697028110909, 0.19748299282020687, 0.06130297161680761, 0.6289170651818764], [0.06640160333434299, 0.05598390429772104, 0.8111435761874709, 0.06647091608046503], [0.07762756480230079, 0.08676354814117472, 0.11876830494597167, 0.7168405820105528]], "ideal": "A", "sampled": "A", "correct": true}}
{"type": "result", "data": {"idx": 10, "options": ["A true experiment", "A cross-sequential cohort design", "A natural experiment", "A cross-sectional cohort design"], "probs": [[0.31100701156170535, 0.5130806870591569, 0.06838207353754923, 0.10753022774158846], [0.35507923890197784, 0.5088897422771848, 0.06273246649371797, 0.07329855222711941], [0.36227329763257116, 0.282335132684698, 0.14884219999768938, 0.20654936958504144], [0.4339600794003621, 0.2984436652212392, 0.07789207771408, 0.1897041775643187], [0.5550786562785451, 0.28363241263304845, 0.08003790258363211, 0.08125102840477429], [0.5052763932127318, 0.2880503003320452, 0.07061637350098285, 0.1360569328542402], [0.30177170035205547, 0.38771429654058953, 0.109385728825121, 0.20112827418223397], [0.30951694573397576, 0.4167480592533852, 0.1251668520196337, 0.14856814289300535], [0.22309917048960162, 0.1711647314356306, 0.368135027141416, 0.23760107083335175], [0.25192018049881165, 0.25603844449601704, 0.11362141386469993, 0.3784199610404714], [0.27281572395756626, 0.5021137407622638, 0.10205051666779606, 0.12302001851237387], [0.2576813322739015, 0.4742268778139913, 0.09636880169236178, 0.1717229881197454], [0.14268125167012183, 0.5827005331320837, 0.09971235394337973, 0.17490586115441478], [0.12775654708787124, 0.6493039533054037, 0.06135879273519877, 0.16158070677152628], [0.23180642958695474, 0.3649974438926244, 0.20478910241382114, 0.19840702400659968], [0.19681327799925227, 0.45079903110827746, 0.08739847363408348, 0.26498921715838675], [0.27081897448545084, 0.22122718061936184, 0.2797235208511246, 0.2282303239440627], [0.2635562874742814, 0.2764259443260538, 0.1368463418851347, 0.32317142621453016], [0.20077172518068692, 0.41876239828340006, 0.19175451073381572, 0.1887113657020973], [0.202703180929167, 0.36734396762965266, 0.1438650659158767, 0.2860877854253036], [0.13653457977208572, 0.5843466868022869, 0.11690115134149931, 0.1622175819841281], [0.12094336206254776, 0.5864831542464303, 0.10516242211769522, 0.1874110614733267], [0.15519755049576742, 0.14140619757567993, 0.42222417655013283, 0.2811720752784198], [0.18477266636268314, 0.24117767755824618, 0.20629761850544862, 0.36775203747362206]], "ideal": "B", "sampled": "A", "correct": false}}
{"type": "result", "data": {"idx": 11, "options": ["recall of words", "verbal comprehension", "verbal learning", "production of speech"], "probs": [[0.0355596303902552, 0.03188624844112905, 0.014599357118328415, 0.9179547639502873], [0.07615936263040449, 0.04995316825482025, 0.7940627039896604, 0.0798247650251149], [0.040020230929908786, 0.03318955357866266, 0.029292685744444474, 0.897497529646984], [0.0689399054797397, 0.04117415242374857, 0.5341772138066686, 0.3557087281898431], [0.19830949454776078, 0.4833750688294856, 0.06752895512852584, 0.2507864813942277], [0.09971372633601883, 0.41345139717718926, 0.03969082176749136, 0.44714405461930057], [0.026858814596722142, 0.024084855159334843, 0.01604322487341888, 0.9330131052705242], [0.05196254927250006, 0.026131537941515456, 0.8657140489068098, 0.05619186377917466], [0.021843392074257423, 0.017834102467391116, 0.01598574755947253, 0.9443367577988789], [0.02426270736168782, 0.013400571244725145, 0.939894187022523, 0.022442534271064], [0.07807118212183876, 0.8798538183329666, 0.013792248030348803, 0.028282751414845805], [0.06576045740642933, 0.8939633140355752, 0.01491671756062963, 0.025359510897365833], [0.020453256231088235, 0.028405847871617484, 0.02467952928235288, 0.9264613665149414], [0.03691968072684881, 0.03208094942520327, 0.7655154126476108, 0.16548395710033714], [0.01785765032637664, 0.021887565070227693, 0.01435332934108142, 0.9459014551623143], [0.021500469173037433, 0.019887193024787593, 0.9292206565331443, 0.029391681169030653], [0.042261905767165715, 0.7150225605332406, 0.014165219783459717, 0.22855031381613392], [0.04301635908601197, 0.9057000441623434, 0.01880545512817031, 0.03247814152347429], [0.8827626441203146, 0.06295374592647004, 0.016689642764757755, 0.0375939670884576], [0.7513609513795015, 0.07796688362555075, 0.015601875229851353, 0.1550702896650963], [0.9157890121174522, 0.05499617435933211, 0.0105019915672983, 0.018712821855917362], [0.8991251560337541, 0.06825817807971216, 0.013660260408586774, 0.018956405377946923], [0.6078977697460752, 0.08622529517416612, 0.01865618337981447, 0.28722075159994415], [0.8917211856109718, 0.0635941175173923, 0.023045744658766784, 0.021638952112869106]], "ideal": "D", "sampled": "D", "correct": true}}
{"type": "result", "data": {"idx": 12, "options": ["the child\u2019s intelligence.", "the child\u2019s \u201cbasic personality.\u201d", "the strength of the parent-child attachment.", "the parents\u2019 childrearing behaviors"], "probs": [[0.010632142869647017, 0.14699520988525006, 0.3212417515224415, 0.5211308956226615], [0.008123824629315872, 0.06295701315047078, 0.8707030094325647, 0.05821615268764857], [0.012893371763034216, 0.06067667009360315, 0.03243630872477733, 0.8939936493185853], [0.006956799361624076, 0.025459866910257423, 0.9421250108505732, 0.02545832277754535], [0.0029409752875032263, 0.9843732463849082, 0.004560390371121182, 0.00812538785646737], [0.003112561244494977, 0.9786324455423123, 0.013119780265109595, 0.005135212848083105], [0.021141215211666793, 0.015487193367399083, 0.5381654855890866, 0.4252061057318475], [0.013220362499360426, 0.011495844577643959, 0.9435510731094972, 0.0317327197134985], [0.04093954377341977, 0.07426630774018242, 0.017896915019534047, 0.8668972333668638], [0.04560660026730801, 0.05337095741442106, 0.8637641233815311, 0.03725831883673985], [0.012203348574855869, 0.9704006134815438, 0.002192102099275783, 0.015203935744324474], [0.010539662101685977, 0.9645892985733387, 0.019729001463959568, 0.005142037761015739], [0.015739055788593092, 0.019629519979262627, 0.060369035047096176, 0.9042623890850481], [0.007493286882920115, 0.011613823510148896, 0.9681396514964621, 0.01275323801046886], [0.020016347651888155, 0.03519104361793269, 0.02033847163591877, 0.9244541369942604], [0.012832855422022482, 0.02150668139520747, 0.9454591587593677, 0.020201304323402385], [0.010465106564653154, 0.9727942876555145, 0.004872379623829424, 0.011868226056002903], [0.008625668524895488, 0.9670841751454465, 0.016907451775002306, 0.0073827044546556355], [0.544911822060089, 0.06612604357110477, 0.24221582120528923, 0.146746313063517], [0.18693012199094472, 0.04728759871389738, 0.7408567751730324, 0.024925504022125476], [0.6538067836246955, 0.2190320120112311, 0.00798435109826368, 0.11917685316580978], [0.66419769378383, 0.20578688706856302, 0.1155633497537751, 0.014452069293831846], [0.7740042355277837, 0.21492660615068196, 0.004261175113211849, 0.006807983108322377], [0.7903422856021786, 0.1936602478433221, 0.00995979755478597, 0.006037668899713321]], "ideal": "D", "sampled": "D", "correct": true}}
{"type": "result", "data": {"idx": 13, "options": ["is nonresponsive to visual or auditory stimuli and seems to be in a state of deep sleep.", "is confused and incoherent, may exhibit bizarre behavior, and is unable to care for him/herself.", "is alert and oriented and can remember and integrate remote and recent events but may have some impairment in judgment, planning, and abstract reasoning.", "is functioning at an intellectual level that is superior for his/her age, education, and demographic background."], "probs": [[0.01508503128688536, 0.037924858310160556, 0.93367737387878, 0.013312736424174063], [0.015774490057285557, 0.0764568494465241, 0.05954163094946361, 0.8482270294467267], [0.003394750620089792, 0.9865621931483344, 0.0032910708953016767, 0.006751985236274116], [0.002874655820879181, 0.9920557345653965, 0.001491685607896447, 0.003577923905827863], [0.013282346748163656, 0.03445808271140558, 0.09078414881004268, 0.861475421630388], [0.007903863008777049, 0.018377494681269434, 0.9577520213799876, 0.01596662082996587], [0.03124695899577057, 0.03431956173850637, 0.913617571656334, 0.020815907509389043], [0.041255423967104014, 0.1087138459132218, 0.08335815027662634, 0.7666725797430478], [0.008176208726539751, 0.9751735116400281, 0.0051184292360304025, 0.011531850297401752], [0.008630461682526536, 0.9822073227959742, 0.002847169191381024, 0.006315046230118171], [0.03206867542951543, 0.10516990601977469, 0.04814921978523962, 0.8146121986654703], [0.033378603309090656, 0.0550375990167237, 0.8749228705656739, 0.036660927008511784], [0.911868748410123, 0.058288931677932365, 0.012609903664157084, 0.01723241614778753], [0.9136627273015515, 0.06314870685103902, 0.006453189036847231, 0.016735376710562192], [0.8999765380320522, 0.06621561845153594, 0.012641491178775924, 0.021166352237635893], [0.9073044238202012, 0.07105966795666428, 0.008489473888061382, 0.013146434235073189], [0.9186385572456861, 0.045023889812642465, 0.008595700655064141, 0.02774185218660726], [0.9377329143347108, 0.041846285585424935, 0.006833688671397562, 0.013587111308466624], [0.02017551077359958, 0.04547402905488946, 0.07615530440810024, 0.8581951556634108], [0.013801632660313852, 0.019464377062618346, 0.9529317810280326, 0.013802209149035264], [0.019823823565284907, 0.06813214125843324, 0.04197343904790997, 0.8700705960283719], [0.019627870772407244, 0.03186101733154665, 0.9314575975119781, 0.017053514284067952], [0.007105834711925827, 0.9754668377832121, 0.005892432702236587, 0.011534894702625512], [0.008196849848446026, 0.9776215520757855, 0.005723942401138903, 0.00845765557462956]], "ideal": "B", "sampled": "C", "correct": false}}
{"type": "result", "data": {"idx": 14, "options": ["decline the request to testify.", "agree to testify only if she obtains consent from both parents.", "agree to testify only if she can evaluate all of the involved parties.", "agree to testify only if her familiarity with the child won''t bias her testimony."], "probs": [[0.23602768600586357, 0.36604574046314714, 0.11711118281868828, 0.280815390612301], [0.2261818613454738, 0.3346764097076299, 0.21970452038677138, 0.21943720846012493], [0.2362875718748444, 0.2518830224058568, 0.1392128276920334, 0.37261657792726544], [0.23430287043799997, 0.2576333062877903, 0.24227692906451173, 0.26578689410969797], [0.21593652019914739, 0.5434381799321873, 0.08739830292190423, 0.15322699684676105], [0.208643219111655, 0.5949579654026513, 0.06575906472022575, 0.13063975066546787], [0.19466010499065214, 0.5056535412739629, 0.07884070727779181, 0.22084564635759316], [0.20875761066344167, 0.48602632045375543, 0.11200281314924014, 0.19321325563356273], [0.16521544014282433, 0.13088383684262847, 0.31913445950232366, 0.3847662634122236], [0.19131566582197104, 0.15632317958699066, 0.213766694047532, 0.43859446044350625], [0.23418496546787637, 0.18260090051255504, 0.32577052709182786, 0.25744360682774076], [0.2325476161727432, 0.24400307781051309, 0.12084584952082919, 0.40260345639591455], [0.13986524312892035, 0.5455065125200097, 0.08371433240615138, 0.23091391184491855], [0.14119091312983803, 0.5680691472304468, 0.10353336250789695, 0.18720657703181823], [0.16197825483912934, 0.1500665351578571, 0.2986208111160154, 0.38933439878699816], [0.1736490901184641, 0.1793872442570835, 0.2611551919490488, 0.38580847357540365], [0.19772078995751646, 0.19800882939478048, 0.31171207687979907, 0.2925583036679039], [0.19715078760651528, 0.2615658420529417, 0.14225449090531958, 0.39902887933522346], [0.3025590000708932, 0.42704594565854015, 0.08962019742902784, 0.18077485674153884], [0.29404276716019817, 0.48521426495980247, 0.06079624242769277, 0.1599467253523066], [0.2513098454347934, 0.17292216104841845, 0.30374297308565384, 0.27202502033113435], [0.2861439223418211, 0.22305465733887433, 0.09903747366039693, 0.39176394655890756], [0.2018920837785136, 0.11882095996647665, 0.3662662043980273, 0.31302075175698246], [0.23765736565300655, 0.1465633438823839, 0.08753333696394046, 0.528245953400669]], "ideal": "A", "sampled": "A", "correct": true}}
{"type": "result", "data": {"idx": 15, "options": ["goals serve 2 purposes: they are a basis for motivation and they direct behaviors", "goal attainment is maximized when goals are specific and highly difficult", "goal attainment is maximized when frequent feedback is given", "worker participation in goal-setting is also good"], "probs": [[0.20802687356615754, 0.24335247315402322, 0.15964183748306798, 0.38897881569675125], [0.23826012793005716, 0.2701552131455629, 0.20397380874579454, 0.2876108500785854], [0.20786054120577172, 0.25086688619031866, 0.16457321992996854, 0.37669935257394105], [0.2175963488361744, 0.2505983970719556, 0.18921319856520016, 0.3425920554266698], [0.24308486642619298, 0.28438076797831535, 0.18364534053821738, 0.28888902495727425], [0.22802486071912817, 0.27521442844628746, 0.17496769202697224, 0.32179301870761207], [0.2053878784777156, 0.2598021366902982, 0.16261294724824532, 0.37219703748374083], [0.23142512029629073, 0.2750242218114619, 0.214213235011926, 0.27933742278032136], [0.20760239658663873, 0.21098957953727354, 0.21105957029139405, 0.37034845348469364], [0.2111266372718888, 0.20800561890897867, 0.22146276797430248, 0.35940497574483005], [0.2357650434104033, 0.2591199615207469, 0.2115204514578128, 0.293594543511037], [0.22811361125302793, 0.25466774753164817, 0.19529170413038593, 0.321926936984938], [0.20403829518957461, 0.22423217032443543, 0.1719511325776158, 0.39977840180837415], [0.22888134076569472, 0.23630217853355445, 0.21184406856796548, 0.32297241203278537], [0.19800367064267707, 0.17484381011568326, 0.20767075383058314, 0.4194817653110565], [0.20904580623664715, 0.1846160684455771, 0.2334069241824714, 0.37293120103530436], [0.2239670686507649, 0.2276230833415133, 0.21723330861442616, 0.33117653929329566], [0.21765485728076397, 0.23184512898756926, 0.2078520686396539, 0.3426479449920129], [0.2334307685304549, 0.2774887804777048, 0.19370920330029204, 0.29537124759154826], [0.2304449677236901, 0.2696636020867574, 0.17964467404476442, 0.3202467560447881], [0.23476109955769545, 0.23500059103108512, 0.2140104717104914, 0.31622783760072803], [0.24365626673990562, 0.23273687512021518, 0.20545340153963895, 0.31815345650024024], [0.2148307891695065, 0.2051677883236249, 0.20844945620075725, 0.37155196620611136], [0.22615974660160404, 0.21265637333008658, 0.19368603199360207, 0.3674978479747073]], "ideal": "B", "sampled": "D", "correct": false}}
