{"type": "result", "data": {"idx": 0, "options": ["Media release", "Media tour", "Press room", "Promotional days/weeks"], "probs": [[0.008053734188952815, 0.9758032892661291, 0.004051772054911112, 0.01209120439000698], [0.00772847191798341, 0.9813488165947591, 0.003431336968273464, 0.007491374418983985], [0.008216716935267182, 0.03625867736010465, 0.9209287375764202, 0.0345958680282079], [0.008891257597316697, 0.026972068898034343, 0.02782171822151344, 0.9363149551831355], [0.006378889688494596, 0.03787757166293995, 0.9324108565333655, 0.023332682015199866], [0.007826341568780957, 0.030963943448875594, 0.02731939354572725, 0.9338903213366162], [0.9356547763917178, 0.043083980480920686, 0.013774824524955357, 0.007486418502406199], [0.9435307223010333, 0.03834038646973543, 0.01325481995569367, 0.004874071173537535], [0.9412360501632716, 0.044717245384523104, 0.008537056746584096, 0.005509647605621194], [0.9505144407631805, 0.03743616511229265, 0.008621533446617506, 0.0034278605779094013], [0.9455692088025405, 0.04220130523079513, 0.008711228618858109, 0.003518257247806261], [0.9478907398648005, 0.03851791265136293, 0.009895136076082797, 0.0036962113077537604], [0.007538782306780546, 0.023961539528855883, 0.9425934977965191, 0.02590618026784443], [0.009327187000291616, 0.02038008692650032, 0.033071960112539656, 0.9372207658606684], [0.011617457183782359, 0.9674265305727244, 0.005321644065364382, 0.015634368078128843], [0.011664602407563123, 0.9714085224569186, 0.005260941767946613, 0.011665933267571694], [0.009948700628370943, 0.030180131901091808, 0.02073722883576941, 0.9391339385347678], [0.009434429005180872, 0.03142411264409309, 0.9330924757131398, 0.026048982537586238], [0.004680266498747342, 0.02778990504337322, 0.9498670483950522, 0.017662779962827224], [0.006966914687189434, 0.02470729188256926, 0.026296413218631777, 0.9420293801116095], [0.010133114998035087, 0.9711852117007802, 0.006648252339794073, 0.012033420861390651], [0.008789826713832738, 0.9696526083936045, 0.007290062161166398, 0.014267502631396436], [0.008537000363445206, 0.031237229324299162, 0.01807554308906415, 0.9421502271231915], [0.007195537299405162, 0.03654441536438758, 0.9282425455219261, 0.028017501714281138]], "ideal": "B", "sampled": "B", "correct": true}}
{"type": "result", "data": {"idx": 1, "options": ["Quickly investigate to make certain your product is definitely the cause of the illness.", "Stop all sales of the product throughout the nation and issue a recall for that product.", "Stop sales of the product in the Albany, New York, market and issue a recall for that product.", "Issue a press release to the Albany, New York, market explaining how to treat the symptoms."], "probs": [[0.13476788008235824, 0.7638471410347784, 0.03866462553146616, 0.06272035325139722], [0.09941906258768166, 0.7582458087435779, 0.03132606972456976, 0.1110090588441706], [0.11163020836328433, 0.7998404472272433, 0.04048468157063635, 0.04804466273883599], [0.08106081328022396, 0.8191136702736418, 0.02362059625593578, 0.07620492009019847], [0.09396394016237913, 0.12648037640142937, 0.48535775322938085, 0.29419793010681067], [0.0967094393449014, 0.13856533832563087, 0.4619613908090333, 0.30276383142043445], [0.6736587931559763, 0.21192006922569667, 0.04113907397230651, 0.07328206354602045], [0.523383805911502, 0.2757353535714561, 0.03349868642760146, 0.16738215398944034], [0.6806997935079981, 0.17477606951387656, 0.05091576113815089, 0.09360837573997435], [0.6208217259028687, 0.18347686869077076, 0.03617249123711682, 0.1595289140692437], [0.44439736667035173, 0.19110245212760443, 0.06822010060819056, 0.2962800804938533], [0.46413702113857475, 0.1904563023738566, 0.08076392918586682, 0.2646427472017018], [0.688867084364992, 0.1973040528699439, 0.050733047896768906, 0.06309581476829514], [0.5438327304142774, 0.24506205820017676, 0.028853962786206055, 0.1822512484993398], [0.618539670171362, 0.24597304232284364, 0.047727341090041245, 0.08775994631575307], [0.5430532783608533, 0.28168782945812776, 0.039997667070420996, 0.135261225010598], [0.4830054594170706, 0.18045328006707845, 0.06543336404230682, 0.2711078963735441], [0.48519648562575685, 0.18413946579461085, 0.11184592877240884, 0.21881811970722342], [0.066630432002224, 0.3603510638789582, 0.31338507634363355, 0.25963342767518416], [0.06802811031979028, 0.3402505668769526, 0.30059479027639496, 0.2911265324268621], [0.08373315444347776, 0.5549439663270098, 0.11106777686853664, 0.25025510226097575], [0.09869925005267956, 0.493866775089787, 0.07820715067652964, 0.3292268240810038], [0.08020105957182913, 0.5570275186935343, 0.09536916016578657, 0.26740226146885], [0.09681132483203109, 0.4997422210161165, 0.10485651457320377, 0.29858993947864865]], "ideal": "B", "sampled": "B", "correct": true}}
{"type": "result", "data": {"idx": 2, "options": ["community relations", "consumer relations", "employee relations", "public issues"], "probs": [[0.008387680678030907, 0.9849612817157172, 0.00236638763280974, 0.004284649873442176], [0.008255873404204982, 0.9847745415193875, 0.001961377120863129, 0.005008207855544414], [0.01582312270767284, 0.01711210657518491, 0.9494094683312286, 0.017655302285913638], [0.01693172193894346, 0.023516785351070487, 0.01979742385249051, 0.9397540687574956], [0.015052817227669676, 0.015533996194638492, 0.9464563987525476, 0.02295678772514416], [0.017739699854311175, 0.0185983848415614, 0.02425023127430304, 0.9394116839298244], [0.5892452712272117, 0.3630395900317005, 0.032730416100308614, 0.014984722540779226], [0.6233955787511455, 0.33370099148740595, 0.024939766295048786, 0.017963663366399776], [0.0777202254286191, 0.042928982841616864, 0.8625387016755485, 0.0168120899542156], [0.03578697230525108, 0.03932233211962249, 0.029671918083940676, 0.8952187773911857], [0.10160607003888994, 0.03918041251971285, 0.8379108826917794, 0.021302634649617878], [0.04972650920118372, 0.030649511540124373, 0.05131190709104494, 0.8683120720676469], [0.013092767275213668, 0.05098707906967606, 0.9182996629226982, 0.01762049063241216], [0.010831887641019253, 0.08656830186574446, 0.01435072694513508, 0.8882490834481012], [0.005115225967783602, 0.9903088612246155, 0.0020034872721748833, 0.0025724254354259992], [0.0046300802871465496, 0.9845423406889664, 0.0008701325020140471, 0.009957446421873052], [0.010288281566416115, 0.013214570727280417, 0.1196127110151794, 0.856884436591124], [0.007194304878250666, 0.010802105592712843, 0.9280022424422747, 0.05400134698676178], [0.011842318098596113, 0.0630342450495033, 0.8980135487987171, 0.02710988795318348], [0.010529295589323997, 0.07904583251731627, 0.019672313794725827, 0.890752557998634], [0.00476137428893763, 0.9812155180138918, 0.009619216836832372, 0.0044038907603381385], [0.004248158233530442, 0.961548080087433, 0.004248538678774674, 0.029955222900261924], [0.009101269690553655, 0.01838959740044062, 0.08635868943571573, 0.88615044337329], [0.007202299693895103, 0.0159815978444704, 0.9145935062299247, 0.06222259613170969]], "ideal": "B", "sampled": "B", "correct": true}}
{"type": "result", "data": {"idx": 3, "options": ["1917", "1922", "1925", "1927"], "probs": [[0.07841830086128414, 0.536108196038212, 0.15129928490116126, 0.23417421809934258], [0.07917072800136785, 0.40223229826463924, 0.13479052783967893, 0.38380644579431394], [0.0846408494316717, 0.2608092543583736, 0.4725066932193807, 0.182043202890574], [0.08463802124728252, 0.3195535814475823, 0.21633995906082076, 0.37946843814431447], [0.09700582103201888, 0.2556716780431327, 0.4217265216455844, 0.22559597917926402], [0.07875324550218887, 0.19499183608156084, 0.46797137053186827, 0.258283547784382], [0.22641472656759098, 0.14622422179761257, 0.34551523053080385, 0.2818458210039926], [0.23393727235207618, 0.14874389926401377, 0.20658975480608746, 0.41072907347782256], [0.41226115204352454, 0.3016535892534561, 0.07875074328066065, 0.2073345153223587], [0.41111751774137495, 0.2417146825293183, 0.22372285686099178, 0.12344494276831496], [0.364095145962558, 0.33156153062303956, 0.09358279266639327, 0.21076053064800918], [0.1319131076521439, 0.09652847579955301, 0.6808905448629677, 0.09066787158533529], [0.15353535689157566, 0.12148769964626299, 0.5117748670200418, 0.21320207634211957], [0.1539360055442895, 0.13170876196388012, 0.39343031015471613, 0.3209249222371143], [0.32162472362859923, 0.53034567432505, 0.040288366073153115, 0.10774123587319766], [0.29624181871986055, 0.5281894718063913, 0.09330360749136357, 0.08226510188238458], [0.37157397693101046, 0.3331214983798631, 0.0698851388554508, 0.22541938573367565], [0.35730688695592255, 0.30566348711582647, 0.21354366200386896, 0.12348596382438201], [0.2801676219496532, 0.15235405349790648, 0.327795281725914, 0.2396830427265263], [0.22479151857010254, 0.13852414900241314, 0.4010560035619224, 0.23562832876556192], [0.42747015507498015, 0.4550821543359526, 0.03457231638975265, 0.08287537409931456], [0.3685889326097047, 0.45877505369609284, 0.09775201448756485, 0.07488399910663755], [0.4022317603243942, 0.44180668218871116, 0.03517617722949622, 0.12078538015739841], [0.41357644463866755, 0.4614319697731052, 0.060567779969302814, 0.06442380551892446]], "ideal": "B", "sampled": "B", "correct": true}}
{"type": "result", "data": {"idx": 4, "options": ["Product-oriented", "Person-oriented", "Idea-oriented", "Message-oriented"], "probs": [[0.012441111287010757, 0.040801560920811865, 0.08774397955863489, 0.8590133481335425], [0.00886067724049925, 0.01681698440620838, 0.9625826813110576, 0.011739656942234758], [0.01657057057374632, 0.07313130995411686, 0.032964543774069245, 0.8773335755980676], [0.009808028088828224, 0.025049752068925422, 0.9551784679853421, 0.009963751756904251], [0.009345331165188306, 0.9837654549861077, 0.0014794523803671076, 0.005409761368336927], [0.007419097241471574, 0.9872787051557156, 0.0021601671282860447, 0.003142030374526738], [0.013285782285835322, 0.02813163047845702, 0.13633352618294722, 0.8222490609527604], [0.00971522238164462, 0.013075217104062585, 0.9609384168855333, 0.016271143528759493], [0.02351804250422877, 0.11222720970762824, 0.00838890826499369, 0.8558658394231493], [0.018445574226319324, 0.05014793705079485, 0.9174813270484687, 0.013925161574417092], [0.009485904043587956, 0.9830781134572676, 0.0010162446325305738, 0.006419737766613852], [0.00937196407452175, 0.9865329665413557, 0.0017618490032586564, 0.0023332202808638487], [0.015564291798017257, 0.03144945773263991, 0.04795360669273382, 0.905032643676609], [0.00867282118923774, 0.010463976124790376, 0.972189469631949, 0.008673732954022914], [0.018689380103921162, 0.05325443426595495, 0.012848602951540469, 0.9152075825785834], [0.014011390479721834, 0.0242135207624855, 0.9525848012348147, 0.00919028742297797], [0.013768643862364012, 0.9807739704447921, 0.001322323669092969, 0.0041350619237509045], [0.01990753792456303, 0.9746059812953956, 0.002132713104444586, 0.0033537675755968355], [0.17156575023127746, 0.11980187771473222, 0.1716755568938308, 0.5369568150601595], [0.11135996092159316, 0.056011110360493284, 0.798123171726873, 0.034505756891040545], [0.30176962853434325, 0.18023434846453212, 0.01246223441626782, 0.5055337884848569], [0.4937642418524335, 0.1788591815629966, 0.29046676750234246, 0.0369098089822274], [0.32857631061154385, 0.6139886641665846, 0.004617745254114694, 0.0528172798677568], [0.4795672836202571, 0.5026555909676753, 0.00812849908887051, 0.009648626223197024]], "ideal": "C", "sampled": "D", "correct": false}}
{"type": "result", "data": {"idx": 5, "options": ["to develop a vision statement", "to interpret trends for management", "to interpret the organization's business plan", "to consider the role public relations might play"], "probs": [[0.0126963533682469, 0.019979648809181294, 0.01906268339415699, 0.9482613143284148], [0.022985033260501303, 0.037903788721053246, 0.9188209004000988, 0.02029027751834672], [0.011099170373473674, 0.011277002715318923, 0.052959157972600396, 0.924664668838607], [0.016485306054075177, 0.01674759630217702, 0.8592531968288621, 0.10751390071488563], [0.05186930323004792, 0.12446856407904874, 0.7749197558710084, 0.04874237671989501], [0.02707735538895129, 0.06498130477510071, 0.05139514639808339, 0.8565461933378646], [0.011648085627283115, 0.010775388897823429, 0.022106879805172137, 0.9554696455697214], [0.022162671588390397, 0.0178109902311032, 0.9430292213825632, 0.016997116697943227], [0.014233156917964401, 0.013374424426065862, 0.0194571482229945, 0.9529352703329752], [0.028729673161391373, 0.021688894606779384, 0.9225871464339946, 0.02699428569783464], [0.05405305929548148, 0.8865758544585488, 0.03131507255119787, 0.028056013594771854], [0.05379298953636761, 0.8822626273436143, 0.034223760641138065, 0.029720622378880006], [0.0096481778436801, 0.00865087664525782, 0.041914683143437756, 0.9397862622676243], [0.017633666632261683, 0.013734980551389699, 0.8908166935556115, 0.07781465916073707], [0.011834383158467793, 0.015683197309085187, 0.016692022618906666, 0.9557903968135404], [0.0225798013988352, 0.024802430583950597, 0.9310676125059445, 0.02155015541126967], [0.029347294169236555, 0.8448086694829502, 0.04477963762951766, 0.08106439861829552], [0.02778543355703195, 0.9062974485828326, 0.04957605171294978, 0.01634106604718571], [0.14157390223883964, 0.05996646947646514, 0.6654261176442905, 0.13303351054040466], [0.04265728592446047, 0.041360549624598536, 0.058316446834931444, 0.8576657175160095], [0.30456422024231716, 0.49449991221064665, 0.0453078206523128, 0.15562804679472336], [0.5041341447992075, 0.3688477171732741, 0.07044186809768992, 0.05657626982982855], [0.1637220768570317, 0.1255806637585995, 0.08235376020614703, 0.6283434990782217], [0.5232953556882752, 0.2017585305585688, 0.2018677411591834, 0.07307837249397255]], "ideal": "B", "sampled": "D", "correct": false}}
{"type": "result", "data": {"idx": 6, "options": ["When victims of abuse remain silent about the abuse", "When people hide their opinions if they do not agree with the majority", "When people hide their opinions if they are in disagreement with their close peers or family members", "When public relations uses opinion poll results to generate support for a particular issue"], "probs": [[0.006702804456020966, 0.7628946881842316, 0.21863825566128664, 0.01176425159846078], [0.0031818144848901617, 0.9844108931285638, 0.0040236241639194665, 0.008383668122626604], [0.008380693406092198, 0.6454084532958689, 0.31957641330027486, 0.02663443989776398], [0.003919970501345375, 0.9445130918746232, 0.0052764641108689735, 0.0462904734131625], [0.019452035787470703, 0.04742341948987575, 0.13093762342323842, 0.8021869211994151], [0.012038193776426589, 0.03430486135927483, 0.04073341980988841, 0.9129235249544102], [0.0827902881163739, 0.05430634501315404, 0.8368491810157099, 0.026054185754762163], [0.4363486500866121, 0.2299435155604576, 0.04748534446096425, 0.2862224897919661], [0.7306038401812649, 0.20605964394415696, 0.02970083592377251, 0.0336356798508056], [0.7443039070023425, 0.2132263850916688, 0.017786408437789326, 0.02468329936819936], [0.354499231377534, 0.06981899796678795, 0.09850941145953145, 0.47717235909614664], [0.8329571857047331, 0.06128915672683963, 0.07395968916092414, 0.031793968307503154], [0.03520072454462319, 0.024965401315292568, 0.9082775639516146, 0.03155631008846955], [0.07735224009759394, 0.10578263471124749, 0.08238588211319113, 0.7344792429779674], [0.08931388492369896, 0.8089689497716263, 0.04221517098810349, 0.059501994216571236], [0.0663604151682111, 0.8608972803652652, 0.026409234202860333, 0.04633307016366335], [0.09057622503227475, 0.059433308156969115, 0.12581393262022922, 0.724176534090527], [0.3031478731583038, 0.10479730054292256, 0.4081731912629964, 0.1838816349357772], [0.011356173304763649, 0.033391745536744254, 0.1952083286830053, 0.7600437523754868], [0.011971942911343505, 0.028730100359665587, 0.07931732763323669, 0.8799806289957542], [0.024255015857141717, 0.46510009705467537, 0.03818015896073244, 0.4724647280274505], [0.02936232440355108, 0.5371466834518601, 0.3750902087977187, 0.05840078324687015], [0.02426681958491808, 0.12137840280062015, 0.03759790085483205, 0.8167568766596297], [0.04320047827527412, 0.6252241180601157, 0.21950841111363634, 0.1120669924509738]], "ideal": "A", "sampled": "B", "correct": false}}
{"type": "result", "data": {"idx": 7, "options": ["Research and evaluation", "Strategy and evaluation", "Strategy and implementation", "Objectives and implementation"], "probs": [[0.19327583547097674, 0.4358210780069069, 0.05204315758640762, 0.31885992883570874], [0.1302146814473381, 0.32242251017277995, 0.30778232900832386, 0.239580479271558], [0.1437351623181783, 0.6649936065347684, 0.04523982971976756, 0.14603140132728584], [0.11303113062946796, 0.48359356864642383, 0.19541817319172955, 0.20795712743237865], [0.10670430530149534, 0.8011601805231551, 0.03411417555808149, 0.05802133851726804], [0.09243426392720475, 0.7742522944642618, 0.05786172066173454, 0.07545172084679888], [0.1566784554068298, 0.21430152971838975, 0.13835302200055943, 0.49066699277422104], [0.09882551053763285, 0.11739960749016945, 0.5871929744488277, 0.19658190742337003], [0.14069117499456182, 0.2630378584074356, 0.07302647028858501, 0.5232444962094175], [0.20582894058722084, 0.285905616586871, 0.3504190883992778, 0.15784635432663036], [0.08132909649311296, 0.8346792712663198, 0.02259176876725294, 0.06139986337331427], [0.08723493975696656, 0.8543314179138757, 0.02206352061209141, 0.0363701216170663], [0.25197519746698455, 0.2642121213568376, 0.18445709230076657, 0.2993555887754113], [0.14408653556504442, 0.16333599113797884, 0.4728141182794808, 0.21976335491749596], [0.2157198246726695, 0.2091971094115234, 0.05718270465263704, 0.5179003611631701], [0.44151617078946964, 0.2555961367738087, 0.19298114311958314, 0.1099065492171385], [0.1578294728734898, 0.6443103339212751, 0.037502127137137, 0.16035806596809804], [0.15209063619787852, 0.7971769245941799, 0.019342412799097538, 0.031390026308844104], [0.5259614186193627, 0.277195523547062, 0.06793917222905156, 0.12890388550452372], [0.3993036746579456, 0.24605171379966698, 0.17180518804262632, 0.1828394233997611], [0.44513339628919224, 0.33084288852413535, 0.046929937725476635, 0.17709377736119578], [0.6771804907326203, 0.2340438830966472, 0.04196602616229315, 0.04680959990843932], [0.239032376370255, 0.5825834360521106, 0.03783278223244683, 0.14055140524518758], [0.610508222777142, 0.3371771084403783, 0.02330982386137465, 0.02900484482110511]], "ideal": "A", "sampled": "D", "correct": false}}
{"type": "result", "data": {"idx": 8, "options": ["Defining the program", "Planning the program", "Taking action and implementing ideas", "Evaluation of the program"], "probs": [[0.03403065578315644, 0.9491304785817414, 0.0062959067954992546, 0.010542958739602966], [0.04183768667626816, 0.9230690414162355, 0.015635843154826745, 0.01945742865266963], [0.022548475517826815, 0.02400537876527716, 0.9150900550081218, 0.038356090608774186], [0.03193837245566161, 0.04232089504838015, 0.04870296968276089, 0.8770377627131973], [0.015115720030989167, 0.023413494959186664, 0.9500606515958957, 0.01141013331392846], [0.05955740551897954, 0.09975625646099386, 0.08014763802698474, 0.7605386998930419], [0.2098594715163083, 0.48045318839493234, 0.06813616660266114, 0.24155117338609822], [0.21151982632668498, 0.4620824512781268, 0.104720370959877, 0.22167735133531122], [0.055596541400667464, 0.057369373519311206, 0.6989527317966703, 0.188081353183351], [0.0574959135371184, 0.05841544182885496, 0.10250409538757818, 0.7815845491464485], [0.06727898865265397, 0.08244203775296718, 0.712229609418218, 0.1380493640761609], [0.09156687079223182, 0.12132930866678346, 0.13117059379849808, 0.6559332266424867], [0.017387799269166802, 0.06878124665596039, 0.8512162844277452, 0.06261466954712758], [0.019316838224745645, 0.08135363110247784, 0.051698350921575716, 0.8476311796512008], [0.024374346359262947, 0.24621516028368867, 0.60943713408771, 0.11997335916933835], [0.02883870727496799, 0.41732353460647537, 0.06602038048916195, 0.4878173775293947], [0.006807236456366464, 0.01397076526427991, 0.251502871136871, 0.7277191270424826], [0.008056994526772655, 0.01787799969136749, 0.7030695676100519, 0.2709954380718079], [0.028240299322915365, 0.09406771667592084, 0.8384831091413876, 0.03920887475977626], [0.04948290193472809, 0.1477607676027676, 0.0754571576646513, 0.727299172697853], [0.025002413589906715, 0.9383202604952277, 0.02703764966490342, 0.009639676149962216], [0.029413881106123592, 0.846396694021187, 0.021522196248132203, 0.10266722852455726], [0.032622082316931915, 0.05379847156024447, 0.1709491819222367, 0.7426302641005869], [0.04051975472581866, 0.057152274138691776, 0.568310907898474, 0.3340170631370155]], "ideal": "B", "sampled": "B", "correct": true}}
{"type": "result", "data": {"idx": 9, "options": ["ingratiation", "downplaying", "distancing", "nonexistence"], "probs": [[0.019893157928784808, 0.22793212191072482, 0.05009436159684451, 0.7020803584636459], [0.012013728715326442, 0.039403490002132266, 0.9115640620238843, 0.037018719158657], [0.01812857260953816, 0.1279608218569661, 0.05771157854024628, 0.7961990268932495], [0.01356325123858965, 0.0417933831590817, 0.8942316268805486, 0.050411738621780076], [0.03806388207603859, 0.9373783049222, 0.010100842932308996, 0.014456969969452485], [0.02697558660571848, 0.9515046334581067, 0.008769057559551213, 0.012750722276623681], [0.03128072165025496, 0.31635775334016814, 0.06136551338730059, 0.5909960115222763], [0.015916081054876127, 0.043279651306266875, 0.897524292132336, 0.043279975406520996], [0.012052088368885666, 0.07870587918350427, 0.05002490193150078, 0.8592171304161093], [0.013541882265523796, 0.0319945298697957, 0.8927935585468664, 0.061670029217814115], [0.04414080671771407, 0.8874233646156506, 0.019922082536687837, 0.048513746029947444], [0.04098066514609336, 0.8908438734066928, 0.017924819781257123, 0.050250641565956745], [0.018191609124210733, 0.1727700818699561, 0.08162483480849433, 0.7274134740973388], [0.00944941557677552, 0.02778317603146488, 0.920410698142261, 0.042356710149498614], [0.00919630952379516, 0.0701951101466155, 0.0521432303351976, 0.8684653498943917], [0.007802596832079983, 0.022942163692632012, 0.9167492498148768, 0.05250598956041113], [0.03555333294443397, 0.8619898685247473, 0.01845643324155471, 0.08400036518926395], [0.03954924948873645, 0.8730622978798434, 0.015741822975647562, 0.07164662955577268], [0.6744539818684411, 0.29918665053071597, 0.016116298928653273, 0.010243068572189706], [0.6355098356837776, 0.3347634323037846, 0.016940457128432715, 0.012786274784005054], [0.6917393683590352, 0.2707827277563948, 0.021209751784097636, 0.016268152000472387], [0.6381924163623335, 0.31089294011555985, 0.02287372391977478, 0.028040919502331844], [0.6671057193706118, 0.2868187661148167, 0.02177619140132629, 0.024299323013245246], [0.6580923182145749, 0.2919566657142572, 0.021481431880546978, 0.028469584090620923]], "ideal": "B", "sampled": "D", "correct": false}}
{"type": "result", "data": {"idx": 10, "options": ["It hasn't", "Doubled", "Tripled", "Quadrupled"], "probs": [[0.04622153730728031, 0.5546953429608267, 0.24258761511160695, 0.15649550452028607], [0.04979708995852418, 0.561396103100349, 0.26546170414879444, 0.12334510269233233], [0.06141225202205395, 0.49879088621224804, 0.2114119662772902, 0.2283848953884078], [0.0625270847144407, 0.44122250899231363, 0.2942235206467565, 0.20202688554648918], [0.046254325136525165, 0.7127773681377412, 0.10276698205225328, 0.1382013245734804], [0.042346833239127926, 0.7394658591842644, 0.07922771218098962, 0.13895959529561805], [0.2995573415854831, 0.2027788401689484, 0.21605367432104217, 0.2816101438245263], [0.28732460306208124, 0.22039690283125696, 0.2385392898300275, 0.25373920417663426], [0.24872933874044073, 0.3454928680940302, 0.1054860812345973, 0.3002917118309318], [0.3387050128416261, 0.3084597999467069, 0.20247546119599588, 0.15035972591567112], [0.24206355259003234, 0.4969019295134787, 0.08379989362117729, 0.17723462417531166], [0.29050955389894845, 0.48663133740499526, 0.09589660983241727, 0.12696249876363902], [0.2348508273553069, 0.2207242581135482, 0.2426509446058056, 0.30177396982533927], [0.21601842663539575, 0.2449389732375028, 0.1879964498689, 0.35104615015820145], [0.21395628526385374, 0.42570019524086256, 0.1061061490761699, 0.2542373703191138], [0.2845969455464655, 0.3830486180541036, 0.17013834161639033, 0.16221609468304055], [0.2212803115647149, 0.3946753861505571, 0.1168415494068152, 0.26720275277791283], [0.28445813480837895, 0.37692738137241993, 0.18388906393431134, 0.15472541978488974], [0.21928629786773773, 0.2299090222825116, 0.2733417328915065, 0.2774629468582442], [0.2359424005493733, 0.24740719039967743, 0.17292057491363136, 0.3437298340373179], [0.18604516703942872, 0.5139400881917912, 0.09228518466793746, 0.20772956000084267], [0.23455535921591525, 0.5205083721582896, 0.1026026056277642, 0.14233366289803093], [0.19867177305619024, 0.3030918836290536, 0.12071426211580485, 0.3775220810989513], [0.3056487486302491, 0.2827329081421423, 0.23464344789190267, 0.17697489523570592]], "ideal": "C", "sampled": "B", "correct": false}}
{"type": "result", "data": {"idx": 11, "options": ["They both require research monitoring.", "They both deal with acute risks.", "New organizational practices are developed as a result of each.", "Both have the potential to damage an organisation's reputation."], "probs": [[0.1298972031374852, 0.10446029589143972, 0.2976702362695619, 0.4679722646015132], [0.09234294638391827, 0.10313167806173995, 0.2018885389472022, 0.6026368365071395], [0.13523890962266472, 0.08738393690082082, 0.3979897618794419, 0.37938739149707257], [0.08882437927303585, 0.09917592484084822, 0.4660595709929441, 0.3459401247931719], [0.12725008101606788, 0.19422186287287158, 0.227125371692358, 0.4514026843187025], [0.12602566920297711, 0.23938943506532526, 0.21465452223928852, 0.41993037339240913], [0.17182907460401764, 0.08380383252259496, 0.2622376978135132, 0.4821293949598742], [0.12296005440972207, 0.08865580244525868, 0.21938833938045088, 0.5689958036645684], [0.22575451575915403, 0.10506231455572963, 0.2057425703950078, 0.46344059919010855], [0.16931945817031477, 0.12016897855232096, 0.3166665292959705, 0.3938450338813938], [0.16980964196726783, 0.11681451076314721, 0.2217314872181933, 0.49164435995139166], [0.18812503848206158, 0.1635951052861202, 0.27402120009241515, 0.37425865603940306], [0.15180042251622408, 0.11116918424172792, 0.2544293034802135, 0.4826010896618345], [0.12172281669721688, 0.1402641142587392, 0.3063170406150469, 0.43169602832899706], [0.18053409310369076, 0.1807103887548926, 0.1321760216354294, 0.5065794964059872], [0.13363479673873754, 0.1886890018701663, 0.18860227710814986, 0.48907392418294626], [0.12945585862940043, 0.30606548606976225, 0.1717352641171472, 0.3927433910836901], [0.13364456990945736, 0.3416352075484058, 0.20402669022506745, 0.32069353221706937], [0.12742797298515943, 0.21358510632674516, 0.20702770094158446, 0.4519592196465109], [0.12051670135557176, 0.24365564958989067, 0.21505674349152118, 0.4207709054630164], [0.13508836722381518, 0.2774305600033348, 0.1373454907794714, 0.45013558189337866], [0.15018583608875102, 0.33875840394151546, 0.1930322916160865, 0.31802346825364697], [0.13264867966201502, 0.28108785020689, 0.19626000257019557, 0.3900034674608994], [0.14780750428725886, 0.24775566909947994, 0.2764402247259675, 0.3279966017872937]], "ideal": "B", "sampled": "D", "correct": false}}
{"type": "result", "data": {"idx": 12, "options": ["1917", "1922", "1925", "1927"], "probs": [[0.07841830086128414, 0.536108196038212, 0.15129928490116126, 0.23417421809934258], [0.07917072800136785, 0.40223229826463924, 0.13479052783967893, 0.38380644579431394], [0.0846408494316717, 0.2608092543583736, 0.4725066932193807, 0.182043202890574], [0.08463802124728252, 0.3195535814475823, 0.21633995906082076, 0.37946843814431447], [0.09700582103201888, 0.2556716780431327, 0.4217265216455844, 0.22559597917926402], [0.07875324550218887, 0.19499183608156084, 0.46797137053186827, 0.258283547784382], [0.22641472656759098, 0.14622422179761257, 0.34551523053080385, 0.2818458210039926], [0.23393727235207618, 0.14874389926401377, 0.20658975480608746, 0.41072907347782256], [0.41226115204352454, 0.3016535892534561, 0.07875074328066065, 0.2073345153223587], [0.41111751774137495, 0.2417146825293183, 0.22372285686099178, 0.12344494276831496], [0.364095145962558, 0.33156153062303956, 0.09358279266639327, 0.21076053064800918], [0.1319131076521439, 0.09652847579955301, 0.6808905448629677, 0.09066787158533529], [0.15353535689157566, 0.12148769964626299, 0.5117748670200418, 0.21320207634211957], [0.1539360055442895, 0.13170876196388012, 0.39343031015471613, 0.3209249222371143], [0.32162472362859923, 0.53034567432505, 0.040288366073153115, 0.10774123587319766], [0.29624181871986055, 0.5281894718063913, 0.09330360749136357, 0.08226510188238458], [0.37157397693101046, 0.3331214983798631, 0.0698851388554508, 0.22541938573367565], [0.35730688695592255, 0.30566348711582647, 0.21354366200386896, 0.12348596382438201], [0.2801676219496532, 0.15235405349790648, 0.327795281725914, 0.2396830427265263], [0.22479151857010254, 0.13852414900241314, 0.4010560035619224, 0.23562832876556192], [0.42747015507498015, 0.4550821543359526, 0.03457231638975265, 0.08287537409931456], [0.3685889326097047, 0.45877505369609284, 0.09775201448756485, 0.07488399910663755], [0.4022317603243942, 0.44180668218871116, 0.03517617722949622, 0.12078538015739841], [0.41357644463866755, 0.4614319697731052, 0.060567779969302814, 0.06442380551892446]], "ideal": "B", "sampled": "B", "correct": true}}
{"type": "result", "data": {"idx": 13, "options": ["270", "600", "2,800", "5,200"], "probs": [[0.06729412629702823, 0.07392163434733315, 0.4059375558783465, 0.4528466833772921], [0.050541167488724434, 0.05465860027063998, 0.42993242442361107, 0.4648678077170245], [0.06335219231181341, 0.18050713017667028, 0.4538460542495463, 0.30229462316197], [0.05902366779330727, 0.36735388389682994, 0.13727233835221042, 0.4363501098576524], [0.06182764120462525, 0.10195766426332578, 0.5019018072203881, 0.3343128872116608], [0.06998810588542731, 0.18734441322267661, 0.3137655742907025, 0.42890190650119353], [0.06213100161331958, 0.14675500768810712, 0.5453520335404303, 0.24576195705814305], [0.05424747494257597, 0.1385475813038476, 0.5229338290108726, 0.28427111464270377], [0.059542814528100604, 0.17502987308272952, 0.4332699387889019, 0.33215737350026797], [0.06706746816860318, 0.3101889262080453, 0.23055194831312767, 0.39219165721022387], [0.06022376440780159, 0.15869276874274232, 0.4451249721811189, 0.3359584945683372], [0.06328307280155211, 0.23888120764731333, 0.20756118616058608, 0.4902745332905485], [0.10080387886935113, 0.22368877457263023, 0.2828152393172917, 0.39269210714072694], [0.10783466030945874, 0.28864506099202436, 0.33232331520216873, 0.2711969633963482], [0.09841049913344652, 0.28931244342675166, 0.2289086362815879, 0.38336842105821395], [0.0944821047174875, 0.16847092648530948, 0.5031429899810924, 0.2339039787161106], [0.0919694459369119, 0.12186305060784426, 0.4600137128955772, 0.32615379045966664], [0.0983531601996753, 0.11866155745403975, 0.4341748557362559, 0.348810426510029], [0.09564898194541337, 0.22596411211286516, 0.2560781347437324, 0.42230877109798903], [0.10639784087674876, 0.3278289016817171, 0.2939474770897427, 0.27182578025179144], [0.08859110820728745, 0.16816962139496006, 0.2564548311078728, 0.4867844391898796], [0.10746072712035513, 0.23478538845152477, 0.31605450728599005, 0.34169937704213], [0.10087877510969362, 0.1491247117370254, 0.37500864263599154, 0.3749878704172894], [0.11364365113931706, 0.16800553719497066, 0.2685489594247097, 0.4498018521410026]], "ideal": "C", "sampled": "C", "correct": true}}
{"type": "result", "data": {"idx": 14, "options": ["Enabling", "Functional", "Normative", "Diffused"], "probs": [[0.12817236149185116, 0.2397283029134359, 0.09998831077331884, 0.532111024721394], [0.11685507443674434, 0.21514576237919342, 0.24021371539094538, 0.4277854476931169], [0.10872234321995385, 0.17390170562091636, 0.11956133603180899, 0.5978146150273208], [0.11097501879584416, 0.1803212748263664, 0.19510395677594394, 0.5135997495018455], [0.14611681205683003, 0.3145392004429275, 0.14184648230397215, 0.39749750509627035], [0.14015317483905532, 0.35833506127346915, 0.08923816267395823, 0.4122736011135173], [0.09467085308870407, 0.265809502190451, 0.11083259267246161, 0.5286870519483833], [0.08524491573580315, 0.22129581701557338, 0.317174402464692, 0.3762848646839315], [0.07582522250026182, 0.13320243656473568, 0.20317576497170212, 0.5877965758633004], [0.06579393343845504, 0.10359677980092664, 0.30460936735830507, 0.5259999193023133], [0.09549657786062757, 0.4931203314216469, 0.08307204209021404, 0.3283110485275115], [0.08917468040289818, 0.46773245925994367, 0.0673867240480747, 0.37570613618908344], [0.05562520544187449, 0.1742048606826281, 0.24197346600636407, 0.5281964677691333], [0.04614984071725148, 0.1491147075029096, 0.24214588691309497, 0.5625895647667439], [0.0533838232267295, 0.2249752562286546, 0.2673132816201401, 0.4543276388244758], [0.046562555305426266, 0.16268619590327868, 0.2405366703527413, 0.5502145783385537], [0.06187741088979101, 0.23380108271876957, 0.19389537309284952, 0.5104261331985899], [0.04914250798243444, 0.11800455784381358, 0.27874846405815523, 0.5541044700155967], [0.142296690995074, 0.28776908775578425, 0.1447611941181259, 0.42517302703101584], [0.1353193382434779, 0.3250240409423533, 0.11594066854107782, 0.423715952173091], [0.139798477278081, 0.31537389752095285, 0.1400121897319018, 0.40481543536906434], [0.1302999993261035, 0.27188101205579834, 0.12067945955470806, 0.47713952896339007], [0.14042971164504778, 0.23541828549914048, 0.2046376856049859, 0.4195143171508258], [0.11582758676361324, 0.15358964639589168, 0.16870118173160406, 0.5618815850088911]], "ideal": "C", "sampled": "D", "correct": false}}
{"type": "result", "data": {"idx": 15, "options": ["Audiences are more vulnerable and passive than ever before.", "Television viewing, in particular, creates increased activity in the right hemisphere of the brain.", "Active receivers are not uniformly affected by mass communication messages.", "Technology has led to increasingly passive recipients at the ends of message transmission systems."], "probs": [[0.06905073774736145, 0.08732477704791353, 0.6062905282113221, 0.23733395689340286], [0.08247397094140241, 0.10269190370009611, 0.11277056484286799, 0.7020635604156334], [0.016429330758239765, 0.9405658489031056, 0.01982998838792523, 0.023174831850729397], [0.021752663602819258, 0.897012677610004, 0.03588659422892865, 0.045348064458248065], [0.10349592360170458, 0.16809199135294442, 0.14154877505407923, 0.5868633098912718], [0.05985429271131402, 0.10675141452864893, 0.6963569080809086, 0.13703738457912853], [0.07361660151937555, 0.09456800668486007, 0.5359633564413072, 0.29585203525445714], [0.09300318497984188, 0.12720334718152435, 0.15342296887030252, 0.6263704988683313], [0.06556387696964111, 0.5756896476308654, 0.11880026970508599, 0.2399462055944075], [0.052436901941787434, 0.47495024330001023, 0.10270235456909603, 0.3699105000891063], [0.09420259717070473, 0.08854985632084789, 0.29960287953612263, 0.5176446668723247], [0.053822636799431764, 0.0619730616372432, 0.5439382811238507, 0.34026602033947434], [0.2870927581094448, 0.29174370874871713, 0.16370268896236237, 0.2574608440794757], [0.2928840692277367, 0.2282084809437758, 0.22828456627735902, 0.2506228834511285], [0.2146619590106813, 0.13025351061492255, 0.32246360660045725, 0.33262092367393886], [0.13567800818517028, 0.10906136034828576, 0.14674584566079385, 0.6085147857057501], [0.22888031258558778, 0.19895246326494798, 0.3604155426795147, 0.21175168136994954], [0.16778889046736206, 0.21552787397840237, 0.14583945055576916, 0.4708437848984664], [0.15628204213850638, 0.14017761169991652, 0.14018917500134642, 0.5633511710602307], [0.11302989901462068, 0.10790375758329834, 0.5397056186908334, 0.23936072461124752], [0.14495252179359647, 0.09968117697792708, 0.20777085576193186, 0.5475954453665446], [0.07628921873338382, 0.05851372679564697, 0.44614213379583545, 0.4190549205751337], [0.11350248583757597, 0.6140555647287306, 0.11722609224896456, 0.15521585708472888], [0.06551800716399132, 0.7271018081705481, 0.059684150359653555, 0.14769603420580693]], "ideal": "C", "sampled": "C", "correct": true}}
{"type": "result", "data": {"idx": 16, "options": ["A politician", "A house of worship", "A government institution", "A publicly-traded company"], "probs": [[0.40301871918749366, 0.24073017303296215, 0.11553804118116028, 0.2407130664983839], [0.37194259288424486, 0.2517604715083398, 0.14347810400430594, 0.2328188315031094], [0.37824968063401115, 0.22950427573865798, 0.11543184689666625, 0.2768141966306646], [0.3423400367898119, 0.2709017274599795, 0.13624174282491905, 0.2505164928252896], [0.378466494136962, 0.2726884619506623, 0.11194717215687106, 0.2368978716555047], [0.35318464912312064, 0.30218751414451, 0.1165419151343441, 0.22808592149802528], [0.4341880276747092, 0.22887517042591507, 0.11511287606606065, 0.22182392573331508], [0.38366335054877293, 0.2517051659018646, 0.1390254327661035, 0.22560605068325895], [0.44182910158989797, 0.22223819127941016, 0.10665388026627033, 0.22927882676442152], [0.3001598253617456, 0.2568263824098649, 0.13324677048394243, 0.309767021644447], [0.38375647708642036, 0.3084565606864819, 0.11173368656311623, 0.1960532755639815], [0.30246589035445565, 0.2978789552432287, 0.12418563847768668, 0.2754695158246289], [0.44110549477782895, 0.22536422813734336, 0.11512414622178128, 0.2184061307630464], [0.38853136859022597, 0.25489027065142994, 0.1385920088925055, 0.21798635176583858], [0.4718937258915813, 0.2161133144205775, 0.11213973156539575, 0.19985322802244546], [0.33405518528458766, 0.22966317830173308, 0.14598973093957127, 0.29029190537410804], [0.38978201146996344, 0.2852597236348041, 0.12270447610581732, 0.20225378868941513], [0.3486934096051204, 0.243496045833554, 0.118678771324284, 0.2891317731370416], [0.37007662650222267, 0.2794296443182942, 0.12598019837073327, 0.22451353070874983], [0.34212362762844634, 0.30200830098946774, 0.12791146336706877, 0.22795660791501715], [0.404667270282192, 0.2825803542623571, 0.12156050268270413, 0.19119187267274676], [0.3185238336758329, 0.2768168829646122, 0.11907235141613516, 0.2855869318434197], [0.3544661806010243, 0.2804921948775953, 0.13251863813620743, 0.23252298628517296], [0.2977898307670204, 0.2628751894987807, 0.12226155688651837, 0.3170734227476805]], "ideal": "C", "sampled": "A", "correct": false}}
