{"type": "result", "data": {"idx": 0, "options": ["Offerings", "Prayers", "Apparitions", "Idols"], "probs": [[0.024683907211794757, 0.027978958090184757, 0.03481328428687792, 0.9125238503111426], [0.01651387546012654, 0.019309167644147206, 0.9018488911802077, 0.06232806561551857], [0.043384386468647215, 0.044081194542366114, 0.05400088972800049, 0.8585335291609861], [0.03060333101688646, 0.029207813121819103, 0.777286850895916, 0.1629020048653784], [0.09383755991293559, 0.6936307600462511, 0.06253088311621255, 0.15000079682460069], [0.07806378322439277, 0.7409294688514707, 0.04179852704575066, 0.13920822077838588], [0.013449815021029914, 0.047697539663232126, 0.024356940438651147, 0.9144957047770867], [0.007721591491924685, 0.02099232374878295, 0.9355790845859386, 0.035707000073353756], [0.01207725609338466, 0.01757713591729806, 0.0825424118978853, 0.887803195991432], [0.002940760879210353, 0.0062262177693385885, 0.9387041926065167, 0.05212882864493436], [0.013643920619826699, 0.9273168020244925, 0.0263040571829646, 0.03273522007271617], [0.010341279987742466, 0.8746944728832065, 0.015285551768251153, 0.09967869526079987], [0.028494660339163258, 0.11098285970067652, 0.04018981829237288, 0.8203326615677874], [0.019079526543701122, 0.05970509777791527, 0.8243096114109257, 0.09690576416745789], [0.012620147151837928, 0.015957431658061724, 0.08625286704227192, 0.8851695540478284], [0.003315116785837448, 0.005818723773516705, 0.9485398053223627, 0.042326354018283094], [0.03495140784947576, 0.7592886174376452, 0.0653166927181063, 0.14044328189477268], [0.022253446281348094, 0.6817386721105122, 0.029030340360117632, 0.266977541148022], [0.26466802548706375, 0.4574626522042651, 0.09589945064716535, 0.18196987156150585], [0.21062744603259625, 0.4602302816152914, 0.0455696752131464, 0.2835725970389659], [0.24963644144422886, 0.20702600477055716, 0.3012868165668562, 0.24205073711835778], [0.09589187197757293, 0.09592564545991866, 0.06489943809008457, 0.7432830443724239], [0.19797370720792626, 0.15666291816439343, 0.23892631702386652, 0.4064370575038138], [0.16308908405891973, 0.1485520325236785, 0.10051533728600726, 0.5878435460313945]], "ideal": "D", "sampled": "D", "correct": true}}
{"type": "result", "data": {"idx": 1, "options": ["Daoism", "Yin-Yang School", "Mengzi", "Humanistic Buddhism"], "probs": [[0.20934920166834714, 0.3145433389419437, 0.1194420540171782, 0.35666540527253093], [0.23881413818551703, 0.3165459240195729, 0.16952961176340406, 0.2751103259315061], [0.1496962226641785, 0.13641986859357516, 0.42051001278621025, 0.29337389585603607], [0.14481256273803755, 0.14955324824466346, 0.14048252345602708, 0.5651516654612719], [0.23408805972845856, 0.15849391878310512, 0.3203642618281515, 0.28705375956028484], [0.15550650654668233, 0.15566989777915652, 0.15325172243969953, 0.5355718731344616], [0.06435767007296447, 0.748794637509647, 0.05258938826361083, 0.1342583040537777], [0.0737336970414605, 0.7336409905904323, 0.06513492211450236, 0.12749039015360483], [0.04973275901422612, 0.06491937153744194, 0.6163112910864799, 0.269036578261852], [0.07043009250651824, 0.10749116538880227, 0.09784159808372551, 0.724237143920954], [0.05961069042159885, 0.0587220113080199, 0.6830402128543732, 0.19862708531600803], [0.08349429379715996, 0.11603502322880507, 0.14215791972716563, 0.6583127631468694], [0.1913485342876616, 0.29201056310657564, 0.24226717602376455, 0.2743737264819982], [0.16917570689904393, 0.24636347200627773, 0.14488453319193864, 0.43957628780273966], [0.07860816503597497, 0.08775105588008798, 0.6095629515504121, 0.22407782743352495], [0.09095339340984661, 0.1324346750239623, 0.10312255417346135, 0.6734893772927297], [0.11482068809597354, 0.09828672483857046, 0.42724784886105155, 0.35964473810440445], [0.08925642218808995, 0.1094457880669754, 0.14051859627251792, 0.6607791933724168], [0.14047249497394687, 0.3881853751858537, 0.22836370634916875, 0.24297842339103062], [0.11185894238671001, 0.24463781743954113, 0.13301225702551517, 0.5104909830482337], [0.06643667120892535, 0.07895785628183262, 0.5747152013108247, 0.2798902710984174], [0.0748211672441433, 0.12942889427909052, 0.1273804018323923, 0.6683695365443739], [0.09316715805419538, 0.11609358598830236, 0.2699797809594552, 0.5207594748980471], [0.06216840491692718, 0.09791407806128187, 0.13801822167758473, 0.7018992952442062]], "ideal": "B", "sampled": "A", "correct": false}}
{"type": "result", "data": {"idx": 2, "options": ["325 CE", "119 CE", "451 CE", "596 CE"], "probs": [[0.026219246669047992, 0.8684090275537026, 0.03066625013892513, 0.07470547553832425], [0.043756206073217264, 0.5947321123191402, 0.2810227306020429, 0.08048895090559961], [0.10128905321273438, 0.09666407564316909, 0.5309424837611905, 0.2711043872829061], [0.08244711466974755, 0.1010307036623173, 0.5053065606933139, 0.31121562087462123], [0.029594082074694834, 0.8786126792930363, 0.0519641921277905, 0.03982904640447827], [0.034978925580364674, 0.8476084035629364, 0.0478359391792806, 0.06957673157741827], [0.20469602635398926, 0.2711965102997947, 0.14749626594057536, 0.3766111973056407], [0.14168360405686453, 0.1682688096513323, 0.48707084391399674, 0.20297674227780643], [0.1551730806046241, 0.11898761081112279, 0.4219834977693014, 0.3038558107149517], [0.10899171408709242, 0.10401205175012061, 0.5451589537901456, 0.24183728027264143], [0.053270232919310045, 0.8465048827596054, 0.047774226358490816, 0.05245065786259371], [0.0481440714337408, 0.8534765751388478, 0.0411997201222538, 0.05717963320515762], [0.06618084807166892, 0.5125718750483711, 0.20078735201129638, 0.22045992476866366], [0.05166785418470596, 0.19502274690108334, 0.5916318892840985, 0.16167750953011215], [0.040851683333566396, 0.7356532379767742, 0.07635385713008618, 0.14714122145957326], [0.05207339010201884, 0.29047469658807734, 0.5344568787842993, 0.12299503442560457], [0.04932376083645968, 0.7136918374267888, 0.1129622042962268, 0.1240221973405247], [0.03681875904311519, 0.7997382371983758, 0.08301162938242396, 0.0804313742760851], [0.2040113687908988, 0.4597690471512614, 0.15894712742984968, 0.17727245652799012], [0.19046670196535884, 0.44288459415775316, 0.11028391121715155, 0.25636479255973643], [0.22905321416948513, 0.4020192026689961, 0.1729758381670591, 0.19595174489445968], [0.2140531539702939, 0.3937293886744637, 0.1298896968234826, 0.26232776043175976], [0.25071914495816877, 0.2797156142739254, 0.1984207748227048, 0.2711444658452011], [0.23358732013694022, 0.3046720461841154, 0.17097175883900978, 0.2907688747399346]], "ideal": "D", "sampled": "D", "correct": true}}
{"type": "result", "data": {"idx": 3, "options": ["Akitu", "Wag and Thoth", "Bast", "Nehebkau"], "probs": [[0.9754877475588462, 0.017867949565378297, 0.005200283807193567, 0.0014440189685819259], [0.976954831663315, 0.017344517879942067, 0.004185126222574097, 0.0015155241341688254], [0.9770969857853754, 0.017620668299557777, 0.0036937715749018277, 0.0015885742401649395], [0.9777558156235824, 0.016564107087682984, 0.0036389786958925413, 0.0020410984928420865], [0.9824459091605722, 0.01337340237085885, 0.003226933187939609, 0.0009537551806294151], [0.9823337664523752, 0.01180088619234764, 0.004621558481662486, 0.0012437887736145988], [0.008606622645970398, 0.9796129013303324, 0.003820353243493935, 0.007960122680203296], [0.008900862448196517, 0.9820221519062923, 0.0022517634257006665, 0.006825222119810489], [0.004963983476016751, 0.012877097491853775, 0.9612635378291752, 0.020895381102954243], [0.01169168088464427, 0.014783640354265683, 0.014546444587369436, 0.9589782340737206], [0.008626178234918418, 0.01587021612378744, 0.9520553280540036, 0.02344827748729051], [0.009377282134961131, 0.01386494893259981, 0.019538260964604984, 0.957219507867834], [0.013953128345203326, 0.9785674527804407, 0.0025030030739352557, 0.00497641570042074], [0.011215082051785183, 0.9787698489911001, 0.002542990442216015, 0.007472078414898665], [0.008943984692259595, 0.008019486807374068, 0.9715528334507432, 0.011483694949623197], [0.017166906598320104, 0.013167210571226048, 0.016898054265911074, 0.9527678284645428], [0.013222238437088004, 0.013433412096917131, 0.9568888151963679, 0.016455534169626976], [0.018599860766715978, 0.012393963787453598, 0.014484200935420945, 0.9545219744104094], [0.014763474768867807, 0.9726476869890223, 0.003348427660896425, 0.009240410481213547], [0.015533905756886323, 0.9613478953419812, 0.0065807128582310885, 0.01653748594290137], [0.008396948522666902, 0.00894012936511761, 0.9710046458101288, 0.011658276202086733], [0.009262595712973032, 0.0126644611065657, 0.0178514335317516, 0.9602215095487097], [0.008826322696499666, 0.013888054280202603, 0.958890063388393, 0.018395559534904696], [0.01266376945148787, 0.015763272198537386, 0.01117513611702097, 0.9603978221329538]], "ideal": "A", "sampled": "A", "correct": true}}
{"type": "result", "data": {"idx": 4, "options": ["Zazen", "Tariki", "Kami", "Ikebana"], "probs": [[0.0019666002841569803, 0.006653570495026868, 0.00367395389407693, 0.9877058752267392], [0.0009775282397629184, 0.00488705504762442, 0.9916001123643359, 0.002535304248276758], [0.0018783234942483062, 0.0067646232725716805, 0.0026904599941933957, 0.9886665931389866], [0.0009915961754385276, 0.005705942127531596, 0.990295682139192, 0.003006779457837902], [0.00431904174817487, 0.9929494232271366, 0.0004553516888044, 0.002276183235884032], [0.004455068034310197, 0.9927290577642306, 0.0005754889986008293, 0.0022403851028584376], [0.0029013002006030722, 0.006746515890182349, 0.004355184435084205, 0.9859969993741303], [0.001442067082739146, 0.005703203342356905, 0.989754014616318, 0.003100714858586024], [0.00322926759414738, 0.010104508451406173, 0.002894599812570978, 0.9837716240418755], [0.0022579796670856352, 0.008131058740060827, 0.9851206363464251, 0.004490325146428399], [0.008296295002618331, 0.9895108181516509, 0.0004262866139986087, 0.0017666001317321637], [0.008162372985741193, 0.9888943192454548, 0.0005301947372916725, 0.002413112931512367], [0.002773852261010301, 0.0060593592066702315, 0.0031925597827479678, 0.9879742286495715], [0.0015328415624206952, 0.006353242207526935, 0.9883791028932002, 0.0037348132368521495], [0.0026843920503642556, 0.0077684708384040835, 0.003089604684131486, 0.9864575323271002], [0.0020287460456552956, 0.006548696601586298, 0.987450649979959, 0.003971907272799357], [0.006169107035021392, 0.990152856621205, 0.0006710635235004846, 0.0030069727202730948], [0.006162510897886726, 0.9891038227857, 0.0006916567418165571, 0.004042009474596743], [0.9930213603729432, 0.005293402161348699, 0.001109615141700108, 0.000575622224008032], [0.9916014701890645, 0.006375893121202408, 0.00149102838123291, 0.0005316082085001909], [0.9929407520431608, 0.005634409873433363, 0.0010102628458910567, 0.00041457513751473596], [0.992815999544737, 0.005210350109721893, 0.0014245044226343748, 0.0005491458229066754], [0.9907950087500079, 0.0076846028093414025, 0.0010730887215891854, 0.00044729961906151696], [0.991514231213872, 0.006577803525611638, 0.0012360151894925822, 0.0006719499710236714]], "ideal": "D", "sampled": "D", "correct": true}}
{"type": "result", "data": {"idx": 5, "options": ["Harmony and balance", "Devotion and piety", "Love and passion", "Goodwill and love"], "probs": [[0.384149523447351, 0.3235411110604679, 0.019739281812884407, 0.2725700835792967], [0.5841406267668325, 0.3831405730328591, 0.02488699979510325, 0.007831800305205071], [0.09271556276222108, 0.029641628704111384, 0.8401715879817797, 0.03747122045188778], [0.44297349458406166, 0.06688739655253055, 0.3192980969103544, 0.17084101185305345], [0.7185098621826513, 0.09725229567949636, 0.1681081227357157, 0.016129719302136594], [0.5236694948808451, 0.07907127049332983, 0.02567519686757462, 0.37158403765825043], [0.7239760820492355, 0.13185694525746872, 0.01226662024931206, 0.13190035234398378], [0.8745398945554711, 0.10610720306668017, 0.013077038083205058, 0.006275864194643671], [0.33527127137419643, 0.07482256126364749, 0.527863638001793, 0.06204252926036311], [0.5037178396674932, 0.097661256780395, 0.09769874810195497, 0.3009221553501568], [0.8478352967408647, 0.0685218940609966, 0.07296626966577155, 0.01067653943236716], [0.6875682530649375, 0.08212749761759473, 0.01721840589475361, 0.21308584332271407], [0.019812399187357606, 0.4727296451480197, 0.4240146505853236, 0.08344330497929905], [0.017893486389720957, 0.810267776552317, 0.07656698213374052, 0.09527175482422157], [0.01613049148865821, 0.8539375939879617, 0.07944614143448311, 0.05048577298889701], [0.015879148349603935, 0.8538506483091105, 0.021714679530639363, 0.10855552371064621], [0.01930762343932599, 0.1299323788315137, 0.8092295843183549, 0.0415304133108054], [0.029688014287854215, 0.22997427522972164, 0.47971747187962654, 0.2606202385027976], [0.14427204482406106, 0.4242305770994824, 0.392649204962362, 0.038848173014094496], [0.07136145433476043, 0.12534399862245973, 0.022117801181939824, 0.7811767457608401], [0.09573206443334041, 0.22619609590096199, 0.6449705549261989, 0.03310128463949861], [0.03954281351298538, 0.11449609887659164, 0.025143662886588043, 0.8208174246238349], [0.0296573892630878, 0.03578609740284606, 0.867697332380451, 0.06685918085361518], [0.03894422846416011, 0.030339787851300305, 0.6194490628213747, 0.3112669207631649]], "ideal": "A", "sampled": "B", "correct": false}}
{"type": "result", "data": {"idx": 6, "options": ["Shabad", "Khalse", "Nam", "Guru"], "probs": [[0.9725224589863648, 0.023598747847542508, 0.002774862866480876, 0.0011039301996117537], [0.9678196245780578, 0.02703069671234927, 0.0025142544396883305, 0.0026354241699045986], [0.9745239747070994, 0.023280980818639642, 0.0012339193484378068, 0.0009611250258231101], [0.9728209296431252, 0.02473927676143825, 0.0016318265146144746, 0.0008079669808221098], [0.9675174225923419, 0.028318557390928718, 0.0018389280607895365, 0.0023250918559399297], [0.9720305428646141, 0.025107968531800785, 0.002160063561008327, 0.0007014249425768178], [0.019025371449005093, 0.9761122007347203, 0.002918440944547744, 0.0019439867717269163], [0.018709418332393736, 0.9750616423364202, 0.002306203701625033, 0.003922735529560934], [0.027596017560820817, 0.08771521074400113, 0.872631080502563, 0.012057691092615095], [0.031000310825830667, 0.19907894610470725, 0.0295851083343116, 0.7403356346351505], [0.025158899886507893, 0.040210338015590465, 0.9156377672762334, 0.018992994721668235], [0.03260135443844586, 0.059983909050611274, 0.12897466795134732, 0.7784400684595956], [0.09223996222323924, 0.9032109630308328, 0.002238977211840959, 0.0023100974340869783], [0.08349008169226636, 0.9120499335095754, 0.002643200350732503, 0.0018167843474256895], [0.0676817967789722, 0.04235891993445608, 0.8781958213332189, 0.01176346185335279], [0.06581353689728593, 0.07007470294466385, 0.022746385158397362, 0.8413653748996528], [0.11928426829375564, 0.05723893455275456, 0.8156072826740983, 0.00786951437939146], [0.10676237632155515, 0.09572348389919387, 0.019751694860825085, 0.7777624448184259], [0.028482427352674977, 0.9584641268401021, 0.0027344017380500616, 0.010319043969172884], [0.022870226287519738, 0.972812612365015, 0.002607241790532831, 0.0017099194569323837], [0.025130773943657158, 0.03079791114684694, 0.9146876692014451, 0.029383645608050814], [0.030599232208243676, 0.03869877921043764, 0.11550526069555404, 0.8151967277857646], [0.04669339542719142, 0.22988858624018602, 0.7084903656947549, 0.01492765253786769], [0.03707664825195971, 0.16113613514269318, 0.019848426764991076, 0.781938789740356]], "ideal": "A", "sampled": "A", "correct": true}}
{"type": "result", "data": {"idx": 7, "options": ["Muhammad's miraculous ascent to heaven", "Muhammad's migration to Mecca", "Muhammad's first community in Mecca", "Muhammad's revelations of the Qur'an"], "probs": [[0.9884057041693193, 0.00896164495199671, 0.0018495509860469198, 0.0007830997926370617], [0.9906469693713932, 0.007446326380602935, 0.001466430013304175, 0.0004402741346997116], [0.9873353574066194, 0.009986586272430724, 0.0018189196153666509, 0.0008591366055831879], [0.9894745731037387, 0.008560492986881888, 0.0015112185501550122, 0.00045371525922444404], [0.9920190033443287, 0.005898694075861453, 0.0017167965514079098, 0.00036550592840199], [0.9910439830456461, 0.006677500361463812, 0.0018836980386470075, 0.0003948184542430458], [0.0014310878898741756, 0.9975915254931059, 0.00026892219546947703, 0.0007084643215504117], [0.0011686844481133857, 0.9981622466286478, 0.00019686166057989718, 0.00047220716265881674], [0.002448497717470582, 0.006252427488898669, 0.9878461348099266, 0.003452939883704228], [0.0013723656046391104, 0.005179402813809135, 0.0063457654741952765, 0.9871024660073565], [0.0016107676791341742, 0.005039616956011053, 0.9909315710076426, 0.002418044257212097], [0.0012697091885012929, 0.00429549428836713, 0.0069720769339046, 0.9874627194892269], [0.0018354500916645277, 0.9964460878618273, 0.0004569263614623971, 0.0012615355850457764], [0.0015710552661941783, 0.9971565134034803, 0.0003911127561272012, 0.0008813184741982297], [0.0021637871862162997, 0.004580713907265801, 0.9892130111278841, 0.004042487678633798], [0.001628902846220103, 0.004787774258640618, 0.006965943099576694, 0.9866173796955626], [0.0016601266043612813, 0.004956195807242806, 0.9898691932049432, 0.003514484283452754], [0.0012708937155096153, 0.003976392985160289, 0.006354052043530792, 0.9883986611557993], [0.001986090467638463, 0.9971993104268198, 0.00038505780359192505, 0.0004295412019498111], [0.001985890593220464, 0.9970992384419027, 0.0004431586500179713, 0.00047171221485881824], [0.0012749069449387292, 0.004811410909876545, 0.991456234867872, 0.0024574471773126188], [0.0012125452871824401, 0.00436665664239377, 0.00615781481734909, 0.9882629831530747], [0.0016083821654016657, 0.005975826004620403, 0.9894575189990688, 0.002958272730909198], [0.001212536846517915, 0.004648245068652089, 0.005875781561136766, 0.9882634364236932]], "ideal": "A", "sampled": "A", "correct": true}}
{"type": "result", "data": {"idx": 8, "options": ["Laws of Dharma", "Laws of Karma", "Laws of Vishnu", "Laws of Manu"], "probs": [[0.09649556686390565, 0.06137575562922906, 0.020232792247329504, 0.8218958851595358], [0.14240109919077698, 0.05845052003275968, 0.7583469747738663, 0.04080140590259711], [0.08594726121252273, 0.04823777505538781, 0.03640267293241189, 0.8294122906996776], [0.01343340607809273, 0.02016790017221392, 0.9570203386891255, 0.009378354960567865], [0.023539111132455742, 0.9703601989442792, 0.003500163660410656, 0.0026005261628543777], [0.032880777625311344, 0.9611706720787859, 0.002742785195514774, 0.0032057650003879793], [0.06154364289525465, 0.3599608506651046, 0.01193488564283554, 0.5665606206968052], [0.03744178912379744, 0.921747183512996, 0.01254440438692433, 0.028266622876282274], [0.009321023379266517, 0.007374287321218544, 0.8526041801175973, 0.13070050908191763], [0.010678019612213529, 0.012485940287189464, 0.8620337439666034, 0.11480229603399364], [0.02607901513117508, 0.9488277867349628, 0.018498551942820456, 0.00659464609104168], [0.05926508552503654, 0.5895413030383263, 0.015225746010014377, 0.33596786532662276], [0.031833316979385295, 0.6009244294193146, 0.013911017150572715, 0.35333123635072744], [0.02438696691679556, 0.6697477869551972, 0.24260319720668092, 0.06326204882132631], [0.024404712791684827, 0.030861488586270143, 0.4465945504012164, 0.49813924812082866], [0.02695077274861102, 0.039228416829252814, 0.5949568725715294, 0.3388639377506068], [0.009534966000924712, 0.9728948624426148, 0.010807745056672481, 0.006762426399787951], [0.010051847397082765, 0.9635488354064006, 0.007019790793924678, 0.01937952630259193], [0.9662367122638102, 0.026982629521439993, 0.004763763700253673, 0.002016894414496125], [0.9656810228909649, 0.027822986576199832, 0.0038256733900629836, 0.002670317042772259], [0.9717524403650352, 0.020165652767098682, 0.006346933307916766, 0.0017349734599494129], [0.9421139915688705, 0.027143830173386885, 0.0044321052552785635, 0.02631007290246394], [0.9439176878309071, 0.020851812625165243, 0.029875174065926793, 0.005355325378000864], [0.9081346104162866, 0.02699486080489697, 0.009477765929641472, 0.0553927627491749]], "ideal": "D", "sampled": "D", "correct": true}}
{"type": "result", "data": {"idx": 9, "options": ["The Holy Book", "The Narrative", "The Recitation", "The Pillars"], "probs": [[0.11083107729569987, 0.06935842515396755, 0.7938925830123469, 0.02591791443798569], [0.498760386285612, 0.11663352277733595, 0.019645171786887357, 0.3649609190501647], [0.6683503285985961, 0.3157128344819311, 0.007781837480854348, 0.008154999338618362], [0.5967933512746788, 0.3853273973030189, 0.008381800693993278, 0.009497450628308967], [0.0912294470990916, 0.06780406705803999, 0.014663226376680409, 0.826303259366188], [0.29523950592277837, 0.1138286730993058, 0.5102133116345012, 0.08071850924341459], [0.014953685165676684, 0.8967771037606738, 0.08213178163192089, 0.006137429341728674], [0.017927874311990794, 0.948840283386378, 0.008338974989874251, 0.024892867211756944], [0.014983497370140575, 0.7566635512782223, 0.22371090665076113, 0.004642044600876013], [0.016967104611879013, 0.9559139532708478, 0.003188740902164312, 0.023930201115108844], [0.00412136594572974, 0.014385492264419982, 0.9328284100070642, 0.04866473168278613], [0.0066061099514705115, 0.014657184582534321, 0.5947667401254996, 0.38396996524049554], [0.8827881845072912, 0.11400272018179963, 0.002055875404787921, 0.0011532198061211865], [0.8492532164384912, 0.14757894072278185, 0.0022763952320061466, 0.0008914475067208], [0.12523950524328017, 0.015193492969526377, 0.85595815607951, 0.0036088456076835], [0.9300236573277885, 0.02478419209995492, 0.003684072471469973, 0.04150807800078667], [0.4825943963262579, 0.0421687919598712, 0.4677933114634218, 0.007443500150449116], [0.9189443476977021, 0.02908142250706268, 0.0025018578318057555, 0.04947237186342948], [0.014752523631578755, 0.8575391515922788, 0.009829137866941777, 0.11787918680920065], [0.009734557009259947, 0.8232570885788681, 0.15470209716203528, 0.012306257149836632], [0.002686119598536118, 0.011487373044869043, 0.9564930291719584, 0.02933347808463641], [0.005109969506982196, 0.013049453447015035, 0.7238022657363427, 0.25803831120966014], [0.005234221654312282, 0.04889310268381274, 0.9372426377737677, 0.008630037788107284], [0.01754079167447145, 0.7118169095687183, 0.0128355279612927, 0.25780677069551744]], "ideal": "C", "sampled": "C", "correct": true}}
{"type": "result", "data": {"idx": 10, "options": ["Mother of Light", "Father of Goodness", "Ineffable Lover", "Eternal Spirit"], "probs": [[0.06928243561385902, 0.07042061599781232, 0.09040105211416617, 0.7698958961741624], [0.07210517727686017, 0.05195196011107171, 0.6431141542977276, 0.23282870821434062], [0.06102579054887857, 0.06707138197224698, 0.05387725236532289, 0.8180255750135516], [0.09676521943461909, 0.09094304522750034, 0.4997067115723069, 0.31258502366557367], [0.18326950071409492, 0.21781747040954608, 0.11480696498199618, 0.48410606379436283], [0.17974607778589105, 0.3414264942470487, 0.10917095175166193, 0.3696564761153983], [0.07561567199619423, 0.04378901291084455, 0.053635848944907756, 0.8269594660480535], [0.12070311694654128, 0.04728115384762404, 0.6133810326840607, 0.21863469642177397], [0.10051052308757775, 0.07591751990422467, 0.043927166770204924, 0.7796447901379926], [0.1578300077535331, 0.0885666420117872, 0.5689716680238648, 0.18463168211081493], [0.46214277978356716, 0.28930365066417013, 0.04650879122381068, 0.20204477822845204], [0.48052775559953326, 0.31522064179125425, 0.062105007208540994, 0.1421465953006715], [0.06298443117061527, 0.06302786805678551, 0.055608393413478216, 0.818379307259121], [0.07374727945029214, 0.07611534225523298, 0.5716638734860923, 0.27847350470838256], [0.07623777942024229, 0.07628854022357487, 0.051607762945150994, 0.7958659173110318], [0.05645984678039396, 0.066024458662068, 0.7560633875406818, 0.12145230691685623], [0.12751405319828352, 0.32088739632995955, 0.1516830519191649, 0.39991549845259206], [0.10275896254797265, 0.2428568361882586, 0.3170181990463589, 0.33736600211740986], [0.16509181519497948, 0.14130548078603017, 0.08842218752645956, 0.6051805163925308], [0.23559419808416, 0.263014048311635, 0.09986461698010296, 0.40152713652410205], [0.2987133784824947, 0.24017051159204245, 0.07100749544145098, 0.3901086143840119], [0.28658913068495356, 0.37402049732831494, 0.08615015742028215, 0.25324021446644934], [0.19534462979486128, 0.201709511881409, 0.147645579973679, 0.4553002782500507], [0.18019249496468542, 0.19193761966879203, 0.22105252081768959, 0.40681736444883293]], "ideal": "B", "sampled": "D", "correct": false}}
{"type": "result", "data": {"idx": 11, "options": ["Bushido", "Shinto", "Nichiren", "Soto Zen"], "probs": [[0.007319747406927518, 0.021184314373825664, 0.07054402169330391, 0.9009519164259429], [0.005899229252579232, 0.015064796598023749, 0.9616967546607046, 0.017339219388692415], [0.005522362290286077, 0.02184540910423357, 0.028934957345635965, 0.9436972711598444], [0.0178698920616976, 0.04423332240400035, 0.8885534901787518, 0.04934329525555019], [0.013310274664129857, 0.9628574135149862, 0.009439356747743922, 0.014392954973139954], [0.015366210386023772, 0.9657760126606192, 0.010237322976198915, 0.00862045387715807], [0.00660075692596498, 0.019404325035935036, 0.09549770209781996, 0.87849721584028], [0.0038539802195035637, 0.01080897078061629, 0.9730890394549702, 0.012248009444909991], [0.004238156561891889, 0.013683615123568645, 0.02255581111835314, 0.9595224170961864], [0.016141500983846247, 0.042532043407525, 0.8678411004057384, 0.07348535510289035], [0.017419788225251403, 0.8010194808089323, 0.031057488274364203, 0.15050324259145217], [0.015879782477139174, 0.9230581847737528, 0.0274416217951431, 0.03362041085396488], [0.006683938005376888, 0.01817208846708942, 0.04290917759975323, 0.9322347958277805], [0.012919203976259001, 0.020971447039159267, 0.9346281567250272, 0.03148119215955451], [0.004721154719553306, 0.012058044260373543, 0.025126424458737796, 0.9580943764613353], [0.012837870810409333, 0.029388345664086355, 0.9143413849358186, 0.04343239848968571], [0.08407942831267258, 0.6931804934330376, 0.08409714579465036, 0.13864293235963948], [0.09064790198223929, 0.7131023075874182, 0.08517262656033013, 0.11107716377001231], [0.5415730283294723, 0.1814061538251247, 0.09560317512414297, 0.18141764262125998], [0.5932980510014935, 0.18669047115259957, 0.15239461573650612, 0.0676168620094008], [0.43392580743265113, 0.15963681040598, 0.09385181962505237, 0.3125855624363165], [0.6713244814302077, 0.1697356973458115, 0.10296440715111212, 0.05597541397286864], [0.6778710635342818, 0.17683236694428098, 0.08224277381319163, 0.06305379560824553], [0.7024315411751101, 0.17484557170937778, 0.07639152356687455, 0.046331363448637565]], "ideal": "D", "sampled": "D", "correct": true}}
{"type": "result", "data": {"idx": 12, "options": ["Sangat", "Langar", "Gurdwara", "Panth"], "probs": [[0.021900394727831767, 0.9760525731897708, 0.000849371186011712, 0.0011976607963857257], [0.018750001398019293, 0.9769772631411862, 0.000693881675550768, 0.0035788536852437414], [0.0407143993495333, 0.013852933871899953, 0.9414012141972411, 0.004031452481325681], [0.1401105865358521, 0.023234930622850366, 0.004504116394236993, 0.8321503663470605], [0.042290662070567725, 0.012898671619682656, 0.9330665002537987, 0.011744165955950943], [0.07948937811446533, 0.017192752597806622, 0.00739397928078532, 0.8959238899069427], [0.9851928399697538, 0.012795811422106191, 0.0015524654730222623, 0.00045888303511766777], [0.9801493256017709, 0.016603647756989446, 0.001750134963840664, 0.001496891577398917], [0.9818837697412123, 0.01663287924562643, 0.0010469458124296844, 0.0004364051007316307], [0.975900770856564, 0.02156103833067815, 0.0016889672421408325, 0.0008492234706169884], [0.9775938814905911, 0.01966596918803939, 0.0015404845781232651, 0.0011996646432462306], [0.9728017053733318, 0.022524070941262558, 0.003853750025580843, 0.0008204735598247711], [0.013611480186253152, 0.02503632694108342, 0.9543998494821955, 0.006952343290468008], [0.03834846135734443, 0.052420819571005896, 0.008424317228017309, 0.9008064017436324], [0.017410696186509166, 0.9809074758868549, 0.0005511317486300116, 0.0011306960780059407], [0.020269101522802934, 0.9767640552521677, 0.0008633710321895105, 0.0021034720928398472], [0.021981832394631598, 0.015588764788541267, 0.012722142184081816, 0.9497072605327453], [0.01601047764648202, 0.013273753430470877, 0.9602155315100462, 0.010500237313000838], [0.00487610988465875, 0.1277436968741446, 0.8461990936926662, 0.021181099448530458], [0.0069738592415483245, 0.31569301417377765, 0.008954906647608686, 0.6683782198370654], [0.004388653716986151, 0.9932897785988563, 0.0005757589299823826, 0.0017458086541752343], [0.005714618388112625, 0.9916970956601162, 0.001073936775383966, 0.0015143490763872196], [0.005238494308624735, 0.04251469621807459, 0.014239584859904111, 0.9380072245133966], [0.004052145387329327, 0.02684013905275368, 0.9611739470538916, 0.007933768406025391]], "ideal": "B", "sampled": "B", "correct": true}}
{"type": "result", "data": {"idx": 13, "options": ["Buddhism", "Daoism", "Confucianism", "Shamanism"], "probs": [[0.015823745715323415, 0.8916241309810757, 0.026937111557221737, 0.0656150116463791], [0.013724135052903213, 0.9041052323260971, 0.025262037105383613, 0.05690859541561612], [0.020116254910114307, 0.04259486916155074, 0.8040195196512185, 0.13326935617711635], [0.025302459330642634, 0.05704162024889204, 0.06566203848691268, 0.8519938818335526], [0.016629957714166022, 0.03807337450320029, 0.8401724035306932, 0.10512426415194043], [0.02041943439450352, 0.051352445791135015, 0.045322747142168864, 0.8829053725721926], [0.9173347750579639, 0.05175165755817578, 0.008997196482768897, 0.02191637080109144], [0.9218886754916558, 0.052008988304124246, 0.009476386596824418, 0.016625949507395522], [0.9014772494785215, 0.05853643445849932, 0.011003886213911978, 0.02898242974906726], [0.9175700986620178, 0.05510404985603909, 0.009432779465985608, 0.017893071915957567], [0.9011239668897203, 0.06037137059370321, 0.011710047284458533, 0.026794615132117963], [0.9144613111686646, 0.05491685488285132, 0.009111701813298933, 0.021510132035185207], [0.010558498333926691, 0.024939706783315765, 0.9074134234186518, 0.05708837136410567], [0.016280299505834376, 0.03968239686098978, 0.05424489604450984, 0.889792407488666], [0.013670254191799151, 0.8593119189927783, 0.025962273938691008, 0.10105555277673153], [0.011813440850185144, 0.9098367351189606, 0.02107913899661143, 0.057270684934242824], [0.014010862568227683, 0.034690560629088776, 0.04184726383627981, 0.9094513128664037], [0.009623921109513812, 0.021691836063011994, 0.9227618817260055, 0.045922361001468646], [0.015955649790230737, 0.036529381913149646, 0.8853737974883013, 0.06214117070831834], [0.022417896228867116, 0.05637902854893245, 0.05214933788248921, 0.8690537372397112], [0.026928008717108258, 0.8122170972099628, 0.03627317419619773, 0.12458171977673124], [0.024902943426477066, 0.8511240449772357, 0.02695576091230158, 0.09701725058398568], [0.013165550819016778, 0.031104328646495982, 0.045972659194908304, 0.9097574612395789], [0.009237481710391323, 0.020497803597421614, 0.9282048775912994, 0.04205983700088757]], "ideal": "B", "sampled": "B", "correct": true}}
{"type": "result", "data": {"idx": 14, "options": ["Worship", "Submission", "Obedience", "Faith"], "probs": [[0.007401319209582462, 0.9847245201628462, 0.0037220441680562515, 0.004152116359515111], [0.008215610028901301, 0.9798205603404336, 0.0032176757587740325, 0.00874615377189101], [0.0015115396461926674, 0.003569803624302525, 0.9898844294362391, 0.005034227193265704], [0.003392572515765008, 0.004092808067577283, 0.006437914471823255, 0.9860767048448345], [0.0010884846267751607, 0.003981538049619722, 0.9896553026088455, 0.005274674614759623], [0.003042517007175579, 0.004094667432949827, 0.006341107191091603, 0.9865217082687829], [0.9794915944662643, 0.014872875084088369, 0.0033186739103891806, 0.002316856439258074], [0.9777847189105382, 0.016562938272018945, 0.0031121878804950464, 0.0025401548369478146], [0.975952769154609, 0.01963222262716859, 0.0028283748093708596, 0.0015866333088515273], [0.9725299977025555, 0.02216827610732704, 0.003453255808373534, 0.001848470281743915], [0.9791490915429177, 0.015826557542969612, 0.0028823337283623227, 0.00214201708575028], [0.9772570280129971, 0.01681478533096126, 0.0035801877340242553, 0.0023479988220174485], [0.0016584550990413947, 0.004104732595824712, 0.9888832047478021, 0.005353607457331743], [0.004355097201278122, 0.004424257215855383, 0.005420018933413631, 0.9858006265494529], [0.01763478112501169, 0.9780836727742386, 0.0022076850350815865, 0.0020738609656681343], [0.018743397073419373, 0.9766000573921879, 0.0023101548830193625, 0.0023463905513733353], [0.0041547992779631514, 0.004027474436217203, 0.006237106288701605, 0.985580619897118], [0.0011426716975419175, 0.003519711009831323, 0.9913492528298518, 0.003988364362774969], [0.001268668476680048, 0.00595868205386653, 0.9866247984671597, 0.006147850902293745], [0.0028988797876051972, 0.005009371274494016, 0.007063550808100076, 0.9850281980298007], [0.004859328744660832, 0.9858116874512066, 0.003089070621897214, 0.00623991308223537], [0.00450117992324273, 0.9873629329662776, 0.003972675246819537, 0.004163211763660102], [0.0032777728372105487, 0.005576337277280978, 0.0082403133508736, 0.9829055764346348], [0.0011571577620324378, 0.00552054801146147, 0.9883736857717231, 0.004948608354782978]], "ideal": "B", "sampled": "B", "correct": true}}
{"type": "result", "data": {"idx": 15, "options": ["Suffering", "Soul", "Impermanence", "No-self"], "probs": [[0.0016551526762364033, 0.6889987102685234, 0.003615401743379798, 0.30573073521186034], [0.0013440967398736779, 0.9081580702468683, 0.08447387128606713, 0.006023961627190829], [0.0010184950073170694, 0.005680980948004615, 0.3860223809794184, 0.60727814296526], [0.0007462938640774062, 0.0069709708684019605, 0.9872618285010392, 0.005020906666481418], [0.0011917064535578211, 0.9865588053252297, 0.0014602330482758029, 0.010789255072936757], [0.0010761608603329102, 0.9938799690628658, 0.0007874029178088069, 0.0042564670589924835], [0.02259760269779017, 0.0068926157870674585, 0.009420244465312784, 0.9610895369498296], [0.016379221379809867, 0.0068280828183740335, 0.9670121141951151, 0.009780581506701], [0.02455654201305751, 0.006406509834685425, 0.0031220948109245833, 0.9659148532413324], [0.04013424162601535, 0.009683147511658018, 0.9425227162719791, 0.0076598944903475], [0.025351752812809412, 0.96641608451989, 0.0014082966143203035, 0.0068238659529802565], [0.02053768184686849, 0.9743150458055652, 0.0014648316406137007, 0.003682440606952589], [0.0016641976843263379, 0.002071267031047864, 0.14748996760862088, 0.8487745675760049], [0.001292696815896994, 0.0037995004423077667, 0.9897145714352878, 0.005193231206507351], [0.006246364151002523, 0.03273211016241863, 0.0042931953972271345, 0.9567283301893517], [0.00724378740005224, 0.14324794701579482, 0.8373768324883645, 0.012131432995788456], [0.004255686335803711, 0.9783412618403388, 0.001590409167887862, 0.01581264255596967], [0.0049863723402468856, 0.9805071135646228, 0.002355652396765498, 0.01215086159836481], [0.9795276146491532, 0.01419263744242849, 0.0019511548285831269, 0.004328592979835192], [0.9835658242414542, 0.0129758539457922, 0.0017562199120179913, 0.0017021018007355754], [0.977452498934312, 0.01708341172832065, 0.0011446398942198393, 0.004319449343147504], [0.9837814255830144, 0.013390492220978868, 0.0016761279596222197, 0.0011519541363845347], [0.9831919048756166, 0.0127696964270267, 0.0010985910663870117, 0.0029398075309697356], [0.9872331402922719, 0.010302999140372545, 0.0011742493568420505, 0.0012896111105134233]], "ideal": "D", "sampled": "D", "correct": true}}
{"type": "result", "data": {"idx": 16, "options": ["Spiritual narratives", "Redemption narratives", "Birth narratives", "Theological narratives"], "probs": [[0.1531385254491895, 0.05210841689242585, 0.7780971292604776, 0.016655928297907113], [0.4575450556281146, 0.08464475972535429, 0.021071412295124183, 0.4367387722514069], [0.037175296699989265, 0.9590842821316998, 0.0016091436845605644, 0.002131277383750279], [0.03550986055943136, 0.9600733723619134, 0.001883189699280675, 0.002533577279374609], [0.4121933274738807, 0.08641169085913349, 0.019281377516048373, 0.48211360405093745], [0.10324407271712416, 0.04237741192027521, 0.8382935445076353, 0.01608497075496538], [0.03608062436695759, 0.13618932460094577, 0.7963788985949262, 0.031351152337170445], [0.05524830663671749, 0.23269145795179136, 0.03858000512802754, 0.6734802301834636], [0.016015711685428112, 0.9757508339205081, 0.004245656413547967, 0.0039877978805158126], [0.01669651011618464, 0.9706797886294584, 0.004093458242757618, 0.008530242911599343], [0.04740076013780474, 0.07118519766137713, 0.17344737955781583, 0.7079666625430023], [0.029222924477090694, 0.04598165709796922, 0.8816016381216718, 0.04319378020326825], [0.9465049372062048, 0.04938786407362582, 0.0028309863593720176, 0.0012762122607974185], [0.943496386689683, 0.05159377154086198, 0.0033511993506703877, 0.001558642318784593], [0.9577144103579937, 0.035435247127352555, 0.005268307248261925, 0.0015820351663918951], [0.9487953151950067, 0.043011352265336665, 0.00460586089848864, 0.0035874715411679634], [0.9468788166346167, 0.04428772097568895, 0.006793457306382075, 0.0020400049833122318], [0.9482653703002125, 0.04505109398273851, 0.0037570297583078317, 0.002926505858741116], [0.10330575516507162, 0.23288947109373567, 0.030545800708585057, 0.6332589729326077], [0.05838666483176013, 0.10574550180569818, 0.806505143561775, 0.029362689700766657], [0.11194519536282022, 0.09140484510814474, 0.08858506842632972, 0.7080648910027053], [0.061660239491846056, 0.04802917172937599, 0.8517193539566621, 0.038591234722115834], [0.018436496890586, 0.9758954155442172, 0.002657393629495496, 0.0030106938357013177], [0.02115100006802421, 0.972747948040811, 0.00206289704039085, 0.0040381547507739105]], "ideal": "C", "sampled": "C", "correct": true}}
