{"type": "result", "data": {"idx": 0, "options": ["10%", "20%", "40%", "80%"], "probs": [[0.0859936122228075, 0.31123028076702347, 0.47973157730460814, 0.12304452960556742], [0.15127078981855488, 0.4284108773059035, 0.25358387858838194, 0.16673445418716382], [0.14582242378560506, 0.12236990827614457, 0.10841285964606097, 0.6233948081921722], [0.09391422973218508, 0.09876380145736902, 0.5513324818236436, 0.25598948688680434]], "ideal": "C", "sampled": "B", "correct": false}}
{"type": "result", "data": {"idx": 1, "options": ["About $300", "About $3k", "About $8k", "About $15k"], "probs": [[0.17873225261591152, 0.13785214540850077, 0.5337720992030961, 0.14964350267247434], [0.17986287468292578, 0.2844832600804783, 0.4521558682862704, 0.0834979968503281], [0.28772599737341353, 0.34085529487118577, 0.18524777457821323, 0.18617093307718727], [0.2286437971143681, 0.13072423671960157, 0.4376232892832989, 0.20300867678273374]], "ideal": "B", "sampled": "C", "correct": false}}
{"type": "result", "data": {"idx": 2, "options": ["52%", "62%", "72%", "82%"], "probs": [[0.14249244479639236, 0.22549987266690757, 0.32034670424607764, 0.31166097819062627], [0.21106828407016162, 0.273544503783691, 0.3273158297428997, 0.18807138230325593], [0.2521966140396912, 0.3061379311682922, 0.20781516349446907, 0.2338502911975501], [0.16510650146386172, 0.1556196226360239, 0.3261454946893994, 0.3531283811107128]], "ideal": "C", "sampled": "C", "correct": true}}
{"type": "result", "data": {"idx": 3, "options": ["China", "United States", "Germany", "Japan"], "probs": [[0.259170852538392, 0.21888134441111912, 0.4375128580182681, 0.0844349449322335], [0.09806623740869568, 0.08272464893770086, 0.1672942463809353, 0.6519148671726646], [0.09315077766558542, 0.06163804241385481, 0.6615905551244033, 0.1836206246961685], [0.07020237070786359, 0.23496107097755337, 0.48294703138457573, 0.21188952683001033]], "ideal": "A", "sampled": "A", "correct": true}}
{"type": "result", "data": {"idx": 4, "options": ["by 5 fold", "by 10 fold", "by 15 fold", "by 20 fold"], "probs": [[0.22666019330012052, 0.2529936035733161, 0.2610134280291632, 0.2593327749973836], [0.18759638905690504, 0.24011836123055816, 0.23736009573347353, 0.3349251538790546], [0.20761217954283273, 0.18350357471732387, 0.2186625329146246, 0.390221712725222], [0.17319413782474785, 0.21496375373582083, 0.3669986317576482, 0.24484347658177144]], "ideal": "C", "sampled": "B", "correct": false}}
{"type": "result", "data": {"idx": 5, "options": ["Lower respiratory infections", "Preterm birth complications", "Diarrheal diseases", "Malaria"], "probs": [[0.33373077376902993, 0.02841816586800976, 0.5202617741665729, 0.11758928609637821], [0.28437627227956686, 0.4186385553123025, 0.1545102752273811, 0.14247489708076927], [0.8028764394236512, 0.04629986397493602, 0.06904124601798883, 0.08178245048344829], [0.08570250011958883, 0.17794865740467905, 0.25861704319198286, 0.47773179918374165]], "ideal": "A", "sampled": "C", "correct": false}}
{"type": "result", "data": {"idx": 6, "options": ["10%", "20%", "30%", "40%"], "probs": [[0.1487582950850393, 0.21944817510971878, 0.3741773446865842, 0.2576161850186551], [0.19183766710627864, 0.26904898846877273, 0.38033783257943254, 0.15877551174549825], [0.19801135006842197, 0.24217940767285578, 0.18613572414562665, 0.37367351801308357], [0.1834552989548177, 0.14161603040954374, 0.3608495063797491, 0.3140791641558971]], "ideal": "C", "sampled": "C", "correct": true}}
{"type": "result", "data": {"idx": 7, "options": ["29%", "49%", "69%", "89%"], "probs": [[0.1841995591996167, 0.27304163393674896, 0.3300352568021214, 0.21272354996151438], [0.19558303952380426, 0.32686900016571024, 0.338381179094095, 0.13916678111637068], [0.28663241032986425, 0.33179408827408946, 0.23694836564904276, 0.14462513564700263], [0.1718228479231173, 0.25756092347537357, 0.330277600634229, 0.24033862786726964]], "ideal": "C", "sampled": "C", "correct": true}}
{"type": "result", "data": {"idx": 8, "options": ["18%", "38%", "58%", "78%"], "probs": [[0.15695948754138572, 0.3462194363239472, 0.21986269488143245, 0.27695838115322435], [0.21437163602909046, 0.3627842356663003, 0.30651327840674936, 0.11633084979787274], [0.21967749761679056, 0.47696135850339966, 0.11369874572802166, 0.1896623980518005], [0.3733637613421877, 0.18792878843507996, 0.21155089574975375, 0.2271565543729803]], "ideal": "C", "sampled": "D", "correct": false}}
{"type": "result", "data": {"idx": 9, "options": ["11%", "26%", "41%", "56%"], "probs": [[0.14825892380840786, 0.31041898480342356, 0.27371208436577477, 0.2676100069223705], [0.23962155028668733, 0.364183448129624, 0.3079118469759098, 0.08828315450779069], [0.23502933197736914, 0.34509251591882245, 0.12784261034457922, 0.29203554165923945], [0.20680329121161942, 0.16396092053321382, 0.3254589947199675, 0.30377679343521935]], "ideal": "B", "sampled": "C", "correct": false}}
{"type": "result", "data": {"idx": 10, "options": ["23%", "38%", "53%", "68%"], "probs": [[0.17582948918053204, 0.27396246493669263, 0.27483031601336105, 0.27537772976941344], [0.23937336388941594, 0.2688899166727587, 0.39356293774047857, 0.09817378159735053], [0.258721547084572, 0.404850885907613, 0.1872691663550625, 0.14915840055274618], [0.2694476018741431, 0.17812378414947244, 0.2827826643904512, 0.2696459494859417]], "ideal": "D", "sampled": "D", "correct": true}}
{"type": "result", "data": {"idx": 11, "options": ["5%", "10%", "15%", "25%"], "probs": [[0.13245350673877462, 0.1969315994128928, 0.2927563456168095, 0.3778585481315106], [0.14545270768785729, 0.16650996649465263, 0.46072992389873385, 0.2273074018187692], [0.16150565714338233, 0.18786424341362126, 0.2727278363261965, 0.37790226301678365], [0.16309333921805297, 0.17270675884983333, 0.41202808931458995, 0.2521718125175073]], "ideal": "B", "sampled": "D", "correct": false}}
{"type": "result", "data": {"idx": 12, "options": ["2%", "4%", "9%", "18%"], "probs": [[0.12588503000976584, 0.12007511309635498, 0.32190487449954397, 0.4321349822943329], [0.19964997530186307, 0.22078736475465965, 0.42792472080775473, 0.151637939035715], [0.24984157815672073, 0.30350616447372253, 0.19093345614181165, 0.2557188011277497], [0.25407999768567213, 0.17118537379192766, 0.2010896206869753, 0.37364500773542053]], "ideal": "C", "sampled": "D", "correct": false}}
{"type": "result", "data": {"idx": 13, "options": ["minimum wage legislation", "land reform", "progressive taxation", "increased access to education"], "probs": [[0.49510264202966, 0.21377888900156625, 0.14508759638158375, 0.14603087248718022], [0.36867175516419676, 0.2463600195055723, 0.12431339114862487, 0.26065483408161144], [0.11157231101767974, 0.09578692324414778, 0.46566393232370523, 0.32697683331446314], [0.08347240791156123, 0.4121980014808133, 0.30898113477958283, 0.1953484557280447]], "ideal": "A", "sampled": "A", "correct": true}}
{"type": "result", "data": {"idx": 14, "options": ["36%", "56%", "76%", "96%"], "probs": [[0.233017963243341, 0.210105988545175, 0.27158956143185586, 0.28528648667962625], [0.24772395042175227, 0.22783054523231253, 0.2527971002143746, 0.2716484040315402], [0.1801675844274911, 0.1481947382227014, 0.41278875696127393, 0.2588489202885307], [0.14263003904704538, 0.2841538496465832, 0.2930675714559393, 0.28014853975043513]], "ideal": "B", "sampled": "A", "correct": false}}
{"type": "result", "data": {"idx": 15, "options": ["6%", "13%", "27%", "46%"], "probs": [[0.08257716233244869, 0.22951901467166405, 0.4924600640617879, 0.1954437588341064], [0.138502531751834, 0.45494248626809375, 0.33011420718029155, 0.07644077469978071], [0.30971546394947896, 0.3402319854234889, 0.0851786432904743, 0.26487390723655185], [0.1441670795127718, 0.07342654841034855, 0.13400856491521443, 0.6483978070616654]], "ideal": "B", "sampled": "C", "correct": false}}
{"type": "result", "data": {"idx": 16, "options": ["34%", "49%", "64%", "79%"], "probs": [[0.19739285526714065, 0.24149319152547105, 0.30716478492180466, 0.25394916818559865], [0.20062367383856294, 0.29362546188505056, 0.2842179043701968, 0.2215329598061944], [0.30426938517925073, 0.27138196944170206, 0.20125031107963046, 0.22309833419942848], [0.21850111230530794, 0.18110069122228203, 0.31820711457006334, 0.2821910818023373]], "ideal": "A", "sampled": "C", "correct": false}}
{"type": "result", "data": {"idx": 17, "options": ["62%", "72%", "82%", "92%"], "probs": [[0.1889662195410939, 0.24688603401797402, 0.2627354842630179, 0.3014122620779301], [0.2382619375807444, 0.26336801438838187, 0.3124634947174829, 0.18590655321339786], [0.20124807519629107, 0.2501825235838304, 0.24215100792098446, 0.3064183931988863], [0.13643126512603113, 0.18627069310275116, 0.41272742135878177, 0.2645706203124452]], "ideal": "C", "sampled": "B", "correct": false}}
{"type": "result", "data": {"idx": 18, "options": ["About $3k", "About $8k", "About $15k", "About $30k"], "probs": [[0.11926487394582791, 0.24606810841907362, 0.4452391271458826, 0.18942789038922167], [0.1376244606230354, 0.20538216405077953, 0.5596111672955241, 0.09738220793066085], [0.22662166273938175, 0.24074196362966413, 0.2822882473107917, 0.2503481262201694], [0.1594125151626888, 0.28352930542756094, 0.3947557339839497, 0.16230244532579854]], "ideal": "C", "sampled": "D", "correct": false}}
{"type": "result", "data": {"idx": 19, "options": ["55,000", "550,000", "5,500,000", "55,000,000"], "probs": [[0.07579608204451335, 0.202256895160811, 0.35882077175511695, 0.36312625093954487], [0.36479685629770237, 0.30524174796593384, 0.2163731004616893, 0.11358829517466316], [0.4612918436936972, 0.14791467301435135, 0.16024053816240386, 0.23055294502955448], [0.10645388318127873, 0.05647338521229394, 0.1422932665894337, 0.6947794649169968]], "ideal": "B", "sampled": "C", "correct": false}}
{"type": "result", "data": {"idx": 20, "options": ["25%", "45%", "65%", "85%"], "probs": [[0.2453018418518318, 0.1963259754728809, 0.261587073267395, 0.29678510930788465], [0.305449457941937, 0.27362781251227447, 0.2865044827730502, 0.13441824667273708], [0.329970285628979, 0.262134626141478, 0.2649115244830716, 0.1429835636464786], [0.35087741045950355, 0.24010147440710278, 0.22346023993034933, 0.18556087510304092]], "ideal": "A", "sampled": "D", "correct": false}}
{"type": "result", "data": {"idx": 21, "options": ["24%", "44%", "64%", "84%"], "probs": [[0.2200338055463718, 0.29671158810708614, 0.24947536502558368, 0.23377924122093663], [0.2570553869853572, 0.3989016715305434, 0.18098245943467517, 0.16306048194943462], [0.28335683111025617, 0.34011344740155264, 0.18739567234827242, 0.18913404903992864], [0.3063947820438962, 0.25667073002986124, 0.25510069761829207, 0.18183379020793233]], "ideal": "A", "sampled": "C", "correct": false}}
{"type": "result", "data": {"idx": 22, "options": ["25%", "40%", "55%", "75%"], "probs": [[0.160433921121453, 0.33454968807500646, 0.28283395085857677, 0.22218243984498148], [0.22035243149795972, 0.32082378659211375, 0.35082123550180244, 0.10800254630812377], [0.24835162055476, 0.313077528816971, 0.14613767206236922, 0.292433178465899], [0.21482577876678877, 0.19520777222258026, 0.3341565320222184, 0.25580991688841026]], "ideal": "D", "sampled": "B", "correct": false}}
{"type": "result", "data": {"idx": 23, "options": ["8%", "16%", "32%", "64%"], "probs": [[0.2282561790345394, 0.3457382563590557, 0.28278113009491035, 0.14322443441149704], [0.3754254268433898, 0.3646473896695831, 0.17253154676552454, 0.08739563662152385], [0.458147708538549, 0.2163630788879754, 0.14029058785158424, 0.18519862462189343], [0.2411190849297394, 0.14805308517559193, 0.32088517281716317, 0.28994265697749133]], "ideal": "B", "sampled": "C", "correct": false}}
{"type": "result", "data": {"idx": 24, "options": ["males are more likely to have depression and are more likely to have an alcohol use disorder than females.", "females are more likely to have depression and are more likely to have an alcohol use disorder than males.", "males are more likely than females to have depression while females are more likely than males to have an alcohol use disorder.", "females are more likely than males to have depression while males are more likely than females to have an alcohol use disorder."], "probs": [[0.24062078579090687, 0.14777758066391655, 0.3657659874012168, 0.24583564604395652], [0.2920663229735429, 0.18085273792784604, 0.3844311662411619, 0.14264977275744234], [0.17043364387830592, 0.2799421636181732, 0.2746115669571725, 0.2750126254463388], [0.19178148827514102, 0.26627441869558477, 0.430761497341268, 0.11118259558798958]], "ideal": "D", "sampled": "B", "correct": false}}
{"type": "result", "data": {"idx": 25, "options": ["37%", "47%", "57%", "67%"], "probs": [[0.18838531368011677, 0.2098593416150913, 0.29653461047285024, 0.30522073413194106], [0.23337986233531358, 0.2539302083442011, 0.35067974181229383, 0.1620101874081794], [0.2293359680624867, 0.3546167131558141, 0.2208966867326537, 0.1951506319490429], [0.2276932773863199, 0.19457499207775614, 0.35033358583788377, 0.2273981445980502]], "ideal": "D", "sampled": "D", "correct": true}}
{"type": "result", "data": {"idx": 26, "options": ["1%", "3%", "6%", "10%"], "probs": [[0.13853516506833877, 0.2945860650470389, 0.30360257552976166, 0.2632761942548766], [0.21050217487979017, 0.3148926471682721, 0.36082613329394814, 0.11377904455799845], [0.20251402140078542, 0.305336901488728, 0.16520375015483665, 0.326945326855654], [0.16856898203940057, 0.18102843268379779, 0.3247710069646153, 0.32563157821220023]], "ideal": "D", "sampled": "B", "correct": false}}
{"type": "result", "data": {"idx": 27, "options": ["23%", "43%", "63%", "83%"], "probs": [[0.18918445970472195, 0.29603577998813535, 0.2576528422541632, 0.25712691795298465], [0.2653159878682803, 0.3097360235997142, 0.27813151333119357, 0.14681647510083387], [0.24163735749906778, 0.3375822054379606, 0.25432675432707086, 0.1664536826359023], [0.22772768618533087, 0.3605200877640503, 0.21731239020431367, 0.19443983574632132]], "ideal": "C", "sampled": "D", "correct": false}}
{"type": "result", "data": {"idx": 28, "options": ["10%", "30%", "50%", "70%"], "probs": [[0.1421914667429843, 0.2694681648242102, 0.3094011012910654, 0.2789392670417384], [0.21270550289614573, 0.2574382531392608, 0.3591818362216664, 0.17067440764293093], [0.14225564496399787, 0.21910927897363616, 0.16763301011052692, 0.4710020658518274], [0.12887068349317687, 0.11730726684133481, 0.4716931832014237, 0.2821288663640718]], "ideal": "D", "sampled": "B", "correct": false}}
{"type": "result", "data": {"idx": 29, "options": ["26%", "41%", "56%", "71%"], "probs": [[0.21396821035052496, 0.2204684234950683, 0.2574164513499748, 0.3081469147044324], [0.2596336115679883, 0.22982372056234038, 0.3496698784316635, 0.16087278933799845], [0.26032046657883817, 0.2958327134272682, 0.2308238825780342, 0.21302293731586133], [0.31330010457527346, 0.21266226178893569, 0.2736087178885964, 0.2004289156472054]], "ideal": "C", "sampled": "D", "correct": false}}
{"type": "result", "data": {"idx": 30, "options": ["690 million", "6.9 billion", "69 billion", "690 billion"], "probs": [[0.17523246678272675, 0.17418614268459753, 0.3754484543756028, 0.27513293605708194], [0.5520487141360776, 0.11205045921726563, 0.14921093087898535, 0.18668989566768213], [0.3533602484089083, 0.08747426938999238, 0.1501956646081399, 0.40896981749296224], [0.20623067636028994, 0.10192140499187854, 0.3794060712565808, 0.3124418472912363]], "ideal": "C", "sampled": "B", "correct": false}}
{"type": "result", "data": {"idx": 31, "options": ["9%", "29%", "59%", "79%"], "probs": [[0.3058802040628172, 0.26635534741048555, 0.18134345119015677, 0.24642099723652763], [0.4058444654262801, 0.24681008107269017, 0.19409917451159167, 0.15324627888944187], [0.24955142889387366, 0.20581199350416532, 0.15869426833525385, 0.38594230916671013], [0.16278391071546303, 0.21959800670177007, 0.3640485443473706, 0.25356953813539146]], "ideal": "A", "sampled": "B", "correct": false}}
{"type": "result", "data": {"idx": 32, "options": ["31%", "51%", "71%", "91%"], "probs": [[0.15693077365057156, 0.22957579182011667, 0.34820619178384715, 0.2652872426454855], [0.15699396707291796, 0.30785537220695375, 0.3797296465744597, 0.15542101404567707], [0.20567458409744294, 0.26338135432566623, 0.3511869023349626, 0.17975715914191762], [0.1401586262234484, 0.23234504661429053, 0.31707318233029075, 0.3104231447319693]], "ideal": "B", "sampled": "C", "correct": false}}
{"type": "result", "data": {"idx": 33, "options": ["by 4 fold", "by 8 fold", "by 16 fold", "by 32 fold"], "probs": [[0.19479531141212483, 0.26022012351094653, 0.28456703408296735, 0.2604175308939629], [0.21676450121752713, 0.2999656159939819, 0.24760754766333123, 0.235662335025148], [0.26481471414795993, 0.2550992096720764, 0.19764711264481508, 0.28243896343517366], [0.20143858817206373, 0.20564353071967245, 0.23741950617923865, 0.3554983748290206]], "ideal": "C", "sampled": "C", "correct": true}}
{"type": "result", "data": {"idx": 34, "options": ["1", "7", "13", "19"], "probs": [[0.10648715509607468, 0.1984723651247473, 0.42608786041980057, 0.26895261925937486], [0.14219373086176723, 0.23739263489756188, 0.46231320629355976, 0.1581004278471118], [0.21077514728160976, 0.4346504355948736, 0.13612017265879728, 0.21845424436473032], [0.21537400808620835, 0.0853687726818482, 0.40238235326556265, 0.2968748658663857]], "ideal": "D", "sampled": "D", "correct": true}}
{"type": "result", "data": {"idx": 35, "options": ["59%", "69%", "79%", "89%"], "probs": [[0.20851063016188168, 0.2594362448613555, 0.24405963178933915, 0.2879934930874388], [0.2604741755654274, 0.23453721329832752, 0.27342262594700584, 0.2315659850892213], [0.2594896872940521, 0.25963082624724465, 0.21214996583841733, 0.26872952052028937], [0.17794089948274933, 0.2470338891886821, 0.3079767793615108, 0.2670484318670636]], "ideal": "D", "sampled": "B", "correct": false}}
{"type": "result", "data": {"idx": 36, "options": ["Earthquakes", "Volcanic activity", "Wildfires", "Floods"], "probs": [[0.46989138430012156, 0.17816810354864002, 0.11922449609961484, 0.2327160159516242], [0.2611268634909265, 0.06319370420219969, 0.14810053638818854, 0.527578895818688], [0.29170679974271485, 0.1163806010598922, 0.30673358799290923, 0.28517901110448546], [0.30734682003439767, 0.19289205050112646, 0.2842207144854721, 0.21554041487901415]], "ideal": "D", "sampled": "A", "correct": false}}
{"type": "result", "data": {"idx": 37, "options": ["15%", "35%", "55%", "75%"], "probs": [[0.2240174097578214, 0.30700377450425453, 0.2705801797544813, 0.19839863588344564], [0.2924066459795185, 0.2735770508134059, 0.2773977142503429, 0.15661858885672642], [0.23402094492126205, 0.23860014835682786, 0.21676358453529065, 0.3106153220866269], [0.15153141983800017, 0.1952150281105466, 0.45318203485504, 0.20007151709642507]], "ideal": "B", "sampled": "B", "correct": true}}
{"type": "result", "data": {"idx": 38, "options": ["by 4 fold", "by 8 fold", "by 16 fold", "by 32 fold"], "probs": [[0.20157434430901267, 0.2832532316548294, 0.2569725152296971, 0.25819990870645965], [0.21325158940383765, 0.2907533758160565, 0.2151264365628492, 0.2808685981172862], [0.23288836459390416, 0.24632134345444104, 0.20330987300218845, 0.3174804188494735], [0.19511448414011417, 0.21624785705140379, 0.23741842569090338, 0.35121923301757213]], "ideal": "D", "sampled": "C", "correct": false}}
{"type": "result", "data": {"idx": 39, "options": ["36%", "51%", "66%", "81%"], "probs": [[0.17172813362062336, 0.20207309471189772, 0.34579170539314663, 0.28040706617433697], [0.17876014131356197, 0.26588178865231227, 0.40799129999958905, 0.14736676993455242], [0.23123000259948384, 0.26285291941199995, 0.28475120994696773, 0.22116586794154836], [0.18301241829824635, 0.2196912137698595, 0.3436225502968468, 0.2536738175350239]], "ideal": "C", "sampled": "D", "correct": false}}
{"type": "result", "data": {"idx": 40, "options": ["81%", "86%", "91%", "96%"], "probs": [[0.17496893383425713, 0.23342479128748192, 0.25210453482180467, 0.33950173995645555], [0.1882901696046059, 0.22012466740989436, 0.3014060017658075, 0.29017916111968206], [0.17453151157679714, 0.2170293788827641, 0.3165660284731902, 0.29187308096724685], [0.14759347346729548, 0.1937725437674591, 0.3304682192334204, 0.3281657634318126]], "ideal": "B", "sampled": "B", "correct": true}}
{"type": "result", "data": {"idx": 41, "options": ["26%", "46%", "66%", "86%"], "probs": [[0.14655868049651777, 0.2670034318498775, 0.33285482910732833, 0.2535830584462602], [0.17637465138381297, 0.305425738464272, 0.38371687117759007, 0.1344827388743161], [0.20057794232399379, 0.3265221651529966, 0.26372863410798847, 0.20917125831501845], [0.1685668222131749, 0.2402145048014306, 0.3366463068583465, 0.25457236602704597]], "ideal": "A", "sampled": "D", "correct": false}}
{"type": "result", "data": {"idx": 42, "options": ["Brazil", "China", "Mexico", "Iran"], "probs": [[0.24976586891121916, 0.19637111154500655, 0.3307637726909879, 0.22309924675278464], [0.22960146733924697, 0.21932525938640465, 0.3161041285218329, 0.2349691446525258], [0.2631111873826368, 0.1654590149306766, 0.30726903806812017, 0.2641607595185613], [0.22400823302864212, 0.2081897492965088, 0.3465053883599101, 0.22129662921492763]], "ideal": "C", "sampled": "B", "correct": false}}
{"type": "result", "data": {"idx": 43, "options": ["1.2 million", "2.4 million", "3.6 million", "4.8 million"], "probs": [[0.25250673466376405, 0.20548740074708854, 0.3082094070781528, 0.23379645741100405], [0.389116277434076, 0.18271997221192443, 0.2718355821326256, 0.15632816812137826], [0.3135028137005946, 0.14945182176979122, 0.16843670377045147, 0.36860866065915726], [0.2738381388013601, 0.12222197320275784, 0.29061704150741346, 0.3133228463884717]], "ideal": "A", "sampled": "B", "correct": false}}
{"type": "result", "data": {"idx": 44, "options": ["Diarrheal diseases", "Diabetes", "Dementia", "Road injuries"], "probs": [[0.6642169741469566, 0.09176929084205138, 0.12374769565227983, 0.12026603925871136], [0.24274740251166302, 0.09128896731636206, 0.3681333235369796, 0.2978303065349926], [0.25754015180730455, 0.12530185402935676, 0.5057299812564093, 0.11142801280692398], [0.5929804257290973, 0.2370172638782702, 0.09847331209915527, 0.07152899819347582]], "ideal": "C", "sampled": "A", "correct": false}}
{"type": "result", "data": {"idx": 45, "options": ["3 million", "14 million", "42 million", "124 million"], "probs": [[0.07667701305664494, 0.18117721908385942, 0.3162258477752142, 0.4259199199842601], [0.13762172656528562, 0.23718646254061926, 0.48197001785255933, 0.14322179294153414], [0.2361981500669713, 0.3086421283185244, 0.14782111183798974, 0.3073386096765264], [0.3039917223252019, 0.1271748485364302, 0.21818363875627608, 0.35064979028209475]], "ideal": "C", "sampled": "D", "correct": false}}
{"type": "result", "data": {"idx": 46, "options": ["26%", "46%", "66%", "86%"], "probs": [[0.2508814174907311, 0.2951930916789101, 0.21223828072587148, 0.24168721000448912], [0.2543097486437001, 0.3288104778572651, 0.2710145853470759, 0.14586518805194013], [0.22140992040364985, 0.3045824917366942, 0.23960778045901254, 0.23439980730062587], [0.16100809627932489, 0.2508549956623919, 0.3253250842750759, 0.26281182368321815]], "ideal": "A", "sampled": "B", "correct": false}}
{"type": "result", "data": {"idx": 47, "options": ["25%", "45%", "65%", "85%"], "probs": [[0.18816116635859123, 0.17182441693356618, 0.313121149831762, 0.3268932667761006], [0.22216928557658605, 0.20857029623823753, 0.32488302672148567, 0.2443773913636762], [0.1955853636824794, 0.1499049885049521, 0.3532948836501139, 0.3012147640624528], [0.1449486046911119, 0.22707093783235288, 0.34691525720878497, 0.28106520016776065]], "ideal": "B", "sampled": "B", "correct": true}}
{"type": "result", "data": {"idx": 48, "options": ["6%", "16%", "36%", "66%"], "probs": [[0.17472182061262315, 0.3604373051811794, 0.28706928446763375, 0.1777715896385664], [0.3072771807417887, 0.3586030505638138, 0.1948029469195022, 0.13931682167489887], [0.2585030705009097, 0.27496281036271125, 0.15390109469415103, 0.3126330243422379], [0.19160118250992672, 0.12404253288860691, 0.3753786000006091, 0.30897768450085955]], "ideal": "C", "sampled": "B", "correct": false}}
{"type": "result", "data": {"idx": 49, "options": ["43%", "58%", "73%", "88%"], "probs": [[0.16239174422458455, 0.21078333207259622, 0.34440064306341817, 0.2824242805394104], [0.189115106433263, 0.22879945519834413, 0.3961644216717986, 0.18592101659658689], [0.223232132480958, 0.2918097134195062, 0.23609489911887346, 0.2488632548806654], [0.16955685475907958, 0.15612642000683627, 0.2661055076531706, 0.4082112174809219]], "ideal": "B", "sampled": "C", "correct": false}}
{"type": "result", "data": {"idx": 50, "options": ["0.50%", "2%", "6%", "12%"], "probs": [[0.1637914402899497, 0.2629553309250069, 0.3575255207231741, 0.21572770796184657], [0.22447961738220829, 0.3397612593264753, 0.3200116342232531, 0.11574748896806826], [0.2115333261911938, 0.3022286141242609, 0.14191965237998466, 0.34431840720455753], [0.16013553721190096, 0.1334348368308096, 0.23835125616555822, 0.46807836969173044]], "ideal": "B", "sampled": "C", "correct": false}}
{"type": "result", "data": {"idx": 51, "options": ["strongly supported by most studies", "supported mainly by cross-section, not time-series studies", "supported mainly by time-series, not cross-section studies", "generally repudiated by empirical studies"], "probs": [[0.3301843890729872, 0.3104036299945957, 0.19886256460142926, 0.16054941623096788], [0.22208364217555915, 0.14816241852901835, 0.285411481311913, 0.34434245788350526], [0.2494809921015801, 0.2053640113320568, 0.4347561914474108, 0.110398805018935], [0.36719015928036747, 0.29532394024826064, 0.218613086118444, 0.1188728142529482]], "ideal": "B", "sampled": "A", "correct": false}}
{"type": "result", "data": {"idx": 52, "options": ["12 years", "9 years", "6 years", "3 years"], "probs": [[0.21522944525727103, 0.3537905551626045, 0.2725623971693435, 0.1584176023107952], [0.19162146372113545, 0.3088670854831134, 0.2090752375179856, 0.2904362131777595], [0.15694894080066246, 0.1859404873536884, 0.40597128781038233, 0.2511392839352772], [0.11170767613125188, 0.36494524120525784, 0.33379291403265815, 0.1895541685308518]], "ideal": "B", "sampled": "A", "correct": false}}
{"type": "result", "data": {"idx": 53, "options": ["0.90%", "1.80%", "3.60%", "7.20%"], "probs": [[0.20938912641386268, 0.24899697020167963, 0.33988588096436817, 0.2017280223200833], [0.23434501986952957, 0.26387691536271807, 0.2829025416172383, 0.21887552305051747], [0.25398658728227985, 0.21943290528089904, 0.3275551521893298, 0.19902535514748257], [0.21375089879057685, 0.1560731069343657, 0.30988102886573243, 0.3202949653092947]], "ideal": "D", "sampled": "C", "correct": false}}
{"type": "result", "data": {"idx": 54, "options": ["14%", "24%", "34%", "44%"], "probs": [[0.19528899874248912, 0.24188779585594813, 0.26203024942013703, 0.30079295588141675], [0.2702734139725163, 0.23923272079671587, 0.28598968962168225, 0.2045041755091116], [0.23660288345150213, 0.2301878497486608, 0.1768149028484863, 0.356394363851356], [0.24676726807604485, 0.1600829379884044, 0.29350668670419056, 0.29964310713135234]], "ideal": "A", "sampled": "B", "correct": false}}
{"type": "result", "data": {"idx": 55, "options": ["60%", "75%", "90%", "45%"], "probs": [[0.21682304924837606, 0.22011709622004086, 0.3751103736597027, 0.18794948077189316], [0.18169119902685527, 0.19567455934154643, 0.3480518068563889, 0.27458243467523247], [0.11600471057331369, 0.16861776663273928, 0.45027621867813694, 0.2651013040158019], [0.16023882853095336, 0.286393968837619, 0.3423409460524195, 0.21102625647900025]], "ideal": "B", "sampled": "A", "correct": false}}
{"type": "result", "data": {"idx": 56, "options": ["50%", "60%", "70%", "80%"], "probs": [[0.13567782891231567, 0.19266709416185065, 0.3402697154940487, 0.3313853613317966], [0.20048032029522925, 0.2243694841864104, 0.3620800654307986, 0.21307012998755132], [0.2162142702642172, 0.22025625117299885, 0.24922767502785004, 0.3143018034349381], [0.14246964354702332, 0.1348261194688511, 0.33158809931787636, 0.3911161375662578]], "ideal": "D", "sampled": "C", "correct": false}}
{"type": "result", "data": {"idx": 57, "options": ["2%", "25%", "50%", "75%"], "probs": [[0.19252354988288234, 0.2663933644140535, 0.35377885789451435, 0.18730422770853417], [0.3256376921716725, 0.2360713028495455, 0.28184264263049447, 0.15644836224827355], [0.2579377609451125, 0.19065699082947674, 0.18276382804165406, 0.36864142008372547], [0.2522777859115309, 0.14536250983186977, 0.37927305390225724, 0.223086650254345]], "ideal": "D", "sampled": "B", "correct": false}}
{"type": "result", "data": {"idx": 58, "options": ["no nation has been able to grow in the past years.", "the Democratic Republic of Congo has become poorer than it initially was in 1980.", "some countries have had relatively significant growth rates.", "some countries have had relatively significant growth rates, but the Democratic Republic of Congo has become poorer than it initially was in 1980."], "probs": [[0.014778962230685663, 0.02004687342323795, 0.8517038327706594, 0.1134703314754239], [0.10217701131851918, 0.44383146741774604, 0.3528506369707142, 0.10114088419302443], [0.1477396385448428, 0.30576513524967713, 0.16893794817137334, 0.3775572779341021], [0.04637197419695867, 0.02128387446928534, 0.04047879240862397, 0.891865358825141]], "ideal": "C", "sampled": "C", "correct": true}}
{"type": "result", "data": {"idx": 59, "options": ["15.50%", "34.80%", "48.10%", "65.20%"], "probs": [[0.1576649046038614, 0.2544328532033183, 0.3667788489139621, 0.22112339317885957], [0.3229397208304182, 0.3050624212543885, 0.23478166735135403, 0.13721619046383013], [0.27060020731261036, 0.23656750792325007, 0.1415469980907943, 0.35128528657334], [0.20555253288985129, 0.15680359803937846, 0.34579590322954307, 0.29184796574122623]], "ideal": "B", "sampled": "B", "correct": true}}
{"type": "result", "data": {"idx": 60, "options": ["5 million", "30 million", "150 million", "500 million"], "probs": [[0.056371377570729006, 0.1025798150024374, 0.5581154914118612, 0.28293331591496423], [0.11037857016240742, 0.2876438076889348, 0.4645192238681213, 0.13745839818053468], [0.17428020980867698, 0.20649699927915222, 0.141084762703733, 0.47813802810844297], [0.09394798565283909, 0.06058380636877692, 0.13668302430774143, 0.7087851835706344]], "ideal": "C", "sampled": "C", "correct": true}}
{"type": "result", "data": {"idx": 61, "options": ["Colombia, Peru, Uruguay, and Costa Rica.", "Bhutan, Niger, Cambodia, and Costa Rica.", "Uruguay, Costa Rica, Timor-Leste, and Pakistan.", "Bhutan, Cambodia, Uruguay and Costa Rica."], "probs": [[0.3334499988460937, 0.17011362491343046, 0.09464786474878248, 0.40178851139169386], [0.3152162509817817, 0.1295121834785367, 0.32427638163749667, 0.23099518380218245], [0.25276563518983386, 0.2066867358502595, 0.23150890499082727, 0.3090387238690758], [0.3685504645752452, 0.19147387094413593, 0.28797892185372165, 0.1519967425269062]], "ideal": "A", "sampled": "D", "correct": false}}
{"type": "result", "data": {"idx": 62, "options": ["10%", "20%", "40%", "80%"], "probs": [[0.20001659463318114, 0.29985012354772556, 0.31161897528715127, 0.1885143064319377], [0.23775472150992719, 0.30836576707354607, 0.22720965295420742, 0.22666985836231657], [0.21991025392472408, 0.23209811317354265, 0.1868541247379612, 0.3611375080637768], [0.1717759965345922, 0.19076940093176284, 0.3816227190010656, 0.2558318834325867]], "ideal": "B", "sampled": "B", "correct": true}}
{"type": "result", "data": {"idx": 63, "options": ["38%", "58%", "78%", "98%"], "probs": [[0.30425096241341293, 0.2471255407912535, 0.1914203644580428, 0.25720313223730856], [0.2749465498913545, 0.36779949683632107, 0.16554410369090827, 0.19170984948142242], [0.28183856253491185, 0.2053890053631228, 0.3136965585534702, 0.1990758734484831], [0.1520947163502683, 0.3065996906513092, 0.3086971015075613, 0.23260849139084783]], "ideal": "C", "sampled": "A", "correct": false}}
{"type": "result", "data": {"idx": 64, "options": ["True, True", "True, False", "False, True", "False, False"], "probs": [[0.26132813186495046, 0.27402071260896815, 0.24172545861039413, 0.22292569681569754], [0.24659727207053755, 0.19529717298144067, 0.21683323841390428, 0.34127231643411], [0.20868760034684555, 0.128716227801335, 0.4817840944586354, 0.18081207729319052], [0.2106300498151952, 0.2158491972728718, 0.382993026318711, 0.19052772649323707]], "ideal": "B", "sampled": "A", "correct": false}}
{"type": "result", "data": {"idx": 65, "options": ["260", "2,600", "26,000", "260,000"], "probs": [[0.11465699931645888, 0.13860020830819908, 0.4625665191324632, 0.2841762731428827], [0.19813186250533396, 0.2599752332527704, 0.3973308779200311, 0.14456202622186534], [0.2952827732187611, 0.20747100071263863, 0.19299783224796907, 0.30424839372062973], [0.18713282149982402, 0.06952198671561673, 0.1593708978723865, 0.5839742938121771]], "ideal": "C", "sampled": "C", "correct": true}}
{"type": "result", "data": {"idx": 66, "options": ["90%", "70%", "50%", "30%"], "probs": [[0.26212934821608275, 0.25974269971456926, 0.33851783640848154, 0.13961011556086317], [0.22812173496929702, 0.1815810518132973, 0.20153720920786924, 0.3887600039095314], [0.10003719829031875, 0.08645504966062229, 0.5758983627402868, 0.23760938920875863], [0.13699613158536245, 0.3067179910137883, 0.348623363237693, 0.20766251406316083]], "ideal": "A", "sampled": "A", "correct": true}}
{"type": "result", "data": {"idx": 67, "options": ["Japan", "Canada", "Russia", "Iran"], "probs": [[0.22737523167432558, 0.26705712417817895, 0.36720366496139145, 0.13836397908609807], [0.33965510167793844, 0.2556954564835446, 0.22508604335537036, 0.17956339838314878], [0.34684885264161475, 0.10725676879389491, 0.28616012469188784, 0.2597342537726186], [0.1943463941928824, 0.1999674816860801, 0.3668301958216711, 0.23885592819937257]], "ideal": "B", "sampled": "B", "correct": true}}
{"type": "result", "data": {"idx": 68, "options": ["59%", "69%", "79%", "89%"], "probs": [[0.22787125542636782, 0.2066115623455236, 0.2506377812305089, 0.31487940089759786], [0.28481144567448574, 0.20120025733458796, 0.2733358865038426, 0.24065241038706298], [0.25682213439182433, 0.21029908692853164, 0.23972436858296314, 0.29315440999670145], [0.19625965017727676, 0.21625500596959144, 0.2975171618360758, 0.28996818191706003]], "ideal": "C", "sampled": "B", "correct": false}}
{"type": "result", "data": {"idx": 69, "options": ["9%", "19%", "39%", "59%"], "probs": [[0.2131686206652179, 0.3273923691585442, 0.22887753868921235, 0.23056147138704075], [0.3556865770502641, 0.30006685655641435, 0.18493619056760197, 0.15931037572571355], [0.39253243622529316, 0.28321361924569455, 0.12969070767781513, 0.19456323675121365], [0.26296624448615796, 0.19047010472949522, 0.32920017049461653, 0.21736348018972407]], "ideal": "B", "sampled": "B", "correct": true}}
{"type": "result", "data": {"idx": 70, "options": ["18%", "38%", "58%", "78%"], "probs": [[0.26951867677055863, 0.30275133109746555, 0.19366895330365957, 0.2340610387283135], [0.36045470863253465, 0.2708119245594499, 0.22768050223775638, 0.14105286447025556], [0.25218218722480773, 0.39147509656823426, 0.15860103561135994, 0.19774168049562255], [0.32886183820745657, 0.21412631319813996, 0.24296373718683328, 0.2140481113075694]], "ideal": "B", "sampled": "D", "correct": false}}
{"type": "result", "data": {"idx": 71, "options": ["24%", "39%", "54%", "69%"], "probs": [[0.14978461994762396, 0.24567868910666638, 0.26111127799081685, 0.34342541285488515], [0.19488590307681608, 0.2622216712335664, 0.3777880553085204, 0.1651043702811061], [0.1956418483082862, 0.3723151404720011, 0.20704797074055334, 0.2249950403791494], [0.24037205742581444, 0.18953148548817275, 0.24943698819222043, 0.3206594687937948]], "ideal": "A", "sampled": "D", "correct": false}}
{"type": "result", "data": {"idx": 72, "options": ["1.5 children per woman", "2.5 children per woman", "3.5 children per woman", "4.5 children per woman"], "probs": [[0.644298457408427, 0.18131429280787034, 0.10365745205656526, 0.07072979762713696], [0.40845449856161964, 0.09457415867946112, 0.05821685778198498, 0.43875448487691665], [0.22043079443999214, 0.05726715358518165, 0.14293975741352805, 0.5793622944613157], [0.1667159392121399, 0.24863888518182845, 0.374417431387073, 0.2102277441189599]], "ideal": "B", "sampled": "B", "correct": true}}
{"type": "result", "data": {"idx": 73, "options": ["$300 ", "$1,000 ", "$10,000 ", "$30,000 "], "probs": [[0.09539271312308896, 0.2237701418902179, 0.3956296771212383, 0.2852074677654599], [0.09161823347050845, 0.26938006948416304, 0.5354824650585853, 0.10351923188674642], [0.17418364714904347, 0.38655663764711506, 0.2353611371916481, 0.20389857791217855], [0.2353553337145523, 0.09680767903553025, 0.13897928142533833, 0.5288577057245585]], "ideal": "C", "sampled": "D", "correct": false}}
{"type": "result", "data": {"idx": 74, "options": ["20%", "40%", "60%", "80%"], "probs": [[0.19971845652677048, 0.27594119630318326, 0.32323324803683195, 0.20110709903320761], [0.26718059591633575, 0.27028496272533703, 0.2860576257936208, 0.17647681546470137], [0.2650908248015845, 0.24990773999162297, 0.22097100411935297, 0.2640304309874483], [0.21907554409118526, 0.2267934873071768, 0.3411513980921859, 0.21297957040946622]], "ideal": "C", "sampled": "B", "correct": false}}
{"type": "result", "data": {"idx": 75, "options": ["41%", "56%", "71%", "86%"], "probs": [[0.12906971143042045, 0.2398362411912196, 0.29933755506056525, 0.3317564922177984], [0.17193865871478115, 0.38972495609133895, 0.33459983211729866, 0.10373655297657972], [0.21558651847817129, 0.4772995802646211, 0.15977979032138467, 0.1473341108358287], [0.20330704694513405, 0.14746433028368605, 0.24840426899065585, 0.4008243536805243]], "ideal": "B", "sampled": "D", "correct": false}}
{"type": "result", "data": {"idx": 76, "options": ["1%", "2%", "4%", "8%"], "probs": [[0.15120403596353996, 0.22373985908069138, 0.3517279599387582, 0.27332814491703333], [0.20605904837863487, 0.31688935657946316, 0.3603261742538766, 0.11672542068802581], [0.24572145500260056, 0.3765110038425909, 0.15434902548869314, 0.2234185155661097], [0.18961243812363346, 0.21780005548180065, 0.3202623354480179, 0.27232517084654845]], "ideal": "C", "sampled": "D", "correct": false}}
{"type": "result", "data": {"idx": 77, "options": ["US", "Chile", "Ireland", "Spain"], "probs": [[0.3991268461952601, 0.1828252733668828, 0.28222973746764046, 0.1358181428701982], [0.1320598188671416, 0.06787076176565748, 0.1701803853938597, 0.6298890338733529], [0.10750835867740857, 0.04900433676123898, 0.7263660073486692, 0.11712129711267932], [0.13297408180678302, 0.5412328611119036, 0.20755620276608994, 0.11823685421522281]], "ideal": "A", "sampled": "A", "correct": true}}
{"type": "result", "data": {"idx": 78, "options": ["was approximately zero", "exceeded that of high income countries", "exceeded that of Britain during the industrial revolution", "was approximately 3.0% per year"], "probs": [[0.13253338315804503, 0.3109373986560874, 0.19927302683536377, 0.3572561912505187], [0.09489537126549524, 0.06638024710473031, 0.7386582480416675, 0.1000661334881127], [0.10016711125366509, 0.65586379352698, 0.11548508751327523, 0.1284840076060918], [0.5532451477704875, 0.1371228047280051, 0.23208882900703906, 0.07754321839445115]], "ideal": "C", "sampled": "D", "correct": false}}
