{"type": "result", "data": {"idx": 0, "options": ["(0, \u2013 3)", "(4, 1)", "(2, 2)", "(\u2013 4, \u20132)"], "probs": [[0.2353037938839052, 0.24471108226665603, 0.2456265406394326, 0.2743585831100137], [0.2782832673420106, 0.1876761854522206, 0.3268509638100339, 0.2071895832957213], [0.21876663122837164, 0.24494696118975834, 0.19850535726947557, 0.3377810502123851], [0.25916038520875945, 0.18014760747517203, 0.3625800366677465, 0.19811197054833]], "ideal": "D", "sampled": "B", "correct": false}}
{"type": "result", "data": {"idx": 1, "options": ["2500", "2", "50", "25"], "probs": [[0.30172319244877777, 0.16820986916779782, 0.26245378257627217, 0.2676131557071524], [0.22272860374137393, 0.22378450145940373, 0.33214803167614154, 0.22133886302306371], [0.2934300331237879, 0.2870101900772411, 0.2167076152798908, 0.20285216141906992], [0.2989967026997633, 0.25310579590255255, 0.22615630985784232, 0.2217411914398291]], "ideal": "C", "sampled": "D", "correct": false}}
{"type": "result", "data": {"idx": 2, "options": ["392", "336", "300", "297"], "probs": [[0.2227188600270275, 0.17897963176494203, 0.2676932987241693, 0.3306082093838641], [0.2514623410414527, 0.15928710856508538, 0.329621559236406, 0.2596289910570518], [0.2504519174353482, 0.20517338798954404, 0.2262686709275802, 0.3181060235475286], [0.266675409340339, 0.13573495310369485, 0.2817198480872771, 0.31586978936868115]], "ideal": "A", "sampled": "D", "correct": false}}
{"type": "result", "data": {"idx": 3, "options": ["\\frac{7}{9}", "\\frac{8}{9}", "\\frac{5}{9}", "\\frac{9}{11}"], "probs": [[0.21206933547389228, 0.21999284707272795, 0.339168832373511, 0.22876898497986392], [0.19647838229444697, 0.22829481720647216, 0.19593194410829493, 0.3792948562907891], [0.20595428778094854, 0.1451930472603299, 0.3305868119914867, 0.3182658528672313], [0.18863363967072216, 0.1754306674538723, 0.33393689229569257, 0.30199880047973227]], "ideal": "B", "sampled": "A", "correct": false}}
{"type": "result", "data": {"idx": 4, "options": ["(-inf, 10)", "(-inf, 9)", "(-inf, 8)", "(-inf, 7)"], "probs": [[0.23366060829708982, 0.21526718501464331, 0.23014404324957088, 0.3209281633386991], [0.23495276618653083, 0.1910972112445378, 0.2695360528348494, 0.3044139696341007], [0.18821033899865713, 0.1567210860455462, 0.18327330701595623, 0.471795267839853], [0.18959379533766751, 0.16815638247698197, 0.2985207421928889, 0.34372907989246715]], "ideal": "C", "sampled": "B", "correct": false}}
{"type": "result", "data": {"idx": 5, "options": ["396", "72", "66", "36"], "probs": [[0.26359379318890275, 0.2179603826091244, 0.30036050467655184, 0.21808531942541662], [0.24945585030516979, 0.3331421359132751, 0.2744984167532936, 0.142903596928269], [0.24913331808298356, 0.42707165694436716, 0.1489643920061486, 0.1748306328665109], [0.3003151872682731, 0.18449112577375332, 0.2132737190028588, 0.30191996785513053]], "ideal": "B", "sampled": "D", "correct": false}}
{"type": "result", "data": {"idx": 6, "options": ["0.16", "0.24", "0.3", "0.5"], "probs": [[0.2544327149728573, 0.2167833067920553, 0.25895066302768516, 0.26983331510740405], [0.2766848173054247, 0.11304606962240853, 0.36681956453805076, 0.24344954843412114], [0.1912867509904525, 0.24098135810545548, 0.33717281353267575, 0.23055907727141348], [0.2204844982830922, 0.21214278763236502, 0.31150056364950013, 0.2558721503350322]], "ideal": "C", "sampled": "D", "correct": false}}
{"type": "result", "data": {"idx": 7, "options": ["42", "12", "36", "39"], "probs": [[0.25212635707691944, 0.17673841610373917, 0.3449494727624425, 0.22618575395691476], [0.2333942135052253, 0.24837808434457698, 0.2646436100443502, 0.253584092005854], [0.3467805043093392, 0.2046598484026053, 0.24611103081389588, 0.20244861637415335], [0.31059208892055773, 0.18995241544455024, 0.17096961835301483, 0.3284858771818852]], "ideal": "A", "sampled": "C", "correct": false}}
{"type": "result", "data": {"idx": 8, "options": ["\\frac{125}{648}", "\\frac{25}{648}", "\\frac{625}{648}", "\\frac{1}{648}"], "probs": [[0.26291302580714937, 0.23676197568083834, 0.24717241797814435, 0.25315258043385747], [0.2775491248504243, 0.18788179893491957, 0.237574071118871, 0.2969950049957925], [0.27051806676363277, 0.19503244919648252, 0.2687440777348832, 0.2657054062049928], [0.2633981014293509, 0.18329017735433434, 0.298703794912457, 0.2546079262038342]], "ideal": "C", "sampled": "B", "correct": false}}
{"type": "result", "data": {"idx": 9, "options": ["8", "12", "10", "4"], "probs": [[0.22878874999261903, 0.1957180332738083, 0.2696259191073397, 0.3058672975262426], [0.21014117045364264, 0.19124891327024973, 0.2840477434871526, 0.3145621726889716], [0.20994649022865083, 0.28115341859209314, 0.2825921398896501, 0.22630795118959876], [0.22642136510967426, 0.23810661392429308, 0.2566186687161786, 0.27885335214985507]], "ideal": "B", "sampled": "D", "correct": false}}
{"type": "result", "data": {"idx": 10, "options": ["13", "14", "1", "2"], "probs": [[0.3069576849258192, 0.14745335154239683, 0.2689380149464787, 0.27665094848531024], [0.2694815875449646, 0.2207760691135678, 0.28362977376276366, 0.22611256947871777], [0.2287998023556334, 0.1674093368353722, 0.31901229313079277, 0.2847785675781914], [0.27409562566079065, 0.24861191052890813, 0.18852550873267818, 0.28876695497761323]], "ideal": "D", "sampled": "A", "correct": false}}
{"type": "result", "data": {"idx": 11, "options": ["30", "64", "2048", "60"], "probs": [[0.25481869306395705, 0.23110871356420262, 0.26104838797419266, 0.2530242052976659], [0.276921859019205, 0.23045522411734187, 0.23238133931114133, 0.260241577452303], [0.28934951620271526, 0.22101364550874042, 0.26675228640481513, 0.22288455178375274], [0.2669174222602064, 0.21775641579709543, 0.2440290188437763, 0.27129714299893337]], "ideal": "D", "sampled": "C", "correct": false}}
{"type": "result", "data": {"idx": 12, "options": ["0", "1", "2", "4"], "probs": [[0.37282542815362696, 0.2382486217877209, 0.1950816756173242, 0.1938442743413272], [0.26210045354552175, 0.16425745930449442, 0.3201408461804917, 0.25350124086945963], [0.19670142496321133, 0.17383131756249198, 0.4384583252627133, 0.1910089321115832], [0.22301879681778514, 0.328132786778158, 0.2679762219585632, 0.18087219434548146]], "ideal": "D", "sampled": "A", "correct": false}}
{"type": "result", "data": {"idx": 13, "options": ["92", "93", "94.5", "95"], "probs": [[0.12495672383750231, 0.15442837807552226, 0.47369048511284223, 0.24692441287412586], [0.1604614362701912, 0.40824696258190746, 0.2247895183023862, 0.2065020827455294], [0.38189319011774137, 0.2095624228740734, 0.15752804389884875, 0.2510163430093282], [0.19222255705439661, 0.24503174833848634, 0.19998846032268094, 0.3627572341844344]], "ideal": "B", "sampled": "C", "correct": false}}
{"type": "result", "data": {"idx": 14, "options": ["R <= T <= M <= L", "L <= T <= M <= R", "R <= M <= T <= L", "L <= M <= T <= R"], "probs": [[0.21881718851124132, 0.21645494191887582, 0.2700443430636183, 0.2946835264062546], [0.22148018672477346, 0.11645220902589998, 0.41556148035498053, 0.24650612379435713], [0.2370470845584952, 0.23087536802079567, 0.2226290868474182, 0.30944846047328683], [0.205160607914338, 0.1112836855951247, 0.4176340401899741, 0.265921666200556]], "ideal": "D", "sampled": "B", "correct": false}}
{"type": "result", "data": {"idx": 15, "options": ["16", "2\\sqrt{2}", "5", "5+2\\sqrt{13}"], "probs": [[0.2286773393782909, 0.22173087502825203, 0.28280998022140685, 0.26678180527205164], [0.21228512616080059, 0.19410514626933326, 0.3151794247333104, 0.2784303027365395], [0.20895901692751467, 0.15903020349278976, 0.35455007515624587, 0.277460704323457], [0.20693400722706598, 0.23173755481184488, 0.22743181382429148, 0.3338966240367999]], "ideal": "D", "sampled": "A", "correct": false}}
{"type": "result", "data": {"idx": 16, "options": ["8", "3", "6", "9"], "probs": [[0.2893341420464427, 0.17013433890312465, 0.32029952063571526, 0.22023199831471416], [0.24380518354816502, 0.23535152988275654, 0.30223552171707707, 0.2186077647520093], [0.2753398739406389, 0.21866560366448912, 0.3060153114633195, 0.19997921083155704], [0.31089347546272383, 0.2079500056781482, 0.2480486475127942, 0.2331078712463207]], "ideal": "A", "sampled": "C", "correct": false}}
{"type": "result", "data": {"idx": 17, "options": ["-2", "-4", "-1", "1"], "probs": [[0.2061619883501274, 0.19072196656768306, 0.34008773679175375, 0.2630283081904263], [0.22641496835134503, 0.16388683303336488, 0.34557808073575635, 0.2641201177795268], [0.24757154456778072, 0.26043810196121153, 0.28625896495268377, 0.20573138841831237], [0.25056801084260727, 0.18057047600485193, 0.2764302072313581, 0.2924313058211865]], "ideal": "B", "sampled": "D", "correct": false}}
{"type": "result", "data": {"idx": 18, "options": ["1", "3", "0", "5"], "probs": [[0.2473959904025654, 0.18176028541727557, 0.3278907337346052, 0.24295299034554688], [0.22829496284646333, 0.33338816868417176, 0.25388162993018126, 0.18443523843918525], [0.26259668015583737, 0.22557278445252665, 0.31716250279393027, 0.19466803249769185], [0.24354409999309756, 0.32886440818542034, 0.21333009705678552, 0.21426139466469288]], "ideal": "A", "sampled": "C", "correct": false}}
{"type": "result", "data": {"idx": 19, "options": ["(-\\infty,-1)\\cup (1,\\infty)", "(-\\infty,0)\\cup (0,\\infty)", "[-1,1]", "(-1,1)"], "probs": [[0.1888059149710209, 0.17200560787390248, 0.39842158843345993, 0.2407668886216116], [0.16591533116107857, 0.19484514476547582, 0.4192115876182987, 0.22002793635515236], [0.22571123149456596, 0.23654157533723236, 0.31359745732908123, 0.2241497357391298], [0.21981966254341476, 0.20495671599060633, 0.2663078326787147, 0.308915788687247]], "ideal": "B", "sampled": "C", "correct": false}}
{"type": "result", "data": {"idx": 20, "options": ["\\frac{5}{x-4}", "\\frac{x-4}{5}", "\\frac{x+4}{5}", "-\\frac{x-4}{5}"], "probs": [[0.2771052791945756, 0.2772469219838466, 0.19283783472506943, 0.25280996399649275], [0.41850621104348185, 0.19261517975121592, 0.22776236873561434, 0.1611162403696757], [0.22783826908002403, 0.24641758664764907, 0.1361225276413913, 0.3896216165309391], [0.2238991910642957, 0.13648075013897373, 0.4741701006851721, 0.165449958011534]], "ideal": "D", "sampled": "B", "correct": false}}
{"type": "result", "data": {"idx": 21, "options": ["\u221216", "32", "\u221232", "64"], "probs": [[0.220993676839792, 0.21676251511856676, 0.29869150140547235, 0.26355230653616446], [0.22959525550283671, 0.31739807461216824, 0.2527114517180131, 0.20029521806696302], [0.24578577617741984, 0.1903254752820938, 0.28302075711587854, 0.280867991324615], [0.1970089345020391, 0.28213117108298097, 0.305296406203485, 0.21556348811148662]], "ideal": "B", "sampled": "C", "correct": false}}
{"type": "result", "data": {"idx": 22, "options": ["7", "11", "16", "8"], "probs": [[0.19758329274266076, 0.18487605325569245, 0.30376258072799545, 0.3137780731736513], [0.20626627992458016, 0.2046656421490212, 0.32091523864031096, 0.26815283918609417], [0.23311104665688429, 0.2528731630578317, 0.28786089786686414, 0.2261548923184122], [0.24421181511983786, 0.21299089908310792, 0.2601526859969038, 0.2826445997001611]], "ideal": "D", "sampled": "D", "correct": true}}
{"type": "result", "data": {"idx": 23, "options": ["4", "8", "2", "1"], "probs": [[0.2792384639311888, 0.33660875200463825, 0.16585675186913773, 0.2182960320950442], [0.25506849390908437, 0.17922635185863703, 0.19076392933817676, 0.37494122479409336], [0.20086044967026262, 0.20241645019084023, 0.3625218938877141, 0.23420120615117784], [0.19693670124788315, 0.32025638589345135, 0.28329290544199687, 0.1995140073166686]], "ideal": "B", "sampled": "A", "correct": false}}
{"type": "result", "data": {"idx": 24, "options": ["Friday", "Thursday", "Wednesday", "Tuesday"], "probs": [[0.18972336160414024, 0.16246961286931974, 0.3100730244131546, 0.33773400101338324], [0.21633637022060231, 0.2038746812376839, 0.32255443641675685, 0.2572345120249644], [0.2180445821018533, 0.1874721027726889, 0.2591998794199869, 0.33528343560546287], [0.18108156428097522, 0.1500258650338092, 0.3155183140917225, 0.3533742564935061]], "ideal": "A", "sampled": "C", "correct": false}}
{"type": "result", "data": {"idx": 25, "options": ["5", "3", "15", "31"], "probs": [[0.2678595440895563, 0.22919164144244664, 0.24795790784287333, 0.2549909065251219], [0.26884751838001114, 0.22823026740173608, 0.29564624420039604, 0.20727596991785138], [0.2915629766487625, 0.26571514261382, 0.2061837776597812, 0.23653810297763841], [0.289910288426954, 0.17249421360246414, 0.30060567448497566, 0.23698982338560687]], "ideal": "C", "sampled": "D", "correct": false}}
{"type": "result", "data": {"idx": 26, "options": ["145", "90", "60", "70"], "probs": [[0.18148417649687001, 0.27343577142476994, 0.28899079503637065, 0.2560892569419886], [0.2361583612148424, 0.262488653586675, 0.2550076659368688, 0.24634531916163435], [0.22646362657357466, 0.1451982520272181, 0.21044345701912462, 0.4178946642800953], [0.1598456848314117, 0.12918172295838828, 0.46269942322683594, 0.24827316888336953]], "ideal": "D", "sampled": "B", "correct": false}}
{"type": "result", "data": {"idx": 27, "options": ["2 min", "5 min", "18 min", "20 min"], "probs": [[0.21037780206754894, 0.16999567935625012, 0.32727841524149476, 0.292348103234695], [0.2200930403555691, 0.20702580733536188, 0.31918685987441153, 0.25369429233465757], [0.230522630584542, 0.2037896547360969, 0.2827275253871529, 0.2829601891922222], [0.2061466994907644, 0.30004936243114894, 0.2841169723119118, 0.20968696566615497]], "ideal": "C", "sampled": "A", "correct": false}}
{"type": "result", "data": {"idx": 28, "options": ["(-4,4)", "[0,4]", "(-inf, -1) U (4, inf)", "(-inf, -1) U (-1, 4) U (4, inf)"], "probs": [[0.24404195104857213, 0.23957123883919706, 0.30157662218846265, 0.2148101878237707], [0.19704698931897657, 0.24060923724201, 0.3999153121461836, 0.162428461192828], [0.21374751704617426, 0.28218703125493716, 0.22599132491545806, 0.2780741266834144], [0.18140601139571474, 0.12194362321930677, 0.4041682455252027, 0.29248211975975236]], "ideal": "C", "sampled": "B", "correct": false}}
{"type": "result", "data": {"idx": 29, "options": ["1", "e", "2/e", "1/e"], "probs": [[0.18260876404661358, 0.18094276969037182, 0.3918071603988431, 0.24464130576417598], [0.25334297156271574, 0.2916848357171862, 0.2838853832579343, 0.171086809362166], [0.337049456839938, 0.25353334901069574, 0.1464660311053362, 0.2629511629440372], [0.4402173446168193, 0.13921449052016274, 0.20965458675049717, 0.2109135780125285]], "ideal": "D", "sampled": "C", "correct": false}}
{"type": "result", "data": {"idx": 30, "options": ["1", "2", "0", "5"], "probs": [[0.2534434118564997, 0.16248602796212783, 0.3372245174785121, 0.24684604260285536], [0.2363195847389769, 0.23359606773503214, 0.3000246551668281, 0.23005969225915185], [0.2385017124375998, 0.1836135380235553, 0.37534866140531925, 0.20253608803352446], [0.3099920548541933, 0.21570414412360212, 0.26019249494032276, 0.21411130598186912]], "ideal": "C", "sampled": "A", "correct": false}}
{"type": "result", "data": {"idx": 31, "options": ["10", "16", "24", "12"], "probs": [[0.2914677040165099, 0.22728440872989653, 0.16895854121896806, 0.3122893459346343], [0.2988500595221375, 0.156506904490374, 0.28328929310016177, 0.261353742787335], [0.26605611333506785, 0.31829394776514547, 0.17115743642199502, 0.2444925023777846], [0.30303140112015825, 0.17156101708716426, 0.2410044019350395, 0.28440317975764257]], "ideal": "A", "sampled": "D", "correct": false}}
{"type": "result", "data": {"idx": 32, "options": ["12", "22", "840", "240"], "probs": [[0.2143449882034873, 0.2228703520662708, 0.25665751937768805, 0.3061271402525372], [0.24657426467158342, 0.1507981560780503, 0.3778344941812328, 0.2247930849691347], [0.32282875569469704, 0.2951938708567188, 0.15624091191412467, 0.2257364614344775], [0.36457575972085676, 0.14625366927121958, 0.24687493889008022, 0.24229563201785903]], "ideal": "D", "sampled": "D", "correct": true}}
{"type": "result", "data": {"idx": 33, "options": ["8788", "2", "2197", "21"], "probs": [[0.21015539958239413, 0.15265044218202484, 0.3484530842370096, 0.2887410738985817], [0.19157922537408667, 0.15644697526877943, 0.46389635671687424, 0.18807744254027636], [0.2785453903626438, 0.2955438096781749, 0.18367486092684782, 0.24223593893233555], [0.38309992399975495, 0.14009373882475978, 0.26485203633033594, 0.21195430074514698]], "ideal": "A", "sampled": "D", "correct": false}}
{"type": "result", "data": {"idx": 34, "options": ["-9", "-5", "-6", "-57"], "probs": [[0.27754787321689656, 0.15718627367830965, 0.2968418929128728, 0.26842396009191977], [0.3029585998873365, 0.17552631495614643, 0.2342910297957767, 0.28722405526072453], [0.3221930197503519, 0.1768309035534796, 0.22163340566170706, 0.2793426709344745], [0.32037357447874154, 0.17313851804619282, 0.22650494269070673, 0.27998296468434325]], "ideal": "A", "sampled": "C", "correct": false}}
{"type": "result", "data": {"idx": 35, "options": ["15", "5", "9", "17"], "probs": [[0.26867193398758166, 0.20053754413944494, 0.3048035617241462, 0.22598696004881727], [0.23630869411712313, 0.25860780635625363, 0.2607798752194412, 0.24430362420717855], [0.2433157349396485, 0.21727580673444422, 0.29839917142265515, 0.24100928680325273], [0.26199235774529284, 0.20185200546879387, 0.28833058214038315, 0.2478250545455369]], "ideal": "D", "sampled": "C", "correct": false}}
{"type": "result", "data": {"idx": 36, "options": ["252", "4680", "98770", "101170"], "probs": [[0.31827218952041403, 0.18721411112619032, 0.1843315027998122, 0.31018219645359557], [0.267162819507808, 0.12483880197148961, 0.2748946012697207, 0.33310377715096484], [0.21499208556855637, 0.20999933249864594, 0.23076607671809674, 0.34424250511471466], [0.24417472253031647, 0.15774199854394014, 0.3210081027526002, 0.27707517607312687]], "ideal": "C", "sampled": "B", "correct": false}}
{"type": "result", "data": {"idx": 37, "options": ["4.5", "1", "5.5", "5"], "probs": [[0.3185929729377693, 0.1686493964873104, 0.2523340559043912, 0.26042357457054716], [0.19972386514308518, 0.3306133034492375, 0.2527062834725308, 0.21695654783516433], [0.31842676521712765, 0.19330325121294645, 0.3188759938028997, 0.16939398966701552], [0.24606486280407708, 0.33486728698560375, 0.19480639614301298, 0.2242614539673082]], "ideal": "C", "sampled": "A", "correct": false}}
{"type": "result", "data": {"idx": 38, "options": ["240", "120", "60", "111"], "probs": [[0.2385400114594995, 0.21319746601026313, 0.311289073422287, 0.23697344900794062], [0.2446004270499038, 0.26777915132622493, 0.2575590206686188, 0.23006140085527033], [0.2229186406202392, 0.19303659993711123, 0.30725451923154257, 0.27679024011110354], [0.20469755533678147, 0.21552260766095743, 0.34294090001975475, 0.2368389368825095]], "ideal": "A", "sampled": "B", "correct": false}}
{"type": "result", "data": {"idx": 39, "options": ["24", "5", "3", "21"], "probs": [[0.3166404210173487, 0.1605516443966782, 0.2319355912280944, 0.2908723432578647], [0.2327059231747821, 0.17022529725882488, 0.2752506826553602, 0.3218180968110196], [0.20822691610875044, 0.18887488005313552, 0.3985080291739355, 0.20439017456417566], [0.3046739096957806, 0.29650257878439956, 0.17313436535028148, 0.22568914606953525]], "ideal": "A", "sampled": "A", "correct": true}}
{"type": "result", "data": {"idx": 40, "options": ["1", "-3", "-1", "3"], "probs": [[0.23207148369847191, 0.24702139234649176, 0.3222299532934215, 0.1986771705616013], [0.2592056900685108, 0.24449284741907157, 0.2655026102780407, 0.23079885213436863], [0.31278207460749696, 0.18254844189377092, 0.30467649318734163, 0.1999929902113867], [0.22958880671241683, 0.22694316846348023, 0.2996549488536916, 0.24381307587041484]], "ideal": "B", "sampled": "C", "correct": false}}
{"type": "result", "data": {"idx": 41, "options": ["4", "6", "10", "15"], "probs": [[0.31219903229421997, 0.20090692067465724, 0.2609001681199995, 0.2259938788111154], [0.3214143763905298, 0.20990689129928433, 0.22878207664568462, 0.23989665556449716], [0.3548414084895568, 0.19372475023323407, 0.23008104944642066, 0.22135279173081315], [0.3500358703053388, 0.20097380402174714, 0.2462772451618442, 0.20271308041106909]], "ideal": "C", "sampled": "C", "correct": true}}
{"type": "result", "data": {"idx": 42, "options": ["Alice", "Devon", "Bob", "Gerald"], "probs": [[0.22540970313700145, 0.2602776309731086, 0.28308766719600714, 0.23122499859387005], [0.22880576017548385, 0.24924969599109675, 0.23770164268180644, 0.2842429010516129], [0.23609539055080972, 0.21682866101451787, 0.33727027484972777, 0.20980567348495638], [0.23241801365076187, 0.25809134247375415, 0.27578514892445904, 0.23370549485102335]], "ideal": "B", "sampled": "A", "correct": false}}
{"type": "result", "data": {"idx": 43, "options": ["(6-3x)(6+3x)", "(-3x+6)(3x+6)", "9(2-x)(2+x)", "3(2+x)^2"], "probs": [[0.3268145329201384, 0.23469302603790418, 0.20546547360694592, 0.23302696733501213], [0.3126582513526275, 0.18976244948718515, 0.17076203328585943, 0.32681726577434606], [0.3973321634826702, 0.17107292799899076, 0.18556841127170853, 0.24602649714663302], [0.23953968508900417, 0.21821757910523085, 0.21062815290227635, 0.33161458280349376]], "ideal": "C", "sampled": "C", "correct": true}}
{"type": "result", "data": {"idx": 44, "options": ["100", "90950", "5200", "50"], "probs": [[0.27958186090073844, 0.1757781688117929, 0.29675427173210395, 0.24788569845535316], [0.27195984439282034, 0.2929158469881747, 0.2014906729043017, 0.23363363561471712], [0.30452546959353044, 0.15145787627409485, 0.24501266648418302, 0.299003987548197], [0.2329175262045016, 0.3004193823730668, 0.21558853566766312, 0.2510745556547959]], "ideal": "C", "sampled": "C", "correct": true}}
{"type": "result", "data": {"idx": 45, "options": ["\\frac{1}{8}", "\\frac{1}{7}", "\\frac{1}{40}", "\\frac{1}{35}"], "probs": [[0.23620980933293306, 0.15880945715025943, 0.33482026412363336, 0.27016046929317455], [0.18542394462077302, 0.12756516491752778, 0.13272875983210794, 0.5542821305295742], [0.197634140448976, 0.13087656477031717, 0.367086802977596, 0.3044024917031195], [0.18873004879678665, 0.23229406903595476, 0.22443949736127006, 0.354536384705975]], "ideal": "D", "sampled": "A", "correct": false}}
{"type": "result", "data": {"idx": 46, "options": ["5", "11", "17", "199"], "probs": [[0.2199234596722978, 0.23418024777189178, 0.35017261375397135, 0.19572367870185362], [0.3343705708430273, 0.2371673447816996, 0.2142002826794583, 0.21426180159580357], [0.30588073724790504, 0.16837011554175313, 0.3010379005553659, 0.22471124655497432], [0.2585790151296667, 0.16514005137770538, 0.33327372783098913, 0.24300720556163738]], "ideal": "D", "sampled": "C", "correct": false}}
{"type": "result", "data": {"idx": 47, "options": ["7", "5", "2", "25"], "probs": [[0.2517194308187855, 0.2138225790319113, 0.3710175358927485, 0.1634404541565642], [0.267107597203723, 0.402334197987499, 0.12874711502327035, 0.2018110896855042], [0.27755120038990905, 0.14121874991138259, 0.32724451041953084, 0.25398553917918915], [0.2097323180768331, 0.309918955334376, 0.2367718332940788, 0.24357689319471038]], "ideal": "A", "sampled": "C", "correct": false}}
{"type": "result", "data": {"idx": 48, "options": ["792", "66", "396", "72"], "probs": [[0.2233551001459564, 0.21745740538360572, 0.3835986190798573, 0.17558887529056952], [0.25848395142031416, 0.3319527202481787, 0.1915994003058546, 0.21796392792565178], [0.26328480069689425, 0.22191891987611606, 0.23929520272400692, 0.275501076602989], [0.2820685208956041, 0.1540376153511664, 0.3288989084310456, 0.23499495522218755]], "ideal": "D", "sampled": "C", "correct": false}}
{"type": "result", "data": {"idx": 49, "options": ["5", "-75", "-64", "-24"], "probs": [[0.2130964497782188, 0.25912161224987446, 0.2736483682464258, 0.2541335696254553], [0.220109768614048, 0.2201798702279995, 0.29194603984956025, 0.2677643212083829], [0.2512309891957663, 0.2769574361389531, 0.2464553184161874, 0.22535625614910018], [0.31075440138702676, 0.2384126709860985, 0.22145605780850572, 0.22937686971835605]], "ideal": "B", "sampled": "D", "correct": false}}
{"type": "result", "data": {"idx": 50, "options": ["\\frac{1}{27}", "\\frac{1}{68}", "\\frac{1}{3}", "\\frac{1}{243}"], "probs": [[0.2525371483082288, 0.13326531048785828, 0.36214815464580147, 0.25204938645812014], [0.19298894905275996, 0.19400719302772998, 0.251836773796355, 0.36116708402313574], [0.22335024410156779, 0.1211491707105647, 0.4256197046051817, 0.2298808804826731], [0.15869884057102784, 0.2231503079020907, 0.25869464462612685, 0.3594562068007601]], "ideal": "D", "sampled": "A", "correct": false}}
{"type": "result", "data": {"idx": 51, "options": ["100", "4", "5", "20"], "probs": [[0.2154555847427497, 0.21979160407157047, 0.22779619610355514, 0.33695661498214347], [0.23708063497079576, 0.17499873643994746, 0.35775133288241906, 0.23016929560684374], [0.2921379554758056, 0.2618449547887431, 0.18586517397575722, 0.2601519156596782], [0.3532888309410622, 0.14177676636084635, 0.2701131915796206, 0.2348212110184834]], "ideal": "A", "sampled": "D", "correct": false}}
{"type": "result", "data": {"idx": 52, "options": ["1", "9", "2", "10"], "probs": [[0.16788960026321095, 0.45452599079065137, 0.16416977762869348, 0.21341463121744378], [0.282665340403855, 0.15729779074041236, 0.32551460527637643, 0.23452226347935684], [0.1755472448587793, 0.44487928888941436, 0.16832105444291176, 0.21125241170890172], [0.23215422489670878, 0.14359067526804337, 0.37869946631865203, 0.245555633416593]], "ideal": "B", "sampled": "B", "correct": true}}
{"type": "result", "data": {"idx": 53, "options": ["43", "16", "42", "44"], "probs": [[0.18255955898759918, 0.38932515684587743, 0.23439925989988122, 0.19371602416663875], [0.2887027911819969, 0.18438403870700243, 0.247917010349866, 0.2789961596611382], [0.29554718993427914, 0.17478417804724128, 0.348689094788505, 0.18097953712997752], [0.23865062996028244, 0.17210856943600922, 0.34467678293390996, 0.24456401756980425]], "ideal": "C", "sampled": "B", "correct": false}}
{"type": "result", "data": {"idx": 54, "options": ["\\frac{1}{6}", "\\frac{1}{64}", "\\frac{1}{32}", "\\frac{1}{2}"], "probs": [[0.2705263062271142, 0.1804285836021074, 0.2696261728758809, 0.2794189371949125], [0.20347045268720207, 0.21420881076299852, 0.21492212649859604, 0.36739860995120793], [0.19095176421330748, 0.17951319810747396, 0.3917732733515166, 0.2377617642277002], [0.23361805019762658, 0.3144636273980768, 0.19911871752863347, 0.252799604775664]], "ideal": "C", "sampled": "A", "correct": false}}
{"type": "result", "data": {"idx": 55, "options": ["5", "\\frac{25}{6}", "\\frac{\\sqrt{2465}{9}", "2"], "probs": [[0.2068840042123027, 0.26479485285122306, 0.2734077270466007, 0.2549134157898596], [0.303639973244607, 0.18363440315849794, 0.28124798808390916, 0.23147763541297442], [0.23997878950065868, 0.19311784925374711, 0.2733013618206125, 0.29360199932497816], [0.1884166375671412, 0.1638811181312996, 0.3683026221831117, 0.2793996220184694]], "ideal": "A", "sampled": "B", "correct": false}}
{"type": "result", "data": {"idx": 56, "options": ["3", "\\frac{1}{49}", "\\frac{1}{7}", "7"], "probs": [[0.15112042933582168, 0.21054232344327684, 0.37809520809233244, 0.2602420390285941], [0.272686391904846, 0.21394359384528835, 0.29331723416074484, 0.2200527799891138], [0.2594788576814128, 0.16694136778038937, 0.2296905118460776, 0.34388926259213354], [0.1957314276091399, 0.13469194889945799, 0.27814428385961876, 0.3914323395317896]], "ideal": "B", "sampled": "C", "correct": false}}
{"type": "result", "data": {"idx": 57, "options": ["4, 7", "5, 5", "3, 9", "9, 8"], "probs": [[0.1938851066212603, 0.20252354016410437, 0.2969732107184281, 0.3066181423962177], [0.21471463021510898, 0.18235896006118138, 0.31366690916773515, 0.2892595004559822], [0.21839783692929016, 0.22272774956762417, 0.2553704268618839, 0.3035039865411964], [0.20090826302814732, 0.1725990626362053, 0.3173533071423547, 0.309139367093305]], "ideal": "B", "sampled": "D", "correct": false}}
{"type": "result", "data": {"idx": 58, "options": ["1", "120", "20", "12"], "probs": [[0.1942570120647765, 0.24658151505186585, 0.3047232954476442, 0.2544381773357158], [0.36475157748749376, 0.21213298784780266, 0.22227996911866763, 0.20083546544604175], [0.2695600219645538, 0.3030050453331486, 0.18470340785489078, 0.24273152474740783], [0.35772814400801994, 0.15477650512962463, 0.2294887322505282, 0.2580066185118266]], "ideal": "B", "sampled": "D", "correct": false}}
{"type": "result", "data": {"idx": 59, "options": ["1", "2", "-2", "0"], "probs": [[0.23577345864261479, 0.18956467587443196, 0.19101324499506572, 0.3836486203878918], [0.18821850314845667, 0.0996090732294377, 0.44827921646126356, 0.2638932070608381], [0.18491070081260116, 0.23557746412038735, 0.3525481211819504, 0.2269637137850536], [0.25226787642986637, 0.2664807287456273, 0.2634141363399822, 0.21783725838452248]], "ideal": "C", "sampled": "D", "correct": false}}
{"type": "result", "data": {"idx": 60, "options": ["1160", "1440", "2408", "2793"], "probs": [[0.1618835571490819, 0.23922278933642996, 0.3792482360316227, 0.21964541738286425], [0.18121097405215525, 0.33841648231576954, 0.27253395939394454, 0.20783858413812548], [0.24484854377779408, 0.36456846209401056, 0.1470443081828988, 0.24353868584529764], [0.19323889899361327, 0.24564874296947536, 0.2941880615218684, 0.2669242964150574]], "ideal": "D", "sampled": "C", "correct": false}}
{"type": "result", "data": {"idx": 61, "options": ["0.615", "4.875", "15", "34.667"], "probs": [[0.3319388759481681, 0.2061021955879779, 0.18853002985828443, 0.2734288985055505], [0.279837382722198, 0.171037801984401, 0.3496676197862922, 0.199457195407105], [0.30404635961930154, 0.25312351570862135, 0.2453719510902938, 0.19745817348177586], [0.294054275717711, 0.18616710022769867, 0.28954139112983246, 0.23023723282474515]], "ideal": "B", "sampled": "D", "correct": false}}
{"type": "result", "data": {"idx": 62, "options": ["f (x) = 0 has three real solutions.", "f (x) \u2265 \u201318 for all x \u2265 0.", "f (x) \u2264 \u201318 for all x \u2264 0.", "The function f (x) is decreasing for x \u2264 \u20133."], "probs": [[0.26753346084924634, 0.37871493447093846, 0.20695005806017494, 0.14680154651963662], [0.40605145881877086, 0.1432912973774387, 0.2687992217240357, 0.18185802197974818], [0.2768654196559751, 0.25189078913727303, 0.20994102070949286, 0.2613027703972521], [0.28246806961752335, 0.139841291094247, 0.38494845032552366, 0.19274218886271297]], "ideal": "A", "sampled": "B", "correct": false}}
{"type": "result", "data": {"idx": 63, "options": ["211", "2321", "11", "608"], "probs": [[0.2300845756254239, 0.39572801901736704, 0.18489253293111277, 0.18929487232610306], [0.323135965873547, 0.1644724322762573, 0.2944272249146689, 0.21796437683550923], [0.1899640585667499, 0.27831280375531686, 0.2711111704194932, 0.26061196715844726], [0.2553837952073778, 0.21677658445657016, 0.3479646170950258, 0.17987500314102722]], "ideal": "D", "sampled": "B", "correct": false}}
{"type": "result", "data": {"idx": 64, "options": ["-8", "128", "-128", "16"], "probs": [[0.23545689462296562, 0.2363902644168324, 0.28769008019335274, 0.2404627606668534], [0.32712449512860636, 0.15892362121239076, 0.2834483491748074, 0.2305035343841862], [0.23909652045566748, 0.30697763564237585, 0.17172127980248839, 0.28220456399947813], [0.31710161581173046, 0.16330617805431238, 0.27039202054625816, 0.24920018548768663]], "ideal": "C", "sampled": "D", "correct": false}}
{"type": "result", "data": {"idx": 65, "options": ["\u201312", "\u20139", "0", "8"], "probs": [[0.1675543759530094, 0.12807523323142114, 0.45752585160681736, 0.2468445391087524], [0.1888492158671009, 0.3088018752814492, 0.23786921639625852, 0.264479692355191], [0.2756417805699908, 0.23131899803671038, 0.21821470103208299, 0.27482452026122056], [0.20364788024415786, 0.15377828772421923, 0.29173408794591366, 0.3508397439856967]], "ideal": "B", "sampled": "C", "correct": false}}
{"type": "result", "data": {"idx": 66, "options": ["3", "4", "5", "6"], "probs": [[0.20502287664339397, 0.2561418674759346, 0.28460305510464634, 0.25423220067602853], [0.24901971159104083, 0.23207207024478171, 0.29587496933640317, 0.22303324872778332], [0.2775075920178344, 0.23087089384179932, 0.20944176561030506, 0.2821797484300742], [0.25531423833035183, 0.21403514458572417, 0.2915365352030744, 0.23911408178084614]], "ideal": "C", "sampled": "B", "correct": false}}
{"type": "result", "data": {"idx": 67, "options": ["72", "6", "18", "12"], "probs": [[0.2793134097203646, 0.24748729938120576, 0.2817696049492542, 0.19142968584917516], [0.24928568820686278, 0.31632955439278715, 0.2512522656871726, 0.18313249161318446], [0.3218219316851939, 0.2399900155605591, 0.19224243341264308, 0.2459456192416095], [0.2795558884978108, 0.21596928109178895, 0.30842160829476667, 0.19605322201562395]], "ideal": "B", "sampled": "C", "correct": false}}
{"type": "result", "data": {"idx": 68, "options": ["\\frac{1}{12}", "\\frac{1}{6}", "\\frac{2}{3}", "\\frac{1}{3}"], "probs": [[0.18849453637831162, 0.24318110513108604, 0.16072595016639854, 0.40759840822421245], [0.24295655438783, 0.1771287212570551, 0.29209259208655725, 0.28782213216855984], [0.20060012290357795, 0.20302664885152333, 0.1984210654105321, 0.3979521627343707], [0.17937109615333197, 0.15717589279885463, 0.4189996661956465, 0.24445334475217395]], "ideal": "D", "sampled": "B", "correct": false}}
{"type": "result", "data": {"idx": 69, "options": ["5", "2", "13", "139"], "probs": [[0.2875020145294738, 0.3159208747968737, 0.24603072425318473, 0.15054638632047168], [0.3269989159339657, 0.2057583964685453, 0.20725973255258826, 0.2599829549448839], [0.2711107189679663, 0.1344904465298742, 0.30771644603088255, 0.2866823883712642], [0.2151018486910567, 0.23827024323334725, 0.3321226027656294, 0.21450530520996328]], "ideal": "A", "sampled": "B", "correct": false}}
{"type": "result", "data": {"idx": 70, "options": ["100", "999", "625", "500"], "probs": [[0.3009681194913057, 0.1443554173783421, 0.2749626316555946, 0.27971383137476774], [0.2361415659097076, 0.1767338031423828, 0.23237923319705142, 0.35474539765086854], [0.2465846766294549, 0.17338589313561176, 0.3304612033242467, 0.24956822681068724], [0.24816099947976175, 0.20971448105593207, 0.25495100843865215, 0.28717351092565624]], "ideal": "C", "sampled": "A", "correct": false}}
{"type": "result", "data": {"idx": 71, "options": ["\\frac{7}{15}", "\\frac{15}{7}", "\\frac{15}{8}", "\\frac{15}{11}"], "probs": [[0.2386841753685531, 0.20036619555128654, 0.25518681693391476, 0.3057628120462498], [0.21097510787836832, 0.1644330169580223, 0.28956587956329677, 0.3350259955003097], [0.21509421903822096, 0.17294181768073405, 0.2554369621137338, 0.3565270010673078], [0.22250085606944606, 0.18451136954703218, 0.3263383407614885, 0.2666494335220135]], "ideal": "B", "sampled": "B", "correct": true}}
{"type": "result", "data": {"idx": 72, "options": ["29", "14", "27", "11"], "probs": [[0.24178447864755895, 0.25061596733700925, 0.2872425361065907, 0.22035701780881964], [0.2501625847002229, 0.2602309179626206, 0.22704980716420972, 0.26255669007295707], [0.24623935745718192, 0.19574413705911245, 0.28934918518902825, 0.268667320194682], [0.2248666613988532, 0.24056115451994567, 0.26831036116156853, 0.26626182281963034]], "ideal": "A", "sampled": "C", "correct": false}}
{"type": "result", "data": {"idx": 73, "options": ["-5", "13", "64", "25"], "probs": [[0.17639541075747162, 0.29178793120016155, 0.33871213096857317, 0.19310452697378636], [0.25191095903239913, 0.2800038330938962, 0.28241860453422685, 0.18566660323949474], [0.3178544760540211, 0.2584169043505622, 0.17569725208878295, 0.24803136740660592], [0.2689247867662116, 0.16069959184655105, 0.2946276416747019, 0.2757479796125265]], "ideal": "C", "sampled": "C", "correct": true}}
{"type": "result", "data": {"idx": 74, "options": ["2", "1", "9", "16"], "probs": [[0.22656842998348664, 0.23208720956740767, 0.2621222436830971, 0.2792221166660196], [0.22838580397551375, 0.17947146725478674, 0.3919069647721836, 0.20023576389750922], [0.2343907063097352, 0.3745934831038919, 0.16176652912619385, 0.2292492813601758], [0.3360588396235613, 0.12428280226200622, 0.27019752289016935, 0.26946083512426655]], "ideal": "B", "sampled": "D", "correct": false}}
{"type": "result", "data": {"idx": 75, "options": ["10240", "5001", "5002", "8192"], "probs": [[0.33287327489670926, 0.23901134726217999, 0.25148465986024676, 0.17663071788086618], [0.28345316396847664, 0.15511991171129869, 0.29164437422397976, 0.2697825499962437], [0.2518884680255048, 0.17797379634827104, 0.36794024978520595, 0.20219748574103638], [0.26587291082073133, 0.22005848850382173, 0.29776215219537255, 0.2163064483800668]], "ideal": "D", "sampled": "A", "correct": false}}
{"type": "result", "data": {"idx": 76, "options": ["If f(x) is continuous at x = c, then f\u2032(c) exists.", "If f\u2032(c) = 0, then f has a local maximum or minimum at (c, f (c)).", "If f\u2032\u2032(c) = 0, then the graph of f has an inflection point at (c, f (c)).", "If f is differentiable at x = c, then f is continuous at x = c."], "probs": [[0.2997267016455816, 0.257323965804816, 0.2718407333471608, 0.17110859910241577], [0.319899975791685, 0.35257091598992535, 0.18746855764655407, 0.14006055047183275], [0.3427216235164469, 0.20542795143581127, 0.226585814601563, 0.22526461034618725], [0.30297154076703986, 0.3300891695599491, 0.20998039382845687, 0.15695889574453692]], "ideal": "D", "sampled": "C", "correct": false}}
{"type": "result", "data": {"idx": 77, "options": ["5", "22", "11", "6"], "probs": [[0.29810753226630843, 0.19182979232816746, 0.31125295396943553, 0.19880972133608876], [0.2362100978985312, 0.3306034070388794, 0.22456418717507842, 0.20862230778752427], [0.3469863869625051, 0.23485016444729967, 0.19392104160823856, 0.2242424068819653], [0.3732102865099552, 0.253459975555083, 0.14855953860261253, 0.2247701992323463]], "ideal": "A", "sampled": "C", "correct": false}}
{"type": "result", "data": {"idx": 78, "options": ["Wednesday", "Thursday", "Friday", "Saturday"], "probs": [[0.31118472253022555, 0.17747708992853262, 0.3102194862954301, 0.2011187011457995], [0.2917153203462648, 0.19004818086074463, 0.2448380182894971, 0.2733984804035008], [0.26159982260251347, 0.16337377429772065, 0.3099192054217481, 0.26510719757802453], [0.22168629079418628, 0.24461154481225347, 0.27820164836260436, 0.25550051593095224]], "ideal": "C", "sampled": "A", "correct": false}}
{"type": "result", "data": {"idx": 79, "options": ["January 10th", "January 21st", "January 31st", "February 10th"], "probs": [[0.20926542634024378, 0.22378769284439096, 0.25751592029087217, 0.30943096042447865], [0.22511257891865583, 0.21231413087124845, 0.34608743170628337, 0.21648585840380377], [0.173527299963484, 0.3253790034735892, 0.24755253221164336, 0.25354116425129875], [0.22033406867063657, 0.27208915490088803, 0.3219891517484451, 0.1855876245800199]], "ideal": "B", "sampled": "D", "correct": false}}
{"type": "result", "data": {"idx": 80, "options": ["75", "76", "22", "23"], "probs": [[0.24420116533395614, 0.29468731152732885, 0.20982864885334532, 0.2512828741853601], [0.26485671771441466, 0.16969290373302875, 0.2797560509561397, 0.28569432749642115], [0.24639675168672692, 0.27586155092149667, 0.19048857860668278, 0.2872531186850796], [0.21935648892784518, 0.1502293383733481, 0.3359914066602116, 0.29442276593860917]], "ideal": "B", "sampled": "B", "correct": true}}
