{"type": "result", "data": {"idx": 0, "options": ["0", "4", "2", "6"], "probs": [[0.06392160850065698, 0.37953767459425036, 0.1999987229504763, 0.3565419938546163], [0.06181371395606701, 0.32898885988846294, 0.2903327432083651, 0.31886468284710495], [0.056466881811189924, 0.31007361755481877, 0.24148668616256752, 0.3919728143714238], [0.08494490082170214, 0.46645196720140547, 0.13788237395380432, 0.31072075792308806]], "ideal": "B", "sampled": "A", "correct": false}}
{"type": "result", "data": {"idx": 1, "options": ["8", "2", "24", "120"], "probs": [[0.06049788777123282, 0.6606838333308972, 0.09820092664789423, 0.1806173521499757], [0.09263925253418548, 0.390041410884, 0.3085479139973129, 0.2087714224845016], [0.09431102055626481, 0.5868445590531748, 0.15071296578097493, 0.16813145450958553], [0.1342930058575463, 0.6209794328558802, 0.0827368131401117, 0.16199074804646182]], "ideal": "C", "sampled": "D", "correct": false}}
{"type": "result", "data": {"idx": 2, "options": ["0", "1", "0,1", "0,4"], "probs": [[0.05221510872524026, 0.1354498764532164, 0.3682104783960458, 0.4441245363254975], [0.03720764773852479, 0.7711613687344461, 0.057635466849604466, 0.13399551657742462], [0.15525988205489266, 0.3610406327196712, 0.13920009549656562, 0.34449938962887056], [0.10296984015865596, 0.33247113224519526, 0.10298781095905395, 0.4615712165370948]], "ideal": "D", "sampled": "C", "correct": false}}
{"type": "result", "data": {"idx": 3, "options": ["True, True", "False, False", "True, False", "False, True"], "probs": [[0.2827683220361037, 0.3519137589630978, 0.1883661336492205, 0.17695178525157804], [0.2133992079699981, 0.43787233341941467, 0.16619845228316732, 0.18253000622741988], [0.20535309417813838, 0.44854017391829104, 0.23270004568380304, 0.11340668611976754], [0.22213256687882335, 0.5005908086483389, 0.1526722036547607, 0.12460442071807704]], "ideal": "B", "sampled": "A", "correct": false}}
{"type": "result", "data": {"idx": 4, "options": ["2x^2 + 5", "6x^2 + 4x + 6", "0", "x^2 + 1"], "probs": [[0.0581718886373031, 0.7906419774324663, 0.0474815375572587, 0.10370459627297188], [0.35627640351894313, 0.3562933014362389, 0.07468417508702209, 0.2127461198577959], [0.08006548433939219, 0.15923809106687603, 0.24663096092525558, 0.5140654635684762], [0.09759763845416145, 0.31506580815440927, 0.2571509239673715, 0.33018562932405776]], "ideal": "B", "sampled": "B", "correct": true}}
{"type": "result", "data": {"idx": 5, "options": ["True, True", "False, False", "True, False", "False, True"], "probs": [[0.177934954210162, 0.3766928500545972, 0.2588978034327471, 0.18647439220249365], [0.15577095977553126, 0.4437574809905808, 0.1908587394591854, 0.20961281967470247], [0.16237702925760272, 0.3956628795165126, 0.2986626295741124, 0.1432974615517723], [0.14944787767369788, 0.5216338193381878, 0.1747269235295247, 0.15419137935858962]], "ideal": "A", "sampled": "A", "correct": true}}
{"type": "result", "data": {"idx": 6, "options": ["True, True", "False, False", "True, False", "False, True"], "probs": [[0.2686311264271456, 0.3558831757564624, 0.1789501431561849, 0.1965355545602071], [0.1765008673789947, 0.4103859907208369, 0.1792858200660365, 0.23382732173413184], [0.19206811831054954, 0.39410645396902233, 0.28386531565537676, 0.12996011196505136], [0.20476747014786353, 0.5742952951429622, 0.1113332907297133, 0.10960394387946093]], "ideal": "A", "sampled": "A", "correct": true}}
{"type": "result", "data": {"idx": 7, "options": ["True, True", "False, False", "True, False", "False, True"], "probs": [[0.2541540524980478, 0.4323380226606221, 0.16409787289501554, 0.1494100518463146], [0.19160659261257232, 0.4892965548321993, 0.14463635649643522, 0.17446049595879315], [0.20410262928046333, 0.43890004037699865, 0.26208048275232676, 0.09491684749021126], [0.20081929567351203, 0.5374346695263984, 0.13802512811383966, 0.1237209065862499]], "ideal": "D", "sampled": "A", "correct": false}}
{"type": "result", "data": {"idx": 8, "options": ["0", "4", "2", "6"], "probs": [[0.0732072362736627, 0.36602943859292414, 0.2326585334853737, 0.32810479154803945], [0.06944633119351352, 0.3873499246891685, 0.2462149058137137, 0.2969888382036043], [0.0660853037948872, 0.28706977837902237, 0.27823845585776735, 0.3686064618683231], [0.08673812026177662, 0.4336754244756433, 0.15223338275494927, 0.32735307240763084]], "ideal": "B", "sampled": "A", "correct": false}}
{"type": "result", "data": {"idx": 9, "options": ["1", "2", "2,3", "6"], "probs": [[0.06304294608881111, 0.22352193609363558, 0.28257217612156693, 0.4308629415959864], [0.06390150462061453, 0.3195071803763346, 0.24884033935326483, 0.3677509755497861], [0.14684915103489474, 0.42497416059970444, 0.17441716268651455, 0.25375952557888626], [0.06368036059697792, 0.26396853712424456, 0.1391021213951976, 0.53324898078358]], "ideal": "C", "sampled": "C", "correct": true}}
{"type": "result", "data": {"idx": 10, "options": ["True, True", "False, False", "True, False", "False, True"], "probs": [[0.24967584385420266, 0.4521091377830287, 0.15143811024232784, 0.14677690802044083], [0.16697475063658804, 0.5143264454934294, 0.1568617648197048, 0.16183703895027773], [0.1816914921209352, 0.46397423179143865, 0.23330193482326134, 0.12103234116436482], [0.16797039775471054, 0.5507634076386, 0.16028239724365428, 0.12098379726303515]], "ideal": "C", "sampled": "A", "correct": false}}
{"type": "result", "data": {"idx": 11, "options": ["symmetric only", "anti-symmetric only", "both symmetric and anti-symmetric", "an equivalence relation"], "probs": [[0.10782537827236452, 0.24303697729991183, 0.39445534891016704, 0.2546822954175566], [0.1096583423010619, 0.5151318753701338, 0.14303558637155492, 0.2321741958572494], [0.1296953299421115, 0.32608834877592857, 0.39952175015751057, 0.14469457102444935], [0.10077768563216466, 0.37448281045983567, 0.19426530597651462, 0.3304741978314851]], "ideal": "C", "sampled": "C", "correct": true}}
{"type": "result", "data": {"idx": 12, "options": ["1", "2", "5", "11"], "probs": [[0.11365640501007548, 0.2813196265809439, 0.17604169772419334, 0.4289822705847873], [0.12814707861830205, 0.26709174709194644, 0.25091251354520977, 0.3538486606445417], [0.12362609702142624, 0.5044977331512636, 0.15147823883827452, 0.22039793088903564], [0.1568898216627736, 0.40696054441618, 0.12411584046018652, 0.31203379336085985]], "ideal": "A", "sampled": "D", "correct": false}}
{"type": "result", "data": {"idx": 13, "options": ["(x \u2212 2)(x + 2)(x \u2212 1)", "(x + 1)(x + 4)(x \u2212 2)", "(x + 1)(x \u2212 4)(x \u2212 2)", "(x - 1)(x \u2212 4)(x \u2212 2)"], "probs": [[0.4012890695932198, 0.16992039723603855, 0.10633417804468014, 0.3224563550260615], [0.3108315765546865, 0.20385934410440806, 0.1161549836281016, 0.3691540956128038], [0.415183482550672, 0.22929076895519668, 0.11895592562114247, 0.23656982277298882], [0.4014112829340042, 0.23598559985228074, 0.09098174895980855, 0.27162136815390653]], "ideal": "C", "sampled": "A", "correct": false}}
{"type": "result", "data": {"idx": 14, "options": ["6", "12", "30", "105"], "probs": [[0.06452615558455843, 0.18672178683797913, 0.2937559187118506, 0.45499613876561185], [0.06086188891102467, 0.26438073528576583, 0.4224840416906263, 0.2522733340125832], [0.04186178913218164, 0.6756488949001862, 0.12694948295596595, 0.15553983291166623], [0.12069114566187224, 0.484875719607765, 0.138919609896051, 0.25551352473431177]], "ideal": "C", "sampled": "D", "correct": false}}
{"type": "result", "data": {"idx": 15, "options": ["True, True", "False, False", "True, False", "False, True"], "probs": [[0.1971779822265018, 0.39213956567119845, 0.21656080233556463, 0.1941216496667351], [0.1413927928509577, 0.42212975185835205, 0.18441553295910468, 0.2520619222315856], [0.15708077186385722, 0.382758295240844, 0.2980931147350765, 0.16206781806022225], [0.15899228505644442, 0.5463430610553294, 0.1381375573817373, 0.15652709640648887]], "ideal": "B", "sampled": "A", "correct": false}}
{"type": "result", "data": {"idx": 16, "options": ["1", "-1", "i", "-i"], "probs": [[0.17610422740295126, 0.27282135862896456, 0.1415311204789275, 0.4095432933891567], [0.29236685137630747, 0.3874077354204776, 0.09949265793860959, 0.22073275516460536], [0.11369414414643245, 0.7531860925773209, 0.045941802744037454, 0.0871779604322092], [0.5648997979426253, 0.0852947228667175, 0.032882548620373826, 0.31692293047028336]], "ideal": "C", "sampled": "D", "correct": false}}
{"type": "result", "data": {"idx": 17, "options": ["(1,1)", "(3,1)", "(1,6)", "(3,6)"], "probs": [[0.08352540742010689, 0.3685927794493986, 0.2782297585059505, 0.26965205452454394], [0.11312263542118914, 0.28890398357083186, 0.3223063671438429, 0.2756670137641361], [0.09523042609795393, 0.4404053490732378, 0.2394431126127211, 0.22492111211608712], [0.0902305556777869, 0.2823466402359582, 0.38593316649411935, 0.2414896374921356]], "ideal": "C", "sampled": "D", "correct": false}}
{"type": "result", "data": {"idx": 18, "options": ["multiplication is not a binary operation", "multiplication is not associative", "identity element does not exist", "zero has no inverse"], "probs": [[0.12682309367511746, 0.6051154551760588, 0.11019993988961847, 0.15786151115920524], [0.6723766872182401, 0.2633106688645127, 0.01709856080019434, 0.04721408301705286], [0.1387951522926772, 0.19883480666079584, 0.1927211135433118, 0.4696489274032152], [0.06308722495401843, 0.230798125243949, 0.40507438774826515, 0.30104026195376743]], "ideal": "D", "sampled": "B", "correct": false}}
{"type": "result", "data": {"idx": 19, "options": ["True, True", "False, False", "True, False", "False, True"], "probs": [[0.26949821927670425, 0.362654057306596, 0.19110591641436653, 0.1767418069023332], [0.16261406968162842, 0.42844181183651403, 0.1901209737224436, 0.21882314465941394], [0.1780841227902326, 0.37116823149736766, 0.3224778223084466, 0.1282698233039531], [0.18731402885235482, 0.5420231849283017, 0.14588466253620902, 0.12477812358313446]], "ideal": "A", "sampled": "A", "correct": true}}
{"type": "result", "data": {"idx": 20, "options": ["True, True", "False, False", "True, False", "False, True"], "probs": [[0.3209781933384405, 0.38717628002851284, 0.15162084860663982, 0.1402246779264068], [0.14254280498560967, 0.453009353443104, 0.18019525167942385, 0.22425258979186247], [0.18505085175641758, 0.37382022851751223, 0.3099081079393017, 0.1312208116867685], [0.1867476063761912, 0.5663171879458982, 0.12057613310704571, 0.1263590724708648]], "ideal": "A", "sampled": "A", "correct": true}}
{"type": "result", "data": {"idx": 21, "options": ["2x^2 + 5", "6x^2 + 4x + 6", "0", "x^2 + 1"], "probs": [[0.05761456488986843, 0.7471997141090874, 0.06736136972230591, 0.12782435117873825], [0.38929560116782613, 0.3954371747239674, 0.06979929326070484, 0.1454679307475016], [0.0958202668995603, 0.18761981322901505, 0.22987314200065273, 0.4866867777707719], [0.09471138354088854, 0.30574958830064186, 0.27407371382490026, 0.32546531423356934]], "ideal": "A", "sampled": "B", "correct": false}}
{"type": "result", "data": {"idx": 22, "options": ["True, True", "False, False", "True, False", "False, True"], "probs": [[0.24399808446121668, 0.4282333062950709, 0.19302003710932364, 0.1347485720343888], [0.15066312476474109, 0.49401304856982503, 0.17072707667322973, 0.18459674989220415], [0.18831482247146097, 0.424380296063002, 0.2783164936276638, 0.10898838773787325], [0.1864440025483789, 0.5653946946750762, 0.13855668752921568, 0.10960461514732918]], "ideal": "D", "sampled": "A", "correct": false}}
{"type": "result", "data": {"idx": 23, "options": ["semi group with identity", "commutative semigroups with identity", "group", "abelian group"], "probs": [[0.19366869281297588, 0.47947174898000156, 0.19983936843061065, 0.1270201896764119], [0.15092555389922435, 0.6064799707122159, 0.12319252741335962, 0.11940194787520006], [0.2608613054129293, 0.4651340509103464, 0.09748013989039886, 0.17652450368632544], [0.18245602467870164, 0.3629965646051417, 0.14892532595659133, 0.30562208465956536]], "ideal": "D", "sampled": "C", "correct": false}}
{"type": "result", "data": {"idx": 24, "options": ["True, True", "False, False", "True, False", "False, True"], "probs": [[0.19076314497792027, 0.38535919672563496, 0.23010884447395782, 0.19376881372248692], [0.14962826667719872, 0.46815839405146603, 0.17769369481217143, 0.2045196443591638], [0.16068810342648165, 0.4168061942697459, 0.3049429677490152, 0.11756273445475723], [0.18238949094418105, 0.5706633116232166, 0.12733293594141518, 0.11961426139118714]], "ideal": "B", "sampled": "A", "correct": false}}
{"type": "result", "data": {"idx": 25, "options": ["subgroup", "finite abelian group", "infinite, non abelian group", "ininite, abelian"], "probs": [[0.14507240055540854, 0.254717677806178, 0.2977563440501957, 0.3024535774882178], [0.1782307882824202, 0.6031163795482812, 0.08824833284371013, 0.13040449922558847], [0.16452343760275695, 0.6408460735633873, 0.06649167835047516, 0.12813881038338057], [0.1811693473597982, 0.4021081028396038, 0.18405553815494677, 0.23266701154565125]], "ideal": "C", "sampled": "C", "correct": true}}
{"type": "result", "data": {"idx": 26, "options": ["True, True", "False, False", "True, False", "False, True"], "probs": [[0.17863307625305858, 0.4088992713146903, 0.22231459284117042, 0.19015305949108072], [0.12875795171228005, 0.46368392606384073, 0.18158139016032276, 0.22597673196355647], [0.14830368976754607, 0.3968882619474052, 0.3239307749533193, 0.13087727323172943], [0.15896391037940272, 0.6189766202781789, 0.10756282691371834, 0.11449664232870009]], "ideal": "C", "sampled": "A", "correct": false}}
{"type": "result", "data": {"idx": 27, "options": ["Yes, with p=2.", "Yes, with p=3.", "Yes, with p=5.", "No."], "probs": [[0.12105936398939438, 0.2904290042207531, 0.17891653037394076, 0.4095951013159118], [0.10786932684016334, 0.154523427699781, 0.5652231952504997, 0.17238405010955596], [0.16273171677939285, 0.37840067611729056, 0.2856244018760445, 0.1732432051272721], [0.09141380270838187, 0.4865629934289043, 0.2951007165084668, 0.12692248725424699]], "ideal": "B", "sampled": "D", "correct": false}}
{"type": "result", "data": {"idx": 28, "options": ["True, True", "False, False", "True, False", "False, True"], "probs": [[0.22044092086076328, 0.3749876264109593, 0.22744202272641123, 0.17712942990186623], [0.1900442540455555, 0.4350246786636203, 0.17576611040265044, 0.19916495678817372], [0.1912870853948041, 0.41781735416048876, 0.26146405932672834, 0.1294315010179788], [0.21433490672303848, 0.5222690143828037, 0.14502966510566406, 0.11836641368849371]], "ideal": "D", "sampled": "A", "correct": false}}
{"type": "result", "data": {"idx": 29, "options": ["True, True", "False, False", "True, False", "False, True"], "probs": [[0.28120031531024847, 0.34996431540976636, 0.1844190927497043, 0.1844162764302809], [0.18570488966194756, 0.43858525806131904, 0.17175252989828466, 0.20395732227844876], [0.18236023996585013, 0.3741877833309682, 0.32006065842062925, 0.12339131818255245], [0.21595036058013256, 0.5779232332363333, 0.11029934394381515, 0.09582706213971898]], "ideal": "A", "sampled": "A", "correct": true}}
{"type": "result", "data": {"idx": 30, "options": ["True, True", "False, False", "True, False", "False, True"], "probs": [[0.2829639357487112, 0.405330812969963, 0.17162829891557277, 0.14007695226575304], [0.16182012613257643, 0.45384340797529965, 0.19217079589574884, 0.19216566989637507], [0.18734636482183922, 0.42219965702097384, 0.29017495457515474, 0.10027902348203217], [0.16975966979592452, 0.5743003190487184, 0.15457249492356798, 0.1013675161317891]], "ideal": "B", "sampled": "A", "correct": false}}
{"type": "result", "data": {"idx": 31, "options": ["commutative semi group", "abelian group", "non-abelian group", "None of these"], "probs": [[0.03628860467739516, 0.7639718168801798, 0.05620700204118793, 0.1435325763012371], [0.08958365166593167, 0.693809164661209, 0.15003225689899913, 0.06657492667386015], [0.08172163989737534, 0.7876685143566956, 0.03800490441531016, 0.09260494123061892], [0.09295296269295529, 0.2690262894445705, 0.2526863907280598, 0.3853343570344144]], "ideal": "B", "sampled": "C", "correct": false}}
{"type": "result", "data": {"idx": 32, "options": ["True, True", "False, False", "True, False", "False, True"], "probs": [[0.26231441290012075, 0.4603800841762204, 0.14946392399759426, 0.1278415788260646], [0.1695617808427922, 0.49064967818198013, 0.15929149867678458, 0.1804970421984431], [0.20565886222714833, 0.4634668735756032, 0.236716817446975, 0.09415744665027351], [0.1846797181829884, 0.577822570279741, 0.1289305845439442, 0.10856712689332637]], "ideal": "A", "sampled": "A", "correct": true}}
{"type": "result", "data": {"idx": 33, "options": ["g = g^-1 for every g in G", "g = g^2 for every g in G", "(g o h)^2 = g^2 o h^2 for every g,h in G", "G is of finite order"], "probs": [[0.12898647976101735, 0.08865423631756436, 0.3911782859050204, 0.3911809979163978], [0.23572955586920252, 0.5149148336244965, 0.09231648260846619, 0.15703912779783474], [0.295574307412154, 0.25681316850001445, 0.2063551991971608, 0.24125732479067072], [0.07994261531581177, 0.3583111865062909, 0.0642393154109085, 0.4975068826669888]], "ideal": "C", "sampled": "C", "correct": true}}
{"type": "result", "data": {"idx": 34, "options": ["True, True", "False, False", "True, False", "False, True"], "probs": [[0.23470221366336635, 0.36924316696069714, 0.21038914978719803, 0.18566546948873844], [0.16000685332615772, 0.477701790250778, 0.15031647904675785, 0.21197487727630643], [0.19330835340474142, 0.39665147658196265, 0.28126883503962213, 0.12877133487367376], [0.18651117104645332, 0.556830040207999, 0.1343425194137681, 0.12231626923177957]], "ideal": "A", "sampled": "A", "correct": true}}
{"type": "result", "data": {"idx": 35, "options": ["0", "4", "2", "6"], "probs": [[0.06403133874421246, 0.3801877413267939, 0.2305916048968601, 0.32518931493213354], [0.05986440894772899, 0.4354945045863611, 0.24050393584992724, 0.26413715051598263], [0.05487827874352692, 0.3468517609062874, 0.2459564768134495, 0.3523134834367362], [0.0774003026393074, 0.44542141748784037, 0.15635664410018538, 0.32082163567266686]], "ideal": "B", "sampled": "C", "correct": false}}
{"type": "result", "data": {"idx": 36, "options": ["0", "1", "11", "22"], "probs": [[0.11634296662665584, 0.3528360049184881, 0.2242751816225371, 0.30654584673231894], [0.1026029766279071, 0.33643914268345354, 0.23487307828918025, 0.3260848022994591], [0.11059254241981034, 0.2269350107243963, 0.28242781334633893, 0.3800446334094544], [0.10906638027728198, 0.39898776104717854, 0.16631741197399505, 0.32562844660154444]], "ideal": "D", "sampled": "A", "correct": false}}
{"type": "result", "data": {"idx": 37, "options": ["Yes, with p=2.", "Yes, with p=3.", "Yes, with p=5.", "No."], "probs": [[0.10015221462580136, 0.2943871691869995, 0.1703659660662324, 0.43509465002096676], [0.07805992883751495, 0.1348814128656457, 0.6434790655974432, 0.1435795925993962], [0.13602744446906484, 0.4391438495418527, 0.25815064481748445, 0.166678061071598], [0.08890919518936478, 0.5037468150312636, 0.27386957812356455, 0.133474411555807]], "ideal": "B", "sampled": "D", "correct": false}}
{"type": "result", "data": {"idx": 38, "options": ["1", "2", "3", "4"], "probs": [[0.2997181314769809, 0.47895930586944996, 0.06089312005910028, 0.16042944249446883], [0.20613390358811037, 0.37327266013817995, 0.08072622924776926, 0.3398672069259404], [0.137614892969897, 0.37997904982312103, 0.1910668937829832, 0.29133916332399873], [0.0838657182947234, 0.6393839215501113, 0.09068340197317058, 0.18606695808199472]], "ideal": "C", "sampled": "A", "correct": false}}
{"type": "result", "data": {"idx": 39, "options": ["True, True", "False, False", "True, False", "False, True"], "probs": [[0.2116742761470937, 0.4343321983727432, 0.17008756352880783, 0.18390596185135527], [0.1602002256978324, 0.463562912649691, 0.17053599908041286, 0.2057008624720637], [0.1836878873065655, 0.44065369181456787, 0.24335319203596276, 0.1323052287429039], [0.19076123263235922, 0.5185543739707961, 0.1532848580539466, 0.1373995352428981]], "ideal": "D", "sampled": "A", "correct": false}}
{"type": "result", "data": {"idx": 40, "options": ["0", "1", "-1", "12"], "probs": [[0.2823206908265866, 0.3300950674425061, 0.15351331918701153, 0.23407092244389568], [0.43989830139596986, 0.45389466374181414, 0.02224780006256733, 0.08395923469964865], [0.22696616598803207, 0.09915946047355538, 0.36844523129821544, 0.30542914214019706], [0.16933936005135272, 0.3067094706192083, 0.12391873540174608, 0.40003243382769293]], "ideal": "C", "sampled": "C", "correct": true}}
{"type": "result", "data": {"idx": 41, "options": ["0", "3", "12", "30"], "probs": [[0.15772208334832583, 0.3965393245339326, 0.23677990975426266, 0.20895868226347894], [0.12671612579497507, 0.35539756280794876, 0.2811419749319142, 0.23674433636516196], [0.1665352806223667, 0.3260686244967232, 0.2832937664982698, 0.22410232828264026], [0.12571543641197344, 0.45273745730071047, 0.11996106980973519, 0.30158603637758086]], "ideal": "A", "sampled": "A", "correct": true}}
{"type": "result", "data": {"idx": 42, "options": ["True, True", "False, False", "True, False", "False, True"], "probs": [[0.22175784899382148, 0.39533180548754043, 0.20191702559809552, 0.18099331982054254], [0.16807216404187808, 0.45687940712174674, 0.18459837136806817, 0.19045005736830697], [0.17524054199138506, 0.4475067226145226, 0.2510314435130526, 0.1262212917810397], [0.1872502835317418, 0.5090110821660311, 0.16017092524102608, 0.14356770896120108]], "ideal": "B", "sampled": "A", "correct": false}}
{"type": "result", "data": {"idx": 43, "options": ["True, True", "False, False", "True, False", "False, True"], "probs": [[0.18267358021070595, 0.43142561171692484, 0.19144428408715705, 0.19445652388521215], [0.14333725187741714, 0.4555353887748471, 0.17562452218600996, 0.22550283706172575], [0.1631393955571503, 0.43659333418741925, 0.27321379152722836, 0.12705347862820213], [0.1666190996578207, 0.5549379834695134, 0.13813534995137214, 0.14030756682129372]], "ideal": "C", "sampled": "A", "correct": false}}
{"type": "result", "data": {"idx": 44, "options": ["True, True", "False, False", "True, False", "False, True"], "probs": [[0.28435542964807164, 0.48371219269778976, 0.12230330613296603, 0.10962907142117256], [0.19482914192007195, 0.5550307796349646, 0.10759976825829516, 0.14254031008666826], [0.21742508817319947, 0.5055436378462895, 0.19188585446601353, 0.08514541941449746], [0.2211241456812651, 0.5826001253528947, 0.09967386125035527, 0.09660186761548495]], "ideal": "C", "sampled": "A", "correct": false}}
{"type": "result", "data": {"idx": 45, "options": ["True, True", "False, False", "True, False", "False, True"], "probs": [[0.30232524591569016, 0.4132321249934971, 0.15441442914978143, 0.13002819984103134], [0.19477514959599285, 0.4746052566735252, 0.16660292693774867, 0.1640166666927333], [0.20955679059574792, 0.4436385962734879, 0.2608029984688429, 0.08600161456192128], [0.19908772851967121, 0.5497081998120735, 0.1526489589802776, 0.0985551125879776]], "ideal": "C", "sampled": "A", "correct": false}}
{"type": "result", "data": {"idx": 46, "options": ["True, True", "False, False", "True, False", "False, True"], "probs": [[0.21367766177438774, 0.3750208392351854, 0.21368099963429588, 0.19762049925613095], [0.1896791678859851, 0.4621881291179847, 0.17270779039231918, 0.17542491250371103], [0.18567761808605251, 0.4741529018381085, 0.22397506580292867, 0.1161944141729103], [0.19231177577968897, 0.48348071445934027, 0.1835093619713057, 0.14069814768966502]], "ideal": "B", "sampled": "A", "correct": false}}
{"type": "result", "data": {"idx": 47, "options": ["0", "2", "1", "3"], "probs": [[0.18183030457213614, 0.2860666853807408, 0.15311935770648408, 0.37898365224063896], [0.10153589472303616, 0.3544017698589345, 0.15482632929644202, 0.3892360060215873], [0.09839449883266432, 0.2512635198274725, 0.3226315643237302, 0.32771041691613295], [0.11510420905749538, 0.5000005177653322, 0.10000564529470742, 0.28488962778246507]], "ideal": "B", "sampled": "A", "correct": false}}
{"type": "result", "data": {"idx": 48, "options": ["True, True", "False, False", "True, False", "False, True"], "probs": [[0.2437027946752921, 0.39557514736609717, 0.19582374944466494, 0.16489830841394582], [0.13053750278463944, 0.4700996857470864, 0.170259292124131, 0.2291035192441432], [0.1666810413039253, 0.3815485948404172, 0.3114101383198863, 0.14036022543577117], [0.16755136720985023, 0.5668379025575081, 0.1410972316340282, 0.12451349849861346]], "ideal": "C", "sampled": "A", "correct": false}}
{"type": "result", "data": {"idx": 49, "options": ["8", "120", "240", "24"], "probs": [[0.06444204045015003, 0.3886467631859386, 0.27131817550682374, 0.2755930207570876], [0.13363687493601892, 0.445090883253845, 0.17159782092646667, 0.2496744207836694], [0.10607382496020683, 0.28834369346084093, 0.1519459016179205, 0.45363657986103173], [0.07788585821974972, 0.1728006308621785, 0.4412625826092695, 0.30805092820880225]], "ideal": "B", "sampled": "B", "correct": true}}
{"type": "result", "data": {"idx": 50, "options": ["True, True", "False, False", "True, False", "False, True"], "probs": [[0.24089616534685154, 0.3789862990000347, 0.1708230972119216, 0.20929443834119213], [0.16811286161817127, 0.4292987350585723, 0.16551012045740188, 0.23707828276585455], [0.19115529097991146, 0.39223111898711954, 0.2653972387615924, 0.15121635117137658], [0.1949235523973883, 0.5216517914296687, 0.1339717030961983, 0.1494529529767447]], "ideal": "D", "sampled": "A", "correct": false}}
{"type": "result", "data": {"idx": 51, "options": ["0", "2", "1", "3"], "probs": [[0.16263723892509346, 0.28544436181049, 0.16780326258630812, 0.38411513657810836], [0.0909440503811525, 0.33790420768113877, 0.15713987806551014, 0.41401186377219856], [0.10174417191488835, 0.2440755592318016, 0.29905032217342353, 0.3551299465798865], [0.11218431096559182, 0.5107027405891842, 0.10375501446330895, 0.27335793388191504]], "ideal": "B", "sampled": "A", "correct": false}}
{"type": "result", "data": {"idx": 52, "options": ["6", "8", "4", "2"], "probs": [[0.1471073831138199, 0.3584760262636002, 0.11280001373951205, 0.3816165767830678], [0.18582874811562408, 0.32616195565422057, 0.17187713341003188, 0.31613216272012346], [0.1820526962486363, 0.552112696401024, 0.09745315862368514, 0.16838144862665455], [0.17403920252429314, 0.31516144146094366, 0.1123763935509659, 0.3984229623637973]], "ideal": "A", "sampled": "D", "correct": false}}
{"type": "result", "data": {"idx": 53, "options": ["True, True", "False, False", "True, False", "False, True"], "probs": [[0.2909396545158011, 0.41675367326214224, 0.16320335620196766, 0.12910331592008897], [0.17470652123591432, 0.453160560877911, 0.1802553412176023, 0.19187757656857235], [0.17380056301407174, 0.41693271444838403, 0.2821114743103047, 0.12715524812723952], [0.18716693854943017, 0.5415940122779817, 0.15039555278717887, 0.12084349628540934]], "ideal": "C", "sampled": "A", "correct": false}}
{"type": "result", "data": {"idx": 54, "options": ["0", "2", "1", "3"], "probs": [[0.07140594613723243, 0.5194701474464498, 0.17129936557339226, 0.2378245407429255], [0.0857218508117579, 0.5417987259696582, 0.17316891322149128, 0.19931050989709265], [0.06872189863494045, 0.3657619196719046, 0.23249283221933878, 0.33302334937381617], [0.07134149701234656, 0.40419161045774465, 0.20968979510958305, 0.3147770973203257]], "ideal": "B", "sampled": "B", "correct": true}}
{"type": "result", "data": {"idx": 55, "options": ["True, True", "False, False", "True, False", "False, True"], "probs": [[0.23993268904169326, 0.37747108764681625, 0.18980452340467066, 0.1927916998068198], [0.16235950103687377, 0.39562197336705146, 0.20206471673420867, 0.2399538087618661], [0.1821786124630551, 0.35116495791529423, 0.32477523828925825, 0.14188119123239243], [0.1672552649918542, 0.5484209574445881, 0.14993017686998336, 0.13439360059357433]], "ideal": "A", "sampled": "A", "correct": true}}
{"type": "result", "data": {"idx": 56, "options": ["True, True", "False, False", "True, False", "False, True"], "probs": [[0.20556653156509294, 0.40248734954407295, 0.22932965244532078, 0.16261646634551336], [0.1276123282608478, 0.489200107221564, 0.19458898279757922, 0.18859858162000895], [0.15987233815978638, 0.46990305180618963, 0.27624073621848494, 0.09398387371553905], [0.17289049921691046, 0.6226165890071048, 0.11338680236397794, 0.09110610931200679]], "ideal": "D", "sampled": "A", "correct": false}}
{"type": "result", "data": {"idx": 57, "options": ["1", "2", "3", "4"], "probs": [[0.20154217784515033, 0.522769474458697, 0.0741446349313308, 0.20154371266482177], [0.19145822523109832, 0.36905243989114955, 0.07615852355195446, 0.36333081122579763], [0.12718797676393895, 0.3738334457078349, 0.2032510044409488, 0.29572757298727737], [0.11113209690138715, 0.5385430890217382, 0.1426996397024852, 0.20762517427438948]], "ideal": "B", "sampled": "A", "correct": false}}
{"type": "result", "data": {"idx": 58, "options": ["True, True", "False, False", "True, False", "False, True"], "probs": [[0.2780328268414091, 0.3683362140136882, 0.1823402859532159, 0.1712906730916868], [0.18513402451705133, 0.4802088677247321, 0.1375827835673508, 0.19707432409086578], [0.17320506531063773, 0.37245640709931993, 0.32359621407724315, 0.13074231341279918], [0.2151220951795657, 0.5667790342830789, 0.11160607967470859, 0.1064927907626468]], "ideal": "A", "sampled": "A", "correct": true}}
{"type": "result", "data": {"idx": 59, "options": ["True, True", "False, False", "True, False", "False, True"], "probs": [[0.23391025463120288, 0.3917298433308427, 0.1711349091100894, 0.20322499282786496], [0.16671602177866052, 0.4531893066133468, 0.16934567435857453, 0.21074899714941814], [0.19056269878849924, 0.40342894768084353, 0.2729744450192201, 0.13303390841143714], [0.18034806845768847, 0.5384295582232872, 0.14719973503071307, 0.1340226381883113]], "ideal": "A", "sampled": "A", "correct": true}}
{"type": "result", "data": {"idx": 60, "options": ["True, True", "False, False", "True, False", "False, True"], "probs": [[0.20942112489303163, 0.4719439376129046, 0.1395066359573178, 0.17912830143674596], [0.18021378187841755, 0.47480938541327405, 0.15904169020018546, 0.1859351424081229], [0.19148368560891751, 0.45223464209580155, 0.23831158163812094, 0.11797009055716], [0.1995569542015852, 0.534053007681422, 0.141510436613474, 0.12487960140351867]], "ideal": "D", "sampled": "A", "correct": false}}
{"type": "result", "data": {"idx": 61, "options": ["True, True", "False, False", "True, False", "False, True"], "probs": [[0.24078153788964776, 0.3558583961327175, 0.21583901986821843, 0.18752104600941627], [0.15338355529836142, 0.4104868830402516, 0.21295728104603512, 0.22317228051535185], [0.15091382865075095, 0.3564201209439127, 0.3508950978700157, 0.14177095243532062], [0.16043991566066523, 0.568820859531243, 0.1438213948979827, 0.1269178298101091]], "ideal": "D", "sampled": "A", "correct": false}}
{"type": "result", "data": {"idx": 62, "options": ["True, True", "False, False", "True, False", "False, True"], "probs": [[0.25736701869427947, 0.3803692218335957, 0.18537746644218892, 0.17688629292993588], [0.15516383481966023, 0.42178939511762004, 0.19011628059285268, 0.23293048936986702], [0.1675655208159567, 0.36600737942058886, 0.34383290234123504, 0.12259419732221943], [0.1721086399318343, 0.555588808267061, 0.136153317309514, 0.13614923439159066]], "ideal": "C", "sampled": "A", "correct": false}}
{"type": "result", "data": {"idx": 63, "options": ["not anti-symmetric", "transitive", "reflexive", "symmetric"], "probs": [[0.19759717563777904, 0.496777333029402, 0.1468447258060898, 0.15878076542672914], [0.15694865582803988, 0.3482251464972362, 0.2628558873867393, 0.2319703101879846], [0.16570959481189132, 0.4575769279485489, 0.20304466502094343, 0.17366881211861634], [0.08154512941021859, 0.6618352531724945, 0.1303147524464946, 0.12630486487079237]], "ideal": "B", "sampled": "A", "correct": false}}
{"type": "result", "data": {"idx": 64, "options": ["1", "2", "infinitely many", "0"], "probs": [[0.04739781699905223, 0.1964668870828712, 0.7186398887320982, 0.037495407085978365], [0.03200238167917351, 0.9208034190284976, 0.017130182894746614, 0.03006401629758229], [0.29852202086857904, 0.2514003179507339, 0.17826287180991213, 0.2718147892707749], [0.050936700426512514, 0.2318954685663389, 0.13420434694749211, 0.5829634839596565]], "ideal": "B", "sampled": "C", "correct": false}}
{"type": "result", "data": {"idx": 65, "options": ["True, True", "False, False", "True, False", "False, True"], "probs": [[0.19053892505440698, 0.42939239096233256, 0.17080120486099373, 0.20926747902226672], [0.1421855325667253, 0.4518748790691351, 0.1715132845178564, 0.23442630374628315], [0.1575442771848376, 0.43500395569343275, 0.2808609432086051, 0.12659082381312453], [0.1729359438931276, 0.5759764780427511, 0.12456480134005632, 0.12652277662406497]], "ideal": "C", "sampled": "A", "correct": false}}
{"type": "result", "data": {"idx": 66, "options": ["True, True", "False, False", "True, False", "False, True"], "probs": [[0.25282677252068764, 0.38551961222847697, 0.18788790140991363, 0.17376571374092178], [0.14989744572026947, 0.4545679525447689, 0.18081537426139888, 0.21471922737356272], [0.18032307652334564, 0.40637438879755855, 0.2792973774496956, 0.13400515712940023], [0.1779961138785703, 0.5314123033945821, 0.1475677788110031, 0.1430238038158444]], "ideal": "D", "sampled": "A", "correct": false}}
{"type": "result", "data": {"idx": 67, "options": ["a,b in H=> a * b in H", "a in H => a^-1 in H", "a,b in H=> a * b^-1 in H", "H contains the identity element"], "probs": [[0.12689245857840065, 0.13937259793757634, 0.5178722584363833, 0.21586268494763972], [0.07419506957202998, 0.8103102392101016, 0.03141741664957309, 0.08407727446829531], [0.28758914113229983, 0.22397802589247792, 0.34154415562729773, 0.1468886772479245], [0.04178518056451655, 0.3783234357455539, 0.062729299062178, 0.5171620845277516]], "ideal": "C", "sampled": "C", "correct": true}}
{"type": "result", "data": {"idx": 68, "options": ["(x \u2212 2)(x + 2)(x \u2212 1)(x + 1)", "(x+1)^4", "(x-1)(x+1)^3", "(x-1)^3(x+1)"], "probs": [[0.5243517316160291, 0.21186388168194845, 0.051920072786386544, 0.2118643138156359], [0.06644476355441682, 0.1342350571407202, 0.1384904558677654, 0.6608297233370976], [0.11930247784546642, 0.06905102523318761, 0.6654687920897682, 0.14617770473157776], [0.14075694011073928, 0.6509135607319428, 0.07189628003922421, 0.13643321901809363]], "ideal": "A", "sampled": "A", "correct": true}}
{"type": "result", "data": {"idx": 69, "options": ["True, True", "False, False", "True, False", "False, True"], "probs": [[0.24998277050660112, 0.3752722013488143, 0.18005760817176816, 0.19468741987281643], [0.168567751884524, 0.39811114659235797, 0.18805468640994072, 0.2452664150131773], [0.17875814011444055, 0.3725704772439842, 0.31373699386183207, 0.1349343886797432], [0.18223235684752448, 0.561323975209312, 0.12922486083892293, 0.12721880700424057]], "ideal": "A", "sampled": "A", "correct": true}}
{"type": "result", "data": {"idx": 70, "options": ["0", "-2", "a-2", "(2+a)*-1"], "probs": [[0.02018717518272782, 0.03831085262612885, 0.05574078048746038, 0.8857611916036829], [0.10596453510866677, 0.23881821398622485, 0.2425782237657784, 0.41263902703933], [0.07855288508003225, 0.7224384384079895, 0.049934170019084845, 0.14907450639289346], [0.465185926355516, 0.3298898538650042, 0.03643897066827895, 0.1684852490112009]], "ideal": "D", "sampled": "D", "correct": true}}
{"type": "result", "data": {"idx": 71, "options": ["0", "4", "2", "6"], "probs": [[0.062404528253990565, 0.39442753787864804, 0.22124965486698178, 0.3219182789003796], [0.0713793481018524, 0.3981319518586776, 0.2693911787533508, 0.26109752118611923], [0.056917653330202184, 0.3432677140975607, 0.25114247574593257, 0.3486721567263045], [0.08684440636627366, 0.44799080152806914, 0.15242053453276835, 0.3127442574728888]], "ideal": "C", "sampled": "A", "correct": false}}
{"type": "result", "data": {"idx": 72, "options": ["1", "2", "3", "4"], "probs": [[0.18730784950767454, 0.34994709488230263, 0.1815506070670729, 0.2811944484429499], [0.18672301986275616, 0.2716879410286024, 0.15240319980070052, 0.3891858392079409], [0.16048701823329992, 0.2730054381070168, 0.2371915088591391, 0.3293160347005442], [0.15676565466743653, 0.37607249613815874, 0.18328367171838886, 0.28387817737601584]], "ideal": "D", "sampled": "A", "correct": false}}
{"type": "result", "data": {"idx": 73, "options": ["0", "3", "12", "30"], "probs": [[0.14106869696160113, 0.39565959568835457, 0.25149300691950705, 0.21177870033053722], [0.12559000585060062, 0.32576702565718796, 0.27432136498682147, 0.2743216034053899], [0.15803588848046615, 0.28173583281821457, 0.3192482279739816, 0.2409800506273376], [0.12254556175924584, 0.43447938233382355, 0.10985116577650932, 0.3331238900304213]], "ideal": "B", "sampled": "A", "correct": false}}
{"type": "result", "data": {"idx": 74, "options": ["True, True", "False, False", "True, False", "False, True"], "probs": [[0.22784198818312554, 0.34742039438588174, 0.23877853152748324, 0.1859590858035095], [0.16940790160678657, 0.4751228320850234, 0.1694112990714878, 0.18605796713670222], [0.19649055744598287, 0.4359401496506412, 0.2483918834109457, 0.11917740939243017], [0.19698910706739328, 0.49524027842159235, 0.16588557012039917, 0.14188504429061516]], "ideal": "D", "sampled": "A", "correct": false}}
{"type": "result", "data": {"idx": 75, "options": ["True, True", "False, False", "True, False", "False, True"], "probs": [[0.2281171028281229, 0.4536721300322216, 0.18618710162681207, 0.1320236654128434], [0.12208852642845941, 0.5303421497483211, 0.16429267454830465, 0.18327664917491493], [0.16229948520750656, 0.4481354388752629, 0.29852357726184175, 0.09104149855538875], [0.1528343409147016, 0.6743564008992087, 0.09715117513161942, 0.07565808295447032]], "ideal": "B", "sampled": "A", "correct": false}}
{"type": "result", "data": {"idx": 76, "options": ["True, True", "False, False", "True, False", "False, True"], "probs": [[0.22893812226726495, 0.3383504298728418, 0.2399264466555497, 0.19278500110434352], [0.13826867318549865, 0.3758572767660891, 0.23155910229338297, 0.25431494765502927], [0.1618714904344411, 0.3591321950921075, 0.34268676720579716, 0.13630954716765425], [0.16141253227132132, 0.48948542800164613, 0.17727995878831113, 0.17182208083872139]], "ideal": "C", "sampled": "A", "correct": false}}
{"type": "result", "data": {"idx": 77, "options": ["0", "3", "12", "30"], "probs": [[0.14237067950557597, 0.49695962644373576, 0.19159073777611862, 0.16907895617456964], [0.13612386988601427, 0.3939067838366345, 0.2075726451538845, 0.2623967010234667], [0.18856083782930544, 0.2966573149665376, 0.31089418196864815, 0.20388766513550882], [0.13996524586003414, 0.47351856251099506, 0.11246796277277668, 0.2740482287561941]], "ideal": "A", "sampled": "A", "correct": true}}
{"type": "result", "data": {"idx": 78, "options": ["True, True", "False, False", "True, False", "False, True"], "probs": [[0.1996193319472926, 0.3614686619436279, 0.24843388052977664, 0.19047812547930287], [0.1368986855876246, 0.4283260532286414, 0.20551318540643446, 0.2292620756772995], [0.16376982627661466, 0.3928722738826793, 0.29655528065576925, 0.14680261908493675], [0.1773119936417654, 0.5377025959385, 0.14472099490263773, 0.14026441541709683]], "ideal": "D", "sampled": "A", "correct": false}}
