{"type": "result", "data": {"idx": 0, "options": ["k = 0 and n = 1", "k = 1 and n = 0", "k = n = 1", "k > 1"], "probs": [[0.11605211399514573, 0.179747093913039, 0.3411013280347823, 0.3630994639570329], [0.18010151652832143, 0.33647716543404915, 0.21724616312665118, 0.2661751548109782], [0.11385096250779483, 0.48688484477968635, 0.16565456870397352, 0.23360962390854534], [0.16402844081753648, 0.2462380303565202, 0.17735925843608796, 0.41237427028985535]], "ideal": "B", "sampled": "D", "correct": false}}
{"type": "result", "data": {"idx": 1, "options": ["0", "1", "2", "3"], "probs": [[0.09750666250416115, 0.20968371158938512, 0.2692330717197597, 0.42357655408669403], [0.07694062589829653, 0.24074250457263596, 0.2727937698091464, 0.4095230996199211], [0.0920507081353203, 0.24253322000959182, 0.2463500332112872, 0.41906603854380065], [0.08711208532046506, 0.2368044590237035, 0.24052983878427253, 0.4355536167715589]], "ideal": "D", "sampled": "C", "correct": false}}
{"type": "result", "data": {"idx": 2, "options": ["n = 1 and r = 6", "n = 1 and r = 7", "n = 2 and r = 5", "n = 2 and r = 6"], "probs": [[0.2567810270995033, 0.3146167584710669, 0.15095461313136538, 0.2776476011980644], [0.24786150835085072, 0.21873955938687004, 0.14345219088615083, 0.3899467412761284], [0.14943371934340724, 0.19490072419632626, 0.29718751155127765, 0.35847804480898887], [0.3187302195139482, 0.34462992894019207, 0.12097664717015745, 0.21566320427570226]], "ideal": "D", "sampled": "A", "correct": false}}
{"type": "result", "data": {"idx": 3, "options": ["4", "8", "16", "2sqrt(2)"], "probs": [[0.06762893608796755, 0.120573640228313, 0.17002662187941756, 0.6417708017043019], [0.03499472062696626, 0.033919475211101134, 0.5305819988335122, 0.40050380522842044], [0.08648566155760891, 0.34748917814594565, 0.11280512063567306, 0.45322003956077234], [0.2484865524302837, 0.2371146572688934, 0.2192996940110508, 0.2950990961897721]], "ideal": "A", "sampled": "D", "correct": false}}
{"type": "result", "data": {"idx": 4, "options": ["2/69", "1/30", "2/23", "12/125"], "probs": [[0.20146637552552268, 0.2212719851131901, 0.29314061122762475, 0.28412102803366246], [0.0835793111444723, 0.5536040786905727, 0.17149785542630971, 0.19131875463864526], [0.15629055070180078, 0.19149588617245353, 0.34138069570765534, 0.31083286731809034], [0.156014450355018, 0.29607145651875033, 0.2653979838196187, 0.28251610920661296]], "ideal": "C", "sampled": "C", "correct": true}}
{"type": "result", "data": {"idx": 5, "options": ["(S, +, x) is closed under addition modulo 10.", "(S, +, x) is closed under multiplication modulo 10.", "(S, +, x) has an identity under addition modulo 10.", "(S, +, x) has no identity under multiplication modulo 10."], "probs": [[0.1427111348771068, 0.14271705063818832, 0.24659476049154835, 0.4679770538931565], [0.1409168925330586, 0.10472362764367951, 0.38307334256483927, 0.3712861371584226], [0.1637185139962561, 0.3412335369201099, 0.15380681247097638, 0.3412411365126577], [0.25623154637635437, 0.13293881713014635, 0.16804863510835535, 0.4427810012851439]], "ideal": "D", "sampled": "D", "correct": true}}
{"type": "result", "data": {"idx": 6, "options": ["12*sqrt(2)", "6*sqrt(2)", "4*sqrt(2)", "1/(2*sqrt(2))"], "probs": [[0.1634704431074852, 0.15357030466252233, 0.11235417432844323, 0.5706050778015492], [0.1556296762392516, 0.09439559983230414, 0.41004285287056136, 0.33993187095788285], [0.3275527277479796, 0.35975309028475416, 0.06154676187931839, 0.2511474199879478], [0.2588120698670021, 0.11306944488348371, 0.15945321319892894, 0.46866527195058527]], "ideal": "C", "sampled": "D", "correct": false}}
{"type": "result", "data": {"idx": 7, "options": ["0", "10%", "25%", "50%"], "probs": [[0.10595924327238349, 0.2463676612848464, 0.2835650124596733, 0.3641080828830968], [0.1386306774069521, 0.19550560995488173, 0.31733436334936516, 0.348529349188801], [0.1547552771002975, 0.2758862632850155, 0.28023021992875913, 0.2891282395859279], [0.12156533539245809, 0.20679250511539715, 0.3463114823524905, 0.3253306770396543]], "ideal": "C", "sampled": "D", "correct": false}}
{"type": "result", "data": {"idx": 8, "options": ["None", "I only", "II only", "III only"], "probs": [[0.08966351633603974, 0.4413424596249215, 0.2761857016177595, 0.1928083223212792], [0.10494941159184087, 0.28977813450245654, 0.2557288331810559, 0.3495436206246467], [0.07813703675501436, 0.23327538095263167, 0.4158604957568786, 0.2727270864354754], [0.08367259799597386, 0.43161916728471894, 0.2743541300022429, 0.21035410461706425]], "ideal": "C", "sampled": "A", "correct": false}}
{"type": "result", "data": {"idx": 9, "options": ["Every compact space is complete", "Every complete space is compact", "Neither (a) nor (b).", " Both (a) and (b)."], "probs": [[0.17090458096023553, 0.08073675788914962, 0.22999071662704546, 0.5183679444235694], [0.12906772185467816, 0.09742927023008568, 0.21280120786687326, 0.5607017999483629], [0.12212463740061807, 0.40678639125003946, 0.2281713685501489, 0.24291760269919352], [0.318628469632844, 0.25207287821850366, 0.07931447264696173, 0.3499841794016906]], "ideal": "A", "sampled": "D", "correct": false}}
{"type": "result", "data": {"idx": 10, "options": ["10", "20", "25", "45"], "probs": [[0.20789348767267707, 0.19530139570516286, 0.23192605028327584, 0.3648790662388842], [0.16701463357836976, 0.10289761554776138, 0.099730761355276, 0.6303569894185929], [0.1143724328539182, 0.07384501701778719, 0.45948279140867737, 0.35229975861961726], [0.14761112238563612, 0.16990214360312408, 0.29356604018598964, 0.3889206937252502]], "ideal": "D", "sampled": "A", "correct": false}}
{"type": "result", "data": {"idx": 11, "options": ["1/64", "15/64", "1/4", "3/8"], "probs": [[0.13276747856954343, 0.2519524880956354, 0.21889990706787293, 0.39638012616694823], [0.17920817432995667, 0.2488098591317276, 0.22654303906082654, 0.34543892737748916], [0.11416054600945345, 0.32017627593784737, 0.3201765441587508, 0.24548663379394836], [0.12350406671600807, 0.444762203407679, 0.19736136474434068, 0.2343723650319722]], "ideal": "B", "sampled": "A", "correct": false}}
{"type": "result", "data": {"idx": 12, "options": ["0", "1", "2", "3"], "probs": [[0.1772620826782348, 0.2703037261692587, 0.18869806824227675, 0.36373612281022977], [0.11926069854497395, 0.2093213945417891, 0.18471963701785157, 0.48669826979538533], [0.09847790086550373, 0.10986467458116524, 0.38345897602828233, 0.4081984484250487], [0.115858117515566, 0.41723937907042824, 0.14195554812521796, 0.32494695518878774]], "ideal": "A", "sampled": "A", "correct": true}}
{"type": "result", "data": {"idx": 13, "options": ["4", "7", "10", "13"], "probs": [[0.1289793944959552, 0.2093613452524204, 0.2999001368505968, 0.3617591233010276], [0.13434625960517166, 0.17798627645998116, 0.2471110932712342, 0.44055637056361296], [0.09710856598470506, 0.12469250055416603, 0.34971124190850184, 0.4284876914526271], [0.11465841530606956, 0.22449511287351606, 0.30209425088722525, 0.3587522208331891]], "ideal": "B", "sampled": "A", "correct": false}}
{"type": "result", "data": {"idx": 14, "options": ["0.64", "0.72", "0.81", "0.95"], "probs": [[0.15207321356642706, 0.20464248682851516, 0.2841208150174701, 0.35916348448758767], [0.14707994897921176, 0.19485658985980628, 0.27053467242797935, 0.38752878863300255], [0.1395317957014537, 0.1763894724379317, 0.30477718225223965, 0.37930154950837497], [0.10668673285753534, 0.15282530967238175, 0.3185174441129527, 0.4219705132571302]], "ideal": "D", "sampled": "B", "correct": false}}
{"type": "result", "data": {"idx": 15, "options": ["I only", "II only", "III only", "I and II only"], "probs": [[0.16933363422051054, 0.3066255404251327, 0.231454145416507, 0.2925866798378498], [0.10503500385917894, 0.2682173171902506, 0.4562587303581929, 0.17048894849237756], [0.1457060713495187, 0.6039388134178166, 0.13687926427486222, 0.1134758508578025], [0.3398352981849888, 0.40356481946728906, 0.13730653402962809, 0.11929334821809406]], "ideal": "D", "sampled": "D", "correct": true}}
{"type": "result", "data": {"idx": 16, "options": ["I only", "II only", "III only", "I and II only"], "probs": [[0.15141153470448682, 0.41806455684910826, 0.21021787430766234, 0.22030603403874258], [0.09940819066544412, 0.3362954085839045, 0.38708139904001115, 0.1772150016106402], [0.1255877595181679, 0.5717150483198201, 0.17710958155545378, 0.1255876105065582], [0.27943928361486764, 0.4129858366442494, 0.1776237977789759, 0.12995108186190704]], "ideal": "B", "sampled": "D", "correct": false}}
{"type": "result", "data": {"idx": 17, "options": ["-1/4", "-1/(4sqrt(2))", "0", "sqrt(2)"], "probs": [[0.09806201007074009, 0.37593207319690636, 0.18902547937269434, 0.33698043725965915], [0.24694325781548435, 0.20795617375809078, 0.21793488506477615, 0.32716568326164874], [0.09062681551105606, 0.14942780735024777, 0.2622467718907148, 0.49769860514798137], [0.12519282845241622, 0.14867985850993978, 0.26093543998162644, 0.46519187295601755]], "ideal": "C", "sampled": "B", "correct": false}}
{"type": "result", "data": {"idx": 18, "options": ["I and II only", "III only", "I and III only", "I, II, and III"], "probs": [[0.17339885034904765, 0.25229759901456317, 0.2603094473451425, 0.31399410319124665], [0.10028837991663853, 0.3340167278456186, 0.4029080121223047, 0.16278688001543815], [0.11939799539722057, 0.6454742627440115, 0.11940090857453754, 0.11572683318423037], [0.24319976606322602, 0.44731769275258976, 0.13430974575668095, 0.1751727953275033]], "ideal": "D", "sampled": "D", "correct": true}}
{"type": "result", "data": {"idx": 19, "options": ["3", "e", "sqrt(5)", "0"], "probs": [[0.1467734022820268, 0.16374519953715092, 0.20061931609946934, 0.48886208198135295], [0.13894918973693113, 0.14562303260369308, 0.3660954345723099, 0.34933234298706584], [0.20571732936216594, 0.3783902328177519, 0.11185041230578634, 0.30404202541429576], [0.2641134042509552, 0.20569924131062714, 0.1577120470161096, 0.37247530732230805]], "ideal": "A", "sampled": "D", "correct": false}}
{"type": "result", "data": {"idx": 20, "options": ["I only", "II only", "III only", "I, II, and III"], "probs": [[0.08603139645374062, 0.18791351510517518, 0.2231528973671824, 0.5029021909739018], [0.05864885624716412, 0.12416123926347464, 0.5146486586121733, 0.3025412457771879], [0.07283317094560086, 0.6098419881629551, 0.14260333347409476, 0.1747215073173493], [0.20090511439221723, 0.5050842761488323, 0.14930242298540544, 0.14470818637354493]], "ideal": "D", "sampled": "D", "correct": true}}
{"type": "result", "data": {"idx": 21, "options": ["None", "One", "Four", "Five"], "probs": [[0.11072154342020989, 0.29173061248723015, 0.24565593895839796, 0.351891905034162], [0.09654516797698558, 0.2750471850585607, 0.24654691102532905, 0.38186073583912467], [0.12758679306462695, 0.33616231866805873, 0.22045774098642246, 0.31579314718089185], [0.12027775943111223, 0.33734203638272325, 0.2627178230141325, 0.279662381072032]], "ideal": "D", "sampled": "D", "correct": true}}
{"type": "result", "data": {"idx": 22, "options": ["I only", "II only", "III only", "I and II only"], "probs": [[0.12371444985097113, 0.43860865981183794, 0.22054790626690032, 0.2171289839702906], [0.09992634429583301, 0.34877922867640504, 0.3890965253537976, 0.16219790157396433], [0.13171274566189348, 0.5632680486095529, 0.16912470252239134, 0.13589450310616227], [0.2324661612278215, 0.44809117908765245, 0.1988403647939206, 0.12060229479060548]], "ideal": "B", "sampled": "D", "correct": false}}
{"type": "result", "data": {"idx": 23, "options": ["2/81", "1/18", "2/27", "1/9"], "probs": [[0.1782338592495029, 0.29386418617015664, 0.20515341748997304, 0.3227485369903674], [0.09513461588861886, 0.36469641324211005, 0.22822448608977217, 0.3119444846794989], [0.1753100569792556, 0.20178582647658963, 0.2631808840627616, 0.3597232323813932], [0.10158087009424809, 0.36014302488114047, 0.2253753922542445, 0.31290071267036695]], "ideal": "A", "sampled": "A", "correct": true}}
{"type": "result", "data": {"idx": 24, "options": ["True, True", "True, False", "False, True", "False, False"], "probs": [[0.13878700135750496, 0.5320293306772353, 0.19880826769271226, 0.13037540017254748], [0.2372547115089941, 0.43638182386361224, 0.21603110793890598, 0.11033235658848768], [0.20099041904755752, 0.3313739821421387, 0.3696840322463668, 0.09795156646393699], [0.10364204335243081, 0.3617477904867645, 0.39730795029875354, 0.13730221576205118]], "ideal": "B", "sampled": "B", "correct": true}}
{"type": "result", "data": {"idx": 25, "options": ["I and II only", "I and III only", "II and III only", "III only"], "probs": [[0.18561525917603994, 0.34140062837465895, 0.23834042603881583, 0.2346436863104853], [0.2581425270456837, 0.34737106636610277, 0.22781514779710785, 0.1666712586911057], [0.20386002044456986, 0.4182962289795902, 0.23100778915623374, 0.14683596131960625], [0.18598563967275428, 0.4324343800112304, 0.2174457609436027, 0.16413421927241256]], "ideal": "D", "sampled": "D", "correct": true}}
{"type": "result", "data": {"idx": 26, "options": ["9/2 days", "5 days", "41/8 days", "36/7 days"], "probs": [[0.1746387157468394, 0.17739177974190956, 0.3113328469779765, 0.3366366574332746], [0.15073063376413284, 0.32413061401765425, 0.2060283694078154, 0.3191103827103975], [0.20057328043362463, 0.16890542207459353, 0.2784779965599055, 0.35204330083187635], [0.2437688857073202, 0.21179385481146984, 0.23627361652872556, 0.30816364285248443]], "ideal": "D", "sampled": "C", "correct": false}}
{"type": "result", "data": {"idx": 27, "options": ["1/2", "1", "sqrt(2)", "pi"], "probs": [[0.03997838675479397, 0.09151225200180155, 0.4037699283450861, 0.4647394327983183], [0.03950128669839069, 0.26164107773721745, 0.357618273107784, 0.34123936235660784], [0.13683316784723187, 0.34400094481837257, 0.19600671849634865, 0.3231591687380469], [0.07191689418903392, 0.18364805254959482, 0.1698456133709222, 0.5745894397904491]], "ideal": "A", "sampled": "C", "correct": false}}
{"type": "result", "data": {"idx": 28, "options": ["f has all of its relative extrema on the line x = y.", "f has all of its relative extrema on the parabola x = y^2.", "f has a relative minimum at (0, 0).", "f has an absolute minimum at (2/3, 2/3)."], "probs": [[0.11872616106299527, 0.07314691219294667, 0.3600390389216157, 0.44808788772244235], [0.2700494205622727, 0.16637680929703996, 0.18272698725697162, 0.3808467827837157], [0.17860900555512843, 0.17312137006929654, 0.2329565182263717, 0.4153131060492033], [0.21006026473982217, 0.13776564855101078, 0.20044432276470817, 0.4517297638444589]], "ideal": "A", "sampled": "C", "correct": false}}
{"type": "result", "data": {"idx": 29, "options": ["5", "6", "12", "15"], "probs": [[0.10899267249165852, 0.2201834750064652, 0.2962824580541479, 0.3745413943477284], [0.09056245197335058, 0.11448633243167197, 0.12573574013735134, 0.6692154753576262], [0.09588363479955891, 0.17093502964053772, 0.3294850489321167, 0.40369628652778666], [0.10114929966217279, 0.20433265240934695, 0.2881522006609655, 0.4063658471675148]], "ideal": "B", "sampled": "A", "correct": false}}
{"type": "result", "data": {"idx": 30, "options": ["S(n0 + 1) is not true.", "S(n0 - 1) is not true.", "S(n) is not true for any n <= n0", "S(n) is not true for any n >= n0"], "probs": [[0.1252674897987485, 0.10224267018128225, 0.33524065956666926, 0.43724918035329996], [0.16288222094354063, 0.1415174559747811, 0.3342179308659845, 0.36138239211569373], [0.1330308755128355, 0.1137892818799873, 0.3971625536494465, 0.3560172888577307], [0.3612045237688993, 0.21568621327659937, 0.09422568722304057, 0.32888357563146076]], "ideal": "C", "sampled": "D", "correct": false}}
{"type": "result", "data": {"idx": 31, "options": ["(0, 0, 1)", "(3/7, 3/14, 9/14)", "(7/15, 8/15, 1/15)", "(5/6, 1/3, 1/3)"], "probs": [[0.23680673968777952, 0.33921684295047855, 0.16792426251024442, 0.2560521547514975], [0.17738862766705535, 0.1127595536143343, 0.24246783597024504, 0.46738398264836534], [0.17683582533128447, 0.09174327824817416, 0.36856920621789974, 0.3628516901026416], [0.31164153478481676, 0.2076020625740689, 0.21419266715909901, 0.2665637353820153]], "ideal": "B", "sampled": "A", "correct": false}}
{"type": "result", "data": {"idx": 32, "options": ["For no such integer n", "For 3, 5, 7, and 11 only", "For 3, 5, 7, 9, and 11 only", "For 4, 6, 8, and 10 only"], "probs": [[0.049110115301319104, 0.3803047296069942, 0.35725808672399173, 0.21332706826769493], [0.4655211408126089, 0.18808821402362272, 0.11231215631769, 0.23407848874607837], [0.5367305242048462, 0.15865776106029142, 0.10404981266931329, 0.20056190196554907], [0.2121497360829495, 0.09124602240535075, 0.4562029770126268, 0.24040126439907297]], "ideal": "B", "sampled": "B", "correct": true}}
{"type": "result", "data": {"idx": 33, "options": ["1", "2", "3", "4"], "probs": [[0.09091245720762797, 0.22152820727122913, 0.3223196421694461, 0.3652396932516968], [0.12316661418611928, 0.23741725261681298, 0.21616876284232284, 0.4232473702547449], [0.11065305603451078, 0.2825714605380928, 0.2915403799191583, 0.3152351034082381], [0.11432717590597091, 0.336036282388447, 0.2135971299731214, 0.33603941163246065]], "ideal": "C", "sampled": "A", "correct": false}}
{"type": "result", "data": {"idx": 34, "options": ["I only", "II only", "III only", "I, II, and III"], "probs": [[0.061061832820248046, 0.28235334049935373, 0.19105076716773492, 0.46553405941266324], [0.05316323120603649, 0.17161624387598853, 0.536955245336172, 0.238265279481803], [0.06549362984003014, 0.7041483082100303, 0.089521566535258, 0.14083649531468162], [0.20983142523361734, 0.5615517329145674, 0.10717478819088914, 0.12144205356092616]], "ideal": "D", "sampled": "D", "correct": true}}
{"type": "result", "data": {"idx": 35, "options": ["x^2 + y^2 + z^2 + 8 = 6y", "(x^2 + y^2 + z^2)^2 = 8 + 36(x^2 + z^2)", "(x^2 + y^2 + z^2 + 8)^2 = 36(x^2 + z^2)", "(x^2 + y^2 + z^2 + 8)^2 = 36(x^2 + y^2)"], "probs": [[0.11738858633183089, 0.3092860350288968, 0.20603302579621782, 0.3672923527430545], [0.267084932309911, 0.3171728621964273, 0.11309243245243576, 0.3026497729412259], [0.17618638406561055, 0.19655425991055483, 0.08453712674530214, 0.5427222291785325], [0.16417577616456835, 0.14717106300355925, 0.22093274857974943, 0.467720412152123]], "ideal": "D", "sampled": "B", "correct": false}}
{"type": "result", "data": {"idx": 36, "options": ["y = 2x + 1", "y = 2x", "y = x + 2", "y = x + 1"], "probs": [[0.16483557992240172, 0.22181981805165157, 0.2116604908352368, 0.4016841110907099], [0.1206626561805235, 0.12256730043686803, 0.23258969948101288, 0.5241803438015956], [0.11095077791335566, 0.09945798141538383, 0.4972660950208015, 0.29232514555045896], [0.1558470679411291, 0.20327077198169125, 0.2490516677532391, 0.39183049222394056]], "ideal": "A", "sampled": "A", "correct": true}}
{"type": "result", "data": {"idx": 37, "options": ["2", "3", "4", "5"], "probs": [[0.1216769963381207, 0.15143175421630978, 0.3747989236933703, 0.3520923256521992], [0.13799532784596932, 0.13585872468921378, 0.17174027647895893, 0.5544056708858579], [0.09118086436160658, 0.09261843892221348, 0.49293036040516075, 0.3232703362110192], [0.1379061896095, 0.2070280251585634, 0.24972110239985504, 0.4053446827320816]], "ideal": "A", "sampled": "A", "correct": true}}
{"type": "result", "data": {"idx": 38, "options": ["True, True", "True, False", "False, True", "False, False"], "probs": [[0.11881238043889825, 0.4924651906524588, 0.21853737205261065, 0.17018505675603227], [0.20485665512589427, 0.43368221617421565, 0.2250004179550839, 0.13646071064480617], [0.19213312289780932, 0.3645964453870109, 0.30703382766055876, 0.136236603954621], [0.0939113157635305, 0.3227007542510648, 0.40794102509974356, 0.17544690478566113]], "ideal": "A", "sampled": "B", "correct": false}}
{"type": "result", "data": {"idx": 39, "options": ["1", "2", "3", "4"], "probs": [[0.08040710597729608, 0.1675969076555033, 0.3034712992563708, 0.4485246870108298], [0.1268349438778881, 0.1904164701509794, 0.26026567814131657, 0.4224829077298159], [0.11851078320299405, 0.37081679204385065, 0.20800627670634297, 0.30266614794681235], [0.15153903083943257, 0.19157446222469304, 0.23841875651106315, 0.4184677503248112]], "ideal": "C", "sampled": "D", "correct": false}}
{"type": "result", "data": {"idx": 40, "options": ["the entire real axis", "a point", "a ray", "an open finite interval"], "probs": [[0.2521400564123405, 0.19332470862085738, 0.17602292488347746, 0.37851230998332464], [0.10574849772698555, 0.18559692936469532, 0.24206210850785082, 0.4665924643004683], [0.193670523241606, 0.24482477834123717, 0.3851642252840248, 0.17634047303313205], [0.1971929649236368, 0.6882783180144536, 0.0419850946710102, 0.07254362229089945]], "ideal": "B", "sampled": "A", "correct": false}}
{"type": "result", "data": {"idx": 41, "options": ["finite", "cyclic", "of order two", "abelian"], "probs": [[0.2289060537125154, 0.293932263433333, 0.08161953212427785, 0.39554215062987375], [0.17671352886449732, 0.2131636621316246, 0.356980209865936, 0.2531425990379421], [0.21145835286996273, 0.6513677627012103, 0.06058554711841949, 0.07658833721040745], [0.4402336111346376, 0.2798379209273273, 0.044275412778061886, 0.23565305505997317]], "ideal": "D", "sampled": "D", "correct": true}}
{"type": "result", "data": {"idx": 42, "options": ["3", "4", "5", "8"], "probs": [[0.05816084804309668, 0.11211002449896362, 0.3193693709148076, 0.5103597564431321], [0.09674847894323374, 0.25490383392229976, 0.22146199481492965, 0.42688569221953687], [0.10983733168514907, 0.20520751329104053, 0.24368724406075873, 0.44126791086305167], [0.15738167336146797, 0.27193770620302066, 0.18114750625311363, 0.38953311408239777]], "ideal": "D", "sampled": "D", "correct": true}}
{"type": "result", "data": {"idx": 43, "options": ["II only", "III only", "I and II only", "II and III only"], "probs": [[0.07132975862698365, 0.26502517257998315, 0.4369576340023467, 0.22668743469068647], [0.09505024551394774, 0.34768688675264586, 0.30683365461142176, 0.2504292130219847], [0.2517577409492505, 0.34953406449637286, 0.22567667064794167, 0.17303152380643494], [0.16266890873865084, 0.40261359799013896, 0.20887228221973356, 0.22584521095147664]], "ideal": "A", "sampled": "C", "correct": false}}
{"type": "result", "data": {"idx": 44, "options": ["1", "3", "5", "7"], "probs": [[0.13389791353699362, 0.11275532442559183, 0.11453052228212049, 0.638816239655294], [0.08820569865094074, 0.07199324344898955, 0.08959605143384004, 0.7502050063662297], [0.14039365527436917, 0.22788543317764728, 0.13396673994015879, 0.49775417150782475], [0.08209215420673116, 0.15578622301970058, 0.07474664953179821, 0.68737497314177]], "ideal": "D", "sampled": "A", "correct": false}}
{"type": "result", "data": {"idx": 45, "options": ["True, True", "True, False", "False, True", "False, False"], "probs": [[0.22743763027300973, 0.4814904927725907, 0.18855994937918477, 0.10251192747521481], [0.24823605805791246, 0.40927873651450725, 0.24061004523874271, 0.10187516008883757], [0.25814062354367445, 0.27911606428216224, 0.38151800628661625, 0.08122530578754703], [0.127763046849684, 0.3313951169264091, 0.4189304975826048, 0.12191133854130205]], "ideal": "A", "sampled": "B", "correct": false}}
{"type": "result", "data": {"idx": 46, "options": ["\u03c0/12", "\u03c0/6", "\u03c0/3", "2\u03c0/3"], "probs": [[0.1534457011830634, 0.2339844335684313, 0.22678346253799136, 0.38578640261051395], [0.1484980715810042, 0.23730725679175554, 0.22292843961826847, 0.3912662319089718], [0.15157955883417676, 0.249920442675394, 0.24604566392822289, 0.35245433446220636], [0.1510174951841541, 0.20007287559566955, 0.2692265091913003, 0.379683119928876]], "ideal": "B", "sampled": "D", "correct": false}}
{"type": "result", "data": {"idx": 47, "options": ["3", "pi", "3pi", "3/2"], "probs": [[0.17975804626586256, 0.2828072736691388, 0.1854716279636146, 0.351963052001384], [0.20814287100779696, 0.24718026429238907, 0.2322073384383872, 0.31246952616142676], [0.16158000114672866, 0.32640645877454344, 0.15907940741019325, 0.3529341325685347], [0.259427319483793, 0.2676700153925064, 0.20523083168966413, 0.26767183333403644]], "ideal": "B", "sampled": "D", "correct": false}}
{"type": "result", "data": {"idx": 48, "options": ["Only (II)", "Only (IV )", "(I) and (IV )", "(II) and (III)"], "probs": [[0.04740663936923265, 0.059933319012042956, 0.5686656172526559, 0.3239944242660685], [0.10245068581007517, 0.4664199704587461, 0.16118823639690066, 0.26994110723427805], [0.1391437500576112, 0.13487394152723067, 0.44923478360452107, 0.276747524710637], [0.2020724683489121, 0.29867213516419394, 0.1958720803680039, 0.30338331601889]], "ideal": "C", "sampled": "C", "correct": true}}
{"type": "result", "data": {"idx": 49, "options": ["f is Riemann integrable.", "There does not exist a countably infinite E of R such that f is nondifferentiable at every x \\in E.", "There does not exist an uncountable subset E of R such that f is nondifferentiable at every x \\in E.", "None of the above."], "probs": [[0.09408128541009429, 0.1600426333995348, 0.2292474427365725, 0.5166286383537984], [0.22300201158984742, 0.08203883835026565, 0.45757432832795764, 0.2373848216319293], [0.4862222372999343, 0.19340693948719007, 0.14149878917709616, 0.1788720339357795], [0.06607223646058774, 0.13770968438773962, 0.46586605351276417, 0.33035202553890847]], "ideal": "D", "sampled": "D", "correct": true}}
{"type": "result", "data": {"idx": 50, "options": ["the open first quadrant", "a closed curve", "a ray in the open first quadrant", "a single point"], "probs": [[0.19433147624184058, 0.40504224877353473, 0.1769446230668321, 0.22368165181779257], [0.4476456472795661, 0.23589578788200638, 0.07307549548120991, 0.24338306925721764], [0.23908464964449674, 0.10445073401555087, 0.35891354615248616, 0.29755107008746623], [0.05358113447750868, 0.05275261127332966, 0.5496842963012532, 0.34398195784790847]], "ideal": "A", "sampled": "B", "correct": false}}
{"type": "result", "data": {"idx": 51, "options": ["1", "2", "p >= 1", "infinity"], "probs": [[0.029479872863041125, 0.043568911745261785, 0.7254917406133302, 0.2014594746783669], [0.03736551140401794, 0.8504625041161732, 0.019690742897608457, 0.0924812414822004], [0.5583161627938903, 0.11703118506347286, 0.09551778292419326, 0.2291348691184436], [0.024859139667963742, 0.09529665908935371, 0.03045829298206242, 0.8493859081606201]], "ideal": "B", "sampled": "C", "correct": false}}
{"type": "result", "data": {"idx": 52, "options": ["f is a homeomorphism.", "f is continuous and one-to-one", "f is continuous.", "f is one-to-one"], "probs": [[0.11422972379972662, 0.10239578782488158, 0.49619743222996704, 0.28717705604542476], [0.2867930104985287, 0.31498216171472826, 0.11587465780375011, 0.28235016988299294], [0.280010427804447, 0.17522677516337182, 0.14987872316115286, 0.3948840737710283], [0.14741141481185552, 0.09517691105706874, 0.25871549596079846, 0.4986961780702773]], "ideal": "C", "sampled": "C", "correct": true}}
{"type": "result", "data": {"idx": 53, "options": ["12", "16", "12*sqrt(3)", "16*sqrt(3)"], "probs": [[0.04384698479652226, 0.03692340904338108, 0.8018886180111081, 0.11734098804898851], [0.03908820179316456, 0.8100546808862612, 0.07189614512526642, 0.07896097209530775], [0.336996828537215, 0.3266340840524745, 0.1721273388113411, 0.1642417484989694], [0.37879430239257234, 0.2523334753732947, 0.10852788208602769, 0.26034434004810525]], "ideal": "C", "sampled": "C", "correct": true}}
{"type": "result", "data": {"idx": 54, "options": ["4", "7", "8", "12"], "probs": [[0.07177683817289995, 0.23906006272816296, 0.22109547584670378, 0.46806762315223327], [0.06805484791950457, 0.18499826030817074, 0.20318122357468435, 0.5437656680976404], [0.0759028768696423, 0.22309882942508968, 0.16579259551993109, 0.5352056980853369], [0.08418362092677198, 0.24743596454279743, 0.1988207011864653, 0.4695597132439653]], "ideal": "A", "sampled": "B", "correct": false}}
{"type": "result", "data": {"idx": 55, "options": ["|x| \u2265 0", "|x \u00b7 y| \u2264 |x||y|", "|x| = 0 if and only if x = 0", "|x + y| = |x| + |y|"], "probs": [[0.12235894706844373, 0.11141330664672948, 0.2590386549941047, 0.5071890911907221], [0.18610593397386566, 0.16945819302506138, 0.2504355869871939, 0.39400028591387903], [0.22192689441524155, 0.12449279330505907, 0.20524920101456046, 0.4483311111651389], [0.29237112835659174, 0.17188243822349542, 0.17187550918343772, 0.36387092413647515]], "ideal": "D", "sampled": "D", "correct": true}}
{"type": "result", "data": {"idx": 56, "options": ["4", "5", "6", "7"], "probs": [[0.136942322927659, 0.21884673179444494, 0.2944884510196271, 0.34972249415826895], [0.11725941515177292, 0.24440683934982763, 0.20261439849465296, 0.4357193469037465], [0.15356756974066788, 0.19413644362738156, 0.27808356696691183, 0.3742124195650387], [0.09492430938644454, 0.23130949417210628, 0.2923960052790313, 0.3813701910624178]], "ideal": "B", "sampled": "A", "correct": false}}
{"type": "result", "data": {"idx": 57, "options": ["1 only", "2 only", "0 and 1 only", "0, 1, and 2 only"], "probs": [[0.04230482434604059, 0.11322975466596849, 0.23231684226130025, 0.6121485786266907], [0.0532324925975166, 0.07391444068152979, 0.6188762967824845, 0.2539767698384692], [0.050026950421899, 0.6095641964355786, 0.12976999821277896, 0.21063885482974343], [0.27674295670772936, 0.2900623294402475, 0.17319267470318636, 0.2600020390488368]], "ideal": "D", "sampled": "D", "correct": true}}
{"type": "result", "data": {"idx": 58, "options": ["2", "\u03c0", "4", "3\u03c0/2"], "probs": [[0.12544371741920074, 0.19429469149146456, 0.20682503230105131, 0.4734365586882834], [0.11340954898653807, 0.17293313143908182, 0.2988017797171291, 0.41485553975725104], [0.12203382790383635, 0.26241886808646275, 0.2624197919584636, 0.35312751195123726], [0.15528252154719835, 0.24814537154013233, 0.2520533652085358, 0.34451874160413354]], "ideal": "C", "sampled": "D", "correct": false}}
{"type": "result", "data": {"idx": 59, "options": ["9", "8", "0", "-5"], "probs": [[0.16791436074485103, 0.17325052617247902, 0.3088529407669205, 0.34998217221574945], [0.19657045600832757, 0.2524095177398042, 0.20601126549568, 0.3450087606561882], [0.09264922955189431, 0.13693286579173047, 0.355170282351995, 0.4152476222043802], [0.12126942632424029, 0.18205274504053431, 0.28640758774987096, 0.4102702407853544]], "ideal": "A", "sampled": "B", "correct": false}}
{"type": "result", "data": {"idx": 60, "options": ["None", "One", "Two", "Three"], "probs": [[0.13042028571073785, 0.2676209269833336, 0.36578809921170236, 0.23617068799422616], [0.1281936393963436, 0.3887750439717047, 0.3377630613563293, 0.14526825517562242], [0.17934693394297993, 0.561151623669776, 0.11762255429045332, 0.1418788879967908], [0.13562337850729328, 0.2916533009169913, 0.2573747596278493, 0.3153485608478661]], "ideal": "B", "sampled": "D", "correct": false}}
{"type": "result", "data": {"idx": 61, "options": ["20!/2^(10)", "10!/2^9", "10^(20) - 2^(10)", "10^(20) - 100"], "probs": [[0.4247947867565522, 0.14453042826801007, 0.21029327494346306, 0.22038150993197464], [0.24453566237222588, 0.24075015659457505, 0.10517586453173232, 0.40953831640146676], [0.10846998137380356, 0.07113782795783925, 0.614550031118106, 0.20584215945025114], [0.13425234748744713, 0.42666644608682586, 0.09084207089905622, 0.3482391354266708]], "ideal": "A", "sampled": "A", "correct": true}}
{"type": "result", "data": {"idx": 62, "options": ["It is possible to place an linear order relation \u2264 on the complex numbers C such that (C, +, \u00d7, \u2264) is not an ordered field.", "It is possible to place a linear order relation on the complex numbers C which make (C, +, \u00d7, \u2264) an ordered field.", "Neither (a) nor (b)", "Both (a) and (b)."], "probs": [[0.13432913127669582, 0.24325435948566534, 0.13859813533521131, 0.48381837380242754], [0.14744783277313406, 0.11848294204109978, 0.27983103928907166, 0.4542381857966945], [0.09306009770952013, 0.20972971231064577, 0.3404308252801069, 0.3567793645997272], [0.1464389220794949, 0.23402487531870209, 0.25703873461779314, 0.3624974678840098]], "ideal": "A", "sampled": "A", "correct": true}}
{"type": "result", "data": {"idx": 63, "options": ["1/4", "1/3", "1/2", "2/3"], "probs": [[0.25548326966591894, 0.19589138029046946, 0.2636003792022319, 0.2850249707413797], [0.26311658241999036, 0.2672663171461394, 0.18952043713102343, 0.2800966632028468], [0.42990751128483423, 0.2095225359503375, 0.09153402931665834, 0.26903592334816995], [0.18457906083838405, 0.0885643742037988, 0.30432808622899254, 0.42252847862882464]], "ideal": "D", "sampled": "C", "correct": false}}
{"type": "result", "data": {"idx": 64, "options": ["The integers under addition", "The nonzero integers under multiplication", "The nonzero real numbers under multiplication", "The complex numbers under addition"], "probs": [[0.052854706171549456, 0.04521149872020775, 0.38449857323505554, 0.5174352217731872], [0.07553545553678681, 0.1456088903164293, 0.21184851700590676, 0.5670071370408771], [0.06798178788516165, 0.09738488296188, 0.20939967986191546, 0.6252336491910429], [0.18770233354188529, 0.11746664694167656, 0.22290696865794113, 0.471924050758497]], "ideal": "B", "sampled": "C", "correct": false}}
{"type": "result", "data": {"idx": 65, "options": ["4x + 6y", "x + y + 5", "9x + 4y", "4x - 9y"], "probs": [[0.17209007357098566, 0.25835198931351616, 0.21085663766113283, 0.3587012993543654], [0.17264701220507095, 0.28024684487810014, 0.1699750698914329, 0.377131072925396], [0.19390498677654117, 0.22319430775777674, 0.20321848102022985, 0.37968222434545223], [0.1833555561600885, 0.2626602155705726, 0.1777205185622684, 0.3762637096070705]], "ideal": "D", "sampled": "C", "correct": false}}
{"type": "result", "data": {"idx": 66, "options": ["0", "-2", "-sqrt(34)", "-sqrt(35)"], "probs": [[0.06760907993097742, 0.039129954264832574, 0.4014243826027866, 0.4918365831014034], [0.07541466208029611, 0.11499800472289741, 0.17811053561042045, 0.631476797486386], [0.06889955313748566, 0.05200905434216588, 0.41553229747660897, 0.4635590949437395], [0.11165677671763742, 0.22911074584584074, 0.12652741277049753, 0.5327050645660243]], "ideal": "C", "sampled": "A", "correct": false}}
{"type": "result", "data": {"idx": 67, "options": ["II only", "III only", "I and II only", "I and III only"], "probs": [[0.07582870248605696, 0.19063569531178984, 0.5516311073649969, 0.1819044947371563], [0.11869233719448223, 0.44794985003498694, 0.26333759605756935, 0.17002021661296146], [0.28681046622538836, 0.3740757218843857, 0.2098382326702515, 0.12927557911997445], [0.23796980789814334, 0.2961611537685216, 0.265477724808065, 0.20039131342527008]], "ideal": "D", "sampled": "C", "correct": false}}
{"type": "result", "data": {"idx": 68, "options": ["\u03c0/3", "\u03c0/4", "\u03c0", "2\u03c0"], "probs": [[0.14841867155224076, 0.22988125217111482, 0.2485601714851328, 0.3731399046915116], [0.15083184245698383, 0.22643156206915813, 0.2127126134846056, 0.41002398188925243], [0.16679776954774364, 0.2279929186474837, 0.24651974069812735, 0.35868957100664534], [0.1764662660044912, 0.3145923520431534, 0.17924956441369574, 0.32969181743865966]], "ideal": "A", "sampled": "A", "correct": true}}
{"type": "result", "data": {"idx": 69, "options": ["Sunday", "Monday", "Tuesday", "Wednesday"], "probs": [[0.12652530793603708, 0.13683123375480855, 0.09402983284435264, 0.6426136253648017], [0.10404840343258304, 0.10244593997271965, 0.4246206676078054, 0.36888498888689186], [0.15393057577883504, 0.4525297475127077, 0.13167804791104848, 0.2618616286974088], [0.3655062722902771, 0.22520010486674816, 0.10149975335701868, 0.30779386938595604]], "ideal": "A", "sampled": "D", "correct": false}}
{"type": "result", "data": {"idx": 70, "options": ["\u221248/\u03c0 cm/min", "\u22124/(3\u03c0) cm/min", "\u22128/(3\u03c0) cm/min", "\u221216/(3\u03c0) cm/min"], "probs": [[0.1826413775094907, 0.24197769883769024, 0.16373442599728777, 0.4116464975555313], [0.2069802551214505, 0.22034349707033937, 0.17984632877926146, 0.3928299189289487], [0.23368848064256764, 0.1764062993471139, 0.15327081539501322, 0.4366344045153052], [0.21070512499177055, 0.16156102233817782, 0.22784695838059527, 0.39988689418945633]], "ideal": "D", "sampled": "B", "correct": false}}
{"type": "result", "data": {"idx": 71, "options": ["The system is consistent.", "The system has infinitely many solutions.", "The sum of any two solutions is a solution.", "Every solution is a scalar multiple of (-5, 1, 1, 0)."], "probs": [[0.07270137761561568, 0.09937433147735547, 0.11617778361006471, 0.7117465071969641], [0.11610709788154468, 0.16631837063617513, 0.3059116280822642, 0.411662903300016], [0.13826360425148818, 0.25431243719504254, 0.23155442913039553, 0.37586952932307377], [0.19261528494631955, 0.22519572264652477, 0.2050434652543262, 0.3771455270528295]], "ideal": "D", "sampled": "D", "correct": true}}
{"type": "result", "data": {"idx": 72, "options": ["f(c)", "f(e^c)", "f(1/c)", "f(log c)"], "probs": [[0.15846358001936955, 0.3302755902336235, 0.19114559602099132, 0.3201152336260156], [0.19248393749708143, 0.2321845660032476, 0.2321816155732436, 0.3431498808264274], [0.14776105296558412, 0.18104470185348723, 0.3773284925245318, 0.29386575255639685], [0.2202324503370694, 0.38053386265603534, 0.13357814747016544, 0.2656555394367298]], "ideal": "D", "sampled": "A", "correct": false}}
{"type": "result", "data": {"idx": 73, "options": ["I only", "II only", "III only", "I and II only"], "probs": [[0.10646829007991408, 0.2761609554014611, 0.2894172668167614, 0.32795348760186344], [0.08085740417072292, 0.26512351826999403, 0.4236750633864745, 0.23034401407280855], [0.15519752634411207, 0.44212202895863223, 0.21547501634961275, 0.18720542824764294], [0.19822296202848533, 0.3478952296043945, 0.2428719960972386, 0.21100981216988154]], "ideal": "D", "sampled": "D", "correct": true}}
{"type": "result", "data": {"idx": 74, "options": ["1/(2e)", "1/e", "e^2/2", "2e"], "probs": [[0.2870571484700165, 0.2342981591155108, 0.20040381546979646, 0.27824087684467624], [0.19850593507531158, 0.23208680400782358, 0.1985104799294075, 0.3708967808874573], [0.173907778816068, 0.16084534699297762, 0.2912531066579538, 0.3739937674330006], [0.16785212109574205, 0.2223770949376337, 0.28110993324553124, 0.328660850621093]], "ideal": "C", "sampled": "A", "correct": false}}
{"type": "result", "data": {"idx": 75, "options": ["H = 50", "T >= 60", "51 <= H <= 55", "H >= 48 and T >= 48"], "probs": [[0.049187306249237665, 0.1091294220822268, 0.46668932334057567, 0.37499394822795984], [0.03947361749446919, 0.8707930866514704, 0.041368780794306344, 0.04836451495975412], [0.12253846774686965, 0.44824152203971845, 0.1573462258425764, 0.2718737842708355], [0.24675337213055507, 0.20140074791684626, 0.13207950090278137, 0.41976637894981733]], "ideal": "D", "sampled": "C", "correct": false}}
{"type": "result", "data": {"idx": 76, "options": ["True, True", "True, False", "False, True", "False, False"], "probs": [[0.16118801888421574, 0.5043225212736879, 0.2069817005340646, 0.12750775920803176], [0.2520139160795195, 0.42869686117884176, 0.20569878354775017, 0.11359043909388854], [0.26617374616920936, 0.3417761572589013, 0.287817146036794, 0.10423295043509534], [0.12668702571408294, 0.3609008353990397, 0.36659719194965634, 0.145814946837221]], "ideal": "D", "sampled": "B", "correct": false}}
{"type": "result", "data": {"idx": 77, "options": ["2", "1", "0", "-1"], "probs": [[0.10206848686116939, 0.12121454241299075, 0.3047305436047327, 0.47198642702110716], [0.2181237456263967, 0.2147522983522195, 0.15958843885869653, 0.40753551706268726], [0.26375637863881063, 0.2679213423507905, 0.11888717895229825, 0.3494350999581006], [0.25442484776887714, 0.1592219966258924, 0.16686030227841175, 0.4194928532268187]], "ideal": "C", "sampled": "C", "correct": true}}
