{"type": "result", "data": {"idx": 0, "options": ["10%", "20%", "40%", "80%"], "probs": [[0.04552140340256773, 0.36942683683371325, 0.3311504336932961, 0.25390132597042286], [0.04967141282907976, 0.586514384893957, 0.2369726632274471, 0.1268415389495161], [0.07275062852929672, 0.7463360483670153, 0.10585282820785116, 0.07506049479583687], [0.05556434019903309, 0.30991750050409034, 0.3567117095412141, 0.2778064496556624]], "ideal": "C", "sampled": "D", "correct": false}}
{"type": "result", "data": {"idx": 1, "options": ["About $300", "About $3k", "About $8k", "About $15k"], "probs": [[0.1595514892870998, 0.12043783668392197, 0.22855068314964094, 0.4914599907793373], [0.11126928527744323, 0.055950740985225796, 0.11844694397666973, 0.7143330296606613], [0.13234117872325102, 0.05872739587746757, 0.2936188036956349, 0.5153126216036464], [0.21647333696982216, 0.13976796146043724, 0.15592192480458356, 0.487836776665157]], "ideal": "B", "sampled": "A", "correct": false}}
{"type": "result", "data": {"idx": 2, "options": ["52%", "62%", "72%", "82%"], "probs": [[0.13554393637863651, 0.47309980656989903, 0.22001204399000693, 0.17134421296145752], [0.14525421828094257, 0.49913355697966516, 0.20806973920587635, 0.14754248543351592], [0.11512669260488069, 0.349121304932501, 0.36020392444259935, 0.17554807792001897], [0.14615160660926113, 0.45018423940758917, 0.21600065276848895, 0.1876635011146607]], "ideal": "C", "sampled": "A", "correct": false}}
{"type": "result", "data": {"idx": 3, "options": ["China", "United States", "Germany", "Japan"], "probs": [[0.08799865995966615, 0.19221121272086553, 0.4985616468359053, 0.22122848038356302], [0.0071136876285209085, 0.05015716611326017, 0.039676944162878064, 0.9030522019953409], [0.024353967024496194, 0.044100335001061385, 0.5900535352103365, 0.34149216266410587], [0.04139641702801588, 0.22379501328461832, 0.25358957238633895, 0.48121899720102684]], "ideal": "A", "sampled": "A", "correct": true}}
{"type": "result", "data": {"idx": 4, "options": ["by 5 fold", "by 10 fold", "by 15 fold", "by 20 fold"], "probs": [[0.08991456441000376, 0.2857530606344296, 0.2902540456118736, 0.33407832924369296], [0.07236900233773651, 0.24482661665633776, 0.3094890438417729, 0.3733153370641528], [0.09431418213412672, 0.32919378103339214, 0.32409132572203514, 0.252400711010446], [0.08117121537049986, 0.23123856971615628, 0.3063413249413206, 0.38124888987202327]], "ideal": "C", "sampled": "D", "correct": false}}
{"type": "result", "data": {"idx": 5, "options": ["Lower respiratory infections", "Preterm birth complications", "Diarrheal diseases", "Malaria"], "probs": [[0.9013090002788744, 0.07875527775621738, 0.01625228807192254, 0.00368343379298567], [0.013585062999821106, 0.9230886307126016, 0.01664491593622672, 0.04668139025135058], [0.6811867228738253, 0.18049642105651173, 0.0517137897761273, 0.08660306619353568], [0.004264072781743957, 0.9801725883838956, 0.006814028284109137, 0.00874931045025124]], "ideal": "A", "sampled": "A", "correct": true}}
{"type": "result", "data": {"idx": 6, "options": ["10%", "20%", "30%", "40%"], "probs": [[0.05758094864954891, 0.20735851060212585, 0.3161840089834358, 0.4188765316648894], [0.0780528497327722, 0.2189073147988059, 0.2810825151085288, 0.42195732025989313], [0.053856779800949155, 0.20645626300599537, 0.44395191137774287, 0.2957350457153126], [0.061189812660514174, 0.3928252282573001, 0.18268033043642434, 0.3633046285457614]], "ideal": "C", "sampled": "A", "correct": false}}
{"type": "result", "data": {"idx": 7, "options": ["29%", "49%", "69%", "89%"], "probs": [[0.055413053043881916, 0.34479897928060194, 0.2858476564106629, 0.3139403111648532], [0.06490988525508508, 0.4435927436650538, 0.2095368135338404, 0.28196055744602067], [0.08286630237963187, 0.7271422634717519, 0.07313034573761946, 0.11686108831099674], [0.1058818807391038, 0.39960290489064226, 0.09491317364692858, 0.3996020406233253]], "ideal": "C", "sampled": "D", "correct": false}}
{"type": "result", "data": {"idx": 8, "options": ["18%", "38%", "58%", "78%"], "probs": [[0.03193312570008796, 0.23967580941299088, 0.4206439334598485, 0.30774713132707265], [0.04679986200014426, 0.3624165749327199, 0.35679457574525375, 0.2339889872218821], [0.05332159960655813, 0.7134553049116898, 0.07403167060222897, 0.159191424779523], [0.13164161144370687, 0.27437162396548276, 0.1690337806771045, 0.4249529838137059]], "ideal": "C", "sampled": "D", "correct": false}}
{"type": "result", "data": {"idx": 9, "options": ["11%", "26%", "41%", "56%"], "probs": [[0.06130760192401803, 0.2541167593800545, 0.38748408175012966, 0.2970915568457978], [0.05324124425323066, 0.2833644386090594, 0.45281757887802754, 0.2105767381596824], [0.09541093272772197, 0.6319705654951601, 0.12251375994310236, 0.15010474173401564], [0.11226385161565547, 0.1419181142952315, 0.3351655402345744, 0.4106524937545386]], "ideal": "B", "sampled": "D", "correct": false}}
{"type": "result", "data": {"idx": 10, "options": ["23%", "38%", "53%", "68%"], "probs": [[0.09630306494627767, 0.26590503448144565, 0.36344792079783533, 0.27434397967444135], [0.15108183389271704, 0.2867131317333913, 0.3052007626287344, 0.25700427164515727], [0.16203466497644667, 0.4544498567662998, 0.22147899523892464, 0.16203648291832887], [0.3118359492680915, 0.26673230923626273, 0.16691608974033498, 0.25451565165531076]], "ideal": "D", "sampled": "D", "correct": true}}
{"type": "result", "data": {"idx": 11, "options": ["5%", "10%", "15%", "25%"], "probs": [[0.09366319419966045, 0.14506940349106306, 0.3480037165535522, 0.41326368565572424], [0.10093346161925668, 0.12366745527589848, 0.301333991398078, 0.47406509160676685], [0.08839437912129204, 0.15758137051121046, 0.4151719715365152, 0.3388522787309823], [0.10391579722193524, 0.2269750867106301, 0.30069309918098425, 0.3684160167864504]], "ideal": "B", "sampled": "A", "correct": false}}
{"type": "result", "data": {"idx": 12, "options": ["2%", "4%", "9%", "18%"], "probs": [[0.0887451481260047, 0.2301895245118012, 0.2955695378663907, 0.3854957893958034], [0.09644352715573522, 0.2834662219856799, 0.28346607297406684, 0.33662417778451803], [0.10867681434168054, 0.397527459205627, 0.24111271081772856, 0.2526830155349639], [0.12236196150408106, 0.4993173031889343, 0.09381879958932385, 0.2845019356176608]], "ideal": "C", "sampled": "D", "correct": false}}
{"type": "result", "data": {"idx": 13, "options": ["minimum wage legislation", "land reform", "progressive taxation", "increased access to education"], "probs": [[0.011710294139461891, 0.22797516733071813, 0.024406590632301467, 0.7359079477975186], [0.016553063221441365, 0.025240572590027117, 0.8358958502825086, 0.12231051380602294], [0.011293964648692574, 0.05826007299351104, 0.1006633432592559, 0.8297826189985404], [0.004328860461391666, 0.01464444937654807, 0.9495363121307216, 0.031490377931338596]], "ideal": "A", "sampled": "B", "correct": false}}
{"type": "result", "data": {"idx": 14, "options": ["36%", "56%", "76%", "96%"], "probs": [[0.07218717621616715, 0.5418007848212549, 0.16015699146225626, 0.22585504740032167], [0.0958963320174831, 0.48700823649352054, 0.13523770665905965, 0.2818577247299367], [0.07207658778786234, 0.42794370009279875, 0.23633272591354357, 0.26364698610579534], [0.07388983115635779, 0.45263647636443416, 0.18576158687391042, 0.28771210550529763]], "ideal": "B", "sampled": "B", "correct": true}}
{"type": "result", "data": {"idx": 15, "options": ["6%", "13%", "27%", "46%"], "probs": [[0.025228875084310137, 0.14979246452544878, 0.37073961379988746, 0.4542390464903536], [0.02947324152544914, 0.30236122121753084, 0.43993279497371407, 0.22823274218330594], [0.04426144841065542, 0.7724008616956611, 0.08666111592574395, 0.09667657386793943], [0.05446246103509644, 0.0830464636288547, 0.30377103970079644, 0.5587200355352524]], "ideal": "B", "sampled": "D", "correct": false}}
{"type": "result", "data": {"idx": 16, "options": ["34%", "49%", "64%", "79%"], "probs": [[0.13043281823382252, 0.3383209507818739, 0.2718480310122925, 0.25939819987201107], [0.11089843343794778, 0.4669125323155592, 0.22755349866912006, 0.19463553547737297], [0.1675061782283819, 0.575597541739528, 0.12644192951970282, 0.1304543504123872], [0.1970950843438056, 0.30053759807099006, 0.19709723011088942, 0.30527008737431494]], "ideal": "A", "sampled": "D", "correct": false}}
{"type": "result", "data": {"idx": 17, "options": ["62%", "72%", "82%", "92%"], "probs": [[0.10778600962393992, 0.483073513528234, 0.20776764020706945, 0.20137283654075658], [0.10600666068884669, 0.5730823532316789, 0.13193007515958446, 0.18898091081989002], [0.1084175524478751, 0.42880819945791243, 0.2368098575590712, 0.2259643904351413], [0.09798503593131774, 0.36979871709077006, 0.22081592512294898, 0.3114003217549632]], "ideal": "C", "sampled": "C", "correct": true}}
{"type": "result", "data": {"idx": 18, "options": ["About $3k", "About $8k", "About $15k", "About $30k"], "probs": [[0.17127033086704144, 0.16089639545549503, 0.23047342090904951, 0.437359852668414], [0.12356188147024498, 0.10735472290634446, 0.12164802848076275, 0.6474353670426478], [0.15166488627313857, 0.08916107763563494, 0.306378550194379, 0.4527954857968475], [0.14238597981645784, 0.08636323683453379, 0.24221149986838245, 0.5290392833806259]], "ideal": "C", "sampled": "A", "correct": false}}
{"type": "result", "data": {"idx": 19, "options": ["55,000", "550,000", "5,500,000", "55,000,000"], "probs": [[0.06224313399367948, 0.21388329427791616, 0.14247701472895094, 0.5813965568994534], [0.3924847826249135, 0.3518227325332653, 0.05833803467488276, 0.19735445006693847], [0.10168779791899596, 0.09703177357287116, 0.08430258309449014, 0.7169778453136427], [0.09156737271002595, 0.10056799424399597, 0.18210462816984913, 0.6257600047761289]], "ideal": "B", "sampled": "B", "correct": true}}
{"type": "result", "data": {"idx": 20, "options": ["25%", "45%", "65%", "85%"], "probs": [[0.09808151481732902, 0.35321709424739506, 0.24658261767848744, 0.3021187731567885], [0.11134077109739916, 0.4335642858802906, 0.17517083098459177, 0.2799241119377185], [0.11464605246735783, 0.4326903715009597, 0.18609520132894428, 0.26656837460273825], [0.11081165074194008, 0.3867897390932485, 0.16635233162170096, 0.33604627844311047]], "ideal": "A", "sampled": "C", "correct": false}}
{"type": "result", "data": {"idx": 21, "options": ["24%", "44%", "64%", "84%"], "probs": [[0.06332554431648804, 0.40024413163518424, 0.23899749518785443, 0.2974328287604733], [0.07086008410952628, 0.5236231361205429, 0.1838063991381063, 0.2217103805318245], [0.0834341461955932, 0.7553827452306175, 0.057345346985987686, 0.10383776148780156], [0.1466037747131362, 0.4048026709270389, 0.102348332789401, 0.34624522147042386]], "ideal": "A", "sampled": "D", "correct": false}}
{"type": "result", "data": {"idx": 22, "options": ["25%", "40%", "55%", "75%"], "probs": [[0.12844754945614267, 0.4278088573357147, 0.2762132923954674, 0.16753030071267522], [0.15446852255094415, 0.4265232598483278, 0.21114158230622945, 0.20786663519449858], [0.1623338613645349, 0.40812214536261954, 0.2594157523179736, 0.1701282408548719], [0.15654720131162148, 0.49752037970931556, 0.1541228122240735, 0.19180960665498945]], "ideal": "D", "sampled": "A", "correct": false}}
{"type": "result", "data": {"idx": 23, "options": ["8%", "16%", "32%", "64%"], "probs": [[0.1046635744071501, 0.461804123963183, 0.20492412416530073, 0.22860817736436614], [0.15417277351945366, 0.5055204478735718, 0.13605929504287737, 0.20424748346409724], [0.17319561668389308, 0.6237108157227897, 0.09126909144255592, 0.11182447605076129], [0.27488628436686924, 0.2623017171105957, 0.1747305270069529, 0.28808147141558216]], "ideal": "B", "sampled": "D", "correct": false}}
{"type": "result", "data": {"idx": 24, "options": ["males are more likely to have depression and are more likely to have an alcohol use disorder than females.", "females are more likely to have depression and are more likely to have an alcohol use disorder than males.", "males are more likely than females to have depression while females are more likely than males to have an alcohol use disorder.", "females are more likely than males to have depression while males are more likely than females to have an alcohol use disorder."], "probs": [[0.42482682741784483, 0.37491550758520115, 0.10091458184816662, 0.09934308304878739], [0.33347611870688054, 0.31821518421980316, 0.09261061788294574, 0.25569807909037057], [0.30844530460134234, 0.3662999271980197, 0.16771189866773045, 0.15754286943290752], [0.1850667529397949, 0.5110141862871229, 0.1354083777266208, 0.16851068294646132]], "ideal": "D", "sampled": "A", "correct": false}}
{"type": "result", "data": {"idx": 25, "options": ["37%", "47%", "57%", "67%"], "probs": [[0.08832462262707778, 0.3836709615751533, 0.3439192822815668, 0.18408513341620206], [0.07997322081719799, 0.5638786553772669, 0.22429393229625805, 0.13185419140927704], [0.11314682324151751, 0.4914936574356903, 0.2630773406040644, 0.1322821786187278], [0.12439471763638268, 0.46218843521814373, 0.20832375403929618, 0.2050930930061774]], "ideal": "D", "sampled": "C", "correct": false}}
{"type": "result", "data": {"idx": 26, "options": ["1%", "3%", "6%", "10%"], "probs": [[0.06890169479082169, 0.26829662716464964, 0.26004159254184506, 0.4027600854026836], [0.09026448971029387, 0.24537476346330603, 0.2269324013304484, 0.4374283453959517], [0.10484201069461391, 0.2850003136036785, 0.2554724121034819, 0.35468526349822566], [0.09035325996463804, 0.22715764253157428, 0.23073192454203176, 0.45175717286175593]], "ideal": "D", "sampled": "C", "correct": false}}
{"type": "result", "data": {"idx": 27, "options": ["23%", "43%", "63%", "83%"], "probs": [[0.07607931124639605, 0.28267259245288673, 0.2782903992341939, 0.3629576969665233], [0.10972815087627921, 0.4272674055511707, 0.1647258711048585, 0.29827857236769156], [0.13619416678325857, 0.4195143657069039, 0.17763352490379022, 0.26665794250604724], [0.1340192596188058, 0.25833363108238006, 0.15425733189999252, 0.45338977729882163]], "ideal": "C", "sampled": "C", "correct": true}}
{"type": "result", "data": {"idx": 28, "options": ["10%", "30%", "50%", "70%"], "probs": [[0.04564317924391233, 0.29302038866270774, 0.3023215143878479, 0.35901491760553206], [0.07525077685708634, 0.2840012694313621, 0.25858468585363087, 0.38216326775792064], [0.05878485124979583, 0.593718363144892, 0.14549628223878167, 0.20200050326653052], [0.08774118019779782, 0.22758772252727283, 0.41859628671877064, 0.2660748104561587]], "ideal": "D", "sampled": "D", "correct": true}}
{"type": "result", "data": {"idx": 29, "options": ["26%", "41%", "56%", "71%"], "probs": [[0.11458829044149832, 0.31639164683039084, 0.3264357149274547, 0.24258434770065612], [0.11657542510247157, 0.30714155613427574, 0.348037407424697, 0.22824561123855566], [0.13744306824235955, 0.4167964979473343, 0.24888149656416186, 0.1968789371461443], [0.17651656531292173, 0.37368977622959, 0.2231406751519919, 0.22665298320549637]], "ideal": "C", "sampled": "D", "correct": false}}
{"type": "result", "data": {"idx": 30, "options": ["690 million", "6.9 billion", "69 billion", "690 billion"], "probs": [[0.13623345321208422, 0.6811299982591945, 0.05859399500471813, 0.12404255342400311], [0.516783170100283, 0.2639471550923813, 0.029155030409236452, 0.19011464429809924], [0.5049712877237016, 0.1691439919642349, 0.014779730528625284, 0.31110498968343825], [0.10196684451822276, 0.06481471753686299, 0.2644842604206404, 0.5687341774242739]], "ideal": "C", "sampled": "B", "correct": false}}
{"type": "result", "data": {"idx": 31, "options": ["9%", "29%", "59%", "79%"], "probs": [[0.07044136796207905, 0.25367294038488564, 0.2829917777275722, 0.39289391382546307], [0.06405713742628844, 0.24175394839817935, 0.16615390152370357, 0.5280350125518286], [0.06401281058148171, 0.12533272801576414, 0.48045024270975223, 0.3302042185930019], [0.04336474868720849, 0.3204298960505825, 0.19133602074089434, 0.4448693344213147]], "ideal": "A", "sampled": "A", "correct": true}}
{"type": "result", "data": {"idx": 32, "options": ["31%", "51%", "71%", "91%"], "probs": [[0.06754338539332082, 0.3767342454791559, 0.2843733642897736, 0.27134900473774964], [0.0723754981655858, 0.5183463057480496, 0.16057550785891178, 0.24870268812745275], [0.10934821759594236, 0.5911419523171461, 0.14040783360107972, 0.1591019963858318], [0.11197880404115196, 0.40325858283647753, 0.12888855942789024, 0.35587405359448027]], "ideal": "B", "sampled": "C", "correct": false}}
{"type": "result", "data": {"idx": 33, "options": ["by 4 fold", "by 8 fold", "by 16 fold", "by 32 fold"], "probs": [[0.07354986666897557, 0.2567186355334102, 0.3400980531829244, 0.32963344451468984], [0.06066865947227003, 0.4211312045720253, 0.3129587629291934, 0.20524137292651132], [0.05934196750923074, 0.7229421926157951, 0.11987660154191056, 0.09783923823306365], [0.1236509531612723, 0.2204336076754435, 0.23101249334886226, 0.42490294571442194]], "ideal": "C", "sampled": "D", "correct": false}}
{"type": "result", "data": {"idx": 34, "options": ["1", "7", "13", "19"], "probs": [[0.1294930577148644, 0.3631795942420176, 0.24573922154830205, 0.26158812639481593], [0.14400338278776045, 0.3853816263907943, 0.165750749351679, 0.3048642413697662], [0.12184060526468408, 0.4058001343351214, 0.18007218687463536, 0.29228707342555915], [0.16288331392094824, 0.35026124638185924, 0.19647793762623364, 0.2903775019709589]], "ideal": "D", "sampled": "C", "correct": false}}
{"type": "result", "data": {"idx": 35, "options": ["59%", "69%", "79%", "89%"], "probs": [[0.16104603872524095, 0.4660059551719583, 0.20678921556917632, 0.16615879043362444], [0.1889879340782095, 0.5137268533964902, 0.16940905909374793, 0.12787615333155242], [0.20611863404901115, 0.45020816693237725, 0.19977863727991874, 0.14389456163869285], [0.18296462295609928, 0.3754216730219213, 0.21390922365433693, 0.22770448026764245]], "ideal": "D", "sampled": "C", "correct": false}}
{"type": "result", "data": {"idx": 36, "options": ["Earthquakes", "Volcanic activity", "Wildfires", "Floods"], "probs": [[0.15025259888724343, 0.19292612803123127, 0.09854305754830353, 0.5582782154332218], [0.14970412402729846, 0.1568881226356461, 0.10129987890601799, 0.5921078743310374], [0.08704373628716272, 0.08569406355182986, 0.12085283341627524, 0.7064093666447322], [0.14524817898156664, 0.16458572936157798, 0.17520948274795942, 0.5149566088088959]], "ideal": "D", "sampled": "B", "correct": false}}
{"type": "result", "data": {"idx": 37, "options": ["15%", "35%", "55%", "75%"], "probs": [[0.044113683619526826, 0.3751837242916603, 0.3062148632880516, 0.27448772870076127], [0.07694930296064635, 0.5096931164764161, 0.1530357392298572, 0.2603218412330802], [0.10220761655837032, 0.4303225883939938, 0.2610020462235695, 0.20646774872406645], [0.07379409780053607, 0.3205557512999257, 0.23088534518086762, 0.3747648056186706]], "ideal": "B", "sampled": "C", "correct": false}}
{"type": "result", "data": {"idx": 38, "options": ["by 4 fold", "by 8 fold", "by 16 fold", "by 32 fold"], "probs": [[0.08005138515166153, 0.26661691663428044, 0.32666638549878396, 0.32666531261527404], [0.07459964658020725, 0.4096404344152088, 0.2859748622934265, 0.22978505661115745], [0.08307958269659996, 0.6333748603220974, 0.16266488784914443, 0.12088066903215818], [0.13515821097929728, 0.2447419911378259, 0.22283972797549587, 0.39726006980738093]], "ideal": "D", "sampled": "D", "correct": true}}
{"type": "result", "data": {"idx": 39, "options": ["36%", "51%", "66%", "81%"], "probs": [[0.1453479614915912, 0.28016926525230523, 0.2715487939770943, 0.3029339791790092], [0.13367428481766255, 0.30599073940394445, 0.23460931632300486, 0.3257256593553881], [0.12642116843389872, 0.34365317222019703, 0.3080480992485989, 0.22187755999730535], [0.09522300425463133, 0.37662015203241667, 0.23939319487636165, 0.28876364873659033]], "ideal": "C", "sampled": "A", "correct": false}}
{"type": "result", "data": {"idx": 40, "options": ["81%", "86%", "91%", "96%"], "probs": [[0.09843837835543359, 0.49991588661722597, 0.228880071202877, 0.17276566372446342], [0.09521320035638561, 0.4402674239314071, 0.22138090929942741, 0.24313846631277988], [0.07205753826417326, 0.2515075225243855, 0.49242893223330125, 0.18400600687813998], [0.08398927747363384, 0.4470067321807174, 0.27973031994883363, 0.18927367029681513]], "ideal": "B", "sampled": "A", "correct": false}}
{"type": "result", "data": {"idx": 41, "options": ["26%", "46%", "66%", "86%"], "probs": [[0.08257422725222584, 0.31654680393847334, 0.2793502301182473, 0.3215287385910535], [0.08284265855775325, 0.3598641588873474, 0.23971875902545708, 0.31757442342944225], [0.0895269397380433, 0.641180419901731, 0.10969233175359214, 0.1596003085066335], [0.11572341102440895, 0.3794523605569669, 0.11939855875079414, 0.38542566956783003]], "ideal": "A", "sampled": "D", "correct": false}}
{"type": "result", "data": {"idx": 42, "options": ["Brazil", "China", "Mexico", "Iran"], "probs": [[0.12880421789776048, 0.36693425869448526, 0.11366884070485085, 0.3905926826029034], [0.11145805649431118, 0.34872466582092765, 0.20182413011130163, 0.33799314747345954], [0.12136142609275645, 0.40419804744703247, 0.12327144946958146, 0.3511690768906296], [0.12457565405125953, 0.3837234801985984, 0.13681873066165495, 0.3548821349884871]], "ideal": "C", "sampled": "D", "correct": false}}
{"type": "result", "data": {"idx": 43, "options": ["1.2 million", "2.4 million", "3.6 million", "4.8 million"], "probs": [[0.17444270258080533, 0.4250578373176573, 0.2205188905353695, 0.17998056946616792], [0.17952734917719906, 0.3800616392085631, 0.23052077452675518, 0.2098902369874826], [0.22979545248541855, 0.4360761279016348, 0.17619205746986774, 0.15793636204307893], [0.23523563845295664, 0.31163723202322574, 0.23894212359608313, 0.21418500582773448]], "ideal": "A", "sampled": "D", "correct": false}}
{"type": "result", "data": {"idx": 44, "options": ["Diarrheal diseases", "Diabetes", "Dementia", "Road injuries"], "probs": [[0.5724978851604907, 0.30168586121474594, 0.02476426016485759, 0.10105199335990578], [0.04145988433594698, 0.06421501164906185, 0.5130610446377344, 0.3812640592772568], [0.06796798159968652, 0.6653417397768175, 0.1036426507104306, 0.16304762781306534], [0.14718287304462166, 0.8338505723923718, 0.009409278069432722, 0.00955727639357383]], "ideal": "C", "sampled": "A", "correct": false}}
{"type": "result", "data": {"idx": 45, "options": ["3 million", "14 million", "42 million", "124 million"], "probs": [[0.07901904554577387, 0.21818176912163426, 0.35414465466747275, 0.34865453056511914], [0.0927592856858884, 0.4222709474931544, 0.17602919779817566, 0.3089405689227815], [0.24303438894949309, 0.592196336445652, 0.05174609196046957, 0.11302318254438537], [0.14058394076514721, 0.18335808414521576, 0.16181308993945198, 0.5142448850501851]], "ideal": "C", "sampled": "C", "correct": true}}
{"type": "result", "data": {"idx": 46, "options": ["26%", "46%", "66%", "86%"], "probs": [[0.07430683876059584, 0.47703829758342803, 0.181062759299819, 0.26759210425615715], [0.0872657947015397, 0.5021965802522919, 0.15802119122481798, 0.2525164337213505], [0.06827712160079065, 0.6580109693645706, 0.13578719101661352, 0.13792471791802527], [0.09840218196724217, 0.4078779013317768, 0.1809921304922339, 0.3127277861087471]], "ideal": "A", "sampled": "D", "correct": false}}
{"type": "result", "data": {"idx": 47, "options": ["25%", "45%", "65%", "85%"], "probs": [[0.12436693905540389, 0.28468134996428396, 0.32766577598156144, 0.26328593489875074], [0.14675364512205977, 0.34659303145560516, 0.2828787992385989, 0.22377452408373621], [0.1501499093896516, 0.3716293517630799, 0.27617096486651427, 0.20204977388075432], [0.12628768383193759, 0.3486959933885923, 0.2359385639193154, 0.28907775876015473]], "ideal": "B", "sampled": "C", "correct": false}}
{"type": "result", "data": {"idx": 48, "options": ["6%", "16%", "36%", "66%"], "probs": [[0.06763340139780975, 0.32774789847311625, 0.2717111550147179, 0.3329075450143561], [0.07658808389065208, 0.3711435419631521, 0.19254529131783568, 0.3597230827283601], [0.08556967952858917, 0.683671234449514, 0.08967731835446172, 0.14108176756743507], [0.13024696900506164, 0.17802994216732984, 0.3485636762712077, 0.3431594124564008]], "ideal": "C", "sampled": "D", "correct": false}}
{"type": "result", "data": {"idx": 49, "options": ["43%", "58%", "73%", "88%"], "probs": [[0.10290937376350635, 0.49096034747283873, 0.22831822160685394, 0.17781205705680095], [0.1384060598231395, 0.46097356309014864, 0.21437281580373801, 0.1862475611829738], [0.14331936834809483, 0.45547577734207145, 0.2437987029308661, 0.15740615127896765], [0.11849953105975869, 0.3946701791688359, 0.25481785670149987, 0.23201243296990554]], "ideal": "B", "sampled": "C", "correct": false}}
{"type": "result", "data": {"idx": 50, "options": ["0.50%", "2%", "6%", "12%"], "probs": [[0.058778249159375885, 0.21167892373232408, 0.3278493011254741, 0.4016935258828259], [0.05974007975920453, 0.15496715912590275, 0.39571405305692187, 0.38957870795797084], [0.08078395875420816, 0.39765126990466687, 0.26078403964951646, 0.26078073159160853], [0.11766759392684911, 0.17390935250800238, 0.2912379822681029, 0.4171850711970457]], "ideal": "B", "sampled": "D", "correct": false}}
{"type": "result", "data": {"idx": 51, "options": ["strongly supported by most studies", "supported mainly by cross-section, not time-series studies", "supported mainly by time-series, not cross-section studies", "generally repudiated by empirical studies"], "probs": [[0.16959883776395793, 0.4330972561730153, 0.2354692439639312, 0.16183466199909552], [0.20825029348363483, 0.5317991017077633, 0.11681986376159827, 0.14313074094700348], [0.2147238483334874, 0.5071205685198038, 0.15957216021209256, 0.11858342283461626], [0.17743403943442138, 0.39366751318709, 0.22783504084700323, 0.2010634064314854]], "ideal": "B", "sampled": "C", "correct": false}}
{"type": "result", "data": {"idx": 52, "options": ["12 years", "9 years", "6 years", "3 years"], "probs": [[0.10405318127863628, 0.4736983336422502, 0.23086019660130636, 0.1913882883778071], [0.10301165489506585, 0.3949016424297409, 0.2471202780816053, 0.254966424493588], [0.08827699193804883, 0.3659106274530575, 0.34373972747824033, 0.2020726530306533], [0.06900987131218246, 0.4227518799888319, 0.3292363930795629, 0.1790018555194228]], "ideal": "B", "sampled": "A", "correct": false}}
{"type": "result", "data": {"idx": 53, "options": ["0.90%", "1.80%", "3.60%", "7.20%"], "probs": [[0.12477437312566439, 0.2600583116445783, 0.23678648293044732, 0.37838083219930996], [0.12175417780965582, 0.197633029483113, 0.24214478015076196, 0.4384680124564692], [0.1473649056188975, 0.24296821693325937, 0.2976913274412888, 0.31197554990655435], [0.16622293988523806, 0.29632892318596726, 0.20687065399990093, 0.33057748282889377]], "ideal": "D", "sampled": "A", "correct": false}}
{"type": "result", "data": {"idx": 54, "options": ["14%", "24%", "34%", "44%"], "probs": [[0.10098802440420065, 0.26194633469666195, 0.3259977503690312, 0.3110678904301062], [0.14021366833238366, 0.28324839469938207, 0.3062621950796948, 0.2702757417885394], [0.13183555709977504, 0.3366613187059079, 0.33666081206645754, 0.1948423120278595], [0.1197144359124109, 0.30096880719665065, 0.2783498271406679, 0.3009669296502705]], "ideal": "A", "sampled": "D", "correct": false}}
{"type": "result", "data": {"idx": 55, "options": ["60%", "75%", "90%", "45%"], "probs": [[0.09233411732879288, 0.3709501755931984, 0.2432723681412685, 0.29344333883674023], [0.06389099549283424, 0.16572326913974267, 0.4795344912387562, 0.2908512440286669], [0.049479256757475554, 0.33289324861908043, 0.2847368983110262, 0.3328905962124178], [0.09758421486879429, 0.30058633382335503, 0.2868206117217832, 0.3150088394860675]], "ideal": "B", "sampled": "D", "correct": false}}
{"type": "result", "data": {"idx": 56, "options": ["50%", "60%", "70%", "80%"], "probs": [[0.11453766607669522, 0.28795160553176363, 0.25017620992351275, 0.3473345183680284], [0.09889109661009185, 0.2906622734774864, 0.2372302885070736, 0.37321634130534814], [0.07833024625202778, 0.2450764105946198, 0.3855588618858879, 0.29103448116746455], [0.08483109256511906, 0.33031661791701816, 0.24933522561687851, 0.3355170638009842]], "ideal": "D", "sampled": "A", "correct": false}}
{"type": "result", "data": {"idx": 57, "options": ["2%", "25%", "50%", "75%"], "probs": [[0.05982883528679463, 0.3665138778345889, 0.22935501839232778, 0.34430226838628875], [0.08345514100905947, 0.4373113079420257, 0.17394751956614043, 0.3052860313827744], [0.06582023702573322, 0.7076809141941153, 0.07816651171533993, 0.14833233696481163], [0.15907147525150314, 0.32641401883675863, 0.16158255933099444, 0.3529319464807438]], "ideal": "D", "sampled": "D", "correct": true}}
{"type": "result", "data": {"idx": 58, "options": ["no nation has been able to grow in the past years.", "the Democratic Republic of Congo has become poorer than it initially was in 1980.", "some countries have had relatively significant growth rates.", "some countries have had relatively significant growth rates, but the Democratic Republic of Congo has become poorer than it initially was in 1980."], "probs": [[0.04060259406106382, 0.07949828232575175, 0.3852382901298364, 0.49466083338334804], [0.08753400071782726, 0.19726462345920015, 0.5116756862889074, 0.2035256894340652], [0.302743031656261, 0.49914411082336174, 0.07190946113816366, 0.12620339628221358], [0.3196499454864127, 0.2129341087763695, 0.3402675187088017, 0.1271484269284161]], "ideal": "C", "sampled": "D", "correct": false}}
{"type": "result", "data": {"idx": 59, "options": ["15.50%", "34.80%", "48.10%", "65.20%"], "probs": [[0.1307833253066585, 0.4028542817512056, 0.22953858505301697, 0.23682380778911896], [0.15059033851650938, 0.32893337325740524, 0.2561735992097862, 0.26430268891629916], [0.15274178172946443, 0.40877525841567713, 0.17040277287460512, 0.2680801868802533], [0.18167856604545327, 0.30426523539756756, 0.2191529455435609, 0.2949032529134183]], "ideal": "B", "sampled": "D", "correct": false}}
{"type": "result", "data": {"idx": 60, "options": ["5 million", "30 million", "150 million", "500 million"], "probs": [[0.03291105814420944, 0.18645612685243218, 0.35383098918575406, 0.42680182571760433], [0.06784562968069248, 0.3392129641197549, 0.1505242183810217, 0.44241718771853095], [0.1780357360661808, 0.4690682887561938, 0.12429092823216166, 0.22860504684546376], [0.07858579663582918, 0.14009642703992192, 0.1914879693755348, 0.5898298068487141]], "ideal": "C", "sampled": "C", "correct": true}}
{"type": "result", "data": {"idx": 61, "options": ["Colombia, Peru, Uruguay, and Costa Rica.", "Bhutan, Niger, Cambodia, and Costa Rica.", "Uruguay, Costa Rica, Timor-Leste, and Pakistan.", "Bhutan, Cambodia, Uruguay and Costa Rica."], "probs": [[0.18283054775646537, 0.41207377346429475, 0.21045730143043767, 0.19463837724880215], [0.2647677351837045, 0.5783460714151303, 0.10866697091019162, 0.04821922239097358], [0.553835165903509, 0.3689386628707064, 0.03710568406298032, 0.0401204870628042], [0.38733820277567244, 0.40595282329889154, 0.04773463450594138, 0.15897433931949467]], "ideal": "A", "sampled": "C", "correct": false}}
{"type": "result", "data": {"idx": 62, "options": ["10%", "20%", "40%", "80%"], "probs": [[0.0881911625688474, 0.28027563031453206, 0.2716522989156853, 0.35988090810093515], [0.0883997176886549, 0.29442242443051636, 0.30376783689280157, 0.3134100208880271], [0.11210224358725675, 0.5265288752338937, 0.18773936524080767, 0.17362951583804193], [0.10314634848990158, 0.3656942656673917, 0.21836520189454542, 0.31279418384816127]], "ideal": "B", "sampled": "D", "correct": false}}
{"type": "result", "data": {"idx": 63, "options": ["38%", "58%", "78%", "98%"], "probs": [[0.08812879550343394, 0.44062640904707673, 0.263110116879266, 0.20813467847022332], [0.1401161373864491, 0.5629080416486268, 0.11985038936834616, 0.17712543149657792], [0.12509257718497485, 0.4038123253012301, 0.23738870654611513, 0.23370639086767983], [0.07131395383193775, 0.34558545400198076, 0.23751656857540465, 0.34558402349067685]], "ideal": "C", "sampled": "C", "correct": true}}
{"type": "result", "data": {"idx": 64, "options": ["True, True", "True, False", "False, True", "False, False"], "probs": [[0.10272767470291917, 0.5217073598109567, 0.23515421324966868, 0.1404107521364554], [0.14572753227873997, 0.6232128235553281, 0.14802797357789538, 0.08303167048803649], [0.15340409485635517, 0.47996873493303027, 0.24900962786823572, 0.11761754224237882], [0.08382653939402655, 0.36413668497328383, 0.4392359423425861, 0.11280083319010348]], "ideal": "B", "sampled": "B", "correct": true}}
{"type": "result", "data": {"idx": 65, "options": ["260", "2,600", "26,000", "260,000"], "probs": [[0.05389017508566007, 0.42388158124995273, 0.0916707028858428, 0.4305575406785444], [0.16179720995522878, 0.7028192254838147, 0.037248175448745306, 0.09813538901221122], [0.06829791311838976, 0.08633704225341257, 0.038915059296916826, 0.8064499852312809], [0.03408314818562731, 0.02379399089808081, 0.3284658346213614, 0.6136570261949305]], "ideal": "C", "sampled": "B", "correct": false}}
{"type": "result", "data": {"idx": 66, "options": ["90%", "70%", "50%", "30%"], "probs": [[0.17108468111825367, 0.4950554628576615, 0.11758625374380917, 0.2162736021802756], [0.14158280838606685, 0.3190704989668244, 0.1604377829607157, 0.37890890958639306], [0.0942502971942527, 0.4496553509772393, 0.21914404444553742, 0.2369503072829706], [0.07617299719238756, 0.554134050174745, 0.20069303358972948, 0.16899991894313787]], "ideal": "A", "sampled": "A", "correct": true}}
{"type": "result", "data": {"idx": 67, "options": ["Japan", "Canada", "Russia", "Iran"], "probs": [[0.12846319526278274, 0.2515205776343946, 0.1573987587862075, 0.46261746821661515], [0.11373677933372729, 0.31404027573634163, 0.07817085889817527, 0.4940520859317558], [0.14977538584165087, 0.16708636282203648, 0.15213471649555924, 0.5310035347407533], [0.061837716041648116, 0.18175255708806462, 0.14154891246486093, 0.6148608143054264]], "ideal": "B", "sampled": "C", "correct": false}}
{"type": "result", "data": {"idx": 68, "options": ["59%", "69%", "79%", "89%"], "probs": [[0.15213767599358746, 0.38247760426020105, 0.2508353740223969, 0.21454934562381456], [0.14988631605280736, 0.43371427449930156, 0.2147043368181854, 0.20169507252970573], [0.16437105853364725, 0.34258171829895173, 0.2884832362408132, 0.2045639868265878], [0.16420694939331823, 0.34223967277204387, 0.23521794025903253, 0.25833543747560533]], "ideal": "C", "sampled": "C", "correct": true}}
{"type": "result", "data": {"idx": 69, "options": ["9%", "19%", "39%", "59%"], "probs": [[0.04242140871604716, 0.2899026665243034, 0.34426791015888875, 0.3234080145007607], [0.038590277335007084, 0.3661440856038218, 0.36614161201089795, 0.22912402495027315], [0.04258956521754439, 0.8291345966634308, 0.054686934419825646, 0.07358890359919913], [0.11138340001643923, 0.1522469360061708, 0.35955708947492404, 0.3768125744024659]], "ideal": "B", "sampled": "D", "correct": false}}
{"type": "result", "data": {"idx": 70, "options": ["18%", "38%", "58%", "78%"], "probs": [[0.05283887409707899, 0.33921465906116205, 0.3784232805742256, 0.22952318616753337], [0.07100985568848187, 0.43499862431847985, 0.28527908022049525, 0.20871243967254302], [0.11308155149868593, 0.5653824925714279, 0.15700133641746256, 0.16453461941242356], [0.11823563709546196, 0.4532511722661741, 0.14041038090877886, 0.2881028096295851]], "ideal": "B", "sampled": "C", "correct": false}}
{"type": "result", "data": {"idx": 71, "options": ["24%", "39%", "54%", "69%"], "probs": [[0.08968572728609757, 0.22547317199116865, 0.4212381682407513, 0.2636029323819825], [0.11969000278244579, 0.30564916586276875, 0.3803824242626089, 0.19427840699217658], [0.18253318561476145, 0.47346722916799083, 0.18541052550670256, 0.15858905961054512], [0.24712168414272312, 0.2180879925893608, 0.18080020487885295, 0.3539901182890631]], "ideal": "A", "sampled": "D", "correct": false}}
{"type": "result", "data": {"idx": 72, "options": ["1.5 children per woman", "2.5 children per woman", "3.5 children per woman", "4.5 children per woman"], "probs": [[0.8043677277424757, 0.14197909949586449, 0.01543974051000535, 0.03821343215165451], [0.8676606076444408, 0.08863699833650956, 0.011094340619488106, 0.03260805329956161], [0.8096156911204716, 0.13636123976045147, 0.013714366069562611, 0.04030870294951433], [0.8037697761868435, 0.1054315131659224, 0.031656522654443214, 0.0591421878927908]], "ideal": "B", "sampled": "B", "correct": true}}
{"type": "result", "data": {"idx": 73, "options": ["$300 ", "$1,000 ", "$10,000 ", "$30,000 "], "probs": [[0.040783015511752584, 0.24595741259684542, 0.41190554088388703, 0.30135403090751495], [0.02119459488678315, 0.09648499305169068, 0.4824002293298144, 0.39992018263171175], [0.02926002211717831, 0.3620825584879282, 0.1509390546312778, 0.45771836466361565], [0.05733876195463171, 0.0975380521628688, 0.3797911334441952, 0.46533205233830427]], "ideal": "C", "sampled": "D", "correct": false}}
{"type": "result", "data": {"idx": 74, "options": ["20%", "40%", "60%", "80%"], "probs": [[0.08955907687306258, 0.33276128269740335, 0.23967913923729064, 0.33800050109224344], [0.0956153883781094, 0.37817854248941885, 0.18721144178442786, 0.3389946272480439], [0.12070504664693006, 0.4213150174592452, 0.17290659375925274, 0.285073342034572], [0.07876604225666037, 0.5056700222955873, 0.13191069956095236, 0.2836532357867999]], "ideal": "C", "sampled": "A", "correct": false}}
{"type": "result", "data": {"idx": 75, "options": ["41%", "56%", "71%", "86%"], "probs": [[0.13152830105407576, 0.30581756967500034, 0.2615793904165205, 0.3010747387544033], [0.13384280898062864, 0.3261370311926946, 0.21388438023150363, 0.3261357794951731], [0.11597857709543362, 0.3802877394496173, 0.28705492826701806, 0.21667875508793102], [0.07235194526330477, 0.36743997428796, 0.24097199017463453, 0.3192360901741007]], "ideal": "B", "sampled": "A", "correct": false}}
{"type": "result", "data": {"idx": 76, "options": ["1%", "2%", "4%", "8%"], "probs": [[0.068709368576293, 0.27176077183452507, 0.29383958477716204, 0.36569027471201987], [0.07795127654677321, 0.21523984255515508, 0.3837019886520207, 0.323106892146051], [0.10295459166832728, 0.44723371647741667, 0.22139286003016945, 0.22841883172408659], [0.09725959215307656, 0.24073117375690362, 0.2949443569091194, 0.3670648770809004]], "ideal": "C", "sampled": "D", "correct": false}}
{"type": "result", "data": {"idx": 77, "options": ["US", "Chile", "Ireland", "Spain"], "probs": [[0.12676377404310596, 0.4355879956705693, 0.18158024277092805, 0.2560679874153967], [0.04101442994166604, 0.29373345323198446, 0.0625395935439288, 0.6027125231824207], [0.0719314420100225, 0.1408354744796789, 0.4546255807590032, 0.3326075026512954], [0.054364217479760626, 0.6727248204030778, 0.051070885878023144, 0.22184007613913842]], "ideal": "A", "sampled": "A", "correct": true}}
{"type": "result", "data": {"idx": 78, "options": ["was approximately zero", "exceeded that of high income countries", "exceeded that of Britain during the industrial revolution", "was approximately 3.0% per year"], "probs": [[0.07815534213083701, 0.18458350528357942, 0.15065086590813054, 0.5866102865774531], [0.09256907551555006, 0.06879314034489299, 0.6629716157250236, 0.1756661683145333], [0.013307413623316071, 0.9777052532440643, 0.00438837539483279, 0.004598957637786773], [0.7406368100282089, 0.1552462670198564, 0.05449716698561525, 0.0496197558663194]], "ideal": "C", "sampled": "D", "correct": false}}
