{"type": "result", "data": {"idx": 0, "options": ["Offerings", "Prayers", "Apparitions", "Idols"], "probs": [[0.09014437755993168, 0.09014518222260609, 0.0649286260790036, 0.7547818140384586], [0.01670793583795449, 0.013636722439751763, 0.8704553975234938, 0.09919994409879991], [0.11177240144427876, 0.5249769012853509, 0.1731178436535654, 0.19013285351680498], [0.37294799641438103, 0.42926380673621695, 0.06480875707229723, 0.1329794396771048]], "ideal": "D", "sampled": "D", "correct": true}}
{"type": "result", "data": {"idx": 1, "options": ["Daoism", "Yin-Yang School", "Mengzi", "Humanistic Buddhism"], "probs": [[0.21928101449083412, 0.22624648768060204, 0.27290519662593854, 0.28156730110262534], [0.10240692415389974, 0.1421809462573293, 0.13780508626055085, 0.6176070432282201], [0.0994525603565059, 0.04482770944529994, 0.4744732030849468, 0.38124652701324735], [0.14086129189695834, 0.1453359915270902, 0.40128473639304185, 0.3125179800829096]], "ideal": "B", "sampled": "A", "correct": false}}
{"type": "result", "data": {"idx": 2, "options": ["325 CE", "119 CE", "451 CE", "596 CE"], "probs": [[0.10922224424349236, 0.6484860696829199, 0.10422113194693118, 0.13807055402665655], [0.10211062826431481, 0.11040860157197076, 0.5267305366239576, 0.26075023343975673], [0.0681058297057642, 0.519216879577664, 0.24145817034636827, 0.17121912027020347], [0.2577430788433713, 0.5371848104125349, 0.10413807909022128, 0.10093403155387265]], "ideal": "D", "sampled": "D", "correct": true}}
{"type": "result", "data": {"idx": 3, "options": ["Akitu", "Wag and Thoth", "Bast", "Nehebkau"], "probs": [[0.818977689095565, 0.1217287891466247, 0.02216852390042218, 0.0371249977573881], [0.01218114551219145, 0.024225163084295787, 0.010919094420185021, 0.9526745968833278], [0.022208526314650524, 0.017845179551448948, 0.8871275616457631, 0.07281873238813738], [0.04332597439010653, 0.9119970745126603, 0.016703690464834352, 0.02797326053239877]], "ideal": "A", "sampled": "A", "correct": true}}
{"type": "result", "data": {"idx": 4, "options": ["Zazen", "Tariki", "Kami", "Ikebana"], "probs": [[0.009730295655696823, 0.01707730531361952, 0.01119953423331107, 0.9619928646973726], [0.010904074493113968, 0.00918217921748886, 0.9663433892662533, 0.013570356923143883], [0.022457539615888915, 0.9699622599128306, 0.0029458069974470265, 0.004634393373833511], [0.9924027140191644, 0.005372967005993224, 0.0011988710390343975, 0.0010254478358079665]], "ideal": "D", "sampled": "D", "correct": true}}
{"type": "result", "data": {"idx": 5, "options": ["Harmony and balance", "Devotion and piety", "Love and passion", "Goodwill and love"], "probs": [[0.04789212655589024, 0.947028996159163, 0.0024601075991180967, 0.0026187695858285744], [0.993361717078299, 0.004746198965603528, 0.0006731559847735703, 0.001218927871323858], [0.04450103441176199, 0.08850114396069418, 0.8012294410308408, 0.065768380496703], [0.2606726395353737, 0.09740645836612696, 0.606087113360646, 0.035833788637853296]], "ideal": "A", "sampled": "B", "correct": false}}
{"type": "result", "data": {"idx": 6, "options": ["Shabad", "Khalse", "Nam", "Guru"], "probs": [[0.9486734077382817, 0.0494983893958866, 0.0010766091071077286, 0.0007515936587240189], [0.012145537361503731, 0.0398237725382954, 0.027370412590002776, 0.9206602774101981], [0.017714316452546203, 0.026592393115672176, 0.9374166357071867, 0.018276654624594914], [0.014212045047964477, 0.9808979145350646, 0.0020474468123739403, 0.002842593504597013]], "ideal": "A", "sampled": "A", "correct": true}}
{"type": "result", "data": {"idx": 7, "options": ["Muhammad's miraculous ascent to heaven", "Muhammad's migration to Mecca", "Muhammad's first community in Mecca", "Muhammad's revelations of the Qur'an"], "probs": [[0.9907593986788494, 0.0026972178145375026, 0.0027396940412951487, 0.003803689365317865], [0.007418497595383144, 0.008809697415478287, 0.042028652464130484, 0.9417431524250081], [0.0005182148840318127, 0.0006654014099204649, 0.9973855449734433, 0.0014308386326044016], [0.0043908940822137334, 0.9936738864924257, 0.0008250256280440339, 0.001110193697316474]], "ideal": "A", "sampled": "A", "correct": true}}
{"type": "result", "data": {"idx": 8, "options": ["Laws of Dharma", "Laws of Karma", "Laws of Vishnu", "Laws of Manu"], "probs": [[0.2504765037090231, 0.05676966033078037, 0.1012020684408805, 0.591551767419316], [0.009181313266361969, 0.007493653546412531, 0.9512789528035792, 0.03204608028364629], [0.14368977820129764, 0.4566567437641369, 0.31385170708769883, 0.08580177084686663], [0.9706505692000497, 0.018631376623539923, 0.00936840862091549, 0.001349645455494958]], "ideal": "D", "sampled": "D", "correct": true}}
{"type": "result", "data": {"idx": 9, "options": ["The Holy Book", "The Narrative", "The Recitation", "The Pillars"], "probs": [[0.46860794113623205, 0.19534508008739085, 0.19534516949435402, 0.14070180918202307], [0.03501095188761748, 0.9462810403371539, 0.0034128193050229874, 0.015295188370205631], [0.9601164676877734, 0.0199265813559101, 0.0108338957510155, 0.009123055105301025], [0.05095413478562716, 0.671192844776532, 0.04224252826275783, 0.23561049207508308]], "ideal": "C", "sampled": "C", "correct": true}}
{"type": "result", "data": {"idx": 10, "options": ["Mother of Light", "Father of Goodness", "Ineffable Lover", "Eternal Spirit"], "probs": [[0.13865529619210049, 0.062497812316924646, 0.14759888413259586, 0.6512480072583791], [0.2131457487389199, 0.18231472239419994, 0.35142090551176935, 0.25311862325511075], [0.17056325076304926, 0.22596199808245293, 0.1679200678895877, 0.4355546831649101], [0.1611415349595615, 0.08625407001979468, 0.14444751175106438, 0.6081568831695794]], "ideal": "B", "sampled": "D", "correct": false}}
{"type": "result", "data": {"idx": 11, "options": ["Bushido", "Shinto", "Nichiren", "Soto Zen"], "probs": [[0.015879202632508225, 0.01664135977459433, 0.5176972746331363, 0.44978216285976114], [0.0283472112871874, 0.0301755371006008, 0.9098536475848348, 0.031623603927377064], [0.18339524627704348, 0.6813992616582606, 0.10128079881970752, 0.03392469314498844], [0.7183475004662089, 0.1482395849711413, 0.09874888655671767, 0.03466402790593209]], "ideal": "D", "sampled": "D", "correct": true}}
{"type": "result", "data": {"idx": 12, "options": ["Sangat", "Langar", "Gurdwara", "Panth"], "probs": [[0.0026641486649917117, 0.9940249064706047, 0.0017201062874860917, 0.0015908384769175103], [0.9772397170201614, 0.01935318208721167, 0.0006622303956184621, 0.0027448703970083897], [0.0055579327896586464, 0.0029288308752403558, 0.011951425896298374, 0.9795618103388026], [0.0005300869135416395, 0.006767698715376462, 0.9888460942195203, 0.0038561200515615985]], "ideal": "B", "sampled": "B", "correct": true}}
{"type": "result", "data": {"idx": 13, "options": ["Buddhism", "Daoism", "Confucianism", "Shamanism"], "probs": [[0.04342874721962188, 0.7697970643144018, 0.09338734005215978, 0.09338684831381662], [0.2560798766339073, 0.1732726952273867, 0.5254465223596096, 0.045200905679096334], [0.06535523919783866, 0.22457662572956583, 0.42617607624990345, 0.2838920587226921], [0.08288782119997895, 0.0754704850667886, 0.7864263086218977, 0.055215385011334744]], "ideal": "B", "sampled": "B", "correct": true}}
{"type": "result", "data": {"idx": 14, "options": ["Worship", "Submission", "Obedience", "Faith"], "probs": [[0.026672619255458396, 0.9402458886322274, 0.008795731347835732, 0.024285760664478528], [0.9726500596252624, 0.02434981821915948, 0.001709627701023494, 0.0012904943545545735], [0.0036283324026823494, 0.00392318148439693, 0.0020037577741828746, 0.9904447282387379], [0.0022537970388657987, 0.0028048999873094265, 0.9831322418238199, 0.011809061050004935]], "ideal": "B", "sampled": "B", "correct": true}}
{"type": "result", "data": {"idx": 15, "options": ["Suffering", "Soul", "Impermanence", "No-self"], "probs": [[0.002581672707633465, 0.03563898701917378, 0.2115983230818453, 0.7501810170913474], [0.003717652971725184, 0.01589842965601067, 0.9533398109446322, 0.027044106327632007], [0.0011125504224709973, 0.9957868385323315, 0.0009223393244741724, 0.0021782716207232673], [0.996804133241998, 0.002113414388182592, 0.0001875764132398031, 0.000894875856579607]], "ideal": "D", "sampled": "D", "correct": true}}
{"type": "result", "data": {"idx": 16, "options": ["Spiritual narratives", "Redemption narratives", "Birth narratives", "Theological narratives"], "probs": [[0.7461211133214959, 0.021165853502124837, 0.2240265920237931, 0.0086864410525862], [0.03254517482421097, 0.951112968685784, 0.008489945752340768, 0.007851910637664241], [0.9752171657345782, 0.019313139201732235, 0.004446134718521989, 0.0010235602451675924], [0.20917581029252924, 0.5775549598446196, 0.052888102806010626, 0.16038112695684056]], "ideal": "C", "sampled": "C", "correct": true}}
{"type": "result", "data": {"idx": 17, "options": ["Vajrayana", "Theravada", "Mahayana", "Mahavira"], "probs": [[0.0010186131258300792, 0.0024056481542338074, 0.9857943795378916, 0.010781359082044499], [0.0012853891266666612, 0.9840632547452701, 0.010931945924046853, 0.0037194101040163513], [0.9732618398276136, 0.02288892648436653, 0.003002374870156807, 0.0008468587178630211], [0.0039817194608749605, 0.010167724967980067, 0.07057785600322757, 0.9152726994679174]], "ideal": "C", "sampled": "C", "correct": true}}
{"type": "result", "data": {"idx": 18, "options": ["Svetambara", "Jina", "Agama", "Digambara"], "probs": [[0.2586985672037249, 0.13632564922843185, 0.29776225696433667, 0.3072135265035066], [0.06247123190572731, 0.07654195852091011, 0.6020499928725469, 0.25893681660081563], [0.10941318502980966, 0.20441265554479565, 0.4752741788990435, 0.2108999804263512], [0.2374153023335641, 0.4435539311256601, 0.1532878153362739, 0.1657429511045019]], "ideal": "D", "sampled": "A", "correct": false}}
{"type": "result", "data": {"idx": 19, "options": ["The Shema", "The Sefirot", "Deuteronomy", "The Decalogue"], "probs": [[0.9071833109410384, 0.022012157468873614, 0.008097824432441636, 0.06270670705764629], [0.002665692363949924, 0.002427163433032681, 0.1573685193249989, 0.8375386247780184], [0.002323720092486153, 0.008907765012391648, 0.982451976653019, 0.006316538142103218], [0.01464735460228499, 0.9646514209876726, 0.011954869331744625, 0.008746354978297746]], "ideal": "A", "sampled": "A", "correct": true}}
{"type": "result", "data": {"idx": 20, "options": ["Brahminic orthodoxy", "Legalistic asceticism", "Bhakti devotionals", "Unorthodox practices"], "probs": [[0.86597098153803, 0.11182980374055806, 0.016364348159105074, 0.005834866462306862], [0.2530109470973794, 0.07025916559623184, 0.42371804603937774, 0.253011841167011], [0.14757496446925533, 0.19858536566116458, 0.5657184249875123, 0.08812124478206777], [0.4204119510488152, 0.5398217142490259, 0.03241882294771122, 0.007347511654447652]], "ideal": "A", "sampled": "A", "correct": true}}
{"type": "result", "data": {"idx": 21, "options": ["The Battle of Uhud", "The Battle of Camel", "The Battle of the Trench", "The Battle of Badr"], "probs": [[0.23532493234810672, 0.09657774047647427, 0.17763315007077676, 0.49046417700464223], [0.5424033322029809, 0.12883232340668288, 0.1554014212422922, 0.17336292304804413], [0.451027903295862, 0.24908194128974392, 0.11765796777664712, 0.18223218753774695], [0.6296037434902012, 0.09070316701220425, 0.09358235447663038, 0.1861107349209641]], "ideal": "C", "sampled": "D", "correct": false}}
{"type": "result", "data": {"idx": 22, "options": ["Remembering the Divine Name", "Meditating on the sacred hymns", "Remembering that death is inevitable", "Meditating on the goodness of the created world"], "probs": [[0.9086868775336869, 0.05126459867278729, 0.012176421354892575, 0.02787210233863315], [0.004966425905506904, 0.004182157737475492, 0.014370834090949402, 0.9764805821660681], [0.002477176016345964, 0.002720647252710924, 0.9838723518705412, 0.010929824760401913], [0.0065606208633787935, 0.9585878865926044, 0.013673524396381215, 0.021177968047635602]], "ideal": "A", "sampled": "A", "correct": true}}
{"type": "result", "data": {"idx": 23, "options": ["Confucianism", "Buddhism", "Christianity", "Daoism"], "probs": [[0.33979429778652015, 0.273033133925519, 0.0679635087194575, 0.31920905946850336], [0.1068410375646436, 0.13934806299339153, 0.06791263969858297, 0.6858982596433819], [0.04387336707431231, 0.06284647804785269, 0.11559175754870842, 0.7776883972291265], [0.12260239675743641, 0.30822543679390113, 0.08426399833724676, 0.48490816801141573]], "ideal": "A", "sampled": "A", "correct": true}}
{"type": "result", "data": {"idx": 24, "options": ["Disciple", "Faithful", "Devotee", "Enlightened"], "probs": [[0.15347655233905796, 0.16856165211646093, 0.273602967806847, 0.4043588276376341], [0.19413208670266144, 0.0976161793131937, 0.5705912027594391, 0.13766053112470575], [0.22469590936881303, 0.5561317883789487, 0.07409718742370501, 0.1450751147285332], [0.4330947858069914, 0.2885045516390392, 0.08011476248129107, 0.19828589997267837]], "ideal": "A", "sampled": "D", "correct": false}}
{"type": "result", "data": {"idx": 25, "options": ["The sages of the Zhuangzi", "The Songs of the South", "The Duke of Zhou", "The Confucian \"sage kings\""], "probs": [[0.6588833594442561, 0.083768527692742, 0.05002009402722334, 0.20732801873577847], [0.048834430183328774, 0.021670476695704308, 0.5009824455798366, 0.4285126474411303], [0.2806444214917734, 0.48491706084077674, 0.10990258812676262, 0.12453592944068725], [0.7962765215476274, 0.10946231497418472, 0.04492296344967917, 0.04933819992850865]], "ideal": "A", "sampled": "D", "correct": false}}
{"type": "result", "data": {"idx": 26, "options": ["Anointed one", "God", "Prophet", "The line of David"], "probs": [[0.9929600164248827, 0.0057227030562191535, 0.0007506551510068321, 0.0005666252678913084], [0.0010053519823025163, 0.0010211886566006336, 0.009688718917622411, 0.9882847403434745], [0.00048680222154442055, 0.0010970260970386873, 0.9973528962631564, 0.0010632753182604965], [0.004004546184279051, 0.9953141731433881, 0.0003724815809204185, 0.0003087989914124239]], "ideal": "A", "sampled": "A", "correct": true}}
{"type": "result", "data": {"idx": 27, "options": ["Soul", "Sound", "Non-matter", "Non-soul"], "probs": [[0.024666654724644216, 0.025850531529767806, 0.7554642796559894, 0.19401853398959856], [0.05437644448981314, 0.2594167531897717, 0.5079130416322036, 0.17829376058821156], [0.49560168011297634, 0.3741010399228175, 0.046824179236198644, 0.08347310062800752], [0.5120167192902633, 0.301000091787131, 0.03324762396086152, 0.15373556486174422]], "ideal": "D", "sampled": "C", "correct": false}}
{"type": "result", "data": {"idx": 28, "options": ["A collection of statues", "Veneration of ancestors", "Seated meditation", "Funeral rituals"], "probs": [[0.00011400688597896579, 0.0001271839791533726, 0.998875977683591, 0.0008828313512766407], [0.00046390603107161494, 0.9960561361744253, 0.00020909911359474626, 0.0032708585809083147], [0.9992032476884334, 0.0004953869999730561, 0.00016593398767454417, 0.00013543122391896582], [0.00011055060847752798, 0.00011768096006664809, 0.00043045737867984164, 0.999341310952776]], "ideal": "C", "sampled": "C", "correct": true}}
{"type": "result", "data": {"idx": 29, "options": ["Asceticism", "Bodily pleasure", "Music", "Sexual union"], "probs": [[0.013296333078379418, 0.5653760406304272, 0.06752441046305706, 0.35380321572813633], [0.03976067066329963, 0.03194874453339694, 0.7386026216617135, 0.18968796304158986], [0.03386638136566269, 0.5551852293778347, 0.140372671302462, 0.2705757178540406], [0.06953880929018506, 0.04489778986855923, 0.8471603669584117, 0.03840303378284405]], "ideal": "D", "sampled": "B", "correct": false}}
{"type": "result", "data": {"idx": 30, "options": ["Loving and forgiving", "Wrathful and merciful", "Judging and vengeful", "Transcendent and immanent"], "probs": [[0.034087400118114695, 0.046592811939092024, 0.40249990513248757, 0.5168198827103057], [0.14890719948710054, 0.1039555519715304, 0.5982291697857581, 0.1489080786556109], [0.16810780010444593, 0.6753635103907761, 0.07459863686119715, 0.08193005254358082], [0.6712257861419839, 0.06146606802325708, 0.15943200884655223, 0.10787613688820683]], "ideal": "B", "sampled": "D", "correct": false}}
{"type": "result", "data": {"idx": 31, "options": ["Palestine and Babylonia", "Babylonia and Europe", "Palestine and Spain", "Spain and France"], "probs": [[0.9070593776677146, 0.0817739575818072, 0.008618919804087183, 0.0025477448463910595], [0.23521622224427746, 0.5913357535828079, 0.02853505589968903, 0.14491296817322563], [0.028996125103767673, 0.024801805820831264, 0.9306815343687336, 0.01552053460666752], [0.00270838666766663, 0.9948651411231009, 0.0015192734937369936, 0.0009071986154955113]], "ideal": "A", "sampled": "A", "correct": true}}
{"type": "result", "data": {"idx": 32, "options": ["Buddhism", "Hinduism", "Judaism", "Islam"], "probs": [[0.214474473916272, 0.5563081232944918, 0.19528250938685723, 0.033934893302379004], [0.09623201891896269, 0.09182612589508403, 0.49640740851205467, 0.3155344465738986], [0.008016893803617782, 0.007414471509235213, 0.941229541419061, 0.04333909316808595], [0.0346290081612602, 0.10834514949140354, 0.8259844725037236, 0.03104136974361265]], "ideal": "A", "sampled": "A", "correct": true}}
{"type": "result", "data": {"idx": 33, "options": ["Kali yuga", "Maha yuga", "Krita yuga", "Satya yuga"], "probs": [[0.9563759099009155, 0.034295922335568406, 0.0055986602854624845, 0.0037295073780536526], [0.05184343993394665, 0.012904884701017688, 0.07197761017783565, 0.8632740650872001], [0.0042430681186636345, 0.008843363653039768, 0.9162599848806547, 0.07065358324764187], [0.03698986630554645, 0.6871305447453615, 0.1938138084734204, 0.08206578037567161]], "ideal": "A", "sampled": "A", "correct": true}}
{"type": "result", "data": {"idx": 34, "options": ["Hymns", "Laws", "Ethics", "Myths"], "probs": [[0.9953781232965881, 0.003942734738592011, 0.00023677956498589528, 0.0004423622998339139], [0.0010590322040251196, 0.0009642633761836106, 0.004600230788174996, 0.9933764735316163], [0.0027496825129817914, 0.001694033338712785, 0.994373658931262, 0.0011826251170434171], [0.007926856609538702, 0.9906721667414521, 0.00045424635376949954, 0.000946730195239719]], "ideal": "A", "sampled": "A", "correct": true}}
{"type": "result", "data": {"idx": 35, "options": ["Pure Land", "Tendai", "Shingon", "Soto Zen"], "probs": [[0.7981856256398353, 0.032434347167942364, 0.05965590320828297, 0.10972412388393935], [0.00046174346194145983, 0.0010085435062400499, 0.007110902835841158, 0.9914188100959773], [0.0002943495811717044, 0.0006039669729861723, 0.9942763052352556, 0.004825378110586601], [0.004459587103951165, 0.8632315146050102, 0.08284176471950562, 0.049467133471532955]], "ideal": "A", "sampled": "A", "correct": true}}
{"type": "result", "data": {"idx": 36, "options": ["Sita", "Rama", "Kali", "Durga"], "probs": [[0.5180904423103339, 0.36168570400691297, 0.028775499125687616, 0.0914483544570656], [0.05799506101933435, 0.04243028441175563, 0.047334230373516674, 0.8522404240953934], [0.01677254180349702, 0.015034841064009017, 0.5554317121588284, 0.4127609048736656], [0.07268709485154866, 0.12757008726886404, 0.4739813859272911, 0.32576143185229617]], "ideal": "A", "sampled": "A", "correct": true}}
{"type": "result", "data": {"idx": 37, "options": ["Rumi", "Rabi'a", "Fatimah", "Khadija"], "probs": [[0.14799762322009896, 0.5498792733402253, 0.1207921922381201, 0.18133091110155564], [0.3138685892328105, 0.09876269321860752, 0.08580658775767748, 0.5015621296909044], [0.0047292055053737864, 0.004373806274466489, 0.6593536457192078, 0.3315433424009519], [0.01890989140033925, 0.07479025151366979, 0.8040738018142821, 0.10222605517170887]], "ideal": "B", "sampled": "B", "correct": true}}
{"type": "result", "data": {"idx": 38, "options": ["Andal", "Devi", "Ganga", "Kali"], "probs": [[0.9901329779942047, 0.007922555720837273, 0.0010555793366858347, 0.0008888868482721358], [0.004579154880705465, 0.002489643229147193, 0.004104725180358987, 0.9888264766097884], [0.0013777302599435061, 0.0013994273980465848, 0.9908522811424005, 0.006370561099609386], [0.0014897085542706142, 0.9908686134744435, 0.004177996576081184, 0.0034636812952045966]], "ideal": "A", "sampled": "A", "correct": true}}
{"type": "result", "data": {"idx": 39, "options": ["Paul of Tarsus", "Clare of Assisi", "Francis of Assisi", "John of the Cross"], "probs": [[0.14018058566568312, 0.18570944388276758, 0.5127628368704925, 0.16134713348105675], [0.10295440808856599, 0.7848871203306885, 0.04568600196519351, 0.06647246951555198], [0.8875483306636043, 0.07400159564619932, 0.01757696836108394, 0.020873105229112496], [0.02521123239098583, 0.05593371898706151, 0.08396668934646814, 0.8348883591754845]], "ideal": "C", "sampled": "C", "correct": true}}
{"type": "result", "data": {"idx": 40, "options": ["Epistemology", "Morality", "Religion", "Aesthetics"], "probs": [[0.2586555461427036, 0.5225035508758092, 0.12804418705580556, 0.09079671582568162], [0.43244222849266595, 0.39994592662868245, 0.06328029647073811, 0.10433154830791351], [0.4960776714805696, 0.22013442872154057, 0.07373525421285151, 0.21005264548503833], [0.1702746301719145, 0.14793860910843612, 0.4416603743588338, 0.24012638626081553]], "ideal": "B", "sampled": "B", "correct": true}}
{"type": "result", "data": {"idx": 41, "options": ["Greek Orthodox", "Roman Catholic", "Puritans", "Quakers"], "probs": [[0.0030117670270286756, 0.003359881432466546, 0.9171579994154349, 0.07647035202506997], [0.013864781396236762, 0.03485617335858679, 0.8989537752499663, 0.05232526989521006], [0.6546655587818733, 0.2729049495658368, 0.027878970469402145, 0.04455052108288777], [0.1273029172163357, 0.04756972654376809, 0.10390160425275168, 0.7212257518871446]], "ideal": "D", "sampled": "C", "correct": false}}
{"type": "result", "data": {"idx": 42, "options": ["Peter", "Paul", "Jesus", "Matthew"], "probs": [[0.9707423119222428, 0.025073486784048128, 0.0028131727241454897, 0.001371028469563579], [0.006134045346838102, 0.005165396288987665, 0.004349692284880164, 0.9843508659792941], [0.0025434162086749447, 0.0021755032644728643, 0.9197810063621239, 0.07550007406472826], [0.04661061562194287, 0.8392085338378216, 0.04310798223882497, 0.07107286820141058]], "ideal": "A", "sampled": "A", "correct": true}}
{"type": "result", "data": {"idx": 43, "options": ["1935", "2000", "1965", "1975"], "probs": [[0.4013075612352009, 0.03973494178606403, 0.5316481102622795, 0.02730938661645556], [0.0018620064472983976, 0.030524646222429782, 0.07554892929908383, 0.892064417931188], [0.0032309582528942025, 0.004347746735813591, 0.983908834265662, 0.008512460645630148], [0.005413094855053626, 0.9690592265047216, 0.020750616970878186, 0.004777061569346559]], "ideal": "A", "sampled": "A", "correct": true}}
{"type": "result", "data": {"idx": 44, "options": ["Householders who supported renouncers", "Orthodox interpreters of the scriptures", "Women ascetics who lived in communities", "Temple-dwelling renouncers"], "probs": [[0.09927789815835736, 0.027141119970892955, 0.7221999781329709, 0.15138100363777882], [0.07801248539269218, 0.7286912582148498, 0.06467486509573463, 0.12862139119672336], [0.9206641620011655, 0.012531197231815911, 0.05704533500069139, 0.009759305666327206], [0.44842653292781454, 0.45548893809076585, 0.032483997835740554, 0.06360053104567907]], "ideal": "D", "sampled": "C", "correct": false}}
{"type": "result", "data": {"idx": 45, "options": ["Thoughtfulness", "Non-action", "Spontaneity", "Meditation"], "probs": [[0.016954997394820207, 0.18807098092427124, 0.7555523443625771, 0.039421677218331355], [0.11613292870754006, 0.8581184104628744, 0.009532834623334603, 0.016215826106250986], [0.6192495868424934, 0.03439421604523498, 0.004372727158025186, 0.34198346985424644], [0.008412228896372713, 0.010801551862470985, 0.8316755890014577, 0.1491106301396986]], "ideal": "C", "sampled": "C", "correct": true}}
{"type": "result", "data": {"idx": 46, "options": ["hand gestures", "saints", "religious clothing", "temples"], "probs": [[0.9997573857010966, 0.0001941045002294184, 3.590562762491196e-05, 1.2604071049018304e-05], [0.00014633088503481875, 0.0002450606177931106, 0.0011155678436532747, 0.9984930405535187], [4.468804186015021e-05, 7.030434608761593e-05, 0.9998229641562045, 6.204335584769813e-05], [0.00021988941786390558, 0.9994929853890525, 0.00011587417045026485, 0.000171250922633356]], "ideal": "A", "sampled": "A", "correct": true}}
{"type": "result", "data": {"idx": 47, "options": ["Julius Caesar", "Alexander the Great", "Cyrus of Persia", "Antiochus IV Epiphanes"], "probs": [[0.00028073962176219485, 0.0005244919461100758, 0.005380586602807375, 0.9938141817293203], [0.0002564727684364655, 0.0009529129259988883, 0.9971441281695177, 0.0016464860360469635], [0.00020017173525413366, 0.999292141305796, 0.0002912489190249095, 0.00021643793992496578], [0.9952979714165081, 0.0038211166509296555, 0.0005769051512564627, 0.0003040066813057103]], "ideal": "D", "sampled": "D", "correct": true}}
{"type": "result", "data": {"idx": 48, "options": ["30", "40", "33", "52"], "probs": [[0.03704241911181762, 0.035346275869513666, 0.830017240746186, 0.09759406417248269], [0.061438937649527604, 0.8220482590277729, 0.055073738913299815, 0.06143906430939963], [0.1835363277436663, 0.098240327014648, 0.5228494600000213, 0.19537388514166446], [0.08816520189480385, 0.2715695222312553, 0.11680029418492785, 0.523464981589013]], "ideal": "A", "sampled": "C", "correct": false}}
{"type": "result", "data": {"idx": 49, "options": ["Serpent", "Eagle", "Cheetah", "Cow"], "probs": [[0.14210507060499905, 0.14892674759140345, 0.11067274046815258, 0.598295441235445], [0.06569013439364382, 0.06467246697235245, 0.6330767101734384, 0.23656068836056537], [0.11019047929450937, 0.4567337563663893, 0.3042494907037724, 0.1288262735353289], [0.2271518605503444, 0.4049463388687884, 0.13353713748592785, 0.23436466299493933]], "ideal": "D", "sampled": "D", "correct": true}}
{"type": "result", "data": {"idx": 50, "options": ["Community", "Scripture", "Worship", "Apprenticeship"], "probs": [[0.0229586969339391, 0.012098442382667787, 0.01873833398908968, 0.9462045265943034], [0.01433819773590361, 0.007209711981703594, 0.9591579181710356, 0.019294172011357174], [0.03394174197092429, 0.9031598946727549, 0.03727775096913469, 0.025620612287186116], [0.5787506971627616, 0.37367011005028233, 0.021750193734330094, 0.025828998952625967]], "ideal": "A", "sampled": "D", "correct": false}}
{"type": "result", "data": {"idx": 51, "options": ["Construction of the Second Temple", "Destruction of the Second Temple", "The Christianization of the Roman Empire", "The emergence of Islam"], "probs": [[0.5615135824131375, 0.43052764169017443, 0.005769082601953856, 0.002189693194734186], [0.9969371562622013, 0.002113695024723382, 0.0006446418123077353, 0.00030450680076764177], [0.00380263325078124, 0.004047897973881134, 0.1449399839775616, 0.847209484697776], [0.02265511563823846, 0.1324246223691179, 0.7620511366276391, 0.08286912526500455]], "ideal": "B", "sampled": "B", "correct": true}}
{"type": "result", "data": {"idx": 52, "options": ["Genshin", "Dogen", "Honen", "Shinran"], "probs": [[0.0256428733824253, 0.03849464976875258, 0.0998473824853223, 0.8360150942634998], [0.005071222127048854, 0.006614130208943602, 0.9514240267135953, 0.03689062085041223], [0.007047328753041923, 0.9087100780695345, 0.029670389877368118, 0.05457220320005539], [0.7846675251309909, 0.1644753758434449, 0.030903993997851317, 0.01995310492771284]], "ideal": "C", "sampled": "D", "correct": false}}
{"type": "result", "data": {"idx": 53, "options": ["Pakistan", "Iraq", "Indonesia", "Turkey"], "probs": [[0.024075737289484502, 0.03290801249800765, 0.5228758064227105, 0.4201404436897973], [0.010158899981278178, 0.18871436659754218, 0.1424487504509554, 0.6586779828702243], [0.024627154736416405, 0.07585828764696731, 0.6867670428937236, 0.21274751462289265], [0.0212860685225362, 0.46228761629198994, 0.031954384468672645, 0.4844719306168012]], "ideal": "C", "sampled": "A", "correct": false}}
{"type": "result", "data": {"idx": 54, "options": ["Gregory", "Augustine", "Athanasius", "Francis"], "probs": [[0.24821084180501138, 0.08850245724100447, 0.06785747256515037, 0.5954292282888338], [0.01310482728464313, 0.012701694961996118, 0.04100150578071364, 0.9331919718726471], [0.0274466396301867, 0.017175727813622595, 0.526038925072141, 0.4293387073840497], [0.046879019059630274, 0.3925147012320139, 0.17417774898108543, 0.3864285306272704]], "ideal": "A", "sampled": "A", "correct": true}}
{"type": "result", "data": {"idx": 55, "options": ["Enlightened being", "Worthy ones", "Saintly ones", "Sages"], "probs": [[0.9863987217261777, 0.009822597380860016, 0.001654394378297937, 0.0021242864146643267], [0.09404232807467071, 0.08299245341373265, 0.05977693861535034, 0.7631882797962463], [0.007176742449343552, 0.0039019305400445643, 0.9850798881003143, 0.0038414388102975526], [0.0026543465291703973, 0.9903676378607991, 0.003055136561353089, 0.00392287894867749]], "ideal": "A", "sampled": "A", "correct": true}}
{"type": "result", "data": {"idx": 56, "options": ["Guru Ram Das", "Guru Tegh Bahadur", "Guru Gobind Singh", "Guru Har Rai"], "probs": [[0.13330138324215382, 0.3299253134066142, 0.3857227735903826, 0.15105052966084936], [0.8613487946481849, 0.08011782601310995, 0.028124045234336356, 0.030409334004368814], [0.10786525217596277, 0.03447587299567463, 0.07298530436212906, 0.7846735703662335], [0.00413085015900993, 0.00311813241456904, 0.9348283130204101, 0.057922704306010916]], "ideal": "B", "sampled": "B", "correct": true}}
{"type": "result", "data": {"idx": 57, "options": ["Guru Nanak", "Guru Arjan", "Guru Hargobind", "Guru Ram Das"], "probs": [[0.0016737459140935833, 0.008110749860531914, 0.982476161023234, 0.0077393431021404715], [0.0020285995134704344, 0.9871761904348345, 0.006151674940961207, 0.004643535010733796], [0.9398798987034842, 0.04260622562282684, 0.010772553819826577, 0.0067413217538623196], [0.009694287842758602, 0.03774734709028645, 0.09342547632452072, 0.8591328886424342]], "ideal": "C", "sampled": "C", "correct": true}}
{"type": "result", "data": {"idx": 58, "options": ["In the community", "In faith in God", "In ascetic renunciation", "In the life of the householder"], "probs": [[0.03929619176734208, 0.8401907210730358, 0.04594194584538988, 0.07457114121423218], [0.08520453739821233, 0.044203581068103126, 0.48271756177476705, 0.38787431965891744], [0.021761062024968636, 0.06008428304221492, 0.6359526087931612, 0.2822020460396553], [0.03687354633460086, 0.017970743112757787, 0.8524555492235367, 0.0927001612291046]], "ideal": "D", "sampled": "B", "correct": false}}
{"type": "result", "data": {"idx": 59, "options": ["God is eternal and merciful to those who offer worship", "Humans can align themselves with life energy through worship of kami", "Justice will be the final outcome in the next world", "Power and force are the most divine attributes"], "probs": [[0.0006452080164028745, 0.9978223729533975, 0.000766209174061497, 0.0007662097561381228], [0.990224888770825, 0.004657864993517922, 0.0027382326992305144, 0.002379013436426571], [0.0007967380875571355, 0.0015599538008282596, 0.007559247380174954, 0.9900840606314396], [0.00045656542181803274, 0.0015206038605397358, 0.9957401359309674, 0.002282694686674741]], "ideal": "A", "sampled": "B", "correct": false}}
{"type": "result", "data": {"idx": 60, "options": ["Durga", "Sri Lakshmi", "Kali", "Mahavira"], "probs": [[0.0027277918030051674, 0.9864583261391738, 0.0077707927710148434, 0.003043089186806103], [0.9920324610724449, 0.0071153519536851124, 0.000715609940905444, 0.00013657693296452217], [0.004791842445065323, 0.007538638026547292, 0.5285006995298446, 0.4591688198985428], [0.000692481409562977, 0.005708189680766061, 0.9904469635036209, 0.0031523653060500792]], "ideal": "B", "sampled": "B", "correct": true}}
{"type": "result", "data": {"idx": 61, "options": ["China", "Silla", "Goguryeo", "Joseon"], "probs": [[0.18612936691954196, 0.48278243783600594, 0.12017512678420204, 0.21091306836025003], [0.09427939818514146, 0.10851520720483887, 0.16290166486953878, 0.6343037296404809], [0.11690011270963059, 0.32277210581734334, 0.39547185907367344, 0.16485592229935267], [0.06863316330398637, 0.7612997264823691, 0.10143378289689844, 0.06863332721674606]], "ideal": "B", "sampled": "A", "correct": false}}
{"type": "result", "data": {"idx": 62, "options": ["Madhva", "Patanjali", "Ramanuja", "Aryabhatta"], "probs": [[0.0004510029648147291, 0.9990898788340222, 0.0002957754653727543, 0.00016334263579032105], [0.9989416375202846, 0.0009849361155907614, 6.1027729766352494e-05, 1.2398534358194914e-05], [0.00028488002203873016, 0.0003955175352939265, 0.006483839840375933, 0.9928357625022914], [0.00016853325577555485, 0.00046533515579084446, 0.9991247186895862, 0.0002414127988473638]], "ideal": "B", "sampled": "B", "correct": true}}
{"type": "result", "data": {"idx": 63, "options": ["It was visited by Moses.", "It is a haram.", "It was built by Abraham.", "It is a square building."], "probs": [[0.013021092183929687, 0.011313136887141629, 0.04837996234259051, 0.9272858084863381], [0.01669847410945449, 0.01473656580096797, 0.6990588326213095, 0.26950612736826796], [0.021274467809189915, 0.022646844258240654, 0.8237016154167671, 0.13237707241580232], [0.034971827077789244, 0.03389634317924654, 0.7135235932323427, 0.2176082364106215]], "ideal": "A", "sampled": "D", "correct": false}}
{"type": "result", "data": {"idx": 64, "options": ["Parvati", "Ganesha", "Vishnu", "Sita"], "probs": [[0.008097310470501851, 0.9214147370601903, 0.04309506548627645, 0.027392886883031455], [0.947239827619605, 0.03344169088996674, 0.011739132328850039, 0.007579349061578186], [0.015781211949821728, 0.010512597427067283, 0.07072655566077432, 0.9029796348623367], [0.008062157643973358, 0.00831810184696784, 0.9318628750056124, 0.051756865403446435]], "ideal": "B", "sampled": "B", "correct": true}}
{"type": "result", "data": {"idx": 65, "options": ["Sri Lakshmi", "Mahavira", "Rsabha", "Nanak"], "probs": [[0.003426106410192004, 0.9955589245177087, 0.0005861402415693992, 0.00042882873052993946], [0.9842355685962327, 0.013396481763686177, 0.0015507610260463976, 0.0008171885140346886], [0.16494532265801562, 0.24761429933917448, 0.02064549406243868, 0.5667948838403712], [0.003203031910703018, 0.004112793223700794, 0.9907715539897676, 0.0019126207758285616]], "ideal": "C", "sampled": "B", "correct": false}}
{"type": "result", "data": {"idx": 66, "options": ["Ban Zhao", "Laozi", "Menicus", "Liu Xiang"], "probs": [[0.7486246600408367, 0.21116072798164887, 0.019950266330921403, 0.020264345546593027], [0.09154341709977694, 0.06291747326957361, 0.06697480629365973, 0.7785643032369897], [0.01645966857472564, 0.01779727321415797, 0.8710239804548117, 0.0947190776563047], [0.08026331664781408, 0.8106407085219668, 0.059647036677505, 0.049448938052714116]], "ideal": "A", "sampled": "A", "correct": true}}
{"type": "result", "data": {"idx": 67, "options": ["36,000", "12,000", "24,000", "7,000"], "probs": [[0.09383670705105153, 0.49941964444233716, 0.2049610255465281, 0.2017826228600832], [0.10759751313729914, 0.14254512634800878, 0.5908373901838931, 0.1590199702307989], [0.10074245784124375, 0.5981433747494135, 0.17959475095829017, 0.12151941635105255], [0.11136255329208646, 0.1301975836459915, 0.5567867117802815, 0.2016531511816405]], "ideal": "A", "sampled": "D", "correct": false}}
{"type": "result", "data": {"idx": 68, "options": ["Ultimate Reality", "The gurus", "The community", "Sikh worship"], "probs": [[0.8739046479881181, 0.06135779591125068, 0.030852630582640955, 0.03388492541799029], [0.024409527638614995, 0.010175444469014885, 0.11828530164049776, 0.8471297261518723], [0.011712925901508733, 0.004586860590438406, 0.9751308470719439, 0.008569366336109005], [0.14874322206248047, 0.7916358242923767, 0.03645120816967646, 0.02316974537546638]], "ideal": "A", "sampled": "A", "correct": true}}
{"type": "result", "data": {"idx": 69, "options": ["Sansar", "Hukam", "Mantar", "Karam"], "probs": [[0.09843251633183145, 0.6622438878147293, 0.10478189352339477, 0.1345417022300445], [0.6058083555647625, 0.19667864186424516, 0.04671510427073482, 0.15079789820025755], [0.10186578180567336, 0.05122190637043639, 0.094210861700131, 0.7527014500237592], [0.022055044316147344, 0.020081495452719617, 0.7897240952973011, 0.16813936483383193]], "ideal": "B", "sampled": "B", "correct": true}}
{"type": "result", "data": {"idx": 70, "options": ["30", "29", "27", "47"], "probs": [[0.050051625063335284, 0.14483030334183933, 0.5215539465423857, 0.2835641249524397], [0.06390329544953179, 0.6158509941655113, 0.09011864050498403, 0.23012706977997294], [0.172840215524446, 0.19893907897892862, 0.3956369934120164, 0.23258371198460898], [0.018461546718374692, 0.042925057904742304, 0.6113701724050404, 0.3272432228718426]], "ideal": "C", "sampled": "C", "correct": true}}
{"type": "result", "data": {"idx": 71, "options": ["Zen Buddhism", "Chan Buddhism", "Humanistic Buddhism", "Pure Land Buddhism"], "probs": [[0.05983516684759276, 0.038033765514000756, 0.40890122217509806, 0.49322984536330844], [0.03908025283704571, 0.03558317771726664, 0.7608021128518503, 0.1645344564938373], [0.12349684903271384, 0.41130970150022433, 0.2380473088398145, 0.22714614052724733], [0.09209875290959241, 0.044189700306696424, 0.22441362511100227, 0.6392979215727089]], "ideal": "C", "sampled": "D", "correct": false}}
{"type": "result", "data": {"idx": 72, "options": ["They worshipped exclusively outside of the temple", "They believed that nakedness was an elemental expression of non-attachment", "They included women within the ranks of the leadership", "They believed that the omniscient Jina must eat and sleep"], "probs": [[0.054453849916016366, 0.22570698068430223, 0.06671854580142128, 0.6531206234982602], [0.9007198700169459, 0.030820883609635644, 0.02762784585305354, 0.04083140042036491], [0.02322908481796342, 0.1562826305612875, 0.06314356361608228, 0.7573447209046668], [0.3312802910473468, 0.10424204914719527, 0.4820149540419169, 0.082462705663541]], "ideal": "B", "sampled": "B", "correct": true}}
{"type": "result", "data": {"idx": 73, "options": ["Namokar Mantra", "The Liberation Mantra", "Ahimsa", "Archaryas"], "probs": [[0.9547091785848577, 0.035879307463808685, 0.007759436028829009, 0.0016520778225045853], [0.005223546357696563, 0.0044679769670065515, 0.040449445722032525, 0.9498590308532644], [0.0036455994464713887, 0.0061052648792995845, 0.9645450935782377, 0.025704041995991318], [0.016716615759494336, 0.9565117090958581, 0.015460576428587213, 0.011311098616060356]], "ideal": "A", "sampled": "A", "correct": true}}
{"type": "result", "data": {"idx": 74, "options": ["Second century CE", "Fifth century CE", "Fifth century BCE", "Eighteenth century CE"], "probs": [[0.4238747404283052, 0.3353125787376602, 0.237772437528051, 0.003040243205983577], [0.10225288284263379, 0.8972412750899532, 0.0004589566002974248, 4.6885367115506285e-05], [0.5217910819084566, 0.060401720085609484, 0.41277104880179527, 0.0050361491041386935], [0.014866249523566804, 0.8244543013310437, 0.13458832996789558, 0.026091119077493934]], "ideal": "B", "sampled": "C", "correct": false}}
{"type": "result", "data": {"idx": 75, "options": ["7", "42", "24", "13"], "probs": [[0.17807641358269058, 0.1895630331213002, 0.388956779367223, 0.24340377382878617], [0.11707295650671859, 0.2187238666006332, 0.4349830811033243, 0.22922009568932392], [0.14699303488412033, 0.5813719380138253, 0.19171590753759513, 0.07991911946445926], [0.178039404404828, 0.682500253288747, 0.07081957266247735, 0.06864076954394771]], "ideal": "C", "sampled": "D", "correct": false}}
