{"type": "result", "data": {"idx": 0, "options": ["0", "4", "2", "6"], "probs": [[0.3216472330425674, 0.31582567800853545, 0.24464703601852064, 0.11788005283038726], [0.27753593629094986, 0.30371585878275065, 0.2509638717581634, 0.16778433306812007], [0.29456287796236846, 0.31757565495539625, 0.246870598700654, 0.14099086828158483], [0.3133332482799612, 0.3038557536358077, 0.23500196243625177, 0.14780903554799574], [0.2970105805933123, 0.3024246267393547, 0.25603307693782085, 0.14453171562951583], [0.31846461718596225, 0.30776835282210985, 0.24953218218569134, 0.1242348477062502], [0.41458225217950445, 0.3305891136808311, 0.1671502598228333, 0.08767837421681662], [0.39447753900500765, 0.3310154198610187, 0.1762786044992992, 0.09822843653467411], [0.4179938270083082, 0.3569781872056786, 0.16141620201027326, 0.06361178367573518], [0.40279954472941787, 0.33690010666910813, 0.17275315269813887, 0.08754719580333642], [0.381546853249575, 0.34569167410451157, 0.20464067308365316, 0.0681207994622672], [0.36790570349858104, 0.33498681962153176, 0.21798123903493877, 0.07912623774494644], [0.37668859651368725, 0.33031992625566037, 0.19022206971750993, 0.10276940741313997], [0.38956221722526074, 0.31853325995041887, 0.18713985611236322, 0.10476466661197126], [0.3928363372283251, 0.3332702473520065, 0.19806551657512456, 0.0758278987445369], [0.3652411747538628, 0.31911568842956906, 0.2080964374694441, 0.10754669924712104], [0.38469568762547646, 0.3290581633056252, 0.20157391955954135, 0.08467222940936615], [0.3718618068835972, 0.30985258712630914, 0.21262984907481136, 0.1056557568152642], [0.37978966490703, 0.33221319755999124, 0.18762760349824276, 0.1003695339347497], [0.39766523978133117, 0.32810391061121746, 0.1806913742805558, 0.09353947522689769], [0.38483294965624887, 0.3281959224846581, 0.21301754545316226, 0.07395358230591435], [0.36984636297051626, 0.3266726451043184, 0.2184775497533303, 0.08500344207184617], [0.3840277142014145, 0.3577068158993206, 0.18291898965413603, 0.0753464801451272], [0.3725401137645014, 0.3381617598247124, 0.1890254536794992, 0.10027267263128505]], "ideal": "B", "sampled": "C", "correct": false}}
{"type": "result", "data": {"idx": 1, "options": ["8", "2", "24", "120"], "probs": [[0.42751126717274507, 0.3385957375664871, 0.14139777357549962, 0.09249522158528273], [0.43714337536056075, 0.33159176430405374, 0.14021044154343157, 0.09105441869194592], [0.437434309245986, 0.32062759082623893, 0.15343871662071892, 0.08849938320705215], [0.42225971169650456, 0.3144997394627713, 0.14706379588229598, 0.11617675285841528], [0.4348137686074768, 0.31878710215423617, 0.16044502985462059, 0.08595409928368414], [0.41675768433430144, 0.31587410432852836, 0.15886202969234328, 0.10850618154483625], [0.41177096087193477, 0.3342762067257443, 0.15783004959236094, 0.09612278270995918], [0.42279015164545697, 0.32842577134918155, 0.15686578847074154, 0.09191828843461844], [0.4338906614500022, 0.3309540384866993, 0.14737042157553973, 0.0877848783877422], [0.42854371581277567, 0.32665460852343997, 0.14594219388251928, 0.0988594816812775], [0.4277683218207207, 0.32733769305840926, 0.15899502154652925, 0.08589896347436912], [0.4263764690352774, 0.3293602453791345, 0.15694218783901784, 0.08732109764657878], [0.44318430427212424, 0.33977857568417263, 0.14066578461809576, 0.0763713353255933], [0.43271306691105604, 0.3317966428641954, 0.13483788107249564, 0.10065240905226563], [0.45725646924396374, 0.33261747347065035, 0.12766351050551117, 0.08246254667988472], [0.44764746862162946, 0.33134207196339205, 0.12713974171336057, 0.09387071760162442], [0.4292365794306366, 0.3300569242737085, 0.1473991324225221, 0.09330736377314738], [0.4475829868672725, 0.32299586913383016, 0.14594683341503673, 0.0834743104838766], [0.4248220428603086, 0.33345939058911905, 0.14763124129595767, 0.09408732515463557], [0.4014145604535869, 0.3269028987768355, 0.1449546619054991, 0.1267278787640802], [0.4307103410389188, 0.32860357459078077, 0.13846924119824675, 0.10221684307206566], [0.4223786955505547, 0.3332289223671898, 0.13527842794877096, 0.10911395403350024], [0.4128671421619505, 0.335926771785146, 0.13896010545604687, 0.11224598049686275], [0.433659057633811, 0.32959836373818086, 0.14019364416234872, 0.09654893436566467]], "ideal": "C", "sampled": "B", "correct": false}}
{"type": "result", "data": {"idx": 2, "options": ["0", "1", "0,1", "0,4"], "probs": [[0.397872050746624, 0.18763881244744285, 0.17657517876374035, 0.23791395794219766], [0.4013627807383612, 0.1955008684074946, 0.17565996281351834, 0.22747638794062736], [0.40697826613104787, 0.18841094550127344, 0.18019224490650654, 0.22441854336117295], [0.4181952070206487, 0.1914593244726017, 0.1833604820264468, 0.2069849863803145], [0.41578804698035904, 0.18804220614714592, 0.17322417905491824, 0.22294556771758275], [0.4192431636631981, 0.2044319126306161, 0.1767837163223659, 0.1995412072838243], [0.46887989753840315, 0.17587636794190653, 0.15359177514344638, 0.20165195927623503], [0.46225448386117934, 0.18186019206200973, 0.15115870900097428, 0.20472661497584996], [0.48162571977139157, 0.2059641868178658, 0.15547554048545573, 0.15693455282527805], [0.46787980355948894, 0.2171733654796927, 0.15568601318939562, 0.15926081767143058], [0.47438741574204857, 0.2140717327634523, 0.15859019911364847, 0.15295065228084234], [0.4594077068317641, 0.22660435965452078, 0.15814821489322736, 0.15583971852048226], [0.4617997680680759, 0.2330716373174979, 0.11716858111503424, 0.18796001339939206], [0.4752457778466026, 0.23648251382750987, 0.1127547962161165, 0.17551691200976932], [0.44302466448231914, 0.23615289367044442, 0.13296545849062677, 0.18785698325660236], [0.4390249716440648, 0.2522223801979656, 0.13107904233259518, 0.17767360572538551], [0.44886901860773754, 0.2517571703433955, 0.16496193103857298, 0.13441187991028913], [0.44617736612153097, 0.24552512230692972, 0.15494009850775342, 0.1533574129637819], [0.48413275506603665, 0.2243078419321344, 0.11310528811668646, 0.17845411478514692], [0.48343064346734244, 0.2245603635656115, 0.10899415994753536, 0.1830148329195029], [0.46802333201011925, 0.23593140578910526, 0.130294335449188, 0.1657509266515816], [0.456335758443212, 0.24362419304726113, 0.12413562116749158, 0.17590442724205], [0.4540653965865729, 0.2488553413279799, 0.16804040804596845, 0.12903885393946474], [0.45082735385526135, 0.2446694100649439, 0.15274154328995104, 0.1517616926898488]], "ideal": "D", "sampled": "D", "correct": true}}
{"type": "result", "data": {"idx": 3, "options": ["True, True", "False, False", "True, False", "False, True"], "probs": [[0.5198960860584438, 0.2598891527696768, 0.1468642009541654, 0.07335056011771246], [0.49698778586147707, 0.26606051225126165, 0.14777457140010047, 0.08917713038715573], [0.549812702600182, 0.2530871760780617, 0.12733835620455303, 0.06976176501721834], [0.5640854355887619, 0.24885202196842232, 0.12503942615703253, 0.06202311618578913], [0.520143728378695, 0.2580701777556115, 0.1425718689704266, 0.07921422479524688], [0.5435968039331867, 0.25193217400769174, 0.14464605441140638, 0.05982496754770439], [0.42994527435996516, 0.3044479152700643, 0.16159240755242407, 0.10401440271753083], [0.42115548629214716, 0.3032372529982575, 0.15547798890994538, 0.12012927169964169], [0.4186261852830572, 0.28949356598865844, 0.19412209962238378, 0.09775814900590586], [0.4215859136501398, 0.2770023606767854, 0.168638847961253, 0.13277287761181658], [0.4006879269931091, 0.2734438416807543, 0.1861514145146505, 0.13971681671146616], [0.3990457918422281, 0.2679253720686072, 0.18469271674277532, 0.14833611924640333], [0.5522316057256107, 0.2419198259924649, 0.13120861902989672, 0.07463994915200858], [0.5741117324307817, 0.23049158611597906, 0.1273870423600507, 0.06800963899319622], [0.5203877771539509, 0.22832822466168987, 0.18847551781309158, 0.06280848027124951], [0.5153889446040495, 0.2351157564489315, 0.16091461926083664, 0.08858067958620028], [0.5398101491683017, 0.23656955993815923, 0.1604051573778296, 0.06321513341571929], [0.5218986029763825, 0.24324542795539886, 0.14185918688811708, 0.09299678208008753], [0.48782653326633585, 0.24994426993774346, 0.1558028260397083, 0.10642637065621291], [0.509624522680763, 0.24629450984642454, 0.1593731506961677, 0.08470781667664183], [0.45343048123616064, 0.2349620541424589, 0.2043402298602354, 0.10726723466113164], [0.45312811073747605, 0.232468566988214, 0.1936285922753486, 0.12077472989895603], [0.49560398291329644, 0.24747822373498732, 0.1751087470753151, 0.08180904617640258], [0.4805611479054451, 0.2465471330603177, 0.15360128038478174, 0.11929043854944082]], "ideal": "B", "sampled": "A", "correct": false}}
{"type": "result", "data": {"idx": 4, "options": ["2x^2 + 5", "6x^2 + 4x + 6", "0", "x^2 + 1"], "probs": [[0.4460395316519035, 0.2745797850351174, 0.18047121339831287, 0.09890946981466534], [0.4366598468271145, 0.2923511619038964, 0.18920323416999474, 0.08178575699899972], [0.46263138563149975, 0.21704270151581534, 0.20059612374476934, 0.11972978900790261], [0.48045823720421466, 0.18821670355425987, 0.1794642556785437, 0.15186080346297312], [0.4532904998372767, 0.2681881577630586, 0.19043556207671397, 0.08808578022294895], [0.47354657988991444, 0.22812440607300138, 0.1936312552723281, 0.10469775866477175], [0.47694741672125035, 0.2593825408926981, 0.16417573062673152, 0.09949431165933487], [0.469903183183848, 0.27796764299274745, 0.16710397199701804, 0.08502520172638062], [0.48181593433933045, 0.199530406167492, 0.1939513274806907, 0.12470233191249602], [0.4894934417907586, 0.17661618777578636, 0.17567780470731034, 0.15821256562613545], [0.4941799735202252, 0.25101586850547836, 0.1716963959981261, 0.0831077618761956], [0.49220460579982533, 0.2146111780501466, 0.1752122965527092, 0.117971919497312], [0.37408661978784685, 0.2438242018712884, 0.2465427378594649, 0.1355464403814098], [0.3841382368229222, 0.2378713735592927, 0.21970999391040827, 0.158280395607379], [0.3780600082951933, 0.26572239899540206, 0.24598934112593848, 0.11022825148346291], [0.3895028871855698, 0.2559359297536762, 0.22375432753651137, 0.1308068554242538], [0.38853029321301524, 0.2145464755704534, 0.2513419521597663, 0.14558127895676853], [0.3829118840838444, 0.21173444343646033, 0.2598904120335133, 0.14546326034618628], [0.4608885543727623, 0.29360737354468974, 0.16528811031884255, 0.08021596166369885], [0.48514090443278374, 0.26507158372628237, 0.15642197887674522, 0.09336553286418275], [0.46388538716256195, 0.30121115231287154, 0.16115972060596181, 0.07374373981858372], [0.4784973437944511, 0.27651230169179164, 0.14577454541742874, 0.09921580899633431], [0.4809424030669692, 0.22217169291719088, 0.1736054618185939, 0.12328044209723724], [0.4726615628753773, 0.22865573188893248, 0.1841246473167842, 0.1145580578188936]], "ideal": "B", "sampled": "B", "correct": true}}
{"type": "result", "data": {"idx": 5, "options": ["True, True", "False, False", "True, False", "False, True"], "probs": [[0.4433221768410779, 0.2778332235530596, 0.18186599576750842, 0.09697860373835361], [0.4318942960245267, 0.27789341765352643, 0.17702490237983354, 0.11318738384210737], [0.46955928836809707, 0.27641194109638256, 0.16381091788243227, 0.09021785255309468], [0.4756457550905326, 0.2751797124563502, 0.16895059350213462, 0.08022393885099666], [0.452247501723897, 0.27230382757337984, 0.16972138453414687, 0.10572728606857301], [0.46046778042451786, 0.27470905249551775, 0.18440526765467236, 0.08041789932531275], [0.3586182661837647, 0.3095402929883837, 0.1970766724829355, 0.1347647682449249], [0.3562069563633953, 0.3010143556247164, 0.18460996368711866, 0.15816872422477635], [0.3468843332338038, 0.2946194600856581, 0.22165547149026932, 0.13684073509027758], [0.347910199336718, 0.27946821545159783, 0.19939249148018653, 0.1732290936314947], [0.34479279028368315, 0.2736893156384645, 0.19962297764577833, 0.18189491633206475], [0.3371328096876627, 0.27042711210074144, 0.20213808745801326, 0.19030199065359835], [0.46473044867446184, 0.2649635424261024, 0.1692854549389855, 0.1010205538604639], [0.48311239611471823, 0.25618253753020565, 0.16892371920392724, 0.0917813470511549], [0.42881136555436145, 0.25323651886000365, 0.235366676711745, 0.08258543877389585], [0.43245121791669827, 0.25077479668762603, 0.19976669094376026, 0.117007294351939], [0.44664132629815084, 0.2612920513385694, 0.2062407381418671, 0.08582588412142043], [0.4374245409077523, 0.2571630067777575, 0.17665332800055367, 0.12875912421393712], [0.414341375737402, 0.25153000991109364, 0.19144338722928092, 0.14268522702223388], [0.4265080044939223, 0.2537114629019575, 0.20831770053832963, 0.111462831965813], [0.3836213350090882, 0.23863784835107726, 0.2403697688084515, 0.13737104773138029], [0.3824082678774762, 0.23728153263437698, 0.22664623272847076, 0.15366396665967677], [0.41097936429341797, 0.258418409169979, 0.2178933995410026, 0.11270882689559096], [0.4018725719953892, 0.24638224954102528, 0.1877601986237596, 0.16398497973983944]], "ideal": "A", "sampled": "A", "correct": true}}
{"type": "result", "data": {"idx": 6, "options": ["True, True", "False, False", "True, False", "False, True"], "probs": [[0.4870345270857749, 0.3001127349169307, 0.14640494286544076, 0.06644779503182306], [0.47176099373619335, 0.30298500271394463, 0.14589910814198861, 0.07935489530787175], [0.5064297178498522, 0.29512616713159795, 0.13366066224609063, 0.06478345267247974], [0.5169125732025366, 0.2908534576399685, 0.1332351066031596, 0.05899886245432084], [0.48361288225491766, 0.295966291944474, 0.1444757085551529, 0.0759451171454401], [0.49896527121115686, 0.29446091106589795, 0.14874869346127975, 0.05782512416166621], [0.41668327486879414, 0.3369024369439877, 0.1576108826591562, 0.08880340542807148], [0.4111498930349472, 0.33575856383574093, 0.1504326431508487, 0.10265889987845833], [0.40403864825632596, 0.32229787740155663, 0.18355985784617251, 0.09010361639593827], [0.4146776626003214, 0.3104581581828572, 0.16246157541033696, 0.11240260370650657], [0.3990935975034858, 0.3046469573568971, 0.17463837105165267, 0.12162107398798211], [0.39672602992474826, 0.30152134839268296, 0.1735636146538513, 0.12818900692871435], [0.5131590959448177, 0.28231993111145165, 0.13322856176467207, 0.07129241107907895], [0.5288325274538123, 0.2725646359467285, 0.13213769205445566, 0.06646514444502191], [0.4841944283084511, 0.27188649465493037, 0.18230477919445956, 0.06161429774215315], [0.4900978772747517, 0.2709260630665173, 0.15725155218136017, 0.08172450737736299], [0.495299814375552, 0.2817147011220563, 0.16081067721247988, 0.06217480718988511], [0.4878827692626414, 0.2826425139190404, 0.14256252756175206, 0.08691218915656101], [0.4611628542986185, 0.29018815419813604, 0.15441834871689522, 0.09423064268635832], [0.4761327310794139, 0.2872941797218877, 0.15957958413170673, 0.07699350496698759], [0.43877272183135213, 0.2765798906984615, 0.18933795212355042, 0.09530943524662551], [0.43528334445118766, 0.27774648032291266, 0.18121917555917352, 0.10575099956673138], [0.46073640611910566, 0.290477189077211, 0.17240665207169595, 0.07637975263197636], [0.45679095932872593, 0.2858075052165086, 0.15234050160597554, 0.10506103374879225]], "ideal": "A", "sampled": "A", "correct": true}}
{"type": "result", "data": {"idx": 7, "options": ["True, True", "False, False", "True, False", "False, True"], "probs": [[0.5358400904666154, 0.2565487553097043, 0.13939557358462254, 0.06821558053906063], [0.5172619380559433, 0.2644061250812839, 0.13893796342474077, 0.07939397333804539], [0.5526328085631982, 0.25563996171510356, 0.12446060727342106, 0.06726662234828255], [0.5659227883450361, 0.2490885277979406, 0.1238357781371734, 0.06115290561986321], [0.5317197922530907, 0.2549830399096383, 0.13620034932198452, 0.07709681841527138], [0.5537323491645488, 0.2494693649987531, 0.1374451275734816, 0.05935315816322112], [0.46137181598030574, 0.2917420143813399, 0.15382238924191124, 0.09306378029645959], [0.4635515818807947, 0.289451847809994, 0.14472830833637662, 0.10226826187282434], [0.45415762181623953, 0.2808235509273899, 0.17431977977892008, 0.09069904737744164], [0.46506938232777356, 0.2681802615533594, 0.1544135813208059, 0.1123367746980368], [0.4491651878790004, 0.26794723162848677, 0.16316211390306654, 0.11972546648943615], [0.4492658896285288, 0.2614984078957728, 0.1628606012595727, 0.12637510111614578], [0.5782980756847055, 0.22662062337334468, 0.12647960891358082, 0.06860169192837617], [0.5975724120889059, 0.2159353819342327, 0.12383917020608819, 0.06265303567076305], [0.5533722820227133, 0.2224856636272124, 0.1624893688743642, 0.0616526853757043], [0.5503408108265243, 0.2250252765660682, 0.14572042685350456, 0.07891348565393341], [0.5742914613925059, 0.22512865994263048, 0.14141619754311624, 0.05916368102177261], [0.5548451479782266, 0.23116616786960673, 0.13226278714336748, 0.08172589690880666], [0.5230119079277276, 0.24119082658335733, 0.14342400788839757, 0.09237325750053417], [0.5338953973713016, 0.24016175235702567, 0.14886321502827501, 0.07707963514339201], [0.5011512658177879, 0.23505375075228943, 0.17229050762461465, 0.09150447570530269], [0.5016472566915707, 0.23296201508025247, 0.16529979403465325, 0.10009093409352213], [0.5245865673619204, 0.24504797792416277, 0.15532078418110878, 0.07504467043278853], [0.5210493720400072, 0.240337045469198, 0.13962243999975163, 0.09899114239106072]], "ideal": "D", "sampled": "C", "correct": false}}
{"type": "result", "data": {"idx": 8, "options": ["0", "4", "2", "6"], "probs": [[0.32752423922752555, 0.29898975711915976, 0.2601786893081842, 0.11330731424513477], [0.2567023030249925, 0.2919145725437057, 0.2763087414013963, 0.17507438292990846], [0.2828728560884932, 0.3093063503944107, 0.27170106043263326, 0.1361197329844524], [0.30653084369896033, 0.29412343568571, 0.25677282338652385, 0.14257289712880594], [0.2906562625534548, 0.2841040976377332, 0.27753357397602313, 0.14770606573278608], [0.31506074571560183, 0.28995460553385843, 0.27019211470480997, 0.12479253394573474], [0.43512873590730566, 0.3037310547325153, 0.17498407473057784, 0.08615613452958007], [0.4027812490898116, 0.30976413432051947, 0.1862950752138281, 0.10115954127583474], [0.43899826421515936, 0.32937482982194755, 0.17095012605793636, 0.06067677980495022], [0.41891950446680276, 0.3066112178515532, 0.18399345809158696, 0.09047581949005462], [0.3874043281640643, 0.3234617039205758, 0.2182049204727864, 0.07092904734257546], [0.38346608549810346, 0.30708022408172214, 0.22722865497672357, 0.08222503534346302], [0.3981800007112126, 0.3071139951996431, 0.19828872145662685, 0.0964172825325157], [0.4072151496468333, 0.2992952394118638, 0.19206450839549094, 0.10142510244580757], [0.4178210198755615, 0.30572112127602763, 0.20312010865761337, 0.07333775009077814], [0.38089094834352616, 0.29299308304132915, 0.21239079110866554, 0.11372517740646985], [0.4028091619831722, 0.30125176296807793, 0.2115006552282537, 0.08443841972049383], [0.3886892693306337, 0.28027295881651343, 0.22129636968723274, 0.10974140206560505], [0.3796121590537294, 0.30417770566267627, 0.20684204638411785, 0.10936808879946523], [0.40449870701251295, 0.3005000364480795, 0.1997519725408419, 0.09524928389856542], [0.3917912377654485, 0.30464535812770144, 0.22993950733446325, 0.07362389667239685], [0.37992844314854185, 0.29619038685372173, 0.23758276105198795, 0.08629840884573313], [0.392596174916993, 0.3313448300382058, 0.20284962698856088, 0.07320936795623066], [0.3751551108147863, 0.30903129712403615, 0.20963686492000197, 0.106176727041187]], "ideal": "B", "sampled": "C", "correct": false}}
{"type": "result", "data": {"idx": 9, "options": ["1", "2", "2,3", "6"], "probs": [[0.4758502029148759, 0.20487543833277141, 0.1446050466345397, 0.17466931201781163], [0.47946753587516217, 0.20888142677531468, 0.1349339903485175, 0.176717046901004], [0.47639660677086126, 0.2246920524002666, 0.16883385969607143, 0.13007748103279487], [0.4552851943816752, 0.23759035981345827, 0.16474186299383484, 0.1423825827110342], [0.4692516470095667, 0.21171975085132352, 0.154872905234563, 0.16415569680453945], [0.4515586174978668, 0.22620201923791586, 0.15482074105864238, 0.1674186221055904], [0.4403495848760252, 0.2242420991557628, 0.14614628214439937, 0.18926203372382858], [0.4504173497666642, 0.23294624990830554, 0.13480451966973922, 0.1818318805552872], [0.43017324172810584, 0.2467674352995987, 0.1817647618146183, 0.1412945610576911], [0.41925674716800887, 0.23385252387805203, 0.1811493415036015, 0.16574138735031646], [0.44357313757455596, 0.23294135848817174, 0.1526513107179736, 0.17083419311929798], [0.41392708871382294, 0.2344722156797818, 0.16077527448005502, 0.19082542102635694], [0.4627537452059786, 0.2719733706712186, 0.1294581283242992, 0.13581475569848625], [0.4450084226774457, 0.2919077500670063, 0.12256097472530059, 0.14052285243025459], [0.4758448027672936, 0.27119622528637344, 0.11496210519419468, 0.1379968666521447], [0.4647573495275258, 0.2638033584779798, 0.11369786141713209, 0.15774143047737657], [0.4346105936063681, 0.2795181558695565, 0.14165307084891265, 0.14421817957514094], [0.4469472649913255, 0.26430475974419615, 0.1459015768017184, 0.14284639836277285], [0.45811102145262284, 0.21921465515244923, 0.13158945745081863, 0.191084865844131], [0.440871830749081, 0.23758960274148763, 0.13369342918870425, 0.1878451372207281], [0.437894551108187, 0.22680745740605537, 0.13723130173466114, 0.19806668965111016], [0.41869575476508525, 0.22295108154339796, 0.1349309238000262, 0.22342223979148146], [0.4148961996913362, 0.25645692399869285, 0.17604849965863967, 0.1525983765513537], [0.42217043608566013, 0.24802581078352376, 0.1827442141653637, 0.14705953886543913]], "ideal": "C", "sampled": "A", "correct": false}}
{"type": "result", "data": {"idx": 10, "options": ["True, True", "False, False", "True, False", "False, True"], "probs": [[0.5796769441813681, 0.2490599082839527, 0.10552708092604486, 0.06573606650860828], [0.5703918016124891, 0.25139820146277103, 0.10499055145752638, 0.07321944536718816], [0.5978007535274813, 0.24552886892932424, 0.09821002160878166, 0.05846035583440726], [0.6110251734142402, 0.2395533319615026, 0.0958940035991554, 0.053527490925100646], [0.5798016488298232, 0.24816257653647544, 0.10326462807418176, 0.06877114645949735], [0.595990388930652, 0.24352883157407865, 0.10438285316984441, 0.056097926225406325], [0.5035474684338219, 0.2815360986336181, 0.12303094523885043, 0.09188548759374203], [0.510048177612779, 0.27795722888643476, 0.11248089936871339, 0.09951369403208687], [0.493609869430351, 0.2700966684276091, 0.14206949161223237, 0.09422397042981813], [0.504675428415238, 0.2605861141659766, 0.1259192307089546, 0.10881922660982987], [0.49563436497044905, 0.2581519264551338, 0.13000939629226613, 0.116204312182174], [0.4909993519900741, 0.25423522739738735, 0.13366683368956145, 0.12109858682298644], [0.6141506082221162, 0.22775384481069022, 0.09719400464866265, 0.0609015422185377], [0.6308768900741013, 0.217276962597545, 0.09415040984814776, 0.057695737380202054], [0.5892069943092126, 0.22458137690734234, 0.12552254867561047, 0.060689080007835586], [0.595962781347329, 0.22319928773766862, 0.11032998307684451, 0.07050794773817953], [0.6069211735216182, 0.2255978906873774, 0.10932821223244311, 0.05815272345854536], [0.5990981377240844, 0.23109533741456584, 0.0992236812294013, 0.07058284353193571], [0.5726392505217917, 0.24601722315489058, 0.10072322668042182, 0.0806202995429081], [0.579091281606535, 0.24483998116001135, 0.10522497425882131, 0.0708437628746349], [0.5550129417822812, 0.2400149513863024, 0.12177103649339023, 0.08320107023804088], [0.5507593344851468, 0.23945554156347112, 0.12123408791845207, 0.08855103593291488], [0.5731068014985193, 0.2451473398005695, 0.11086634933944108, 0.07087950926147613], [0.570213254910051, 0.2444256783092668, 0.10033397530230556, 0.08502709137837702]], "ideal": "C", "sampled": "C", "correct": true}}
{"type": "result", "data": {"idx": 11, "options": ["symmetric only", "anti-symmetric only", "both symmetric and anti-symmetric", "an equivalence relation"], "probs": [[0.2746041286741939, 0.3966254524110741, 0.20617185603537283, 0.12259856277935435], [0.2763510117470792, 0.3600900435743955, 0.1799813656656786, 0.1835775789128493], [0.29224737364509124, 0.4326430738438841, 0.17566469441112575, 0.09944485799988884], [0.29833468222954695, 0.430228181028549, 0.15809635740707956, 0.11334077923483386], [0.3076031538220732, 0.3862215839628946, 0.15782899433844555, 0.14834626777660315], [0.307370193208779, 0.4262998555587732, 0.16614254526559133, 0.10018740586686443], [0.30684653134325457, 0.3929207299372613, 0.17793163611834184, 0.12230110250113954], [0.2998003196968805, 0.34852421373152204, 0.15244390770981875, 0.19923155876177637], [0.3237130531786367, 0.4511639050116082, 0.11349996363338026, 0.11162307807638466], [0.3203082891186147, 0.48404667289415393, 0.11383627662308755, 0.08180876126415786], [0.33324926552581413, 0.3695441364980167, 0.14582000404737194, 0.15138659382881445], [0.34698395060613374, 0.4210424930918623, 0.16361286998669128, 0.06836068621531875], [0.3763832270411152, 0.35329774685899784, 0.1774765740979436, 0.09284245190192524], [0.38587346127165045, 0.358421946109154, 0.1611401818242187, 0.0945644106949829], [0.3377360195318804, 0.42076607356185475, 0.1434700428743472, 0.09802786393190746], [0.33389211609772695, 0.44763605065010315, 0.14259214966767347, 0.0758796834844806], [0.3907999307247262, 0.382281542364888, 0.13139856633988187, 0.09551996047050476], [0.3576421875178829, 0.422824598108805, 0.14936226872878988, 0.07017094554450579], [0.3628915812812977, 0.31249302596592465, 0.1843931115265031, 0.14022228112627083], [0.36340902806119435, 0.34257915731373095, 0.20239786856221317, 0.09161394596284572], [0.350692800249517, 0.3156786924673425, 0.19876837622334564, 0.1348601309597909], [0.3563258183944998, 0.35197061749919356, 0.23296962897157208, 0.058733935034728874], [0.3904855350307164, 0.392989743077353, 0.1342541571983978, 0.0822705645935479], [0.352207218351999, 0.4313579912692785, 0.15222371710681637, 0.06421107317190511]], "ideal": "C", "sampled": "C", "correct": true}}
{"type": "result", "data": {"idx": 12, "options": ["1", "2", "5", "11"], "probs": [[0.4048007353726651, 0.32594169377778454, 0.17729802897110958, 0.091959541778449], [0.4119922046680409, 0.3186969535689755, 0.17635694751437903, 0.0929538941485868], [0.4200153614336915, 0.30891491305803676, 0.17307779192136247, 0.09799193348690816], [0.4425243688688792, 0.29743289909686027, 0.16524542738832065, 0.0947973045459283], [0.42374624050019555, 0.3047997433327936, 0.18238469256903933, 0.0890693234979704], [0.42051679671075254, 0.30181724801852505, 0.19174830428320414, 0.08591765088751448], [0.42418472276297464, 0.32378422234418885, 0.16826096689235231, 0.083770087900477], [0.4246610994015427, 0.32181797694266595, 0.17386139485622898, 0.07965952869955259], [0.42561039136373763, 0.3188774591471992, 0.1634910776175934, 0.09202107177146811], [0.4381690105487916, 0.3070339948019675, 0.15324267057746194, 0.10155432397179112], [0.4158337171140402, 0.3186304210941595, 0.19070711538756413, 0.07482874630423142], [0.4157431595374982, 0.30804363028537385, 0.18209976020290897, 0.09411344987422836], [0.45032376329868007, 0.30768240421618887, 0.14627148531520223, 0.0957223470699298], [0.4661734208259853, 0.31033454716520426, 0.1428345790692488, 0.08065745283956538], [0.4371520736219712, 0.3191881093626209, 0.16059170231678696, 0.08306811459861045], [0.46078534226549717, 0.3012852182900711, 0.14744172403767394, 0.09048771530674672], [0.4366048990794175, 0.3115630557932872, 0.17558068006121666, 0.07625136496607661], [0.4494979859869652, 0.2966173536620438, 0.16492629752440813, 0.08895836272659242], [0.449338755375932, 0.321352980321917, 0.1468655687162096, 0.08244269548594191], [0.43541944006711153, 0.32453747713916237, 0.15993683997586852, 0.0801062427178454], [0.44138383407463955, 0.32394187093550275, 0.1647921997413826, 0.06988209514850265], [0.4477475776125141, 0.3043944250174683, 0.1596474390446506, 0.0882105582253814], [0.44712508741442286, 0.31595015043567276, 0.16287684023185525, 0.07404792181804423], [0.44091911539455075, 0.310022683230016, 0.15942761711654924, 0.08963058415890444]], "ideal": "A", "sampled": "C", "correct": false}}
{"type": "result", "data": {"idx": 13, "options": ["(x \u2212 2)(x + 2)(x \u2212 1)", "(x + 1)(x + 4)(x \u2212 2)", "(x + 1)(x \u2212 4)(x \u2212 2)", "(x - 1)(x \u2212 4)(x \u2212 2)"], "probs": [[0.6510854010210806, 0.18754360460294017, 0.07429160337750977, 0.0870793908984436], [0.6414782781242295, 0.18292696152165253, 0.06703141140241146, 0.10856334885172277], [0.6475821092178008, 0.1913091083873907, 0.07104096414479143, 0.09006781815000656], [0.6465112003767831, 0.19104267457881802, 0.0684038517105515, 0.09404227323385311], [0.6386039167896052, 0.18539107150836578, 0.0669882201603516, 0.10901679144169524], [0.6535409308088869, 0.18425639024962218, 0.0680020932494579, 0.09420058559201305], [0.6328424511927329, 0.1937287212612474, 0.07873282636159117, 0.09469600108442573], [0.6284364081818742, 0.18492743634862155, 0.06851482834336342, 0.11812132702613538], [0.6333463188566346, 0.1886141358968398, 0.06430344883504725, 0.11373609631148042], [0.6464915955098148, 0.18176348416076732, 0.0618588366341903, 0.10988608359524321], [0.6275434167694653, 0.17945158976549552, 0.06099240278601679, 0.13201259057900197], [0.6622244987236608, 0.1765239013003719, 0.072451196206013, 0.08880040366995713], [0.635285514852522, 0.20289581752024552, 0.06680975005712599, 0.09500891747010617], [0.634015221485369, 0.20065167753034563, 0.06433464656276665, 0.1009984543214955], [0.6398567056873601, 0.19563022651044873, 0.06065144653539888, 0.1038616211667691], [0.6542847107095626, 0.18628043499017127, 0.05895673259174567, 0.10047812160854343], [0.6372950960724835, 0.2001196442136381, 0.05066568496532374, 0.11191957464854983], [0.6533626723795277, 0.19459931335379232, 0.05345082803867287, 0.09858718612802027], [0.6323941100551956, 0.1967946749799158, 0.06283152341428729, 0.1079796914505893], [0.641101766724475, 0.19286401980408757, 0.06564346513094664, 0.10039074824049882], [0.6303510554017345, 0.18699815412793735, 0.06073887540144671, 0.12191191496888047], [0.6461960585709566, 0.18890641341054576, 0.06952844572420455, 0.09536908219428109], [0.6353725812436745, 0.19524128180166134, 0.05550327753396556, 0.11388285932068958], [0.6457882042389131, 0.1916201807906752, 0.05870447395205222, 0.10388714091833547]], "ideal": "C", "sampled": "C", "correct": true}}
{"type": "result", "data": {"idx": 14, "options": ["6", "12", "30", "105"], "probs": [[0.3287632266023729, 0.30414660835185603, 0.25607098464806244, 0.11101918029770086], [0.3406151210515578, 0.2974372169190973, 0.24828730969504487, 0.11366035223432643], [0.3277905554270967, 0.3009695837214808, 0.2538727225770628, 0.11736713817434855], [0.33536305737483196, 0.28948619458265945, 0.2514308502348911, 0.12371989770760733], [0.34896803548245775, 0.30677750489277256, 0.23319372764461946, 0.11106073188016327], [0.34854624465287753, 0.30659032360659877, 0.2354344157964028, 0.10942901584411385], [0.3502614110093592, 0.3158751509716246, 0.22590170489424782, 0.10796173302475694], [0.36385201547128876, 0.3118860799986425, 0.215591234771185, 0.10867066965889773], [0.3507684621939658, 0.3095439300652678, 0.24301850482754056, 0.09666910281321296], [0.3397875723330369, 0.30196624153000795, 0.2384914463770331, 0.11975473965990002], [0.35853875449505135, 0.3143926156474937, 0.22845542811367514, 0.09861320164378012], [0.3514608152517998, 0.3119490048507352, 0.2304064811002966, 0.10618369869716325], [0.35680035593566106, 0.31143773070164543, 0.22014045155404396, 0.11162146170865946], [0.34994551904572774, 0.30726034605467634, 0.2240359815212528, 0.11875815327835539], [0.3602300346608532, 0.31194870929259916, 0.22382182428526512, 0.10399943166129337], [0.34857305998259985, 0.3048960405506429, 0.22383737686447913, 0.12269352250225839], [0.34852147185314486, 0.3121906296590314, 0.23566540021318813, 0.10362249817463323], [0.3441876902319938, 0.30589224365731693, 0.23693096536957386, 0.11298910064109534], [0.3546084588438985, 0.31559351896720306, 0.2057171098374805, 0.1240809122514213], [0.34901340918798107, 0.31634469356712686, 0.2082935210622078, 0.12634837608268096], [0.3555342478459359, 0.3153117289888916, 0.21571016528837458, 0.11344385777681804], [0.3516544104696253, 0.31435334277625104, 0.21058947880126658, 0.12340276785286554], [0.35185859352230864, 0.3248179068735198, 0.21178643267641353, 0.11153706682777796], [0.3533879275832059, 0.32243235752440363, 0.20413073921017766, 0.12004897558221349]], "ideal": "C", "sampled": "D", "correct": false}}
{"type": "result", "data": {"idx": 15, "options": ["True, True", "False, False", "True, False", "False, True"], "probs": [[0.4799901948124511, 0.2887460986010009, 0.15723347223169973, 0.0740302342548343], [0.4724423566234915, 0.2877815168158574, 0.15469770540974773, 0.08507842105089979], [0.5091094845160378, 0.28544466625590975, 0.13982264668262756, 0.0656232024453988], [0.5149443002322163, 0.28322604132067647, 0.14031450113010013, 0.06151515721700004], [0.4864783160492051, 0.2780384927607595, 0.1580470183284452, 0.07743617276159363], [0.4944310101232645, 0.28031206084276766, 0.16238143733611124, 0.06287549159784143], [0.43140454651224547, 0.3060157666499922, 0.16696510466544665, 0.0956145820723365], [0.43248517543136245, 0.29898839924557746, 0.16125297931178673, 0.10727344591128367], [0.4261132975421185, 0.29093407612249383, 0.184617577957906, 0.09833504827748574], [0.44270273525750486, 0.2781608027920418, 0.16819761468390787, 0.11093884716656473], [0.429754501711942, 0.27124456353154847, 0.1766724210108677, 0.12232851364563266], [0.4287867125201497, 0.2687894212992863, 0.1770367466433144, 0.1253871194372375], [0.5096241498618902, 0.2538654411426738, 0.1549501962244805, 0.08156021267096887], [0.5216477348632337, 0.24605743535033422, 0.1552820969108357, 0.07701273277556418], [0.4857889479150833, 0.2464972221465673, 0.19549028157376488, 0.07222354826457111], [0.49580911413763373, 0.24109395039478865, 0.17310947608620011, 0.08998745928137836], [0.4993733796114281, 0.2519283147034272, 0.17527013092073648, 0.07342817466441828], [0.49545984052225217, 0.2519143089201897, 0.15973690362700288, 0.09288894683057458], [0.48253994133632205, 0.24889884485594072, 0.16306012287439395, 0.10550109083334695], [0.49353494049956703, 0.24976344724385174, 0.1663705337021114, 0.09033107845447744], [0.46187282903831745, 0.24434223865688454, 0.18552579157212962, 0.10825914063267003], [0.4620727106519553, 0.24087969529508987, 0.18133429450158073, 0.11571329945138627], [0.4828805343572734, 0.2545901639871264, 0.1685010795590271, 0.09402822199659362], [0.4866403001014998, 0.24569251674612674, 0.15422552786119964, 0.11344165519118961]], "ideal": "B", "sampled": "A", "correct": false}}
{"type": "result", "data": {"idx": 16, "options": ["1", "-1", "i", "-i"], "probs": [[0.4058018001547629, 0.3040364339360155, 0.2093203269483632, 0.08084143886086942], [0.41124075706010216, 0.30979092892415594, 0.194892680086224, 0.08407563382953068], [0.4254983472850156, 0.3036934921292973, 0.18013640596732555, 0.09067175451834263], [0.4181195284813917, 0.3124640002739179, 0.18292851555455603, 0.08648795559013854], [0.4270742917716976, 0.3170558378463789, 0.16848746615828697, 0.0873824041236476], [0.4187176014819942, 0.32995450947246313, 0.16815770290753132, 0.0831701860380056], [0.41125231174541543, 0.299683830303198, 0.20000252723923223, 0.08906133061215343], [0.42962662397223716, 0.2992357589269708, 0.19419165362063875, 0.07694596338016076], [0.4295566600698033, 0.3119025602832418, 0.17974991521682185, 0.07879086433012426], [0.4323051445245069, 0.3117534330264076, 0.17221768437178983, 0.0837237379772971], [0.41425904130762403, 0.3312076491875233, 0.18004743094772357, 0.07448587845713914], [0.3785036190235767, 0.35046465398115934, 0.18315297225597144, 0.08787875463930275], [0.44423949328334844, 0.2620085961577322, 0.19621102184661612, 0.09754088861229483], [0.4526127283853364, 0.26910672478012665, 0.19757680633050942, 0.08070374040402545], [0.44218077265250005, 0.27807355062945927, 0.20311920391993765, 0.07662647269811153], [0.44573654217305686, 0.2745555195305449, 0.19652282660395282, 0.08318511159245559], [0.42080846644217873, 0.29506406997279044, 0.19636215585603176, 0.08776530762901984], [0.43524317330393864, 0.2796506607404139, 0.1838818002315501, 0.10122436562410593], [0.45864759711592873, 0.2683299074304008, 0.19615451466197723, 0.07686798069168742], [0.4443063702927359, 0.28579575864320617, 0.1952880223828092, 0.07460984858124635], [0.43486511753073503, 0.3030719444155959, 0.19861429446091972, 0.06344864349275504], [0.40426454195334965, 0.31867899718941567, 0.20626672317088293, 0.0707897375863451], [0.43863562770079845, 0.29847359801843165, 0.18126744435420378, 0.08162332982656001], [0.43927260724764466, 0.29547432194362105, 0.18294196486129746, 0.08231110584744383]], "ideal": "C", "sampled": "D", "correct": false}}
{"type": "result", "data": {"idx": 17, "options": ["(1,1)", "(3,1)", "(1,6)", "(3,6)"], "probs": [[0.45671642996435646, 0.25254819264097494, 0.16667226982459024, 0.12406310747007229], [0.4586269603018592, 0.25985204056654126, 0.16725964223352482, 0.1142613567980833], [0.43194921628450267, 0.24236634439676727, 0.17788876121469696, 0.14779567800403584], [0.4629830716017511, 0.23259337696256654, 0.16321361914093654, 0.14120993219475753], [0.4249137280873213, 0.2672035276719546, 0.17756900376835677, 0.1303137403723603], [0.4498803532080009, 0.2477611690914553, 0.15833908613816733, 0.1440193914623596], [0.44628581588932775, 0.24624308549295643, 0.162436625673414, 0.1450344728442882], [0.4583722503142552, 0.2501784342446634, 0.1718103890768041, 0.1196389262642896], [0.4337923604613641, 0.2579883078716377, 0.1592611437957895, 0.14895818777120007], [0.433943702897346, 0.2529862809640716, 0.17360437556976216, 0.13946564046881724], [0.4203034012166456, 0.2601486247205801, 0.18151380163462127, 0.13803417232814383], [0.4446810351390855, 0.24382916546323977, 0.18144342969783994, 0.13004636959984595], [0.43726684381168657, 0.24452951620262373, 0.16379771877794555, 0.15440592110776433], [0.4513156482665924, 0.2502242216361502, 0.1710740944539997, 0.1273860355432626], [0.4353572156933762, 0.26302953957247716, 0.15808758320675365, 0.14352566142740422], [0.4379290421660029, 0.26112806340292155, 0.1720749422366806, 0.12886795209438265], [0.41419329944815525, 0.2755659958918295, 0.17979107666599908, 0.1304496278940084], [0.4234291690691139, 0.2669718114323496, 0.18405962576357918, 0.12553939363495706], [0.42973992474249106, 0.2710546103798137, 0.16943392644027308, 0.12977153833742447], [0.4423043771298274, 0.2579156724752459, 0.15699420105901185, 0.14278574923590887], [0.4377171544422873, 0.2790379258667194, 0.16244198779842267, 0.12080293179255693], [0.4486515454699772, 0.2665058905664733, 0.17109730622078403, 0.11374525764277382], [0.42684214135551163, 0.27403027370250144, 0.16566208763879503, 0.13346549720320353], [0.4317691940436106, 0.27135050068817057, 0.18000047685372014, 0.11687982831449142]], "ideal": "C", "sampled": "B", "correct": false}}
