{"type": "result", "data": {"idx": 0, "options": ["99% of the time in repeated samples, the interval would contain the true value of the parameter", "99% of the time in repeated samples, the interval would contain the estimated value of the parameter", "99% of the time in repeated samples, the null hypothesis will be rejected", "99% of the time in repeated samples, the null hypothesis will not be rejected when it was false"], "probs": [[0.49232183973295407, 0.278064061908773, 0.1272667695508864, 0.10234732870736003], [0.5009848709391944, 0.2782690874204213, 0.1255251572306484, 0.09522088430973953], [0.5054104213767475, 0.2672393403081431, 0.13700535604600902, 0.09034488216909609], [0.5002431604645279, 0.2688706862579093, 0.13672629660401378, 0.09415985657355999], [0.490524900484699, 0.27952008273941886, 0.12820789101650476, 0.10174712565939134], [0.4866863936576294, 0.2724305284287335, 0.13068381056825823, 0.11019926724539356], [0.4954238516214435, 0.2750801159499044, 0.1279666755556441, 0.10152935677299889], [0.5034956898226879, 0.2754008527472204, 0.1261671770282682, 0.09493628030182352], [0.5040335406949071, 0.2707267717620311, 0.13935567314979352, 0.08588401429325108], [0.4997534723179482, 0.2691480920304128, 0.1362511014928159, 0.09484733405882191], [0.49120095375117145, 0.28455296569434274, 0.13158295080651208, 0.09266312964796047], [0.4905701307960005, 0.27073556862456555, 0.12775027419518212, 0.11094402628426388], [0.48674604350372186, 0.2948015958998347, 0.1283819092282192, 0.09007045126823306], [0.518181102817297, 0.2784244999089694, 0.11246718501868821, 0.09092721215503743], [0.47234467690753207, 0.3072754325084217, 0.12971262612440976, 0.0906672643596254], [0.4976828005108726, 0.2905536126397175, 0.11033631396943132, 0.1014272727799833], [0.5064767935353357, 0.2843413127463867, 0.12399295247315002, 0.08518894114511598], [0.49755850044345157, 0.2857580903966759, 0.12427648564937989, 0.09240692341048397], [0.4709618837527684, 0.3025047420567201, 0.1262080491749268, 0.10032532491559848], [0.48012007324533434, 0.2839347130987205, 0.1289357324020072, 0.10700948115393319], [0.4617653903212943, 0.3182236982345637, 0.12439338907314088, 0.09561752227098891], [0.47263070439734395, 0.2933920400005584, 0.12118435276204874, 0.11279290274006225], [0.48083367695572105, 0.29771890216360486, 0.14241878846989928, 0.07902863231078926], [0.47646649133858143, 0.2967763071165787, 0.1424435287924593, 0.08431367265237423]], "ideal": "A", "sampled": "B", "correct": false}}
{"type": "result", "data": {"idx": 1, "options": ["ADF is a single equation approach to unit root testing while PP is a systems approach", "PP tests reverse the DF null and alternative hypotheses so that there is stationarity under the null hypothesis of the PP test", "The PP test incorporates an automatic correction for autocorrelated residuals in the test regression", "PP tests have good power in small samples whereas DF tests do not."], "probs": [[0.5543585500082082, 0.23487655267697838, 0.11926512999050021, 0.0914997672243343], [0.5655603656643652, 0.24463541516444123, 0.12476780029495259, 0.06503641877623681], [0.5644305932342896, 0.23150573757780532, 0.12319129435955867, 0.08087237472834957], [0.5452257172002647, 0.2388994152415835, 0.1314696480158699, 0.08440521944226739], [0.5568600714580301, 0.25074421928363055, 0.11967961858159779, 0.07271609057675821], [0.5546365786357911, 0.24419268343623818, 0.10735292223237776, 0.09381781559559237], [0.5535442601537041, 0.225196187917271, 0.12795831952911327, 0.09330123229989083], [0.5665048851026345, 0.2379490104256307, 0.12499922501958201, 0.07054687935213887], [0.5420970265498686, 0.22139553064685752, 0.136948559414298, 0.09955888328899329], [0.5511850106695944, 0.23124177048739322, 0.13077303975620322, 0.0868001789868143], [0.5601091742832629, 0.2379504782098737, 0.12570114119299833, 0.07623920621388468], [0.5522121665752285, 0.23084829275100568, 0.1245914518446503, 0.0923480887291403], [0.6068044832508628, 0.2163293393160871, 0.10133477745108183, 0.07553139988199399], [0.5812628018072045, 0.2328732469958788, 0.10976218898610118, 0.0761017621108133], [0.58280010464064, 0.21254451251138942, 0.10977556957542035, 0.09487981317256405], [0.5694206853105894, 0.23661847465313854, 0.11054311818423634, 0.08341772175204966], [0.5811733984332874, 0.23005320795351686, 0.09835178301530344, 0.09042161049788762], [0.5899464350447674, 0.228417963557221, 0.09941150630781471, 0.08222409499017573], [0.5514172314233733, 0.24458050050701105, 0.13035029380993401, 0.07365197415967492], [0.547934363772373, 0.24686177105731666, 0.11992709209691689, 0.0852767729734072], [0.5526350802062723, 0.24481474820354382, 0.12885338133923466, 0.07369679015093998], [0.5328016605658097, 0.2518580178062596, 0.1276353007289203, 0.08770502079902844], [0.5288580465659055, 0.2507226074076534, 0.13319245149259443, 0.08722689443385206], [0.5390971305089146, 0.24320025022172964, 0.13455684322417877, 0.08314577594517622]], "ideal": "C", "sampled": "C", "correct": true}}
{"type": "result", "data": {"idx": 2, "options": ["It would rise more quickly for negative disturbances than for positive ones of the same magnitude", "It would be symmetrical about zero", "It would rise less quickly for negative disturbances than for positive ones of the same magnitude", "It would be zero for all positive disturbances"], "probs": [[0.5169137323812961, 0.26562596823958096, 0.14599618078625468, 0.0714641184929002], [0.49874078474091854, 0.24420334189125342, 0.1421050949789233, 0.11495077828889466], [0.5288612351255016, 0.2882596453235384, 0.09815636364649091, 0.08472275580444484], [0.524369281449875, 0.2923751138698632, 0.10284653576440374, 0.08040906881586277], [0.4956432241266923, 0.24245517073179215, 0.1289357638942089, 0.1329658411472867], [0.48479084230066, 0.2782269088907712, 0.1536407511686885, 0.08334149753990014], [0.4527873026926568, 0.3785676473155232, 0.10484874786130093, 0.06379630203050364], [0.45324212189745644, 0.3479527624977697, 0.09745523175840719, 0.10134988374636451], [0.4426385854441054, 0.38896017903059144, 0.1065637989786916, 0.06183743644660735], [0.43776114459112647, 0.3605853645149349, 0.10162335276983223, 0.10003013802410002], [0.4593227401963713, 0.3149317952628408, 0.127352165906274, 0.09839329853451692], [0.44677751947377264, 0.3258682877080448, 0.129610584646436, 0.09774360807175717], [0.5349647731836106, 0.289771532589097, 0.09592635872505807, 0.07933733540224674], [0.5283508221001305, 0.29454760419341963, 0.1001888425181081, 0.07691273108832113], [0.5100414358006695, 0.27412264074888343, 0.1493550052557299, 0.06648091809473174], [0.48387661294597645, 0.25960024011415617, 0.14709965002732378, 0.10942349681254157], [0.48073102743889445, 0.28338498668612294, 0.15560444946399665, 0.08027953631097053], [0.48020399877521264, 0.25645280259796105, 0.13233031367596415, 0.13101288485086762], [0.43731492547816564, 0.3067268029744856, 0.11658911163561342, 0.13936915981171807], [0.4193672360791624, 0.3406036203915342, 0.1456466966474804, 0.09438244678182585], [0.43213876808257473, 0.2923082131489907, 0.15080962536419573, 0.12474339330423546], [0.4208223028791031, 0.3027552507002123, 0.15355764167616964, 0.12286480464451877], [0.40345488469111873, 0.35474085738138045, 0.15319939740181288, 0.0886048604256794], [0.41363209187105476, 0.32560323955966075, 0.12663752125872357, 0.134127147210568]], "ideal": "A", "sampled": "C", "correct": false}}
{"type": "result", "data": {"idx": 3, "options": ["There is nothing in the model to ensure that the estimated probabilities lie between zero and one", "Even if the probabilities are truncated at zero and one, there will probably be many observations for which the probability is either exactly zero or exactly one", "The error terms will be heteroscedastic and not normally distributed", "The model is much harder to estimate than a standard regression model with a continuous dependent variable"], "probs": [[0.6069567514141941, 0.2273937051467753, 0.09635910071251504, 0.06929044262650476], [0.6154548991464582, 0.21673139428025864, 0.10126981885422652, 0.06654388761904897], [0.5895599317761124, 0.23109705681183762, 0.09822263841563313, 0.08112037289642221], [0.5457520889490931, 0.2503313986394543, 0.09797718068878122, 0.1059393316226723], [0.6026176971443061, 0.2284983045576464, 0.09948431783639326, 0.06939968036166684], [0.5354007301376312, 0.2525277039922304, 0.0997530586251294, 0.11231850714501408], [0.5879330726190637, 0.23064528202227358, 0.11510042101431588, 0.06632122424434063], [0.6058974634749182, 0.2162094874677505, 0.11884878030840665, 0.05904426864890295], [0.5862153150711158, 0.2183964279228936, 0.12141707291668431, 0.07397118398930706], [0.6067991433723535, 0.2091390662600613, 0.11074827569976221, 0.07331351456784796], [0.6191033777185891, 0.2074554511128127, 0.10862552633704745, 0.06481564473156598], [0.6041533527437366, 0.21115388501960014, 0.10599471959230074, 0.07869804254434629], [0.575173178663112, 0.23344877784296694, 0.09819175045069511, 0.09318629294322399], [0.5323654556219168, 0.25197499207101864, 0.10347923819370246, 0.11218031401335946], [0.5787381220245017, 0.22741884096339035, 0.11405948639325278, 0.07978355051883591], [0.6039815548568264, 0.21540819687098678, 0.10067917163040112, 0.07993107654176981], [0.5374397148511619, 0.251264842317898, 0.09650479990487998, 0.11479064282603871], [0.5927789289000589, 0.22919648584838193, 0.09063623732145057, 0.08738834783011866], [0.6260549121158645, 0.20458310402733298, 0.09854398514293294, 0.0708179986138668], [0.5523144310811795, 0.2359978751839441, 0.10429745948929033, 0.10739023414558578], [0.6407904304621017, 0.19858422522613717, 0.09796169443749583, 0.06266364977426211], [0.629516988003002, 0.20111345097712952, 0.09257414860884695, 0.07679541231103532], [0.5558486835620782, 0.2332388150060894, 0.10129971805609014, 0.10961278327574941], [0.6159371911686748, 0.20578608240448573, 0.09192658957074647, 0.0863501367560872]], "ideal": "D", "sampled": "B", "correct": false}}
{"type": "result", "data": {"idx": 4, "options": ["The population is the total collection of all items of interest", "The population can be infinite", "In theory, the sample could be larger than the population", "A random sample is one where each individual item from the population is equally likely to be drawn."], "probs": [[0.3949474025068347, 0.277004197756847, 0.12290092893526249, 0.20514747070107409], [0.42050669266558843, 0.28329474231482465, 0.15317793941653676, 0.1430206255030528], [0.40174415967107385, 0.2769523455047449, 0.1285275963796269, 0.1927758983445607], [0.41699526903718925, 0.3092950536246409, 0.17302621601824172, 0.10068346121993355], [0.44271118474229226, 0.30808571191128825, 0.11528725479131059, 0.13391584845509613], [0.44481047761932846, 0.3302425038630964, 0.12753343416516813, 0.09741358425239771], [0.36555040345360806, 0.29970367012129623, 0.12103274407858466, 0.2137131822465193], [0.3967074648647175, 0.29496429634634735, 0.15561381905619084, 0.15271441963273644], [0.3697437158819357, 0.29948541006844986, 0.12169631565383168, 0.2090745582957852], [0.3775533078511249, 0.30856140956965916, 0.1600014117976324, 0.15388387068155696], [0.39609994599426956, 0.3269603720475624, 0.1193442829155114, 0.15759539894267854], [0.4056120648308203, 0.33304469392949226, 0.12328652160987573, 0.1380567195298138], [0.3861624183313819, 0.2555119771430824, 0.12960567254195393, 0.22871993188358003], [0.4120568038169194, 0.2929065733754193, 0.17747487131163978, 0.11756175139604307], [0.38256578457248774, 0.2758215833429851, 0.1234221779340809, 0.21819045405043697], [0.40468408101688924, 0.3009911640333743, 0.14623663295523096, 0.14808812189450932], [0.4164939604067958, 0.31510388597761474, 0.13985531779565677, 0.1285468357199259], [0.4389425222030407, 0.3072555698072841, 0.115495230200794, 0.1383066776888915], [0.4326027955937327, 0.2762946842950242, 0.14770739837208383, 0.1433951216391648], [0.42958602672756285, 0.2986637626991009, 0.1665133008508129, 0.10523690962253429], [0.43907595475512284, 0.27685309681110937, 0.1518590568674738, 0.13221189146630102], [0.44605095154309693, 0.27463548452944336, 0.14752255364823547, 0.13179101017923806], [0.41625715928458684, 0.30167647304009026, 0.1735201834063399, 0.10854618416899667], [0.4365376235176466, 0.287210458689155, 0.14768619649524442, 0.12856572119797258]], "ideal": "C", "sampled": "D", "correct": false}}
{"type": "result", "data": {"idx": 5, "options": ["Asymptotically, the values of the two test statistics will be equal", "The Q test has better small-sample properties than the Q*", "The Q test is sometimes over-sized for small samples", "As the sample size tends towards infinity, both tests will show a tendency to always reject the null hypothesis of zero autocorrelation coefficients."], "probs": [[0.5385606803112184, 0.22678613233209352, 0.09440322863486032, 0.14024995862183132], [0.563811912288902, 0.24988938261571644, 0.09040823526263995, 0.09589046973274956], [0.5398797867910368, 0.22255119450479305, 0.10261885792185776, 0.13495016068232618], [0.5677078365655044, 0.22603007539482475, 0.08828931757216746, 0.11797277036750228], [0.5861568240310974, 0.2501686964838811, 0.07404381864253645, 0.08963066074247594], [0.5795681415889761, 0.2316662421681514, 0.07814734158418553, 0.11061827455866567], [0.5331553474387538, 0.21882052424466186, 0.10827138165910935, 0.139752746557458], [0.553310653303389, 0.23327320086607836, 0.11260054385046565, 0.10081560188008795], [0.5117707822857764, 0.21453737498326003, 0.12259489678097167, 0.1510969458500217], [0.5436246443416916, 0.22101359936934406, 0.13429035402859008, 0.10107140216035683], [0.569937910882593, 0.22343957374465173, 0.1063360970740815, 0.10028641819869663], [0.5759103347091519, 0.22394187585361988, 0.09788232152264638, 0.10226546781460225], [0.5295788538397709, 0.21928441500628706, 0.11637054904354123, 0.13476618201038415], [0.5592524305031124, 0.2233277405578377, 0.09648476629384777, 0.12093506254521194], [0.49940179090544284, 0.23246083981552054, 0.12111670773523157, 0.14702066144380221], [0.5286275316895724, 0.244131334515982, 0.12551950595265246, 0.10172162774181753], [0.5579183547976588, 0.22080291098564725, 0.1085849363251522, 0.11269379779155438], [0.5620457590906027, 0.23773579503781936, 0.10497894238753824, 0.09523950338401474], [0.5842644339692, 0.20444305848143218, 0.12299159516786361, 0.08830091228150876], [0.5678015200431279, 0.20219360171245943, 0.12176439928418456, 0.10824047886022564], [0.5691622812618538, 0.21004652003555174, 0.12606816105027152, 0.09472303755231308], [0.5819256856857254, 0.20657408177986017, 0.11464374693383121, 0.09685648550058422], [0.5642599626850665, 0.1936441197018508, 0.13412682101175477, 0.1079690965013321], [0.5727102596351629, 0.19873444523639125, 0.13561695315480585, 0.09293834187362261]], "ideal": "B", "sampled": "D", "correct": false}}
{"type": "result", "data": {"idx": 6, "options": ["Includes too many variables", "Includes as few variables as possible to explain the data", "Is a well-specified model", "Is a mis-specified model"], "probs": [[0.4958082798107718, 0.3169726812409113, 0.14262554593227736, 0.044593492916029], [0.47839084292341677, 0.3105968760867357, 0.15118015975595336, 0.05983212113387495], [0.5034571036594291, 0.31116484401000855, 0.1461598743132691, 0.039218177917295746], [0.460809867369815, 0.3123098549864974, 0.16416652836298964, 0.06271374918069471], [0.4682177188368647, 0.29747529424665925, 0.17178622934186838, 0.06252075747460688], [0.4425110208909387, 0.3111938752112522, 0.17956298661435532, 0.06673211718345891], [0.5934403387622287, 0.22530661833732993, 0.14789588349574445, 0.03335715930469694], [0.5505457706983569, 0.22287546050754564, 0.17574314066237348, 0.050835628031744615], [0.6238176153001063, 0.21981316022263275, 0.12092490077496693, 0.035444323602272], [0.5879001471341283, 0.24608651603253354, 0.13564964511447183, 0.030363691618887065], [0.5703095571067679, 0.2081407402042622, 0.162830062532174, 0.05871964005680075], [0.5607742327468686, 0.24613153009702346, 0.15783919771332133, 0.035255039342786405], [0.5446707373511886, 0.266358320417569, 0.14850288381917925, 0.040468058312096745], [0.5190449956195095, 0.2611528068671557, 0.16205787166253557, 0.057744325750769786], [0.5381861065533052, 0.27636725566988163, 0.14645839057046262, 0.03898824710638262], [0.5255775986169761, 0.2957921216657041, 0.1464737586774651, 0.03215652093986198], [0.5322000862184005, 0.26952229408299055, 0.13548365404056054, 0.06279396555803467], [0.554671326261359, 0.2835344349167298, 0.12838630202729856, 0.03340793669459906], [0.4932906250885056, 0.26613770171775486, 0.17510964139338556, 0.06546203170035518], [0.47821267831444, 0.26943623825876667, 0.18543261719945744, 0.06691846612733683], [0.497791199601415, 0.2685937459130682, 0.17045869287758242, 0.06315636150794644], [0.49689646574393764, 0.2964665090100509, 0.1677427508718115, 0.03889427427417948], [0.5200545069595345, 0.2852975587460758, 0.1317101741679207, 0.06293776002644315], [0.5369493794168277, 0.29552828265448544, 0.13218254200605847, 0.035339795822634544]], "ideal": "A", "sampled": "B", "correct": false}}
{"type": "result", "data": {"idx": 7, "options": ["They can be interpreted as continuously compounded changes in the prices", "They can be added over time to give returns for longer time periods", "They can be added across a portfolio of assets to give portfolio returns", "They are usually fat-tailed"], "probs": [[0.4597586778890048, 0.22244386742416736, 0.18066353077128666, 0.13713392381555517], [0.46557225102571065, 0.2260273972376743, 0.1697114953516622, 0.1386888562849664], [0.4550838093338703, 0.21407360459021674, 0.17388020090194078, 0.15696238507396304], [0.46196998260565436, 0.2209289793937914, 0.1707214024837687, 0.14637963541678087], [0.46016874952481157, 0.2551309635274779, 0.1636701076384959, 0.1210301792092108], [0.45544301402749315, 0.25331083984607916, 0.1658228439440857, 0.1254233020823444], [0.4445055266837678, 0.22002352486865956, 0.18104582297878893, 0.1544251253687933], [0.4574547666347692, 0.22473506519866218, 0.17136287111445087, 0.14644729695212974], [0.41599858089710745, 0.21236948424821123, 0.20449550604703892, 0.16713642870764284], [0.38532471002771496, 0.20129539742312197, 0.21186991472367428, 0.2015099777254871], [0.4340022438035462, 0.2489449484824912, 0.17209772032775064, 0.14495508728621861], [0.39993782822107155, 0.2426042329938945, 0.17561132363020576, 0.18184661505484082], [0.46378158553063004, 0.2149438184350821, 0.17232662592856338, 0.1489479700057192], [0.4775558623579358, 0.2166742319417765, 0.1653967775484785, 0.14037312805181607], [0.4505350691910558, 0.21899827253289286, 0.1908583714131065, 0.13960828676292508], [0.42549619692103374, 0.2016665371212435, 0.19256003732216329, 0.18027722853557143], [0.4536042754184066, 0.24092589270021886, 0.1573945152752997, 0.14807531650607597], [0.432686576088832, 0.23663702784341903, 0.15462803034753606, 0.1760483656202069], [0.4974647099725891, 0.2296595072429267, 0.16461932979343696, 0.10825645289104928], [0.49555195737055663, 0.23036439465161287, 0.166563253376067, 0.107520394501745], [0.48710676043783335, 0.21408795516173176, 0.17661468295876015, 0.12219060134167074], [0.45096375336828676, 0.21025899679062177, 0.18324377200651543, 0.15553347773459894], [0.4767166884674875, 0.2139391335192484, 0.170487888254719, 0.13885628965853863], [0.4493949924306134, 0.20806002771188456, 0.1671705216973693, 0.17537445806013327]], "ideal": "C", "sampled": "D", "correct": false}}
{"type": "result", "data": {"idx": 8, "options": ["(ii) and (iv) only", "(i) and (iii) only", "(i), (ii), and (iii) only", "(i), (ii), (iii), and (iv)"], "probs": [[0.4090899500774621, 0.31430113800025355, 0.17274810029333584, 0.1038608115289611], [0.41308498270192184, 0.3128928461141099, 0.18854898301144268, 0.08547318807252192], [0.39743148105192966, 0.32953679929745777, 0.1653541260889149, 0.10767759346170923], [0.39932266541741074, 0.3377693404686954, 0.18257894982231432, 0.08032904419157437], [0.41071134128728215, 0.35231632091013704, 0.15069209631293956, 0.08628024138962957], [0.41391908333313815, 0.35896237111907864, 0.150848917781464, 0.07626962766632217], [0.4338975346819996, 0.2943644921374392, 0.17634613115152503, 0.09539184192901713], [0.43457104932635493, 0.2975167402367925, 0.1892864201185515, 0.07862579021830636], [0.42824993695484, 0.3078218977926629, 0.1561802250475571, 0.10774794010493965], [0.4329095160937839, 0.3146449949613521, 0.173436323350007, 0.07900916549487283], [0.4450417239729274, 0.3307236850870749, 0.14085544842315514, 0.08337914241685787], [0.4417881337052186, 0.3364447742441227, 0.1445869284524413, 0.07718016349821104], [0.44438335734688994, 0.2904716395714329, 0.17513727002142085, 0.09000773296025812], [0.45805362801982225, 0.2896772959544808, 0.18556518146221537, 0.06670389446347431], [0.44531676502441914, 0.28676759115693545, 0.16678673920528128, 0.10112890451337322], [0.45964001465373944, 0.28905579219753985, 0.1862170169936718, 0.065087176055057], [0.4882981651319842, 0.30132869913507854, 0.1344616898341937, 0.07591144579873782], [0.4813749468413104, 0.3117454546356615, 0.1368604619419927, 0.07001913648103014], [0.4602120129425818, 0.2380917471898432, 0.19997227386585484, 0.10172396590172722], [0.488498230388531, 0.23651566102573907, 0.1976698066414936, 0.0773163018442318], [0.4753680117339906, 0.22878134293670865, 0.18807957249315657, 0.10777107273614552], [0.5031352818282092, 0.2272738706254802, 0.19088149706712967, 0.0787093503791765], [0.5260691899164575, 0.24112382621450654, 0.14510431035888482, 0.08770267341016164], [0.5059674473323243, 0.25058236948668594, 0.15521573387257465, 0.08823444920842488]], "ideal": "B", "sampled": "D", "correct": false}}
{"type": "result", "data": {"idx": 9, "options": ["Less than -1", "Between -1 and 0", "Between 0 and 1", "Bigger than 1"], "probs": [[0.390860902210722, 0.27012795077509544, 0.2594289217124569, 0.07958222520171455], [0.3990947288704284, 0.2891615979881501, 0.2351025444066127, 0.07664112863482501], [0.40747283247694105, 0.284305075022143, 0.22705197033880384, 0.08117012206210339], [0.4404567889963007, 0.2872868918299176, 0.1990140142423009, 0.07324230483148744], [0.38958224240730016, 0.3062566071245164, 0.201478047924811, 0.10268310244338401], [0.42056581565488466, 0.2920734458392606, 0.19697429449842072, 0.09038644390745663], [0.4321860374854576, 0.2934025275145194, 0.20533632330383894, 0.06907511159617663], [0.4487606392839929, 0.2870128009009067, 0.19295876154744726, 0.07126779816765685], [0.4085210573135989, 0.2910119816348488, 0.22514460123066912, 0.0753223597208767], [0.4207341885557468, 0.29851710778371277, 0.21389378157962216, 0.06685492198090136], [0.4220723473772249, 0.3013700197431985, 0.19817772539356615, 0.07837990738601606], [0.4374950750584822, 0.29869014703935, 0.1851215574853986, 0.07869322031676791], [0.399790349982525, 0.30498648714051363, 0.216477963787216, 0.07874519898976406], [0.4275431490111081, 0.2963223385283783, 0.19826622912094638, 0.07786828323956084], [0.41722979331347376, 0.29924376608254255, 0.20358621069050142, 0.0799402298134925], [0.4323693123714226, 0.30504226069321916, 0.19343437442002712, 0.06915405241533573], [0.4238174546064122, 0.31633964268962195, 0.1774723954167607, 0.08237050718721214], [0.4348522295662879, 0.31094750723022235, 0.17623223055539913, 0.07796803254808679], [0.36982449167947334, 0.3390113870290811, 0.18965905091328164, 0.10150507027816118], [0.3971591099011962, 0.3306851624660497, 0.1878353250551441, 0.08432040247761542], [0.3688808731118352, 0.3207404534355861, 0.224928620720069, 0.08545005263250174], [0.39038499180512914, 0.3033603540811838, 0.22099375452762562, 0.08526089948605259], [0.3950449548911079, 0.3322535025218117, 0.19586696476494067, 0.0768345777221293], [0.4099115465818064, 0.3180158786607096, 0.1950716448318387, 0.07700092982564516]], "ideal": "C", "sampled": "C", "correct": true}}
{"type": "result", "data": {"idx": 10, "options": ["(ii) and (iv) only", "(i) and (iii) only", "(i), (ii), and (iv) only", "(i), (ii), (iii), and (iv)"], "probs": [[0.36935175655856833, 0.30906782597726873, 0.18522197199849613, 0.13635844536566752], [0.4148743615612264, 0.29933372291679045, 0.1810846273967954, 0.10470728802517813], [0.3596592806597778, 0.31768377245677143, 0.17819885686018822, 0.14445808992326256], [0.40594760540944286, 0.3157864618484657, 0.17529894915395675, 0.102966983488128], [0.40112895413954536, 0.327863036850144, 0.15538866774390836, 0.11561934116640696], [0.39271344980551437, 0.337507196539121, 0.1607153736042383, 0.10906397995111522], [0.36713404841689995, 0.29147823604351786, 0.19206604174973627, 0.1493216736898404], [0.4072042917032719, 0.29073194430146587, 0.1926671580878808, 0.10939660580738547], [0.36424191096781516, 0.30372529859384206, 0.17694918129587534, 0.15508360904246976], [0.402386336590271, 0.30468268980417623, 0.1828339272851235, 0.11009704622045104], [0.40977015108050574, 0.3213520622935517, 0.15322964474807302, 0.11564814177785543], [0.39661497359722536, 0.3179400293140647, 0.16280037899069996, 0.12264461799800556], [0.3893587384686788, 0.28581941481932654, 0.20015705003265868, 0.12466479657934873], [0.4520716539248769, 0.27978858211565144, 0.1883731622005391, 0.07976660165894035], [0.40601394043918276, 0.285843137446042, 0.18695177861500187, 0.12119114339977059], [0.4710950702172197, 0.27706168838266426, 0.1763614348721864, 0.07548180642794917], [0.46391943708563577, 0.30308271337938797, 0.1381132581946278, 0.09488459124033154], [0.4659869273099873, 0.3005425277847778, 0.13965102263487225, 0.09381952217036142], [0.4221980880118257, 0.25192399379837505, 0.2066948033926974, 0.11918311469708708], [0.44010049498041265, 0.25734832610028885, 0.2037023415852252, 0.0988488372340717], [0.45217837874685435, 0.24123280408379286, 0.19036665255688676, 0.11622216451246456], [0.46920442265246354, 0.24448667716768382, 0.19045700183922276, 0.09585189824062154], [0.4535550050160271, 0.2597745665313926, 0.16758664946507848, 0.1190837788874948], [0.4429977336417539, 0.26217997701259854, 0.1736697476123012, 0.12115254163333995]], "ideal": "B", "sampled": "D", "correct": false}}
{"type": "result", "data": {"idx": 11, "options": ["(ii) and (iv) only", "(i) and (iii) only", "(i), (ii), and (iii) only", "(i), (ii), (iii), and (iv)"], "probs": [[0.4042320115382733, 0.29427447327566375, 0.16508411644653656, 0.13640939863953347], [0.4304014025499185, 0.2974621392344423, 0.17265968880983942, 0.09947676930580479], [0.39672918058898676, 0.3070634506513073, 0.15658411179185405, 0.1396232568678547], [0.4262896842478154, 0.3167483791135812, 0.16254097745227472, 0.0944209590863013], [0.42343615536413853, 0.3229697375304668, 0.1427704518752491, 0.11082365513013541], [0.4330269112713872, 0.32911508299764547, 0.13912500672190276, 0.09873299890905728], [0.4228354870079991, 0.2794122905824706, 0.16058395203109777, 0.13716827027843612], [0.44195990258533113, 0.2868027723118111, 0.170628163510018, 0.10060916149283942], [0.4234103787410752, 0.2907311564680909, 0.14535174958389713, 0.14050671510693413], [0.4518250123504164, 0.2978198062176011, 0.15369102557676143, 0.0966641557552386], [0.4468699695151917, 0.31490412121022365, 0.13517936974624212, 0.10304653942834631], [0.46369377049280514, 0.31037586896077224, 0.1301041681192124, 0.09582619232719128], [0.43570328874284336, 0.27271843032662185, 0.16638392742666147, 0.12519435340388219], [0.47237095345004787, 0.2758307597831155, 0.1709197346891246, 0.08087855197770455], [0.43802408263192055, 0.2654745749068534, 0.16435208863596582, 0.13214925372524436], [0.4821938111164013, 0.2672744054381504, 0.17178540199578768, 0.07874638134965115], [0.48673889892270206, 0.2899241287502456, 0.12707872134125892, 0.09625825088578649], [0.4842714449681504, 0.293813012187035, 0.12828908150975427, 0.0936264612350538], [0.4502144611410652, 0.25151031268593743, 0.17722369507614738, 0.12105153099684271], [0.4764574255178754, 0.2549962149180215, 0.1721617738927166, 0.0963845855713822], [0.4569266061368219, 0.24362172717335087, 0.17348492033797092, 0.12596674625187906], [0.4862576548543718, 0.24337703655419932, 0.17067250604152334, 0.09969280244989938], [0.49523808610576947, 0.2520150959986804, 0.14274368730567086, 0.11000313048987721], [0.48695842920687965, 0.25495817171536106, 0.1470311294615512, 0.1110522695161993]], "ideal": "D", "sampled": "D", "correct": true}}
{"type": "result", "data": {"idx": 12, "options": ["Forecasts can only be made for time-series data", "Mis-specified models are certain to produce inaccurate forecasts", "Structural forecasts are simpler to produce than those from time series models", "In-sample forecasting ability is a poor test of model adequacy"], "probs": [[0.46201175979370057, 0.28470112291347177, 0.15677656898607273, 0.09651054820676638], [0.4547028973097073, 0.27769539096402224, 0.1557396357002581, 0.1118620759260125], [0.47733579396128034, 0.2821527096955049, 0.13826517594117443, 0.10224632030203239], [0.47891783575723673, 0.2713164210334296, 0.14969550182403557, 0.1000702412852935], [0.4632484795300087, 0.2694011400046464, 0.1585437507949083, 0.10880662957041908], [0.46067155055269826, 0.27514189826827384, 0.16708627152435165, 0.0971002795546696], [0.4834297767647905, 0.2777638971788607, 0.13958238763924263, 0.09922393831711114], [0.47308313666754437, 0.2709129264379147, 0.1434097363674846, 0.112594200427055], [0.5127012501371138, 0.26581622819336725, 0.13344373196976445, 0.0880387895997303], [0.5236426526842253, 0.25729925873846443, 0.13286469596753048, 0.08619339250980661], [0.5097911453935319, 0.25044802245119796, 0.14253816596751512, 0.09722266608772079], [0.5216473006891458, 0.25001436261583054, 0.1418328064506043, 0.08650553014443381], [0.47902520460373366, 0.25740790972207506, 0.15610017022746756, 0.10746671534674457], [0.4783302232856033, 0.2520697434510637, 0.1659886342173695, 0.10361139894595615], [0.5081826693563462, 0.24823761006044084, 0.14786187841452933, 0.09571784206864986], [0.517128859560918, 0.24472223848530475, 0.14650498612028012, 0.09164391573352405], [0.5077797626968593, 0.23031816569318855, 0.1638787296092655, 0.09802334190069986], [0.5191735601307843, 0.23458651777568754, 0.15065873493532092, 0.09558118705819509], [0.4671724071034588, 0.2764806832703746, 0.14894786808821578, 0.10739904143794941], [0.4695933169161006, 0.28157400644141717, 0.15237892669101247, 0.09645374985145731], [0.49051599577377025, 0.2699391066483826, 0.14525036834955668, 0.09429452912828845], [0.500132093038892, 0.26893962150971396, 0.14579738921558835, 0.08513089613579873], [0.4895178781325334, 0.26825115513070347, 0.14976353300529402, 0.09246743363147777], [0.5079283941838398, 0.2669740639235408, 0.1358187373131348, 0.08927880447948582]], "ideal": "D", "sampled": "C", "correct": false}}
{"type": "result", "data": {"idx": 13, "options": ["An AR and an MA model", "An AR and an ARMA model", "An MA and an ARMA model", "Different models from within the ARMA family"], "probs": [[0.46616392931460005, 0.2947707500427604, 0.17924988006702303, 0.05981544047562448], [0.4559598908546733, 0.28968891219505755, 0.1779491988421835, 0.0764019980080775], [0.45224384742364426, 0.30530352674600253, 0.1771767812679762, 0.06527584446238735], [0.4592224112644533, 0.2924733613120209, 0.16469793224609328, 0.08360629507742075], [0.4442162751577285, 0.28119084795658594, 0.2013844774422405, 0.07320839934346711], [0.43285279421656786, 0.292056943707957, 0.1933986194917488, 0.08169164248372997], [0.44919650193936456, 0.30300418070067375, 0.18807591730680426, 0.05972339995316737], [0.4388706629537973, 0.30118642241887317, 0.1839149150509652, 0.07602799947634191], [0.46668254439262136, 0.3309604883919858, 0.14107567855206837, 0.061281288563330205], [0.48116257162909903, 0.3298251135180338, 0.13432280675313493, 0.05468950799972856], [0.4431441348288506, 0.31599334672394064, 0.16690144403110613, 0.07396107431609646], [0.45617144002541476, 0.33467924607733873, 0.15925484722527777, 0.04989446657195985], [0.4359798833533433, 0.32453184267356516, 0.17277574029011844, 0.06671253358298354], [0.44270580523471526, 0.31584638898895734, 0.15922296210009665, 0.08222484357623772], [0.4350100198341472, 0.32624178059237297, 0.16382488027194728, 0.07492331920154112], [0.46180478635824546, 0.3173232531132958, 0.1515848136053978, 0.06928714682304984], [0.4169914712732901, 0.30846888977144754, 0.18254466280638731, 0.09199497604887531], [0.43332591988089203, 0.31336504171617446, 0.18623008121184434, 0.06707895709110819], [0.42869152073866984, 0.33019676727269087, 0.17576261276385916, 0.06534909912478236], [0.4067425571901688, 0.3388363409400837, 0.1786426719619528, 0.07577842980779635], [0.4396677002913129, 0.32577582356482165, 0.16228883216710224, 0.0722676438767743], [0.45957804518398687, 0.3452215030941165, 0.14914466113243274, 0.04605579048946801], [0.4028530833304006, 0.3449713451676159, 0.1751489953958122, 0.07702657600618217], [0.4390804309511626, 0.34429203328024716, 0.1629007348592744, 0.05372680080931451]], "ideal": "B", "sampled": "B", "correct": true}}
{"type": "result", "data": {"idx": 14, "options": ["A cyclical pattern in the residuals", "An alternating pattern in the residuals", "A complete randomness in the residuals", "Residuals that are all close to zero"], "probs": [[0.526645313619902, 0.2520145968027477, 0.12623376473510442, 0.09510632474225975], [0.5100999962777433, 0.2669772768291112, 0.1445662844446574, 0.07835644234849884], [0.5183644151914044, 0.2460426246869637, 0.13102858847614288, 0.10456437154546833], [0.49433153708665667, 0.25351269239200386, 0.14898106887344792, 0.1031747015479031], [0.512027548707231, 0.29604234541035157, 0.1106718538225907, 0.08125825195983025], [0.504024055591143, 0.2778815699976463, 0.12151608524308664, 0.09657828906812335], [0.5406442836474776, 0.2546295191989715, 0.11511102927610348, 0.08961516777742362], [0.5211307240646194, 0.27423102896852836, 0.12989418896632937, 0.07474405790049501], [0.5229382740965554, 0.25355927220792446, 0.12510398301440298, 0.09839847058108593], [0.48842631882247595, 0.27533554708066765, 0.14052161671552477, 0.09571651728133257], [0.515973708986778, 0.3074385381483176, 0.1051667069402289, 0.07142104582469701], [0.49025664691762605, 0.30538232870379345, 0.11826779747444233, 0.08609322680413678], [0.482920363638356, 0.24339256509168777, 0.14153265216162716, 0.13215441900834135], [0.4731575450850966, 0.25411674270636064, 0.1544985544216863, 0.11822715768685431], [0.4793779254643107, 0.25145563233855744, 0.14456793625199735, 0.12459850584512033], [0.4558364683024875, 0.2765657627978462, 0.1585636331137417, 0.10903413568591797], [0.4825811963210473, 0.27776162053361525, 0.13005626842012868, 0.10960091462522278], [0.4682402307425806, 0.29162720832503225, 0.1274663233308387, 0.11266623750154837], [0.5163823535767778, 0.275578516960409, 0.1204534193980472, 0.08758570996476082], [0.5113286261940854, 0.2601576160581297, 0.12769506383905382, 0.10081869380872958], [0.5098918118329169, 0.2772453993069711, 0.1321766182307469, 0.08068617052936208], [0.48414943944142436, 0.2769316462035306, 0.14327523724930744, 0.09564367700572697], [0.5020527592990437, 0.2510442649830696, 0.13781913395451748, 0.10908384166334721], [0.4848317384117149, 0.26723967342997573, 0.1367520470805792, 0.11117654097773436]], "ideal": "B", "sampled": "D", "correct": false}}
{"type": "result", "data": {"idx": 15, "options": ["(ii) and (iv) only", "(i) and (iii) only", "(i), (ii), and (iii) only", "(i), (ii), (iii), and (iv)"], "probs": [[0.39875549063525084, 0.30532027256583494, 0.1697817936945437, 0.12614244300438873], [0.4169002518882561, 0.3016903136549803, 0.17651785913690135, 0.1048915752198603], [0.397175006031058, 0.30665517954806715, 0.1559249400425748, 0.1402448742782994], [0.42381166496650274, 0.3146859732144842, 0.16214932636428325, 0.09935303535473106], [0.4310449985247821, 0.3111956648266195, 0.14352917700781198, 0.11423015954079903], [0.4436693325793427, 0.31790259125556597, 0.14114299822125675, 0.0972850778438226], [0.3965899891835201, 0.30047993279866875, 0.17896727722421996, 0.12396280069359937], [0.40291033345300764, 0.30068725938801577, 0.18968946380711976, 0.10671294325186806], [0.4079126677041236, 0.2949325586955321, 0.15470057674475543, 0.1424541967555927], [0.4097079136744061, 0.3015369134336624, 0.17183267182299758, 0.11692250096892173], [0.440661001949354, 0.31153716029051143, 0.13928549203134527, 0.1085163456287892], [0.44416525993710326, 0.3142661180528689, 0.14139447869053992, 0.1001741432194797], [0.41665069366174795, 0.2987873898162774, 0.17422545430610217, 0.1103364621158792], [0.43921783851824975, 0.301029610864454, 0.18184575134528624, 0.0779067991720111], [0.4168888029183468, 0.28608468643589463, 0.1728756954015232, 0.12415081514424443], [0.4345015892407207, 0.2904551180380294, 0.1893871333939328, 0.0856561592273405], [0.47710803845271793, 0.301761976400676, 0.12286678596790597, 0.09826319907870602], [0.46350933079429946, 0.30767737655556554, 0.1294280359082878, 0.09938525664183087], [0.4596330189458985, 0.2662408897653396, 0.17090067162343664, 0.10322541956531944], [0.48283662435495034, 0.2684370180103034, 0.16602497328044452, 0.08270138425431262], [0.47037940901933584, 0.25720690303728466, 0.1661321332152494, 0.10628155462813026], [0.48851962624860973, 0.259424997798457, 0.16371718865524834, 0.08833818719768356], [0.5038160151050046, 0.26720543744927294, 0.13204282420984345, 0.09693572313590691], [0.48509915237596984, 0.2721318107751344, 0.13902868256351564, 0.10374035418538186]], "ideal": "A", "sampled": "D", "correct": false}}
{"type": "result", "data": {"idx": 16, "options": ["(ii) and (iv) only", "(i) and (iii) only", "(i), (ii), and (iii) only", "(i), (ii), (iii), and (iv)"], "probs": [[0.4312635120220249, 0.2846704659322733, 0.15989605946225105, 0.12416996248344202], [0.4546921696382064, 0.2853837671302672, 0.1632913912253037, 0.096632671906222], [0.428677438388289, 0.2852506628737427, 0.15213654831465187, 0.1339353503233016], [0.45354322294078764, 0.2991103975470833, 0.159434186713308, 0.08791219269882472], [0.4549386775905304, 0.2990649838190788, 0.13847770624388767, 0.10751863224650711], [0.4557780452635465, 0.3069609892725773, 0.14108773667781466, 0.09617322868605196], [0.4234328078437748, 0.27711330273169055, 0.1741083232524337, 0.1253455660720986], [0.43911856958099993, 0.28130662286029984, 0.18205736234324177, 0.09751744511544798], [0.43745052706310783, 0.27767716299864714, 0.14883925862129474, 0.1360330512169482], [0.4670435757505362, 0.28693202878423607, 0.15703784228084464, 0.08898655308439125], [0.46841180640719005, 0.2966823462419042, 0.13715708759920672, 0.0977487596517066], [0.48151361703592666, 0.29455228413235085, 0.1353761403267974, 0.08855795840491863], [0.4475845638243625, 0.2728990288007695, 0.1627046799776631, 0.11681172729720017], [0.4740321448856485, 0.2810071004287494, 0.1675127992588508, 0.0774479553267531], [0.44779210197975855, 0.26824545431489805, 0.16012046416015302, 0.12384197944519364], [0.5016967966589467, 0.2673199862215143, 0.15909167850393696, 0.07189153851560363], [0.504548418308198, 0.2826658973834862, 0.12269369547483536, 0.09009198873348599], [0.5098774441895982, 0.2831096567371352, 0.12280058724077332, 0.08421231173250468], [0.4804044505003259, 0.2471069087468714, 0.1672870893860061, 0.10520155126681617], [0.49984062476748786, 0.2503623192474417, 0.16650641730792123, 0.083290638577154], [0.498365247494815, 0.24045655285011638, 0.16304465222238693, 0.09813354733267952], [0.5323409960093985, 0.23494114918564832, 0.15768440755230256, 0.07503344715265939], [0.5212953896423899, 0.24739038804625293, 0.1385136710173383, 0.09280055119398795], [0.5187720732726853, 0.24830817876044842, 0.14092945835033777, 0.0919902895165072]], "ideal": "C", "sampled": "D", "correct": false}}
