{"type": "result", "data": {"idx": 0, "options": ["10%", "20%", "40%", "80%"], "probs": [[0.3225861685436401, 0.3121545076920646, 0.2697124359302606, 0.09554688773401059], [0.3469531429510674, 0.3135390128266234, 0.271361107040357, 0.0681467370819415], [0.3494138120922522, 0.3113760832652101, 0.258950694622007, 0.08025940992052208], [0.3652119347297481, 0.3081031842134098, 0.2495707530470342, 0.07711412790981043], [0.3584041804049288, 0.3355109839527394, 0.22553528487374383, 0.08054955066859004], [0.36562773536589765, 0.32270450550053126, 0.22253004162037646, 0.08913771741321792], [0.36630523516924024, 0.3018709231646974, 0.2552862912975477, 0.07653755026849465], [0.3794298224371311, 0.29960458745620333, 0.2615855198667238, 0.0593800701399339], [0.3691804240563124, 0.29254524716336355, 0.2692019168478704, 0.06907241183245666], [0.36863940009337354, 0.2914934306995722, 0.27130635883672855, 0.0685608102703243], [0.3968464827063784, 0.3145545106288103, 0.2184821465294896, 0.07011686003529896], [0.38876576590197315, 0.31551114249918893, 0.21992865239240128, 0.07579443910641542], [0.37677794374566415, 0.30036231442605005, 0.24779831328366103, 0.0750614284446128], [0.39457171414696135, 0.29274903235838995, 0.24337323396765986, 0.06930601942698059], [0.38669267929725964, 0.3095803239783919, 0.23735893214093767, 0.06636806448342449], [0.39596443893449956, 0.3061358318647588, 0.23941882826732655, 0.05848090083342528], [0.3937739983355161, 0.3073576469869988, 0.22267142264600953, 0.07619693193148003], [0.3810909828301572, 0.3208153273133231, 0.22940713390060352, 0.06868655585591937], [0.40433689149871216, 0.3113101757873941, 0.21657968892089424, 0.06777324369299761], [0.3984425891368744, 0.3000486429813727, 0.21986998765722296, 0.08163878012453069], [0.4139155589631816, 0.32112601025859844, 0.20010870857835034, 0.06484972209985718], [0.4013084114755728, 0.3188072862501559, 0.20528457280990853, 0.0745997293643851], [0.38749286751557543, 0.31034704754776943, 0.22906589936388547, 0.07309418547275914], [0.3760315857419241, 0.32160725412911106, 0.2335994254122698, 0.0687617346166827]], "ideal": "C", "sampled": "D", "correct": false}}
{"type": "result", "data": {"idx": 1, "options": ["About $300", "About $3k", "About $8k", "About $15k"], "probs": [[0.3790182787446, 0.36590551513025843, 0.1821377511470277, 0.07293845487810993], [0.39270725129411693, 0.3583592158587592, 0.17617229134994322, 0.0727612413971759], [0.40106605897843567, 0.3645132752653029, 0.16910548824530625, 0.06531517741093441], [0.3897359495816609, 0.36393057235438536, 0.1743175111778546, 0.07201596678610275], [0.4044116480839193, 0.3620021517255914, 0.16626752775212714, 0.06731867233836054], [0.39191118244180606, 0.3697688447447778, 0.17247571388652716, 0.06584425882689932], [0.3927192843130522, 0.35615619002477855, 0.1808065586907104, 0.07031796687145003], [0.40199250033592426, 0.3520056975235214, 0.17580614278809414, 0.07019565925245479], [0.38437243457327464, 0.38908865125699027, 0.16185225257242644, 0.06468666149730991], [0.3347496441704953, 0.4454534775790037, 0.15145430156652173, 0.06834257658399573], [0.3920799302065272, 0.38458912289624475, 0.15556428966110508, 0.067766657136092], [0.36041708817190127, 0.4256917324242728, 0.14987878979626526, 0.06401238950756957], [0.40390660455499483, 0.36564419514525276, 0.16906049981367074, 0.0613887003860833], [0.39926850748152815, 0.3629547136389136, 0.17199282167194252, 0.0657839571076157], [0.4036521943553616, 0.38468468904931785, 0.14951381278912093, 0.06214930370620246], [0.3572359430576953, 0.43962448477771, 0.14303761873179965, 0.06010195333280363], [0.3843017271161582, 0.396588717104222, 0.15730620044442742, 0.061803355235211535], [0.35723912312403183, 0.4454832642576299, 0.14401654958388382, 0.053261062934463026], [0.40365966833567807, 0.36173459315596285, 0.16881820259168764, 0.06578753581667522], [0.39711410827397475, 0.3673913504425915, 0.17128609777024056, 0.06420844341318732], [0.4049071464189904, 0.3773890808458162, 0.14916393157464708, 0.06853984106054387], [0.36507612756081953, 0.4262114318430744, 0.1445131858615283, 0.06419925463458052], [0.39072326281009895, 0.3915301227106011, 0.15684725855010154, 0.060899355829199364], [0.3575305922624685, 0.43136667937360956, 0.15246027996319667, 0.05864244830072014]], "ideal": "B", "sampled": "C", "correct": false}}
{"type": "result", "data": {"idx": 2, "options": ["52%", "62%", "72%", "82%"], "probs": [[0.3815982204604149, 0.30914700589404037, 0.24047660003052704, 0.06877817351501538], [0.4326576620304442, 0.29104471515956026, 0.21546348994547648, 0.06083413276453272], [0.4192965099512773, 0.3082140832525049, 0.2090145091929995, 0.0634748975032137], [0.4258879370593621, 0.29865247757262287, 0.21021878699423868, 0.06524079827377417], [0.42512413264988785, 0.3098775433600222, 0.1992088313899299, 0.06578949250015995], [0.4318043312532725, 0.30332893486251017, 0.198881363399292, 0.06598537038491142], [0.4141572110628149, 0.30429846988042164, 0.22696807153851134, 0.05457624741824497], [0.4300554654771193, 0.2950048248085228, 0.2192906614651814, 0.05564904814917356], [0.40585503468447953, 0.31382789651152293, 0.2181638790283992, 0.062153189675590644], [0.4033144537869511, 0.30641098006169487, 0.2235900432180709, 0.06668452283329086], [0.4160797529429194, 0.3208707174630706, 0.2011463466087399, 0.06190318288526643], [0.40172808989890413, 0.317251853826793, 0.21253984815979485, 0.06848020801448683], [0.4219216178100083, 0.30106543849439127, 0.21312012561859808, 0.06389281797701522], [0.43175015212541573, 0.2969319998625435, 0.2183958414424505, 0.05292200646959165], [0.40832779274024567, 0.2977089234960621, 0.22088438298809152, 0.07307890067559533], [0.4030478443374628, 0.2978369438595032, 0.24156503220248876, 0.05755017950056958], [0.41704828401514515, 0.29568823207264, 0.22142256343585554, 0.06584092037636224], [0.39261435763121283, 0.30716882177800553, 0.23328021247115377, 0.06693660801962936], [0.43683854559132185, 0.30033409963505653, 0.2000389930759771, 0.06278836159764517], [0.44451913390961356, 0.29135569604284484, 0.2005864808740027, 0.06353868907352352], [0.41992974181081333, 0.3061578862747706, 0.20636518977553345, 0.06754718203889483], [0.39391339840256384, 0.30625074930010476, 0.22597865498394565, 0.07385719721336237], [0.417021360751273, 0.2907789777628955, 0.2215315276758164, 0.07066813371002717], [0.3703426312905529, 0.3144632368749848, 0.2403223780717003, 0.07487175366276703]], "ideal": "C", "sampled": "D", "correct": false}}
{"type": "result", "data": {"idx": 3, "options": ["China", "United States", "Germany", "Japan"], "probs": [[0.2889108871767874, 0.2672174365648039, 0.3224459944941104, 0.12142568166429124], [0.29211153985644456, 0.28139672675896543, 0.3019442820116858, 0.12454745127288595], [0.28914038517243407, 0.2637823613548761, 0.3475814884421508, 0.09949576493053826], [0.2730055255912752, 0.26742209456837374, 0.32949138808747686, 0.1300809916528812], [0.29110215101005926, 0.2654859328042244, 0.3304806161037944, 0.11293129998191702], [0.2761827909223814, 0.24654162898850743, 0.3351062516942013, 0.1421693282949145], [0.2612760328433709, 0.2749992907355674, 0.32460344116131085, 0.1391212351597591], [0.2652236282957256, 0.2823564300851728, 0.30729825819551887, 0.14512168332357375], [0.27394117972426996, 0.27838692804309034, 0.329936465269641, 0.11773542686301977], [0.26769481301686243, 0.2789739155236065, 0.3107561901808667, 0.1425750811786448], [0.2702595243548706, 0.2788381512993493, 0.3184126071577981, 0.13248971708800317], [0.26707854494670835, 0.26492170479908017, 0.31352870009511585, 0.15447105005912112], [0.27258244032029344, 0.2770179888540615, 0.34007636701667415, 0.11032320370895321], [0.26348176695918496, 0.27547928781562697, 0.3253436281347353, 0.13569531699045975], [0.2918093233561351, 0.2835458181318558, 0.32192176932098837, 0.10272308909102391], [0.2778910655687191, 0.287205541545664, 0.30873155826393517, 0.12617183452168235], [0.275453615230376, 0.2578987236747595, 0.3470750598863575, 0.11957260110850858], [0.2822731818327604, 0.2630119522314222, 0.34460896791365586, 0.11010589792216866], [0.26006480879108357, 0.27108801756549183, 0.333388961821629, 0.13545821172180003], [0.24724030876006953, 0.2513046969555221, 0.3446306048670626, 0.1568243893173529], [0.27859414269438715, 0.27691934231054427, 0.31137114422090495, 0.13311537067417253], [0.26769738884118327, 0.2694491094256566, 0.3124624289247078, 0.15039107270842852], [0.25914763498186844, 0.2648048350657895, 0.34275878087680645, 0.13328874897551762], [0.26549823736170347, 0.26871554331610725, 0.3383561150234621, 0.12743010419870784]], "ideal": "A", "sampled": "A", "correct": true}}
{"type": "result", "data": {"idx": 4, "options": ["by 5 fold", "by 10 fold", "by 15 fold", "by 20 fold"], "probs": [[0.297500301560981, 0.4011404659020685, 0.1899087026259008, 0.11145052981105263], [0.33222931770540465, 0.39386062814975775, 0.18504235203838854, 0.08886770200644556], [0.30047040254151947, 0.40826780290056197, 0.17881270289009277, 0.1124490915678227], [0.3034207439847278, 0.41317882897798763, 0.18297850422864614, 0.10042192270863155], [0.3295158920063883, 0.4109374353311404, 0.16878571250640687, 0.09076096005607372], [0.31492547044361713, 0.41980476704810554, 0.16710187279848798, 0.09816788960977274], [0.2879941842814979, 0.40164237438348405, 0.19651986093500792, 0.11384358030000694], [0.3092225981393083, 0.4016166479006271, 0.1945576221773556, 0.0946031316827191], [0.29167992487189787, 0.40361860678337014, 0.200076920589981, 0.10462454765474218], [0.2982813409143271, 0.40142437102119993, 0.20422220529874405, 0.09607208266571808], [0.31093710949865827, 0.41139240841706715, 0.19027946649576477, 0.08739101548851837], [0.3033418630615609, 0.41231966040858464, 0.1925641865330972, 0.0917742898967673], [0.29435578332574996, 0.4126413694525474, 0.1784260325348878, 0.11457681458680377], [0.29901390261935984, 0.42683338872956017, 0.17783099117040785, 0.09632171738066023], [0.2982461881151335, 0.38965190858130144, 0.2066379229411756, 0.10546398026238545], [0.3029283674134222, 0.40460252501139005, 0.20629525226547316, 0.08617385520969961], [0.30137394177066035, 0.42597696712995126, 0.18778617080867277, 0.08486292019072683], [0.30381617869656236, 0.41132007527252085, 0.19938962164120602, 0.08547412428972394], [0.31851152361509, 0.4082253411047006, 0.174877100810765, 0.09838603436944535], [0.301946361811446, 0.42170759905063454, 0.17355045842915334, 0.10279558060874973], [0.31388842740068656, 0.39285506296253236, 0.20079326063216613, 0.09246324890461115], [0.3009331940773556, 0.40821898435968645, 0.201750846129938, 0.08909697533301615], [0.29995428727971585, 0.41505859106226284, 0.19088222271562186, 0.0941048988423953], [0.29967307353033185, 0.40255018591577446, 0.20087363153344734, 0.09690310892045519]], "ideal": "C", "sampled": "D", "correct": false}}
{"type": "result", "data": {"idx": 5, "options": ["Lower respiratory infections", "Preterm birth complications", "Diarrheal diseases", "Malaria"], "probs": [[0.39819366637372083, 0.258943016385755, 0.21252502056676195, 0.13033829657377388], [0.4559198239419968, 0.24957281461778558, 0.19325003619292577, 0.10125732514728512], [0.39936513653723243, 0.26475058627819553, 0.21944600583562246, 0.11643827124896416], [0.4130792179396216, 0.26747696666692383, 0.2144833162978586, 0.1049604989956025], [0.44965309017780675, 0.2569344412132281, 0.18766094349669354, 0.10575152501229257], [0.409172231304772, 0.27261229014094757, 0.20273098422696462, 0.11548449422731602], [0.33595308476667235, 0.26559363665720903, 0.2356951389164801, 0.16275813955963817], [0.39973996515837346, 0.2587582324623071, 0.21554181226793817, 0.12595999001137528], [0.33933943308681425, 0.2687335316317988, 0.24617889184389521, 0.1457481433375033], [0.3537894749287911, 0.265841544827284, 0.26028459714116026, 0.12008438300276236], [0.3853334431384263, 0.2682922728910339, 0.205738391794754, 0.1406358920757747], [0.3508999387520402, 0.2822616471677213, 0.22777576011245423, 0.1390626538677666], [0.34227632464025176, 0.2928935968210177, 0.22374876486101672, 0.1410813135777051], [0.36152048150466304, 0.2965256554024229, 0.22435937854798876, 0.11759448444493278], [0.3464424520339792, 0.28585000977011576, 0.23051429582711644, 0.13719324226879168], [0.3647531002243351, 0.2804733068727108, 0.24802444086970996, 0.10674915193324747], [0.34715945721812297, 0.32076009778907205, 0.20236583926159185, 0.12971460563120055], [0.3502988997177767, 0.3143882541124446, 0.21445993189123075, 0.12085291417855182], [0.4306695615827943, 0.24414232659540505, 0.21129165201876388, 0.11389645970304497], [0.3932576247225485, 0.2571943584115443, 0.22557812141843753, 0.1239698953474839], [0.4417745559806427, 0.23958447077498446, 0.20134559894759882, 0.1172953741967731], [0.4166268780249628, 0.2486654575452245, 0.2189838176117163, 0.11572384671809008], [0.4094273582946591, 0.2692116506381337, 0.20495542584587753, 0.11640556512133371], [0.41456154920195964, 0.2653245980364868, 0.21536677608036597, 0.1047470765811975]], "ideal": "A", "sampled": "D", "correct": false}}
{"type": "result", "data": {"idx": 6, "options": ["10%", "20%", "30%", "40%"], "probs": [[0.17885547924301784, 0.2798424560354825, 0.37143934793706923, 0.169862716684446], [0.2562238521528176, 0.27066364941894466, 0.3342136606794757, 0.13889883764874772], [0.22529988866407172, 0.2728260118999513, 0.35957410253330874, 0.14229999680266128], [0.2454186561153885, 0.26278134811318193, 0.3475623373239252, 0.14423765834750962], [0.25814712983017146, 0.2725823749382563, 0.3380846981187745, 0.13118579701279098], [0.24465764299630474, 0.26934064512866995, 0.3438596223226891, 0.14214208945235143], [0.23995429878932648, 0.2703856930003274, 0.35737615051136484, 0.1322838575989736], [0.27493207657828905, 0.25933271397008384, 0.3436173164845795, 0.12211789286706598], [0.2594143179584213, 0.26506059863269177, 0.35818002457480747, 0.11734505873406058], [0.26596195959748836, 0.26330258914799304, 0.33221799550705633, 0.13851745564746262], [0.2661725338608796, 0.2635139339029602, 0.34439442348540034, 0.12591910865076902], [0.2671862299597444, 0.2593928993786753, 0.34223476838683503, 0.13118610217474042], [0.25250142638545847, 0.2767018630587175, 0.3397492461125128, 0.13104746434331668], [0.26814416611447817, 0.2732997519120717, 0.3383084730979639, 0.12024760877548463], [0.26698978188779215, 0.28826440393287267, 0.32593389158448727, 0.11881192249482744], [0.2618259625080754, 0.2860328412849148, 0.3317547201433567, 0.12038647596364155], [0.2595612957778354, 0.263741828970758, 0.35975934799894566, 0.11693752715247706], [0.24370538212622117, 0.2688855222999109, 0.37028003113814295, 0.11712906433573406], [0.27374832742717803, 0.2727968786150464, 0.3309563702305147, 0.12249842362726296], [0.259311683498561, 0.27544787233475754, 0.3328679713751186, 0.13237247269157387], [0.27718387974681324, 0.29039564911251453, 0.31412711116854974, 0.11829335987212124], [0.27224991947529287, 0.2910744422229868, 0.31284705319455863, 0.12382858500717848], [0.26690712576520464, 0.2808518517928649, 0.33145024408345025, 0.12079077825848757], [0.24218193660881046, 0.2943547812278936, 0.33421296472629, 0.1292503173369872]], "ideal": "C", "sampled": "B", "correct": false}}
{"type": "result", "data": {"idx": 7, "options": ["29%", "49%", "69%", "89%"], "probs": [[0.4317457001269364, 0.2819923176758441, 0.21889833832629807, 0.06736364377090315], [0.44898005641219674, 0.2782480482154856, 0.19564285718714997, 0.07712903808517904], [0.48943135484203426, 0.29446380911763786, 0.1460991111801107, 0.07000572476021129], [0.47469842315244315, 0.30588991899859647, 0.1486305888935959, 0.07078106885536706], [0.4645071709367808, 0.2934842311756468, 0.1580685170828248, 0.08394008070473417], [0.46153105210933687, 0.29808433701509973, 0.1653847180723952, 0.07499989270316731], [0.4492917125558825, 0.3064027654657442, 0.19225445235187005, 0.052051069526500404], [0.4557428444528555, 0.292528745299637, 0.183495534759322, 0.0682328753881608], [0.45402678173870503, 0.3018172774110327, 0.18093561220066978, 0.06322032854957918], [0.4534190600025981, 0.301480716972453, 0.17500158694396498, 0.07009863598098472], [0.467906281647571, 0.3049544763201245, 0.15573370876480222, 0.07140553316749773], [0.4490507525894013, 0.30491254873458273, 0.16291744807079703, 0.08311925050521533], [0.503320010325743, 0.2880905922658102, 0.14852081317191904, 0.06006858413652679], [0.5003858092491166, 0.30005085109600527, 0.14264780995094584, 0.05691552960392758], [0.46230815372831513, 0.2854218089244702, 0.1816551994294228, 0.07061483781778423], [0.4676406731308542, 0.28636544870368896, 0.1788172092121085, 0.06717666885334188], [0.4750410281176242, 0.3054854854680615, 0.15331309249822456, 0.06616039381608052], [0.4676370177611008, 0.30590981428289826, 0.15352901404961083, 0.072924153806391], [0.4872811538524212, 0.27773762880500513, 0.16140594975756223, 0.07357526748503142], [0.48562575105151806, 0.2882639020830036, 0.16509114810988867, 0.0610191986556036], [0.4817745806162969, 0.2809773777899908, 0.159498025751618, 0.07775001574209839], [0.47540697883137606, 0.2812071580507294, 0.16607942684878998, 0.07730643616910202], [0.4615986444666958, 0.29057867999725834, 0.1782453423431844, 0.06957733309284521], [0.43633669907928646, 0.2956306247694179, 0.18405804977868578, 0.08397462627260881]], "ideal": "C", "sampled": "C", "correct": true}}
{"type": "result", "data": {"idx": 8, "options": ["18%", "38%", "58%", "78%"], "probs": [[0.35535878047570524, 0.3603012009489063, 0.2227961858332344, 0.06154383264216605], [0.39717612199657526, 0.34716079660463106, 0.20183300446623012, 0.053830076832576165], [0.41747851557149557, 0.34669791932220884, 0.17899814209366824, 0.05682542291262994], [0.4046926622814118, 0.35101834058458575, 0.186041320010195, 0.05824767702382544], [0.4104126613157301, 0.364552578238745, 0.16386426098486526, 0.06117049936066271], [0.39739822219599724, 0.3647275501845844, 0.16981400249135503, 0.06806022502808028], [0.3910801330870803, 0.36378510491454086, 0.19206660574761333, 0.053068156150772386], [0.40822329898059057, 0.35624982153478785, 0.1851366944802895, 0.050390184904338754], [0.41604453566235794, 0.35821082335615284, 0.17609007272841207, 0.04965456815307917], [0.40085183763562193, 0.35645560092640816, 0.19365747951046194, 0.04903508182751454], [0.41411507081386106, 0.377311195224498, 0.16303806684139474, 0.045535667020239895], [0.4035965710036594, 0.36750139402346405, 0.169378360890126, 0.05952367398274649], [0.42583507339652416, 0.35309355545455623, 0.16716972814528988, 0.0539016429036241], [0.4256534425748273, 0.3536338851472078, 0.17343202027454171, 0.04728065190340632], [0.44415810873834133, 0.3543185663884819, 0.1566618459123835, 0.04486147886079503], [0.4331574738898013, 0.3548062043518695, 0.17096432834379935, 0.041071993314531034], [0.42629300269905823, 0.36409011797527463, 0.16643843126241284, 0.04317844796325895], [0.41259809175875556, 0.36357075784010406, 0.17338683383427617, 0.050444316466868304], [0.4441026713340574, 0.3647847791822771, 0.14259195852479967, 0.04852059085887742], [0.43053680076519046, 0.36195026265213687, 0.1509408160033962, 0.056572120479263306], [0.4402729850102226, 0.35532024595859635, 0.16266084722929353, 0.041745921701880365], [0.42673599827052633, 0.35180470803989106, 0.16946204860043115, 0.05199724498916592], [0.42194223907149614, 0.3518982070380102, 0.1833135071443329, 0.042846046646157376], [0.40163224780420587, 0.355770949536247, 0.1876881171651869, 0.05490868539435957]], "ideal": "C", "sampled": "D", "correct": false}}
{"type": "result", "data": {"idx": 9, "options": ["11%", "26%", "41%", "56%"], "probs": [[0.33586733718343154, 0.3513035685123416, 0.23480809070978098, 0.07802100349445085], [0.3568692433940955, 0.33737576257755, 0.23530769106477795, 0.0704473028635942], [0.37491145604786463, 0.3522296738365496, 0.20168615857342126, 0.07117271144218838], [0.3611197801127133, 0.3452719246772438, 0.2208239685149404, 0.07278432659508485], [0.38385707125261925, 0.34284988061445054, 0.20214808424360986, 0.07114496378931126], [0.38596862428177353, 0.3381241429300788, 0.20392791116964262, 0.07197932151850982], [0.38132614788697816, 0.32884972471494506, 0.21882383680062545, 0.07100029049745425], [0.3908685569557926, 0.3171382593546853, 0.22312450132583414, 0.06886868226369855], [0.4012026300381113, 0.33208865563682616, 0.20702671533627945, 0.05968199888877723], [0.3788836736527428, 0.33176964791025215, 0.224452910237575, 0.06489376809944293], [0.40218424623315197, 0.33234945361906676, 0.20410134522979548, 0.061364954817977095], [0.4001384324910876, 0.32786244327755276, 0.21248165817496095, 0.05951746595641105], [0.38527092038082933, 0.3361934592811557, 0.20747020677676245, 0.07106541346125264], [0.391954326724654, 0.32430058039797416, 0.21975037299006586, 0.0639947197872843], [0.40480003905594414, 0.3403355259171127, 0.20001966738628052, 0.05484476754067343], [0.3833388367892216, 0.338418164596532, 0.22277850559426648, 0.05546449291997995], [0.3992360984833134, 0.3342762191728433, 0.2094658668051008, 0.057021815438738375], [0.3828762516383965, 0.3413669812074238, 0.21851700336093557, 0.057239763693239236], [0.40390402425069677, 0.32648236801976427, 0.203849097960722, 0.06576450966880493], [0.40996608792570977, 0.32424150352523445, 0.20394823547316537, 0.06184417297588346], [0.42241323146424337, 0.33278719797781975, 0.1884233020012631, 0.05637626845667786], [0.41702671637491034, 0.3317961011659436, 0.19599286530329818, 0.055184317055851154], [0.4084761942555079, 0.3313024569789497, 0.2046727101835177, 0.055548638482030156], [0.39608364038384614, 0.33624748789175235, 0.210822976875489, 0.05684589474890213]], "ideal": "B", "sampled": "D", "correct": false}}
{"type": "result", "data": {"idx": 10, "options": ["23%", "38%", "53%", "68%"], "probs": [[0.38905933729877146, 0.3126343812217972, 0.22024426922378626, 0.07806201215565149], [0.41156899149801107, 0.30533878266846437, 0.20770672499835663, 0.07538550073517829], [0.42744561191743347, 0.3006972413467357, 0.1914602756625875, 0.0803968709732513], [0.41697450271350567, 0.31049166902192654, 0.195007177987685, 0.077526650176877], [0.4388925997462745, 0.31680407393604065, 0.16910284072055376, 0.07520048549715301], [0.4284507364677933, 0.3253894911279467, 0.17351739635748895, 0.07264237594677714], [0.40722854630408784, 0.31832945155343734, 0.2021034227676954, 0.07233857927476416], [0.41750645852796114, 0.31639248119054797, 0.19699397675078825, 0.0691070834306917], [0.4335549887054087, 0.3160863995694094, 0.18059067634127546, 0.06976793528391463], [0.41079292977469983, 0.3243584954713276, 0.19252855938479213, 0.07232001526918984], [0.4159995898592292, 0.33907380768322753, 0.1698431668546318, 0.0750834355029068], [0.4179267059576005, 0.34198276198282807, 0.16763746817989306, 0.07245306377968135], [0.44207751822500146, 0.30752492086383765, 0.17678549854593145, 0.07361206226524121], [0.4406662129153436, 0.31489226714462676, 0.17961812533660887, 0.06482339450342148], [0.4457647991930787, 0.30753689060443334, 0.17570601079969203, 0.07099229930281055], [0.43046778500568295, 0.31860458001031616, 0.18942476827277865, 0.06150286661120691], [0.43575026217458945, 0.33148702816935643, 0.17472342076403458, 0.05803928879202427], [0.4397364859635826, 0.33253019773100184, 0.17365505094071634, 0.05407826526468401], [0.4423508021686219, 0.3082789443991838, 0.1732515370305767, 0.07611871630162097], [0.43307308272397843, 0.3160936629925747, 0.17825915060915554, 0.07257410357429181], [0.46854207492079564, 0.31906741930637467, 0.14310031710512577, 0.06929018856769859], [0.47152700737464603, 0.3239964202167943, 0.14092049575229937, 0.06355607655624317], [0.4399372440998538, 0.3058512903346997, 0.18547918753142026, 0.06873227793402352], [0.4233260079544355, 0.316357138529407, 0.18950786957658544, 0.07080898383956495]], "ideal": "D", "sampled": "D", "correct": true}}
{"type": "result", "data": {"idx": 11, "options": ["5%", "10%", "15%", "25%"], "probs": [[0.22380795327206077, 0.27645512427510216, 0.37052996824759526, 0.12920695410523705], [0.2531548170615023, 0.2763682811078706, 0.3535783393800563, 0.11689856235059998], [0.25883498149791007, 0.2881577279776204, 0.3311947923215857, 0.12181249810288722], [0.2593400276217298, 0.3003873676862816, 0.31802539023276644, 0.12224721435921979], [0.27156351376982407, 0.2901494080475178, 0.31633646049739084, 0.12195061758525846], [0.2468876572376355, 0.3038057093592769, 0.3246179450801002, 0.12468868822298122], [0.2642519020870944, 0.2970030921864381, 0.3268633177187475, 0.11188168790770693], [0.2678328923510843, 0.29544592597337316, 0.324567937900216, 0.11215324367534446], [0.2537003525458237, 0.28961866559305205, 0.360511239813383, 0.0961697419477503], [0.25394505921739696, 0.29474952051999936, 0.34121488928131927, 0.11009053088129252], [0.2688573254055902, 0.299406183960577, 0.3314693397979681, 0.10026715073586584], [0.26527673674835844, 0.29363420183574557, 0.324482899195965, 0.1166061621199], [0.3019043073395167, 0.29777368248469577, 0.2853720301644496, 0.11494997991131134], [0.2974725515373664, 0.30872853426149593, 0.2828940943930991, 0.11090481970802266], [0.2802889113623955, 0.2734690445125182, 0.35118398923121646, 0.09505805479388696], [0.27716310403615935, 0.28133428754737205, 0.34221371822420715, 0.09928889009226022], [0.27913647096328253, 0.3052885542186186, 0.3231793522207778, 0.09239562249731209], [0.2681941899377184, 0.2928847419799554, 0.32934603770011595, 0.10957503028218374], [0.3228274686544783, 0.30918106621452524, 0.26088251239302124, 0.10710895263797492], [0.2986576814863513, 0.3179711572251634, 0.26869306627135836, 0.11467809491712219], [0.306165956030326, 0.29105143324512645, 0.3135829933445049, 0.08919961728006097], [0.29936688623345636, 0.29181927694425164, 0.3048267650696843, 0.10398707165261249], [0.2857292221620008, 0.32018533115266223, 0.30242111761978063, 0.09166432896554794], [0.259811057249708, 0.31672632626487096, 0.3123929492429668, 0.11106966714245697]], "ideal": "B", "sampled": "D", "correct": false}}
{"type": "result", "data": {"idx": 12, "options": ["2%", "4%", "9%", "18%"], "probs": [[0.32117827188421544, 0.24010782863974878, 0.3327289079064881, 0.10598499146955513], [0.3350566719365122, 0.2445961724856442, 0.3087529734910645, 0.11159418198679928], [0.3448908698474103, 0.23889953160292307, 0.304415987838824, 0.11179361061084264], [0.3317438832268304, 0.24980050898850434, 0.29027908705634, 0.12817652062831317], [0.33003183381101775, 0.25383496474277395, 0.3054242723813136, 0.11070892896487912], [0.3204234526668024, 0.25083790116801746, 0.31414911693909403, 0.11458952912609574], [0.34564286458884397, 0.24978307887123977, 0.30517444971826346, 0.09939960672165052], [0.3477778339629787, 0.2557228904097863, 0.28997086709815656, 0.10652840842909105], [0.3657202831195981, 0.2492059056771566, 0.29055204387067546, 0.09452176723255529], [0.34050149939540814, 0.25551026614284733, 0.28975562324873066, 0.11423261111301282], [0.3461315439454281, 0.26700807147113287, 0.28758403684553724, 0.09927634763789783], [0.3241279364875009, 0.2657680203019848, 0.30222243359518647, 0.10788160951532529], [0.3668520349590164, 0.2476807203875695, 0.2811916141783163, 0.10427563037510218], [0.3556572139726879, 0.2516202883669449, 0.280249312617992, 0.11247318494236536], [0.37202581112146355, 0.2463665617033544, 0.28318468756826276, 0.09842293950691482], [0.35221736285750493, 0.24647452235206038, 0.29220316337699365, 0.10910495131343774], [0.33322376230324574, 0.2636220952095486, 0.3010532884351519, 0.10210085395203766], [0.3298859212944299, 0.2620262330692589, 0.30457187618305315, 0.10351596935328977], [0.3785609137799755, 0.25548472245213805, 0.265533843354213, 0.1004205203136768], [0.36925377058806985, 0.25155892070607866, 0.27187227110165363, 0.10731503750420797], [0.3817085472393755, 0.2603528594489556, 0.26112783514745425, 0.09681075806423052], [0.3565311974989577, 0.2598463609152009, 0.27552015753043746, 0.10810228395542117], [0.34707090701708876, 0.2564762336380362, 0.2934013869840038, 0.10305147226087207], [0.3267786427954582, 0.2620759277215268, 0.30266368038291885, 0.10848174900010203]], "ideal": "C", "sampled": "D", "correct": false}}
{"type": "result", "data": {"idx": 13, "options": ["minimum wage legislation", "land reform", "progressive taxation", "increased access to education"], "probs": [[0.18192256230472886, 0.2672487700128808, 0.2949682961260852, 0.25586037145630847], [0.17373505498935682, 0.3004043188721418, 0.32686648794336726, 0.19899413809513197], [0.18203530626665548, 0.26331185594485507, 0.3055882306356445, 0.24906460705284947], [0.1695046459756953, 0.2821692821823112, 0.31761972591725557, 0.230706345824742], [0.17981392654542963, 0.3035340219587561, 0.3275602025108163, 0.18909184888499686], [0.18029049662714353, 0.29420062876089953, 0.30777586223138537, 0.21773301228057393], [0.20987503586767883, 0.2542787402417031, 0.2901626412244921, 0.24568358256610737], [0.20310825727166976, 0.2844165102636647, 0.3212053438051299, 0.19126988855952817], [0.1981095640184225, 0.24952343350415876, 0.30055871992051103, 0.25180828245691445], [0.1612311813350127, 0.25609121399255813, 0.3233726146390278, 0.2593049899334047], [0.20665109185960476, 0.2886047022595244, 0.3188348571602937, 0.1859093486205689], [0.17268840794599272, 0.2640593511101748, 0.3180249851528262, 0.2452272556910221], [0.23643465554534882, 0.25752316357468685, 0.2845870985422465, 0.22145508223772276], [0.22318312949897237, 0.27388543835723567, 0.29465839051252773, 0.2082730415312779], [0.24597982423397521, 0.25548882015705915, 0.27456975390784283, 0.22396160160112372], [0.20103899520456067, 0.26191663810800253, 0.30305394398373936, 0.23399042260369143], [0.23062348412868303, 0.2692551764443954, 0.2959422109597999, 0.2041791283671346], [0.20670941430273423, 0.26275455826409755, 0.3023747408635526, 0.22816128646961376], [0.20818084061825587, 0.28166678187727795, 0.3015552466324889, 0.20859713077197456], [0.21004071240107494, 0.27119137124756226, 0.28427829038366703, 0.2344896258676839], [0.21779763875549327, 0.27370153016513327, 0.30661652662072253, 0.20188430435863391], [0.17731123239327434, 0.25251700444270453, 0.30894004328051716, 0.2612317197835363], [0.1956966934454152, 0.25599266854226965, 0.30740138014378365, 0.24090925776853714], [0.16891585819010688, 0.24596246989956025, 0.31031309391622663, 0.27480857789410845]], "ideal": "A", "sampled": "D", "correct": false}}
{"type": "result", "data": {"idx": 14, "options": ["36%", "56%", "76%", "96%"], "probs": [[0.4262438848880122, 0.2841386697394546, 0.22521133154171288, 0.06440611373082511], [0.4432190445280902, 0.284458633396068, 0.20988557012846393, 0.062436751847359966], [0.44949547144735646, 0.2941923639439846, 0.19104192928312694, 0.06527023522553099], [0.44085307364417353, 0.2992472086634916, 0.19245053670378326, 0.06744918088856473], [0.4443258166669773, 0.3102773790537211, 0.1742703122665037, 0.07112649191279687], [0.451654626934343, 0.3005040109936034, 0.1742722512902248, 0.07356911068182762], [0.4555729394375162, 0.2817079559497658, 0.20787044899116108, 0.05484865552156129], [0.44966159441239256, 0.28533340768226767, 0.20552293195816015, 0.05948206584719184], [0.45538463074522506, 0.29077966538061223, 0.1973929391702002, 0.056442764603958306], [0.4396194381697615, 0.2928734984404676, 0.20293541462366996, 0.06457164866611333], [0.46769494883034235, 0.30387236304575965, 0.16837469638397928, 0.06005799163993735], [0.460157678498596, 0.2977788161176134, 0.17302466735344363, 0.06903883793035419], [0.46981870737818165, 0.28029663757208556, 0.18958585232653166, 0.060298802623192385], [0.46093526255370976, 0.2907398344313628, 0.1921062859390011, 0.056218616975930946], [0.4654340519785296, 0.2829910945537441, 0.19374843865794972, 0.05782641470977315], [0.45268196842642344, 0.28050250732293086, 0.20509171365091602, 0.06172381049972638], [0.4650026494169783, 0.2997232067194796, 0.17179631237780787, 0.06347783138575532], [0.4479389466663069, 0.30144209153632395, 0.18292493449480565, 0.067694027202576], [0.46730284029789815, 0.2812075544657523, 0.18647511592430788, 0.065014489212034], [0.4645867600547929, 0.27776662506666683, 0.18952070030174453, 0.06812591447679579], [0.4745984827953938, 0.2797222585834445, 0.181339365166545, 0.06433989335462423], [0.46363706750967165, 0.2726490178576633, 0.19246824262295845, 0.07124567190970045], [0.4573367388563253, 0.27903797568792166, 0.19896907743032083, 0.06465620792541829], [0.43237150178659295, 0.28070638716846835, 0.21372411588291249, 0.073197995062018]], "ideal": "B", "sampled": "D", "correct": false}}
{"type": "result", "data": {"idx": 15, "options": ["6%", "13%", "27%", "46%"], "probs": [[0.32808617329302986, 0.3029788073680364, 0.2727568058440576, 0.09617821339488854], [0.3592140876943959, 0.2954962791715888, 0.25378694252397516, 0.09150269051002147], [0.36474674533099727, 0.2971297728552263, 0.24981965721650382, 0.08830382449728418], [0.36259852164156037, 0.2942344814892809, 0.2459327123944274, 0.09723428437472034], [0.3723683168586555, 0.299117995699309, 0.23127266881230735, 0.09724101852972286], [0.3753258819197231, 0.299379693120311, 0.23299831189415007, 0.09229611296580406], [0.35062718738354826, 0.3069429850501044, 0.2525304505943796, 0.08989937687195905], [0.37202786813754307, 0.3019849640946597, 0.2384276377337513, 0.08755952993406255], [0.3691068822324747, 0.30027638156358427, 0.2529568873185627, 0.07765984878539527], [0.35352456975414914, 0.30299694383444864, 0.2554218533383806, 0.0880566329730149], [0.36964029989369357, 0.30641387218543353, 0.23710643516279392, 0.08683939265808054], [0.3632714972890815, 0.3107854513717812, 0.23733798218537766, 0.08860506905376576], [0.3938815091902405, 0.2886110603161694, 0.2273589148842143, 0.0901485155093703], [0.3962708619510102, 0.28589398446782677, 0.22659927869245028, 0.09123587478871319], [0.38707679101363135, 0.29573582935090237, 0.23815018520838305, 0.07903719432707258], [0.3817043179735578, 0.29500033590812413, 0.23949354314748916, 0.08380180287080935], [0.3884094361434944, 0.28756887765499317, 0.2474582669094216, 0.07656341919210265], [0.3609105850590124, 0.2998623454007156, 0.2520680971394114, 0.08715897230084924], [0.3923345493113887, 0.29171802939103286, 0.21971218736556633, 0.0962352338320151], [0.3847581476933715, 0.2951368373791798, 0.22386886979717846, 0.09623614503027605], [0.3750017656304437, 0.3012617507507779, 0.23537685728778643, 0.08835962623099879], [0.3597036873812777, 0.30646032943726165, 0.23861107453878605, 0.095224908542654], [0.38315439377440424, 0.30011714017044955, 0.24227829430618528, 0.07445017164894123], [0.345947259798709, 0.31251350795027427, 0.25176409914847175, 0.08977513300254443]], "ideal": "B", "sampled": "C", "correct": false}}
{"type": "result", "data": {"idx": 16, "options": ["34%", "49%", "64%", "79%"], "probs": [[0.3953646231563453, 0.32849383636015295, 0.21175808768974874, 0.06438345269373255], [0.4241171432903733, 0.3152368669616513, 0.20146928051542362, 0.0591767091325524], [0.42978558937630357, 0.3360448581466037, 0.16984757029208, 0.0643219820850102], [0.42297258899982426, 0.3353335405096745, 0.17645554505819086, 0.06523832533229873], [0.4439562608617922, 0.3318929838935104, 0.15799669312158302, 0.06615406202310727], [0.43702016004829836, 0.3345051736696982, 0.1679893844717312, 0.06048528171029315], [0.3987693578001101, 0.3512139512484991, 0.19599261593668596, 0.05402407491469547], [0.42074011546293744, 0.3304176617370132, 0.19427279436799433, 0.05456942833204712], [0.4202905979632669, 0.3478044209269953, 0.1730433870183234, 0.05886159399140978], [0.4116482662163678, 0.3494282007026262, 0.17971782441696973, 0.059205708564045105], [0.43268488256460313, 0.3450468454106632, 0.15783399101133472, 0.06443428091339497], [0.4097870134018861, 0.3526787736573882, 0.1660590738383483, 0.07147513900236054], [0.4422404310758514, 0.3306811504676103, 0.1714345520757977, 0.055643866280744504], [0.4403984996295883, 0.32416988521467993, 0.17992637150801935, 0.05550524354769452], [0.4359515765497598, 0.3109345133474778, 0.18345796283707574, 0.06965594716567852], [0.4321958869222064, 0.31208647094803205, 0.1960147449270451, 0.05970289710272652], [0.4271180306246718, 0.34000161876929536, 0.16732418131641588, 0.06555616918962057], [0.42759456653365413, 0.3397372744992604, 0.17072982897485536, 0.061938329892227334], [0.44636472081914863, 0.31915199140444933, 0.16760863412176052, 0.06687465355463462], [0.43635293824387705, 0.3267304284103223, 0.1763036876737981, 0.06061294557200643], [0.44462842454172924, 0.31277760558797635, 0.1717506280534778, 0.07084334171681633], [0.4200456633160936, 0.3209128474344257, 0.18781544981083878, 0.07122603933862308], [0.41658610383701494, 0.3270017935274117, 0.1842663080156886, 0.07214579451988827], [0.4028148700449352, 0.3327871099213965, 0.19508804214633227, 0.06930997778734936]], "ideal": "A", "sampled": "C", "correct": false}}
{"type": "result", "data": {"idx": 17, "options": ["62%", "72%", "82%", "92%"], "probs": [[0.43978809667742386, 0.2994667734592179, 0.21400977299709623, 0.04673535676628145], [0.46462697753192717, 0.2959214682566054, 0.19663699157066752, 0.04281456254079081], [0.4554888768673318, 0.29755633360886, 0.19865328291886256, 0.04830150650495021], [0.4635532328387141, 0.2958386705268507, 0.1940179235141357, 0.04659017302030652], [0.4560855761291199, 0.3056887934477806, 0.18208979868867836, 0.05613583163440369], [0.45718767876918587, 0.30119877535843276, 0.1828970276903073, 0.05871651808208394], [0.4523433469342671, 0.28219534310925515, 0.22763284745457385, 0.03782846240190625], [0.4433074373257484, 0.28975843715860333, 0.2209174043992043, 0.046016721016449644], [0.44797686771464035, 0.287095496462381, 0.21677105320518558, 0.04815658251778933], [0.44850942624670653, 0.2873437445690133, 0.21788306937378932, 0.046263759710480114], [0.448486547895753, 0.311286796654305, 0.1853786825113324, 0.054847972838598914], [0.4626324931440416, 0.2919590255116234, 0.1900135439710713, 0.0553949372732635], [0.45329921242356896, 0.28706072543065264, 0.2080677772904882, 0.05157228475529485], [0.44754901313391854, 0.2959195328682221, 0.21130245150222982, 0.04522900239561074], [0.4499025937872352, 0.2843898904719497, 0.21089238471494615, 0.054815130925871806], [0.4425552746502928, 0.288517300974979, 0.2265198618677953, 0.0424075624069409], [0.4363947920609267, 0.2994712701219168, 0.20963797003115012, 0.0544959676860242], [0.4360060290838283, 0.29635520563026124, 0.2134678766115038, 0.05417088857440274], [0.4376626987225328, 0.2997473707877642, 0.20402627198407042, 0.05856365840563458], [0.44040411020436643, 0.29391310202075366, 0.20515691503401137, 0.06052587264086199], [0.43575359516960893, 0.2978303547373367, 0.20515496680500533, 0.06126108318804623], [0.4262757209818264, 0.2924730103058056, 0.22704421683363687, 0.05420705177871701], [0.41878599836438507, 0.28185409771466674, 0.23781706544061282, 0.061542838380355576], [0.3912376309697897, 0.28578180508003803, 0.25554074534905397, 0.06743981850112447]], "ideal": "C", "sampled": "A", "correct": false}}
