{"type": "result", "data": {"idx": 0, "options": ["temporary dipoles created by the position of electrons around the nuclei in a molecule", "the three-dimensional intermolecular bonding present in all covalent substances", "the uneven electron-to-proton ratio found on individual atoms of a molecule", "the electronegativity differences between the different atoms in a molecule"], "probs": [[0.5889912303645447, 0.19890615776094353, 0.1371473539111301, 0.07495525786336188], [0.5984051233827431, 0.19836983537812394, 0.12104753036124442, 0.08217751077788256], [0.5757189428692783, 0.1974297758873677, 0.14436296241691615, 0.08248831872643317], [0.5631504579963483, 0.20044475762280672, 0.1405076437362663, 0.09589714054455453], [0.5934756591454292, 0.2004371688216949, 0.12005094181811758, 0.0860362301147464], [0.5723923933663567, 0.2082565464195013, 0.1308172033033462, 0.08853385681077473], [0.5702739870471044, 0.20569441885954393, 0.14713371664052452, 0.07689787735282497], [0.5813419828292253, 0.20216901777894566, 0.1320845468020949, 0.08440445248971523], [0.5673076326535703, 0.20521052898029055, 0.15155952085990734, 0.07592231740624396], [0.5738801183030153, 0.2084783629621952, 0.13866432042714658, 0.07897719820763491], [0.5830031658307732, 0.20939393316121574, 0.12931805861680062, 0.07828484229123532], [0.5801073295721203, 0.21442468078721993, 0.13079663319979468, 0.07467135634087553], [0.5688766435019631, 0.19165467404429065, 0.14974636715609643, 0.08972231519764853], [0.5630581897149889, 0.19243996902657015, 0.14467125002069822, 0.09983059113774947], [0.5743437876083799, 0.19742128847762924, 0.14621949924085287, 0.08201542457312971], [0.5777424900330717, 0.20391590034280074, 0.13598747375800505, 0.08235413576614771], [0.5621522321791407, 0.20039578309424466, 0.14577876251817445, 0.09167322210842603], [0.573034798359118, 0.20360797389435553, 0.13858841781133288, 0.0847688098351702], [0.5493262434300564, 0.21592536203223958, 0.13666998684067927, 0.09807840759703036], [0.5355588966972397, 0.22140459088182748, 0.14583196753169567, 0.0972045447892483], [0.5627417189334019, 0.21844922608393377, 0.13209317585388902, 0.08671587902876], [0.5575711002346443, 0.2263005586544372, 0.13399096686093284, 0.08213737415001288], [0.5307071912444515, 0.21739142870226036, 0.15406899128058485, 0.09783238867271618], [0.5415542949895422, 0.2219450812477612, 0.14662160356495454, 0.08987902009774472]], "ideal": "A", "sampled": "B", "correct": false}}
{"type": "result", "data": {"idx": 1, "options": ["70 pm, 1402 kJ/mol", "86 pm, 898 kJ/mol", "135 pm, 523 kJ/mol", "40 pm, 995 kJ/mol"], "probs": [[0.43348483706327834, 0.2766747365095376, 0.19121969475620448, 0.09862073157098696], [0.4448707515155522, 0.27358066376930096, 0.1902995854583048, 0.09124899915681986], [0.4366893463767461, 0.2749793683780963, 0.19050039497033697, 0.0978308901748233], [0.4511688004390617, 0.27207690204145835, 0.1828262330208395, 0.0939280643986408], [0.45608914523296995, 0.27502507768538875, 0.18186045034820816, 0.08702532663342498], [0.450165988763989, 0.2747395797361381, 0.18453240096607418, 0.09056203043380837], [0.4457210454480611, 0.29061699816038, 0.17584687397404147, 0.08781508231752345], [0.4542715903529883, 0.2881584640605976, 0.17434888179607722, 0.08322106369034192], [0.4504184281033127, 0.2808774795273586, 0.1860150890972113, 0.08268900317211375], [0.4513914857357876, 0.27401404756743636, 0.18023626116314911, 0.09435820543362887], [0.458532916845439, 0.28137711042715713, 0.18332971301291695, 0.07676025961447822], [0.4585555016507004, 0.27258523263049395, 0.17992364948884715, 0.08893561612995313], [0.45302138259371416, 0.2847307409287299, 0.17323200131200792, 0.08901587506555497], [0.46307869037109134, 0.2808361414592504, 0.1665156944738362, 0.08956947359582629], [0.45765549533169875, 0.2781288894872555, 0.1787425344375247, 0.08547308064353215], [0.4633556713686879, 0.268384332599377, 0.17360998935501282, 0.09465000657692116], [0.46781041168951637, 0.2747708833546351, 0.1720524819056198, 0.08536622295021724], [0.4675569228922478, 0.26400789845682193, 0.17242883841123327, 0.09600634013969502], [0.4515620626414246, 0.28592996879356974, 0.16830764739847096, 0.0942003210665428], [0.44856680183138237, 0.2840884525311214, 0.16998204185794502, 0.09736270367952887], [0.4582158871792146, 0.277909260173184, 0.17888165793374755, 0.084993194613858], [0.4526825997161941, 0.2667103644646874, 0.17560349968701292, 0.10500353603209724], [0.4619140249681555, 0.27547824873452603, 0.17510400390399, 0.08750372229332867], [0.45434158357948673, 0.2637449228160897, 0.1769263634357376, 0.10498713006868532]], "ideal": "A", "sampled": "A", "correct": true}}
{"type": "result", "data": {"idx": 2, "options": ["ionic bonding", "nonpolar covalent bonding", "covalent network bonding", "metallic bonding"], "probs": [[0.1963193430730352, 0.34575794227624634, 0.26405790561897746, 0.19386480893175012], [0.24219562158884284, 0.32211634748436707, 0.23742315312442597, 0.1982648777023582], [0.20589923167022658, 0.3612648192711433, 0.2546528303206611, 0.17818311863796832], [0.2434676800110168, 0.29947105260225576, 0.22874523610062977, 0.22831603118608568], [0.2280661388212693, 0.32362045028744374, 0.23395705283627263, 0.21435635795500912], [0.23392864377972875, 0.30821442617523764, 0.20864952494665237, 0.24920740499838473], [0.20367425754961263, 0.3286860896374022, 0.24425937487349492, 0.2233802778394853], [0.25938404957508526, 0.31471673873996253, 0.22143422324301076, 0.2044649883419483], [0.18575743559034008, 0.3154114258698415, 0.28774686027999996, 0.21108427815982742], [0.1775804266992659, 0.27777141927844723, 0.28418838876667973, 0.26045976515559705], [0.22978177178500006, 0.30735407046040664, 0.24175400790693075, 0.2211101497476641], [0.17249231756001113, 0.2917535456791578, 0.2583326068724958, 0.2774215297883006], [0.18793000712717767, 0.3537148921276855, 0.21752224798616027, 0.24083285265896864], [0.23331783265062214, 0.2984988207276726, 0.188254792665813, 0.27992855385586995], [0.17774681863841454, 0.33876760491988805, 0.24736502399374916, 0.23612055234794244], [0.16889383380583958, 0.29782858649288024, 0.23589480003200716, 0.29738277956928105], [0.20587759802720493, 0.3001414938149763, 0.1900743522067167, 0.30390655585109055], [0.1674754859335203, 0.31282558673873967, 0.20674219671620428, 0.31295673051152545], [0.24780773223544003, 0.32257907621724785, 0.2295779540162488, 0.20003523743106563], [0.25286560414078146, 0.3040673552587258, 0.205308210991704, 0.23775882950877866], [0.24006471338361898, 0.32502752414562364, 0.23316566906573313, 0.20174209330502874], [0.19274553049262613, 0.3208098373659714, 0.2487823004410275, 0.2376623316003695], [0.23345888562614248, 0.3047242684399406, 0.22067581776265482, 0.24114102807126755], [0.20338323177805506, 0.33354925349231623, 0.23414601813247837, 0.22892149649715382]], "ideal": "C", "sampled": "A", "correct": false}}
{"type": "result", "data": {"idx": 3, "options": ["Ag+(aq) + Br-(aq) \u2192 AgBr(s)", "NH4+(aq) + Ag+(aq) \u2192 Ag(NH4)3+2(aq)", "Br-(aq) + NO3-(aq) \u2192 NO3Br(aq)", "NH4Br(aq) + NO3-(aq) \u2192 NH4NO3(aq) + Br-(aq)"], "probs": [[0.49662874129860385, 0.25824225220818103, 0.13628980541372077, 0.10883920097946899], [0.4999466066127427, 0.2677532846169257, 0.15148404872534443, 0.08081605994501041], [0.4764977790907694, 0.25406780438427, 0.1633664298649265, 0.10606798656002904], [0.45366896516279726, 0.2606577518659075, 0.1759912311014414, 0.10968205176986646], [0.46489308212532865, 0.2740479591759757, 0.1664600247231745, 0.09459893387553434], [0.4676592454858396, 0.25747903340678774, 0.15929631872835004, 0.11556540227901674], [0.4904305181454872, 0.2415896569718497, 0.15061246112642793, 0.11736736365622935], [0.494924836989727, 0.25839911450903363, 0.1654839323298708, 0.08119211607136023], [0.4818657432456885, 0.23926294210862836, 0.15661144500982488, 0.12225986953585556], [0.48831613591458045, 0.2620718956136762, 0.1703819947443561, 0.07922997362738583], [0.4687971589576116, 0.2872865164475119, 0.1493758859485411, 0.09454043854634209], [0.4873739215527081, 0.2762707734344115, 0.1481260552577479, 0.08822924965513514], [0.4814585577973005, 0.25990777913992075, 0.15546124720686144, 0.10317241575591671], [0.4741544783948134, 0.2540582506979205, 0.1651713647737118, 0.10661590603354236], [0.4858974013080837, 0.25672620959531306, 0.1456831020206813, 0.1116932869759201], [0.5263694903511382, 0.2627003326735793, 0.1413645366043035, 0.06956564027099019], [0.49099121537575124, 0.2709455820460718, 0.11918715322932112, 0.1188760492488662], [0.5031995424669559, 0.2846070837551026, 0.1232040191231989, 0.08898935455476245], [0.4659891523183119, 0.25859339293426553, 0.1778013739714986, 0.09761608067593217], [0.4706668824600152, 0.24052314754904325, 0.17453749077098504, 0.11427247911996014], [0.4653610927653673, 0.2791898565611415, 0.15278585444797482, 0.10266319612551322], [0.48279953563884964, 0.2709334233455426, 0.15441550276919355, 0.09185153814640035], [0.48814755972606316, 0.24809084487751318, 0.13015614949925197, 0.1336054457971551], [0.49657593672866107, 0.2654688325118794, 0.1348757668489057, 0.10307946381057077]], "ideal": "A", "sampled": "D", "correct": false}}
{"type": "result", "data": {"idx": 4, "options": ["W", "Sb", "Fe", "An"], "probs": [[0.3119879386494676, 0.3379319814870623, 0.18428008998373308, 0.16579998977974322], [0.30709598273815103, 0.40071754680566823, 0.18901631168421043, 0.10317015867196666], [0.29385544504440253, 0.3097549027974965, 0.23576916699815043, 0.1606204850599608], [0.2872870750266522, 0.3229975778649613, 0.2606026377323361, 0.12911270927604757], [0.32615584928504326, 0.3567129284600634, 0.18337299386156733, 0.13375822829332196], [0.28529325190607946, 0.32316655744544415, 0.20041851542357203, 0.1911216751249197], [0.3239591733021314, 0.2961326717329383, 0.22291693112368735, 0.15699122374124908], [0.32342739126358405, 0.3464144679147749, 0.23689982727760672, 0.09325831344403764], [0.30417951274616234, 0.3083826864028977, 0.243613141598229, 0.14382465915272008], [0.33032014492423767, 0.315229608021947, 0.25242265945332204, 0.10202758750050071], [0.3435106400578697, 0.34746356235260817, 0.19662409086155333, 0.11240170662797629], [0.33622773139961215, 0.3132794936826545, 0.2081308267733025, 0.14236194804443095], [0.28010413807732953, 0.336540307178173, 0.23008902820032423, 0.15326652644419222], [0.2716283610066446, 0.34273571622590404, 0.2659315030719981, 0.11970441959543923], [0.27137740938541227, 0.3964972031383858, 0.20903011496501986, 0.12309527241118545], [0.2953289813402866, 0.3989621613851175, 0.21419132373535382, 0.09151753343924418], [0.2986976021750891, 0.3358575790147745, 0.20018634457111023, 0.1652584741390408], [0.31537324472453215, 0.34031388084438424, 0.20893534082330376, 0.13537753350778886], [0.3573814405978185, 0.29755175268129214, 0.22871875320484822, 0.11634805341604877], [0.3147397816632099, 0.2810287345213161, 0.2424569720806509, 0.16177451163479692], [0.3425306305045615, 0.36116243762849687, 0.18320855823498405, 0.11309837353196336], [0.3533462876953402, 0.331884030294406, 0.18642267891893774, 0.12834700299131357], [0.31316081820783664, 0.2907232563749952, 0.24596803362775807, 0.15014789168942977], [0.3381473295385781, 0.28588169764377536, 0.2580413546441123, 0.11792961807354971]], "ideal": "B", "sampled": "B", "correct": true}}
{"type": "result", "data": {"idx": 5, "options": ["0.33 atm", "0.40 atm", "0.50 atm", "2.0 atm"], "probs": [[0.31015334480180123, 0.27695720884402825, 0.3152105453500849, 0.09767890090405998], [0.32587380708715746, 0.2767956119984191, 0.33128568607156517, 0.06604489474284037], [0.34967693586707904, 0.2666378814844328, 0.28241289378231044, 0.10127228876617739], [0.33799348649468614, 0.2764664011482345, 0.31334126973804877, 0.07219884251904711], [0.3793376342496718, 0.2880177127092392, 0.2563955545768162, 0.07624909836427737], [0.3737782971266246, 0.30224956176744683, 0.24960376397265335, 0.07436837703326418], [0.32506985851436204, 0.26157167062208775, 0.324048271162307, 0.08931019960122337], [0.32609751460420244, 0.2665123703350291, 0.3407989829074974, 0.06659113205325574], [0.32773916525551594, 0.2620428803031059, 0.31522781259670984, 0.09499014174465993], [0.327087795548623, 0.26873226175494963, 0.3320201021084122, 0.07215984048800744], [0.37511421406637857, 0.29456733543401464, 0.25683637029747447, 0.07348208010216122], [0.37225279502966746, 0.2963345487471273, 0.25590257758230867, 0.07551007854089778], [0.33627366518723106, 0.27766906349222187, 0.28782650139432936, 0.09823076982620982], [0.33260869535980875, 0.2830698251682395, 0.31407339527538003, 0.07024808409658757], [0.32226880561833826, 0.27808769163717884, 0.2818824631286948, 0.11776103951580429], [0.3282438926383862, 0.27821266469365835, 0.31973844801044393, 0.0738049945575271], [0.37355236402238173, 0.3157215569667324, 0.23506667748406015, 0.07565940142681835], [0.38795774531524435, 0.3068975981792287, 0.23101688977233797, 0.0741277666331976], [0.39887631337936547, 0.27186425546787496, 0.2529517811516808, 0.0763076499010854], [0.3953500073891293, 0.2812560588727905, 0.24718050198197156, 0.0762134316560826], [0.4037323599392271, 0.27868964800183377, 0.23827922713629374, 0.07929876482266801], [0.4090141227524626, 0.2746363787287898, 0.23885672793037172, 0.07749277048836267], [0.4023862288196918, 0.2780373664362279, 0.23688890348991196, 0.08268750115415666], [0.3988702908024181, 0.2679470354700105, 0.2489250598992805, 0.08425761372830477]], "ideal": "C", "sampled": "D", "correct": false}}
{"type": "result", "data": {"idx": 6, "options": ["very soluble", "very electronegative", "isoelectronic with a noble gas", "highly colored"], "probs": [[0.41826026954786794, 0.3261979022049971, 0.1719179071603754, 0.08362392098676122], [0.4213969858002217, 0.3144115797584292, 0.1532654168995952, 0.11092601744175314], [0.4126815790428801, 0.3570311035559889, 0.1581506554880758, 0.07213666181305221], [0.4255641219467293, 0.33566742294362545, 0.1456302208761056, 0.09313823413355445], [0.40838597407182436, 0.3197051321460528, 0.16461991369239193, 0.10728897998974989], [0.424246918565812, 0.30764082143843335, 0.162913708615228, 0.10519855128051474], [0.44779211980390404, 0.30050560863766035, 0.17214204728658233, 0.07956022417184495], [0.44720700647048606, 0.2945505252303153, 0.152857458902306, 0.10538500929689724], [0.44018244652475097, 0.3336750957811219, 0.15132150740654993, 0.07482095018758024], [0.43689849728585534, 0.3389701851971608, 0.14940403121665155, 0.07472728620033932], [0.4393769225176738, 0.2950129439968547, 0.16189414052024917, 0.1037159928652294], [0.42259751202807333, 0.30973418721294244, 0.19016572087192324, 0.0775025797870453], [0.42070997524169623, 0.35847383485633677, 0.14877332816432107, 0.07204286163762433], [0.43518592896027924, 0.33899490088430373, 0.1362235042958444, 0.08959566575959081], [0.42703526538423703, 0.3652865793235229, 0.1373699018000077, 0.0703082533922159], [0.42364787426282824, 0.37463361953477503, 0.1369007412991729, 0.06481776480323855], [0.4294054794999148, 0.3299943702506786, 0.14550515674359915, 0.09509499340579579], [0.42246899703386265, 0.3487400522487148, 0.16048527485427044, 0.06830567576315062], [0.41725192502802705, 0.3124538314381756, 0.15461527931815539, 0.11567896411563168], [0.44226381329315195, 0.3007686839601326, 0.15197872281576633, 0.10498877983093685], [0.41650488916855594, 0.3107364711987248, 0.16192330751421588, 0.1108353320184908], [0.40493329157216246, 0.3331427293931774, 0.18400274162628966, 0.0779212373083766], [0.4271874283687978, 0.3218945106249507, 0.15080442517567963, 0.10011363573058801], [0.4003402032474023, 0.35541157607993434, 0.17132721483907706, 0.07292100573357817]], "ideal": "C", "sampled": "C", "correct": true}}
{"type": "result", "data": {"idx": 7, "options": ["no two electrons can have the same four quantum numbers", "no two electrons with the same spin can occupy an orbital", "no two electrons can occupy separate orbitals", "no two electrons can pair up if there is an empty orbital at the same energy level available"], "probs": [[0.5249937266461355, 0.25465896185491554, 0.13322024501795526, 0.08712706638099503], [0.5166911386539991, 0.2685656459992044, 0.14382977950836082, 0.07091343573842611], [0.5406746086794192, 0.24734373926405392, 0.13310482751945155, 0.07887682443706602], [0.54077924067189, 0.24187767215112432, 0.14070998207741606, 0.07663310499953797], [0.5224495283198156, 0.26095157085922605, 0.136749695802512, 0.07984920491845891], [0.5362994865663478, 0.2527173472219977, 0.12150597829484891, 0.08947718781680224], [0.5590710157910879, 0.22451133695957043, 0.13549290602966546, 0.08092474111969566], [0.5484556088277672, 0.23150372590976523, 0.15298436500462767, 0.06705630015782102], [0.5612160965975215, 0.22203580849748536, 0.1425161104574847, 0.07423198434749591], [0.5475315617072833, 0.23046792934460766, 0.15719275285096576, 0.06480775599712649], [0.5608945691975249, 0.2437317717303854, 0.12479217728539031, 0.07058148168672987], [0.5458753767785782, 0.24686406400721825, 0.13097429678948172, 0.07628626232474221], [0.5244206279748521, 0.2419097823037558, 0.15058385064714008, 0.0830857389742654], [0.5260281576632181, 0.23547802562175998, 0.15795214269333005, 0.0805416739216749], [0.5269611816442741, 0.2512584332421453, 0.14044573046855605, 0.08133465454501981], [0.5133246392824031, 0.2656925380847878, 0.1537817348119092, 0.06720108772088537], [0.5412022009574828, 0.2501442637148514, 0.1235145603719177, 0.0851389748557339], [0.5226112367553152, 0.2671431223070342, 0.1347146923098192, 0.07553094852781804], [0.5224831971002044, 0.21097480834489227, 0.17747116546609798, 0.08907082898879642], [0.5415718807375985, 0.2057349765275228, 0.1531583185806128, 0.0995348240542715], [0.5390104670761086, 0.22657221516383708, 0.15490656253934412, 0.07951075512071405], [0.5242905734240295, 0.22717380679398, 0.16188320710418141, 0.0866524125778326], [0.5524697448173609, 0.2062806180371127, 0.14890548546520835, 0.09234415158029403], [0.5423954324273697, 0.21656264109395218, 0.15932612273839294, 0.08171580364031053]], "ideal": "D", "sampled": "B", "correct": false}}
{"type": "result", "data": {"idx": 8, "options": ["Rb+", "Se2-", "As5+", "Sr2+"], "probs": [[0.4801262337620652, 0.2614501914561235, 0.16447924021547594, 0.09394433446633095], [0.4803623237855653, 0.24244807006393976, 0.17514130622990626, 0.10204829982058758], [0.46536215463970837, 0.26614834330198495, 0.1707424319932244, 0.09774706996506669], [0.45745230884358057, 0.25315245110243006, 0.18004471438359745, 0.10935052557041018], [0.46845728298902883, 0.24627113853418023, 0.1810975660452892, 0.10417401233150987], [0.4690608497023571, 0.24184162645054316, 0.17778629736227655, 0.11131122638482185], [0.46673053204546405, 0.2721868773921726, 0.17697096680438892, 0.08411162365797276], [0.4622643555672696, 0.2585523120564422, 0.1891139105722934, 0.09006942170399972], [0.47884398318008525, 0.2721015057453859, 0.1618978542685878, 0.0871566567059368], [0.5005374123402806, 0.2668088003754, 0.1526699429436765, 0.07998384424063971], [0.46877564552411766, 0.25224012048422245, 0.17925446460626648, 0.09972976928539078], [0.49129822870276635, 0.2624414541974471, 0.16344521868169168, 0.08281509831811162], [0.439623547879771, 0.26813973307128725, 0.18519630221599456, 0.10704041673295005], [0.43776554265407686, 0.2513356716974422, 0.19213833851627804, 0.11876044703219019], [0.45241405479641394, 0.26645716756879995, 0.1713505967262386, 0.10977818080855858], [0.4711328248230599, 0.2595899609426854, 0.1655637034977884, 0.10371351063644839], [0.4541433612916661, 0.24298264979465375, 0.17206069104294042, 0.13081329777073158], [0.476028818826339, 0.2616516656521967, 0.15918524710876197, 0.10313426831269636], [0.43020468467877887, 0.26539499436460867, 0.20152163791548283, 0.10287868294110748], [0.4230799396812451, 0.2606124481910011, 0.19959601139738029, 0.1167116006303823], [0.4450799556519492, 0.25607493075606264, 0.18716389116010204, 0.11168122233189552], [0.4506318670387111, 0.27418334157184665, 0.17457509917375102, 0.10060969211568205], [0.44262418984801294, 0.25314130212218355, 0.1855427736453167, 0.11869173428448054], [0.4649058050169115, 0.27273277858982464, 0.16891805534790671, 0.09344336094534648]], "ideal": "C", "sampled": "B", "correct": false}}
{"type": "result", "data": {"idx": 9, "options": ["the O\u2013H bonds in sulfuric acid are much weaker than in sulfurous acid due to the electron withdrawing of the oxygen atoms on sulfuric acid", "sulfuric acid has more oxygen atoms in its formula", "the sulfur in sulfuric acid is more electronegative than the sulfur in sulfurous acid", "sulfuric acid has the hydrogen atoms bound directly to the sulfur atom"], "probs": [[0.5890860710554422, 0.22227181579479038, 0.12794289105535095, 0.0606992219944114], [0.5707839582299733, 0.2278163920316964, 0.12114340638691205, 0.08025624325142919], [0.603329780877404, 0.23558890191435752, 0.09210183511974966, 0.06897948198851234], [0.5903509476076643, 0.2482149374518028, 0.10011941340763242, 0.06131470143290922], [0.572118643929788, 0.23046938689530072, 0.10921086128980893, 0.0882011077851191], [0.576591002835254, 0.2390126743993319, 0.1245501649002524, 0.05984615776515531], [0.5485954470377549, 0.2763211531556259, 0.10640932302246434, 0.0686740766841681], [0.5450298319678258, 0.26570216228843213, 0.10215220648183217, 0.08711579916191424], [0.5486192662779558, 0.2729054648811404, 0.11665705918797366, 0.06181820955293847], [0.5300616772746766, 0.2575570818999508, 0.1027910957576599, 0.10959014496771526], [0.5224593682455403, 0.2496140190685783, 0.1380481334025584, 0.08987847918332788], [0.4956252651761861, 0.24827513860777722, 0.13051061616893864, 0.12558897994710366], [0.5753281455163867, 0.25576159386318437, 0.09106143998280429, 0.07784882053761073], [0.5662630890266325, 0.2628467745249948, 0.09906563274259822, 0.07182450360574334], [0.5540085124816216, 0.23145405542109246, 0.14928426185010643, 0.06525317014720698], [0.5252315676185471, 0.22659472878250858, 0.1281551676088562, 0.12001853589010722], [0.5509900493877804, 0.2494381057932978, 0.12956226129525492, 0.07000958342367723], [0.5379725047688785, 0.2286627258654563, 0.104919170804991, 0.12844559846068535], [0.563243259687957, 0.2422199199569965, 0.10273368858046579, 0.09180313167455001], [0.5601245267449982, 0.2547677569183486, 0.11323392934527722, 0.0718737868913638], [0.525280419363191, 0.2392063674969199, 0.15111323860386233, 0.08439997443603826], [0.49753672496750867, 0.23677861230280636, 0.14525025651701634, 0.12043440611267127], [0.5695388491308104, 0.2512510383343278, 0.1116263832362244, 0.06758372919863288], [0.5608424886903862, 0.23343537801892358, 0.09532835506790656, 0.11039377812278207]], "ideal": "A", "sampled": "A", "correct": true}}
{"type": "result", "data": {"idx": 10, "options": ["0.0641 M", "1.64 M", "0.115 M", "0.400 mol/L"], "probs": [[0.45784702866535704, 0.2697091972407376, 0.19121888010158972, 0.08122489389230131], [0.46445040298048235, 0.27950329883072483, 0.1858777302979702, 0.0701685677908142], [0.44790370578989874, 0.27277013492599655, 0.21005977796588554, 0.06926638121822927], [0.43309600823687766, 0.2840669062283947, 0.21672742252620114, 0.06610966290852179], [0.45856039314895475, 0.25577211634795755, 0.2193573488502482, 0.06631014155284569], [0.450565642062542, 0.2689948295496514, 0.21387758389382355, 0.06656194439397459], [0.45122439518968727, 0.2743522196929421, 0.18744827250558765, 0.08697511251178668], [0.4595628681260882, 0.2746261105606707, 0.1895821757843142, 0.07622884542893048], [0.4549155796551077, 0.2738843351084386, 0.19418606021521265, 0.0770140249212405], [0.46129399326460135, 0.27023061931128506, 0.19078226025191272, 0.07769312707219439], [0.4645489334751865, 0.265172873314223, 0.19879858977932688, 0.07147960333126004], [0.4672586441113477, 0.25712181440763077, 0.1945276216363082, 0.08109191974471062], [0.4590000319031784, 0.29287387692479133, 0.18274825982979004, 0.0653778312422371], [0.45208037202352147, 0.2977024122145022, 0.18823810126936133, 0.06197911439263492], [0.4700310282351299, 0.2819136634310587, 0.1756962766362585, 0.07235903159755132], [0.472493809074857, 0.2860879421488524, 0.17143641240667054, 0.06998183626961457], [0.4639045732992459, 0.29043660733208543, 0.18986831967480186, 0.055790499593882666], [0.4740950632778212, 0.26817700286835294, 0.19253092428902882, 0.06519700946482426], [0.4592204133316031, 0.25962014695785307, 0.20949192681209117, 0.0716675127984584], [0.4497816999506552, 0.2696791296056314, 0.20818459897407726, 0.07235457136962892], [0.47114124390371226, 0.272222459296662, 0.18577887536770185, 0.07085742133192063], [0.4752140178777705, 0.2650848353548197, 0.18439327446505735, 0.07530787220236423], [0.45128330346463286, 0.2748295478116709, 0.2088029431642726, 0.0650842054594057], [0.4653962495073994, 0.253057045226579, 0.20828265727498615, 0.0732640478910214]], "ideal": "C", "sampled": "C", "correct": true}}
{"type": "result", "data": {"idx": 11, "options": ["SF4", "PCl5", "BF3", "CO2"], "probs": [[0.2056927194666569, 0.19634805277636283, 0.3711375434934442, 0.226821684163516], [0.187925921191729, 0.19128250756081785, 0.37522503799631907, 0.24556653315113375], [0.19358041184335834, 0.2362620339176345, 0.37916289219206706, 0.1909946619469408], [0.19883428326663483, 0.22184904641062408, 0.31659958996240245, 0.26271708026033924], [0.20543995312939176, 0.18053213971330312, 0.3867562257224395, 0.22727168133485368], [0.2255451629969705, 0.19036662461540382, 0.3174063956065684, 0.26668181668104063], [0.20710276535353808, 0.199599301946858, 0.38254468873423236, 0.21075324386538646], [0.18696417425880837, 0.18483490793324547, 0.3965437269870208, 0.2316571907209277], [0.20408932513436984, 0.23814939211577024, 0.3533019389383076, 0.2044593437115542], [0.20176176620017314, 0.22569401762394212, 0.3474420160842947, 0.22510219999157943], [0.1967639490983229, 0.1959663695437167, 0.370441248631567, 0.23682843262638464], [0.2233786616141737, 0.20305018360390636, 0.3385961783319575, 0.23497497634996561], [0.17623870965594915, 0.261095470848975, 0.36373505125253874, 0.19893076814253302], [0.1708613092569373, 0.25499299009390575, 0.31607885397212904, 0.2580668465770226], [0.1728189657517501, 0.2799460906843349, 0.33764214219877237, 0.20959280126513735], [0.17071254585641266, 0.26697390454119435, 0.33442485519327236, 0.22788869430911685], [0.1849374788957644, 0.2603900399936542, 0.28826124738872855, 0.26641123362185004], [0.1844379891312849, 0.2525681217613826, 0.33397207999561285, 0.22902180901170355], [0.1975931693942284, 0.19114941374550087, 0.3591118921846552, 0.25214552457562256], [0.2149785696344532, 0.19815159555685144, 0.28777808845462344, 0.29909174625408264], [0.1959064065846162, 0.21857621345491735, 0.3320869076090891, 0.25343047225136994], [0.21741930704936396, 0.2159073932618653, 0.3049206170439831, 0.261752682544773], [0.2084895504361731, 0.24910226799981666, 0.27580657615711557, 0.2666016053069116], [0.19932207218745995, 0.2559426567341805, 0.31807769296327176, 0.22665757801508657]], "ideal": "A", "sampled": "B", "correct": false}}
{"type": "result", "data": {"idx": 12, "options": ["Fluorine has a very high electronegativity; therefore the H-F bond is stronger than any other H-X bond.", "HF is smaller than any other H-X molecule; therefore it exhibits stronger London dispersion forces.", "The dipoles in a HF molecule exhibit a particularly strong attraction force to the dipoles in other HF molecules.", "The H-F bond is the most ionic in character compared to all other hydrogen halides."], "probs": [[0.4963232138171599, 0.18088300084210185, 0.16907732740635753, 0.15371645783438362], [0.48946770061362166, 0.1873720181903221, 0.2014184221092255, 0.12174185898682241], [0.4988178338250157, 0.19289861027981248, 0.1488279912373729, 0.15945556455779153], [0.5066267245834496, 0.20335291807036196, 0.16871264671978842, 0.12130771052639457], [0.5001211011123747, 0.2073032582680271, 0.17846544800877892, 0.11411019251083204], [0.5198234502682009, 0.1973444108657615, 0.17830649741763852, 0.10452564134839061], [0.4773116639956268, 0.20493719549948744, 0.1500784608830469, 0.1676726795218422], [0.4725926419911554, 0.2096833101081505, 0.17641132491131722, 0.14131272288938482], [0.45759486393155946, 0.22170078297906004, 0.14831486174999947, 0.17238949123938271], [0.45377818693791644, 0.24403122314036022, 0.15560564136242888, 0.14658494845930098], [0.4761797810198055, 0.24141617596117818, 0.16074749507711128, 0.12165654784190179], [0.4654553463439595, 0.2508149999796907, 0.14598297246848704, 0.13774668110788152], [0.4883097371867318, 0.19087728834930814, 0.13431056231054947, 0.18650241205339113], [0.49747834884453745, 0.19639888098427224, 0.15429062140694777, 0.15183214866424657], [0.475586505601471, 0.1887094681918443, 0.15222871191364948, 0.18347531419302776], [0.4692004160940921, 0.2089225247077457, 0.16071300858614854, 0.16116405051202387], [0.49594018607468043, 0.21217958468306874, 0.17385541862394122, 0.11802481051829142], [0.46317125227130207, 0.2267593906427375, 0.16675298141944847, 0.14331637556650356], [0.488447628421435, 0.23618838728848993, 0.15321929645271487, 0.12214468773736606], [0.5162772036149239, 0.22112318770133693, 0.15370341276328345, 0.10889619582046733], [0.47139448001179673, 0.23942917217561968, 0.16393419172014587, 0.12524215599244498], [0.4747108671863081, 0.24294639078144192, 0.1408318459102087, 0.14151089602203623], [0.48948116284044285, 0.23454050417502148, 0.16791993093843888, 0.10805840194609859], [0.4589081488149118, 0.24311568169495035, 0.15666368063759184, 0.1413124887525653]], "ideal": "C", "sampled": "D", "correct": false}}
{"type": "result", "data": {"idx": 13, "options": ["3.8 \u00d7 10^-3 mol/L", "5.77 \u00d7 10^-3 mol/L", "1.97 \u00d7 10^-3 M", "9.9 \u00d7 10^-4 M"], "probs": [[0.44770093018462126, 0.2671866149137708, 0.20462113802768564, 0.08049131677390906], [0.438998139475234, 0.2668339183777698, 0.20962466829103926, 0.08454327375595154], [0.4493197647425719, 0.2595252598080458, 0.19808678256836418, 0.09306819278102288], [0.4566044600485132, 0.23907132910361215, 0.18662543986181418, 0.11769877088605407], [0.4280500262351007, 0.26633713557597516, 0.20731031494222382, 0.09830252314668439], [0.44438986881400094, 0.2555775486963642, 0.19200093846893362, 0.10803164392069352], [0.44357494271227166, 0.2625441508375042, 0.21601407341085735, 0.0778668329393528], [0.43117223022092543, 0.26364336104598196, 0.22235205159142526, 0.08283235704166945], [0.44697357144399047, 0.2590977878264107, 0.20034338965714915, 0.09358525097244406], [0.4536854440330868, 0.24202249090658465, 0.18847843474779577, 0.11581363021252875], [0.42417586632161125, 0.26465846132049387, 0.21113482809984632, 0.10003084415803326], [0.4375481005834729, 0.25950735418444576, 0.19912062276340614, 0.1038239223686759], [0.4383866735491522, 0.2789254298801417, 0.18954476143455629, 0.09314313503613443], [0.4421510475745668, 0.2636665774853169, 0.18008258515242115, 0.11409978968771035], [0.440552013144756, 0.28673501862090506, 0.18146819676022727, 0.09124477137411545], [0.4404513463809328, 0.2685645682489242, 0.17921262303505792, 0.1117714622350954], [0.4290376446382751, 0.283753319851552, 0.17855925406361814, 0.1086497813465353], [0.42456390059853466, 0.2822256951737009, 0.1839140639996712, 0.10929634012809282], [0.4118612224350582, 0.2895609038878296, 0.20351754208973588, 0.09506033148736993], [0.4302028801388663, 0.27588681546667465, 0.1894722988359846, 0.10443800545847315], [0.41950118592153113, 0.2910835455695303, 0.18937646157152108, 0.10003880683740662], [0.43340708925510035, 0.28228118829075444, 0.18328305671622935, 0.10102866563791968], [0.42583875107443075, 0.2893716387914175, 0.18151729095331046, 0.10327231908083913], [0.42756205184248836, 0.28496172821922905, 0.18457424782474216, 0.10290197201353059]], "ideal": "A", "sampled": "B", "correct": false}}
{"type": "result", "data": {"idx": 14, "options": ["The N-H bonds within the NH3 molecules break apart.", "The overall temperature of the solution rises as the NH3 molecules speed up.", "The amount of energy within the system remains constant.", "The hydrogen bonds holding separate NH3 molecules together break apart."], "probs": [[0.49779768401597324, 0.29368393600718173, 0.14708162881555442, 0.061436751061269716], [0.4964691339630217, 0.2902286955534812, 0.15542677505055216, 0.05787539533293465], [0.4748332605571827, 0.24158314791070176, 0.2040465749366108, 0.07953701649548957], [0.47391691254066165, 0.24120691922145862, 0.19689671681048748, 0.0879794513273791], [0.485123038403267, 0.2824824945785063, 0.17819689202383013, 0.054197574894392524], [0.46508760662658066, 0.2915996712893821, 0.16835508847900596, 0.07495763350504656], [0.5252650126856717, 0.24484742165333787, 0.16018023082425645, 0.06970733473670969], [0.5297888468288393, 0.23774344107123216, 0.17140875218187723, 0.06105895981806935], [0.5409535220000605, 0.2102898876446029, 0.17599121604246779, 0.07276537421284027], [0.5302500802499485, 0.20988087971339633, 0.1745036893889671, 0.08536535054766878], [0.543988267118687, 0.2361541330289233, 0.16308667559889697, 0.05677092415350287], [0.5085526272932858, 0.24273827115036126, 0.16841102960510587, 0.08029807185125315], [0.43996683309273477, 0.2596222524789576, 0.19431509662507102, 0.10609581770324245], [0.44862000152860365, 0.25290792617453584, 0.18140548373824086, 0.11706658845862597], [0.49112810618662733, 0.26697414296886873, 0.1594308635881672, 0.08246688715633295], [0.48554439766647306, 0.26093516052283444, 0.15754441677250428, 0.09597602493818955], [0.4622603948608284, 0.252361541476911, 0.18382999092691632, 0.10154807263534911], [0.46970932979848734, 0.25433751787392483, 0.1785050261113414, 0.09744812611622926], [0.5204794988740343, 0.2799981547734346, 0.1505248147469188, 0.048997531505620986], [0.5044272237704428, 0.2813083975964788, 0.1489014720552093, 0.06536290647788195], [0.5454406753741132, 0.2761479244920542, 0.1269537340019929, 0.051457666031851215], [0.5128102317333961, 0.28037859049843067, 0.13910655914515208, 0.06770461852303607], [0.4938808770836992, 0.23797489598020072, 0.1853741853222704, 0.08277004151383174], [0.4872982776899053, 0.23841046968488672, 0.1824197491827365, 0.0918715033424689]], "ideal": "D", "sampled": "B", "correct": false}}
{"type": "result", "data": {"idx": 15, "options": ["a strong acid", "a weak acid", "a weak base", "a strong base"], "probs": [[0.39095819680669075, 0.30823583424792406, 0.21531853397284056, 0.08548743487255707], [0.3773907054582416, 0.31493118446882207, 0.22180062055254857, 0.08587748942036937], [0.38146815026757214, 0.30727379889974565, 0.22612143215259226, 0.085136618580083], [0.3742999899505135, 0.3015475787194863, 0.22947741800925645, 0.09467501322075891], [0.3765230083506649, 0.3050089099649537, 0.23073097247539187, 0.08773710910898624], [0.36718583286447226, 0.3061919663040428, 0.23492588020467783, 0.09169632052680525], [0.3533720920452174, 0.3561495214253163, 0.20354875736136233, 0.0869296290680921], [0.3532917984295601, 0.36046308410317585, 0.20730303817915693, 0.0789420791881053], [0.3389108137758681, 0.3311685570468816, 0.24291121823527667, 0.0870094108419509], [0.3547019550158035, 0.31733082714349037, 0.22313056146963386, 0.10483665627107618], [0.3489875217860604, 0.3497537885030674, 0.2208736394015011, 0.0803850502093725], [0.37483707055738236, 0.33938057968712154, 0.198137418205479, 0.08764493144999874], [0.3309317528027916, 0.37605079076741055, 0.20588538212633936, 0.08713207420346222], [0.33777181198275474, 0.36014739029444526, 0.20857186110989034, 0.09350893651290965], [0.31730905414856553, 0.3617213247685519, 0.2288893880053003, 0.09208023297757228], [0.31853541450596745, 0.33919070537134693, 0.22085059752334166, 0.12142328249932248], [0.3184237256294662, 0.3546955845460903, 0.23347305872331847, 0.09340763100111638], [0.3221957097153107, 0.3340214178499292, 0.21585255247168383, 0.12793031986307501], [0.3326707894112995, 0.3763571975924631, 0.20677234939047076, 0.08419966350575786], [0.3277418862252153, 0.3699353713836043, 0.21293501493471895, 0.0893877273564534], [0.3518672772563876, 0.3505026688662327, 0.210252681396319, 0.08737737238106791], [0.38417600376096706, 0.32435048552389767, 0.1937962465629392, 0.09767726405219747], [0.3282893007580847, 0.34552044215254724, 0.23115141205002984, 0.09503884493931512], [0.35412886383732894, 0.3187413952375538, 0.2119289999535304, 0.11520074087157756]], "ideal": "C", "sampled": "A", "correct": false}}
{"type": "result", "data": {"idx": 16, "options": ["at equilibrium there are more products than reactants", "the value of \u0394G\u00b0 is greater than zero", "the value of \u0394S\u00b0 is greater than zero", "the value of Keq is less than one"], "probs": [[0.42967937473856943, 0.2543276083060437, 0.1993944853045069, 0.11659853155087554], [0.43647479469774625, 0.25502015450167925, 0.19015802949836053, 0.11834702120221491], [0.4268077310792456, 0.24935472237692344, 0.21586705657779168, 0.10797048986602117], [0.43140811392349615, 0.2505445370903785, 0.20187275462110313, 0.11617459426501327], [0.4431737384016571, 0.25199034616985805, 0.20373610451387075, 0.10109981081460671], [0.44780317110992746, 0.2509986452411277, 0.1978302324307872, 0.10336795111815471], [0.42206493027312014, 0.2900249995776232, 0.1900075003398061, 0.09790256970945448], [0.4250169506940349, 0.29249008462430415, 0.17545180505709135, 0.10704115952457444], [0.43635489759121826, 0.27084840266463556, 0.20186272764136332, 0.09093397200278736], [0.41698261094248945, 0.2640243995204719, 0.21715196220228125, 0.10184102723477001], [0.41633921346036956, 0.2946139040769898, 0.18763257082556853, 0.10141431153706446], [0.41526422420943093, 0.2968922365207433, 0.19890162799241404, 0.08894191117743548], [0.4101303682692505, 0.296906697309626, 0.19885530727411918, 0.09410762704699621], [0.4192697018630984, 0.3023819459211165, 0.17370631169825243, 0.10464204041751655], [0.44185419833879735, 0.2841587208640994, 0.1848637294779785, 0.08912335121910375], [0.4273561903589723, 0.2776018436954303, 0.19615452290556326, 0.09888744294002978], [0.40943284494546417, 0.3041418583324514, 0.18470346367209217, 0.10172183295000485], [0.40610335014977456, 0.30949741180332024, 0.2007033706753596, 0.08369586727154052], [0.4397553131391254, 0.27789635713713795, 0.1857716179892119, 0.09657671163451977], [0.4446791778627744, 0.28134506404376547, 0.17757199652386998, 0.09640376146958005], [0.41631857310950376, 0.29119752907509305, 0.19020710151780565, 0.10227679619760825], [0.42204673862792685, 0.28794011831530125, 0.19081459804208772, 0.09919854491467386], [0.40846347545327943, 0.2840824035818566, 0.20113006522657081, 0.10632405563831344], [0.41414174159781214, 0.2829959905749622, 0.20650705683230114, 0.09635521089493265]], "ideal": "A", "sampled": "A", "correct": true}}
