{"type": "result", "data": {"idx": 0, "options": ["total revenue is greater than total cost at its greatest distance", "total revenue is equal to total cost", "marginal product is at its highest point", "total product is at its highest point"], "probs": [[0.46835212435668894, 0.30139375976399324, 0.14198170837878463, 0.08827240740052207], [0.45340616264806344, 0.2962159682081526, 0.1518081085459634, 0.0985697604978112], [0.4277307501875425, 0.2820535439817583, 0.16573332136383642, 0.12448238436686104], [0.4391516392681139, 0.29668833628621577, 0.15758191790910697, 0.106578106436579], [0.4271319592344045, 0.2716095303359315, 0.16875607710843013, 0.1325024332212268], [0.4370013507464411, 0.28399015679771805, 0.16494563699811252, 0.11406285535773494], [0.4341552739993359, 0.3034798593869988, 0.16548306694328813, 0.09688179957039642], [0.41330351598737103, 0.29405718986609003, 0.18105094073883715, 0.1115883533076835], [0.43149779605333827, 0.2959839556291223, 0.1622253226539437, 0.11029292556359749], [0.4342551234348353, 0.2984508498436736, 0.15962271608381481, 0.10767131053766851], [0.43611411782223336, 0.2900506882926533, 0.1601884480058013, 0.11364674577931104], [0.4229513746084418, 0.29400360467388065, 0.16672897016346777, 0.1163160504542149], [0.44060243122468673, 0.2905539484401778, 0.15970355752716395, 0.10914006270797079], [0.434017775667891, 0.30083179834494467, 0.16091465630227234, 0.10423576958488298], [0.4665250390185692, 0.28078272099121626, 0.15300550095080578, 0.09968673893939264], [0.4468661406362307, 0.29267506428834394, 0.15192452126863143, 0.10853427370678737], [0.455324534207032, 0.29236478908799224, 0.15702825740294815, 0.09528241920202575], [0.4612273060164975, 0.30607072656639656, 0.1333745957468051, 0.09932737157030055], [0.4514144225924826, 0.27683654614670966, 0.16249192853725977, 0.10925710262353587], [0.44181406793150063, 0.29125978847410505, 0.16564933711568697, 0.10127680637869586], [0.48104982956773856, 0.2700405240294438, 0.14159957958094196, 0.10731006672186966], [0.45262160555733866, 0.2943043693370825, 0.1496059687934665, 0.10346805621211318], [0.44244706201067013, 0.29563373414722827, 0.1666652360880462, 0.09525396765405188], [0.455727927935194, 0.30473130474589305, 0.14304185312953918, 0.09649891408937157]], "ideal": "A", "sampled": "C", "correct": false}}
{"type": "result", "data": {"idx": 1, "options": ["Increase capital and decrease labor so that the marginal product of capital falls and the marginal product of labor rises.", "Increase capital and decrease labor so that the marginal product of capital rises and the marginal product of labor falls.", "Decrease capital and increase labor so that the marginal product of capital rises and the marginal product of labor falls.", "Decrease capital and increase labor so that the marginal product of capital falls and the marginal product of labor rises."], "probs": [[0.3344925558412977, 0.2938055847868356, 0.21583898937855386, 0.15586286989333065], [0.3296886500576468, 0.29485429410710806, 0.21576728261777717, 0.15968977311745985], [0.3225458030597501, 0.2898665725358893, 0.22988908067247274, 0.15769854363188154], [0.3205694404635689, 0.282495796342652, 0.22263421063424174, 0.1743005524595371], [0.3166422021925236, 0.28689650763142005, 0.22607052098776884, 0.17039076908829273], [0.32330153561138886, 0.2805695326831327, 0.2194811987480455, 0.17664773285741725], [0.3314398559481025, 0.296850984972012, 0.2122435488608918, 0.15946561011897079], [0.32309271538107187, 0.2958333084658193, 0.21514859238332276, 0.16592538366977538], [0.3215297402827628, 0.2947263371963811, 0.2260666360964274, 0.1576772863244343], [0.3218275227320887, 0.2852241805100343, 0.22265854872957133, 0.17028974792829488], [0.3078913308978043, 0.28839917745182975, 0.232813313649956, 0.17089617790040137], [0.322109601735879, 0.2823231354625622, 0.22440261396761002, 0.17116464873392806], [0.327842032435877, 0.3174135112049015, 0.20819211151933065, 0.14655234473990592], [0.3286048159451378, 0.31202683182918745, 0.20474969703628149, 0.15461865508939243], [0.32939036394749105, 0.3233633064490306, 0.2065258509104731, 0.1407204785929961], [0.33812338095443917, 0.3174093284560369, 0.2006000483051805, 0.14386724218434796], [0.34129629933051436, 0.29638411717350027, 0.21686642720012217, 0.14545315619586938], [0.34821662023371763, 0.2969470238434841, 0.2157017252159401, 0.13913463060684134], [0.3266193220363118, 0.31570242887406674, 0.2039127945107011, 0.15376545447893833], [0.3411003743651955, 0.31133322107619116, 0.19573415596535343, 0.1518322484932507], [0.32710590478904344, 0.3174148297087926, 0.2057494737103105, 0.1497297916918724], [0.3425574425231859, 0.3110927258587518, 0.20099709357842532, 0.14535273793963427], [0.3485783228045542, 0.2961014882533841, 0.21501555285931087, 0.14030463598277224], [0.35085499517156304, 0.29299836849064553, 0.2173954921533314, 0.1387511440844611]], "ideal": "C", "sampled": "B", "correct": false}}
{"type": "result", "data": {"idx": 2, "options": ["the supply curve intersects the demand curve", "neither party has an incentive to deviate from his or her strategy", "the marginal revenue curve intersects the marginal cost curve", "the equilibrium is unstable and each party would like to switch strategies"], "probs": [[0.5561986796984077, 0.26784482862832953, 0.1160384799791619, 0.059918011594087925], [0.5317245468556769, 0.287208531225605, 0.12440450825845205, 0.05666241356025404], [0.5640660540095022, 0.279773207351842, 0.11178453746253443, 0.04437620107611746], [0.5919103979110668, 0.24947974973987144, 0.11170589854271444, 0.04690395370633184], [0.5144726000994897, 0.28286092074399094, 0.1403757441355994, 0.062290734920901855], [0.5555936809356397, 0.25056280055551744, 0.12788908469617816, 0.06595443371265175], [0.536469330568962, 0.28003697053167564, 0.11975047493384444, 0.06374322386552714], [0.5095323184850619, 0.30009687738954693, 0.12690465201048592, 0.06346615201492169], [0.5466886286999818, 0.27653730440975266, 0.11072163290783814, 0.06605243388243216], [0.5358843757056421, 0.2772085402279216, 0.12419558690067242, 0.06271149706576162], [0.4913197485447724, 0.29808628072767845, 0.13258051651384412, 0.07801345411373216], [0.4967655511752605, 0.28263812750606065, 0.14162808296512444, 0.0789682382535451], [0.5565613544906045, 0.28819696801760747, 0.11038738608570396, 0.04485429130610344], [0.5823416862077925, 0.25617281078879434, 0.11334607617452683, 0.04813942672890996], [0.5472240220724314, 0.28189276568903593, 0.10554261053340891, 0.06534060160513237], [0.5359084762547119, 0.28377103433401574, 0.12241100636831384, 0.05790948294295482], [0.5481484588955503, 0.2634823814217921, 0.11770161020946307, 0.07066754937320259], [0.5119649171661129, 0.2842435095852352, 0.13861037649650593, 0.06518119665212699], [0.4978522539034875, 0.30669927976278266, 0.13429503911993967, 0.061153427113797974], [0.5317763850024008, 0.27140174206479245, 0.1286053134080389, 0.06821655942479167], [0.49636593824724706, 0.3003432983568417, 0.1320701147668381, 0.07122064852908713], [0.5023852773103732, 0.28604019163270306, 0.14082052014134677, 0.07075401081559123], [0.5392563731829452, 0.27121978201371805, 0.119521543752152, 0.07000230095117531], [0.5196207539906296, 0.28952948576481957, 0.12912798846368567, 0.06172177168085561]], "ideal": "B", "sampled": "A", "correct": false}}
{"type": "result", "data": {"idx": 3, "options": ["goods X and Y are normal goods.", "goods X and Y are inferior goods.", "goods X and Y are complementary goods.", "goods X and Y are substitute goods."], "probs": [[0.3210744398412126, 0.332889520663367, 0.23560442366935616, 0.11043161572605609], [0.3375839831703089, 0.32695060184195895, 0.22660668028766986, 0.10885873460004067], [0.3483247491770502, 0.33915203404761296, 0.22340396614218508, 0.08911925053314873], [0.3651216436635879, 0.33346187257158816, 0.226238657102083, 0.07517782656271635], [0.35817506120733555, 0.333619619522289, 0.21648579447507313, 0.09171952469529356], [0.34442653313774346, 0.33699185835126644, 0.23210147701696718, 0.08648013139401883], [0.3053994155722208, 0.33238254530165573, 0.25006574764461564, 0.11215229138150218], [0.32284146070723946, 0.33227961580257503, 0.24130241959990617, 0.10357650379027307], [0.32554774770960515, 0.34740877742477105, 0.23764058055581683, 0.08940289420979848], [0.3397143785817129, 0.33932629050196766, 0.23569914494306465, 0.08526018587326953], [0.33117017798614307, 0.3346981396688554, 0.2418372674386078, 0.09229441480639813], [0.32701502028654866, 0.33590379896556166, 0.2458224170556051, 0.09125876359227861], [0.3783161790830465, 0.3259004769288971, 0.21170434107208697, 0.08407900281598334], [0.39145324409461624, 0.32952788754888396, 0.21126470431853145, 0.06775416393796922], [0.3752306622385749, 0.3201187093845412, 0.22193454005034133, 0.08271608822654597], [0.3839123479827663, 0.31677411413450524, 0.22189029383932676, 0.07742324394338675], [0.38433675538125084, 0.33950173453090526, 0.2122157611561867, 0.06394574883166691], [0.3858888064232405, 0.33244889181569964, 0.2131368055973304, 0.06852549606371278], [0.37408362277858964, 0.3429439671850073, 0.19941874548520483, 0.08355366445118355], [0.36794613497377854, 0.34735574684368337, 0.20837873341756086, 0.07631938466497448], [0.3676994625126365, 0.3314130835103605, 0.21542274819112783, 0.08546470568587382], [0.3662250897331927, 0.3326094523827731, 0.22078558721320052, 0.08037987057082785], [0.362330185482545, 0.3590563947646533, 0.21041246661216229, 0.06820095304063016], [0.3535327449304071, 0.35879881826908455, 0.21361600918496354, 0.07405242751552892]], "ideal": "D", "sampled": "C", "correct": false}}
{"type": "result", "data": {"idx": 4, "options": ["causes the equilibrium price to be artificially high", "causes the equilibrium price to be artificially low", "exists when markets cannot reach equilibrium", "results in an equilibrium that does not maximize the total benefit to society"], "probs": [[0.407905428563335, 0.3595935222621351, 0.13692061189642815, 0.09558043717809643], [0.4090735146549489, 0.3735935439088251, 0.1588663804896799, 0.0584665608465422], [0.4129565679545981, 0.35678750090912487, 0.12668774606915562, 0.10356818496711367], [0.3946301761599715, 0.38578647284757794, 0.14714284112211998, 0.07244050977034364], [0.40006837606097373, 0.37547062208007254, 0.1510120044250545, 0.07344899733390264], [0.406752623087099, 0.3833408978704167, 0.14341767515643564, 0.06648880378606505], [0.423298193033969, 0.359072945701542, 0.1312439126317646, 0.08638494853272062], [0.4241846453582573, 0.3740330008270287, 0.14963150924510535, 0.052150844469617534], [0.42949850196427064, 0.35788283683140565, 0.12140094925302543, 0.09121771185130559], [0.4180264654193068, 0.3917727661475986, 0.13724933763433247, 0.052951430698740296], [0.4164754803481452, 0.3845216607189621, 0.13941759516391886, 0.05958526366896634], [0.42498201645154005, 0.3941936820217307, 0.13041397707536345, 0.05041032435136143], [0.408688685974785, 0.33963745082066993, 0.1546386787282264, 0.09703518437631592], [0.4144680506713323, 0.36056041978646947, 0.16345621866025378, 0.06151531078194308], [0.41850450099112063, 0.3435502362245653, 0.14800567706684162, 0.08993958561745813], [0.43433057655552065, 0.37353387162397883, 0.14638840136197442, 0.04574715035851669], [0.3936470627104974, 0.3700503705311412, 0.16672491184079527, 0.06957765481758059], [0.40745223911431394, 0.38338185569242655, 0.1499708054838211, 0.05919509960943784], [0.39912994244432476, 0.3510659658923222, 0.18010409972619537, 0.06969999183713338], [0.41432685981713313, 0.3560603423546847, 0.1672941803400998, 0.062318617388095646], [0.40918994460603514, 0.35747385255056413, 0.16933027184558325, 0.06400593089780135], [0.43256438715540696, 0.36497141839875524, 0.15100545689892972, 0.05145873744690825], [0.39103512224640036, 0.35994280169215825, 0.17267640364496495, 0.07634567231646522], [0.4071742109067009, 0.3704887610238029, 0.15798312274139736, 0.06435390522810408]], "ideal": "D", "sampled": "D", "correct": true}}
{"type": "result", "data": {"idx": 5, "options": ["Collusive output levels tend to increase, driving the price above competitive levels.", "Consumer surplus falls as the price is driven downward.", "Collusive output levels tend to decrease, driving the price down to competitive levels.", "Joint profit maximization costs society consumer surplus as the price rises above competitive levels."], "probs": [[0.4679353516990164, 0.30223123197342777, 0.1544153001063502, 0.07541811612122093], [0.48903934148418343, 0.28801513065142986, 0.1560565998304058, 0.06688892793397036], [0.4783820081056386, 0.29673040270366596, 0.13609300389906925, 0.08879458519160806], [0.5098572768798333, 0.2979081780287755, 0.1334676250076349, 0.05876691998374559], [0.5145401453213924, 0.27787155232608285, 0.13440884823767965, 0.07317945401484872], [0.4984852688685622, 0.2890242309006033, 0.14584614678989238, 0.06664435334095403], [0.3928579093398203, 0.3601846547664242, 0.15535594791901797, 0.0916014878747145], [0.4540371676780467, 0.33010534101839073, 0.1458082071325534, 0.07004928407101771], [0.42243718303593036, 0.39227399780353406, 0.12047678583677575, 0.06481203322375857], [0.464584194043427, 0.3635511431476822, 0.11282381630491924, 0.059040846403975444], [0.4003328453108595, 0.3308549547371402, 0.1673716184795451, 0.10144058137245127], [0.41348625837730113, 0.3524901436700339, 0.14949279993582903, 0.08453079791681704], [0.501040919908506, 0.29012406618350645, 0.13063938954282173, 0.07819562426514447], [0.5465213178695291, 0.28007808371100595, 0.12199070137520023, 0.05140989694425652], [0.5086036904870902, 0.29664281570280293, 0.13282656453680633, 0.06192692917331577], [0.5228072283003794, 0.2830736043157999, 0.13555402333010627, 0.05856514395371607], [0.5423868926288282, 0.28703696858722627, 0.11668227593869876, 0.05389386274526704], [0.533897824279072, 0.28121548301737226, 0.11731605218064778, 0.06757064042293416], [0.5012053155442274, 0.276131699772521, 0.14627801594436252, 0.07638496863889971], [0.48518969742257884, 0.2937865822690209, 0.15289952338665222, 0.06812419682174818], [0.46201536264046367, 0.2909999239227193, 0.16765787565470672, 0.07932683768212], [0.4454202376391778, 0.311212616039352, 0.1645066930330304, 0.07886045318844803], [0.518876654509204, 0.3139598901624692, 0.11615195935258024, 0.05101149587573781], [0.5109692233752823, 0.2940479488109266, 0.1200385070616929, 0.07494432065210414]], "ideal": "D", "sampled": "C", "correct": false}}
{"type": "result", "data": {"idx": 6, "options": ["Perfectly horizontal demand curve.", "Highly inelastic demand curve.", "Highly elastic demand curve.", "A demand curve consisting of two discontinuous segments."], "probs": [[0.3134372731753624, 0.3191833390710844, 0.23572865196238563, 0.1316507356911686], [0.3590539271447356, 0.34284482718197506, 0.19165875536952362, 0.1064424902037688], [0.32053219155119855, 0.33313038022954394, 0.2315724730561613, 0.11476495506310634], [0.3679119237619795, 0.351413133004211, 0.18801020795532075, 0.0926647351784902], [0.3151356594514933, 0.31494160306025115, 0.2638785483269124, 0.10604418906135159], [0.3418870832184721, 0.32283904634508676, 0.23839230446244303, 0.09688156587399152], [0.33467577262010895, 0.3044173667620793, 0.2383038394575239, 0.122603021060295], [0.36736757236823286, 0.32436942445003397, 0.19790355412336863, 0.11035944895834933], [0.3464159819482577, 0.3078645589190861, 0.21631923154339874, 0.129400227489277], [0.3794797027229197, 0.3243132389936233, 0.2035737944428185, 0.09263326374061989], [0.35094305341680093, 0.3118924796447228, 0.23783767285822374, 0.09932679398025497], [0.36584205288071786, 0.31212709531509325, 0.2414596073156597, 0.0805712443885403], [0.324400056042434, 0.31513077458373573, 0.23922179898771098, 0.12124737028612137], [0.35663187258354273, 0.3275231446655722, 0.20022533664368058, 0.11561964600719064], [0.3395496015917292, 0.3249452048755316, 0.2124793363592412, 0.12302585707351879], [0.3612858802245986, 0.3445239365904084, 0.20360335055636772, 0.09058683252862425], [0.350024725893457, 0.32265643736439914, 0.21997349530868698, 0.10734534133344908], [0.3494524493060207, 0.3291868100149199, 0.2401333048400459, 0.08122743573900609], [0.349791247053554, 0.3363536203171678, 0.2138814308045175, 0.09997370172475802], [0.3657821961988277, 0.33544162239052266, 0.20307578441249594, 0.0957003968981446], [0.359837552213169, 0.3398088785133627, 0.198459402467512, 0.10189416670595114], [0.3610396725336503, 0.33953030721919386, 0.21079740668635782, 0.08863261346079933], [0.3835936369015878, 0.34421825112301585, 0.17617884046886959, 0.09600927140652894], [0.3674562060963585, 0.3559649434106096, 0.1949823489031339, 0.08159650148988588]], "ideal": "D", "sampled": "B", "correct": false}}
{"type": "result", "data": {"idx": 7, "options": ["Higher risk job.", "Investment in human capital.", "Increase in production of SUVs.", "Racial discrimination."], "probs": [[0.22815361753173155, 0.20983742890304766, 0.38080314647425995, 0.18120580699095606], [0.2410309455593662, 0.21277696663482307, 0.30246691467035025, 0.24372517303544802], [0.17028743198260685, 0.2033083635863819, 0.3697436436262152, 0.2566605607047954], [0.15596392826962263, 0.1931645976521847, 0.29763968500728044, 0.35323178897091906], [0.21270125114853372, 0.19814285627150036, 0.3362553125203923, 0.25290057995956816], [0.19854628526926837, 0.18972789348974337, 0.33091087289921556, 0.2808149482417511], [0.25918410400826986, 0.19140287617803572, 0.3798916508848894, 0.16952136882881622], [0.2680241309409925, 0.19736825475315203, 0.3022155501424414, 0.2323920640634056], [0.25675409229255164, 0.1892168645354124, 0.3434574286267953, 0.21057161444524256], [0.24651646919008513, 0.18718934189215009, 0.30334128573684527, 0.2629529030809247], [0.2565055673189513, 0.1743239312193041, 0.333884265959314, 0.23528623540242574], [0.2649972912284474, 0.1683995322477453, 0.34608986925890056, 0.22051330716489534], [0.17504935479351544, 0.19382373416085005, 0.38568853533953024, 0.24543837560609988], [0.17403625778460655, 0.18275591234420638, 0.3046008149417711, 0.3386070148294381], [0.21209472775658564, 0.21337113440235506, 0.3461260080500932, 0.2284081296909729], [0.19346901638488315, 0.20902924072674306, 0.304316064403927, 0.2931856783844463], [0.14116905397897553, 0.15332710868900584, 0.3741901703260332, 0.33131366690598035], [0.13414534349399648, 0.16043297141706217, 0.39811667483294366, 0.30730501015600353], [0.19616735310870254, 0.19985939394368293, 0.35704588096791784, 0.24692737187970606], [0.1787171818937067, 0.19126850551193825, 0.3559442174694994, 0.27407009502485363], [0.22555539685707107, 0.1939575623019007, 0.3518778342275134, 0.22860920651351788], [0.22398691655169076, 0.18589145141205435, 0.3718057892834281, 0.21831584265283427], [0.1492347426684446, 0.1779705879054701, 0.3505246485611883, 0.3222700207649033], [0.14493696359436406, 0.17591864879655106, 0.38126763326919483, 0.29787675423987725]], "ideal": "C", "sampled": "B", "correct": false}}
{"type": "result", "data": {"idx": 8, "options": ["all requirements for price discrimination", "required in order for a firm to earn short-run profits", "all sources of elastic demand", "all barriers to entry"], "probs": [[0.5324330663977853, 0.25583892461290625, 0.1080429923260251, 0.10368501656329063], [0.5305589661753234, 0.2457219831194194, 0.10273486951659014, 0.12098418108866822], [0.5280565894090032, 0.25907976805913874, 0.10007423146537935, 0.11278941096649493], [0.5263496980115664, 0.24282571652183496, 0.09019971205157717, 0.14062487331501267], [0.5194620629934956, 0.2575048881424948, 0.0915766130863632, 0.1314564356776344], [0.5258881544228263, 0.24598920279399827, 0.08825231949695746, 0.1398703231862209], [0.5163621936415261, 0.2512301388176043, 0.11410977238608046, 0.11829789505478755], [0.5206633357921076, 0.23918134228484256, 0.10737754935567716, 0.13277777246739314], [0.5032439677908744, 0.24530500925314386, 0.1140484193977509, 0.1374026034582221], [0.5031255438620397, 0.24594303968547715, 0.11031985025660229, 0.14061156609587716], [0.5070866231316421, 0.2379260435666921, 0.09532163685978907, 0.15966569634189878], [0.5134780709021285, 0.24638537437999597, 0.09923959339715101, 0.14089696122071904], [0.53475920774527, 0.245818105824196, 0.106518460422688, 0.11290422590781672], [0.5164822173061785, 0.23032392398029988, 0.0996960590544902, 0.1534977995590612], [0.5543279690828185, 0.2385250465529267, 0.10163843455256973, 0.10550854971170705], [0.5456042312742283, 0.24942361399028481, 0.09889805966149731, 0.10607409497398795], [0.5206047558527528, 0.22981468355415913, 0.08868843967625695, 0.16089212081681653], [0.5320883324637753, 0.25205424178321895, 0.09699588745280621, 0.11886153820018082], [0.517850911680913, 0.24694102861342493, 0.09077284193120082, 0.14443521767449044], [0.5199884817921366, 0.2375486160335888, 0.08962135968645683, 0.1528415423878371], [0.534377918445285, 0.24424357039926775, 0.09262870950837612, 0.12874980154709295], [0.5416846851502617, 0.2570648957941703, 0.09486277382659666, 0.10638764512898201], [0.5297885823375172, 0.23687145614329136, 0.0796155124378631, 0.15372444898132717], [0.5304969570217796, 0.25446426014608853, 0.08699752636300127, 0.12804125636913888]], "ideal": "D", "sampled": "C", "correct": false}}
{"type": "result", "data": {"idx": 9, "options": ["increasing-cost industry", "constant-cost industry", "decreasing-cost industry", "profit-making industry"], "probs": [[0.1747244801428837, 0.45719188487020423, 0.2646091848343674, 0.10347445005255425], [0.17782139483923776, 0.4330482006448523, 0.2571340096942834, 0.13199639472160288], [0.17585611923116454, 0.45016417871604436, 0.26734451476461213, 0.10663518718817307], [0.1929473925944623, 0.4202616254808157, 0.25954894055947497, 0.12724204126524913], [0.17622695403731492, 0.41469603784381387, 0.2637357605892163, 0.1453412474296383], [0.19860097557291384, 0.40644095802259794, 0.2642738888768322, 0.13068417742765034], [0.18707052152664966, 0.49113488995028537, 0.2137265265515478, 0.10806806187152128], [0.19267080371751952, 0.46269419405766476, 0.21240784892917455, 0.13222715319565004], [0.19424756946342844, 0.5020324233727818, 0.20489741098768718, 0.09882259607611905], [0.20867124820461833, 0.4727061703973581, 0.20265656673304877, 0.11596601456499493], [0.19633886662961594, 0.4363012287415684, 0.22645344898649025, 0.1409064555423351], [0.20540000157670077, 0.45371399101414966, 0.21501192145777287, 0.1258740858513871], [0.2062840311489028, 0.43769359936598784, 0.2548489572620992, 0.1011734121229929], [0.2176026114670649, 0.4082306147161781, 0.24958366996845477, 0.12458310374830424], [0.22077292622205105, 0.44199643960203694, 0.24367181326948106, 0.09355882080643624], [0.22860421021610663, 0.41705290420542906, 0.23847196896827214, 0.11587091651019485], [0.23536342119694584, 0.3882956489212442, 0.2556506291733137, 0.12069030060848482], [0.22923673504707467, 0.40244147688616294, 0.24806876149464405, 0.1202530264721174], [0.1788401714395538, 0.415500388843522, 0.26489806393849485, 0.14076137567845376], [0.19294504235286516, 0.41418158150682544, 0.2684105305314071, 0.12446284550890553], [0.18202743360790294, 0.41449856372137145, 0.2633503189567081, 0.14012368361402971], [0.1931847942105183, 0.4280499089624628, 0.2543856815148082, 0.12437961521221469], [0.20366096390172056, 0.42139846900974987, 0.25926638878426467, 0.11567417820427797], [0.2028365520913634, 0.43247669556950386, 0.250553838991771, 0.11413291324737376]], "ideal": "B", "sampled": "C", "correct": false}}
{"type": "result", "data": {"idx": 10, "options": ["Amount of wood used to make a desk.", "Number of pickles put on a sandwich.", "The size of a McDonald\u2019s kitchen.", "Number of teacher\u2019s assistants in local high schools."], "probs": [[0.12851106381351485, 0.28343180788023936, 0.48039994905845645, 0.10765717914780669], [0.1331881925091073, 0.28375751769657276, 0.48569367161496974, 0.09736061807934501], [0.14847610155214916, 0.30532026126710504, 0.4192289120008209, 0.12697472507991014], [0.12806721321315007, 0.30508156124115177, 0.4625594486782515, 0.1042917767674407], [0.15253770660253374, 0.2917148517704636, 0.4592501921878564, 0.09649724933912619], [0.12319571413132255, 0.28482252323032703, 0.50193685349228, 0.09004490904604268], [0.1522524411281273, 0.31627376847817174, 0.43244905566497416, 0.0990247346287363], [0.1548340682359362, 0.31337550913636353, 0.4415592899045731, 0.09023113262312812], [0.13967262493021346, 0.3177422965383839, 0.433903555062988, 0.10868152336841536], [0.11096570244839052, 0.3116677488557478, 0.4823630682947175, 0.09500348030114436], [0.14885166438775413, 0.3116680147200767, 0.4422655211578547, 0.09721479963431247], [0.1233222118484991, 0.30826523385509697, 0.47773801977058644, 0.09067453442580997], [0.14955577561705102, 0.2994179046462286, 0.42831973851016153, 0.12270658112656356], [0.125064727977355, 0.29430827590301106, 0.47534519205751224, 0.1052818039621258], [0.12115431142038566, 0.30457328313681065, 0.4620817382280606, 0.11219066711473913], [0.10086973406310155, 0.2930790986676865, 0.5058467731455892, 0.10020439402362674], [0.11706061547270609, 0.299707120466627, 0.47266181823251524, 0.11057044572816176], [0.11669874514273518, 0.2916513247088763, 0.4850691694514292, 0.10658076059696783], [0.17216048530380737, 0.30214242355189536, 0.4280636890435282, 0.09763340200077376], [0.14834019861315484, 0.29259281378301705, 0.46885008902847586, 0.09021689847534313], [0.16773564823351858, 0.30401843386777894, 0.4247691918331974, 0.10347672596551885], [0.13883041977372762, 0.30265003133916096, 0.4574018384342306, 0.10111771035286334], [0.1353576602874029, 0.29960277512051436, 0.4672651560331427, 0.09777440845895007], [0.12211551126157877, 0.2857096536068832, 0.48803909537772555, 0.10413573965381362]], "ideal": "C", "sampled": "D", "correct": false}}
{"type": "result", "data": {"idx": 11, "options": ["Price rises, but quantity is ambiguous.", "Price falls, but quantity is ambiguous.", "Price is ambiguous, but quantity rises.", "Price is ambiguous, but quantity falls."], "probs": [[0.1896574476851507, 0.3643114459946745, 0.25548589245712156, 0.19054521376305159], [0.18182487343421075, 0.3647582174298584, 0.24884645570337577, 0.20457045333256016], [0.22971451076475755, 0.38020722250680306, 0.2085665479855321, 0.18151171864290452], [0.260567934015148, 0.38427691611050935, 0.20191758819407732, 0.15323756158027718], [0.2123529124761178, 0.367699058095405, 0.22234031378748537, 0.19760771554099613], [0.23529836690274075, 0.3769396609407882, 0.23001404461611244, 0.1577479274403629], [0.21140713491005622, 0.3626483065942046, 0.23659178354701016, 0.1893527748487261], [0.2029603488486761, 0.36064423391889633, 0.23717335028047928, 0.19922206685195631], [0.23227538366342593, 0.37776577205144535, 0.22580649773581002, 0.1641523464493188], [0.2515628045174345, 0.37405599616220087, 0.21245511021460417, 0.1619260890057604], [0.22287111671596313, 0.36456302016038844, 0.22837261715442558, 0.1841932458692241], [0.246530399706342, 0.36814577305906115, 0.22293100299617263, 0.1623928241384332], [0.2693944813662257, 0.3398978812439094, 0.22704066091798908, 0.16366697637188357], [0.2872223499315829, 0.343063875879139, 0.22437259244751873, 0.14534118164177073], [0.2545538134673276, 0.33752772488308364, 0.2380980030191165, 0.16982045853045682], [0.2660096854037523, 0.34481357611533786, 0.23441430993107218, 0.15476242844983112], [0.30556348611893175, 0.35240287853392993, 0.20020858883903608, 0.14182504640810395], [0.29338937414064714, 0.35194754978571163, 0.20157604717183925, 0.15308702880179106], [0.25012784318624776, 0.34090871290918395, 0.231709658462145, 0.17725378534241848], [0.2694824845887156, 0.35442480109627794, 0.23448760713742461, 0.14160510707755614], [0.2503440060853331, 0.3354889082391389, 0.23583581994233138, 0.1783312656332016], [0.2674455959720888, 0.3415864510012583, 0.23402258516037197, 0.15694536776628504], [0.30267052405742895, 0.36686282028873585, 0.19155538586879503, 0.13891126968502862], [0.29506990334699784, 0.36363465128600386, 0.1903050818818145, 0.1509903633851817]], "ideal": "C", "sampled": "C", "correct": true}}
{"type": "result", "data": {"idx": 12, "options": ["A bumper crop of oranges in Florida", "A decrease in the price of Tang", "Expectations of lower future prices for orange juice", "Expectations of higher future income among juice drinkers"], "probs": [[0.36000984317837603, 0.3642227770853484, 0.188854276533469, 0.08691310310279339], [0.3662666986408312, 0.35106173223341636, 0.19000104660986605, 0.0926705224158891], [0.3705987293940372, 0.3921192971641031, 0.15424964934675225, 0.0830323239951121], [0.3877590914359607, 0.38106072485780373, 0.15443861545521473, 0.07674156815103156], [0.3808767466485429, 0.35563290788624674, 0.17165009284541058, 0.09184025251980141], [0.39539409638756795, 0.36642386124839715, 0.16265711560075477, 0.07552492666328343], [0.3531058202584903, 0.3621059378142337, 0.1967054094696993, 0.08808283235756281], [0.35857139141796635, 0.3440031712399255, 0.20506588663599856, 0.09235955060612996], [0.35366313592656873, 0.3610635502651149, 0.18883429525865145, 0.09643901844967269], [0.35102277762876993, 0.35431688461718286, 0.20961840139423898, 0.08504193625981195], [0.3695392124568112, 0.3371124008033172, 0.18876282459847954, 0.10458556204140533], [0.35086853459257267, 0.3476179372354326, 0.21610726539965325, 0.08540626267234151], [0.4133398054228174, 0.3584136349254911, 0.14919199291659876, 0.07905456663509487], [0.43504808123460126, 0.35085554635608285, 0.1410743316871187, 0.07302204062221329], [0.4132439909894782, 0.3444295964112565, 0.15858743476255197, 0.08373897773671454], [0.4237355982291217, 0.34563909995053577, 0.1612821933976703, 0.06934310832267392], [0.4370651277858239, 0.3423855408475604, 0.14271341159605277, 0.07783591967056365], [0.44072478514608227, 0.3379069310780467, 0.1503467451201979, 0.0710215385556728], [0.38953259880684366, 0.33707921969252125, 0.17977774596379925, 0.09361043543681426], [0.4107513601511872, 0.3420550943090156, 0.16456252114341444, 0.08263102429638174], [0.38926091280732283, 0.3265216587557411, 0.17748487429749643, 0.10673255403943303], [0.39121043522689286, 0.3346745558410231, 0.19115937359603033, 0.08295563523606857], [0.41775987988197844, 0.35590707055974913, 0.1398785314931553, 0.08645451796512581], [0.4223773496147633, 0.35702819608661496, 0.14505691809750398, 0.0755375361011337]], "ideal": "D", "sampled": "C", "correct": false}}
{"type": "result", "data": {"idx": 13, "options": ["Demand is downward-sloping.", "The demand curve lies above the marginal revenue curve.", "Price is determined by the equilibrium in the entire market.", "Average revenue differs from price."], "probs": [[0.42906175621298065, 0.3499637984082793, 0.15767333535035336, 0.06330110992839305], [0.42057190484598667, 0.3338746506952911, 0.15997562281890093, 0.08557782153981616], [0.43929448282008193, 0.33787049432263744, 0.1607078533641068, 0.06212716939318488], [0.415815662253937, 0.3549715918219444, 0.14904236374093965, 0.0801703820831686], [0.39853190897913254, 0.3325526976423366, 0.18453330432120252, 0.0843820889573215], [0.3889338622965991, 0.3511523531567822, 0.176522525958092, 0.08339125848854492], [0.4238471347116816, 0.36863366419808796, 0.14762053360611005, 0.05989866738412981], [0.4138239482644799, 0.3597781675627803, 0.1454236219606174, 0.08097426211212752], [0.4267768022448453, 0.369605963459797, 0.13489245421202997, 0.06872477998333441], [0.4149941834548932, 0.36919255483846075, 0.13559557181549456, 0.08021768979116708], [0.41652276296582647, 0.3489531395924244, 0.15574882598331963, 0.07877527135841698], [0.42116497234107986, 0.3543486476175816, 0.14677092658173746, 0.07771545335959394], [0.40354531620312345, 0.35426460027847045, 0.17547198284332477, 0.06671810057508308], [0.389555996766678, 0.36199283626046413, 0.1623124153765001, 0.08613875149634191], [0.4092777915904396, 0.3562451515403577, 0.15096949407048263, 0.08350756269872862], [0.4049285901887287, 0.3571976242161377, 0.14573439149559853, 0.09213939399953698], [0.38667848877102606, 0.3494888051283307, 0.1755974469526668, 0.08823525904797849], [0.4032108943039004, 0.33038453007446156, 0.176445653426057, 0.08995892209558502], [0.39972056379164006, 0.3323926602372309, 0.17722166057700894, 0.09066511529411665], [0.3892612584556245, 0.34524372965526184, 0.17566763652415782, 0.08982737526494891], [0.38807922321623883, 0.34146718275859905, 0.16856971467375834, 0.10188387925140423], [0.3949804331113086, 0.3486046637710904, 0.16476593697473815, 0.09164896604285146], [0.39453244109116603, 0.34100695373988477, 0.1674808846743879, 0.09697972039456386], [0.41396936277294416, 0.32013544265622845, 0.1688008377749123, 0.0970943566959278]], "ideal": "C", "sampled": "B", "correct": false}}
{"type": "result", "data": {"idx": 14, "options": ["money.", "plant and equipment.", "where the central government is located.", "the center of the economy."], "probs": [[0.3999209372489231, 0.32243804982733276, 0.174546432516135, 0.10309458030760521], [0.4119376492259143, 0.31929189204556013, 0.18385702402458587, 0.08491343460392824], [0.3660718436555203, 0.2701998243466933, 0.21973313671927838, 0.14399519517850387], [0.3719060335282369, 0.3031940441006818, 0.22986319413560877, 0.09503672813544715], [0.4285193196978213, 0.31758309294817566, 0.1686649097534584, 0.08523267750054972], [0.4135822792816504, 0.33153624480130034, 0.17822050805763262, 0.0766609677594184], [0.3991848941849025, 0.3234071382936782, 0.1651113654310826, 0.11229660199034837], [0.40634448214039537, 0.32371153777814515, 0.1750690296384259, 0.09487495034303997], [0.3425597731331349, 0.2804449863409205, 0.23082630718040612, 0.14616893324553368], [0.3443259112601886, 0.30597448560359075, 0.24963954035116137, 0.10006006268505087], [0.3987179016064771, 0.3269064703965086, 0.18278484463315253, 0.09159078326386345], [0.3849814836722985, 0.33111201427932396, 0.20771998744036013, 0.07618651450803288], [0.2566925620039048, 0.3075550084467626, 0.21715205671337617, 0.2186003727359782], [0.265805327589712, 0.3355078981305444, 0.2475928604096618, 0.15109391377009146], [0.2432569447645512, 0.3155376893500966, 0.26877124639151145, 0.1724341193938251], [0.24817872716546732, 0.33719354003237756, 0.2904195256747588, 0.1242082070274032], [0.29951809460909606, 0.36444358179530817, 0.22293493738914025, 0.11310338610644766], [0.2960522126642888, 0.348487157238262, 0.23630016525742292, 0.11916046474000616], [0.36843648894496117, 0.336499282715705, 0.18709463891426348, 0.10796958932505815], [0.3713548189224196, 0.3431444143775872, 0.18565309096907318, 0.09984767563092083], [0.36719412505563515, 0.33553422238109104, 0.2037078404771178, 0.0935638119861611], [0.3616936145011786, 0.34555589040880186, 0.21639687000670435, 0.07635362498330263], [0.33985466711143314, 0.3429813405394509, 0.20253042627451223, 0.11463356597460209], [0.34024988463184, 0.3168921890757619, 0.22269942670449383, 0.12015849948790497]], "ideal": "B", "sampled": "D", "correct": false}}
{"type": "result", "data": {"idx": 15, "options": ["Ray pulls weeds, since he has absolute advantage in cooking.", "Dorothy pulls weeds, since she has absolute advantage in cooking.", "Dorothy cooks, since she has comparative advantage in cooking.", "Ray cooks, since he has comparative advantage in cooking."], "probs": [[0.4762978795469092, 0.245013345643193, 0.1430755713936572, 0.1356132033162392], [0.4791876187203932, 0.24214311087707652, 0.15478160934435833, 0.12388766095816679], [0.447738192149286, 0.26711638336959564, 0.15255544131239918, 0.1325899830687201], [0.5271937120398339, 0.23400708195431935, 0.13190082178326248, 0.1068983841225911], [0.46307426632486515, 0.26604831672725965, 0.14460689282730016, 0.12627052402056166], [0.5449011960658859, 0.23649830549034578, 0.11285961174620968, 0.10574088659753485], [0.4891601451420813, 0.24263537150614353, 0.13543959612184897, 0.1327648871299303], [0.47387874268318664, 0.23904162439580223, 0.1418210051565568, 0.14525862766443742], [0.4243985864686631, 0.2770604180153772, 0.14095024009352078, 0.15759075532243555], [0.5204113605829128, 0.24262131516415109, 0.11323219897863478, 0.12373512517428212], [0.46559491966779626, 0.2600083701404315, 0.1466200385453326, 0.1277766715464196], [0.5184055221769677, 0.2344139020483509, 0.11706844713320735, 0.13011212854148657], [0.48575362799760746, 0.23156177271671033, 0.14121785630967232, 0.14146674287601885], [0.5140709983250974, 0.22912505410914788, 0.13940270630314963, 0.11740124116258467], [0.4665630890448377, 0.24212641135138807, 0.14097184567438972, 0.1503386538293763], [0.502150298140044, 0.23809062864336844, 0.1503458739825936, 0.10941319913399387], [0.5528856734553096, 0.2227546566262699, 0.1252148740794259, 0.09914479573898104], [0.539242786200338, 0.22508203154610337, 0.1305655420058482, 0.10510964014767682], [0.5022654103917829, 0.23961800136947456, 0.14153509989900573, 0.1165814882397282], [0.5095226048853382, 0.24126316700585224, 0.14960268535462487, 0.09961154265418425], [0.47631901233124974, 0.24301493173248578, 0.1618802603162541, 0.11878579552001466], [0.5016346427453607, 0.23289965321697007, 0.154527374173308, 0.11093832976438764], [0.528328068135758, 0.22658496749239157, 0.15441330391255514, 0.09067366035929396], [0.5406724076868327, 0.21722617973469044, 0.14060878405846136, 0.10149262841999417]], "ideal": "D", "sampled": "D", "correct": true}}
{"type": "result", "data": {"idx": 16, "options": ["The price of apple peelers/corers rises.", "Your aunt\u2019s friends gossip all day, slowing their dough-making process.", "There is a sale on ovens.", "A new study reveals that apples increase your risk of cancer."], "probs": [[0.3985205542802384, 0.35560623511181383, 0.11595420144629912, 0.12991900906165438], [0.40224328822753785, 0.3574550124806121, 0.12609752101151134, 0.11420417818033411], [0.390143344905273, 0.34145289878355184, 0.14870568415789961, 0.11969807205325518], [0.4150317946111981, 0.3119280490702801, 0.158080171335818, 0.1149599848827065], [0.41874047384584234, 0.33686622139751, 0.128318520752422, 0.11607478390421207], [0.4213653727995566, 0.32433231418565633, 0.12683025912740806, 0.12747205378738344], [0.3591556783227426, 0.32750982805615597, 0.14012458844594075, 0.173209905075168], [0.35652450297494115, 0.3359207716102296, 0.1641350243001319, 0.1434197010146866], [0.38272482204625113, 0.3220732025416458, 0.12239511361639976, 0.172806861695689], [0.3902547071284378, 0.3208296049284938, 0.1410618357782242, 0.14785385206484153], [0.38367989771508865, 0.3377135451288878, 0.12953572964414456, 0.14907082741186664], [0.3934412000721477, 0.3323034986149145, 0.11687467227841428, 0.1573806289345133], [0.34899708709052035, 0.3406523141253485, 0.18798268771236934, 0.12236791097176604], [0.3725000232058781, 0.3205386492301654, 0.19449655272730576, 0.11246477473666229], [0.3922033577067009, 0.35280769380375065, 0.12709859118736316, 0.12789035720218808], [0.3980329964570798, 0.35113198404541396, 0.1365596436859666, 0.11427537571155894], [0.4030780961351736, 0.33989815498239906, 0.1321338161980064, 0.12488993258441418], [0.38843493050040084, 0.3551135584318082, 0.14443926519056383, 0.11201224577722219], [0.37003159662056606, 0.32848603299523177, 0.17154698692815498, 0.12993538335605023], [0.3790968832409711, 0.30872533141041864, 0.17538970932881023, 0.1367880759198025], [0.39374344759979485, 0.34515494265996854, 0.13746933487796573, 0.12363227476226595], [0.3997634270349472, 0.3438121662122169, 0.129722489266276, 0.12670191738657416], [0.4039660252094373, 0.3134282744365843, 0.13724349682051357, 0.14536220343347858], [0.3932814701218647, 0.33525606941194586, 0.14894203418809718, 0.12252042617809378]], "ideal": "C", "sampled": "D", "correct": false}}
