{"type": "result", "data": {"idx": 0, "options": ["too much curvature of the cornea and lens", "too little curvature of the cornea and lens", "too much curvature of the iris and lens", "too little curvature of the iris and lens"], "probs": [[0.35497439745610926, 0.3766648187180303, 0.18144625855824698, 0.08691452516760442], [0.3501785753961075, 0.37634992673427226, 0.17643414740091512, 0.09703735036869175], [0.3438142631274561, 0.36320889430711745, 0.1980505718254878, 0.09492627063994727], [0.3386783731504829, 0.3675996568915919, 0.20093338753598233, 0.09278858232196045], [0.3213709469460148, 0.38108465831701765, 0.19913184608493442, 0.09841254855204126], [0.334546741122528, 0.3807061480008622, 0.19801976419061165, 0.0867273465859968], [0.33981997126385344, 0.37794821256230515, 0.17892286536304952, 0.10330895071078722], [0.3421733792284544, 0.3807349487682058, 0.17672097927837177, 0.10037069262498098], [0.30665267823206777, 0.38591590263072645, 0.2038345712072165, 0.10359684782998088], [0.3252285468397029, 0.3841127588909809, 0.19627434920738468, 0.09438434496193464], [0.3471775267972195, 0.3750944702162228, 0.19163264146211187, 0.08609536142444907], [0.33110283915551486, 0.3797914034946749, 0.19998287962797834, 0.08912287762182076], [0.32503461736153116, 0.3733628124283062, 0.21218012440825065, 0.08942244570189756], [0.33132265535885647, 0.3695234697678248, 0.20832524625105023, 0.0908286285222599], [0.3295903204074409, 0.38145211985683575, 0.20635435659891052, 0.08260320303681919], [0.30299465441614126, 0.3925543734437455, 0.21386029076528215, 0.09059068127482714], [0.3522220081360145, 0.3910225109188239, 0.1750950831254029, 0.08166039771975678], [0.3415481228770062, 0.3926732841431411, 0.175476946807467, 0.09030164607237892], [0.32011301182946533, 0.3869211420010046, 0.20483185311178095, 0.08813399295774785], [0.2897917264004158, 0.3974659885568622, 0.2152197587242216, 0.09752252621848517], [0.3220485404971185, 0.3806195551879033, 0.21182431745586167, 0.0855075867591049], [0.3346026746654618, 0.3800930087158049, 0.20128202284041558, 0.08402229367833638], [0.33570724587252654, 0.39465372469016213, 0.1738891555541245, 0.09574987378316761], [0.34097611935892347, 0.3949653361014685, 0.17020028694508688, 0.09385825749452063]], "ideal": "A", "sampled": "A", "correct": true}}
{"type": "result", "data": {"idx": 1, "options": ["OCD.", "schizophrenia.", "conversion disorder.", "antisocial personality disorder."], "probs": [[0.40421608448441015, 0.22208655481542922, 0.24224138730234265, 0.13145597329781264], [0.3830778363355598, 0.24080973858226534, 0.2573597428720057, 0.1187526821101724], [0.3943025150141219, 0.2384472580522839, 0.24258027964019643, 0.12466994719339118], [0.36774872341386944, 0.2550717202417932, 0.27078306030386523, 0.10639649594048402], [0.3932027196262728, 0.2594717202754405, 0.24889677955503633, 0.0984287804432424], [0.378323613516665, 0.262682010363218, 0.2573022331945937, 0.10169214282551257], [0.40569102943951574, 0.22256928724113081, 0.2394278258998344, 0.13231185731950937], [0.38624094599944875, 0.23712556203625587, 0.26027252090523556, 0.11636097095906456], [0.40730335969689513, 0.2277769347874377, 0.22799506009456433, 0.13692464532111553], [0.367314805405382, 0.25219407509859243, 0.25194441033972814, 0.12854670905628118], [0.39647710253360957, 0.2517645358959786, 0.2365168285962687, 0.1152415328741533], [0.3688459296216034, 0.25566288470667364, 0.25586298411241326, 0.11962820145927662], [0.4179508772047274, 0.23460699744396085, 0.2246412022628155, 0.12280092298849242], [0.4020024447219787, 0.2477597428436542, 0.2480544303854228, 0.10218338194894352], [0.4237735369976869, 0.22085775035021904, 0.21976169571783477, 0.13560701683425525], [0.39243290559940036, 0.24923191136005018, 0.23579480093376987, 0.12254038200678431], [0.4149356609562188, 0.24455449083075073, 0.2429837465393998, 0.09752610157362794], [0.4030145921222192, 0.2446427589780442, 0.25521531427624117, 0.09712733452348975], [0.4307734045817669, 0.2495517460376713, 0.22345205474605082, 0.09622279453451829], [0.4168866271604301, 0.25117867929614407, 0.2307405288787986, 0.1011941645646274], [0.4348931501346184, 0.23838016230226336, 0.21811657668354212, 0.10861011077958714], [0.40273014511178584, 0.2479298135445875, 0.23406618633950546, 0.11527385490412417], [0.41599536088502886, 0.2382663465938276, 0.2494078957942877, 0.09633039662684718], [0.40321292488627847, 0.2386657737134067, 0.25939956573768397, 0.09872173556265174]], "ideal": "B", "sampled": "D", "correct": false}}
{"type": "result", "data": {"idx": 2, "options": ["Homeostatic regulation", "Goal-setting", "Expectancy-value", "Hierarchy of needs"], "probs": [[0.17253818276170121, 0.40066349050106115, 0.27419275990389, 0.1526055667333303], [0.1770698626145204, 0.37715578897820307, 0.2771569334017483, 0.16861741490552787], [0.16454177818664703, 0.4189144492751544, 0.23819450012511165, 0.17834927231310357], [0.16138584392641955, 0.43476497886164656, 0.2429931337837885, 0.16085604332816136], [0.18985222890893597, 0.3953542846849862, 0.24354779314883443, 0.17124569315724472], [0.18264051583932234, 0.4452220781528105, 0.2369455554680217, 0.13519185043984988], [0.1744914219814357, 0.40528445922536405, 0.2663869702479486, 0.1538371484452461], [0.1818602243773213, 0.3889140649005306, 0.26522530098624303, 0.16400040963589307], [0.18415570853995317, 0.4009489178351592, 0.24712016965414385, 0.16777520387073752], [0.19479345620388275, 0.4006920536099428, 0.24262505441124255, 0.16188943567492903], [0.20442931349533064, 0.37855552082576394, 0.24303428287852066, 0.1739808827003789], [0.19694214790324505, 0.4076288950640169, 0.24543351654706794, 0.14999544038567353], [0.17888853560735823, 0.42216348266203074, 0.23497984785537593, 0.1639681337752332], [0.17805552536996436, 0.4436466108007052, 0.23255901005164417, 0.14573885367768225], [0.18879027384752467, 0.3999162164652361, 0.25319448414051704, 0.15809902544671836], [0.2015087207406203, 0.3996590065132254, 0.24331892338339425, 0.15551334926275795], [0.20308744181342925, 0.4401772528930986, 0.2072229939831434, 0.14951231121032435], [0.21170477701997092, 0.42396713892258947, 0.20348987584490563, 0.16083820811254765], [0.12717929830670788, 0.3987617352165612, 0.27629892343838536, 0.1977600429383348], [0.1208370366509227, 0.4501509718066511, 0.27193163546870514, 0.1570803559737038], [0.13782788254109982, 0.377777555165147, 0.2829406397376525, 0.20145392245607782], [0.1349671630030969, 0.412604666781685, 0.2847768439603442, 0.16765132615487782], [0.1282477875745903, 0.4477858352105209, 0.25375255364087884, 0.17021382347402242], [0.13375363516804545, 0.43198076276954656, 0.2505919975658807, 0.18367360439652408]], "ideal": "D", "sampled": "C", "correct": false}}
{"type": "result", "data": {"idx": 3, "options": ["measures what it purports to measure", "yields consistent results on successive administrations", "has been piloted and statistically analyzed", "includes norms based on a representative sample of the general population"], "probs": [[0.5447621658615791, 0.25433508091177215, 0.12364761389732874, 0.07725513922930892], [0.5247202054133047, 0.2751672627752033, 0.13605420118097158, 0.06405833053052203], [0.5516737929816943, 0.24982292348345797, 0.11979311075291306, 0.07871017268193976], [0.553712398451887, 0.25939885300184806, 0.12706258270163368, 0.05982616574461557], [0.5422219297621944, 0.25310154766755305, 0.1294258063417851, 0.07525071612848604], [0.5642933809470188, 0.24874319980766404, 0.12076725485407541, 0.0661961642912437], [0.5428082877286652, 0.25819906702622925, 0.12021911874328106, 0.0787735264017972], [0.5275248625053077, 0.27676381246484794, 0.13057592834883067, 0.06513539658102703], [0.5462345605914742, 0.26145407009377586, 0.11993543059486268, 0.0723759386198932], [0.5350050277409535, 0.28560734359199935, 0.11810934894335502, 0.06127827962366557], [0.5305214946615847, 0.2679650862520834, 0.13097878163024948, 0.07053463735609286], [0.5434997255417412, 0.2702575344611752, 0.11894125967194577, 0.06730148022516537], [0.5607061754274673, 0.22747407669653097, 0.12369036714491351, 0.088129380631102], [0.5617184305170188, 0.23446564268937675, 0.13464790409963573, 0.069168022593974], [0.5549792567662921, 0.23427000484736402, 0.13042846981726175, 0.08032226846908416], [0.5427809650814314, 0.2518349416133113, 0.13486369437979326, 0.07052039882544218], [0.56262737098636, 0.22913468793822378, 0.13070254883204008, 0.07753539214339697], [0.5449882483540538, 0.23017337617976807, 0.13808590782672978, 0.08675246753945905], [0.5516022728048737, 0.25288822558975904, 0.12019186405319106, 0.07531763745216917], [0.565585443019144, 0.2477808432619287, 0.1176578558196877, 0.06897585779925766], [0.56053006895177, 0.25932579696541785, 0.11521039440356859, 0.06493373957923497], [0.5701636089386384, 0.25576583851150664, 0.11138359735990876, 0.06268695508993152], [0.575764773723908, 0.24396921584845277, 0.11508894436575784, 0.065177065961852], [0.5579269749768698, 0.24869203112100655, 0.12261576839119592, 0.07076522541091139]], "ideal": "A", "sampled": "D", "correct": false}}
{"type": "result", "data": {"idx": 4, "options": ["the provision of a free, appropriate public education for students with disabilities", "the provision of bilingual education for English-language learners", "schools being held responsible for providing tests that do not discriminate on the basis of race", "the assignment of similar funding to athletic activities for boys and girls"], "probs": [[0.4601299902726915, 0.2662482384845769, 0.20502057757795641, 0.06860119356477808], [0.43271939019182676, 0.2662305231667551, 0.20892167127810282, 0.09212841526332706], [0.47630359578236225, 0.2758284217791971, 0.1658070476628507, 0.08206093467557364], [0.4688741576135505, 0.29044460650050274, 0.1726316778031193, 0.06804955798283546], [0.4331774033495149, 0.26450178837836874, 0.20268444870658753, 0.09963635946554401], [0.44053985080364017, 0.2845572206548261, 0.21309193011841976, 0.06181099832312995], [0.41883931123801965, 0.3087946778113528, 0.19856408166164755, 0.07380192918898205], [0.3912143878782368, 0.3095253279644457, 0.20112886752063636, 0.098131416536683], [0.4253692046517037, 0.30826802256701813, 0.18065807183091517, 0.08570470085035856], [0.4205363772649198, 0.31758764703631653, 0.1777491459154424, 0.08412682968330128], [0.3822953999346286, 0.3091654552324641, 0.21240018509493352, 0.09613895963799525], [0.40211507901602406, 0.30869002901667014, 0.21340110254776898, 0.07579378931955393], [0.48327207382970583, 0.2481447224134077, 0.1788486019659655, 0.08973460169092132], [0.4842707087543942, 0.2625864133186261, 0.17861841648575685, 0.07452446134121765], [0.4602626537770737, 0.24896632686042705, 0.20092645528817804, 0.0898445639743203], [0.4731618693555856, 0.24942338542750517, 0.18953414644549357, 0.087880598671421], [0.46686020155803526, 0.2605743056836441, 0.20178616088069318, 0.07077933177762612], [0.47349806633516905, 0.24848856399531685, 0.19189168306498156, 0.08612168650451796], [0.4103449175802077, 0.30810300849170946, 0.177421768155256, 0.10413030567281406], [0.42325064986069183, 0.33960555699443434, 0.17446701275555618, 0.06267678028932162], [0.40462046704140003, 0.30506798048021455, 0.19629511042351966, 0.0940164419548707], [0.42467267325883984, 0.31020141807422674, 0.19274582007983398, 0.07238008848709748], [0.4317050625554819, 0.33244169921419675, 0.17466055035048414, 0.06119268777984518], [0.4396793795012069, 0.31720433949072085, 0.16752027832597166, 0.07559600258211996]], "ideal": "C", "sampled": "C", "correct": true}}
{"type": "result", "data": {"idx": 5, "options": ["0%", "25%", "50%", "75%"], "probs": [[0.31704199499613056, 0.26433670585485763, 0.30444136504932673, 0.11417993399970046], [0.3333937430249359, 0.26749628823169586, 0.3019820368868033, 0.09712793175658069], [0.3615142356284573, 0.2794760730685679, 0.2636473713700568, 0.09536231983293394], [0.3405436017232271, 0.2704758173667556, 0.29348622419163733, 0.09549435661837616], [0.3451116901710604, 0.29705221375519325, 0.265836651122289, 0.09199944485148209], [0.3349744549805692, 0.28444948680657234, 0.26984737863730934, 0.11072867947553662], [0.38551067335362216, 0.30811413562475876, 0.22302140135175297, 0.08335378956988104], [0.3919006345150883, 0.31084356576236066, 0.22611180499700226, 0.07114399462555672], [0.4199973853736576, 0.3381526691581327, 0.18957870555672732, 0.05227123981146995], [0.3936577554604948, 0.3152537450618014, 0.23283475047549002, 0.05825374890221335], [0.4272646586965925, 0.34397801518734317, 0.16533863720833517, 0.06341868880771952], [0.39877866485943564, 0.3294264754986372, 0.1901906979991437, 0.0816041615427903], [0.4048570526223274, 0.327215820615651, 0.1903099118557252, 0.07761721480631081], [0.41261777817061884, 0.3152090671887058, 0.20214317564144949, 0.07002997889924724], [0.44826195072914904, 0.33248318924365144, 0.17108975799489884, 0.048165101932309655], [0.43038553885062797, 0.32044627035783063, 0.20001120681282664, 0.04915698387870441], [0.41540249612497065, 0.3411907877023444, 0.19217525045647582, 0.051231465616227906], [0.3902289000005784, 0.3304234570534762, 0.22246296354557302, 0.056884679300375864], [0.3951436630956274, 0.3157911301769117, 0.20978468231733477, 0.07928052431011755], [0.3887656938168613, 0.30770239504995756, 0.21148525283597722, 0.0920466581971995], [0.43860913237335397, 0.3363122053163543, 0.1648000222000653, 0.06027864001024471], [0.40023262765042344, 0.33114711457178536, 0.19398593766293953, 0.07463432001486073], [0.4090738232449085, 0.32802272987987086, 0.20906937721713048, 0.05383406955810048], [0.371889647178861, 0.3274766968889266, 0.24152126994109238, 0.05911238589112298]], "ideal": "A", "sampled": "D", "correct": false}}
{"type": "result", "data": {"idx": 6, "options": ["variance", "mean", "range", "median"], "probs": [[0.25107648963616747, 0.3681251668680334, 0.26267199949029757, 0.11812634390551675], [0.25282016965518034, 0.37232259859703176, 0.26440554793745463, 0.11045168371033305], [0.2282733366543327, 0.3405930136330129, 0.30962595927031467, 0.12150769034233955], [0.2526398400467868, 0.30913925572847295, 0.31211036131498227, 0.1261105428097362], [0.2253350540540946, 0.3667077539361387, 0.29054191429845716, 0.11741527761130513], [0.24842836235217858, 0.3488764309144475, 0.2712406974982749, 0.1314545091350945], [0.20947228182224314, 0.4109746705410692, 0.25271321910996053, 0.12683982842673866], [0.2213720138181476, 0.4208252485714271, 0.25176811605163196, 0.1060346214587737], [0.20858190106088229, 0.3639954318868939, 0.3066580123029572, 0.120764654649288], [0.19880796735805312, 0.3664138496931838, 0.29343340876903734, 0.14134477407973675], [0.20028832516987913, 0.3991651215876297, 0.27855677201734597, 0.12198978112515571], [0.17706799413352872, 0.397675153815171, 0.2875767337501405, 0.13768011820117404], [0.19831196562144673, 0.4192711850670634, 0.2712589092053755, 0.11115794000610121], [0.2268482500712728, 0.3898447127325103, 0.26894950328545214, 0.1143575338107775], [0.2018014867207092, 0.41592771830962366, 0.27458649524658907, 0.10768429962309022], [0.19238165217409045, 0.41881791842240396, 0.26474866075215175, 0.12405176855135423], [0.2100728278513219, 0.39336824525387837, 0.2720477345710273, 0.12451119222378972], [0.18282908136136486, 0.4041150430258793, 0.28181288476472777, 0.13124299074803186], [0.16730453918783308, 0.42896621733670237, 0.29199509644672783, 0.11173414692874706], [0.18284586227905597, 0.41121482177392127, 0.2751940959641134, 0.13074521988291576], [0.18320795585949642, 0.4153269468851127, 0.29643888924864226, 0.10502620790675408], [0.16394421527671393, 0.4115256661203029, 0.3028594055816356, 0.12167071292132538], [0.1916187216756476, 0.3686595814951782, 0.31791340872981766, 0.12180828799937207], [0.162414290285645, 0.39743182616658407, 0.3102926496702387, 0.12986123377753783]], "ideal": "A", "sampled": "A", "correct": true}}
{"type": "result", "data": {"idx": 7, "options": ["They need provide supervision only to school psychologists who are not fully certified or licensed and to any school psychology interns.", "They should provide professional but not administrative supervision.", "They are eligible to serve as supervisors after one year of experience as a school psychologist.", "They should hold the Nationally Certified School Psychologist credential or the state school psychologist credential."], "probs": [[0.49944701060097313, 0.2503731694419411, 0.16615333264122692, 0.08402648721586295], [0.49465533023737673, 0.25434683945660985, 0.18475830637206006, 0.0662395238339515], [0.48751945683707326, 0.25357615651482407, 0.1470835654023924, 0.11182082114570036], [0.484725573362427, 0.26424300221476527, 0.18385484715151534, 0.0671765771712899], [0.5182965014155638, 0.2753470724583345, 0.12237748316782682, 0.08397894285828836], [0.5010616642089012, 0.2764811417087342, 0.15411934432629948, 0.06833784965607204], [0.4929209347805205, 0.264590008909778, 0.14866472043100118, 0.09382433577868339], [0.49489684964577557, 0.2682804467193804, 0.16416111093573155, 0.07266159259910239], [0.49668569197461826, 0.2723596430085927, 0.13610781927366492, 0.09484684564312436], [0.4890516534135409, 0.2855626673386728, 0.13880468957020278, 0.08658098957759398], [0.504782343518451, 0.29143404006922663, 0.12586982322897713, 0.07791379308331978], [0.5089498207333675, 0.2874017352707439, 0.11819489755449493, 0.08545354634140227], [0.48226596928216797, 0.26986389064683486, 0.1301077358178252, 0.11776240415316605], [0.47391655055903836, 0.2781282434890852, 0.17376344884208447, 0.07419175700978332], [0.49527518554901967, 0.26850793713203175, 0.13689170084558203, 0.09932517637336251], [0.48567675173361285, 0.27433946066922577, 0.1478950003428387, 0.09208878715432257], [0.4692536293752827, 0.2967318509518093, 0.1588390808166076, 0.07517543875629441], [0.4749082339541368, 0.28823154115358296, 0.12546312145235294, 0.1113971033399287], [0.49071421158340606, 0.29492168357920057, 0.12738337776684056, 0.08698072697055047], [0.4792174965794337, 0.28976386437315627, 0.15953932344466804, 0.07147931550271835], [0.5067123182646658, 0.2904369968808849, 0.13064033112034235, 0.07221035363410158], [0.510080993607258, 0.28479459756505193, 0.12540129065028885, 0.0797231180774006], [0.49079925728740514, 0.2938406014923017, 0.1536238224367983, 0.061736318683496216], [0.4919161432002839, 0.29226398058649167, 0.12376505573268531, 0.09205482038052984]], "ideal": "D", "sampled": "D", "correct": true}}
{"type": "result", "data": {"idx": 8, "options": ["at the beginning of the list", "in the middle of the list", "at the end of the list", "distributed throughout the list"], "probs": [[0.396575143356124, 0.2690969659693876, 0.26124128279539754, 0.07308660777908746], [0.39114610533767374, 0.2849468581519965, 0.24099969506870839, 0.08290734134163126], [0.396137914684194, 0.2664431632441606, 0.25762334604990367, 0.0797955759217444], [0.3982947322449663, 0.28009131886048816, 0.2359095126467154, 0.08570443614783556], [0.4083490908682506, 0.28379898655879965, 0.2181093293373516, 0.08974259313558491], [0.41781482765598627, 0.28349816576697034, 0.2196568283524079, 0.07903017812463922], [0.38565141976917017, 0.28525790911607696, 0.2553386025334597, 0.07375206848126875], [0.38943610510890825, 0.29640507641866004, 0.23090663972049036, 0.08325217865194992], [0.3696436660114153, 0.2788130784247153, 0.2772662467119589, 0.07427700875191232], [0.3848088119453677, 0.2790401153264791, 0.24556626854583288, 0.09058480408232207], [0.3908402172681378, 0.2946370621821623, 0.2336773740670506, 0.08084534638265896], [0.3905553120347289, 0.29729462673337076, 0.22935927764788414, 0.08279078348403114], [0.3694745851650325, 0.274515582168003, 0.26862603443493055, 0.08738379813203168], [0.3716123107009293, 0.2869261586208769, 0.2488482404604047, 0.09261329011779254], [0.35854203248659, 0.2650640405754141, 0.29753379735589947, 0.07886012948211477], [0.36591913729605946, 0.27119251380846926, 0.26403786945301205, 0.09885047934246673], [0.37726325183403325, 0.28302756031673, 0.2504658250803353, 0.08924336266888541], [0.3796403010764567, 0.27585934766591885, 0.24122580098229415, 0.10327455017532984], [0.3992280486373561, 0.31042742212119667, 0.1976786627259531, 0.09266586641550033], [0.4054791109738964, 0.3120067609825063, 0.2017921264702945, 0.08072200147328258], [0.3899761989415275, 0.3072377321436643, 0.2199236135364322, 0.08286245527836725], [0.38555857267217697, 0.3096688536757905, 0.218309617327222, 0.08646295622479844], [0.3843234552428137, 0.3155646974384435, 0.21844904987261332, 0.08166279734612494], [0.37625855945450676, 0.3067239373619359, 0.22014448663736003, 0.0968730164461872]], "ideal": "A", "sampled": "A", "correct": true}}
{"type": "result", "data": {"idx": 9, "options": ["Piaget's cognitive development theory", "Erikson's psychosocial stage theory", "Kohlberg's moral development theory", "Ainsworth's social attachment theory"], "probs": [[0.43600839093085975, 0.29525903742790555, 0.18581308882650474, 0.08291948271474901], [0.45020844568435425, 0.29527177329328375, 0.17885733069907975, 0.07566245022328973], [0.4330953179662745, 0.29625398808185, 0.18643908604828494, 0.08421160780360638], [0.4573701934041904, 0.2801852375432077, 0.16837321313404313, 0.09407135581855845], [0.4318697987242918, 0.2862175279149136, 0.21285000780984362, 0.06906266545096273], [0.4517713515882285, 0.26772779231577765, 0.19406692662360595, 0.08643392937238303], [0.4495945562081237, 0.28362989575554565, 0.181139534144783, 0.08563601379154437], [0.46277621637537997, 0.2848298239444504, 0.17304858185956645, 0.0793453777205939], [0.4491479210284256, 0.2902666932475933, 0.1772592651230632, 0.08332612050090869], [0.4600871842405564, 0.288520409746117, 0.17124921188761116, 0.08014319402571887], [0.45616091161434635, 0.2850705285542385, 0.1881015728707189, 0.07066698686069472], [0.4554337611804887, 0.2806936193209516, 0.19106514084170476, 0.07280747855686073], [0.4256045438058518, 0.2877502828649851, 0.19881434966780218, 0.08783082356135732], [0.44738691555965804, 0.27702107815804317, 0.17840068639450596, 0.09719131978778514], [0.42735961528215227, 0.29389190684214106, 0.19799947816092217, 0.08074899961477683], [0.44198728791409936, 0.2938751580843652, 0.18760626595279986, 0.07653128794873709], [0.45442193537368386, 0.26991266418130944, 0.1921065589200844, 0.08355884142493375], [0.4209994759056162, 0.2919450445772389, 0.21650416593173577, 0.07055131348540751], [0.41609345046090324, 0.31002866559544007, 0.20460906743975757, 0.06926881640389512], [0.43545584110009095, 0.290278619729898, 0.18995309343465192, 0.08431244563535135], [0.4216693724650658, 0.32172134368586985, 0.1888171304550829, 0.0677921532939892], [0.42128542300773736, 0.32182739419044476, 0.18889400205552573, 0.06799318064628372], [0.44204765826328746, 0.29981493814525434, 0.17785604849025166, 0.08028135500120583], [0.41103405978485613, 0.32526218203952073, 0.19588739425875598, 0.06781636381686067]], "ideal": "B", "sampled": "B", "correct": true}}
{"type": "result", "data": {"idx": 10, "options": ["aptitude", "projective", "achievement", "intelligence"], "probs": [[0.2248241526709456, 0.41613114221412295, 0.22855845625514584, 0.1304862487597677], [0.2400788907741338, 0.4282983958291691, 0.2128852188269958, 0.11873749446969159], [0.2303002863374975, 0.3799084628203746, 0.2975925068658055, 0.09219874387632378], [0.2386363473551118, 0.38612288611645973, 0.2644194016852805, 0.11082136474313828], [0.2422657643780384, 0.4018367814410195, 0.25697987809206746, 0.09891757598886662], [0.2577032528183337, 0.3863664346580544, 0.23479025258879377, 0.12114005983483153], [0.22866844438767123, 0.38934331154743523, 0.25180339278747443, 0.1301848511774227], [0.24800279627496535, 0.40035869311899425, 0.23275309157127733, 0.11888541893475853], [0.2262916018054232, 0.39874947119657517, 0.26778851172381, 0.10717041517417827], [0.2421876154633592, 0.40735553647253137, 0.2545912496461083, 0.09586559831799803], [0.2577226036773233, 0.40539038664152904, 0.22047652738211862, 0.11641048219904002], [0.2567338857154921, 0.4159182319673197, 0.2175396040247912, 0.10980827819241572], [0.2560722430457666, 0.40455891116443027, 0.26117599996816526, 0.07819284572165323], [0.2595524809797122, 0.41911559583863084, 0.22702690843494194, 0.0943050146467113], [0.2461364459074442, 0.42793312297701497, 0.23058481884472845, 0.09534561217079514], [0.260816953160519, 0.4458294556784085, 0.20907383468714286, 0.08427975637392121], [0.27078277817535307, 0.40732466653978444, 0.22686615486591585, 0.09502640031894569], [0.27225116034629065, 0.4073286496826176, 0.24667502625806348, 0.07374516361303934], [0.251718888424771, 0.38920802406777805, 0.25628677165496705, 0.10278631575245724], [0.26795725775434825, 0.38023687294491093, 0.22926789263140082, 0.12253797656935236], [0.2327999494393466, 0.41029269957267567, 0.2257468863863308, 0.1311604645016615], [0.2306559290344165, 0.43094116687613043, 0.2167528781971592, 0.12165002579228763], [0.258245863720699, 0.3703057590678532, 0.25695280394825526, 0.11449557316319281], [0.2459394632863649, 0.3737752467788578, 0.28901129381280194, 0.09127399602197685]], "ideal": "C", "sampled": "B", "correct": false}}
{"type": "result", "data": {"idx": 11, "options": ["proximity and similarity", "top-down processing and bottom-up processing", "binocular and monocular cues", "size and shape constancy"], "probs": [[0.40097952519794866, 0.2543334920085047, 0.24863052184423218, 0.09605646084931867], [0.3823965814815261, 0.24578706950193202, 0.26670792821585715, 0.10510842070068649], [0.4157288782760115, 0.2744126098375419, 0.22362760490277225, 0.08623090688366604], [0.41761885298593165, 0.26827170245520765, 0.19224882233410429, 0.12186062212475829], [0.38883038085965643, 0.250535214963397, 0.2710158462468018, 0.08961855783014014], [0.4049897576495711, 0.25660980731397987, 0.22189445768386215, 0.11650597725256508], [0.3953256233259162, 0.21463868761517246, 0.27738385576677865, 0.11265183319213898], [0.37391859859949705, 0.21276055394809695, 0.2887118377912634, 0.12460900956112379], [0.42665141729714967, 0.23741695092866757, 0.21629200789819777, 0.1196396237759845], [0.4044321540578314, 0.23659414409025223, 0.24946244965477637, 0.1095112520971389], [0.38922271680258885, 0.2217885710337836, 0.264209112234939, 0.12477959982868984], [0.37898480537669876, 0.22362788308857945, 0.28696655261777615, 0.11042075881693826], [0.39415184195610226, 0.2518507322997273, 0.26136587255203864, 0.09263155309214585], [0.3939369339173891, 0.2451656817008747, 0.22845964718638834, 0.13243773709535045], [0.40887640823106447, 0.2616619307725353, 0.22013070945686597, 0.10933095143952422], [0.3870006887260522, 0.2574492725521631, 0.2536990265864123, 0.10185101203539351], [0.4028010609676757, 0.22799582747399555, 0.2342729412932945, 0.13493017016502992], [0.3800140222149988, 0.233588278307638, 0.29299356980698293, 0.09340412957039113], [0.3518583127000296, 0.22808411302348433, 0.3085836029146774, 0.11147397126181952], [0.3760874574706088, 0.23124493085802578, 0.24923200946886412, 0.14343560210249168], [0.36137863284700417, 0.23353881768843707, 0.2669162202846693, 0.1381663290798859], [0.3606340810788184, 0.22877111049405377, 0.28135045794728475, 0.129244350379845], [0.3882895827148889, 0.241027155779362, 0.2196519168716032, 0.15103134453415232], [0.3643820258912891, 0.24374272355298687, 0.28318746112336224, 0.10868778933235922]], "ideal": "C", "sampled": "B", "correct": false}}
{"type": "result", "data": {"idx": 12, "options": ["be paralyzed", "fall into a coma", "suffer severe speech impairment", "die"], "probs": [[0.46236726765526553, 0.29413424903938623, 0.15235067212639597, 0.09114781107897117], [0.44357876258755896, 0.2945113430676372, 0.16137719551815646, 0.10053269872663387], [0.47154117648514027, 0.28666073250183094, 0.15366329608102644, 0.08813479483201744], [0.482073530271681, 0.2823739956290576, 0.14764049351898392, 0.08791198048027413], [0.46011193032368225, 0.2712141717157994, 0.17227033814868173, 0.09640355971183018], [0.458393000941349, 0.280922664732709, 0.17050164691747458, 0.09018268730847837], [0.4273962753274652, 0.3150094413455495, 0.17067759310761899, 0.08691669011937889], [0.41335651549520147, 0.3172671891642817, 0.1753789458025266, 0.09399734943799717], [0.4226588692121864, 0.31563690729582145, 0.1621837585322676, 0.09952046485973862], [0.4048583729267894, 0.31880312426391366, 0.17901723702391026, 0.09732126568536956], [0.4099396681519486, 0.3153075419807931, 0.16221424048369454, 0.11253854928356376], [0.3986315331704392, 0.32068253541847314, 0.18297448359915897, 0.09771144771190485], [0.46147895195925126, 0.2709815094073605, 0.17514321279141026, 0.0923963257419837], [0.45607025550193747, 0.28232825210895934, 0.17279500118435465, 0.08880649110474814], [0.4367664708483336, 0.2853807019659409, 0.17177831319906572, 0.10607451388665919], [0.4225155947285405, 0.28379300106948446, 0.19026085254676614, 0.10343055155521391], [0.46155607046589053, 0.2672349204461952, 0.15840269585931763, 0.11280631312858144], [0.45361688367215786, 0.26528995047310217, 0.1713970623823188, 0.10969610337243096], [0.45255268052206254, 0.2556223440117302, 0.19150969305264887, 0.10031528231355921], [0.4507072340364412, 0.26714823303247354, 0.19138520986230279, 0.09075932296878404], [0.4564894771222907, 0.274233606271967, 0.15902800427983, 0.11024891222590331], [0.4468959755896083, 0.2769463147449716, 0.17659129938817117, 0.09956641017725948], [0.47126415403588634, 0.2708687051040734, 0.15233128455496442, 0.10553585620508588], [0.45227669349434063, 0.2692922406283164, 0.17487249951629072, 0.1035585662610287]], "ideal": "D", "sampled": "C", "correct": false}}
{"type": "result", "data": {"idx": 13, "options": ["achievement", "standardized", "projective", "triarchic"], "probs": [[0.17436384389649678, 0.390577385428516, 0.2819508826101259, 0.1531078879648423], [0.1982851558524938, 0.39438434502474606, 0.28577389428846767, 0.12155660473428583], [0.15432135703919347, 0.3683034122691961, 0.2943626843538928, 0.18301254623771795], [0.1683681275587866, 0.39853899762299305, 0.30017293058572314, 0.13291994413249736], [0.22445470718762192, 0.39930281962310044, 0.2606075406250586, 0.11563493246421615], [0.20146067729812275, 0.41513423531476074, 0.27547095855937764, 0.10793412872774168], [0.19779070082906014, 0.3981280528092173, 0.26576704541103385, 0.1383142008506847], [0.2212126106328194, 0.3958248974036381, 0.2754606934428536, 0.10750179842069658], [0.18848826572616725, 0.4076206375229677, 0.23468295383489235, 0.1692081428159706], [0.18092411338822367, 0.45061097804021744, 0.24359516522221622, 0.12486974324934398], [0.24015936529969337, 0.41590067060133695, 0.22573741868646854, 0.11820254531249115], [0.21072143570931248, 0.44521943183349577, 0.2374596943310958, 0.10659943802608983], [0.16284423545038915, 0.3489819902947944, 0.31776526021909995, 0.17040851393571846], [0.16653637021518872, 0.37830930982822825, 0.3385369639538915, 0.1166173559026758], [0.14808723708570332, 0.383281246896858, 0.28655871636312, 0.18207279955429403], [0.14694944654344078, 0.41366739008456405, 0.30940462269792024, 0.1299785405740807], [0.18004381495783156, 0.4202826219287102, 0.2656717090137695, 0.13400185399969783], [0.14869083158026944, 0.4345588652974337, 0.2811308300268201, 0.13561947299547536], [0.24103818162012947, 0.34531449357563165, 0.2808538615757096, 0.13279346312852358], [0.22355732734631736, 0.36214948295658217, 0.2986634291962322, 0.11562976040086724], [0.2453663435132352, 0.3606187624984717, 0.2587993670268947, 0.13521552686140698], [0.22242597423347704, 0.38140544872011767, 0.2763915473530933, 0.11977702959331347], [0.2125649580951712, 0.3624239235415798, 0.27425142252261364, 0.1507596957406304], [0.19008934670282338, 0.38124152744846296, 0.2805979621342863, 0.1480711636144307]], "ideal": "B", "sampled": "D", "correct": false}}
{"type": "result", "data": {"idx": 14, "options": ["discrimination", "spontaneous recovery", "trace conditioning", "generalization"], "probs": [[0.15455030083935534, 0.472664626112202, 0.24054699831801377, 0.13223807463043075], [0.1762239369487187, 0.4727657795290139, 0.217148410867345, 0.13386187255491094], [0.18449198624030458, 0.4844404922906476, 0.21455418421711586, 0.11651333715194062], [0.19755782930438828, 0.5279157076148646, 0.19287261721562202, 0.08165384576512401], [0.19271061076141022, 0.46074513264411654, 0.2300707213483318, 0.11647353514613909], [0.1748926627922997, 0.49857330718952864, 0.23946554354903776, 0.08706848636914669], [0.14035831069517826, 0.4655220841604658, 0.2567704252250774, 0.13734917981926892], [0.1656532243939779, 0.4638076659067753, 0.22939685083558536, 0.141142258763661], [0.15133856296985693, 0.48287326229570754, 0.23872902463818688, 0.1270591499962528], [0.1567203047584215, 0.48000131605879726, 0.25967597781813667, 0.10360240126464178], [0.15844616530592173, 0.48434991495875745, 0.22290896772908098, 0.13429495190623686], [0.13141973193134196, 0.46039018217959016, 0.28049183047422943, 0.12769825531483522], [0.22750945689166133, 0.4178437078577149, 0.23913439656493826, 0.11551243858570082], [0.23777027379854354, 0.4463028568373344, 0.226408166809148, 0.08951870245497592], [0.21488771376292506, 0.42831246775524434, 0.24562941958143414, 0.11117039880039487], [0.22037958134511285, 0.4227582886826472, 0.2635350460570198, 0.09332708381522398], [0.2370061457966635, 0.46636770868212973, 0.21120454620542864, 0.08542159921579776], [0.24484580014455107, 0.4242471202216429, 0.24002603471998363, 0.09088104481382457], [0.2278812047316369, 0.4112581759585276, 0.2395696331386654, 0.12129098607118066], [0.21219852763581348, 0.44156938338510915, 0.2527958376102761, 0.09343625126880689], [0.20133853275796892, 0.4253864893165763, 0.23388489216585712, 0.13939008565959743], [0.1775710426325092, 0.41386442974706916, 0.2796970353407128, 0.12886749217971152], [0.20819471072786855, 0.4706185288790223, 0.22247452576810958, 0.0987122345249981], [0.20775748147381043, 0.43346478060350496, 0.2470505411137125, 0.11172719670897875]], "ideal": "D", "sampled": "C", "correct": false}}
{"type": "result", "data": {"idx": 15, "options": ["the mere-exposure effect.", "self-serving bias.", "equipotentiality.", "the fundamental attribution error."], "probs": [[0.31303867668899266, 0.35184843448532943, 0.18086853937794195, 0.154244349347736], [0.3144386449178721, 0.3532202455269702, 0.19587719308834395, 0.13646391636682123], [0.3072224953235156, 0.3563071003848111, 0.20349601561668276, 0.13297438857498678], [0.3096227706150529, 0.36831682503744945, 0.20631219500131387, 0.11574820924619489], [0.32772785484656003, 0.357494681053725, 0.1854838324960883, 0.12929363150363057], [0.3260187370052344, 0.3720355669608231, 0.17044172684176298, 0.13150396909219367], [0.29128618950320007, 0.36365118815850267, 0.18908889085140504, 0.15597373138689724], [0.29030347336857665, 0.3638380540101371, 0.20532872825075815, 0.14052974427051249], [0.2939835048597616, 0.36193773437773574, 0.19032038853882452, 0.1537583721236702], [0.29373093425591945, 0.3702594284082224, 0.18667106687923166, 0.14933857035661255], [0.29564597680324367, 0.36990539849585896, 0.1780120315854827, 0.15643659301541032], [0.2956755676502233, 0.3749316342499327, 0.16007947825406674, 0.16931331974577846], [0.30709928961839605, 0.3661814902199307, 0.19444243805340275, 0.13227678200828638], [0.3022687898388283, 0.3792684956042222, 0.2012278369924762, 0.11723487746446701], [0.30123405219149785, 0.36786347865965513, 0.18017052763640198, 0.15073194141244714], [0.29995887787313846, 0.3744218173208551, 0.17723552232230474, 0.14838378238371405], [0.29881590212945625, 0.39071700095848444, 0.17255488944087838, 0.13791220737117962], [0.30300055624201977, 0.3807039073875304, 0.16513252655902017, 0.15116300971142213], [0.3147291028148338, 0.368165578743095, 0.19030849312747225, 0.12679682521459318], [0.3054732671186675, 0.387631760422381, 0.177996637767325, 0.1288983345916254], [0.31394367993930894, 0.36393442931990694, 0.17430255610852693, 0.14781933453225748], [0.30938677397491243, 0.3675254437389351, 0.1568686271173429, 0.1662191550687918], [0.30131044970973186, 0.3866599268088601, 0.1775068073585349, 0.1345228160228654], [0.30156599997651595, 0.37414414139998897, 0.17237970288293814, 0.15191015564054353]], "ideal": "D", "sampled": "D", "correct": true}}
{"type": "result", "data": {"idx": 16, "options": ["grounding a teenager for staying out past curfew", "spanking a child for misbehavior", "permanently revoking the driving privileges of a third-time DWI driver", "refusing to return the boss' phone call after not getting the expected raise"], "probs": [[0.42836202090827874, 0.2288047334340529, 0.16436250160487131, 0.17847074395279322], [0.45189470728551673, 0.2375855617132443, 0.14482605385627526, 0.16569367704497154], [0.46307062959474943, 0.23589974911561112, 0.11647503621558933, 0.1845545849740514], [0.4141139258806915, 0.2551557970448252, 0.14004328569360186, 0.19068699128086303], [0.47419668283959676, 0.24752093814245635, 0.12357404476571311, 0.15470833415224397], [0.4189472941008862, 0.253950650692457, 0.151306203545892, 0.17579585156077543], [0.4310452532231607, 0.2643332846669572, 0.14019652442373526, 0.16442493758614163], [0.43457322146242866, 0.27238528003258133, 0.12912425683155618, 0.16391724157341708], [0.444983386632035, 0.2654307447310087, 0.11780868164184542, 0.17177718689510896], [0.4190223295153065, 0.28650240213228917, 0.1403602144397506, 0.1541150538126399], [0.43848611424622475, 0.2852244983311323, 0.12177653161214504, 0.15451285571049644], [0.4086573034263637, 0.29228556547279033, 0.14902212869825132, 0.1500350023025876], [0.4535368060439564, 0.2691487596259006, 0.1016441966678763, 0.17567023756227448], [0.4199589789526238, 0.29776177110124274, 0.1271169632505102, 0.15516228659563802], [0.44590674850474793, 0.2671133687547808, 0.11659173151693655, 0.1703881511235345], [0.4263671123031096, 0.29632151448772026, 0.1368454580125209, 0.14046591509665385], [0.4186752488681431, 0.2913779068616588, 0.14090888931245057, 0.1490379548577423], [0.4228209457345094, 0.29401108484960425, 0.14456597256374773, 0.13860199675213572], [0.4343103766799399, 0.30602837485044027, 0.09449933915601133, 0.16516190921361787], [0.4042721884454379, 0.32028636360650703, 0.1173092573660774, 0.15813219048199298], [0.4337434588864565, 0.3007936299509704, 0.10941747224538567, 0.15604543881719565], [0.4058017737993517, 0.31263726224418137, 0.14106066985202617, 0.14050029400442432], [0.41332917424467913, 0.3070292668799663, 0.124811483536862, 0.15483007523846784], [0.4181405147027061, 0.31233626335499404, 0.1294452672538471, 0.14007795458845115]], "ideal": "D", "sampled": "C", "correct": false}}
