{"type": "result", "data": {"idx": 0, "options": ["(0, \u2013 3)", "(4, 1)", "(2, 2)", "(\u2013 4, \u20132)"], "probs": [[0.5522123091429044, 0.21421204570366745, 0.14231359132000812, 0.09126205373341223], [0.5428425906149358, 0.21379974015947992, 0.15548151923797981, 0.08787614988760353], [0.5442954009153281, 0.21881280487295915, 0.1475437426763235, 0.08934805143540075], [0.5325980505717927, 0.21674599968519664, 0.16002173851451237, 0.09063421112850051], [0.5350687722265175, 0.21761854087143842, 0.15318632855087375, 0.09412635825116446], [0.528318080069558, 0.2166818411614722, 0.14832593047554524, 0.10667414819340369], [0.5477740068853282, 0.2240796770118213, 0.13837278643384546, 0.08977352956899498], [0.5476092297996301, 0.2159480268465212, 0.15189116921639093, 0.08455157403747195], [0.5549237407315463, 0.22290825456626148, 0.14408340183907503, 0.07808460276314676], [0.5598166925557256, 0.21607040773078767, 0.14383094014512082, 0.08028195946838838], [0.5559677497045564, 0.21854173043969194, 0.14397738414791397, 0.08151313560784854], [0.5541236223314137, 0.21882617535109977, 0.1343411315361231, 0.09270907068135524], [0.5535548627199222, 0.22722932448869015, 0.13946652473275364, 0.07974928795864711], [0.5424455698880664, 0.2189739117867914, 0.15037925490732718, 0.0882012633177995], [0.5578903458921155, 0.22756594603335695, 0.13541594908169585, 0.07912775889285505], [0.5590513646434419, 0.22091487399547582, 0.1356907649472816, 0.08434299631378296], [0.5448483674571144, 0.22238636859949634, 0.14426151762659542, 0.08850374621678869], [0.5604022445109881, 0.22283249518233825, 0.13408386657703555, 0.08268139362964666], [0.5481185445711786, 0.21463964796642387, 0.14899933768001217, 0.08824246968240664], [0.5322215397774315, 0.21558299347719784, 0.1439300912953182, 0.10826537535003532], [0.5481766904983575, 0.22516776661485519, 0.15049887518421434, 0.07615666760259406], [0.5581137855016535, 0.21607356389614776, 0.13465037956855896, 0.09116227093363928], [0.5336417681102961, 0.2229030146679019, 0.15420160001509745, 0.0892536171067043], [0.555199978198117, 0.21668539267412837, 0.14111668492553336, 0.0869979441022094]], "ideal": "D", "sampled": "B", "correct": false}}
{"type": "result", "data": {"idx": 1, "options": ["2500", "2", "50", "25"], "probs": [[0.36457571364025093, 0.3822208117693319, 0.12679891448726208, 0.12640456000315248], [0.3515879351549749, 0.39439214430874725, 0.12371902975888725, 0.13030089067739126], [0.36118609304845156, 0.38372058362803557, 0.15654495463472215, 0.09854836858878276], [0.34424022404656107, 0.3731145255934625, 0.1561310152205173, 0.1265142350394694], [0.3464679560195497, 0.38733836113750686, 0.15651953336740534, 0.10967414937554451], [0.33417370539012997, 0.35571922010008916, 0.1554913626017334, 0.154615711808068], [0.38119727625564764, 0.3370173392206484, 0.1735310677411513, 0.10825431668255042], [0.37581899277530795, 0.3409303758013501, 0.17132566681229897, 0.11192496451103989], [0.37872754090176575, 0.33503801161883445, 0.1680261059866847, 0.1182083413927183], [0.39370149694938184, 0.3529449909356657, 0.16085104362525685, 0.09250246838970072], [0.3615940697566361, 0.3457670401745302, 0.17436814595484204, 0.1182707440140001], [0.37142457960986713, 0.3504584281485126, 0.17242864893090917, 0.10568834321071176], [0.3757069674295409, 0.37359655274542264, 0.15956751513879838, 0.0911289645862638], [0.35016677096908383, 0.37419057015524554, 0.15972986636574035, 0.11591279240992122], [0.37972741494863615, 0.3695269643169023, 0.13453131724633455, 0.11621430338812751], [0.3986355986094684, 0.3886879712330782, 0.1271173933865785, 0.08555903667087643], [0.3736463918351658, 0.36418520274013244, 0.1530211426903297, 0.10914726263436422], [0.3878484979415431, 0.38794551316219655, 0.1479365315313652, 0.07626945726491693], [0.37030814357543396, 0.3703944259320539, 0.16578272933033228, 0.09351470106220901], [0.3544811426672073, 0.354062020092492, 0.1665249326507582, 0.12493190448954655], [0.3647690212913306, 0.38169591187306756, 0.14124081265016464, 0.11229425408545479], [0.37588474843831204, 0.3842567850151253, 0.14128938278957787, 0.09856908365698233], [0.35475190207595436, 0.3660491213868091, 0.1637331509186591, 0.11546582551858176], [0.38210056742654175, 0.38072396314198964, 0.16119456724952536, 0.0759809020819277]], "ideal": "C", "sampled": "B", "correct": false}}
{"type": "result", "data": {"idx": 2, "options": ["392", "336", "300", "297"], "probs": [[0.4456982497788032, 0.29575664146416547, 0.19105156142911414, 0.06749354722792233], [0.44564440877681244, 0.2962089735163176, 0.19005080457832862, 0.06809581302855428], [0.4433669073740467, 0.29704903760923307, 0.1895092658919721, 0.07007478902472801], [0.4391106369992589, 0.2942865229820165, 0.1882406289058389, 0.0783622110128887], [0.43326374591672273, 0.30383796723229545, 0.19631686228862694, 0.06658142446235066], [0.43327148426647455, 0.303103013643234, 0.19753323965784866, 0.06609226233243752], [0.45093512398534724, 0.296803563655644, 0.18780286894200493, 0.06445844331699055], [0.448354556635061, 0.29695789458858374, 0.18847886027883268, 0.06620868839753559], [0.45997172193377256, 0.2872764527310102, 0.18902648758463203, 0.0637253376505712], [0.461765252884017, 0.277404874743024, 0.19273372609732858, 0.06809614617564648], [0.44894348288781993, 0.29337088426088304, 0.19475884937424967, 0.06292678337703878], [0.4554822238807353, 0.2816055762089339, 0.2047289413426685, 0.05818325846766043], [0.4366763363779817, 0.312626444650636, 0.18411025139998755, 0.06658696747139993], [0.42571906494390505, 0.31093248675870044, 0.1885146900440348, 0.07483375815335609], [0.45303921468267333, 0.3018865562655139, 0.17787716402549728, 0.06719706492632067], [0.45304724122899903, 0.29553388849584744, 0.18605592080325467, 0.06536294937189906], [0.4349609563141667, 0.2930890785979499, 0.20329144280049383, 0.06865852218739817], [0.42395519399651055, 0.28868230110510346, 0.22292321021965653, 0.06443929457873171], [0.4365574696027282, 0.314443943204746, 0.1817240792382285, 0.06727450785427098], [0.4330195018895458, 0.3143468266315282, 0.18361088997395264, 0.06902278140497238], [0.44579013037238696, 0.30634954025470024, 0.1782737496607727, 0.06958657961212344], [0.4540295996979357, 0.29725896154120207, 0.1876289291350119, 0.06108250952584118], [0.44793858996834657, 0.30190557352001796, 0.18289898804921073, 0.0672568483624247], [0.44420709124531893, 0.29575455402679496, 0.19713338447302672, 0.06290497015486178]], "ideal": "A", "sampled": "B", "correct": false}}
{"type": "result", "data": {"idx": 3, "options": ["\\frac{7}{9}", "\\frac{8}{9}", "\\frac{5}{9}", "\\frac{9}{11}"], "probs": [[0.5368848495684951, 0.25775382500857896, 0.1379727141906882, 0.0673886111322238], [0.5280215783951194, 0.26774126578064994, 0.1384443826679183, 0.06579277305631388], [0.5594179040813012, 0.25168292897357286, 0.1239430795598772, 0.06495608728522799], [0.5496116613168721, 0.25923920093878394, 0.12314431934189185, 0.06800481830243998], [0.5398476248550301, 0.25508291040632713, 0.13517392080301074, 0.06989554383561752], [0.5486162115863881, 0.25238052059634014, 0.13039604791885742, 0.06860721979840238], [0.5450555022194442, 0.25158956803143295, 0.13634895329474914, 0.06700597635438295], [0.5329030248687723, 0.2613918560776349, 0.14052383725679463, 0.06518128169679946], [0.5588271285994203, 0.2521285703397885, 0.12239049363416282, 0.06665380732662347], [0.5509766957607741, 0.2587073898563942, 0.12372863130221208, 0.06658728298062183], [0.5339547159437894, 0.259467758753853, 0.14004764093971148, 0.06652988426263326], [0.5392605074676055, 0.2587047666677315, 0.13599977730192064, 0.06603494846274167], [0.5479873615996947, 0.25354371016879185, 0.12914212594799276, 0.06932680218353188], [0.5451542773978849, 0.26018589779503126, 0.12709340095797966, 0.06756642374910007], [0.54562042680687, 0.2533280783376236, 0.13013025720753388, 0.07092123754796822], [0.5373779376937458, 0.26239949083036174, 0.13124785317082585, 0.06897471820505252], [0.5506365298923979, 0.2526559292140182, 0.1268689933019246, 0.06983854749163777], [0.5392330029911726, 0.2537992127279138, 0.13269250435959612, 0.07427527982132506], [0.529854750377393, 0.25277229405314366, 0.1496458385524513, 0.06772711691703479], [0.5427587616547707, 0.251644618176008, 0.14138881783399768, 0.06420780223520692], [0.5192523328980952, 0.2530755049427508, 0.15590017632705053, 0.07177198573209537], [0.5312632392425677, 0.25151965511887375, 0.15108649963637671, 0.0661306059022129], [0.5574454086110858, 0.24604284222777476, 0.12991558078070048, 0.06659616828041921], [0.5520690923427725, 0.24408799229314193, 0.1355359074727968, 0.06830700779126862]], "ideal": "B", "sampled": "C", "correct": false}}
{"type": "result", "data": {"idx": 4, "options": ["(-inf, 10)", "(-inf, 9)", "(-inf, 8)", "(-inf, 7)"], "probs": [[0.46594702987209463, 0.15544982362218346, 0.21849398482357085, 0.16010916158213864], [0.4661320647695906, 0.1687387256467273, 0.2167623547735139, 0.14836685471017041], [0.46094714572898077, 0.1689621323528526, 0.23456206664719076, 0.13552865517098964], [0.46276870618000715, 0.16350872711085793, 0.22252775009090192, 0.15119481651822178], [0.45837557782606264, 0.17498693318637284, 0.23009954368828187, 0.13653794519927145], [0.4776052273104715, 0.16348940989602492, 0.22042767081670103, 0.13847769187680467], [0.47589708141020987, 0.1438314658452423, 0.22982732330351097, 0.15044412934103948], [0.47979970878803796, 0.1533549479068886, 0.22848916691510404, 0.1383561762899751], [0.47766115655187263, 0.1417732672659877, 0.24121711424520464, 0.13934846183692645], [0.4729048958105961, 0.14259328057250353, 0.23737155580230515, 0.14713026771461096], [0.4768723256153931, 0.15066906736980512, 0.2337382761955518, 0.13872033071925322], [0.48278933192817647, 0.15227533490737644, 0.2321800024279276, 0.13275533063651113], [0.4672998299813341, 0.1602947451571746, 0.2273545762274431, 0.14505084853406025], [0.4630180025799646, 0.16607326758917887, 0.2231356125770183, 0.14777311715382566], [0.48615594470915346, 0.16092650289668564, 0.20784732890051674, 0.1450702233936456], [0.47443776586602926, 0.17081565343485172, 0.213096689084196, 0.14164989151492358], [0.4635037187731216, 0.1611888037524864, 0.2336405086890098, 0.14166696868537026], [0.46466400299282123, 0.1647099928537943, 0.24484965745379234, 0.12577634659959452], [0.4604631955490799, 0.16322415990700467, 0.22711122230949685, 0.14920142213443155], [0.47120431948523633, 0.16249267180550772, 0.2200300975815567, 0.14627291102771228], [0.48151576635230603, 0.16544361491431914, 0.20467413179160948, 0.14836648684176823], [0.4788329083875543, 0.17142645291074296, 0.20515994048026845, 0.14458069812143515], [0.46960764368613317, 0.15923543830388798, 0.23071058283518123, 0.14044633507478718], [0.4725915597965739, 0.15766821608535558, 0.24002377059665717, 0.12971645342139201]], "ideal": "C", "sampled": "B", "correct": false}}
{"type": "result", "data": {"idx": 5, "options": ["396", "72", "66", "36"], "probs": [[0.39211448181519554, 0.3439999308037921, 0.17975103539673548, 0.08413455188424733], [0.3975625862510015, 0.3355474898490487, 0.16795384292714083, 0.0989360808728241], [0.41549064007927333, 0.3532199234609313, 0.14002053299907735, 0.09126890336071025], [0.4210557434135737, 0.3539103337587502, 0.13853904550968463, 0.08649487721799509], [0.38469026431414605, 0.33707120818462144, 0.16761778053471263, 0.11062074686651646], [0.41951808995311946, 0.3284473527886761, 0.1711153755147613, 0.08091918164346083], [0.38832713054587, 0.34951006914763616, 0.18495298868793525, 0.07720981151856193], [0.3863979643685261, 0.3409808736046922, 0.17604816601520354, 0.09657299591157473], [0.4100671082928596, 0.3468179387198169, 0.16272847144951444, 0.08038648143781518], [0.41377456128831197, 0.3615162862123667, 0.15921263084731152, 0.06549652155201564], [0.38790831198921844, 0.3510353022222168, 0.16190261523983215, 0.09915377044871797], [0.4017398460650385, 0.3594942562489772, 0.170169869488568, 0.06859602809743084], [0.4225351658928965, 0.33219108636377903, 0.1583444881658677, 0.08692925947745819], [0.42966629063883166, 0.33028003099794007, 0.15628889227239579, 0.08376478599082221], [0.4177196220173195, 0.3239367103404733, 0.17830089681332384, 0.08004277072887593], [0.4128094661904327, 0.3429688767584189, 0.17939289154686902, 0.06482876540428481], [0.4303198502626328, 0.3363223567796779, 0.15027698171493117, 0.08308081114276708], [0.42652378501259636, 0.35349893830746015, 0.14982850151640112, 0.0701487750635331], [0.3773319510189964, 0.34022647828732605, 0.17897192043229967, 0.10346965016138322], [0.4117208427312776, 0.33335510593064543, 0.1822424013535493, 0.07268164988454112], [0.3695820848317657, 0.3490800029599723, 0.17803216542189668, 0.10330574668635369], [0.38688592553297557, 0.35514242171568466, 0.1887578065631952, 0.0692138460881472], [0.410063189476708, 0.34389118422952175, 0.15845186246239404, 0.0875937637313805], [0.4192986360542304, 0.3523943774927577, 0.1559915081745314, 0.0723154781785023]], "ideal": "B", "sampled": "C", "correct": false}}
{"type": "result", "data": {"idx": 6, "options": ["0.16", "0.24", "0.3", "0.5"], "probs": [[0.3300376630102683, 0.3182788862847705, 0.24470951023673418, 0.10697394036821098], [0.3595632470959831, 0.3074907191436686, 0.23063180904019973, 0.10231422462014127], [0.35580044465956856, 0.31862643853260814, 0.21613847447408785, 0.10943464223376295], [0.36075345250936836, 0.32555074330289, 0.2137669861779799, 0.09992881790977536], [0.3617234720622476, 0.31796537368785505, 0.1920955412096963, 0.12821561294019684], [0.3749640121009171, 0.3194587186869266, 0.19678109066138721, 0.10879617845076475], [0.33909304275643215, 0.32098823719776914, 0.2389863903121565, 0.1009323296336237], [0.3582725518687678, 0.31036790203466147, 0.2288779568438351, 0.10248158915274776], [0.35296338822252876, 0.32483549707341924, 0.22183974818701843, 0.10036136641704803], [0.3681894808699713, 0.3200265398067234, 0.21787724678703108, 0.09390673243627773], [0.37025362544018947, 0.3213595345527822, 0.19404905640895928, 0.1143377834980848], [0.38111847633202567, 0.3160755152858393, 0.19766435597454313, 0.10514165230758676], [0.37328631333429635, 0.31241412340974767, 0.20426145620759256, 0.11003810694836205], [0.37209400471686493, 0.31293579940755123, 0.2123757681529515, 0.10259442762262204], [0.3684422724098448, 0.2994871718765412, 0.21798734581564785, 0.11408320979796352], [0.38309555725026434, 0.288238257456896, 0.23023336374011275, 0.09843282145272805], [0.3811167994957305, 0.3097368826683347, 0.19378278414260952, 0.11536353359332488], [0.38745630606717263, 0.30678656587599834, 0.19327518127665905, 0.11248194668017515], [0.3465506059025301, 0.3169930725368935, 0.2064035322458488, 0.130052789214737], [0.34616504402947695, 0.3160931064926487, 0.22017932758648112, 0.11756252179138059], [0.3539067701325744, 0.31260550113099955, 0.21290441464437812, 0.12058331399206117], [0.3490828688151768, 0.30898327308859014, 0.22957943605978828, 0.11235442193644607], [0.3495799308812624, 0.3062958083870108, 0.22602123776037703, 0.11810302287133996], [0.34759030496701887, 0.3035712880465865, 0.228184740041778, 0.12065366684461815]], "ideal": "C", "sampled": "C", "correct": true}}
{"type": "result", "data": {"idx": 7, "options": ["42", "12", "36", "39"], "probs": [[0.4230814286744913, 0.29657462634261406, 0.16983245763778299, 0.1105114872450916], [0.427016067254207, 0.28583704284853645, 0.1757124207894474, 0.11143446900778373], [0.4186544860724493, 0.2938650253426213, 0.18961674476319462, 0.09786374372172377], [0.40660964945830086, 0.2923397407276698, 0.1886082914668342, 0.11244231824720533], [0.4264131717234758, 0.28258881690189747, 0.1898471232018671, 0.10115088807276323], [0.4157951718607237, 0.2846296653719127, 0.18770070371116135, 0.11187445895617998], [0.40883097133700086, 0.2972500116080438, 0.17322543098394105, 0.12069358597101458], [0.41892092160394445, 0.28826023611874285, 0.17570568433788522, 0.11711315783941083], [0.40206655591923424, 0.2872860690796604, 0.189993595050107, 0.12065377985098262], [0.3934365159786649, 0.2843074518839294, 0.1848276249924548, 0.13742840704495246], [0.4051432939877778, 0.28281584986731323, 0.18958431820528562, 0.12245653783963104], [0.4000358817658051, 0.2909020250577758, 0.17810905861824544, 0.13095303445817413], [0.41324631821374347, 0.2852965769327955, 0.19144274901706956, 0.11001435573638753], [0.40122758627692967, 0.2835445243504873, 0.19472163627280323, 0.12050625299979392], [0.4222951426676416, 0.2899391921209132, 0.17531301785524592, 0.11245264725619178], [0.4169671091074459, 0.2880210666745507, 0.17338263616781682, 0.12162918795016832], [0.4084083124191426, 0.2679830088109405, 0.19928659052906347, 0.12432208814084485], [0.4181568053176479, 0.27774497839180795, 0.19340789330251967, 0.11069032288801364], [0.41910814574129346, 0.28553630561175164, 0.189737964555362, 0.10561758399159256], [0.4044783125771534, 0.28970615861350874, 0.19280019052793732, 0.11301533818139893], [0.4234421424336336, 0.2859742849865252, 0.17992336446865945, 0.11066020801119335], [0.41713762009672106, 0.29114485082661273, 0.1724927091843202, 0.11922481979234659], [0.4047269838446782, 0.28262050547991147, 0.19963852249775088, 0.11301398807765638], [0.41835564368445066, 0.28698761563950737, 0.1900874684032855, 0.10456927217276149]], "ideal": "A", "sampled": "A", "correct": true}}
{"type": "result", "data": {"idx": 8, "options": ["\\frac{125}{648}", "\\frac{25}{648}", "\\frac{625}{648}", "\\frac{1}{648}"], "probs": [[0.5196223766094066, 0.2391142884674937, 0.1395119106230052, 0.10175142420011116], [0.5308444274405797, 0.2376528848552069, 0.13903018960983196, 0.09247249799440169], [0.5055103210660905, 0.24048565919464215, 0.14869540888725488, 0.1053086107520202], [0.517876481258834, 0.2438600000054175, 0.14349224895463608, 0.09477126968109066], [0.5333925656486028, 0.24355995513531786, 0.13355452683710492, 0.08949295227897228], [0.5313393396942421, 0.23948482735944004, 0.13218771070515478, 0.09698812214118208], [0.5118051898223359, 0.24387726080445982, 0.146841448698863, 0.09747610057435728], [0.5270345121628368, 0.2427039858490034, 0.14406461786130728, 0.08619688402685284], [0.5104313338084436, 0.24282329652100182, 0.1421046799551548, 0.10464068961539902], [0.5284926917622351, 0.24294954887521836, 0.1391839500815914, 0.0893738091809596], [0.5416982902064016, 0.2408747763854549, 0.12781068007832316, 0.08961625322981769], [0.5454986984042842, 0.23826883251510644, 0.1298689054916281, 0.08636356348900076], [0.500537060462391, 0.23897664301330387, 0.1584355029347006, 0.10205079348962805], [0.5139049531763166, 0.24334298532476753, 0.15275893157661954, 0.08999312982228568], [0.5115024743800354, 0.23504926325105735, 0.144572216581315, 0.10887604568757282], [0.5266018862298532, 0.23589475623213657, 0.1437191532126113, 0.09378420422539206], [0.5216009985188129, 0.24108821061410285, 0.13622550519289153, 0.10108528557420435], [0.5251108362569002, 0.2406448241596072, 0.13808697881651227, 0.09615736066697622], [0.4966690483017178, 0.2576750032922849, 0.154533295168017, 0.09112265313799356], [0.4989848471704981, 0.25578499979559033, 0.15103088971891726, 0.09419926321498587], [0.4996942957547354, 0.25723596790731423, 0.14673878864087098, 0.09633094759707224], [0.5080886975928155, 0.2521537894727936, 0.14505814373179113, 0.09469936910257667], [0.4912931189761463, 0.25621150435654827, 0.15196922113076208, 0.1005261554365589], [0.49867589608641727, 0.2533118688707457, 0.15406773335670804, 0.09394450158613453]], "ideal": "C", "sampled": "B", "correct": false}}
{"type": "result", "data": {"idx": 9, "options": ["8", "12", "10", "4"], "probs": [[0.3854675691889358, 0.2939095979762776, 0.2014256054699906, 0.1191972272647956], [0.40063737462104865, 0.3017482143277059, 0.19655206819936533, 0.10106234275187473], [0.39648424736885457, 0.28365989601134883, 0.1920347023645588, 0.12782115415523754], [0.40359152411428, 0.29541160051049864, 0.20414433501523854, 0.09685254025997386], [0.4040638359183011, 0.3027247343114351, 0.16893331457523925, 0.12427811509501656], [0.4126444917697508, 0.30103479556649226, 0.17016079636150025, 0.11615991620223828], [0.38449780363249586, 0.3088052299842001, 0.1921361304803486, 0.11456083580295598], [0.39966291658005787, 0.3132233699226934, 0.18665712016438604, 0.10045659323286052], [0.38185701615946116, 0.2946648388029256, 0.2129360165994553, 0.11054212833815155], [0.3938481309855742, 0.3003043626205095, 0.20476942113016267, 0.10107808516374657], [0.41066223728920886, 0.3137102214916764, 0.1704071777300496, 0.10522036338906163], [0.3988894572903783, 0.31465041885367556, 0.16695770810397031, 0.1195024156519854], [0.3730046379969677, 0.30489717292611374, 0.20155125615882633, 0.12054693281810083], [0.3940814113119429, 0.30153086183606354, 0.20049483702277252, 0.10389288972921636], [0.3735145653888251, 0.2995423361257278, 0.21928024649892247, 0.10766285188652429], [0.39456256722569966, 0.30251140732968296, 0.20319167652899042, 0.09973434881562501], [0.3991528295962418, 0.308567255545932, 0.18028399505315817, 0.11199591970466828], [0.38769435401537133, 0.31102776007392524, 0.17430922196315446, 0.12696866384754907], [0.41146616727741864, 0.3106025025518199, 0.16029228792944467, 0.11763904214129682], [0.4035036765671904, 0.3180670356614614, 0.16706409290051705, 0.11136519477083807], [0.40767796425677183, 0.30903589946990234, 0.1779618539241581, 0.10532428224917577], [0.40457542493274923, 0.3059185988635324, 0.17395847004209325, 0.11554750606161927], [0.4036069649854659, 0.30469829958505634, 0.18751396477648838, 0.10418077055297213], [0.40152846964754607, 0.30020910051583455, 0.17951801511919582, 0.11874441461744277]], "ideal": "B", "sampled": "D", "correct": false}}
{"type": "result", "data": {"idx": 10, "options": ["13", "14", "1", "2"], "probs": [[0.40009888619032724, 0.29557444771605823, 0.19436819428687632, 0.10995847170672401], [0.401278864522313, 0.30066406752482433, 0.18713604778837994, 0.11092102006448], [0.43542152975296616, 0.28940109681420934, 0.15474569549623293, 0.1204316778365939], [0.4153908204220757, 0.30259141545705887, 0.15169146834552835, 0.13032629567534068], [0.4263386406277481, 0.29888531556553655, 0.15374934286726186, 0.12102670083946841], [0.4227660333106353, 0.30971084063498827, 0.15207970649487723, 0.11544341945949227], [0.3866680353369706, 0.2919044917446023, 0.21330518655110692, 0.10812228626730654], [0.3917331701897222, 0.28989537241499963, 0.2073978956983535, 0.11097356159692812], [0.43620656238732214, 0.2916331636896887, 0.15305670571953742, 0.11910356810344379], [0.4499059178578099, 0.2884768237528722, 0.1562432230988488, 0.10537403519046046], [0.42340906083869484, 0.29619722187327385, 0.16009842571227628, 0.12029529147577019], [0.4499291363127445, 0.2955768866497133, 0.16187741705993616, 0.09261655987759383], [0.41227678346447727, 0.27259553467129183, 0.1927751748053553, 0.12235250695887492], [0.40175321126281854, 0.28113597875491264, 0.2132724458989415, 0.10383836398332455], [0.4317411911171117, 0.26619378836862245, 0.1720970751092706, 0.12996794530501232], [0.4295684154812227, 0.2691492351623208, 0.19420717321204872, 0.10707517604441398], [0.41614235842616637, 0.29821193595788736, 0.1774808386623803, 0.10816486685356486], [0.4373984454677382, 0.27012307775439665, 0.1822363481378026, 0.11024212854005949], [0.42240476301745555, 0.28861133795724025, 0.16790611318906945, 0.12107778573625813], [0.41848791630090876, 0.2959408812757327, 0.18304838931404852, 0.10252281300933516], [0.42492465283147696, 0.28206669260844636, 0.16512761925270825, 0.12788103520737512], [0.4351179268670503, 0.2857002391415188, 0.17988557853554743, 0.09929625535590567], [0.4205230451305419, 0.30674035705371056, 0.16378471752252854, 0.10895188019322331], [0.43100319743468096, 0.2874277438273646, 0.16926636805955225, 0.11230269057841195]], "ideal": "D", "sampled": "D", "correct": true}}
{"type": "result", "data": {"idx": 11, "options": ["30", "64", "2048", "60"], "probs": [[0.3888547807889183, 0.282385544383501, 0.21359973614077277, 0.11515993858682458], [0.3942663624688588, 0.26971629190262864, 0.2111918256050189, 0.12482551992350932], [0.40178343665626115, 0.27920244082577017, 0.20917713685847006, 0.10983698555950559], [0.4040339540738149, 0.2738641173485845, 0.2040654162701438, 0.11803651220744767], [0.38969347359745404, 0.2587727977561796, 0.22283995975033227, 0.12869376879603056], [0.40521432987870565, 0.26235962205356755, 0.21762773351551043, 0.11479831445222695], [0.4209373197852512, 0.2836634640458302, 0.1905457076216231, 0.1048535084472858], [0.4216891700482815, 0.2768389048487405, 0.18836591844380915, 0.11310600655916316], [0.4108987235553397, 0.29342641251944174, 0.19162434897138078, 0.10405051485382516], [0.40040207644104353, 0.292932460206872, 0.19430628511412146, 0.11235917813794932], [0.42094357643350994, 0.26412709982546195, 0.2085393320366527, 0.10638999160437773], [0.4198555287154979, 0.26820315602799016, 0.2046685868109724, 0.10727272834555494], [0.4125338444120699, 0.2694166307964732, 0.20193682303113297, 0.11611270166032109], [0.4205423056227132, 0.2652335467440718, 0.19348233113630475, 0.12074181639691814], [0.4166727462349893, 0.2799213369712271, 0.19632765328905807, 0.10707826340472658], [0.4125539735506881, 0.2777377691621137, 0.1946221185202095, 0.11508613866697888], [0.42371610342389826, 0.2645021216974076, 0.20020195085258843, 0.11157982392611235], [0.4185868597330196, 0.26645442593468277, 0.2003244164302766, 0.11463429780202822], [0.40408240232975, 0.2785433321666849, 0.19778824174781673, 0.11958602365575274], [0.42168697391188464, 0.2746410937605915, 0.1928787122213217, 0.11079322000618559], [0.409957698170487, 0.2656090285509585, 0.21686881412997716, 0.10756445904858208], [0.40193951136440853, 0.2724699237274115, 0.21307369847904697, 0.11251686632911698], [0.413996128840582, 0.2826261853183511, 0.19451849495795354, 0.1088591907831155], [0.4067890344003398, 0.2836864675415964, 0.19641412748022857, 0.11311037047781003]], "ideal": "D", "sampled": "C", "correct": false}}
{"type": "result", "data": {"idx": 12, "options": ["0", "1", "2", "4"], "probs": [[0.36156730738913423, 0.3166220730008337, 0.22350999275375866, 0.09830062675629248], [0.363572319276742, 0.320074802003713, 0.2184066386588306, 0.09794623996071995], [0.3922182025027213, 0.3386704109968705, 0.18226942528590098, 0.08684196111451353], [0.3832003499742555, 0.32989758313970124, 0.18276331112931354, 0.10413875565672565], [0.3779264309346285, 0.31708155526426357, 0.21201122843375594, 0.09298078526736143], [0.37874561517616895, 0.3193465800659741, 0.21769959024976543, 0.08420821440809731], [0.4083485296820256, 0.3274709335007382, 0.19389235977063238, 0.07028817694659929], [0.4114499157111552, 0.3217942200586667, 0.18945556451039788, 0.07730029961978789], [0.415410464680228, 0.35506580921092246, 0.17041790504212176, 0.059105820966741274], [0.3985460394505562, 0.33526909070718514, 0.1885052065021032, 0.07767966324017096], [0.41738697697133503, 0.32624811316350183, 0.1820426166971663, 0.07432229306798395], [0.3981440135073406, 0.3272746542618061, 0.20470405855353419, 0.06987727357731055], [0.4296737080510949, 0.33384954250749715, 0.17082066055903017, 0.0656560887823714], [0.42832315301247176, 0.32862208055785486, 0.1719833607301946, 0.07107140559949729], [0.43217744382378187, 0.33779829308463066, 0.16974274574224235, 0.06028151724933634], [0.4130576261746054, 0.329195866923252, 0.18354121988604422, 0.074205286916101], [0.4191777788658254, 0.33876082699071197, 0.17609351001790577, 0.06596788402554524], [0.40427296337061575, 0.33166706323200174, 0.19124877978477445, 0.0728111935126008], [0.41163628609396724, 0.34250115232526174, 0.17047113175316328, 0.07539142972761607], [0.40858123886938225, 0.3455242102161825, 0.17652577501133238, 0.06936877580309667], [0.40902489654618956, 0.35282011026704757, 0.16342255290252486, 0.07473244018423339], [0.40195948306887136, 0.3506255883751536, 0.17725578080251594, 0.07015914765347163], [0.41617584205526853, 0.36949895894645923, 0.15001975933224188, 0.06430543956602831], [0.3996078014650142, 0.36122675937463317, 0.16397325757311884, 0.07519218148722774]], "ideal": "D", "sampled": "C", "correct": false}}
{"type": "result", "data": {"idx": 13, "options": ["92", "93", "94.5", "95"], "probs": [[0.38130794817673475, 0.32374143809569245, 0.19076960156499653, 0.104181012062581], [0.34927564327197874, 0.3405557915742217, 0.18561082617701796, 0.12455773887678785], [0.39237907798842936, 0.33824949695046236, 0.18275997031521082, 0.08661145464588911], [0.3696722341175289, 0.3507314645179403, 0.17837378768062095, 0.10122251358389235], [0.3851627653569527, 0.32639637153722434, 0.1879405378569768, 0.10050032514885963], [0.3612879091231524, 0.3308391069282549, 0.19445691178188207, 0.11341607206671024], [0.39620256691203204, 0.3093243723260547, 0.19322081413045336, 0.1012522465314713], [0.3656501189078771, 0.32347690381475064, 0.18355456786651608, 0.12731840931086338], [0.38766156773015586, 0.31277448444597905, 0.19519163685527238, 0.10437231086860446], [0.3492892950077871, 0.3393783195224343, 0.19383116033643089, 0.11750122503335815], [0.3588272031156209, 0.3293686418825319, 0.1872281662935158, 0.12457598860833169], [0.33544128649511545, 0.32451653291390975, 0.2197724817221073, 0.12026969876885166], [0.35981334142227145, 0.3650338633237431, 0.17463983820893977, 0.10051295694505043], [0.34119823051300047, 0.3769565400463968, 0.16167175488834123, 0.12017347445227738], [0.3573955645097348, 0.3657870358441748, 0.16756524477859966, 0.10925215476748536], [0.32633099899058593, 0.3899222937312305, 0.16900896362903864, 0.11473774354914687], [0.32030619945356187, 0.3731847960546305, 0.18703199583402758, 0.11947700855776335], [0.32421070098720733, 0.3887982605333284, 0.18408284313906575, 0.10290819524038083], [0.334426347520518, 0.3616354452174598, 0.19554274565068505, 0.1083954615113295], [0.3187503292661241, 0.35547161549029804, 0.19930569079779997, 0.12647236434578318], [0.32658736842114505, 0.3635667231816312, 0.18612714204671899, 0.123718766250504], [0.30828886068000894, 0.3577070009270382, 0.21081990171393275, 0.12318423657901204], [0.26429144872418714, 0.3450104748362415, 0.2451514311438144, 0.14554664519576316], [0.2794395953939634, 0.371128529633702, 0.23364936797386537, 0.11578250689847021]], "ideal": "B", "sampled": "B", "correct": true}}
{"type": "result", "data": {"idx": 14, "options": ["R <= T <= M <= L", "L <= T <= M <= R", "R <= M <= T <= L", "L <= M <= T <= R"], "probs": [[0.48114354878274956, 0.25305772554185757, 0.16456631316998185, 0.1012324124054108], [0.4713700230440456, 0.25110404594411395, 0.16212354942407953, 0.11540238148776456], [0.4771951033041867, 0.24449614608137232, 0.16394744229200853, 0.11436130822244155], [0.4742586318764613, 0.246695990059653, 0.16590360340483842, 0.11314177455905837], [0.46532473947203135, 0.24844588610082818, 0.16824953281312102, 0.11797984151400906], [0.47506486828750416, 0.25307287842397896, 0.16738647220089614, 0.10447578098761519], [0.4711464595924755, 0.25771261209839685, 0.15798450919374943, 0.11315641901537653], [0.48092733947553545, 0.25698345932135136, 0.16005454039123057, 0.1020346607118743], [0.469960946017507, 0.2567505651815897, 0.1617782184104535, 0.1115102702904382], [0.4761002842297954, 0.26067959970102417, 0.16141846821482228, 0.1018016477543375], [0.4941681975318215, 0.24590042067114998, 0.15226084839510745, 0.10767053330190682], [0.4919613465049807, 0.24871200681469663, 0.15128663400596323, 0.10804001257434813], [0.4737760122138704, 0.24657158033766347, 0.16480265897030222, 0.11484974837817291], [0.46973883726984883, 0.2506647640567083, 0.1656969333768207, 0.11389946519660518], [0.4755872839376641, 0.25553062847193053, 0.16702847097843074, 0.10185361651195975], [0.4647176037136853, 0.25669121765354297, 0.16589025488342515, 0.11270092364936173], [0.473546864223255, 0.2576836788206226, 0.16577390971403572, 0.10299554714209018], [0.4620906553724131, 0.25403503440631864, 0.16590727894758744, 0.11796703117368279], [0.48019765265033315, 0.2604020770750575, 0.16042179609747492, 0.09897847407712528], [0.4720672220194979, 0.26158994725031476, 0.15992018906708078, 0.10642264156311512], [0.4938022143513815, 0.24791595344437833, 0.15014861524549009, 0.10813321685876011], [0.489921124229101, 0.2542833545252847, 0.15125862196008705, 0.10453689918553137], [0.4676989809700642, 0.25916296301563496, 0.15870691736604123, 0.11443113854826258], [0.47430536195208955, 0.26038723337428366, 0.16346360404482096, 0.10184380052880243]], "ideal": "D", "sampled": "B", "correct": false}}
{"type": "result", "data": {"idx": 15, "options": ["16", "2\\sqrt{2}", "5", "5+2\\sqrt{13}"], "probs": [[0.4516182185676438, 0.3022117436573657, 0.1400988399535425, 0.10607119772142995], [0.43167370521671594, 0.33757469026356746, 0.1517355617284663, 0.07901604269124067], [0.46403748691212493, 0.2924043323141809, 0.14842601121179005, 0.09513216946190428], [0.4535826196813582, 0.2935095999102852, 0.1495277304221617, 0.10338004988619905], [0.44416580288653884, 0.31778998393945235, 0.1690444428807114, 0.06899977019331296], [0.4360949544046151, 0.30678045786170505, 0.1652693100168801, 0.09185527761680078], [0.474914645426457, 0.302990952276675, 0.12315206272554019, 0.09894233947131652], [0.4475574352563571, 0.33781568732328154, 0.13308488842487562, 0.08154198889549982], [0.47169742262371633, 0.30125811615145154, 0.12511612851597426, 0.10192833260885459], [0.46356118911498856, 0.3183321887766178, 0.1421769339943839, 0.07592968801399963], [0.4362164525385282, 0.3543493322945919, 0.13379674201084504, 0.0756374730560309], [0.4303508819603275, 0.3543310972442256, 0.14603739258865572, 0.06928062810678734], [0.4326596428494701, 0.3168079002121057, 0.15732139509515436, 0.09321106174327937], [0.42234159116243297, 0.3199481353810222, 0.1594554695079456, 0.09825480384859196], [0.42341611891067577, 0.32685232835682765, 0.13640999558605105, 0.11332155704643891], [0.42220476396726186, 0.35131109279638467, 0.15252680601850305, 0.07395733711783138], [0.4265599652844979, 0.3180177829155431, 0.15917088404042612, 0.09625136765954076], [0.4460376065232141, 0.3179117374567767, 0.17074405519774738, 0.06530660072226535], [0.4676922313433654, 0.3040827382254926, 0.15762263425936068, 0.07060239607177059], [0.4638519719611569, 0.295658326783416, 0.15464227695388605, 0.08584742420154709], [0.4702864279931796, 0.3319051659692187, 0.11472997195595805, 0.08307843398166306], [0.4544083178882028, 0.3363126738685133, 0.13262475659525907, 0.07665425154803868], [0.4678630543757863, 0.301595294915567, 0.12295259035699212, 0.10758906025164627], [0.49439838516341217, 0.292631532237511, 0.13070458344275215, 0.08226549905632308]], "ideal": "D", "sampled": "D", "correct": true}}
{"type": "result", "data": {"idx": 16, "options": ["8", "3", "6", "9"], "probs": [[0.4717150848712923, 0.2574783437055889, 0.17213963253109463, 0.09866693879201674], [0.4798038574100841, 0.2474754486265763, 0.17117561831562741, 0.10154507554770234], [0.476789337571616, 0.2528020800810833, 0.1952083127774051, 0.07520026946990703], [0.46948186154736316, 0.2367016864527179, 0.18715211784478472, 0.10666433405513105], [0.46030103070652356, 0.24591830460690886, 0.2094499789386016, 0.08433068564795178], [0.43671975382146866, 0.24205955385069633, 0.2022828661341969, 0.11893782609364348], [0.45651324763070744, 0.2647742555348461, 0.18445644433366323, 0.09425605240079393], [0.45121328963273405, 0.2478450433843086, 0.1891341595003284, 0.11180750738262295], [0.4541889789478376, 0.2464090352471233, 0.1895265659609357, 0.10987541974409527], [0.4426368729665643, 0.25698935521624877, 0.18753318512831976, 0.11284058658886639], [0.4387854782064987, 0.24931804892531725, 0.19012185430125456, 0.12177461846691646], [0.44573501143114747, 0.25571892048209466, 0.18383285891714893, 0.11471320906962687], [0.48615448802114647, 0.25846489473891576, 0.18327990604186206, 0.07210071109807263], [0.4677372520542388, 0.23680677202797182, 0.17443973896448017, 0.12101623685331754], [0.4946754021629823, 0.24391307436930418, 0.17056009494603508, 0.09085142842168245], [0.4788313826452885, 0.24905720612938204, 0.17374206627391045, 0.09836934485141295], [0.4584651312391303, 0.24009936645774968, 0.17834649180286033, 0.12308901040026371], [0.47418097886168015, 0.2504038105592127, 0.1914613537968913, 0.08395385668221123], [0.4514631964406408, 0.24624606328255091, 0.2190711923128253, 0.08321954786397846], [0.4248074724233101, 0.2393940119843741, 0.21378964118242674, 0.1220088743098821], [0.4684759079415894, 0.251087316609687, 0.1711460847877741, 0.10929069056096108], [0.47241278888667043, 0.25354889563868177, 0.16858841271915073, 0.10544990265550364], [0.4674996037417898, 0.24352130929792157, 0.17504732631656014, 0.11393176054373112], [0.4777601130969972, 0.25475343471995276, 0.18507061921392487, 0.08241583286914134]], "ideal": "A", "sampled": "C", "correct": false}}
{"type": "result", "data": {"idx": 17, "options": ["-2", "-4", "-1", "1"], "probs": [[0.3599214507491591, 0.29326718714041033, 0.20918153148616372, 0.13762983052428826], [0.34873611400333615, 0.30111855358884626, 0.22533045463692414, 0.12481487767089873], [0.3665967246374028, 0.2823436618576415, 0.1958016209197739, 0.15525799248519043], [0.3377972607653666, 0.30679023332668887, 0.23392897597139148, 0.12148352983655313], [0.37027462291428903, 0.2879670192507872, 0.2032480589633686, 0.13851029877154566], [0.3593240368080101, 0.2943512223307313, 0.2080416717401576, 0.1382830690210895], [0.3431553671269386, 0.3094632689418394, 0.19310840301314422, 0.1542729608180743], [0.33782726875608093, 0.3195171178177444, 0.20864928861952475, 0.1340063247066299], [0.3384674800709921, 0.3057613056822178, 0.179652026450315, 0.17611918769648321], [0.3528772047945896, 0.30869552386683924, 0.1904015191443953, 0.14802575209417848], [0.3724257661891931, 0.29819080058013053, 0.18991259166163896, 0.13947084146904093], [0.3600056081268772, 0.2940774449564369, 0.1747900679308252, 0.17112687888585074], [0.3529149944505075, 0.27941671499429604, 0.1922571330430636, 0.17541115741214042], [0.3473898045730646, 0.298300839480858, 0.21686328220316284, 0.13744607364289144], [0.33578064846759526, 0.29696562755711137, 0.2123866990588267, 0.15486702481647527], [0.3541420165077672, 0.28894545643709446, 0.20716070573965106, 0.14975182121547767], [0.35874208768296145, 0.29892357036302014, 0.19113626646108944, 0.15119807539294228], [0.3460728569007329, 0.29895819117913036, 0.18163544445308338, 0.17333350736705017], [0.40881427448578045, 0.26205082087542486, 0.19772704661962792, 0.13140785791916826], [0.3900084898183203, 0.27767978067227694, 0.21543866694272185, 0.11687306246669062], [0.388736241349047, 0.28472785935786493, 0.20112566546157815, 0.12541023373152507], [0.39239455465082107, 0.27740426651077366, 0.1894024400055112, 0.14079873873290766], [0.3934234316583052, 0.27108968230818487, 0.19943806578305043, 0.13604882015046704], [0.3831560746177477, 0.2632729437670569, 0.19138125872012055, 0.16218972279507793]], "ideal": "B", "sampled": "D", "correct": false}}
