{"type": "result", "data": {"idx": 0, "options": ["The formation of the non-aligned movement", "Global disarmanent and nuclear non-proliferation", "The Green Revolution in agriculture", "Mobilization of pan-Asian ideology"], "probs": [[0.3755127825769528, 0.30261826656902246, 0.14773932237792714, 0.17412962837610846], [0.3655291909140896, 0.35175994879475, 0.15814853195559087, 0.12456232823557754], [0.35553496254783384, 0.30659332980128756, 0.14607225080175495, 0.1917994567491289], [0.3636336106911856, 0.3210268410238919, 0.1405699834691391, 0.17476956471577396], [0.3667655662898294, 0.3518130915271866, 0.16710546138048005, 0.11431588070251635], [0.3836462916124136, 0.3112763944639702, 0.14486163476025937, 0.1602156790633498], [0.3779873838616569, 0.274051170037251, 0.1580450288782139, 0.18991641712288618], [0.3736097402440546, 0.3266017250671142, 0.17112937292962355, 0.12865916165921326], [0.369992396781824, 0.28731012607821843, 0.15162493260167412, 0.1910725444382833], [0.36018489929564407, 0.28066650532450477, 0.1589409530643525, 0.20020764221550852], [0.38148512284238345, 0.34111308876991847, 0.15041332085135756, 0.12698846743634667], [0.3771298025096524, 0.28369604195344034, 0.1412417712033048, 0.19793238423359086], [0.3413496392773947, 0.30634429791123, 0.1652694393625642, 0.18703662334881854], [0.34355626211654233, 0.3361468660417168, 0.15154236844517568, 0.16875450329656116], [0.35363670803251834, 0.31375305522686164, 0.1485837263999537, 0.18402651024065902], [0.3455481928183966, 0.30148824713031747, 0.15173225902533027, 0.20123130092595468], [0.35260738397841646, 0.3410948821407289, 0.13127342059421732, 0.1750243131866354], [0.33866564822930895, 0.30880177626315986, 0.14447240761585683, 0.20806016779168623], [0.382442272482142, 0.3361987757616203, 0.17749514629386426, 0.1038638053623717], [0.3987096235506851, 0.3011842951855048, 0.15312903762563423, 0.14697704353819002], [0.3858215288285268, 0.34764252369734194, 0.1469147074522806, 0.119621239921861], [0.3872895886608822, 0.2904436482222931, 0.13870766858457645, 0.18355909443225063], [0.3776594754818115, 0.3099141288105565, 0.13636380979817556, 0.17606258580942594], [0.36245913944948643, 0.28956033380343926, 0.14807452164683713, 0.19990600500022612]], "ideal": "A", "sampled": "D", "correct": false}}
{"type": "result", "data": {"idx": 1, "options": ["How societies shared strategically important technologies with each other", "Why European states went on to attain military superiority over non-Western powers in the modern era", "Why Silk Road commerce dwindled across the breadth of Eurasia after 1500 C.E.", "How the medieval climatic optimum affected the process of cultural diffusion"], "probs": [[0.4721063929471608, 0.3005384131177324, 0.13986436890179663, 0.08749082493328944], [0.49469992456294754, 0.2804573314896332, 0.1165772245927083, 0.10826551925472726], [0.4451169551273617, 0.2999711945396686, 0.15736584170170517, 0.09754600853129042], [0.44503770157762584, 0.29641457856674575, 0.13785651064529067, 0.12069120911033004], [0.4888621892031398, 0.2725474338941176, 0.12303068647176553, 0.11555969033094954], [0.4617936805004806, 0.2875751190979762, 0.12803475906660627, 0.12259644123494368], [0.476448062526741, 0.2848819577669901, 0.14720968177294466, 0.09146029783332732], [0.5180670441261739, 0.2583609727555867, 0.10734873957321482, 0.1162232434450289], [0.4566928100908491, 0.293226308548815, 0.1317243222350344, 0.11835655902530426], [0.4481258414624551, 0.302483560218246, 0.14565014872249674, 0.10374044949680636], [0.4992780162435219, 0.2507964229789423, 0.12194742260014059, 0.1279781380774045], [0.4546985506919574, 0.2785245462305903, 0.175125595150844, 0.0916513078266231], [0.4660589735424576, 0.2847704546017746, 0.13681497893607317, 0.11235559281970184], [0.48000850595626987, 0.27355147607907154, 0.11088439557151188, 0.13555562229315576], [0.472908069315509, 0.2879584041304065, 0.12389892817897032, 0.11523459827511327], [0.46725653457954525, 0.3001307497163074, 0.13359672428110658, 0.09901599132304001], [0.4620550547770765, 0.2726649938314438, 0.11841773000382046, 0.146862221287646], [0.4472351871062019, 0.29109825442891674, 0.15665212593132513, 0.10501443243356189], [0.47114583655235936, 0.28371046153499574, 0.12939215782928293, 0.11575154398335259], [0.4437823958847643, 0.2976390278732798, 0.1346380627554261, 0.1239405133865158], [0.4624905176279518, 0.28387925938945324, 0.13400367991572942, 0.11962654296687372], [0.4341904396892017, 0.3017245171358963, 0.17373330491039812, 0.09035173816449699], [0.427571044679861, 0.3036787645485375, 0.13525290432448656, 0.13349728634713398], [0.41299412924786105, 0.3147205543473212, 0.17061530574858, 0.10167001055622944]], "ideal": "B", "sampled": "B", "correct": true}}
{"type": "result", "data": {"idx": 2, "options": ["They kept horses in their court, which would have come from the Mongols.", "The Ghanian king had adopted the Chinese tradition of the kow-tow .", "The king adorned himself with gold and jewels, probably from India.", "The people in his court wore silk robes."], "probs": [[0.4065739314165396, 0.32189371793638183, 0.12359576678756794, 0.1479365837595133], [0.4083541109561152, 0.3202507768503193, 0.11293185727935909, 0.15846325481419932], [0.40955579071120635, 0.3300405542945101, 0.12172640455306771, 0.13867725034121153], [0.4234586868699667, 0.3275446689584392, 0.11107965492672449, 0.1379169891448754], [0.40273071144002665, 0.3217875672175945, 0.12298024191761049, 0.15250147932477157], [0.4226270419683469, 0.3247605293306902, 0.11805482688826585, 0.1345576017126759], [0.40879235725866064, 0.32878602538096735, 0.11641944259646653, 0.14600217466391352], [0.4076349476452821, 0.32812832293564037, 0.10465246576921816, 0.15958426354985908], [0.4074201954564687, 0.331315632376013, 0.11534588527352237, 0.14591828679398192], [0.41532289251069704, 0.3360326612666737, 0.11100065039730525, 0.13764379572534197], [0.39335843526081354, 0.33559324131432583, 0.1251984431443045, 0.1458498801805764], [0.41293983044071686, 0.33756266090236897, 0.12661639406934805, 0.12288111448757316], [0.41426568160003197, 0.3286416432802641, 0.12338344377190828, 0.13370923124778533], [0.4269385788910588, 0.3280800239047536, 0.11326639239064304, 0.13171500471354314], [0.41075915852447287, 0.32414550525998886, 0.12078652822569584, 0.14430880788985392], [0.4173534256393434, 0.3326540544982601, 0.11549519781116649, 0.1344973219512323], [0.42376888194827356, 0.32856675383533257, 0.12401880404524054, 0.12364556007115342], [0.4198153595007841, 0.33784657332765544, 0.1326364983097535, 0.10970156876181367], [0.3657697865439822, 0.3738003707993531, 0.11664145312669454, 0.14378838942998293], [0.3807011876013266, 0.37890834443117744, 0.11695059309277304, 0.12343987477472652], [0.3560523625062849, 0.3767683539363869, 0.11420724716426738, 0.15297203629306058], [0.37284168524808375, 0.386194223730953, 0.12127065816002816, 0.11969343276094473], [0.38741301577510545, 0.38098379001921273, 0.10958919461649456, 0.12201399948916822], [0.382909853649019, 0.3931228111441138, 0.1186749094017176, 0.10529242570515364]], "ideal": "D", "sampled": "C", "correct": false}}
{"type": "result", "data": {"idx": 3, "options": ["the Arab-Israeli conflict.", "the Korean War.", "the Cold War.", "the Vietnam conflicts."], "probs": [[0.3314673067137793, 0.33774294461196813, 0.18881652381700414, 0.14197322475725255], [0.31732496471634764, 0.3250777640063853, 0.1900451539092051, 0.16755211726805705], [0.3373471597526866, 0.3379902080830571, 0.17535358119181424, 0.14930905087243687], [0.3334344359628246, 0.34357784675075187, 0.17909287541573893, 0.14389484177067152], [0.3114117925304472, 0.324513261073428, 0.19755734602797229, 0.16651760026814244], [0.32647319079776416, 0.33954046187844555, 0.1989526349365834, 0.13503371228722125], [0.3297044162856261, 0.34161305167195416, 0.19639725579064815, 0.13228527615179272], [0.3175965654684333, 0.32977178523829026, 0.19534528367150067, 0.1572863655217609], [0.3297509563098344, 0.33994193403956247, 0.1890716007178972, 0.14123550883271982], [0.3111698538605226, 0.326009558066252, 0.17828672292175268, 0.1845338650514788], [0.306763184801806, 0.3235642302705568, 0.20801562291566292, 0.16165696191198753], [0.30289101519766354, 0.3250637865629721, 0.20291159191335292, 0.1691336062260057], [0.3306667162184739, 0.33816547421209237, 0.18937606021523884, 0.14179174925420737], [0.32748725809337076, 0.34253027458179913, 0.19103226699736062, 0.13895020022747268], [0.325915456922101, 0.3280474654737673, 0.20233311981814983, 0.14370395768596742], [0.3064876365215354, 0.3154629811416889, 0.19085992858342066, 0.18718945365336742], [0.3169384122214517, 0.33783333119389414, 0.20824883866697166, 0.13697941781770007], [0.3043110652477334, 0.3240238675395286, 0.19341698506044386, 0.1782480820522863], [0.3086885449623421, 0.3320593414425476, 0.20083325264564264, 0.1584188608494643], [0.32117446056464666, 0.346719348138977, 0.20059159390948345, 0.13151459728687984], [0.3055961299991425, 0.3316766548688856, 0.2014232937179071, 0.16130392131405602], [0.3021457200938668, 0.3318767837948656, 0.19564704225343285, 0.17033045375782577], [0.31771179988851506, 0.3525343710253571, 0.19140089365704477, 0.13835293532909507], [0.3089216139161483, 0.33229303023823337, 0.17920374497774322, 0.1795816107678824]], "ideal": "C", "sampled": "A", "correct": false}}
{"type": "result", "data": {"idx": 4, "options": ["They became a part of Japan\u2019s territory.", "The Americans established freedom for all Koreans.", "The Korean economy never recovered.", "Korea remains divided into two nations near the 38th parallel."], "probs": [[0.4172737067083799, 0.30909917577106094, 0.1372566643935032, 0.13637045302705486], [0.452434510806001, 0.3225848741953549, 0.1430484141754092, 0.08193220072325715], [0.40117721756129926, 0.3086335887255281, 0.14831053345034154, 0.1418786601628228], [0.4161193697719171, 0.3091473472018966, 0.16152993365005833, 0.11320334927610853], [0.47279857435271533, 0.32831568216326323, 0.11411236730706728, 0.08477337607696415], [0.4567012791474698, 0.30677268985141576, 0.11471537057304632, 0.1218106603280621], [0.4165804848005482, 0.2998021056759474, 0.13893042651400303, 0.1446869829094858], [0.45379920514171573, 0.32021131423714955, 0.14293804182366032, 0.08305143869746577], [0.41784145559595554, 0.29721423928275137, 0.14534111293089286, 0.13960319209041025], [0.4377736719830144, 0.30645210895915986, 0.15658504517978955, 0.09918917377803171], [0.47841453041890636, 0.32266699595909626, 0.11070411748536929, 0.08821435603663139], [0.4660955024708024, 0.3169748850047719, 0.10996352205825978, 0.10696609036617281], [0.3955157418609463, 0.31006056215604894, 0.16247328540430875, 0.13195041047868566], [0.40693367137553893, 0.3219967806150682, 0.16977842154658376, 0.10129112636281691], [0.4009331799882748, 0.30915092867917804, 0.1615981542212595, 0.1283177370112968], [0.41303556296107596, 0.32549135272638374, 0.16867336005224118, 0.09279972416028899], [0.4232303013044773, 0.3288150586043853, 0.12429551227236656, 0.12365912771876371], [0.4250868006292049, 0.3380396255098654, 0.1294390878958023, 0.1074344858651361], [0.510192716045341, 0.2900926055433476, 0.12055508032525801, 0.0791595979860596], [0.49621746574544445, 0.27192045922705843, 0.11964395301165485, 0.1122181219158416], [0.5145369484430967, 0.2851434721927892, 0.12319819539439891, 0.07712138386974401], [0.5000743971892755, 0.2867870502733891, 0.11933126418792285, 0.09380728824939823], [0.45727518353881935, 0.2879909326195562, 0.1306941249238406, 0.12403975881778584], [0.46299992031646114, 0.2915438130875255, 0.13566799187392536, 0.10978827462208113]], "ideal": "D", "sampled": "D", "correct": true}}
{"type": "result", "data": {"idx": 5, "options": ["Optimistic, encouraged", "Understanding, accepting", "Cynical, enthusiastic", "Sincere, resigned"], "probs": [[0.3110596305570778, 0.22734967407246234, 0.24973466278836529, 0.21185603248210874], [0.3323412896747375, 0.22469320251487543, 0.23121190359446345, 0.21175360411593128], [0.3096651417303846, 0.2611115167594194, 0.22537514367313616, 0.203848197737052], [0.3438093412226843, 0.2718351388896202, 0.23340697756081896, 0.15094854222688092], [0.3228573385099245, 0.24621453915632643, 0.24259817178159235, 0.1883299504521508], [0.32777213452932547, 0.2548005966722895, 0.26973836971090837, 0.1476888989874594], [0.35724628150099097, 0.2718189242000748, 0.2157093131139313, 0.15522548108500936], [0.3734519319497424, 0.2640700384735434, 0.19989359382263877, 0.16258443565406425], [0.33721981814244256, 0.30308633738714413, 0.19677926564030682, 0.16291457873011506], [0.3552748523242496, 0.30723875432423503, 0.18788547390369958, 0.14960091934783426], [0.36118347815520907, 0.2572014697269362, 0.23859427336649053, 0.14302077865137733], [0.34852182202114573, 0.2652924259543093, 0.2534045387238967, 0.13278121320065145], [0.2912885448512589, 0.2484728364450626, 0.22641326135021797, 0.23382535725346912], [0.3120397510193343, 0.2544631397399283, 0.2477768558901227, 0.18572025325062433], [0.30792357250631347, 0.2469148510204565, 0.2501430177568738, 0.19501855861635872], [0.3152395913769011, 0.24471635512343196, 0.24673885852054075, 0.19330519487913508], [0.3223671825714662, 0.26356160239346865, 0.25041419094378764, 0.16365702399127072], [0.3174785829266515, 0.2650187525515292, 0.22319645022075935, 0.19430621420105484], [0.32749324672202923, 0.2713644341668774, 0.21818434546728616, 0.18295797354380444], [0.3436374957735038, 0.2716497155160958, 0.24007340232033955, 0.14463938629005058], [0.33188614940306793, 0.2574409442976603, 0.2479895565529377, 0.16268334964633663], [0.3219036168171699, 0.24904266880118645, 0.2617072596917649, 0.16734645458987188], [0.3279622739108432, 0.28652069855734336, 0.228805854498808, 0.15671117293301018], [0.3179430327354796, 0.2779577848088173, 0.21295093653425948, 0.19114824582145232]], "ideal": "C", "sampled": "C", "correct": true}}
{"type": "result", "data": {"idx": 6, "options": ["Revolutionary progressivism does not always concern itself with gender equality.", "Women typically assume leadership roles during times of revolution.", "Women rarely support revolutions and therefore receive little benefit from them.", "Revolutionary movements are generally uninterested in women's rights."], "probs": [[0.43934896671510504, 0.2723909804209239, 0.18524305259807056, 0.10301700016589639], [0.4415972535271202, 0.27118264935798886, 0.17789020912887726, 0.10932988788599148], [0.4265808695822685, 0.27501976590946875, 0.17282534158293247, 0.125574022825325], [0.4208772832036443, 0.27077993816608564, 0.16418770165330063, 0.14415507687697068], [0.428313607611636, 0.2706223096334671, 0.17614792385637237, 0.12491615879851585], [0.4157579470576317, 0.2570851278395335, 0.17967244848845437, 0.14748447651438398], [0.43563375313892166, 0.28236743227937094, 0.1642414031536879, 0.11775741132801332], [0.4440976309794382, 0.2828306617637184, 0.1538047860892858, 0.11926692106757462], [0.4541684250731416, 0.29477185424910257, 0.13980825123839366, 0.11125146933935565], [0.44270037106610427, 0.30238378147079964, 0.1407772882118035, 0.11413855915127649], [0.4547243460396186, 0.27970803111836, 0.147488477000917, 0.11807914574109736], [0.44411119655086717, 0.28670117765810366, 0.1571968780188262, 0.11199074767220547], [0.4109844741960607, 0.28706607533924294, 0.16520593950844997, 0.13674351085626973], [0.4112409573750041, 0.2797285448580037, 0.1541681585514457, 0.1548623391155601], [0.421269041637896, 0.30027833078603283, 0.15967788379259973, 0.11877474368348816], [0.41198533118506653, 0.3063950484596116, 0.1607600528212626, 0.12085956743407021], [0.4104912894009392, 0.27600395445155096, 0.15731570297113193, 0.15618905307638822], [0.40242147104552306, 0.2924054229522591, 0.16464849596245273, 0.140524609939779], [0.41679853602321837, 0.2840587242737504, 0.16879171706693297, 0.13035102253609512], [0.3984130132417124, 0.2729840318755164, 0.16974144050213777, 0.15886151428063183], [0.4307335191462428, 0.2860352665137193, 0.16339463654525008, 0.11983657769478744], [0.42220011451279454, 0.2958209354967295, 0.1702153128703202, 0.11176363702013939], [0.41206499934364665, 0.2812386448213933, 0.1536217744066153, 0.15307458132834062], [0.4093246955625312, 0.2966376027023097, 0.15971106911169547, 0.13432663252347488]], "ideal": "A", "sampled": "B", "correct": false}}
{"type": "result", "data": {"idx": 7, "options": ["Sub-Saharan Africans relied on European merchants to sustain population growth through the constant importation of New World foodstuffs.", "Sub-Saharan Africans consolidated new states and kingdoms by trading with the Europeans for firearms.", "Sub-Saharan Africans depended on European merchants as the sole purchasers of slaves.", "Sub-Saharan Africans allied with European powers to evict Muslim and Arab merchant princes from encroaching on their sovereignty."], "probs": [[0.49767153748888016, 0.2968377161983111, 0.11567971265721304, 0.08981103355559282], [0.4962007245210325, 0.29611556507923265, 0.12570413904243666, 0.08197957125730251], [0.49641393278869894, 0.27986988537665547, 0.13025717492281896, 0.09345900681182295], [0.507006212645934, 0.2799456937167697, 0.1303326281846352, 0.08271546535265366], [0.5089012200209925, 0.2897298199105905, 0.12325217400437588, 0.07811678596404405], [0.5293745081510817, 0.2850599141615165, 0.11087313408423538, 0.07469244350318498], [0.4999428912797108, 0.3101322703259584, 0.10076544693143691, 0.08915939136288085], [0.4923480256057228, 0.3170005223467693, 0.10908101681273032, 0.08157043513477695], [0.4955182499112817, 0.29072422111589685, 0.12791674980820208, 0.08584077906461235], [0.5079445688100427, 0.2973338015638292, 0.12345523595480838, 0.07126639357131842], [0.5164117197540838, 0.3063482876893462, 0.10127529466971655, 0.07596469778683712], [0.5372514913791225, 0.3037554736425948, 0.08661372269926257, 0.07237931217902771], [0.45854249605938846, 0.31295900764185886, 0.12932684993015345, 0.09917164626859443], [0.4691297623840808, 0.31478262773797805, 0.13065222396871526, 0.08543538580922423], [0.4514973309012761, 0.31396405715892767, 0.14172641078831635, 0.09281220105147257], [0.46743384731036336, 0.3186972870957526, 0.13824465686516615, 0.07562420862870368], [0.4864923115169996, 0.31065203871055724, 0.125561230899871, 0.0772944187725733], [0.4842663090356175, 0.31624889215926405, 0.12049672764442051, 0.0789880710606928], [0.5276304789480232, 0.28273002801230995, 0.11559013592991105, 0.07404935700973389], [0.5446514252172655, 0.27804439474102965, 0.10582875948171187, 0.07147542045999343], [0.5288864564172081, 0.2811843294315727, 0.11235073359187027, 0.0775784804593699], [0.5475044050021229, 0.2829211099387605, 0.09425951535445473, 0.07531496960466909], [0.5293671180048132, 0.2681390749552171, 0.12516900942531553, 0.07732479751467156], [0.5328761098181551, 0.272102799906169, 0.11665540654966676, 0.07836568362600214]], "ideal": "B", "sampled": "D", "correct": false}}
{"type": "result", "data": {"idx": 8, "options": ["Hitler's belief that Poland's territorial borders should not be violated", "A rising intolerance of ethnic and political minority groups", "A widespread belief in Germany that it had been unfairly treated at the end of World War I", "Hitler's attempted collaboration with Italian leader Benito Mussolini"], "probs": [[0.38409881974557264, 0.345982739979772, 0.17118067856536243, 0.09873776160928512], [0.38756733484169725, 0.3504905475407159, 0.16127397526641152, 0.10066814225117383], [0.3992915863261445, 0.36585093385454176, 0.13757197246278607, 0.09728550725651751], [0.3746378960829506, 0.38275131221568526, 0.1513009985664978, 0.09130979303484826], [0.3892751708075336, 0.3597525871749086, 0.1438358948684416, 0.10713634704910995], [0.36644856001384274, 0.37204511188787226, 0.16902332914169668, 0.0924829988565877], [0.3696373893112922, 0.3777483543110104, 0.16274186517907419, 0.08987239109863246], [0.3719256158409825, 0.3761963752646931, 0.15639519579127736, 0.09548281300304783], [0.3527674639534107, 0.39927707389980444, 0.15417209934388978, 0.09378336270290921], [0.34527210805882075, 0.39763302882848295, 0.1479510749518075, 0.10914378806088072], [0.3615530438554157, 0.38217411934525913, 0.1563036094532252, 0.09996922724612305], [0.3530983421504253, 0.3797986300745035, 0.16155706968834477, 0.10554595798671383], [0.3955509858556628, 0.3460365493548018, 0.1451824954316496, 0.113229969257898], [0.364820876382455, 0.3614851396022252, 0.1641687982790418, 0.10952518563627016], [0.3620623732692161, 0.3377327223050988, 0.1804302514546212, 0.11977465287108352], [0.35041522942420666, 0.33387590964827324, 0.1760465138836587, 0.13966234694385857], [0.3504256312461829, 0.3653925051281766, 0.17576282111355299, 0.10841904241207054], [0.36869062951178116, 0.3455369655457105, 0.15738865194728738, 0.12838375289522763], [0.3692024985798783, 0.37339197467559054, 0.15260651290217062, 0.10479901374235523], [0.34444826852269655, 0.38081573923091966, 0.18256777628617063, 0.09216821586020943], [0.3596750487774017, 0.3678094381007447, 0.1686859389551842, 0.10382957406666912], [0.3499112971718203, 0.35702158907960224, 0.17818102044581868, 0.11488609320274627], [0.33715865190862276, 0.40342600286011804, 0.17057729520390938, 0.0888380499273547], [0.3543029241486455, 0.3851560130307615, 0.15091086301117512, 0.1096301997094169]], "ideal": "C", "sampled": "A", "correct": false}}
{"type": "result", "data": {"idx": 9, "options": ["was justifiable according to local military custom, even if it violated Western military norms.", "can be viewed as a reaction to the systemic brute force with which the British governed India.", "should be praised as a brave patriotic blow against British colonial oppression.", "seems to have been the product of a well-organized and long-premeditated conspiracy."], "probs": [[0.4485353577287486, 0.31286499235894627, 0.13077884749782276, 0.10782080231448962], [0.4311294391065156, 0.32236416436130805, 0.13417897871814377, 0.11232741771404123], [0.43246144553418525, 0.3221737168630522, 0.13209032735482595, 0.1132745101479249], [0.41549861594057835, 0.3260121449924447, 0.13570432322434, 0.12278491574263711], [0.41157465580483227, 0.3289245286603387, 0.1324415117444829, 0.1270593036903522], [0.41302517197622624, 0.31396548679132197, 0.1331184405518308, 0.13989090058062187], [0.46092789129852635, 0.31444581415660505, 0.11821327145254977, 0.10641302299230702], [0.4272345582232485, 0.32993776604402886, 0.12608168001487433, 0.1167459956178644], [0.4710045609367391, 0.3220806174078765, 0.10937109544543663, 0.0975437261099365], [0.4681059466698606, 0.3278105958310647, 0.10866441184465477, 0.09541904555441252], [0.4456586805559415, 0.3221775386173273, 0.1185787429247336, 0.11358503780200663], [0.47095990749879774, 0.3139853521828274, 0.11464776191778682, 0.10040697830058272], [0.4439631625827813, 0.32438929649944365, 0.11878843831976078, 0.11285910249800447], [0.4266026253598136, 0.3199641907868617, 0.11898873879236363, 0.13444444496093802], [0.4444160470730829, 0.32704756379452704, 0.12004249425661029, 0.10849389477578322], [0.45203385215786296, 0.33232200735540307, 0.11415785599347546, 0.10148628439327084], [0.4309118413422126, 0.31593669046494754, 0.11802403967048186, 0.13512742842235823], [0.4448671593870877, 0.3324189340384823, 0.11552037802913759, 0.10719352844531144], [0.4368021124651544, 0.3233086434970629, 0.12890766927533953, 0.11098157466244654], [0.4341061576684573, 0.3098332510075168, 0.12776338378544919, 0.1282972074385759], [0.4536223046150843, 0.3232896122278206, 0.1196397743249391, 0.10344830873217087], [0.4767647096915012, 0.31244765145311015, 0.11456936825386836, 0.0962182705015189], [0.4425023637020144, 0.3138015358969614, 0.11807738302000921, 0.12561871728099708], [0.4698623076097501, 0.31753154085518526, 0.11187890281746851, 0.10072724861760586]], "ideal": "B", "sampled": "B", "correct": true}}
{"type": "result", "data": {"idx": 10, "options": ["A factory owner is forcing him to do so.", "He doesn\u2019t earn enough on his own.", "The children need discipline.", "Their labor is only moderately difficult."], "probs": [[0.4705868748880492, 0.2872769835740313, 0.15119369433098978, 0.09094244710693188], [0.45592429214869856, 0.2958431657598113, 0.15215706879155336, 0.09607547319994007], [0.459380570478261, 0.29316271480001843, 0.14276325536713366, 0.10469345925458517], [0.45717393300402764, 0.29805442476857774, 0.1482655904073093, 0.09650605172008608], [0.4562876277130392, 0.3027877730025228, 0.13949917203675996, 0.1014254271476659], [0.4660232483652167, 0.3008074119956255, 0.1411041028501577, 0.09206523668899916], [0.4642936727050285, 0.2911906639453759, 0.15901312638539722, 0.0855025368641827], [0.45349099616801664, 0.2977628196859822, 0.15873216077251034, 0.09001402327348582], [0.45497139472455717, 0.2899497776488043, 0.16829848382432344, 0.08678034370231384], [0.4481013207029809, 0.29531460916044044, 0.1680361773817639, 0.08854789265481805], [0.44741571180727674, 0.3012225521533628, 0.16524589927760122, 0.0861158366617543], [0.45741781766979345, 0.29755357733988586, 0.15842234234600303, 0.08660626254432166], [0.44715600208947515, 0.29802157444804467, 0.15178441020393205, 0.10303801315853163], [0.43925305217544214, 0.31287835921593005, 0.15285476671447387, 0.09501382179415976], [0.4492443878866005, 0.29085721849798835, 0.1673949896975846, 0.09250340381784099], [0.4431574557948044, 0.30139229823823405, 0.16458980921748656, 0.09086043664948483], [0.42861923925626155, 0.3227526960575769, 0.1545020953701682, 0.09412596921597696], [0.43243298006961683, 0.31680821587572316, 0.1492010729374247, 0.10155773101724222], [0.4474343216178699, 0.30201031680660345, 0.15244384093809074, 0.09811152053743138], [0.45390939230464106, 0.3096812841280735, 0.15104844140162754, 0.08536088206563498], [0.4497339974798007, 0.29254406147442347, 0.167165684590906, 0.0905562563548523], [0.45631637302444333, 0.29767466920688834, 0.1605861257762387, 0.08542283189242353], [0.4384413526582645, 0.313527295300006, 0.15480248066404306, 0.09322887127767751], [0.44180077236388726, 0.30809018711585434, 0.14864689120300262, 0.10146214921726154]], "ideal": "B", "sampled": "A", "correct": false}}
{"type": "result", "data": {"idx": 11, "options": ["Uneasy allies", "Comrades-in-arms", "Mortal enemies", "Distant strangers"], "probs": [[0.3562584167650033, 0.3387344278048542, 0.23147791358882333, 0.07352924174133829], [0.3602213146338642, 0.3292641286301127, 0.21553726343339008, 0.09497729320264046], [0.3443283574895779, 0.3214341077488445, 0.25654771689968225, 0.07768981776190424], [0.3693519076593303, 0.3044454460698004, 0.2170854275932787, 0.10911721857757407], [0.3395859720042405, 0.28540506207540633, 0.28329546951102785, 0.091713496309294], [0.355849792488612, 0.2838700525289724, 0.2558834082279086, 0.10439674665451085], [0.32504273133225353, 0.3544069479849358, 0.23748387327422493, 0.08306644730859082], [0.32165447006216163, 0.3458944497749664, 0.2249465015160889, 0.10750457854678243], [0.31702317893019627, 0.3515137317383719, 0.24313399399824806, 0.08832909523317897], [0.30485196327520253, 0.348887552573691, 0.2354958162380772, 0.11076466781301361], [0.30851298984669684, 0.3359154912448838, 0.24157941170547714, 0.11399210710292662], [0.3015853727568864, 0.3277729512037727, 0.2521541543911851, 0.11848752154817178], [0.3116498917001482, 0.34592117611852996, 0.2644205799589514, 0.07800835212236508], [0.33654002027808116, 0.3251532915648189, 0.22462940621695973, 0.11367728184014769], [0.31360840293846987, 0.3654628077900797, 0.24206403797637432, 0.07886475119506979], [0.30335405677035054, 0.35351240206544243, 0.23830435663717678, 0.10482918442702485], [0.30482663862059506, 0.3083324019332367, 0.26178813954509195, 0.12505281980107122], [0.29080575893174576, 0.30993189884979894, 0.2895193210312257, 0.10974302108725346], [0.31160323072503543, 0.30164189934132646, 0.2878150771910433, 0.09893979264260529], [0.32919220933247906, 0.3016607742572564, 0.2570712275489031, 0.11207578876137554], [0.316287304362306, 0.3329429079832151, 0.24619910520400268, 0.10457068235047244], [0.30725778952025873, 0.3283223018784314, 0.25904572633124506, 0.10537418217005944], [0.31536685048363977, 0.30565685899744094, 0.25178137523801236, 0.12719491518089182], [0.29960867955295933, 0.31261201160931484, 0.27730461955073893, 0.11047468918700715]], "ideal": "A", "sampled": "B", "correct": false}}
{"type": "result", "data": {"idx": 12, "options": ["Issue a casus belli to go to war with the Kingdom of Zulu", "Tax the Zulu kingdom to cover damages attributed to them", "Sever its responsibility to protect citizens who chose to live in South Africa", "Liberate the Zulus from British colonialism"], "probs": [[0.41764751178214066, 0.32853446983868717, 0.11825455615867135, 0.13556346212049966], [0.41276626787671955, 0.3216590602002525, 0.11033474429379671, 0.15523992752922486], [0.41218780600207594, 0.33869617329856394, 0.10919624627126623, 0.13991977432810257], [0.40641224209786087, 0.34214697669221716, 0.10821591624775949, 0.14322486486214053], [0.4134359007205868, 0.33182006552082066, 0.1131359813935895, 0.1416080522649909], [0.4168347986207018, 0.33624253534680953, 0.11813844443882991, 0.12878422149366628], [0.4335941643591276, 0.3262040461030847, 0.121930478888527, 0.11827131054926943], [0.42405052875482036, 0.314412212668038, 0.11662123832341337, 0.14491602015373342], [0.4306132747807592, 0.33443920706532143, 0.12582264110194186, 0.10912487695199109], [0.41213621040713183, 0.33671793603984795, 0.12064434390350581, 0.13050150954949763], [0.41986408346585297, 0.3302303923213575, 0.1278386569112057, 0.12206686720158119], [0.41925836859991106, 0.3352998631837384, 0.1279500332767222, 0.11749173483960947], [0.4166848073821706, 0.31043608151771823, 0.12482430486668508, 0.14805480613342012], [0.41369828388812635, 0.3164569909141293, 0.12343190256682873, 0.1464128225309125], [0.42990008950165093, 0.3109783252076182, 0.14161451174822856, 0.11750707344250833], [0.41001781424843414, 0.3138332855858176, 0.13372660010815654, 0.14242229995760702], [0.41174960064950494, 0.322331971155026, 0.14383051305904748, 0.12208791503641711], [0.4055988900032134, 0.32308165422205076, 0.13747914062838806, 0.13384031504635863], [0.41688377272583355, 0.3186645435016585, 0.12427076908921238, 0.14018091458328358], [0.4244194667199689, 0.3257580200109203, 0.1291431666377809, 0.12067934653133885], [0.43522979671525996, 0.30598670360115376, 0.13404278449902543, 0.12474071508455906], [0.43334637581554325, 0.3112299482780315, 0.13436948686690195, 0.12105418893951539], [0.42793541608142677, 0.3170242737621162, 0.131877821287206, 0.12316248876924347], [0.4235716189428536, 0.31855844974512515, 0.12775491107897274, 0.13011502013303827]], "ideal": "A", "sampled": "C", "correct": false}}
{"type": "result", "data": {"idx": 13, "options": ["Pan-Africanism", "Communism", "African socialism", "Neocolonialism"], "probs": [[0.30588021553547284, 0.39364445615129284, 0.1701849873448744, 0.13029034086835883], [0.30759277358429277, 0.3919434789852251, 0.16624967912055985, 0.13421406820990955], [0.3234776882493187, 0.4012429510532474, 0.16557431235930123, 0.10970504823813813], [0.3345286071928634, 0.4130492193703177, 0.16328264058871486, 0.08913953274808721], [0.3184941134985224, 0.39722648658869636, 0.1684230749488996, 0.11585632486390435], [0.327149352469211, 0.4081081605892088, 0.1714019271034543, 0.09334055973811564], [0.2769788651319335, 0.4047678098517583, 0.16786302391590222, 0.1503903010004058], [0.26992716761856755, 0.4148343722992057, 0.16164269968412837, 0.15359576029808414], [0.25235194067307076, 0.37820458250000405, 0.22390976175650487, 0.14553371497041012], [0.23116471000521133, 0.3717738203939246, 0.19573292896375724, 0.20132854053711666], [0.21331679099580403, 0.3915193630709502, 0.20899436888074005, 0.18616947695251507], [0.23279573579137536, 0.3816071029949561, 0.190230605095476, 0.19536655601817746], [0.3080549511978172, 0.4170759010239589, 0.15205364999166748, 0.12281549768656158], [0.32251792513479893, 0.423994060649512, 0.14964323732761065, 0.10384477678806528], [0.2806138130423424, 0.3681028769006124, 0.2116453533275173, 0.1396379566295536], [0.26508628036466547, 0.3574991003283174, 0.19152956706101204, 0.18588505214598264], [0.29700043226504663, 0.40284935507537095, 0.17855691741909618, 0.12159329514050415], [0.28881158410944524, 0.38052220767527684, 0.17445223730442475, 0.15621397081082722], [0.2811401359776577, 0.4399952320061632, 0.15617085946694254, 0.12269377244924541], [0.2952925627861265, 0.4426574306321771, 0.1623945682374541, 0.09965543824425635], [0.2399834031789253, 0.41066593958686093, 0.19342933970124926, 0.15592131743296161], [0.25574405433456115, 0.3952840197494679, 0.18121165880049933, 0.16776026701547028], [0.28994473517787434, 0.4292564040181334, 0.18015824302811353, 0.10064061767588635], [0.282882090898272, 0.40461704474378446, 0.1739221657935681, 0.1385786984643729]], "ideal": "A", "sampled": "A", "correct": true}}
{"type": "result", "data": {"idx": 14, "options": ["Agriculture fueled industrialization in cities as excess labor flowed from the countryside to urban centers.", "Agricultural surpluses allowed the state to invest more heavily in modernizing agricultural production.", "Agricultural efficiency reduced prices of basic commodities, raising the standard of living across the whole of China.", "Agriculture was collectivized, with the result that entire communities shared fields instead of individuals owning the land as private property."], "probs": [[0.32423332756349504, 0.3534853383189439, 0.17320533644886707, 0.1490759975687031], [0.3200260576835743, 0.35376793848462795, 0.183178826716947, 0.14302717701485626], [0.32945020453948815, 0.3646351375894337, 0.1306268745984224, 0.17528778317264535], [0.32841168631158885, 0.3791307034522458, 0.1585521564156459, 0.1339054537205119], [0.31470513294730224, 0.3660513739842263, 0.1457554560026749, 0.17348803696578205], [0.3233050584410582, 0.37568059976783014, 0.16148243888725733, 0.1395319028038318], [0.3311552014577874, 0.34647627859550373, 0.1723974066348474, 0.14997111321185333], [0.3181086825097995, 0.35039016996270633, 0.17904176931383617, 0.15245937811365692], [0.33754252145410835, 0.3624659672742446, 0.13629958017236835, 0.1636919309992657], [0.3430306642086295, 0.3719769943305973, 0.15525154213663506, 0.12974079922414583], [0.33221262964697235, 0.35471796250240806, 0.14022868026565155, 0.17284072748498422], [0.34473440710309317, 0.3601813000921781, 0.15362303428465576, 0.14146125842007462], [0.3516708137032903, 0.34450102091771867, 0.13931824618002847, 0.16450991909895835], [0.3479288208130008, 0.3570539557967353, 0.16736081664171998, 0.1276564066485476], [0.35774226697078354, 0.34059952970820756, 0.14155220333858407, 0.16010599988243476], [0.3630873582928777, 0.3519323853988273, 0.16458710946680627, 0.12039314674149014], [0.3666807946880575, 0.35770669671142835, 0.13795262029599756, 0.13765988820453232], [0.37039274611042783, 0.3548125031160798, 0.13626138300622417, 0.1385333676672693], [0.3549879019827689, 0.3238878153877915, 0.15610425912248982, 0.16502002340694463], [0.3710820751491949, 0.3290197430874522, 0.17423779900978523, 0.12566038265357773], [0.3693874893950111, 0.31974328636562804, 0.1498803360454145, 0.160988888093945], [0.38456135277266223, 0.3229552102613743, 0.16546057076949103, 0.12702286609646782], [0.38353456253835244, 0.33296463021631695, 0.14500281770346485, 0.1384979894418796], [0.3868489767235774, 0.32598949066232186, 0.14408782132764014, 0.14307371118643744]], "ideal": "D", "sampled": "D", "correct": true}}
{"type": "result", "data": {"idx": 15, "options": ["The expulsion of Christian missionaries from Japan", "The adoption of Chinese imperial customs in the Japanese court", "The annexation of Manchuria by the Japanese", "Commodore Perry forcing Japan to open its ports to trade"], "probs": [[0.3560991034682558, 0.3570565786039623, 0.1719509965173981, 0.11489332131039769], [0.36298039965681717, 0.3609833110050332, 0.190531937633202, 0.08550435160494288], [0.35862207584896066, 0.3671688887536146, 0.16710551193249315, 0.1071035233649234], [0.36326481484438766, 0.3803660830566856, 0.181172748471179, 0.07519635352773739], [0.35051228818247404, 0.39126598236857124, 0.15579889565539184, 0.10242283369356091], [0.359783981975557, 0.3961587000379045, 0.15153039164023246, 0.0925269262463099], [0.35447821650655603, 0.36030521386992226, 0.16364619899218932, 0.12157037053131521], [0.3631297583775807, 0.36405478018153103, 0.18031500917885285, 0.09250045216205283], [0.35468206211830977, 0.37421662822834684, 0.1570485603589801, 0.11405274919435912], [0.34264338042901493, 0.37802278330209804, 0.18217636584262925, 0.09715747032626587], [0.35831808146720623, 0.39834162605711165, 0.14269728654579014, 0.10064300582988876], [0.34661383362577464, 0.3883402406425606, 0.15407252964294973, 0.11097339598870401], [0.3778775096064619, 0.3558977310002114, 0.1497247923246544, 0.11649996696867622], [0.39128893474958804, 0.36344984860389945, 0.1628067424899941, 0.08245447405652642], [0.37765816223427884, 0.36544859049681494, 0.1450919049807733, 0.11180134218812776], [0.3694777211018247, 0.3667690761194473, 0.1693478787455206, 0.09440532393322605], [0.3829526913017001, 0.3993369580844269, 0.12989031821445451, 0.0878200322994329], [0.35754932518330673, 0.39049836529329146, 0.14709803725168485, 0.10485427217172359], [0.35834068008931813, 0.3531712806550463, 0.17316826446480316, 0.11531977469082527], [0.3688576097798009, 0.3590614736095999, 0.17013421908954005, 0.10194669742105192], [0.3642075638176243, 0.3580617043928214, 0.1707220794508556, 0.10700865223868856], [0.3544554268574372, 0.3478129406281572, 0.1818564217930406, 0.11587521062134845], [0.3685006388201316, 0.36728608954245756, 0.17145250247756555, 0.092760769059871], [0.347621712639241, 0.3546768580193842, 0.18798857115359713, 0.109712858087761]], "ideal": "D", "sampled": "D", "correct": true}}
