{"type": "result", "data": {"idx": 0, "options": ["a currency.", "a well-connected transportation infrastructure.", "government activity.", "a banking service."], "probs": [[0.2994172045931293, 0.26792565470008683, 0.30864599016337163, 0.12401115044341134], [0.30495780195308086, 0.27578208672608645, 0.2953489192453574, 0.12391119197546895], [0.3295146564005652, 0.2395533931087212, 0.29261179950116956, 0.13832015088954802], [0.3333495454541556, 0.23268255836909682, 0.2509469805088769, 0.18302091556787253], [0.2927882652865764, 0.25283125381297966, 0.3160819795002121, 0.13829850130023913], [0.2839539844633529, 0.23572314782170434, 0.28107873043518544, 0.19924413717975986], [0.34839696720821345, 0.2249482315528548, 0.29463411095097036, 0.13202069018794646], [0.3583335478547857, 0.23270215346433668, 0.28158307035330804, 0.12738122822757864], [0.38773766448353464, 0.23097491801375544, 0.25940216010115913, 0.12188525730155707], [0.3818239901967442, 0.2351514110966567, 0.2739714008890339, 0.10905319771757088], [0.34776970208996494, 0.24177691488141237, 0.28136329565201756, 0.12909008727661636], [0.3208814242384552, 0.23096809998634515, 0.31425653307252843, 0.1338939426026755], [0.37769298040214666, 0.21695868337087879, 0.2684258564003055, 0.13692247972666302], [0.3837919497268106, 0.20844698600511843, 0.22613674944043566, 0.18162431472762963], [0.3874051134149978, 0.2458356739786705, 0.24576318871655292, 0.12099602378977047], [0.3857241638741173, 0.24848424152366944, 0.2608220432077243, 0.10496955129448027], [0.3831859487038867, 0.21397724756182415, 0.22801248252375877, 0.1748243211105235], [0.3830003098618222, 0.2202827242383863, 0.2767207799670874, 0.11999618583271829], [0.2937531882140571, 0.25496603177351185, 0.3034893089253432, 0.1477914709871068], [0.2855017339034863, 0.23394729912470658, 0.2720079657595899, 0.20854300111220836], [0.31049811202509814, 0.28041496621781564, 0.2696021968531696, 0.13948472480393415], [0.27704114571671506, 0.2723040872712148, 0.3079822343310426, 0.1426725325810242], [0.3249739882772622, 0.234958757976708, 0.24980377980024754, 0.19026347384578135], [0.3248628816504512, 0.24051568501438667, 0.29939716576234154, 0.13522426747281782]], "ideal": "B", "sampled": "B", "correct": true}}
{"type": "result", "data": {"idx": 1, "options": ["zero population growth.", "rapid growth rate.", "homeostatic plateau.", "demographic momentum."], "probs": [[0.28288008161662453, 0.35144988872842126, 0.2172288894977282, 0.14844114005721326], [0.3333118758836757, 0.3493181547989238, 0.2122252914062538, 0.10514467781114782], [0.26663220102866647, 0.3688367283499283, 0.22669660466948224, 0.13783446585190504], [0.24326400592687547, 0.3600659019074315, 0.2590156194976672, 0.13765447256802124], [0.3478336333053055, 0.3432465101519978, 0.20880374787807918, 0.10011610856461865], [0.3152577315340147, 0.34488427441129893, 0.21824889764840918, 0.12160909630628781], [0.28733035770156234, 0.33727929695860476, 0.21882410598612503, 0.1565662392537245], [0.33953870270339037, 0.32981152152703086, 0.21772387772854107, 0.11292589794104076], [0.2645859064394739, 0.3438728844333471, 0.24550140913810492, 0.14603979988906635], [0.28644141018142566, 0.31797057465541406, 0.2515685902130089, 0.14401942485014918], [0.3617436489906435, 0.3120117662232223, 0.22480451571640764, 0.10144006896971185], [0.34854066371814496, 0.29552578304781973, 0.22818244025538523, 0.12775111287864352], [0.29103862396920493, 0.35856851802264256, 0.21565300144745195, 0.1347398564607087], [0.2847180363357175, 0.3547816698484683, 0.23151938378463358, 0.12898090993117373], [0.2870624212426462, 0.35411277038350314, 0.22541973513451743, 0.1334050731393448], [0.3181980299485652, 0.3313701162817509, 0.22924627531635589, 0.12118557835333212], [0.30371372830414556, 0.3391924968796109, 0.2404808262005122, 0.1166129485157268], [0.32925009475142714, 0.321838554190425, 0.23162387657356337, 0.1172874743845708], [0.37799089592946833, 0.3293041536105003, 0.20300238564056583, 0.08970256471948367], [0.3415719063522532, 0.3399028919388116, 0.20762539303213082, 0.11089980857679928], [0.3769847136017518, 0.3131324210355712, 0.22291933526376073, 0.0869635299989043], [0.36566279274012276, 0.2968148280292048, 0.22535216637594147, 0.11217021275474162], [0.2956952920522801, 0.33851158391574976, 0.2547796576940479, 0.11101346623792302], [0.32097130239616256, 0.32432022653487674, 0.24374865902330142, 0.11095981194567059]], "ideal": "D", "sampled": "D", "correct": true}}
{"type": "result", "data": {"idx": 2, "options": ["push factors.", "pull factors.", "distance decay.", "migration selectivity."], "probs": [[0.2727599617256935, 0.348138557212922, 0.21954938132522475, 0.1595520996361475], [0.28421840079966465, 0.3519450283407824, 0.20393320594726455, 0.15990336481229891], [0.2971741129218121, 0.34667292433487934, 0.21156091528235615, 0.14459204736092676], [0.3110995588099476, 0.3500073923579817, 0.20610373194552375, 0.13278931678652775], [0.2917562409219909, 0.33879776205554574, 0.22248249364952916, 0.1469635032729249], [0.2853332519304141, 0.346630099016406, 0.22539624715597992, 0.14264040179720713], [0.2673128496546705, 0.3480482205383259, 0.22791825289921885, 0.15672067680779866], [0.28695202721837654, 0.3524877541842009, 0.20785189004684237, 0.152708328450585], [0.29464879208396205, 0.35047450469378694, 0.2222070692446929, 0.13266963387755726], [0.31810767729295203, 0.34915435628673047, 0.21442559087034466, 0.11831237544995345], [0.28972928642772516, 0.3408854687799826, 0.2314309961531145, 0.13795424853919047], [0.28628268343819707, 0.34678747976502733, 0.23820252791564697, 0.12872730878112726], [0.2840126880645594, 0.34446426856165874, 0.21171049360020158, 0.15981254967356198], [0.3250375868894883, 0.34604477811314804, 0.19430185598534572, 0.1346157789120173], [0.31058096635010873, 0.34576566323732383, 0.2045204975651933, 0.1391328727473787], [0.32908389913542974, 0.3493154554313572, 0.1982829828784207, 0.12331766245480495], [0.2873212052269947, 0.33847529874605486, 0.21982915418310855, 0.15437434174385592], [0.2936396985958376, 0.3457332731585777, 0.22041155337796312, 0.14021547476762972], [0.23614321209704828, 0.3566731978320673, 0.21728824338718578, 0.18989534658369675], [0.259778029674027, 0.3633107540913264, 0.21033142926986656, 0.16657978686476166], [0.25914615686014947, 0.3654897010177869, 0.20645847741625747, 0.16890566460583414], [0.26264849369538634, 0.37272150657489644, 0.21590259858872995, 0.1487274010409748], [0.24020403207985513, 0.3704666485430231, 0.21642031221537486, 0.17290900706175477], [0.2369644768317889, 0.3823302095342582, 0.21843217558898495, 0.16227313794497802]], "ideal": "C", "sampled": "C", "correct": true}}
{"type": "result", "data": {"idx": 3, "options": ["First", "Second", "Third", "Fourth"], "probs": [[0.326299084533744, 0.26387865264080324, 0.2233443472040809, 0.1864779155213723], [0.35823982742376764, 0.2884992601955417, 0.22015886759569675, 0.13310204468501505], [0.3443648106774918, 0.30026506823980476, 0.22676980901730087, 0.12860031196540012], [0.3466113338474674, 0.2746383389875718, 0.20738456620961085, 0.1713657608553431], [0.3496649319702143, 0.2987184704469685, 0.22023683273158642, 0.1313797647512475], [0.3480412960716294, 0.29439438732422263, 0.20038554157410463, 0.15717877493003848], [0.40746790212558215, 0.30892712512167975, 0.17958492011078267, 0.10402005254196195], [0.39555264266884194, 0.3223899493336933, 0.18046196840100695, 0.10159543949645204], [0.35980776245379337, 0.30080582138129014, 0.228903370844794, 0.11048304522012588], [0.30503335236066415, 0.2677298288592027, 0.21782179867726012, 0.20941502000289264], [0.3806223662079141, 0.3005887924654409, 0.21244148287503747, 0.10634735835159435], [0.30899829812792623, 0.2990750541522317, 0.23094418055221225, 0.16098246706761876], [0.3502857216765153, 0.2983366013798213, 0.22593719592380493, 0.1254404809198477], [0.35610984455485806, 0.3078217334634757, 0.21076512745050258, 0.1253032944311699], [0.30380825800952954, 0.2757789591351777, 0.2853538989392123, 0.13505888381608988], [0.28308473145821506, 0.27360932782561126, 0.2773368356769054, 0.16596910493927275], [0.34414458067740816, 0.28216413297120846, 0.24569994808911952, 0.12799133816226296], [0.29990539022225526, 0.2726018383689436, 0.24150978391598607, 0.18598298739281585], [0.3680484335558545, 0.3053708025278223, 0.20281310636889704, 0.12376765744743148], [0.3600138091302381, 0.3149168201266486, 0.19232089238859948, 0.13274847825451405], [0.3605339924624981, 0.2963789983541191, 0.22802823990090537, 0.11505876918246993], [0.3033464503029898, 0.2870657176552569, 0.24435458170443994, 0.16523325023731034], [0.34918037882824304, 0.2847908288626466, 0.24478748223378416, 0.12124130997534903], [0.28962120963141924, 0.26647466935468406, 0.21069321964764695, 0.2332109012662545]], "ideal": "A", "sampled": "A", "correct": true}}
{"type": "result", "data": {"idx": 4, "options": ["Most women work in agriculture", "The percentage of women economically active in the labor force declined worldwide", "The percentage of women in the total labor force declined", "Women spend more hours per day working than men in all regions except Anglo America and Australia"], "probs": [[0.4938087271512042, 0.26615224529332787, 0.11715730781705073, 0.12288171963840917], [0.5174539817633781, 0.26906602156167, 0.12355996157470542, 0.08992003500027405], [0.5025558503224822, 0.2607301135222488, 0.12486167033740973, 0.11185236571786847], [0.5018468532552877, 0.2739485760344691, 0.1317346142405486, 0.09246995636971375], [0.5298187842937399, 0.28766296344158565, 0.09711748272772106, 0.08540076943693516], [0.5433360037576062, 0.27877889602440464, 0.08241505338663309, 0.09547004673137877], [0.5216456675724525, 0.25233557528241507, 0.10992459794968389, 0.11609415909546791], [0.5305024631749831, 0.25784783569827807, 0.11870567672780948, 0.09294402429890977], [0.529454473978913, 0.26599152277512517, 0.10084300019920209, 0.10371100294678236], [0.5396916233997716, 0.26977499234861246, 0.12429344581159991, 0.06623993834000322], [0.5322524466154682, 0.29269526560036263, 0.07628032453491915, 0.09877196314925663], [0.5430832262539259, 0.2917136410220958, 0.09322158287769522, 0.07198154974625992], [0.5215889842866221, 0.249136361931866, 0.11636817882121642, 0.11290647486030617], [0.5228879288501919, 0.25884639929999753, 0.12217185238878077, 0.0960938193610484], [0.5291458499661204, 0.26459724567861054, 0.09247491450469907, 0.1137819897505618], [0.5459779192144655, 0.2702025527050806, 0.11410773763813921, 0.06971179034231434], [0.5273246984308089, 0.2857815826139932, 0.07506335480567204, 0.11183036404953356], [0.5261632254471303, 0.3037284641474007, 0.09396881967040706, 0.07613949063508585], [0.5492766464512486, 0.2453115579692629, 0.10207691024876195, 0.10333488523073917], [0.5547555890022093, 0.2381743503977469, 0.08773448008889223, 0.11933558041116236], [0.5402131805513759, 0.25606855965074293, 0.08847262219463364, 0.11524563750322243], [0.5404344497708322, 0.2646837000410139, 0.10900499185527987, 0.08587685823287929], [0.5347342421063499, 0.24859694544078345, 0.09287100480186702, 0.12379780755100239], [0.5366857043121802, 0.2687160390697588, 0.11810638520435801, 0.07649187131368637]], "ideal": "D", "sampled": "D", "correct": true}}
{"type": "result", "data": {"idx": 5, "options": ["safety.", "better climate.", "better schools.", "overcrowding."], "probs": [[0.2015345548850086, 0.30736018880821253, 0.2525024737173121, 0.2386027824894607], [0.16174062327002578, 0.32600586562942924, 0.24885095016467354, 0.26340256083586183], [0.22480688170697266, 0.29559315047703616, 0.2515632815858437, 0.22803668613014172], [0.18632487270025014, 0.30027282355581736, 0.24280822339926145, 0.27059408024467935], [0.1805163849061063, 0.3077429135014548, 0.2739147430673016, 0.2378259584251615], [0.20588407792198732, 0.3038167829429855, 0.2603737867405096, 0.22992535229451916], [0.22068402858188024, 0.26966044610269446, 0.26140083432720795, 0.24825469088821925], [0.16073873494321744, 0.28475906253708055, 0.2605022787253145, 0.29399992369441075], [0.1957904033055223, 0.2601522733450271, 0.24183483401157432, 0.3022224892378698], [0.1363203427666469, 0.25657977394477516, 0.24470300566858774, 0.3623968775199926], [0.15942649464171452, 0.2812327322844057, 0.2584673945277351, 0.3008733784461607], [0.16785521016160515, 0.2667683805996775, 0.25891669862505035, 0.3064597105136781], [0.23973770802123295, 0.27758023746568133, 0.2558424340437531, 0.22683962036932057], [0.20009097469684053, 0.2784903918405007, 0.24995732577606494, 0.2714613075866002], [0.1944930803308824, 0.28230949980392833, 0.2350067899304199, 0.2881906298347724], [0.13948488231940687, 0.2827977102630976, 0.2370464628228966, 0.34067094449457674], [0.18986243026017963, 0.2745070358446417, 0.2560489899612986, 0.27958154383386113], [0.17027918393980132, 0.2722416679148992, 0.26971936652731343, 0.2877597815179927], [0.17579836065926346, 0.3030969389811689, 0.2701607615893087, 0.2509439386702674], [0.20029178703263809, 0.2964585061350746, 0.25689084682425367, 0.24635885990804646], [0.15619256397777867, 0.3167294653220979, 0.2416084727686669, 0.28546949783147035], [0.16783918925487518, 0.30361406490114173, 0.23759649709277283, 0.29095024865122554], [0.17884574668191913, 0.29244383321476125, 0.24045990075548884, 0.2882505192478306], [0.16367348455109668, 0.28918306294377016, 0.25613997275872924, 0.291003479646412]], "ideal": "D", "sampled": "A", "correct": false}}
{"type": "result", "data": {"idx": 6, "options": ["Vietnam", "United Kingdom", "Germany", "Bolivia"], "probs": [[0.22671694004575152, 0.1645593975992127, 0.23089968770736494, 0.37782397454766675], [0.21148533979592632, 0.2024468526741113, 0.23004058376169723, 0.3560272236682647], [0.21559151550972439, 0.15370624440214456, 0.23110396423754853, 0.3995982757505734], [0.22099302331911092, 0.1852379451077082, 0.21678051207051047, 0.376988519402656], [0.22182490614706687, 0.2269371382622072, 0.2527820203292351, 0.2984559351614896], [0.2294848777234355, 0.20400224119653212, 0.23976634118937917, 0.3267465397906495], [0.18693554076542185, 0.15956493127141574, 0.24871205544114428, 0.40478747242201757], [0.1726808277520479, 0.19786315043612726, 0.2461945175629507, 0.38326150414887195], [0.17570838966487626, 0.17615679867105838, 0.23390310596586464, 0.41423170559821326], [0.15902248959056614, 0.2039203903733252, 0.24179039345749193, 0.39526672647860267], [0.16479300195915328, 0.22316979715457191, 0.2569191277581593, 0.3551180730281106], [0.15570993314388715, 0.2166521371283929, 0.2702895342632301, 0.35734839536450425], [0.18918543835154047, 0.1548692687101333, 0.22474776917969494, 0.43119752365861636], [0.2007493052538857, 0.1818738782111258, 0.2085238957658337, 0.40885292066916706], [0.1789108155151605, 0.1652221654931542, 0.22609790628312532, 0.42976911260856804], [0.1625489432012672, 0.18826717046117017, 0.2338020659991179, 0.41538182023844095], [0.19264229225790025, 0.20925859349142356, 0.22681513420938038, 0.3712839799413047], [0.17413489437910515, 0.21386934326216894, 0.26346278724955485, 0.3485329750091816], [0.22452527124600344, 0.23234567887139432, 0.24321215028503257, 0.2999168994975844], [0.22658747130073925, 0.20648678907263368, 0.2366971803112027, 0.33022855921542155], [0.1896202463850228, 0.23198845610838328, 0.24652987726928902, 0.33186142013729975], [0.1803871880686566, 0.2257654563375755, 0.25236037664314415, 0.3414869788506173], [0.20068628954338905, 0.21502150136566794, 0.2474285599593102, 0.3368636490316291], [0.18396185260102166, 0.21890120323963497, 0.27183917989186007, 0.3252977641675022]], "ideal": "D", "sampled": "D", "correct": true}}
{"type": "result", "data": {"idx": 7, "options": ["Chain migration", "Cluster migration", "Circular migration", "International migration"], "probs": [[0.1725527109405656, 0.45218457087081193, 0.2771070599890518, 0.09815565809957515], [0.2140961533707865, 0.4446748052621841, 0.2544257699554058, 0.08680327131161404], [0.18395719411067954, 0.469890667941905, 0.25151722166391866, 0.09463491618347518], [0.21398981542385784, 0.4647329521336126, 0.24307577676156308, 0.07820145558094628], [0.2416661391622082, 0.4507027646311319, 0.2158958361503038, 0.09173525995636002], [0.22437595973107405, 0.4569146309409584, 0.23207771528559165, 0.08663169394235572], [0.21799777624953953, 0.4226615260898793, 0.26294935661604846, 0.09639134094452208], [0.26253061301660097, 0.4123298896668788, 0.23921019315601, 0.08592930406051237], [0.23347323933587602, 0.4304279483734941, 0.2428948287135591, 0.09320398347707647], [0.2705811589078763, 0.43089322591119417, 0.2276163660744633, 0.07090924900647282], [0.2744847829861496, 0.4208526280078332, 0.21220511825033958, 0.09245747065568305], [0.2792037427556226, 0.4251354460983881, 0.21593821228607687, 0.07972259875989221], [0.19795255245270796, 0.44704134254946526, 0.2602167924627516, 0.09478931243507145], [0.23273674527790494, 0.4392008720423631, 0.25165690252000283, 0.0764054800597293], [0.2021110379192924, 0.44340714017984834, 0.26170287386947894, 0.0927789479313754], [0.23575769402038818, 0.44672019256529877, 0.24967745873925162, 0.06784465457507814], [0.2432118849735917, 0.4545310588589524, 0.22195295815444974, 0.08030409791301722], [0.24861973027984513, 0.4565422172407558, 0.21660250400226363, 0.0782355483771351], [0.2532392002762064, 0.41034849068437423, 0.23711704316793203, 0.09929526577149517], [0.24186110317731158, 0.414716123233505, 0.2511503377549435, 0.09227243573425564], [0.27324644728220204, 0.4039734660842918, 0.227580896240191, 0.0951991902933294], [0.2752940789044987, 0.40778798186208537, 0.23389699614684484, 0.08302094298655283], [0.25646445626947156, 0.4253480677233866, 0.23449830632911695, 0.08368916957801185], [0.2605441811339796, 0.42619727234719207, 0.2317351266633806, 0.08152341975546457]], "ideal": "C", "sampled": "D", "correct": false}}
{"type": "result", "data": {"idx": 8, "options": ["Religious differences", "A national holiday", "An attack by another country", "A charismatic national leader"], "probs": [[0.2540741248274285, 0.35338795579375665, 0.2608760859909287, 0.13166183328787734], [0.30533713876125324, 0.334067499726984, 0.22992871796411649, 0.13066664344764675], [0.3099115356761043, 0.35474792851376913, 0.22229163836384477, 0.11304889734630573], [0.3046544169488603, 0.3660846419421319, 0.2280438733609485, 0.10121706764804059], [0.313865935934909, 0.3404155293832235, 0.21798189473722934, 0.1277366398446475], [0.25183088569007056, 0.3757927797950469, 0.26102977812190303, 0.11134655629298221], [0.17635321549828714, 0.3813976733926694, 0.3015870849236686, 0.14066202608538622], [0.23545609293902717, 0.35918674434908027, 0.26298391034389457, 0.14237325226800793], [0.2269968676942256, 0.3947563737708587, 0.25159275953756394, 0.12665399889733464], [0.22570197922517274, 0.3977962871853349, 0.265350593514131, 0.11115113997535876], [0.20870247673365308, 0.364319578277562, 0.2700714723095663, 0.15690647257923224], [0.1844135336852836, 0.3916790385796811, 0.3054236237978971, 0.11848380383713805], [0.25116031531836946, 0.4216156167234105, 0.20905967541746054, 0.11816439244074989], [0.24829181338619877, 0.430031518654733, 0.21186806153241663, 0.1098086063266599], [0.22072557708843646, 0.4247639201319303, 0.2326342331249955, 0.12187626955463868], [0.2279847158006421, 0.4146044162547932, 0.24676167773046145, 0.11064919011411649], [0.22935544263173968, 0.4163651475250237, 0.2450154437530109, 0.10926396599023594], [0.23325647379366202, 0.40636393930519343, 0.2524572873964487, 0.10792229940470448], [0.23889064623008283, 0.3638412110112806, 0.24548234483413933, 0.151785797824496], [0.18036535434458537, 0.40259248361666083, 0.2828819373076089, 0.13416022463115257], [0.19724890727770614, 0.3746002801598024, 0.2631827662206876, 0.16496804624180111], [0.17828677670701149, 0.3913711252283342, 0.29923804319193187, 0.13110405477273093], [0.18797492463314142, 0.405625805663458, 0.2849229906566187, 0.12147627894677748], [0.18845851902113905, 0.4029570797420811, 0.28979238802991947, 0.11879201310685318]], "ideal": "A", "sampled": "A", "correct": true}}
{"type": "result", "data": {"idx": 9, "options": ["Mediterranean climate", "Limited forest cover", "Growth of manufacturing", "Access to trade routes"], "probs": [[0.26772976026598844, 0.25740222724293316, 0.2733082745711743, 0.2015597378198924], [0.25576385707368315, 0.28656753068012436, 0.28049706261023477, 0.17717154953595618], [0.25769262953139, 0.2622623951680216, 0.2610347787824101, 0.21901019641817837], [0.2640340290141451, 0.2945209406205804, 0.2698471446411396, 0.17159788562414327], [0.23648709223093883, 0.30150293898913105, 0.27761142566602703, 0.18439854301389386], [0.24477061168478342, 0.30069528073475, 0.28217321670096013, 0.17236089077950237], [0.24636307439427524, 0.2903869965972127, 0.25790419632797706, 0.20534573258051902], [0.24183041283281909, 0.31560575408147074, 0.2613874496483796, 0.181176383337331], [0.2383867604145513, 0.2859218193024428, 0.2600191170456757, 0.21567230313732663], [0.24765313025925564, 0.28280295588687915, 0.2678832079979255, 0.20166070575595257], [0.2409284079134116, 0.3123532504716221, 0.2762315992242664, 0.17048674229071828], [0.23608704896964333, 0.2864948213902973, 0.2945699171332727, 0.18284821240677956], [0.2221634743722665, 0.3065055781053954, 0.2566845059785498, 0.21464644144378123], [0.22935350262690596, 0.3363196098730424, 0.26355496955005286, 0.17077191785000795], [0.2220275244289175, 0.29695425644526574, 0.2747211578542188, 0.20629706117159324], [0.2175186355405533, 0.29460463505946405, 0.28554781823930003, 0.20232891106068246], [0.22571086309329805, 0.33344272543535086, 0.28070109349195443, 0.16014531787939873], [0.20862633823231258, 0.2941402989762819, 0.2975750494468604, 0.19965831324453545], [0.25708189397339515, 0.33809765726082985, 0.2347500717817775, 0.1700703768839815], [0.25969430281254696, 0.3447689152590021, 0.23999285753009875, 0.15554392429836023], [0.27092436130679004, 0.3210924313333375, 0.25414525062541216, 0.1538379566344693], [0.2663024681546812, 0.30055948333154375, 0.2707406379644537, 0.16239741044931313], [0.26124521631668013, 0.31944897226427116, 0.26177560099099023, 0.15753021032803172], [0.2483608734320656, 0.2895969052657901, 0.2776193239496686, 0.18442289725246852]], "ideal": "D", "sampled": "D", "correct": true}}
{"type": "result", "data": {"idx": 10, "options": ["high birth rates with high but fluctuating death rates.", "declining birth rates with continuing high death rates.", "low birth rates with continuing high death rates.", "high birth rates with declining death rates."], "probs": [[0.4665488978378022, 0.3067411899585052, 0.14639231783710685, 0.08031759426659428], [0.4517523140901497, 0.31120974090542114, 0.1513216425601389, 0.08571630234427542], [0.4474846975323637, 0.3113537188906344, 0.1535748288295957, 0.08758675464741124], [0.4323823642369019, 0.3214079736310573, 0.15030125528891566, 0.09590840674312465], [0.47977781551708204, 0.3272654948825915, 0.13049842910299136, 0.06245826039734054], [0.4480698942063246, 0.32413668784474536, 0.14262184031784986, 0.08517157753107277], [0.44735387258409437, 0.2926597450681642, 0.17345802377659453, 0.08652835847113478], [0.44511681445045514, 0.29141178118315003, 0.17835117574432452, 0.08512022852207375], [0.45354046245130564, 0.29757733475230713, 0.14203967117643315, 0.10684253151992455], [0.4677792808700511, 0.2901370107637938, 0.14737164548548254, 0.09471206278068735], [0.4754024609222585, 0.29676066717675326, 0.1356332329012168, 0.0922036388997748], [0.4830665029653395, 0.293627606700278, 0.13982127324859892, 0.08348461698577232], [0.43380578821386595, 0.3006299067564173, 0.1709444214939317, 0.09461988343578993], [0.4237995022895107, 0.3059983013417144, 0.1706993279819775, 0.09950286828680356], [0.44224752911166654, 0.2999874803111496, 0.14043313248806116, 0.11733185798910133], [0.4539263366949731, 0.29212610578698667, 0.1500725735972859, 0.10387498382074745], [0.44367418210397314, 0.30630376301925394, 0.13588619053322196, 0.11413586424354603], [0.4482786817770735, 0.3070088378724165, 0.1507986440339685, 0.09391383621654727], [0.49419606024307716, 0.2835449737689183, 0.1555552641336781, 0.06670370175432438], [0.47532744848409714, 0.28057303803132133, 0.16347483739626875, 0.08062467598831961], [0.4794623879580069, 0.28766160495290355, 0.14258912891801315, 0.09028687807109646], [0.47765932913243103, 0.28357991510162583, 0.15192695750425725, 0.08683379816167727], [0.45893510615970334, 0.2873951981363191, 0.1430512344253594, 0.11061846117863472], [0.4319479750788426, 0.2918874337496168, 0.174416102439559, 0.10174848863197418]], "ideal": "A", "sampled": "D", "correct": false}}
{"type": "result", "data": {"idx": 11, "options": ["Crude birth rate", "Replacement level", "Mortality rate", "Total fertility rate"], "probs": [[0.3003158037856259, 0.35892516794162876, 0.1968711903352866, 0.14388783783746423], [0.29939797774576177, 0.3831748534740535, 0.207801275178033, 0.10962589350213726], [0.2768419707113632, 0.32566887655232835, 0.22352473292532904, 0.17396441971097504], [0.22602863514321797, 0.35425455003176315, 0.26029064347359376, 0.15942617125141792], [0.29080093148653935, 0.40706703362711877, 0.19436691283940383, 0.10776512194692632], [0.2740972152004885, 0.4062245112222536, 0.19307069887642941, 0.12660757460084185], [0.3805400026462067, 0.32253027591927325, 0.18900642240908513, 0.10792329892544746], [0.38964985962451254, 0.3487312490889169, 0.18180708423427772, 0.07981180695229047], [0.36739103322938016, 0.3005969985968352, 0.2044477696929193, 0.12756419838086164], [0.40062167697636647, 0.3225968723668412, 0.18339567346628763, 0.09338577709050845], [0.38816792278494944, 0.36144135350919304, 0.17529572799924362, 0.07509499560661], [0.4220904725388763, 0.34259377900881016, 0.1592541898439734, 0.0760615585083505], [0.2773816378195394, 0.31378049576939504, 0.23395406777220407, 0.1748837985388596], [0.22600300326672249, 0.3349625780281991, 0.26993087664746696, 0.1691035419576376], [0.24620506180001434, 0.3355007115397112, 0.2377026553244751, 0.1805915712358143], [0.27473364897052155, 0.3517406939533802, 0.2405716680788194, 0.1329539888972692], [0.24448395401156395, 0.3804921470730425, 0.22341339029634902, 0.15161050851905541], [0.2883080408881331, 0.38066749282449974, 0.20590680002928072, 0.1251176661581061], [0.4020563716749774, 0.32008124747058436, 0.18939077130169832, 0.08847160945271153], [0.3938218175819917, 0.309683668382232, 0.1906457356140158, 0.10584877832176984], [0.368519629148907, 0.3381219979607867, 0.20404630180935843, 0.08931207098094483], [0.4050991511140973, 0.31682147043978537, 0.1875023763598054, 0.0905770019863269], [0.3649866882950083, 0.3094369335556584, 0.1944311740773492, 0.13114520397199633], [0.3967512019054685, 0.31849001310152164, 0.18050358799709137, 0.10425519689592698]], "ideal": "B", "sampled": "D", "correct": false}}
{"type": "result", "data": {"idx": 12, "options": ["Islam", "Christianity", "Hinduism", "Buddhism"], "probs": [[0.12848181489936122, 0.37410021681773353, 0.4215935318070314, 0.07582443637587309], [0.12972849011544593, 0.4044628185871109, 0.377201668994732, 0.08860702220269924], [0.09090653913962835, 0.3446684298570871, 0.47396938944692096, 0.09045564145637928], [0.08236101962254926, 0.3964453426403019, 0.41876964141007605, 0.10242399622708677], [0.10320562803616508, 0.3901978873454521, 0.40664815013626043, 0.09994833438212179], [0.10423105917853738, 0.384295625955678, 0.4163611277759302, 0.09511218698986078], [0.11615229721009518, 0.3017556317073566, 0.49387263875250487, 0.0882194322300321], [0.12065417100100034, 0.33640012247503115, 0.43641453910570804, 0.10653116731827242], [0.09683440249338536, 0.25381425148110504, 0.5575496860594095, 0.09180165986610558], [0.07725097901573348, 0.2997984279887314, 0.4885465804253938, 0.134404012470132], [0.09918681874751825, 0.3357613046616458, 0.4636773560368334, 0.10137452045399292], [0.09099039884236552, 0.31251259545227367, 0.4785147053672949, 0.11798230023806372], [0.06233676285060525, 0.23987487894233367, 0.5892037212666407, 0.10858463684042122], [0.0630244247529567, 0.2961220879353331, 0.5248535728369649, 0.11599991437472024], [0.08864693182976517, 0.24403055532138565, 0.5799288428898134, 0.08739366985903933], [0.07034478523502742, 0.2956275261596451, 0.5170499981152611, 0.11697769039005622], [0.06036299066147239, 0.3444806720903904, 0.47817470188550515, 0.11698163526262298], [0.052716828619890715, 0.3146018438232789, 0.4900182344361366, 0.1426630930207056], [0.08359648253522009, 0.31883664750429885, 0.4920710125972734, 0.10549585726320772], [0.09597343164397325, 0.32415618602158025, 0.48098799841605855, 0.09888238381840618], [0.10887387804877167, 0.3085750416346342, 0.4947702140397144, 0.0877808661768789], [0.0975908337554799, 0.30496838221118805, 0.5024319747037104, 0.0950088092296051], [0.06980310664159176, 0.3281519690586723, 0.49360373959907566, 0.10844118460064356], [0.055611435936160185, 0.2904016433171477, 0.5148751707008614, 0.13911174994585263]], "ideal": "A", "sampled": "A", "correct": true}}
{"type": "result", "data": {"idx": 13, "options": ["redline area.", "threshold.", "range.", "hinterland."], "probs": [[0.2235640500323583, 0.37702480083770945, 0.27087810306235516, 0.12853304596758444], [0.20813980493023435, 0.38119292806636856, 0.28699160196423107, 0.12367566493914954], [0.22107442349796522, 0.3803365406245887, 0.27097322475047153, 0.12761581102696073], [0.21597696894486854, 0.3811096319535925, 0.29190824201408183, 0.11100515698746631], [0.21791898140449636, 0.3764535895286483, 0.2791464199429955, 0.12648100902385495], [0.23597262399728441, 0.37773625081873924, 0.2784775842560936, 0.10781354082788346], [0.18103314245532753, 0.39203062148112683, 0.286064747356246, 0.1408714886072841], [0.16788016589910995, 0.3877106256938316, 0.3047631673265501, 0.1396460409804995], [0.17788626166561006, 0.3858338841398969, 0.30707590404687646, 0.12920395004759871], [0.18449840847909965, 0.36483769055636445, 0.31510842479831047, 0.13555547606622173], [0.17230509507461658, 0.38581347877796435, 0.29067680213791686, 0.1512046239094911], [0.19360002744833193, 0.3863636254870502, 0.2748342996822441, 0.1452020472823669], [0.20074649707947811, 0.3991871306094729, 0.27463235396550617, 0.12543401824554803], [0.1981275241918826, 0.3955684961774982, 0.295117326498059, 0.11118665303257379], [0.18512980878092078, 0.3961188710936988, 0.29167014311261363, 0.12708117691278004], [0.1899750138092274, 0.37329722096631346, 0.3017757347730803, 0.13495203035137926], [0.18810768845939124, 0.3892963855170263, 0.28843452292348093, 0.13416140300009838], [0.2057902562717965, 0.3861906755389665, 0.2730008364447874, 0.13501823164443766], [0.21301375870785055, 0.3727474920895553, 0.27967816817072955, 0.1345605809318571], [0.2422765995147768, 0.3736299576490365, 0.2739426606083689, 0.11015078212781994], [0.20524790848393581, 0.3849963567727358, 0.2683380192229352, 0.14141771542038897], [0.22359829681114402, 0.38288823085234736, 0.2579601100220295, 0.13555336221448475], [0.2167834301457409, 0.3781878723872144, 0.28352409311164034, 0.12150460425541629], [0.23165905716426632, 0.3767626719384658, 0.26584926744184534, 0.12572900335543358]], "ideal": "D", "sampled": "D", "correct": true}}
{"type": "result", "data": {"idx": 14, "options": ["the central city and its developed areas.", "the central city and its surrounding suburbs.", "the central city and its hinterlands.", "the central city and the adjacent counties."], "probs": [[0.41726019431033257, 0.3110324270237004, 0.21162016546488746, 0.06008721310108552], [0.4150142898823168, 0.30828424595993675, 0.21166729126345915, 0.06503417279429344], [0.3583483346366889, 0.30732629638301173, 0.24205270772745227, 0.09227266115284152], [0.3886828057298862, 0.29950181585151614, 0.21892727673293827, 0.09288810158564804], [0.36831493884529887, 0.3009387690863011, 0.24344622419157233, 0.08730006777682309], [0.3967059707280715, 0.2980271970030043, 0.2214521519596456, 0.08381468020927457], [0.4437618864730443, 0.290315574268125, 0.20728727408328707, 0.058635265075544805], [0.45004728254419224, 0.2853682170834821, 0.20378396605011795, 0.06080053422221146], [0.43401614793972076, 0.2944966009974897, 0.20670934772746125, 0.06477790323532599], [0.42264051455780116, 0.295375874350543, 0.20235275158646432, 0.07963085940521426], [0.4292137188144337, 0.28558242205969236, 0.2155053506379575, 0.06969850838792849], [0.427892932783678, 0.2945143618725482, 0.20669780206184818, 0.070894903181922], [0.35952356084505427, 0.29771174366950026, 0.24419209581845644, 0.0985725995669865], [0.3903375346253435, 0.29184766291634273, 0.22107284267987634, 0.09674195967843366], [0.4042835931083422, 0.3036431378191531, 0.2150202788378478, 0.07705299013466194], [0.3874299275379855, 0.3087649896025052, 0.20937325353299066, 0.0944318292265169], [0.3663207407358981, 0.30109571010735653, 0.22687493739595802, 0.10570861166079298], [0.3433564355997903, 0.3028329243719855, 0.23511470251847477, 0.1186959374097583], [0.37384674787874966, 0.293809039111953, 0.24205124291136443, 0.09029296999795686], [0.38766088359096723, 0.2968260053261117, 0.22526092327975603, 0.09025218770316576], [0.4172700667731535, 0.2964239436575146, 0.21285539732161665, 0.07345059214771812], [0.40798986363615003, 0.3059677244101749, 0.2077493286146978, 0.07829308323898944], [0.3721944723636468, 0.30408374494161367, 0.21995117067508724, 0.10377061191966942], [0.3512424602491329, 0.30441749084656705, 0.22554266521466435, 0.1187973835896432]], "ideal": "B", "sampled": "B", "correct": true}}
{"type": "result", "data": {"idx": 15, "options": ["Buddhism", "Christianity", "Islam", "Hinduism"], "probs": [[0.4585612340857308, 0.24790575668752418, 0.24543678293926058, 0.048096226187473536], [0.4468210826741817, 0.25559446390486185, 0.259718697331412, 0.03786575598953985], [0.418672793984856, 0.25605455739709243, 0.2618879058773981, 0.06338474264066639], [0.44779977015310246, 0.25705912535175157, 0.25165757753483664, 0.043483526860308264], [0.43508188256964697, 0.28636917390680494, 0.22966196772633904, 0.04888697569720854], [0.4558971159462959, 0.2863991163167328, 0.2166289088490677, 0.04107485878789504], [0.48205938508804264, 0.2590398459436978, 0.2182204560401023, 0.04068031282814334], [0.46583709809267115, 0.2670435445728371, 0.23282867051348644, 0.03429068672101118], [0.481910944407132, 0.25798624965918426, 0.21387854670896708, 0.046224259124736565], [0.49901707935759404, 0.24894365237738655, 0.2240100585237175, 0.02802920964130996], [0.49571827505302446, 0.28247832550157986, 0.19085145125396336, 0.030951948091428934], [0.5178401998912509, 0.25481889085523857, 0.2031424642776811, 0.024198444875834075], [0.41888628911734405, 0.2885196986440533, 0.23916599207964861, 0.05342802005897795], [0.429972303058951, 0.29566127227772565, 0.23665263967543618, 0.037713784887885696], [0.45009506673540545, 0.297455300461871, 0.2072744327617872, 0.04517519994092654], [0.46431189163558295, 0.29120270243844704, 0.21767787917429512, 0.026807526651698114], [0.4606260371897695, 0.31602492146798217, 0.188343399135833, 0.03500564210640063], [0.4570945872593536, 0.3010498706449108, 0.2096669307753549, 0.03218861122038012], [0.4434191938500266, 0.2873565088548503, 0.22601302650092733, 0.0432112706941908], [0.456106351608182, 0.29271559545999, 0.21416681759170095, 0.03701123524012856], [0.47147876891357376, 0.2702405347598798, 0.2222178515457115, 0.036062844680843], [0.49811953562940975, 0.23909174512757128, 0.23577777399212993, 0.02701094515087964], [0.4749990923762994, 0.27542508392399784, 0.2142076537698223, 0.03536816982986997], [0.47679069934255874, 0.24980430139261692, 0.24258173493761664, 0.03082326422722211]], "ideal": "D", "sampled": "D", "correct": true}}
{"type": "result", "data": {"idx": 16, "options": ["World cities contain the headquarters of many transnational corporations.", "World cities are well connected to secondary-level world cities.", "World cities contain many offices of multinational organizations.", "World cities are found only in the northern and western hemispheres."], "probs": [[0.32760838734051717, 0.18395927078059937, 0.17838445841337566, 0.31004788336550154], [0.2792081955049514, 0.20768513574224173, 0.19893281469976123, 0.3141738539530568], [0.3193767229287882, 0.19310204050988541, 0.16880564876066004, 0.31871558770064823], [0.3252386587709295, 0.21318366179748996, 0.15730150594379186, 0.3042761733877704], [0.28945163851375044, 0.20637899489716605, 0.1852482285549759, 0.31892113793411564], [0.33128807947614913, 0.2047387144716833, 0.1559523526919697, 0.30802085326018525], [0.3239305190527348, 0.17150555808411688, 0.18443273892173914, 0.3201311838414119], [0.24845359298439051, 0.20886709980980012, 0.20075326098786905, 0.34192604611794647], [0.29489967184241034, 0.18570652932756251, 0.18408699148259208, 0.33530680724742284], [0.22326754829428921, 0.21513053395701678, 0.1890116989581772, 0.3725902186905238], [0.22552161199875695, 0.22505361673431967, 0.22817708270812836, 0.3212476884587739], [0.23476429292212006, 0.22316360604740665, 0.21381038237162955, 0.32826171855883796], [0.3256614328669154, 0.19538491521560597, 0.16105388197767356, 0.3178997698398073], [0.3371770588831508, 0.20863606713755106, 0.14847394491681393, 0.30571292896247537], [0.3268661900900696, 0.1913005662115481, 0.17106656361905292, 0.31076667997932755], [0.26405078733359183, 0.20493126019654512, 0.17806306077936038, 0.35295489159050936], [0.3292501030451393, 0.2010982357864986, 0.1624870235911617, 0.3071646374772083], [0.2825842656168218, 0.1977519625431327, 0.18200664158551264, 0.33765713015454396], [0.28219068132815966, 0.22504168931144986, 0.1886481257881988, 0.3041195034721801], [0.3220196030043941, 0.2073212839438242, 0.16700328782229878, 0.303655825129467], [0.23975678241675485, 0.228663509761768, 0.22016987271885885, 0.31140983500262137], [0.25310727010870787, 0.22551492354174182, 0.20723297158812032, 0.3141448346614168], [0.31095700975143714, 0.21370246122878128, 0.18037485007292084, 0.2949656788468585], [0.2669401095809127, 0.22137341073081568, 0.19183833127171399, 0.3198481483165777]], "ideal": "D", "sampled": "A", "correct": false}}
