{"type": "result", "data": {"idx": 0, "options": ["P(t > 1.54) with df = 6", "2P(t > 1.54) with df = 6", "P(t > 1.54) with df = 7", "2P(t > 1.54) with df = 7"], "probs": [[0.506362199191609, 0.30744517747325295, 0.10012184100534476, 0.08607078222978579], [0.4831444024026573, 0.32703248469818585, 0.10942735874807732, 0.08039575405107627], [0.509765618430251, 0.3070232445395989, 0.09801092542934611, 0.08520021150081138], [0.48479389924765554, 0.31741818758674073, 0.10535988434236654, 0.09242802872323327], [0.46192684769731673, 0.3202132640383349, 0.13378700514330633, 0.08407288302102255], [0.4849783386385267, 0.3036610557027992, 0.12612042146243188, 0.08524018409624594], [0.5333741869954723, 0.30173838914915185, 0.0861406949416988, 0.07874672881366562], [0.5224884804955834, 0.3190525058832076, 0.0905467137933269, 0.0679122997279083], [0.5153532961722465, 0.29003678434462726, 0.11180465237851192, 0.08280526700457877], [0.5021505366865773, 0.3103050342891801, 0.11828089191443965, 0.06926353700976683], [0.5211919686694614, 0.29856286889504846, 0.1073004131243563, 0.07294474921110712], [0.4886664274148169, 0.3086157179893496, 0.1176685576299942, 0.08504929686584353], [0.48109466500804765, 0.33824903266686834, 0.08667302195333713, 0.09398328027176171], [0.48991812896287096, 0.3240497263988038, 0.10140454985080279, 0.08462759468753503], [0.4838596343081389, 0.31893201802674465, 0.1093618543604292, 0.08784649320468009], [0.4606524776307186, 0.331418231751089, 0.13059662924449209, 0.07733266127369595], [0.5018684322760929, 0.31371163512286115, 0.10259022530539673, 0.08182970719565845], [0.47826288053922095, 0.32967875032138383, 0.11222387075363165, 0.07983449828576296], [0.4968886468371263, 0.32570248013377806, 0.10489105375863317, 0.07251781917047045], [0.5065511806310239, 0.3063962495686658, 0.113199861084947, 0.07385270861532824], [0.4926136699059456, 0.3260560277505264, 0.10089406441671306, 0.08043623782682617], [0.5050233319947108, 0.3102701180081189, 0.11274474442124316, 0.07196180547590755], [0.5322578395359698, 0.30869788518027325, 0.08339200561371282, 0.07565226957005856], [0.5186936440829054, 0.32664856584667834, 0.08888680157054842, 0.06577098839987633]], "ideal": "B", "sampled": "B", "correct": true}}
{"type": "result", "data": {"idx": 1, "options": ["0 to 31.7 minutes", "31.7 to 39.3 minutes", "25.3 to 44.7 minutes", "25.3 to 35 minutes"], "probs": [[0.3429507245840367, 0.2954882596419235, 0.19859734984111999, 0.16296366583292082], [0.3374042393647179, 0.3058358794074493, 0.2064849781404348, 0.15027490298738266], [0.35177867399649554, 0.3089841134502306, 0.17806624689939976, 0.16117096555387284], [0.3583786971564132, 0.31386958759576083, 0.18116331416520914, 0.14658840098262393], [0.3608071156268202, 0.3246561724141306, 0.17758928548367428, 0.13694742637538412], [0.3808934412932492, 0.3119637815262659, 0.17226169067420594, 0.13488108640629], [0.40794276309923744, 0.2969631648723608, 0.16602798441859168, 0.1290660875098414], [0.4093086991623838, 0.30514893620056843, 0.1614503742018414, 0.12409199033521369], [0.3939902507482976, 0.3051949305698227, 0.19644197857691215, 0.10437284000496469], [0.41315294426030214, 0.28641929263504723, 0.17663925951519682, 0.12378850348943882], [0.4116600434794091, 0.3196969487109328, 0.17556066245283353, 0.09308234525681444], [0.44408976224729835, 0.29075693274218306, 0.15233632893866383, 0.11281697597186367], [0.40519232760025947, 0.2816920015123065, 0.16158454938714045, 0.15153112140027428], [0.4232328636569848, 0.2906971642360132, 0.16852841646573552, 0.1175415555412569], [0.40273192460865476, 0.2809229686226735, 0.19798014184040658, 0.11836496482827108], [0.40589497793180224, 0.27307224451895823, 0.19303280035034273, 0.1279999770988963], [0.4365173457933797, 0.2885278643329165, 0.1698525231699309, 0.10510226660375953], [0.4372601490357802, 0.2839248384179455, 0.16471130149187155, 0.11410371095440196], [0.3931182559433462, 0.2945959639619116, 0.17082423797080137, 0.14146154202393343], [0.4283356139441868, 0.2919012592302258, 0.16998631129210956, 0.10977681543346995], [0.4081260654304127, 0.30051075847219244, 0.18780002797647705, 0.10356314802090022], [0.4097193960038192, 0.2781526013945047, 0.1889196996676204, 0.12320830283405838], [0.4307526145514459, 0.28426808636137596, 0.1821214544986315, 0.10285784448854521], [0.4227109241327416, 0.2735380464543791, 0.17550928350232428, 0.1282417458105578]], "ideal": "C", "sampled": "D", "correct": false}}
{"type": "result", "data": {"idx": 2, "options": ["The possible outcomes must all be numerical.", "The possible outcomes must be mutually exclusive.", "The mean (expected value) always equals the sum of the products obtained by multiplying each value by its corresponding probability.", "Approximately 95% of the outcomes will be within two standard deviations of the mean."], "probs": [[0.4364623721511269, 0.28259617454019453, 0.09839333971892167, 0.18254811348976552], [0.3915555822190965, 0.2980240242906321, 0.10108818254478139, 0.20933221084549072], [0.4076715165997022, 0.31016815952218396, 0.07864811430095633, 0.20351220947715293], [0.39909244146292006, 0.33188816987682956, 0.09622087061709735, 0.17279851794315107], [0.3776042401969119, 0.3255907759837416, 0.08397030185180808, 0.21283468186754717], [0.39596396711218024, 0.34075002580705194, 0.09874494964373418, 0.1645410573370239], [0.43941163914848663, 0.26990000080743054, 0.11265003151785624, 0.17803832842623207], [0.39740108336864266, 0.2826254743130556, 0.11271190025651238, 0.2072615419617972], [0.44079816724000404, 0.27395985132724776, 0.07809578612098472, 0.20714619521178212], [0.42518886056948074, 0.2942441123313646, 0.10178931118064274, 0.17877771581852436], [0.40743779147584475, 0.29606760750073674, 0.0836208565342455, 0.2128737443891763], [0.4190826768897643, 0.3062410264184565, 0.10588676858616239, 0.1687895280056326], [0.4303264589019593, 0.2781298611851183, 0.10454803905447643, 0.18699564075845193], [0.4294181300002191, 0.27792489104014406, 0.13766346365014973, 0.15499351520947194], [0.42963123847861473, 0.278167686797321, 0.09650254881693102, 0.19569852580713273], [0.42623747457337613, 0.2754782706286399, 0.13510324144802927, 0.1631810132499435], [0.4659978532273957, 0.26935379348396293, 0.10930814576998008, 0.15534020741866106], [0.4576627918161937, 0.26567221819582443, 0.10447477958818203, 0.1721902102998074], [0.4323965159179173, 0.26137086656420533, 0.09150984592581259, 0.21472277149205848], [0.43818392510524373, 0.2617920780262392, 0.12520785601241016, 0.174816140756107], [0.4343386958860384, 0.2579503716205947, 0.08124303348475545, 0.22646789890860836], [0.4465188600836312, 0.25252534161056384, 0.11647984804106182, 0.18447595016473797], [0.459890764038002, 0.2617573206731942, 0.09978368817676957, 0.17856822701203676], [0.4605665881493086, 0.2556167812411625, 0.09537309310012228, 0.18844353740942202]], "ideal": "D", "sampled": "D", "correct": true}}
{"type": "result", "data": {"idx": 3, "options": ["If there is sufficient evidence to reject a null hypothesis at the 10% level, then there is sufficient evidence to reject it at the 5% level.", "Whether to use a one- or a two-sided test is typically decided after the data are gathered.", "If a hypothesis test is conducted at the 1% level, there is a 1% chance of rejecting the null hypothesis.", "The power of a test concerns its ability to detect an alternative hypothesis."], "probs": [[0.5111840752713455, 0.2262735054653449, 0.16003829824793908, 0.10250412091537396], [0.5108636876804761, 0.23379411299559397, 0.14351769287654417, 0.11182450634738657], [0.48883351376206624, 0.23175328397802122, 0.1714551645274196, 0.10795803763249587], [0.5221302578273287, 0.2240427516338101, 0.16527496149896867, 0.08855202893988277], [0.4969566309286486, 0.24018467600390636, 0.1479687114722968, 0.11488998149516537], [0.5236926592292511, 0.22468061644449921, 0.15933885651757215, 0.0922878677086632], [0.4878763889063307, 0.24198769609864634, 0.15927512039992253, 0.11086079449508837], [0.5007962409483807, 0.25300670995648966, 0.139724437168357, 0.1064726118267524], [0.4768778752853534, 0.25394636253970376, 0.15238603462300016, 0.1167897274519321], [0.46875053647576437, 0.2618745576406934, 0.14765389375660984, 0.12172101202691735], [0.47900733054391553, 0.256183085974742, 0.15520162105844298, 0.10960796232291009], [0.4591257227248347, 0.26178916215580417, 0.15771065135767207, 0.12137446366168841], [0.4707884736704585, 0.2424794173285042, 0.17776282455473594, 0.10896928434628991], [0.5020329835953128, 0.23603211949656613, 0.17092513868646958, 0.09100975812164036], [0.48955059183342453, 0.23676058212851042, 0.16637558737736033, 0.10731323856070131], [0.4741240758124321, 0.2471654614802103, 0.15676307005157558, 0.12194739255576592], [0.4862175969618352, 0.24823061326242066, 0.15696407050129513, 0.10858771917443762], [0.4694121254167748, 0.25953446358282073, 0.13662738154562354, 0.1344260293547686], [0.48077480145100004, 0.27414072337591805, 0.13924616497185496, 0.10583831010122711], [0.5103704978291823, 0.2506009342901132, 0.14609486869060057, 0.09293369909010385], [0.47614008418643, 0.2682336816230219, 0.14691480809090854, 0.10871142599962734], [0.46118888774876293, 0.2749018430506515, 0.1453959760582737, 0.11851329304231789], [0.48462977923272416, 0.2716078694724535, 0.13816011231225586, 0.1056022388825814], [0.4600587235899907, 0.29462917647096976, 0.12020271432281197, 0.1251093855162175]], "ideal": "D", "sampled": "A", "correct": false}}
{"type": "result", "data": {"idx": 4, "options": ["is seen more frequently than the other observations in the data set", "is seen less frequently than the other observations in the data set", "is always smaller than the other observations in the data set", "is significantly different from the other observations in the data set"], "probs": [[0.522914605240969, 0.25275134866571725, 0.16197379773003992, 0.0623602482632837], [0.5312254635762385, 0.25424573838029296, 0.1537781450570563, 0.06075065288640573], [0.5195039389523424, 0.24337728862900196, 0.17646291014058593, 0.06065586217807503], [0.5111479807907188, 0.2347721826309386, 0.18769930096896448, 0.06638053550937917], [0.5389500332000667, 0.24522299216378252, 0.1612785727575882, 0.05454840177857891], [0.5250522813831768, 0.2465699586056903, 0.17057735063236262, 0.057800409278743164], [0.5206703715566946, 0.25112677014524587, 0.16520866651435728, 0.06299419168367017], [0.5290788409480538, 0.2511983770396519, 0.1578664913461655, 0.06185629056615397], [0.5175113258979143, 0.24481025589918948, 0.17887168912505613, 0.05880672897784652], [0.48965557114464614, 0.24036873235706094, 0.20024524134958127, 0.06973045504870025], [0.5326844222918822, 0.24338525429486468, 0.1673919486260949, 0.056538374687151026], [0.5106780882701796, 0.24631635186465853, 0.18208605530407482, 0.06091950446108726], [0.5071066804232089, 0.23555605820092504, 0.1950648849904148, 0.062272376285476896], [0.5159481478758162, 0.22431707242147142, 0.19497046813915986, 0.06476431146356013], [0.4952729865395943, 0.23696997156474964, 0.2008743171543164, 0.06688272464133824], [0.49820629134287603, 0.226184211288056, 0.19976417707372454, 0.07584532019533198], [0.5183777420307314, 0.24464016543177833, 0.18701609560737753, 0.04996599683011655], [0.509011383037357, 0.24032230110803565, 0.19321381720432235, 0.05745249855030345], [0.5471848548483613, 0.23202134199150176, 0.1765889369831824, 0.04420486607696469], [0.5502172265001787, 0.22300940826050142, 0.18044056163923589, 0.04633280350007972], [0.538421504793401, 0.23363210180777533, 0.17966590947606387, 0.04828048382276574], [0.5335803498507565, 0.22581035471783528, 0.18653796244749543, 0.0540713328839131], [0.5490190469410179, 0.23317502646743085, 0.17789074454400042, 0.03991518194757541], [0.5354603063564607, 0.23200830632958594, 0.18648667977669686, 0.046044707437258296]], "ideal": "D", "sampled": "D", "correct": true}}
{"type": "result", "data": {"idx": 5, "options": ["95 percent of the students in her school are from families whose income is between $35,095 and $45,005.", "There is a 95% probability that the families of all the students in this school have an income of between $35,095 and $45,005.", "If we were to take another sample of the same size and compute a 95 percent confidence interval, we would have a 95% chance of getting the interval ($35,095, $45,005).", "There is a 95% probability that the mean income per family in the school is between $35,095 and $45,005."], "probs": [[0.40445141385441613, 0.39390360925023693, 0.13064007761473248, 0.07100489918060382], [0.4575739320077211, 0.38060550536066773, 0.08455563392810604, 0.07726492860349551], [0.4003511810232704, 0.39942697013159945, 0.12051867400760609, 0.07970317473751315], [0.41853036091566853, 0.380928429786537, 0.12074801005359878, 0.07979319914421347], [0.4618952680715554, 0.3621418425911975, 0.0988434183222186, 0.07711947091503252], [0.42049763508508925, 0.35736370482703267, 0.1534195061786758, 0.06871915380919855], [0.4110537682814136, 0.35329940133075166, 0.15999901760061241, 0.07564781268721223], [0.4772711723447678, 0.3416555363266008, 0.1049856221690344, 0.07608766905961367], [0.3993273267947691, 0.3934627765424117, 0.11646220456425677, 0.09074769199855548], [0.4071418990649344, 0.4020346495681167, 0.11761195131926627, 0.07321149994767158], [0.47228143535821615, 0.3528256430016091, 0.09435705846558619, 0.08053586307458974], [0.4120194301201807, 0.3755381891192331, 0.15216680468802787, 0.060275575972542336], [0.41564603612159823, 0.3411338706902378, 0.153882353262348, 0.08933773982582567], [0.4308669994380373, 0.3308803050319951, 0.1523925728936359, 0.08586012253631796], [0.4073470306952741, 0.367782593084083, 0.13137895702368382, 0.0934914190969601], [0.40536923595702995, 0.3797772874534082, 0.141649484841426, 0.0732039916481429], [0.4156091041129476, 0.3545142248930631, 0.13706939925184805, 0.0928072716421481], [0.4030410071997385, 0.3739844648901639, 0.14461357739942055, 0.07836095041065737], [0.46163606593682527, 0.350863255982243, 0.11093851009667448, 0.07656216788425774], [0.4112026705971989, 0.34926068536166965, 0.17162012833837653, 0.06791651560274893], [0.4629534266282314, 0.37038658202367875, 0.09029649273480891, 0.07636349851328568], [0.39904641821620784, 0.3979938776267926, 0.14822508962937048, 0.05473461442761372], [0.3982989904179184, 0.3980386172163555, 0.11958593029767477, 0.08407646196804366], [0.38651572402346973, 0.4251205932381679, 0.11865470501244706, 0.06970897762592175]], "ideal": "D", "sampled": "C", "correct": false}}
{"type": "result", "data": {"idx": 6, "options": ["The probability of a Type I error and the probability of a Type II error would both decrease.", "The probability of a Type I error and the power would both increase.", "The probability of a Type II error and the power would both increase.", "The probability of a Type I error would stay the same and the power would increase."], "probs": [[0.4875897387485869, 0.2932475801163578, 0.12252585062596258, 0.09663683040910154], [0.4895801395373575, 0.3020894078794921, 0.12802802978125116, 0.08030242270190133], [0.47854806088796525, 0.2981299556306018, 0.12631608559199933, 0.09700589778943698], [0.47543862363318495, 0.30134010156532565, 0.13074079327080002, 0.09248048143068413], [0.4895966330995781, 0.30083269856869266, 0.12566384806703482, 0.08390682016467174], [0.4743653417277364, 0.30491539278152563, 0.12882075921410382, 0.09189850617662752], [0.4833674246077656, 0.3120240707159577, 0.11118603941336024, 0.09342246516290051], [0.4728271871439943, 0.3352287643547832, 0.11371799447044012, 0.07822605393076958], [0.4551296599224884, 0.3055253054527975, 0.13635180313436546, 0.10299323139035725], [0.48302426081715605, 0.2975259419820237, 0.12146908010445284, 0.09798071699636397], [0.4852531538254329, 0.3206065813106631, 0.11932128650353485, 0.0748189782603744], [0.4882235160068913, 0.30547442267434255, 0.1093375147938726, 0.09696454642488007], [0.4657255304691344, 0.31811295252017885, 0.1174249595370147, 0.09873655737366334], [0.4503155528950859, 0.3312581010029453, 0.11769881455449989, 0.10072753144745945], [0.45409566084021513, 0.3059750570398106, 0.13401229053280672, 0.10591699148719022], [0.48179095263578786, 0.29899834799415476, 0.11731413362117821, 0.10189656564888072], [0.44347230609480826, 0.3274021080454896, 0.13504318826526296, 0.09408239749443104], [0.48429239032520477, 0.30791497755905745, 0.11326990248181715, 0.09452272953391001], [0.47634908943260246, 0.327734658848965, 0.11722691558947534, 0.07868933602895202], [0.4527652049800844, 0.32785129939530155, 0.11963078714384524, 0.09975270838079134], [0.4808385050698842, 0.3097214449100538, 0.1252819374615536, 0.08415811245849514], [0.483146632580154, 0.29594447777862404, 0.11305487204385868, 0.10785401749736805], [0.43728426982788077, 0.31600212386034743, 0.1417225793557982, 0.1049910268559708], [0.475551569493385, 0.2964269383726069, 0.1238949656416112, 0.10412652639240554]], "ideal": "D", "sampled": "A", "correct": false}}
{"type": "result", "data": {"idx": 7, "options": ["It cannot be determined, because the mean heights for the two groups are different.", "It cannot be determined, because the standard deviations of the heights for the two groups are different.", "The man, because he is 74 inches tall and the woman is only 70 inches tall.", "The woman, because her height is 1.33 standard deviations above the mean height of all women, whereas the man\u2019s height is only one standard deviation above the mean height of all men."], "probs": [[0.26928797231350565, 0.2759412708594923, 0.3110961357332797, 0.1436746209937045], [0.3180783814017491, 0.26607789129056486, 0.3247440595710224, 0.09109966763667836], [0.2692604542278541, 0.3393076927506272, 0.24458552312580523, 0.146846329795707], [0.33730377325315075, 0.345921923534071, 0.2781564210568142, 0.038617882055963615], [0.44530013378061584, 0.33852731300373945, 0.08560875420163826, 0.13056379891400585], [0.39704405797374187, 0.44653198033776187, 0.1094431964846141, 0.046980765103874715], [0.27511942896409514, 0.2741955173201827, 0.3025075080930176, 0.1481775455227003], [0.3298992253582529, 0.26859152211528187, 0.31161045149387834, 0.08989880093257169], [0.303428510298079, 0.35464666560685104, 0.17542084983685807, 0.166503974158217], [0.36304347977964024, 0.3772798665091076, 0.22579879825994253, 0.033877855351298274], [0.4298363816434389, 0.3406106623831268, 0.10613089464024987, 0.12342206123318662], [0.40026166156361004, 0.44484284741268665, 0.1155083141344959, 0.039387176789199396], [0.33599924088960553, 0.2645768849884287, 0.24583789178265708, 0.15358598223931502], [0.36472542277938064, 0.272045686743464, 0.3172054967875263, 0.04602339358961854], [0.36344787686817875, 0.2890958983784069, 0.17903859322031246, 0.1684176314330872], [0.3928208285343517, 0.30649744038605986, 0.2603255798029549, 0.04035615117663307], [0.43732075125929554, 0.3805533348265557, 0.12923296902909012, 0.05289294478506965], [0.42833271781032994, 0.4060319122686133, 0.12702890911882236, 0.03860646070224037], [0.5303242619789587, 0.2311639418520261, 0.12050414164882037, 0.1180076544202042], [0.5178872501779519, 0.2783963905523733, 0.1546695902341534, 0.04904676893549097], [0.5269671919360271, 0.23241203481829725, 0.12621105056235263, 0.11440972258332018], [0.5215877769231313, 0.280960029379026, 0.15702342561675348, 0.04042876798110348], [0.5094044351841129, 0.3143358143002718, 0.13413911842500678, 0.042120631990619065], [0.5051015967482122, 0.33026941072437477, 0.1334023512537668, 0.031226641173640886]], "ideal": "D", "sampled": "D", "correct": true}}
{"type": "result", "data": {"idx": 8, "options": ["There are different t-distributions for different values of df (degrees of freedom).", "t-distributions are bell-shaped and symmetric.", "t-distributions always have mean 0 and standard deviation 1.", "t-distributions are more spread out than the normal distribution."], "probs": [[0.4872745263523939, 0.25577319707977464, 0.14838755825361813, 0.10856471821420491], [0.46721752018703017, 0.2579028617198486, 0.15190519950389947, 0.12297441848920813], [0.4917174260114046, 0.24901586981167584, 0.1426222725997465, 0.11664443147716114], [0.49383431041124487, 0.24215319767245097, 0.15293756914440781, 0.11107492267189142], [0.48478760383224817, 0.24738262768972705, 0.14578323764525755, 0.12204653073277125], [0.49922854495328434, 0.23829196928582727, 0.15567344288162124, 0.10680604277926047], [0.48132240157673906, 0.2636033147764141, 0.14115357119133556, 0.11392071235549915], [0.4821320580313976, 0.2514939314035878, 0.14156932581748102, 0.12480468464755354], [0.5007298300432032, 0.2693459799602203, 0.11795942198327242, 0.11196476791332442], [0.4913559528061494, 0.26947184789371176, 0.11594823895291605, 0.12322396024721098], [0.49037540619620024, 0.2548746448116836, 0.12454595067233551, 0.1302039982197782], [0.48983266259825736, 0.26510486088410573, 0.11938697247391869, 0.12567550394372193], [0.5223146245011926, 0.23097274058056064, 0.13729870344623343, 0.10941393137201272], [0.524290926448654, 0.22164361701686647, 0.14656506421767082, 0.10750039221680123], [0.5194658001591745, 0.24864097676926075, 0.1269256256435079, 0.10496759732804088], [0.5052272326312488, 0.24837265170224526, 0.12558615174897775, 0.12081396381752312], [0.5442783064584336, 0.22568297103878732, 0.1187493286964951, 0.11128939370628482], [0.5290430769178573, 0.24331152645913753, 0.1045963627070995, 0.12304903381592606], [0.4765350782100795, 0.23537934153940937, 0.15099791973894472, 0.13708766041158724], [0.4864367801353523, 0.23540761786977035, 0.15663343961287432, 0.12152216228199157], [0.468552415534048, 0.25428645396465577, 0.13550682450848145, 0.1416543058928249], [0.4652012363208748, 0.260175554988538, 0.13428959542031768, 0.14033361317025989], [0.5140112280048863, 0.24158047770647376, 0.11501622884886821, 0.12939206533976988], [0.4895805119655679, 0.264516042866495, 0.10301874753395854, 0.14288469753397737]], "ideal": "C", "sampled": "C", "correct": true}}
{"type": "result", "data": {"idx": 9, "options": ["This study was an observational study.", "Lack of blocking makes this a poorly designed study.", "The placebo effect is irrelevant in this type of study.", "This study was an experiment in which the subjects were used as their own controls."], "probs": [[0.4598335017058349, 0.2311871619576332, 0.1400194281197848, 0.16895990811673786], [0.48543307860813717, 0.2170973250509046, 0.1778203629411534, 0.11964923329980874], [0.4651601821468996, 0.2334844299927876, 0.13864614764062377, 0.16270924011968718], [0.5093442687121366, 0.2336076130420848, 0.15714510997887887, 0.09990300816690881], [0.5260645294261099, 0.22837006637750662, 0.12717307712124218, 0.1183923269751545], [0.5448742836483109, 0.24572749653404563, 0.11478832325926888, 0.09460989645834571], [0.44174138924226014, 0.2502106918955917, 0.1385772317172164, 0.16947068704493676], [0.4642271117537063, 0.238107032924939, 0.16575238386919539, 0.1319134713521694], [0.43955103840732784, 0.23434526279512957, 0.14664687981511162, 0.17945681888242448], [0.4687739642399661, 0.250640825791786, 0.16506323619708158, 0.11552197367116848], [0.49941263123793944, 0.24203834104059657, 0.12857653670484032, 0.1299724909166398], [0.4901321318010313, 0.2642656073793088, 0.1351663932311441, 0.1104358674885173], [0.4612665032634144, 0.24533849232289814, 0.1345984330647594, 0.1587965712489228], [0.4935664806043014, 0.24623674166082196, 0.14908397097965118, 0.11111280665521751], [0.460702089936569, 0.23196022765589258, 0.1429493004799519, 0.16438838182759538], [0.48847384548518036, 0.24888393027596104, 0.15697220983985574, 0.10567001429901329], [0.5252077384774685, 0.25158449286915074, 0.11786924543360632, 0.10533852311975803], [0.5214197927065726, 0.2704264104340148, 0.12075772458325505, 0.08739607217618942], [0.5423928725040967, 0.21446139975963208, 0.12693585348937947, 0.11620987414686948], [0.5715851063917655, 0.22958435590252954, 0.11282861028538398, 0.08600192732032334], [0.5382528291577813, 0.21329582824756424, 0.12823947290718749, 0.12021186958746642], [0.5393651642595183, 0.23427828423073777, 0.12790250085650726, 0.09845405055320611], [0.5686052460233151, 0.22622439290078228, 0.11129121699345303, 0.09387914398245305], [0.566073594989221, 0.23726822297616307, 0.11485926080533117, 0.08179892112929187]], "ideal": "D", "sampled": "D", "correct": true}}
{"type": "result", "data": {"idx": 10, "options": ["It describes a process that creates estimates that are too high on average or too low on average.", "It describes a process that results in a sample that does not represent the population.", "It describes a lack of randomization in the sampling process.", "It describes a sample that is not representative of the population."], "probs": [[0.49433234578415686, 0.18820011302673953, 0.16860380152739815, 0.1488637395617165], [0.5509070774020197, 0.18720877143638273, 0.1469357005370992, 0.11494845052450334], [0.5260511311350028, 0.1892603710689879, 0.1608235247944922, 0.12386497290149297], [0.5015306327536686, 0.1935185288754987, 0.15799411398039934, 0.14695672429042655], [0.5510870554869458, 0.1862713300748946, 0.15869298638561827, 0.1039486279525163], [0.4851632443164173, 0.17688549242374893, 0.16705130208550292, 0.1708999610743343], [0.5348331593944435, 0.18543726709922723, 0.14575204934900102, 0.13397752405730604], [0.5426888490960408, 0.1960220044115175, 0.13674577364324442, 0.12454337274917861], [0.5127814173114286, 0.18308048860838647, 0.1682276753960524, 0.13591041858411457], [0.4884500636300571, 0.19517761666831246, 0.17788275165452863, 0.13848956794710604], [0.5025513135698252, 0.19978676653398675, 0.168045697088683, 0.1296162227074865], [0.47525691536529957, 0.191020561320391, 0.18104746048790044, 0.1526750627264061], [0.5293769067680403, 0.21049562916489092, 0.15096990625408158, 0.10915755771296803], [0.5083445107230188, 0.2129419857836514, 0.14803819523689815, 0.1306753081564176], [0.4990905027300807, 0.2123325010067378, 0.1642148420342711, 0.12436215412893115], [0.5105901546450654, 0.19808631075409447, 0.1733223931359357, 0.11800114136491939], [0.4814314442480928, 0.20128862794064487, 0.16438399604643017, 0.1528959316648229], [0.5059350750712048, 0.19608201331507738, 0.18366167649338375, 0.11432123502030592], [0.5339214220811488, 0.21681203945587377, 0.13586167638765487, 0.1134048619753027], [0.5221269806610815, 0.19719307897896687, 0.13093480820591097, 0.14974513205403653], [0.5177393014223789, 0.2165541694033824, 0.1450155581823085, 0.12069097089190596], [0.49409443463243097, 0.20019647066078325, 0.1626870226660795, 0.14302207194069927], [0.5156447549318266, 0.1916334695351633, 0.14069099891231146, 0.15203077652071864], [0.5181741937781014, 0.20269388272829408, 0.15528504701319226, 0.1238468763803931]], "ideal": "A", "sampled": "B", "correct": false}}
{"type": "result", "data": {"idx": 11, "options": ["Halting the production process when sufficient customer complaints are received.", "Halting the production process when the tissue strength is below specifications.", "Halting the production process when the tissue strength is within specifications.", "Allowing the production process to continue when the tissue strength is below specifications."], "probs": [[0.21017014533370104, 0.3881949552644827, 0.2626005063006811, 0.13903439300113565], [0.26760164448138957, 0.37044729969468815, 0.22619807146637352, 0.13575298425754925], [0.1924148841705216, 0.36171802486840104, 0.29085197700460147, 0.1550151138564803], [0.27990896150004524, 0.32242108533253433, 0.20303754094891197, 0.19463241211848673], [0.2988953740360772, 0.3336170597971644, 0.22228087490445536, 0.14520669116230012], [0.2834696165452608, 0.3201412872933009, 0.2019414133250988, 0.1944476827363459], [0.33957503291329294, 0.30448597521763526, 0.2469493994866766, 0.10898959228240189], [0.37164479354370716, 0.29882495495903133, 0.2081261011144593, 0.12140415028279417], [0.36170117899762255, 0.3173184282633617, 0.19871694150671798, 0.12226345113229517], [0.4224732333369416, 0.33128529841082177, 0.17690930458657433, 0.06933216356566911], [0.4123909830810838, 0.2865295643997213, 0.18471134097912342, 0.11636811144007693], [0.4065406547759832, 0.3256429690949673, 0.19482510348309373, 0.07299127254593639], [0.2996278441843392, 0.2967831530667735, 0.2942328965394017, 0.10935610610948979], [0.3850888373808333, 0.27999130196867744, 0.18115260940672348, 0.1537672511437601], [0.3217114022835063, 0.3467945179658725, 0.19526779996879184, 0.13622627968183293], [0.40703617266587305, 0.3476443250494223, 0.17109817050932005, 0.07422133167538249], [0.41129021677190825, 0.26212337664206437, 0.1947008462436416, 0.13188556024236933], [0.43915549638695317, 0.308634154342963, 0.18720376799903016, 0.0650065811710321], [0.325124429442189, 0.31661525120452355, 0.25726440658742905, 0.10099591266584976], [0.28226090407309057, 0.33146885051715425, 0.22344232485728674, 0.16282792045247857], [0.3498325511712521, 0.3528336589127943, 0.1706251469149019, 0.12670864290104727], [0.36840993264958066, 0.37311816260837055, 0.1796619918036747, 0.07880991283835508], [0.3907336164708427, 0.29857859339397436, 0.17353534797869238, 0.13715244205648527], [0.3681254196546426, 0.3669922154728439, 0.19483434844116013, 0.07004801633135332]], "ideal": "C", "sampled": "B", "correct": false}}
{"type": "result", "data": {"idx": 12, "options": ["75 - 0.30(14)", "75 + 0.30(14)", "75 - 0.4756(14)", "75 - 0.5244(14)"], "probs": [[0.515736026033461, 0.2515890056317636, 0.1475280610728777, 0.0851469071618898], [0.5182457766360373, 0.2533243291712446, 0.1431488438983999, 0.08528105019430206], [0.5073768015336496, 0.24702409119334856, 0.15878689680664823, 0.08681221036635663], [0.4871719121364422, 0.2518053934918291, 0.1717707913659555, 0.08925190290576498], [0.507317894075867, 0.2520067384874725, 0.15559079862978026, 0.08508456870689661], [0.4906011738385177, 0.25425424563639576, 0.16858730048043014, 0.08655727994464742], [0.5071313264071264, 0.2508838701852887, 0.15142417366379338, 0.09056062964381592], [0.5092014111054961, 0.2521648205262881, 0.14890499009852842, 0.08972877816969375], [0.4854531604524451, 0.2604594684497579, 0.1677228824553801, 0.08636448854243556], [0.47504662934425856, 0.25364648636085535, 0.16493751075720223, 0.10636937343768242], [0.4857597144817745, 0.2658693617993586, 0.1646888409460818, 0.08368208267279288], [0.4736908030529134, 0.2613911413446906, 0.1648810022359117, 0.10003705326650826], [0.5090032841689699, 0.2417353730821343, 0.16028357189683962, 0.08897777075202698], [0.48815657005153135, 0.2480531984809867, 0.17814527245808945, 0.08564495890938054], [0.5075340493985863, 0.2468089408305304, 0.15507315870086144, 0.09058385097001054], [0.48257651872717067, 0.2500976409033947, 0.16316550219186918, 0.1041603380775567], [0.4690622507276664, 0.24581205911836312, 0.18204563632397358, 0.10308005372999553], [0.47287773934835936, 0.2522776796319066, 0.17690274659496494, 0.09794183432478445], [0.5082211985804039, 0.24794410440564826, 0.1573643251785582, 0.08647037173541225], [0.4890359738772786, 0.252274044480315, 0.17527207114213159, 0.08341791040027713], [0.5079294462588527, 0.2535939877191535, 0.15024988280397578, 0.08822668311801951], [0.4854290691414125, 0.25481002723354496, 0.1600412187412004, 0.09971968478383984], [0.4707867833743734, 0.2505799390542145, 0.17751226459994301, 0.10112101287146127], [0.4744274321808685, 0.25572877732421556, 0.1740977981702576, 0.09574599222465215]], "ideal": "D", "sampled": "A", "correct": false}}
{"type": "result", "data": {"idx": 13, "options": ["increases the interval size by 9%.", "decreases the interval size by 9%.", "increases the interval size by 57%.", "decreases the interval size by 57%."], "probs": [[0.4667354941468164, 0.2871151961309367, 0.15987024634953376, 0.08627906327273029], [0.4530969669405266, 0.31767005678657295, 0.15550504610583465, 0.07372793006705182], [0.4263600298785778, 0.29499754229332725, 0.1812912363961158, 0.09735119133199618], [0.45041021881226323, 0.2881797308412828, 0.16865053767779498, 0.09275951256864554], [0.43435632314392186, 0.3261613418798328, 0.16098429036157935, 0.07849804451466764], [0.4280795849963111, 0.3067142126463091, 0.16959370002538832, 0.09561250223197357], [0.4665807230241801, 0.29837260408972605, 0.16307248830356366, 0.07197418448250982], [0.4679713791803519, 0.3120128665377496, 0.15818384162582355, 0.061831912556078054], [0.4455557613693092, 0.3055398379645129, 0.17295341265653275, 0.07595098790963373], [0.4512537448793685, 0.3115257353856942, 0.15904757542864317, 0.07817294420627914], [0.44592285713436913, 0.3328745840588371, 0.15831020712697497, 0.06289235157982917], [0.4567828431454558, 0.31655835597684445, 0.15607131452278625, 0.07058748625489782], [0.4357387522744088, 0.298438281791721, 0.1756867991216808, 0.09013616671220435], [0.44239989943980573, 0.2931356137796145, 0.18040944991221086, 0.08405503676837027], [0.4207332556412933, 0.3152172072640758, 0.16931189175316502, 0.09473764524145939], [0.4316723276977538, 0.3242245980821665, 0.16357294201945694, 0.0805301321006328], [0.4633942455192382, 0.2844809950403636, 0.16492891716808042, 0.0871958421723134], [0.44638068805850556, 0.30975988859091363, 0.16244373877919532, 0.08141568447139541], [0.4278191252959967, 0.33528640661908315, 0.16345695644559277, 0.07343751153934218], [0.4321478515044826, 0.30589358839326514, 0.18239518780714348, 0.0795633721951181], [0.44772217783866297, 0.32703960833655854, 0.15847686228502358, 0.06676135143977081], [0.4524801536228446, 0.3310797825311113, 0.15793946265135533, 0.05850060109468086], [0.4634964649080982, 0.2968098531857149, 0.1633992505892852, 0.07629443121691477], [0.45842479218838417, 0.31349047691862536, 0.16027819239132857, 0.06780653840166673]], "ideal": "C", "sampled": "B", "correct": false}}
{"type": "result", "data": {"idx": 14, "options": ["The number of tosses before a \"5\" appears when tossing a fair die.", "The number of points a hockey team receives in 10 games, where two points are awarded for wins, one point for ties, and no points for losses.", "The number of hearts out of five cards randomly drawn from a deck of 52 cards, without replacement.", "The number of motorists not wearing seat belts in a random sample of five drivers."], "probs": [[0.3771480159587108, 0.3884802226993498, 0.11199606592009867, 0.12237569532182453], [0.37616005088180043, 0.3625810226927535, 0.11181701387226323, 0.14944191245317745], [0.38166278564388545, 0.38250986014976635, 0.12937135199163527, 0.10645600211473018], [0.38957859415756424, 0.3327870398042592, 0.11683321126298389, 0.16080115467518588], [0.3714703794603101, 0.3803628358309335, 0.11719013539554442, 0.13097664921322094], [0.38450475309817117, 0.33747997317404194, 0.10825317250250678, 0.16976210112526707], [0.4110329034050475, 0.3679001410469502, 0.11728874839608722, 0.10377820705191543], [0.4227917862333752, 0.3405874280388713, 0.11016289510693432, 0.1264578905208193], [0.44546291050038733, 0.3595990777298938, 0.10105022684705008, 0.09388778482267057], [0.4478714318046205, 0.34150709380236466, 0.1011638600143799, 0.10945761427864344], [0.4277118499106339, 0.336456104744587, 0.11975418657923537, 0.11607785866553151], [0.42933918658310355, 0.3417723653776513, 0.1205868972038032, 0.10830155073544537], [0.40514860703209993, 0.3576470543002158, 0.13281114733944469, 0.10439319122824685], [0.4132707931478441, 0.3144670140919433, 0.11915762029776629, 0.15310457236243907], [0.4286824646901134, 0.35477891443078396, 0.11169559098795358, 0.1048430297911326], [0.43497520539367324, 0.33886109164215655, 0.1069763460586214, 0.11918735680554551], [0.4296508295554992, 0.3152251237277966, 0.11800886351978354, 0.13711518309691162], [0.43230127423123504, 0.33961665602363456, 0.12550154151627707, 0.10258052812884921], [0.3689756872789997, 0.39910012612121726, 0.10268466333858699, 0.12923952316121343], [0.36833890440218864, 0.3662447027634224, 0.09642888905251021, 0.16898750368187054], [0.41395504488120216, 0.3793792042380626, 0.09231099326452391, 0.11435475751621779], [0.4156890271993267, 0.3852709512234631, 0.09439051455794566, 0.10464950691925853], [0.4053588701575035, 0.35860648345618007, 0.09725452600227373, 0.13878012028405634], [0.4136796058023181, 0.3871860455927504, 0.10640939103239397, 0.09272495747254285]], "ideal": "D", "sampled": "B", "correct": false}}
{"type": "result", "data": {"idx": 15, "options": ["I only", "II only", "III only", "I and II"], "probs": [[0.29661806256347883, 0.29399749624481397, 0.2432715349980243, 0.16611290609366966], [0.3010473850360251, 0.30734771807752315, 0.2481135242323278, 0.14349137255411823], [0.27183874799920044, 0.2950071076045402, 0.2593788104026599, 0.1737753338935942], [0.3196667683653917, 0.30483347954072015, 0.24351943689625866, 0.13198031509762415], [0.3486201611839412, 0.30543648561701775, 0.25382663397666144, 0.09211671912238541], [0.3179233192398517, 0.30177779978521874, 0.28928628638717413, 0.09101259448776845], [0.31180717143553754, 0.3025119206258624, 0.23788670606051476, 0.1477942017780876], [0.3437341294646214, 0.30061548333204885, 0.2301622611713933, 0.12548812593193168], [0.233967677185375, 0.32453413406885706, 0.26828936909190204, 0.17320881955388975], [0.27374770023900585, 0.3276747248814161, 0.24260675578003132, 0.15597081899953866], [0.33467275920933853, 0.340384549335285, 0.23373522465308846, 0.09120746670230055], [0.345093241347961, 0.32153496405589965, 0.2262490988410873, 0.10712269565506159], [0.29534122033686283, 0.3012450499092128, 0.2535918937018909, 0.14982183595202356], [0.3054933956592096, 0.3187873684052361, 0.25227935841184385, 0.12343987742371237], [0.26611450585434065, 0.31458285341606074, 0.2771963508848106, 0.1421062897447738], [0.26069383869183504, 0.33570272090724956, 0.2685020875935929, 0.13510135270730975], [0.29971345089545776, 0.35887446152223346, 0.24726862793023444, 0.09414345955206818], [0.34408443191826915, 0.3228000034011519, 0.22996472144445176, 0.1031508431361212], [0.3648092985359355, 0.30195656504540414, 0.2427121217514656, 0.0905220145671798], [0.3599482475496116, 0.3015202867541415, 0.25300692875122294, 0.0855245368450123], [0.3289438166337193, 0.3340897189402285, 0.24933351262806858, 0.0876329516979675], [0.33581193406666426, 0.3295884078984322, 0.2375069269277867, 0.09709273100710397], [0.32764988072630025, 0.3344562927509802, 0.23078390068607693, 0.10710992573665604], [0.342945926861665, 0.33143370550006307, 0.2176944845082632, 0.10792588302999678]], "ideal": "D", "sampled": "D", "correct": true}}
