{"type": "result", "data": {"idx": 0, "options": ["includes two or more alternatives", "classifies subjects", "affirms the antecedent or denies the consequent", "leads to a valid conclusion"], "probs": [[0.562178220126174, 0.24220492338282457, 0.14323418965009793, 0.052382666740902216], [0.5811831446443106, 0.21970057219045008, 0.12472962162714105, 0.07438666143807184], [0.5453581118918313, 0.2830754466606703, 0.11286883051518806, 0.05869761083228372], [0.5482230306874839, 0.2900143530569115, 0.1144813576664989, 0.047281258489103764], [0.6023726342256791, 0.23130096718404722, 0.1017576243132714, 0.06456877417700077], [0.5877622367031513, 0.24652520493461422, 0.12406174572462285, 0.041650812537616086], [0.4892559035784075, 0.25679992216830183, 0.1991147657706146, 0.0548294083826938], [0.512298778537351, 0.23938461506714134, 0.17015381282136932, 0.0781627934741077], [0.47462461326202426, 0.28022004749567336, 0.17178025007844705, 0.07337508906383082], [0.4883151188693678, 0.2755774255412863, 0.17610955349081037, 0.05999790199853976], [0.5412464526021923, 0.22640921086503624, 0.14054299150283692, 0.09180134492994371], [0.53556097542829, 0.24471197613463697, 0.17279165748131223, 0.046935390855772904], [0.5134527275812858, 0.2843544813123196, 0.14262967970086476, 0.059563111305494715], [0.5230789700253221, 0.2818463557300072, 0.1465250814577165, 0.048549592686940986], [0.5468563837775638, 0.2527887369227634, 0.13248077120290883, 0.06787410799675915], [0.5553147880647434, 0.25235654403603497, 0.13670137484071632, 0.05562729295848687], [0.5667021525672725, 0.2684283727130667, 0.11352739953572137, 0.05134207508391322], [0.5621920911582138, 0.2786609078822554, 0.11150994748104372, 0.04763705337849001], [0.60648082894747, 0.1939283810610752, 0.13153624286113916, 0.0680545470302951], [0.5912281989530044, 0.2057797712568131, 0.15852645491724737, 0.04446557477292967], [0.6111156942012623, 0.17732026799647566, 0.1323762441732463, 0.07918779352901101], [0.6067637759777195, 0.198748045663757, 0.15144733230576518, 0.043040845952779704], [0.5771095592528711, 0.2507841265911591, 0.12113581877726129, 0.05097049527869732], [0.5835575870143227, 0.25139404514988584, 0.11606972966785573, 0.04897863806792632]], "ideal": "A", "sampled": "D", "correct": false}}
{"type": "result", "data": {"idx": 1, "options": ["Changing the meaning of a word or phrase from one part of the argument to another.", "Confusing figurative language with literal language.", "Reasoning that ideas presented in an appealing manner are correct, regardless of the content of the message.", "Using emotionally charged language to create an impression about the subject of a claim, without making an argument that the language fits the subject."], "probs": [[0.37493425341968223, 0.2650118739808993, 0.18128918644103653, 0.1787646860584006], [0.3579408821339377, 0.28217303046645054, 0.19720808089241562, 0.1626780064071743], [0.39681795747132054, 0.2582794303083001, 0.1298966800598269, 0.21500593206053858], [0.3931207311169693, 0.31544229062596646, 0.1886811932842688, 0.10275578487278589], [0.3795665966416453, 0.27845564380452503, 0.16638653958068844, 0.17559121987315357], [0.38253785530201295, 0.318076286276141, 0.19695421691900972, 0.10243164140284229], [0.35037004720992976, 0.33844942219316465, 0.1415038633103212, 0.1696766671865769], [0.33930564550757775, 0.35595241426681695, 0.15037857676514926, 0.15436336336045656], [0.3634636979542843, 0.31858077157252035, 0.13218285455253503, 0.18577267582068122], [0.36348383069556267, 0.3559646823769419, 0.13877048334768394, 0.14178100347981912], [0.349816345903616, 0.36479296687241547, 0.11965347587388882, 0.16573721125008606], [0.3691593207894723, 0.36508979163974276, 0.1228493284605657, 0.14290155901021429], [0.39868295635160045, 0.25026498693661514, 0.14428689062880265, 0.20676516598298753], [0.3920904898640988, 0.29095965218076636, 0.2231301326782357, 0.09381972517690068], [0.37229365651043456, 0.23509775174424324, 0.19817849819127173, 0.19443009345405396], [0.3747871417338765, 0.258709706237818, 0.2212972086632822, 0.14520594326501154], [0.4091676965272253, 0.2770108349172391, 0.20991990606725286, 0.1039015623882892], [0.42407449720855367, 0.2442782014666577, 0.16958998449476764, 0.16205731673002477], [0.4030974589907466, 0.2855753356151445, 0.1636970304428017, 0.1476301748512927], [0.38835438999527144, 0.31484312498010353, 0.21681618534173294, 0.07998629958290307], [0.4078888522947375, 0.2752487615285074, 0.1670679987818018, 0.1497943872949646], [0.41251724513978866, 0.28258843087630225, 0.17256849650093284, 0.13232582738299314], [0.41497669069578813, 0.3075186146309014, 0.18798548049445998, 0.08951921407886332], [0.43259491765325553, 0.27309203816768934, 0.1479179997544291, 0.14639504432463016]], "ideal": "C", "sampled": "D", "correct": false}}
{"type": "result", "data": {"idx": 2, "options": ["significance", "snob appeal", "poisoning the well", "appeal to anonymous authority"], "probs": [[0.38752823677979487, 0.2891173661956224, 0.19117282778725056, 0.1321815691373353], [0.38366551318946557, 0.3044105803271496, 0.1902096454761548, 0.12171426090723265], [0.40161396977157143, 0.304028202008566, 0.1736576593068499, 0.12070016881302625], [0.38648989299011893, 0.31994178121944783, 0.18183773429582442, 0.11173059139459769], [0.4067347753825761, 0.30028599571484416, 0.1856702685351573, 0.10730896026742637], [0.4024647187604102, 0.29624834680677925, 0.19439272656142825, 0.10689420777138058], [0.3382940492764449, 0.3044659793913059, 0.20846021201728152, 0.14877975921497527], [0.33023382338384133, 0.3270557150905362, 0.20563290486816843, 0.13707755655745438], [0.32735985637110093, 0.2985166371342363, 0.19461018447337294, 0.17951332192128217], [0.3124629286373159, 0.3286374723841609, 0.22533743253386881, 0.1335621663446618], [0.2961138185771103, 0.30511241024404334, 0.2201680700097858, 0.17860570106906104], [0.3016144145389092, 0.31378535030683385, 0.26105162261432324, 0.12354861243992855], [0.406781551914331, 0.27444264406170576, 0.19351771968034925, 0.125258084243627], [0.39481169205899264, 0.29548817288098794, 0.19776299280343343, 0.1119371421565872], [0.37887589826071555, 0.281265273611116, 0.1895879139160362, 0.15027091411213261], [0.37241195531919336, 0.30806413089674434, 0.2059223814023623, 0.11360153228172952], [0.3701744273541971, 0.28848479818087697, 0.20947782385825994, 0.13186295050668487], [0.379893286329017, 0.3025471192690299, 0.22136904501433713, 0.09619054928762732], [0.3606337444921355, 0.3285707029346221, 0.17600882877689494, 0.13478672369632952], [0.3524404310534588, 0.3294211220928027, 0.18487212632306166, 0.13326632043067482], [0.3200975777837241, 0.3175966217464422, 0.17623610167616058, 0.18606969869367526], [0.3302784358206826, 0.3262927089098908, 0.21177803995386632, 0.13165081521556413], [0.3304102769182059, 0.3137865262522861, 0.1889848935494235, 0.166818303180083], [0.3363879908121691, 0.33272049487130917, 0.20930613386961122, 0.12158538034693267]], "ideal": "C", "sampled": "C", "correct": true}}
{"type": "result", "data": {"idx": 3, "options": ["a specific type of false cause fallacy that argues that since two event happened at the same time one event must have caused the other", "arguing that an event that preceded another event necessarily is the cause of the second event", "arguing that since something is new it is necessarily good", "drawing a conclusion based on a comparison when the items being compared are not similar enough to support the conclusion."], "probs": [[0.5371131736488082, 0.21896776058863532, 0.13053529960408614, 0.11338376605846237], [0.5731508833023141, 0.19717346850930859, 0.1331079329988336, 0.09656771508955099], [0.5121279323467546, 0.22693349522141923, 0.13801010415309112, 0.12292846817874932], [0.5107418786832434, 0.24292001697195664, 0.1450735431077559, 0.1012645611370336], [0.5910505383644051, 0.21638192983753823, 0.11823962960477614, 0.07432790209326108], [0.5673556837025934, 0.214609190125616, 0.11939024441376593, 0.09864488165804271], [0.5679261174981576, 0.2126916849612811, 0.11190032916211973, 0.10748186827844501], [0.5836499781165894, 0.207736662116345, 0.11155102973587167, 0.09706232993117671], [0.5500549031401027, 0.206344448676172, 0.13652666052483795, 0.10707398755887397], [0.5003136550704843, 0.22359282579926462, 0.14613395921427352, 0.12995955981597254], [0.5906860485447267, 0.21491719813096108, 0.11928898449915612, 0.07510776872513343], [0.5612304549106724, 0.1988586730349571, 0.11853426077677634, 0.12137661117759682], [0.521443383802825, 0.24597141674320888, 0.1110424552738105, 0.12154274408016838], [0.5150549241493806, 0.2792065243129569, 0.10913127354965756, 0.09660727788800974], [0.535357661172457, 0.2266433655082957, 0.13651241704520103, 0.10148655617403399], [0.49094996029403554, 0.251186905077068, 0.14340841239236207, 0.11445472213654462], [0.5200279805875396, 0.28134440081062223, 0.1093724057817579, 0.08925521272009782], [0.5078864179847988, 0.2650342777095756, 0.11386444375341431, 0.1132148604522278], [0.5710015777650023, 0.22046919250336652, 0.1318128309130356, 0.07671639871857494], [0.552454972626859, 0.22991687601459176, 0.12719624839739582, 0.09043190286112984], [0.5639834990836639, 0.2018141029877991, 0.15842408276353104, 0.07577831506502967], [0.5284341196511511, 0.21203257240209156, 0.15122938058150562, 0.10830392726526147], [0.5422122311716256, 0.20871893011796724, 0.16915916296979389, 0.07990967564059537], [0.5225138028828448, 0.20707358702599124, 0.16573868348379506, 0.10467392650737982]], "ideal": "D", "sampled": "A", "correct": false}}
{"type": "result", "data": {"idx": 4, "options": ["arguing that something should be done because that's the way it's been done in the past.", "arguing that an act should be carried out because it will not have any significant consequences, when there is no evidence of the effects", "reasoning that a conclusion is true because it's been claimed so often", "reasoning that a claim is true because so many people believe it is true"], "probs": [[0.48823867971919555, 0.23562362246974428, 0.16802482109210717, 0.10811287661894986], [0.49329730519951825, 0.22647768569545612, 0.17433479390210613, 0.10589021510291988], [0.4600608928100098, 0.23723156722764605, 0.19057978622773036, 0.11212775363461645], [0.4556372445133842, 0.2284845159811315, 0.16085446107848383, 0.15502377832700182], [0.4703292096808159, 0.23759425455384278, 0.18666852952647414, 0.10540800613886535], [0.4602782848887173, 0.23130736507218963, 0.14348873235919854, 0.16492561757989693], [0.5073642171464247, 0.24369520976214037, 0.15322726881559176, 0.09571330417583344], [0.5139161312251603, 0.23395941928960148, 0.1556786708067107, 0.09644577857855877], [0.5038739077041173, 0.21983964459297023, 0.17589990342386297, 0.10038654417902579], [0.5027351105635429, 0.2233152518299342, 0.1512774200842008, 0.12267221742232083], [0.5057189578986674, 0.22420437044160293, 0.1707402495023431, 0.09933642205738849], [0.5109995926514993, 0.22135833265462088, 0.13611147431836942, 0.13153060027552044], [0.5111227868580569, 0.24148209738570287, 0.1399357110500558, 0.10745940460619648], [0.49182543129847284, 0.24719810727991262, 0.1265014662731478, 0.13447499504847], [0.5014587847195361, 0.23599906425568706, 0.15403217170317485, 0.10850997922158424], [0.5047447305466033, 0.2529690105413443, 0.13201202730635705, 0.11027423150569486], [0.4910805269842134, 0.23380964254441572, 0.1428527149531193, 0.13225711541824897], [0.5052734609674882, 0.23839887453876935, 0.1445817462017938, 0.11174591819193962], [0.5194112162180479, 0.23509726405261375, 0.14995314454411363, 0.09553837508523692], [0.486459087776192, 0.24083821808294947, 0.12576394871243932, 0.14693874532841972], [0.521895605234208, 0.2271495301028456, 0.15413064167266358, 0.09682422289028307], [0.5169931965653927, 0.23755495019318112, 0.12808539088364743, 0.1173664622577667], [0.49688444439158075, 0.21777419854843239, 0.1510226131227044, 0.1343187438372894], [0.5056191211957854, 0.22622401200348968, 0.1563861408758756, 0.11177072582486286]], "ideal": "C", "sampled": "B", "correct": false}}
{"type": "result", "data": {"idx": 5, "options": ["false criteria", "hasty generalization", "ad crumenam", "division"], "probs": [[0.3651191071957598, 0.2920332879980715, 0.24848224715544245, 0.09436535755071185], [0.3413561773396472, 0.2962847126407421, 0.23419654829267342, 0.12816256162695247], [0.33764471720597855, 0.3079482748038465, 0.2521337226373273, 0.10227328525287015], [0.306078776890182, 0.3190041882820188, 0.23578815063365968, 0.13912888409414484], [0.3650634847453602, 0.2957485748651083, 0.23580307078390975, 0.10338486950561632], [0.3620541168097135, 0.3104503632943989, 0.2345711862992148, 0.09292433349666639], [0.36184582668723775, 0.2952240538335157, 0.25833660102039546, 0.0845935183588697], [0.3449855205635409, 0.2973658598626771, 0.24293637405497764, 0.11471224541880262], [0.3539067427339892, 0.3149369672186552, 0.2413914063460209, 0.0897648836013144], [0.3224511047997213, 0.3208308816687425, 0.25072643021044727, 0.1059915832210932], [0.3850952023286581, 0.31101943287210887, 0.21112912725654776, 0.09275623744268706], [0.38430247031364134, 0.3204893429711422, 0.2225468393057494, 0.07266134730947615], [0.30785692977811024, 0.32049431822156604, 0.26976260904870136, 0.10188614285162033], [0.2871929318979669, 0.331480926888512, 0.2554690018112816, 0.12585713930223655], [0.31407576294075523, 0.33921073042351035, 0.25451556408690756, 0.09219794244883665], [0.28838222647861944, 0.34813265598965404, 0.2619426709568617, 0.10154244647486342], [0.3325225105486093, 0.3625350304625746, 0.2138941518519766, 0.09104830703685403], [0.32447102968048575, 0.3653133768621009, 0.23315842046842777, 0.07705717288898953], [0.3939425586077309, 0.26378272483986853, 0.2427201642492018, 0.0995545522031911], [0.39096465054878604, 0.2743031976713844, 0.24680211041075753, 0.08793004126906513], [0.4026746033879167, 0.28525796777074114, 0.2128370854220974, 0.09923034331923317], [0.40102520816060905, 0.2877344567420112, 0.23199841686460165, 0.07924191813277723], [0.4012833406130893, 0.29978440904057535, 0.21003163047302356, 0.08890061977330582], [0.38834424640799825, 0.30096495522673555, 0.23273171142232504, 0.07795908684294571]], "ideal": "D", "sampled": "D", "correct": true}}
{"type": "result", "data": {"idx": 6, "options": ["responding to an argument with an expression of derision instead of a counter argument", "attempts to gain agreement based solely the feelings aroused by the message", "characterizing an opponent's position in such way to make it or its consequences appear to be ridiculous", "arguing actions should be taken to avoid negative results, when those results are exaggerated, unlikely, or irrelevant"], "probs": [[0.46276948542262014, 0.22618254605926025, 0.17165985356793936, 0.13938811485018207], [0.46958947612205315, 0.2146603050399186, 0.16306072374743555, 0.15268949499058335], [0.4801322157977139, 0.2481896381078584, 0.13644946137821617, 0.13522868461620544], [0.5099041645796965, 0.2506915136786889, 0.14501577143434358, 0.09438855020724797], [0.5111027849166748, 0.2310684382126784, 0.12726148469068752, 0.13056729207995882], [0.5302589468415977, 0.2440055233622607, 0.13920779642944617, 0.08652773326670071], [0.4745192861988381, 0.2174200383724175, 0.168409789444697, 0.1396508858840494], [0.4898439567023602, 0.21002801385480654, 0.15672464146632134, 0.143403387876513], [0.49281069977221165, 0.23902323596879133, 0.1414889273513961, 0.12667713680760473], [0.5171770194805394, 0.24561946144144278, 0.135063112102593, 0.10214040687540067], [0.5102506873067535, 0.22768099346411005, 0.13818962035290663, 0.1238786987762042], [0.5150273190959344, 0.24402943475366673, 0.14001116700638386, 0.10093207904401962], [0.4651717137054844, 0.23714724739452933, 0.16613718263570196, 0.13154385616428504], [0.48747490087816076, 0.2388201540013398, 0.18345747567888548, 0.09024746934161572], [0.47862674999997007, 0.23261868014843437, 0.16038249947579322, 0.12837207027579492], [0.48589857180281765, 0.22929767443614982, 0.1740556322989705, 0.11074812136206634], [0.5332641894769886, 0.2599973891993682, 0.1283773916325638, 0.07836102959107592], [0.5214843565521481, 0.25133633795991084, 0.12769114058053668, 0.09948816480739306], [0.5095783704722693, 0.23701484764254532, 0.13592656549454912, 0.11748021629064972], [0.5209811669925036, 0.2423929896166889, 0.15755499028054873, 0.07907085301026426], [0.5029101176492764, 0.23661223045927746, 0.14857780172608287, 0.1118998500653434], [0.5066658593048524, 0.23421073989275196, 0.16712389797078522, 0.09199950273162691], [0.5485094599687933, 0.255148703472824, 0.12487216907981652, 0.07146966737855938], [0.5366584296923289, 0.24792161602661583, 0.12612907962356326, 0.08929087455748773]], "ideal": "A", "sampled": "D", "correct": false}}
{"type": "result", "data": {"idx": 7, "options": ["Appeal to ignorance", "Double negative", "Equivocation", "Burden of proof"], "probs": [[0.32636591596120684, 0.2689821040199875, 0.2794167813227582, 0.1252351985960607], [0.3413850005314934, 0.2739308056133722, 0.28094915839778556, 0.10373503535735186], [0.3377105271573931, 0.3118811131278468, 0.2363172005371625, 0.11409115907758248], [0.3188362262860539, 0.3194183992070877, 0.2647861670490462, 0.09695920735781996], [0.3644393099330376, 0.3119179230816321, 0.22386612847817947, 0.09977663840714057], [0.3296411209302445, 0.31821518719474534, 0.25377580113352327, 0.09836789064148302], [0.2773878670838453, 0.2943204946191739, 0.29965830568701773, 0.12863333250997913], [0.2771640040750086, 0.3026274608679421, 0.31309711631433174, 0.10711141864274054], [0.2676872245062931, 0.2941904639447623, 0.31347118260427526, 0.12465112884466789], [0.28187822984664707, 0.2907770579724335, 0.3147318288756929, 0.11261288320523892], [0.29339989420187224, 0.30742999490971135, 0.28730435990559394, 0.1118657508828165], [0.29731595833194374, 0.30401145930652423, 0.27315345623925924, 0.12551912602227291], [0.324897641725645, 0.314965968766153, 0.25347818947678086, 0.10665819993142485], [0.30141811253348516, 0.32643264838143315, 0.2847524828664259, 0.08739675611866764], [0.2791585151649389, 0.28461513517832565, 0.31655309830718614, 0.11967325124955487], [0.2958127329627095, 0.28121707771569593, 0.3168517493837872, 0.10611843983782436], [0.31423374745893323, 0.32119431370893425, 0.27433330540448725, 0.09023863332762216], [0.33134616708695863, 0.3238734016602256, 0.24512349122707966, 0.09965693992573271], [0.33983624391409156, 0.30353469704669994, 0.2503459265288708, 0.10628313241034318], [0.3028961358406514, 0.31010494576523423, 0.28431420461956763, 0.10268471367455023], [0.30355758846242864, 0.28143086328170447, 0.29916594826367543, 0.11584559989221384], [0.3017560375562063, 0.2803465051371561, 0.2876079668811741, 0.13028949032544773], [0.30559276032305294, 0.30451625513823233, 0.28750818850390464, 0.10238279593480588], [0.3266161085525882, 0.3069568398106934, 0.25450701219362226, 0.11192003934310588]], "ideal": "A", "sampled": "A", "correct": true}}
{"type": "result", "data": {"idx": 8, "options": ["ignoring another person's arguments and attacking her character instead", "asserting an opposing arguer has taken an easily defeated position, which she has not really taken", "causing confusion during an argument by a lack of ability to engage in refutation", "using threats of harm instead of reasoning to gain agreement"], "probs": [[0.49042557093278144, 0.26758133767008035, 0.1612436766065848, 0.08074941469053575], [0.49305326753018225, 0.27149543914585317, 0.14558218903936276, 0.08986910418460971], [0.48885009268923385, 0.2702193748840414, 0.15793344069558418, 0.0829970916311606], [0.479400450801126, 0.2598251338555942, 0.13898747767250708, 0.1217869375707834], [0.4833160728992114, 0.2764193567798179, 0.15344101523864204, 0.08682355498233518], [0.47635825847800095, 0.2669703326817178, 0.1450166704595136, 0.11165473828075181], [0.47197497468359895, 0.23175270590916439, 0.1888450229564718, 0.1074272963507538], [0.4722105524705007, 0.24033116632067597, 0.170848606588407, 0.11660967452041258], [0.48837320185997335, 0.2344794833316928, 0.1654172372456683, 0.11173007746266898], [0.49687167124359694, 0.23946042645103316, 0.15512619641168046, 0.10854170579369583], [0.4887059414882446, 0.2331625056242493, 0.16492679918766243, 0.11320475359984324], [0.48325312759221484, 0.23569315454929912, 0.18205738567676047, 0.09899633208172348], [0.4688928362330759, 0.2629763593399458, 0.17712998174216005, 0.09100082258481217], [0.45868085183986385, 0.2623550162709767, 0.15363044364710518, 0.12533368814203896], [0.49565299916396316, 0.2608257703509702, 0.15084896358685854, 0.09267226679818805], [0.5009797553268908, 0.26186748213002103, 0.14612310760116926, 0.09102965484194592], [0.48359195267304933, 0.24662872997097687, 0.146180784831058, 0.12359853242492544], [0.486582848068326, 0.26178170770324377, 0.16558034479902065, 0.08605509932939419], [0.4947961797870384, 0.2542182779355053, 0.1560399904585431, 0.09494555171892742], [0.49409469647606885, 0.24423032731064898, 0.14014118951347881, 0.121533786599825], [0.5068798043452574, 0.2459788737453688, 0.14593777325367907, 0.10120354855570171], [0.503486424012988, 0.24913378951616597, 0.16086700934296486, 0.08651277702785631], [0.5052890617530125, 0.22622997083498295, 0.140647711618728, 0.12783325569329945], [0.5068018670621375, 0.25030775599901034, 0.15595880752905739, 0.0869315693097892]], "ideal": "A", "sampled": "B", "correct": false}}
{"type": "result", "data": {"idx": 9, "options": ["Laudatory personality", "Guilt by association", "Reprehensible personality", "Circular reasoning"], "probs": [[0.37958679373960935, 0.316485506847547, 0.20669872931934422, 0.09722896999348657], [0.3763532657878679, 0.29687346152482247, 0.19515016418067338, 0.13162310840664268], [0.36725855035183175, 0.31511832604707524, 0.21706464344670345, 0.1005584800543859], [0.3538026425260191, 0.2982273653406133, 0.20807244547973236, 0.1398975465536397], [0.3763406557607313, 0.28875384574349244, 0.20500184060954801, 0.12990365778622617], [0.3849037240786534, 0.29196138041510383, 0.20649917344951754, 0.11663572195671894], [0.4372611936695089, 0.3067561054252348, 0.1731742745240477, 0.08280842628123344], [0.4381307248508135, 0.2899502214921494, 0.16318009088102456, 0.10873896267600966], [0.43520046686802316, 0.3139927671788417, 0.16894263392543418, 0.08186413192770255], [0.430369880850858, 0.30493050938828353, 0.16442462288257617, 0.10027498677827988], [0.4339889219263872, 0.2826181906873197, 0.18723595239007496, 0.09615693489619312], [0.44274806243882703, 0.29460890360753467, 0.1800487615590549, 0.08259427229458302], [0.38143167355396174, 0.3183498635555672, 0.20278118368459988, 0.09743727910586579], [0.35623750228138523, 0.30509562754613806, 0.20000631773569522, 0.1386605523367868], [0.3780563272611256, 0.31693496708617613, 0.2038368941279496, 0.10117181142474495], [0.36759182317055666, 0.3037497034196175, 0.20105220112603706, 0.12760627218378304], [0.3680364256617173, 0.29881233763748466, 0.19984011891912318, 0.13331111768166148], [0.3677700047767244, 0.3097867588145739, 0.19412447819026182, 0.12831875811844337], [0.4271250487567479, 0.2842891073363418, 0.18051705073636626, 0.10806879307054781], [0.4339759051508807, 0.2843137009196628, 0.18164858630586111, 0.10006180752359946], [0.4114401365291691, 0.3011342589448885, 0.18450250225658726, 0.10292310216934517], [0.42314649054912373, 0.3067534694124479, 0.1793918219285415, 0.09070821800990046], [0.43001979363883164, 0.29752858471902194, 0.16854152613120196, 0.1039100954109616], [0.41782810279615973, 0.30656193753713834, 0.17088499265267182, 0.1047249669140455]], "ideal": "B", "sampled": "B", "correct": true}}
{"type": "result", "data": {"idx": 10, "options": ["Appeal to ignorance", "Extension", "a priori", "Complex question"], "probs": [[0.26729685784715795, 0.39971092521617996, 0.23949189222107822, 0.0935003246155783], [0.29111837082170355, 0.4005847004559287, 0.20818676075750672, 0.10011016786484422], [0.3132619566811417, 0.3615336786412666, 0.2179806525717165, 0.10722371200587896], [0.33074851620817486, 0.35551088594770036, 0.20039611398145774, 0.11334448376267772], [0.25217474232578047, 0.3601385254189315, 0.2720945120043573, 0.11559222015092768], [0.271602200855081, 0.3424261107184472, 0.27961065419520476, 0.10636103413126734], [0.2841183634334186, 0.37425330337759344, 0.25708269673282397, 0.08454563635618002], [0.29207531511512447, 0.37664152820074465, 0.23232485554803187, 0.0989583010360944], [0.3049688167226328, 0.38028112599187963, 0.2198886176160961, 0.09486143956939756], [0.3217344995890439, 0.3727089780178401, 0.19683801662981457, 0.10871850566331713], [0.27033840877873744, 0.35224519435182405, 0.27052485859772896, 0.10689153817170609], [0.23798568133018155, 0.3553555211831594, 0.297587897712727, 0.10907089967393416], [0.32838812775463666, 0.3573479418672601, 0.23036200599780213, 0.08390192428030414], [0.3437103358358796, 0.3496241354002524, 0.2101799553310603, 0.09648557333281466], [0.33728376430050927, 0.3812843899810477, 0.20002317702880348, 0.08140866858962763], [0.35284881119774203, 0.3685609150617079, 0.1839447675329713, 0.09464550610757977], [0.32822783303572134, 0.3235895765055439, 0.24974757866202832, 0.09843501169668457], [0.33505974648370257, 0.3302572309216672, 0.2345836436700376, 0.10009937882458665], [0.19562660123860393, 0.38556651574288164, 0.2938652351269834, 0.12494164779153226], [0.2383374601442256, 0.357522640337424, 0.2897662604389043, 0.11437363897945076], [0.23258918968401235, 0.4011137119788322, 0.25452391860433254, 0.11177317963282192], [0.21303875536589184, 0.3909499871336787, 0.277326520093844, 0.11868473730658309], [0.25406280677414317, 0.36597708336329265, 0.2465115147777801, 0.1334485949847891], [0.2549034381993875, 0.37309814121527995, 0.23185317724454474, 0.1401452432407756]], "ideal": "D", "sampled": "C", "correct": false}}
{"type": "result", "data": {"idx": 11, "options": ["Attacking the Person (ad hominem)", "Equivocation", "Begging the Question", "Appeal to Pity"], "probs": [[0.37587465064298653, 0.33122743921043557, 0.2104111746726175, 0.08248673537397347], [0.37571418519578365, 0.3227601054965409, 0.21193052644267263, 0.08959518276499835], [0.39056644880943414, 0.32637218656200084, 0.19555004392789338, 0.08751132060068306], [0.3967464473997382, 0.31689534227128907, 0.20475332521152054, 0.08160488501745373], [0.37700097275033956, 0.30594631146450246, 0.22982549784979248, 0.08722721783534909], [0.38282538714629316, 0.305163702743575, 0.23737779919848068, 0.07463311081165107], [0.37988093154461083, 0.37625257488142383, 0.1758938759145712, 0.06797261755939135], [0.3872233778161028, 0.35941849575758494, 0.18067391532413812, 0.07268421100217146], [0.38624106172672273, 0.3469316660601109, 0.20057113615537212, 0.06625613595778512], [0.3924148094351671, 0.32427621680861984, 0.17524809349873233, 0.10806088015748384], [0.3713010404326457, 0.3195403258973193, 0.2403978240944518, 0.06876080947559186], [0.37724704005790793, 0.31520554197897077, 0.20652915188289991, 0.10101826598022448], [0.3871933713343044, 0.3850230977876644, 0.15682297701190318, 0.07096055376612485], [0.3969698851276355, 0.3713293699262815, 0.16269278692146616, 0.06900795792462142], [0.3793590470679541, 0.3495929076176622, 0.2000884516701102, 0.07095959354427529], [0.3794831898217848, 0.33628220046207824, 0.17138318911540223, 0.11285142050073242], [0.3654415638230461, 0.32318850941401633, 0.24260849869437812, 0.06876142796857009], [0.36384972688061384, 0.32796522255449206, 0.19570818989516345, 0.11247686056972031], [0.36155867771866107, 0.36674706182713335, 0.18789360746925882, 0.08380065288494373], [0.37227647355548693, 0.3664468864975695, 0.18615963271036856, 0.07511700713658499], [0.35497233942920103, 0.336219874636803, 0.22579542217194085, 0.08301236366204937], [0.3647473910320733, 0.3281700230318687, 0.18760347815919123, 0.11947910767687675], [0.3720497630736525, 0.3295729081217643, 0.2231965997885037, 0.07518072891608346], [0.36992588260052073, 0.3225876211486318, 0.1782145191456246, 0.12927197700521778]], "ideal": "C", "sampled": "A", "correct": false}}
{"type": "result", "data": {"idx": 12, "options": ["Equivocation", "Affirming the Consequent", "Gambler's Fallacy", "Inconsistency"], "probs": [[0.3728397310285743, 0.33749956482474464, 0.21507244328968694, 0.07458826075698775], [0.3515410032233057, 0.35503168214939823, 0.1962285599376336, 0.09719875458966269], [0.3676578559915698, 0.36213965863663633, 0.18419168182060802, 0.08601080345118588], [0.33247326808105326, 0.35675562508175407, 0.17731840866847198, 0.1334526980687103], [0.35795094467221317, 0.3384597704209187, 0.20203919404894718, 0.10155009075791861], [0.35615173791867455, 0.3261674385111572, 0.2028943871411564, 0.11478643632901481], [0.39998393081403805, 0.31719969618036087, 0.2074207268172473, 0.07539564608835546], [0.383156941484212, 0.3328531768969366, 0.19133741895521747, 0.09265246256362956], [0.4054109952053664, 0.3605104966743736, 0.14705086119011293, 0.087027646830149], [0.3802024743844743, 0.38174781132057845, 0.1488405979556522, 0.08920911623930097], [0.4000371484398204, 0.3330940618012626, 0.17366890473791138, 0.09319988492099787], [0.3872900404644746, 0.3438181498125747, 0.19498237110192407, 0.07390943852102205], [0.37657678720838944, 0.34293603720230736, 0.19190342683112674, 0.08858374865819595], [0.34383888577067456, 0.3480626730733111, 0.18419221734714647, 0.12390622370888002], [0.40072919325050876, 0.35365588481961524, 0.16124556054525668, 0.08436936128461735], [0.3759501070843036, 0.3745808538983464, 0.1606717540714029, 0.08879728484596336], [0.35124786088967075, 0.34032798255653235, 0.18412420254090786, 0.12429995391288841], [0.3658077451371056, 0.350503973279682, 0.19254146200413266, 0.0911468194790599], [0.36533118226639055, 0.33460699064050353, 0.1934940231697169, 0.10656780382338078], [0.3566495312558161, 0.32544632417854513, 0.20068404012017302, 0.11722010434546669], [0.3797070194177006, 0.3370122583081316, 0.18564334777061328, 0.09763737440356188], [0.37137519439020206, 0.34164284584445614, 0.20978520344039917, 0.07719675622495184], [0.3586036653775961, 0.3530706059560522, 0.1611405807715487, 0.12718514779480586], [0.37091617157582046, 0.36882807054512773, 0.16721307057065402, 0.09304268720839634]], "ideal": "D", "sampled": "B", "correct": false}}
{"type": "result", "data": {"idx": 13, "options": ["arguing that something is necessarily bad because it doesn't cost very much", "substituting individual stories for a larger sample when supporting a generalization", "arguing that what is true in nature must be true about humans", "the same thing as the  post hoc  fallacy"], "probs": [[0.5194329090135819, 0.22641971763323884, 0.13423526196746974, 0.11991211128573344], [0.5291719500482481, 0.20783151631975127, 0.1169314861423295, 0.14606504738966206], [0.5137731061465128, 0.2276473168922087, 0.13232626236253084, 0.12625331449873273], [0.5252803416028355, 0.21283935214581978, 0.11740636043924711, 0.14447394571209432], [0.5280157375158104, 0.20795446172627835, 0.12430619505799491, 0.13972360559992822], [0.5164502723509095, 0.21671730940503114, 0.12974927897751842, 0.13708313916651996], [0.4955112912213206, 0.2568503650648592, 0.13346296951054587, 0.11417537410327425], [0.5113320500006514, 0.236050036509851, 0.11768162279884484, 0.1349362905906315], [0.48783974717551126, 0.25008237811137995, 0.13175304010962582, 0.13032483450347748], [0.4938485944566218, 0.23944919872693915, 0.12481051781565158, 0.14189168890078796], [0.47348472199073843, 0.2451083529962188, 0.12967406822544705, 0.15173285668758568], [0.47340736964047897, 0.2493510852503768, 0.13703019240071876, 0.1402113526084348], [0.5282760941718968, 0.2254258364402364, 0.12793546318627805, 0.11836260610159499], [0.540992691805442, 0.21342460041085534, 0.11542550374363633, 0.13015720394004493], [0.5022334665760284, 0.22806340087230179, 0.12360438130070149, 0.14609875115099133], [0.5139062648480147, 0.2195346619404788, 0.11869505100367495, 0.14786402210784336], [0.4973822588231354, 0.22667697324961952, 0.12068075097134262, 0.15526001685589697], [0.5089423320727262, 0.221810452188059, 0.12056095214598167, 0.14868626349326017], [0.4732128914460769, 0.28082508720885285, 0.1357322526315479, 0.11022976861352966], [0.45881714849894994, 0.28743373799880595, 0.14704644743762982, 0.10670266596461951], [0.4555756742652259, 0.2856270859941352, 0.1317496052549389, 0.12704763438569236], [0.45288281693295457, 0.2841242151382417, 0.1459811477710807, 0.11701182005771302], [0.4470909638417351, 0.27863114502719377, 0.14124447079537317, 0.13303342023569317], [0.4578080195296997, 0.27543653367883975, 0.1388931006031856, 0.1278623460882829]], "ideal": "C", "sampled": "A", "correct": false}}
{"type": "result", "data": {"idx": 14, "options": ["Style over substance", "Question begging epithets", "Hypostatization", "Amphiboly"], "probs": [[0.2605057445131534, 0.27467300092438957, 0.3041129298085708, 0.1607083246538765], [0.2417224499782639, 0.2948698246799544, 0.29959421591696883, 0.16381350932480515], [0.26048714702266157, 0.27563759285811784, 0.28724880985669965, 0.17662645016251685], [0.2453343881935645, 0.296628875342518, 0.2881785902454942, 0.16985814611841185], [0.26138373450542435, 0.2960843891701067, 0.26537592750743366, 0.17715594871703244], [0.2687298296074471, 0.2941206483214815, 0.2678104805524468, 0.1693390414186238], [0.24452153287829798, 0.3029198941957205, 0.2793202886095671, 0.1732382842164215], [0.22687157813963688, 0.31996582897810494, 0.2758205913079303, 0.17734200147432547], [0.2241890317164744, 0.3124106127787368, 0.2925011059882543, 0.17089924941655663], [0.21053471199632665, 0.33861473845234263, 0.295458629016409, 0.1553919204349052], [0.22857236857935884, 0.33559695127630323, 0.2631261292346308, 0.17270455080970923], [0.23614605770755148, 0.34219491925110734, 0.2628762581414445, 0.15878276479989167], [0.27234489556632724, 0.27135688211228093, 0.27145842462890907, 0.1848397975925062], [0.26573162197161354, 0.2835409334033523, 0.2765533655729882, 0.17417407895206652], [0.27212370918967094, 0.283368224596894, 0.2861747049846242, 0.1583333611288259], [0.2677610280485216, 0.30271813494210376, 0.28620518748957985, 0.14331564941978134], [0.27248011440790076, 0.2900632154739156, 0.2657311970757182, 0.17172547294243712], [0.28214471676182495, 0.29582933585703036, 0.2653912029839915, 0.15663474429715413], [0.27846176032039816, 0.2862700083984866, 0.2611946471497289, 0.17407358403139803], [0.2856315113008966, 0.2816835819076373, 0.2651650847978088, 0.16751982189364628], [0.2789183120068397, 0.30040809415581465, 0.26825446767486094, 0.1524191260625039], [0.2901541596017242, 0.3048047117163788, 0.267522213815392, 0.13751891476652472], [0.27193789582226674, 0.28142743405784537, 0.2796041093791482, 0.16703056064073216], [0.2804129000047766, 0.2894326766419261, 0.27953607329745706, 0.150618349955849]], "ideal": "B", "sampled": "D", "correct": false}}
{"type": "result", "data": {"idx": 15, "options": ["Tu quoque", "Composition", "Appeal to the masses", "Appeal to reason"], "probs": [[0.32521504271079527, 0.3460252712315444, 0.22842806146897876, 0.1003316244886845], [0.347890334462349, 0.34379824199448805, 0.20987920444246827, 0.0984322190006802], [0.34867348949002264, 0.3230625294970133, 0.23685989658860954, 0.09140408432435813], [0.3492220343941292, 0.3180616915157035, 0.25502437461190763, 0.07769189937826733], [0.3576274154180636, 0.3332520726206364, 0.2122992269930148, 0.09682128486828563], [0.33441287097692707, 0.3255186947953126, 0.25072722469609915, 0.08934120943166689], [0.3047037143567342, 0.3333684564017038, 0.2540148804090471, 0.10791294873252598], [0.3178062931073888, 0.3499406653612317, 0.22802033155489115, 0.10423270987650145], [0.33279053559625804, 0.2929927605225423, 0.26009306939846455, 0.11412363438275011], [0.37028478434827616, 0.29190137249346726, 0.24625710313533464, 0.0915567399229293], [0.33501419926213377, 0.31647332889843066, 0.2383364290977151, 0.11017604264171012], [0.36449394950274977, 0.2993071903789785, 0.2354486858603341, 0.10075017415793577], [0.28173864382599595, 0.3680112523523736, 0.23026771330783935, 0.11998239041379119], [0.2883791096867938, 0.3632614269938559, 0.24806393191132808, 0.10029553130803046], [0.27080223424104066, 0.3714833216434682, 0.23837701746094692, 0.11933742655452712], [0.31968335696371836, 0.3485440573923337, 0.2338720728220513, 0.0979005127218953], [0.3172807375686393, 0.33324909315328477, 0.2563107393056328, 0.09315942987244438], [0.34661017137632233, 0.33713024077087733, 0.22378758773439186, 0.09247200001840922], [0.30994770885039363, 0.34101986153210856, 0.2191204078178248, 0.12991202169968447], [0.2948652631038161, 0.33483394596591887, 0.26347732234916876, 0.10682346848110112], [0.30807939184496985, 0.32591705052679154, 0.2409441853126319, 0.1250593722155966], [0.3395333295403377, 0.31145590455243477, 0.2451637990609397, 0.10384696674628845], [0.3556467625844666, 0.29314393918854714, 0.25921996502408734, 0.09198933310291198], [0.3705758394703861, 0.30730893343863325, 0.22683546389740053, 0.09527976309359044]], "ideal": "C", "sampled": "A", "correct": false}}
{"type": "result", "data": {"idx": 16, "options": ["poisoning the well", "suppressed evidence", "appeal to pride", "appeal to the people"], "probs": [[0.2280877207840796, 0.3784167593104998, 0.2781194926684134, 0.11537602713702716], [0.23630138126994898, 0.3738235115638354, 0.28794075249464623, 0.10193435457157336], [0.2299322328958947, 0.3693925755746388, 0.28397496625017515, 0.11670022517929987], [0.22056675864056308, 0.37165276788863144, 0.3086743640942847, 0.09910610927651406], [0.24509003065775187, 0.3735757889369726, 0.2815596437007145, 0.09977453660456242], [0.23848126243640402, 0.37381306720552215, 0.2913039904631926, 0.09640167979489096], [0.19884518179452815, 0.3887559623538199, 0.2925514763251947, 0.11984737942644365], [0.20432651195996596, 0.3840900017873903, 0.3054991081401756, 0.10608437801246207], [0.19783504481641773, 0.38133564216108706, 0.3115383450479741, 0.10929096787452015], [0.196393740580677, 0.3738680368954707, 0.3235829267252346, 0.10615529569861341], [0.20723954540250325, 0.38722398657011264, 0.30790669571905027, 0.09762977220833627], [0.2071084923273303, 0.3818827381227177, 0.3081660197423346, 0.1028427497076305], [0.19505490441934545, 0.4063476923037367, 0.2825490920514326, 0.11604831112546965], [0.1753857525464439, 0.4080469012715102, 0.31526027304283777, 0.10130707303919878], [0.1992096172452193, 0.4075622747602482, 0.2894009262451602, 0.10382718164936014], [0.18722176503260035, 0.3983073146833284, 0.31043458423670756, 0.10403633594737015], [0.2005381357737012, 0.40364070759234977, 0.31890917527756807, 0.07691198125638073], [0.20395970415807993, 0.39443124278180935, 0.30847084471959507, 0.09313820824051923], [0.22847766706585215, 0.3840573395240549, 0.2839713077794411, 0.1034936855306537], [0.21945206553383143, 0.3840935208967484, 0.2974159996808254, 0.09903841378859701], [0.22725491550542368, 0.3825772671336511, 0.2957037838801138, 0.09446403338082214], [0.21853812169096862, 0.3773941012814704, 0.30685129584608056, 0.09721648108146522], [0.21625057945677162, 0.37230167473056935, 0.3318017443703561, 0.07964600134232054], [0.22351738337812044, 0.36293490835354797, 0.3180256023260351, 0.09552210584228944]], "ideal": "D", "sampled": "A", "correct": false}}
