{"type": "result", "data": {"idx": 0, "options": ["ADD.", "AIDA.", "PESTLE.", "SWOT."], "probs": [[0.44629950777725547, 0.2745224088482987, 0.1805059221667307, 0.09867216110770331], [0.43760457055422036, 0.28711494709614743, 0.1783245670893972, 0.09695591516022624], [0.3824193095751706, 0.25048616420356296, 0.2268586780684017, 0.14023584805285882], [0.30236637390839216, 0.24636410603267098, 0.23426412947087993, 0.21700539048805495], [0.35191392945269057, 0.2698971315518691, 0.24148776029040878, 0.1367011786050521], [0.27277432413339087, 0.25751054439336146, 0.24085260315769452, 0.22886252821556105], [0.3053929422679802, 0.2634854553861436, 0.2898960419357198, 0.14122556031014918], [0.3086634883873, 0.2789648467065208, 0.27724397746629487, 0.13512768733990024], [0.3053010350749321, 0.27757106184348107, 0.27658993617413674, 0.14053796680744665], [0.32254758816876183, 0.2857649569868076, 0.2547504770186086, 0.13693697772584107], [0.28832023697329096, 0.29771507872461883, 0.2632498447914515, 0.1507148394106569], [0.3304047290251784, 0.2872687838626898, 0.238653952900582, 0.1436725341115624], [0.35295093759568635, 0.23010904812668956, 0.24314032347232206, 0.1737996907053018], [0.28636543274579906, 0.21793206288578723, 0.24883713277867936, 0.2468653714897565], [0.3916312504451383, 0.2451922010638943, 0.21185429790391241, 0.1513222504870519], [0.398392073185844, 0.25819161518175693, 0.2027724256304546, 0.14064388590195134], [0.2683153383612672, 0.20024051538102022, 0.28747908481110496, 0.24396506134660817], [0.3097245273350532, 0.2385704610684905, 0.2827891603906479, 0.16891585110578977], [0.31457703366078116, 0.25774232941360226, 0.2624428293151356, 0.16523780751047426], [0.2549396391876385, 0.23688313209113357, 0.252121721800743, 0.25605550682050016], [0.35411079945105955, 0.28408511783674795, 0.2195919258326734, 0.14221215677954088], [0.3766908719770641, 0.2746393572915839, 0.20186645234956946, 0.14680331828179446], [0.24011115906170186, 0.21372160492852613, 0.3109629169793865, 0.23520431893038662], [0.27523610151342404, 0.2498282139005368, 0.3084519702040275, 0.1664837142820085]], "ideal": "B", "sampled": "B", "correct": true}}
{"type": "result", "data": {"idx": 1, "options": ["The realm of understanding.", "Personal selling.", "Noise.", "Feedback."], "probs": [[0.16562052656720225, 0.46447821058169825, 0.28703193748503353, 0.08286932526607652], [0.20512590014457815, 0.46146585515427735, 0.2687836560360609, 0.06462458856507271], [0.12750325152052597, 0.3728080755890026, 0.3879389092768072, 0.1117497635136795], [0.11435954704411619, 0.3501993393300668, 0.365067350966333, 0.17037376255945677], [0.18103494001653028, 0.41614593132133737, 0.32861352828948764, 0.07420560027265242], [0.13984339984679586, 0.38550429579721074, 0.33121155915024453, 0.14344074510575971], [0.12729490639658506, 0.3494599043334276, 0.40565777391995744, 0.1175874152500117], [0.16665475211925515, 0.33610161837303604, 0.39936664377745046, 0.09787698563022867], [0.06391898917597755, 0.2911450360917399, 0.4163603234891422, 0.22857565114315975], [0.070893049233023, 0.22756433484662833, 0.3211114406264582, 0.38043117519389047], [0.10449340600938656, 0.27807427974178867, 0.45610327945478363, 0.16132903469403156], [0.08977119811838119, 0.24226264362704128, 0.3451365482101665, 0.3228296099444056], [0.08457480693815736, 0.3281022208313396, 0.47392659559210537, 0.11339637653840619], [0.08683627546348076, 0.3126930061235936, 0.44310702729586, 0.15736369101707398], [0.06104556211458289, 0.2917583420591092, 0.4546896631400127, 0.1925064325862778], [0.06424843378044069, 0.22772373843013824, 0.37860394438410966, 0.3294238833053002], [0.05078582921954545, 0.2447036292789381, 0.5020183462984039, 0.20249219510309416], [0.07053177583926315, 0.222931510958254, 0.4257515804205374, 0.28078513268195193], [0.16505040957126688, 0.3507017259151498, 0.3975673492046418, 0.08668051520892998], [0.13799471940347371, 0.32903423615235394, 0.39028327482809283, 0.14268776951609813], [0.14251906791001037, 0.32370026935571955, 0.4069273196465034, 0.12685334298778253], [0.11589982297405294, 0.28314799470297686, 0.3441249709102027, 0.256827211312774], [0.10137012134166341, 0.2660511726835719, 0.42962555797642105, 0.20295314789834487], [0.11957574769075281, 0.2359054305157288, 0.3619947067644118, 0.282524114929103]], "ideal": "A", "sampled": "A", "correct": true}}
{"type": "result", "data": {"idx": 2, "options": ["In the late 1800s.", "In the early 1900s.", "In the 1920s.", "After the end of the Second World War."], "probs": [[0.36363262526989354, 0.2652032928030031, 0.2006254063540314, 0.17053867547308552], [0.34902726245986093, 0.2632670027634137, 0.2166723052538056, 0.1710334294229196], [0.36981705877707893, 0.2733394410814108, 0.19323062175181566, 0.16361287828968996], [0.3465840152559689, 0.2754751053279283, 0.21081202531310533, 0.16712885400300762], [0.34877621707214157, 0.25395020940627777, 0.2139262048783162, 0.18334736854326217], [0.3575702249713131, 0.2593229236688783, 0.21038749811339974, 0.17271935314641224], [0.3668186838630324, 0.26251108659163064, 0.2001380515410905, 0.17053217790425848], [0.3562807822118751, 0.2568472399350949, 0.2075729989871595, 0.17929897876589176], [0.35810612643066037, 0.27650956075845917, 0.20874689010674194, 0.1566374226041289], [0.36301629460178697, 0.2715930392672237, 0.21829600129346075, 0.14709466473751517], [0.34627489812963624, 0.25708625044165556, 0.2246780688784137, 0.1719607824503138], [0.37299780575276503, 0.258134700978061, 0.20590427853975357, 0.16296321462941296], [0.3780807975797933, 0.276723728611936, 0.18342477447996214, 0.1617706992283154], [0.361580345276278, 0.2721164774944718, 0.19875979013000375, 0.16754338699922874], [0.3807978514097565, 0.27113097594651014, 0.18725304432973322, 0.16081812821400363], [0.37866953662449887, 0.2650275070796302, 0.1993919738878007, 0.15691098230805664], [0.35395467166146927, 0.26621726124623335, 0.22257750673151855, 0.15725056026077475], [0.37219149229143894, 0.26469319962885274, 0.21775738915693602, 0.1453579188227926], [0.31649967330900824, 0.2437755465928404, 0.24577633133799176, 0.19394844866016075], [0.3324845901148834, 0.24631128196390673, 0.24685691961704742, 0.17434720820413752], [0.32674871814099876, 0.2473176828728805, 0.25018851611751947, 0.1757450827686083], [0.3507637599668362, 0.247995205230817, 0.2371772241774343, 0.1640638105248995], [0.327304159821572, 0.24774503576351856, 0.2628443366867412, 0.16210646762816025], [0.3484763389641762, 0.24866732997717295, 0.2512950057460829, 0.1515613252125837]], "ideal": "C", "sampled": "C", "correct": true}}
{"type": "result", "data": {"idx": 3, "options": ["The level of tangibility associated with the type of product.", "Performance-value.", "Variations in supply and demand.", "The way in which the service is delivered."], "probs": [[0.153469644484956, 0.19391828910687758, 0.18672479072534726, 0.46588727558280685], [0.18862323987108476, 0.2373632084905951, 0.1776079192257914, 0.3964056323125296], [0.14703396037261293, 0.20532283580038022, 0.17806573532485503, 0.4695774684021478], [0.12228685334688699, 0.21631542112129223, 0.14788817526898596, 0.5135095501628248], [0.17511352728686183, 0.21859332246244634, 0.2098645063781485, 0.3964286437725343], [0.11336609313215816, 0.19675197709629993, 0.19566861934540555, 0.49421331032613786], [0.14308303032882388, 0.22092382052186157, 0.21801702227457725, 0.4179761267747209], [0.17973869688106164, 0.2669905076885661, 0.2032906936587355, 0.3499801016716254], [0.18465950471786416, 0.22262237650810845, 0.20393215578485044, 0.38878596288918144], [0.19216849614578604, 0.21497628711456787, 0.18123299260944156, 0.41162222403020055], [0.19110424941206883, 0.2646267896418583, 0.19476225802843034, 0.34950670281765034], [0.16620290509922084, 0.21865639880273677, 0.18769647080788313, 0.4274442251901598], [0.17541578143699443, 0.20806741201235368, 0.19687785382075998, 0.41963895262988254], [0.16380186388176282, 0.20926770250500995, 0.15518671168684783, 0.4717437218263723], [0.20646444801833833, 0.23446330846465996, 0.19963310274106516, 0.35943914067594446], [0.21814465397624982, 0.21074494069441874, 0.17608513388400643, 0.39502527134531], [0.18544721312263024, 0.21451221117795694, 0.17513188875559418, 0.4249086868438265], [0.2044137753261668, 0.19395340907016054, 0.20398584366653805, 0.39764697183714154], [0.16556322655260716, 0.2113573815186104, 0.2256826298448496, 0.3973967619839221], [0.11413735422899826, 0.191095271097247, 0.20261277273554443, 0.49215460183822707], [0.18596191739084353, 0.2460879692575488, 0.16987510444012754, 0.39807500881148017], [0.1693491149765728, 0.1913639539690618, 0.1717210368004243, 0.4675658941539455], [0.13510113202722507, 0.20537121410048298, 0.1625142449827049, 0.49701340878956973], [0.16440456837559286, 0.19564343159985048, 0.20001101309347374, 0.43994098683109945]], "ideal": "B", "sampled": "B", "correct": true}}
{"type": "result", "data": {"idx": 4, "options": ["found guilty under the Sherman Antitrust Act and face prison time", "found guilty under the Magnuson-Moss Warranty Act and face large fines", "found guilty under the Adamson Act and face prison time and fines", "found not guilty because retailers are allowed to set their own price levels"], "probs": [[0.41855743578101806, 0.3481219442659497, 0.13811724825378352, 0.09520337159926599], [0.4222659400036973, 0.3405444696466808, 0.12845204652247968, 0.1087375437271487], [0.42776259143761053, 0.3184527222361404, 0.15974183425297508, 0.09404285197327159], [0.4460377280670377, 0.31892392313667556, 0.1473523540165831, 0.08768599467970298], [0.42318462884976854, 0.3409334010969696, 0.13720671939881518, 0.09867525055445919], [0.4518326330612976, 0.33862307972620254, 0.13627710720511887, 0.0732671799073878], [0.42867097437405965, 0.32986973045251466, 0.14072182826474833, 0.10073746680868836], [0.42432805768032195, 0.33206706912598705, 0.12982375232415186, 0.11378112076952475], [0.4290576613672129, 0.3258356824269151, 0.14493873989372022, 0.10016791621213873], [0.44940404248279925, 0.32667842321275475, 0.13288581099756516, 0.0910317232068997], [0.44843864843285774, 0.33224021200131515, 0.1356652936355302, 0.08365584583029946], [0.4529109303821388, 0.3357639119944547, 0.1336286189271729, 0.07769653859622945], [0.434264644960562, 0.3191038918849304, 0.14757797281564983, 0.09905349023883894], [0.4515007681490351, 0.31708919727927726, 0.13737562739253162, 0.09403440707915478], [0.42594269953589564, 0.3286607940191409, 0.1469799956566437, 0.0984165106883433], [0.44503965969746767, 0.32919802787407965, 0.13134223326157482, 0.09442007906689291], [0.44624966173538844, 0.33527869919920805, 0.13863741742768082, 0.07983422153773345], [0.43722462373867177, 0.3430565226424652, 0.1372664797020006, 0.08245237381685865], [0.40985845710181723, 0.347161465823625, 0.14353053202543015, 0.09944954494912865], [0.44552181516387857, 0.333540733926476, 0.1434301679563269, 0.07750728285332988], [0.412168857220627, 0.3485042605835713, 0.1434685097381571, 0.0958583723576679], [0.4261337849677705, 0.349567900257949, 0.13861705209744263, 0.08568126257686233], [0.4338891104548434, 0.3333675880380966, 0.1505665026183053, 0.08217679878874909], [0.4260031035402543, 0.3367113226557431, 0.1495565509694635, 0.08772902273454396]], "ideal": "A", "sampled": "B", "correct": false}}
{"type": "result", "data": {"idx": 5, "options": ["A composite analysis of all environmental factors inside and outside the firm.", "A series of business decisions that aid in selling a product.", "The relationship between a firm's marketing strengths and its business weaknesses.", "A blending of four strategic elements to satisfy specific target markets."], "probs": [[0.3900059798701637, 0.2821191176162092, 0.16939777006717396, 0.1584771323464269], [0.39063993687385234, 0.3057711209393801, 0.1579895105049731, 0.14559943158179206], [0.37965667309344886, 0.2693700985177219, 0.18039954272140005, 0.1705736855674349], [0.3727869837670965, 0.29157926878245227, 0.16765942046483587, 0.1679743268856295], [0.4016320816244773, 0.3008768224815693, 0.16227695154474417, 0.13521414424921444], [0.3880527257487736, 0.30411958812403417, 0.1586461657016882, 0.14918152032548868], [0.37968567143783777, 0.29136285642429094, 0.17317420591140334, 0.15577726612645967], [0.3730572647168816, 0.3199305111237375, 0.1644671045478826, 0.14254511951149235], [0.3857707011936416, 0.294787463600496, 0.16780612569214318, 0.15163570941372123], [0.41565587377265706, 0.31145825418727985, 0.16378558261248385, 0.1091002893275608], [0.4077050906856782, 0.3091476407859647, 0.15161400978682937, 0.13153325864154108], [0.4400575039904902, 0.3062954137734609, 0.1534896124570986, 0.10015746967894636], [0.38138736593958744, 0.2596253336290665, 0.18776970148215874, 0.17121759884919083], [0.3669858719909276, 0.2870025419477668, 0.17468351652159117, 0.1713280694397161], [0.4126776932980266, 0.2706343614689883, 0.169554462805277, 0.14713348232770979], [0.43664415013897406, 0.289467099252403, 0.16600668566606938, 0.10788206484255075], [0.41166689825537045, 0.286487603641612, 0.15791944094493632, 0.14392605705809564], [0.45111718468394074, 0.28412013838649025, 0.1611423700261777, 0.10362030680338193], [0.40269411886910855, 0.26989997493694384, 0.17931496558728402, 0.1480909405066551], [0.382466729709625, 0.2745721033239815, 0.17174742268290147, 0.17121374418347374], [0.43271060041074644, 0.2752532016424895, 0.15948155778541473, 0.13255464006135004], [0.46100783389462513, 0.27864847385850666, 0.15615937255397241, 0.10418431959290969], [0.3946557524868841, 0.27188812526607314, 0.16430864393692132, 0.16914747821011875], [0.4403454063967419, 0.27506217997482174, 0.16759267569576608, 0.11699973783266478]], "ideal": "D", "sampled": "D", "correct": true}}
{"type": "result", "data": {"idx": 6, "options": ["Gatekeepers.", "Buyers.", "Users.", "Initiators."], "probs": [[0.2495740368537394, 0.46345574371751036, 0.20659828287082785, 0.08037193645792268], [0.26291401503828166, 0.46595053782498175, 0.20256258772479313, 0.068572859311927], [0.23039180974313175, 0.4644296200785856, 0.22211422257479177, 0.08306434750349456], [0.2650178893458013, 0.4428523974677183, 0.22058914845478902, 0.07154056463171009], [0.27431568255745037, 0.46311835122794104, 0.20200081374125062, 0.060565152373367896], [0.27968198579458464, 0.4467575038037848, 0.2083353225849128, 0.0652251877167194], [0.2718954865111697, 0.41379900569233724, 0.2259537900886925, 0.08835171760781124], [0.2809802728774594, 0.41924674894048825, 0.2267004494785185, 0.07307252860351819], [0.2614373754854433, 0.41533321669428325, 0.23222767176169104, 0.0910017359585731], [0.27752748955503054, 0.4087039735931635, 0.24026856131513807, 0.07349997543667249], [0.2775630645902749, 0.40946848370011835, 0.24747402640564373, 0.06549442520395345], [0.2748291067502652, 0.41332866996690787, 0.24403256505234686, 0.06780965813048312], [0.23246392820368925, 0.473196435139833, 0.20081682102930878, 0.09352281552717492], [0.2559820881853189, 0.47068005318294387, 0.19550250564046154, 0.07783535289129231], [0.2518830635310155, 0.4638953072823382, 0.19505135008207922, 0.08917027900456687], [0.2599445326415861, 0.46855329338859114, 0.2000683745649608, 0.07143379930486757], [0.24957586770418766, 0.46003965278961556, 0.21607803149442034, 0.07430644791177277], [0.2641386724875394, 0.4618000348620569, 0.20744365798149095, 0.06661763456890193], [0.2673269274202461, 0.4512751960980768, 0.20838286141548307, 0.07301501496618067], [0.27215733242535517, 0.43386474053651775, 0.21579231631519735, 0.07818561062292488], [0.29001394519005796, 0.43118812832919073, 0.21141300186309628, 0.06738492451765414], [0.2875792682442963, 0.43512325569086885, 0.21180277506727985, 0.06549470089754927], [0.2499322262460342, 0.4353562608780467, 0.23902202685526486, 0.07568948592064943], [0.2531340351296729, 0.44518733740540006, 0.232945961425991, 0.06873266593891722]], "ideal": "A", "sampled": "B", "correct": false}}
{"type": "result", "data": {"idx": 7, "options": ["Motive development.", "An attitude.", "A self-concept.", "Product evaluation."], "probs": [[0.24981342880735619, 0.30615935201308203, 0.30586036128563937, 0.1381668577939178], [0.2379401429198554, 0.2951323825712245, 0.3090977575942639, 0.1578297168146647], [0.24185874963101067, 0.33700464734110464, 0.283592618816099, 0.13754398411178825], [0.23516948998647463, 0.32311932285168143, 0.29889505380830883, 0.14281613325353118], [0.2473658975608752, 0.29409440828012784, 0.3207991391833292, 0.13774055487566794], [0.24934456861598348, 0.29878132088576453, 0.32837212426579665, 0.1235019861324434], [0.20611418000164233, 0.3610962452710363, 0.30794264606854393, 0.12484692855879252], [0.19197454778472917, 0.34576937102726024, 0.31567398489642384, 0.14658209619159215], [0.19497870112088064, 0.3665020673704232, 0.30469376164407264, 0.13382546976460236], [0.20775937200532357, 0.34883084483489407, 0.29800439777092147, 0.14540538528887328], [0.21441242824975498, 0.3167431344376811, 0.33604726074043617, 0.13279717647211867], [0.23063314502595506, 0.31744015347588195, 0.3246434530880308, 0.12728324831012944], [0.23923966922419193, 0.3270816337782515, 0.298396636191243, 0.13528206070632554], [0.22722458155301514, 0.31277603836908424, 0.3186610423387273, 0.1413383376391592], [0.2511265251175334, 0.3215502626130834, 0.30502709904504965, 0.12229611312432319], [0.26261269378133617, 0.3098604041360011, 0.2974534751788077, 0.13007342680385037], [0.2469335727170764, 0.30378822839807296, 0.3154803679683335, 0.1337978308165286], [0.27138043073340656, 0.3126418606467675, 0.28486959305309856, 0.1311081154667262], [0.2436913665064855, 0.31385698854171995, 0.31097654300512506, 0.13147510184667394], [0.2428779332594571, 0.3239531365814137, 0.31610823377786856, 0.1170606962812426], [0.24910473271345984, 0.28923707418115385, 0.32670584801354735, 0.13495234499183165], [0.25995659221453876, 0.28973904556776986, 0.3182762021635464, 0.13202815995414202], [0.23480630839430688, 0.3222885633974297, 0.3048909645577378, 0.13801416355052182], [0.24772350206404, 0.3323502183842097, 0.27714447352104393, 0.14278180593071077]], "ideal": "A", "sampled": "C", "correct": false}}
{"type": "result", "data": {"idx": 8, "options": ["Promotion.", "Product.", "Target market.", "Pricing."], "probs": [[0.01999463541497759, 0.12249321975087415, 0.38148718158874934, 0.47602496314539583], [0.023239865656024927, 0.14293198147736472, 0.3620433569789934, 0.4717847957876045], [0.019904305282489834, 0.13148061393155977, 0.38686238345342483, 0.46175269723250495], [0.03069088037404573, 0.1502732351025936, 0.36225724317986463, 0.4567786412434977], [0.01994566212284722, 0.15042236300545006, 0.32228043604400286, 0.5073515387277044], [0.036347384902471865, 0.1633452872078083, 0.32463758991821484, 0.4756697378715184], [0.015531000396436163, 0.12097158026172421, 0.35996877356984314, 0.5035286456719942], [0.019928491048539554, 0.13928782654771918, 0.3445057075556745, 0.49627797474805996], [0.01281008280587315, 0.11976182377896864, 0.39966380784944183, 0.467764285465724], [0.011082522364456246, 0.11915328638457628, 0.3734117949256442, 0.4963523962253034], [0.01965252869444362, 0.13828803548731314, 0.3539032331256323, 0.48815620259260917], [0.01356746022054172, 0.12600621017085017, 0.3438599987877612, 0.5165663307208416], [0.01470359108508477, 0.12792361469859503, 0.3963202100160971, 0.4610525841002234], [0.02389337779024607, 0.14419626313416137, 0.36522121471916746, 0.466689144256413], [0.011556846919583324, 0.11594966455913401, 0.4317286613305482, 0.4407648270907439], [0.01049371834379433, 0.11599491865008382, 0.40155187201474846, 0.4719594908913561], [0.022782480383145513, 0.14498259616787323, 0.3747028552520469, 0.4575320680969266], [0.01052218324482218, 0.12459926412559195, 0.34814449777186124, 0.5167340547577156], [0.020980734856466874, 0.16732328563553356, 0.323272539720639, 0.4884234396873644], [0.03309695517026156, 0.17366696840442866, 0.32443852982612126, 0.4687975464992028], [0.019065349247731844, 0.15095190830221575, 0.3476607501775963, 0.4823219921724444], [0.013984079584816058, 0.13592902764886095, 0.34980780000577677, 0.5002790926605484], [0.025834237475902404, 0.16056497112233908, 0.35561827815767766, 0.4579825131440597], [0.012236315112218479, 0.13640011822176235, 0.32796149847635553, 0.5234020680896606]], "ideal": "C", "sampled": "A", "correct": false}}
{"type": "result", "data": {"idx": 9, "options": ["Classical conditioning.", "Operant conditioning.", "Social learning.", "Behavioural learning."], "probs": [[0.18981108686827255, 0.4034777931294951, 0.27458292120293765, 0.13212819869929796], [0.16219695836385145, 0.3974375741227329, 0.31420129606018965, 0.12616417135321673], [0.19108468403839285, 0.3906421845161301, 0.29942959045536444, 0.11884354089011383], [0.16051140053677856, 0.39879438753432744, 0.30385991965108483, 0.13683429217780316], [0.1642855363050429, 0.39966034541059736, 0.3223032230739109, 0.1137508951104478], [0.15537123439332282, 0.40602136935456734, 0.2947110114820954, 0.14389638467001026], [0.1721769056736799, 0.3872863163401254, 0.30210951987527407, 0.1384272580109006], [0.153776605258958, 0.37517842735071816, 0.3406056810105435, 0.13043928627978815], [0.18359317528203056, 0.3778884234249309, 0.3193672895671237, 0.11915111162590206], [0.1565382871138572, 0.367364377013922, 0.33666238630845935, 0.13943494946376342], [0.15969633146268764, 0.37042829531189875, 0.35070886660321016, 0.11916650652220676], [0.14787928702734277, 0.369794195233808, 0.3405731094324592, 0.1417534082063752], [0.12146506255447834, 0.4103239520934654, 0.3252334371513373, 0.14297754810071575], [0.14486067763075489, 0.4167086687723896, 0.31394272604705104, 0.1244879274498027], [0.14900643108819867, 0.40141086886617283, 0.31825813729750474, 0.13132456264814046], [0.14488231211762634, 0.3910312618065713, 0.3256486361804459, 0.1384377897953628], [0.14793810959464387, 0.4202738298267535, 0.32423201799797624, 0.10755604248061981], [0.14535584436916235, 0.3957029212226141, 0.3364147530221189, 0.12252648128612213], [0.10500432018359347, 0.39063233141614556, 0.36118825361363416, 0.1431750946866257], [0.1211948039937344, 0.40111365887490713, 0.32671079148242793, 0.15098074554893431], [0.13067967027251853, 0.37621147439875696, 0.36020094345276477, 0.13290791177595518], [0.14509852439596407, 0.375187553689745, 0.3408516929437452, 0.13886222887055752], [0.14767506320076504, 0.3946356507795039, 0.34485006499912596, 0.11283922092059742], [0.14327735288176235, 0.3757519666445182, 0.3570636888274044, 0.12390699154631972]], "ideal": "A", "sampled": "A", "correct": true}}
{"type": "result", "data": {"idx": 10, "options": ["To break down large markets into smaller markets.", "To provide an opportunity to surpass competitors.", "By grouping together customers with similar needs, it provides a commercially viable method of serving these customers.", "To allow the achievement of greater market share."], "probs": [[0.32856894255035546, 0.305623441544292, 0.2072749550441872, 0.1585326607611805], [0.3644477733798005, 0.2640981121174882, 0.19361166492677653, 0.17784244947591527], [0.3968743128762213, 0.3193864902197476, 0.1445341134568987, 0.13920508334711193], [0.399242400359116, 0.29140760829849216, 0.148899770993274, 0.16045022024911143], [0.37487975243678145, 0.25424648099853336, 0.19283757456994433, 0.17803619189474487], [0.33513259134626217, 0.29717271253177985, 0.19811323451564627, 0.16958146150632095], [0.3041253505149693, 0.31241376413718497, 0.2177448191535494, 0.16571606609431033], [0.324350310665201, 0.2738693958375079, 0.2092727113829526, 0.19250758201431858], [0.3985466852744569, 0.2885548249539661, 0.15313305710017308, 0.1597654325714032], [0.42542983965658643, 0.27726848116003555, 0.13523529183209876, 0.1620663872512777], [0.32839522297476675, 0.25835207252395953, 0.22106498502983024, 0.19218771937145668], [0.3354413599500143, 0.282328863573343, 0.20868772418296463, 0.17354205219367758], [0.35987132599584143, 0.2676562536611208, 0.20866200956936487, 0.16381041067367705], [0.3553749817448101, 0.25580344621066403, 0.21150657854280794, 0.17731499340174242], [0.3501029476515498, 0.2676916379797514, 0.21250967553560735, 0.16969573873310445], [0.39286380061609144, 0.25910148259594584, 0.184712455635657, 0.16332226105231912], [0.3398379996100637, 0.24904982827484032, 0.2194272875097951, 0.19168488450530252], [0.38904272379093097, 0.2545136506696408, 0.19539906752850247, 0.16104455791091585], [0.3593006494052965, 0.26088246267604553, 0.19798812714048122, 0.18182876067816006], [0.3298371291212577, 0.30140370377158976, 0.20048878181914426, 0.16827038518799364], [0.34921779296309985, 0.25962530162523423, 0.20897889428948785, 0.1821780110221807], [0.3545176535250032, 0.28262957738918, 0.19907005085479074, 0.16378271813102888], [0.42045250819222935, 0.27278418483234557, 0.1514741109029155, 0.15528919597251817], [0.43688582937298914, 0.2853060618938361, 0.14060271622381307, 0.1372053924093658]], "ideal": "C", "sampled": "C", "correct": true}}
{"type": "result", "data": {"idx": 11, "options": ["Repeat purchases.", "Buyphases.", "Buyclasses.", "Tenders."], "probs": [[0.23228666514944807, 0.37431852529764587, 0.2898111372004931, 0.10358367225241952], [0.24545619683350378, 0.3803854743814763, 0.2821996104876173, 0.09195871819741391], [0.23968601135120107, 0.3126521224858142, 0.32268006265576676, 0.12498180340720551], [0.248833526876182, 0.33290327992048985, 0.28597898020841694, 0.13228421289490525], [0.21971437540254796, 0.330584864706288, 0.3086490098409742, 0.14105174995019346], [0.26308598850423426, 0.3174457755871694, 0.2688517094261731, 0.1506165263824349], [0.25651006395194526, 0.33797778138942447, 0.30595464721516075, 0.0995575073434615], [0.27970189017941854, 0.33893809573523975, 0.2939678357313934, 0.08739217825395051], [0.24300162013589505, 0.3496027374010547, 0.2995081113495847, 0.10788753101347738], [0.21114918469663652, 0.37793214652440954, 0.31953015075955576, 0.09138851791939256], [0.23575476154394093, 0.34970319634472136, 0.2793516532447695, 0.13519038876655337], [0.21898284620984293, 0.35622199344107336, 0.2936799233067021, 0.1311152369423717], [0.23632550755230797, 0.31692040592892706, 0.325694015102384, 0.12106007131638319], [0.2640935949439258, 0.33213492004726874, 0.28177462118891, 0.12199686371989193], [0.2718881916945553, 0.34385346905201647, 0.2693021388552643, 0.1149562002981576], [0.23391487238537273, 0.37094411068742944, 0.29566266120324936, 0.09947835562392857], [0.22514524285734286, 0.3282375813819952, 0.2576205563934281, 0.18899661926721448], [0.20842158428299115, 0.3229167044991465, 0.316075005988525, 0.15258670512936115], [0.17686700673251338, 0.3481979288218604, 0.35166585089997754, 0.12326921344563135], [0.2230294658133162, 0.333574211000781, 0.3045189244454489, 0.13887739864045573], [0.21129790648974422, 0.3902110512702995, 0.28396837520847534, 0.11452266693147578], [0.18561362864832961, 0.3959853250691795, 0.3024458270940835, 0.11595521908841229], [0.21401929673886438, 0.35854063999334634, 0.27009264459585314, 0.15734741857191947], [0.19541530168878093, 0.34502475027624896, 0.33134557126679126, 0.12821437666817248]], "ideal": "C", "sampled": "B", "correct": false}}
{"type": "result", "data": {"idx": 12, "options": ["Winner's curse.", "Winner's price.", "Winner's reward.", "Loss-leader pricing."], "probs": [[0.32571019879449464, 0.286757259304755, 0.2628636818504141, 0.12466885995034332], [0.3098283731712503, 0.2895485868795834, 0.26713097470556196, 0.13349206514361894], [0.32584168948725595, 0.2958643074526533, 0.26009512509747756, 0.1181988778626273], [0.312979727430093, 0.2874721509814445, 0.24586843066576142, 0.15367969082269495], [0.28569507839643093, 0.2819924306651616, 0.28631012031934333, 0.14600237051907683], [0.3078809747825936, 0.27985070354193337, 0.2572025800485102, 0.15506574152697003], [0.3146161079988956, 0.30302943591584597, 0.24942820133211013, 0.13292625465313584], [0.2772066480491518, 0.3017879008361166, 0.2702907865806901, 0.15071466443404413], [0.3076921609494101, 0.287255894827974, 0.27809724341265557, 0.12695470070996506], [0.2829176369779325, 0.28681997551971555, 0.2789351917798665, 0.15132719562248803], [0.30850656971180374, 0.289843102480363, 0.26253029270091593, 0.13912003500691186], [0.3055933890802404, 0.2884690953613058, 0.26174588819760364, 0.14419162726083828], [0.26614377236746023, 0.30523301290127525, 0.26532909520483144, 0.1632941194264037], [0.2451596414508947, 0.2852748011169675, 0.2689411241626459, 0.20062443316949718], [0.2969287377599345, 0.2837441129565332, 0.28639171990490137, 0.13293542927862315], [0.275920666892102, 0.27997924932497653, 0.28619872174678285, 0.15790136193614487], [0.2969558881017189, 0.2764478557990649, 0.252650412557851, 0.17394584344135947], [0.2883694314609618, 0.282004329843142, 0.2803315117074429, 0.1492947268884489], [0.27806998550433154, 0.2783551463626849, 0.28917409210569633, 0.15440077592728293], [0.30179597074510267, 0.28240822440561575, 0.2580848256571294, 0.157710979092125], [0.33357141968305826, 0.28674119498696216, 0.2620348851916853, 0.11765250003830036], [0.3252626700187991, 0.2811470704069403, 0.26721873942404273, 0.1263715200502253], [0.32917327104253685, 0.265822446761433, 0.2578056005128713, 0.14719868158315555], [0.31285378693781063, 0.2697112096609832, 0.27938810290612387, 0.13804690039507278]], "ideal": "A", "sampled": "B", "correct": false}}
{"type": "result", "data": {"idx": 13, "options": ["Price bundling.", "Price elasticity.", "Price inelasticity.", "Price inflation."], "probs": [[0.3053986597802363, 0.32062418201627213, 0.28000753287481706, 0.09396962522868946], [0.32050008651368794, 0.310672972950927, 0.2495120775162153, 0.11931486291917003], [0.26382155929771495, 0.32522516847421284, 0.29450762450718443, 0.11644564762086392], [0.26546857645100336, 0.317081439679217, 0.27164880686554943, 0.1458011769042311], [0.28541887926243525, 0.28850061684325395, 0.28890979834191416, 0.13717070545238316], [0.23546508437273672, 0.2927959997246618, 0.30188486700578576, 0.16985404879681185], [0.32773763935298045, 0.290217023830398, 0.2974509935444592, 0.08459434317217071], [0.33618768218803147, 0.28166066927905387, 0.26525464057538983, 0.1168970078575192], [0.3471212525398597, 0.3285147608184765, 0.22917461283847862, 0.09518937370319883], [0.3402161288690523, 0.3256989909336166, 0.22852680297431094, 0.10555807712303446], [0.3545884403602112, 0.2724090837724509, 0.246900475680761, 0.12610200008657424], [0.3408965863467194, 0.2786210881460998, 0.2696681926400345, 0.1108141327671592], [0.3031796125344157, 0.2982018574738382, 0.29509314454328595, 0.10352538534846867], [0.2970551601635517, 0.28615911936147204, 0.27029047840691584, 0.14649524196805755], [0.32448523995366896, 0.3431202581276594, 0.22263132195163984, 0.10976317986703829], [0.3212880821840159, 0.3383647852388997, 0.2226151628120405, 0.11773196966503711], [0.32277030000758644, 0.276358151935851, 0.2492108480249442, 0.15166069993162007], [0.31125373922803634, 0.28417320398250395, 0.27467624880877706, 0.12989680788065977], [0.2687239709474563, 0.29966364320871, 0.29668630890548175, 0.13492607683835323], [0.21452148517075628, 0.30962651330917595, 0.3087157853873264, 0.16713621603274473], [0.29623455380176983, 0.31410380508817687, 0.24589699595370781, 0.14376464505634406], [0.2850532818277233, 0.3158365530049519, 0.2659338950919038, 0.1331762699754253], [0.25518795161511015, 0.33734452592092545, 0.2561406436375304, 0.15132687872643694], [0.24269616302926253, 0.3306612366024737, 0.2808820303203153, 0.14576056994794026]], "ideal": "B", "sampled": "B", "correct": true}}
{"type": "result", "data": {"idx": 14, "options": ["Relationship marketing.", "Service mix.", "Market exchanges.", "Service failure."], "probs": [[0.23722757537692116, 0.30460358239228713, 0.29421326158534555, 0.16395558054542975], [0.2177134017212981, 0.28788950745187, 0.2547292110731312, 0.23966787965370262], [0.25855245739437166, 0.35561803233338213, 0.24403295509086523, 0.14179655508139702], [0.2693977193978163, 0.33741410160580765, 0.24693417731606693, 0.1462540015802858], [0.19924077588774097, 0.2793034429791861, 0.24845695436985712, 0.27299882666322156], [0.1964532689955872, 0.2807963811370091, 0.30482863810307204, 0.2179217116643231], [0.26871364630287964, 0.31614877833247285, 0.27743280499021894, 0.13770477027442637], [0.24947267316786748, 0.29559367958369415, 0.2504813064005863, 0.20445234074783988], [0.2742064411666706, 0.35905023817923276, 0.24835037137624505, 0.11839294917787442], [0.2659084453213181, 0.3461283975176047, 0.25434631718048073, 0.1336168398806066], [0.258087604162713, 0.2967541818162497, 0.2431955596850017, 0.20196265423603604], [0.19577973975559906, 0.32342476424501654, 0.2969001256763306, 0.18389537022304442], [0.3438790654193732, 0.30329194016996497, 0.23091717755094582, 0.12191181675971673], [0.34388807961250556, 0.28913202971611207, 0.23606509530149475, 0.13091479526987826], [0.34794339049873496, 0.28659218919822277, 0.24346500458732884, 0.12199941561571198], [0.32583773301142704, 0.2711163463940218, 0.2529026646902954, 0.15014325580426266], [0.3529719018188277, 0.2728244093280564, 0.2361513011325728, 0.13805238762055144], [0.31358427943629463, 0.26570122021251824, 0.24589510423694863, 0.1748193960142374], [0.20542488669075842, 0.3033374848276468, 0.2616521557762972, 0.2295854726052913], [0.2136951112376465, 0.31400939117992166, 0.30386728343611846, 0.16842821404632963], [0.22603212008853127, 0.29694373941644203, 0.2582179070094416, 0.21880623338559807], [0.18021413005932282, 0.31477314454262334, 0.31321628131110424, 0.19179644398696552], [0.23752526554030337, 0.35046755145974784, 0.280709206947291, 0.1312979759526729], [0.21924621504266187, 0.3488373201662272, 0.2800531513210078, 0.15186331337009737]], "ideal": "C", "sampled": "C", "correct": true}}
{"type": "result", "data": {"idx": 15, "options": ["Search marketing.", "Internet advertising.", "Permission-based email marketing.", "Social web marketing."], "probs": [[0.2788335260756089, 0.3355624407478858, 0.29969991757225645, 0.08590411550423398], [0.28782935121738806, 0.31500400279694424, 0.2869460588183684, 0.11022058706730477], [0.37077255016670996, 0.3510604753068578, 0.21827505990942658, 0.05989191451700267], [0.37782094482390366, 0.3586035200992473, 0.21567757416446767, 0.047897960812390436], [0.27444709043031706, 0.3128819806338774, 0.3051140443624935, 0.10755688447329335], [0.2805603076762982, 0.3339004116861393, 0.3229739238009839, 0.06256535673656112], [0.2597477174012351, 0.3162183339611493, 0.3399709910345559, 0.08406295750305783], [0.2685530931358525, 0.2944929177946114, 0.32580643889006633, 0.11114755007946789], [0.37790490776557484, 0.357176323907091, 0.20799552722378148, 0.0569232410035309], [0.3697610420296579, 0.3556368287278409, 0.21576343931329225, 0.05883868982921014], [0.2561395655656032, 0.294298514441496, 0.3400473296157942, 0.10951459027708395], [0.25361062746487784, 0.314966441593526, 0.3577554258884623, 0.07366750495314167], [0.45118766211361006, 0.28577456204156637, 0.20151567448861973, 0.06152210125621954], [0.441437245816714, 0.29704776921967124, 0.20727157557552758, 0.054243409288095984], [0.4618269337145535, 0.2807148725821308, 0.19239776649264792, 0.06506042711066001], [0.44567576210744875, 0.2804511518129784, 0.20324697523765964, 0.0706261107419117], [0.43121918815175325, 0.30123710322122993, 0.21157694812054217, 0.05596676040647971], [0.4397302234197053, 0.2872749170040959, 0.2095929393117438, 0.0634019201644652], [0.2626960652563002, 0.32189958450075057, 0.3131613049048123, 0.10224304523813145], [0.26686353271471475, 0.33681958119810024, 0.3354287461052501, 0.06088813988192486], [0.26943248767470157, 0.3237174903386872, 0.30300404222269356, 0.1038459796639505], [0.255127753119833, 0.34216694921420604, 0.32583821027524595, 0.07686708729070232], [0.36271112727706545, 0.36841827934871996, 0.22071755567553095, 0.048153037598681406], [0.3480492954778948, 0.3632947477588365, 0.22964197183569207, 0.05901398482756865]], "ideal": "C", "sampled": "C", "correct": true}}
{"type": "result", "data": {"idx": 16, "options": ["Vehicle.", "Courier.", "Transportation.", "Distribution channel."], "probs": [[0.11887961796771654, 0.2939171303152189, 0.33620570413522793, 0.25099754748181236], [0.1840905411365632, 0.2915025395741399, 0.35658304796037493, 0.16782387122891848], [0.12818928332761956, 0.2847775523756628, 0.3516939737153199, 0.23533919048140275], [0.20447526060205923, 0.27802897585884506, 0.35680098310626474, 0.16069478033282134], [0.2889120578476957, 0.2799100875574582, 0.28705692288389195, 0.14412093161095413], [0.320972431989817, 0.2944102207361353, 0.2634150528551011, 0.12120229431893492], [0.11520279743140419, 0.3112698948358343, 0.3320866550728245, 0.24144065255991887], [0.18833612945111483, 0.2993229678128335, 0.34660270590092673, 0.16573819673514326], [0.13175281057477903, 0.3165872399771116, 0.3249261748369615, 0.22673377451115348], [0.1863802179430746, 0.30710207515147164, 0.33284488967595965, 0.17367281712950963], [0.25379346188264035, 0.31624842934329533, 0.2864815375268743, 0.14347657114718732], [0.28756243623552635, 0.3111898040664197, 0.26015974429913447, 0.14108801529891402], [0.13353486130900807, 0.3039598342334967, 0.33399497448157695, 0.2285103298759258], [0.20357336018780314, 0.28914949107910987, 0.3459294781009393, 0.16134767053214658], [0.14165004665692815, 0.3065362180491195, 0.3231618562731686, 0.22865187892078226], [0.1953519337179531, 0.30078230809363726, 0.33751607152425983, 0.16634968656413646], [0.27450160377197835, 0.30953603186907214, 0.2763394222516936, 0.13962294200725112], [0.29495541405004966, 0.29232337534888053, 0.26895274030365407, 0.1437684701974468], [0.3486399255610683, 0.23586564455632272, 0.2837732801460282, 0.13172114963660847], [0.38613931021478853, 0.23817110287167206, 0.26362400448655926, 0.11206558232697712], [0.34424136252197823, 0.24727589323386978, 0.2706712891061173, 0.13781145503804135], [0.3730885027030408, 0.2395867207980224, 0.25184271432715044, 0.1354820620717876], [0.3671488013258422, 0.2401318306645299, 0.27053757193375, 0.12218179597588187], [0.38157057834152885, 0.22935505985762014, 0.26222952667948596, 0.12684483502137406]], "ideal": "D", "sampled": "D", "correct": true}}
