{"type": "result", "data": {"idx": 0, "options": ["164%", "1.64%", "0.45%", "183%"], "probs": [[0.37689744177833, 0.3703861970204371, 0.15501544699666225, 0.09770091410458108], [0.3686229790621195, 0.361372718104828, 0.15513944392054807, 0.11486485881250669], [0.37588685656770254, 0.37448508484805376, 0.1433851207646682, 0.10624293771959321], [0.3658840863453638, 0.3696070434120838, 0.14728250833310988, 0.11722636180945076], [0.38616302508151956, 0.33541115188510207, 0.18160283036697578, 0.0968229925664102], [0.3927727533870439, 0.34226742234533697, 0.17343832637476894, 0.09152149779285786], [0.3408628467488921, 0.36365717426965727, 0.17830755189454453, 0.1171724269868905], [0.33104323600407515, 0.3592030642248884, 0.17813406103494384, 0.13161963863609225], [0.33146877431501487, 0.3833128188156239, 0.16601436301924552, 0.11920404375013238], [0.3278086277196118, 0.3842926492336389, 0.16869109938468285, 0.1192076235620752], [0.33174528391911495, 0.3635653589740648, 0.17504635401741253, 0.12964300298940878], [0.34276578167494626, 0.3689762734515248, 0.17361322727558848, 0.1146447174979302], [0.32908449397874107, 0.3767920450039158, 0.16958294743037403, 0.12454051348695742], [0.3209533420219951, 0.3706020443577355, 0.17392625405600928, 0.13451835946426693], [0.31484366359776617, 0.3945352074172326, 0.17918659850422802, 0.11143453038078412], [0.316897772182328, 0.3936774877869162, 0.17899217991861527, 0.1104325600121193], [0.32930511106636184, 0.3633204107171525, 0.17418443847506604, 0.13319003964141118], [0.33361211603847535, 0.3700647171290321, 0.1709686692846, 0.1253544974479097], [0.3872084998723318, 0.3325446176801032, 0.18273304148312464, 0.09751384086442685], [0.3937514728854518, 0.3366518768882906, 0.1773424734660434, 0.09225417666021787], [0.37347030738611126, 0.3557164656004464, 0.15462092957798845, 0.11619229733546124], [0.38132385520283724, 0.3640621284465504, 0.15696801976750974, 0.0976459964830993], [0.3742124164299084, 0.3576629996850465, 0.14850808842958488, 0.11961649535546054], [0.3820677287920519, 0.35965832105391154, 0.15072730786058097, 0.10754664219344609]], "ideal": "A", "sampled": "D", "correct": false}}
{"type": "result", "data": {"idx": 1, "options": ["No effect No effect", "No effect Understated", "Understated No effect", "Understated Understated"], "probs": [[0.3093489190466408, 0.2809182248871281, 0.23262352766611807, 0.17710932830010384], [0.294608570594118, 0.2869827379198369, 0.24831534217225842, 0.17009334921380834], [0.33053098945243803, 0.2759243824618291, 0.24123202679903893, 0.15231260118670062], [0.294378594502367, 0.2762517350991607, 0.24715739618120341, 0.18221227411726681], [0.314740011964528, 0.29270809192988473, 0.252206815571106, 0.1403450804344914], [0.29890366362867127, 0.289810209647904, 0.2422913329145492, 0.16899479370886317], [0.2999648069376496, 0.2981588988956024, 0.2309797873499456, 0.17089650671679546], [0.2877864491529114, 0.2999565608298614, 0.23909265122750553, 0.17316433868972333], [0.29043594455889116, 0.30136889611611883, 0.2382443944838009, 0.1699507647411758], [0.2781959906599076, 0.31603496008795473, 0.24174518289747746, 0.16402386625465384], [0.2916949395522272, 0.3077760489201875, 0.2456388979111275, 0.15489011351645623], [0.29257695419985297, 0.316203948876757, 0.24070921503302498, 0.15050988179038843], [0.33676163628332795, 0.28412418552713964, 0.2077473417412411, 0.1713668363483051], [0.3108551831298043, 0.30010137719339786, 0.22441560272380315, 0.16462783685299304], [0.3166820132905949, 0.2929696422036811, 0.24128089813432022, 0.14906744627140087], [0.31276143791617733, 0.30644043872499327, 0.24338683873701986, 0.13741128452181633], [0.2950621922038102, 0.29528675937559545, 0.26949967766433064, 0.140151370656274], [0.285084270692525, 0.2941228639973594, 0.2825843052621997, 0.13820855994791964], [0.3467972250040502, 0.282213066391714, 0.23446830639307395, 0.13652140211119074], [0.3285524716898409, 0.27078630382854996, 0.2458662743108175, 0.15479495007077804], [0.33580342633833354, 0.2915053118630114, 0.23813508926909538, 0.1345561724295566], [0.33451830714495673, 0.29998417065200994, 0.24377912568234172, 0.12171839642070217], [0.3095717283169964, 0.2573864936789499, 0.27833842042237134, 0.15470335748166555], [0.32042668108114375, 0.26359166187540006, 0.2721312929254781, 0.1438503640179674]], "ideal": "B", "sampled": "D", "correct": false}}
{"type": "result", "data": {"idx": 2, "options": ["Nonsampling risk arises from the possibility that, when a substantive test is restricted to a sample, conclusions might be different than if the auditor had tested each item in the population.", "Nonsampling risk can arise because an auditor failed to recognize misstatements.", "Sampling risk is derived from the uncertainty in applying audit procedures to specific risks.", "Sampling risk includes the possibility of selecting audit procedures that are not appropriate to achieve the specific objective."], "probs": [[0.5033056995451947, 0.24664529790797585, 0.16926669885703927, 0.08078230358977502], [0.4999715078904638, 0.24881793714523825, 0.17367519670301698, 0.0775353581612773], [0.49749036635699556, 0.24716451812158144, 0.17400952736374753, 0.08133558805767863], [0.5183728770046517, 0.24713009099272498, 0.15689034444014405, 0.07760668746248321], [0.5182058904980366, 0.24758418602241997, 0.1659143807666594, 0.0682955426128899], [0.516235305620675, 0.2506423870062423, 0.15964095456198887, 0.073481352711108], [0.4371961918022082, 0.30697084654658563, 0.1550824464867167, 0.10075051506448349], [0.44694495118763317, 0.30602559930104045, 0.15202714622486516, 0.09500230318645805], [0.4258571048781911, 0.3094364377804147, 0.18356927326308584, 0.08113718397832478], [0.4101729059841723, 0.32895845126315565, 0.1605950684966871, 0.10027357415598906], [0.4428989459214092, 0.3086776952777716, 0.16901546781437404, 0.07940789088645774], [0.4106336065933187, 0.3225547058857207, 0.159922850581917, 0.10688883683902253], [0.4789421733033043, 0.2955343731375842, 0.13810016545041953, 0.08742328800869092], [0.5014796044858444, 0.29604011475299513, 0.12665615095563393, 0.07582412970552796], [0.4634368837591994, 0.2979459191088013, 0.15831706041920823, 0.08030013661278601], [0.45936703963526765, 0.31761849314717366, 0.13928446158685728, 0.08373000553069056], [0.5044231561492111, 0.3005452559283841, 0.13006413414251405, 0.06496745367988778], [0.4918595667481423, 0.31096931716443243, 0.11508483789515435, 0.08208627809226075], [0.4898803781977755, 0.2735675927714059, 0.14845226928929608, 0.08809975964153245], [0.504768100196799, 0.26702028832626595, 0.15199566536988524, 0.07621594600706799], [0.5007278797241208, 0.2691681762015268, 0.1458973377049367, 0.08420660626941737], [0.4889502294339612, 0.285986823929169, 0.1358296274138325, 0.08923331912304025], [0.5059710547988086, 0.28271790216949627, 0.14118538984899995, 0.07012565308269958], [0.49066136203986294, 0.2945976460959565, 0.12205551114781572, 0.09268548061637225]], "ideal": "B", "sampled": "A", "correct": false}}
{"type": "result", "data": {"idx": 3, "options": ["Inspect inventory items that were ordered before the year end but arrived after the year end.", "Test internal control activities that were previously reported to management as inadequate.", "Review the client's cutoff bank statements for several months after the year end.", "Compare the latest available interim financial statements with the statements being audited."], "probs": [[0.4669388864114203, 0.2590462610451924, 0.14443974184966019, 0.12957511059371787], [0.4799607251622338, 0.2581263550223863, 0.14305899395308358, 0.11885392576229001], [0.44364376254890914, 0.2538651562391046, 0.1702423559204443, 0.13224872519153957], [0.422235926333079, 0.2512674751547705, 0.16788430131941048, 0.15861229709271793], [0.4763157229211185, 0.25023686420254193, 0.15118732513807442, 0.12226008763826705], [0.4403724195770898, 0.25547026487252217, 0.15126936087403894, 0.15288795457633622], [0.453956507037045, 0.2648727717004971, 0.1508924181597845, 0.1302783030026441], [0.46754129762428254, 0.26654988176203415, 0.14933103385784796, 0.11657778665584255], [0.44821264070570116, 0.26261620994691703, 0.15734636343454328, 0.1318247858128332], [0.43615291951816837, 0.280180096609322, 0.1490307540581202, 0.13463622971440267], [0.46807293142210166, 0.2773707590996633, 0.1360152534898209, 0.11854105588841125], [0.45317259081465494, 0.28812795043311007, 0.12951498023205174, 0.12918447842016703], [0.42137611394294044, 0.2748546231827452, 0.17314470146919658, 0.13062456130510272], [0.40098689264248, 0.27531230740623047, 0.17205305857537886, 0.15164774127592692], [0.43845233989007615, 0.2777723862124328, 0.15819438862554702, 0.12558088517193236], [0.42615038366397495, 0.29313249779263106, 0.15342589587913358, 0.1272912225642693], [0.3950159682152249, 0.2781194729923549, 0.17382422351385846, 0.15304033517854573], [0.4194495536676478, 0.2879063097454362, 0.1704070143509478, 0.1222371221359587], [0.4762092556889879, 0.27154958025679954, 0.1392218359975847, 0.11301932795662122], [0.44755008654142936, 0.2739339932350244, 0.13673011550372016, 0.14178580461982088], [0.49497731956959284, 0.2837782228959494, 0.12017717064563008, 0.10106728678882934], [0.48420974318390475, 0.29279959901190716, 0.11556631496571797, 0.10742434273846163], [0.43994873777378407, 0.2695406073702969, 0.1541146246083175, 0.13639603014759727], [0.4521712280383413, 0.28470203654472515, 0.15154307703080627, 0.11158365828612128]], "ideal": "D", "sampled": "B", "correct": false}}
{"type": "result", "data": {"idx": 4, "options": ["Accounting Standards Updates.", "Emerging Issues Task Force Releases.", "Statements of Financial Accounting Standards.", "Staff Technical Bulletins."], "probs": [[0.44167482906901095, 0.3049887410388923, 0.18049482068312167, 0.07284160910896795], [0.4207239510676095, 0.282099976534231, 0.17977727403907703, 0.11739879825907809], [0.4864834838178616, 0.3318098430125935, 0.12548613849863388, 0.05622053457091654], [0.4918107046607911, 0.3197909200996834, 0.1253916551983171, 0.06300671994121013], [0.4285515720693175, 0.2858008639351587, 0.17384558273614675, 0.11180198115937907], [0.4432083376204183, 0.30561884440404785, 0.1732070119983996, 0.07796580587713112], [0.4288938922329829, 0.3179665141491831, 0.17870102027254967, 0.07443857324528887], [0.3973500839918804, 0.3074350691612459, 0.17811125545020554, 0.11710359129668121], [0.4446382626110536, 0.325148858632282, 0.15936466621948647, 0.07084821243717253], [0.41923699272243753, 0.3325309098015096, 0.1710675983413625, 0.07716449903469212], [0.3606391198188179, 0.29590273733559785, 0.21835410972118924, 0.12510403302440162], [0.35975698008506196, 0.29453629712455626, 0.24717179044061927, 0.09853493224974884], [0.49397687454436384, 0.3182850174765061, 0.1294419983456632, 0.05829610953345965], [0.4968838071199521, 0.30970290964747865, 0.129043117433985, 0.06437016569858608], [0.4587338705950653, 0.3084794003968101, 0.16071170609050145, 0.0720750228176395], [0.43886465688835136, 0.3123037461545602, 0.173227415266596, 0.07560418159048962], [0.45696510919684424, 0.30544898951705657, 0.16283211834534236, 0.07475378284075104], [0.4341127184069676, 0.30954174021040487, 0.18141867494849057, 0.07492686633414683], [0.391106580435268, 0.32995728843813643, 0.17045800222008994, 0.10847812880651386], [0.4193343163523507, 0.34822295513797463, 0.1605959790992977, 0.0718467493103627], [0.3543298901372313, 0.30634402707978636, 0.21816411491041995, 0.12116196777256472], [0.3511604574338499, 0.31443600314245645, 0.24127463394729162, 0.09312890537639977], [0.4236081746950219, 0.360164387104194, 0.1453589616445178, 0.07086847645629388], [0.3982342873448286, 0.3589573387488853, 0.16629972383446154, 0.07650864997182001]], "ideal": "A", "sampled": "C", "correct": false}}
{"type": "result", "data": {"idx": 5, "options": ["\u2212$3", "\u2212$27", "$3", "$500"], "probs": [[0.2683188408776999, 0.33125927356750745, 0.2692401506730336, 0.13118173478175243], [0.29987858101835063, 0.3200212029789547, 0.258500518842251, 0.12159969706043035], [0.29834151002153897, 0.3265846550759378, 0.22030921522165248, 0.15476461958087132], [0.30300638246196454, 0.34029929596307973, 0.22169928162261654, 0.13499503985234249], [0.36737781065767267, 0.3611776451266063, 0.17151963189302472, 0.09992491222268339], [0.35003189912953275, 0.37880636434321213, 0.1802186550140016, 0.09094308141323867], [0.2660943264359477, 0.33512323752474643, 0.2434098086508119, 0.15537262728849524], [0.2868673132838497, 0.33314841613567964, 0.24831053493726946, 0.13167373554320996], [0.3035066606052145, 0.3469160208999227, 0.1957621442217443, 0.15381517417310694], [0.3122654557740227, 0.36223745173758914, 0.2055102491688329, 0.11998684321954896], [0.3665875360295532, 0.36896085803046375, 0.17529587551597714, 0.08915573032401158], [0.35560627272517703, 0.38852410226501977, 0.17797422943147792, 0.07789539547830905], [0.32321728681948186, 0.27591818457451334, 0.24833780956360763, 0.15252671894240277], [0.3570034077998538, 0.285756077051665, 0.24854323282817292, 0.10869728222030829], [0.3293966360002182, 0.27940150625682725, 0.2525661218369006, 0.1386357358060426], [0.3508858523179206, 0.2759662206965429, 0.26746393614209346, 0.10568399074343138], [0.39743123361885774, 0.31322175905686755, 0.20508328243087343, 0.08426372479338286], [0.41046631650877347, 0.3081930203587628, 0.18898943687782513, 0.09235122615465019], [0.39519909697470235, 0.2581988065794797, 0.23751396607040948, 0.1090881302754033], [0.4125787203840364, 0.26409623751160716, 0.23042778701144018, 0.09289725499290791], [0.39991200443370223, 0.25653509862352614, 0.23878122616635158, 0.10477167067639838], [0.41194839573896197, 0.2640009945170832, 0.24305312449781005, 0.08099748514615872], [0.41229924011316066, 0.29119980695486164, 0.20227106136880957, 0.09422989146317208], [0.4198099656839589, 0.28429069228764653, 0.19673937477009332, 0.0991599671583111]], "ideal": "C", "sampled": "D", "correct": false}}
{"type": "result", "data": {"idx": 6, "options": ["Overstated Understated", "Understated Overstated", "Overstated No effect", "No effect No effect"], "probs": [[0.43105664814075206, 0.3157327030933363, 0.18299123924536354, 0.07021940942054487], [0.4048021538331095, 0.31461298892116096, 0.1982738682881211, 0.08231098885760398], [0.42240068958531574, 0.3088963098132798, 0.19300893882012043, 0.07569406168129414], [0.4097751585316203, 0.2984879748713048, 0.18338579742742628, 0.10835106906964087], [0.39039523758729744, 0.28424225673929615, 0.23406356997819772, 0.09129893559520645], [0.4029061274075272, 0.29502706726458816, 0.21463164775222396, 0.08743515747564445], [0.435269399112905, 0.28949497518203254, 0.1851298282866971, 0.09010579731838195], [0.42427892865162636, 0.28489374687166336, 0.1999999999799974, 0.09082732439669992], [0.4166034805795338, 0.2826156828912843, 0.20723020033388015, 0.09355063609529363], [0.4112706775666509, 0.27586833373053776, 0.20380376664753358, 0.10905722195527552], [0.41183465465345115, 0.2617153602506014, 0.22703892371469395, 0.09941106128126209], [0.4145830610679898, 0.2713305094901288, 0.21272567556288977, 0.10136075377898081], [0.33751097420176895, 0.35708695978272964, 0.21502777594147396, 0.09037428997401813], [0.34771994034236314, 0.3352021903343167, 0.20422929433743472, 0.11284857488588684], [0.3302269592241885, 0.3719531620735551, 0.20972698880561524, 0.0880928897966226], [0.3386265993792791, 0.3491838825826625, 0.2068441601154356, 0.10534535782261278], [0.3456156378035463, 0.3306476222114529, 0.19248147114901343, 0.13125526873599314], [0.3446970274627063, 0.3478432950486827, 0.20421937465531828, 0.10324030273328966], [0.3558907448234094, 0.3083228751927948, 0.22778049029409428, 0.10800588958970651], [0.3754151460957997, 0.3109318158529037, 0.20399818392390998, 0.10965485402737232], [0.3782328027720536, 0.29986448427126877, 0.21839008110638425, 0.10351263175029436], [0.3925985694994845, 0.300294809659869, 0.20237526381583448, 0.10473135692480219], [0.3746239471577541, 0.28953347510911037, 0.20781197834604426, 0.12803059928707353], [0.3619614171469447, 0.30682839170336546, 0.229680880060505, 0.10152931098917244]], "ideal": "D", "sampled": "B", "correct": false}}
{"type": "result", "data": {"idx": 7, "options": ["$100", "$104.29", "$96.71", "$97.33"], "probs": [[0.3776871039258354, 0.3181043690706725, 0.21024237869095583, 0.09396614821252099], [0.38614367232378294, 0.307761996189026, 0.2166776969940357, 0.08941663439315978], [0.3849365032145766, 0.32439306286227176, 0.20589886416104475, 0.08477156966210235], [0.3853436011707818, 0.3128402568706498, 0.21120263699296646, 0.0906135048656052], [0.3846007057849766, 0.30621923908700466, 0.22663442317842777, 0.08254563184960659], [0.38592248084036157, 0.3011549827670549, 0.21612588016613205, 0.0967966561264288], [0.4134667407025856, 0.33433248632233237, 0.16414780533743709, 0.08805296753765487], [0.4163981336797232, 0.32577531248303243, 0.16965393548816302, 0.08817261824908718], [0.3931958214184634, 0.34244102071173815, 0.1914618067561169, 0.07290135101369138], [0.39883025985680043, 0.33391688414364773, 0.19267763292113294, 0.0745752229784221], [0.3892802825512609, 0.3402070101031205, 0.19340773089728247, 0.0771049763483438], [0.39766316967943705, 0.3329536061289394, 0.18656156865872622, 0.08282165543288529], [0.4320322364608203, 0.33654670834001577, 0.1557139296201344, 0.07570712547903417], [0.4436955764866417, 0.3203679979519814, 0.1588433081943484, 0.07709311726703273], [0.39886780256001153, 0.3520101391883509, 0.17982933576987256, 0.06929272238174856], [0.3943864156071298, 0.34461440817014755, 0.1871175710901591, 0.07388160503256407], [0.39879393089238396, 0.3341215708797719, 0.19322713364959515, 0.07385736447824064], [0.3874131305696207, 0.3366402301401782, 0.20255189325817408, 0.07339474593199602], [0.41576976310482217, 0.3314781806700865, 0.17263113914708125, 0.08012091697798983], [0.42911076131520376, 0.32894078327763937, 0.16546667901678302, 0.07648177629036829], [0.37877942706535367, 0.3543678260733913, 0.1932456325360564, 0.07360711422519309], [0.3746359676486135, 0.35048099529954335, 0.19654365256455866, 0.07833938438728116], [0.3978481028030925, 0.3299708375126175, 0.1970392606520765, 0.07514179893220226], [0.3902059619359679, 0.33454889440512026, 0.20627833156662687, 0.06896681199229282]], "ideal": "D", "sampled": "B", "correct": false}}
{"type": "result", "data": {"idx": 8, "options": ["It will be reclassified as an asset held for sale.", "It will be classified as a current asset.", "It will no longer be depreciated.", "It will be valued at historical cost."], "probs": [[0.48613786968131095, 0.25407976206556404, 0.17034234710276167, 0.08944002105035302], [0.47866610752068023, 0.2505929292589638, 0.17129571465783966, 0.09944524846252933], [0.48183752961267684, 0.2583563575003648, 0.16239977054049684, 0.09740634224646622], [0.4701187952206327, 0.25100664962029245, 0.1581123599419322, 0.12076219511714392], [0.4879902147301249, 0.2471717277439459, 0.1650345248375757, 0.09980353258834819], [0.4809782446217988, 0.2469481420577587, 0.15965974760379317, 0.11241386561663237], [0.48386649934675696, 0.2650638544949511, 0.1585765517398499, 0.09249309431844378], [0.47438045611003327, 0.26191272720664666, 0.15787175788420107, 0.10583505869910625], [0.4778854123896715, 0.2632122385534145, 0.16285174602779828, 0.09605060292912128], [0.4628443433419082, 0.2549602710714505, 0.14147538199086604, 0.1407200034957662], [0.4959416245688064, 0.2463594055416156, 0.16348835289448369, 0.09421061689510568], [0.4736024692456236, 0.2480370088518998, 0.14655013532581312, 0.13181038647666185], [0.4744956040487046, 0.24357243446264604, 0.18249682377820892, 0.09943513761044448], [0.45985192795839985, 0.23244437522694567, 0.17921131740703855, 0.12849237930761606], [0.48230936824218174, 0.2409889840185045, 0.18246942980293174, 0.09423221783638251], [0.4554268402853573, 0.23205168823467284, 0.1655775103177332, 0.14694396106224206], [0.48445563734575897, 0.2260407408735376, 0.1728994465229205, 0.11660417515779246], [0.47655729131597485, 0.22568027322174747, 0.15440860172485865, 0.14335383363740595], [0.4840200108462642, 0.23530704705833533, 0.17621650098423597, 0.10445644101117425], [0.47891928254136495, 0.23284832204244402, 0.1646919648620752, 0.12354043045411983], [0.5004469425360105, 0.22725140917568332, 0.1768252221839539, 0.09547642600434622], [0.4701491842944589, 0.22980058128407171, 0.1571040599546164, 0.14294617436685383], [0.4878897888771829, 0.23083590921541824, 0.1633831921607308, 0.11789110964667614], [0.47745606857365536, 0.23349345944010663, 0.14400385254877102, 0.1450466193374743]], "ideal": "D", "sampled": "A", "correct": false}}
{"type": "result", "data": {"idx": 9, "options": ["$28,000", "$132,000", "$160,000", "$188,000"], "probs": [[0.4391792154977715, 0.3129536670271954, 0.176329380877514, 0.0715377364975237], [0.4467522494304775, 0.30464504516406893, 0.1773093268347881, 0.07129337847067097], [0.4460225970171794, 0.31270464111900953, 0.17034607243744396, 0.07092668932637086], [0.4462886270585377, 0.30930400281104187, 0.17353639606587404, 0.07087097396454557], [0.43866167764652164, 0.31122227035279343, 0.17546788934284924, 0.07464816255784709], [0.4357884206961554, 0.31125743298153236, 0.17890824783290338, 0.07404589838940767], [0.44701018151159044, 0.304159621154911, 0.17717339747666028, 0.07165679975683172], [0.44475679836277143, 0.30094610943461325, 0.18106131286746716, 0.07323577923515263], [0.43184183249889396, 0.30267127296326635, 0.19585099160874583, 0.06963590282908867], [0.40886536296605164, 0.3033858790756357, 0.1942423185516153, 0.09350643930668921], [0.43233036651510426, 0.2919237208720935, 0.20415639386520468, 0.07158951864759103], [0.4112565634963033, 0.2991957468574309, 0.1956863329223874, 0.09386135662388483], [0.4364571322961843, 0.30655874768417934, 0.18154933047713898, 0.07543478944250069], [0.43699557912364373, 0.3068418976339192, 0.1815733485895587, 0.07458917455286988], [0.4325292036435201, 0.29676814179089317, 0.2021754407805065, 0.06852721368508448], [0.41592653388766465, 0.29725741440600173, 0.1956967682560633, 0.09111928335026803], [0.4347458145949379, 0.291900882139819, 0.20231606019547443, 0.07103724296976908], [0.41379913477041097, 0.2946239757526552, 0.19793643699413824, 0.09364045238277871], [0.4357733856878329, 0.301222877519146, 0.18474925422925034, 0.07825448246376157], [0.4283707832931602, 0.30507346025485915, 0.1870343433515875, 0.07952141300040212], [0.4213163003868089, 0.2936131495991744, 0.21171420282271314, 0.07335634709130003], [0.4056150800529505, 0.2996653889993929, 0.19811563195770882, 0.09660389888995775], [0.4234598017332612, 0.2933289341183533, 0.20864095497114188, 0.07457030907725343], [0.4012229657502624, 0.29575512931528825, 0.1984813234027412, 0.10454058143171617]], "ideal": "C", "sampled": "A", "correct": false}}
{"type": "result", "data": {"idx": 10, "options": ["$100", "$2", "$500", "$200"], "probs": [[0.3115220686779127, 0.4225764466524497, 0.18134791229820102, 0.08455357227145505], [0.2939534606195806, 0.4277099873210322, 0.18914693749151612, 0.08918961446787096], [0.30941600921238327, 0.43152098928704974, 0.1831621189512019, 0.07590088244937203], [0.29112367003304745, 0.41152889766649864, 0.1978735777100012, 0.09947385449044753], [0.2885692609871353, 0.4374983685430153, 0.19347303592299886, 0.08045933444686668], [0.2730314149430172, 0.4205856138748334, 0.20433758497048551, 0.1020453861116438], [0.28954635397114853, 0.4262703519134762, 0.1987124984618506, 0.08547079555353446], [0.2464048651880543, 0.44381452278144967, 0.21210562113716253, 0.09767499079333458], [0.30040089313283336, 0.4288393174372148, 0.19192867476326017, 0.07883111456667576], [0.2904011360243133, 0.429349475867789, 0.19927506248804222, 0.08097432551983548], [0.29668659955122884, 0.42412221595528315, 0.19591393337715668, 0.08327725101632373], [0.29789539031336304, 0.4143431784541461, 0.19848717768229454, 0.0892742534501989], [0.29969269102468304, 0.44649515782749, 0.17704929758313648, 0.07676285346467517], [0.2895567777367874, 0.42211807089676084, 0.1900602391856707, 0.0982649120807943], [0.3094344031495615, 0.4297942075330796, 0.17638117469399286, 0.08439021452335078], [0.2952169786429448, 0.4287341540389904, 0.1867287749419595, 0.08932009227610226], [0.29643070168584795, 0.4131281936436274, 0.1954643654059562, 0.09497673916457562], [0.30134291197606083, 0.4268250523257837, 0.1964374184116722, 0.07539461718648352], [0.2985669170033233, 0.43110268804672824, 0.19489971253915192, 0.07543068231081594], [0.29743308258756096, 0.4114454693125342, 0.1982814890352227, 0.09283995896467306], [0.3044685597850351, 0.41524556523043354, 0.1886542201790134, 0.09163165470551739], [0.30405770501646767, 0.40754606656260245, 0.1943455768855713, 0.09405065143534182], [0.29336258895248474, 0.41647809613478176, 0.19569062578965246, 0.0944686890230698], [0.3055474452423213, 0.42445858841706247, 0.1940358206319826, 0.07595814560862449]], "ideal": "D", "sampled": "C", "correct": false}}
{"type": "result", "data": {"idx": 11, "options": ["$0", "$15,000", "$20,000", "$40,000"], "probs": [[0.2674245521820566, 0.28922510041645266, 0.30688613053038877, 0.13646421677110976], [0.29241580013373303, 0.29541700369081225, 0.29673775739538955, 0.11542943868005352], [0.28954007813457805, 0.28960840832944584, 0.293118886997016, 0.127732626438926], [0.31043385200421736, 0.2934115462497537, 0.28837662362643307, 0.10777797801960536], [0.28724542548018667, 0.2919578981307567, 0.29596645620575207, 0.12483022008330687], [0.28632253421772635, 0.29274580631587505, 0.2955282227125505, 0.1254034366538327], [0.332167263654119, 0.3175759371349395, 0.24266708748912752, 0.10758971162182383], [0.3478930266822996, 0.325487904205668, 0.2265074070323915, 0.10011166197963144], [0.3139946290481546, 0.3362880212539936, 0.26402571466083585, 0.08569163493698141], [0.3207122947107597, 0.3107419136533349, 0.2731792850849612, 0.0953665064509375], [0.3456891517490884, 0.34698040453956025, 0.22769921425747564, 0.07963122935386818], [0.3305279310773393, 0.327410773338918, 0.24587691951774648, 0.09618437596598235], [0.33025301917132865, 0.31785570698938626, 0.24331137789753116, 0.10857989584175373], [0.3589075327326377, 0.3262422474702393, 0.22480989837539322, 0.09004032132171805], [0.32154686504788665, 0.33895211389027813, 0.2579087003987044, 0.08159232056310764], [0.3285088877848886, 0.31975997712301074, 0.2604629572027933, 0.09126817778930847], [0.35002469990498203, 0.3459419538847207, 0.2316839470659814, 0.07234939904432883], [0.3316374761628948, 0.3297344118266502, 0.24993097560388117, 0.08869713630659222], [0.30808109466749745, 0.33306897562201765, 0.2471762569996151, 0.1116736726108581], [0.30858586572056573, 0.33064555450893773, 0.24890220184263, 0.11186637782785296], [0.3026883153559464, 0.36382027570291375, 0.2539799481041272, 0.07951146073701004], [0.2835905640235384, 0.3442130031891038, 0.2634359335328746, 0.10876049915448363], [0.31001514724230167, 0.35331406874949, 0.2596001722785207, 0.077070611629688], [0.27965020999227935, 0.3368414879200516, 0.2739074694866154, 0.10960083250106488]], "ideal": "B", "sampled": "C", "correct": false}}
{"type": "result", "data": {"idx": 12, "options": ["Engagement performance.", "Risk analysis.", "Safeguarding of assets.", "Information processing."], "probs": [[0.2186913214389503, 0.33298393124633713, 0.33322730099969533, 0.11509744621504009], [0.20677604135447436, 0.32428235473481576, 0.2863696357488262, 0.18257196806188028], [0.2638562765707779, 0.3509864913231453, 0.27917271488099027, 0.10598451712508056], [0.25188034193666964, 0.34705685706168643, 0.28744434199224617, 0.11361845890938854], [0.22825670290293534, 0.32086030114961617, 0.2844448258397151, 0.16643817000774547], [0.22005361468594675, 0.32470706214959494, 0.3359775571879187, 0.11926176587655674], [0.27579687413050924, 0.3219184679171284, 0.30459911792079153, 0.0976855399315713], [0.2723457493860706, 0.31065199912596253, 0.26323847319730426, 0.1537637781906713], [0.27238061426615917, 0.32828671805959037, 0.27774864541813143, 0.12158402215612277], [0.28321240325286906, 0.3217938075320015, 0.2670770824188315, 0.12791670669627805], [0.23314265959490388, 0.31624604415430074, 0.26568433345973597, 0.18492696269107067], [0.26889910613762324, 0.3013083001569193, 0.29107349165478985, 0.13871910195069115], [0.32246248581252007, 0.321356951650248, 0.25437443341512656, 0.1018061290220957], [0.3063030241962174, 0.31422785743172993, 0.268022611801628, 0.11144650647042265], [0.2777131140423471, 0.3112868501363589, 0.28073789738153704, 0.13026213833975803], [0.2953387216431135, 0.3003342257961751, 0.26976938486826385, 0.13455766759243726], [0.25301141917451747, 0.30513481677950355, 0.2956110793398682, 0.14624268460612466], [0.30562561823851897, 0.301598113409314, 0.2644396718737891, 0.12833659637836267], [0.25555000110109183, 0.3302318477641229, 0.2644820076178367, 0.14973614341693775], [0.23979845926911178, 0.33827209565877636, 0.3143565740245389, 0.107572870947556], [0.19393930722612857, 0.3364899763937468, 0.2690373972713371, 0.20053331900879195], [0.21851824893085853, 0.32040273843598677, 0.30426892687200713, 0.15681008566114002], [0.21746464186120337, 0.3383058628816452, 0.30291245092049374, 0.14131704423663224], [0.2518970618998163, 0.34443102683671806, 0.27384502727940796, 0.12982688388404848]], "ideal": "A", "sampled": "C", "correct": false}}
{"type": "result", "data": {"idx": 13, "options": ["$18,000", "$22,500", "$25,000", "$40,500"], "probs": [[0.3389839246738915, 0.32607523257335425, 0.238820668379258, 0.09612017427349676], [0.3579894869841288, 0.31040586212165155, 0.23757234808053784, 0.09403230271369621], [0.36389811845906095, 0.319484721181677, 0.2269692232901887, 0.08964793696906986], [0.37310959742215066, 0.3106334054992319, 0.2272966951429068, 0.08896030183572737], [0.3621660095010227, 0.3214166340124887, 0.22036266008621117, 0.09605469630028225], [0.36265005936706307, 0.31995058917961977, 0.22134369163318718, 0.09605565972013777], [0.3477708709002965, 0.32363241024541983, 0.23846012682161957, 0.09013659193267093], [0.3461040390896634, 0.31292100721196653, 0.24423142546697602, 0.09674352813138852], [0.3475322241013178, 0.3148363612164319, 0.24908391895120585, 0.08854749563104745], [0.36145072209811446, 0.3079955861417685, 0.24127250494691332, 0.08928118671320952], [0.3448675888528468, 0.31778738565180437, 0.24127947833072313, 0.09606554706462118], [0.3495487499423868, 0.32075819252606164, 0.23691305780326594, 0.09277999962827081], [0.36118792606755884, 0.3270362754050769, 0.22133875293284463, 0.0904370454945246], [0.35825692091534916, 0.32190499675857764, 0.22756860721753056, 0.09226947500854817], [0.33823341664203377, 0.3170180263895681, 0.24698599068345595, 0.09776256618494777], [0.3546366945973088, 0.31046032698243836, 0.24127987183561497, 0.09362310648463433], [0.34726947609217756, 0.32361193119057724, 0.23611734532809997, 0.09300124728914906], [0.346335197809829, 0.32096419212679755, 0.2351694589193456, 0.09753115104402152], [0.3648308086820103, 0.3209110390685446, 0.2160716444907241, 0.09818650765873], [0.36333813222456335, 0.32064742253383394, 0.2161847536437008, 0.09982969149791936], [0.36123819758026315, 0.31266231059304683, 0.22514779001354696, 0.10095170171313173], [0.35952289704050316, 0.31363742275304285, 0.22771950672973265, 0.09912017337671361], [0.3684529259519368, 0.3208712636130724, 0.21543239137964862, 0.09524341895536013], [0.3531335607828432, 0.31897382323958695, 0.2260981941951656, 0.10179442168240525]], "ideal": "B", "sampled": "A", "correct": false}}
{"type": "result", "data": {"idx": 14, "options": ["$100 billion", "$80 billion", "$20 billion", "$10 billion"], "probs": [[0.22175220696120695, 0.37296974659729043, 0.2822502365007986, 0.12302780984071539], [0.24987098438334876, 0.36568770581765714, 0.2688516843165167, 0.11558962538247641], [0.2500979529573221, 0.3683569729341039, 0.2629686231928352, 0.1185764508157461], [0.27018686816189563, 0.3601365348808056, 0.24862483308276637, 0.12105176377452383], [0.24195816499161218, 0.3603561370504381, 0.26839494975002637, 0.1292907481079121], [0.2726130979485032, 0.3474126570389906, 0.25520197397194044, 0.1247722709405616], [0.24332674648938366, 0.3582009719264509, 0.2879873746440654, 0.11048490684008033], [0.26427074122968675, 0.347119126659156, 0.2810841622597297, 0.10752596975143383], [0.26401741409940654, 0.36664520729425537, 0.26102307986496925, 0.10831429864137962], [0.26403353747969754, 0.3610551866890289, 0.25712238997397385, 0.11778888575730503], [0.26479677256546647, 0.35962742716217255, 0.2637574038217301, 0.1118183963506211], [0.2686749017803264, 0.34957884838486514, 0.260780496367564, 0.1209657533672459], [0.24607312678393317, 0.3666549772369645, 0.25469510706955734, 0.1325767888095541], [0.2870791862250706, 0.3523690946051467, 0.23941186966974023, 0.12113984940002956], [0.2672305509072161, 0.37086162973022446, 0.2338349871778808, 0.12807283208468], [0.28558654920411025, 0.36162552197173975, 0.23252188532361348, 0.12026604340052695], [0.2667165138443711, 0.3444274949301833, 0.27106485402261865, 0.1177911371028392], [0.27307944732994316, 0.3500663614172595, 0.2637110592242399, 0.11314313192855657], [0.231563737757656, 0.3708453449146628, 0.261571892721192, 0.1360190245064909], [0.26450906303146904, 0.3600620210558911, 0.2498126053602836, 0.12561631045237345], [0.24759365267648764, 0.38263106843799505, 0.24107383540132288, 0.12870144338418127], [0.25695459976327095, 0.37524108592091676, 0.24529760196585834, 0.12250671224996006], [0.25085009199273056, 0.343226440068284, 0.28183458722663796, 0.12408888061236027], [0.23570146436624967, 0.34737971761342895, 0.2908268585318476, 0.12609195938847428]], "ideal": "C", "sampled": "B", "correct": false}}
{"type": "result", "data": {"idx": 15, "options": ["Receivable confirmations received from the client\u2019s customers.", "Prenumbered receiving reports completed by the client\u2019s employees.", "Prior months\u2019 bank statements obtained from the client.", "Municipal property tax bills prepared in the client\u2019s name."], "probs": [[0.3346819855297326, 0.19987540997553643, 0.23333423924573996, 0.23210836514899702], [0.3498776988685094, 0.20430088809606078, 0.24401327844848283, 0.2018081344869435], [0.31956135174816314, 0.20342206273177904, 0.2681536270024874, 0.20886295841755387], [0.3146281466112228, 0.2095146220218967, 0.25638078895167254, 0.21947644231520344], [0.32149569875849326, 0.20317482871932765, 0.25912118895286174, 0.21620828346931134], [0.3089876229277792, 0.20560220962389322, 0.23011312839469492, 0.25529703895364214], [0.316569787299471, 0.19348197513189688, 0.22552641557871383, 0.2644218218899286], [0.33514972861571846, 0.1995944935797881, 0.23971697987116183, 0.22553879783334238], [0.308267664970914, 0.19689984912852257, 0.26184885110882683, 0.23298363469173367], [0.2923939291544216, 0.21058880392167292, 0.25402389379277573, 0.24299337303111385], [0.302322881393585, 0.20062869749947795, 0.27621734450968316, 0.22083107649726338], [0.27840087423032295, 0.21153986440589537, 0.24740609565637076, 0.262653165607419], [0.3168551349163067, 0.2504424191914224, 0.22478472744203687, 0.2079177183502265], [0.30898980070436444, 0.2598342559617343, 0.21154390831420603, 0.219632034919698], [0.32389225820022216, 0.24900582308777752, 0.21539057091715483, 0.21171134769486638], [0.31785018472116433, 0.2677323848993295, 0.19901911762470087, 0.2153983126547976], [0.3197440599508971, 0.25372127264606653, 0.2243831098628715, 0.20215155744016386], [0.3146084800200364, 0.2652203454217398, 0.2236497359445458, 0.19652143851368392], [0.3423410920468214, 0.20226419609405408, 0.23486605439409375, 0.2205286573650168], [0.3259585286436759, 0.20178396461433054, 0.20489768800769625, 0.26735981863428276], [0.33869850892069686, 0.20442287202319281, 0.2333596258657043, 0.22351899309039489], [0.3199440460665356, 0.2160992900143751, 0.2077310053657157, 0.25622565845335327], [0.31882759390342025, 0.21084854710810247, 0.23524752567322507, 0.23507633321524754], [0.3161726081882936, 0.222260849389673, 0.23760061247947764, 0.22396592984254696]], "ideal": "B", "sampled": "A", "correct": false}}
{"type": "result", "data": {"idx": 16, "options": ["$10,000", "$25,000", "$44,000", "59000"], "probs": [[0.3395006638247325, 0.3495174211899403, 0.20926112646501321, 0.10172078842033462], [0.3381790455943486, 0.3298552508622049, 0.19266295865310384, 0.13930274479034405], [0.34304213675288214, 0.35279926366775677, 0.20552938032642054, 0.0986292191529323], [0.35660035904103893, 0.3291987057649989, 0.18806701809477597, 0.12613391699918114], [0.3286862449671578, 0.3027648387021656, 0.23461096071495943, 0.13393795551571053], [0.33772602013616787, 0.30104854926988034, 0.23474020023116954, 0.12648523026278716], [0.3568854754439835, 0.3453871531430752, 0.20070793749146298, 0.09701943382148147], [0.3550891018583622, 0.3296572743274614, 0.18314550030593482, 0.13210812340822206], [0.35078685249401187, 0.35858308011656775, 0.20632764919418436, 0.0843024180952398], [0.36391366212578136, 0.34433466948199193, 0.18157259497148878, 0.11017907332073153], [0.35453397227480754, 0.3068657914518379, 0.22417633815537458, 0.1144238980179876], [0.35288137876766634, 0.3096031814405602, 0.2208057766345576, 0.11670966305722143], [0.35903171387710436, 0.3556124414150933, 0.18773219487618323, 0.09762364973162982], [0.369920571980849, 0.3366836692332367, 0.1721188745855628, 0.12127688410035745], [0.35294358845640633, 0.36370031913011946, 0.19324472257665368, 0.09011136973682939], [0.3676109473093629, 0.3514667129888663, 0.17108963266405855, 0.10983270693769331], [0.3582975154445006, 0.3142881430163152, 0.22303246811479724, 0.10438187332437462], [0.3496562255728634, 0.318608249719255, 0.2232245771978118, 0.10851094741008922], [0.33548298024909207, 0.31740071902879796, 0.20524401310363416, 0.14187228751846725], [0.3519372378244452, 0.3133185095085231, 0.20261245809480785, 0.1321317944722043], [0.35916835258156066, 0.32495956069299586, 0.19679658117547405, 0.1190755054499645], [0.36309139649932315, 0.3239948836402947, 0.19547469669024453, 0.1174390230701403], [0.3581981298560459, 0.33010919392022137, 0.20146358878256998, 0.11022908734115891], [0.3525747154994602, 0.3318167811387971, 0.20171188765158024, 0.11389661561016698]], "ideal": "C", "sampled": "C", "correct": true}}
