{"type": "result", "data": {"idx": 0, "options": ["k = 0 and n = 1", "k = 1 and n = 0", "k = n = 1", "k > 1"], "probs": [[0.5298591097963793, 0.2261557258920964, 0.14060991102238884, 0.10337525318910049], [0.5052506195680087, 0.20919389805229383, 0.16023762641852238, 0.1253178558611754], [0.4993306043634425, 0.2444481768604938, 0.1532234636738269, 0.10299775500224036], [0.5173897905494271, 0.253528489819258, 0.13994099247222233, 0.08914072705910649]], "ideal": "B", "sampled": "A", "correct": false}}
{"type": "result", "data": {"idx": 1, "options": ["0", "1", "2", "3"], "probs": [[0.28277113766806156, 0.2368966555053314, 0.28920126535155294, 0.19113094137506367], [0.383176091172546, 0.25770614539510733, 0.23798598958835884, 0.12113177374399406], [0.3694413519244741, 0.2757302765486746, 0.25698984922732937, 0.09783852219954349], [0.3811753641791446, 0.2715832469921822, 0.21875192937903953, 0.1284894593496492]], "ideal": "D", "sampled": "D", "correct": true}}
{"type": "result", "data": {"idx": 2, "options": ["n = 1 and r = 6", "n = 1 and r = 7", "n = 2 and r = 5", "n = 2 and r = 6"], "probs": [[0.5456881796274713, 0.1946952455776536, 0.12400568868239446, 0.135610886012455], [0.5422005169632093, 0.2027339305784427, 0.12887617023326003, 0.12618938212507289], [0.5425427598679056, 0.20585900591276168, 0.12323384354100582, 0.12836439057834403], [0.5661058637436818, 0.194171654202006, 0.10682270547172515, 0.13289977648258242]], "ideal": "D", "sampled": "D", "correct": true}}
{"type": "result", "data": {"idx": 3, "options": ["4", "8", "16", "2sqrt(2)"], "probs": [[0.456606317177449, 0.27559613660979043, 0.14685465750136678, 0.12094288861138566], [0.4634378918097302, 0.24089558925592308, 0.20349911077926525, 0.0921674080550928], [0.39995712162155617, 0.2975162877172788, 0.20152461346965872, 0.10100197709148138], [0.40079786453391686, 0.31513862804428927, 0.2073003297211829, 0.07676317760062627]], "ideal": "A", "sampled": "A", "correct": true}}
{"type": "result", "data": {"idx": 4, "options": ["2/69", "1/30", "2/23", "12/125"], "probs": [[0.46270371715450503, 0.29274909633914015, 0.1456377193279146, 0.09890946707844071], [0.4451285237473548, 0.28517377632752705, 0.15735245076542279, 0.11234524905968328], [0.4328454504868281, 0.29002102333870544, 0.15253487451511774, 0.12459865155934485], [0.4438698583642626, 0.2998232849618306, 0.15086996138989753, 0.10543689518400975]], "ideal": "C", "sampled": "A", "correct": false}}
{"type": "result", "data": {"idx": 5, "options": ["(S, +, x) is closed under addition modulo 10.", "(S, +, x) is closed under multiplication modulo 10.", "(S, +, x) has an identity under addition modulo 10.", "(S, +, x) has no identity under multiplication modulo 10."], "probs": [[0.5586738439560766, 0.24165442891916494, 0.10171336072294866, 0.0979583663018188], [0.49996841073096454, 0.2778301615492854, 0.12401975075938869, 0.0981816768603653], [0.5392353797952883, 0.2581537290282966, 0.09988949995948729, 0.10272139111691245], [0.5151620208136941, 0.25585829734735216, 0.11328894892149416, 0.1156907328174515]], "ideal": "D", "sampled": "C", "correct": false}}
{"type": "result", "data": {"idx": 6, "options": ["12*sqrt(2)", "6*sqrt(2)", "4*sqrt(2)", "1/(2*sqrt(2))"], "probs": [[0.403425706204283, 0.2803366669195881, 0.1720793042931306, 0.144158322482991], [0.4279086556201673, 0.3072758800183772, 0.16923083156978663, 0.09558463269166838], [0.4393514973418656, 0.29989198931270633, 0.1485082763717982, 0.11224823687363436], [0.4351369879152896, 0.25661593601114213, 0.15677530044210394, 0.1514717755314684]], "ideal": "C", "sampled": "C", "correct": true}}
{"type": "result", "data": {"idx": 7, "options": ["0", "10%", "25%", "50%"], "probs": [[0.27647572261900705, 0.29823396023493426, 0.2640657185033915, 0.16122459854265359], [0.3666534466731436, 0.29584153169386757, 0.21477742393252106, 0.12272759760045546], [0.39597992461975184, 0.34936851014981735, 0.1704650238670518, 0.08418654126337058], [0.40302653817256723, 0.34884303717588383, 0.1545497800418574, 0.09358064450968272]], "ideal": "C", "sampled": "D", "correct": false}}
{"type": "result", "data": {"idx": 8, "options": ["None", "I only", "II only", "III only"], "probs": [[0.42178133131796697, 0.26359305442882025, 0.20648691543042497, 0.10813869872280178], [0.44668296308891914, 0.2693893736941567, 0.18633247699902886, 0.09759518611787721], [0.42484486616624445, 0.2685788628689166, 0.18358619161991396, 0.12299007924492834], [0.42750719770832724, 0.2750961746094706, 0.18342434867965132, 0.11397227890256056]], "ideal": "C", "sampled": "B", "correct": false}}
{"type": "result", "data": {"idx": 9, "options": ["Every compact space is complete", "Every complete space is compact", "Neither (a) nor (b).", " Both (a) and (b)."], "probs": [[0.3941093811592841, 0.3087056840760607, 0.18294443679698885, 0.11424049786766935], [0.45417068062991484, 0.24880658617206283, 0.17959544036225375, 0.1174272927357653], [0.36195715567696674, 0.2586569180450074, 0.2349997543698745, 0.1443861718081369], [0.3662663113555627, 0.27836972970911167, 0.21029129437944236, 0.14507266445589248]], "ideal": "A", "sampled": "B", "correct": false}}
{"type": "result", "data": {"idx": 10, "options": ["10", "20", "25", "45"], "probs": [[0.4183444803098162, 0.29846432055230987, 0.18863012473803312, 0.09456107429985545], [0.41247864499808823, 0.30066509298302035, 0.17751987640223263, 0.10933638551667571], [0.41747341717420544, 0.312707308427379, 0.18648362111166378, 0.08333565318674108], [0.46114838865488256, 0.30314430649943314, 0.14174620279533187, 0.09396110195035902]], "ideal": "D", "sampled": "D", "correct": true}}
{"type": "result", "data": {"idx": 11, "options": ["1/64", "15/64", "1/4", "3/8"], "probs": [[0.41112443247764635, 0.279537101721765, 0.18125587330386944, 0.12808259239670602], [0.44643807626047144, 0.29166991723220015, 0.15492454516398105, 0.10696746124335789], [0.436207875367213, 0.2780193979550671, 0.1614320831447028, 0.1243406434330269], [0.460616506886662, 0.2748274567938171, 0.13527344683564255, 0.12928258938389234]], "ideal": "B", "sampled": "C", "correct": false}}
{"type": "result", "data": {"idx": 12, "options": ["0", "1", "2", "3"], "probs": [[0.3139486974639848, 0.2474213565140371, 0.30250562710087636, 0.13612431882108042], [0.3656773829887836, 0.24897248449323542, 0.25583037552536725, 0.12951975689262046], [0.3490718806987297, 0.2577452047673439, 0.27827860639587765, 0.11490430803805128], [0.3769170642598598, 0.24223382154136228, 0.2575154368389026, 0.12333367725986945]], "ideal": "A", "sampled": "D", "correct": false}}
{"type": "result", "data": {"idx": 13, "options": ["4", "7", "10", "13"], "probs": [[0.3619829807206908, 0.3407616261177312, 0.16556204849252845, 0.1316933445690329], [0.36076295944111564, 0.31901250290548444, 0.16788921291060885, 0.15233532464277846], [0.33845417992769544, 0.3345699464175253, 0.18542402185284615, 0.1415518517019383], [0.3756596663923507, 0.3353886426455851, 0.14552769318843822, 0.14342399767361133]], "ideal": "B", "sampled": "A", "correct": false}}
{"type": "result", "data": {"idx": 14, "options": ["0.64", "0.72", "0.81", "0.95"], "probs": [[0.47656142285704883, 0.2482214078365734, 0.15132372840108838, 0.12389344080528744], [0.47975673518492556, 0.2565377316493645, 0.1453654326871961, 0.11834010037851321], [0.4942276175211632, 0.26463249081088625, 0.1345181661906756, 0.10662172537726929], [0.4915702548410823, 0.2568313271593975, 0.1439312040662049, 0.10766721383330316]], "ideal": "D", "sampled": "D", "correct": true}}
{"type": "result", "data": {"idx": 15, "options": ["I only", "II only", "III only", "I and II only"], "probs": [[0.45177397969393374, 0.25694950855529686, 0.17246098587480108, 0.11881552577597204], [0.41230475562969054, 0.28388593254374, 0.1787202422023824, 0.12508906952417273], [0.4263586615685445, 0.29087671614322014, 0.19332359849930356, 0.08944102368894626], [0.41108124851887196, 0.3036698945538631, 0.18788727631883134, 0.09736158050842038]], "ideal": "D", "sampled": "A", "correct": false}}
{"type": "result", "data": {"idx": 16, "options": ["I only", "II only", "III only", "I and II only"], "probs": [[0.4214921222712379, 0.23536648469443833, 0.18823736313215186, 0.1549040298021525], [0.4006997042997996, 0.23097419545876968, 0.2066702699119543, 0.16165583022947733], [0.41630179012995144, 0.2541585907240547, 0.21728830366613566, 0.11225131537986453], [0.41557177112577365, 0.2717773299054805, 0.20178300737649932, 0.11086789149225487]], "ideal": "B", "sampled": "A", "correct": false}}
{"type": "result", "data": {"idx": 17, "options": ["-1/4", "-1/(4sqrt(2))", "0", "sqrt(2)"], "probs": [[0.4712315860247255, 0.26972788472343207, 0.13413133080064008, 0.12490919835120899], [0.49069171588273586, 0.2430272970184487, 0.1650186792669995, 0.10126230773179797], [0.4718000316642953, 0.2718965967112952, 0.13879207879271932, 0.11751129273168447], [0.5203523440814841, 0.23959052888215923, 0.15717331009860488, 0.08288381683772345]], "ideal": "C", "sampled": "D", "correct": false}}
{"type": "result", "data": {"idx": 18, "options": ["I and II only", "III only", "I and III only", "I, II, and III"], "probs": [[0.36534782219390766, 0.2799340188049634, 0.19036825653496672, 0.16434990236615318], [0.3818750361648829, 0.284227478448191, 0.20375524987075092, 0.13014223541619385], [0.37402242826030907, 0.3487299597377892, 0.18834354459040414, 0.08890406731152087], [0.36356442825330443, 0.33288273496983467, 0.18175300867932664, 0.12179982799753708]], "ideal": "D", "sampled": "D", "correct": true}}
{"type": "result", "data": {"idx": 19, "options": ["3", "e", "sqrt(5)", "0"], "probs": [[0.4251188677441276, 0.2902893038312829, 0.18018547938905952, 0.10440634893552397], [0.4191405860678824, 0.2957836507297165, 0.19297805707981444, 0.09209770602256742], [0.44996705529220504, 0.2860693396208849, 0.17511278814398676, 0.0888508168429288], [0.42301345440786503, 0.26810213543708183, 0.17841923262857728, 0.13046517742647046]], "ideal": "A", "sampled": "C", "correct": false}}
{"type": "result", "data": {"idx": 20, "options": ["I only", "II only", "III only", "I, II, and III"], "probs": [[0.34129268985078953, 0.24240125917335284, 0.20271288268553858, 0.21359316819031415], [0.35640394584144586, 0.28797727911805654, 0.234821399816581, 0.12079737512393947], [0.38539343119012437, 0.3381597473156273, 0.1961677994336396, 0.0802790219605999], [0.4048753316092474, 0.28290309970900945, 0.2182587324377244, 0.0939628361440069]], "ideal": "D", "sampled": "D", "correct": true}}
{"type": "result", "data": {"idx": 21, "options": ["None", "One", "Four", "Five"], "probs": [[0.26977109360604534, 0.3195171240755063, 0.24489223697685777, 0.1658195452415882], [0.3689878068691244, 0.3278563649983012, 0.1957642155711575, 0.10739161246141873], [0.37674212039275357, 0.35071722069503763, 0.21303306080174955, 0.059507598010460745], [0.364984648553345, 0.3673389406724648, 0.17243378045121693, 0.09524263022298725]], "ideal": "D", "sampled": "D", "correct": true}}
{"type": "result", "data": {"idx": 22, "options": ["I only", "II only", "III only", "I and II only"], "probs": [[0.4296433373574525, 0.24599658252242118, 0.17615609089213902, 0.14820398912797092], [0.400318155667788, 0.24379658656113873, 0.1789577575041323, 0.17692750016693787], [0.4249483237236411, 0.2630608469883229, 0.19933860617063076, 0.11265222301741293], [0.4090640026100804, 0.27966967601329734, 0.200188215024313, 0.11107810625231793]], "ideal": "B", "sampled": "A", "correct": false}}
{"type": "result", "data": {"idx": 23, "options": ["2/81", "1/18", "2/27", "1/9"], "probs": [[0.4539531887413796, 0.27596793114291185, 0.1420727550387059, 0.12800612497701797], [0.43662555500137673, 0.27572664028059646, 0.15121971482459623, 0.13642808979343612], [0.44745348252904205, 0.27943850325950176, 0.15027357404519615, 0.12283444006624782], [0.42002299557624423, 0.2918421223146346, 0.14950972341479055, 0.1386251585943352]], "ideal": "A", "sampled": "A", "correct": true}}
{"type": "result", "data": {"idx": 24, "options": ["True, True", "True, False", "False, True", "False, False"], "probs": [[0.548680423233883, 0.2733596392517288, 0.12363699128741139, 0.054322946126981214], [0.5401977608116986, 0.2585894164367563, 0.1286301641822087, 0.07258265846932561], [0.5051304279618689, 0.2630608348231375, 0.15363229103291678, 0.07817644608205905], [0.46917679684264496, 0.3100024654628131, 0.1411654966159764, 0.07965524097855549]], "ideal": "B", "sampled": "A", "correct": false}}
{"type": "result", "data": {"idx": 25, "options": ["I and II only", "I and III only", "II and III only", "III only"], "probs": [[0.4164108109727938, 0.2756794137044624, 0.1869140428534769, 0.12099573236926583], [0.37781923574052656, 0.26787617936317076, 0.18473795790222192, 0.1695666268940624], [0.4046480827982141, 0.2548957036091636, 0.19387817257549625, 0.1465780409171287], [0.4056016930986929, 0.2553430945598106, 0.18871960514418248, 0.1503356070973149]], "ideal": "D", "sampled": "A", "correct": false}}
{"type": "result", "data": {"idx": 26, "options": ["9/2 days", "5 days", "41/8 days", "36/7 days"], "probs": [[0.4923653676874671, 0.2667260852529471, 0.1420006321528053, 0.09890791480679932], [0.4564664024097367, 0.2664796924552532, 0.16727971630378444, 0.10977418873123927], [0.4631519076236498, 0.2890074951520096, 0.16559341024694346, 0.08224718687739294], [0.4873782121168469, 0.28562596114060296, 0.13410799714654348, 0.09288782949599819]], "ideal": "D", "sampled": "A", "correct": false}}
{"type": "result", "data": {"idx": 27, "options": ["1/2", "1", "sqrt(2)", "pi"], "probs": [[0.45635154098462316, 0.259987470342475, 0.1343114042397798, 0.14934958433313522], [0.4662559939952153, 0.26319833535012704, 0.1341449517362482, 0.1364007188184161], [0.5038635678784849, 0.23362671382323352, 0.12487271836534626, 0.13763699983293853], [0.44852371985409784, 0.19777886477705267, 0.17963266728636845, 0.1740647479824723]], "ideal": "A", "sampled": "C", "correct": false}}
{"type": "result", "data": {"idx": 28, "options": ["f has all of its relative extrema on the line x = y.", "f has all of its relative extrema on the parabola x = y^2.", "f has a relative minimum at (0, 0).", "f has an absolute minimum at (2/3, 2/3)."], "probs": [[0.561174949564826, 0.24515751902512517, 0.09454146768584502, 0.09912606362421321], [0.5495151194986684, 0.2348482608630809, 0.12233968999614894, 0.09329692954210493], [0.5474816415086765, 0.23871569366830606, 0.10681408717824738, 0.10698857754478842], [0.5862224044510758, 0.23506135508257975, 0.10153805064774869, 0.07717818971857944]], "ideal": "A", "sampled": "D", "correct": false}}
{"type": "result", "data": {"idx": 29, "options": ["5", "6", "12", "15"], "probs": [[0.2789367666137304, 0.33367613002448565, 0.2690056959384718, 0.11838140732330335], [0.28693720591659244, 0.32724131227826947, 0.23669492927207886, 0.1491265524330659], [0.32583243974582426, 0.3233950870022995, 0.2521293154694877, 0.09864315768237383], [0.33971073181238376, 0.34020312114573076, 0.198974762061463, 0.1211113848804234]], "ideal": "B", "sampled": "C", "correct": false}}
{"type": "result", "data": {"idx": 30, "options": ["S(n0 + 1) is not true.", "S(n0 - 1) is not true.", "S(n) is not true for any n <= n0", "S(n) is not true for any n >= n0"], "probs": [[0.42796370955772245, 0.23728129062369524, 0.1685799960161456, 0.16617500370244398], [0.47295461379338977, 0.2602633509972437, 0.16076019204428993, 0.10602184306507173], [0.5159087834818885, 0.26925097781901725, 0.12991771376140782, 0.08492252483768474], [0.4707927165486829, 0.2652428148765266, 0.15246312893958922, 0.11150133953522418]], "ideal": "C", "sampled": "D", "correct": false}}
{"type": "result", "data": {"idx": 31, "options": ["(0, 0, 1)", "(3/7, 3/14, 9/14)", "(7/15, 8/15, 1/15)", "(5/6, 1/3, 1/3)"], "probs": [[0.5456122471723575, 0.19897035963674123, 0.13698229482294877, 0.11843509826797399], [0.5676388560112725, 0.18493115862549944, 0.1536042367608815, 0.0938257485023559], [0.5449129570939595, 0.19553460320440627, 0.1433128272101716, 0.11623961239143683], [0.5876245149176096, 0.1804064454701029, 0.14077118682558248, 0.09119785268672227]], "ideal": "B", "sampled": "D", "correct": false}}
{"type": "result", "data": {"idx": 32, "options": ["For no such integer n", "For 3, 5, 7, and 11 only", "For 3, 5, 7, 9, and 11 only", "For 4, 6, 8, and 10 only"], "probs": [[0.44089297742464795, 0.32495277112839416, 0.16791597958786017, 0.06623827175909854], [0.5047387020094938, 0.24426338855188065, 0.18847560963183008, 0.06252229970677826], [0.4969366609000076, 0.22459419547758364, 0.16968692780506317, 0.10878221571733718], [0.4930917396050526, 0.2212083207980319, 0.20243744384923046, 0.08326249564769549]], "ideal": "B", "sampled": "B", "correct": true}}
{"type": "result", "data": {"idx": 33, "options": ["1", "2", "3", "4"], "probs": [[0.25848153332051077, 0.3349525135363978, 0.2610333276765772, 0.14553262536651418], [0.26724891618279434, 0.33077383221143886, 0.263183882317058, 0.13879336918870885], [0.3124839500443937, 0.31983466637398716, 0.24945081537678074, 0.11823056810482982], [0.36085405057284314, 0.3383929706869126, 0.1871095783530514, 0.11364340028718424]], "ideal": "C", "sampled": "D", "correct": false}}
{"type": "result", "data": {"idx": 34, "options": ["I only", "II only", "III only", "I, II, and III"], "probs": [[0.45376879326133096, 0.16271162397098057, 0.17386775279602315, 0.20965182987167344], [0.4219360809999285, 0.2149947769998726, 0.2157546780672108, 0.14731446383298005], [0.4817470480283357, 0.27638731789133775, 0.15609371629148258, 0.08577191768885097], [0.48616878475652886, 0.21690206194889516, 0.18728086858952464, 0.10964828460504344]], "ideal": "D", "sampled": "D", "correct": true}}
{"type": "result", "data": {"idx": 35, "options": ["x^2 + y^2 + z^2 + 8 = 6y", "(x^2 + y^2 + z^2)^2 = 8 + 36(x^2 + z^2)", "(x^2 + y^2 + z^2 + 8)^2 = 36(x^2 + z^2)", "(x^2 + y^2 + z^2 + 8)^2 = 36(x^2 + y^2)"], "probs": [[0.41860804972875226, 0.33314622783468195, 0.10018889744013446, 0.14805682489643848], [0.4213904523072806, 0.2748822452815477, 0.10594924457981846, 0.1977780577313661], [0.4262711177017621, 0.2756074852979019, 0.09120684063803723, 0.2069145562622996], [0.428928924321553, 0.29192720032897135, 0.09281648550350394, 0.18632738974596819]], "ideal": "D", "sampled": "B", "correct": false}}
{"type": "result", "data": {"idx": 36, "options": ["y = 2x + 1", "y = 2x", "y = x + 2", "y = x + 1"], "probs": [[0.5109430707083442, 0.28873029262380023, 0.13122225562113526, 0.06910438094671932], [0.5033090872726147, 0.2971361151414692, 0.13641078830624626, 0.06314400917963695], [0.48026380211799247, 0.27900795953870994, 0.1777056199341877, 0.06302261830911113], [0.4691805086163625, 0.2906804983829407, 0.16851455750255206, 0.07162443539815185]], "ideal": "A", "sampled": "A", "correct": true}}
{"type": "result", "data": {"idx": 37, "options": ["2", "3", "4", "5"], "probs": [[0.3573823340730062, 0.2772990840092774, 0.250523203881949, 0.11479537793576286], [0.30281516472690373, 0.29404300593261234, 0.24003006927436282, 0.1631117599661371], [0.3740866243226547, 0.29305194768598036, 0.2174175645732946, 0.11544386331808802], [0.37339629027376586, 0.2913811663509129, 0.19532004221085053, 0.13990250106447802]], "ideal": "A", "sampled": "C", "correct": false}}
{"type": "result", "data": {"idx": 38, "options": ["True, True", "True, False", "False, True", "False, False"], "probs": [[0.4377951583921863, 0.29401082608278595, 0.16690629846106173, 0.10128771696395719], [0.42172887750133076, 0.2738222704818707, 0.17462198668230627, 0.1298268652344937], [0.39734154436140245, 0.2699783548378148, 0.1931510004303721, 0.13952910027040377], [0.3644939014650271, 0.31269963297416836, 0.18171964187904585, 0.14108682358177255]], "ideal": "A", "sampled": "A", "correct": true}}
{"type": "result", "data": {"idx": 39, "options": ["1", "2", "3", "4"], "probs": [[0.396272851594337, 0.2907582428117729, 0.20910012035099151, 0.10386878514290816], [0.41876307750547015, 0.2704703512144336, 0.19517038046298069, 0.11559619071711907], [0.43433656582675684, 0.278013903867927, 0.19332330974986547, 0.0943262204554581], [0.44511820746173875, 0.28268001865546166, 0.17377658632942947, 0.09842518745336339]], "ideal": "C", "sampled": "D", "correct": false}}
{"type": "result", "data": {"idx": 40, "options": ["the entire real axis", "a point", "a ray", "an open finite interval"], "probs": [[0.44505937471894, 0.2891981024105031, 0.17042425700120792, 0.09531826576934962], [0.36366623307494084, 0.23703166779738738, 0.24203166183599795, 0.15727043719166667], [0.33941413720934166, 0.2901425319993309, 0.2682666096772541, 0.10217672101407964], [0.4216548600684445, 0.3464869167531521, 0.15569824772827892, 0.07615997535012728]], "ideal": "B", "sampled": "A", "correct": false}}
{"type": "result", "data": {"idx": 41, "options": ["finite", "cyclic", "of order two", "abelian"], "probs": [[0.20060277562302756, 0.3885628542339839, 0.2426126666798362, 0.16822170336315925], [0.16456180626798128, 0.39951544973597247, 0.3044821789295597, 0.13144056496650866], [0.19603350621501595, 0.3992700504557317, 0.24747985175574708, 0.1572165914734879], [0.18655062332138433, 0.39291641843066144, 0.2387866286715488, 0.18174632947641822]], "ideal": "D", "sampled": "D", "correct": true}}
{"type": "result", "data": {"idx": 42, "options": ["3", "4", "5", "8"], "probs": [[0.37636326635884315, 0.29895048853536305, 0.2114819838407205, 0.11320426116507742], [0.38461997826284006, 0.32454578024709524, 0.1717422922592387, 0.11909194913083593], [0.3726299883634005, 0.31012698245185827, 0.21654265248423957, 0.10070037660051469], [0.37895033417388946, 0.3167016142570722, 0.18563757314753032, 0.11871047832152949]], "ideal": "D", "sampled": "A", "correct": false}}
{"type": "result", "data": {"idx": 43, "options": ["II only", "III only", "I and II only", "II and III only"], "probs": [[0.4467696478068778, 0.22455561196332224, 0.18634861477832215, 0.14232612535146988], [0.47861850767932274, 0.266855712248184, 0.1708647524912587, 0.08366102748122003], [0.4191434170392001, 0.2751130094090153, 0.19562314927210234, 0.11012042417968312], [0.42133673339520467, 0.25261424119242515, 0.19525226780589827, 0.1307967575064738]], "ideal": "A", "sampled": "D", "correct": false}}
{"type": "result", "data": {"idx": 44, "options": ["1", "3", "5", "7"], "probs": [[0.33558227635614163, 0.36051920065303283, 0.2018274609095983, 0.10207106198123339], [0.3317521237800864, 0.3532417894634492, 0.23081664983596575, 0.08418943682048623], [0.3912074977339774, 0.4246802611686962, 0.12339367540186236, 0.06071856559544765], [0.42165801398477604, 0.3442095069051935, 0.16093862193653038, 0.0731938570734928]], "ideal": "D", "sampled": "D", "correct": true}}
{"type": "result", "data": {"idx": 45, "options": ["True, True", "True, False", "False, True", "False, False"], "probs": [[0.47042952481234174, 0.28202861079934594, 0.14674918036830936, 0.10079268391998919], [0.4304601695613244, 0.2785083674779287, 0.15754452390312998, 0.13348693895761668], [0.3735545520855542, 0.2609434049501354, 0.21012248342828918, 0.15537955943601775], [0.3332825818022643, 0.3240199764247798, 0.18508948019752494, 0.15760796147541506]], "ideal": "A", "sampled": "A", "correct": true}}
{"type": "result", "data": {"idx": 46, "options": ["\u03c0/12", "\u03c0/6", "\u03c0/3", "2\u03c0/3"], "probs": [[0.39916560013920444, 0.28956787996549715, 0.1552808242165926, 0.15598569557869077], [0.38913129025570664, 0.31351536424651705, 0.16689840475170548, 0.13045494064606428], [0.3847278303060918, 0.33205112855653907, 0.14571233180335527, 0.1375087092340022], [0.42629191801884264, 0.2895791612741991, 0.15038753755036938, 0.13374138305657812]], "ideal": "B", "sampled": "D", "correct": false}}
{"type": "result", "data": {"idx": 47, "options": ["3", "pi", "3pi", "3/2"], "probs": [[0.4887028865296831, 0.25305004836186595, 0.13516987238000516, 0.12307719262845787], [0.47304421193927515, 0.25377583156572, 0.16207003708111872, 0.1111099193139119], [0.43844494122570493, 0.32101395548715983, 0.14607095095699693, 0.09447015223014352], [0.44225039852182263, 0.321097406042399, 0.13781842508304154, 0.09883377025271696]], "ideal": "B", "sampled": "A", "correct": false}}
{"type": "result", "data": {"idx": 48, "options": ["Only (II)", "Only (IV )", "(I) and (IV )", "(II) and (III)"], "probs": [[0.4585676526684755, 0.2439352519534029, 0.17592748990285523, 0.1215696053752712], [0.43093379308847596, 0.2620568621059593, 0.17998750315060727, 0.12702184155498508], [0.4352965564373773, 0.3103471746988102, 0.17246097848342412, 0.08189529028039037], [0.4177582490740004, 0.28864915990975376, 0.18684822025673656, 0.10674437065950082]], "ideal": "C", "sampled": "A", "correct": false}}
{"type": "result", "data": {"idx": 49, "options": ["f is Riemann integrable.", "There does not exist a countably infinite E of R such that f is nondifferentiable at every x \\in E.", "There does not exist an uncountable subset E of R such that f is nondifferentiable at every x \\in E.", "None of the above."], "probs": [[0.5794512669722593, 0.20458875248029762, 0.14412775269790404, 0.07183222774952823], [0.5750666334091458, 0.1566857018328107, 0.11869953022532043, 0.14954813443273438], [0.5696208747388013, 0.14861009991452873, 0.1403536124197586, 0.14141541282692227], [0.48422897685857114, 0.19789338973588982, 0.1606744548072058, 0.1572031784983223]], "ideal": "D", "sampled": "B", "correct": false}}
{"type": "result", "data": {"idx": 50, "options": ["the open first quadrant", "a closed curve", "a ray in the open first quadrant", "a single point"], "probs": [[0.4446792057558205, 0.3119011925941154, 0.1728838155252998, 0.07053578602475362], [0.39378775717465064, 0.26489680437340324, 0.2017855205241545, 0.13952991782777807], [0.4010512408611638, 0.2638633973050783, 0.234836736857433, 0.10024862487632892], [0.3561096551354875, 0.25312923785684754, 0.1978643934731154, 0.19289671343454975]], "ideal": "A", "sampled": "A", "correct": true}}
{"type": "result", "data": {"idx": 51, "options": ["1", "2", "p >= 1", "infinity"], "probs": [[0.4272877954836713, 0.3225516821755032, 0.18068445857684098, 0.06947606366396161], [0.424504138014168, 0.3278500791996206, 0.1536262870828233, 0.09401949560338445], [0.43251478496819296, 0.29384132358446147, 0.17572987677171784, 0.09791401457564938], [0.36125102205145665, 0.20422415578202463, 0.18285458286209444, 0.2516702392044226]], "ideal": "B", "sampled": "C", "correct": false}}
{"type": "result", "data": {"idx": 52, "options": ["f is a homeomorphism.", "f is continuous and one-to-one", "f is continuous.", "f is one-to-one"], "probs": [[0.4661796951106164, 0.16950098928797133, 0.15369690575736003, 0.21062240974405352], [0.545875592746441, 0.15803997624234267, 0.12825082228362156, 0.16783360862757404], [0.44954593927898373, 0.17424547147630964, 0.16771716454257962, 0.20849142460212075], [0.4470747980969905, 0.2283752030872041, 0.17025479504896457, 0.15429520366683727]], "ideal": "C", "sampled": "B", "correct": false}}
{"type": "result", "data": {"idx": 53, "options": ["12", "16", "12*sqrt(3)", "16*sqrt(3)"], "probs": [[0.3876217254259999, 0.31512193909386876, 0.15507910924439594, 0.14217722613574574], [0.3704841018984693, 0.30748729856812623, 0.22995372526426436, 0.09207487416911934], [0.33999799241407513, 0.3696756658825484, 0.19108937824301328, 0.09923696336035986], [0.42475488643345843, 0.257917002895903, 0.18634135058817536, 0.1309867599824675]], "ideal": "C", "sampled": "D", "correct": false}}
{"type": "result", "data": {"idx": 54, "options": ["4", "7", "8", "12"], "probs": [[0.4271806490147428, 0.2750858950997329, 0.20982228748468934, 0.08791116830083628], [0.4288473676181651, 0.2604073056859106, 0.22240791082989736, 0.08833741576604105], [0.42769796628788725, 0.2773068081807659, 0.2171572121195306, 0.0778380133118056], [0.4445626360619898, 0.28096622038555896, 0.18527282212473778, 0.08919832132770031]], "ideal": "A", "sampled": "D", "correct": false}}
{"type": "result", "data": {"idx": 55, "options": ["|x| \u2265 0", "|x \u00b7 y| \u2264 |x||y|", "|x| = 0 if and only if x = 0", "|x + y| = |x| + |y|"], "probs": [[0.4572302527701153, 0.25317784482068273, 0.13323196787532204, 0.15635993443385854], [0.5067007700908601, 0.24316297329133582, 0.12169843123752316, 0.1284378252802806], [0.48519625636124897, 0.23582887334775024, 0.1273249157545786, 0.15164995443641227], [0.4867038585607406, 0.2358679578893395, 0.1138931613581882, 0.16353502209172033]], "ideal": "D", "sampled": "B", "correct": false}}
{"type": "result", "data": {"idx": 56, "options": ["4", "5", "6", "7"], "probs": [[0.4029014632068931, 0.3347233942804168, 0.183473745923039, 0.07890139648966248], [0.41201755521839445, 0.3152394771260068, 0.19291160488482778, 0.07983136267075454], [0.41566737182497615, 0.3269720683172206, 0.18547315265890366, 0.07188740709888587], [0.42739345863599476, 0.32450062147634545, 0.1768982576413578, 0.07120766214628581]], "ideal": "B", "sampled": "D", "correct": false}}
{"type": "result", "data": {"idx": 57, "options": ["1 only", "2 only", "0 and 1 only", "0, 1, and 2 only"], "probs": [[0.3884902411659808, 0.2749762237647319, 0.14837045058751347, 0.18816308438177418], [0.39833099324136867, 0.31853843416213745, 0.1770991507209862, 0.10603142177550882], [0.40245822153913846, 0.3280560674800996, 0.15319596454250994, 0.11628974633827399], [0.4627272295417763, 0.2635389882107481, 0.16029765277055175, 0.11343612937690727]], "ideal": "D", "sampled": "D", "correct": true}}
{"type": "result", "data": {"idx": 58, "options": ["2", "\u03c0", "4", "3\u03c0/2"], "probs": [[0.38247354089074687, 0.2799339492998596, 0.18133012328686604, 0.15626238642252877], [0.3685824545581996, 0.2670125227313523, 0.21359411392349242, 0.15081090868694472], [0.3915447314590706, 0.3275957547361243, 0.16445519647648404, 0.11640431722831213], [0.36878500583011625, 0.3058274889589765, 0.19096235349087304, 0.13442515162004257]], "ideal": "C", "sampled": "D", "correct": false}}
{"type": "result", "data": {"idx": 59, "options": ["9", "8", "0", "-5"], "probs": [[0.45010542668082576, 0.26146686246281287, 0.22363267989056018, 0.06479503086580868], [0.48943628970847847, 0.26098176393765626, 0.18644015660157706, 0.06314178965227717], [0.42955884391885335, 0.26928050078284144, 0.21553021222332566, 0.08563044297497817], [0.44946606526711763, 0.23990447949549562, 0.21781769320391586, 0.0928117619334604]], "ideal": "A", "sampled": "B", "correct": false}}
{"type": "result", "data": {"idx": 60, "options": ["None", "One", "Two", "Three"], "probs": [[0.18720473820065528, 0.37980439367964, 0.300946643682504, 0.1320442243372011], [0.23963332212689473, 0.4123753028571667, 0.27852418999981127, 0.06946718491612151], [0.26382749271451367, 0.40408539953851325, 0.27220717901696984, 0.05987992862999909], [0.3167968083307039, 0.3888865377254883, 0.2119668290161151, 0.08234982482769045]], "ideal": "B", "sampled": "D", "correct": false}}
{"type": "result", "data": {"idx": 61, "options": ["20!/2^(10)", "10!/2^9", "10^(20) - 2^(10)", "10^(20) - 100"], "probs": [[0.5506197164279834, 0.2533174573250505, 0.11546010466694114, 0.080602721480022], [0.563649942218169, 0.2485183597731902, 0.1039845175244949, 0.08384718038414869], [0.5320633566522076, 0.2522993525623519, 0.12811845482987766, 0.08751883585554276], [0.5235662955235232, 0.2590491375378667, 0.10368473914412499, 0.11369982769449148]], "ideal": "A", "sampled": "A", "correct": true}}
{"type": "result", "data": {"idx": 62, "options": ["It is possible to place an linear order relation \u2264 on the complex numbers C such that (C, +, \u00d7, \u2264) is not an ordered field.", "It is possible to place a linear order relation on the complex numbers C which make (C, +, \u00d7, \u2264) an ordered field.", "Neither (a) nor (b)", "Both (a) and (b)."], "probs": [[0.4229163562346596, 0.26375120825874043, 0.1858996256067118, 0.1274328097999046], [0.5243965940948941, 0.1570018730506731, 0.19063004266853878, 0.12797149008589137], [0.4578727909901309, 0.18834871790054475, 0.2208405059111217, 0.13293798509821408], [0.3968637140219097, 0.270583411489273, 0.23044259505409986, 0.10211027933470274]], "ideal": "A", "sampled": "B", "correct": false}}
{"type": "result", "data": {"idx": 63, "options": ["1/4", "1/3", "1/2", "2/3"], "probs": [[0.4922394860363172, 0.28221550307241705, 0.1588122852846742, 0.0667327255066021], [0.4792010712147067, 0.3023635789478128, 0.15241232284300027, 0.06602302689447578], [0.48352337399995915, 0.2793372609181481, 0.1515127420368689, 0.08562662294502425], [0.49068322495142414, 0.289866852602607, 0.13906191628124978, 0.08038800606471139]], "ideal": "D", "sampled": "C", "correct": false}}
{"type": "result", "data": {"idx": 64, "options": ["The integers under addition", "The nonzero integers under multiplication", "The nonzero real numbers under multiplication", "The complex numbers under addition"], "probs": [[0.3337691194584219, 0.21234739633728253, 0.2400282024856561, 0.21385528161863107], [0.24810973916628387, 0.20280022036213843, 0.3232750676928313, 0.2258149726787517], [0.1823643104592512, 0.20486765244603136, 0.2941870548066197, 0.31858098218810793], [0.2690503067391141, 0.2200576221628944, 0.22410571773378246, 0.28678635326421525]], "ideal": "B", "sampled": "A", "correct": false}}
{"type": "result", "data": {"idx": 65, "options": ["4x + 6y", "x + y + 5", "9x + 4y", "4x - 9y"], "probs": [[0.5105117482262592, 0.24144450999080191, 0.15895608055659516, 0.08908766112635563], [0.4955164081559087, 0.24263443977830046, 0.1533021218286904, 0.10854703013709754], [0.4761748533602117, 0.2435705805910226, 0.1535187723418457, 0.1267357936069156], [0.5027375764352279, 0.2472127165580373, 0.14737044369532257, 0.102679263211419]], "ideal": "D", "sampled": "A", "correct": false}}
{"type": "result", "data": {"idx": 66, "options": ["0", "-2", "-sqrt(34)", "-sqrt(35)"], "probs": [[0.4878603915942454, 0.18203082867456807, 0.21327160535843728, 0.11683717427275472], [0.5380537640728794, 0.21154431928985426, 0.17360721081581673, 0.07679470572144156], [0.5304081165197347, 0.22911241167733276, 0.16246856474115548, 0.07801090696176358], [0.5378613445065622, 0.18966042894737706, 0.1865095645942746, 0.08596866185176585]], "ideal": "C", "sampled": "D", "correct": false}}
{"type": "result", "data": {"idx": 67, "options": ["II only", "III only", "I and II only", "I and III only"], "probs": [[0.35554485308152717, 0.2693806943182957, 0.20980430110376339, 0.16527015139642523], [0.3543676937045008, 0.3048219081110494, 0.21093821704583057, 0.12987218103862644], [0.3152948157906892, 0.30287327967726435, 0.23596245414147693, 0.14586945029056533], [0.33890932513963395, 0.2881509577153096, 0.22882967280685418, 0.14411004423821766]], "ideal": "D", "sampled": "D", "correct": true}}
{"type": "result", "data": {"idx": 68, "options": ["\u03c0/3", "\u03c0/4", "\u03c0", "2\u03c0"], "probs": [[0.37183340890158123, 0.33731619977682453, 0.1504426941453734, 0.14040769707621176], [0.37596589483512677, 0.3446080429109676, 0.1251134514673313, 0.1543126106865665], [0.3517868404731327, 0.29523695976045156, 0.16483068678599164, 0.18814551288041337], [0.39775263641708686, 0.30334496028302654, 0.13832823752467666, 0.16057416567520222]], "ideal": "A", "sampled": "B", "correct": false}}
{"type": "result", "data": {"idx": 69, "options": ["Sunday", "Monday", "Tuesday", "Wednesday"], "probs": [[0.3477682889677259, 0.23585531755505737, 0.2564291193474659, 0.15994727402976502], [0.3661498776801967, 0.23892278968866557, 0.2786679695145011, 0.11625936301663069], [0.36119038710939533, 0.2982136444542925, 0.2250412803007671, 0.11555468803555316], [0.3817315123050542, 0.2552802975906004, 0.23553862823615532, 0.12744956176820513]], "ideal": "A", "sampled": "D", "correct": false}}
{"type": "result", "data": {"idx": 70, "options": ["\u221248/\u03c0 cm/min", "\u22124/(3\u03c0) cm/min", "\u22128/(3\u03c0) cm/min", "\u221216/(3\u03c0) cm/min"], "probs": [[0.42318551699680823, 0.28988548386889734, 0.18154366654757798, 0.10538533248671327], [0.4442074307005946, 0.2938138947371752, 0.17790338866359443, 0.08407528579864734], [0.4284394260122522, 0.28974259370157956, 0.1804109219416937, 0.10140705824445877], [0.4437710832215454, 0.2931138110431692, 0.16900658283763767, 0.09410852279764953]], "ideal": "D", "sampled": "D", "correct": true}}
{"type": "result", "data": {"idx": 71, "options": ["The system is consistent.", "The system has infinitely many solutions.", "The sum of any two solutions is a solution.", "Every solution is a scalar multiple of (-5, 1, 1, 0)."], "probs": [[0.4536878726943396, 0.2815102023988702, 0.13624109059804235, 0.1285608342087313], [0.42866770682904765, 0.2920662695476534, 0.17366786777246884, 0.1055981557508392], [0.44085222087678333, 0.3474654834633295, 0.11401270786015323, 0.09766958769972513], [0.4484005195407102, 0.2948161612938198, 0.14275012206162502, 0.11403319700384039]], "ideal": "D", "sampled": "D", "correct": true}}
{"type": "result", "data": {"idx": 72, "options": ["f(c)", "f(e^c)", "f(1/c)", "f(log c)"], "probs": [[0.4670685310189762, 0.2760377324023311, 0.15885422626042733, 0.09803951021825696], [0.4551392236288518, 0.27003417639954974, 0.1816908611936929, 0.09313573867791856], [0.4440053463812849, 0.2537148884254519, 0.1770047427177502, 0.12527502237551055], [0.4597122851494192, 0.2816196753028352, 0.16150971882031706, 0.09715832062741749]], "ideal": "D", "sampled": "A", "correct": false}}
{"type": "result", "data": {"idx": 73, "options": ["I only", "II only", "III only", "I and II only"], "probs": [[0.4422911115308793, 0.26452773983374844, 0.16428464945400037, 0.12889649908136996], [0.4206232185856358, 0.2782748519188829, 0.16517234454958413, 0.13592958484589224], [0.4493408861321519, 0.2818494208806048, 0.1823503547856098, 0.08645933810165167], [0.406105520663099, 0.3114052038502572, 0.18100053057181426, 0.10148874481484273]], "ideal": "D", "sampled": "A", "correct": false}}
{"type": "result", "data": {"idx": 74, "options": ["1/(2e)", "1/e", "e^2/2", "2e"], "probs": [[0.3863691845178847, 0.3324482376027943, 0.13453768489470416, 0.1466448928846251], [0.3767792501755514, 0.28254924832092226, 0.16748002341975354, 0.1731914779837933], [0.3705637483382398, 0.2948698519584346, 0.1648413112061488, 0.169725088397157], [0.3567615520144094, 0.3069721148473307, 0.16770807753805583, 0.16855825550021372]], "ideal": "C", "sampled": "B", "correct": false}}
{"type": "result", "data": {"idx": 75, "options": ["H = 50", "T >= 60", "51 <= H <= 55", "H >= 48 and T >= 48"], "probs": [[0.3775023338563475, 0.24492069526729743, 0.1456941293028343, 0.2318828414735048], [0.3848001468177036, 0.2790205455332763, 0.1890148715534622, 0.14716443599556445], [0.4400393133191443, 0.2670147412924431, 0.17407213368617347, 0.11887381160224382], [0.484461802175074, 0.2401149548640152, 0.1300228092912485, 0.14540043356966317]], "ideal": "D", "sampled": "D", "correct": true}}
{"type": "result", "data": {"idx": 76, "options": ["True, True", "True, False", "False, True", "False, False"], "probs": [[0.5390694902928252, 0.2368806736975265, 0.15438160930384415, 0.06966822660579305], [0.5149338390905127, 0.22420615969813654, 0.16004438104735744, 0.10081562006397837], [0.48410212342736053, 0.2106315164132322, 0.20531072778887507, 0.09995563227053665], [0.44224121754056633, 0.27354990713724525, 0.18193141024326295, 0.1022774649789435]], "ideal": "D", "sampled": "A", "correct": false}}
{"type": "result", "data": {"idx": 77, "options": ["2", "1", "0", "-1"], "probs": [[0.39000547439202765, 0.317735118318088, 0.2130103136732543, 0.07924909351664565], [0.4347146453577331, 0.27743261495402405, 0.21095570273805406, 0.07689703685019869], [0.3641362870508647, 0.26694841553512333, 0.26634092130226655, 0.10257437601174485], [0.3976940846617896, 0.30515893224370993, 0.2144724894247143, 0.08267449356977258]], "ideal": "C", "sampled": "B", "correct": false}}
