{"type": "result", "data": {"idx": 0, "options": ["p = 4", "p = 8", "p = 12", "p = 24"], "probs": [[0.44616160960245, 0.2607692814543715, 0.1830614828222871, 0.11000762602088854], [0.46756983659029944, 0.2594956563101979, 0.20247904922701618, 0.07045545777250492], [0.4867875744776011, 0.30309635447040195, 0.13688707004900277, 0.07322900090299067], [0.5029661952244958, 0.268443071573674, 0.16017305461701703, 0.06841767848480715]], "ideal": "C", "sampled": "D", "correct": false}}
{"type": "result", "data": {"idx": 1, "options": ["5", "7", "8", "9"], "probs": [[0.3691519874055353, 0.35377594929383815, 0.17578401544953307, 0.10128804775109689], [0.3548176248198176, 0.3690139922837085, 0.1716764251916717, 0.10449195760479228], [0.3469199214343508, 0.37210373583393086, 0.1826177926901274, 0.09835854994158709], [0.3755367422454933, 0.37626613889144767, 0.1491558914695082, 0.09904122729354062]], "ideal": "C", "sampled": "A", "correct": false}}
{"type": "result", "data": {"idx": 2, "options": ["1 over 5", "\u22125", "\u22121 over 5", "5"], "probs": [[0.43711531397447917, 0.3052705852881206, 0.1869687102016171, 0.07064539043579926], [0.3871899033907573, 0.33126278418207566, 0.18733234034115412, 0.0942149719860089], [0.4312687131362333, 0.34042266078054156, 0.14844160795158098, 0.07986701803164653], [0.42289218933682315, 0.32400066443396214, 0.1726084292046443, 0.08049871692457129]], "ideal": "D", "sampled": "C", "correct": false}}
{"type": "result", "data": {"idx": 3, "options": ["4", "5", "6", "7"], "probs": [[0.21592197407310748, 0.3749993441503498, 0.22753438003444687, 0.18154430164207128], [0.27074879464504187, 0.35076144101275913, 0.2310512394957687, 0.1474385247464251], [0.26291669719165994, 0.36517355810660346, 0.23424879893836484, 0.13766094566335899], [0.2809577455776558, 0.37826743150919456, 0.20828016363686327, 0.13249465917628198]], "ideal": "B", "sampled": "D", "correct": false}}
{"type": "result", "data": {"idx": 4, "options": ["4t = 112; $448", "4t = 112; $28", "t over 4 = 112; $448", "t over 4 = 112; $28"], "probs": [[0.4530671110350271, 0.26676477713095254, 0.16032816551049583, 0.11983994622353135], [0.4461265296737084, 0.2793423303288683, 0.17155878872407254, 0.10297235117334039], [0.47320086554380913, 0.27273178116776786, 0.14316134365473676, 0.110906009533682], [0.4429037331314327, 0.26832154313007733, 0.16846914783604242, 0.12030557580244769]], "ideal": "B", "sampled": "C", "correct": false}}
{"type": "result", "data": {"idx": 5, "options": ["9", "11", "26", "32"], "probs": [[0.33568451025909046, 0.2834708349589411, 0.26285858008884244, 0.11798607459313053], [0.35760950115551315, 0.2792481088184162, 0.2524747205200628, 0.11066766940601167], [0.3884237430601668, 0.2973713354867973, 0.2223370913277307, 0.09186783002530143], [0.40695596078116725, 0.268005874597041, 0.2198709794697533, 0.10516718505205486]], "ideal": "C", "sampled": "D", "correct": false}}
{"type": "result", "data": {"idx": 6, "options": ["1.1 over 11", "11 over 11", "12 over 11", "11 over 12"], "probs": [[0.5632248263858589, 0.23031494488512358, 0.14564039940891912, 0.06081982922010294], [0.5416402855478853, 0.23823555491299891, 0.1350252018493205, 0.0850989575898101], [0.5313427213398698, 0.25693269345106184, 0.1413663464858444, 0.0703582386232331], [0.5136912210433766, 0.2862034196182652, 0.13434854843633276, 0.06575681080204607]], "ideal": "C", "sampled": "A", "correct": false}}
{"type": "result", "data": {"idx": 7, "options": ["3.6", "36", "0.01272", "12.72"], "probs": [[0.3942185817179625, 0.2916218814174045, 0.23023410070724076, 0.08392543605738718], [0.37042598793001086, 0.33650682091847467, 0.19652800506492205, 0.09653918598660068], [0.3618440292441628, 0.3293868992525747, 0.2286899416431863, 0.08007912976006588], [0.39124278007677316, 0.3206842461185346, 0.18221240810521483, 0.10586056559949637]], "ideal": "B", "sampled": "A", "correct": false}}
{"type": "result", "data": {"idx": 8, "options": ["159.26", "2.224", "14,111", "126.26"], "probs": [[0.34279570350466515, 0.3635952286079884, 0.21078001197048893, 0.08282905581686495], [0.3368753735399376, 0.36384729987418396, 0.20950497662943124, 0.08977234985644682], [0.32076389884116235, 0.3673054028625562, 0.20941554762342976, 0.10251515057284595], [0.3378207327147362, 0.3953314324433604, 0.19213005954071427, 0.07471777520118816]], "ideal": "D", "sampled": "A", "correct": false}}
{"type": "result", "data": {"idx": 9, "options": ["0.72", "0.702", "10.0571", "7.2"], "probs": [[0.4868611840015457, 0.2839162926183454, 0.17525398625694136, 0.053968537023172614], [0.4662636927203444, 0.31231144871954614, 0.1634128312448936, 0.05801202721520427], [0.48665908756568416, 0.2778959355146575, 0.16371992856759032, 0.07172504825206111], [0.5069088466688606, 0.2773201343528127, 0.1627642445319029, 0.053006774346403676]], "ideal": "D", "sampled": "C", "correct": false}}
{"type": "result", "data": {"idx": 10, "options": ["150 + 400 + 200", "200 + 400 + 200", "200 + 450 + 200", "200 + 500 + 200"], "probs": [[0.3997318921942442, 0.24377777287851796, 0.15885838166618102, 0.19763195316104568], [0.38647616673030494, 0.24371426157393192, 0.19073022574533585, 0.17907934585042046], [0.3954101168151756, 0.2384780848290989, 0.1813486882392677, 0.18476311001645693], [0.40605831974651485, 0.2463102136282722, 0.18551002210764542, 0.16212144441755238]], "ideal": "C", "sampled": "D", "correct": false}}
{"type": "result", "data": {"idx": 11, "options": ["21", "7", "1", "None of these"], "probs": [[0.4043045576823925, 0.3041221314773953, 0.2264869798620686, 0.06508633087814346], [0.4387920610503067, 0.31155813389095727, 0.1855792236706355, 0.06407058128812099], [0.40833577678815763, 0.2627310891052998, 0.26062896767450355, 0.06830416633205107], [0.3406070842968037, 0.31349995104849643, 0.2613885961296382, 0.08450436842509282]], "ideal": "D", "sampled": "B", "correct": false}}
{"type": "result", "data": {"idx": 12, "options": ["8", "9", "49", "63"], "probs": [[0.3379889779696544, 0.3517124676297655, 0.17825610391407343, 0.13204245038649887], [0.33352638087761255, 0.3728718530418715, 0.16256354150055677, 0.13103822447997562], [0.3566043554706895, 0.378575617362181, 0.17813109912825886, 0.08668892793886283], [0.39370765285130654, 0.3621767743043837, 0.14166638451725566, 0.10244918822705172]], "ideal": "A", "sampled": "D", "correct": false}}
{"type": "result", "data": {"idx": 13, "options": ["6", "11", "8", "5"], "probs": [[0.32559641014572266, 0.30829401210897067, 0.24060326588209857, 0.12550631176320806], [0.32777709595949095, 0.3282911072675691, 0.2344526926680646, 0.10947910400487909], [0.3333924047175746, 0.31633155406583224, 0.2162395373782418, 0.13403650373834594], [0.3113963538651455, 0.32268703309641195, 0.2478846292287966, 0.11803198370965008]], "ideal": "A", "sampled": "C", "correct": false}}
{"type": "result", "data": {"idx": 14, "options": ["10 bars of soap for $23.20", "16 bars of soap for $36.48", "13 bars of soap for $29.51", "12 bars of soap for $27.60"], "probs": [[0.3732862237119668, 0.31451441845574063, 0.1954961892571985, 0.11670316847507786], [0.3717922585917964, 0.30421421135599824, 0.2090482473654042, 0.11494528258681143], [0.38024177563531214, 0.3067618876071092, 0.2052474869079701, 0.10774884974958873], [0.3739309794261097, 0.3083054154020708, 0.21803119252456368, 0.09973241254725201]], "ideal": "C", "sampled": "B", "correct": false}}
{"type": "result", "data": {"idx": 15, "options": ["5 minutes", "14 minutes", "34 minutes", "70 minutes"], "probs": [[0.30617266522405595, 0.36093141973497034, 0.18338717018488798, 0.14950874475608578], [0.3609200516316224, 0.3570254196333644, 0.17435113111408027, 0.107703397520919], [0.3559403952963816, 0.3789162239984625, 0.16353226885850333, 0.10161111174665452], [0.34715858431597335, 0.3789284535043129, 0.13862089689558774, 0.13529206518412865]], "ideal": "B", "sampled": "D", "correct": false}}
{"type": "result", "data": {"idx": 16, "options": ["18", "24", "25", "29"], "probs": [[0.3113703363717879, 0.3036802244170267, 0.2983610406137164, 0.08658839849749021], [0.29902510754802897, 0.28937382159108116, 0.30632854497446477, 0.1052725257864191], [0.314435376411679, 0.28522884335266274, 0.30557831891316023, 0.09475746122249348], [0.3381555675067886, 0.29579834975299507, 0.24527063401164728, 0.12077544862856449]], "ideal": "B", "sampled": "C", "correct": false}}
{"type": "result", "data": {"idx": 17, "options": ["(60/6)\u201412=a", "(60\u201412)/6=a", "(60-6)-12=a", "(60+12)/6=a"], "probs": [[0.3768996829670142, 0.3297895471329464, 0.18281969412512536, 0.11049107567491595], [0.38168816501143144, 0.33795820352407147, 0.174722441013764, 0.1056311903507359], [0.36295322711700734, 0.3378673733339616, 0.18581043539519101, 0.11336896405382704], [0.3963237597216117, 0.32918128336582864, 0.176265748979726, 0.09822920783283584]], "ideal": "B", "sampled": "D", "correct": false}}
{"type": "result", "data": {"idx": 18, "options": ["5", "25", "50", "125"], "probs": [[0.3017272374961008, 0.4001277032838958, 0.16449551939941423, 0.1336495397205842], [0.32251101495853246, 0.3519733289178099, 0.1693241476608311, 0.15619150836283147], [0.30454923005069123, 0.39117666408133966, 0.19794453072880186, 0.10632957503917115], [0.3305397479362514, 0.42106307248532454, 0.14156536947802098, 0.10683181000039615]], "ideal": "D", "sampled": "A", "correct": false}}
{"type": "result", "data": {"idx": 19, "options": ["7", "16", "30", "33"], "probs": [[0.3455964491302608, 0.3248259849400773, 0.24833494995065217, 0.08124261587901192], [0.3460829499058722, 0.3047909568669491, 0.2594487904083662, 0.08967730271881742], [0.32412396484787076, 0.2974923732428483, 0.31495794553859174, 0.06342571627069683], [0.34323181433444816, 0.33075397601493306, 0.25659879029223215, 0.0694154192583802]], "ideal": "A", "sampled": "A", "correct": true}}
{"type": "result", "data": {"idx": 20, "options": ["\u221212", "12", "8", "16"], "probs": [[0.32287700989240503, 0.39418758564090217, 0.2005949937673663, 0.08234041059934105], [0.3522622147947125, 0.35497360137827544, 0.20653829938776155, 0.08622588433924716], [0.33122608238284673, 0.3561623617639618, 0.21540810996179177, 0.09720344579139453], [0.3489782186908418, 0.29430685676029006, 0.25555503242079414, 0.10115989202809068]], "ideal": "C", "sampled": "B", "correct": false}}
{"type": "result", "data": {"idx": 21, "options": ["382", "397", "406", "447"], "probs": [[0.2919279403913304, 0.37263613809266544, 0.22416477434673499, 0.11127114706926655], [0.3466386401517972, 0.36262632146794854, 0.17481981910968608, 0.11591521917057535], [0.33745273686831906, 0.36006558231855884, 0.18296866499784023, 0.1195130157152701], [0.3241443968144627, 0.35183861960051527, 0.1972923296620852, 0.1267246538229536]], "ideal": "B", "sampled": "C", "correct": false}}
{"type": "result", "data": {"idx": 22, "options": ["\u22127", "\u22121", "1", "7"], "probs": [[0.4486863821656609, 0.3560239062307672, 0.1535529434559106, 0.041736768047645215], [0.4443931492742467, 0.353656258105759, 0.15003204287895344, 0.051918549641023916], [0.46369467321427504, 0.2959731421725454, 0.18517900428613088, 0.05515318022705421], [0.4739097410120904, 0.32825039321518373, 0.13901978611830743, 0.0588200795544244]], "ideal": "A", "sampled": "C", "correct": false}}
{"type": "result", "data": {"idx": 23, "options": ["53", "63", "73", "83"], "probs": [[0.3832588039092644, 0.3259109089430264, 0.20508509888608353, 0.08574518816163663], [0.41360909907558807, 0.3178816472675234, 0.18409442618358426, 0.08441482737330727], [0.4204313511581499, 0.31541637166005587, 0.17760751504310424, 0.08654476203869615], [0.4460380920601916, 0.31270297071424313, 0.15399158911054323, 0.08726734801502833]], "ideal": "C", "sampled": "D", "correct": false}}
{"type": "result", "data": {"idx": 24, "options": ["11.1", "5.7", "3.7", "22.68"], "probs": [[0.4142686948858157, 0.2955137706617726, 0.2091920342107436, 0.08102550014164998], [0.4055487247361437, 0.28804854743901825, 0.2244464535914697, 0.0819562741333768], [0.3904924036117745, 0.28398424458071975, 0.2394962471029794, 0.08602710460452195], [0.4102203462173752, 0.29343826009370033, 0.21231363569202777, 0.08402775789687514]], "ideal": "B", "sampled": "A", "correct": false}}
{"type": "result", "data": {"idx": 25, "options": ["32", "3.2", "3,200", "320"], "probs": [[0.37810846346562704, 0.3082911075144304, 0.2327249171910575, 0.0808755117288877], [0.389384747194118, 0.30979157413418934, 0.20977478676258066, 0.09104889180909584], [0.34081704559818465, 0.3145106918716182, 0.2324950125835089, 0.11217724984669475], [0.3774577261363599, 0.3167073349647939, 0.23526371515266645, 0.0705712236461893]], "ideal": "A", "sampled": "B", "correct": false}}
{"type": "result", "data": {"idx": 26, "options": ["46.4", "456", "4.56", "45.6"], "probs": [[0.4872193084821824, 0.2633322636201613, 0.17444939338428825, 0.0749990344133697], [0.43771267954071824, 0.3197203295189783, 0.16172174086034793, 0.08084524997992976], [0.47658979096535714, 0.30609984668222645, 0.1506515479134592, 0.0666588143389521], [0.4665982529244219, 0.2875110989170979, 0.17869565091205666, 0.06719499714641843]], "ideal": "D", "sampled": "C", "correct": false}}
{"type": "result", "data": {"idx": 27, "options": ["508", "508 r2", "578", "578 r2"], "probs": [[0.43445750921554416, 0.2903465224674379, 0.189294666888699, 0.08590130132831884], [0.4219326931353049, 0.3176774472807614, 0.18732263549992215, 0.07306722398403477], [0.4452037059550788, 0.2837214014994227, 0.1766884900211458, 0.09438640242435209], [0.41677819258459814, 0.31717029355292603, 0.1821667487334657, 0.08388476502902285]], "ideal": "D", "sampled": "C", "correct": false}}
{"type": "result", "data": {"idx": 28, "options": ["100 \u2014 5d", "5d+ 100", "100 / 5d", "5d"], "probs": [[0.4244864196988738, 0.30718178044441763, 0.19752470761256147, 0.07080709214416513], [0.42933444386567066, 0.3131245346630039, 0.16345147338313046, 0.09408954798820736], [0.435752804825553, 0.3178080075319468, 0.1361451277517723, 0.11029405979073871], [0.42078513026019204, 0.35390830518025007, 0.12532060841206805, 0.09998595604748207]], "ideal": "A", "sampled": "C", "correct": false}}
{"type": "result", "data": {"idx": 29, "options": ["4t", "t over 4", "t \u2212 4", "t + 4"], "probs": [[0.5009001184180795, 0.2753502475266508, 0.15212297133589978, 0.07162666261937665], [0.4632242751680796, 0.2907498045654167, 0.1744488813474944, 0.07157703881900587], [0.43890612647248434, 0.3236180263275028, 0.15714609255253154, 0.08032975454748917], [0.46320260847082, 0.3019508158465336, 0.15321099029689997, 0.08163558528576548]], "ideal": "A", "sampled": "D", "correct": false}}
{"type": "result", "data": {"idx": 30, "options": ["681,452", "462,017", "246,412", "125,655"], "probs": [[0.41979065568044927, 0.333140233264907, 0.1708587253748791, 0.07621038557977453], [0.4205085964630868, 0.32921345565665183, 0.17107948167147602, 0.07919846610879194], [0.43204577350187645, 0.3311860292689761, 0.16631537958501566, 0.07045281754412129], [0.41228083244627095, 0.33363764444338356, 0.17170492969219867, 0.08237659331813059]], "ideal": "B", "sampled": "C", "correct": false}}
{"type": "result", "data": {"idx": 31, "options": ["15 remainder 7", "15 remainder 3", "16 remainder 5", "16 remainder 1"], "probs": [[0.4633883424114611, 0.3146324723830478, 0.1712743268663916, 0.05070485823908754], [0.4129172193402296, 0.3277203388386708, 0.20372548329312024, 0.055636958427996236], [0.4707825720000657, 0.3218200784333729, 0.15614110448068652, 0.05125624498589059], [0.41806328109808605, 0.3436108146679319, 0.18638647662721264, 0.0519394275067834]], "ideal": "B", "sampled": "C", "correct": false}}
{"type": "result", "data": {"idx": 32, "options": ["17 over 2", "34 over 4", "17 over 4", "19 over 2"], "probs": [[0.39280034634596644, 0.36625042257340384, 0.18405721839933223, 0.05689201258129438], [0.37656516943101287, 0.3685720132841992, 0.17775802803348617, 0.0771047891513115], [0.382560054266062, 0.3713909032025332, 0.18628007660730295, 0.05976896582409799], [0.3771956247993432, 0.355022512453921, 0.19735462303628246, 0.07042723961045678]], "ideal": "A", "sampled": "A", "correct": true}}
{"type": "result", "data": {"idx": 33, "options": ["200,000 + 7,000 + 200 + 4", "200,000 + 7,000 + 200 + 40", "200,000 + 70,000 + 200 + 40", "200,000 + 70,000 + 2,000 + 40"], "probs": [[0.5320513767515146, 0.2609475155076315, 0.08658046328282788, 0.12042064435802881], [0.5474611054226122, 0.2505863774200862, 0.07525445454163512, 0.12669806251565854], [0.5393241818743512, 0.2562801874526199, 0.08179787441191133, 0.12259775616112514], [0.5259829402810096, 0.22174705799228006, 0.11636262910212176, 0.13590737252460616]], "ideal": "C", "sampled": "B", "correct": false}}
{"type": "result", "data": {"idx": 34, "options": ["220 parts", "770 parts", "4 parts", "110 parts"], "probs": [[0.37312188735657204, 0.370673581009088, 0.17071918580068024, 0.08548534573367], [0.3746600471443024, 0.36044566468102424, 0.17524164651118443, 0.08965264156347642], [0.35644663462106213, 0.3664566114560153, 0.1989077575810237, 0.07818899624189676], [0.3618574830053438, 0.36769007168805085, 0.19182622202544705, 0.07862622318115971]], "ideal": "D", "sampled": "A", "correct": false}}
{"type": "result", "data": {"idx": 35, "options": ["the mean would increase.", "the mean would decrease.", "the median would increase.", "the median would decrease."], "probs": [[0.34323897189756963, 0.30666291255560524, 0.23616376211804177, 0.11393435332878914], [0.3474337515091047, 0.306830135923498, 0.21571842079262604, 0.1300176916747654], [0.3450324215771054, 0.30432730040665446, 0.24044637771085717, 0.11019390020537852], [0.3549561722695233, 0.2994396615546449, 0.21950465929305743, 0.12609950678278162]], "ideal": "A", "sampled": "C", "correct": false}}
{"type": "result", "data": {"idx": 36, "options": ["\u20137", "5", "7", "27"], "probs": [[0.420249048086777, 0.3089794176170449, 0.1913817807965746, 0.07938975339960506], [0.4081312643950517, 0.29119500894074357, 0.2158710189331032, 0.08480270763108867], [0.44591530481068137, 0.2791760447744813, 0.20823049268205307, 0.06667815763279122], [0.43981045790631207, 0.26478313434047074, 0.21451441618600947, 0.08089199146721568]], "ideal": "A", "sampled": "D", "correct": false}}
{"type": "result", "data": {"idx": 37, "options": ["3-p", "p+3", "3/p", "p-3"], "probs": [[0.47799085207341574, 0.27764467747791943, 0.17548931136437249, 0.06887515898429498], [0.4119782282980098, 0.3164854427691001, 0.19145957295950194, 0.08007675587338269], [0.5046333335093754, 0.307152027266557, 0.14273797937281252, 0.04547665975125064], [0.4629316436271505, 0.3158810152475263, 0.15910643303327338, 0.0620809079920345]], "ideal": "D", "sampled": "C", "correct": false}}
{"type": "result", "data": {"idx": 38, "options": ["30 \u00d7 10^1", "30 \u00d7 10^3", "(6 \u00d7 5) \u00d7 10^2", "(6 \u00d7 5) \u00d7 10^3"], "probs": [[0.45832572810539446, 0.2732013093316952, 0.17286619650506835, 0.0956067659578338], [0.4407262788161145, 0.3049492040740431, 0.17626654712110137, 0.0780579698887271], [0.4675262350763113, 0.2929428418628936, 0.14924893845760684, 0.0902819845031968], [0.4720197622798398, 0.2932375116256048, 0.13289690453496072, 0.10184582145958837]], "ideal": "C", "sampled": "C", "correct": true}}
{"type": "result", "data": {"idx": 39, "options": ["0", "3", "9", "12"], "probs": [[0.35752682849881595, 0.32761431458963314, 0.2011848678258576, 0.11367398898571147], [0.3616153182073961, 0.28453582092364865, 0.2676830255132539, 0.08616583525570168], [0.3869869977829484, 0.3362614081935781, 0.20576137375635034, 0.07099022016712665], [0.4355787025150047, 0.29243279356276236, 0.18076945769953726, 0.0912190461226991]], "ideal": "C", "sampled": "D", "correct": false}}
{"type": "result", "data": {"idx": 40, "options": ["1850x", "2000 \u2212150x", "150x", "2000 +150x"], "probs": [[0.4027576051651862, 0.3419703201383016, 0.18530771290290407, 0.06996436169360952], [0.3745773665250457, 0.3390307447235156, 0.2140959738550014, 0.07229591479644984], [0.40678644185768387, 0.3240702438374666, 0.1883199479098176, 0.08082336629503051], [0.3778792744320155, 0.33080651396250493, 0.22476880673855387, 0.06654540476691077]], "ideal": "B", "sampled": "B", "correct": true}}
{"type": "result", "data": {"idx": 41, "options": ["w > 2.3", "w < 2.4", "w > 3.2", "w < 3.3"], "probs": [[0.4645674114641525, 0.31578193354008643, 0.14159781858737086, 0.07805283630840935], [0.4231654048532248, 0.3129310805966009, 0.15031335547753175, 0.11359015897263623], [0.4625121763181698, 0.3149294536507537, 0.13982704464661447, 0.08273132528445691], [0.4191961339822344, 0.31897709937763447, 0.14331312650661904, 0.11851364003351779]], "ideal": "D", "sampled": "A", "correct": false}}
{"type": "result", "data": {"idx": 42, "options": ["-6", "-5", "0", "5"], "probs": [[0.3318574416109433, 0.2720490134391895, 0.3018111069768101, 0.09428243787304082], [0.3344073394309749, 0.2599156426712542, 0.347976794375778, 0.05770022342199566], [0.3915797862175459, 0.21670233900142277, 0.2844937025237588, 0.10722417215728375], [0.3236736417614422, 0.22819154992303128, 0.35855366809698686, 0.08958114011854518]], "ideal": "A", "sampled": "B", "correct": false}}
{"type": "result", "data": {"idx": 43, "options": ["156", "110", "94", "48"], "probs": [[0.3886903301992084, 0.3383860592535526, 0.17421051130391962, 0.09871309914332489], [0.3794444740070284, 0.3447637049388087, 0.1889206389090258, 0.08687118204514757], [0.38149824493537554, 0.3683160222894781, 0.16390190927164872, 0.08628382340347913], [0.3936972047686777, 0.3519562217835652, 0.15753935638650757, 0.09680721696123043]], "ideal": "C", "sampled": "D", "correct": false}}
{"type": "result", "data": {"idx": 44, "options": ["15, 17", "15, 19", "17, 19", "17, 21"], "probs": [[0.4212566489931162, 0.31304429707068754, 0.21026810695953088, 0.0554309468766745], [0.46067826352253394, 0.305772394498671, 0.17719139272858098, 0.056357949150224476], [0.45131770725223547, 0.29544725046099723, 0.19571255090408615, 0.05752249128267882], [0.4513514131731289, 0.31380012357871817, 0.1802268187958906, 0.05462164435225112]], "ideal": "D", "sampled": "C", "correct": false}}
{"type": "result", "data": {"idx": 45, "options": ["3 cans", "12 cans", "36 cans", "13 cans"], "probs": [[0.396878114850422, 0.28918364110617356, 0.23402192880298547, 0.07991631514041334], [0.37580158030211847, 0.28009362977666197, 0.23579434006259725, 0.10831044975862952], [0.36843190542126664, 0.3128012451053562, 0.24065044989334952, 0.07811639948004141], [0.3776036777352406, 0.33781717715547643, 0.20388551574962918, 0.0806936292596324]], "ideal": "B", "sampled": "A", "correct": false}}
{"type": "result", "data": {"idx": 46, "options": ["3.18, 3 and 1 over 8, 3.8,3", "3,3 and 1 over 8, 3.18, 3", "3.8, 3 and 1 over 8, 3.18, 3", "3.8, 3.18, 3 and 1 over 8, 3"], "probs": [[0.454924018591149, 0.23740355402247176, 0.2182600365323886, 0.08941239075399093], [0.45980564186975326, 0.2638577886020452, 0.18224360561987676, 0.0940929638083252], [0.4293139986713965, 0.2701209939433159, 0.18060205132855167, 0.11996295595672693], [0.44262275532060746, 0.2548901128256498, 0.1978326361510485, 0.10465449560267907]], "ideal": "D", "sampled": "C", "correct": false}}
{"type": "result", "data": {"idx": 47, "options": ["10", "11", "20", "2"], "probs": [[0.34385141828850213, 0.31432375619890085, 0.2589314894024219, 0.08289333601015574], [0.3854648332723589, 0.35374030534564727, 0.20516348609551133, 0.05563137518648786], [0.4372596468454676, 0.3539926426599642, 0.15030438294100343, 0.058443327453573626], [0.4090194926907192, 0.31326291208219537, 0.21190557205245855, 0.06581202307461291]], "ideal": "C", "sampled": "C", "correct": true}}
{"type": "result", "data": {"idx": 48, "options": ["800,000", "830,000", "836,000", "840,000"], "probs": [[0.33790658633012244, 0.3460324440451625, 0.25240619275025833, 0.06365477677448218], [0.31510358827935575, 0.39586135514450216, 0.20771569029636677, 0.08131936617977453], [0.23731813304675753, 0.41655997008808054, 0.25322342752999316, 0.09289846923516479], [0.31215272260424193, 0.3258933531782029, 0.24339114868607828, 0.11856277543146237]], "ideal": "D", "sampled": "C", "correct": false}}
{"type": "result", "data": {"idx": 49, "options": ["14", "\u22124", "45", "\u221245"], "probs": [[0.47676742149594337, 0.29875392264063355, 0.15712671609676765, 0.06735193966667594], [0.4380550720744466, 0.3154466563041345, 0.17123673856912103, 0.07526153295230255], [0.45231334123494327, 0.3057560385974628, 0.14952109620710172, 0.09240952386046766], [0.3962488556973424, 0.3381532550972335, 0.17072708429402755, 0.09487080481139631]], "ideal": "D", "sampled": "A", "correct": false}}
{"type": "result", "data": {"idx": 50, "options": ["21 birds", "40 birds", "42 birds", "84 birds"], "probs": [[0.31899346118475325, 0.3361511524180168, 0.21593479808185287, 0.1289205882153929], [0.31288714772415543, 0.3207403673765411, 0.25274350104208737, 0.11362898375721978], [0.31622033463841837, 0.3436053756157454, 0.20544728250621222, 0.13472700713964125], [0.3577808493325098, 0.32726648508029177, 0.1931127629160884, 0.12183990257111119]], "ideal": "A", "sampled": "D", "correct": false}}
{"type": "result", "data": {"idx": 51, "options": ["78", "83", "131", "153"], "probs": [[0.40733121167279995, 0.32212387689317407, 0.19209691655869104, 0.0784479947753306], [0.4088257889109982, 0.31996703845314456, 0.1773391015806979, 0.09386807095515166], [0.4201513074603334, 0.31567364038613765, 0.1806791830019911, 0.08349586905155992], [0.44567465793674, 0.3057305826485053, 0.15871407766473686, 0.08988068165001137]], "ideal": "B", "sampled": "C", "correct": false}}
{"type": "result", "data": {"idx": 52, "options": ["Leslie spent 20 dollars and 8 cents at a store. How is the amount of money Leslie spent written as a fraction?", "Mr. Kramer\u2019s 8 grandchildren shared 20 crackers equally. How many crackers did each grandchild get?", "Mitch bought 20 containers of flowers at a plant store. Each container had 8 flowers in it. How many flowers did Mitch buy?", "Stamps are sold in booklets of 20 stamps. Donna used 8 stamps to send invitations for a party. How many booklets of stamps did Donna use to send her invitations?"], "probs": [[0.511811701162286, 0.25530084966941136, 0.14619139052205354, 0.08669605854626648], [0.5660260819956077, 0.25095670357742667, 0.10744055105815965, 0.07557666326878222], [0.5297165550107886, 0.2901465939664349, 0.08161876310783338, 0.09851808781495455], [0.5097365488062902, 0.2786227929233147, 0.09945637064789807, 0.1121842875224994]], "ideal": "B", "sampled": "C", "correct": false}}
{"type": "result", "data": {"idx": 53, "options": ["120 miles", "80 miles", "26 miles", "12 miles"], "probs": [[0.3316030254465204, 0.36079302964936527, 0.21673321816973345, 0.09087072663437941], [0.34170897879004003, 0.36018200264194966, 0.2139008312169983, 0.08420818725101009], [0.35566749280967686, 0.34478968681555, 0.20820129255606604, 0.0913415277187097], [0.3391946244711862, 0.34470399184927825, 0.22491625220603853, 0.09118513137351451]], "ideal": "A", "sampled": "C", "correct": false}}
{"type": "result", "data": {"idx": 54, "options": ["add 6 to both sides", "divide both sides by 6", "multiply both sides by 6", "subtract 6 from both sides"], "probs": [[0.4405098171316295, 0.31438586768397997, 0.1726870782567755, 0.07241723682762635], [0.41936852369912886, 0.32943168945255114, 0.1587012061421921, 0.09249858060613493], [0.44495441195207086, 0.3070955504335132, 0.16756427935122442, 0.08038575816318302], [0.43368559135369256, 0.30283756230490416, 0.18561985412737667, 0.0778569921140411]], "ideal": "B", "sampled": "C", "correct": false}}
{"type": "result", "data": {"idx": 55, "options": ["7", "10", "21", "39"], "probs": [[0.333635406254761, 0.3336904803293859, 0.2223099592539481, 0.1103641540619061], [0.31895540189772204, 0.34054423572275067, 0.20432196333522604, 0.13617839894429112], [0.359820454926217, 0.3286308951337282, 0.20780926485226056, 0.10373938498778017], [0.3728403174696589, 0.3262367681266361, 0.19550360636644923, 0.10541930793724066]], "ideal": "A", "sampled": "C", "correct": false}}
{"type": "result", "data": {"idx": 56, "options": ["84 \u2212 11 = t; 73\u00b0F", "t \u2212 84 = 11; 95\u00b0F", "84 \u2212 t = 11; 73\u00b0F", "t \u2212 11 = 84; 95\u00b0F"], "probs": [[0.4366255095026575, 0.29409714880013854, 0.1704109596056328, 0.09886638199156506], [0.44661475123377353, 0.26718170391156754, 0.15744128642669156, 0.1287622583279694], [0.461352572287897, 0.2997149203301464, 0.15511527779703901, 0.08381722948489996], [0.45947822807042643, 0.2734535710478957, 0.14832081567241626, 0.11874738510927213]], "ideal": "D", "sampled": "C", "correct": false}}
{"type": "result", "data": {"idx": 57, "options": ["72 \u00f7 9 = 8", "72 \u2013 9 = 63", "9 + 72 = 81", "9 \u00f7 72 = 0.125"], "probs": [[0.5332256238910591, 0.1980427494789552, 0.12550763016427866, 0.1432239963656851], [0.5190030646297243, 0.21880088651479956, 0.1414095389460124, 0.12078650980945814], [0.5325685905561539, 0.2361179910332835, 0.1282888855599149, 0.10302453275066338], [0.5362092562471917, 0.2341712963832665, 0.11943656261472727, 0.11018288465480482]], "ideal": "A", "sampled": "D", "correct": false}}
{"type": "result", "data": {"idx": 58, "options": ["2 boxes", "4 boxes", "5 boxes", "6 boxes"], "probs": [[0.39934373247928123, 0.3241578498303997, 0.17889588340493986, 0.09760253418539062], [0.40529635540955017, 0.3217742077464124, 0.17231754476526648, 0.10061189197875685], [0.3940598118038126, 0.3005371760947286, 0.20484540336944168, 0.10055760863201688], [0.3981849046038975, 0.3173719145088143, 0.181134976986228, 0.1033082038010594]], "ideal": "D", "sampled": "A", "correct": false}}
{"type": "result", "data": {"idx": 59, "options": ["14", "20", "40", "60"], "probs": [[0.2718239160823515, 0.3666182037680248, 0.2575184229434211, 0.1040394571062225], [0.32937277042164664, 0.3418582247230629, 0.21696576751421137, 0.11180323724106425], [0.3210241329987169, 0.3469714891890811, 0.23676373940820666, 0.09524063830399752], [0.28728060995892707, 0.37185479730181126, 0.2271884995110762, 0.11367609312817788]], "ideal": "B", "sampled": "C", "correct": false}}
{"type": "result", "data": {"idx": 60, "options": ["6 over 14", "8 over 49", "14 over 28", "6 over 7"], "probs": [[0.41411307165574174, 0.30116895886243417, 0.17849814845886022, 0.10621982092294004], [0.42620302109965513, 0.3081689092872337, 0.196653903719571, 0.06897416579354339], [0.47165576240639057, 0.3153910004813756, 0.15531618242172388, 0.05763705459049414], [0.4546495205607399, 0.272795006145846, 0.19500915385925435, 0.07754631933414244]], "ideal": "D", "sampled": "D", "correct": true}}
{"type": "result", "data": {"idx": 61, "options": ["5", "10", "15", "20"], "probs": [[0.3231295809327348, 0.3077982910496731, 0.2736635333538824, 0.09540859456370376], [0.36667783594300923, 0.3186160892989527, 0.24468437766347356, 0.07002169699455206], [0.3903735542885274, 0.32057685130080926, 0.23491118056661217, 0.054138413744034254], [0.41522797287609864, 0.31465693790880306, 0.19686663895870174, 0.07324845015639682]], "ideal": "B", "sampled": "D", "correct": false}}
{"type": "result", "data": {"idx": 62, "options": ["125 push-ups", "279 push-ups", "1,395 push-ups", "1,406 push-ups"], "probs": [[0.46783944682138057, 0.2720149081269756, 0.1824758358198654, 0.07766980913175073], [0.46768069806846213, 0.26704421632225683, 0.1779813549647364, 0.08729373054454093], [0.43153744027760027, 0.24493847050831202, 0.23274547408217935, 0.09077861503190317], [0.45666035380200526, 0.24625406091960855, 0.18823803446330623, 0.10884755071508166]], "ideal": "C", "sampled": "A", "correct": false}}
{"type": "result", "data": {"idx": 63, "options": ["6 and 10", "5 and 12", "10 and 12", "12 and 15"], "probs": [[0.5523855400969697, 0.21894968867168538, 0.1749349024630342, 0.05372986866831257], [0.4967562810438972, 0.2402124104098822, 0.1817846393632632, 0.08124666908295361], [0.5094741703198323, 0.25865895463821986, 0.17324812074237192, 0.05861875419956822], [0.5543648079028811, 0.2201759969050567, 0.1468431293181638, 0.07861606577389234]], "ideal": "C", "sampled": "D", "correct": false}}
{"type": "result", "data": {"idx": 64, "options": ["\u22124", "\u22122", "10", "2"], "probs": [[0.41502614091940776, 0.4070779917689017, 0.1366595981346266, 0.04123626907706106], [0.5052610171394658, 0.29130754098668177, 0.16960350714504943, 0.03382793462880502], [0.42573347814708695, 0.34889752079059266, 0.16073211090725312, 0.06463689005507195], [0.46302806809809993, 0.29376414423385916, 0.2005153118687172, 0.042692475699299404]], "ideal": "D", "sampled": "B", "correct": false}}
{"type": "result", "data": {"idx": 65, "options": ["232", "236", "345", "460"], "probs": [[0.33161786829043344, 0.35951397677526525, 0.2511052659214359, 0.05776288891287329], [0.3309382038630271, 0.3862301197949397, 0.20060528358651877, 0.08222639265550878], [0.34515268976590857, 0.3879416910512005, 0.20077011855892102, 0.06613550052397263], [0.35002679979790163, 0.37474630759408556, 0.19043451015440088, 0.08479238235360603]], "ideal": "C", "sampled": "C", "correct": true}}
{"type": "result", "data": {"idx": 66, "options": ["50 and 400", "450 and 700", "750 and 1,000", "1,050 and 1,300"], "probs": [[0.4443580460102716, 0.29731510046144777, 0.1751077972742193, 0.08321905615404811], [0.4605611987513405, 0.3208982040960076, 0.15770502645896578, 0.060835570593703564], [0.44233599417291736, 0.3124302206092156, 0.1794972476683504, 0.0657365374495206], [0.46353599683553764, 0.2867471186056996, 0.16089900870712406, 0.08881787575165148]], "ideal": "D", "sampled": "C", "correct": false}}
{"type": "result", "data": {"idx": 67, "options": ["7", "12", "48", "56"], "probs": [[0.4107821703968901, 0.3006973212498505, 0.14016885926162032, 0.14835164899166212], [0.4453805305322264, 0.2876328501091146, 0.11854174183557048, 0.1484448774230826], [0.43100719066739124, 0.30744854015056916, 0.13180922414649723, 0.12973504493552235], [0.4253377653777897, 0.28785627712781886, 0.1388788546058845, 0.14792710278849872]], "ideal": "A", "sampled": "B", "correct": false}}
{"type": "result", "data": {"idx": 68, "options": ["18 and 28", "180 and 280", "1,800 and 2,800", "18,000 and 28,000"], "probs": [[0.40994476266898056, 0.349189227560978, 0.1630366751885732, 0.07782933448146308], [0.40091337696335994, 0.3330850613293662, 0.16602909882528472, 0.0999724627819896], [0.35944126192350634, 0.3610067051399075, 0.16520540747502302, 0.11434662536154871], [0.4377880041065335, 0.3062130219530603, 0.16385576521636405, 0.09214320862404404]], "ideal": "C", "sampled": "D", "correct": false}}
{"type": "result", "data": {"idx": 69, "options": ["7 \u2022 11^2 \u2022 13", "7^2 \u2022 11", "7 \u2022 11 \u2022 13", "7 \u2022 11"], "probs": [[0.5494567900699951, 0.24722790534944739, 0.13513561668059684, 0.06817968779998368], [0.5526785182480768, 0.22365591164827273, 0.15661297454196127, 0.06705259546166428], [0.5873171304474258, 0.23881307981521668, 0.12630442468869943, 0.04756536494866035], [0.5513950742701216, 0.2316948839922203, 0.15600891904976644, 0.060901122587917675]], "ideal": "D", "sampled": "D", "correct": true}}
{"type": "result", "data": {"idx": 70, "options": ["$20.93 ", "$28.93 ", "$32.93 ", "$48.93 "], "probs": [[0.362491262680233, 0.3082728762766567, 0.2429105760205176, 0.08632528492260984], [0.38427849111974055, 0.30439503928263273, 0.23341790907586987, 0.07790856042176537], [0.38132716751917145, 0.30975479451308857, 0.22936643931292428, 0.07955159855482678], [0.4128588536688316, 0.3002505160846689, 0.20568296260084978, 0.08120766754565291]], "ideal": "C", "sampled": "D", "correct": false}}
{"type": "result", "data": {"idx": 71, "options": ["160", "240", "320", "640"], "probs": [[0.34997546831678544, 0.3739710567907704, 0.17728744949565917, 0.09876602529676726], [0.3567575376015597, 0.36194127603834864, 0.17898856429037774, 0.10231262196972692], [0.3440957778088327, 0.3778771810195817, 0.16581061595003838, 0.11221642512152995], [0.3533332713078237, 0.35853186279514676, 0.16455935831846852, 0.12357550747855883]], "ideal": "A", "sampled": "D", "correct": false}}
{"type": "result", "data": {"idx": 72, "options": ["0.021 repeating", "0.21 Repeating", "0.22 Repeating", "0.2121"], "probs": [[0.4014739814120624, 0.28679791926950093, 0.18887723828765507, 0.12285086093078282], [0.3952269621790179, 0.30302362795615706, 0.2280743284975832, 0.07367508126725193], [0.41838604112207645, 0.3093636845960248, 0.19539471690438107, 0.07685555727752931], [0.4164943095526606, 0.3143287609524602, 0.18903208271249367, 0.08014484668239688]], "ideal": "B", "sampled": "D", "correct": false}}
{"type": "result", "data": {"idx": 73, "options": ["(40 \u00d7 10) + (6 \u00d7 2) = 400 + 12", "(40 \u00d7 6) + (10 \u00d7 2) = 240 + 20", "(40 \u00d7 12) + (6 \u00d7 12) = 480 + 72", "(40 \u00d7 12) + (60 \u00d7 12) = 480 + 720"], "probs": [[0.4982555975556825, 0.2796692973810412, 0.12706696570004583, 0.09500813926321267], [0.5247941286692385, 0.2649610761266001, 0.12008004683654507, 0.09016474826762799], [0.5388510104820079, 0.2568281439845508, 0.11784387231732044, 0.08647697311614991], [0.5151341483734281, 0.2796902173108485, 0.11498044692220244, 0.09019518729350998]], "ideal": "C", "sampled": "C", "correct": true}}
{"type": "result", "data": {"idx": 74, "options": ["$649 ", "$6,049 ", "$6,409 ", "$6,490 "], "probs": [[0.45926714460529783, 0.2507260068210462, 0.1965438008933603, 0.09346304758029676], [0.47147023211334543, 0.2180862172579819, 0.25446914545476973, 0.05597440507390585], [0.47763957627697085, 0.2157807155975737, 0.2426357909949202, 0.06394391703053225], [0.4648895195712236, 0.2191848730392078, 0.23346078095174375, 0.08246482633783651]], "ideal": "B", "sampled": "D", "correct": false}}
{"type": "result", "data": {"idx": 75, "options": ["SSSSS; AAA", "SSSSS; AAAA", "SSSSSSSS; AAAA", "SSSSSSSS; A"], "probs": [[0.4081949801725601, 0.17428836043751963, 0.2118167951078281, 0.2056998641820833], [0.45583377118696505, 0.17441005198686568, 0.22476091177429017, 0.14499526495187828], [0.44509863845806497, 0.1538919091707415, 0.1899464429841218, 0.21106300928705754], [0.4133536224059115, 0.14180219066176816, 0.19800553955201838, 0.2468386472803035]], "ideal": "D", "sampled": "C", "correct": false}}
{"type": "result", "data": {"idx": 76, "options": ["$2.82 ", "$2.97 ", "$6.47 ", "$12.77 "], "probs": [[0.376133425981819, 0.31477942708836265, 0.2737424680354992, 0.03534467879433112], [0.3874935413004659, 0.34958334072383707, 0.21489893314990066, 0.04802418472580016], [0.4039168623020978, 0.32569930385543067, 0.22745229777390305, 0.04293153596856659], [0.3993755175260468, 0.33046502290704105, 0.22009942271199834, 0.050060036754918845]], "ideal": "A", "sampled": "C", "correct": false}}
{"type": "result", "data": {"idx": 77, "options": ["4 over 6", "10 over 12", "15 over 17", "5 over 6"], "probs": [[0.3615360444257334, 0.2741516656959573, 0.26939497636365206, 0.0949173134146623], [0.35134096156079836, 0.279370445999304, 0.2824522504196818, 0.08683634192022334], [0.37926044358717464, 0.2955264231463488, 0.24079876024900917, 0.08441437291746373], [0.38301871716723884, 0.28583303424754136, 0.2556999905556149, 0.07544825792959133]], "ideal": "D", "sampled": "D", "correct": true}}
{"type": "result", "data": {"idx": 78, "options": ["3 over 2", "2 over 3", "2 over 12", "1 over 6"], "probs": [[0.4247030724379911, 0.338725505181945, 0.17092600276342104, 0.06564541951663148], [0.4713121532387523, 0.28811448015877045, 0.17958112644369434, 0.060992240058783606], [0.4160675138106378, 0.335005733749109, 0.18335634811856166, 0.06557040422168951], [0.43697266196815, 0.32778308529677574, 0.18456109055159695, 0.05068316208346943]], "ideal": "D", "sampled": "B", "correct": false}}
