{"type": "result", "data": {"idx": 0, "options": ["10%", "20%", "40%", "80%"], "probs": [[0.3225861685436401, 0.3121545076920646, 0.2697124359302606, 0.09554688773401059], [0.36863940009337354, 0.2914934306995722, 0.27130635883672855, 0.0685608102703243], [0.3937739983355161, 0.3073576469869988, 0.22267142264600953, 0.07619693193148003], [0.40433689149871216, 0.3113101757873941, 0.21657968892089424, 0.06777324369299761]], "ideal": "C", "sampled": "D", "correct": false}}
{"type": "result", "data": {"idx": 1, "options": ["About $300", "About $3k", "About $8k", "About $15k"], "probs": [[0.3790182787446, 0.36590551513025843, 0.1821377511470277, 0.07293845487810993], [0.3347496441704953, 0.4454534775790037, 0.15145430156652173, 0.06834257658399573], [0.3843017271161582, 0.396588717104222, 0.15730620044442742, 0.061803355235211535], [0.40365966833567807, 0.36173459315596285, 0.16881820259168764, 0.06578753581667522]], "ideal": "B", "sampled": "C", "correct": false}}
{"type": "result", "data": {"idx": 2, "options": ["52%", "62%", "72%", "82%"], "probs": [[0.3815982204604149, 0.30914700589404037, 0.24047660003052704, 0.06877817351501538], [0.4033144537869511, 0.30641098006169487, 0.2235900432180709, 0.06668452283329086], [0.41704828401514515, 0.29568823207264, 0.22142256343585554, 0.06584092037636224], [0.43683854559132185, 0.30033409963505653, 0.2000389930759771, 0.06278836159764517]], "ideal": "C", "sampled": "C", "correct": true}}
{"type": "result", "data": {"idx": 3, "options": ["China", "United States", "Germany", "Japan"], "probs": [[0.2889108871767874, 0.2672174365648039, 0.3224459944941104, 0.12142568166429124], [0.26769481301686243, 0.2789739155236065, 0.3107561901808667, 0.1425750811786448], [0.275453615230376, 0.2578987236747595, 0.3470750598863575, 0.11957260110850858], [0.26006480879108357, 0.27108801756549183, 0.333388961821629, 0.13545821172180003]], "ideal": "A", "sampled": "A", "correct": true}}
{"type": "result", "data": {"idx": 4, "options": ["by 5 fold", "by 10 fold", "by 15 fold", "by 20 fold"], "probs": [[0.297500301560981, 0.4011404659020685, 0.1899087026259008, 0.11145052981105263], [0.2982813409143271, 0.40142437102119993, 0.20422220529874405, 0.09607208266571808], [0.30137394177066035, 0.42597696712995126, 0.18778617080867277, 0.08486292019072683], [0.31851152361509, 0.4082253411047006, 0.174877100810765, 0.09838603436944535]], "ideal": "C", "sampled": "D", "correct": false}}
{"type": "result", "data": {"idx": 5, "options": ["Lower respiratory infections", "Preterm birth complications", "Diarrheal diseases", "Malaria"], "probs": [[0.39819366637372083, 0.258943016385755, 0.21252502056676195, 0.13033829657377388], [0.3537894749287911, 0.265841544827284, 0.26028459714116026, 0.12008438300276236], [0.34715945721812297, 0.32076009778907205, 0.20236583926159185, 0.12971460563120055], [0.4306695615827943, 0.24414232659540505, 0.21129165201876388, 0.11389645970304497]], "ideal": "A", "sampled": "D", "correct": false}}
{"type": "result", "data": {"idx": 6, "options": ["10%", "20%", "30%", "40%"], "probs": [[0.17885547924301784, 0.2798424560354825, 0.37143934793706923, 0.169862716684446], [0.26596195959748836, 0.26330258914799304, 0.33221799550705633, 0.13851745564746262], [0.2595612957778354, 0.263741828970758, 0.35975934799894566, 0.11693752715247706], [0.27374832742717803, 0.2727968786150464, 0.3309563702305147, 0.12249842362726296]], "ideal": "C", "sampled": "D", "correct": false}}
{"type": "result", "data": {"idx": 7, "options": ["29%", "49%", "69%", "89%"], "probs": [[0.4317457001269364, 0.2819923176758441, 0.21889833832629807, 0.06736364377090315], [0.4534190600025981, 0.301480716972453, 0.17500158694396498, 0.07009863598098472], [0.4750410281176242, 0.3054854854680615, 0.15331309249822456, 0.06616039381608052], [0.4872811538524212, 0.27773762880500513, 0.16140594975756223, 0.07357526748503142]], "ideal": "C", "sampled": "C", "correct": true}}
{"type": "result", "data": {"idx": 8, "options": ["18%", "38%", "58%", "78%"], "probs": [[0.35535878047570524, 0.3603012009489063, 0.2227961858332344, 0.06154383264216605], [0.40085183763562193, 0.35645560092640816, 0.19365747951046194, 0.04903508182751454], [0.42629300269905823, 0.36409011797527463, 0.16643843126241284, 0.04317844796325895], [0.4441026713340574, 0.3647847791822771, 0.14259195852479967, 0.04852059085887742]], "ideal": "C", "sampled": "D", "correct": false}}
{"type": "result", "data": {"idx": 9, "options": ["11%", "26%", "41%", "56%"], "probs": [[0.33586733718343154, 0.3513035685123416, 0.23480809070978098, 0.07802100349445085], [0.3788836736527428, 0.33176964791025215, 0.224452910237575, 0.06489376809944293], [0.3992360984833134, 0.3342762191728433, 0.2094658668051008, 0.057021815438738375], [0.40390402425069677, 0.32648236801976427, 0.203849097960722, 0.06576450966880493]], "ideal": "B", "sampled": "D", "correct": false}}
{"type": "result", "data": {"idx": 10, "options": ["23%", "38%", "53%", "68%"], "probs": [[0.38905933729877146, 0.3126343812217972, 0.22024426922378626, 0.07806201215565149], [0.41079292977469983, 0.3243584954713276, 0.19252855938479213, 0.07232001526918984], [0.43575026217458945, 0.33148702816935643, 0.17472342076403458, 0.05803928879202427], [0.4423508021686219, 0.3082789443991838, 0.1732515370305767, 0.07611871630162097]], "ideal": "D", "sampled": "C", "correct": false}}
{"type": "result", "data": {"idx": 11, "options": ["5%", "10%", "15%", "25%"], "probs": [[0.22380795327206077, 0.27645512427510216, 0.37052996824759526, 0.12920695410523705], [0.25394505921739696, 0.29474952051999936, 0.34121488928131927, 0.11009053088129252], [0.27913647096328253, 0.3052885542186186, 0.3231793522207778, 0.09239562249731209], [0.3228274686544783, 0.30918106621452524, 0.26088251239302124, 0.10710895263797492]], "ideal": "B", "sampled": "D", "correct": false}}
{"type": "result", "data": {"idx": 12, "options": ["2%", "4%", "9%", "18%"], "probs": [[0.32117827188421544, 0.24010782863974878, 0.3327289079064881, 0.10598499146955513], [0.34050149939540814, 0.25551026614284733, 0.28975562324873066, 0.11423261111301282], [0.33322376230324574, 0.2636220952095486, 0.3010532884351519, 0.10210085395203766], [0.3785609137799755, 0.25548472245213805, 0.265533843354213, 0.1004205203136768]], "ideal": "C", "sampled": "D", "correct": false}}
{"type": "result", "data": {"idx": 13, "options": ["minimum wage legislation", "land reform", "progressive taxation", "increased access to education"], "probs": [[0.18192256230472886, 0.2672487700128808, 0.2949682961260852, 0.25586037145630847], [0.1612311813350127, 0.25609121399255813, 0.3233726146390278, 0.2593049899334047], [0.23062348412868303, 0.2692551764443954, 0.2959422109597999, 0.2041791283671346], [0.20818084061825587, 0.28166678187727795, 0.3015552466324889, 0.20859713077197456]], "ideal": "A", "sampled": "D", "correct": false}}
{"type": "result", "data": {"idx": 14, "options": ["36%", "56%", "76%", "96%"], "probs": [[0.4262438848880122, 0.2841386697394546, 0.22521133154171288, 0.06440611373082511], [0.4396194381697615, 0.2928734984404676, 0.20293541462366996, 0.06457164866611333], [0.4650026494169783, 0.2997232067194796, 0.17179631237780787, 0.06347783138575532], [0.46730284029789815, 0.2812075544657523, 0.18647511592430788, 0.065014489212034]], "ideal": "B", "sampled": "C", "correct": false}}
{"type": "result", "data": {"idx": 15, "options": ["6%", "13%", "27%", "46%"], "probs": [[0.32808617329302986, 0.3029788073680364, 0.2727568058440576, 0.09617821339488854], [0.35352456975414914, 0.30299694383444864, 0.2554218533383806, 0.0880566329730149], [0.3884094361434944, 0.28756887765499317, 0.2474582669094216, 0.07656341919210265], [0.3923345493113887, 0.29171802939103286, 0.21971218736556633, 0.0962352338320151]], "ideal": "B", "sampled": "C", "correct": false}}
{"type": "result", "data": {"idx": 16, "options": ["34%", "49%", "64%", "79%"], "probs": [[0.3953646231563453, 0.32849383636015295, 0.21175808768974874, 0.06438345269373255], [0.4116482662163678, 0.3494282007026262, 0.17971782441696973, 0.059205708564045105], [0.4271180306246718, 0.34000161876929536, 0.16732418131641588, 0.06555616918962057], [0.44636472081914863, 0.31915199140444933, 0.16760863412176052, 0.06687465355463462]], "ideal": "A", "sampled": "C", "correct": false}}
{"type": "result", "data": {"idx": 17, "options": ["62%", "72%", "82%", "92%"], "probs": [[0.43978809667742386, 0.2994667734592179, 0.21400977299709623, 0.04673535676628145], [0.44850942624670653, 0.2873437445690133, 0.21788306937378932, 0.046263759710480114], [0.4363947920609267, 0.2994712701219168, 0.20963797003115012, 0.0544959676860242], [0.4376626987225328, 0.2997473707877642, 0.20402627198407042, 0.05856365840563458]], "ideal": "C", "sampled": "B", "correct": false}}
{"type": "result", "data": {"idx": 18, "options": ["About $3k", "About $8k", "About $15k", "About $30k"], "probs": [[0.3191927514000689, 0.40595762453000667, 0.19275637953077873, 0.08209324443913812], [0.3769960893684233, 0.3853710892185996, 0.16806924407409907, 0.06956357723889496], [0.40854055600216743, 0.36686087167724846, 0.1667492525678563, 0.05784931965273535], [0.41032419895457234, 0.3551992522004212, 0.16971036957602204, 0.0647661791689733]], "ideal": "C", "sampled": "C", "correct": true}}
{"type": "result", "data": {"idx": 19, "options": ["55,000", "550,000", "5,500,000", "55,000,000"], "probs": [[0.43248248969474434, 0.30135509015343476, 0.19027245813182717, 0.07588996191998913], [0.3978508840924934, 0.28826495601225166, 0.2264040128239783, 0.08748014697126062], [0.4111793699530507, 0.30209367056679753, 0.21518592352466878, 0.07154103585549897], [0.43849404064448383, 0.2390858410778822, 0.22182513476971316, 0.10059498340791714]], "ideal": "B", "sampled": "D", "correct": false}}
{"type": "result", "data": {"idx": 20, "options": ["25%", "45%", "65%", "85%"], "probs": [[0.3758868782177125, 0.299338280778204, 0.23198655958064518, 0.09278828132342927], [0.39544918571402876, 0.3154678801855815, 0.20291027966938777, 0.08617265433098895], [0.4054077798717338, 0.31932341951506316, 0.18673029226298604, 0.08853850825021753], [0.43463819658953173, 0.29626658590255045, 0.1801543331834114, 0.0889408842245187]], "ideal": "A", "sampled": "D", "correct": false}}
{"type": "result", "data": {"idx": 21, "options": ["24%", "44%", "64%", "84%"], "probs": [[0.4413646471927415, 0.2934044975089835, 0.18906811358754755, 0.07616274161070817], [0.4556727501165713, 0.3091613348314302, 0.1624673157520818, 0.0726985991999303], [0.45119761188378993, 0.3191131520025736, 0.16200401507137285, 0.06768522094226065], [0.5109342407350068, 0.28259152810012034, 0.1412030257343522, 0.06527120533052765]], "ideal": "A", "sampled": "D", "correct": false}}
{"type": "result", "data": {"idx": 22, "options": ["25%", "40%", "55%", "75%"], "probs": [[0.4254601786537563, 0.264296660358766, 0.22378976634649067, 0.0864533945409975], [0.4392000035325463, 0.2679926622517377, 0.2156363804133636, 0.07717095370234713], [0.4393318733645224, 0.2842929991256085, 0.19983359524011976, 0.07654153216977053], [0.4606273105876835, 0.2799267164149078, 0.17152090077252113, 0.08792507212490588]], "ideal": "D", "sampled": "D", "correct": true}}
{"type": "result", "data": {"idx": 23, "options": ["8%", "16%", "32%", "64%"], "probs": [[0.3055571897255157, 0.3803477025969174, 0.22405431496136893, 0.09004079261619548], [0.3568652455220476, 0.34931803207458073, 0.2234452275733846, 0.07037149472998286], [0.38108817834766706, 0.3694020995611236, 0.18880538243728778, 0.06070433955391246], [0.36164341992764737, 0.37317362405465526, 0.1953158039028858, 0.06986715201483801]], "ideal": "B", "sampled": "D", "correct": false}}
{"type": "result", "data": {"idx": 24, "options": ["males are more likely to have depression and are more likely to have an alcohol use disorder than females.", "females are more likely to have depression and are more likely to have an alcohol use disorder than males.", "males are more likely than females to have depression while females are more likely than males to have an alcohol use disorder.", "females are more likely than males to have depression while males are more likely than females to have an alcohol use disorder."], "probs": [[0.47412227215680924, 0.25056211868201383, 0.15195755602857455, 0.12335805303259403], [0.46537527340757856, 0.2473581995934308, 0.13685603581238007, 0.15041049108661492], [0.49474410130266205, 0.26978408129791875, 0.11065014020941338, 0.1248216770900054], [0.49849878766864325, 0.2615791329741372, 0.13080935300012636, 0.10911272625710447]], "ideal": "D", "sampled": "D", "correct": true}}
{"type": "result", "data": {"idx": 25, "options": ["37%", "47%", "57%", "67%"], "probs": [[0.3523555239863398, 0.3248158206167299, 0.24648598360549662, 0.0763426716914364], [0.39765385416549526, 0.3324406715802555, 0.20634362038069096, 0.0635618537735558], [0.4130414570133217, 0.3432030388814072, 0.1847167847270655, 0.059038719278213976], [0.44211605691677897, 0.3417242143943262, 0.1598621213837948, 0.05629760720510266]], "ideal": "D", "sampled": "D", "correct": true}}
{"type": "result", "data": {"idx": 26, "options": ["1%", "3%", "6%", "10%"], "probs": [[0.3021351358813562, 0.330024802622756, 0.2412583065172465, 0.1265817548786462], [0.3634853815917581, 0.31123841195888524, 0.21369423932913087, 0.11158196702024145], [0.36178892193435785, 0.3229946410267828, 0.23045251985102735, 0.08476391708783072], [0.3531601738265762, 0.3295088692211814, 0.2178068506170946, 0.09952410623516564]], "ideal": "D", "sampled": "D", "correct": true}}
{"type": "result", "data": {"idx": 27, "options": ["23%", "43%", "63%", "83%"], "probs": [[0.3376251922682607, 0.3449977387809771, 0.25978345325405827, 0.05759361559668707], [0.3832741439020802, 0.3454228157314144, 0.2133252521055713, 0.05797778816092903], [0.3901719770678949, 0.3638154954115902, 0.18710129669042602, 0.05891123073007473], [0.4099832080906328, 0.3479552483601175, 0.18611333233374022, 0.05594821111548079]], "ideal": "C", "sampled": "C", "correct": true}}
{"type": "result", "data": {"idx": 28, "options": ["10%", "30%", "50%", "70%"], "probs": [[0.40453676123018945, 0.3059961205677445, 0.2114107004849259, 0.07805641761713773], [0.4482330553112274, 0.3022950096752279, 0.18697517190901325, 0.06249676300454033], [0.4453277705908565, 0.3252926582278222, 0.16816615087400738, 0.06121342020731256], [0.48874541344252403, 0.29201542246357487, 0.15531231642877308, 0.06392684756514252]], "ideal": "D", "sampled": "D", "correct": true}}
{"type": "result", "data": {"idx": 29, "options": ["26%", "41%", "56%", "71%"], "probs": [[0.34925364467019593, 0.33782029934508345, 0.2268470495724125, 0.08607900631232081], [0.3769068646244276, 0.3451869174214595, 0.20538237249756677, 0.07252384535654453], [0.3789664855679462, 0.3616910492513391, 0.18824740941092022, 0.07109505566977592], [0.4028392307232133, 0.36844646113250623, 0.1578872670487581, 0.07082704099551733]], "ideal": "C", "sampled": "D", "correct": false}}
{"type": "result", "data": {"idx": 30, "options": ["690 million", "6.9 billion", "69 billion", "690 billion"], "probs": [[0.4127037098955246, 0.35820458259450955, 0.15762356561789798, 0.07146814179208585], [0.37886128228311305, 0.32385228443150577, 0.2071836468627426, 0.09010278632263925], [0.4178279686562278, 0.26900212726547396, 0.2094338884807159, 0.10373601549759903], [0.41450045233457655, 0.25684645014593616, 0.23841528642294832, 0.09023781099651776]], "ideal": "C", "sampled": "B", "correct": false}}
{"type": "result", "data": {"idx": 31, "options": ["9%", "29%", "59%", "79%"], "probs": [[0.3717833130842948, 0.30881350356606696, 0.23251721760883384, 0.08688596564080475], [0.417271529679798, 0.3024840956802649, 0.20849820520739487, 0.0717461693325479], [0.4348245332766346, 0.31444642644986487, 0.18198197380286657, 0.0687470663706481], [0.4348961738596621, 0.29761883612465295, 0.1895623964353992, 0.07792259348028092]], "ideal": "A", "sampled": "C", "correct": false}}
{"type": "result", "data": {"idx": 32, "options": ["31%", "51%", "71%", "91%"], "probs": [[0.3916354947626883, 0.3227853182772003, 0.21655417810304078, 0.06902500875706387], [0.4172437123996974, 0.3327502532999011, 0.17671191867112868, 0.07329411552928518], [0.42396834055463917, 0.3316586161173152, 0.17752526677704458, 0.06684777645099724], [0.436821044231261, 0.3154550449848289, 0.16939923733312087, 0.0783246733507959]], "ideal": "B", "sampled": "C", "correct": false}}
{"type": "result", "data": {"idx": 33, "options": ["by 4 fold", "by 8 fold", "by 16 fold", "by 32 fold"], "probs": [[0.2709411150749176, 0.4288170260536575, 0.1940803314410115, 0.10616152733039573], [0.2894911640487668, 0.4165735441906446, 0.19358884522033432, 0.10034644644025417], [0.319539041184983, 0.3938548762645042, 0.19542134698074784, 0.09118473546976492], [0.3064963607522817, 0.39813198672212696, 0.1981737616824586, 0.09719789074315169]], "ideal": "C", "sampled": "C", "correct": true}}
{"type": "result", "data": {"idx": 34, "options": ["1", "7", "13", "19"], "probs": [[0.419930610956411, 0.29659997942820676, 0.1903698662144981, 0.09309954330087257], [0.4309388193825645, 0.27386990510868997, 0.18498476004126582, 0.1102065153674626], [0.46242106872828254, 0.274125017652265, 0.18255654112235986, 0.08089737239709574], [0.48293038251783293, 0.2787616542228099, 0.1547197919676946, 0.08358817119167107]], "ideal": "D", "sampled": "D", "correct": true}}
{"type": "result", "data": {"idx": 35, "options": ["59%", "69%", "79%", "89%"], "probs": [[0.418236679490869, 0.3188932506579205, 0.18883873739920787, 0.07403133235199048], [0.4415116396818851, 0.3162340338900371, 0.1750597866135951, 0.06719453971446485], [0.44137301565954035, 0.30344397061614375, 0.18086278483235868, 0.0743202287919641], [0.4582384973439302, 0.2958724078980601, 0.1710807539226078, 0.07480834073539935]], "ideal": "D", "sampled": "C", "correct": false}}
{"type": "result", "data": {"idx": 36, "options": ["Earthquakes", "Volcanic activity", "Wildfires", "Floods"], "probs": [[0.2130969372675762, 0.4477542915801788, 0.21234333665189511, 0.12680543440033942], [0.1741369139415117, 0.4003413048634601, 0.22725591713703555, 0.19826586395798312], [0.18523252611510438, 0.41743638143894407, 0.24071964314407582, 0.15661144920187695], [0.2304344034529142, 0.4375354233088588, 0.2209629238980941, 0.11106724924013411]], "ideal": "D", "sampled": "A", "correct": false}}
{"type": "result", "data": {"idx": 37, "options": ["15%", "35%", "55%", "75%"], "probs": [[0.3942456272529402, 0.3096331421713208, 0.22741423012773662, 0.06870700034801856], [0.4456478311204846, 0.2952916461106397, 0.19999147645432477, 0.05906904621455017], [0.4631911383531341, 0.3111425381261665, 0.1710069049001655, 0.05465941852053968], [0.46127581884132773, 0.30677189835743707, 0.1694301129776729, 0.06252216972355991]], "ideal": "B", "sampled": "C", "correct": false}}
{"type": "result", "data": {"idx": 38, "options": ["by 4 fold", "by 8 fold", "by 16 fold", "by 32 fold"], "probs": [[0.2606104702705841, 0.43454774249856987, 0.1988965146452715, 0.10594527248558203], [0.28096596880921554, 0.42026680892783963, 0.19823041385645407, 0.10053680830648024], [0.30906214435609075, 0.3992551090142273, 0.20079710959322006, 0.09088563693645234], [0.292113103864951, 0.40401988985855025, 0.2062369537294986, 0.09763005244700945]], "ideal": "D", "sampled": "C", "correct": false}}
{"type": "result", "data": {"idx": 39, "options": ["36%", "51%", "66%", "81%"], "probs": [[0.37230411448875733, 0.3127742138828745, 0.21498871551415413, 0.09993295601421301], [0.40405098052004, 0.3208080027524933, 0.1894512866537304, 0.08568972997374184], [0.40633705715132146, 0.320156465217233, 0.1844921287327539, 0.08901434879868206], [0.42480915380196776, 0.3146892710278882, 0.17207326907569337, 0.0884283059944517]], "ideal": "C", "sampled": "D", "correct": false}}
{"type": "result", "data": {"idx": 40, "options": ["81%", "86%", "91%", "96%"], "probs": [[0.39745810577612817, 0.29444449937691103, 0.21953647879855753, 0.08856091594841568], [0.4448844928103185, 0.2741759591290575, 0.1924443240098602, 0.08849522395077417], [0.44984995333291833, 0.2864449261734991, 0.1775697525286967, 0.08613536786488728], [0.4243480997031178, 0.2944452358193033, 0.18445858109231655, 0.09674808328526398]], "ideal": "B", "sampled": "C", "correct": false}}
{"type": "result", "data": {"idx": 41, "options": ["26%", "46%", "66%", "86%"], "probs": [[0.37688989492369573, 0.31537452207657946, 0.22383324942190885, 0.08390233347782126], [0.4197282986964792, 0.3205566288774909, 0.18722442418370308, 0.07249064814231687], [0.4299250426491971, 0.3214933914549732, 0.17193885984076054, 0.07664270595508228], [0.43013038931318426, 0.3050965507934477, 0.18216269790963288, 0.08261036188374105]], "ideal": "A", "sampled": "C", "correct": false}}
{"type": "result", "data": {"idx": 42, "options": ["Brazil", "China", "Mexico", "Iran"], "probs": [[0.06162483382908266, 0.18303715318131095, 0.3320644099078828, 0.42327360298173144], [0.09226155184402086, 0.23471820776963404, 0.31159064272282816, 0.36142959756349696], [0.1040865157855741, 0.24217776173812205, 0.2749218124566929, 0.3788139099196171], [0.13099690385519763, 0.23222924758322058, 0.31737897837294143, 0.3193948700886491]], "ideal": "C", "sampled": "D", "correct": false}}
{"type": "result", "data": {"idx": 43, "options": ["1.2 million", "2.4 million", "3.6 million", "4.8 million"], "probs": [[0.35056451046066606, 0.28511075998950436, 0.26349648193022407, 0.1008282475196106], [0.39136742921137346, 0.2591983622276209, 0.2583794413163308, 0.09105476714468058], [0.41447397586987095, 0.26354255708571545, 0.24500059353955336, 0.07698287340487672], [0.4341193095718924, 0.27532680032859463, 0.2125706891767044, 0.0779832008228081]], "ideal": "A", "sampled": "D", "correct": false}}
{"type": "result", "data": {"idx": 44, "options": ["Diarrheal diseases", "Diabetes", "Dementia", "Road injuries"], "probs": [[0.3083117262204989, 0.29218848089702165, 0.30734827592383945, 0.09215151685861518], [0.27355722597838683, 0.24264867867867093, 0.32215228983772864, 0.1616418054052114], [0.19661602205508774, 0.3012077477806254, 0.35640320436500433, 0.1457730256992823], [0.26748494165523856, 0.33337589466436, 0.3046711752795517, 0.09446798830084119]], "ideal": "C", "sampled": "A", "correct": false}}
{"type": "result", "data": {"idx": 45, "options": ["3 million", "14 million", "42 million", "124 million"], "probs": [[0.32737955730006224, 0.33328262904734046, 0.2248081125943662, 0.11452970095822997], [0.356705477614326, 0.3051743990497392, 0.22236501141672904, 0.1157551118192036], [0.3449723198888549, 0.3369384641693534, 0.2151659141540958, 0.10292330168770351], [0.3521067013496995, 0.33282615120092773, 0.2038232993577387, 0.11124384799162111]], "ideal": "C", "sampled": "D", "correct": false}}
{"type": "result", "data": {"idx": 46, "options": ["26%", "46%", "66%", "86%"], "probs": [[0.4127903123112137, 0.30446142913358054, 0.2240803695939117, 0.058667888861301594], [0.4518573197126135, 0.31078190305791703, 0.1818122871240147, 0.05554849000546772], [0.4646948759392517, 0.3152955995776919, 0.16452888140959088, 0.055480642973457436], [0.46657810706589076, 0.30031643595359847, 0.17022056334453595, 0.062884893535967]], "ideal": "A", "sampled": "C", "correct": false}}
{"type": "result", "data": {"idx": 47, "options": ["25%", "45%", "65%", "85%"], "probs": [[0.35659349714667593, 0.2938800831766545, 0.25775621923733577, 0.09177020033933055], [0.40820992711794046, 0.3063936478506678, 0.20674838087131267, 0.0786480440600583], [0.42588404605293295, 0.3209382388332534, 0.18005306792595047, 0.07312464708788195], [0.43344690366214367, 0.30626668151175956, 0.18088048504469229, 0.07940592968141526]], "ideal": "B", "sampled": "C", "correct": false}}
{"type": "result", "data": {"idx": 48, "options": ["6%", "16%", "36%", "66%"], "probs": [[0.3620436415620486, 0.3140423540458187, 0.22778237911937999, 0.09613162517274794], [0.4152166173771435, 0.299032409128792, 0.21671677089533245, 0.0690342024987408], [0.4546792097996199, 0.3089313456314149, 0.171721623827439, 0.06466782064151626], [0.46058915484173163, 0.29284053956516676, 0.17186708626622654, 0.07470321922685992]], "ideal": "C", "sampled": "D", "correct": false}}
{"type": "result", "data": {"idx": 49, "options": ["43%", "58%", "73%", "88%"], "probs": [[0.4310762659016332, 0.3165439060818848, 0.18506652526284223, 0.06731330265364878], [0.422573385885759, 0.33759046835798995, 0.17507990471314017, 0.06475624094310871], [0.41665778198988396, 0.3414500856487055, 0.17140049360901852, 0.07049163865240803], [0.4599459272777542, 0.31804925903186554, 0.16188984955543784, 0.060114964034943624]], "ideal": "B", "sampled": "D", "correct": false}}
{"type": "result", "data": {"idx": 50, "options": ["0.50%", "2%", "6%", "12%"], "probs": [[0.3373231953629403, 0.3270752321807703, 0.2192892942127715, 0.11631227814352121], [0.41210936657709074, 0.2672621581906716, 0.1961145392023909, 0.1245139359298492], [0.40205048585591185, 0.28115554633025175, 0.2124453870291876, 0.10434858068465389], [0.385243101050136, 0.3073254588237632, 0.2033174858051287, 0.10411395422096817]], "ideal": "B", "sampled": "B", "correct": true}}
{"type": "result", "data": {"idx": 51, "options": ["strongly supported by most studies", "supported mainly by cross-section, not time-series studies", "supported mainly by time-series, not cross-section studies", "generally repudiated by empirical studies"], "probs": [[0.48532311455756005, 0.29951518652042786, 0.1539500525780761, 0.06121164624395049], [0.48691122562702854, 0.3051042703154704, 0.12276520545901208, 0.08521929849849663], [0.4666038312573166, 0.2793581064610733, 0.12323257658645481, 0.13080548559514876], [0.46201154519921817, 0.27158867658077973, 0.12588771748013272, 0.14051206063985644]], "ideal": "B", "sampled": "C", "correct": false}}
{"type": "result", "data": {"idx": 52, "options": ["12 years", "9 years", "6 years", "3 years"], "probs": [[0.3037664156976785, 0.36443610694163087, 0.2350577400173811, 0.09673973724330676], [0.3116749143125353, 0.3670219462878919, 0.22464363928251352, 0.09665950001704018], [0.3213140139043856, 0.3546408792539096, 0.2206414075121993, 0.10340369922952272], [0.30597806311165776, 0.35395319758371785, 0.23230915870785931, 0.10775958049676744]], "ideal": "B", "sampled": "C", "correct": false}}
{"type": "result", "data": {"idx": 53, "options": ["0.90%", "1.80%", "3.60%", "7.20%"], "probs": [[0.444099593187188, 0.2506473211720125, 0.21561777047561215, 0.08963531506518968], [0.44683583242555686, 0.2526282388529475, 0.20221451853142725, 0.0983214100900774], [0.45296445420880493, 0.265846312794981, 0.19037647711470398, 0.09081275578150681], [0.46789737978191015, 0.2444750401933578, 0.18635941857953056, 0.10126816134518403]], "ideal": "D", "sampled": "D", "correct": true}}
{"type": "result", "data": {"idx": 54, "options": ["14%", "24%", "34%", "44%"], "probs": [[0.31293196299487613, 0.30098065072000474, 0.27497195779726663, 0.11111542838786957], [0.37884745519664276, 0.28328611219687155, 0.2431327505046855, 0.0947336820017869], [0.3784776318737509, 0.28784360923610774, 0.25725092560850876, 0.07642783318164502], [0.3765556325710699, 0.30471974319767914, 0.21919954428744776, 0.09952507984379771]], "ideal": "A", "sampled": "C", "correct": false}}
{"type": "result", "data": {"idx": 55, "options": ["60%", "75%", "90%", "45%"], "probs": [[0.4470639138520797, 0.3252396468261442, 0.17283856410102785, 0.054857875120731876], [0.4479898950275298, 0.3232544523292437, 0.16892006385176334, 0.059835588691465186], [0.44677175960876014, 0.30712696584323307, 0.17624323248344131, 0.06985804196456126], [0.4124693345392706, 0.3334245116351664, 0.1970703506807786, 0.057035803044802755]], "ideal": "B", "sampled": "B", "correct": true}}
{"type": "result", "data": {"idx": 56, "options": ["50%", "60%", "70%", "80%"], "probs": [[0.312868856590375, 0.3554266821223165, 0.2496002227582995, 0.08210423842900678], [0.3551411183428094, 0.33834767396687954, 0.22812906401653552, 0.07838214357376798], [0.37488310725062324, 0.3402603353081454, 0.21258995149084076, 0.07226660585039645], [0.3820613848723382, 0.33717055342269947, 0.19846166620060104, 0.0823063954043444]], "ideal": "D", "sampled": "C", "correct": false}}
{"type": "result", "data": {"idx": 57, "options": ["2%", "25%", "50%", "75%"], "probs": [[0.3822266243070191, 0.30410907554918515, 0.2338364247575361, 0.07982787528625085], [0.4142917427191226, 0.30387733106503095, 0.2185002312399817, 0.06333069487586655], [0.4272863996802683, 0.31784668378335623, 0.19233807764205801, 0.06252883879429992], [0.44504036783437645, 0.3099822525977307, 0.18569891835496655, 0.05927846111292917]], "ideal": "D", "sampled": "D", "correct": true}}
{"type": "result", "data": {"idx": 58, "options": ["no nation has been able to grow in the past years.", "the Democratic Republic of Congo has become poorer than it initially was in 1980.", "some countries have had relatively significant growth rates.", "some countries have had relatively significant growth rates, but the Democratic Republic of Congo has become poorer than it initially was in 1980."], "probs": [[0.2232437615802664, 0.2288664139399449, 0.23804930058996002, 0.30984052378982396], [0.41701094262951105, 0.23783003696367686, 0.2632622270477489, 0.08189679325904602], [0.3137394307722185, 0.2635918959534835, 0.20920714573814433, 0.21346152743615274], [0.38409905142406914, 0.26091266338374464, 0.2728730855184603, 0.08211519957373466]], "ideal": "C", "sampled": "D", "correct": false}}
{"type": "result", "data": {"idx": 59, "options": ["15.50%", "34.80%", "48.10%", "65.20%"], "probs": [[0.4238789674193366, 0.2813143563160568, 0.1718987676545477, 0.12290790851007322], [0.4356796184062131, 0.2916360658123299, 0.17964068142729755, 0.09304363425416329], [0.45114183906661104, 0.28286790023899683, 0.16364617777040258, 0.10234408282396773], [0.4493385674389241, 0.27671148685393815, 0.16226915537506192, 0.11168079023208667]], "ideal": "B", "sampled": "D", "correct": false}}
{"type": "result", "data": {"idx": 60, "options": ["5 million", "30 million", "150 million", "500 million"], "probs": [[0.3766969812644758, 0.35384461162249436, 0.19182883916020632, 0.07762956785283624], [0.4033742163599329, 0.3477750889990331, 0.18232636356703752, 0.06652433097400216], [0.40023211318878943, 0.3407007327558558, 0.1874742903415486, 0.07159286361380073], [0.4021296619476461, 0.34334524130177624, 0.17584407681978748, 0.07868101983080532]], "ideal": "C", "sampled": "C", "correct": true}}
{"type": "result", "data": {"idx": 61, "options": ["Colombia, Peru, Uruguay, and Costa Rica.", "Bhutan, Niger, Cambodia, and Costa Rica.", "Uruguay, Costa Rica, Timor-Leste, and Pakistan.", "Bhutan, Cambodia, Uruguay and Costa Rica."], "probs": [[0.5166255017936049, 0.22737857964788116, 0.10515005291568448, 0.1508458655428346], [0.5832212934250676, 0.20964896721000437, 0.09712710753138115, 0.11000263173356198], [0.52545299598986, 0.2463882634949013, 0.10522259836056526, 0.12293614205466541], [0.5655546139660727, 0.204898016386343, 0.10197977827866692, 0.12756759126891268]], "ideal": "A", "sampled": "D", "correct": false}}
{"type": "result", "data": {"idx": 62, "options": ["10%", "20%", "40%", "80%"], "probs": [[0.3243248268330756, 0.31436736960256045, 0.2572268622596116, 0.10408094120476645], [0.3705336315215807, 0.30585076910160575, 0.24322095243894212, 0.08039464683787025], [0.40009175009561326, 0.32612678694761627, 0.1905784794596865, 0.0832029833970767], [0.41106032913550045, 0.31707715393888003, 0.19923219143512272, 0.07263032539049916]], "ideal": "B", "sampled": "D", "correct": false}}
{"type": "result", "data": {"idx": 63, "options": ["38%", "58%", "78%", "98%"], "probs": [[0.4425825693869701, 0.2880136335721101, 0.215270858371091, 0.05413293856983674], [0.463202846419646, 0.3078613414539255, 0.17378499738067174, 0.055150814645748884], [0.4715181773527125, 0.3098341075844309, 0.16244962972667737, 0.056198085236179494], [0.4817076910169623, 0.2926882680885276, 0.17021572341780364, 0.05538831737670396]], "ideal": "C", "sampled": "C", "correct": true}}
{"type": "result", "data": {"idx": 64, "options": ["True, True", "True, False", "False, True", "False, False"], "probs": [[0.5419654574026028, 0.280426130498751, 0.09481990559463868, 0.08278850640403648], [0.4782504315248186, 0.25764141645274286, 0.13733438897691544, 0.1267737629455288], [0.44989956471577086, 0.2613113921314559, 0.16252698636627838, 0.12626205668649348], [0.44044537567077785, 0.3213490025505806, 0.13037787979331478, 0.10782774188532032]], "ideal": "B", "sampled": "A", "correct": false}}
{"type": "result", "data": {"idx": 65, "options": ["260", "2,600", "26,000", "260,000"], "probs": [[0.4075699803610677, 0.3445615994930585, 0.17437473673531617, 0.07349368331055074], [0.3328709770651161, 0.35389409849095416, 0.21157476941964953, 0.10166015492427526], [0.3633456681294293, 0.368963432338111, 0.20160050603402802, 0.06609039339842479], [0.42165685137715797, 0.29241551991603343, 0.2007978430750709, 0.08512978553174526]], "ideal": "C", "sampled": "D", "correct": false}}
{"type": "result", "data": {"idx": 66, "options": ["90%", "70%", "50%", "30%"], "probs": [[0.36282992859492386, 0.3282282274793276, 0.23061585085837424, 0.07832599296736009], [0.413013757466449, 0.32147055141868147, 0.21332667578036113, 0.05218901523449506], [0.39854015412598404, 0.31970700069208197, 0.21963786178150388, 0.06211498330041644], [0.40114156844714166, 0.33112209369914547, 0.1984555852724175, 0.06928075248129777]], "ideal": "A", "sampled": "C", "correct": false}}
{"type": "result", "data": {"idx": 67, "options": ["Japan", "Canada", "Russia", "Iran"], "probs": [[0.21318960975192514, 0.3031231501408853, 0.35515962225660036, 0.12852761775060736], [0.22429673094217384, 0.3067481897304939, 0.3182157282373484, 0.15073935098996652], [0.22255240138555757, 0.3061648027516292, 0.3225536173929377, 0.14872917836986874], [0.24497542665297134, 0.24697846118511976, 0.35935605350801647, 0.1486900585538944]], "ideal": "B", "sampled": "B", "correct": true}}
{"type": "result", "data": {"idx": 68, "options": ["59%", "69%", "79%", "89%"], "probs": [[0.3925801796288134, 0.3210861057830189, 0.20888917287458084, 0.07744454161357854], [0.4200267905744788, 0.3208907790240105, 0.19060683069392792, 0.06847559960756677], [0.4183073757942444, 0.3133259150289379, 0.1910907394901067, 0.07727596958669125], [0.4348647039620927, 0.3115604047098625, 0.17821006967252576, 0.07536482155550446]], "ideal": "C", "sampled": "C", "correct": true}}
{"type": "result", "data": {"idx": 69, "options": ["9%", "19%", "39%", "59%"], "probs": [[0.37377657093697647, 0.34847096622065676, 0.19554125040462245, 0.082211212337759], [0.44055406008088277, 0.30796110099975355, 0.1872871405003262, 0.06419769831904967], [0.4514191043654464, 0.32369002017612064, 0.16422372141431435, 0.06066715394410317], [0.45126015688253235, 0.3260172184547175, 0.15254644778819007, 0.0701761767745704]], "ideal": "B", "sampled": "D", "correct": false}}
{"type": "result", "data": {"idx": 70, "options": ["18%", "38%", "58%", "78%"], "probs": [[0.3890641447232296, 0.29264692574697165, 0.25335363848724723, 0.06493529094256], [0.4399793132804497, 0.28416508422042813, 0.21924061109814005, 0.0566149913009749], [0.4527711894116952, 0.30288954084796, 0.19070229707050243, 0.05363697256986971], [0.4786261954622046, 0.30008230515417783, 0.16219277652505484, 0.059098722758551735]], "ideal": "B", "sampled": "D", "correct": false}}
{"type": "result", "data": {"idx": 71, "options": ["24%", "39%", "54%", "69%"], "probs": [[0.4227704290205991, 0.31241603320995626, 0.17909388105419843, 0.08571965661525216], [0.44060472711805343, 0.31803079251070365, 0.1635886600202796, 0.07777582025097159], [0.4501433649842447, 0.32636399712825637, 0.15407766807635775, 0.06941496971114883], [0.46743791723096906, 0.3126369471502759, 0.13866492110265238, 0.08126021441612039]], "ideal": "A", "sampled": "D", "correct": false}}
{"type": "result", "data": {"idx": 72, "options": ["1.5 children per woman", "2.5 children per woman", "3.5 children per woman", "4.5 children per woman"], "probs": [[0.4175652299964261, 0.3044739216637029, 0.17076566538474622, 0.10719518285512215], [0.43685306422589704, 0.28611449083104495, 0.18469175380040734, 0.09234069104264575], [0.4443328756304743, 0.29437396001047045, 0.17269224438580352, 0.08860091987326171], [0.44978699147080237, 0.2919761777342116, 0.15183546590637964, 0.10640136478860668]], "ideal": "B", "sampled": "D", "correct": false}}
{"type": "result", "data": {"idx": 73, "options": ["$300 ", "$1,000 ", "$10,000 ", "$30,000 "], "probs": [[0.25811564150342486, 0.27013237928647305, 0.3534516464451822, 0.11830033266492371], [0.27129567357529455, 0.36489141031891953, 0.27457227947421636, 0.08924063653157988], [0.30819231021516696, 0.3329193045271098, 0.2714145753670825, 0.08747380979064667], [0.350644199073986, 0.22530180721536414, 0.3036160848338394, 0.12043790877682556]], "ideal": "C", "sampled": "C", "correct": true}}
{"type": "result", "data": {"idx": 74, "options": ["20%", "40%", "60%", "80%"], "probs": [[0.35398784475523415, 0.2854825808062448, 0.26485107297330956, 0.09567850136522792], [0.39780170493706796, 0.30264405997521177, 0.2154167949457591, 0.08413744004195987], [0.4209826126744834, 0.31413862212022187, 0.19535597634729165, 0.06952278875800436], [0.44964991358092, 0.3066089010927366, 0.16674364233608593, 0.07699754289024942]], "ideal": "C", "sampled": "D", "correct": false}}
{"type": "result", "data": {"idx": 75, "options": ["41%", "56%", "71%", "86%"], "probs": [[0.38916019853774747, 0.3164194195602396, 0.20799755801315048, 0.08642282378883949], [0.4203788024497701, 0.3142023037511427, 0.19041923347290354, 0.07499966022617775], [0.42791704451335905, 0.33322997993019016, 0.16765800070229728, 0.07119497475415455], [0.4388686303878586, 0.3082712556442545, 0.16163888592246517, 0.09122122794542746]], "ideal": "B", "sampled": "D", "correct": false}}
{"type": "result", "data": {"idx": 76, "options": ["1%", "2%", "4%", "8%"], "probs": [[0.35482151014732016, 0.28916588144183364, 0.26329985618017115, 0.0927127521306935], [0.4009053592383012, 0.280973153892216, 0.2311680208691993, 0.08695346590026898], [0.4140419085431513, 0.2975641476150484, 0.21550387419153647, 0.07289006955025763], [0.4113291366533739, 0.2980325245171484, 0.2046214286820965, 0.08601691004738132]], "ideal": "C", "sampled": "C", "correct": true}}
{"type": "result", "data": {"idx": 77, "options": ["US", "Chile", "Ireland", "Spain"], "probs": [[0.1898358312389309, 0.307027511141465, 0.3211533025011426, 0.1819833550184693], [0.1853231820904866, 0.2750276484195507, 0.3228594767169429, 0.2167896926730222], [0.16126327893833836, 0.2854938629111439, 0.3931517586143691, 0.16009109943615416], [0.1474734528565084, 0.29506074340572636, 0.3812327775407886, 0.1762330260969829]], "ideal": "A", "sampled": "A", "correct": true}}
{"type": "result", "data": {"idx": 78, "options": ["was approximately zero", "exceeded that of high income countries", "exceeded that of Britain during the industrial revolution", "was approximately 3.0% per year"], "probs": [[0.441566456067071, 0.2835153934098498, 0.16667405874331834, 0.10824409167974569], [0.5188794170375018, 0.2500399315644376, 0.15669489451010435, 0.07438575678796501], [0.4678133324471961, 0.27520790588140026, 0.16583876285860544, 0.09113999871278441], [0.4486347614675429, 0.27483244450851196, 0.17821531018389405, 0.09831748374005411]], "ideal": "C", "sampled": "B", "correct": false}}
