{"type": "result", "data": {"idx": 0, "options": ["164%", "1.64%", "0.45%", "183%"], "probs": [[0.37689744177833, 0.3703861970204371, 0.15501544699666225, 0.09770091410458108], [0.3278086277196118, 0.3842926492336389, 0.16869109938468285, 0.1192076235620752], [0.32930511106636184, 0.3633204107171525, 0.17418443847506604, 0.13319003964141118], [0.3872084998723318, 0.3325446176801032, 0.18273304148312464, 0.09751384086442685]], "ideal": "A", "sampled": "D", "correct": false}}
{"type": "result", "data": {"idx": 1, "options": ["No effect No effect", "No effect Understated", "Understated No effect", "Understated Understated"], "probs": [[0.3093489190466408, 0.2809182248871281, 0.23262352766611807, 0.17710932830010384], [0.2781959906599076, 0.31603496008795473, 0.24174518289747746, 0.16402386625465384], [0.2950621922038102, 0.29528675937559545, 0.26949967766433064, 0.140151370656274], [0.3467972250040502, 0.282213066391714, 0.23446830639307395, 0.13652140211119074]], "ideal": "B", "sampled": "D", "correct": false}}
{"type": "result", "data": {"idx": 2, "options": ["Nonsampling risk arises from the possibility that, when a substantive test is restricted to a sample, conclusions might be different than if the auditor had tested each item in the population.", "Nonsampling risk can arise because an auditor failed to recognize misstatements.", "Sampling risk is derived from the uncertainty in applying audit procedures to specific risks.", "Sampling risk includes the possibility of selecting audit procedures that are not appropriate to achieve the specific objective."], "probs": [[0.5033056995451947, 0.24664529790797585, 0.16926669885703927, 0.08078230358977502], [0.4101729059841723, 0.32895845126315565, 0.1605950684966871, 0.10027357415598906], [0.5044231561492111, 0.3005452559283841, 0.13006413414251405, 0.06496745367988778], [0.4898803781977755, 0.2735675927714059, 0.14845226928929608, 0.08809975964153245]], "ideal": "B", "sampled": "C", "correct": false}}
{"type": "result", "data": {"idx": 3, "options": ["Inspect inventory items that were ordered before the year end but arrived after the year end.", "Test internal control activities that were previously reported to management as inadequate.", "Review the client's cutoff bank statements for several months after the year end.", "Compare the latest available interim financial statements with the statements being audited."], "probs": [[0.4669388864114203, 0.2590462610451924, 0.14443974184966019, 0.12957511059371787], [0.43615291951816837, 0.280180096609322, 0.1490307540581202, 0.13463622971440267], [0.3950159682152249, 0.2781194729923549, 0.17382422351385846, 0.15304033517854573], [0.4762092556889879, 0.27154958025679954, 0.1392218359975847, 0.11301932795662122]], "ideal": "D", "sampled": "A", "correct": false}}
{"type": "result", "data": {"idx": 4, "options": ["Accounting Standards Updates.", "Emerging Issues Task Force Releases.", "Statements of Financial Accounting Standards.", "Staff Technical Bulletins."], "probs": [[0.44167482906901095, 0.3049887410388923, 0.18049482068312167, 0.07284160910896795], [0.41923699272243753, 0.3325309098015096, 0.1710675983413625, 0.07716449903469212], [0.45696510919684424, 0.30544898951705657, 0.16283211834534236, 0.07475378284075104], [0.391106580435268, 0.32995728843813643, 0.17045800222008994, 0.10847812880651386]], "ideal": "A", "sampled": "C", "correct": false}}
{"type": "result", "data": {"idx": 5, "options": ["\u2212$3", "\u2212$27", "$3", "$500"], "probs": [[0.2683188408776999, 0.33125927356750745, 0.2692401506730336, 0.13118173478175243], [0.3122654557740227, 0.36223745173758914, 0.2055102491688329, 0.11998684321954896], [0.39743123361885774, 0.31322175905686755, 0.20508328243087343, 0.08426372479338286], [0.39519909697470235, 0.2581988065794797, 0.23751396607040948, 0.1090881302754033]], "ideal": "C", "sampled": "C", "correct": true}}
{"type": "result", "data": {"idx": 6, "options": ["Overstated Understated", "Understated Overstated", "Overstated No effect", "No effect No effect"], "probs": [[0.43105664814075206, 0.3157327030933363, 0.18299123924536354, 0.07021940942054487], [0.4112706775666509, 0.27586833373053776, 0.20380376664753358, 0.10905722195527552], [0.3456156378035463, 0.3306476222114529, 0.19248147114901343, 0.13125526873599314], [0.3558907448234094, 0.3083228751927948, 0.22778049029409428, 0.10800588958970651]], "ideal": "D", "sampled": "B", "correct": false}}
{"type": "result", "data": {"idx": 7, "options": ["$100", "$104.29", "$96.71", "$97.33"], "probs": [[0.3776871039258354, 0.3181043690706725, 0.21024237869095583, 0.09396614821252099], [0.39883025985680043, 0.33391688414364773, 0.19267763292113294, 0.0745752229784221], [0.39879393089238396, 0.3341215708797719, 0.19322713364959515, 0.07385736447824064], [0.41576976310482217, 0.3314781806700865, 0.17263113914708125, 0.08012091697798983]], "ideal": "D", "sampled": "D", "correct": true}}
{"type": "result", "data": {"idx": 8, "options": ["It will be reclassified as an asset held for sale.", "It will be classified as a current asset.", "It will no longer be depreciated.", "It will be valued at historical cost."], "probs": [[0.48613786968131095, 0.25407976206556404, 0.17034234710276167, 0.08944002105035302], [0.4628443433419082, 0.2549602710714505, 0.14147538199086604, 0.1407200034957662], [0.48445563734575897, 0.2260407408735376, 0.1728994465229205, 0.11660417515779246], [0.4840200108462642, 0.23530704705833533, 0.17621650098423597, 0.10445644101117425]], "ideal": "D", "sampled": "A", "correct": false}}
{"type": "result", "data": {"idx": 9, "options": ["$28,000", "$132,000", "$160,000", "$188,000"], "probs": [[0.4391792154977715, 0.3129536670271954, 0.176329380877514, 0.0715377364975237], [0.40886536296605164, 0.3033858790756357, 0.1942423185516153, 0.09350643930668921], [0.4347458145949379, 0.291900882139819, 0.20231606019547443, 0.07103724296976908], [0.4357733856878329, 0.301222877519146, 0.18474925422925034, 0.07825448246376157]], "ideal": "C", "sampled": "A", "correct": false}}
{"type": "result", "data": {"idx": 10, "options": ["$100", "$2", "$500", "$200"], "probs": [[0.3115220686779127, 0.4225764466524497, 0.18134791229820102, 0.08455357227145505], [0.2904011360243133, 0.429349475867789, 0.19927506248804222, 0.08097432551983548], [0.29643070168584795, 0.4131281936436274, 0.1954643654059562, 0.09497673916457562], [0.2985669170033233, 0.43110268804672824, 0.19489971253915192, 0.07543068231081594]], "ideal": "D", "sampled": "A", "correct": false}}
{"type": "result", "data": {"idx": 11, "options": ["$0", "$15,000", "$20,000", "$40,000"], "probs": [[0.2674245521820566, 0.28922510041645266, 0.30688613053038877, 0.13646421677110976], [0.3207122947107597, 0.3107419136533349, 0.2731792850849612, 0.0953665064509375], [0.35002469990498203, 0.3459419538847207, 0.2316839470659814, 0.07234939904432883], [0.30808109466749745, 0.33306897562201765, 0.2471762569996151, 0.1116736726108581]], "ideal": "B", "sampled": "C", "correct": false}}
{"type": "result", "data": {"idx": 12, "options": ["Engagement performance.", "Risk analysis.", "Safeguarding of assets.", "Information processing."], "probs": [[0.2186913214389503, 0.33298393124633713, 0.33322730099969533, 0.11509744621504009], [0.28321240325286906, 0.3217938075320015, 0.2670770824188315, 0.12791670669627805], [0.25301141917451747, 0.30513481677950355, 0.2956110793398682, 0.14624268460612466], [0.25555000110109183, 0.3302318477641229, 0.2644820076178367, 0.14973614341693775]], "ideal": "A", "sampled": "C", "correct": false}}
{"type": "result", "data": {"idx": 13, "options": ["$18,000", "$22,500", "$25,000", "$40,500"], "probs": [[0.3389839246738915, 0.32607523257335425, 0.238820668379258, 0.09612017427349676], [0.36145072209811446, 0.3079955861417685, 0.24127250494691332, 0.08928118671320952], [0.34726947609217756, 0.32361193119057724, 0.23611734532809997, 0.09300124728914906], [0.3648308086820103, 0.3209110390685446, 0.2160716444907241, 0.09818650765873]], "ideal": "B", "sampled": "D", "correct": false}}
{"type": "result", "data": {"idx": 14, "options": ["$100 billion", "$80 billion", "$20 billion", "$10 billion"], "probs": [[0.22175220696120695, 0.37296974659729043, 0.2822502365007986, 0.12302780984071539], [0.26403353747969754, 0.3610551866890289, 0.25712238997397385, 0.11778888575730503], [0.2667165138443711, 0.3444274949301833, 0.27106485402261865, 0.1177911371028392], [0.231563737757656, 0.3708453449146628, 0.261571892721192, 0.1360190245064909]], "ideal": "C", "sampled": "C", "correct": true}}
{"type": "result", "data": {"idx": 15, "options": ["Receivable confirmations received from the client\u2019s customers.", "Prenumbered receiving reports completed by the client\u2019s employees.", "Prior months\u2019 bank statements obtained from the client.", "Municipal property tax bills prepared in the client\u2019s name."], "probs": [[0.3346819855297326, 0.19987540997553643, 0.23333423924573996, 0.23210836514899702], [0.2923939291544216, 0.21058880392167292, 0.25402389379277573, 0.24299337303111385], [0.3197440599508971, 0.25372127264606653, 0.2243831098628715, 0.20215155744016386], [0.3423410920468214, 0.20226419609405408, 0.23486605439409375, 0.2205286573650168]], "ideal": "B", "sampled": "D", "correct": false}}
{"type": "result", "data": {"idx": 16, "options": ["$10,000", "$25,000", "$44,000", "59000"], "probs": [[0.3395006638247325, 0.3495174211899403, 0.20926112646501321, 0.10172078842033462], [0.36391366212578136, 0.34433466948199193, 0.18157259497148878, 0.11017907332073153], [0.3582975154445006, 0.3142881430163152, 0.22303246811479724, 0.10438187332437462], [0.33548298024909207, 0.31740071902879796, 0.20524401310363416, 0.14187228751846725]], "ideal": "C", "sampled": "C", "correct": true}}
{"type": "result", "data": {"idx": 17, "options": ["Issue either an adverse opinion or a qualified opinion depending on materiality because of the departure from GAAP.", "Add a separate paragraph to the accountant's report that restricts the distribution of the financial statements to \u201a\u00c4\u00fainternal use only.\u201a\u00c4\u00f9", "Add a separate paragraph to the accountant's report that discloses the departure from GAAP and its effects on the financial statements.", "Add a separate paragraph to the accountant's report that explains the underlying purpose of recording assets at historical cost."], "probs": [[0.41082910591704236, 0.3263838042307301, 0.17886321136311287, 0.08392387838911429], [0.37170229137140637, 0.332189870161303, 0.18685513302453802, 0.1092527053427519], [0.42400356592927646, 0.289156442675985, 0.16566322065653824, 0.12117677063822187], [0.38207030570892875, 0.32026610549216306, 0.17218553466770314, 0.12547805403119364]], "ideal": "C", "sampled": "C", "correct": true}}
{"type": "result", "data": {"idx": 18, "options": ["The buyer is purchasing the goods for a particular purpose and is relying on the seller\u2019s skill or judgment to select suitable goods.", "The buyer is purchasing the goods for a particular purpose and the seller is a merchant in such goods.", "The seller knows the particular purpose for which the buyer will use the goods and knows the buyer is relying on the seller\u2019s skill or judgment to select suitable goods.", "The seller knows the particular purpose for which the buyer will use the goods and the seller is a merchant in such goods."], "probs": [[0.4603952075734888, 0.26009431906411046, 0.2020592103226197, 0.0774512629397955], [0.44146449615085454, 0.29520226580557857, 0.1697607331370747, 0.09357250480649636], [0.4501548202706706, 0.26769239643245013, 0.20781709671026444, 0.07433568648661272], [0.4269585338181967, 0.27156667208360624, 0.17701152438119236, 0.12446326961700092]], "ideal": "C", "sampled": "C", "correct": true}}
{"type": "result", "data": {"idx": 19, "options": ["There are significant differences between the entity's forecasted financial statements and the financial statements to be audited.", "The CPA will not be permitted to have access to sensitive information regarding the salaries of senior management.", "There have been substantial inventory write-offs just before the year end in each of the past four years.", "The CPA becomes aware of the existence of related party transactions while reading the draft financial statements."], "probs": [[0.40782970858859374, 0.24767724943520197, 0.25374385984417497, 0.09074918203203246], [0.398799771853843, 0.27695554404201955, 0.23806351880163834, 0.08618116520250464], [0.4594670561419531, 0.23360497938921687, 0.23557658493154382, 0.07135137943729211], [0.43926837239625766, 0.27759473747253294, 0.202345254780613, 0.08079163525059223]], "ideal": "B", "sampled": "C", "correct": false}}
{"type": "result", "data": {"idx": 20, "options": ["Maintain appropriate written source documents so the data can be re-entered if it is lost or compromised", "Maintain redundant systems for instant availability to assure the flow of transactions", "Review additional expenses to obtain the required amount of business interruption insurance coverage for the organization", "Assure that appropriate data backups are stored in an off-site location"], "probs": [[0.42873595105119316, 0.23995351874382304, 0.2537676875297407, 0.07754284257522437], [0.3904237654933648, 0.2579850241862703, 0.25842283741882144, 0.09316837280152594], [0.35238598835780005, 0.2905974918121426, 0.2655659687743965, 0.09145055095566673], [0.3720256277447259, 0.31420931164400845, 0.2260153272376265, 0.08774973327362176]], "ideal": "B", "sampled": "A", "correct": false}}
{"type": "result", "data": {"idx": 21, "options": ["600", "400", "200", "100"], "probs": [[0.221276295395223, 0.41191028476887603, 0.21448112071146308, 0.15233229902443074], [0.2746229938731486, 0.4002986465032818, 0.20341910718430634, 0.12165925233927811], [0.2661080406308482, 0.40012464061677944, 0.20395364548040668, 0.12981367317196935], [0.23767351448173885, 0.40365021469953327, 0.20326636438138415, 0.15540990633732601]], "ideal": "D", "sampled": "C", "correct": false}}
{"type": "result", "data": {"idx": 22, "options": ["Inherent risk and control risk are calculated by the client.", "Inherent risk and control risk exist independently of the audit.", "Inherent risk and control risk are controlled by the auditor.", "Inherent risk and control risk exist as a result of the auditor\u2019s judgment about materiality."], "probs": [[0.4933815736224688, 0.26273281292291584, 0.13898147029936953, 0.10490414305526488], [0.5130745041647474, 0.25559780672719046, 0.13558771604694994, 0.09573997296110404], [0.5003838813196467, 0.27274270598826406, 0.14485584657030443, 0.0820175660217776], [0.47070737406523083, 0.26214202786063007, 0.16222331879917293, 0.1049272791749782]], "ideal": "B", "sampled": "B", "correct": true}}
{"type": "result", "data": {"idx": 23, "options": ["$710,000", "$750,000", "$830,000", "1000000"], "probs": [[0.34208551812665217, 0.3686908820648184, 0.21379611739317678, 0.07542748231535175], [0.3413171296335793, 0.36094027613109597, 0.196323032664068, 0.10141956147124037], [0.3471874798069424, 0.32426436471230413, 0.23312110520826815, 0.0954270501724629], [0.34657249429431697, 0.37037485538622933, 0.19125559830688638, 0.091797051912584]], "ideal": "C", "sampled": "A", "correct": false}}
{"type": "result", "data": {"idx": 24, "options": ["No contract was formed because the offer failed to state an expiration date.", "No contract was formed because Sands received the revocation of the offer before Sands accepted the offer", "A contract was formed on the day Jackson received Sands\u2019 acceptance", "A contract was formed on the day Sands mailed the acceptance to Jackson"], "probs": [[0.44141191387355105, 0.34100210029036765, 0.12081991325715373, 0.09676607247893439], [0.4255355921737156, 0.36850484736548594, 0.13045832639202287, 0.07550123396878675], [0.4620904718951832, 0.3498688952020721, 0.11809989516636331, 0.06994073763639168], [0.4639803474726767, 0.32762051555871147, 0.11349822791269301, 0.0949009089559037]], "ideal": "D", "sampled": "C", "correct": false}}
{"type": "result", "data": {"idx": 25, "options": ["$1600 $1200", "$1600 $2800", "$0 $1200", "$0 $2800"], "probs": [[0.3523727341761684, 0.3144803653293676, 0.20941302598895345, 0.12373387440551618], [0.363841364163687, 0.29070959138874397, 0.2071773237437403, 0.1382717206038268], [0.31439437274585336, 0.2970004671575539, 0.20393700597676997, 0.18466815401984701], [0.33915319271993283, 0.3042082900599291, 0.2237315764388392, 0.13290694068131076]], "ideal": "B", "sampled": "B", "correct": true}}
{"type": "result", "data": {"idx": 26, "options": ["An employee who resigns regardless of cause is eligible for unemployment benefits.", "The federal unemployment system is funded by both employer and employee taxes.", "The Act is intended to assist workers who are permanently out of work and need assistance in supporting themselves.", "The unemployment insurance system is administered by the states through their employment laws."], "probs": [[0.5059881745355574, 0.3072642815397321, 0.1265784724120752, 0.06016907141262436], [0.5538327639817838, 0.28559376692364596, 0.0857497123627362, 0.07482375663182136], [0.5767814982420028, 0.239980141366058, 0.11342824037226422, 0.06981011991965931], [0.45688988232935573, 0.2874548240201793, 0.12517257992856218, 0.1304827136219059]], "ideal": "D", "sampled": "C", "correct": false}}
{"type": "result", "data": {"idx": 27, "options": ["Each partner reports a capital gain of $33,333.", "The entire gain of $100,000 must be specifically allocated to Acre.", "The first $40,000 of gain is allocated to Acre, and the remaining gain of $60,000 is shared equally by the other two partners.", "The first $40,000 of gain is allocated to Acre, and the remaining gain of $60,000 is shared equally by all the partners in the partnership."], "probs": [[0.33942519376539043, 0.39617506232337313, 0.17323566299217166, 0.09116408081908126], [0.370720689249658, 0.4072244191459391, 0.15017534958917125, 0.07187954191525105], [0.3998705172222131, 0.38242014939261043, 0.13127287061154075, 0.08643646267363755], [0.4138168736389105, 0.32356288131886446, 0.15486554057556032, 0.10775470436665474]], "ideal": "D", "sampled": "C", "correct": false}}
{"type": "result", "data": {"idx": 28, "options": ["Provide reasonable assurance that personnel are adequately trained to fulfill their responsibilities.", "Minimize the likelihood of associating with clients whose management lacks integrity.", "Document the matters that are required to be communicated to the audit committee.", "Enhance the auditor's understanding of the client's business and its industry."], "probs": [[0.4852396060230942, 0.2569231663925529, 0.1333644695689806, 0.12447275791537624], [0.41044098225929665, 0.26377875971477677, 0.16664687797398844, 0.15913337995193846], [0.39918506313890606, 0.2894971035648661, 0.17183332890580424, 0.13948450429043258], [0.44242761430626854, 0.30435395388951786, 0.15565278543654473, 0.09756564626764416]], "ideal": "B", "sampled": "A", "correct": false}}
{"type": "result", "data": {"idx": 29, "options": ["$100", "$85", "$82", "$75"], "probs": [[0.3426526739511047, 0.3373267346697772, 0.2254252620541072, 0.09459532922500367], [0.3384059326194621, 0.3313893952572693, 0.22042743266947248, 0.10977723935378422], [0.37678633417181145, 0.33652919933001724, 0.2115513735391899, 0.07513309285897567], [0.4210869789237467, 0.33390987244845016, 0.16771137561565028, 0.07729177291214537]], "ideal": "C", "sampled": "D", "correct": false}}
{"type": "result", "data": {"idx": 30, "options": ["$500,000", "$492,500", "$450,000", "442500"], "probs": [[0.41952910602296567, 0.28202902110257705, 0.22767880183488842, 0.07076307093957179], [0.40365758722996203, 0.2891661172804285, 0.19787401694849924, 0.10930227844110996], [0.43031805649002947, 0.23894538817753547, 0.2540787486951519, 0.0766578065372754], [0.4523376157221078, 0.2554747187996452, 0.20793464668555292, 0.08425301869269135]], "ideal": "B", "sampled": "A", "correct": false}}
{"type": "result", "data": {"idx": 31, "options": ["Statements on Auditing Standards", "Statements on Standards for Attestation Engagements", "Statements on Standards for Accounting and Review Services", "Statements on Standards for Consulting Services"], "probs": [[0.4058751450799119, 0.3654442772693559, 0.14951475519329668, 0.07916582235744708], [0.4133982283929756, 0.32578411996391166, 0.16790153007579342, 0.0929161214673182], [0.39982106215997354, 0.33151995067310336, 0.1568657842345415, 0.11179320283236564], [0.38615641001332396, 0.37510443397217796, 0.1474984292286097, 0.0912407266858962]], "ideal": "B", "sampled": "B", "correct": true}}
{"type": "result", "data": {"idx": 32, "options": ["A and B only.", "A and C only.", "B and C only.", "A B and C."], "probs": [[0.3739213514479003, 0.2777307789835346, 0.19910116049328777, 0.1492467089752692], [0.3727032559035457, 0.28775968289718923, 0.22478357444198432, 0.1147534866572789], [0.4251498165339811, 0.296284169851233, 0.1766444960344586, 0.10192151748034398], [0.40126252939263635, 0.28774419810391966, 0.23465253824113855, 0.07634073416230294]], "ideal": "A", "sampled": "D", "correct": false}}
{"type": "result", "data": {"idx": 33, "options": ["Not refer to the change in the auditor\u2019s report.", "Refer to the note in the financial statements that discusses the change.", "Refer to the change in an emphasis-of-matter paragraph.", "Explicitly state whether the change conforms with GAAP."], "probs": [[0.3468990136427188, 0.3114128549407036, 0.19293065941633042, 0.1487574719002608], [0.4240456246761194, 0.26646334759004153, 0.2075632874442003, 0.10192774018964089], [0.4441698713867615, 0.30991066070197787, 0.15819076778314128, 0.08772870002813103], [0.43352427246789443, 0.3068173582382241, 0.1710294695235385, 0.0886288996703525]], "ideal": "A", "sampled": "D", "correct": false}}
{"type": "result", "data": {"idx": 34, "options": ["Yes, because Long's agency survived Frost's incompetence.", "Yes, because the order was valid regardless of Frost's incompetence.", "No, because Grant dealt only with Long.", "No, because Long did not have authority to enter into the contract."], "probs": [[0.5491248049760644, 0.2713531426939214, 0.11588283816651788, 0.06363921406350656], [0.4702544604191242, 0.2547768103899042, 0.163104674655672, 0.11186405443531136], [0.3830100122516793, 0.3194577173147128, 0.20384761804857474, 0.09368465228503238], [0.4756726058470213, 0.3545433743209166, 0.11975857169324461, 0.05002544803881807]], "ideal": "D", "sampled": "A", "correct": false}}
{"type": "result", "data": {"idx": 35, "options": ["The reporting status of the internal auditor within the organization.", "The educational level and professional experiences of the internal auditor.", "Whether policies prohibit the internal auditor from auditing areas where relatives are employed.", "Whether the board of directors, audit committee, or owner-manager oversees employment decisions related to the internal auditor."], "probs": [[0.4489920092249669, 0.26654014376595614, 0.1642378168917845, 0.12023003001729085], [0.46902311980364336, 0.2716895385176365, 0.16755209505205002, 0.09173524652666322], [0.43697539489415854, 0.2493296116838818, 0.18745172344179473, 0.1262432698801716], [0.4577339617225686, 0.22099588475548493, 0.19986560785163127, 0.12140454557030078]], "ideal": "B", "sampled": "B", "correct": true}}
{"type": "result", "data": {"idx": 36, "options": ["Confirm with client's lawyer that all litigation probable of assertion has been disclosed to the auditor.", "Obtain an understanding of the client's internal control activities.", "Determine whether there are any liens or encumbrances on assets that have been pledged as collateral.", "Consider the client's plans and ability to meet imminent purchase commitments and cash flow obligations."], "probs": [[0.4766032240798157, 0.2380050111952927, 0.16753179218431313, 0.11785997244057575], [0.4714020102978512, 0.2573015560150554, 0.1533375646527974, 0.11795886893429124], [0.4843813172245659, 0.2240433979743794, 0.18686970300750377, 0.10470558169356393], [0.47365950422830505, 0.22502776815948902, 0.15088201376041036, 0.1504307137518014]], "ideal": "B", "sampled": "C", "correct": false}}
{"type": "result", "data": {"idx": 37, "options": ["10%", "8.50%", "6%", "12%"], "probs": [[0.20063078152819308, 0.45394193162057234, 0.2513627274994554, 0.09406455925177579], [0.25197086370014565, 0.45105888583797715, 0.2435444087379856, 0.05342584162389123], [0.24759603690514864, 0.37240041538131147, 0.3209380104792545, 0.05906553713428579], [0.2393774999575846, 0.34909105991076433, 0.3558302364221076, 0.05570120360954291]], "ideal": "C", "sampled": "B", "correct": false}}
{"type": "result", "data": {"idx": 38, "options": ["6 percent", "6.25 percent", "10 percent", "10.4 percent"], "probs": [[0.36008491912376794, 0.30491309647766696, 0.2108664860826868, 0.12413549821587358], [0.36007652437976756, 0.32808791184549196, 0.20938517893192526, 0.10245038474281], [0.38495671437484985, 0.319531889063937, 0.18726700723388973, 0.10824438922734181], [0.3727484466077844, 0.3077991944197409, 0.1949532495857565, 0.12449910928672503]], "ideal": "D", "sampled": "C", "correct": false}}
{"type": "result", "data": {"idx": 39, "options": ["$25000 $25000 $0", "$0 $25000 $20000", "$25000 $5000 $0", "$0 $25000 $0"], "probs": [[0.5279838658960837, 0.2704165586445192, 0.12222430726724631, 0.07937526809214025], [0.546167258752113, 0.2575598267777542, 0.10925252100399052, 0.08702039336616448], [0.5234573763527747, 0.2510403673743039, 0.11442420288213405, 0.11107805329079615], [0.5233334636399769, 0.23559191403107477, 0.12891327342525466, 0.11216134880367558]], "ideal": "D", "sampled": "B", "correct": false}}
{"type": "result", "data": {"idx": 40, "options": ["$0", "$5,000", "$30,000", "$35,000"], "probs": [[0.26060164412909764, 0.2862939228056064, 0.29711902109692656, 0.15598541186837103], [0.31925815061301915, 0.30707576558427424, 0.25559581813925114, 0.1180702655634464], [0.35959493332878123, 0.30638460511963755, 0.2571066559654522, 0.07691380548612241], [0.3830392785381348, 0.27266327700833476, 0.22059224414773643, 0.12370520020578242]], "ideal": "C", "sampled": "D", "correct": false}}
{"type": "result", "data": {"idx": 41, "options": ["$1,000,000", "$300,000", "$2,000,000", "$242,000"], "probs": [[0.3322555995371432, 0.34556606053104494, 0.21408389250403387, 0.10809444732777783], [0.27455791587970163, 0.39481551859343816, 0.1936874933492197, 0.13693907207763456], [0.32173556591206265, 0.35065788987832475, 0.2176978624343148, 0.10990868167529409], [0.2879877972348235, 0.37991233600934476, 0.18734192605492794, 0.14475794060089991]], "ideal": "D", "sampled": "C", "correct": false}}
{"type": "result", "data": {"idx": 42, "options": ["Liable to pay State on the due date of the note.", "Liable to pay State only if State first seeks payment from Royal.", "Not liable to pay State because Royal's incompetency discharges Royal as a surety.", "Not liable to pay State unless Brown was a compensated surety."], "probs": [[0.45641872238589976, 0.2992830158736089, 0.17765689829141507, 0.06664136334907962], [0.44776476624792066, 0.31780894671972104, 0.15264511811913156, 0.08178116881323952], [0.4638405170122577, 0.28151607240665283, 0.18400843160265282, 0.07063497887840613], [0.4642146295764832, 0.3034760267852489, 0.14989436695861622, 0.08241497657966701]], "ideal": "A", "sampled": "C", "correct": false}}
{"type": "result", "data": {"idx": 43, "options": ["January.", "March.", "May.", "July."], "probs": [[0.24968057294044024, 0.3778072758952641, 0.23974971055906938, 0.13276244050522915], [0.19661304044337669, 0.39964272242723103, 0.26313750187076707, 0.1406067351586165], [0.19947070115732815, 0.436437376326669, 0.23417693559796968, 0.12991498681802235], [0.2791529223946143, 0.42184587809722024, 0.1853278737049518, 0.11367332570321254]], "ideal": "A", "sampled": "D", "correct": false}}
{"type": "result", "data": {"idx": 44, "options": ["There are unusual discrepancies between the entity's records and confirmation replies.", "Management enforces strict budgetary controls over the entity's departmental supervisors.", "Cash transactions are electronically processed and recorded leaving no paper audit trail.", "The monthly bank reconciliation ordinarily includes several large outstanding checks."], "probs": [[0.40734182945581204, 0.3187882833696047, 0.1609375186114848, 0.11293236846309242], [0.3090436804278148, 0.3338124404756201, 0.20487268209587378, 0.15227119690068194], [0.32663500018252123, 0.3453343247083696, 0.18421190984342045, 0.14381876516568212], [0.419610415007511, 0.32672897736733353, 0.17421603201120123, 0.07944457551394397]], "ideal": "A", "sampled": "D", "correct": false}}
{"type": "result", "data": {"idx": 45, "options": ["Zero.", "One.", "Two.", "Three."], "probs": [[0.30403535768013257, 0.2882713700657749, 0.30368113219443094, 0.10401213995967983], [0.40477281867813153, 0.32213838372231046, 0.21686058925041005, 0.05622820824915519], [0.4429628985450936, 0.2828450806177946, 0.21241729260391298, 0.06177472813319793], [0.4099046591827305, 0.3384738227383588, 0.1757837813690826, 0.07583773660982604]], "ideal": "A", "sampled": "C", "correct": false}}
{"type": "result", "data": {"idx": 46, "options": ["Special revenue.", "Capital projects.", "Enterprise.", "Permanent."], "probs": [[0.35552634154055773, 0.2530656200878986, 0.25824450524663944, 0.13316353302490502], [0.32892672969016856, 0.25139649748803483, 0.23993169762004427, 0.17974507510173804], [0.29415798478602545, 0.2513279691346027, 0.26404280590721607, 0.19047124007214847], [0.2999407763465438, 0.2898098300436817, 0.25784885828363774, 0.15240053522615607]], "ideal": "C", "sampled": "A", "correct": false}}
{"type": "result", "data": {"idx": 47, "options": ["$0", "$50,000", "$175,000", "300000"], "probs": [[0.3215861540274381, 0.32171678330297127, 0.2578159452319752, 0.09888111733763383], [0.3754298870415705, 0.3378801262559875, 0.20095579342998723, 0.08573419317244008], [0.37584815189059306, 0.3028383661300862, 0.24319207657201738, 0.07812140530730952], [0.3589506626160772, 0.30282054919673074, 0.22802395127347747, 0.11020483681370954]], "ideal": "B", "sampled": "C", "correct": false}}
{"type": "result", "data": {"idx": 48, "options": ["Conversion of the preferred stock into common stock.", "Voting rights.", "Dividend carryovers from years in which dividends were not paid.", "Guaranteed dividends."], "probs": [[0.4527736059990213, 0.2465375671538979, 0.21806180055055077, 0.08262702619652836], [0.43242192226961257, 0.25243362428439037, 0.20895693911059987, 0.10618751423539366], [0.37710123457787387, 0.23247633652139724, 0.2798806066366287, 0.1105418221641098], [0.4864695781386473, 0.2136920210566301, 0.20914635627089492, 0.09069204443382822]], "ideal": "C", "sampled": "A", "correct": false}}
{"type": "result", "data": {"idx": 49, "options": ["Establish procedures for employees to anonymously report fraud.", "Be responsible for the compensation of any registered public accounting firm employed by the registrant to provide an audit report.", "Accept any consulting, advisory, or other compensatory fee from the registrant for services other than as a member of the board.", "Engage independent counsel as deemed necessary to carry out their duties."], "probs": [[0.5103605965880985, 0.2609836057495507, 0.13966563029102846, 0.08899016727131888], [0.47682558185365653, 0.2690191295308284, 0.16302691822988769, 0.09112837028561775], [0.49329184769364803, 0.2639505786727999, 0.15502527646669637, 0.08773229706686539], [0.47273350610390985, 0.2727495751798412, 0.16735897911661785, 0.08715793949963327]], "ideal": "C", "sampled": "A", "correct": false}}
{"type": "result", "data": {"idx": 50, "options": ["(4,2),(2,2),(2,3)", "(2,2),(2,3),(4,2)", "(2,2),(4,2),(2,3)", "(2,3),(2,2),(4,2)"], "probs": [[0.4791164767316927, 0.33526606120719415, 0.11548991050977667, 0.07012755145133091], [0.46348035555759065, 0.32522885089008613, 0.1291796057746999, 0.08211118767761989], [0.46639372418470254, 0.33426197654378303, 0.12421121947616463, 0.07513307969534944], [0.44803759897645506, 0.32811502192105113, 0.1366199813923414, 0.08722739761015386]], "ideal": "A", "sampled": "A", "correct": true}}
{"type": "result", "data": {"idx": 51, "options": ["$2,500", "$3,700", "$4,400", "4900"], "probs": [[0.36911950896542367, 0.3794053758523349, 0.1711909649773594, 0.08028415010487264], [0.3860855094141695, 0.3634015270007611, 0.15255907258247722, 0.09795389090260842], [0.38797130930361545, 0.3210576010283888, 0.18661816449130544, 0.1043529250766709], [0.3724650015157112, 0.33341941993032137, 0.1920564311676466, 0.10205914728632351]], "ideal": "A", "sampled": "B", "correct": false}}
{"type": "result", "data": {"idx": 52, "options": ["Establishing a foundation for monitoring.", "Increasing the reliability of financial reporting and compliance with applicable laws and regulations.", "Designing and executing monitoring procedures that are prioritized based on risks to achieve organizational objectives.", "Assessing and reporting the results, including following up on corrective action where necessary."], "probs": [[0.433320013918168, 0.23570805969044784, 0.18926700220690285, 0.14170492408448343], [0.5108650765361381, 0.20651704315258898, 0.14079608560186513, 0.14182179460940458], [0.49027754555376957, 0.19609523164834758, 0.14572199366268762, 0.1679052290351746], [0.4412783048319373, 0.21055294375281342, 0.1722132389899697, 0.17595551232527806]], "ideal": "B", "sampled": "B", "correct": true}}
{"type": "result", "data": {"idx": 53, "options": ["Three months.", "Four months.", "Six months.", "Seven months."], "probs": [[0.39485988630725005, 0.30816645979882196, 0.19339533951270335, 0.10357831428121071], [0.4204625222507683, 0.3179135194943628, 0.16367993665031322, 0.09794402150455597], [0.4018427976791466, 0.32570335042474535, 0.1816099921942358, 0.09084385960186898], [0.4001268208495008, 0.339105444180156, 0.17340950532635022, 0.08735822954398825]], "ideal": "D", "sampled": "A", "correct": false}}
{"type": "result", "data": {"idx": 54, "options": ["Tests of details typically provide a low level of assurance.", "Analytical procedures are an inefficient means of obtaining assurance.", "The procedures to be applied on a particular engagement are a matter of the auditor\u2019s professional judgment.", "The use of tests of controls should be considered without regard to the level of assurance required."], "probs": [[0.4727214810025608, 0.26359658050832274, 0.15318496955864958, 0.11049696883046213], [0.48209077082315027, 0.2521303932033085, 0.17797010293928306, 0.08780873293424118], [0.5009739947303142, 0.2379670341090539, 0.16720049033023107, 0.09385848073040738], [0.47197158585064497, 0.24564086670090599, 0.18251769920227087, 0.09986984814619712]], "ideal": "C", "sampled": "B", "correct": false}}
{"type": "result", "data": {"idx": 55, "options": ["Studio terminated as of January 1.", "Studio terminated as of April 9.", "Studio terminated as of December 31.", "Studio did not terminate."], "probs": [[0.47254149479712293, 0.29148816855188164, 0.14147968076833153, 0.0944906557826627], [0.44892792863466285, 0.2885026756800098, 0.1346144952966017, 0.12795490028874576], [0.49612503636832256, 0.27574443977042146, 0.123478135637365, 0.10465238812389241], [0.4843814667471614, 0.30941441464121194, 0.1367589588524982, 0.06944515965913314]], "ideal": "D", "sampled": "A", "correct": false}}
{"type": "result", "data": {"idx": 56, "options": ["The JIT approach usually involves a large number of suppliers while traditional approaches usually involve only a small number of suppliers.", "The JIT approach requires centralized purchasing while traditional approaches encourage purchasing decisions by production employees.", "The JIT approach uses a push-through system while traditional approaches use a pull-through system.", "The JIT approach operates with low inventory levels while traditional approaches may operate with high inventory levels."], "probs": [[0.5465196396819082, 0.24764706952926113, 0.14101498846789656, 0.06481830222091864], [0.5142592532024433, 0.2599423716073403, 0.15607396497243953, 0.06972441011776413], [0.5536068185956319, 0.249237559574631, 0.1355296511351041, 0.061625970594651594], [0.558050831744889, 0.2279697674162943, 0.13933820679614173, 0.07464119394268716]], "ideal": "D", "sampled": "C", "correct": false}}
{"type": "result", "data": {"idx": 57, "options": ["$4,000,000", "$5,000,000", "$8,000,000", "$8,500,000"], "probs": [[0.35491910398425425, 0.3603519819905798, 0.1847970007296183, 0.09993191319555583], [0.339854246923527, 0.36679668192063863, 0.17641065992471108, 0.11693841113110977], [0.36193565072344, 0.35638323321041965, 0.1801193324452816, 0.10156178352088435], [0.3615505553920645, 0.36429176676210095, 0.17086129150441706, 0.10329638624140897]], "ideal": "D", "sampled": "C", "correct": false}}
{"type": "result", "data": {"idx": 58, "options": ["Continuing to use the current spreadsheet process because there have been no issues in this area.", "Developing a new fixed asset system to manage the assets and related depreciation", "Purchasing a stand-alone fixed asset program for managing the assets and related depreciation", "Adopting the fixed asset module of the new system for integration."], "probs": [[0.38750843424772535, 0.3335914681643134, 0.17687801456915686, 0.10202208291880169], [0.4432919588896314, 0.3028415295032161, 0.17028291313488042, 0.08358359837227006], [0.42513218022619575, 0.33409564278613074, 0.15288088133909225, 0.08789129554858047], [0.37243956201622763, 0.3103620101437199, 0.21490107291031116, 0.10229735482974125]], "ideal": "D", "sampled": "B", "correct": false}}
{"type": "result", "data": {"idx": 59, "options": ["Auditor suspects that management fraud has occurred during the year.", "Desired assessed level of control risk is less than the prior year.", "Technique to be used is attribute sampling.", "Auditor plans to give greater representation to large recorded amounts."], "probs": [[0.5374305558660041, 0.18346729112261115, 0.15575306629842908, 0.12334908661297476], [0.5158391020805924, 0.18760768064990882, 0.1731149892271384, 0.12343822794235594], [0.522435592560093, 0.1998271902244945, 0.18492312347613082, 0.09281409363930694], [0.5374065866032701, 0.1897074721424091, 0.1633574106046606, 0.10952853054965277]], "ideal": "D", "sampled": "A", "correct": false}}
{"type": "result", "data": {"idx": 60, "options": ["Is absolute.", "Is conditioned upon the demanding shareholder owning at least $5000 worth of stock.", "Requires that the demand to inspect be for a proper purpose.", "Exists only when fraud or illegality is alleged."], "probs": [[0.514139160060942, 0.2912570894600336, 0.1259759931834949, 0.06862775719552372], [0.4811074472738486, 0.3318932865549492, 0.12553140536746063, 0.061467860703749926], [0.5217700829426665, 0.27790576717323723, 0.10912471207248925, 0.09119943771160828], [0.4865845573721651, 0.26217235785245063, 0.151419782510609, 0.09982330216475846]], "ideal": "C", "sampled": "C", "correct": true}}
