{"type": "result", "data": {"idx": 0, "options": ["Offerings", "Prayers", "Apparitions", "Idols"], "probs": [[0.3567937194423422, 0.3743403574624716, 0.23994241318649287, 0.028923509808694774], [0.34617777394152505, 0.3711891962244167, 0.2478179038599266, 0.03481512587412686], [0.33634052365733513, 0.35150572681788034, 0.2721633425587377, 0.03999040686605552], [0.30999296816591754, 0.37923197067048847, 0.2673939975384152, 0.043381063525183824]], "ideal": "D", "sampled": "A", "correct": false}}
{"type": "result", "data": {"idx": 1, "options": ["Daoism", "Yin-Yang School", "Mengzi", "Humanistic Buddhism"], "probs": [[0.2754495229941601, 0.3671219235334887, 0.24526142504550758, 0.11216712832682774], [0.22747853384436711, 0.44886530955410303, 0.22817088205526867, 0.09548527444624676], [0.31523809452538554, 0.3431491265434281, 0.23338466410802103, 0.10822811472316675], [0.27690902143772966, 0.3895851919348623, 0.24365590667351153, 0.08984987985389815]], "ideal": "B", "sampled": "C", "correct": false}}
{"type": "result", "data": {"idx": 2, "options": ["325 CE", "119 CE", "451 CE", "596 CE"], "probs": [[0.385685545326297, 0.3835138857697878, 0.18275123041995595, 0.04804933838397459], [0.379227460149291, 0.37262839322549085, 0.19234792216942856, 0.05579622435578054], [0.35301627269878716, 0.39630592016087296, 0.1869454055026357, 0.06373240153770231], [0.38163322732633903, 0.3834217009225997, 0.177332605225717, 0.057612466425338904]], "ideal": "D", "sampled": "D", "correct": true}}
{"type": "result", "data": {"idx": 3, "options": ["Akitu", "Wag and Thoth", "Bast", "Nehebkau"], "probs": [[0.47955799256141585, 0.34193777562440836, 0.1006236738485625, 0.07788055786561796], [0.4515784313075353, 0.3944612980683412, 0.0881124722013185, 0.06584779832282399], [0.4844141491211804, 0.33549509609665223, 0.10430103180664196, 0.0757897228755299], [0.5074846562072319, 0.3487828120177232, 0.08138030378400689, 0.06235222789103984]], "ideal": "A", "sampled": "C", "correct": false}}
{"type": "result", "data": {"idx": 4, "options": ["Zazen", "Tariki", "Kami", "Ikebana"], "probs": [[0.33315348232472675, 0.3645768062466243, 0.2328526800881205, 0.06941703124050416], [0.3781966647452157, 0.36242393884477764, 0.19360106241372357, 0.0657783338962973], [0.3649009949904597, 0.3992882871582396, 0.17183250546819037, 0.06397821228310567], [0.47008384200695325, 0.29032012742786645, 0.18528452633191814, 0.05431150413327096]], "ideal": "D", "sampled": "D", "correct": true}}
{"type": "result", "data": {"idx": 5, "options": ["Harmony and balance", "Devotion and piety", "Love and passion", "Goodwill and love"], "probs": [[0.30973377378434974, 0.3834264976590236, 0.2189149385992936, 0.08792478985734122], [0.279217537372782, 0.36832656510174766, 0.2837158259127171, 0.06874007151275491], [0.3117315855864828, 0.3527274326241267, 0.26479051116176844, 0.07075047052763776], [0.3126619503699334, 0.381647628668546, 0.24756954824280464, 0.05812087261872465]], "ideal": "A", "sampled": "D", "correct": false}}
{"type": "result", "data": {"idx": 6, "options": ["Shabad", "Khalse", "Nam", "Guru"], "probs": [[0.39897016219120135, 0.4073701840541178, 0.16656606038775196, 0.02709359326692532], [0.2999642275967609, 0.35801801970099933, 0.2889191496379403, 0.053098602964272656], [0.44734017102137236, 0.4214708003545403, 0.10930358671715863, 0.021885441806926875], [0.39133267279880646, 0.4463333981779421, 0.13699982582246234, 0.025334103100789627]], "ideal": "A", "sampled": "D", "correct": false}}
{"type": "result", "data": {"idx": 7, "options": ["Muhammad's miraculous ascent to heaven", "Muhammad's migration to Mecca", "Muhammad's first community in Mecca", "Muhammad's revelations of the Qur'an"], "probs": [[0.5339113080308809, 0.26271739235991465, 0.13838948797204306, 0.06498181153717225], [0.5858829545340732, 0.2576528283536686, 0.12295463081802821, 0.033509586194207415], [0.5784085212625948, 0.24594793857818809, 0.11465040212042626, 0.060993137938786406], [0.5349073661868942, 0.26515008656993166, 0.13789622490572423, 0.06204632223746041]], "ideal": "A", "sampled": "B", "correct": false}}
{"type": "result", "data": {"idx": 8, "options": ["Laws of Dharma", "Laws of Karma", "Laws of Vishnu", "Laws of Manu"], "probs": [[0.5296457335938308, 0.26138606024358824, 0.1693330319006855, 0.03963517416193003], [0.5100491419076134, 0.24624235894196234, 0.19009122275135606, 0.05361727629907969], [0.5001255874605209, 0.2657703520940994, 0.1894212519627715, 0.04468280838260778], [0.4800522476694985, 0.28141699163716233, 0.188347347651392, 0.050183412941955004]], "ideal": "D", "sampled": "A", "correct": false}}
{"type": "result", "data": {"idx": 9, "options": ["The Holy Book", "The Narrative", "The Recitation", "The Pillars"], "probs": [[0.41982990851496277, 0.32401468106298265, 0.2253555173407769, 0.030799892981287484], [0.29925058565677326, 0.3575684216782167, 0.283165615873509, 0.060015376691494], [0.3121911943098343, 0.4154709488574283, 0.23775818058389236, 0.03457967614882769], [0.3387602095971831, 0.40703676431760166, 0.21542602446148204, 0.0387770015237256]], "ideal": "C", "sampled": "A", "correct": false}}
{"type": "result", "data": {"idx": 10, "options": ["Mother of Light", "Father of Goodness", "Ineffable Lover", "Eternal Spirit"], "probs": [[0.4905543687163227, 0.2847260103856113, 0.16548618129532083, 0.059233439502745545], [0.4695168873895325, 0.2925480532835349, 0.17396886938878153, 0.06396618983816083], [0.4780814755406776, 0.28646982264869586, 0.17684203598278128, 0.058606665727851254], [0.45759698814751376, 0.26781815937644193, 0.18059012848400632, 0.09399472389202186]], "ideal": "B", "sampled": "C", "correct": false}}
{"type": "result", "data": {"idx": 11, "options": ["Bushido", "Shinto", "Nichiren", "Soto Zen"], "probs": [[0.21973715126898702, 0.3687046377444658, 0.32993686376216513, 0.08162134712439906], [0.24709677774473365, 0.4082896572450649, 0.26768187834653034, 0.07693168656368196], [0.2641929986407326, 0.308917415874721, 0.3639347417559035, 0.06295484362865833], [0.18280697964591286, 0.37103672914230923, 0.3725601693223611, 0.07359612178940474]], "ideal": "D", "sampled": "C", "correct": false}}
{"type": "result", "data": {"idx": 12, "options": ["Sangat", "Langar", "Gurdwara", "Panth"], "probs": [[0.3055930960603675, 0.28726746088945315, 0.3348872690961954, 0.07225217385399406], [0.3879198659531302, 0.2923954802021375, 0.26642450098352066, 0.05326015276121325], [0.3464740409031252, 0.2803799755150187, 0.30948938592625286, 0.06365659755559364], [0.22594507329167415, 0.27123538540635483, 0.3858975245167369, 0.11692201668521704]], "ideal": "B", "sampled": "B", "correct": true}}
{"type": "result", "data": {"idx": 13, "options": ["Buddhism", "Daoism", "Confucianism", "Shamanism"], "probs": [[0.1299137756755204, 0.46670211779017906, 0.2892065611755796, 0.11417754525871447], [0.14784130264105544, 0.4260917165357618, 0.3377329502262628, 0.08833403049692043], [0.14101232663650667, 0.4497983785314514, 0.2837957364374489, 0.12539355829459017], [0.14540191655884935, 0.46200427225074503, 0.2786774951950044, 0.11391631589540502]], "ideal": "B", "sampled": "D", "correct": false}}
{"type": "result", "data": {"idx": 14, "options": ["Worship", "Submission", "Obedience", "Faith"], "probs": [[0.13809922764752064, 0.34999454014048714, 0.4255513587861715, 0.08635487332581995], [0.15519084877438113, 0.3622201809597877, 0.4099097737470783, 0.0726791964187545], [0.17581000112562897, 0.333839035779364, 0.4161627224715479, 0.07418824052345975], [0.2195461392758907, 0.3360694076587969, 0.38303566735988204, 0.0613487856054259]], "ideal": "B", "sampled": "D", "correct": false}}
{"type": "result", "data": {"idx": 15, "options": ["Suffering", "Soul", "Impermanence", "No-self"], "probs": [[0.31131158169713696, 0.3663435081011403, 0.1902260837860128, 0.13211882631570315], [0.3520732908488043, 0.3823838827009213, 0.1754842312307687, 0.09005859511949521], [0.35824285197334266, 0.39692712041625344, 0.17773526314928004, 0.06709476436110684], [0.3899088987817957, 0.3623387109677886, 0.16215475874672816, 0.08559763140369381]], "ideal": "D", "sampled": "D", "correct": true}}
{"type": "result", "data": {"idx": 16, "options": ["Spiritual narratives", "Redemption narratives", "Birth narratives", "Theological narratives"], "probs": [[0.2896687128824976, 0.45678828812554356, 0.20429561197779503, 0.049247386914160994], [0.23714549617566236, 0.45967499240380655, 0.24141391507870352, 0.0617655962418301], [0.28723814253679414, 0.463654345725771, 0.19827348624632637, 0.05083402539109363], [0.2903603605138978, 0.4447414225410888, 0.21056905876142215, 0.0543291580835908]], "ideal": "C", "sampled": "D", "correct": false}}
{"type": "result", "data": {"idx": 17, "options": ["Vajrayana", "Theravada", "Mahayana", "Mahavira"], "probs": [[0.2911693813389309, 0.3711078825649535, 0.2648805305022938, 0.07284220549382009], [0.3024281941864183, 0.3713713921612826, 0.23436481949325452, 0.09183559405902432], [0.2966808428185188, 0.36069163554013756, 0.25132457017557536, 0.09130295136579489], [0.2928623980915938, 0.3204917247306915, 0.30295110794730784, 0.08369476913040184]], "ideal": "C", "sampled": "B", "correct": false}}
{"type": "result", "data": {"idx": 18, "options": ["Svetambara", "Jina", "Agama", "Digambara"], "probs": [[0.37535135033420625, 0.31677195102803524, 0.20970819749662484, 0.09816850104111788], [0.31784300339420624, 0.29978999702106657, 0.235873910477349, 0.14649308900738772], [0.2787989036442715, 0.3291432378062969, 0.27034837103384607, 0.12170948741557398], [0.3440090984787484, 0.3096155076842641, 0.260143236471317, 0.08623215726567594]], "ideal": "D", "sampled": "A", "correct": false}}
{"type": "result", "data": {"idx": 19, "options": ["The Shema", "The Sefirot", "Deuteronomy", "The Decalogue"], "probs": [[0.6433151861576736, 0.21136721129726574, 0.122830238943259, 0.022487363501812147], [0.5030773513916247, 0.2780212646637595, 0.14883031321987555, 0.07007107062475314], [0.5235520918404223, 0.22425403659326365, 0.17241501984665444, 0.07977885161968194], [0.5300131124805779, 0.24423258897804873, 0.16244749651014576, 0.06330680193124036]], "ideal": "A", "sampled": "A", "correct": true}}
{"type": "result", "data": {"idx": 20, "options": ["Brahminic orthodoxy", "Legalistic asceticism", "Bhakti devotionals", "Unorthodox practices"], "probs": [[0.3682239059981332, 0.18660695786342696, 0.3130381794674372, 0.13213095657100918], [0.34796828331687024, 0.1627910192587179, 0.34169548065816685, 0.1475452166662411], [0.34698211271882595, 0.17309934742851238, 0.35047769174795856, 0.12944084800470637], [0.3315370403725899, 0.21152618776493004, 0.3225049524291276, 0.1344318193333543]], "ideal": "A", "sampled": "A", "correct": true}}
{"type": "result", "data": {"idx": 21, "options": ["The Battle of Uhud", "The Battle of Camel", "The Battle of the Trench", "The Battle of Badr"], "probs": [[0.5520868564973986, 0.26666564929025005, 0.1363922655690082, 0.04485522854333352], [0.4870678840747745, 0.26077753808759696, 0.20357351115623012, 0.0485810665813954], [0.49130373351358403, 0.3011660714101606, 0.16758737486498376, 0.03994282011125917], [0.5886763724334487, 0.2436789334454708, 0.13135332088596088, 0.0362913731351171]], "ideal": "C", "sampled": "D", "correct": false}}
{"type": "result", "data": {"idx": 22, "options": ["Remembering the Divine Name", "Meditating on the sacred hymns", "Remembering that death is inevitable", "Meditating on the goodness of the created world"], "probs": [[0.5593574115889515, 0.22222879061823064, 0.14356716198917957, 0.07484663570365864], [0.47636294446516814, 0.2130559621061902, 0.19684723227246143, 0.1137338610561797], [0.4570820314808491, 0.21742276937449778, 0.2009391363263078, 0.12455606271836503], [0.5022508990219499, 0.22359908292879038, 0.18956570830495936, 0.08458430964430091]], "ideal": "A", "sampled": "A", "correct": true}}
{"type": "result", "data": {"idx": 23, "options": ["Confucianism", "Buddhism", "Christianity", "Daoism"], "probs": [[0.2526916538022933, 0.3943740300250904, 0.27107186594565535, 0.08186245012697815], [0.19949135114400748, 0.4366719206227099, 0.2759818946818691, 0.0878548334514239], [0.1529872774463824, 0.3245833445270863, 0.3648982260946513, 0.157531151831874], [0.17811756712298435, 0.3599630179275197, 0.33676837001459603, 0.12515104483491027]], "ideal": "A", "sampled": "B", "correct": false}}
{"type": "result", "data": {"idx": 24, "options": ["Disciple", "Faithful", "Devotee", "Enlightened"], "probs": [[0.23761963921269544, 0.4057165740255616, 0.30560213430206035, 0.05106165235967319], [0.27328307088603054, 0.37006795628723743, 0.30561818219081577, 0.05103079053590238], [0.1407998209568444, 0.382054433694415, 0.4172586363435551, 0.05988710890517188], [0.1351610445768444, 0.38294237487169897, 0.40544552208773676, 0.07645105836371689]], "ideal": "A", "sampled": "B", "correct": false}}
{"type": "result", "data": {"idx": 25, "options": ["The sages of the Zhuangzi", "The Songs of the South", "The Duke of Zhou", "The Confucian \"sage kings\""], "probs": [[0.47069152812905696, 0.29606768931325395, 0.12465543738388112, 0.10858534507382002], [0.4315677462547787, 0.30987938429212014, 0.1402649596392804, 0.11828790971381707], [0.4495618797675661, 0.29705342624348785, 0.15414897539153904, 0.09923571849740917], [0.4735953588876513, 0.28712416825042564, 0.16691285960086738, 0.0723676131610452]], "ideal": "A", "sampled": "A", "correct": true}}
{"type": "result", "data": {"idx": 26, "options": ["Anointed one", "God", "Prophet", "The line of David"], "probs": [[0.4831580237062813, 0.3367715646421626, 0.11498048586362163, 0.06508992568791834], [0.4142385419297394, 0.32354986088953086, 0.1711513178272756, 0.09106027925344799], [0.42395633401224436, 0.3200879536280576, 0.19408501382556934, 0.06187069843413293], [0.35069696941807577, 0.4246829254203199, 0.17820544109716452, 0.04641466396444445]], "ideal": "A", "sampled": "A", "correct": true}}
{"type": "result", "data": {"idx": 27, "options": ["Soul", "Sound", "Non-matter", "Non-soul"], "probs": [[0.3266617962725138, 0.3800436281977477, 0.219075201053341, 0.07421937437640841], [0.19881929701815618, 0.43079040241207334, 0.2835146238130171, 0.08687567665675278], [0.2279619734382494, 0.4237785058569629, 0.27600325625702143, 0.07225626434778205], [0.3000607227643594, 0.4225038150991601, 0.21826161151393214, 0.05917385052255235]], "ideal": "D", "sampled": "A", "correct": false}}
{"type": "result", "data": {"idx": 28, "options": ["A collection of statues", "Veneration of ancestors", "Seated meditation", "Funeral rituals"], "probs": [[0.3104778831498307, 0.34843205986803216, 0.2878968801608672, 0.05319317672126721], [0.39224335421689316, 0.37015702808596973, 0.1857306325041537, 0.05186898509299502], [0.5592569138138732, 0.21646730390495594, 0.17497019956455506, 0.049305582616632176], [0.241809915743806, 0.23829113782067268, 0.4282749814801099, 0.09162396485539731]], "ideal": "C", "sampled": "C", "correct": true}}
{"type": "result", "data": {"idx": 29, "options": ["Asceticism", "Bodily pleasure", "Music", "Sexual union"], "probs": [[0.11179479744515114, 0.32143936847564347, 0.3991153615403063, 0.16765047243889794], [0.09531194808969798, 0.3114298973429553, 0.4109284681949932, 0.18232968627235374], [0.0926832425720886, 0.3991823381210445, 0.3271496106743263, 0.18098480853254292], [0.09945343023627626, 0.3789035385919978, 0.3789102133068602, 0.14273281776488078]], "ideal": "D", "sampled": "D", "correct": true}}
{"type": "result", "data": {"idx": 30, "options": ["Loving and forgiving", "Wrathful and merciful", "Judging and vengeful", "Transcendent and immanent"], "probs": [[0.4917187290164076, 0.31482132219690395, 0.13893520453018596, 0.054524744156510624], [0.4263891850318049, 0.32401243852904826, 0.20259640127461637, 0.04700197506453596], [0.42865270978270115, 0.3316316720138535, 0.1646068518553255, 0.07510876624812286], [0.47976409108952206, 0.2974545137777997, 0.1601347641734778, 0.06264663085919302]], "ideal": "B", "sampled": "D", "correct": false}}
{"type": "result", "data": {"idx": 31, "options": ["Palestine and Babylonia", "Babylonia and Europe", "Palestine and Spain", "Spain and France"], "probs": [[0.4361380371605783, 0.40692404490264583, 0.11864767536241923, 0.03829024247435715], [0.43868117851617416, 0.3359726324473532, 0.1416085045549202, 0.08373768438154922], [0.45156388708759704, 0.3162064305906482, 0.18052571703571418, 0.051703965186052504], [0.36911388235698256, 0.41802306236213016, 0.16021300111312925, 0.05265005406773659]], "ideal": "A", "sampled": "A", "correct": true}}
{"type": "result", "data": {"idx": 32, "options": ["Buddhism", "Hinduism", "Judaism", "Islam"], "probs": [[0.1551020473701653, 0.49975514869648524, 0.2721445231941895, 0.07299828063914965], [0.15140975899390335, 0.36901356500975013, 0.3951769146463693, 0.08439976124998172], [0.13578315270169533, 0.42153274737540847, 0.32828527758619924, 0.11439882223670403], [0.13740143135349697, 0.50711010306724, 0.2836463813058723, 0.07184208417338428]], "ideal": "A", "sampled": "A", "correct": true}}
{"type": "result", "data": {"idx": 33, "options": ["Kali yuga", "Maha yuga", "Krita yuga", "Satya yuga"], "probs": [[0.40871573064969147, 0.2303435958089577, 0.2756069621330387, 0.08533371130830936], [0.3705948572384882, 0.22900138414230864, 0.32429660516293624, 0.07610715335627362], [0.34392006447616275, 0.25037571956289595, 0.34157600330102467, 0.06412821255993997], [0.41062987567037257, 0.24352526261385085, 0.2784887340951409, 0.06735612752063534]], "ideal": "A", "sampled": "D", "correct": false}}
{"type": "result", "data": {"idx": 34, "options": ["Hymns", "Laws", "Ethics", "Myths"], "probs": [[0.2735653402043914, 0.4028987649208459, 0.2547124600384259, 0.0688234347363343], [0.2380585481957925, 0.4278368759867114, 0.2581801547797963, 0.07592442093769496], [0.22857562577460824, 0.38151717031976684, 0.3164168323601869, 0.07349037144545334], [0.26651296890523063, 0.44721438945862074, 0.2237470391622004, 0.06252560237393968]], "ideal": "A", "sampled": "A", "correct": true}}
{"type": "result", "data": {"idx": 35, "options": ["Pure Land", "Tendai", "Shingon", "Soto Zen"], "probs": [[0.3422791161156047, 0.34754385911235114, 0.17744128504834825, 0.1327357396236804], [0.30459019353097155, 0.3264394080676381, 0.22111980664534264, 0.14785059165604578], [0.34246536311255976, 0.3355320917671468, 0.2001543720165933, 0.12184817300370271], [0.3185291233607365, 0.34236891117257084, 0.19819558639671486, 0.14090637896998098]], "ideal": "A", "sampled": "A", "correct": true}}
{"type": "result", "data": {"idx": 36, "options": ["Sita", "Rama", "Kali", "Durga"], "probs": [[0.39537552928594616, 0.3149159099052715, 0.19702650267338692, 0.09268205803539423], [0.3843559295729304, 0.31026646586036266, 0.21738846951254556, 0.0879891349541717], [0.2847626931572037, 0.337824169701138, 0.2557368559088951, 0.1216762811327564], [0.3675759178676362, 0.30861911801697406, 0.2088369749509619, 0.11496798906442145]], "ideal": "A", "sampled": "A", "correct": true}}
{"type": "result", "data": {"idx": 37, "options": ["Rumi", "Rabi'a", "Fatimah", "Khadija"], "probs": [[0.5168465823441291, 0.2500094763340481, 0.13257414385432353, 0.1005697973675075], [0.4530118470699295, 0.28372231636995193, 0.1329289721320386, 0.1303368643280792], [0.44267620111482026, 0.2646103028720356, 0.15663427455787626, 0.13607922135525147], [0.4165664282543883, 0.315526627531618, 0.1411292677860158, 0.12677767632797476]], "ideal": "B", "sampled": "A", "correct": false}}
{"type": "result", "data": {"idx": 38, "options": ["Andal", "Devi", "Ganga", "Kali"], "probs": [[0.3503788806499411, 0.33120885450928783, 0.17789705092808916, 0.14051521381266832], [0.3956923688214678, 0.27591350696110595, 0.20671595147253724, 0.12167817264491051], [0.2755296096812619, 0.338159853662571, 0.23010632425130356, 0.15620421230486323], [0.28173345302280484, 0.33048795271289194, 0.2474945791192677, 0.14028401504502244]], "ideal": "A", "sampled": "B", "correct": false}}
{"type": "result", "data": {"idx": 39, "options": ["Paul of Tarsus", "Clare of Assisi", "Francis of Assisi", "John of the Cross"], "probs": [[0.4354646521717893, 0.3151947839852353, 0.17776598451622735, 0.07157457922675248], [0.4350846942775483, 0.3167594071569524, 0.165097123020627, 0.08305877544487261], [0.43593965982038957, 0.3073322194250068, 0.1824641173668861, 0.07426400328771159], [0.43986039957854506, 0.3279292785189792, 0.15536144889866974, 0.07684887290380497]], "ideal": "C", "sampled": "A", "correct": false}}
{"type": "result", "data": {"idx": 40, "options": ["Epistemology", "Morality", "Religion", "Aesthetics"], "probs": [[0.08824362224622995, 0.4362162329570735, 0.33197023579620316, 0.1435699089005022], [0.15280155280801605, 0.4563856710624851, 0.2749303516136518, 0.11588242441585296], [0.20121048544964187, 0.4456889717103715, 0.24199981638828472, 0.11110072635169907], [0.07961775828055136, 0.4427497083447892, 0.3038732333418644, 0.17375929993281194]], "ideal": "B", "sampled": "C", "correct": false}}
{"type": "result", "data": {"idx": 41, "options": ["Greek Orthodox", "Roman Catholic", "Puritans", "Quakers"], "probs": [[0.19271018762516545, 0.37376176346638873, 0.28958209684861286, 0.14394595195983037], [0.1835533045815544, 0.3310105301904592, 0.3274198657038956, 0.1580162994240853], [0.18281750005443578, 0.3537279278212446, 0.33379689738536394, 0.1296576746389559], [0.23227168792724898, 0.37423551074240413, 0.2707481226717096, 0.1227446785586392]], "ideal": "D", "sampled": "A", "correct": false}}
{"type": "result", "data": {"idx": 42, "options": ["Peter", "Paul", "Jesus", "Matthew"], "probs": [[0.3765043338244108, 0.2421803012747169, 0.2852517550052919, 0.09606360979557332], [0.38621341998162084, 0.2661445425247135, 0.264819205558101, 0.08282283183556705], [0.3654528051834735, 0.2676160788342776, 0.2660229698770614, 0.10090814600518774], [0.3667703181193372, 0.24256713895617066, 0.27276811473971696, 0.1178944280847569]], "ideal": "A", "sampled": "C", "correct": false}}
{"type": "result", "data": {"idx": 43, "options": ["1935", "2000", "1965", "1975"], "probs": [[0.4452612262217866, 0.26699498742075795, 0.24177438659172118, 0.04596939966573105], [0.38755370332571976, 0.2701119375275736, 0.2887382016785078, 0.05359615736821904], [0.4416957730649431, 0.26167149761250996, 0.2663990268562775, 0.030233702366260856], [0.4523273109507099, 0.26503235176512835, 0.24558611374232536, 0.0370542234418469]], "ideal": "A", "sampled": "D", "correct": false}}
{"type": "result", "data": {"idx": 44, "options": ["Householders who supported renouncers", "Orthodox interpreters of the scriptures", "Women ascetics who lived in communities", "Temple-dwelling renouncers"], "probs": [[0.4658217375652788, 0.29352987944189973, 0.16825579605582835, 0.07239258683699624], [0.4824717283729215, 0.2630221887729317, 0.18002323764732892, 0.07448284510681187], [0.5001853987708034, 0.3072221153847271, 0.14403682659187303, 0.04855565915261339], [0.44997632541762267, 0.30455582982213425, 0.18645866533593936, 0.059009179324292935]], "ideal": "D", "sampled": "B", "correct": false}}
{"type": "result", "data": {"idx": 45, "options": ["Thoughtfulness", "Non-action", "Spontaneity", "Meditation"], "probs": [[0.2981211820955809, 0.3909133973033929, 0.2051844580277329, 0.10578096247327444], [0.2710197573952699, 0.4376962574038138, 0.19079242445685612, 0.10049156064407444], [0.2897995200149065, 0.3965033981893581, 0.1983809079633054, 0.11531617373244082], [0.28098532799629794, 0.3693611407773284, 0.20367915914069357, 0.14597437198566837]], "ideal": "C", "sampled": "C", "correct": true}}
{"type": "result", "data": {"idx": 46, "options": ["hand gestures", "saints", "religious clothing", "temples"], "probs": [[0.2947676169095256, 0.3455581143877152, 0.28339028987915194, 0.0762839787236031], [0.21820286107823544, 0.37363887964720993, 0.3199225724311757, 0.08823568674339285], [0.2006393618199363, 0.39405597607537207, 0.3223802993627924, 0.08292436264188142], [0.22054908080985094, 0.4069655686184872, 0.29500452172007835, 0.0774808287515804]], "ideal": "A", "sampled": "A", "correct": true}}
{"type": "result", "data": {"idx": 47, "options": ["Julius Caesar", "Alexander the Great", "Cyrus of Persia", "Antiochus IV Epiphanes"], "probs": [[0.2960042889641201, 0.4514528316045158, 0.13349504882527652, 0.11904783050608009], [0.340406844100073, 0.421359364678724, 0.2000410763232302, 0.03819271479798052], [0.3814965618173684, 0.48816042948813215, 0.09586584038424081, 0.034477168210260346], [0.42842769929323593, 0.4048495471647262, 0.1171832622747002, 0.04953949116732202]], "ideal": "D", "sampled": "D", "correct": true}}
{"type": "result", "data": {"idx": 48, "options": ["30", "40", "33", "52"], "probs": [[0.4813689604727452, 0.26741845922756186, 0.20644258782795252, 0.04476999237175164], [0.49048677556884546, 0.29882032152113014, 0.1650841692313573, 0.04560873357866243], [0.4569440175812797, 0.31294121963330934, 0.17932421196443277, 0.05079055072098238], [0.46865743023197887, 0.3111892413287213, 0.16096092256724343, 0.05919240577205243]], "ideal": "A", "sampled": "C", "correct": false}}
{"type": "result", "data": {"idx": 49, "options": ["Serpent", "Eagle", "Cheetah", "Cow"], "probs": [[0.22969128505228623, 0.4119973765339837, 0.28906403285020843, 0.06924730546352668], [0.18087092400768898, 0.4245870260782992, 0.31145159087556085, 0.08309045893844882], [0.18343645101452752, 0.36521154254934496, 0.35675167500355376, 0.09460033133257023], [0.22486889240313612, 0.4067852863454711, 0.2846463165014004, 0.08369950464998692]], "ideal": "D", "sampled": "A", "correct": false}}
{"type": "result", "data": {"idx": 50, "options": ["Community", "Scripture", "Worship", "Apprenticeship"], "probs": [[0.37448882349693835, 0.30995788025621485, 0.27137570354278817, 0.044177592604048486], [0.30235846352049073, 0.29789335648906407, 0.35582734844402863, 0.043920831446429776], [0.28406726234448376, 0.35292768633427823, 0.31703155119712045, 0.045973500024129255], [0.36691463237867616, 0.30140062184451333, 0.27819170974476787, 0.053493035932027984]], "ideal": "A", "sampled": "D", "correct": false}}
{"type": "result", "data": {"idx": 51, "options": ["Construction of the Second Temple", "Destruction of the Second Temple", "The Christianization of the Roman Empire", "The emergence of Islam"], "probs": [[0.4264821993071318, 0.3328425283525145, 0.17303514993809177, 0.0676401223022578], [0.49858344845850133, 0.31046331232243213, 0.14218491055933777, 0.048768328559729665], [0.40204701064361387, 0.3648778068705991, 0.16300112218037088, 0.07007406020543024], [0.42917033908606617, 0.378039292224391, 0.13366457466855736, 0.059125793920983535]], "ideal": "B", "sampled": "B", "correct": true}}
{"type": "result", "data": {"idx": 52, "options": ["Genshin", "Dogen", "Honen", "Shinran"], "probs": [[0.30540218820137166, 0.3699293173547561, 0.22536939459826444, 0.09929909974558862], [0.31169407022351087, 0.392609410686059, 0.21693099995995307, 0.07876551903048806], [0.3908743980280739, 0.39333783202549366, 0.1624112803274707, 0.05337648951895795], [0.46972283171970447, 0.32734585650154935, 0.1589973318668857, 0.0439339798118815]], "ideal": "C", "sampled": "D", "correct": false}}
{"type": "result", "data": {"idx": 53, "options": ["Pakistan", "Iraq", "Indonesia", "Turkey"], "probs": [[0.29020750803634887, 0.2586782307597805, 0.38751514367985, 0.06359911742400799], [0.24996100789625414, 0.24458102480001465, 0.4294748766321298, 0.07598309057161234], [0.29680120961145284, 0.2628302955955643, 0.3753482575273442, 0.06502023716564646], [0.2782003182339824, 0.26793271261715607, 0.38947310258329026, 0.06439386646557599]], "ideal": "C", "sampled": "D", "correct": false}}
{"type": "result", "data": {"idx": 54, "options": ["Gregory", "Augustine", "Athanasius", "Francis"], "probs": [[0.42397563238416697, 0.32026622899896695, 0.19156510280724812, 0.06419303570962284], [0.4154786041024711, 0.3359455506859143, 0.19182795799568308, 0.05674788711591533], [0.43424449465901543, 0.26726543096078503, 0.21109500309650062, 0.08739507118368967], [0.4009490910549433, 0.3062781304079575, 0.2163228268314052, 0.07644995160570717]], "ideal": "A", "sampled": "B", "correct": false}}
{"type": "result", "data": {"idx": 55, "options": ["Enlightened being", "Worthy ones", "Saintly ones", "Sages"], "probs": [[0.41419206091704336, 0.2857753147089451, 0.2449143573035412, 0.05511826697048036], [0.3986458304309492, 0.2990484534424663, 0.24754110739445012, 0.05476460863212558], [0.4405732790805643, 0.2965259706271434, 0.21352002757294974, 0.04938072261934347], [0.4127128155221418, 0.28088647447743526, 0.24600107984401678, 0.060399630056410664]], "ideal": "A", "sampled": "C", "correct": false}}
{"type": "result", "data": {"idx": 56, "options": ["Guru Ram Das", "Guru Tegh Bahadur", "Guru Gobind Singh", "Guru Har Rai"], "probs": [[0.35459302524430997, 0.3655240195860147, 0.21410194597407767, 0.06578100909558908], [0.4256322693086405, 0.31179923010242044, 0.203181599476547, 0.05938690101239657], [0.37793339743501303, 0.28772730467069346, 0.25337477360880567, 0.08096452418548016], [0.3103143182783946, 0.32928523486240013, 0.2810623426905499, 0.07933810406865559]], "ideal": "B", "sampled": "B", "correct": true}}
{"type": "result", "data": {"idx": 57, "options": ["Guru Nanak", "Guru Arjan", "Guru Hargobind", "Guru Ram Das"], "probs": [[0.40708829212532893, 0.30759371488906506, 0.24731919949548722, 0.03799879339012134], [0.39697815913315937, 0.3444335984876575, 0.20631423376263294, 0.052274008516569756], [0.4088293887854356, 0.34237866310260645, 0.19920102154334277, 0.04959092646861641], [0.42784936140187924, 0.33938135783574025, 0.19020559975765197, 0.04256368090473807]], "ideal": "C", "sampled": "C", "correct": true}}
{"type": "result", "data": {"idx": 58, "options": ["In the community", "In faith in God", "In ascetic renunciation", "In the life of the householder"], "probs": [[0.32303293594157123, 0.3520599304164556, 0.1965133319856126, 0.1283938015563548], [0.30342896225243216, 0.34880757449886457, 0.27128203853978805, 0.0764814246089193], [0.2816204727754123, 0.3810418039897013, 0.21632739358994077, 0.12101032954496568], [0.3005853466545547, 0.3450075993621212, 0.25791450807363114, 0.09649254580967985]], "ideal": "D", "sampled": "D", "correct": true}}
{"type": "result", "data": {"idx": 59, "options": ["God is eternal and merciful to those who offer worship", "Humans can align themselves with life energy through worship of kami", "Justice will be the final outcome in the next world", "Power and force are the most divine attributes"], "probs": [[0.591094140185404, 0.25513580967621946, 0.10709330795054108, 0.046676742087868414], [0.6243978365591195, 0.21161945894353915, 0.1101287395993623, 0.05385396479800252], [0.5537989270379653, 0.2641000635450331, 0.12297336971637249, 0.05912763960063356], [0.5639965650705752, 0.25377860469276653, 0.1259188779956483, 0.05630595214100375]], "ideal": "A", "sampled": "B", "correct": false}}
{"type": "result", "data": {"idx": 60, "options": ["Durga", "Sri Lakshmi", "Kali", "Mahavira"], "probs": [[0.4057708780664519, 0.3647248356497567, 0.18783736874397866, 0.04166691743983621], [0.35973694688214575, 0.40784304182985587, 0.18143587520422522, 0.050984135983755514], [0.37568958008177117, 0.33428204436080683, 0.2005444268300509, 0.08948394862735393], [0.3169407648748305, 0.3840842737412269, 0.21017519007790067, 0.0887997712060425]], "ideal": "B", "sampled": "C", "correct": false}}
{"type": "result", "data": {"idx": 61, "options": ["China", "Silla", "Goguryeo", "Joseon"], "probs": [[0.3141785827988671, 0.4212876222804332, 0.16271557073892437, 0.1018182240817548], [0.3944252588464045, 0.3442210252293303, 0.19444318622531462, 0.06691052959896014], [0.39808712840350113, 0.34614998119690227, 0.18733009870623885, 0.06843279159336321], [0.3771142080762276, 0.36909879836692094, 0.16264265916609405, 0.09114433429075278]], "ideal": "B", "sampled": "B", "correct": true}}
{"type": "result", "data": {"idx": 62, "options": ["Madhva", "Patanjali", "Ramanuja", "Aryabhatta"], "probs": [[0.31344259868629587, 0.34816917792367175, 0.257869247492674, 0.08051897579735645], [0.3320506207220394, 0.3386654456299785, 0.25768253677686964, 0.07160139677111388], [0.3555063438896071, 0.3453032755788522, 0.2292301109619393, 0.06996026946959723], [0.30128474530457744, 0.31208258173021314, 0.29729663024553193, 0.08933604261966337]], "ideal": "B", "sampled": "B", "correct": true}}
{"type": "result", "data": {"idx": 63, "options": ["It was visited by Moses.", "It is a haram.", "It was built by Abraham.", "It is a square building."], "probs": [[0.371674815259488, 0.17126811502639283, 0.20349844242450355, 0.2535586271896025], [0.38338697301017305, 0.18347262488922034, 0.20946171667408142, 0.2236786853265113], [0.295075870867801, 0.15720192467715738, 0.1747894792498818, 0.3729327251051753], [0.3278560145604757, 0.1458960993118662, 0.18716348327279778, 0.3390844027548725]], "ideal": "A", "sampled": "B", "correct": false}}
{"type": "result", "data": {"idx": 64, "options": ["Parvati", "Ganesha", "Vishnu", "Sita"], "probs": [[0.19198366237639852, 0.3009628231926375, 0.39875047700810573, 0.10830303732284531], [0.2769663914244534, 0.3380744567760387, 0.30372038478596947, 0.08123876691353982], [0.3136571547271631, 0.2993085221560481, 0.3013751706456978, 0.0856591523710835], [0.16275890954060762, 0.24227889457107685, 0.42116202908517053, 0.17380016670315548]], "ideal": "B", "sampled": "C", "correct": false}}
{"type": "result", "data": {"idx": 65, "options": ["Sri Lakshmi", "Mahavira", "Rsabha", "Nanak"], "probs": [[0.425876619847427, 0.37809870686301283, 0.14824926313925854, 0.04777541005032007], [0.48464117394710104, 0.3112147792704125, 0.14684290681430096, 0.057301139868184345], [0.49121152664926016, 0.32099907522936083, 0.14593010730013958, 0.04185929072123596], [0.529088845432348, 0.2888222585648322, 0.14773476138540087, 0.03435413451739868]], "ideal": "C", "sampled": "B", "correct": false}}
{"type": "result", "data": {"idx": 66, "options": ["Ban Zhao", "Laozi", "Menicus", "Liu Xiang"], "probs": [[0.47045857963093624, 0.3231825619226174, 0.14079196769358052, 0.06556689065286736], [0.366834004609262, 0.3597603858515242, 0.19489776195199648, 0.07850784748723276], [0.4431376856734078, 0.3559234126516298, 0.1360404701787194, 0.06489843139623692], [0.4668781719294567, 0.32984314005255677, 0.15344754507248545, 0.04983114284550104]], "ideal": "A", "sampled": "D", "correct": false}}
{"type": "result", "data": {"idx": 67, "options": ["36,000", "12,000", "24,000", "7,000"], "probs": [[0.4319229818270867, 0.2754990402143352, 0.2019007752612178, 0.0906772025973536], [0.4435618607548824, 0.2883789872588816, 0.1971586586825577, 0.07090049320367703], [0.44802503100202257, 0.2816009455976422, 0.19162321063123988, 0.07875081266909928], [0.4300835004659842, 0.27908962263581166, 0.20300355306222573, 0.08782332373597868]], "ideal": "A", "sampled": "C", "correct": false}}
{"type": "result", "data": {"idx": 68, "options": ["Ultimate Reality", "The gurus", "The community", "Sikh worship"], "probs": [[0.32201782810116575, 0.38704856070722793, 0.22666866105567823, 0.06426495003594597], [0.3196499992348981, 0.3839555797351808, 0.255295423734137, 0.0410989971957841], [0.3095904288325007, 0.4085652181045132, 0.230586201038921, 0.05125815192407391], [0.3813849980497493, 0.3439128462349515, 0.22262072996049864, 0.0520814256548161]], "ideal": "A", "sampled": "D", "correct": false}}
{"type": "result", "data": {"idx": 69, "options": ["Sansar", "Hukam", "Mantar", "Karam"], "probs": [[0.30661355376638294, 0.3574531098928657, 0.24585074581697586, 0.09008259042375834], [0.36118951424204904, 0.3600952744169316, 0.20952272399478367, 0.06919248724622318], [0.3136032684495709, 0.3645302297404644, 0.22260041263871627, 0.09926608907124691], [0.2523845702300411, 0.36954634815142934, 0.2553782902833036, 0.12269079123523725]], "ideal": "B", "sampled": "B", "correct": true}}
{"type": "result", "data": {"idx": 70, "options": ["30", "29", "27", "47"], "probs": [[0.33646100074322094, 0.296930378005966, 0.31324694253547986, 0.053361678615311804], [0.37261721290099126, 0.29475202033644793, 0.27761476755891434, 0.05501599910363131], [0.38505042955620133, 0.2998795731333817, 0.2516799880245398, 0.0633900091858709], [0.34054744016371385, 0.31764656442262046, 0.2611407462556645, 0.08066524905800089]], "ideal": "C", "sampled": "C", "correct": true}}
{"type": "result", "data": {"idx": 71, "options": ["Zen Buddhism", "Chan Buddhism", "Humanistic Buddhism", "Pure Land Buddhism"], "probs": [[0.24367621975809395, 0.3615567141230878, 0.2666892219786617, 0.12807784404015238], [0.2658816314201537, 0.31087819130804045, 0.29996069297017197, 0.12327948420162448], [0.30051130421952205, 0.3249419140073215, 0.2685958209783955, 0.10595096069477422], [0.22852883442147173, 0.37815762599272884, 0.2502074057840096, 0.14310613370178435]], "ideal": "C", "sampled": "C", "correct": true}}
{"type": "result", "data": {"idx": 72, "options": ["They worshipped exclusively outside of the temple", "They believed that nakedness was an elemental expression of non-attachment", "They included women within the ranks of the leadership", "They believed that the omniscient Jina must eat and sleep"], "probs": [[0.6012460906316491, 0.24859200523789968, 0.09541185834560933, 0.05475004568483454], [0.6036338222247645, 0.24752977742482116, 0.11017349348972619, 0.038662906760678586], [0.5655172067891014, 0.2585598466815685, 0.10829030065964586, 0.06763264576967243], [0.5692772135462202, 0.27033605744820277, 0.11586089798402324, 0.04452583092158838]], "ideal": "B", "sampled": "B", "correct": true}}
{"type": "result", "data": {"idx": 73, "options": ["Namokar Mantra", "The Liberation Mantra", "Ahimsa", "Archaryas"], "probs": [[0.49014977787191155, 0.30859968476012906, 0.1538111277544104, 0.04743940951355789], [0.4826450414466584, 0.30819827532151944, 0.15174353064872514, 0.0574131524830957], [0.4042967175857962, 0.2948991973158174, 0.24915145545719333, 0.05165262954120556], [0.44793678497750755, 0.332544274554422, 0.17078429131653952, 0.04873464905153435]], "ideal": "A", "sampled": "A", "correct": true}}
{"type": "result", "data": {"idx": 74, "options": ["Second century CE", "Fifth century CE", "Fifth century BCE", "Eighteenth century CE"], "probs": [[0.37453151371981147, 0.368014874703142, 0.1769410299302611, 0.08051258154678999], [0.32714913266610746, 0.37603856087994103, 0.1974382680385219, 0.0993740383154344], [0.29421919113298073, 0.42258751495558705, 0.18432785511534552, 0.09886543869608785], [0.35529122844417116, 0.38887283733583794, 0.18760302382819816, 0.06823291029178459]], "ideal": "B", "sampled": "D", "correct": false}}
{"type": "result", "data": {"idx": 75, "options": ["7", "42", "24", "13"], "probs": [[0.43911843814099116, 0.2915659366603724, 0.18881879666280585, 0.08049682843581762], [0.434829797334355, 0.29953849818220846, 0.18900595945666868, 0.07662574492678446], [0.4649984414727355, 0.3155027913746941, 0.1639747083056859, 0.055524058746876916], [0.43838333015003317, 0.3042737956695458, 0.18406268104684592, 0.07328019303356614]], "ideal": "C", "sampled": "C", "correct": true}}
{"type": "result", "data": {"idx": 76, "options": ["Ocean of Love", "Lover of Wisdom", "Ocean of Wisdom", "Stillness of Love"], "probs": [[0.38811648158587064, 0.2983374531841812, 0.23226280803356633, 0.08128325709638645], [0.4314252038236144, 0.27415611592775574, 0.22051112200995876, 0.07390755813865894], [0.44247394934483797, 0.26485329194075635, 0.23072006822525357, 0.061952690389147115], [0.2930825332121546, 0.3243160376471868, 0.27298840569378524, 0.10961302334687349]], "ideal": "C", "sampled": "B", "correct": false}}
