{"type": "result", "data": {"idx": 0, "options": ["This type occurs in binary systems.", "This type occurs in young galaxies.", "This type produces gamma-ray bursts.", "This type produces high amounts of X-rays."], "probs": [[0.8749362760284582, 0.0653934175798959, 0.03445926282613153, 0.025211043465514327], [0.8813761379660716, 0.06796585870918566, 0.027892617261610707, 0.022765385963131955], [0.9339003249138028, 0.050275231470204934, 0.0073567859180513236, 0.008467657597940948], [0.9461339702385251, 0.040291953790357084, 0.006680974264258204, 0.0068931016068595995], [0.9268183413787373, 0.05394838206466506, 0.008273129088641414, 0.01096014736795626], [0.9544561566107642, 0.03369714551602543, 0.005415544286527473, 0.006431153486682864], [0.013912935582752825, 0.8743242532600489, 0.08656966008139141, 0.025193150975806846], [0.011244286896417174, 0.9073178108146305, 0.058002728474847214, 0.02343517371410515], [0.0049821142546393445, 0.011227516346523103, 0.9643911624051091, 0.019399206893728444], [0.00973366710000753, 0.01085882589226373, 0.017083202319368176, 0.9623243045883606], [0.004063663449201338, 0.010540472111820366, 0.963768461018761, 0.021627403320217314], [0.008520337154100924, 0.00892936286895951, 0.012992023065937646, 0.9695582768110019], [0.02619139141747731, 0.9525950169751047, 0.016136109339745158, 0.005077482167672764], [0.017195494491469832, 0.9686531225085472, 0.01163509464150165, 0.002516288258481281], [0.0126821933473932, 0.012882102675480938, 0.9613508876611991, 0.013084816215926748], [0.041963402307463066, 0.013412494924487836, 0.018914457650705215, 0.9257096450173439], [0.004717600208474171, 0.003972725670391782, 0.9873986163364542, 0.0039110576846798075], [0.04409996779911676, 0.012834019921831691, 0.014771713832485264, 0.9282942983465663], [0.01300433332330082, 0.9704792209346411, 0.011657046736891231, 0.004859398905166854], [0.010388640857565126, 0.980040864358185, 0.007252457205161814, 0.0023180374790879596], [0.025752435359761648, 0.022027493522018275, 0.9221123691389984, 0.030107701879221696], [0.04930018895445568, 0.017306247337527406, 0.01757858840397223, 0.9158149752040446], [0.005500401787173138, 0.0051672574324315886, 0.9847005160035199, 0.004631824676875372], [0.031358853037795585, 0.011008183491262022, 0.012089970542939185, 0.9455429928280032]], "ideal": "A", "sampled": "A", "correct": true}}
{"type": "result", "data": {"idx": 1, "options": ["Its speed relative to you", "Its composition", "Its size", "Its distance from you"], "probs": [[0.04135073716117792, 0.024309642254416675, 0.02213347128456761, 0.9122061491998378], [0.024975450662273288, 0.026175100217416186, 0.8942974121976529, 0.054552036822657565], [0.03595227818976586, 0.02357862691897139, 0.013226118691479018, 0.9272429760997837], [0.03971331805554811, 0.051797548429785796, 0.8760757747732142, 0.03241335864145191], [0.0024260012952990735, 0.994134507032685, 0.0012985394847479612, 0.0021409520872678924], [0.003752626718990947, 0.992853762700515, 0.0014467613101935648, 0.0019468491703005222], [0.010280975438981977, 0.020129746449436357, 0.014726861404670274, 0.9548624166069114], [0.002464594316201564, 0.005730451932717824, 0.9788913385139846, 0.012913615137095987], [0.0018863547444606492, 0.0019769243451391813, 0.00357968149006544, 0.9925570393203347], [0.002808772796350063, 0.00751685028257609, 0.969241861070444, 0.020432515750629918], [0.0016626750051819835, 0.991340972869301, 0.0026157545918953644, 0.004380597433621582], [0.0005019223739852901, 0.996693102589922, 0.0008809014408846466, 0.0019240734952079605], [0.04092749792770532, 0.039669482344409694, 0.016536214671752807, 0.9028668049561321], [0.0085867028914747, 0.014606787862490837, 0.9619699146436704, 0.014836594502364022], [0.0027460365041987083, 0.0012185721272851518, 0.0029691767549889277, 0.9930662145135272], [0.0032145163786961813, 0.004127604802866836, 0.9789110818911103, 0.013746796827326638], [0.00905668055864168, 0.9833916124779115, 0.0037168407606653613, 0.003834866102781491], [0.0008819614178085592, 0.997892127069642, 0.0004947329800596465, 0.0007311784324897632], [0.9566723409361121, 0.03172932467379177, 0.004293915217593072, 0.007304419072503098], [0.959568712925049, 0.03182530316864046, 0.003570562131768383, 0.00503542167454222], [0.9729258879786347, 0.018101012838003118, 0.0030966100752264194, 0.005876489008135769], [0.9843783451102092, 0.010273287457711555, 0.00196063065718257, 0.003387736674896678], [0.977086262068122, 0.016294962062952965, 0.002498820232307306, 0.004119955536617743], [0.987642961330158, 0.008153804669276881, 0.001556120186933905, 0.00264711371363113]], "ideal": "D", "sampled": "D", "correct": true}}
{"type": "result", "data": {"idx": 2, "options": ["Because the molecules that compose the Earth's atmosphere have a blue-ish color.", "Because the sky reflects the color of the Earth's oceans.", "Because the atmosphere preferentially scatters short wavelengths.", "Because the Earth's atmosphere preferentially absorbs all other colors."], "probs": [[0.0010563485505737263, 0.002167548508065357, 0.9908842396133792, 0.005891863227981671], [0.009081817192171292, 0.006855575575052864, 0.013214070715630064, 0.9708485364171457], [0.001095661883811023, 0.9961117418059108, 0.001363570324210558, 0.0014290258860676008], [0.0009524771707816988, 0.9966873671305816, 0.001407665738583242, 0.0009524898600534799], [0.004913000522134347, 0.00499053405987996, 0.008896339924110678, 0.981200125393875], [0.00620334367459858, 0.01609107305765744, 0.9499039128163719, 0.027801670351372116], [0.0007548056584323987, 0.0051582676370286904, 0.9829951881935246, 0.011091738411014247], [0.004638883116268983, 0.1420751162281402, 0.022833052191007217, 0.8304529483645836], [0.00034543652375891435, 0.9980525020491602, 0.0008821038914964559, 0.0007199574355844513], [0.0003455967027112899, 0.9985172393014929, 0.0007202880397696418, 0.00041687585602606013], [0.001567593760933488, 0.009021080014128768, 0.009907405730208515, 0.9795039203947292], [0.000643003149600543, 0.00783359445279583, 0.9790058727634632, 0.012517529534140478], [0.99902090201488, 0.0007552506625198421, 0.00010711656451973105, 0.00011673065808037092], [0.9992660413188379, 0.0005883330320784876, 8.40973913724017e-05, 6.15281577111595e-05], [0.9989345116945328, 0.0007791582180210545, 0.0001498696427743553, 0.0001364603446717779], [0.9994365585718721, 0.00041079443111901546, 8.345709160939471e-05, 6.918980539955585e-05], [0.9995043129262254, 0.0003920083398895732, 6.300108620060938e-05, 4.067754768441726e-05], [0.9995324503345505, 0.0003569383446517537, 6.154345758795245e-05, 4.9067763209799494e-05], [0.019817122252362356, 0.003443831040228467, 0.006848645250693947, 0.9698904013567152], [0.008286774173084425, 0.0063540721424165, 0.9729191678030155, 0.012439985781483575], [0.009042014244869272, 0.002215943269087828, 0.006932797281751443, 0.9818092451042915], [0.009923581442099169, 0.0043355471031517375, 0.9811258990886054, 0.004614972266143689], [0.06743853678682597, 0.9309648900366413, 0.0009036813883721489, 0.0006928916881606202], [0.06841884153303453, 0.9298531465325399, 0.0007366836222261606, 0.000991328212199425]], "ideal": "C", "sampled": "C", "correct": true}}
{"type": "result", "data": {"idx": 3, "options": ["The first time you drop a bowling ball and it falls to the ground proving your hypothesis.", "After you\u2019ve repeated your experiment many times.", "You can never prove your theory to be correct only \u201cyet to be proven wrong\u201d.", "When you and many others have tested the hypothesis."], "probs": [[0.03760885588245214, 0.2867525341394757, 0.01921037280005654, 0.6564282370780156], [0.05696576651618904, 0.23250327291447015, 0.45518814058778584, 0.25534281988155494], [0.03231026803050972, 0.02807829887620438, 0.5639372814067717, 0.37567415158651424], [0.04216626862820089, 0.03496451099813011, 0.4902269481114704, 0.4326422721621986], [0.04240714916189437, 0.533089299934294, 0.2402741700272705, 0.18422938077654108], [0.04081786096601891, 0.6385553549920208, 0.018983051391093363, 0.30164373255086696], [0.08973078076514594, 0.03625661665589359, 0.009166931202506157, 0.8648456712764543], [0.05431760154370798, 0.0339946400857527, 0.7617043255841136, 0.14998343268642575], [0.12110376468275783, 0.040568141039758976, 0.023477775353308014, 0.8148503188241751], [0.18263629614632296, 0.06313205180487255, 0.512257310802664, 0.24197434114614044], [0.28010811772880034, 0.3653704442008193, 0.06550200881522016, 0.28901942915516016], [0.35238948368694356, 0.3524257531162583, 0.033293823642918455, 0.2618909394538797], [0.03542948368685181, 0.05575019264687355, 0.4119171629021089, 0.49690316066416573], [0.05569397159609816, 0.09328815251059888, 0.3307046594255078, 0.5203132163677952], [0.0716099212316263, 0.1446731826574326, 0.10419729615126802, 0.679519599859673], [0.16236292588444984, 0.24761186920855488, 0.1346088438521344, 0.4554163609548609], [0.10372516279989731, 0.3145828474464208, 0.09444673892402754, 0.48724525072965436], [0.1479616761059619, 0.3232241868649554, 0.12656268476174254, 0.40225145216734015], [0.1777536799362191, 0.056823980522466025, 0.49856009905835097, 0.2668622403829639], [0.1835518208491806, 0.08536826200478323, 0.016291469576688696, 0.7147884474693474], [0.3070443364417545, 0.23916359129784762, 0.11654445491385215, 0.33724761724654573], [0.33918009721136233, 0.26418764577493076, 0.04114751701304935, 0.35548473990065754], [0.17902860843963003, 0.0746395025166513, 0.0599682804867983, 0.6863636084569203], [0.24254325210517563, 0.0906523994314349, 0.2791786214368906, 0.3876257269264989]], "ideal": "C", "sampled": "D", "correct": false}}
{"type": "result", "data": {"idx": 4, "options": ["Titan is the only outer solar system moon with a thick atmosphere", "Titan is the only outer solar system moon with evidence for recent geologic activity", "Titan's atmosphere is composed mostly of hydrocarbons", "A and D"], "probs": [[0.07697839503673211, 0.020397991396820563, 0.007742188336557478, 0.8948814251298899], [0.06088936226205298, 0.026189760794650952, 0.8539000009541522, 0.05902087588914383], [0.05413064002672181, 0.010827217280230566, 0.005035099586997795, 0.9300070430060499], [0.08830222174062784, 0.03198213761788301, 0.8510465319909634, 0.028669108550525787], [0.1427420233562177, 0.8475098638675747, 0.006174478700842071, 0.0035736339753655822], [0.07864193158093022, 0.9141931864948697, 0.0043002242848714945, 0.0028646575393286105], [0.06429423750448107, 0.013477259135980567, 0.00646644494244118, 0.9157620583170972], [0.05024458718322754, 0.01606004459849969, 0.8907155774028553, 0.04297979071541738], [0.05581947802804182, 0.009853196081710168, 0.0048020052325295085, 0.9295253205577185], [0.05214427696150175, 0.021738005435449816, 0.8959366528102567, 0.030181064692791706], [0.11510191642230926, 0.8775050447716176, 0.005217829027885828, 0.002175209678187331], [0.07979362265770985, 0.9132009185249118, 0.004098848258074452, 0.002906610459303841], [0.05575399786832895, 0.010641140971000041, 0.005186058179475667, 0.9284188028811954], [0.09610789006529986, 0.031202619598797617, 0.8433765596261037, 0.029312930609798806], [0.051921433798809404, 0.008609741463088814, 0.004608425096700008, 0.9348603995414018], [0.06574442163483024, 0.028277542123229443, 0.866098811397159, 0.0398792247447812], [0.12168241415679548, 0.8714655130100881, 0.0033456925642149312, 0.003506380168901465], [0.14633896756885423, 0.8421322855476383, 0.005674216934739102, 0.005854529848768352], [0.5825300226213493, 0.35889010988299974, 0.02519799887753139, 0.033381868518119535], [0.5729334976553444, 0.37574225835349995, 0.0141208014163075, 0.03720344247484814], [0.6178444222923087, 0.34658361575252267, 0.01571114410878339, 0.019860817746385248], [0.598000177651451, 0.3460985771384232, 0.015206441508299005, 0.040694803601826805], [0.5790222580661825, 0.3623447228873047, 0.020442074959211843, 0.038190943987301], [0.6043617634711032, 0.33376189565655984, 0.022013995466206537, 0.03986234530613039]], "ideal": "D", "sampled": "D", "correct": true}}
{"type": "result", "data": {"idx": 5, "options": ["m*v", "0.5*m/(R^3)", "0.5*m*(2GM/R)", "0.6*G(M^2)/R"], "probs": [[0.0982465365377773, 0.07188601947046032, 0.3825698180988225, 0.44729762579293986], [0.1063982377393272, 0.05607229738732179, 0.07544982292028347, 0.7620796418530675], [0.04460342949433142, 0.7544556253526951, 0.021738612860170484, 0.179202332192803], [0.0491963312818934, 0.8452413391715036, 0.059343633565251776, 0.04621869588135124], [0.06059517022237564, 0.621670988499814, 0.028624238813267203, 0.28910960236454325], [0.08171734395664364, 0.6950299894493925, 0.16252145532804013, 0.06073121116592372], [0.17646104402454335, 0.08467699763752896, 0.33488491908863915, 0.4039770391492885], [0.19899183954525512, 0.08426687308899766, 0.08426178434233673, 0.6324795029234105], [0.16889473227938143, 0.5367824254726955, 0.04074943301141725, 0.25357340913650583], [0.20148361316616872, 0.5145438678997062, 0.13422393197458152, 0.14974858685954354], [0.15368801123280346, 0.36299437275578134, 0.04543232544620184, 0.43788529046521335], [0.0873002604389943, 0.10207896465944254, 0.7085429202786874, 0.10207785452287581], [0.8440723009571515, 0.0574426027078338, 0.016201744932466757, 0.08228335130254796], [0.8197783078219842, 0.07507255532824252, 0.04482631301382608, 0.06032282373594717], [0.8560232822196278, 0.0522205810796236, 0.016952803956704454, 0.07480333264404414], [0.8216758002260093, 0.05505295223700537, 0.07763132105149421, 0.045639926385491136], [0.706828315862412, 0.22592595848582697, 0.021344630641906576, 0.04590109490985447], [0.7566928548612305, 0.19133106584912038, 0.019241769581665017, 0.03273430960798409], [0.5695385720183173, 0.06291338566384214, 0.022083616921942786, 0.34546442529589777], [0.5364853343011893, 0.08622700296325755, 0.2962853720594211, 0.08100229057613208], [0.4924884772738696, 0.06770517726835946, 0.031484097473781746, 0.4083222478839892], [0.16312280448868688, 0.03697492996438966, 0.7426358448046313, 0.05726642064229217], [0.4681088530005351, 0.4537297691863274, 0.024809469889409623, 0.05335190782372785], [0.4610805843389933, 0.4757432376545513, 0.02224980683588367, 0.04092637107057174]], "ideal": "C", "sampled": "C", "correct": true}}
{"type": "result", "data": {"idx": 6, "options": ["it was stripped away by the magnetic field when it rapidly decreased in strength", "it was broken into hydrogen and oxygen by ultraviolet light and the hydrogen was lost through thermal escape", "it was consumed by a civilization of thirsty Martians", "it was vaporized during a period of intense volcanism and was lost to space through thermal escape"], "probs": [[0.007573577627395045, 0.8223704661763533, 0.022612129952352115, 0.14744382614389953], [0.018739204153809443, 0.772344679593372, 0.15208778707325293, 0.05682832907956554], [0.0017636317546114526, 0.0068673749603176525, 0.8994881760324639, 0.09188081715260694], [0.003498944967108943, 0.010446656873478108, 0.7556174593396255, 0.2304369387197874], [0.023963007091595493, 0.5454565062572675, 0.36336900291288965, 0.06721148363824742], [0.009015316478577114, 0.4696977611048864, 0.021293043018724207, 0.4999938792978122], [0.8874801288987192, 0.02943487429449902, 0.007922400623707223, 0.07516259608307456], [0.8869153144657181, 0.0585018463197095, 0.023269897021095134, 0.03131294209347722], [0.8615840287426997, 0.03187880149706692, 0.01136689209674361, 0.09517027756348984], [0.39710531078523476, 0.055452015865100616, 0.5099233445379208, 0.03751932871174378], [0.9320121865155236, 0.05341015614904379, 0.004384137720057731, 0.010193519515374769], [0.9192848922597999, 0.06454560898697781, 0.005298179888314219, 0.010871318764908105], [0.001961026076191791, 0.007756260563965591, 0.8689584591585797, 0.12132425410126292], [0.006917372064582847, 0.017665786465953646, 0.603577491730934, 0.37183934963852944], [0.0005711053945225205, 0.9549668023039296, 0.0080081895885209, 0.03645390261302693], [0.0007545027020118301, 0.9375632202422064, 0.051266944789278464, 0.010415332166503283], [0.001050128245661169, 0.816601986533338, 0.013833396050025152, 0.1685144890709756], [0.0017859609515288933, 0.6560314025555062, 0.31973449974466495, 0.02244813664830002], [0.49860319110401125, 0.04860792934598849, 0.41990088622026434, 0.03288799322973592], [0.44259272435116903, 0.018848992215203496, 0.012954709591651367, 0.5256035737419761], [0.8965296720303766, 0.0860412548152612, 0.005415127491908882, 0.012013945562453273], [0.901548467804683, 0.08127979392728497, 0.005277848003371797, 0.011893890164660232], [0.490995813691154, 0.02444666905713748, 0.016032685219916777, 0.46852483193179173], [0.16148786395558995, 0.030345037859112124, 0.78261501318041, 0.025552084904887914]], "ideal": "B", "sampled": "B", "correct": true}}
{"type": "result", "data": {"idx": 7, "options": ["Lunar rocks are composed of fragments pulverized by many impacts.", "Radioactive dating of lunar samples shows that they are older.", "The Moon's surface is more heavily eroded than the Earth's surface.", "The Moon's surface has more impact craters than the Earth's surface."], "probs": [[0.001131631748557215, 0.997164500281352, 0.000938161635103354, 0.0007657062349874397], [0.0014742789744794707, 0.9960535734129407, 0.0016705883848440102, 0.0008015591277358713], [0.0005601845010314734, 0.0008951875913024976, 0.9971581564177912, 0.0013864713898748568], [0.0007902361444536921, 0.00042965681168202394, 0.0013233940688468235, 0.9974567128750175], [0.0006849729351644676, 0.001567949347311924, 0.9951620208084105, 0.0025850568091130674], [0.0006452078486150862, 0.0005783763708644057, 0.0009535553192206865, 0.9978228603612999], [0.9985219117416088, 0.0012445673936412693, 0.00011220167457148231, 0.00012131909017846646], [0.9976872738716707, 0.001956340029114898, 0.00019070152679690345, 0.000165684472417542], [0.9975189860430861, 0.0021149577264578732, 0.0001630885429056375, 0.0002029675875504092], [0.9932080608036363, 0.005814337812989963, 0.00040190146861619915, 0.0005756998147575425], [0.9890190088490984, 0.009848783450719654, 0.000521966358132733, 0.0006102412420492051], [0.9930624937538214, 0.0063848705698993325, 0.00026768511235222234, 0.0002849504639270038], [0.0005959845092619393, 0.000894697956804922, 0.9966152813764413, 0.0018940360574918086], [0.0015689183579709384, 0.000788924753677632, 0.001863142325797477, 0.995779014462554], [0.00036241241636401423, 0.9991493666752841, 0.0003248662055562263, 0.00016335460279571023], [0.0007543995356219332, 0.9979214155822863, 0.0009388708376623259, 0.0003853139444294565], [0.0017441857454171899, 0.0026183885290622074, 0.003309903107327096, 0.9923275225181936], [0.0008269769101023169, 0.0014514171474474026, 0.9960510614440807, 0.0016705443983695242], [0.0028645354267513713, 0.0030974077277106963, 0.9885164868726977, 0.005521569872840321], [0.021745337550891742, 0.00532912984429763, 0.0038987713145868246, 0.9690267611902238], [0.008975503834374952, 0.9899301814655977, 0.0007966310495435124, 0.0002976835504837673], [0.015418177459724354, 0.9841785422427128, 0.00031015319505885706, 9.312700250397688e-05], [0.017549670397997697, 0.003002511513266557, 0.006160595815122172, 0.9732872221736135], [0.0029280891500624534, 0.0012792275661727178, 0.9947648158579746, 0.001027867325790265]], "ideal": "B", "sampled": "B", "correct": true}}
{"type": "result", "data": {"idx": 8, "options": ["Iron", "Hydrogen", "Methane", "Helium"], "probs": [[0.27083355690128225, 0.5302708843243125, 0.049322199990179456, 0.1495733586842258], [0.2314493042636233, 0.3756848247295083, 0.3315353070498623, 0.06133056385700607], [0.14298041376502646, 0.07078206643919731, 0.2713302712069363, 0.51490724848884], [0.19830206921063998, 0.08799655382929931, 0.10287718188674969, 0.610824194973311], [0.29532260139794236, 0.24483307068333066, 0.38517165754119775, 0.07467267027752922], [0.17288809819778345, 0.15497629169714083, 0.04953285623368544, 0.6226027537713903], [0.17344019982272108, 0.7417125563007855, 0.021040778213110938, 0.06380646556338251], [0.18595068709035933, 0.7240489936357584, 0.04850818360881261, 0.04149213556506965], [0.33691303161596364, 0.064302120722995, 0.46051276303998945, 0.13827208452105189], [0.30393855854992846, 0.05449417070516876, 0.19932972788814998, 0.4422375427567528], [0.28584412482841237, 0.5095747245600234, 0.1482939162629719, 0.0562872342485923], [0.20868123586198062, 0.5944807220708259, 0.036834476433170685, 0.16000356553402278], [0.008284404996466776, 0.47402841554354525, 0.09936094431123352, 0.41832623504875444], [0.009384408102804331, 0.4738685539108512, 0.0354165490836561, 0.48133048880268836], [0.005719277985867844, 0.7728609413146702, 0.05686713733377437, 0.1645526432656876], [0.008107518169798648, 0.5256715626897603, 0.33939649030343316, 0.1268244287370078], [0.005405584077848649, 0.47162540453200946, 0.06585334476854915, 0.45711566652159275], [0.014142257485480645, 0.41330079449693263, 0.3218767504758278, 0.2506801974417589], [0.18202279235058536, 0.5784711750991162, 0.13739831539511113, 0.10210771705518737], [0.09571503704253778, 0.42896705222359593, 0.025761477262759812, 0.44955643337110646], [0.3835125395704732, 0.4212067864073604, 0.15018557514115669, 0.045095098781009674], [0.3411976174936695, 0.5367800712819075, 0.054835425047355044, 0.06718688607706794], [0.1363972523524094, 0.05341446945228231, 0.15946520269314707, 0.6507230754021612], [0.20536339699998407, 0.07917568418910752, 0.4347571503435428, 0.2807037683673656]], "ideal": "D", "sampled": "B", "correct": false}}
{"type": "result", "data": {"idx": 9, "options": ["Near-Earth asteroids gradually disintegrate and spread out along their orbital path. When the Earth passes through the orbit of an asteroid we are bombarded by sand-sized particles which cause a meteor shower.", "Near-Earth asteroids disintegrate as they enter Earth's atmosphere creating hundreds of bright meteors that appear to radiate from a single location in the sky.", "The nuclei of comets disintigrate as they enter Earth's atmosphere creating hundreds of bright meteors that appear to radiate from a central location in the sky.", "The nuclei of comets gradually disintegrate and spread out along the comet's orbital path. When the Earth passes through the orbit of a comet we are bombarded by sand-sized particles which cause a meteor shower."], "probs": [[0.9866354904335527, 0.010623298416159357, 0.0011373089910891182, 0.0016039020591987739], [0.9849065270069496, 0.013197719686129426, 0.0013067390175808386, 0.0005890141893401958], [0.9907222550890289, 0.006995795829015378, 0.0013351589297005584, 0.000946790052255124], [0.9852471471453489, 0.011292533838205672, 0.002024610906797774, 0.0014357080096476993], [0.9214229790918251, 0.07330766485057727, 0.0036497477796995034, 0.0016196081778980737], [0.9772465948588026, 0.020925904543632332, 0.0011442294955176754, 0.0006832710020473744], [0.38335295059632857, 0.612593746824087, 0.003368856723410097, 0.0006844457561743233], [0.3668496494766874, 0.614355604636213, 0.015141573264186154, 0.0036531725229134383], [0.5707807976894909, 0.11239414346973176, 0.3055212710067227, 0.011303787734054618], [0.5513378062824315, 0.11377577570610244, 0.32922185543262866, 0.0056645624788374625], [0.5792924445690644, 0.3981397642386312, 0.013204331216595526, 0.00936345987570893], [0.49570607331942856, 0.4957049110288744, 0.006961191425381086, 0.0016278241263160199], [0.5100215677686579, 0.4500917498038742, 0.031111164044375184, 0.008775518283092653], [0.5454800240155216, 0.34672916642465806, 0.08630699095268422, 0.021483818507136033], [0.5657075358471374, 0.18081246895409384, 0.2395372419052467, 0.013942753193522091], [0.2216962153595888, 0.05966994633971338, 0.7156630719246064, 0.0029707662760914072], [0.41233510311077587, 0.5814874598779339, 0.0035673931666861, 0.002610043744604168], [0.3912810970861125, 0.6060300453271208, 0.0021856743784199567, 0.0005031831083467394], [0.9906885391918392, 0.008051825983157202, 0.0007607255526953585, 0.0004989091723081881], [0.9861732085262186, 0.012221599879437979, 0.0010847231562002145, 0.0005204683381431966], [0.9855973487198461, 0.011474448221920978, 0.0018440869947645268, 0.0010841159634684475], [0.9961863877487069, 0.0031706551907192664, 0.0003906974266358296, 0.00025225953393793793], [0.9953220251007372, 0.004131729151096162, 0.00037834952504597853, 0.00016789612312065593], [0.9915076281285101, 0.006680735773144552, 0.0007379311698971203, 0.0010737048284481646]], "ideal": "D", "sampled": "D", "correct": true}}
{"type": "result", "data": {"idx": 10, "options": ["Radiation pressure from the Sun's light pushes the ions away.", "The conservation of the angular momentum in the tail keeps it always pointing away from the Sun.", "The ions are following Keplerian orbits that lead away from the Sun.", "The solar wind electromagnetically \"blows\" the ions directly away from the Sun."], "probs": [[0.4965091550658369, 0.13787858751775067, 0.03486049690294894, 0.3307517604134635], [0.5643201028336938, 0.15188841822097449, 0.23524576072962655, 0.048545718115705176], [0.5159698051298794, 0.0766939658342503, 0.05270966808403437, 0.3546265608518359], [0.6120338716175282, 0.06975165390075916, 0.13444656921229886, 0.18376790516941377], [0.6562976983195872, 0.1851208847230524, 0.08608778757682377, 0.07249362928053658], [0.6415263068631492, 0.18669775856776102, 0.02863063588683728, 0.14314529858225253], [0.6144740741134579, 0.18450153353273147, 0.050439124374538305, 0.15058526787927237], [0.7858032623255412, 0.10802309194453631, 0.031931066484945245, 0.07424257914497727], [0.5049654207248766, 0.1010020218613919, 0.08774994992518641, 0.3062826073885451], [0.4776683604934469, 0.10170541399578212, 0.23646483608310578, 0.1841613893276652], [0.8502039064817893, 0.0999691452718417, 0.01737183030927111, 0.03245511783709781], [0.6639261121397738, 0.23673323843620364, 0.04311172955961556, 0.05622891976440705], [0.11059480574828683, 0.2131875689654676, 0.33018304910388707, 0.3460345760823585], [0.14948706327373995, 0.15184809266002425, 0.15184307096870242, 0.5468217729975334], [0.10430044090152521, 0.5638601267349143, 0.11102841958825768, 0.22081101267530284], [0.09761575154328965, 0.5444784326151451, 0.25718832779900275, 0.10071748794256258], [0.161973733753431, 0.07301023112183803, 0.03907812124321171, 0.7259379137815193], [0.12866116963037827, 0.12087452320384329, 0.6333134722574527, 0.11715083480832572], [0.44722987882902304, 0.05511169340326466, 0.4136252258909832, 0.08403320177672903], [0.6051704264379466, 0.06086480594240638, 0.029662553107519442, 0.30430221441212757], [0.6178701176493818, 0.33072556417101384, 0.022505895223322175, 0.02889842285628213], [0.6721080202925949, 0.1986768443604164, 0.0277411905107992, 0.1014739447361895], [0.5764092931262511, 0.057972238757749095, 0.03201460164497876, 0.333603866371021], [0.5758582477109897, 0.06986114554546578, 0.18405549208014635, 0.1702251145633982]], "ideal": "D", "sampled": "B", "correct": false}}
{"type": "result", "data": {"idx": 11, "options": ["By observing the duration of a solar eclipse.", "By measuring the size of Earth's shadow on the Moon in a lunar eclipse.", "By comparing the maximum altitude of the Sun in two cities at different latitudes at the same time on the same day.", "By sending fleets of ships around Earth."], "probs": [[0.00022677683131934554, 0.0005882337469635764, 0.9990718392664011, 0.0001131500553160065], [0.00025608557069366157, 0.0028406375296391134, 0.0012803202566045553, 0.9956229565430627], [5.307497947688228e-05, 0.9999086445643042, 3.676283517710834e-05, 1.5175210417921396e-06], [5.6938928332447335e-05, 0.9998699071235326, 6.976073679971673e-05, 3.393111335195043e-06], [0.0003095101299987867, 0.00031440094143648167, 0.0017810682915200937, 0.9975950205370446], [0.00020812182751674276, 0.00041068886920433674, 0.9991579012106111, 0.00022328799266777677], [0.00019099327292156743, 0.00039808381721192837, 0.999216913594128, 0.00019400921573845334], [0.00017117869682495022, 0.00024521748486911073, 0.0005190836732136293, 0.9990645200450923], [8.092012308729836e-05, 0.9997952013121922, 0.00011773490438991992, 6.143560330566892e-06], [8.479952154187398e-05, 0.9997465701374405, 0.000158422181223813, 1.0208059793828878e-05], [0.00028213834040044993, 0.00024134120389942846, 0.0007204550456888982, 0.9987560653100113], [0.0002843070841524214, 0.0005523416911157083, 0.9985934950376432, 0.0005698560870887395], [0.99880775098839, 0.001098675278208778, 8.605315069550005e-05, 7.520482705658525e-06], [0.9987999853727151, 0.0010648644061221752, 0.00010299144141973729, 3.215867974301956e-05], [0.998285809151078, 0.0015977116245720225, 0.00010872403415852585, 7.755090191460069e-06], [0.9976166293814341, 0.002115208634614745, 0.0001952108773339403, 7.295100661714451e-05], [0.996915700592041, 0.0024712097428386645, 0.00039714839759911157, 0.0002159411675211938], [0.9966521890009397, 0.0026713073400778256, 0.00041609759018115984, 0.00026040596880139134], [9.144358394362281e-05, 0.0009235952670681785, 0.11908100456586969, 0.8799039564831185], [7.594361345851335e-05, 0.0008293327216393738, 0.9988378053456882, 0.00025691821921386074], [0.00011267422463174758, 0.026308083085642, 0.001708254514029436, 0.9718709880756968], [9.445920669554887e-05, 0.0013665526128129335, 0.9982613547486907, 0.0002776333318008082], [4.331407794262987e-05, 0.9998078066189666, 0.0001253294145229081, 2.3549788567832223e-05], [4.006021522491197e-05, 0.9998441440914523, 0.00010070861856891729, 1.5086974753876256e-05]], "ideal": "C", "sampled": "C", "correct": true}}
{"type": "result", "data": {"idx": 12, "options": ["a dwarf galaxy orbiting the Milky Way.", "the closest planetary nebula to the Earth.", "a bright star cluster discovered by Magellan.", "the outer arm of the Milky Way named after Magellan."], "probs": [[0.9998397710502119, 0.00011774419381923681, 2.885410460399812e-05, 1.3630551364794612e-05], [0.9998822338979219, 8.61478049053571e-05, 2.195207189833218e-05, 9.666125274394828e-06], [0.9998667669419703, 0.00010230069722084637, 2.178083705126691e-05, 9.151423757587042e-06], [0.9998984897193628, 7.602603247373851e-05, 1.7777595317064968e-05, 7.706552846351638e-06], [0.9998876531437503, 8.750436836217867e-05, 1.8198944736377105e-05, 6.643443151133204e-06], [0.9998835309146248, 9.028123312627557e-05, 1.8776570558495433e-05, 7.411181690395676e-06], [0.00013131797338779554, 0.999616805227512, 0.0001971332476238343, 5.474345147644911e-05], [0.00012146063559228637, 0.9997094656326809, 0.00013763399035395974, 3.143964137279038e-05], [0.0004637189020504053, 0.0012605417033225224, 0.9956892851875953, 0.002586454107031793], [0.0005424369156567227, 0.0006243450590723733, 0.0026285887035131126, 0.9962046292217578], [0.0006251605082863488, 0.0010147515915110148, 0.9975318677760447, 0.0008282200241578975], [0.0005344357475692246, 0.00045004459063616446, 0.002048715301997381, 0.9969668042597972], [0.00017671639822829024, 0.999663208472462, 0.00013339356977244005, 2.6681459537187983e-05], [0.00010719333302813538, 0.9997482646271753, 0.00012532234975450496, 1.9219590042070376e-05], [0.0020439651100032405, 0.0013197070673922626, 0.9946859224667545, 0.0019504052558500051], [0.002244362466774422, 0.0005586723793218208, 0.002749871808144104, 0.9944470932457596], [0.0009086347878193781, 0.0018937797080796686, 0.9964674619962292, 0.0007301234078717691], [0.0018886305160017835, 0.0015175752446422238, 0.0028351948019656147, 0.9937585993373903], [0.00013134159191305765, 0.9997879871677823, 7.030235743553895e-05, 1.0368782869106743e-05], [9.609350424700818e-05, 0.9998071692702677, 8.48025707943769e-05, 1.1934554690863606e-05], [0.0018935008478504535, 0.0011306833776785741, 0.9963415530282697, 0.0006342626462013519], [0.002109335710427862, 0.0006741961617170667, 0.0023166704648204936, 0.9948997975630346], [0.0011664435314645495, 0.0018350984910186184, 0.9962453286954158, 0.0007531291821010082], [0.0033617717691823497, 0.001588013118134625, 0.0027870304972279643, 0.992263184515455]], "ideal": "A", "sampled": "A", "correct": true}}
{"type": "result", "data": {"idx": 13, "options": ["Actually water-ice is all over Mercury and not just at the poles.", "The pole is the only place fortunate enough to have had comet impacts", "Radar from the earth can only see Mercury's poles.", "These craters contain the only permanently shadowed regions on Mercury"], "probs": [[0.03799666829400398, 0.030583405807194597, 0.03801758952427908, 0.8934023362745224], [0.00600060194859652, 0.016070612476759793, 0.8910901935636616, 0.08683859191098213], [0.015559927689254856, 0.016593635219671752, 0.018779253742654694, 0.9490671832484187], [0.011104707771036091, 0.02143131793642538, 0.9110451903984259, 0.056418783794112574], [0.0007351938111402294, 0.987899085536321, 0.008546812121673608, 0.0028189084308651064], [0.002013951646703293, 0.9801711959433864, 0.013550182591104385, 0.004264669718805941], [0.041673701989767754, 0.011396051585023607, 0.041677058476385725, 0.9052531878488229], [0.01108446397494126, 0.006830574695835039, 0.9086595442748733, 0.07342541695435043], [0.026849890500181703, 0.009136767253345304, 0.01733647869730898, 0.946676863449164], [0.03437862493679917, 0.02290976758206617, 0.8462775818711988, 0.09643402550993586], [0.0044374699264514905, 0.9733778346106581, 0.012641389062944156, 0.009543306299946243], [0.01356479393488693, 0.9363218919944992, 0.0398720630539744, 0.010241250916639476], [0.010279397002577424, 0.004359475995047963, 0.014502271718625665, 0.9708588551837489], [0.011333008092605215, 0.008299897957408582, 0.94434005120589, 0.03602704264409613], [0.012831411395651098, 0.004873708271298729, 0.009100562672568577, 0.9731943175604816], [0.017181647747732103, 0.016153624099141013, 0.9241252437338884, 0.0425394843192385], [0.007661328987473109, 0.9726805522919719, 0.013873622518763994, 0.005784496101791006], [0.001659424819234149, 0.9895120621432185, 0.008168187727502198, 0.0006603252100450865], [0.9593666257453665, 0.019001908722308506, 0.012077217999141425, 0.009554247433183578], [0.9418280228567335, 0.031241543821170004, 0.018652833023516942, 0.008277600198579569], [0.9686585852590278, 0.0194870416943731, 0.005327150191078026, 0.006527222755521093], [0.9778413241130747, 0.01556233884005134, 0.004389166127759768, 0.002207170819114248], [0.9434791035026798, 0.040815605967969765, 0.008036482932442494, 0.007668807496907955], [0.9672073227018685, 0.023842281766723712, 0.006316868807171104, 0.0026335266242367267]], "ideal": "D", "sampled": "D", "correct": true}}
{"type": "result", "data": {"idx": 14, "options": ["Virgo", "Laniakea", "Sculptor", "Bo\u00f6tes"], "probs": [[0.0006760746668353457, 0.9976640035238254, 0.0008817620363971728, 0.000778159672942041], [0.0005876854286424323, 0.9981766334414947, 0.0007088802251350419, 0.0005268008047279029], [0.0013631648214801602, 0.0007767138657174722, 0.9958137576120939, 0.002046363600708472], [0.0013011959492573609, 0.0003846357318373401, 0.0021453078553832954, 0.996168860363522], [0.0012419177094117031, 0.0008273011882012429, 0.9964091419312717, 0.0015216390711153198], [0.0013633732535470076, 0.000415808407368194, 0.002247821087885121, 0.9959729971511997], [0.9977116755680531, 0.0005693455557075885, 0.0006553082606315982, 0.0010636705156077573], [0.9980757955257837, 0.0004948360494366014, 0.0005876285443809149, 0.0008417397803987528], [0.9981556232644262, 0.00036776130223472995, 0.0005520703763265321, 0.0009245449570124814], [0.9970835448635834, 0.0004098251229696457, 0.0005514767254503955, 0.001955153187996573], [0.998282731192036, 0.0004506475549711902, 0.0005351525298729262, 0.000731468623119866], [0.9968260600660964, 0.0005260905906713354, 0.0005343715613251724, 0.002113477681907017], [0.0007652588974550327, 0.0008146186474801511, 0.9965843530915279, 0.0018357692635368782], [0.0009221204883740674, 0.0006337668491534465, 0.002885056310586786, 0.9955590562518857], [0.0003974773401277518, 0.9977483455795674, 0.0010636950932648773, 0.0007904818870400048], [0.00037917899141959516, 0.99749292178167, 0.0010971811925827594, 0.0010307179343275606], [0.0010607480432265693, 0.0004707071733744879, 0.003478052827415075, 0.9949904918559839], [0.0010429106835580155, 0.0010429201131996698, 0.9936584256069865, 0.004255743496255846], [0.0009983491835865849, 0.0007897644369919118, 0.9968472966235642, 0.0013645896558573168], [0.0009518963615315865, 0.0006050657976210141, 0.0023559628095500833, 0.9960870749312973], [0.00048705994502976855, 0.997871832921166, 0.0009099406420936336, 0.0007311663917105424], [0.0004296425268398969, 0.9974368764584658, 0.0009095449851357614, 0.0012239359295585013], [0.0009974156533314204, 0.00040934138013757585, 0.002669217987108925, 0.9959240248794221], [0.0013818397688680581, 0.0009350088634294702, 0.9938076686912874, 0.003875482576414991]], "ideal": "B", "sampled": "B", "correct": true}}
{"type": "result", "data": {"idx": 15, "options": ["Venus", "Mars", "Jupiter", "Saturn"], "probs": [[8.465593003606815e-05, 0.0011870569432965797, 0.9980929004385789, 0.0006353865880884531], [9.650008756527431e-05, 0.0017510806425791064, 0.0019231689280755067, 0.9962292502417801], [3.7049077929245614e-05, 0.9998520222453396, 6.761324099582995e-05, 4.3315335735255e-05], [4.610886853359871e-05, 0.9998648382869171, 6.604778315736922e-05, 2.3004961391931907e-05], [0.00012378211675980304, 0.003533670567625824, 0.0011294215608138687, 0.9952131256548005], [0.000140255566090901, 0.0044667325519610465, 0.995159951457807, 0.00023306032414102096], [0.000124227070690277, 0.0004235562460065005, 0.998796201630709, 0.0006560149525941678], [8.724508504206698e-05, 0.0004362009925463297, 0.0025101404791040734, 0.9969664133433075], [3.733879328390362e-05, 0.9998273212096616, 7.425689072537455e-05, 6.108300632918212e-05], [3.792844586136402e-05, 0.9998721663078883, 7.253987697552333e-05, 1.7365269274790122e-05], [0.00010201810475155164, 0.06946585600989397, 0.0009908755700152195, 0.9294412502153393], [0.00011380168330794797, 0.010324528339389571, 0.9893226226653524, 0.00023904721195006112], [0.9988020324654591, 0.0004438925968197225, 0.00020164690121372242, 0.0005524279365075021], [0.9992726071792638, 0.0003513131473714054, 0.00016465684023938857, 0.00021142273312538907], [0.9991603292706213, 0.00037981740070990803, 0.00015466340730549248, 0.00030518982136330775], [0.9994449965923794, 0.00034592565016547074, 0.00012626860318735962, 8.280905426775911e-05], [0.9991752950443187, 0.000495383101018608, 0.00016723361952511066, 0.00016208813513764867], [0.9992458545914654, 0.0004954171168246665, 0.0001464449323732139, 0.00011228325933670052], [0.0012048084112312217, 0.0006153641406272066, 0.0008543409184590362, 0.9973254864296826], [0.0012831964800149502, 0.0006976739913650721, 0.9978622355271246, 0.0001568939014953322], [0.001078497377211781, 0.0020466507253193984, 0.0009224917667828418, 0.995952360030686], [0.0007310074555531337, 0.001431263451027326, 0.9976771440791257, 0.00016058491429386682], [0.0001910789615999189, 0.9996734456717947, 8.282673095736204e-05, 5.264853564801036e-05], [0.000166019570744114, 0.9997169121020553, 7.541788449622552e-05, 4.16503427043416e-05]], "ideal": "C", "sampled": "C", "correct": true}}
