{"type": "result", "data": {"idx": 0, "options": ["an average of 10 times, with an rms deviation of about 4", "an average of 10 times, with an rms deviation of about 3", "an average of 10 times, with an rms deviation of about 1", "an average of 10 times, with an rms deviation of about 0.1"], "probs": [[0.5456013414730754, 0.3361394242240649, 0.06829148944607917, 0.04996774475678059], [0.49980261544502635, 0.34892382954353834, 0.1150639793529485, 0.036209575558486785], [0.6280678533435177, 0.25776171777711243, 0.058420539114074126, 0.055749889665295795], [0.5859230952619746, 0.24809990162491513, 0.12671819752850463, 0.03925880548460559], [0.522997668506471, 0.4335847125844279, 0.025237826204867322, 0.018179792604233785], [0.5916803412477529, 0.3588762838905217, 0.028552144443903586, 0.02089123031782178], [0.55008943112854, 0.26809925437494664, 0.11712349466829358, 0.06468781972821976], [0.47391870789675805, 0.2458726772638879, 0.2458744505020764, 0.034334164237277635], [0.548479736818063, 0.3769671625583039, 0.02952657831449319, 0.04502652220913987], [0.5284093179296335, 0.335882882319565, 0.10085123331883052, 0.0348565663319709], [0.4696098736775012, 0.49215217090653496, 0.022661517691223626, 0.01557643762474023], [0.5565940716432966, 0.39469006506619997, 0.02996339637500152, 0.018752466815502012], [0.5593039171861738, 0.2405595344439676, 0.12676534905423764, 0.07337119921562091], [0.3782882370889673, 0.17051331601907627, 0.4220256185368929, 0.029172828255063503], [0.6400779246614828, 0.2467762735695128, 0.039045444162552956, 0.07410035750645141], [0.3985076449774316, 0.17410097592946205, 0.39852111562682324, 0.028870263366283132], [0.39721811997548573, 0.5429385465716347, 0.03364116425896535, 0.026202169093914308], [0.42302798367858757, 0.5264736082153816, 0.03161721462750315, 0.01888119337852773], [0.8662130477776588, 0.08312900595827426, 0.028283105087891478, 0.02237484107617545], [0.8745514013627304, 0.0879569471964098, 0.021220506342192944, 0.01627114499866685], [0.9155634632204926, 0.06038855755061588, 0.00804598349248067, 0.01600199563641083], [0.8567241381552677, 0.09029934503930445, 0.03823494889446055, 0.014741567810967313], [0.8639661152664442, 0.09543282539221487, 0.016844836448465995, 0.023756222792874936], [0.8697916443249596, 0.09758908573062065, 0.01643663378761166, 0.016182636056808128]], "ideal": "B", "sampled": "D", "correct": false}}
{"type": "result", "data": {"idx": 1, "options": ["500 nm", "550 nm", "600 nm", "650 nm"], "probs": [[0.22659645297060058, 0.4797277009088576, 0.21287613470582878, 0.08079971131471306], [0.2138047249968336, 0.47436977134922637, 0.22407475445525368, 0.08775074909868634], [0.21088320562146856, 0.37596948250485157, 0.3165907419935341, 0.09655656978014573], [0.20885080653497587, 0.4285593436873847, 0.2121483886559476, 0.15044146102169187], [0.2083795132541748, 0.3832968587282517, 0.29850680522636125, 0.10981682269121225], [0.21264314015636884, 0.40990902747856217, 0.23355457978432598, 0.14389325248074297], [0.33360890791013853, 0.45601103307159463, 0.12862134797814664, 0.08175871094012019], [0.3295818044567245, 0.4505058627238199, 0.13526408675295692, 0.08464824596649861], [0.3124258820514616, 0.28008293835311376, 0.30283284137220967, 0.10465833812321496], [0.3613585665966776, 0.39074118396983654, 0.12104345562750593, 0.12685679370597994], [0.3532207248676246, 0.2794440277758659, 0.2544295064095457, 0.11290574084696377], [0.3437728583468941, 0.31303027269094125, 0.20210202036267097, 0.14109484849949372], [0.263109403583804, 0.4475897254221147, 0.19250213898670324, 0.09679873190737796], [0.24339634903012652, 0.4407579135679893, 0.18956392076396494, 0.1262818165379192], [0.23142098516068604, 0.39368824680354275, 0.270573129083982, 0.10431763885178923], [0.2547595012857442, 0.4266681650846579, 0.1863940219101164, 0.13217831161948157], [0.2536124511223008, 0.25363882617682526, 0.3412952023017288, 0.15145352029914516], [0.22194105878706175, 0.2940513754238919, 0.33844158095685006, 0.1455659847321962], [0.2660983701492595, 0.4057748166149832, 0.21719256722272973, 0.1109342459130275], [0.2641972123208439, 0.40921871699258583, 0.18735138417477695, 0.1392326864117933], [0.261646244822299, 0.4247168067375806, 0.22033767728297438, 0.09329927105714604], [0.2515589146625423, 0.4147728135902472, 0.19900808040249582, 0.13466019124471465], [0.26231694853809373, 0.3757761380496827, 0.22791692064656244, 0.13398999266566117], [0.2632362701174398, 0.40773194474267266, 0.19871043851238834, 0.13032134652749916]], "ideal": "C", "sampled": "B", "correct": false}}
{"type": "result", "data": {"idx": 2, "options": ["There are no changes in the internal energy of the system.", "The temperature of the system remains constant during the process.", "The entropy of the system and its environment remains unchanged.", "The entropy of the system and its environment must increase."], "probs": [[0.09299183982395443, 0.06195172525142971, 0.8288953612249461, 0.016161073599669767], [0.11089657825766813, 0.06418947779208055, 0.8068086383905554, 0.018105305459695933], [0.180699135684727, 0.7373987279034602, 0.06752428069180212, 0.014377855620010708], [0.1845940809511029, 0.7076552552392475, 0.10036517739444693, 0.007385486315202573], [0.18944009140504672, 0.6510068347289134, 0.13225810573345595, 0.0272949680325839], [0.16952459107977014, 0.44667930374901904, 0.3703071954877815, 0.01348890958342933], [0.12018761479014728, 0.056778902199554296, 0.8086773954638958, 0.014356087446402568], [0.19491935719874684, 0.09065871431539223, 0.6911388441842274, 0.023283084201633438], [0.14374841554110226, 0.8272558934203942, 0.024980434808043243, 0.004015256130460325], [0.19183153560886798, 0.7469827220202871, 0.05582757732691869, 0.005358164943926173], [0.22847213657978888, 0.6928763182401292, 0.05178397739059521, 0.026867567689486734], [0.23534390963271043, 0.3424584144794854, 0.406673237770868, 0.015524438016936176], [0.9727690395568925, 0.019876456247136628, 0.003734638283424492, 0.003619865812546297], [0.9674135383916427, 0.025381498173275324, 0.004844057509548659, 0.0023609058255333213], [0.9706795605622838, 0.02212614282460874, 0.0039054596968849994, 0.0032888368162224593], [0.9372160497393349, 0.03929387554419641, 0.01914972144161426, 0.0043403531748544555], [0.9748522956065427, 0.020551361811432037, 0.003302862043721163, 0.0012934804383040676], [0.9748448422366014, 0.02055121395319369, 0.003407677552659201, 0.0011962661575457105], [0.6786859034813257, 0.1490985900014552, 0.06313002108896287, 0.10908548532825618], [0.31494894209960234, 0.07139073218485734, 0.5977312843944701, 0.015929041221070153], [0.7506287757974257, 0.13250171199035143, 0.043693178030314805, 0.07317633408190809], [0.2824491444434131, 0.06402217333777811, 0.636564824658257, 0.0169638574605517], [0.3975712454823437, 0.5784849067949627, 0.02010620061364242, 0.0038376470090511795], [0.39981957009356395, 0.5727375565176925, 0.024389865970446897, 0.0030530073182966455]], "ideal": "C", "sampled": "C", "correct": true}}
{"type": "result", "data": {"idx": 3, "options": ["a dye laser", "a helium-neon laser", "an excimer laser", "a ruby laser"], "probs": [[0.02243884024872344, 0.018603396959687, 0.9541800323963209, 0.004777730295268721], [0.1373809369995038, 0.06696194113611223, 0.5266637558706481, 0.2689933658937359], [0.04385251176346424, 0.9523883455456191, 0.0033291503764333354, 0.00042999221448328793], [0.047194820644934965, 0.947946727069566, 0.004672923761809957, 0.0001855284236891386], [0.10414339368173502, 0.039530529684408316, 0.03713416224791934, 0.8191919142859373], [0.05232261181411775, 0.041395441951460124, 0.8989756762692983, 0.007306269865123763], [0.01501854650470792, 0.28786041471879736, 0.6798340474928858, 0.01728699118360887], [0.021833429964873672, 0.8193162403286516, 0.11262702636256988, 0.04622330324390488], [0.012792686487665903, 0.7792082725687626, 0.20011722313549252, 0.007881817708078978], [0.01626704043901205, 0.9603304775148882, 0.01413321865483391, 0.009269263291265881], [0.02298562513186661, 0.08023539528456794, 0.7853899933803911, 0.11138898610317433], [0.026224290106119978, 0.07588972984518812, 0.7785026093756006, 0.11938337057309135], [0.5225973909744875, 0.46846111281888714, 0.007225157016683529, 0.0017163390899417874], [0.4379675541366477, 0.5536512329910693, 0.007535612008271992, 0.0008456007640109705], [0.5453646819147834, 0.049170054856763075, 0.3807417778345313, 0.024723485293922216], [0.8243939399710457, 0.05972122428088596, 0.023386508736317372, 0.092498326911751], [0.6109547898938309, 0.043575061647290594, 0.33218099230284054, 0.013289156056038002], [0.8610835299062363, 0.044233349369637916, 0.014586240432084115, 0.08009688019204168], [0.04529729891336954, 0.6156331942034535, 0.0246280619822257, 0.3144414448009512], [0.021465976908607236, 0.2963477229360979, 0.6783374305014127, 0.003848869553882094], [0.015169173125463837, 0.015169822257323065, 0.9385350703999059, 0.03112593411730712], [0.022938395557635348, 0.025194675431712537, 0.9163379924294992, 0.03552893648115285], [0.03316355348479711, 0.5787518415991715, 0.38552710041934707, 0.002557504396684314], [0.03164639872695923, 0.9542148713415982, 0.007400231908159316, 0.00673849792328323]], "ideal": "A", "sampled": "C", "correct": false}}
{"type": "result", "data": {"idx": 4, "options": ["The Heisenberg uncertainty principle", "The Pauli exclusion principle", "The Bohr model of the atom", "Nuclear hyperfine coupling"], "probs": [[0.21861622889466442, 0.7395893220951439, 0.03568864558572444, 0.006105803324467167], [0.22401108846858073, 0.7345319717923784, 0.0332968883166792, 0.008160051322361719], [0.15817646027998689, 0.05640333602733056, 0.7665280038762086, 0.018892199716473948], [0.3152331995826394, 0.09465802424699447, 0.04541441408308782, 0.5446943619872783], [0.26357762235599547, 0.0855810435758677, 0.6128675526080002, 0.03797378136013666], [0.35384915725455496, 0.11310639694755595, 0.05686980345860589, 0.4761746422392832], [0.9692933650977722, 0.02426634565566151, 0.003961328454481691, 0.0024789606920845534], [0.9650376780275866, 0.02737673485993192, 0.004264420251429304, 0.003321166761052265], [0.9728218887190184, 0.021492952423716516, 0.00334791512268945, 0.0023372436345756244], [0.9718057170603306, 0.021808604872211333, 0.0032925753624660358, 0.003093102604991996], [0.970393083456752, 0.023546526737953523, 0.0034998323158315775, 0.0025605573894629057], [0.9708587991244181, 0.022130455520685908, 0.003669556878877254, 0.003341188376018788], [0.1300204256793508, 0.057700574822173493, 0.7965050398246536, 0.01577395957382206], [0.261178319524529, 0.17399825478092038, 0.04538681814713682, 0.5194366074474138], [0.039920967168175725, 0.9522168063156672, 0.007046505360101229, 0.000815721056055895], [0.036355326499163614, 0.9524014247508547, 0.009192144165576822, 0.002051104484404871], [0.3444232652221353, 0.1732083564711773, 0.07333385109172719, 0.40903452711496024], [0.1259840554248462, 0.050907137781745875, 0.7962841242447655, 0.026824682448642397], [0.4491790931039192, 0.11537172902052621, 0.39027164254767294, 0.04517753522788169], [0.6107553652569716, 0.14507954793996145, 0.06641825733239103, 0.17774682937067587], [0.08659411809761947, 0.902350808554709, 0.009565070206370542, 0.0014900030413010832], [0.05505902802372089, 0.9312703198961145, 0.011362212936456846, 0.0023084390437077477], [0.6310979488196954, 0.12822791455044882, 0.0708090263977981, 0.16986511013205766], [0.17214250515619461, 0.05677163331150188, 0.7477878958178847, 0.023297965614418784]], "ideal": "B", "sampled": "B", "correct": true}}
{"type": "result", "data": {"idx": 5, "options": ["1/2", "1", "3/2", "5/2"], "probs": [[0.2879682225888327, 0.22782346943459766, 0.35839433008416277, 0.12581397779240688], [0.3588724892468619, 0.2317283703927697, 0.082617435564069, 0.3267817046962994], [0.2991389818511167, 0.4780607939010829, 0.14352981210071233, 0.07927041204708807], [0.3900483221167068, 0.46322762616392255, 0.06367333185279414, 0.08305071976657653], [0.43658369124660557, 0.16315714770179873, 0.1395414748716664, 0.2607176860799293], [0.3864147960753264, 0.08100769668007443, 0.4378772377529957, 0.09470026939160343], [0.05436964373022248, 0.8116006910853651, 0.10000294520453161, 0.03402671987988071], [0.04878664143456848, 0.8382280090641046, 0.050336030688140604, 0.06264931871318631], [0.0686963811901742, 0.5575742249581146, 0.32267186763647776, 0.05105752611523342], [0.07842964955799385, 0.7213062213351504, 0.11411664698671681, 0.08614748202013889], [0.09553558022558571, 0.3606117233045499, 0.383833572832349, 0.1600191235375154], [0.086335109605242, 0.34152314826835395, 0.4595229429930539, 0.11261879903335015], [0.31093404736392144, 0.5900889832338719, 0.0662019200401015, 0.032775049262105095], [0.2691094925192133, 0.6661011104010978, 0.0321404865378129, 0.032648910441875977], [0.3066249054382378, 0.16673231867975177, 0.46032390916256744, 0.06631886661944303], [0.32316883913669603, 0.22563463111, 0.07919619858670718, 0.37200033106659675], [0.36400832095045177, 0.09952571542195898, 0.4601606818501632, 0.07630528167742608], [0.40461693415818406, 0.17956965204975356, 0.2305476584963223, 0.18526575519574007], [0.19191726957510535, 0.5299445551894388, 0.15421292410483975, 0.12392525103061602], [0.17039925620040652, 0.5764990706090389, 0.184248440735174, 0.06885323235538052], [0.1747544932825971, 0.2175210662350571, 0.4127428119697953, 0.19498162841255048], [0.1555683910691142, 0.15804430840819153, 0.5181569456535982, 0.16823035476909615], [0.18338792980651644, 0.45394059398391445, 0.2930590960940741, 0.06961238001549497], [0.15740937544861647, 0.5494715839389894, 0.18987560628687353, 0.10324343422552061]], "ideal": "C", "sampled": "A", "correct": false}}
{"type": "result", "data": {"idx": 6, "options": ["V_0/5", "V_0/3", "V_0/2", "2V_0/3"], "probs": [[0.2252279817832786, 0.4274240135719121, 0.21492689845796897, 0.1324211060868403], [0.22092400159825984, 0.4750779497881808, 0.17206392924161806, 0.13193411927194126], [0.2124425540487161, 0.5958224908477854, 0.10035461557567109, 0.09138033942782742], [0.21726832277244956, 0.5462287785958869, 0.13386114239533822, 0.10264175613632526], [0.14987450948255454, 0.4991807378268305, 0.28443062514523465, 0.06651412744538031], [0.15020624284541442, 0.5242938643270602, 0.24382458479930594, 0.08167530792821945], [0.2976334944422412, 0.2391698920611302, 0.2586050590822022, 0.2045915543144264], [0.27434495906306533, 0.22045767962092, 0.3361552159496327, 0.16904214526638192], [0.31669730504012805, 0.4754296178002891, 0.055901824219353954, 0.1519712528402289], [0.2925855873348677, 0.41912433046107717, 0.21075162052291269, 0.07753846158114239], [0.37540001512439186, 0.4059205741607662, 0.0716486961691412, 0.14703071444570073], [0.3809460912052449, 0.36351590532491546, 0.17441811766031867, 0.08111988570952096], [0.2974164098973759, 0.2624827246855655, 0.2624827246855655, 0.1776181406314931], [0.30028340664905667, 0.25686085604335507, 0.28210473478155673, 0.16075100242603155], [0.35056818311660964, 0.33979377906635927, 0.0832688603452516, 0.2263691773717795], [0.32186003796830737, 0.3882508190723995, 0.20459444361530726, 0.08529469924398583], [0.23107880351616825, 0.5630789994630402, 0.07620382308197923, 0.12963837383881227], [0.23054016780723188, 0.4805101382175865, 0.23418388909465862, 0.054765804780523], [0.3275309654356402, 0.21148419922781223, 0.3327069729513872, 0.12827786228516036], [0.4431670639568225, 0.28170485602751505, 0.12897119646146452, 0.146156883454198], [0.3969951476424123, 0.4940810530837361, 0.03992791979192743, 0.06899587938192414], [0.4152008433850934, 0.4854297204160572, 0.04047399149529434, 0.05889544460355505], [0.4510949837286239, 0.38585110958334523, 0.04536804471179441, 0.11768586187623645], [0.3969675538719626, 0.35033406911768356, 0.16548571975279336, 0.0872126571575605]], "ideal": "D", "sampled": "D", "correct": true}}
{"type": "result", "data": {"idx": 7, "options": ["0.25mc^2", "0.60mc^2", "0.67mc^2", "1.25mc^2"], "probs": [[0.2720634063214945, 0.3661200133055898, 0.31808829541369515, 0.043728284859220486], [0.29828346974945624, 0.39517796660417526, 0.07781420183511063, 0.22872436171125785], [0.29960998554947765, 0.3502986391622604, 0.29962417145477427, 0.05046720373348769], [0.3601630383394066, 0.42108959582840966, 0.07092239067623672, 0.147824975055947], [0.31048713981903964, 0.2004793256606446, 0.32540093808501996, 0.1636325963352958], [0.322211637563595, 0.19852235308639404, 0.3172296427124744, 0.16203636653753656], [0.651630141279983, 0.20505241360151746, 0.0854776398405683, 0.05783980517793122], [0.6379108428317167, 0.21036796269697314, 0.04919151961311521, 0.10252967475819491], [0.670501106626349, 0.2667146896051381, 0.027246488001765264, 0.03553771566674766], [0.6162413013720451, 0.29568598999370965, 0.04678399226436119, 0.04128871626988396], [0.618324057428801, 0.24983387344379235, 0.04549763842397239, 0.08634443060343423], [0.5605650010207573, 0.22649735463191595, 0.1556678431586357, 0.05726980108869105], [0.5413058197960676, 0.21532592863202318, 0.19301485294353316, 0.05035339852837604], [0.5719276709201842, 0.24217812440858338, 0.0621957475848603, 0.12369845698637219], [0.6021725805563224, 0.3377977128806169, 0.031420042900614266, 0.028609663562446437], [0.564589907086994, 0.34784480277984814, 0.050900782436615714, 0.036664507596542155], [0.5648087451909379, 0.2884854174726635, 0.05592492782258662, 0.09078090941381195], [0.5306883611949583, 0.25068915634894323, 0.1644046653465335, 0.054217817009565], [0.3835175931070187, 0.18986552951821437, 0.2940638363067295, 0.1325530409680374], [0.42179430946304725, 0.19925240268453448, 0.2441252426391602, 0.13482804511325808], [0.42473061154202973, 0.48887415192227845, 0.03486494823539141, 0.051530288200300374], [0.3941349562966805, 0.4680609911835472, 0.10281954419268105, 0.034984508227091246], [0.4246846468671011, 0.4965172148484966, 0.0354100878159316, 0.043388050368470744], [0.37659337130836135, 0.48356949017209133, 0.10136222574019245, 0.03847491267935488]], "ideal": "A", "sampled": "B", "correct": false}}
{"type": "result", "data": {"idx": 8, "options": ["Planck\u2019s constant", "Boltzmann\u2019s constant", "The Rydberg constant", "The speed of light"], "probs": [[0.9703000103314777, 0.024291476023099914, 0.002725378819273422, 0.002683134726148941], [0.9696876806447016, 0.019813635272069453, 0.00865576079410499, 0.001842923189123938], [0.9771435603361135, 0.01846547229641797, 0.001772049053361446, 0.002618918214107027], [0.977430084101222, 0.01708273202270779, 0.003994535590039209, 0.0014926481860309385], [0.9656964523987382, 0.03253247382519639, 0.001029530824051573, 0.0007415428520138036], [0.9588576567618481, 0.038963618551025786, 0.0011403898003940452, 0.0010383347867320457], [0.0016732469865711325, 0.9976608871833988, 0.0005348035547213365, 0.00013106217530868279], [0.0016722396089836466, 0.9970582628746572, 0.0011139515448538926, 0.00015554587150535252], [0.012493693247707558, 0.038485239266732384, 0.9470748994563888, 0.0019461679291712794], [0.07275758046313095, 0.06624961742468213, 0.4972174241227009, 0.363775377889486], [0.005860296907110815, 0.03762259641218879, 0.9552497101071337, 0.0012673964735666803], [0.05295302286639617, 0.5432417927521918, 0.018588416068761694, 0.3852167682126504], [0.0035313969999288663, 0.9945996693393452, 0.0011287043011204982, 0.000740229259605481], [0.005796231680149189, 0.9901460212794738, 0.003407423782571535, 0.0006503231578054374], [0.007260372211683125, 0.02534230500236488, 0.9659222761454959, 0.0014750465404561356], [0.04822132892925151, 0.04530164768980507, 0.6156593285335659, 0.2908176947473775], [0.010100539152928812, 0.06484408728830744, 0.9235540571859236, 0.0015013162728400994], [0.03129734907217368, 0.734957681983309, 0.01649266132154224, 0.217252307522975], [0.46406300719596594, 0.5341397989120904, 0.0009686524626141464, 0.0008285413293294702], [0.46398272229390125, 0.5340459588393754, 0.0010471804308445725, 0.0009241383358787341], [0.10288072591399733, 0.06143511586995224, 0.8349228078908579, 0.0007613502251925378], [0.836272098974067, 0.04644895970604027, 0.007582429135841356, 0.10969651208405136], [0.2449809070304975, 0.0453181510258043, 0.7088837949077218, 0.0008171469359764629], [0.7396999290100973, 0.06071998043332195, 0.00960707143178717, 0.1899730190247936]], "ideal": "A", "sampled": "A", "correct": true}}
{"type": "result", "data": {"idx": 9, "options": ["mc/2", "mc/(2^(1/2))", "mc", "(3^(1/2))mc"], "probs": [[0.4920274623960479, 0.4274927981282434, 0.05520397806957408, 0.025275761306134573], [0.5301675835479185, 0.35317939779489566, 0.0717504402308719, 0.04490257832631399], [0.635301520393335, 0.22301803781610802, 0.08870788611652096, 0.052972555574036004], [0.3710865634559804, 0.16212270971119375, 0.4338531147196684, 0.032937612013157466], [0.4808624278825424, 0.4447407920644314, 0.042678772444954945, 0.03171800750807126], [0.3146468639180974, 0.6257688883589619, 0.03817083252506318, 0.021413415097877486], [0.5415720464098996, 0.40247500838356537, 0.03462150769978643, 0.02133143740674858], [0.3679108389750772, 0.5788206096336886, 0.03877749796746665, 0.014491053323767579], [0.7915990021196816, 0.1292294903084503, 0.04328478644937709, 0.03588672102249102], [0.667266994674847, 0.16871946312526065, 0.0903048630104745, 0.07370867908941786], [0.5384715018395408, 0.2427183755078137, 0.19199922035207256, 0.026810902200572865], [0.6211921687770108, 0.28889105259142966, 0.052608889570952354, 0.03730788896060723], [0.1801389902649985, 0.3161690830868218, 0.3873755037397201, 0.11631642280845961], [0.12575104503470316, 0.16660089354709381, 0.6692936841285899, 0.038354377189613105], [0.11026757646364423, 0.615040702263582, 0.24849852222796717, 0.02619319894480664], [0.1302355093878126, 0.6410584376497398, 0.17525425213641113, 0.053451800726036516], [0.09367177168600146, 0.8349102983507157, 0.057709636018156846, 0.013708293845125927], [0.12554217693139225, 0.7338413168782665, 0.10407894444248303, 0.0365375616478582], [0.5212092606791245, 0.4123204936926141, 0.0462595152615306, 0.020210730266730738], [0.5794207204919607, 0.3569794143928369, 0.04467968823382342, 0.018920176781378993], [0.648711792052146, 0.19176512704668341, 0.14250227621725486, 0.017020804583915642], [0.6811094105763388, 0.22814992963085376, 0.06850017427898941, 0.02224048541381802], [0.718826060118264, 0.13935449473845626, 0.11023482919736508, 0.031584615845914696], [0.678362894321551, 0.16886251868253568, 0.09621147001324323, 0.05656311688267017]], "ideal": "D", "sampled": "D", "correct": true}}
{"type": "result", "data": {"idx": 10, "options": ["square", "hexagon", "cube", "tetrahedron"], "probs": [[0.022314142285399862, 0.9637825632547737, 0.00860288246424317, 0.005300411895583248], [0.08534787644224566, 0.46866638848214986, 0.4135887709580998, 0.032396964017504644], [0.31495694895111787, 0.11587236302502907, 0.4107901865969997, 0.15838050132685336], [0.038312251144166996, 0.02360422260099313, 0.9282437207571586, 0.009839805397681369], [0.017397901053708364, 0.9648597246222606, 0.013979614720664602, 0.003762759503366469], [0.010846334740264996, 0.9763625825588172, 0.010846347778780198, 0.00194473482213756], [0.9813221758317362, 0.011973102656676799, 0.003948282011040581, 0.002756439400546453], [0.9305993085589712, 0.03901628184550861, 0.022580475496086674, 0.007803933999433449], [0.9717267102871343, 0.015223490927857576, 0.00753609971025901, 0.005513698974749112], [0.9573937188529857, 0.014537597325132188, 0.023968086713202417, 0.004100597008679674], [0.8477381040631954, 0.13413412193055718, 0.009417565996237316, 0.008710207910010145], [0.8874561865243115, 0.09957150534362486, 0.007441809432662886, 0.005530498599400749], [0.1692663529564644, 0.147068272603698, 0.4255450836726136, 0.258120290667224], [0.032402521276008164, 0.0226212549988927, 0.9322866220886322, 0.012689601536466902], [0.02240712078548529, 0.9380237566027325, 0.0204019889750499, 0.01916713353673226], [0.03661884876044656, 0.7355305229707099, 0.19796103974542179, 0.02988958842342176], [0.016390168648112, 0.9675948892431446, 0.011805396655530839, 0.004209545353212515], [0.01798918709357613, 0.9669574566253456, 0.010575288887121071, 0.004478067293957172], [0.9947699879127705, 0.003644230999092196, 0.0010440926972284429, 0.0005416882909088441], [0.9957111726313654, 0.0027967725369802913, 0.0009665400965807796, 0.000525514635073453], [0.9932836409348604, 0.004672286805811747, 0.0013386344587566355, 0.0007054377005711882], [0.9943451216650049, 0.0038776031893013718, 0.0011826030595463086, 0.0005946719861473969], [0.9946980786616338, 0.003477098271404357, 0.0012205770419996284, 0.0006042459249621768], [0.9954581815072151, 0.0031683497964066975, 0.0009513126517528921, 0.00042215594462533565]], "ideal": "D", "sampled": "D", "correct": true}}
{"type": "result", "data": {"idx": 11, "options": ["0.024 m", "0.048 m", "0.121 m", "0.242 m"], "probs": [[0.27438675536789164, 0.49688221518547904, 0.17717125482065252, 0.051559774525976765], [0.2652549842202271, 0.48034863468480143, 0.18519405218574872, 0.06920232880922278], [0.3146203878233159, 0.39774850764533654, 0.22663338703816963, 0.060997717393177914], [0.28183397437917673, 0.4574979807165383, 0.19371981772542088, 0.06694822707886404], [0.2851579678251921, 0.4416952428916756, 0.20540936176424696, 0.0677374274188853], [0.2797779863693774, 0.43336378480766863, 0.20793456766617713, 0.07892366105677687], [0.3160943518152564, 0.48202001038670905, 0.1424876360727069, 0.059398001625327636], [0.29241660164477545, 0.4746732216194566, 0.1666293417286333, 0.06628083490713466], [0.3168014358442446, 0.4609747929627991, 0.1568414156766173, 0.06538235541633904], [0.2532362407664058, 0.5115843548154747, 0.19116947551464536, 0.04400992880347415], [0.28212435311793915, 0.5354114413654989, 0.11223050707486801, 0.07023369834169395], [0.26766981087696606, 0.46981071891165777, 0.19893571279853522, 0.06358375731284092], [0.34807616855626194, 0.3883410104466801, 0.18344177427232372, 0.08014104662473424], [0.33579824622336196, 0.3688370126428799, 0.21683212430216633, 0.0785326167315918], [0.33636282367489095, 0.45266015289696737, 0.13591570543260528, 0.0750613178955364], [0.3037805462624702, 0.4217917605524112, 0.20556951945548183, 0.0688581736296368], [0.29105307456330687, 0.6066469896979576, 0.06101392703953747, 0.041286008599198024], [0.2878231107900806, 0.5462350844790679, 0.1092576160917697, 0.056684188539081796], [0.47337414751592305, 0.22363407407772698, 0.1973538056410085, 0.10563797266534145], [0.46589982708206906, 0.19424166115715835, 0.2613776468148133, 0.07848086484595931], [0.4087936014183377, 0.3840608327009235, 0.11003591946183922, 0.09710964631889957], [0.37401844096817766, 0.33010352913174573, 0.2233621659388164, 0.07251586386126027], [0.41750573796697404, 0.4958308301680851, 0.04400805350692034, 0.042655378258020515], [0.3910602891020021, 0.4867120413025903, 0.07011855863128537, 0.05210911086412222]], "ideal": "D", "sampled": "D", "correct": true}}
{"type": "result", "data": {"idx": 12, "options": ["Specific heat", "Thermal conductivity", "Electrical resistivity", "Hall coefficient"], "probs": [[0.010261577772828247, 0.06286366417921553, 0.909419079142614, 0.017455678805342247], [0.0011684079579712245, 0.015152422967166554, 0.9824353606835842, 0.0012438082912780847], [0.006142186819222312, 0.9856547683089488, 0.006046899475852737, 0.002156145295976156], [0.003230842727885043, 0.6156980178541351, 0.37931450557788593, 0.0017566337400939018], [0.0003347060697473005, 0.9977327898211038, 0.001809369496833815, 0.0001231345123151011], [0.0005515197571316927, 0.9971637424368249, 0.0021474501752469055, 0.00013728753079647528], [0.014799817442147837, 0.06329574079320073, 0.8874934264265674, 0.03441101523808404], [0.0011494687296980809, 0.01562225636545397, 0.981729031075808, 0.0014992437290399787], [0.003696723263646235, 0.993460979822306, 0.0023497445646424235, 0.0004925522494054284], [0.006990873831294547, 0.7710492733134218, 0.2209043388806911, 0.0010555138745925764], [0.0001487157007238168, 0.999010039765877, 0.00080393337318825, 3.731106021096716e-05], [0.0002338541410203365, 0.9985498291035403, 0.0011691739203182959, 4.714273512110369e-05], [0.47026600027549414, 0.06464759812162758, 0.01634521733522228, 0.448741184167656], [0.0046183516975595845, 0.012953062591584595, 0.9818414001290543, 0.0005871854818015072], [0.6560259674586995, 0.11579849947291772, 0.015189280295738832, 0.21298625267264398], [0.008441672602813, 0.015527116028821487, 0.9757423334304155, 0.0002888778379500332], [0.000720287627476143, 0.9985107952903617, 0.0007202791291575021, 4.8637853004669105e-05], [0.001698641666356532, 0.9970756042785833, 0.0011493475026139414, 7.640645244622408e-05], [0.9389793669369532, 0.03114249873726493, 0.006735005697563375, 0.023143128528218537], [0.935153606889938, 0.026118183799621393, 0.036260584050136505, 0.002467625160304101], [0.9187509232649627, 0.05183377757669256, 0.007467353100562568, 0.021947945957782232], [0.826153916632531, 0.04049661217533553, 0.13071984720933777, 0.0026296238827956467], [0.8701890650181549, 0.127339449130047, 0.002026343194512251, 0.0004451425572859583], [0.8825405025841017, 0.11397114889188116, 0.002943786221327222, 0.0005445622026898951]], "ideal": "D", "sampled": "D", "correct": true}}
{"type": "result", "data": {"idx": 13, "options": ["two hydrogen atoms and one helium atom", "four hydrogen atoms and one helium atom", "six hydrogen atoms and two helium atoms", "three helium atoms and one carbon atom"], "probs": [[0.5865490758264579, 0.34482445223966374, 0.05371077280786675, 0.014915699026011565], [0.6893485719640702, 0.2829143974375709, 0.014084901528096412, 0.01365212897026243], [0.36723836910741814, 0.0988472690814302, 0.5260502646518993, 0.007864097059252326], [0.789053270019512, 0.1706483084982787, 0.008234471173891318, 0.03206395020831801], [0.7343470043133291, 0.08111808739994165, 0.16643517277764044, 0.018099735409088834], [0.6839507552720612, 0.09853620558353368, 0.030523692801552423, 0.18698934624285268], [0.3141216497892085, 0.6547033499541174, 0.02240174537963476, 0.008773254777039404], [0.38441336732639775, 0.5954056010059021, 0.010405365658666224, 0.009775665909033948], [0.2448812576954305, 0.2566529657194878, 0.4870116419894271, 0.011454134495654623], [0.40933769143337034, 0.5508406845923757, 0.011080168096230957, 0.02874145577802303], [0.43623053454415184, 0.07463552704741125, 0.47168164825608067, 0.017452290052356212], [0.6407835316542635, 0.14984708537617739, 0.06860084545975077, 0.1407685374098083], [0.12035693249459438, 0.7258803261200151, 0.14517858650048146, 0.00858415478490907], [0.13815243872948596, 0.8331848875842034, 0.010820890800056927, 0.017841782786253656], [0.13224930037862925, 0.514986294800586, 0.34303252119422234, 0.00973188352656236], [0.21120295477193313, 0.760593851297125, 0.010033544413616787, 0.01816964941732514], [0.40278732922663946, 0.11722800178111041, 0.4287725404548003, 0.05121212843744983], [0.3908826468625587, 0.11922354427611007, 0.39704427710741397, 0.09284953165391727], [0.02129265539021546, 0.38943706046910614, 0.5577996528466198, 0.03147063119405862], [0.03614605684597831, 0.835663042318855, 0.06859316109981702, 0.05959773963534967], [0.031103485746084097, 0.47160395610927813, 0.47900655397365177, 0.018286004070986035], [0.035567152166322974, 0.7144219214814187, 0.19227601528301438, 0.05773491096924398], [0.03526023880070225, 0.5780763797800743, 0.33454794685320227, 0.05211543446602118], [0.03409407571116933, 0.4932816197491707, 0.4089230489975278, 0.06370125544213222]], "ideal": "B", "sampled": "A", "correct": false}}
{"type": "result", "data": {"idx": 14, "options": ["Lines in the infrared, visible, and ultraviolet regions of the spectrum reveal primarily the nuclear structure of the sample.", "The wavelengths identified in an absorption spectrum of an element are among those in its emission spectrum.", "Absorption spectra can be used to determine which elements are present in distant stars.", "Spectral analysis can be used to identify the composition of galactic dust."], "probs": [[0.27222007510324064, 0.2023300379312364, 0.17035870252336177, 0.3550911843421612], [0.14425059829139789, 0.16094435390090034, 0.6365172124050943, 0.05828783530260748], [0.2527563458686284, 0.3001941904038617, 0.17372370478008756, 0.2733257588474224], [0.2117077057615276, 0.21506885653381447, 0.2553810293142387, 0.31784240829041926], [0.1280396834516376, 0.7368599183527316, 0.0966520686587357, 0.03844832943689509], [0.16825319337671465, 0.5264627650725547, 0.09587066446005227, 0.20941337699067827], [0.2018929272688198, 0.2984284162222934, 0.21492542324301092, 0.28475323316587586], [0.11120140013479426, 0.36466447194491874, 0.46821240458076274, 0.05592172323952421], [0.15276803757665908, 0.1652135475655185, 0.44904687023352247, 0.2329715445242999], [0.11591865153396153, 0.0760304829720697, 0.10890025629580521, 0.6991506090981635], [0.13098315893293896, 0.4717403351788849, 0.32931479808375247, 0.06796170770442361], [0.09010585597983142, 0.07829407031708484, 0.07707451455435951, 0.7545255590487242], [0.16661227493055253, 0.2540935760142517, 0.19786556668692, 0.38142858226827575], [0.14243321331556677, 0.2105343223977305, 0.41217393293094456, 0.23485853125575815], [0.17650153968206017, 0.15824921191765062, 0.3196258794997505, 0.3456233688005387], [0.12376362729582387, 0.08117848312228786, 0.18580123259212708, 0.6092566568897612], [0.12297162516078447, 0.19963178485556016, 0.4714361778916362, 0.20596041199201914], [0.13422684970169912, 0.14743930759025325, 0.16191611416133853, 0.556417728446709], [0.2772308608406032, 0.5020435489364359, 0.1483969252288727, 0.07232866489408825], [0.2680272619472496, 0.4489037065595729, 0.173059458897657, 0.11000957249552054], [0.31277061204697115, 0.2183808732942608, 0.36569554427399004, 0.10315297028477799], [0.13461182623299478, 0.08165740890156858, 0.10003950520673283, 0.6836912595587038], [0.1632027029827947, 0.15575408933989335, 0.5435996651105875, 0.13744354246672438], [0.1716094476677935, 0.1057398848557522, 0.12361110837721846, 0.5990395589992358]], "ideal": "A", "sampled": "A", "correct": true}}
{"type": "result", "data": {"idx": 15, "options": ["Bosons have symmetric wave functions and obey the Pauli exclusion principle.", "Bosons have antisymmetric wave functions and do not obey the Pauli exclusion principle.", "Fermions have symmetric wave functions and obey the Pauli exclusion principle.", "Fermions have antisymmetric wave functions and obey the Pauli exclusion principle."], "probs": [[0.6925394560171263, 0.16449965596230293, 0.12034724696396552, 0.022613640956605265], [0.630703913409814, 0.17243495376434292, 0.1166704979921807, 0.08019063473366236], [0.4885270540464857, 0.4809656983025077, 0.019543636369870866, 0.010963611181135716], [0.3942044535446012, 0.5559322040666672, 0.029926816802069166, 0.01993652548666239], [0.550261360296764, 0.40259437436793805, 0.015609832901488761, 0.03153443233380922], [0.3254452858609963, 0.6372130346387762, 0.0195448337594476, 0.017796845640779844], [0.34030497451044595, 0.5189339576023513, 0.09017416934706983, 0.0505868984401329], [0.2725003781269851, 0.4027613879081797, 0.2900901268172803, 0.034648107047554874], [0.23286724088247499, 0.7062001823672767, 0.027381494638565866, 0.03355108201168243], [0.25142748659882913, 0.6321204084789686, 0.07789070622682734, 0.03856139859537502], [0.24859096393601748, 0.6972207684718599, 0.037532376166699855, 0.016655891325422785], [0.22031497624824217, 0.6577752133877655, 0.0947592840284824, 0.027150526235509957], [0.6529306428069054, 0.2943093891529302, 0.03006483545479821, 0.02269513248536614], [0.6884240609756004, 0.2825355028867994, 0.014973564860809344, 0.014066871176790912], [0.6505136077247805, 0.28419957742459423, 0.03289748519606764, 0.032389329554557623], [0.7389056110675399, 0.2398955487300743, 0.008875593787406297, 0.012323246314979492], [0.603721564609922, 0.32824930851091405, 0.04108427875342909, 0.026944848025734814], [0.5614323855958082, 0.2652149330237017, 0.11229601535183681, 0.06105666592865326], [0.7637211922901652, 0.1785941618074986, 0.0346210711463997, 0.02306357465593645], [0.7991783949338155, 0.1811346784616299, 0.007360291505924116, 0.012326634998630449], [0.807439112804228, 0.17462638539196362, 0.01116326950120365, 0.006771232202604762], [0.8029546796692729, 0.1683133405898085, 0.018302858010360606, 0.010429121630557956], [0.6152986058155481, 0.30940239482422494, 0.04058411213851114, 0.03471488712171585], [0.5019644397816925, 0.17348289710521653, 0.3044701518874093, 0.020082511125681768]], "ideal": "D", "sampled": "D", "correct": true}}
{"type": "result", "data": {"idx": 16, "options": ["The Heisenberg uncertainty principle", "The Pauli exclusion principle", "The Bohr model of the atom", "Nuclear hyperfine coupling"], "probs": [[0.21861622889466442, 0.7395893220951439, 0.03568864558572444, 0.006105803324467167], [0.22401108846858073, 0.7345319717923784, 0.0332968883166792, 0.008160051322361719], [0.15817646027998689, 0.05640333602733056, 0.7665280038762086, 0.018892199716473948], [0.3152331995826394, 0.09465802424699447, 0.04541441408308782, 0.5446943619872783], [0.26357762235599547, 0.0855810435758677, 0.6128675526080002, 0.03797378136013666], [0.35384915725455496, 0.11310639694755595, 0.05686980345860589, 0.4761746422392832], [0.9692933650977722, 0.02426634565566151, 0.003961328454481691, 0.0024789606920845534], [0.9650376780275866, 0.02737673485993192, 0.004264420251429304, 0.003321166761052265], [0.9728218887190184, 0.021492952423716516, 0.00334791512268945, 0.0023372436345756244], [0.9718057170603306, 0.021808604872211333, 0.0032925753624660358, 0.003093102604991996], [0.970393083456752, 0.023546526737953523, 0.0034998323158315775, 0.0025605573894629057], [0.9708587991244181, 0.022130455520685908, 0.003669556878877254, 0.003341188376018788], [0.1300204256793508, 0.057700574822173493, 0.7965050398246536, 0.01577395957382206], [0.261178319524529, 0.17399825478092038, 0.04538681814713682, 0.5194366074474138], [0.039920967168175725, 0.9522168063156672, 0.007046505360101229, 0.000815721056055895], [0.036355326499163614, 0.9524014247508547, 0.009192144165576822, 0.002051104484404871], [0.3444232652221353, 0.1732083564711773, 0.07333385109172719, 0.40903452711496024], [0.1259840554248462, 0.050907137781745875, 0.7962841242447655, 0.026824682448642397], [0.4491790931039192, 0.11537172902052621, 0.39027164254767294, 0.04517753522788169], [0.6107553652569716, 0.14507954793996145, 0.06641825733239103, 0.17774682937067587], [0.08659411809761947, 0.902350808554709, 0.009565070206370542, 0.0014900030413010832], [0.05505902802372089, 0.9312703198961145, 0.011362212936456846, 0.0023084390437077477], [0.6310979488196954, 0.12822791455044882, 0.0708090263977981, 0.16986511013205766], [0.17214250515619461, 0.05677163331150188, 0.7477878958178847, 0.023297965614418784]], "ideal": "B", "sampled": "B", "correct": true}}
