{"type": "result", "data": {"idx": 0, "options": ["(0, \u2013 3)", "(4, 1)", "(2, 2)", "(\u2013 4, \u20132)"], "probs": [[0.4391845562432634, 0.10763032228832228, 0.07752117687108412, 0.37566394449733015], [0.384608343778522, 0.10680619228285186, 0.3090474192098896, 0.19953804462873653], [0.3794843823866715, 0.15095381324753254, 0.0959494926241241, 0.37361231164167186], [0.34703195608709847, 0.1446702352717425, 0.2877045912410891, 0.22059321730006995], [0.37511435985794944, 0.41199264847076145, 0.0727195532410043, 0.14017343833028478], [0.31285484273571396, 0.40172546212886545, 0.08963508625509249, 0.19578460878032808], [0.11079530086615479, 0.5043859330988416, 0.08363423991457015, 0.3011845260204335], [0.11027822888906716, 0.40339744988663523, 0.30449796400522433, 0.18182635711907327], [0.13914466978277082, 0.13278032442254242, 0.3782471007252846, 0.3498279049694022], [0.17245827408334646, 0.16979220282765564, 0.3947718139173061, 0.2629777090716918], [0.15181507262120686, 0.4191907783079491, 0.2542489435976203, 0.17474520537322374], [0.1578472554525838, 0.47125852103289123, 0.14828638730950455, 0.2226078361050204], [0.1721438765353674, 0.45355236525768433, 0.06741330026906128, 0.306890457837887], [0.1778139359281102, 0.38237456491672817, 0.23191816541359994, 0.20789333364156168], [0.2017483918875592, 0.13651672884126997, 0.30763788633081046, 0.35409699284036034], [0.2555765616953678, 0.18123760957413446, 0.32308573100571564, 0.24010009762478213], [0.22112198501286, 0.400413131679982, 0.19514271905769615, 0.18332216414946184], [0.24399953678788477, 0.4777383123339547, 0.09117675234255761, 0.18708539843560287], [0.306205109943893, 0.45255298375046277, 0.07987908661107243, 0.1613628195945718], [0.2836658890932428, 0.3421776217883416, 0.10766880717537158, 0.266487681843044], [0.35952705677023994, 0.1452677569432986, 0.30275840015302036, 0.1924467860334411], [0.3972938417587824, 0.14616082825034796, 0.13730251992316692, 0.31924280996770277], [0.3034955994553875, 0.1959592191362768, 0.2678392052906778, 0.23270597601765788], [0.36914152178307613, 0.22390192911697007, 0.10091873332533408, 0.30603781567461974]], "ideal": "D", "sampled": "D", "correct": true}}
{"type": "result", "data": {"idx": 1, "options": ["2500", "2", "50", "25"], "probs": [[0.4841447534780909, 0.2434538634961177, 0.12241503017028627, 0.14998635275550518], [0.49685151120300886, 0.2537745572935269, 0.09783823932978002, 0.15153569207368423], [0.48333117361003786, 0.2797414660174055, 0.12031415103662886, 0.11661320923592779], [0.48021725766742995, 0.2779391415798782, 0.11055527963297246, 0.1312883210197194], [0.5154010364136896, 0.25119303171465396, 0.1030885638544327, 0.13031736791722368], [0.4983165264634751, 0.22461675256528874, 0.1450222793063172, 0.13204444156491904], [0.1780019730001177, 0.5569380147761313, 0.15709229248807513, 0.10796771963567589], [0.1481910634772476, 0.633749361021404, 0.12675870859280203, 0.09130086680854643], [0.19316362274362348, 0.37821257955999266, 0.303902871218545, 0.12472092637783887], [0.22600105065826, 0.45655062109806416, 0.1760155532181744, 0.14143277492550144], [0.1855219249086251, 0.3256137869743596, 0.34661423123546614, 0.1422500567815492], [0.21947845814417458, 0.35073673721620807, 0.30472576615147323, 0.1250590383881441], [0.22467225620383205, 0.49074846135575195, 0.19520704300830463, 0.08937223933211137], [0.24333897814183733, 0.5071792413092893, 0.15711725661385748, 0.09236452383501594], [0.299122300635672, 0.1992706536395347, 0.33896943973812244, 0.16263760588667084], [0.3782414181332105, 0.25594209548820374, 0.20565305690296248, 0.16016342937562328], [0.264917683496702, 0.23748383985247898, 0.30973558019292563, 0.18786289635789338], [0.3366505701011365, 0.33666451758759686, 0.19484450830524272, 0.1318404039060239], [0.24612247964528772, 0.47442901282161637, 0.1916870956415717, 0.08776141179152423], [0.25825674493666145, 0.4127091353439951, 0.21079110549328806, 0.11824301412605534], [0.32439377900694355, 0.23366428909349302, 0.2862888574313931, 0.15565307436817036], [0.36450899729984726, 0.26669187145820267, 0.24282353347565988, 0.1259755976662902], [0.2683642466341673, 0.34460266907639414, 0.20258079165309237, 0.18445229253634615], [0.29146451189381667, 0.42409337194632485, 0.1852720258240206, 0.09917009023583787]], "ideal": "C", "sampled": "A", "correct": false}}
{"type": "result", "data": {"idx": 2, "options": ["392", "336", "300", "297"], "probs": [[0.5558881407044068, 0.2752030019244609, 0.05418903409440739, 0.11471982317672491], [0.5002530682265757, 0.23265507208246441, 0.0552588053483703, 0.21183305424258958], [0.6121535851033794, 0.15479265036530612, 0.10473229657010742, 0.12832146786120704], [0.627290877570337, 0.163654052789374, 0.08358199584448452, 0.12547307369580452], [0.5250732302140637, 0.18147526679608433, 0.09414452313435386, 0.19930697975549808], [0.4296652866320673, 0.1373422803149395, 0.2647225378810032, 0.16826989507198997], [0.5077016466579637, 0.2803995075630774, 0.08551468890455595, 0.12638415677440293], [0.49305617762976683, 0.22930925958898918, 0.06884880773623578, 0.2087857549450082], [0.5790570471967815, 0.1583212504611541, 0.13541211310607448, 0.1272095891359899], [0.6412643812315205, 0.16470406965420054, 0.07540343771984204, 0.11862811129443694], [0.6133303319793195, 0.16768833252697676, 0.07100086230823559, 0.1479804730854681], [0.5162844061335217, 0.14115570484180331, 0.18993814287670474, 0.15262174604797024], [0.1980765700715421, 0.446400688651247, 0.18608673850562746, 0.16943600267158343], [0.22270252641175917, 0.4789132676896295, 0.12493116965412779, 0.1734530361444835], [0.18440182779974235, 0.48586336497370586, 0.18155302376053695, 0.14818178336601484], [0.22677855529273555, 0.4876767767131929, 0.12721714565699407, 0.1583275222370774], [0.35438173665896755, 0.27173524136621685, 0.16225586548731397, 0.2116271563875016], [0.33504765723204427, 0.27347945756741243, 0.18504020294126888, 0.20643268215927438], [0.40919842092479874, 0.24436200424486557, 0.13079385068319077, 0.2156457240471449], [0.3270780443818125, 0.19532394407226447, 0.30251431462123785, 0.17508369682468522], [0.4201276929265919, 0.28876555178232344, 0.0765137752554329, 0.21459297993565174], [0.22418356787831342, 0.13812451013840188, 0.49739509043734775, 0.1402968314459369], [0.461724662973549, 0.28896029307576787, 0.11493740829094644, 0.13437763555973667], [0.4680952587823294, 0.3022448926192803, 0.09966718852515173, 0.1299926599732386]], "ideal": "A", "sampled": "B", "correct": false}}
{"type": "result", "data": {"idx": 3, "options": ["\\frac{7}{9}", "\\frac{8}{9}", "\\frac{5}{9}", "\\frac{9}{11}"], "probs": [[0.4319296124799326, 0.412152465140753, 0.10100289350459377, 0.054915028774720626], [0.42084546147088225, 0.420847726447451, 0.08960414944003486, 0.06870266254163189], [0.43432743323708217, 0.33301294590956876, 0.17008743068560522, 0.06257219006774381], [0.423197718160578, 0.30962210217166947, 0.11390394819908357, 0.15327623136866894], [0.3365773630610575, 0.3161891188476541, 0.26213134554996803, 0.08510217244132032], [0.38141384010159574, 0.32118745569280344, 0.12001923440801356, 0.17737946969758728], [0.5401380456392479, 0.2936689445951113, 0.0953408220560569, 0.07085218760958388], [0.47831932645360153, 0.2811918488840479, 0.13704268265985067, 0.10344614190249987], [0.47555339685954623, 0.3372195089809107, 0.11654080536199078, 0.07068628869755234], [0.4410020973762786, 0.3381310377816159, 0.12246366497794282, 0.09840319976416272], [0.40867111691726105, 0.37210172965533433, 0.12660211512077604, 0.0926250382066286], [0.41357531932463465, 0.3649820035691509, 0.118493043369405, 0.10294963363680941], [0.4730894565109186, 0.3302715122369466, 0.13554400204256742, 0.06109502910956738], [0.4342386287850506, 0.32270233041927526, 0.10641622193644058, 0.13664281875923354], [0.4377383854716002, 0.380316045988943, 0.1254157265491856, 0.056529841890271215], [0.4247155468698151, 0.4181336746592161, 0.07980262637810888, 0.07734815199285992], [0.3396566757271279, 0.33439689373014875, 0.16297207528254742, 0.1629743551601759], [0.34875182872884053, 0.35424836069893484, 0.211532333987615, 0.08546747648460964], [0.555033755731968, 0.2387185000848135, 0.11276299012285092, 0.09348475396036753], [0.5648946719432133, 0.2391929161369554, 0.07181888764513415, 0.1240935241746971], [0.5953358322481652, 0.2725655097604593, 0.05987490623777032, 0.07222375165360514], [0.5614361940182938, 0.2779326529573137, 0.07717941870666988, 0.08345173421772262], [0.5018242858799892, 0.2644454974500027, 0.10684589852755687, 0.12688431804245123], [0.5330759048043917, 0.27655767155395505, 0.10334246887682488, 0.0870239546648283]], "ideal": "B", "sampled": "B", "correct": true}}
{"type": "result", "data": {"idx": 4, "options": ["(-inf, 10)", "(-inf, 9)", "(-inf, 8)", "(-inf, 7)"], "probs": [[0.5073589010422866, 0.37118970790981176, 0.043645120502441855, 0.07780627044545979], [0.4566954015995424, 0.37274216565633045, 0.06376894150321706, 0.1067934911409101], [0.3681170343984605, 0.4106629192418469, 0.14873306451740667, 0.0724869817422859], [0.4042158436367228, 0.39794743220625994, 0.04679135274033342, 0.15104537131668386], [0.34599857601035156, 0.4045123698612279, 0.16601249073350238, 0.08347656329491811], [0.38244679720537106, 0.4135223667561697, 0.07185976050416291, 0.13217107543429626], [0.3880447658200372, 0.4905319997803881, 0.06638654172382764, 0.05503669257574702], [0.3641782701095421, 0.5135707679568635, 0.0516513926347499, 0.07059956919884451], [0.41052036861665064, 0.41051855067501225, 0.09017933024787138, 0.08878175036046572], [0.44116733481790676, 0.38932709141680594, 0.04506801611920454, 0.12443755754608275], [0.4078615958365277, 0.39531130218657706, 0.09995088874586949, 0.09687621313102576], [0.4223884939725011, 0.3845876752945643, 0.07573012261825478, 0.11729370801467978], [0.32855002312615805, 0.49321021481924743, 0.11354405109730581, 0.06469571085728872], [0.307962823331747, 0.515738646793251, 0.051869420259868494, 0.12442910951513345], [0.4164060953151672, 0.4718472921186514, 0.03471885747987677, 0.07702775498630463], [0.38068620503269274, 0.4965059218261206, 0.04546640965236796, 0.07734146338881871], [0.3737778309541015, 0.31970849153617, 0.12717176783047313, 0.1793419095792554], [0.4084694293820063, 0.32312556375776524, 0.18411214236313447, 0.084292864397094], [0.2917069944592844, 0.5365295093395217, 0.10564946188128166, 0.06611403421991223], [0.27602298194235897, 0.5663600183662644, 0.06659367233338315, 0.09102332725799352], [0.37370047387134275, 0.510785227710919, 0.04192795278377221, 0.07358634553396597], [0.3226461554433886, 0.5403282883369741, 0.061578105156437635, 0.07544745096319964], [0.33337359623634183, 0.46284197376981334, 0.07323254425888444, 0.13055188563496037], [0.3492459848398608, 0.5325348217987504, 0.07095363523984802, 0.047265558021540796]], "ideal": "C", "sampled": "B", "correct": false}}
{"type": "result", "data": {"idx": 5, "options": ["396", "72", "66", "36"], "probs": [[0.19061158595563213, 0.3561215698362903, 0.29523825642494395, 0.1580285876831336], [0.16134739689342714, 0.34158475656737974, 0.14463614769460142, 0.3524316987445917], [0.2821108635506107, 0.46513428239788285, 0.09449886318471333, 0.15825599076679314], [0.2836441228318215, 0.43932953834136657, 0.1298675161549212, 0.1471588225718907], [0.18563303211238566, 0.29665183797006733, 0.09936524107531533, 0.41834988874223167], [0.21826302352561378, 0.32258283127351883, 0.28916435569123533, 0.16998978940963208], [0.15267732840354292, 0.16768951971383828, 0.3898920525107957, 0.2897410992718231], [0.12781507727828076, 0.11638226480976188, 0.2502589709999471, 0.5055436868120102], [0.10600046072588609, 0.7591574728623536, 0.018420462867223934, 0.11642160344453639], [0.2040868030316741, 0.6904284614538814, 0.03384171552028031, 0.07164301989416423], [0.095005593476588, 0.51360863059385, 0.03838647873027851, 0.3529992970992835], [0.19999556390427997, 0.46501872285289575, 0.23751199420037986, 0.09747371894244439], [0.16994656620710355, 0.37120950218303284, 0.26322972771873315, 0.1956142037911304], [0.18941739120804962, 0.47620872226130706, 0.16457535060900907, 0.16979853582163423], [0.2622586649706168, 0.3420601606442617, 0.10763462070459878, 0.2880465535805228], [0.24876150857049373, 0.3048014387899034, 0.25269297139342395, 0.19374408114617894], [0.19722678206140706, 0.5707090027963153, 0.07604011317416837, 0.1560241018681093], [0.20550425961061422, 0.5166505132590807, 0.15512899025107812, 0.12271623677922694], [0.2667402763933078, 0.12023408591765797, 0.13000229677760017, 0.48302334081143405], [0.26979512375570175, 0.191321435422264, 0.32545039539436005, 0.21343304532767415], [0.31610986079954195, 0.17457669847244178, 0.042118221086830054, 0.4671952195411862], [0.28155125067165926, 0.23709781189143367, 0.3504128492710616, 0.1309380880658455], [0.3182246803257783, 0.46302755407186685, 0.06365112451762939, 0.15509664098472545], [0.3570975847161577, 0.4110278105115738, 0.11593737311665361, 0.1159372315556149]], "ideal": "B", "sampled": "C", "correct": false}}
{"type": "result", "data": {"idx": 6, "options": ["0.16", "0.24", "0.3", "0.5"], "probs": [[0.34187420307734406, 0.5378519751898881, 0.06945708212232571, 0.05081673951044203], [0.35107175166135557, 0.5353277424807422, 0.07358968394239623, 0.04001082181550591], [0.4477343260794178, 0.1571732312283699, 0.2982606887519122, 0.09683175384030004], [0.6126526639195515, 0.1897945268992122, 0.08422027590192772, 0.11333253317930854], [0.4384500979938747, 0.16642154751543944, 0.33096694942979393, 0.0641614049608919], [0.5646719714587095, 0.22461630417802922, 0.10946834075261509, 0.10124338351064611], [0.39437301725853174, 0.4399607973833362, 0.10128475432358015, 0.0643814309345519], [0.40347229829162423, 0.45011153141957255, 0.10043356416959222, 0.04598260601921096], [0.4927566724780671, 0.19600912050392097, 0.22560385348907766, 0.08563035342893428], [0.598133908194082, 0.20035358813591403, 0.09918140397313682, 0.10233109959686723], [0.474347173882145, 0.22759927855693807, 0.24227754725060652, 0.05577600021031041], [0.5839865933665755, 0.23967207011431, 0.08816999393199819, 0.08817134248711625], [0.09943366119590176, 0.49714667694226544, 0.32098412160960704, 0.08243554015222572], [0.1442014935944424, 0.6462752433204941, 0.10067118848323305, 0.10885207450183046], [0.16457785909583264, 0.6408332681139217, 0.11311484295659872, 0.08147402973364691], [0.14509733668443975, 0.6709304751200809, 0.10129623566879212, 0.08267595242668731], [0.14015717385329415, 0.27442263736297345, 0.3579146158958799, 0.22750557278785244], [0.1254077031840025, 0.24940972031187056, 0.43094149639222046, 0.1942410800119065], [0.165919530485361, 0.46534378198618975, 0.31486896263768005, 0.05386772479076916], [0.23304923151081386, 0.6236825259465828, 0.06272581636963333, 0.08054242607296999], [0.21214553790707438, 0.6534631275978754, 0.09865907615427194, 0.03573225824077829], [0.1867018602126018, 0.704615456070501, 0.05519008219823173, 0.053492601418665395], [0.3339344710046413, 0.29934455299414386, 0.2089760396707908, 0.15774493623042404], [0.3223448491472971, 0.29350505150914824, 0.24332407839618975, 0.14082602084736487]], "ideal": "C", "sampled": "B", "correct": false}}
{"type": "result", "data": {"idx": 7, "options": ["42", "12", "36", "39"], "probs": [[0.3617932903939281, 0.31433925966276266, 0.16825353108909624, 0.15561391875421302], [0.3522148534963434, 0.2920044449277115, 0.19451632183383802, 0.16126437964210708], [0.30798422139842213, 0.441173805208576, 0.12443915289740295, 0.1264028203955989], [0.28558125238002824, 0.3964983702353001, 0.16020002482123474, 0.1577203524634369], [0.29858173582331904, 0.42770663967743205, 0.1304434330432759, 0.14326819135597302], [0.29275822418415876, 0.4259674218916546, 0.09806329682931691, 0.18321105699486975], [0.1156263534795754, 0.5022705942566769, 0.24478714895146428, 0.13731590321228349], [0.11207017635387573, 0.502276733535271, 0.25256059323886454, 0.13309249677198864], [0.11235194735857833, 0.3684003678221686, 0.32511064649184857, 0.19413703822740447], [0.12295178676971205, 0.41595513363092207, 0.2903822919777785, 0.1707107875215874], [0.11147256030747117, 0.3830595513900781, 0.33280636612458314, 0.1726615220778676], [0.1355743266652508, 0.4047636563172651, 0.2654496750246118, 0.1942123418928723], [0.24678898222942366, 0.4133040966172585, 0.18055928020697187, 0.15934764084634598], [0.22421678230258438, 0.3639489899524987, 0.21395438269757347, 0.19787984494734348], [0.28386236503246615, 0.3117718835655359, 0.2210784802101822, 0.18328727109181572], [0.3197925388493226, 0.335149884190423, 0.17117743192391466, 0.17388014493633971], [0.26817335693638183, 0.3285821920738501, 0.1552110131831983, 0.2480334377065698], [0.2876697012942819, 0.38111011893708663, 0.17723286942406324, 0.15398731024456827], [0.2476373201090803, 0.3895989052262898, 0.18987533372793253, 0.17288844083669735], [0.25770545387232335, 0.40543676022761943, 0.14232176752934847, 0.19453601827070877], [0.2988757370933477, 0.31816126809283984, 0.1929739381462444, 0.18998905656756807], [0.30440441483162495, 0.33433178553130344, 0.1707599631705021, 0.19050383636656953], [0.2429498357216904, 0.39435662010411554, 0.1643926103067696, 0.19830093376742441], [0.2524145656160976, 0.4430098731228207, 0.1415950868105148, 0.16298047435056687]], "ideal": "A", "sampled": "A", "correct": true}}
{"type": "result", "data": {"idx": 8, "options": ["\\frac{125}{648}", "\\frac{25}{648}", "\\frac{625}{648}", "\\frac{1}{648}"], "probs": [[0.7717724291300607, 0.20449964390790085, 0.01705069751973491, 0.006677229342303478], [0.7561726632754883, 0.2166472840370268, 0.01953134888194965, 0.007648703705535326], [0.8085593211406608, 0.15921521948777012, 0.021886763093246647, 0.010338696178322452], [0.770950450167424, 0.18311736384483673, 0.028081966750080557, 0.017850219137658666], [0.7713725917884208, 0.17482724230466581, 0.04152517633855834, 0.01227498946835505], [0.8333236982532116, 0.13392754128103887, 0.020861867713473117, 0.011886892652276434], [0.7015236078187702, 0.2662686727641408, 0.022200884481355695, 0.010006834835733322], [0.6161355696967196, 0.34026290757412775, 0.030200119771029793, 0.013401402858122807], [0.7259655241452241, 0.21797489358455993, 0.03671302396592389, 0.01934655820429211], [0.6960405033160965, 0.24054590167276907, 0.038059945256178236, 0.025353649654956203], [0.6851407126672585, 0.2520496408569738, 0.04179403822636884, 0.021015608149398884], [0.7810935108599614, 0.18552628935199444, 0.02114327154045643, 0.012236928147587773], [0.6895139286162535, 0.2576529782682569, 0.03327283381303305, 0.019560259202456548], [0.6832164678013282, 0.2593204138761811, 0.03097148867323081, 0.02649162954925987], [0.7207197009260181, 0.22326905849809012, 0.03588267893114389, 0.020128561544747826], [0.7437483972708768, 0.20653187418681113, 0.027951094157111663, 0.02176863428520036], [0.6814631108222157, 0.2178097735922022, 0.05507105758984419, 0.045656057895737914], [0.7084424917253209, 0.20941593999055613, 0.05052402171130517, 0.03161754647281772], [0.32814697894809813, 0.421353507954372, 0.17841360768740638, 0.0720859053101235], [0.36695626128194786, 0.4566881996449264, 0.06788105277642194, 0.10847448619670377], [0.33817724649866887, 0.507666666295525, 0.09538846072302774, 0.05876762638277833], [0.3540103793826337, 0.4992367886019368, 0.06651722938159224, 0.08023560253383721], [0.39650561810781776, 0.34449421842685224, 0.11539175933351904, 0.143608404031811], [0.38895560755996084, 0.37114746757414846, 0.15962966379527602, 0.08026726097061467]], "ideal": "C", "sampled": "A", "correct": false}}
{"type": "result", "data": {"idx": 9, "options": ["8", "12", "10", "4"], "probs": [[0.20147593317401286, 0.1863418519310576, 0.41992533202740445, 0.19225688276752512], [0.28627003516091376, 0.3193665289276295, 0.14171769357028646, 0.25264574224117026], [0.25447080295136393, 0.29751641441935645, 0.13621163772805295, 0.31180114480122667], [0.25569265697287646, 0.34408115824475516, 0.16001268981268232, 0.24021349486968607], [0.26369795986453104, 0.29418517032855895, 0.14792508326258447, 0.29419178644432553], [0.27556840814435357, 0.3324080555885049, 0.18072748990311666, 0.2112960462640249], [0.22550324757372478, 0.3230295132816236, 0.2555372378639561, 0.1959300011806955], [0.2415494101536299, 0.3741296119873231, 0.11059219804515588, 0.2737287797138911], [0.20844880457936393, 0.46975771818240303, 0.11333427154874426, 0.20845920558948874], [0.20244188453883669, 0.4634053076086564, 0.1118019289277307, 0.22235087882477625], [0.24106857178184712, 0.30002501603940973, 0.1395235359529208, 0.31938287612582233], [0.24678256350620087, 0.2710488817137299, 0.24296555644721685, 0.2392029982328524], [0.1996898025351925, 0.3730809354634685, 0.17080864271524349, 0.25642061918609554], [0.20759656868589757, 0.4001640945260599, 0.11287111703763866, 0.27936821965040387], [0.21635814976129672, 0.32991822045356956, 0.21977219965818126, 0.23395143002695246], [0.21631166659086978, 0.3247348118209176, 0.19390718925902098, 0.2650463322291916], [0.2137135511592991, 0.3750909138136439, 0.1613244039250997, 0.2498711310019573], [0.21582342800004442, 0.3448978919114901, 0.17893001278414256, 0.26034866720432287], [0.18198683856097916, 0.1998801827230845, 0.1310835182535695, 0.48704946036236685], [0.2244049426032469, 0.2972973540530729, 0.25034930926517585, 0.2279483939785044], [0.21158917561425603, 0.2983982309161978, 0.2183125945455957, 0.27169999882395046], [0.17382957493536397, 0.21975031673198958, 0.37969324706016383, 0.2267268611724826], [0.197176286642614, 0.27807228925808236, 0.28689958787374903, 0.2378518361255546], [0.19163333225519422, 0.24607202431649777, 0.2311616550952506, 0.3311329882330574]], "ideal": "B", "sampled": "C", "correct": false}}
{"type": "result", "data": {"idx": 10, "options": ["13", "14", "1", "2"], "probs": [[0.24855449422862358, 0.27299508042891146, 0.24856519326220025, 0.2298852319802647], [0.18846466854617844, 0.2069955139102841, 0.3807245435822078, 0.22381527386132966], [0.29960846005041064, 0.38471682709432475, 0.11917936445536423, 0.19649534829990037], [0.27977482732306336, 0.38843955342042275, 0.17236935371087952, 0.1594162654456343], [0.2699195524756268, 0.43134246557638406, 0.11609450327470763, 0.18264347857328142], [0.2698468066596248, 0.4051002557840964, 0.16887139014169233, 0.15618154731458644], [0.18602694396063582, 0.3817179755438936, 0.22793465302679597, 0.20432042736867465], [0.15512103406302427, 0.3388285136582271, 0.30372552250414553, 0.20232492967460305], [0.22404275832319967, 0.34163925048272753, 0.2171580046198171, 0.2171599864742557], [0.21774383019295182, 0.3534473443756219, 0.21775259207638573, 0.21105623325504053], [0.19300205088718067, 0.3960300503582118, 0.20227237646560856, 0.20869552218899895], [0.197085171918234, 0.423814862924156, 0.19102920589920916, 0.18807075915840088], [0.16099631544833268, 0.4047619639712829, 0.15604896609341812, 0.27819275438696633], [0.14304458667264686, 0.3768876380278986, 0.2550153656044288, 0.22505240959502576], [0.16564879313388373, 0.2999641090320824, 0.2525945082827491, 0.2817925894512847], [0.1409206092216715, 0.2937157749835984, 0.2937159537975327, 0.2716476618971974], [0.15740061039245595, 0.24763839313352884, 0.32298034907598594, 0.2719806472980293], [0.16793670259038213, 0.3088982197005072, 0.19943769868518402, 0.32372737892392667], [0.2223037663223134, 0.3901717422538004, 0.16520922130496085, 0.22231527001892534], [0.18530572563379014, 0.3743442519734029, 0.22705204645819166, 0.2132979758346153], [0.2348454673399485, 0.30630933322497794, 0.23121426308184595, 0.2276309362532276], [0.20058599710205025, 0.3412225347780461, 0.2273041822475635, 0.2308872857723402], [0.21808380726529433, 0.302793761974282, 0.24330147373325056, 0.23582095692717311], [0.2565612311357549, 0.35621596971537745, 0.14619002398236106, 0.24103277506650658]], "ideal": "D", "sampled": "A", "correct": false}}
{"type": "result", "data": {"idx": 11, "options": ["30", "64", "2048", "60"], "probs": [[0.25264676649884854, 0.268949292008527, 0.17364516335046828, 0.3047587780421561], [0.22399876520772374, 0.2071721199173637, 0.25782744246351835, 0.3110016723113942], [0.15293352532248505, 0.533803470883089, 0.12878552269818272, 0.18447748099624325], [0.15543189295841864, 0.624438152598623, 0.05206394823722068, 0.16806600610573766], [0.2018682897724234, 0.09838623247293292, 0.322593464935057, 0.3771520127195867], [0.2564348096785474, 0.13726400451169685, 0.20286066244871337, 0.40344052326104235], [0.3058298093148795, 0.37471972217151717, 0.11251051219870772, 0.20693995621489555], [0.3565341148338288, 0.2955837723665157, 0.0702066165261763, 0.2776754961734792], [0.2795968818144677, 0.4132268376668428, 0.14280647889178333, 0.16436980152690617], [0.32419802687490656, 0.542936297775829, 0.06383895508836812, 0.06902672016089634], [0.3964353247682163, 0.23305794854804032, 0.06175359034390407, 0.30875313623983924], [0.40183904763018047, 0.32289341088880746, 0.09694945811255846, 0.17831808326845358], [0.28147288734671744, 0.16547576834877942, 0.20274138146486945, 0.3503099627396337], [0.39858400520731724, 0.17687611148320062, 0.09921651258656253, 0.3253233706229196], [0.18681727904648854, 0.6222100442684368, 0.06456303788263798, 0.12640963870243663], [0.269341884009861, 0.5111321172267763, 0.10547711620559688, 0.11404888245776579], [0.37091503372614654, 0.28887776183155206, 0.07303843809764839, 0.267168766244653], [0.33189950379091004, 0.24283138638784227, 0.210972583599826, 0.21429652612142164], [0.2621392011380317, 0.24626466629426697, 0.12190830706330966, 0.3696878254043917], [0.23926118370377317, 0.33219078674855074, 0.12608416565117284, 0.3024638637965033], [0.3020440452260245, 0.2427066803744126, 0.11828423730905058, 0.3369650369905123], [0.32833948194226564, 0.25175293173007923, 0.10659771460701835, 0.3133098716206367], [0.1932511017036075, 0.46359580405192014, 0.11721455217310951, 0.22593854197136284], [0.19745260161884612, 0.4519838065639438, 0.2344852080399875, 0.11607838367722252]], "ideal": "D", "sampled": "C", "correct": false}}
{"type": "result", "data": {"idx": 12, "options": ["0", "1", "2", "4"], "probs": [[0.21783877907005114, 0.32196626063941897, 0.20147891340625135, 0.25871604678427856], [0.21320530452376454, 0.2824683743065001, 0.23054130029546563, 0.2737850207742697], [0.21003780005036682, 0.33566040776827616, 0.22359666383434554, 0.23070512824701148], [0.2339868450242553, 0.34046616575795424, 0.16854183106237824, 0.2570051580554122], [0.21666309955573532, 0.3462458189421244, 0.21000886751008901, 0.22708221389205127], [0.19664351029114244, 0.33978928651046114, 0.23721116349163046, 0.22635603960676595], [0.12696621009877554, 0.39111221415530895, 0.2409565186402125, 0.24096505700570298], [0.12191920998782857, 0.3814757253177993, 0.2541178819458405, 0.24248718264853164], [0.14750398034599688, 0.31721030244589343, 0.2843434683242649, 0.25094224878384486], [0.17407008032459015, 0.31522221309436865, 0.20036526619472955, 0.31034244028631164], [0.14465085945097214, 0.36367123773527454, 0.2745149988478834, 0.21716290386586995], [0.1580192423003958, 0.3561266309243954, 0.23723102750147793, 0.2486230991737309], [0.13352851170371297, 0.4049464343099234, 0.23436351909786723, 0.22716153478849643], [0.13126383329319113, 0.39807613493764826, 0.2735932387557249, 0.1970667929134357], [0.18105180559731993, 0.3080039024045023, 0.24748490748314794, 0.2634593844150298], [0.1868767048790947, 0.280555286395964, 0.24758719643224572, 0.2849808121926956], [0.16880996020506642, 0.3153959120376645, 0.30569147149571174, 0.21010265616155732], [0.20918109387508066, 0.3240067861946233, 0.22975496260744654, 0.23705715722284945], [0.18206622652181567, 0.46494086186584993, 0.17925154626807527, 0.1737413652442591], [0.18275265938459168, 0.459458543596174, 0.20388477156164192, 0.15390402535759237], [0.24857408538127482, 0.37904534148765084, 0.18473324339329802, 0.18764732963777628], [0.24054109632982382, 0.3784440030573653, 0.18158047711138225, 0.19943442340142858], [0.22209543318457867, 0.414946651639968, 0.18997714204642516, 0.17298077302902815], [0.24130632288623205, 0.4438516827863421, 0.1463677246996219, 0.1684742695278039]], "ideal": "D", "sampled": "A", "correct": false}}
{"type": "result", "data": {"idx": 13, "options": ["92", "93", "94.5", "95"], "probs": [[0.09576503186460333, 0.3558332025648958, 0.42921248074054125, 0.11918928472995959], [0.11865827313821992, 0.36552377457738255, 0.10804413821443039, 0.40777381396996715], [0.07114570799192735, 0.27274701809381935, 0.5424109262404113, 0.11369634757384199], [0.15169388979296797, 0.15170595973308412, 0.10590157262288592, 0.5906985777510619], [0.08422429858795971, 0.10816036163678985, 0.48471784586827626, 0.3228974938069742], [0.09505635994761209, 0.09656162317570548, 0.3477162899773349, 0.46066572679934753], [0.12964659210616833, 0.14464213814732246, 0.5810711133537434, 0.14464015629276575], [0.170483278430097, 0.21218928601785886, 0.13915019189291028, 0.4781772435591338], [0.1294886940338389, 0.7451781504056039, 0.06511204803488743, 0.0602211074256698], [0.1866604820701048, 0.6722089597491085, 0.08680644565841897, 0.05432411242236764], [0.15128551196603818, 0.17967746882314586, 0.23801971614931464, 0.4310173029615013], [0.08340992342688908, 0.10381034964274044, 0.7319328998524387, 0.08084682697793173], [0.20053976174555238, 0.15618976483601776, 0.46628691351856255, 0.17698355979986732], [0.10991789563268795, 0.14791959743092845, 0.14791390518726813, 0.5942486016491155], [0.3429235364336978, 0.4614642949776393, 0.0654486090423905, 0.1301635594462724], [0.214552835692828, 0.483516222452168, 0.14978454631444132, 0.15214639544056266], [0.11290422164938485, 0.15923003969410726, 0.09809497815950491, 0.629770760397003], [0.20724384739449353, 0.24612057229676879, 0.36373568389738015, 0.18289989631135753], [0.07888798316351323, 0.18926458119876777, 0.3373895265665384, 0.39445790897118055], [0.0535096487467635, 0.13453435308488823, 0.21836194367950176, 0.5935940543888465], [0.09803037110639257, 0.41925667918599835, 0.07635096112960549, 0.4063619884780036], [0.049898343717203086, 0.34100975693679525, 0.5364867308370459, 0.07260516840895578], [0.06840217367628805, 0.14481674672767547, 0.07396219200505508, 0.7128188874909814], [0.13295276164529662, 0.5866315829175086, 0.19045105148919414, 0.08996460384800065]], "ideal": "B", "sampled": "B", "correct": true}}
{"type": "result", "data": {"idx": 14, "options": ["R <= T <= M <= L", "L <= T <= M <= R", "R <= M <= T <= L", "L <= M <= T <= R"], "probs": [[0.3422767621615014, 0.5643249321708492, 0.04560462520872359, 0.047793680358925804], [0.3354867906964824, 0.5531304929898626, 0.058299748563531, 0.053082967650124026], [0.43950090659666974, 0.467851109450224, 0.04632368459011841, 0.046324299262987825], [0.4384509324589015, 0.4523743986631061, 0.058418866241096816, 0.05075580253689563], [0.3684116601575558, 0.4957586228351745, 0.07844073324611177, 0.057388983661157925], [0.34975364426405825, 0.47065136358288423, 0.11179012146890754, 0.06780487058414998], [0.3830556910288147, 0.42733672371680936, 0.08155876595434877, 0.10804881920002714], [0.3750917873819482, 0.39309989867750644, 0.16132862912037324, 0.07047968472017214], [0.33873067564596987, 0.3720311064657734, 0.1703284744125326, 0.11890974337572409], [0.3180577432935935, 0.3034999049635722, 0.29416277782536326, 0.084279573817471], [0.3983526973904437, 0.5444878542060501, 0.03169302015036139, 0.025466428153144836], [0.39883425670543593, 0.5366952798619997, 0.03273865811957301, 0.03173180521299133], [0.45306966152710126, 0.44605026132342407, 0.05083380727517728, 0.05004626977429738], [0.43769853161409833, 0.45159773836543166, 0.059237057655120134, 0.05146667226534987], [0.34356274904904993, 0.49213720232870634, 0.10643288579670178, 0.05786716272554195], [0.344597712628254, 0.4859682240283995, 0.09720026390177744, 0.07223379934156902], [0.3590844259831178, 0.57382058877787, 0.03668320164953206, 0.03041178348948008], [0.3528478701859143, 0.5727347070962997, 0.038370903148715496, 0.03604651946907053], [0.287403879379769, 0.3990286260516621, 0.2420246135795637, 0.07154288088900511], [0.2848579734725571, 0.43436587567336044, 0.16746354718139403, 0.1133126035726884], [0.4163922055528699, 0.502269385323852, 0.04320747388762491, 0.03813093513565322], [0.4018720417952404, 0.5160188712857141, 0.041054271463328976, 0.04105481535571655], [0.32871619639651684, 0.4858192773245718, 0.09418056272797931, 0.09128396345093202], [0.33331988375980953, 0.47746713565434257, 0.12850909364645258, 0.060703886839395295]], "ideal": "D", "sampled": "D", "correct": true}}
{"type": "result", "data": {"idx": 15, "options": ["16", "2\\sqrt{2}", "5", "5+2\\sqrt{13}"], "probs": [[0.1634740850809446, 0.4174721079990737, 0.10391459951855, 0.3151392073014317], [0.23871725795266024, 0.2074203341991905, 0.20102639494316182, 0.3528360128049874], [0.17773127123314664, 0.11476515916422696, 0.2391770326361513, 0.4683265368664751], [0.15197584371185113, 0.10947217290809161, 0.6201858062463509, 0.11836617703370636], [0.21090148072962736, 0.49811258164859773, 0.08655673135612005, 0.20442920616565485], [0.12285061832890293, 0.47096505405540584, 0.33395871267884203, 0.0722256148368492], [0.2743172861564832, 0.14915439040497333, 0.10250746897305765, 0.47402085436548574], [0.2658367633924739, 0.21031211864430105, 0.17164183384064777, 0.3522092840225773], [0.29636489237992314, 0.20054367925666236, 0.07853101645626792, 0.4245604118071466], [0.2430703599390367, 0.1984079568668064, 0.42001186694528087, 0.13850981614887603], [0.24966042113281753, 0.31562126149986924, 0.1689330662459042, 0.265785251021409], [0.20472014945663772, 0.2755029530433109, 0.4135617212813116, 0.1062151761187398], [0.16708187757251758, 0.13218635319341587, 0.2393463998793628, 0.46138536925470375], [0.15001149585841653, 0.12633170280334433, 0.6121708795722907, 0.1114859216659485], [0.17260492617870044, 0.5153308144589381, 0.09384812833241493, 0.21821613092994643], [0.1807819442211959, 0.3173100030305321, 0.38876652424049035, 0.11314152840778166], [0.14531352519113755, 0.7855780398009489, 0.03617207929915242, 0.03293635560876116], [0.19804551059686215, 0.6596127170049085, 0.062319392548173445, 0.08002237975005586], [0.2810911212147164, 0.40900761866278523, 0.07684729991840923, 0.2330539601040891], [0.3324867063980131, 0.38270919526985087, 0.1865126438668756, 0.09829145436526042], [0.31888348940500694, 0.25227434917106656, 0.2026990531063601, 0.22614310821756642], [0.2864037155818638, 0.23014913497053824, 0.3348500430249104, 0.14859710632268758], [0.36596764493678724, 0.43461464470058625, 0.08425218179918896, 0.11516552846343753], [0.33233482889231797, 0.42674658452753883, 0.0789380553839663, 0.1619805310961769]], "ideal": "D", "sampled": "D", "correct": true}}
{"type": "result", "data": {"idx": 16, "options": ["8", "3", "6", "9"], "probs": [[0.18860069477462338, 0.28759802242019783, 0.2578057723325705, 0.2659955103726082], [0.1701478485570894, 0.2554360291786457, 0.2849617557693407, 0.28945436639492417], [0.17490477597596432, 0.36455147911611285, 0.2428500615882903, 0.2176936832196325], [0.1481917329253818, 0.30887630118505455, 0.24818953499413868, 0.29474243079542495], [0.1335605929330983, 0.21013061775629113, 0.3864919830838771, 0.2698168061267334], [0.15811121538686218, 0.24110420870418436, 0.31446042822490816, 0.28632414758404534], [0.12452581613556286, 0.26363547421381484, 0.3717900465512301, 0.2400486629993922], [0.10953106974902084, 0.20786439344885402, 0.3705594622098269, 0.31204507449229824], [0.1513035766823321, 0.29625437102118496, 0.2826924663900636, 0.26974958580641933], [0.1315668801598279, 0.23091916393535084, 0.27422138637212434, 0.36329256943269694], [0.13697951214257922, 0.2945645573700217, 0.3390457427731414, 0.2294101876142577], [0.12711012905234595, 0.26910487789913534, 0.3509809410980329, 0.2528040518504858], [0.156862087093794, 0.22824573044785051, 0.3480376756456105, 0.26685450671274497], [0.17032674935763267, 0.21532551300382538, 0.2808367227977796, 0.33351101474076233], [0.18178634885479136, 0.2860063697411624, 0.2371119480227331, 0.2950953332813131], [0.18280649583857095, 0.2744389608562354, 0.24600744268773944, 0.2967471005174542], [0.1821603178795806, 0.2692268490522094, 0.2956910133066125, 0.2529218196615975], [0.18139076771682863, 0.2723126492321169, 0.2944428412155764, 0.2518537417354781], [0.1366140883015301, 0.25925905282464995, 0.34887958609190406, 0.2552472726819159], [0.16713904589854905, 0.3026628927284113, 0.25888476930434945, 0.2713132919686902], [0.1855802414467161, 0.26584345495789363, 0.27428609538741994, 0.27429020810797033], [0.18241472812280898, 0.2696057597964475, 0.2654281297869514, 0.28255138219379206], [0.15591672622094685, 0.3569131280474705, 0.23407191130729801, 0.25309823432428463], [0.16418265805442442, 0.3938704909327, 0.22442441507645075, 0.21752243583642483]], "ideal": "A", "sampled": "C", "correct": false}}
{"type": "result", "data": {"idx": 17, "options": ["-2", "-4", "-1", "1"], "probs": [[0.21231186163161167, 0.1760200813844662, 0.35556246965920535, 0.25610558722471677], [0.1736364409966615, 0.17364223754801983, 0.42976153311237375, 0.2229597882429449], [0.25055552273138754, 0.2505630925214989, 0.20132950546306239, 0.2975518791840512], [0.23567844222577666, 0.23203042945835012, 0.34291302132416823, 0.18937810689170495], [0.21507230719371112, 0.3129357741897657, 0.2761615555630366, 0.19583036295348655], [0.21662812901184886, 0.27385021477509836, 0.34080709547004356, 0.16871456064300921], [0.23788594133773075, 0.31515695232770086, 0.22347639989958815, 0.22348070633498024], [0.21765932631346593, 0.31179059670485887, 0.2928963128693276, 0.17765376401234761], [0.24302927743579283, 0.2319078995908408, 0.293153924904681, 0.23190889796868533], [0.2486231885806967, 0.25254490592718565, 0.28616666364540017, 0.21266524174671747], [0.20038920934644897, 0.24552881741876922, 0.36286351898477653, 0.19121845415000524], [0.23205882069689893, 0.25888700341921483, 0.3074318537231921, 0.20162232206069416], [0.2650248706075765, 0.18502418695030098, 0.23026008901677655, 0.31969085332534597], [0.21167267312999827, 0.17008932693491177, 0.4343285754333585, 0.18390942440173147], [0.16000789163884988, 0.1600132560567992, 0.4777042198045546, 0.20227463239979632], [0.1881440998702241, 0.17675056788419602, 0.4045796631679721, 0.2305256689776078], [0.2715431749549166, 0.26733985540577637, 0.2715449630942597, 0.18957200644504732], [0.21708036310050594, 0.2537992520734411, 0.2831291471696147, 0.24599123755643823], [0.20658631312887832, 0.3005898847787513, 0.2694434781186032, 0.2233803238737672], [0.19674234994046366, 0.2647528569209212, 0.3675672003984287, 0.17093759264018643], [0.15659501356980426, 0.30185292517443113, 0.3641010089197693, 0.17745105223599528], [0.16788881765282898, 0.3040156318835043, 0.32871612413343637, 0.19937942623023033], [0.25537329148560217, 0.2361890304988161, 0.3383182186051182, 0.1701194593104635], [0.1972070155665968, 0.2165963927646282, 0.3627251900504016, 0.2234714015183734]], "ideal": "B", "sampled": "D", "correct": false}}
