{"type": "result", "data": {"idx": 0, "options": ["inflation had already impacted the economy before the fiscal stimulus.", "the economy initially had some unemployed resources.", "aggregate supply decreased.", "aggregate demand is steeply sloped."], "probs": [[0.09823708308427459, 0.6713527490373105, 0.12418659122675499, 0.10622357655165991], [0.1189384754740554, 0.6634094513831398, 0.13063173773363673, 0.08702033530916807], [0.08423076820218971, 0.14107332052588334, 0.6421773624426893, 0.13251854872923763], [0.152160169946239, 0.21459627469116663, 0.16452916210033036, 0.468714393162264], [0.1305791039104977, 0.17300436543449613, 0.6038192734941247, 0.09259725706088145], [0.1766285058947637, 0.31000591684727186, 0.04066297944496106, 0.4727025977130034], [0.7431991542549296, 0.08338820685436157, 0.07592394654730364, 0.09748869224340519], [0.7580019830899407, 0.09487866609339833, 0.059372298413538326, 0.08774705230312257], [0.8029862309407411, 0.1556692140970796, 0.011634499148203206, 0.029710055713976096], [0.7388848079353874, 0.211697817221903, 0.020315861365245956, 0.0291015133774637], [0.8342161431954395, 0.11467922752890773, 0.012086968372460047, 0.0390176608031927], [0.8021239280531539, 0.13723010232358082, 0.020080939531730384, 0.040565029991534836], [0.22068566996334613, 0.059402922476027, 0.5999215684251673, 0.11998983903545951], [0.45045169471938534, 0.07127714317288071, 0.09295887482318807, 0.3853122871845459], [0.460394654939428, 0.4604029399851281, 0.013902938121498157, 0.06529946685394569], [0.4828834081072545, 0.439678026384196, 0.028107606709399616, 0.04933095869914983], [0.5505288458085609, 0.11540413353087584, 0.02036943179865273, 0.3136975887619105], [0.5145638950594534, 0.16706386950146027, 0.24307208164263555, 0.07530015369645071], [0.13595163090387374, 0.04554231346365878, 0.723593334982083, 0.09491272055038442], [0.2862673976264178, 0.03419125054292263, 0.024244554157778927, 0.6552967975728806], [0.36418256363458146, 0.5640637309512277, 0.01676914663874945, 0.05498455867544136], [0.31038309643659173, 0.6172769964040482, 0.02547809604753303, 0.046861811011827015], [0.36951263496453784, 0.09945761077929924, 0.025944422058030072, 0.5050853320981329], [0.2855226163024875, 0.1576902454417516, 0.4857126284436789, 0.07107450971208203]], "ideal": "B", "sampled": "B", "correct": true}}
{"type": "result", "data": {"idx": 1, "options": ["II III and IV only", "I and III only", "II and IV only", "III and IV only"], "probs": [[0.431597597696066, 0.34142027501371214, 0.06315684733580344, 0.16382527985441844], [0.4727616099682355, 0.295845514056407, 0.05472618070305086, 0.17666669517230657], [0.43648880446475463, 0.36186070984382634, 0.04600575048091378, 0.1556447351105052], [0.4375717194754949, 0.33029510460226896, 0.04684603429260916, 0.185287141529627], [0.37769173561612407, 0.4279793127634447, 0.04171895452941015, 0.15260999699102104], [0.3534785521924121, 0.4330888704265029, 0.038439106335518, 0.174993470945567], [0.4618926065023756, 0.4140370503176854, 0.03452162084577582, 0.08954872223416312], [0.4518061301566228, 0.42442971487630676, 0.03886634758642798, 0.08489780728064246], [0.4861467850638078, 0.27270421789398985, 0.07572740428476343, 0.16542159265743892], [0.5899543165570629, 0.21702903506969723, 0.048425883049890685, 0.14459076522334915], [0.46983853498160305, 0.2894588030182047, 0.10816361814874734, 0.13253904375144487], [0.5990023344602161, 0.2345692112254828, 0.032753063761010864, 0.13367539045329016], [0.43340796947722965, 0.4071474756635951, 0.04094815785298719, 0.11849639690618806], [0.4413362706062693, 0.3716400188813514, 0.0502963543064577, 0.1367273561059216], [0.39900133009735267, 0.2829342782214472, 0.1490974277108822, 0.16896696387031795], [0.4980441515735487, 0.23160927748540044, 0.0493126931816574, 0.22103387765939342], [0.4794558262710453, 0.3144320634446382, 0.07705569494861753, 0.12905641523569894], [0.47880381824036594, 0.29962159617712625, 0.031090727313962698, 0.19048385816854507], [0.5807022918023099, 0.32069318766605975, 0.025916031911254415, 0.07268848852037584], [0.5899851684231981, 0.2701139317811618, 0.02552025735526976, 0.11438064234037033], [0.5678182328344534, 0.22941878777562355, 0.06996877595036065, 0.13279420333956235], [0.680344387515153, 0.18026904357055828, 0.024780734817126348, 0.11460583399716232], [0.6001186034907089, 0.18590759190319367, 0.052437641516431294, 0.16153616298966614], [0.6335207789670406, 0.19321087238145795, 0.027403163376973284, 0.14586518517452815]], "ideal": "D", "sampled": "D", "correct": true}}
{"type": "result", "data": {"idx": 2, "options": ["The price level rises but real GDP falls.", "Both the price level and real GDP rise.", "The price level rises but the change in real GDP is uncertain.", "Real GDP rises but the change in the price level is uncertain."], "probs": [[0.2100269343307192, 0.744614361255261, 0.023564539803509317, 0.021794164510510434], [0.23609624888657998, 0.7048575903696445, 0.03296672192246384, 0.02607943872131174], [0.16140214629286484, 0.16140724249031535, 0.6187329683521817, 0.05845764276463805], [0.2521753775431791, 0.21570140486355924, 0.03059265602708459, 0.5015305614661771], [0.1530411850734584, 0.162916959529596, 0.6343550728696652, 0.049686782427280377], [0.2932365932734975, 0.2978595892814573, 0.026436385650999192, 0.38246743169404607], [0.8106572838215482, 0.14087193533815937, 0.013948178186216614, 0.034522602554075826], [0.7715645194941944, 0.18042215053153676, 0.019016346846498063, 0.028996983027770765], [0.852492654273561, 0.1209094250072663, 0.009178979868032337, 0.017418940751140307], [0.7757380080198073, 0.1871559647570641, 0.01293667312099282, 0.024169354002135775], [0.7373618188917138, 0.22842452863804286, 0.013295889444268775, 0.0209177629259746], [0.7207224964374798, 0.24141250548332793, 0.012019196524014182, 0.025845801455178136], [0.19009919462687172, 0.19614002106612513, 0.5500836967871853, 0.0636770874198179], [0.28196895434833247, 0.22306151935158966, 0.05135113430274634, 0.4436183918973315], [0.1520330483138257, 0.7842504930698763, 0.02405526664159598, 0.03966119187470202], [0.18189021773782327, 0.7539181042275089, 0.024234654153744952, 0.039957023780922786], [0.2955612175863191, 0.1764920463275539, 0.04063025770756525, 0.4873164782785618], [0.14152778789124068, 0.137179509813624, 0.654437606376811, 0.06685509581832424], [0.14443846674675975, 0.11249275578966812, 0.6890946215241712, 0.05397415583940092], [0.25952940403222324, 0.12259549280980661, 0.0329957818059177, 0.5848793212520524], [0.16969026338994028, 0.7846432791949907, 0.01964311827375992, 0.026023339041309115], [0.23905275557779007, 0.7026193836009909, 0.022235459003334495, 0.03609240171788454], [0.34895075143999393, 0.1303966670441616, 0.04367671259078323, 0.4769758688250612], [0.1324324697526373, 0.10809247456486791, 0.6939144419670089, 0.06556061361548586]], "ideal": "D", "sampled": "B", "correct": false}}
{"type": "result", "data": {"idx": 3, "options": ["result in lower domestic prices.", "sometimes raise and sometimes lower the amount of the product sold domestically.", "lower the amount of the product sold domestically.", "raise the amount of the product sold domestically."], "probs": [[0.12106133498288563, 0.7416031371629304, 0.09138310703626017, 0.045952420717923825], [0.08001675008833713, 0.8338076005522297, 0.047780723430240694, 0.03839492582919246], [0.04952857864280574, 0.2554946655745715, 0.6323632879979334, 0.06261346768468933], [0.09222606970095495, 0.44692064642457885, 0.06642835339133923, 0.3944249303831269], [0.05537728654088578, 0.16276814223801775, 0.6960797983018836, 0.08577477281921289], [0.012398491573702012, 0.05470540691062051, 0.8557467982409371, 0.07714930317474035], [0.26732279062530995, 0.14995888544425814, 0.42056866375928526, 0.16214966007114667], [0.3529745936040763, 0.18312627075271398, 0.21746447680206032, 0.24643465874114936], [0.4929659659945313, 0.34415056369144764, 0.03627269185852029, 0.12661077835550075], [0.4622343876174946, 0.4143486377555731, 0.0655590649921397, 0.05785790953479263], [0.43870295762494205, 0.33115406834288724, 0.0414484130863103, 0.1886945608458604], [0.3887971283285871, 0.4138785240552423, 0.1242680530979931, 0.0730562944181775], [0.0759127047517014, 0.15576710965916832, 0.6981084866204487, 0.07021169886868166], [0.20315061356218714, 0.17107286920123568, 0.08208035615695998, 0.5436961609796171], [0.07429872122588149, 0.8773098481301129, 0.02608148340330322, 0.022309947140702342], [0.11873546845556984, 0.8242008429616736, 0.035098433753699296, 0.021965254729057266], [0.19009917901753592, 0.2853763688615081, 0.046585861415280434, 0.47793859060567556], [0.330051822105105, 0.40439508232330323, 0.17944890813119055, 0.08610418734040125], [0.041361012050168476, 0.11420443504542564, 0.7683560842420788, 0.07607846856232711], [0.07933501094281802, 0.12287911679947099, 0.33401986704391984, 0.4637660051137912], [0.08551975000661927, 0.824178412392028, 0.036781965749061875, 0.05351987175229079], [0.17066551679653383, 0.6964322301926951, 0.07573335588810479, 0.05716889702266636], [0.09216090761214053, 0.33711408560737216, 0.048565624692184214, 0.5221593819883031], [0.15147898864007672, 0.6278713847386098, 0.14682045358708876, 0.07382917293422472]], "ideal": "C", "sampled": "B", "correct": false}}
{"type": "result", "data": {"idx": 4, "options": ["expansionary monetary policy.", "contractionary monetary policy.", "a depreciating dollar.", "fiscal policy designed to reduce the budget deficit."], "probs": [[0.4659831245681694, 0.27828340061007245, 0.07035584327734228, 0.18537763144441582], [0.4583377930806692, 0.24536468479423718, 0.11957135260825623, 0.17672616941683744], [0.41105475864526286, 0.41755640347016937, 0.04986836369631064, 0.12152047408825713], [0.2277041328189418, 0.20736029178931273, 0.4059561970106403, 0.1589793782811052], [0.26860046384032743, 0.6443782448124238, 0.043849453325655034, 0.043171837921593764], [0.2752780698047396, 0.5828045183673188, 0.05253967798839164, 0.08937773373954987], [0.6276567343867724, 0.11794356561228007, 0.07734418371499319, 0.17705551618595436], [0.5212525996697848, 0.12001241623219948, 0.24241675208258331, 0.1163182319154324], [0.5879319905646809, 0.19088684020517738, 0.044634565706557966, 0.17654660342358375], [0.2624806922608033, 0.1299600235263671, 0.5139583080663801, 0.09360097604644951], [0.38523116416929926, 0.5432907897935605, 0.03212067088073651, 0.03935737505640372], [0.4413970163732622, 0.4698935782126438, 0.036803910311137875, 0.05190549500295612], [0.3498017554715978, 0.4856774300908664, 0.047341999543604144, 0.11717881479393161], [0.2414097731749008, 0.3404733164162211, 0.3004543713823278, 0.11766253892655032], [0.2756024249441539, 0.6019971854010758, 0.03291718227613894, 0.08948320727863132], [0.15797875937713984, 0.47910219783091396, 0.29058456634494967, 0.07233447634699657], [0.1534617456941297, 0.804107460467506, 0.026254759312039546, 0.01617603442632465], [0.18635243453237182, 0.7370668162721462, 0.051749651154911, 0.024831097940571], [0.6511629259558949, 0.2550120069670401, 0.027300441787458295, 0.06652462518960678], [0.6498933557779868, 0.1891399335365523, 0.022588636945617274, 0.13837807363984364], [0.528258122588411, 0.3864984785508219, 0.022147668228340054, 0.06309573053242701], [0.5926381525590894, 0.30270341937803374, 0.020598710195112002, 0.08405971776776493], [0.7289542500768743, 0.15521240117180626, 0.027395404668427263, 0.0884379439828922], [0.6622395190106998, 0.18974807144006817, 0.05696979770488479, 0.0910426117443473]], "ideal": "B", "sampled": "D", "correct": false}}
{"type": "result", "data": {"idx": 5, "options": ["nominal GDP falls.", "the nominal interest rate falls.", "bond prices fall.", "the supply of money falls."], "probs": [[0.21953787416090195, 0.47953290578995933, 0.048226965293220556, 0.25270225465591817], [0.19619611488395303, 0.4706718465415398, 0.20243022447082346, 0.13070181400368366], [0.1776915665939316, 0.2317678962679584, 0.25854859138747305, 0.33199194565063694], [0.11518326544889196, 0.12850480600253936, 0.5162369935170728, 0.24007493493149595], [0.13625717618561148, 0.7366200335689143, 0.05860466333429818, 0.06851812681117606], [0.11838738001659044, 0.6603295458021043, 0.04355311911213104, 0.17772995496917415], [0.517161615396902, 0.14139141351644027, 0.06890621883338387, 0.27254075215327384], [0.5577262084949056, 0.15488366896513742, 0.12251839876826096, 0.16487172367169597], [0.4750471849434949, 0.19496651828314268, 0.046307446740530146, 0.28367884993283227], [0.5329183458656246, 0.1930186493431426, 0.0955485648316388, 0.17851443985959395], [0.5097314354085167, 0.3503430237400461, 0.026183919987837416, 0.11374162076359978], [0.5358146478427702, 0.30057487168672936, 0.030228993202600737, 0.13338148716789963], [0.25228838633687, 0.19344968754798966, 0.2727978093826849, 0.28146411663245546], [0.18241373518134724, 0.1334655493423488, 0.48061405775870125, 0.2035066576176027], [0.3417767805612267, 0.2969500355807267, 0.04018708228244909, 0.3210861014755976], [0.3576969503998687, 0.2700154483048313, 0.2006544321574782, 0.17163316903782172], [0.211437671503316, 0.6512863746165845, 0.02409653185837912, 0.11317942192172045], [0.26114811504828267, 0.6363417395499498, 0.02884612266187065, 0.07366402263989695], [0.692972408669204, 0.13226149728574657, 0.03615723855139024, 0.13860885539365922], [0.6215086555548305, 0.130279764034685, 0.03674629689107575, 0.2114652834194088], [0.7086022972772579, 0.146233243264351, 0.025811114844520096, 0.11935334451387108], [0.7494015282508961, 0.11139201788599172, 0.018761070537590838, 0.12044538322552126], [0.6028526424758781, 0.16741111872906272, 0.03401105105536812, 0.1957251876396911], [0.7258102160665778, 0.12035479412526172, 0.023698774733554615, 0.1301362149746058]], "ideal": "B", "sampled": "D", "correct": false}}
{"type": "result", "data": {"idx": 6, "options": ["means that no inferior products will be produced.", "implies that the economy's output is distributed evenly.", "means that those who work hardest will get more.", "implies that resources are used to produce the goods and services society desires in just the right amounts."], "probs": [[0.0012899431620892981, 0.002999234351584651, 0.008152661200525851, 0.9875581611858002], [0.000813213349280195, 0.002504896418799122, 0.9948776815341049, 0.0018042085978157007], [0.0013976315088537405, 0.0019103628118584959, 0.00709775033013737, 0.9895942552491503], [0.000517536141184255, 0.002079145564796086, 0.9960817326640844, 0.0013215855299353028], [0.00017124035300543477, 0.9994257225328628, 0.00029587508554214934, 0.00010716192858967377], [0.00014649793194131713, 0.9996200825109387, 0.00016089580234833814, 7.252365477160827e-05], [0.0009471820409097112, 0.001913378313398726, 0.005986344273881539, 0.9911530952718101], [0.0006952070004227827, 0.0032652512204697213, 0.9943455490160182, 0.0016939926630892368], [0.001122533362066627, 0.0015585071648285547, 0.008165813100070779, 0.989153146273034], [0.0007752551339538816, 0.0028804486453711756, 0.993956326458025, 0.0023879696626499473], [0.00010719223057989677, 0.9997333447339962, 0.000122416970218539, 3.704596520529112e-05], [0.0001376232561090376, 0.9996313607587303, 0.0001660052246986571, 6.501066046202574e-05], [0.0006016141068448293, 0.0020998561984902904, 0.006885075711756259, 0.9904134538829086], [0.00030201651504922165, 0.002080095787235556, 0.9965387409181125, 0.0010791466796027448], [0.0008574213244707004, 0.002259023130513973, 0.011472084859974863, 0.9854114705850404], [0.0005672971431717055, 0.0026231731331476382, 0.9941450483732265, 0.002664481250454207], [0.00014086357970566216, 0.9994609264287061, 0.00028233609888670243, 0.00011587379270153398], [0.00016083338036927032, 0.9992247297422412, 0.00045106595028797836, 0.00016337082710151413], [0.9945717054326256, 0.004064614499165361, 0.0008387759027875481, 0.0005249040654214627], [0.9979957976843388, 0.0015240854177042185, 0.0003219673538942086, 0.0001581494440628449], [0.990963679587157, 0.006997539911922709, 0.0012159854020474755, 0.0008227949988727255], [0.991828904938836, 0.006180735592146523, 0.0011796088040375902, 0.0008107505649798313], [0.9973301952839582, 0.0020817830363676904, 0.0003850881501179389, 0.0002029334295562298], [0.9970444121083971, 0.0022502964572142046, 0.00046437130333775876, 0.00024092003105096377]], "ideal": "D", "sampled": "D", "correct": true}}
{"type": "result", "data": {"idx": 7, "options": ["production within a nation's borders.", "production by a nation's citizens wherever they may be.", "income earned by the factors of production plus depreciation and indirect business taxes.", "(A) and (C)"], "probs": [[0.04396668411752112, 0.01320146478691075, 0.03166817101797659, 0.9111636799775915], [0.14736151756586446, 0.032371815880625744, 0.10614223494176811, 0.7141244315117417], [0.035502555561612616, 0.3115300166102974, 0.02364997923575247, 0.6293174484923375], [0.009675315490186182, 0.898594907408175, 0.08358211736679474, 0.008147659634843986], [0.04281674325037989, 0.06328041105829675, 0.03387118130583606, 0.8600316642854873], [0.04151638130165792, 0.07756520582024597, 0.7957278426801451, 0.08519057009795102], [0.0232929703842372, 0.012274763745346225, 0.01931067627113615, 0.9451215894992804], [0.054470711262601085, 0.11003656848219225, 0.10665027210018864, 0.728842448055018], [0.023644271442915726, 0.18890909215341203, 0.02852074706013381, 0.7589258892435384], [0.02126317883187948, 0.6932312378568478, 0.1046618540603659, 0.1808437291509068], [0.04767138332876003, 0.10251216952549858, 0.06828704966342612, 0.7815293973823153], [0.04240570469704626, 0.06991770534517783, 0.4023435057204059, 0.48533308413737003], [0.2616635496649936, 0.020818097513450342, 0.017258604667124262, 0.7002597480544317], [0.7093658938361775, 0.09018713089682195, 0.17935731724730322, 0.021089657919697254], [0.24255678168194328, 0.013684409732886307, 0.019601650625377467, 0.724157157859793], [0.6179555262556967, 0.034322919009585034, 0.10572024509280148, 0.2420013095419167], [0.8762090507544502, 0.07776870317009868, 0.02604906545899496, 0.01997318051645616], [0.46351646595348966, 0.05711779274581629, 0.03009821237530597, 0.44926752882538806], [0.03331692417178401, 0.0575679672431608, 0.022543668072840212, 0.8865714404122149], [0.014079536506280639, 0.06409618771205644, 0.871118197983717, 0.050706077697945905], [0.04393135608523534, 0.03585683806361978, 0.0649274416786065, 0.8552843640725384], [0.020962145985842985, 0.02734099935800798, 0.5240041945572095, 0.4276926599989396], [0.02143406208545268, 0.8169817058765242, 0.14878446458071132, 0.0127997673573118], [0.03117808792214011, 0.4877151991748422, 0.037025214341312, 0.4440814984617057]], "ideal": "D", "sampled": "C", "correct": false}}
{"type": "result", "data": {"idx": 8, "options": ["accounting cost", "switching cost", "inferior cost", "opportunity cost"], "probs": [[0.0006532976803982979, 0.001146576088301453, 0.003531700682147936, 0.9946684254491523], [0.001369929461197359, 0.010281905008896652, 0.9852609429639891, 0.0030872224659167905], [0.0010923292886182705, 0.0023488805519516673, 0.0034714236915780435, 0.993087366367852], [0.0008353470157985782, 0.007104413808952356, 0.9905237869315479, 0.0015364521437012163], [0.00047250534807889895, 0.9987900322528074, 0.00045087119148123043, 0.00028659110763244917], [0.00030041774053597535, 0.9990388718047486, 0.00045098346741993014, 0.00020972688729552978], [0.0005851937957375273, 0.0012007428892322177, 0.004256995292494284, 0.9939570679225359], [0.0013488019424059028, 0.009811870214396043, 0.9853407538159306, 0.0034985739272674755], [0.0005852230678148987, 0.0014712528423275909, 0.003937272722139203, 0.9940062512677184], [0.001070465263762333, 0.008823942007993578, 0.9885480568550842, 0.001557535773159902], [0.0006159852972399604, 0.9983407690743397, 0.0006064425006362025, 0.0004368030277842148], [0.0005270767914059925, 0.9987126948681619, 0.0005189121189307895, 0.00024131612150128957], [0.0011478901166496662, 0.0006854399121872347, 0.0023553245750637677, 0.9958113452960993], [0.00135826945883689, 0.004891327456096289, 0.9922586175992678, 0.001491785385798947], [0.0008807094685161309, 0.0005258986070761216, 0.002112717897352362, 0.9964806739270554], [0.002449251036176673, 0.007427295034516771, 0.9881244052513379, 0.0019990485779686337], [0.00041715374390714516, 0.999194835701177, 0.000291222163620859, 9.678829129502315e-05], [0.0005526013901084068, 0.9991273311953766, 0.00023398781201548484, 8.607950249954953e-05], [0.9837399020515303, 0.009796089050814452, 0.0033329773496740094, 0.00313103144798125], [0.9838604666769792, 0.0094958528391579, 0.0038366998923819126, 0.0028069804914809164], [0.9827649704491229, 0.010417557439297905, 0.003382111472140731, 0.00343536053943848], [0.9873258593653846, 0.008024487706172914, 0.0027732115027647385, 0.0018764413256777586], [0.9865061786757644, 0.008669323823746234, 0.0029496169700480605, 0.0018748804304412614], [0.9875153060738832, 0.007901593848815872, 0.002646725326999342, 0.0019363746503016435]], "ideal": "D", "sampled": "D", "correct": true}}
{"type": "result", "data": {"idx": 9, "options": ["there is no cyclical unemployment.", "the inflation rate is zero.", "there is no structural unemployment.", "the nation is experiencing a recession."], "probs": [[0.3385222902335302, 0.13051630749762694, 0.12260583224569319, 0.4083555699231497], [0.06909405259224363, 0.06291270091355701, 0.8417672890612221, 0.026225957332977282], [0.33654308441098435, 0.19784811210832434, 0.05324938540093595, 0.41235941797975534], [0.24091901645565225, 0.15800370774712463, 0.5779557410519921, 0.023121534645230996], [0.14472580501218682, 0.8072246978130155, 0.02514968834521378, 0.0228998087295839], [0.18707405160007723, 0.7515527059307243, 0.05114343390364262, 0.010229808465555797], [0.2478244845062517, 0.31328894984668687, 0.10013159139649035, 0.3387549741505711], [0.11496218866506686, 0.18371578775422748, 0.6615903278286728, 0.03973169565203293], [0.215578854062457, 0.22242960331599862, 0.1528708338584617, 0.4091207086630827], [0.2088007370799211, 0.27233700521279663, 0.4420451588910137, 0.0768170987162686], [0.08946287102664695, 0.7850226949213993, 0.1045936818311038, 0.02092075212084987], [0.08182415958003235, 0.8264049732900839, 0.05712290373761989, 0.034647963292263856], [0.19691511913314083, 0.41687899668488837, 0.05641806476588351, 0.3297878193160873], [0.169180695952154, 0.2789392846992497, 0.529337659313616, 0.02254235993498036], [0.196005317192026, 0.13471699964102996, 0.18413290535750593, 0.48514477770943815], [0.19786520447738098, 0.13388721743293266, 0.5463414232358974, 0.12190615475378899], [0.22277476713760194, 0.6346369962483726, 0.13096395355247584, 0.011624282961549633], [0.20366289657259604, 0.657440144644814, 0.042690274733837075, 0.09620668394875287], [0.4182535588692446, 0.5370521774950759, 0.02182308491460855, 0.02287117862107087], [0.3992395880817173, 0.5372407084955917, 0.05236917600079116, 0.011150527321899832], [0.4649435038801663, 0.1999742135219015, 0.25677044838041474, 0.07831183411751745], [0.4867389338786476, 0.181884036810452, 0.17086273467585097, 0.1605142945350494], [0.5071366987083601, 0.4011811285721832, 0.07537957223958298, 0.016302600379873737], [0.5495459209273562, 0.366078758908774, 0.034050526514632404, 0.05032479354923736]], "ideal": "A", "sampled": "D", "correct": false}}
{"type": "result", "data": {"idx": 10, "options": ["pay that amount to its trading partners.", "have a positive value of equal magnitude on its capital account.", "depreciate its currency.", "appreciate its currency."], "probs": [[0.4972076412189666, 0.11627192690067183, 0.2348735016198725, 0.15164693016048902], [0.7325825481457625, 0.11411725219517108, 0.02796519053830279, 0.12533500902076364], [0.4141365949850272, 0.45484922333339967, 0.021273571995488866, 0.10974060958608425], [0.41835848291125527, 0.47406971957645644, 0.019875376378041525, 0.08769642103424677], [0.647704128005242, 0.12170301444563114, 0.016993353236592814, 0.213599504212534], [0.6361392041364575, 0.18513196663112083, 0.06104957416803491, 0.11767925496438676], [0.46457376514212007, 0.309484676735393, 0.11208683835792142, 0.1138547196645655], [0.4059328734468792, 0.47459504003547204, 0.03437938540830141, 0.08509270100934732], [0.4533456191950551, 0.26238951914156644, 0.19499017188318815, 0.0892746896801903], [0.4267688317720132, 0.3272241226298878, 0.031402611877000365, 0.21460443362109857], [0.43439322314646434, 0.13457780387115598, 0.2761310205261558, 0.15489795235622386], [0.4121810320257539, 0.16916655506488462, 0.10260244018608819, 0.3160499726232733], [0.8488012571962166, 0.08946461134462942, 0.009139316819501468, 0.052594814539652514], [0.9067967170014741, 0.06777429308595899, 0.004758485401863409, 0.02067050441070351], [0.8322513614215213, 0.08772089125603424, 0.02513226462158459, 0.05489548260085982], [0.8410924398791302, 0.06904222846859999, 0.011628551136685738, 0.07823678041558411], [0.8521832219721495, 0.08307063735808425, 0.017412515985573765, 0.047333624584192525], [0.8195591309306937, 0.07274128482226801, 0.011330886492248688, 0.09636869765478964], [0.5661211820170846, 0.19261882424733665, 0.01605982393088615, 0.22520016970469253], [0.6422674631345712, 0.2635924806048414, 0.03623474747982838, 0.05790530868075903], [0.4780639325228865, 0.12867621161289666, 0.14132013057190193, 0.25193972519231495], [0.3756885230165541, 0.06528832017722513, 0.39993730183416704, 0.15908585487205376], [0.40845990163834234, 0.5411296283360642, 0.023043911713129646, 0.027366558212463817], [0.4103358597664309, 0.5187230594583527, 0.011823764747738693, 0.05911731592747761]], "ideal": "B", "sampled": "C", "correct": false}}
{"type": "result", "data": {"idx": 11, "options": ["The cash you receive from babysitting your neighbor\u2019s kids", "The sale of illegal drugs", "The sale of cucumbers to a pickle manufacturer", "The sale of a pound of tomatoes at a supermarket"], "probs": [[0.00183187907517952, 0.007593375841189893, 0.652210134467806, 0.3383646105158246], [0.0009962881808161655, 0.008212906604044397, 0.8643150640646029, 0.1264757410505365], [0.0019977798259635405, 0.9422947187153483, 0.013652039719048154, 0.04205546163964003], [0.024657792996136, 0.8692903396369009, 0.09305752682885632, 0.01299434043810669], [0.002415773748769818, 0.9746258832720008, 0.008836386854709223, 0.014121956024520092], [0.009491540689206048, 0.9682051033074307, 0.019173197810153295, 0.003130158093209975], [0.0022996706703234115, 0.01223975801468232, 0.5539980745717482, 0.4314624966432461], [0.001592772577405735, 0.015112483229658767, 0.787316218070169, 0.19597852602276647], [0.001938974771778608, 0.746429538597667, 0.016749675779073884, 0.2348818107514805], [0.0018437817243320631, 0.6879631026327541, 0.3005320914640524, 0.009661024078861416], [0.0018662781155125245, 0.8802630822939076, 0.011080396081921927, 0.10679024340865796], [0.0013104852459692785, 0.9724236602938948, 0.023965790168977555, 0.0023000641911582894], [0.19862247678793069, 0.026465478729029535, 0.02525185935441999, 0.7496601850286198], [0.3062245868303963, 0.05078429766075821, 0.6186261818582052, 0.024364933550640292], [0.14095065757632597, 0.018780884414235796, 0.029086630497035956, 0.8111818274124023], [0.037682599052209685, 0.015957788958965, 0.9274105117783338, 0.018949100110491505], [0.47075288518601077, 0.5090450539685325, 0.012350495650398518, 0.007851565095058188], [0.3171270613421549, 0.6609989662570714, 0.012296351152589952, 0.009577621148183661], [0.740248542906767, 0.03103647119339484, 0.01661165390751635, 0.21210333189232178], [0.7590558704872558, 0.035505291897635856, 0.1949438050879754, 0.010495032427132981], [0.7498073858936855, 0.02336206934060752, 0.015320387025305601, 0.21151015764040143], [0.9007048811954544, 0.016242650563803227, 0.07628158148817325, 0.0067708866525690555], [0.8699092278775317, 0.12338656100637506, 0.004709732401386025, 0.0019944786147072582], [0.922154035360531, 0.07111266741433209, 0.003888257171903245, 0.002845039953233635]], "ideal": "D", "sampled": "D", "correct": true}}
{"type": "result", "data": {"idx": 12, "options": ["5 percent decrease", "\u00bc percent increase", "3 percent increase", "5 percent increase"], "probs": [[0.1955363990011063, 0.4476005599170191, 0.12824003014950955, 0.22862301083236508], [0.20161729748591292, 0.44731982871410636, 0.13642559740929106, 0.21463727629068965], [0.2060550718391257, 0.4098029671228959, 0.16818302617502684, 0.21595893476295158], [0.21468367320189816, 0.42696173267153165, 0.12621003764231642, 0.23214455638425374], [0.26408899221296195, 0.2767732482390978, 0.23673738889617726, 0.22240037055176298], [0.2391547155518966, 0.25458877138085917, 0.21776128329716293, 0.28849522967008134], [0.09823195049782059, 0.5742036357422478, 0.1321912030927549, 0.1953732105671768], [0.10125305285612028, 0.620264145236641, 0.09512211132480258, 0.18336069048243617], [0.12091196056933154, 0.2520100715800178, 0.3903274150474285, 0.2367505527032221], [0.17096833539322256, 0.46475139391813247, 0.11935824209915236, 0.2449220284894926], [0.14692794837293158, 0.28322171318018297, 0.31596170911127625, 0.25388862923560923], [0.19982626733130301, 0.36754780214614624, 0.20617654656354426, 0.22644938385900645], [0.11062585475684734, 0.5980547426373585, 0.10891473941397731, 0.18240466309181683], [0.10319479861404104, 0.6223601883730857, 0.08163697515019915, 0.19280803776267413], [0.13995565055533457, 0.47347693219585246, 0.20684904731681591, 0.17971836983199702], [0.1600476264811308, 0.613538049604412, 0.06883732485221852, 0.15757699896223867], [0.13660445807998275, 0.20507743952607735, 0.35992500182367243, 0.2983931004702675], [0.23584353921439172, 0.2844918667985619, 0.2510635554539433, 0.22860103843310303], [0.15615864096510465, 0.504102826068059, 0.15136003492749095, 0.18837849793934544], [0.1405723690846061, 0.49066528673033716, 0.1543955504739861, 0.21436679361107064], [0.12698585810785246, 0.6449010727319041, 0.1069353555432555, 0.12117771351698796], [0.1286654602061373, 0.7176510583986769, 0.07563989496011278, 0.078043586335073], [0.14003083317117546, 0.4591602453005146, 0.17702284717313746, 0.22378607425517247], [0.16467843457368006, 0.5571157169644508, 0.1499460145697251, 0.12825983379214398]], "ideal": "D", "sampled": "A", "correct": false}}
{"type": "result", "data": {"idx": 13, "options": ["more effective in X because the policy will increase net exports.", "more effective in X because the policy will decrease net exports.", "equally effective in X and Y.", "less effective in X because the policy will decrease net exports."], "probs": [[0.4883911133553291, 0.38037145412837314, 0.0917672444439801, 0.03947018797231765], [0.5596616592607465, 0.33419911431685245, 0.06684288803207933, 0.039296338290321635], [0.7033595835101347, 0.195322166847398, 0.05773559162201004, 0.043582657920457256], [0.669605230377982, 0.17197545767962924, 0.10430494493793441, 0.05411436690445436], [0.6681930310100119, 0.27423157825543193, 0.02216089665770936, 0.03541449397684681], [0.5163333886488257, 0.42142494488293425, 0.0451167065856245, 0.017124959782615554], [0.3478690398392941, 0.5646633638525324, 0.04782098139321329, 0.039646614814960277], [0.32712335853539093, 0.5564713130247522, 0.08401393520054218, 0.03239139313931472], [0.33922463452009843, 0.11013944603544205, 0.4784071241025425, 0.072228795241917], [0.530429987232691, 0.17493086008880465, 0.14961842299285882, 0.14502072958564555], [0.41150642816912963, 0.41151939217980166, 0.13359930067810202, 0.04337487887296667], [0.35760766663858123, 0.5453003109293548, 0.04476013456686915, 0.05233188776519481], [0.1072921066282372, 0.6271617318485596, 0.19734459819392927, 0.06820156322927391], [0.1338146666695374, 0.7234055018716501, 0.10260020501184272, 0.04017962634696978], [0.06143490711422788, 0.2931050414504753, 0.5920821537990764, 0.053377897536220534], [0.09823692223054822, 0.6926550606446567, 0.04713505330452396, 0.16197296372027112], [0.08469385416255373, 0.07956691608247261, 0.8162406454096897, 0.019498584245283928], [0.1305459769941577, 0.3439616551089552, 0.11702242936313301, 0.40846993843375407], [0.38694428384677715, 0.5630087109052608, 0.022877713066495543, 0.02716929208146645], [0.4261488493368631, 0.5221366366347787, 0.02404162236396836, 0.02767289156438982], [0.45930517399643106, 0.42479810747425756, 0.08364670102425452, 0.03225001740505682], [0.4589851208670876, 0.46622479044123466, 0.029341986454588735, 0.04544810213708901], [0.4681170057576634, 0.12599881872025542, 0.3533607847870303, 0.05252339063505086], [0.48146032454296867, 0.11084615933589044, 0.33612678954191, 0.07156672647923087]], "ideal": "D", "sampled": "A", "correct": false}}
{"type": "result", "data": {"idx": 14, "options": ["Unemployment falls with little inflation.", "Unemployment rises with little inflation.", "Unemployment falls with rampant inflation.", "Unemployment rises with rampant inflation."], "probs": [[0.6848111416364923, 0.3038851471295049, 0.007035939147114461, 0.004267771986888357], [0.6066367809198591, 0.3679462420758013, 0.013402568195176713, 0.012014408709162963], [0.6437875043772616, 0.2901819949496593, 0.05202693501344651, 0.014003565559632619], [0.5951827830432785, 0.31858426685333574, 0.043115709454528056, 0.04311724054885768], [0.4497187649433841, 0.26438658934447906, 0.2522804391824667, 0.03361420642967017], [0.7609592073008046, 0.19240184093377044, 0.01372146590817912, 0.03291748575724589], [0.44761644851895377, 0.5399320371436841, 0.006903805618682117, 0.0055477086186800535], [0.3822621139650042, 0.6108567766703991, 0.00405212960862285, 0.002828979655973895], [0.4769073710505517, 0.14319912451260544, 0.3489235847197883, 0.030969919617054503], [0.6977235882098203, 0.19375314393946577, 0.02387503605469837, 0.08464823169601558], [0.6747178233569324, 0.19635749766181815, 0.10510292334986954, 0.023821755531379937], [0.7880953747722823, 0.12085940246491385, 0.011781146113598677, 0.07926407654920514], [0.025817710008023444, 0.95379325409307, 0.016669401319022233, 0.003719634479884266], [0.03512086039282953, 0.9492594179541454, 0.010062435828306033, 0.00555728572471906], [0.03295568724425129, 0.23237106028579255, 0.7046650594910762, 0.030008192878879934], [0.07509705888857521, 0.6000102534286345, 0.2173122533449681, 0.10758043423782221], [0.06246226675876165, 0.22848713352586278, 0.661156576953508, 0.047894022661867514], [0.0991547241833785, 0.3983600079859293, 0.32009639855854916, 0.18238886917214303], [0.026867541523357436, 0.8759503062361962, 0.08948407894665658, 0.007698073193789809], [0.019385780863340182, 0.9487766208038372, 0.024126123749193144, 0.0077114744836294475], [0.04736472791292657, 0.5506139705949425, 0.34999851543689364, 0.0520227859552373], [0.05716360636378149, 0.7891323514949723, 0.045221243068273194, 0.10848279897297308], [0.036316556279834815, 0.1482010235205417, 0.7409624555810754, 0.07451996451854802], [0.13196055983059923, 0.358721892759747, 0.36437646636825266, 0.1449410809414011]], "ideal": "A", "sampled": "A", "correct": true}}
{"type": "result", "data": {"idx": 15, "options": ["70%.", "30%.", "40%.", "90%."], "probs": [[0.16305497530044216, 0.35617617299833765, 0.3345950891427645, 0.14617376245845567], [0.15695904427626298, 0.3649746829647627, 0.18934163731442372, 0.28872463534455056], [0.11766808478847657, 0.5032392143699946, 0.27360773083811774, 0.10548496990341101], [0.12101921551854311, 0.47867608549328683, 0.1845437936910729, 0.21576090519709715], [0.15980419753092184, 0.20844501565465576, 0.3955524920358953, 0.23619829467852704], [0.11999177752737658, 0.16660888243128397, 0.48208879701310337, 0.2313105429282361], [0.18099602374096851, 0.23980663296298063, 0.37726284756149014, 0.2019344956345607], [0.1557047436545687, 0.19685208185367575, 0.19684187455780267, 0.45060129983395286], [0.16095273674764243, 0.39222623082727603, 0.27812663546780936, 0.16869439685727217], [0.12118284516106244, 0.21945567772436717, 0.21604423586123178, 0.4433172411533386], [0.08221187064176645, 0.1196290903998085, 0.6268013995319278, 0.17135763932649725], [0.1512870847260414, 0.1853792109674081, 0.4177485753029918, 0.2455851289035587], [0.16723938040546443, 0.24718502512971005, 0.40753632835964426, 0.1780392660051812], [0.1622888743715122, 0.26759359237855984, 0.18680310247460583, 0.3833144306753221], [0.14834154534892258, 0.4940914805687983, 0.20921128743054207, 0.148355686551737], [0.12875600880551186, 0.36113632549391916, 0.19634150286490265, 0.3137661627356663], [0.06544779142905766, 0.09087113899765961, 0.7374426611901588, 0.10623840828312393], [0.16474543002063233, 0.18963686760179457, 0.42734762588922115, 0.2182700763883519], [0.09899657963716454, 0.5697207450296978, 0.18496277926502727, 0.14631989596811032], [0.08775356385194803, 0.5375928722791832, 0.22062807100972207, 0.15402549275914673], [0.11552613170935577, 0.309192407648186, 0.38479273820800564, 0.19048872233445258], [0.11876652123113259, 0.4018118589309707, 0.28050791587465507, 0.19891370386324161], [0.09912768676535669, 0.29596411958384156, 0.4583958352763331, 0.14651235827446868], [0.10310981652100036, 0.46213875249187303, 0.28471542038265524, 0.15003601050447138]], "ideal": "B", "sampled": "A", "correct": false}}
{"type": "result", "data": {"idx": 16, "options": ["prevent inflation.", "prevent recessions from occurring.", "prevent inflation and recessions from occurring.", "are government policies already in place that promote deficit spending during recessions and surplus budgets during expansions."], "probs": [[0.0033473045152672487, 0.011867651239425611, 0.0271647598864497, 0.9576202842588575], [0.0028140802273347336, 0.009977121355774906, 0.9863638130321493, 0.0008449852847410894], [0.007772361773265938, 0.03886072154717077, 0.011851663348208892, 0.9415152532313544], [0.004832932352043501, 0.029606017790010528, 0.9652054159948258, 0.0003556337631201986], [0.0005701258180369953, 0.9990932741121317, 0.0003004324396815843, 3.616753014970801e-05], [0.0006360192460630041, 0.9990904420581189, 0.00024906675581592015, 2.4471840002162385e-05], [0.002740772542857205, 0.00437989288449793, 0.04708716075721242, 0.9457921737154324], [0.0009084994622456822, 0.0022840249759993325, 0.9962978351135324, 0.0005096403482225465], [0.008015360786909618, 0.02111852941419168, 0.014974905371703913, 0.9558912043271948], [0.004147449636592981, 0.011815419250008619, 0.9836390831059277, 0.0003980479074706153], [0.0007671500892934138, 0.9990439550327278, 0.00016590680977183724, 2.2987968206898494e-05], [0.0006069868286306564, 0.9992447794704109, 0.0001354359159991009, 1.2797684959323303e-05], [0.009741906574702665, 0.0030655396806779527, 0.008870176493103876, 0.9783223771515155], [0.0037412116992077415, 0.005194351043301725, 0.9898497993950717, 0.0012146377624188966], [0.01617533789492934, 0.0044919007703277045, 0.009361654959394014, 0.9699711062753489], [0.01037972668297422, 0.008878806470698176, 0.9792224780633673, 0.0015189886829603772], [0.0015973077465812851, 0.9980719269199466, 0.0002954722669987708, 3.529296647326923e-05], [0.0010647274065776256, 0.9987173933074274, 0.00019695417948942536, 2.092500650559444e-05], [0.9917305073637603, 0.004314506203461773, 0.0011254789475078032, 0.0028295073852700934], [0.9977607412435499, 0.0016220154427763226, 0.0005024644620603627, 0.00011477875161347246], [0.9959469828589143, 0.0029317659187934864, 0.0005956080735965348, 0.0005256430486956727], [0.999393000139208, 0.00043728988688125663, 0.00014877170544546622, 2.0938168465262412e-05], [0.9989371741415931, 0.0007791802980856201, 0.00024137005287591412, 4.227540744539394e-05], [0.9987661533781688, 0.0008164414166793089, 0.0003622760087405868, 5.512909641135659e-05]], "ideal": "D", "sampled": "D", "correct": true}}
