{"type": "result", "data": {"idx": 0, "options": ["Freedom of speech is protected except in certain situations, such as yelling \"fire\" in a crowded theater.", "Once a church has been recognized by the federal government, its tax-exempt status can never be revoked.", "Once Congress has created an administrative agency, that agency can be dissolved only by a constitutional amendment.", "State-sponsored prayer during school hours is prohibited, but voluntary prayer by student groups before school is allowed."], "probs": [[0.0002681958224061634, 0.001832798297307172, 0.002928772101844318, 0.9949702336784423], [0.00021436372356074847, 0.0019867188229912946, 0.9974821070773885, 0.0003168102760594996], [0.0003070028705835013, 0.0017392956001167986, 0.008428294460494198, 0.9895254069688055], [9.896569239905367e-05, 0.0008031380834380408, 0.9980171602099613, 0.0010807359142015593], [0.00032468990127279454, 0.9986034088015018, 0.00095430628198188, 0.00011759491524352383], [6.450807452031318e-05, 0.9997027801152756, 0.00020340765183495424, 2.9304058369110085e-05], [0.0005159107946073691, 0.003063129946484244, 0.0034709411989972696, 0.9929500179599111], [0.00029282326081294226, 0.0025896047219958803, 0.9968804350067534, 0.00023713691043775154], [0.0005389394751930623, 0.003982283933944548, 0.005704297638588189, 0.9897744788522742], [0.0002708530624832455, 0.0019857863273376633, 0.9970128329167939, 0.0007305275933851665], [0.0003195081145734548, 0.998142679957282, 0.0014097226371750445, 0.00012808919096943285], [0.0002734209271564385, 0.9986210423648085, 0.0010001225719256843, 0.00010541403610932513], [0.00030773930729888243, 0.0015147523179570787, 0.006278393036986231, 0.9918991152377578], [0.00010951676272860968, 0.0008681746691955137, 0.9977591274985373, 0.0012631809695384775], [0.0004599263785312052, 0.003617614519568962, 0.008411122903629355, 0.9875113360982705], [0.00014173040659814804, 0.001047258655315145, 0.9977959782734137, 0.001015032564672977], [8.713388665471911e-05, 0.995685569965109, 0.0028854355136122044, 0.001341860534624052], [0.00013496349148850085, 0.9957452967783081, 0.0026687536469391397, 0.0014509859832642173], [0.962347204980817, 0.030455432738021194, 0.006187285102979791, 0.0010100770781819423], [0.9795355385885992, 0.016592801783773425, 0.0032672557074826932, 0.00060440382014467], [0.9653727118778628, 0.029152109332862552, 0.005065780910346546, 0.000409397778928112], [0.9794852332742878, 0.01659198798158104, 0.0035325587321085312, 0.0003902199120225952], [0.9613322246919846, 0.025221966803494807, 0.010032351366009325, 0.003413457038511184], [0.9572302850661907, 0.02936174584189472, 0.010633848113775492, 0.0027741208781391544]], "ideal": "D", "sampled": "D", "correct": true}}
{"type": "result", "data": {"idx": 1, "options": ["Registered voters between the ages of 35 and 45 are more likely to vote than are those under the age of 21.", "A registered voter who has attained his or her General Educational Development (GED) is less likely to vote than a high school dropout.", "Registered voters are more likely to vote in general elections than they are in primary elections.", "More women than men have voted in every presidential election since 1980."], "probs": [[0.15223403912932765, 0.7611451318949133, 0.04161887755468353, 0.04500195132107555], [0.11635101165439678, 0.8332978122955744, 0.024388682776169634, 0.02596249317385917], [0.1167194128554416, 0.06346254960646587, 0.7611264784166739, 0.05869155902141863], [0.2047550364769756, 0.10136832220309329, 0.10136254800317426, 0.5925140932167569], [0.12942762864469073, 0.07491142413629147, 0.7219132887880297, 0.07374765833098808], [0.20189430569679848, 0.11869501763494306, 0.0766313253501661, 0.6027793512180923], [0.846177058783395, 0.11815663668025195, 0.013465121662977031, 0.022201182773376057], [0.7806850300031394, 0.20050251978601893, 0.010139335552584072, 0.008673114558257623], [0.849231363839728, 0.10142976808545048, 0.025246987163818534, 0.02409188081100296], [0.8350925429166737, 0.12031046277513806, 0.020906148437357434, 0.023690845770830776], [0.7894301803886802, 0.17341957532393848, 0.019154969101403015, 0.017995275085978275], [0.809516574662777, 0.14742841291868689, 0.015783068290846077, 0.027271944027690027], [0.08685922298236251, 0.06979661919236264, 0.7863791887279559, 0.05696496899731893], [0.18354768120312454, 0.1301642056607906, 0.09374849799997508, 0.5925396150361097], [0.11459539895592791, 0.7954698767236412, 0.054983973664118106, 0.03495075055631272], [0.08230999718381286, 0.8577102278071641, 0.02672234691318913, 0.03325742799583385], [0.19843332911012068, 0.15455085383041364, 0.12417858370295952, 0.5228372332565061], [0.08071225934271303, 0.05905312910747839, 0.790108791762175, 0.07012581968763366], [0.11590667726500072, 0.09313883562096265, 0.7100363320144543, 0.08091815499958233], [0.19948766454777145, 0.13927259572896386, 0.056268649146227936, 0.6049710904770368], [0.2077847006829523, 0.6920483917023879, 0.04424031948748097, 0.05592658802717891], [0.18677714952240246, 0.7049101774224973, 0.034014922518996064, 0.07429775043610423], [0.2106160960421875, 0.12190285905700368, 0.09493329412782851, 0.5725477506729802], [0.1012426577870133, 0.07179570464800968, 0.748111514229451, 0.078850123235526]], "ideal": "B", "sampled": "B", "correct": true}}
{"type": "result", "data": {"idx": 2, "options": ["The geographical area in which the child grows up", "The child's family", "The media to which the child is exposed", "The child's religion"], "probs": [[0.01023781396842056, 0.9810205441103298, 0.007727917077524544, 0.0010137247437250984], [0.0028526023532921716, 0.9843529729661689, 0.0034408981889426458, 0.009353526391596301], [0.008990763143734178, 0.009721486317930069, 0.9762442533769965, 0.005043497061339274], [0.06407139867368926, 0.11070644085999937, 0.0071886503160313205, 0.81803351005028], [0.003791078909724128, 0.0008071852961616331, 0.9721782765042601, 0.023223459189854134], [0.006986195751163347, 0.00043969188520892203, 0.003198511927800043, 0.9893756003358277], [0.9896104627994114, 0.006667943868234753, 0.0031993040828354083, 0.0005222891495183513], [0.9958881532786213, 0.0027538865708943566, 0.0010290477447915457, 0.00032891230569273436], [0.9865632267642287, 0.011666590823224847, 0.0016037617416077602, 0.00016642057093872655], [0.9858170510797399, 0.012605066870340619, 0.0013079622771183068, 0.0002699196728010939], [0.9816198197645746, 0.0035402871875174946, 0.0062133616788631555, 0.00862653126904474], [0.9650992554084306, 0.005064408969900023, 0.024927715870185534, 0.004908619651483852], [0.9954133827250321, 0.0028399613783582902, 0.0014280150927744025, 0.00031864070383523475], [0.997977300018953, 0.0012056175865810478, 0.0005025739864664477, 0.00031450830799945566], [0.9907139368754017, 0.008571406678462653, 0.0006209100722288736, 9.374627390685672e-05], [0.996535639895789, 0.00302652980443639, 0.00036146670774322314, 7.636349203142178e-05], [0.9965696335582537, 0.0015218904010224554, 0.0008946688031514046, 0.0010138071375724227], [0.996788003729529, 0.0016718350625853726, 0.0011671207830725153, 0.00037304032481313623], [0.0003758052197633473, 0.0012322289430627186, 0.9582188150498222, 0.040173150687351736], [0.0020936821126816643, 0.003451926478500077, 0.18846838600013566, 0.8059860053086826], [0.00020182536416397048, 0.9919231832525717, 0.005044971278892577, 0.002830020004371818], [0.00025071405155198986, 0.9901011238985146, 0.008433220188675494, 0.0012149417612579419], [0.0004465937095409751, 0.9893201697658098, 0.004876930907546012, 0.005356305517103189], [0.0005724022394136896, 0.6277202108464947, 0.36329586793216806, 0.00841151888192362]], "ideal": "B", "sampled": "B", "correct": true}}
{"type": "result", "data": {"idx": 3, "options": ["Coining money", "Authorizing constitutional amendments", "Having representation in Congress", "Appealing to the president to adjudicate disputes"], "probs": [[0.9717383327417273, 0.013021413826187394, 0.005099220331203776, 0.010141033000881556], [0.9583309186671866, 0.018684686185467512, 0.005971926569766114, 0.017012468477579826], [0.9628024041764851, 0.0212712552816741, 0.006487318804235344, 0.009439021637605422], [0.9678415156000617, 0.018870081478039678, 0.006126172146771375, 0.007162230675127296], [0.9657502132937568, 0.020679961801245508, 0.0031713512590046955, 0.010398473545993065], [0.980399834834442, 0.012733275843706792, 0.002797110669908995, 0.004069778551942152], [0.06121109075683343, 0.8583066494586566, 0.021154087113537775, 0.05932817257097212], [0.04783742450099258, 0.7842260528170226, 0.08528014843446556, 0.08265637414751927], [0.08906087079362596, 0.06722805498103436, 0.65808998060895, 0.1856210935163897], [0.09425883528559188, 0.08189564759443606, 0.281410300373972, 0.542435216646], [0.03820188162736568, 0.028836935343312255, 0.8427395647554174, 0.09022161817390463], [0.1279747654067865, 0.13411937852530656, 0.05678932452810135, 0.6811165314398056], [0.08104137753100636, 0.8712842917985906, 0.009986322892980471, 0.037688007677422565], [0.08918305867616529, 0.8730126396425463, 0.0126489294511197, 0.025155372130168677], [0.24933976675579314, 0.08483621730064017, 0.3743112496452114, 0.2915127661983553], [0.12830125176521373, 0.06451554042992182, 0.08028993994058763, 0.7268932677642768], [0.2517428210317564, 0.09261369014248295, 0.5329523881027323, 0.12269110062302845], [0.1465650959405244, 0.07845227492609899, 0.018927326600291727, 0.7560553024330848], [0.09273671906331939, 0.8662275587324421, 0.005836591934782349, 0.03519913016945616], [0.1010925388702307, 0.8733111545875935, 0.008833409212111343, 0.01676289723006452], [0.1055776469110918, 0.03945235039901329, 0.721506164395202, 0.1334638381946929], [0.47542758531587104, 0.0493338057895715, 0.03553342726197901, 0.4397051815325785], [0.3133614366463781, 0.09707687989396226, 0.47782810185366886, 0.11173358150599075], [0.4671443378377331, 0.08507463493881952, 0.015737117113325347, 0.43204391001012205]], "ideal": "A", "sampled": "A", "correct": true}}
{"type": "result", "data": {"idx": 4, "options": ["contribute money to candidates for election", "coordinate local get-out-the-vote campaigns", "promote the defeat of incumbents in the federal and state legislatures", "organize protest demonstrations and other acts of civil disobedience"], "probs": [[0.9995944863480154, 0.00022690530222119128, 0.00013029723474325118, 4.831101502013845e-05], [0.9996143374846853, 0.00020024683759790676, 0.0001224050986091142, 6.301047910771575e-05], [0.9996787022020269, 0.0001881277479530387, 0.00010148406312741586, 3.168588689263761e-05], [0.9995998667941082, 0.00024154301922334022, 0.00011320512537922401, 4.538496128930429e-05], [0.9995880473592027, 0.00021651241155287522, 0.00013761996181032435, 5.782016743411473e-05], [0.9995579653598319, 0.00026115754563359216, 0.00013654536361128213, 4.433163092328006e-05], [9.609435918441517e-05, 0.9998199626449144, 6.502061140404761e-05, 1.892228449717203e-05], [0.0001022895328796012, 0.9997951041299878, 7.140942939744171e-05, 3.1196807735098e-05], [0.00015577452323325942, 0.0009394700514361408, 0.9985368591690695, 0.0003678961562610666], [0.0003196839859440178, 0.0002734441355523154, 0.0007092508743293537, 0.9986976209041742], [0.0002032156451562154, 0.0005699499895497879, 0.99876887556784, 0.00045795869745402694], [0.00019692884409533212, 0.00010541043062432887, 0.0011156774709990718, 0.9985819831542813], [0.0005190902580039799, 0.9990673879860266, 0.0003351487958287063, 7.837286014069625e-05], [0.0002735791881062526, 0.9992044318821066, 0.00040432081680565784, 0.00011766801298149626], [0.0010631602063495248, 0.000675817458766777, 0.9972622590238626, 0.0009987632110211445], [0.0009685806017964042, 0.00020622758718372345, 0.0009993283931291502, 0.9978258633178907], [0.0005268273634513293, 0.000676486189457756, 0.9982531276568263, 0.0005435586902646503], [0.0007312324882501756, 0.00021280561591026985, 0.0010806925551727076, 0.9979752692406668], [0.00010888997185391285, 0.9998236148375891, 5.143583543985028e-05, 1.605925511718499e-05], [9.169522522344984e-05, 0.9998316004631204, 6.013501744241294e-05, 1.6569194213747064e-05], [0.00018795796491417283, 0.0005109395923399939, 0.998843109087244, 0.0004579932555017146], [0.0001765341909346982, 9.598225185539146e-05, 0.0010984312017204238, 0.9986290522554895], [0.00012415434045254004, 0.0012637840578044702, 0.9982144003685073, 0.0003976611332357243], [0.0003002538553379705, 0.00035103721598711096, 0.0008553438166065628, 0.9984933650120683]], "ideal": "A", "sampled": "A", "correct": true}}
{"type": "result", "data": {"idx": 5, "options": ["Impeachment, conviction, and removal from office by Congress", "Removal from office by the appointing president", "Removal from office by the president-elect", "Recall elections by citizens residing in the district over which the judge has jurisdiction"], "probs": [[0.9873728298893935, 0.009832484534048483, 0.0017086067749516735, 0.0010860787016064033], [0.9252287052235745, 0.06598551927141377, 0.004632851358696753, 0.004152924046314952], [0.9785610619577566, 0.008872733225734893, 0.007589076317894416, 0.004977128398614063], [0.971412035512299, 0.006545486147454646, 0.0039699674979714284, 0.01807251074227492], [0.9468299484605649, 0.018751664748927407, 0.02484108967827085, 0.009577297012236837], [0.9494197542916845, 0.010547438437037223, 0.004904921572103498, 0.03512788559917484], [0.8541429385442741, 0.13727604935573928, 0.004922697174526559, 0.0036583148254600312], [0.8862566260211319, 0.09943815217865933, 0.006873279738850808, 0.0074319419613579655], [0.8149613793931648, 0.019469173319878446, 0.14385078508008425, 0.02171866210687246], [0.016812367678194946, 0.0014463285021037448, 0.004596269309526681, 0.9771450344101746], [0.07083427186259869, 0.013948894551091587, 0.8903510261849849, 0.024865807301324847], [0.02426787386181316, 0.0017039334075212298, 0.004631633252665926, 0.9693965593779997], [0.007872079828422699, 0.9685929272988607, 0.015412841676261314, 0.008122151096455288], [0.002871151605082184, 0.9754045799993586, 0.005709997492052465, 0.01601427080350677], [0.01984097353086258, 0.7445533663174535, 0.21667256589084738, 0.018933094160836512], [0.002090166914592433, 0.06401631654075624, 0.00776595116963639, 0.9261275652750149], [0.0012073848793689348, 0.0025964142351850824, 0.968715953125289, 0.027480247660156915], [0.005478222334655417, 0.003945996945857381, 0.1901215892129663, 0.8004541914065209], [0.00098156658453976, 0.995533973175117, 0.0023546651728088273, 0.0011297949675343486], [0.000493754961389535, 0.9959194244124645, 0.0017233823171757111, 0.0018634382089702925], [0.00448735207364298, 0.5435670727602151, 0.4367647560129964, 0.015180819053145498], [0.002154733250331837, 0.26929455535156566, 0.007881752080574378, 0.7206689592175282], [0.0007788992499428385, 0.0029859370949440306, 0.9679062654002328, 0.028328898154880235], [0.004681166763684974, 0.003645817777698845, 0.11341483979658067, 0.8782581755620356]], "ideal": "A", "sampled": "A", "correct": true}}
{"type": "result", "data": {"idx": 6, "options": ["vice president", "president's chief of staff", "national security advisor", "chair of the Federal Reserve Board"], "probs": [[0.4888584522254208, 0.40528156594452625, 0.03432321111657689, 0.07153677061347606], [0.3755139901249295, 0.39353929846693303, 0.026780408987507415, 0.20416630232063004], [0.4524083243521137, 0.0715830464514776, 0.37506094944251633, 0.10094767965389236], [0.13847465831695158, 0.024827324940840848, 0.027267026611260316, 0.8094309900309473], [0.2897595914038126, 0.03921563382434169, 0.37206019907763366, 0.2989645755942121], [0.1101338254907807, 0.019439950366162924, 0.04380791957452998, 0.8266183044685264], [0.9059029974004007, 0.02001437820224399, 0.0237671795874412, 0.05031544470991408], [0.8434019745868687, 0.018344550161250736, 0.018633137206496626, 0.11962033794538386], [0.8928583113780995, 0.0265443860733424, 0.026132341033603925, 0.054464961414954216], [0.8520488976221334, 0.02696481608417738, 0.022354208555283018, 0.0986320776384061], [0.7768063573388536, 0.019447337906529392, 0.045927420425022264, 0.15781888422959472], [0.8065582212536294, 0.02149441012918544, 0.055751075748326946, 0.11619629276885819], [0.41379778956510516, 0.0741918820934031, 0.4073839126509753, 0.10462641559051646], [0.1267487768647061, 0.019743804425304854, 0.026986137082893883, 0.8265212815270951], [0.3475442256247965, 0.591196243340234, 0.029433682777275372, 0.031825848157694105], [0.34703011422882907, 0.5291617822384446, 0.028934501408312562, 0.09487360202441375], [0.12619094102754685, 0.018466034248758034, 0.05777395684121755, 0.7975690677824776], [0.23788291229912598, 0.03270181847756014, 0.5980421682844433, 0.13137310083887052], [0.07537279320380426, 0.044310614060778894, 0.6213126795385211, 0.2590039130968958], [0.037343024129656135, 0.01937344607374094, 0.0385282325362479, 0.9047552971603551], [0.06210044634388083, 0.7684571112443337, 0.04201924083549066, 0.12742320147629482], [0.08239621606840104, 0.757705384732223, 0.07620399387756895, 0.08369440522180698], [0.04829256469945236, 0.06498535291502308, 0.043970657774948414, 0.8427514245105762], [0.0716971818778167, 0.10763238208957478, 0.7355269679358154, 0.08514346799679315]], "ideal": "B", "sampled": "B", "correct": true}}
{"type": "result", "data": {"idx": 7, "options": ["The amount of coverage the issue receives in the major news media", "The degree to which public opinion on the issue is likely to shift quickly", "The number of people affected by the issue", "The importance of the issue to a particular individual or group"], "probs": [[0.923359842171715, 0.04669580764699276, 0.01276586433704979, 0.01717848574424252], [0.8636122488971774, 0.06354601480011843, 0.024119192935876523, 0.04872254326682765], [0.8823398663049326, 0.09013765623378799, 0.011107102428448644, 0.016415374932830837], [0.8896712279281804, 0.055125643897194106, 0.019050801632250917, 0.03615232644237453], [0.6872158658696734, 0.24889676316740778, 0.023885803339264253, 0.04000156752365455], [0.8562827577884619, 0.0931175858714806, 0.018917903020309525, 0.03168175321974805], [0.042847901418812236, 0.7134870263463275, 0.18323920597077162, 0.060425866164088585], [0.07753279919940956, 0.600395569151139, 0.185994836460749, 0.13607679508870243], [0.050696879997971935, 0.5893380089210574, 0.29174429392686907, 0.06822081705410162], [0.10332356546268125, 0.5413852414153825, 0.07442221155647595, 0.28086898146546035], [0.10149326552528223, 0.303009789518878, 0.4478218125782795, 0.14767513227756024], [0.1322453696741759, 0.27996881481999786, 0.12619147455571653, 0.4615943408501097], [0.019663761773466345, 0.9623785672246485, 0.009887601920155125, 0.008070068981729931], [0.019366601637545888, 0.9331414479870785, 0.03193030466583151, 0.015561645609544022], [0.4248038764647441, 0.39288585788723124, 0.10249052788051471, 0.07981973766750992], [0.2668363928452151, 0.5143489607200232, 0.0643782288794708, 0.15443641745529088], [0.06173606138187857, 0.8656687478764209, 0.035730451476663205, 0.03686473916503733], [0.06188304103424983, 0.8542786414757395, 0.02385827761359545, 0.05998003977641516], [0.7520851373733594, 0.13912406730876006, 0.020358238295906918, 0.08843255692197366], [0.5124699434686586, 0.3868378073570888, 0.04408537190648112, 0.05660687716777144], [0.8579419514856461, 0.044765049698819684, 0.021145341088646286, 0.07614765762688787], [0.7387382029614337, 0.10642728438075043, 0.03794744054103132, 0.11688707201678455], [0.6918835797138756, 0.186220976819264, 0.06237586564546784, 0.059519577721392596], [0.6328512747828076, 0.23281713998608944, 0.031019646368669527, 0.10331193876243351]], "ideal": "D", "sampled": "A", "correct": false}}
{"type": "result", "data": {"idx": 8, "options": ["which special interest groups have endorsed which candidates", "the relative strength of each candidate's support, as indicated by public opinion polls", "candidates' positions on international issues", "candidates' positions on domestic issues"], "probs": [[0.05950272271102622, 0.14727381336642079, 0.021550654182590785, 0.7716728096399622], [0.3199736940527055, 0.3353375371013726, 0.11058281192627151, 0.23410595681965038], [0.011988281428413659, 0.005488706784843995, 0.015154619213145374, 0.967368392473597], [0.0687883591222031, 0.041076683728064695, 0.5670445133787938, 0.32309044367093837], [0.2409652525161324, 0.5022232048208184, 0.047449880404120535, 0.20936166215892868], [0.17249516948269347, 0.4837824051665751, 0.04097210942202745, 0.30275031582870393], [0.007210887103653148, 0.006265010742449581, 0.012075948640203886, 0.9744481534136934], [0.16435058780644748, 0.09219592269771051, 0.27524313943114254, 0.4682103499646994], [0.00229851517369526, 0.0028162224131201927, 0.007775751158332123, 0.9871095111548525], [0.05521673688032124, 0.05187275613373069, 0.6124926186020148, 0.2804178882839333], [0.12174285538884361, 0.4815101163591575, 0.0389121049968396, 0.35783492315515925], [0.1391208542285765, 0.41534557120386006, 0.11178903118537971, 0.3337445432821837], [0.007979680766019898, 0.009042253821367691, 0.01637324505685929, 0.9666048202557531], [0.030178356005646036, 0.03640296797621266, 0.7426830764594298, 0.1907355994587115], [0.003598437971516154, 0.020707715027404098, 0.008632188702987719, 0.967061658198092], [0.05026353058443855, 0.07200073107361127, 0.6938775568810747, 0.1838581813608755], [0.06858083464564553, 0.8097885680363524, 0.020272625192837315, 0.10135797202516476], [0.11019584521062231, 0.7769635975558944, 0.0296590102855569, 0.08318154684792643], [0.42220287252606303, 0.17059081282725272, 0.08849996063718446, 0.3187063539094998], [0.3650738895752493, 0.17245300035676642, 0.042261045160176446, 0.4202120648078078], [0.36061067417809795, 0.3606169028631399, 0.02305331142659542, 0.2557191114321667], [0.3836028036628438, 0.34928170363512206, 0.05526398204107749, 0.21185151056095658], [0.3094549590364612, 0.21268935721837337, 0.048204538328325025, 0.4296511453168404], [0.40229227535438516, 0.23650334420665367, 0.13903076738173087, 0.2221736129572303]], "ideal": "B", "sampled": "D", "correct": false}}
{"type": "result", "data": {"idx": 9, "options": ["One man, one vote", "Separate but equal", "Judicial review", "Right to privacy"], "probs": [[8.741142702098847e-05, 0.000518994772333562, 0.9988905594676739, 0.0005030342329715151], [4.7905311508266376e-05, 0.00011051803358267635, 0.0008039551784745191, 0.9990376213764345], [6.707970946251696e-05, 0.9997286870019317, 0.0001511675957055006, 5.3065592900262755e-05], [6.400704780565604e-05, 0.9997174303739979, 0.00015354617495791695, 6.501630323859784e-05], [4.643519433369708e-05, 8.086328230424904e-05, 0.000755306219451956, 0.9991173952039101], [0.00011050820525457136, 0.00048759390741265124, 0.9989782624580698, 0.0004236353292629628], [0.0001364541988791436, 0.0006260546517893073, 0.9989370985390977, 0.00030039251023379875], [5.511697954517859e-05, 0.00014865961541035388, 0.0011511577739527726, 0.9986450655310917], [8.613275569382084e-05, 0.9997384977203662, 0.00012146794849162662, 5.390147544843106e-05], [8.748700985287389e-05, 0.9997150365598404, 0.00012146507001535097, 7.601126029133825e-05], [5.260068509466298e-05, 9.304255445375654e-05, 0.0010648018806526612, 0.9987895547797989], [0.00015582408339886482, 0.0005880834911517054, 0.9988643373169648, 0.00039175500848459923], [0.9995673845049027, 0.0003005835848350701, 0.00010226945663286567, 2.9762353629398856e-05], [0.9995806839618344, 0.00030058844746649026, 8.679664693877634e-05, 3.193084376030222e-05], [0.9995263271797274, 0.0003353104220573731, 0.0001071729653602681, 3.11893328549228e-05], [0.999455458904945, 0.00039199029260640644, 0.00010386855101733655, 4.868215143126504e-05], [0.9995021584233462, 0.0003249887978989932, 0.0001252955236671764, 4.755715508756993e-05], [0.9993872797055077, 0.00039813799118670575, 0.00014646802673292454, 6.811417657270846e-05], [2.1430702197108497e-05, 7.026940093139026e-05, 0.0005883526737002367, 0.9993199471231713], [9.755021522715368e-05, 0.00038582469271170093, 0.9992514469934094, 0.00026517799865171066], [2.3534597153165907e-05, 8.214485230881045e-05, 0.0006771205546490853, 0.999217199895889], [9.527494793898493e-05, 0.00046531800605835477, 0.9990881618906651, 0.00035124505533756567], [4.7941511365086154e-05, 0.9997732433307265, 0.00011773454459020847, 6.108051331824784e-05], [5.7378640904796396e-05, 0.9997764049244215, 0.00011060168417690834, 5.561465049670864e-05]], "ideal": "C", "sampled": "C", "correct": true}}
{"type": "result", "data": {"idx": 10, "options": ["A congressperson who retires to take a position teaching political science at a university", "A former president who advises a current president on a particular foreign policy issue", "A voter who researches the positions of all candidates in a race before choosing whom to support", "An official who leaves the State Department to work as a paid consultant to foreign governments"], "probs": [[0.0006138315540815482, 0.001861435731489799, 0.0026663424673055076, 0.9948583901471232], [0.00048528895118517344, 0.0032143228453574324, 0.9942572352510257, 0.0020431528524316365], [0.0006326263029042881, 0.0009952727572448894, 0.00460199454059173, 0.9937701062992591], [0.00029479439987752944, 0.0014970968831837322, 0.9957780895466618, 0.0024300190702769074], [0.0012047916951830103, 0.997313187801783, 0.0011677188872077603, 0.0003143015158262442], [0.0008813494605167213, 0.9972008095978472, 0.0013025374598827852, 0.0006153033817533091], [0.0005777709416524616, 0.0007190554751594063, 0.0018944273099472885, 0.9968087461732409], [0.0004935168188922014, 0.002110518362935571, 0.9954440472022138, 0.0019519175159584653], [0.0004430896125585843, 0.0005428909265138095, 0.001985777190477737, 0.9970282421704498], [0.00042919389820000994, 0.0018354353943981572, 0.9964133456085138, 0.0013220249988880352], [0.0011150772013267427, 0.9980475540357928, 0.0006977948523641545, 0.0001395738105163285], [0.0011496805897814762, 0.9973576915692789, 0.0012626686338698045, 0.00022995910706980326], [0.000485775904045614, 0.0006140859534506394, 0.0036459213663509412, 0.9952542166761528], [0.00025246559062063465, 0.0010302208426365205, 0.9970187685102853, 0.0016985449564575269], [0.0003789352413184379, 0.0008276788126153061, 0.0019243773634951894, 0.9968690084825711], [0.00023003120024951457, 0.0014091039520086521, 0.9977055607593465, 0.0006553039883953324], [0.0010154015086265514, 0.9981592371440691, 0.0005520619163203534, 0.00027329933098406623], [0.0008035391904182941, 0.9985190288201734, 0.0005522608295999976, 0.00012517105980830196], [0.9879717322414989, 0.009242633069642726, 0.002448965267303203, 0.00033666932155512736], [0.9830606927646379, 0.009943992579769783, 0.0027184541582221593, 0.0042768603973701086], [0.9945404319377467, 0.004534411148260528, 0.0008257552224778378, 9.94015915149345e-05], [0.9914878091781774, 0.007337471995865491, 0.0010570368117428957, 0.00011768191421424074], [0.9874062919400463, 0.008410647328523325, 0.0023354854858007204, 0.0018475751456296966], [0.9812431089969684, 0.015134649891952045, 0.003172290624765151, 0.00044995038631438826]], "ideal": "D", "sampled": "D", "correct": true}}
{"type": "result", "data": {"idx": 11, "options": ["Constitutional amendments", "Presidential executive orders", "Laws passed by Congress", "Laws passed by state legislatures"], "probs": [[0.13696101880496347, 0.8260009634134845, 0.0216707037508998, 0.015367313930652174], [0.1896599758353423, 0.6416383145987727, 0.1409468002123702, 0.027754909253514808], [0.11396677489582607, 0.06699899537180878, 0.7316504883266001, 0.08738374130576501], [0.3508802926505628, 0.048236012502243505, 0.12126281314814073, 0.479620881599053], [0.31655665049678083, 0.13196528955103715, 0.5058719922889049, 0.04560606756327709], [0.18252896036795896, 0.5711075876084449, 0.11071214081425056, 0.13565131110934556], [0.9605153375316267, 0.02559727076312229, 0.006997876894721781, 0.00688951471052925], [0.9378549829136595, 0.03932013396202857, 0.010257206053890765, 0.012567676970421058], [0.9481147235356374, 0.03194010904296009, 0.00989454302230632, 0.010050624299096148], [0.9194757920338963, 0.03565251820242666, 0.012912387002994092, 0.031959302660682976], [0.9199193706561858, 0.057000007421597526, 0.009751484719292687, 0.01332913710292397], [0.8502776774514021, 0.10810300887992981, 0.019996913967678012, 0.021622399600990057], [0.027044295153717653, 0.031128364267767956, 0.841343666324895, 0.10048367415361943], [0.10213808866519707, 0.04062934279973334, 0.24122332393533738, 0.6160092444997322], [0.07741304202575472, 0.872227780268456, 0.020512665911212646, 0.029846511694576593], [0.08640705278205754, 0.6796676110739766, 0.15646690686169776, 0.07745842918226821], [0.06289589556729411, 0.12905782772381422, 0.029710150108927674, 0.778336126499964], [0.031075090793074245, 0.05897154758239265, 0.8399230913661418, 0.07003027015839125], [0.5301438470745452, 0.03664695030369429, 0.25837841146130913, 0.1748307910604513], [0.6073065060157334, 0.044688650699222975, 0.1740005365957363, 0.1740043065893073], [0.6659269767016128, 0.2567455408135877, 0.023510256210536644, 0.05381722617426286], [0.5651857193159732, 0.2932247486429459, 0.09519449514098896, 0.04639503680009202], [0.6818386239416195, 0.13852894149979414, 0.036705325875054005, 0.14292710858353228], [0.5598309540037626, 0.09283304298483232, 0.2815079940432131, 0.06582800886819197]], "ideal": "A", "sampled": "B", "correct": false}}
{"type": "result", "data": {"idx": 12, "options": ["It provides a structured environment in which factions may flourish.", "It limits the dangers of factionalism by diluting political power.", "It allows factions to dominate on the national level while limiting their influence on state governments.", "It eliminates any opportunity for factions to form."], "probs": [[0.4426838507796043, 0.5016457753697314, 0.02458782170162592, 0.031082552049038384], [0.34247163636386707, 0.6201542146287897, 0.01370083941141828, 0.023673309495924885], [0.4515944954387864, 0.08485976303278933, 0.38628416284028083, 0.07726157858814346], [0.6726689450776332, 0.09843993350989082, 0.026910840050788216, 0.2019802812616877], [0.1911671538361062, 0.054773873654356715, 0.6992869017958996, 0.0547720706136375], [0.38196521709045866, 0.06535205940731466, 0.2505081277052284, 0.3021745956969983], [0.9790526787030771, 0.017111261541918894, 0.001591567228206271, 0.0022444924267976773], [0.9907191889950666, 0.008307875480133788, 0.0005394611127636429, 0.00043347431203592514], [0.9847615787752606, 0.01279011160471325, 0.0013480456313909183, 0.0011002638886352173], [0.9945320396299323, 0.00482674543999381, 0.0004419892171125591, 0.00019922561296132412], [0.9720364319000918, 0.021814077280441133, 0.002299130037127336, 0.0038503606823397135], [0.9737256771611681, 0.020209653927531778, 0.0022674128875340266, 0.003797255923766055], [0.11346642111694598, 0.06169464199105658, 0.7515775580500486, 0.07326137874194882], [0.32041405557849945, 0.1561649534644456, 0.02713671488113326, 0.4962842759759217], [0.49993107835265455, 0.2117046611925403, 0.21169342571675015, 0.076670834638055], [0.5501517719523059, 0.3552230043148224, 0.015365141628400443, 0.0792600820044713], [0.09820705523207442, 0.02770288065931303, 0.7846678392313394, 0.0894222247772731], [0.07330386858733656, 0.03304298083085434, 0.8131421783114737, 0.08051097217033532], [0.013993254906457059, 0.11535180373461129, 0.8391199771778115, 0.031534964081120116], [0.03449507365598776, 0.5481087462780739, 0.23945030121624766, 0.17794587874969062], [0.024270235160401957, 0.9250866490973666, 0.030205092577726175, 0.02043802306450524], [0.02916725028481213, 0.9073764236973103, 0.021675447363248716, 0.041780878554628816], [0.04419197042905505, 0.04704482002730753, 0.7592579551937845, 0.14950525424985298], [0.023985739585356117, 0.04209788805872527, 0.8588700289504245, 0.07504634330549405]], "ideal": "B", "sampled": "B", "correct": true}}
{"type": "result", "data": {"idx": 13, "options": ["Non-whites are more likely to vote Democratic than are whites.", "Women are more likely to vote Democratic than are men.", "Low-income Americans are more likely to vote Democratic than are upper-income Americans.", "Evangelical Christians are more likely to vote Democratic than are non-religious Americans."], "probs": [[0.1505705323132257, 0.08315548609689874, 0.07002220562973027, 0.6962517758601453], [0.06813020156938708, 0.09168533098249702, 0.7676574472664429, 0.07252702008167296], [0.20052243318961063, 0.22023894888406362, 0.06716743705865877, 0.512071180767667], [0.08586702389655822, 0.13509788624320634, 0.7078458597433421, 0.07118923001689326], [0.1681092704382704, 0.7417672386287052, 0.04892386568480049, 0.04119962514822392], [0.21350007472846497, 0.6576608043212193, 0.07732679208317922, 0.05151232876713643], [0.1421932391853271, 0.07731140202561346, 0.05835619788594591, 0.7221391608031135], [0.1575102794198368, 0.1703202562585007, 0.5672401146974155, 0.104929349524247], [0.15435169918265554, 0.19210013732589956, 0.05251595339087868, 0.6010322100005662], [0.15824038378207425, 0.31472049332692, 0.4579049518956159, 0.06913417089538985], [0.24775101426560994, 0.6326835798039425, 0.060715403854105586, 0.05885000197634198], [0.25694528793832067, 0.6164098519158083, 0.07361777290601461, 0.0530270871398564], [0.14286410381366382, 0.08801898097055186, 0.0435712920511516, 0.7255456230646327], [0.14023221087476564, 0.1916904171721147, 0.5997303917585092, 0.06834698009461046], [0.14325201345735114, 0.08554249013173038, 0.043689584897645135, 0.7275159114132733], [0.15142137341861414, 0.22380378912883958, 0.5626283527173663, 0.06214648463517997], [0.23478891481093828, 0.6794197876309763, 0.049215754335021886, 0.03657554312306348], [0.21051211731456676, 0.712187650401406, 0.03955504685079027, 0.037745185333236946], [0.39768116921528796, 0.5106558704115929, 0.036990995757475685, 0.054671964515643524], [0.3759778239643283, 0.5139278902996316, 0.05676562486527705, 0.053328660770763064], [0.39633830196654224, 0.45620267219145794, 0.06173910761039646, 0.0857199181316034], [0.3888928293792931, 0.4840072094910127, 0.07193966209169061, 0.05516029893800356], [0.40423556555884566, 0.5031071229803052, 0.053860827472473956, 0.03879648388837512], [0.39730796826037523, 0.518214314038531, 0.04388686752554789, 0.040590850075545894]], "ideal": "D", "sampled": "D", "correct": true}}
{"type": "result", "data": {"idx": 14, "options": ["certiorari", "de jure", "ex post facto", "stare decisis"], "probs": [[6.496944885034857e-05, 0.00016080266608822528, 0.0007320083725024517, 0.999042219412559], [0.00013845349990160663, 0.0006761985761103062, 0.9978613922156542, 0.0013239556083339344], [8.739206863654745e-05, 0.00025686174440344437, 0.0010001506104093316, 0.9986555954765507], [0.00019680070975945077, 0.0008030802006732653, 0.997952684603673, 0.0010474343858942253], [3.913121728917587e-05, 0.9998340370450376, 8.614085537908638e-05, 4.069078229416614e-05], [5.063855290035337e-05, 0.9998146009745355, 7.601771594052129e-05, 5.874265662367618e-05], [6.44589447560268e-05, 0.0001909426556720161, 0.0007791599114314622, 0.9989654383881404], [0.0001174757813170087, 0.0009385777195350688, 0.9976203140834355, 0.001323632315712313], [5.261351819805841e-05, 0.00014641109936660372, 0.0007671330746564986, 0.9990338422077788], [0.0001095829785158866, 0.0004649847670055241, 0.9983775606680484, 0.0010478714864302153], [4.364891001621533e-05, 0.9997198603063139, 0.0001292979434800659, 0.00010719274018984667], [3.294971774155976e-05, 0.9997732117342819, 0.00010070284499025948, 9.313560298631689e-05], [8.739178978093706e-05, 0.0002910611542132914, 0.0009693760180151987, 0.9986521709379905], [0.0002194503414761237, 0.0010801837070820405, 0.997513991925018, 0.0011863739264237983], [7.958987293344988e-05, 0.00019092784513733847, 0.0008424065581734555, 0.9988870756237558], [0.0001342530748193927, 0.0004506445666943201, 0.9982997345088633, 0.0011153677496229708], [5.47509959479189e-05, 0.9997729771523531, 8.61356030010548e-05, 8.6136148697882e-05], [3.1689124437252814e-05, 0.9998243678616335, 8.092103419083867e-05, 6.302187973841179e-05], [0.9991380287947534, 0.000626193108841056, 0.00011053029133206152, 0.00012524770507343823], [0.9990581044294933, 0.0005974703454616689, 0.00011764971417772934, 0.0002267754108672625], [0.9993431897895476, 0.0004304647947341275, 0.00012724570472272557, 9.909961099550123e-05], [0.9994512882157072, 0.0003005458009605388, 0.00011056512543571152, 0.00013760075789662757], [0.9992460982070978, 0.0004440858803079095, 0.00014644481090302276, 0.00016337100169131426], [0.9994092633983341, 0.00034591099686823553, 0.00011954420262810435, 0.00012528130216957588]], "ideal": "D", "sampled": "D", "correct": true}}
{"type": "result", "data": {"idx": 15, "options": ["Blue-collar workers who belong to a union", "Professionals", "Voters who are active in their political parties", "Voters aged 18-29"], "probs": [[0.0025767506857998436, 0.0012956830818477414, 0.004182425299427598, 0.9919451408329248], [0.003966665953792686, 0.006338805628948072, 0.9859094935543987, 0.0037850347628605404], [0.0064334987720380404, 0.0019317104826115756, 0.021764064569947957, 0.9698707260754024], [0.003836518277910891, 0.004213650591750287, 0.9838279207549688, 0.008121910275370004], [0.003472865921870157, 0.9935014093423791, 0.0025407965620342626, 0.00048492807371645], [0.005148984451060437, 0.9812308776888843, 0.003538836376995577, 0.010081301383059689], [0.005530715795685402, 0.0007722741915285121, 0.0035708633633106065, 0.9901261465494755], [0.017049650567087203, 0.0038642878647320977, 0.9755676397784953, 0.0035184216896854466], [0.008152630006570634, 0.0006797606912091891, 0.0036176696115262546, 0.9875499395906939], [0.016971561605565424, 0.004159137961471438, 0.9710991123871918, 0.007770187945771335], [0.006089229746900869, 0.9925521251713452, 0.0010096954887113335, 0.00034894949304261984], [0.005716465832741634, 0.9918852963843257, 0.0016124028348549224, 0.0007858348480777778], [0.00496335007275278, 0.001825931735496601, 0.01732358728568427, 0.9758871308060664], [0.0033866046849177233, 0.0047759338505446525, 0.9840854493081923, 0.007752012056345289], [0.001889735475381993, 0.0008064485801564811, 0.0029729248727746954, 0.9943308909716868], [0.0026376202826984513, 0.00594402475359642, 0.9841356422838906, 0.007282712579814479], [0.0031910973954828196, 0.9717745633890315, 0.004865827598124438, 0.02016851151736125], [0.004341567418604047, 0.9672852198117617, 0.018278651014241646, 0.010094561655392527], [0.9917909445416068, 0.0036333584947097586, 0.0031076881388497767, 0.0014680087248336712], [0.923546972634955, 0.013173908115464754, 0.00694196349110922, 0.056337155658471], [0.9478190090129703, 0.034524953212142266, 0.0057246374966845, 0.011931400178202862], [0.9647267578096972, 0.015593552252289894, 0.0059184925350217734, 0.01376119730299114], [0.9478609984699191, 0.0108642890307301, 0.008329606986536411, 0.032945105412814396], [0.9251212354584912, 0.01404753399184535, 0.04678380355991965, 0.014047426889743794]], "ideal": "D", "sampled": "D", "correct": true}}
