{"type": "result", "data": {"idx": 0, "options": ["The coastal State", "The flag State", "All States enjoy such jurisdiction", "The International Tribunal for the Law of the Sea"], "probs": [[0.09382617472664033, 0.8764046429711364, 0.024475829673346064, 0.005293352528877212], [0.08471163979756456, 0.896627691412685, 0.015669951463851906, 0.0029907172258986352], [0.04134135419533109, 0.020465797320688973, 0.9263482672439954, 0.011844581139984482], [0.005841645942509649, 0.004341215874653734, 0.007384523365480241, 0.9824326147173563], [0.0005950648795605862, 0.002317089998620005, 0.995074765976138, 0.002013079045681412], [0.008895027511030853, 0.003323897391259495, 0.006714321489743007, 0.9810667535079666], [0.9737975365143289, 0.021514106028788012, 0.004105991120316413, 0.0005823662365666869], [0.9755168951227734, 0.020889006122562847, 0.003153729187217646, 0.00044036946744615326], [0.9723215727738378, 0.02049781634975637, 0.006251406025351184, 0.0009292047510546215], [0.9531546984233221, 0.02241623391561661, 0.007508406540056824, 0.016920661021004445], [0.9666152212140104, 0.024198990845217195, 0.007614434397847781, 0.001571353442924565], [0.9758301378592649, 0.014587625863105592, 0.0036882890858930023, 0.005893947091736485], [0.01683445290339826, 0.25127917759661644, 0.7158227032808272, 0.016063666119158118], [0.009237287633965216, 0.2873705348634237, 0.024720395165596928, 0.6786717822370142], [0.007380264334508361, 0.9666360602213574, 0.02203328904191429, 0.003950386302219938], [0.0020966671587649716, 0.9889255031518592, 0.006066874518412067, 0.0029109550709636787], [0.0029858331123859896, 0.004697548899616641, 0.3673803075244301, 0.6249363103635672], [0.0006400889618316511, 0.002959808198900728, 0.9899353940166434, 0.00646470872262414], [0.0010400306293414374, 0.582531988218116, 0.41307072556701646, 0.003357255485526087], [0.0012681777262957235, 0.6467572284347668, 0.016445900822032115, 0.33552869291690535], [0.0006108137414705808, 0.9899606273054355, 0.008836539608944777, 0.0005920192441491201], [0.0003837023292029581, 0.9937529890560172, 0.00406116236167981, 0.0018021461531000748], [0.0017515391316850848, 0.006820256151820763, 0.39638386695484923, 0.5950443376616449], [0.00045871200891697887, 0.003497088242058319, 0.9849306698972683, 0.011113529751756453]], "ideal": "B", "sampled": "B", "correct": true}}
{"type": "result", "data": {"idx": 1, "options": ["Justiciability refers to the possibility of enforcement of a particular right by the relevant rights holders", "Justiciability refers to the just nature or cause of a particular right", "Justiciability refers to the courts' assessment of whether the non-enforcement of a particular rights conforms to principles of justice", "Justiciability refers to the obligation of a State to enforce a particular Right"], "probs": [[0.959439778515934, 0.030843588364743702, 0.005795030999783055, 0.003921602019539267], [0.9941910487952464, 0.005056714630246886, 0.0005499040698353482, 0.00020233240467126628], [0.9816906591194962, 0.01689187647480807, 0.0009381955156711683, 0.00047926879002465147], [0.979460881565697, 0.019397845224487894, 0.0008931963115793401, 0.00024807679823575073], [0.9972795783423978, 0.002433795787318046, 0.00024098141743932063, 4.5644352844883355e-05], [0.9819672150837883, 0.015626567501744102, 0.001955885101763481, 0.0004503322127041415], [0.00039807041810994206, 0.9992059774807321, 0.0003512824003448615, 4.466960081305131e-05], [0.0003301148058582467, 0.9994977719559801, 0.00015592914548238869, 1.6183992679243077e-05], [0.009874309444334206, 0.33217835531286605, 0.6503750106380126, 0.007572324504787162], [0.003108563164534172, 0.9920397496874425, 0.0029661120202631617, 0.0018855750277601887], [0.0019108630114239172, 0.003860229222359863, 0.9899224199121038, 0.00430648775411243], [0.010257932514234324, 0.017726046982096542, 0.9091726313792712, 0.06284338902439791], [0.10692604218660046, 0.8814267790253782, 0.007163658960921115, 0.004483519727100149], [0.07234550966313087, 0.9236498416086542, 0.002939758105055409, 0.001064890523159548], [0.011236485171150369, 0.004758853569293819, 0.980523034913549, 0.0034816262460068094], [0.6265521680784564, 0.03535376172721646, 0.03269315963419739, 0.3054009104601298], [0.18955391537614474, 0.009891507159535648, 0.7980923011207504, 0.00246227624356929], [0.8816643323550696, 0.02073684885616042, 0.008918335627176853, 0.0886804830615931], [0.0003052402455343317, 0.9993039346662084, 0.00033523089874012296, 5.5594089517212e-05], [0.0003622761410232559, 0.9987497072683121, 0.0007912636770302758, 9.6752813634351e-05], [0.0010108344547366957, 0.0023873580671637646, 0.9937220639637129, 0.0028797434143866753], [0.009156472031682624, 0.015097658120266706, 0.9340603333260727, 0.04168553642197789], [0.002514123974181042, 0.9830620199540243, 0.012968742315838116, 0.0014551136559564737], [0.0006347981570655108, 0.9971536669153704, 0.0013438368116011127, 0.0008676980159629413]], "ideal": "A", "sampled": "A", "correct": true}}
{"type": "result", "data": {"idx": 2, "options": ["R2P is essentially the same as humanitarian intervention", "R2P requires a call for assistance by the State in distress", "R2P is less arbitrary because it requires some UNSC input and its primary objective is to avert a humanitarian crisis", "R2P always involves armed force, whereas humanitarian intervention does not"], "probs": [[0.003904559804693661, 0.017775576208122416, 0.9260759765482032, 0.0522438873389808], [0.020249549358412396, 0.12212621089421241, 0.10946958805820325, 0.7481546515891719], [0.0018542993172922352, 0.975709430758434, 0.009564747612690914, 0.012871522211582881], [0.0006704898620079573, 0.9894246893926503, 0.0061651947846698765, 0.003739625860671898], [0.033313805235172286, 0.06625812874864588, 0.2206629391168525, 0.6797651267993293], [0.0019904999412649967, 0.020104140396993608, 0.9536556769321298, 0.02424968262961151], [0.007345301882147642, 0.016553521871530773, 0.932489077803322, 0.04361209834299959], [0.0913377871220692, 0.03059591915325817, 0.14825836428957578, 0.7298079293350969], [0.0024889161054046606, 0.9885542647226114, 0.004722977644349918, 0.004233841427633999], [0.0026879629952630754, 0.9873880023424223, 0.006971811366926104, 0.002952223195388487], [0.3038524073960815, 0.11533480817042958, 0.03055957501135882, 0.5502532093221301], [0.004414855953374843, 0.01026538383492168, 0.9683956471333602, 0.016924112978343286], [0.9378357788614994, 0.026194451902288644, 0.015886466535895993, 0.020083302600315982], [0.9742166297419003, 0.017027276499344296, 0.005703166881771965, 0.0030529267769834993], [0.9743636334529289, 0.013684152931965904, 0.004512261086161851, 0.0074399524289434265], [0.9810510110274296, 0.01294311084921885, 0.0038257911140418253, 0.002180086909309654], [0.9757709000760837, 0.014817188609871409, 0.004448706132940939, 0.00496320508110399], [0.9715304628196603, 0.02016490687926864, 0.00526003166463057, 0.0030445985364404983], [0.052049365858918575, 0.025369480722272384, 0.39683068533800947, 0.5257504679807996], [0.009028687435234536, 0.017678037860275397, 0.9502370070258754, 0.023056267578614613], [0.03445758554695832, 0.5306722939375945, 0.021563242395788374, 0.41330687801965876], [0.008886511941554999, 0.01195902817716508, 0.9500158371859778, 0.029138622595302054], [0.00107590364198289, 0.9935663247792587, 0.0035275534856177427, 0.0018302179931407093], [0.00226605811739016, 0.9885236714215185, 0.006064033758695274, 0.0031462366023960343]], "ideal": "C", "sampled": "C", "correct": true}}
{"type": "result", "data": {"idx": 3, "options": ["The so-called Lotus principle is that 'restrictions upon the independence of States cannot therefore be presumed', or, as it has been construed, 'whatever is not prohibited is permitted in international law'", "The so-called Lotus principle is that States are free to choose the Court that they will submit their disputes", "The so-called Lotus principle is that States are not prohibited to assert their enforcement jurisdiction on the high seas", "The so-called Lotus principle is that customary law derives from the combination of State practice and opinio juris"], "probs": [[0.9951507193011186, 0.004329289510498465, 0.00025999392892858404, 0.00025999715945426206], [0.9959901617634147, 0.003764525779444039, 0.0001964187723214542, 4.889358481981787e-05], [0.9955888116242565, 0.0038222671710443556, 0.00026010868485768087, 0.00032881241984146004], [0.9935874460350094, 0.005637585124632252, 0.0006733114034074437, 0.00010165733695090089], [0.971353716743449, 0.028430095030563714, 0.00018859037502627095, 2.7597750961000267e-05], [0.9806520087432279, 0.019119809114511485, 0.00019039576661451538, 3.77862756460771e-05], [0.015149699651276993, 0.9822629176617409, 0.0021153714219812564, 0.0004720111650008895], [0.033960218719949836, 0.9619334586045142, 0.003870231438194426, 0.00023609113734154996], [0.025439495549929695, 0.03068679610855894, 0.9252613902597784, 0.01861231798173298], [0.0986922680258606, 0.04050511423131445, 0.8009410500426624, 0.059861567600162535], [0.06035322388733838, 0.1640607237621402, 0.7705538235795317, 0.005032228670989633], [0.10815160116414514, 0.8245130287992312, 0.026921214884152975, 0.04041415505247073], [0.009397764807693046, 0.9890307695750906, 0.0013538735566985221, 0.00021759196051775664], [0.020868211639397713, 0.974557324022362, 0.004173898069054301, 0.00040056616918602314], [0.024128171625353828, 0.03050189584289166, 0.9196851612329728, 0.02568477119878168], [0.169561906627604, 0.06959317449175459, 0.3070466471716166, 0.45379827160902475], [0.02711377125308042, 0.21327132158714823, 0.7561133632681357, 0.003501543791635659], [0.0566788144985173, 0.9147579924925956, 0.01840098559681584, 0.010162207312071297], [0.9964457543638735, 0.0033237092904525056, 0.00020593961681092984, 2.4596628863082955e-05], [0.9958992905033471, 0.0038234613568258677, 0.00024442519525490463, 3.282284457210001e-05], [0.9938724833526509, 0.005551775561511721, 0.000492747009694866, 8.299397614257679e-05], [0.9971443415033174, 0.002631115494387005, 0.0001682013389712664, 5.6341563324298234e-05], [0.9875085252847633, 0.011143096608689375, 0.001120689662818021, 0.0002276883437293036], [0.9976119363522277, 0.0021823004276028345, 0.00014850718381981653, 5.7255936349678484e-05]], "ideal": "A", "sampled": "A", "correct": true}}
{"type": "result", "data": {"idx": 4, "options": ["The UK Constitution's only source of power is that of the sovereign", "The UK Constitution gives the judiciary the power to overturn acts of parliament", "The UK Constitution is uncodified and can be found in a number of sources", "The UK Constitution is based on a Bill of Rights"], "probs": [[0.001144716815828201, 0.0027894511542652617, 0.9930964278415966, 0.002969404088310011], [0.05638885680953641, 0.007513590835690465, 0.011636576223963675, 0.9244609760308095], [0.0002267407018865341, 0.9989147986278876, 0.0008165095612285952, 4.195100899731224e-05], [0.000179414292135072, 0.9991832597971158, 0.0005882668905538827, 4.905892019529951e-05], [0.3038535793969858, 0.02100465482136814, 0.011419238633934868, 0.6637225270477112], [0.0011824121645046758, 0.0024645566382375406, 0.9942449481915727, 0.002108082905685067], [0.0018199672464003923, 0.005184841811324268, 0.9880476905143343, 0.004947500327941074], [0.02183892149044763, 0.05936748142647024, 0.018680020415704282, 0.9001135765673778], [0.0006048528402713743, 0.995731560693862, 0.003426698160972209, 0.0002368882048943817], [0.0008130175695786164, 0.9946341151168032, 0.003369859995127089, 0.0011830072184911167], [0.027513768026399495, 0.015435543449849471, 0.3404781824345222, 0.6165725059892289], [0.0012698148976181768, 0.0030942670249890078, 0.9874837607891096, 0.008152157188283176], [0.9986194150507263, 0.001225428003192248, 0.00012518438339621424, 2.9972462685206097e-05], [0.998648844106612, 0.0012064850264385852, 0.0001139863176798657, 3.068444926954021e-05], [0.9984868608112129, 0.0013248251217871363, 0.00015216500049594582, 3.614896650408331e-05], [0.9983538994205164, 0.0014322992350882194, 0.0001632277661664139, 5.057347822886488e-05], [0.9986962284739145, 0.001151288719029228, 0.00011488555367445387, 3.7597153381868404e-05], [0.9986434426489392, 0.0011693534960213144, 0.0001418563772297661, 4.534737780970004e-05], [0.024694992985840106, 0.16876777033434726, 0.013852716847930319, 0.7926845197318823], [0.0014000201124465311, 0.005042036610715093, 0.9913204471745999, 0.002237496002238471], [0.024565610414455465, 0.011787838004960366, 0.19936058912040472, 0.7642859623601794], [0.0017837847718583165, 0.0039577809354141204, 0.9836671133823401, 0.010591320810387392], [9.675444125288265e-05, 0.9988400011459734, 0.0010160837269530092, 4.7160585820725814e-05], [0.00014863876165824576, 0.9984998628554849, 0.0012641085683179878, 8.738971453893408e-05]], "ideal": "C", "sampled": "C", "correct": true}}
{"type": "result", "data": {"idx": 5, "options": ["It is an obligation of result, that is, States are under a strict obligation to resolve their disputes as soon as possible", "It is an obligation of conduct, ie States have an obligation to try to resolve their disputes through peaceful means. This does not entail an obligation to resolve their disputes", "It is a peremptory norm of international law and all States have a legal interest to safeguard its application in any given dispute", "It is an obligation which concerns solely international courts and tribunals"], "probs": [[0.02766605233684223, 0.6703501826727003, 0.2838380288895579, 0.018145736000899568], [0.02067873515040893, 0.8657508620000358, 0.013351896055188384, 0.10021850669436691], [0.04017446405101457, 0.3111331936893968, 0.6284896484910987, 0.02020269366848992], [0.04129839933730516, 0.050603958149101416, 0.011115536682301915, 0.8969821057312914], [0.004952392256721963, 0.005974468897961694, 0.9738177098386436, 0.01525542890667271], [0.004988185117946877, 0.00737271782083117, 0.9071292259122941, 0.0805098710489279], [0.9435338485357913, 0.027188037045434724, 0.02554056847445299, 0.0037375458443210364], [0.9349773437752259, 0.01659835939784213, 0.004004474901797942, 0.04441982182513405], [0.9240126505724685, 0.07351482847614828, 0.0017288996459369217, 0.0007436212054462464], [0.93769701727089, 0.05373539509195302, 0.003329468954763518, 0.005238118582393429], [0.9721551715356114, 0.012825340267199427, 0.00219411989031199, 0.012825368206877177], [0.3764266802557401, 0.03727380240398967, 0.5740082920914388, 0.012291225148831431], [0.9675467493179951, 0.02008175390511484, 0.00919389677102474, 0.0031775999058652696], [0.9620732901746095, 0.013511006215688789, 0.003159367361372403, 0.02125633614832924], [0.9814554156561744, 0.016887165096141615, 0.0010795542877176645, 0.0005778648599662761], [0.9748350229940337, 0.021876534106166703, 0.0013768261782475088, 0.0019116166215521428], [0.734175351834788, 0.03831031750450054, 0.010472951928755952, 0.21704137863195552], [0.7062879405421079, 0.04176250983939059, 0.23658611046097253, 0.015363439057528992], [0.0068437058875581176, 0.039388316235233894, 0.896461932255347, 0.05730604552186104], [0.009720561771449199, 0.022958857337652523, 0.8750885495949152, 0.0922320311959831], [0.010753786022608638, 0.9833065372626686, 0.00421127660261249, 0.0017284000121102813], [0.011870535233097494, 0.7696818205744211, 0.21041526153013598, 0.008032382562345362], [0.0007763796280289694, 0.9954093877781314, 0.001951759949381555, 0.0018624725444581311], [0.0024219148645663966, 0.9924718868324147, 0.0034153881001310013, 0.0016908101028879122]], "ideal": "B", "sampled": "B", "correct": true}}
{"type": "result", "data": {"idx": 6, "options": ["Protocol 14 changed the committee that hears admissibility cases from a three judge to a one judge formation", "Protocol 14 added a new criterion for admissibility", "Protocol 14 abolished the Commission of Human Rights", "Protocol 14 extended the judicial term of office for the European Court of Human Rights"], "probs": [[0.16441984350512437, 0.04093638404096795, 0.7369200531630902, 0.05772371919081752], [0.25329721160156665, 0.026288382902261213, 0.0835288769186122, 0.63688552847756], [0.3606830778815351, 0.5587269441861167, 0.054456237624401146, 0.02613374020794705], [0.4169243771753985, 0.49519296847439415, 0.07245268271053887, 0.015429971539668522], [0.2008852005199713, 0.027619821320088365, 0.036583622686644786, 0.7349113553732955], [0.08770170100959614, 0.021496774685925032, 0.8585348896003933, 0.032266634604085534], [0.1918722200130402, 0.038385959620620975, 0.7241616653017174, 0.04558015496462133], [0.2746076330243955, 0.02940518216894665, 0.06729573105499348, 0.6286914536516643], [0.39365737306519033, 0.43924881530914334, 0.12006453020943803, 0.04702928131622834], [0.4110513305548131, 0.4515485707870083, 0.0875209724892311, 0.04987912606894754], [0.3328963877839812, 0.0391500636737771, 0.06158013010862329, 0.5663734183336184], [0.11561739185151483, 0.026622659860362836, 0.8152225430562394, 0.04253740513188285], [0.9015821108317897, 0.055871977750914785, 0.024405052836383775, 0.018140858480911726], [0.9078856811458507, 0.04812325536186155, 0.035757235217849834, 0.00823382817443799], [0.873642970596345, 0.057632076588881406, 0.052467688435823764, 0.016257264278949853], [0.9052777424335856, 0.04301389742978269, 0.033494454372967435, 0.018213905663664254], [0.8928093091403639, 0.0488262681215437, 0.04658384815908155, 0.011780574479010814], [0.9151077831012803, 0.040213820543009184, 0.024770785276128117, 0.01990761097958239], [0.1861782271455295, 0.014358808878215445, 0.027672437160915258, 0.7717905267153398], [0.09336873682107431, 0.01622857805753994, 0.8586328524565714, 0.03176983256481435], [0.30841071846654694, 0.02780869918637818, 0.05034635822466762, 0.6134342240224072], [0.1302223390831497, 0.030938411992816602, 0.785390398909693, 0.05344884991434074], [0.35704388479394583, 0.5115243091169193, 0.10071073265145547, 0.030721073337679483], [0.28987074327357787, 0.5856615391631608, 0.07329207767248486, 0.05117563979077646]], "ideal": "C", "sampled": "C", "correct": true}}
{"type": "result", "data": {"idx": 7, "options": ["Rocks are the islands that are less than 10 square miles", "Rocks are the islands that do not have any maritime zone", "Rocks are the islands which cannot sustain human habitation or economic life of their own and according to article 121 (3) have no Exclusive Economic Zone or continental shelf.", "Rocks are the small islands that can sustain human habitation"], "probs": [[0.008187478110016537, 0.010513796088130252, 0.9764849187920233, 0.004813806909829985], [0.007345655963073222, 0.0029682195866836962, 0.012302029928228085, 0.977384094422015], [0.010619421880168414, 0.9862948153907307, 0.002406799810398889, 0.0006789628187019268], [0.005903985642934002, 0.992913514906604, 0.0010751888304629407, 0.0001073105199990478], [0.010005864325382708, 0.0036813223308011646, 0.012259906170897637, 0.9740529070729185], [0.010301231359084019, 0.009527918978520735, 0.971892534279292, 0.00827831528310327], [0.00443072645006847, 0.005870091016605131, 0.9872135105257768, 0.0024856719075496], [0.006813741213002675, 0.0023549917569189592, 0.010553672581834412, 0.9802775943482439], [0.001780666009812078, 0.9973717097393913, 0.0007539733469929219, 9.36508038037012e-05], [0.00412987022202622, 0.9948912601135972, 0.0008931449033759898, 8.572466100064567e-05], [0.007559820915392562, 0.004444554008939021, 0.013062608012042723, 0.9749330169636257], [0.0038531511136434744, 0.005875605741765487, 0.9881431471061046, 0.0021280959384864244], [0.9907991421170779, 0.008179652612836095, 0.0008099088552453157, 0.00021129631484066204], [0.9936050615662263, 0.005726508240066255, 0.0005495655263547408, 0.00011886456735269604], [0.9857098174914338, 0.013208695305068924, 0.0008577201267195706, 0.00022376697677764076], [0.9737249219471715, 0.023999076442645557, 0.0017115553149525146, 0.000564446195230346], [0.9925019537417132, 0.006792854493756371, 0.0005663832784418559, 0.00013880838608854582], [0.9869584369823575, 0.011490458539493752, 0.001230175714427026, 0.000320928663721709], [0.009294320823955229, 0.0026631434432999, 0.009740713046941666, 0.9783018225858032], [0.006913881722467114, 0.007476206840288286, 0.9792149029467236, 0.006395008390520986], [0.005488086028712742, 0.0022525324448048603, 0.009632191739280148, 0.9826271896872022], [0.0029602844965127854, 0.004657382647588542, 0.9901475983764402, 0.0022347343794585106], [0.0019250266887177795, 0.9972024774397655, 0.0007193221247508507, 0.00015317364676585468], [0.003588094931555255, 0.9948964964182854, 0.0012018507414692289, 0.00031355780869013895]], "ideal": "C", "sampled": "C", "correct": true}}
{"type": "result", "data": {"idx": 8, "options": ["It means that only States are considered subjects of international law", "It means having rights and duties under international law and a capacity to enforce these by or against the relevant actor", "It means that an entity may challenge the authority of States", "It is a term that is meant to denote legal, as opposed, to physical persons under international law"], "probs": [[0.000587932138564433, 0.9986050355939214, 0.0006161469640574135, 0.0001908852034566681], [0.0007424546370517158, 0.997592789413902, 0.0014311173604865533, 0.00023363848855976544], [0.000993441677181568, 0.0017165476512519386, 0.9920026692463962, 0.005287341325170256], [0.07621861071261106, 0.025532418899100264, 0.11622458816085712, 0.7820243821274315], [0.0027429594595005167, 0.009425584233855314, 0.9766381163107349, 0.01119333989590918], [0.06061416728355608, 0.24736095439884803, 0.03000756656480558, 0.6620173116527903], [0.9974841174603084, 0.002216429848422191, 0.00017633950678967497, 0.00012311308447973484], [0.9956143963658206, 0.0038826404560600766, 0.00035003319039191195, 0.0001529298877274253], [0.998760582935668, 0.0009397030222736536, 0.00015102340896994325, 0.0001486905330883174], [0.9981198322199802, 0.0015243024116948186, 0.0002488342000206602, 0.00010703106830423535], [0.9917228742679685, 0.007691393554780613, 0.00040763448371153446, 0.00017809759353941976], [0.9918636409443583, 0.007813595030259341, 0.0002359533319695641, 8.681059341281618e-05], [0.000524983696064575, 0.0011466901226044061, 0.9947962498986455, 0.0035320761826855124], [0.015526623579250491, 0.010183057822632664, 0.07179617934549262, 0.9024941391526242], [0.0005438051256000937, 0.9987124714518925, 0.0005699063136434202, 0.00017381700886397115], [0.0008158006028504343, 0.9980442265602633, 0.0010312726687043028, 0.00010870006818202817], [0.011232880738346305, 0.05529189042306366, 0.012728853927141194, 0.9207463748114488], [0.002156116576377715, 0.004355544305261694, 0.9857237064250163, 0.007764632593344283], [0.0016061348143090104, 0.0022650660727470593, 0.9880984546296142, 0.008030344383329722], [0.23968104507795573, 0.01580961858287982, 0.0176362663266268, 0.7268730699125376], [0.0015427401394912724, 0.9945846713991756, 0.003020554523212666, 0.0008520338381204917], [0.0014298493682431566, 0.9967021196060035, 0.0015951180380244074, 0.0002729128877289197], [0.30302988633193617, 0.01270508451152897, 0.011935085654878904, 0.672329943401656], [0.005315633345345932, 0.0031742315337181994, 0.9818845718861066, 0.009625563134829273]], "ideal": "B", "sampled": "B", "correct": true}}
{"type": "result", "data": {"idx": 9, "options": ["The UN Human Rights Committee", "The UN Human Rights Council", "The UN Universal Periodic Review", "The UN special mandates"], "probs": [[0.9957609915411217, 0.0033215536960885723, 0.0008139565194932383, 0.00010349814329645159], [0.9957036150755164, 0.00348076726233891, 0.0007410737729006022, 7.454378924401101e-05], [0.9924965829561685, 0.005631646921051181, 0.0015638029014459036, 0.00030796712133440154], [0.9950328885359564, 0.00394158803248299, 0.0008261740291079546, 0.00019934930245267378], [0.9942840280778663, 0.004533278652012609, 0.0009803629878537593, 0.00020233018226731577], [0.9950540705414997, 0.003880546910928992, 0.0008133815171449094, 0.0002520009304263593], [0.00020311275537835373, 0.9982538295796407, 0.0014098437229273805, 0.00013321384205358295], [0.00013529550461095926, 0.9982058230620882, 0.001500693848815104, 0.0001581874844857479], [0.0009947212907444002, 0.0026209526896871804, 0.9932719235730454, 0.0031124023465230613], [0.0002448150552329761, 0.00039738381097207835, 0.0018374436285680694, 0.9975203574052269], [0.0004156825829226531, 0.0019832119515947703, 0.9957086996982633, 0.0018924056672193512], [0.00014178817130352863, 0.00026907323459266787, 0.0013664360073066253, 0.9982227024867971], [0.0004291537032231181, 0.9963314587464872, 0.00284246397130213, 0.0003969234789874846], [0.0004786453240232289, 0.9961103273843286, 0.0026696398318851377, 0.000741387359762995], [0.00044229361429211345, 0.0013205415625791195, 0.9952613684364676, 0.0029757962866611295], [0.00022293530377663314, 0.00026474877541493087, 0.0018666177516041492, 0.9976456980692043], [0.0007161746282681178, 0.0030154081518708525, 0.9928515686773398, 0.0034168484425211787], [0.00013115960114001865, 0.00021965639122486735, 0.0012251130754512873, 0.9984240708321838], [0.00018761375388843903, 0.9970193679227589, 0.0022501171907302353, 0.0005429010326223986], [0.0002646896908358137, 0.9974472002690077, 0.001808794237430584, 0.000479315702725918], [0.00030426852400096177, 0.001045582321767588, 0.9961808564705956, 0.0024692925836358667], [0.00014861964938167016, 0.00014631976316475695, 0.0013040979854567444, 0.9984009625019968], [0.0006414757493636205, 0.0028304882354490786, 0.9920751561275885, 0.004452879787598808], [0.00016581706821525784, 0.00017929637533234906, 0.001133155110741978, 0.9985217313457104]], "ideal": "A", "sampled": "A", "correct": true}}
{"type": "result", "data": {"idx": 10, "options": ["Third generation rights are of primary importance", "Civil and political rights are core rights", "All types of rights are indivisible, interrelated and interdependent", "Social and economic rights are non-enforceable"], "probs": [[0.004545784605724099, 0.011428927197977858, 0.9514687762739715, 0.032556511822326495], [0.0596565950010697, 0.24345402818924372, 0.03507137886510049, 0.6618179978445861], [0.0056790259228736515, 0.9551036410370137, 0.0326804127571972, 0.006536920182915379], [0.0030478018847314224, 0.9726968572404764, 0.018380259280059597, 0.005875081494732571], [0.04314702428530756, 0.01161371464816041, 0.03690576970187228, 0.9083334912646598], [0.00303294401324492, 0.006223621478547213, 0.9679796953922885, 0.022763739015919396], [0.024615689639733023, 0.013595262476305934, 0.9382997203039108, 0.023489327480050132], [0.29319242650329924, 0.021914477281721877, 0.013712824793441327, 0.6711802713215376], [0.0020085735286177963, 0.9928497786165651, 0.004894113518169537, 0.00024753423664751565], [0.0040454582129419835, 0.989924715658087, 0.005616503820191318, 0.0004133222087797063], [0.3587069444240492, 0.021209681009435103, 0.019310170422981658, 0.600773204043534], [0.009244327743924969, 0.009390726986210175, 0.9729474129558697, 0.008417532213995098], [0.9946082083558171, 0.004193893821516459, 0.0010439226638298683, 0.00015397505883661504], [0.9950656327176972, 0.0038203729946366676, 0.0008261954176665609, 0.00028779876999959005], [0.9907713142591797, 0.008308394053631745, 0.00077278401448246, 0.00014750757270601343], [0.9887417071146336, 0.010001265885905374, 0.0010377626824072614, 0.00021926421705374056], [0.9962576511279313, 0.002887232600934442, 0.0006646619614735664, 0.00019045420966062976], [0.9951616588023886, 0.00382074948533448, 0.0009074820573148227, 0.00011010955496206868], [0.021919573805652386, 0.011918110428732033, 0.019343559651758206, 0.9468187560138573], [0.003527481896966488, 0.007126223472174356, 0.9781358440835627, 0.011210450447296438], [0.05243108912180515, 0.038362773136251256, 0.03603532735471959, 0.873170810287224], [0.0020016767504751906, 0.005976505473498807, 0.9894912491722722, 0.00253056850375389], [0.0001310504391799959, 0.9975463312075022, 0.002182012794185648, 0.0001406054591320544], [0.00017897140704433993, 0.9967068959926972, 0.002933743504019708, 0.0001803889962387394]], "ideal": "C", "sampled": "C", "correct": true}}
{"type": "result", "data": {"idx": 11, "options": ["The principal source of immunity for IOs is the UN Charter", "The principal sources of immunity for IOs are headquarters agreements and multilateral treaties providing specific immunities", "The principal source of immunity for IOs is customary law", "The principal source of immunity for IOs is the Vienna Convention on Diplomatic Immunities"], "probs": [[0.0002564319804258114, 0.9969772360533583, 0.0024711736271668928, 0.0002951582390490012], [0.00019524298064681257, 0.9977953633228468, 0.0016998177649601089, 0.00030957583154622834], [0.006938803937464642, 0.028316849790502238, 0.9377253017520794, 0.027019044419953724], [0.1742467562863891, 0.24961360166062235, 0.10243976878391776, 0.47369987316907075], [0.014092352581106138, 0.028028229927387526, 0.9137863141115076, 0.044093103279998734], [0.20535100382447102, 0.13680632003350957, 0.1082192627017979, 0.5496234133402216], [0.958043525894383, 0.034897493261998896, 0.004367868656484653, 0.002691112087133435], [0.9690678289040014, 0.02664490090688833, 0.0025570225417513794, 0.001730247547358869], [0.9582904466650762, 0.03601430538940489, 0.003565869474743497, 0.002129378370775358], [0.9295662441478716, 0.054960618475456184, 0.007555153058301891, 0.007917984218370333], [0.9622311665071998, 0.03191319132210424, 0.0034703654500263625, 0.002385276620669677], [0.9322511949186426, 0.04864296957476875, 0.008585842141512532, 0.010519993265076149], [0.0034923003928866363, 0.025406211741517314, 0.9533655588176156, 0.017735928947980352], [0.09014242343021482, 0.4300711846682521, 0.06293262681330154, 0.4168537649882315], [0.00027315708121880875, 0.9976680113001332, 0.001866635951861692, 0.00019219556678635525], [0.0003043903260975534, 0.9965605943068603, 0.0026708643106758607, 0.0004641509563663609], [0.10239630478805178, 0.21012354445784168, 0.249526876952422, 0.4379532737016845], [0.015991225016926142, 0.04627603966216922, 0.8869099002224037, 0.0508228349985009], [0.01977405287548501, 0.07347611945363523, 0.8408886632806966, 0.06586116429018316], [0.10527662618071211, 0.510190769675294, 0.08459670588730081, 0.2999358981566931], [0.002190124019420451, 0.9856955592651611, 0.009513392071131364, 0.0026009245442871554], [0.005869893135166776, 0.9718830813973957, 0.01698507490594006, 0.005261950461497539], [0.16411265240122905, 0.08649244645885626, 0.3367656666667561, 0.41262923437315857], [0.029132030575804043, 0.052756007165893244, 0.8514246248560804, 0.06668733730222234]], "ideal": "B", "sampled": "B", "correct": true}}
{"type": "result", "data": {"idx": 12, "options": ["Yes, the States that were the founding members of the United Nations are vested with more powers and authority", "Yes, the Permanent Five Members of the UN Security Council (UK, USA, France, Russia, China) are in a superior position than the other States", "No, all States are considered equal as sovereign States (the principle of sovereign equality, enshrined in article 2, para 1 UN Charter)", "Whether there will be any hierarchy among States is a matter of each international organization to decide"], "probs": [[0.0022676404378026574, 0.007094937289422577, 0.9891959956371282, 0.0014414265356465015], [0.014865027658081365, 0.004326030782605051, 0.0017478219205540148, 0.9790611195387595], [0.0005192305300531811, 0.9993264207593703, 0.00012141350612569326, 3.293510445087483e-05], [0.00047274812384688424, 0.99928986099375, 0.00017390919513353084, 6.348158726961435e-05], [0.0051010280048711335, 0.00464453464746785, 0.0028169896109772794, 0.9874374476366837], [0.0016934629887810817, 0.003529498195403908, 0.9940486760530624, 0.0007283626627526859], [0.0019675189857661147, 0.009097849625191072, 0.9878648762666595, 0.0010697550223833009], [0.012544641049865683, 0.0049126379178178895, 0.001364143293253844, 0.9811785776390626], [0.0009847265110268348, 0.998710849006151, 0.00022669026789183438, 7.773411493029839e-05], [0.0010157419744997681, 0.9984737775760862, 0.000351019237727227, 0.0001594611116867914], [0.002208987045489581, 0.0025030730758325154, 0.001076537317130538, 0.9942114024615474], [0.0027254112065285795, 0.010447707027368386, 0.9856174588365222, 0.0012094228295807885], [0.999013325161638, 0.0008968660930416544, 5.55713382180994e-05, 3.4237307102210386e-05], [0.9988115315963769, 0.001081606076154652, 6.007475093466407e-05, 4.678747653379179e-05], [0.9991467119023434, 0.0007793159550497579, 4.5362005584021435e-05, 2.8610037022836974e-05], [0.9985441372677191, 0.00132485379692382, 7.188050512136594e-05, 5.9128330235746484e-05], [0.9986229401827896, 0.0012446843149635204, 9.449279475459695e-05, 3.78826074922488e-05], [0.9978989903509695, 0.0018965391135685901, 0.00014397893907497784, 6.049149638694161e-05], [0.006313746017457824, 0.007857567822018132, 0.0037700178553891983, 0.9820586682051349], [0.0009644888467799787, 0.00453000121766914, 0.9936134941797968, 0.000892015655754067], [0.003254857381335555, 0.0038052869905023756, 0.001715137630258326, 0.9912247178979037], [0.0028838488272429404, 0.015110493193815612, 0.9797243195960512, 0.0022813382828901973], [0.0007671783276412701, 0.9990893837116563, 0.00010464019824510614, 3.879766245727361e-05], [0.000829469633251609, 0.9990296217562626, 0.00010301192955168425, 3.789658093405041e-05]], "ideal": "C", "sampled": "C", "correct": true}}
{"type": "result", "data": {"idx": 13, "options": ["Recognition is determinate for the existence of statehood", "Recognition is simply declaratory of statehood but not determinate", "Recognition is merely a declaration of interest", "Recognition requires a declaration by the newly-created State"], "probs": [[0.013990658712358387, 0.9808524458387458, 0.004542106582556523, 0.0006147887663393182], [0.008544766958767616, 0.987671577088287, 0.0031929413070318313, 0.0005907145459135892], [0.08573233697157576, 0.4026997803032128, 0.5011654271653362, 0.010402455459875224], [0.08846475825715094, 0.826352894647789, 0.019433352643358395, 0.06574899435170163], [0.07711221706008779, 0.0600642835262438, 0.8291310923446014, 0.03369240696906708], [0.20069114562812507, 0.4118259487362256, 0.1771207127226986, 0.21036219281295077], [0.9427184681219254, 0.05236288695532717, 0.003913393553153662, 0.0010052512695937546], [0.9588944082202893, 0.03776812088826022, 0.002376912336607001, 0.000960558454843523], [0.8992944963301843, 0.0798244476981958, 0.017533898368152986, 0.003347157503466829], [0.9456772665248034, 0.04708578665126591, 0.004661897888330857, 0.0025750488355998375], [0.9472727958238876, 0.045006122414566176, 0.006382776948988966, 0.0013383047125572149], [0.9244766997993065, 0.0581882978504008, 0.011104690541838732, 0.006230311708453979], [0.3706932620997527, 0.0789349505982462, 0.5310281880563751, 0.019343599145626028], [0.737570501316659, 0.0998283512982343, 0.01734623863975408, 0.14525490864535265], [0.5301302720274593, 0.4128855504882729, 0.048546527028319075, 0.008437650355948617], [0.5458835450494957, 0.42515181511563077, 0.019272349840677962, 0.009692289894195561], [0.6753508090887363, 0.06584074580564978, 0.025380986707054295, 0.2334274582985596], [0.3913942727280813, 0.05552027912179697, 0.5105175185245302, 0.04256792952559155], [0.04228270845753367, 0.030938826844043928, 0.9041435818678153, 0.022634882730607122], [0.2491679824515558, 0.07140223787610331, 0.3053106412777563, 0.37411913829458454], [0.06716152179818995, 0.9127938610476327, 0.017520224412712445, 0.002524392641464866], [0.08474987075187881, 0.8831470271129753, 0.02316954397330504, 0.008933558061840763], [0.3484200860838865, 0.09984248204903616, 0.18077126278240227, 0.370966168984675], [0.342587093753742, 0.10781608097119064, 0.4831735039219929, 0.06642332125307446]], "ideal": "B", "sampled": "B", "correct": true}}
{"type": "result", "data": {"idx": 14, "options": ["Standard-setting means putting forward binding legal standards", "Standard-setting means merely proposing binding legal standards", "Standard-setting means putting forward non-binding legal standards", "Standard-setting means setting certain standards of conduct in human rights treaties"], "probs": [[0.21381936112349934, 0.6484241082146275, 0.050000393385667204, 0.087756137176206], [0.14978626329609027, 0.4201168228378891, 0.35933769245868213, 0.0707592213073385], [0.15164431250168972, 0.6285775022216019, 0.14470451421909572, 0.07507367095761264], [0.11400939418655522, 0.25296283861232105, 0.5355046588016003, 0.09752310829952347], [0.03813644785492717, 0.8816747467453936, 0.046001947383409215, 0.03418685791627003], [0.03367389637866952, 0.7200025104755629, 0.20308362830385376, 0.043239964741913856], [0.27779780780734437, 0.351204680198899, 0.08879349049062119, 0.28220402140313544], [0.23783964625124898, 0.19113435418883007, 0.4174512450710091, 0.1535747543889118], [0.0673468694631645, 0.03605098971819884, 0.8465518515352904, 0.05005028918334623], [0.16501042060754922, 0.0487857567233337, 0.37774061730741804, 0.40846320526169905], [0.14124750230900363, 0.5008012875771976, 0.27227396987370717, 0.08567724014009163], [0.17404518437370878, 0.3007570363675249, 0.07369856174961303, 0.4514992174091533], [0.17873149867424087, 0.740844356708824, 0.03306256659137365, 0.04736157792556145], [0.14039253768731305, 0.5552920533074348, 0.23147580825529956, 0.0728396006499526], [0.280243765369391, 0.2716463323797064, 0.3433820672702238, 0.10472783488067874], [0.18367725760982795, 0.13231543888158617, 0.4406496679923066, 0.24335763541627925], [0.049843366615471466, 0.8299879360478933, 0.0874791871189994, 0.03268951011763576], [0.07045219627950804, 0.6896808537246275, 0.15877136113333376, 0.08109558876253067], [0.33212051410856575, 0.5476016503695722, 0.0685389725150728, 0.05173886290678926], [0.27551430871584065, 0.48357234120856435, 0.08144438387301296, 0.15946896610258204], [0.5907569107048112, 0.3262725867384016, 0.04083597781357035, 0.04213452464321687], [0.4449139021807404, 0.08762114657369878, 0.022500474422791523, 0.4449644767227693], [0.16535580784298462, 0.0844640911193021, 0.6854219078484705, 0.06475819308924287], [0.3062928044823956, 0.26201716700402844, 0.22763055015637124, 0.20405947825720475]], "ideal": "C", "sampled": "D", "correct": false}}
