{"type": "result", "data": {"idx": 0, "options": ["Bargaining", "Satisficing", "Accepting", "Compromising"], "probs": [[0.001771951731246549, 0.9770943229138929, 0.01155451069063613, 0.00957921456422445], [0.009619558130532474, 0.9362915657463103, 0.03987190458656087, 0.01421697143659627], [0.000746603019261184, 0.00578158730490961, 0.9723240291202874, 0.02114778045554181], [0.0019490344640439266, 0.011216062760118335, 0.13663683475607724, 0.8501980679197605], [0.0009191651759814738, 0.013091553504349188, 0.9769916213846446, 0.008997659835024813], [0.003915104254697933, 0.10748489670478649, 0.029847114719086867, 0.8587528842214287], [0.9582097221527971, 0.01810752914598767, 0.004103934725721921, 0.01957881387549328], [0.9704819515468236, 0.01862819830697697, 0.004935951373880498, 0.005953898672318867], [0.9722666620151488, 0.012627702207356352, 0.0032430391232033174, 0.01186259655429156], [0.9837073620914952, 0.011816121562358395, 0.00272020532874999, 0.0017563109173963953], [0.9747695975773616, 0.01991716654178921, 0.0025321772296628305, 0.0027810585511863902], [0.980215081130371, 0.017131256909064543, 0.0014508539287166227, 0.0012028079318478295], [0.0004742003694967417, 0.0026865978115029406, 0.986857511039733, 0.009981690679267326], [0.0007228092740126257, 0.004031547271367137, 0.05394032126199516, 0.9413053220926251], [0.0008384252952968489, 0.9941505120382207, 0.0021746880214444774, 0.0028363745450379983], [0.0008801654778959363, 0.9958478061228854, 0.002507319635845294, 0.0007647086633734112], [0.0020493401387031347, 0.03359569188585355, 0.012751330439162484, 0.9516036374362808], [0.00028054318848242223, 0.004320404293845595, 0.9931223532307181, 0.0022766991869539515], [0.005753512536040257, 0.006319136824560984, 0.9828498235431791, 0.005077526996219691], [0.08512179766837287, 0.01599413895381005, 0.011885667626643151, 0.8869983956511739], [0.013588678990524001, 0.9828804785402846, 0.0023247484724019814, 0.0012060938967894065], [0.007679289605259703, 0.9901955045377511, 0.0015601423447094164, 0.0005650634122797553], [0.04667143864435761, 0.006415878425312747, 0.009481874986839554, 0.9374308078434901], [0.0016635295913069096, 0.0031079506399294987, 0.9918680455626038, 0.0033604741061598084]], "ideal": "B", "sampled": "B", "correct": true}}
{"type": "result", "data": {"idx": 1, "options": ["Framing bias", "Hindsight bias", "Over-confidence bias", "Heuristics"], "probs": [[0.08866702834121006, 0.036389911302391366, 0.03365468811968341, 0.8412883721367151], [0.050504363127509014, 0.03526012533438529, 0.8542581636673877, 0.05997734777071795], [0.09676025638567923, 0.05868965736575082, 0.021590435299528393, 0.8229596508490415], [0.10424165426642368, 0.06323029100262625, 0.7702805995170882, 0.06224745511386193], [0.012428037849088712, 0.9719858521929721, 0.009529022954988005, 0.006057086902951217], [0.021833111289871365, 0.9430014788739348, 0.02435696015648668, 0.010808449579707101], [0.09885054034016982, 0.032092848081671746, 0.028321481832593275, 0.8407351296455652], [0.06185748285395784, 0.03209321692612273, 0.8539585192377191, 0.052090780882200254], [0.1391475930021033, 0.07219066389460174, 0.024561319223257636, 0.7641004237800373], [0.03869050526826444, 0.03157970810878678, 0.8945007689874503, 0.035229017535498446], [0.02119850228897172, 0.959526774222122, 0.010013586187710768, 0.009261137201195572], [0.025114601405299766, 0.9424306723023906, 0.021820271324549105, 0.010634454867760436], [0.3556217981322906, 0.03412883942005548, 0.014678408638111769, 0.5955709537095422], [0.4564208651889351, 0.04380440678900227, 0.4493585791037249, 0.050416148818337746], [0.40155715781814505, 0.04796053236434478, 0.018490138497694802, 0.5319921712198153], [0.21117411468494326, 0.0493838489465318, 0.6817087618541914, 0.0577332744143335], [0.19847962054928076, 0.7728408495111089, 0.012888328038942552, 0.01579120180066788], [0.09619475667235208, 0.8846010946718866, 0.00937702297716453, 0.009827125578596774], [0.9904716507209664, 0.006468531218650012, 0.0010559669881100924, 0.0020038509722735054], [0.9765628811770838, 0.015062097823244764, 0.0029199226532173016, 0.005455098246454092], [0.99031096271916, 0.0065693286896987306, 0.0011778227003042866, 0.0019418857908370024], [0.9855046730812641, 0.009968400793755137, 0.0018439731536180751, 0.0026829528713626753], [0.9779631811000523, 0.01656619140309875, 0.0018879508743095917, 0.0035826765225392973], [0.987828809557471, 0.009241017685256186, 0.0011387220796146547, 0.0017914505776582168]], "ideal": "D", "sampled": "D", "correct": true}}
{"type": "result", "data": {"idx": 2, "options": ["The way things are.", "The way things are going to be.", "The way things should be.", "The way things were."], "probs": [[0.0013551553395874073, 0.005979369207308024, 0.9900120607936156, 0.0026534145594890334], [0.0035962516349476634, 0.009775769066929571, 0.004915568097282514, 0.9817124111008403], [0.00026115197788041965, 0.9995866528387745, 0.0001253042371339696, 2.6890846211157713e-05], [0.00031008254976783227, 0.9994516041643337, 0.00017530865908243614, 6.300452681610937e-05], [0.004532043837484475, 0.003876532673948219, 0.012910749807049548, 0.9786806735815178], [0.003036626870267723, 0.00950106499607322, 0.9844255084030392, 0.003036799630619858], [0.0021946099351270814, 0.006760032095180299, 0.9877506840400269, 0.0032946738296656913], [0.016216514738755242, 0.006760194321609557, 0.004574168097635535, 0.9724491227419997], [0.0006258331006748426, 0.998580046362087, 0.0005971781126879659, 0.00019694232455026007], [0.0007784186304208602, 0.9980211588046037, 0.0007427809867194369, 0.0004576414782559486], [0.012645141556917308, 0.004725269284906359, 0.008966900916964459, 0.9736626881412118], [0.0038311431480561307, 0.006517228552742188, 0.9824937894708493, 0.00715783872835237], [0.9960019227530962, 0.00342769765935612, 0.00036127831242687076, 0.0002091011751208699], [0.9944713337024763, 0.004677926384504681, 0.00044196906986846405, 0.0004087707431505479], [0.9963250698562852, 0.0027551272975708772, 0.000595838911430127, 0.00032396383471378364], [0.9939803617808316, 0.0043242364785249406, 0.0006841964880972707, 0.001011205152546148], [0.9908907735147185, 0.006370914923565065, 0.0012943333354931295, 0.001443978126223294], [0.9939565434513317, 0.003937155844349928, 0.0007874822519059251, 0.0013188183524124673], [0.00899171385424104, 0.012290447907515104, 0.0323808689081569, 0.9463369692300869], [0.0018725676596612775, 0.009966323595557004, 0.9853498778006288, 0.0028112308441529264], [0.007693917575563861, 0.010034988461801654, 0.07893085356586067, 0.9033402402967738], [0.0020850257981072876, 0.007277684785377064, 0.9834722955017186, 0.007164993814797102], [0.0007662351099738693, 0.9978667300424688, 0.0009993618956739947, 0.00036767285188325755], [0.0005524565996538234, 0.9988710998035604, 0.0004105539749813221, 0.00016588952180451822]], "ideal": "C", "sampled": "C", "correct": true}}
{"type": "result", "data": {"idx": 3, "options": ["The potential for entry into the industry", "The threat of substitute products", "The power of customers", "The level of rivalry"], "probs": [[0.0005917896310785013, 0.004802505696567454, 0.005032957286822444, 0.9895727472855316], [0.0006509025846601161, 0.012671539850037586, 0.9756683930587506, 0.01100916440655165], [0.0004080408969319019, 0.0034702539975025076, 0.0033634690208558878, 0.9927582359847097], [0.00030387429400472365, 0.0064971138049702976, 0.9794447391983467, 0.013754272602678187], [0.0019766939537346163, 0.9924279913560361, 0.004055852947068978, 0.0015394616431602653], [0.0008015923987218143, 0.9960732133763194, 0.0021118802723711695, 0.0010133138525876024], [0.0003716558749857004, 0.0032105901273197074, 0.0033124905510176993, 0.9931052633466769], [0.0009286536800889016, 0.013435016168247637, 0.971774979561383, 0.013861350490280444], [0.00042103075187683767, 0.0034705615821136325, 0.0032602763883779235, 0.9928481311776316], [0.0008721870817505202, 0.013018542004442786, 0.8985234476451388, 0.08758582316866793], [0.001770118006084705, 0.9914356455932563, 0.004591284123558388, 0.0022029521771006434], [0.0011793641373136076, 0.991611580313865, 0.003632663910156042, 0.003576391538665366], [0.00022249924341962343, 0.0018922872323984426, 0.0022122994391738414, 0.9956729139850081], [0.0003218832073213171, 0.005195026648255584, 0.9595326326339381, 0.034950457410485], [0.0002088794543977737, 0.0023904776076711784, 0.002390468760107455, 0.9950101740778236], [0.00030697512044845977, 0.008560289366305948, 0.9441276930322416, 0.0470050423810039], [0.00048187903884333404, 0.9719252419111425, 0.007420806097082964, 0.020172072852931246], [0.0006880327409129251, 0.9840465590286882, 0.007751884721452906, 0.0075135234089459026], [0.7801931921314362, 0.1072499280930365, 0.038843623421697164, 0.07371325625383011], [0.6750029518523563, 0.09573563361786298, 0.02658501108708302, 0.20267640334269774], [0.6545368407960723, 0.18752710449486598, 0.04595587012473684, 0.11198018448432487], [0.4182369975458795, 0.1770923273304908, 0.0469252091083301, 0.3577454659152996], [0.4583371290481274, 0.08611910621759358, 0.03821517037915899, 0.41732859425512], [0.5692577234252273, 0.12120137091554067, 0.0529494422707036, 0.25659146328852844]], "ideal": "D", "sampled": "D", "correct": true}}
{"type": "result", "data": {"idx": 4, "options": ["Margaret Thatcher", "Mikhail Gorbachov", "Nelson Mandela", "Bill Clinton"], "probs": [[0.2660748938497447, 0.35253393383871345, 0.08912921629603589, 0.29226195591550597], [0.26694216923812647, 0.3428029366567217, 0.17236219087959984, 0.21789270312555198], [0.16056294019868464, 0.06288850025702211, 0.5604706155482962, 0.21607794389599702], [0.193759231296481, 0.08466235484332835, 0.2567091266799374, 0.4648692870802532], [0.17637919852223907, 0.12124208743426476, 0.5024996845666828, 0.1998790293768134], [0.20799701533612885, 0.13431251447981107, 0.10961263207330803, 0.548077838010752], [0.15795343681768265, 0.517951761593029, 0.07942695702445926, 0.244667844464829], [0.16607626523247773, 0.5036611781657266, 0.1420588705721985, 0.18820368592959708], [0.05930329924940313, 0.04618910378712204, 0.7454173647472354, 0.14909023211623945], [0.13515967330713022, 0.052935839482852715, 0.20610003478403272, 0.6058044523259843], [0.1737104407884945, 0.19996536371989224, 0.37355805552913557, 0.2527661398624777], [0.10618843295389137, 0.06856593591132458, 0.07648480051713466, 0.7487608305176494], [0.06406328921963822, 0.6887831193828698, 0.16359625998882033, 0.08355733130867164], [0.06398819386319193, 0.755586922093173, 0.06811621039424658, 0.11230867354938849], [0.06911007571684419, 0.12712683255916757, 0.6455638648506605, 0.15819922677332773], [0.1037825310045459, 0.20006654409801566, 0.1607459247229407, 0.5354050000744978], [0.0836401488479745, 0.10910483949796186, 0.5286665440120155, 0.27858846754204813], [0.07691582177005951, 0.08317686432026813, 0.3612733079198856, 0.4786340058897867], [0.14702258388852602, 0.20098824504918114, 0.4746330066821995, 0.17735616428009332], [0.17188963676513616, 0.2621381937183158, 0.10590333727217169, 0.4600688321443763], [0.17589649114617026, 0.318549473167362, 0.2900223308524939, 0.2155317047339739], [0.1181196307457473, 0.10424893659052656, 0.07626415270591536, 0.7013672798578108], [0.08114950690592168, 0.05406518874043888, 0.6186892047113681, 0.24609609954227135], [0.08780265794865419, 0.03603881677711565, 0.32117936729809127, 0.5549791578761389]], "ideal": "D", "sampled": "A", "correct": false}}
{"type": "result", "data": {"idx": 5, "options": ["Work flow design", "Work schedule design", "Work rate design", "Work output design"], "probs": [[0.0018092592435984905, 0.9976665142650654, 0.0003733651964082245, 0.00015086119492787272], [0.0018664688347569255, 0.9975474036680431, 0.00042302711795978596, 0.00016310027924017531], [0.009995262836148213, 0.008959908760190214, 0.9728866588076303, 0.008158169496031278], [0.0018306499199265366, 0.0012780138930650834, 0.0030657730294595576, 0.9938255630575488], [0.00858803946781644, 0.007232011276447211, 0.9772790710594315, 0.006900878096304839], [0.0014953710967656182, 0.0011465540077205496, 0.0027077772934714977, 0.9946502975020424], [0.6216072167672771, 0.3541860764812583, 0.009587392710023143, 0.014619313941441331], [0.6196722745459007, 0.3586434630652756, 0.010334157049290943, 0.011350105239532718], [0.889811833507416, 0.04161791782954817, 0.03615805847304924, 0.032412190089986616], [0.817307245674658, 0.03705063413715114, 0.012217930655156813, 0.13342418943303402], [0.8677742322738516, 0.05905399057322174, 0.042534784823549276, 0.030636992229377276], [0.7826495095269836, 0.04700268029301105, 0.011339872102731985, 0.15900793797727336], [0.0023674380643008554, 0.007407247336476265, 0.9854427858585055, 0.004782528640717402], [0.0008654181433517724, 0.00125919382909827, 0.003266065968418281, 0.9946093219591317], [0.000766848557338918, 0.9986552357564631, 0.00040410417829525906, 0.00017381140790273408], [0.0008824499459439459, 0.9984437047920713, 0.00045071517950722557, 0.00022312998247748129], [0.0008522592731997384, 0.0008656931918888247, 0.0033707630002983296, 0.9949112844346131], [0.0031751521637603175, 0.006025536344152229, 0.9821681042326557, 0.008631207159431746], [0.0028919554016347687, 0.009048324916043198, 0.9824851649693862, 0.005574554612935834], [0.0009800199667348328, 0.002074727876755706, 0.002971887381311799, 0.9939733646751977], [0.0007549269069117681, 0.9986119484641572, 0.00042347881954011055, 0.00020964570939086214], [0.0007432755399707558, 0.998682440901432, 0.0003511015808624535, 0.0002231818777347968], [0.000852446439729591, 0.0008524576155992051, 0.0031672339980398667, 0.9951278618466314], [0.0035275777702280125, 0.006590542451884549, 0.9781329137263531, 0.011748965951534296]], "ideal": "B", "sampled": "B", "correct": true}}
{"type": "result", "data": {"idx": 6, "options": ["Workers enjoy responsibility.", "Workers view physical and mental effort as a natural part of work.", "Workers like to show initiative.", "Workers like to be directed."], "probs": [[0.016037224561001706, 0.024075676807176045, 0.013089388249251791, 0.9467977102825704], [0.018783045266035445, 0.03620832657459728, 0.919333782947253, 0.025674845112114278], [0.01718583355949076, 0.013809921424347827, 0.030637579492210958, 0.9383666654239504], [0.01960413800523185, 0.028084871628217867, 0.7020055355661338, 0.2503054547004165], [0.034674270602104165, 0.9083886771679154, 0.03808327281295604, 0.018853779317024408], [0.029969369507725375, 0.9179146166859306, 0.017618583997848596, 0.03449742970849552], [0.012477107639419973, 0.00520141101273742, 0.006473127922248047, 0.9758483533255945], [0.029516693689856665, 0.019974059424504944, 0.9040699179278969, 0.04643932885774148], [0.018806572458685295, 0.008345668893668945, 0.008216109820099918, 0.9646316487275458], [0.04427489985674305, 0.03502764160379124, 0.9033579178926118, 0.01733954054685397], [0.010268362472273711, 0.9839646443738429, 0.0034395287129088646, 0.002327464340974546], [0.010746853931478558, 0.9826580833125093, 0.0043421959608478545, 0.0022528666951643892], [0.02068098428749438, 0.016618439771264055, 0.026555398229132082, 0.9361451776121095], [0.03594568435953688, 0.03324783308210726, 0.7334135737709715, 0.19739290868738432], [0.025181825896662086, 0.029441779119982928, 0.015037010240279399, 0.9303393846430755], [0.030129477255784406, 0.04666858807992326, 0.9085171746374234, 0.01468475992686893], [0.02328578991170309, 0.9597087111047026, 0.006671647683467282, 0.010333851200127033], [0.022624848067961584, 0.9620673110765051, 0.011555890397794803, 0.003751950357738464], [0.7152895473721503, 0.1672732276911472, 0.05871741473759624, 0.05871981009910621], [0.7881833064529459, 0.10021173635687755, 0.020358884060393947, 0.09124607302978266], [0.738145433626642, 0.2322751652823203, 0.011385011835473528, 0.018194389155564115], [0.7083955399836795, 0.25657269332174026, 0.014934225923812225, 0.020097540670767893], [0.8043366317728659, 0.12927476494592174, 0.014964463464043494, 0.05142413971716893], [0.7710524150330502, 0.18031085811952546, 0.02808680583870173, 0.02054992090872252]], "ideal": "D", "sampled": "D", "correct": true}}
{"type": "result", "data": {"idx": 7, "options": ["Referent", "Expert", "Reward", "Legitimate"], "probs": [[0.096728095579039, 0.008720448390014417, 0.005046948411340484, 0.8895045075196061], [0.08168666322582914, 0.016338879758275617, 0.8920645995386054, 0.009909857377289876], [0.06572817894081315, 0.008356536589868858, 0.004268050117836119, 0.9216472342514819], [0.10389663839225369, 0.017228314973629904, 0.8699372824212649, 0.008937764112851545], [0.3089345064145341, 0.6854108497911876, 0.0029817679574615356, 0.002672875736816722], [0.6327634638772408, 0.36054358940423464, 0.0037625980266535954, 0.002930348591870942], [0.003922087439451265, 0.22441822827316252, 0.012464329070909582, 0.7591953551164766], [0.003159486662983706, 0.08539632754149185, 0.9038648461818769, 0.0075793395136474935], [0.0014675034531503766, 0.006275939192623774, 0.916987362239611, 0.07526919501461486], [0.0006434721705266787, 0.002245996787615518, 0.9797187193367715, 0.01739181160508636], [0.0011659601154294821, 0.8651741854021274, 0.12859505579848643, 0.00506479858395667], [0.0008877508222091084, 0.9145650260116195, 0.007092653771334494, 0.07745456929483693], [0.0022502779501798135, 0.12286244371874219, 0.008626165010801835, 0.8662611132202761], [0.004484820981034074, 0.1462175654727551, 0.8414264077557566, 0.007871205690454188], [0.0018778488728986057, 0.013449062684056086, 0.8996742997553386, 0.08499878858770663], [0.0006761284531953495, 0.003952216145182232, 0.9670676666779563, 0.028303988623666145], [0.0008141447617306294, 0.22929864456942464, 0.7636803663434597, 0.006206844225385002], [0.001574110611739065, 0.7780824416074829, 0.010926488944844498, 0.20941695873593352], [0.03780334054543756, 0.9598525126442145, 0.00171369732573495, 0.0006304493846130464], [0.017131006278624628, 0.9802136383137037, 0.002078235374143366, 0.0005771199335283437], [0.025936205278368842, 0.03032381281847488, 0.9287289431228816, 0.015011038680274752], [0.02808288372805976, 0.007212408543358759, 0.005194832708216217, 0.9595098749203652], [0.007767478091063022, 0.01342149733128345, 0.9707968329654254, 0.008014191512228114], [0.051729045426113805, 0.011187408842447844, 0.0057138827596803455, 0.931369662871758]], "ideal": "D", "sampled": "D", "correct": true}}
{"type": "result", "data": {"idx": 8, "options": ["Henry Fayol", "Max Weber", "Adam Smith", "Mary Parker Follett"], "probs": [[8.886131755881407e-05, 0.9996653003757285, 0.000197143549200108, 4.8694657512520624e-05], [0.00010717911170241054, 0.9995898568046765, 0.0002531181371414696, 4.984584647965561e-05], [9.377591914296197e-05, 0.0007433851236175523, 0.9988224830910636, 0.0003403557661758798], [9.748314603459985e-05, 0.0005107757969953961, 0.0008421177404132664, 0.9985496232165567], [7.192030970665068e-05, 0.0005701280367480162, 0.9990886369001518, 0.0002693146533935366], [9.747470771631986e-05, 0.0005436722754191966, 0.0008963533293492835, 0.9984624995875152], [0.99582052951228, 0.0034270412536523995, 0.00028131233033270475, 0.00047111680373499083], [0.9955049178384642, 0.003821928989574791, 0.0002947195499413318, 0.0003784335220196764], [0.9941190354045345, 0.0036418309435146067, 0.0006230490900986425, 0.001616084461852278], [0.9955526377216025, 0.002110773080189298, 0.00038440256344656805, 0.001952186534761553], [0.9957877474982985, 0.0032192934956192156, 0.00037853225724075344, 0.0006144266488415553], [0.9958256390158929, 0.0024684174382602554, 0.00029945504897339404, 0.0014064883968733862], [8.467944903011174e-05, 0.0008686906714428788, 0.9983486074748843, 0.0006980223046426839], [6.053720832929693e-05, 0.000518891063915618, 0.0007317471227410485, 0.9986888245050141], [9.30911754711556e-05, 0.9992927290272031, 0.0004654173366060839, 0.0001487623607196062], [0.0001312678936545779, 0.9992058153045169, 0.0003624353945216627, 0.00030048130730681705], [7.706092701961256e-05, 0.0005349072826541357, 0.001547790621968082, 0.9978402410683581], [0.00020602881200078259, 0.001343482261886022, 0.996879788850759, 0.0015706999753541688], [6.496248772278705e-05, 0.0007094030994412032, 0.9989058741829594, 0.0003197601298766128], [8.337554506347712e-05, 0.0007202554046777283, 0.0007202510391032898, 0.9984761179111555], [7.83969111119192e-05, 0.9993755013632554, 0.0004372543359571874, 0.00010884728967555859], [0.0001105583817869383, 0.9993862104649025, 0.0002867612402268311, 0.00021646981308371446], [0.0001554845058101693, 0.000777375177119226, 0.002394461511712694, 0.9966726787053579], [0.0001531629345494317, 0.0010799190205400752, 0.9972439736769565, 0.0015229442679539466]], "ideal": "B", "sampled": "B", "correct": true}}
{"type": "result", "data": {"idx": 9, "options": ["Frederick Taylor", "Seebohm Rowntree", "Henry Ford", "Max Weber"], "probs": [[0.0012158260409184274, 0.9908315101502965, 0.005534701137691094, 0.0024179625710940246], [0.0007883590095769792, 0.9950615648518851, 0.0018329723692664403, 0.002317103669271426], [0.0023235079738499454, 0.04118669678924621, 0.952148891407931, 0.004340903728972774], [0.006117152009646513, 0.5681394897047617, 0.010085512817202588, 0.4156578453683892], [0.0008588659966087539, 0.004034033638872554, 0.9870848968997388, 0.008022203364779894], [0.0007268283033632689, 0.0035222315246191413, 0.8754123569215172, 0.12033858315050043], [0.9510401846936185, 0.019131353184703673, 0.006019861110950468, 0.02380860091072737], [0.970525709946439, 0.013418109435696022, 0.0019944377180620165, 0.014061742799802854], [0.9490250459128087, 0.031971162701267875, 0.0034227466894800034, 0.01558104459644348], [0.8837673999306714, 0.0931512697620931, 0.004157127409439889, 0.018924202797795588], [0.9792387551618807, 0.0094515126671618, 0.001404852530330148, 0.009904879540627317], [0.8554273278730535, 0.027932170879775182, 0.06912910218266186, 0.04751139896450946], [0.14090164607981828, 0.02526363279615943, 0.8236277455449477, 0.010206975479074667], [0.6025030115747733, 0.03143736088128574, 0.0062877200011738025, 0.35977190744276716], [0.12520256042594638, 0.8690895620576241, 0.00285391798628843, 0.0028539594301410275], [0.2705084035437679, 0.7239323124518666, 0.002823037043159732, 0.0027362468612057364], [0.5430171848236715, 0.021387291621604246, 0.006032419789260327, 0.42956310366546396], [0.08254663722927384, 0.01730382614736577, 0.8874905396869351, 0.012658996836425188], [0.0006014044272443913, 0.0038010806383081772, 0.9900672444148584, 0.005530270419588998], [0.0006477554313283316, 0.0037276807299377805, 0.8979750142293708, 0.09764954950936312], [0.00016184256826131527, 0.9976434358797963, 0.001097357058887987, 0.0010973643930543202], [0.0003831621788069484, 0.9923382564517227, 0.005207249980298395, 0.0020713312891719143], [0.00043708181328252674, 0.9834888413611219, 0.0028949917277438387, 0.013179084997851682], [0.0009017030330111932, 0.7822448778061477, 0.21385020334271054, 0.0030032157181304952]], "ideal": "B", "sampled": "B", "correct": true}}
{"type": "result", "data": {"idx": 10, "options": ["John Kenneth Galbraith", "John Maynard Keynes", "Milton Friedman", "Alfred Marshall"], "probs": [[0.008742103270851346, 0.011225297941399471, 0.8917379295331157, 0.08829466915463352], [0.04091340873679538, 0.01993991530941293, 0.007931463803709004, 0.9312152120500826], [0.07338098928055183, 0.8013567051512719, 0.01336383493999315, 0.11189847052818312], [0.06017889392708475, 0.7927139915479617, 0.011485463820795207, 0.13562165060415823], [0.02131380531954821, 0.007719442781532032, 0.0062026847696485905, 0.9647640670292712], [0.01611502632176901, 0.011427488948554405, 0.8265595915847038, 0.14589789304497272], [0.017806221212487296, 0.011677871728961255, 0.8579733570639134, 0.11254254989463797], [0.1443481453234233, 0.026702376229080477, 0.07258369813459792, 0.7563657802128982], [0.19074355488168612, 0.4038157237020295, 0.06002166158729748, 0.3454190597289869], [0.21009069916944664, 0.4310906272045447, 0.07609162770394753, 0.2827270458220611], [0.058643671614943785, 0.015539238951442236, 0.008448455875288367, 0.9173686334583256], [0.16605505845942184, 0.029772890816757592, 0.38011313195521496, 0.42405891866860557], [0.6953427493009452, 0.080493424356598, 0.024935488449679785, 0.19922833779277696], [0.6350169871860066, 0.0638667876040665, 0.03638988042094815, 0.2647263446889787], [0.6186650849361349, 0.07389088583554387, 0.03715437207394368, 0.2702896570543775], [0.6953690738049357, 0.05037339096872012, 0.021329211347101956, 0.23292832377924216], [0.7127150553977163, 0.028512662782140704, 0.012456173415666152, 0.2463161083044768], [0.751909588942997, 0.03355732716085684, 0.012153579486882308, 0.2023795043092639], [0.05139286710306877, 0.0136179083017109, 0.009656458894276106, 0.9253327656009442], [0.02883002343585038, 0.012793475846098294, 0.84255260609863, 0.11582389451942127], [0.04394281626463119, 0.02279755458046612, 0.008256643024568399, 0.9250029860303343], [0.18144954468805743, 0.04883807824304961, 0.45617719800414813, 0.3135351789647448], [0.3014575816280866, 0.15158648674472386, 0.06519570152408821, 0.4817602300031013], [0.3236171699324635, 0.2025196165394805, 0.07109029802238222, 0.4027729154056738]], "ideal": "C", "sampled": "C", "correct": true}}
{"type": "result", "data": {"idx": 11, "options": ["Mary Parker Follett", "Elton Mayo", "Lillian Gilbreth", "Frederick Taylor"], "probs": [[0.004365295251432962, 0.9878784460170276, 0.0050243923198293695, 0.0027318663117100674], [0.005506996870271148, 0.9858633887093451, 0.005681775394647889, 0.002947838925735845], [0.004965135433176972, 0.00793443445314819, 0.9762553712605812, 0.01084505875309364], [0.002064853857868098, 0.0035677502486214244, 0.005110500725369081, 0.9892568950681414], [0.005084279947798215, 0.012583995295286905, 0.9689361497207005, 0.013395574936214402], [0.0025562835400686373, 0.006630491450212287, 0.006734829373326031, 0.9840783955363931], [0.9882105755887317, 0.008960064651965256, 0.0010372110584915915, 0.001792148600811401], [0.9929538764522833, 0.005210574305244045, 0.0006728909300988138, 0.00116265821237389], [0.9875158563173896, 0.008953758570309512, 0.0012308489722847806, 0.0022995360400161406], [0.992332594467389, 0.005207314862499532, 0.0007158388307463298, 0.0017442517393651135], [0.9914490904182783, 0.0061783283204506784, 0.0008104307311211804, 0.0015621504301497919], [0.9896684793017422, 0.007556240469748881, 0.0008346529134252875, 0.0019406272150836261], [0.004360434639394422, 0.00937662468548812, 0.9715114921431985, 0.01475144843191892], [0.0014212222822293378, 0.002916157351942785, 0.00496049150281275, 0.9907021287630151], [0.004653083410122878, 0.9892071622244346, 0.0034042546341873734, 0.002735499631255093], [0.002790031863747222, 0.9933144126567091, 0.001947746781504893, 0.0019478085980387692], [0.0008777663949903744, 0.0022066992606190015, 0.003753675140251969, 0.9931618591041387], [0.004449574947148739, 0.00818418749071519, 0.9760037513518595, 0.011362486110276565], [0.0023508570134808905, 0.007355334898783415, 0.9785401438795958, 0.011753664108139914], [0.0005496157930672699, 0.0018886032065394604, 0.0038150241609075258, 0.9937467567394858], [0.003304647032751499, 0.9907375627575615, 0.0034632161201768336, 0.002494573989510176], [0.002383688858589239, 0.9921702443584578, 0.002786799482839635, 0.0026592672001133637], [0.0006728313741881249, 0.0021050991474899565, 0.004319314376047522, 0.9929027550022744], [0.0030186926236612827, 0.007355661651171264, 0.9785836410928467, 0.011042004532320807]], "ideal": "B", "sampled": "B", "correct": true}}
{"type": "result", "data": {"idx": 12, "options": ["Strategic", "Operational", "Functional", "Developmental"], "probs": [[0.000502354574128989, 0.000518309177325139, 0.0014088963873479911, 0.9975704397611979], [0.0009473807430113349, 0.0019439340380958778, 0.9913950704021484, 0.005713614716744453], [0.0003793403634382747, 0.0004101704891127581, 0.0012634028136984312, 0.9979470862337505], [0.0021492281561496292, 0.0031271605937621175, 0.9825471258897279, 0.012176485260360335], [0.0002610610321565477, 0.9992272071897127, 0.0002065186860687224, 0.00030521299206208723], [0.00037382283788272376, 0.998881094269643, 0.00026508277902273606, 0.0004800000134515206], [0.00020619630442050642, 0.0006656175671839962, 0.001409104772847483, 0.997719081255548], [0.00046795237478803773, 0.0030041623245944194, 0.9892076375447031, 0.007320247655914455], [0.0002526017098838694, 0.0006655244247493179, 0.0014997749239743683, 0.9975820988413925], [0.0031895198302171533, 0.009522371481041396, 0.8983418522276437, 0.08894625636109771], [0.00020960322863382787, 0.9984418191033272, 0.0004797916649081554, 0.0008687859031307841], [0.000285710818637516, 0.9957193531422468, 0.0005682133471014134, 0.003426722592014238], [0.00016572361298098663, 0.00039755451608484077, 0.0014770828510153006, 0.9979596389199189], [0.0007663576511474655, 0.003891929808867149, 0.9825803782937883, 0.012761334146197055], [0.0002372994715993279, 0.00047193143136982395, 0.0016994786401014787, 0.9975912903569294], [0.0032938913736807363, 0.00719470940226239, 0.9133589736791441, 0.07615242544491282], [0.0007611394574552054, 0.991210110325597, 0.0021346920440227448, 0.005894058072925052], [0.0006561237365315819, 0.9834703173975037, 0.0016239453052560068, 0.0142496134607087], [0.8755473748472, 0.06051994663174269, 0.002459247435058861, 0.06147343098599842], [0.8826862488479243, 0.06913731925554473, 0.0021206645556124705, 0.046055767240918415], [0.9060820534290722, 0.010548687764897162, 0.004196005031520103, 0.07917325367451056], [0.6556430395778825, 0.011639075241470469, 0.003036253357820574, 0.3296816317228265], [0.8754959974764942, 0.013087578524862056, 0.005205905692501795, 0.10621051820614197], [0.553616781182938, 0.011489984974167977, 0.0037302655518234623, 0.43116296819107053]], "ideal": "A", "sampled": "D", "correct": false}}
{"type": "result", "data": {"idx": 13, "options": ["Guiding, mentoring and motivating", "Guiding, commanding and motivating", "Guiding, demonstrating and motivating", "Guiding, mentoring and demonstrating"], "probs": [[0.13496551576795443, 0.7183189545886778, 0.023823112645295054, 0.1228924168980727], [0.12565956961723895, 0.7818938463818929, 0.01622761407247476, 0.07621896982839346], [0.14120483729877747, 0.4418058926925463, 0.2943035718702572, 0.12268569803841906], [0.13689950923143804, 0.4350763222185603, 0.0380160533161326, 0.39000811513386907], [0.16904546192799247, 0.11438982847388728, 0.3750582309060381, 0.3415064785920821], [0.1522422823067399, 0.10628610452371037, 0.06970267482512513, 0.6717689382444246], [0.6439611087183776, 0.22961648483753083, 0.012753104338434228, 0.11366930200565735], [0.6177642191774332, 0.1974547199744842, 0.013228464887637088, 0.17155259586044547], [0.5997210450005821, 0.2877551773617354, 0.011511537619087847, 0.10101223991859463], [0.5196111095256757, 0.20669196120517652, 0.012412642804523056, 0.26128428636462475], [0.6634302286907008, 0.1306420593721623, 0.06467083985466154, 0.14125687198247536], [0.498014597989089, 0.08929206200551258, 0.018716211578245722, 0.39397712832715265], [0.4727909439814313, 0.21987761079160514, 0.14646649539795678, 0.1608649497290068], [0.3603878726992596, 0.15744634640039776, 0.01940082657287881, 0.46276495422746383], [0.4770467876910954, 0.1432435512399481, 0.1957832723660189, 0.1839263886029376], [0.29479322014324216, 0.167974515677023, 0.02785215075694958, 0.5093801133227853], [0.3266129219698101, 0.1591852766055519, 0.10770694245592746, 0.4064948588687105], [0.30401406028822575, 0.10183583312769928, 0.0261528234100209, 0.5679972830740541], [0.12217776111997003, 0.5225050293130199, 0.09665237078140132, 0.2586648386856087], [0.11358927849595361, 0.46353107340818284, 0.1328018148646932, 0.2900778331311703], [0.1176139966424661, 0.6874962788320421, 0.053013538824176566, 0.1418761856013152], [0.15792143029790162, 0.2125174412304316, 0.19349372336521897, 0.4360674050064478], [0.13586896757815306, 0.3810647456046207, 0.07741688993854685, 0.40564939677867934], [0.1320976226837393, 0.34804327848246924, 0.07295239297103291, 0.4469067057627585]], "ideal": "A", "sampled": "B", "correct": false}}
{"type": "result", "data": {"idx": 14, "options": ["Incomplete information", "An agreed goal", "A structured problem", "High level of certainty regarding the environment"], "probs": [[0.05325929358193096, 0.052435151348390704, 0.021185082957515283, 0.873120472012163], [0.012108954313148507, 0.04226615226894362, 0.9179067283566239, 0.027718164961283997], [0.037199340964855436, 0.031819138850549496, 0.015506981025800889, 0.9154745390587942], [0.008264923144170539, 0.042635466310776665, 0.9259197796212907, 0.02317983082376208], [0.015657013061888186, 0.9686809045875213, 0.008380628073020573, 0.007281454177569921], [0.01585639159460799, 0.9658062392003264, 0.007608016896987198, 0.010729352208078427], [0.038069336255339495, 0.03412602720739945, 0.019750078439131725, 0.9080545579981293], [0.009806036263434277, 0.04193654388914237, 0.9250983231499075, 0.023159096597515902], [0.05838677572043832, 0.03711418379301946, 0.01925390929902911, 0.8852451310875131], [0.05670256560735579, 0.11635354948502111, 0.7827826766735688, 0.04416120813405426], [0.05587219943751912, 0.8339907712547383, 0.03134192223552691, 0.0787951069722157], [0.0922139438701361, 0.8219211789636435, 0.024434711967129652, 0.06143016509909075], [0.03779379229337984, 0.03779476831952157, 0.022923057998027643, 0.9014883812890709], [0.008054887154946053, 0.03610053707889484, 0.93103352796362, 0.02481104770253911], [0.029238685962614155, 0.027042057362474857, 0.019783843306708824, 0.9239354132682022], [0.044787016207252305, 0.08769328963003398, 0.8190922903095182, 0.048427403753195444], [0.05681790336822027, 0.6605047496799494, 0.01994520213326958, 0.2627321447185607], [0.08041785357021825, 0.7996220290002041, 0.044411679933559274, 0.07554843739601835], [0.3944577095846572, 0.2430319709246305, 0.2282982983449774, 0.13421202104573488], [0.3274484884688951, 0.2114267654931222, 0.04717373492534244, 0.4139510110126402], [0.4571187844838413, 0.2905765506026504, 0.03636853809702901, 0.21593612671647924], [0.4116796270036276, 0.4451488272592405, 0.019557993929956063, 0.12361355170717585], [0.4506954218689758, 0.10539600918583117, 0.027066558395103815, 0.41684201045008923], [0.5609304747152426, 0.1684320700636214, 0.0475061088664571, 0.22313134625467895]], "ideal": "A", "sampled": "D", "correct": false}}
{"type": "result", "data": {"idx": 15, "options": ["Making people's strengths effective and their weaknesses irrelevant.", "Enhancing the ability of people to contribute.", "To operate the organisation's status system.", "Integrating people in a common venture by thinking through, setting and exemplifying the organisational objectives, values and goals."], "probs": [[0.002263256116139515, 0.005429807119792729, 0.9569044114430242, 0.035402525221043556], [0.0034050194904523233, 0.0021985673518119214, 0.0049542710114438135, 0.9894421420462919], [0.0010183778069516893, 0.9856195766068765, 0.004564026706738053, 0.008798018779433798], [0.0009425508450398051, 0.9940741195411764, 0.0029720599230152987, 0.0020112695907684515], [0.003149160261039033, 0.002958517608121874, 0.004441022187610132, 0.989451299843229], [0.0019400495835939326, 0.0069868467399588526, 0.9740499882188512, 0.017023115357595913], [0.001925425024996865, 0.0047659672029470735, 0.9667294625429342, 0.02657914512912186], [0.003300516413233171, 0.002065539280903858, 0.005111949898681697, 0.9895219943071812], [0.003596138829496077, 0.9515319219900069, 0.007978453957139668, 0.03689348512335739], [0.0021098934014644037, 0.9797781875968334, 0.006705226958732155, 0.01140669194296998], [0.003567007344478904, 0.0020325610802975776, 0.0053547044127218195, 0.9890457270625017], [0.0024398241490584806, 0.006428543434201554, 0.9690434866309021, 0.022088145685837834], [0.42796083753322656, 0.048778164854537676, 0.04581793766757643, 0.47744305984465935], [0.5735618578359963, 0.08394056714121094, 0.044925254670606256, 0.29757232025218644], [0.3950707257133424, 0.049455180022313174, 0.056033968084901485, 0.49944012607944294], [0.45878289437762276, 0.07036434023536621, 0.053109013759716266, 0.41774375152729476], [0.7331688102910751, 0.0749070315584983, 0.02047627707649505, 0.17144788097393154], [0.6010699011382225, 0.08263672604163225, 0.03235783980972692, 0.28393553291041834], [0.0017196289514186905, 0.0012581686206916915, 0.003263270995622619, 0.993758931332267], [0.0017652285103921229, 0.005879427556508379, 0.9733774901278484, 0.018977853705251135], [0.001566836984788652, 0.000812908472946093, 0.0031650797971110754, 0.9944551746451542], [0.001755259914564836, 0.003331080047722466, 0.967882683702975, 0.027030976234737606], [0.0009241858047654026, 0.990039544357669, 0.0051144654160279555, 0.003921804321537617], [0.0009414055889247194, 0.9851307774766094, 0.006637439132341831, 0.007290377702124023]], "ideal": "C", "sampled": "C", "correct": true}}
{"type": "result", "data": {"idx": 16, "options": ["A theoretical assumption", "An illustration", "A theoretical model", "An example serving as a model"], "probs": [[0.027615034579026386, 0.00939583270247041, 0.9145213858634647, 0.0484677467550385], [0.028957190070079932, 0.007916658206749642, 0.06226881982769854, 0.9008573317954719], [0.650082601753116, 0.3023222449885578, 0.006679201172259499, 0.04091595198606663], [0.4575024425432157, 0.2863033338941308, 0.22648529115514193, 0.029708932307511496], [0.08326287264358968, 0.7306245299309428, 0.012571176987489944, 0.17354142033797756], [0.0613834480964515, 0.8742880888789591, 0.04780658092122398, 0.016521882003365327], [0.0010714425369181587, 0.9741102324082139, 0.019291187124150674, 0.005527137830717226], [0.0015852957550885824, 0.8879526808629727, 0.009266607107176474, 0.10119541617476219], [0.0007851707467516622, 0.9910746147006019, 0.0032545211124839885, 0.004885693340162406], [0.0005176731720469045, 0.9963558809060948, 0.0020474764478463224, 0.0010789693740119238], [0.006301686073184372, 0.09704968187658532, 0.5006213709118815, 0.39602726103834873], [0.0008210774204644281, 0.01868794388890873, 0.9736159908724765, 0.006874987718150297], [0.9168455776535712, 0.03965951091137466, 0.0044497157467729325, 0.03904519558828115], [0.1034535522757291, 0.036888464594511165, 0.8137494769297864, 0.04590850609997333], [0.6683558981337798, 0.018666227060705268, 0.025513692024445204, 0.2874641826810697], [0.20507308609513883, 0.029086187153908098, 0.7385166204147999, 0.027324106236153115], [0.24716280778092092, 0.7379021161200043, 0.007234182784880746, 0.0077008932141939745], [0.4205423463491402, 0.5659094082874623, 0.005724148122150212, 0.00782409714124731], [0.005596013203126336, 0.8569019328242305, 0.010133337101071971, 0.12736871677157116], [0.050638517477903947, 0.8172836622578638, 0.10889275051821326, 0.023185069646018974], [0.007480636144250804, 0.006201860881977676, 0.4280418699378838, 0.5582756329358878], [0.0019502079213228353, 0.004001641284125971, 0.9791801878385088, 0.014867962856042355], [0.07266673885490207, 0.9133787963538252, 0.0067591883196595716, 0.007195276371613123], [0.006519500475185456, 0.982832836004853, 0.005490109119011153, 0.005157554300950357]], "ideal": "D", "sampled": "C", "correct": false}}
