{"type": "result", "data": {"idx": 0, "options": ["Wrong, Wrong", "Wrong, Not wrong", "Not wrong, Wrong", "Not wrong, Not wrong"], "probs": [[0.43204557647249536, 0.3471615533993667, 0.05159966601360293, 0.16919320401453497], [0.3646129369371105, 0.27096861598166166, 0.228168621636462, 0.13624982534476582], [0.40485403239295015, 0.4659872387329702, 0.05067256130272482, 0.07848616747135478], [0.39658435288760124, 0.4424268503992356, 0.0898829380359113, 0.07110585857725187], [0.40358150027989015, 0.42295557427316105, 0.08199135824153657, 0.09147156710541218], [0.4227635154940699, 0.4294254077284693, 0.0658527865576212, 0.08195829011983957], [0.820147590669975, 0.10265524894687622, 0.024766052646743062, 0.05243110763640573], [0.7150575847559775, 0.12820696351859284, 0.08811216472280439, 0.06862328690262526], [0.8489559824738616, 0.11311399106210335, 0.012690687456272401, 0.02523933890776265], [0.7156564086054171, 0.22519531739966545, 0.02062112319337247, 0.03852715070154492], [0.680030333182193, 0.18591488549647836, 0.0892002044305374, 0.04485457679079123], [0.7851772559771817, 0.14077684312593006, 0.029050159609596504, 0.04499574118729178], [0.3594563603041728, 0.3273022174507903, 0.1724700778550293, 0.14077134429000765], [0.34927211249173135, 0.36605183377336165, 0.14789203248607483, 0.13678402114883215], [0.40256504101039153, 0.4218923229060411, 0.06887017575639792, 0.10667246022716943], [0.31894617081424836, 0.3969513327622082, 0.07816130375969721, 0.20594119256384627], [0.3614512437436817, 0.24078844844061947, 0.27284080193951427, 0.12491950577618458], [0.39197439887313706, 0.3352854672707737, 0.09605695550376218, 0.17668317825232707], [0.8930268064982427, 0.06779604688616708, 0.008619028503942137, 0.030558118011647983], [0.9364451128420949, 0.04245090195585603, 0.004991306583488995, 0.01611267851856014], [0.8880534220793904, 0.07521100383549026, 0.013069260937173166, 0.023666313047946176], [0.8714101994480848, 0.08764129361993456, 0.012047345041971363, 0.028901161790009185], [0.7758937871005973, 0.13695679246494935, 0.029158606361996513, 0.05799081397245684], [0.7438351219975172, 0.16597581588208152, 0.0337188071385091, 0.05647025488189213]], "ideal": "D", "sampled": "D", "correct": true}}
{"type": "result", "data": {"idx": 1, "options": ["Wrong, Wrong", "Wrong, Not wrong", "Not wrong, Wrong", "Not wrong, Not wrong"], "probs": [[0.5939523621349072, 0.30336094125575797, 0.06163124040368229, 0.041055456105652595], [0.5153685846064345, 0.18376152352463543, 0.04574114862924234, 0.25512874313968764], [0.397775334013719, 0.16842939459872958, 0.38553945375221366, 0.04825581753533774], [0.5271515524609801, 0.19698287081894456, 0.041939581133530766, 0.23392599548654458], [0.3697931495668729, 0.10430564808030189, 0.4530840549394702, 0.072817147313355], [0.4936840121581699, 0.12098274829454674, 0.13709068807671548, 0.24824255137056783], [0.3912191870054036, 0.4868836257303555, 0.059995928847871964, 0.061901258316368925], [0.35310675814833303, 0.4534041555311364, 0.06953200366588523, 0.12395708255464537], [0.3948543685941685, 0.3651867250042011, 0.18651990760533102, 0.05343899869629939], [0.4160868633592084, 0.3788593211838801, 0.03693013361662477, 0.16812368174028672], [0.2397052240263774, 0.12632122069878296, 0.5573558557658207, 0.07661769940901889], [0.4462518095523902, 0.1518361121264256, 0.1775108873666636, 0.22440119085452062], [0.32582569483194784, 0.49682826354037285, 0.11800681930353021, 0.05933922222414908], [0.25352624906201177, 0.49638675322441755, 0.055692685767036613, 0.19439431184653405], [0.3221363400931658, 0.27988230970770994, 0.3272153710454167, 0.07076597905370755], [0.2489359852787159, 0.2777160304380569, 0.03642748926261236, 0.43692049492061474], [0.24631674974257867, 0.09798134424386062, 0.581741664571628, 0.07396024134193267], [0.21933220814952847, 0.0900184010628387, 0.4643440349906667, 0.2263053556969661], [0.18377351485182647, 0.49181487418539244, 0.15966984390107736, 0.16474176696170376], [0.22379362424720292, 0.4664379337820638, 0.07153000363171078, 0.23823843823902252], [0.1853156144825756, 0.4308853873443477, 0.24170517149252127, 0.14209382658055542], [0.20138615957632722, 0.4538446461471969, 0.11655598356649063, 0.22821321060998523], [0.13517873390689938, 0.3674700071286256, 0.252558238855326, 0.24479302000914904], [0.16222165967054109, 0.38916601405615303, 0.24353346149077068, 0.20507886468253517]], "ideal": "A", "sampled": "A", "correct": true}}
{"type": "result", "data": {"idx": 2, "options": ["Wrong, Wrong", "Wrong, Not wrong", "Not wrong, Wrong", "Not wrong, Not wrong"], "probs": [[0.3913454158735691, 0.4575329473626503, 0.05816790153437209, 0.09295373512940854], [0.36754865545974275, 0.3143922779958651, 0.1763520889210805, 0.1417069775233116], [0.4140191704665296, 0.48404062150078964, 0.05964480756852231, 0.04229540036415846], [0.42531037514951325, 0.45987520063355314, 0.05159580346394723, 0.06321862065298632], [0.4190195406773492, 0.38152675964160976, 0.12194145942135864, 0.07751224015968239], [0.4321722887283758, 0.41238530544421925, 0.07166052448791724, 0.08378188123948764], [0.7647620469489549, 0.14369743748562885, 0.03256730629357143, 0.058973209171844836], [0.6559440444056095, 0.1738138632763419, 0.10217653137782275, 0.0680655608402258], [0.666696142339096, 0.28230125182411697, 0.019820152180860348, 0.031182453555926654], [0.5708254937291019, 0.36284618079271885, 0.016448016534113492, 0.04988030884406581], [0.37843974152164034, 0.17058437489033318, 0.4028601212927875, 0.048115762195239005], [0.7255903128938206, 0.18346170204218684, 0.03138573200117455, 0.05956225296281805], [0.30503773231678, 0.45083191314552135, 0.1353608051498354, 0.10876954928786323], [0.2992873876775249, 0.49345998441589495, 0.08441841108009666, 0.12283421672648351], [0.3413069000693623, 0.4382578795450446, 0.11795259441675288, 0.10248262586884016], [0.3019234391558565, 0.43931532754416747, 0.057623163794547544, 0.20113806940542847], [0.3433175486971607, 0.1956264136722684, 0.3327620724333974, 0.1282939650971735], [0.3638487674735982, 0.24620515083027406, 0.2041024836158786, 0.1858435979802492], [0.8229152390803256, 0.12231772141147067, 0.012495113279452413, 0.04227192612875133], [0.9129474495484313, 0.06409998379556364, 0.005428510206879664, 0.01752405634912539], [0.8082845240331713, 0.1404613708581436, 0.020876975805746628, 0.03037712920293845], [0.7987366824684629, 0.15244433111911587, 0.015331238335351422, 0.03348774797706986], [0.7150435766627216, 0.1779934396264825, 0.03504753269117174, 0.07191545091962422], [0.7275125491814505, 0.18684514102254762, 0.034561695072657356, 0.05108061462334451]], "ideal": "D", "sampled": "D", "correct": true}}
{"type": "result", "data": {"idx": 3, "options": ["Wrong, Wrong", "Wrong, Not wrong", "Not wrong, Wrong", "Not wrong, Not wrong"], "probs": [[0.6057645172133937, 0.2605375388084218, 0.07822643336208857, 0.05547151051609587], [0.570223923192342, 0.20332528497238256, 0.0681022922022913, 0.15834849953298408], [0.6288398409923924, 0.19178707609960233, 0.12775476085227566, 0.05161832195572962], [0.7023068921683654, 0.1860940664104436, 0.044200056881505155, 0.06739898443968585], [0.5808283090010602, 0.11085460333907704, 0.2421233951803317, 0.06619369237953099], [0.6391066216916502, 0.11281011084367086, 0.16158936675379015, 0.08649390061088873], [0.6186062166065465, 0.2578782467794134, 0.0507779611310766, 0.07273757538296353], [0.5369390844761828, 0.287410557241309, 0.09330617635509122, 0.08234418182741698], [0.5847449811001251, 0.3229317914679803, 0.04652169277021446, 0.04580153456168021], [0.5538237455377316, 0.3632117746265835, 0.02981361754588039, 0.053150862189804506], [0.37984512534611714, 0.14417853305484107, 0.4237583387774406, 0.05221800272160117], [0.6579136945828573, 0.18557732081907888, 0.07154450671470731, 0.08496447778335647], [0.26185434912753003, 0.4741642803475811, 0.19459447923210657, 0.06938689119278227], [0.24055973522405652, 0.509275867654787, 0.07688755598900736, 0.17327684103214908], [0.2908599994104813, 0.27324554525001427, 0.3563750710456959, 0.07951938419380854], [0.2628054775216915, 0.2468935994195569, 0.050156983737518444, 0.4401439392212331], [0.2758406420956431, 0.10972582629511587, 0.523467783007338, 0.09096574850190302], [0.2721472341720226, 0.13264196912151405, 0.40222009413064497, 0.19299070247581837], [0.6297915061104336, 0.21765450837373063, 0.039636228706460414, 0.11291775670937537], [0.8021450234558797, 0.12495225783359393, 0.019161284866959966, 0.0537414337435664], [0.6335279846522284, 0.24046401318791896, 0.05711295370018136, 0.06889504835967131], [0.6476183984313355, 0.2420010363366366, 0.03541129002936816, 0.07496927510265972], [0.5601983069813337, 0.2525067627177455, 0.07348103820542808, 0.11381389199549269], [0.5458841160620511, 0.2744937755043857, 0.07864127072974601, 0.1009808376038172]], "ideal": "B", "sampled": "A", "correct": false}}
{"type": "result", "data": {"idx": 4, "options": ["Wrong, Wrong", "Wrong, Not wrong", "Not wrong, Wrong", "Not wrong, Not wrong"], "probs": [[0.644372643176053, 0.19961690937895338, 0.014460040281868954, 0.14155040706312466], [0.4638022572618828, 0.24440880514880098, 0.1816245981143019, 0.11016433937501433], [0.49528251781958055, 0.43708397794022885, 0.015430666102361395, 0.05220283803782919], [0.4664197471501392, 0.4520695101390803, 0.040754657912221104, 0.04075608469855941], [0.45391630022734153, 0.4831922532851985, 0.019329724363378858, 0.04356172202408111], [0.5091491497561824, 0.44235630198406084, 0.01274606531416211, 0.03574848284559461], [0.8783961909934018, 0.05793689066439499, 0.01487916957851887, 0.04878774866368425], [0.7804878091613153, 0.08894891737800852, 0.07490087793723305, 0.05566239542344311], [0.9016613673853673, 0.06738983625686694, 0.009409557729088415, 0.021539238528677385], [0.7686249827744616, 0.16622907386070443, 0.017520001645869438, 0.047625941618964496], [0.7328840361511536, 0.13557200991021445, 0.08752969460805952, 0.04401425923057239], [0.8502228554340447, 0.0999711120411413, 0.016319488527353057, 0.033486543897460905], [0.4204551420515853, 0.3378529422447138, 0.10303622844394988, 0.13865568715975105], [0.3715771006381167, 0.37159060109076053, 0.12841335511771287, 0.1284189430534098], [0.4669186422567569, 0.3469890693236299, 0.05844078522032327, 0.12765150309929], [0.36026484575837214, 0.3602791210711135, 0.07093995222350744, 0.20851608084700693], [0.4260477999881184, 0.2012564538771975, 0.24275426245629178, 0.12994148357839225], [0.4407625756192801, 0.28017429082991563, 0.09532078071813209, 0.18374235273267214], [0.9534076113841601, 0.027904701123788244, 0.0030344520152920714, 0.015653235376759573], [0.9778168019474472, 0.013518662871667203, 0.001540623460164932, 0.007123911620720599], [0.9441778692148961, 0.03836689660362806, 0.005192306514023676, 0.012262927567452111], [0.9438699685108494, 0.03835437156076755, 0.004726111989648187, 0.01304954783873485], [0.8807316667655317, 0.07459065525765582, 0.01358365119067114, 0.031094026686141366], [0.8746472900449586, 0.0839383442343284, 0.014586010397000896, 0.026828355223712148]], "ideal": "D", "sampled": "D", "correct": true}}
{"type": "result", "data": {"idx": 5, "options": ["Wrong, Wrong", "Wrong, Not wrong", "Not wrong, Wrong", "Not wrong, Not wrong"], "probs": [[0.3072962531280838, 0.5227381703346852, 0.09226799961600898, 0.0776975768212221], [0.3608111523737613, 0.3962909044649738, 0.09711233691720579, 0.14578560614405908], [0.3546290695312638, 0.4081861376354204, 0.1755585372272409, 0.06162625550607492], [0.4055818059427611, 0.40559211754791963, 0.06317813937286261, 0.1256479370364566], [0.35418297440069973, 0.3327364175912186, 0.19257249797024073, 0.1205081099378409], [0.3817915021991408, 0.32151100036267005, 0.1299007832874097, 0.16679671405077942], [0.5480206669470339, 0.2799105973251834, 0.062455353087520364, 0.10961338254026225], [0.5049636250610025, 0.26610829828756644, 0.11267535135493907, 0.11625272519649198], [0.5857579849351312, 0.33376226633971695, 0.030089064295482713, 0.050390684329669116], [0.4663477380509059, 0.44500146637881666, 0.03949574125895546, 0.049155054211321984], [0.4207838051856839, 0.25925027548908663, 0.25127156817571233, 0.06869435104951706], [0.5714845827092826, 0.28291452771321607, 0.06825503909665386, 0.07734585038084747], [0.31257581940576806, 0.41411197489912704, 0.18091035022200802, 0.0924018553730969], [0.30570323410938005, 0.4311289649446183, 0.0862294840066885, 0.1769383168393132], [0.39154677932798104, 0.45777621609021396, 0.059114936531529313, 0.09156206795027567], [0.28871176042842756, 0.3885233948566361, 0.0429135820601958, 0.2798512625547405], [0.3255756199034318, 0.22730143365971156, 0.3155724107903574, 0.13155053554649918], [0.32077143549010473, 0.21706259895367197, 0.2274705090137495, 0.2346954564424738], [0.5863655340017865, 0.2769856812599257, 0.03633131167669821, 0.10031747296158955], [0.6574697277439087, 0.2534822371682909, 0.023948002124395906, 0.06510003286340457], [0.5658268759332455, 0.327481885892727, 0.03911087545030982, 0.06758036262371764], [0.5437073494362749, 0.36789645302001983, 0.02926888015825703, 0.05912731728544825], [0.5103860167104888, 0.31939910524716103, 0.0648879815142226, 0.10532689642812759], [0.510157968116783, 0.35063422351767015, 0.06797180613384726, 0.07123600213169953]], "ideal": "C", "sampled": "B", "correct": false}}
{"type": "result", "data": {"idx": 6, "options": ["Wrong, Wrong", "Wrong, Not wrong", "Not wrong, Wrong", "Not wrong, Not wrong"], "probs": [[0.4506773024750466, 0.4233760787645442, 0.08336676408212768, 0.042579854578281486], [0.5042153596373836, 0.29182401296558386, 0.0823104232467357, 0.12165020405029683], [0.42243670321218946, 0.35021685135812, 0.1760985929833949, 0.05124785234629569], [0.4993054586454841, 0.31738187889371916, 0.051006987190803786, 0.13230567516999292], [0.3761635208386315, 0.19823022627852915, 0.3319699540097582, 0.09363629877308109], [0.4887534422588793, 0.21352401750136918, 0.11791738996651478, 0.17980515017323676], [0.6061931026048831, 0.27323575787360893, 0.0546500140876802, 0.0659211253338277], [0.5662468966553229, 0.2803167846683796, 0.0803112652979861, 0.07312505327831138], [0.6513899941742586, 0.2758180704349035, 0.032430599284373425, 0.04036133600646456], [0.6281500387887958, 0.3109593654378304, 0.02759885384314726, 0.03329174183022643], [0.5569045258261957, 0.22501483324610555, 0.16206962774207403, 0.056011013085624804], [0.6823589623167006, 0.20170752176133097, 0.05344629147813198, 0.062487224343836495], [0.313469004356397, 0.45610241796367157, 0.13482228422389825, 0.09560629335603313], [0.28911092659092463, 0.4841797911325221, 0.07903898447677621, 0.14767029769977708], [0.36006493177534704, 0.43432624114416013, 0.11873681362432824, 0.08687201335616457], [0.2680786499843395, 0.3840178477376787, 0.04882081134090356, 0.29908269083707817], [0.30009392198059814, 0.16063736431446365, 0.41019439005972286, 0.12907432354521536], [0.2999249443100718, 0.16307842972850842, 0.32430699947671016, 0.21268962638470962], [0.655661133895833, 0.23378546891552685, 0.036989146911159794, 0.07356425017748036], [0.7231999473325427, 0.2008279516907087, 0.02675690069325397, 0.04921520018349472], [0.6121722342043521, 0.28468947846754256, 0.047948192826006375, 0.05519009440209897], [0.6187480045329579, 0.2922784365996619, 0.03490680429804835, 0.0540667544693319], [0.5437472543135021, 0.286539111802223, 0.0691287974814308, 0.10058483630284402], [0.5411543330181049, 0.30356526824128743, 0.07098324701945315, 0.08429715162115459]], "ideal": "D", "sampled": "B", "correct": false}}
{"type": "result", "data": {"idx": 7, "options": ["Wrong, Wrong", "Wrong, Not wrong", "Not wrong, Wrong", "Not wrong, Not wrong"], "probs": [[0.4753136953074016, 0.31663086150160435, 0.14271518053502688, 0.06534026255596713], [0.39729328587487855, 0.181901328250884, 0.059052205264527674, 0.3617531805097097], [0.43383330264012393, 0.23587535407224158, 0.29354915129270126, 0.03674219189493321], [0.480435454222427, 0.2269473632582413, 0.03943633851265084, 0.2531808439066809], [0.36254335265448095, 0.15838912673861624, 0.37995076891254065, 0.09911675159436215], [0.3509691514157078, 0.12129642610364066, 0.20312807869942587, 0.3246063436812257], [0.47697801322010347, 0.3544693879366343, 0.07314815225934905, 0.09540444648391318], [0.45873801528581126, 0.3055980710201416, 0.11598976354661701, 0.1196741500474301], [0.4447117033417539, 0.4243550785561027, 0.07259803820351118, 0.05833517979863218], [0.4984544423188136, 0.3821870981298822, 0.03137122966484004, 0.08798722978646414], [0.3438093610686566, 0.19590863291586408, 0.38356324454937435, 0.07671876136610489], [0.5523976087017792, 0.2096752673177852, 0.08210751413477936, 0.15581960974565615], [0.20717686311759864, 0.48930508194251654, 0.19769494069070406, 0.10582311414918075], [0.1514085626970277, 0.398931737136583, 0.050716548639610094, 0.3989431514267792], [0.25123490008919674, 0.27166409253860163, 0.37716117667649735, 0.09993983059570435], [0.18116801907855565, 0.21515683747480657, 0.03680678070413021, 0.5668683626425075], [0.15690781642142895, 0.10291166909236774, 0.44701410667640495, 0.29316640770979835], [0.21735533227401999, 0.14034907936686714, 0.24248648410060508, 0.3998091041585078], [0.3513475266513821, 0.39814340026046563, 0.05646679775125029, 0.19404227523690198], [0.4345329066398073, 0.3229312790864402, 0.03403507375585868, 0.20850074041789377], [0.46004259134381636, 0.34727123769094514, 0.07994306236130296, 0.1127431085039355], [0.5013146717432602, 0.3287812679277953, 0.041150062152916354, 0.1287539980760282], [0.3699723995113158, 0.36998631719555836, 0.07399938089406978, 0.18604190229905607], [0.3396290096135112, 0.41613676019933277, 0.07345050900963856, 0.17078372107751746]], "ideal": "D", "sampled": "A", "correct": false}}
{"type": "result", "data": {"idx": 8, "options": ["Wrong, Wrong", "Wrong, Not wrong", "Not wrong, Wrong", "Not wrong, Not wrong"], "probs": [[0.6976929104855336, 0.26481362410107956, 0.015413916223229412, 0.022079549090157455], [0.6203305430811935, 0.16182284854281262, 0.01328305499868063, 0.2045635532773132], [0.6968929457502554, 0.1309418247957047, 0.12691292282802083, 0.04525230652601901], [0.7640212503123621, 0.12668670264287146, 0.012157668859421428, 0.09713437808534495], [0.6448673057273927, 0.0832764586967136, 0.158030585616153, 0.11382564985974064], [0.68792033701157, 0.0821599519331546, 0.08345338018486863, 0.14646633077040683], [0.14356897181603093, 0.800766554363342, 0.027832033832000634, 0.027832439888626485], [0.14563850812881163, 0.728152143596743, 0.02611157440318535, 0.10009777377126008], [0.16112323103724002, 0.33060738441022236, 0.46623736615286965, 0.042032018299667954], [0.1305044342620518, 0.477375351641293, 0.020328760455231052, 0.3717914535414241], [0.08325765373454139, 0.053756104595854205, 0.7656464153971544, 0.09733982617245003], [0.1544411434821592, 0.08012641757773101, 0.26685871480514645, 0.49857372403496336], [0.1477714009388369, 0.7504448936882911, 0.0587790211675303, 0.043004684105341646], [0.10734542792828762, 0.7931833468178604, 0.022151803961038864, 0.07731942119281308], [0.16283107408858752, 0.1995068713639425, 0.5595334380131756, 0.07812861643429442], [0.051711704752496986, 0.23176357406001918, 0.013702221315734705, 0.7028224997717492], [0.10740098996286399, 0.04407764488480657, 0.7813103663921085, 0.06721099866022094], [0.049475195230447695, 0.02819094187592923, 0.08548622214622763, 0.8368476406473955], [0.03646666948082931, 0.8044460231915459, 0.09607762656883391, 0.06300968065879084], [0.023360211538738736, 0.8903959559470623, 0.02372809888835746, 0.06251573352584142], [0.03441582594157944, 0.250364063279894, 0.6005951716850979, 0.11462493899342859], [0.039624159617549864, 0.39399654990208405, 0.11288064350521443, 0.4534986468751517], [0.028798315563904626, 0.39139523952490957, 0.4166454656875517, 0.16316097912363411], [0.023751879418246424, 0.46240264775602796, 0.12445383679959046, 0.3893916359261352]], "ideal": "A", "sampled": "A", "correct": true}}
{"type": "result", "data": {"idx": 9, "options": ["Wrong, Wrong", "Wrong, Not wrong", "Not wrong, Wrong", "Not wrong, Not wrong"], "probs": [[0.27988389131608205, 0.3593837618468436, 0.2712750732627437, 0.08945727347433063], [0.33606173082529806, 0.25767641105117695, 0.17164555913077933, 0.23461629889274568], [0.33026707907295577, 0.29146630220477965, 0.2960551148965341, 0.08221150372573054], [0.41989803310010004, 0.31696143743206423, 0.09080974756763259, 0.17233078180020314], [0.3173711895625317, 0.1408371776201555, 0.4338085054917449, 0.10798312722556797], [0.28701559133960997, 0.13988450376608602, 0.4241939845881949, 0.14890592020610913], [0.6773347156959737, 0.14648706991269994, 0.05473691142940157, 0.12144130286192474], [0.5948611433085026, 0.1576282969819301, 0.12665435312801832, 0.12085620648154895], [0.6895211235560712, 0.20703537451587967, 0.038296751103494224, 0.0651467507245549], [0.6498957251483901, 0.23173174173402694, 0.0344431436234425, 0.08392938939414042], [0.5583893739378764, 0.15506461492216578, 0.2022381007802621, 0.08430791025969579], [0.7297532478188073, 0.12681459786770197, 0.05627230580025636, 0.08715984841323435], [0.3294119091265444, 0.3094642619718676, 0.2194396457107131, 0.1416841830908749], [0.31696088771873737, 0.37057759306631494, 0.10130809029785467, 0.21115342881709298], [0.3741115219781747, 0.3406400578682704, 0.15595426689155212, 0.1292941531620028], [0.29974688848382963, 0.3559691759749636, 0.05374188127888994, 0.2905420541623169], [0.31390334108025003, 0.1393002611050858, 0.40307356124285076, 0.1437228364718134], [0.3516112863665875, 0.18242225049101987, 0.24933467802892242, 0.2166317850134702], [0.713933329967045, 0.1496506890223474, 0.02520452746336061, 0.11121145344724698], [0.8076829855017835, 0.11103043703573724, 0.017026611812494537, 0.06425996554998463], [0.6892706365974173, 0.17427772798074725, 0.05151470089665297, 0.08493693442518255], [0.6871659901342084, 0.17648172793251543, 0.034211523798167075, 0.10214075803510905], [0.5695852252861953, 0.21284330681979508, 0.07355440681267383, 0.1440170609813358], [0.5910179194520352, 0.22085183024736565, 0.062292443575961136, 0.12583780662463798]], "ideal": "C", "sampled": "B", "correct": false}}
{"type": "result", "data": {"idx": 10, "options": ["Wrong, Wrong", "Wrong, Not wrong", "Not wrong, Wrong", "Not wrong, Not wrong"], "probs": [[0.46578069475595885, 0.3801622305394028, 0.08482465702584037, 0.06923241757879797], [0.43087224542987124, 0.26963975018398617, 0.1853162875095851, 0.11417171677655748], [0.4095277601713551, 0.4939881165490253, 0.05718257107732608, 0.0393015521022935], [0.4251969063185333, 0.45975114863049893, 0.07161457675840761, 0.043437368192560145], [0.4134756953114727, 0.3706423071449073, 0.1451436291873123, 0.07073836825630765], [0.4641397504404852, 0.3671683534836923, 0.1068505692457355, 0.06184132673008695], [0.7416264816697938, 0.14154472576598584, 0.03361899690242323, 0.08320979556179711], [0.6387517093508346, 0.17738089624437478, 0.10265735173157539, 0.08121004257321529], [0.7422562783101673, 0.19668048386547352, 0.021724395412555143, 0.03933884231180404], [0.5679450895043759, 0.35541527134608586, 0.02381099684908349, 0.052828642200454766], [0.505825715284248, 0.17210504987957156, 0.2750181647679993, 0.04705106996818115], [0.7369465697866284, 0.1618883861145262, 0.04860673034567251, 0.05255831365317285], [0.3748485147578185, 0.4314567148253999, 0.10739650576232783, 0.08629826455445382], [0.32660850575797185, 0.4827088214704262, 0.08790614430448213, 0.1027765283671198], [0.4278203439800438, 0.34918411143435535, 0.12450273890305598, 0.09849280558254485], [0.3422353356572261, 0.4064293013293114, 0.062325527647903764, 0.18900983526555878], [0.39267261349682936, 0.19138126850519316, 0.3255442855351358, 0.0904018323628417], [0.4412395059621169, 0.2761305570326286, 0.10983292757366483, 0.17279700933158962], [0.891242866638825, 0.07666931343430985, 0.0068046022579977055, 0.02528321756886741], [0.9281035919713839, 0.052360502958594096, 0.004297905445024561, 0.015237999524997409], [0.9052740292404097, 0.06557864664594207, 0.011218852310163084, 0.017928471703485202], [0.8577725554019136, 0.09183373583541504, 0.013864356517824429, 0.03652935214484698], [0.7321176273070935, 0.1794164115111864, 0.03021772905033254, 0.05824823203138751], [0.7201104525557189, 0.19687079881307137, 0.027488518023331104, 0.055530230507878524]], "ideal": "D", "sampled": "D", "correct": true}}
{"type": "result", "data": {"idx": 11, "options": ["Wrong, Wrong", "Wrong, Not wrong", "Not wrong, Wrong", "Not wrong, Not wrong"], "probs": [[0.4277718289841812, 0.38949458838428863, 0.07790279793943458, 0.10483078459209559], [0.43372103567554576, 0.2844508290006382, 0.0923440009263201, 0.18948413429749597], [0.4459805354197859, 0.3697353242969385, 0.12003396777769439, 0.06425017240558123], [0.47740862480111107, 0.33853847289482625, 0.04726953874457357, 0.13678336345948913], [0.41883366812056194, 0.23865075339379094, 0.23494766560515695, 0.10756791278049015], [0.48612436730027503, 0.23692198173287685, 0.11912969533624877, 0.15782395553059933], [0.5582311374576935, 0.3281729895028355, 0.04372399006707397, 0.06987188287239708], [0.5313940126870258, 0.3123991833672331, 0.07080188498387846, 0.08540491886186266], [0.4881434519930745, 0.43079031563904985, 0.037057867476011905, 0.044008364791863715], [0.3893510248562793, 0.4845655072445226, 0.02608496779727796, 0.09999850000192015], [0.33703922468691067, 0.1920494394099268, 0.4002605884808751, 0.0706507473222874], [0.5500553538441817, 0.2120726138845757, 0.05361851377145567, 0.18425351839978696], [0.2760643321586107, 0.4770068752734659, 0.13881538600106597, 0.10811340646685744], [0.24912188382644773, 0.49545313768547644, 0.07597854270691384, 0.17944643568116195], [0.3047863497312108, 0.3975267350644694, 0.18199826503962824, 0.11568865006469155], [0.2483754306783256, 0.32395976778605495, 0.04890818893420373, 0.37875661250141573], [0.2945666146535134, 0.19019673122933217, 0.378243224802484, 0.13699342921467036], [0.29238701735156564, 0.2073478611305987, 0.2462199254451319, 0.25404519597270375], [0.6487490304539706, 0.24242278073160387, 0.027626459437634955, 0.08120172927679058], [0.7369157520204109, 0.1952653636068064, 0.018447918437574956, 0.049370965835207684], [0.6841382103268615, 0.2327695393312227, 0.033532454186092596, 0.04955979605582313], [0.6132923674485924, 0.294264630652193, 0.027801044850575406, 0.06464195694863915], [0.47475051167701915, 0.34195729577165646, 0.06325361037734005, 0.12003858207398434], [0.48056969757891665, 0.36847264119982515, 0.06205910536114326, 0.0888985557601149]], "ideal": "B", "sampled": "A", "correct": false}}
{"type": "result", "data": {"idx": 12, "options": ["Wrong, Wrong", "Wrong, Not wrong", "Not wrong, Wrong", "Not wrong, Not wrong"], "probs": [[0.4911564120088164, 0.34828675697989037, 0.10959148691668578, 0.05096534399460747], [0.5126130274848313, 0.24214920445946078, 0.07619227014064195, 0.16904549781506603], [0.5361187753968948, 0.23790382007157995, 0.18527697479677158, 0.040700429634753656], [0.6092718492658262, 0.23859738788815762, 0.04625297899373313, 0.10587778375228303], [0.45924380074882754, 0.15144534294696146, 0.3107422566792893, 0.0785685995249217], [0.47884350653536295, 0.14377738426843933, 0.2563068251330635, 0.12107228396313423], [0.511277343270493, 0.3353105260260761, 0.07251486440295683, 0.08089726620047405], [0.48149124969602586, 0.32580252264897924, 0.09936232493709592, 0.09334390261789893], [0.46587955426370903, 0.4308734189563005, 0.0592300400909779, 0.04401698658901255], [0.4659772043217699, 0.4377537206214366, 0.032209559071957286, 0.06405951588483623], [0.3653762341606213, 0.17807850209231224, 0.3889541646337163, 0.06759109901335013], [0.5799869255142556, 0.21006388803658396, 0.07849293142895068, 0.1314562549202097], [0.2575005946237271, 0.4886591543213933, 0.17153445267901615, 0.08230579827586341], [0.232740914040051, 0.508366476880582, 0.08043379515574739, 0.17845881382361956], [0.31400595281880533, 0.3729004700444442, 0.21581553724543048, 0.09727803979131992], [0.2319736024804391, 0.3073308754131916, 0.04712845739575642, 0.4135670646106129], [0.25810387343412666, 0.1339090446411417, 0.48981317142992836, 0.11817391039480325], [0.2740705053840764, 0.16886212181641022, 0.28723121114527633, 0.269836161554237], [0.5425329187620564, 0.27710491312837826, 0.04740527626619562, 0.13295689174336967], [0.7066391465092442, 0.19623025746584297, 0.023804496305889274, 0.07332609961902355], [0.5701695637567173, 0.2912200071280547, 0.06497756342701855, 0.07363286558820942], [0.6011339931910018, 0.2795588034177588, 0.036668814168648506, 0.08263838912259093], [0.4530750079573609, 0.2971424669581797, 0.1026861040881079, 0.1470964208963515], [0.4862517794665915, 0.3139559783939293, 0.08062789227925596, 0.1191643497602232]], "ideal": "C", "sampled": "A", "correct": false}}
{"type": "result", "data": {"idx": 13, "options": ["Wrong, Wrong", "Wrong, Not wrong", "Not wrong, Wrong", "Not wrong, Not wrong"], "probs": [[0.921454707352232, 0.06674958186701099, 0.004760339909025702, 0.007035370771731344], [0.8078242118238514, 0.07513907904191276, 0.009404681131549214, 0.10763202790268654], [0.7963075580442622, 0.0752340865985697, 0.09660222333728499, 0.03185613191988307], [0.8523132517699683, 0.0657227883012902, 0.007489980007568355, 0.07447397982117313], [0.7656096818195717, 0.05546016306867703, 0.11203229557600194, 0.06689785943574933], [0.8597207844277912, 0.0462806314122284, 0.021188734933650737, 0.0728098491263296], [0.3592492043612766, 0.5146028994999313, 0.058645896607733276, 0.06750199943105879], [0.32062651270581444, 0.4665138214428397, 0.05659426495190572, 0.15626540079944012], [0.3214559172882868, 0.36426248192930416, 0.26650076406948575, 0.047780836612923205], [0.3136422388445352, 0.3610075727446014, 0.021343724992904194, 0.3040064633179592], [0.1807842198885196, 0.08539858859798606, 0.6510461845255876, 0.08277100688790671], [0.372571171025055, 0.12286584339942933, 0.17057846392745998, 0.33398452154805564], [0.2822637939845524, 0.5526466533777797, 0.09908367987725765, 0.06600587266041022], [0.20465164113216605, 0.5391892850514282, 0.0313842337329322, 0.22477483998347358], [0.2772635129758251, 0.1935648764152138, 0.46433556554558464, 0.06483604496337649], [0.11489966356762778, 0.10964186375803382, 0.014381366586704756, 0.7610771059876337], [0.15636709738661436, 0.05076611173897996, 0.7344355773975484, 0.05843121337685731], [0.1713937831602497, 0.06712260146604253, 0.24170917450238025, 0.5197744407713275], [0.08859655854239988, 0.6860655409498636, 0.10039387570468647, 0.12494402470305005], [0.10796852025694557, 0.6823864807306255, 0.04500829206357317, 0.16463670684885578], [0.13948052704487604, 0.28620435931787785, 0.44328113064859703, 0.1310339828886491], [0.15833996588658314, 0.3858307983898659, 0.07597326656356532, 0.37985596905998564], [0.12900490865304104, 0.339894557860858, 0.3046790315699026, 0.22642150181619836], [0.12995007439222703, 0.394081616450455, 0.15432302422287064, 0.3216452848344474]], "ideal": "A", "sampled": "A", "correct": true}}
{"type": "result", "data": {"idx": 14, "options": ["Wrong, Wrong", "Wrong, Not wrong", "Not wrong, Wrong", "Not wrong, Not wrong"], "probs": [[0.28969003170055935, 0.5944119979120785, 0.058853956921106544, 0.05704401336625557], [0.30851565639138884, 0.45597286309313567, 0.1677378949452876, 0.0677735854701879], [0.37129858962381096, 0.507513653604159, 0.07543374765879503, 0.04575400901323502], [0.3639315217248501, 0.505278208957524, 0.09058997407957363, 0.04020029513805223], [0.34754257740988254, 0.47504455051589767, 0.11108145861508115, 0.06633141335913863], [0.38821911286303307, 0.48315358236670997, 0.07525920598725333, 0.05336809868300366], [0.7151005846764547, 0.20811181965411338, 0.03450733127223358, 0.04228026429719839], [0.6602137131535786, 0.21772373339151066, 0.07642573112628412, 0.045636822228626625], [0.7293378220958306, 0.236785768462345, 0.015617295050879812, 0.0182591142909445], [0.6355009397946432, 0.3245893581704915, 0.022435826444184036, 0.0174738754906813], [0.5577641423696561, 0.26762916189504055, 0.14550317036471594, 0.02910352527058736], [0.7337911847321792, 0.21023974172933124, 0.031248420997631088, 0.024720652440858432], [0.30357590767053727, 0.37782276235948853, 0.20864832710099387, 0.10995300276898028], [0.30500770066620153, 0.43692407658684146, 0.1070694641225179, 0.1509987585244391], [0.3655840103620678, 0.484332166797184, 0.06977292790649584, 0.08031089483425241], [0.2989527385031793, 0.44880296300045847, 0.05617204123750521, 0.19607225715885698], [0.290957872405727, 0.2450241333749861, 0.33490014571924015, 0.12911784840004673], [0.32084022993097333, 0.2876177046125296, 0.21709657556340006, 0.174445489793097], [0.7785959053018778, 0.16320502117458469, 0.016934477674320735, 0.041264595749216725], [0.8589486698966321, 0.11267064017465524, 0.009104941572146592, 0.01927574825656611], [0.7859924746478643, 0.16475624256961374, 0.020620940769820007, 0.028630341912701945], [0.7796804322634295, 0.17949523063350217, 0.014965454142842446, 0.0258588828602258], [0.6652450859516912, 0.22634390472545202, 0.044568179041093156, 0.06384283018176358], [0.6618322783035188, 0.24731482026143053, 0.04365226268201485, 0.0472006386530359]], "ideal": "D", "sampled": "B", "correct": false}}
{"type": "result", "data": {"idx": 15, "options": ["Wrong, Wrong", "Wrong, Not wrong", "Not wrong, Wrong", "Not wrong, Not wrong"], "probs": [[0.32061167114993033, 0.6084214176334843, 0.03769794310112572, 0.03326896801545965], [0.4989403430623567, 0.35938260392130694, 0.02859117260575381, 0.11308588031058255], [0.5474895819602777, 0.34800890799206524, 0.08662489230366092, 0.017876617643996073], [0.6494285790244223, 0.28371743791762527, 0.016773897133757695, 0.05008008582419467], [0.5540658276276982, 0.17988406253956035, 0.19449661815081631, 0.07155349158192513], [0.6064393980245465, 0.17375160363624345, 0.05911398546296827, 0.16069501277624182], [0.3502918274798979, 0.5775451214138884, 0.04249552002671327, 0.029667530979500468], [0.3331329698105448, 0.5492600593442295, 0.05880252052246156, 0.05880445022276408], [0.3425019902579266, 0.5918028221774734, 0.04782399427805941, 0.017871193186540582], [0.27559013252774156, 0.6508777288395544, 0.02333994234943591, 0.05019219618326811], [0.264385581975015, 0.17340362134854814, 0.5176777858427967, 0.044533010733640147], [0.5217403768971363, 0.25829479095737057, 0.08385182916279554, 0.1361130028826976], [0.09718665971265937, 0.7764872705330902, 0.09273666645718348, 0.03358940319706693], [0.07898031409726441, 0.693062326036, 0.04430475962627225, 0.18365260014046325], [0.1462298653311809, 0.39135751707451283, 0.39751747838928975, 0.06489513910501651], [0.11078371312821186, 0.3059116062572087, 0.0293549565448865, 0.5539497239696929], [0.16949156910001373, 0.14498844309225847, 0.5471717551646305, 0.13834823254309736], [0.16479030249855087, 0.15006461738039453, 0.3772399127106128, 0.30790516731044176], [0.2147140832733089, 0.6213108393123938, 0.07305380810146857, 0.09092126921282868], [0.3930762507114828, 0.49690475092489117, 0.03381365504883605, 0.07620534321478994], [0.4834273645265473, 0.42662863249898275, 0.04567280498124553, 0.04427119789322446], [0.38410042735597255, 0.5088600185155148, 0.03923775459928544, 0.06780179942922723], [0.3003698266714713, 0.48756214608173004, 0.08878967098905603, 0.12327835615774266], [0.3496572296793408, 0.4779371511919333, 0.0768094418089148, 0.09559617721981106]], "ideal": "A", "sampled": "A", "correct": true}}
{"type": "result", "data": {"idx": 16, "options": ["Wrong, Wrong", "Wrong, Not wrong", "Not wrong, Wrong", "Not wrong, Not wrong"], "probs": [[0.378346033157063, 0.4090963357816526, 0.11538898255928914, 0.09716864840199528], [0.4301592844980216, 0.31472207920376566, 0.14635379065771936, 0.1087648455404934], [0.4507651135558732, 0.41689340023044763, 0.0759205811472832, 0.05642090496639603], [0.46891920007102394, 0.40109117321044785, 0.07654842448406265, 0.05344120213446553], [0.4592433122098386, 0.31074526932476276, 0.15144230400560296, 0.07856911435979567], [0.4622861123985365, 0.3128024823831133, 0.13244646085645273, 0.09246494426189743], [0.6923421101959102, 0.17505549088294567, 0.048609789999293204, 0.08399260882185089], [0.6031858324401391, 0.19891650972761354, 0.11877468972210461, 0.07912296801014267], [0.5920786503589588, 0.3373609025102629, 0.030892283987201247, 0.03966816304357707], [0.4373490511933714, 0.4803401231285407, 0.03168136253636166, 0.05062946304172622], [0.41670203235550085, 0.19379392382768293, 0.33484092961636935, 0.05466311410044685], [0.6570238650327825, 0.20674649059683028, 0.05651977672296243, 0.07970986754742472], [0.31084828407754334, 0.43158225593191474, 0.16126755767686451, 0.09630190221367736], [0.2822974110052043, 0.4877809430999822, 0.11585565255483703, 0.1140659932399765], [0.35310794148585, 0.419334252951442, 0.11644238875445244, 0.11111541670825557], [0.29347107030102737, 0.43373886069593814, 0.0742012640327614, 0.1985888048702731], [0.3473426906323401, 0.2581347678721958, 0.28349881070990435, 0.11102373068555974], [0.3569599826145848, 0.2694617389113673, 0.194077438361425, 0.17950084001262293], [0.7947041721132762, 0.13596026142205295, 0.015253722154747832, 0.05408184420992305], [0.8938982045405469, 0.07689808906794622, 0.006824860022936122, 0.02237884626857073], [0.846648576301618, 0.10597272245647231, 0.019298265820168446, 0.02808043532174123], [0.8266037244257621, 0.12096093051536816, 0.01611588363382544, 0.03631946132504431], [0.6917636548430195, 0.20131957978946471, 0.03842094626089306, 0.06849581900662274], [0.6868112887295107, 0.21952318307121352, 0.0363991867386416, 0.05726634136063419]], "ideal": "D", "sampled": "D", "correct": true}}
