{"type": "result", "data": {"idx": 0, "options": ["Aging is related to an increase in vaginal lubrication", "Aging is associated with an increase in the frequency and number of orgasmic contractions in both sexes", "There is no significant relationship between aging and sexual responses in either sex", "Aging is related to some loss of erectile rigidity in the male"], "probs": [[0.03771872593271688, 0.06124238304226812, 0.2921336118803185, 0.6089052790446965], [0.009420891485767025, 0.01760718647307323, 0.8617123286459956, 0.11125959329516417], [0.02432377344704561, 0.2740881147915195, 0.044048552581108666, 0.6575395590803261], [0.013079445460116334, 0.05338557659534945, 0.8482358817422332, 0.08529909610230102], [0.0036249052394897044, 0.9742641107742536, 0.008428724187442862, 0.013682259698813912], [0.003313942183191424, 0.978213220611085, 0.00974066271776245, 0.008732174387961141], [0.07220617016658276, 0.043808330335650666, 0.3904261334270164, 0.49355936597075023], [0.022111513540057824, 0.014280273565042852, 0.8171296237939824, 0.14647858900091698], [0.043200510008810034, 0.36175759529655976, 0.016919665919323038, 0.5781222286753072], [0.029261592009601635, 0.044629013860221584, 0.8688127767107954, 0.05729661731938136], [0.0027798147713293314, 0.9897581546789809, 0.0033532673109348105, 0.004108763138755013], [0.006883242788664501, 0.9597161682224084, 0.022570708940676653, 0.01082987994825049], [0.11167760941087881, 0.050345372054223896, 0.06265059532980975, 0.7753264231050875], [0.018178570099219696, 0.01655580003312522, 0.8899110422837221, 0.07535458748393298], [0.14391676447840407, 0.20618901883620566, 0.02462470677992066, 0.6252695098054696], [0.02726414406575205, 0.055955264294845736, 0.8617013031745936, 0.05507928836480863], [0.003934360747066039, 0.9933532927418837, 0.001493406254208783, 0.0012189401568415618], [0.01006205379034569, 0.9793994132109731, 0.004981221156302308, 0.0055573117423788594], [0.9954688669728499, 0.002586691206016185, 0.0006437669586206948, 0.0013006747625132066], [0.9960319840132381, 0.0022839918405694595, 0.0006051077632784075, 0.001078916282913988], [0.9962508466443406, 0.0026294094127026946, 0.0005510646945890176, 0.0005686791483677209], [0.990772350880314, 0.006175143918208844, 0.001466542780278203, 0.0015859623211989266], [0.9981507576825271, 0.001345655950151603, 0.0002733525902608594, 0.0002302336770604049], [0.993513889849693, 0.004601739572182741, 0.0008249657263172225, 0.0010594047518070612]], "ideal": "D", "sampled": "D", "correct": true}}
{"type": "result", "data": {"idx": 1, "options": ["\u201cBlank slates\u201d", "Less intelligent than adults", "\u201cLittle scientists\u201d", "Shaped by culture"], "probs": [[0.00032651721987885586, 0.0019692294734351638, 0.9887399295700755, 0.008964323636610452], [0.0006479751794891031, 0.0016038299974622246, 0.01113267224717761, 0.986615522475871], [0.011452762558226422, 0.7661573986000736, 0.04322568010587077, 0.1791641586358292], [0.03018653438187393, 0.5876914584565202, 0.30970232233556905, 0.07241968472603685], [0.000666748030820261, 0.010429846075678557, 0.004926867295120248, 0.983976538498381], [0.013192330129450104, 0.21968408823532334, 0.7203497095336313, 0.04677387200159524], [0.00033684101663600133, 0.005970818045211846, 0.9582415755529918, 0.03545076528516029], [0.0008507198982066758, 0.004599073147743674, 0.03192472580955199, 0.9626254810444976], [9.512730245153062e-05, 0.9974969712689341, 0.001699425978577575, 0.0007084753500368125], [0.00023301484008490434, 0.9872409628816201, 0.010465147828165797, 0.0020608743501291955], [0.0008219754736934668, 0.033876723733670414, 0.020547661043629165, 0.9447536396490069], [0.00037920844096648795, 0.01757210044686519, 0.9746080057158187, 0.007440685296349565], [0.9962097136681497, 0.003271598010393588, 0.0002644033025019699, 0.0002542849189547693], [0.992759818907297, 0.006383223262837609, 0.000507879245835844, 0.00034907848402949087], [0.9968787963786688, 0.002844300442943737, 0.00017082748423071178, 0.000106075594156725], [0.9942565949942678, 0.00497875678259809, 0.0005007505429311, 0.00026389758020307555], [0.9724782870189189, 0.025916662506587897, 0.001004938635318572, 0.000600111739174565], [0.9727073426032169, 0.02552089371109705, 0.0010699965038236934, 0.000701767081862396], [0.0057618619198205635, 0.0047771777214477085, 0.005085264382649019, 0.9843756958760826], [0.07483026683593921, 0.07141042074380949, 0.8172869790400171, 0.036472333280234116], [0.009506947008598809, 0.006333527075281335, 0.014272865777220737, 0.9698866600388991], [0.002448015039850432, 0.00403637188379469, 0.9877336781691076, 0.005781934807247249], [0.0911872021106132, 0.8926593726923935, 0.010231531300352559, 0.00592189379664072], [0.15894879912241572, 0.8328604781457974, 0.005700222331260582, 0.0024905003005262134]], "ideal": "C", "sampled": "C", "correct": true}}
{"type": "result", "data": {"idx": 2, "options": ["about 68% of the observed scores for the test population lie within 15 points of the mean score", "about 68% of the individuals with a given cure score will have observed scores within 15 points of the true score", "about 15% of the scores are in error (i.e., they are not measuring the trait reliably)", "differences of up to 30 points represent the same true score"], "probs": [[0.7585644125179851, 0.09951828419167018, 0.05941723286511388, 0.08250007032523082], [0.7786085250961415, 0.07955248427585017, 0.014714055760650695, 0.12712493476735764], [0.8181660294716776, 0.1315058584766745, 0.008948168568468693, 0.04137994338317918], [0.8878671500529156, 0.056766442871456324, 0.00756244689318987, 0.04780396008243815], [0.7826555545438978, 0.05582649757512064, 0.03958214534979443, 0.12193580243118712], [0.8697206157009009, 0.035902288094553717, 0.053053675555386086, 0.04132342054915931], [0.7353367962497183, 0.12005885718701585, 0.07512247858950417, 0.0694818678737617], [0.7712838261088891, 0.10277925658867164, 0.01480531431634288, 0.11113160288609637], [0.844016062337809, 0.11423763397882833, 0.009523841666787818, 0.03222246191657487], [0.9198539453819607, 0.055246291146721166, 0.006101826406652008, 0.018797936964666022], [0.7481842719929996, 0.05506311418008526, 0.03236589244093322, 0.16438672128598183], [0.7460094689576866, 0.04623019322290651, 0.17175573108862888, 0.03600460663077797], [0.8142569372158556, 0.10353195299829275, 0.009934512545747507, 0.0722765971401042], [0.8642331707440087, 0.08692452059686781, 0.0071344885770834926, 0.04170781998203996], [0.8638901451515282, 0.07432344845831805, 0.009901306046910313, 0.05188510024324347], [0.8587503584325772, 0.07864512641524239, 0.00855137515958206, 0.05405313989259838], [0.8025631546935499, 0.06692606409494571, 0.04457660896858676, 0.08593417214291765], [0.8136024888476174, 0.06784634884856891, 0.04519015449153635, 0.07336100771227734], [0.08493513564129555, 0.7453855886253496, 0.06720088227322511, 0.10247839336012964], [0.061058531530673976, 0.8299221271948272, 0.07139370483349532, 0.037625636341003514], [0.07814327230908583, 0.6965959382819092, 0.10035516769278095, 0.12490562161622401], [0.052978767853955326, 0.8288258739531378, 0.09154998322582829, 0.026645374867078596], [0.1005062505728642, 0.7427445981390672, 0.0746998000681117, 0.08204935111995681], [0.10752609355046541, 0.7464733190721606, 0.062239191739948976, 0.08376139553742495]], "ideal": "B", "sampled": "C", "correct": false}}
{"type": "result", "data": {"idx": 3, "options": ["An Apgar", "A teratogen", "Only a problem in the first 6 weeks", "A controlled substance"], "probs": [[0.00041704322298508317, 0.9989254000512369, 0.00037972279643144454, 0.0002778338293465911], [0.00015838559891092762, 0.9995128904382546, 0.00023776363694541643, 9.096022588905819e-05], [0.0011116214215892567, 0.0006638090336520293, 0.9950576739846725, 0.00316689546008619], [0.0024880374552484047, 0.0017100794577741942, 0.4668210665922047, 0.5289808163947727], [0.0008666235422030549, 0.0019227339638152997, 0.9960802778608803, 0.0011303645331013576], [0.0009860978983254431, 0.012589757441486124, 0.0017306815170522764, 0.9846934630431362], [0.9987025578682731, 0.0008827495375538663, 0.00018795525306035063, 0.0002267372411126739], [0.9987405417319417, 0.0009545258804147149, 0.00019698142498068575, 0.00010795086266292171], [0.9984513740461404, 0.0012062582219426713, 0.00017652369957645521, 0.00016584393234049974], [0.9992985662292263, 0.000570291707881481, 0.00010066980694405518, 3.0472155948157558e-05], [0.999150206650787, 0.0007208257376299054, 8.215255284304041e-05, 4.681495874001671e-05], [0.9994289874194704, 0.0004728550847689989, 7.084038224410156e-05, 2.7317013516483864e-05], [0.0008404702473141954, 0.0006053982028585824, 0.9967182210917268, 0.001835910358100445], [0.002267790574767003, 0.0018509734161097709, 0.5636893118949211, 0.4321919240142021], [0.001031742178816644, 0.9985140372601099, 0.00027769198114292834, 0.00017652847993055863], [0.0010159744766801806, 0.9987261640722953, 0.00022669314841572918, 3.116820260875429e-05], [0.00037853065976259267, 0.002710884735792919, 0.0010783295171638628, 0.9958322549872806], [0.0028342422170191477, 0.0026625487146411902, 0.9935388263924083, 0.0009643825759312979], [0.002143877183381668, 0.0007294526166392208, 0.995629889140143, 0.0014967809598360378], [0.0006556746893431822, 0.0001581961470419759, 0.000828856542064838, 0.99835727252155], [0.000720592069693722, 0.9989431090813921, 0.00021300912194081422, 0.00012328962697335545], [0.0008827784712676186, 0.9988066985328241, 0.0002357496952681618, 7.477320064007161e-05], [0.0002820825471321451, 0.00011576944125246772, 0.0009845647089747735, 0.9986175832026406], [0.0033698050578805407, 0.0009806990720398956, 0.9947565048838151, 0.0008929908862645051]], "ideal": "B", "sampled": "B", "correct": true}}
{"type": "result", "data": {"idx": 4, "options": ["needs analysis.", "job evaluation.", "summative evaluation.", "formative evaluation."], "probs": [[0.8458098140454943, 0.001533996765229671, 0.001005988635072409, 0.1516502004542037], [0.9980851879222019, 0.0006763870795359287, 0.00022304657203192518, 0.0010153783262302383], [0.9987604595830029, 0.0003403414264823619, 0.00013224057423098296, 0.0007669583162837909], [0.9740475766646001, 0.002377227529186138, 0.022552786791493, 0.0010224089147208332], [0.9987761210004723, 0.000635844199222291, 0.0001510245086069546, 0.0004370101916984911], [0.9962834186464764, 0.0019536485332410317, 0.0003557794207345184, 0.0014071532995480508], [0.00019504753529759903, 0.9291130695498299, 0.0012521334519636355, 0.06943974936290886], [0.00026066325711691636, 0.9977084233126151, 0.0010471498027607984, 0.0009837635275071633], [0.000379100837224792, 0.0005781161857225937, 0.9818832121016614, 0.017159570775391174], [0.0010261004746634245, 0.0011998689681959847, 0.7042207091631291, 0.29355332129401157], [0.00043444435632280837, 0.0009198308981654318, 0.9930116881949143, 0.005634036450597538], [0.0009229490050673265, 0.0007652309123967194, 0.0018070819957583205, 0.9965047379867776], [0.00013018172342311174, 0.9987131261437889, 0.0003403113190983774, 0.0008163807136895724], [0.000212932913177713, 0.9985747082527776, 0.0008825536015877695, 0.00032980513245689996], [0.00019337726185408627, 0.00022434392255054865, 0.9960457560951008, 0.003536522620494533], [0.0012317266382282307, 0.0012319175593606753, 0.7008019260324562, 0.29673442966995495], [0.0005150878797783896, 0.006785303354382101, 0.9913842593923643, 0.0013153492734752452], [0.000665112590504164, 0.8010978907298225, 0.0019245937502032709, 0.19631240282947005], [0.0027918934842327226, 0.9940085351161335, 0.0012197060636941633, 0.001979865235939574], [0.0027517671819025616, 0.9951428219158841, 0.001044456269573026, 0.001060954532640273], [0.0010282273127326044, 0.000567917502483707, 0.9951360633629625, 0.0032677917218212347], [0.0015951269139545126, 0.000526059451811959, 0.0011311382529769023, 0.9967476752812566], [0.005487015239085931, 0.003434027982962418, 0.98231047994556, 0.008768476732391681], [0.0014981219359509524, 0.0006753079591593429, 0.0013221098795634149, 0.9965044601253262]], "ideal": "A", "sampled": "A", "correct": true}}
{"type": "result", "data": {"idx": 5, "options": ["a useful strategy for helping the client understand the present.", "a way for the client to avoid coming to terms with the present.", "\"the \"\"second layer\"\" of therapy.\"", "\"a way for achieving \"\"closure\"\" near the end of therapy.\""], "probs": [[0.9606232023754119, 0.026004699927005933, 0.006372533723138664, 0.006999563874443544], [0.9323300666230837, 0.03788853042628669, 0.021587138872741968, 0.008194263977887634], [0.9452222038942677, 0.042186842653794195, 0.0015854117474837595, 0.011005541604454359], [0.9340636248477256, 0.0518835677596613, 0.0021082272545505706, 0.011944580038062433], [0.9748048674170978, 0.020551309412042418, 0.0010722816251428043, 0.0035715414457169465], [0.9637296853221611, 0.02820886129543995, 0.001667766841744454, 0.006393686440654514], [0.05562163040633542, 0.7101644024739933, 0.19414813264725395, 0.0400658343724174], [0.0637769205668496, 0.6964961379752639, 0.2091245052086506, 0.030602436149235877], [0.11199277888592478, 0.45704473081976055, 0.32408920651613005, 0.10687328367818462], [0.26920649406602065, 0.44388607139916914, 0.09599494933122081, 0.1909124851035894], [0.13392054042075016, 0.5909226160249252, 0.1859410623253111, 0.08921578112901353], [0.22962272164909583, 0.5863984226594082, 0.057160407299047755, 0.12681844829244815], [0.1318027079717984, 0.8201410509358591, 0.02085510691821924, 0.027201134074123258], [0.13819115094151585, 0.8078068033361666, 0.030358182772237438, 0.02364386285008005], [0.11973300784822496, 0.043371377432268966, 0.7450856828651244, 0.09180993175438164], [0.25926862985572496, 0.15244478794399793, 0.28036181862701576, 0.3079247634732613], [0.13708297447328804, 0.041168200330365806, 0.7411548842106417, 0.0805939408857044], [0.3795491513163155, 0.10059589296461352, 0.11576666109248644, 0.4040882945265845], [0.1253564045599318, 0.8303326870751115, 0.014065127661179972, 0.030245780603776702], [0.1339771678300137, 0.8207512390240578, 0.02440011832768808, 0.020871474718240392], [0.10327379687853978, 0.04239087361906318, 0.7631885663466548, 0.0911467630557423], [0.42266373562568543, 0.1309614589392873, 0.23711542076137518, 0.20925938457365206], [0.13406522029504328, 0.05677881865677763, 0.7362593336744738, 0.07289662727370529], [0.585088038520003, 0.17030107181049997, 0.03920127984196609, 0.20540960972753086]], "ideal": "B", "sampled": "A", "correct": false}}
{"type": "result", "data": {"idx": 6, "options": ["the efficiency of controlled memory processes", "metamemory skills, or knowledge about memory", "recognition memory", "the amount of factual memory knowledge available"], "probs": [[0.8135178856138583, 0.03154878898512599, 0.06783210131723331, 0.08710122398378238], [0.9285441896190616, 0.019885441257174594, 0.012638783315087174, 0.038931585708676594], [0.834478785104405, 0.06958682251136204, 0.014584571761845178, 0.08134982052238778], [0.8481382216974914, 0.08398992217368684, 0.0344653792410588, 0.033406476787762956], [0.7847764999590975, 0.0624445595256615, 0.02059024921684167, 0.13218869119839935], [0.7959458056242877, 0.06333636623454952, 0.07638920102950265, 0.06432862701166008], [0.01072508946004423, 0.8790859503863016, 0.03802563704346753, 0.0721633230101867], [0.014310222940767241, 0.8317403188300763, 0.03597783780644234, 0.1179716203227141], [0.016658712859446787, 0.37330506777888134, 0.29072664376418644, 0.31930957549748545], [0.019879569229081934, 0.5290093751407152, 0.1041666812857747, 0.34694437424442814], [0.018175286628715016, 0.019963668062369377, 0.7148277545801902, 0.2470332906287254], [0.02102783178943624, 0.021029722374301257, 0.32385117475870306, 0.6340912709775595], [0.00784416325386901, 0.9652000252930102, 0.006922647022801405, 0.020033164330319337], [0.011429477226422463, 0.9665795943683982, 0.010737295952767123, 0.011253632352412187], [0.05646429624934826, 0.019517552251037896, 0.561490122630849, 0.3625280287687649], [0.07667765303826783, 0.018501351272881047, 0.08036091510517811, 0.824460080483673], [0.08832590939159396, 0.2327560955616605, 0.5004704370944736, 0.17844755785227193], [0.09994224699937478, 0.2019095320515036, 0.025668575116085644, 0.672479645733036], [0.09258821971358429, 0.21529652784004388, 0.03920731159920659, 0.6529079407471653], [0.10593853574115018, 0.5727908440019842, 0.1381886709138049, 0.18308194924306065], [0.0863809525952995, 0.02052099302340587, 0.5460258941496301, 0.34707216013166453], [0.06804358631704988, 0.01860491114289169, 0.277686344736705, 0.6356651577033534], [0.1764607078715321, 0.13745873755455099, 0.47974751945265276, 0.20633303502126413], [0.09950284844205988, 0.15174101574209262, 0.03603960267912813, 0.7127165330367193]], "ideal": "A", "sampled": "A", "correct": true}}
{"type": "result", "data": {"idx": 7, "options": ["Parkinson's disease", "Vascular Dementia", "a right frontal lobe tumor", "Alzheimer's disease"], "probs": [[0.2015183179690343, 0.06443346748154151, 0.30735881739647536, 0.42668939705294884], [0.2889549774976944, 0.09531504056864071, 0.20817174325547705, 0.40755823857818785], [0.14393486874171713, 0.6553754488472885, 0.03755490672133157, 0.1631347755896628], [0.1520128685679052, 0.5306844075187509, 0.10288145315451692, 0.21442127065882693], [0.242414420276803, 0.22076806917295685, 0.06946287458729974, 0.4673546358629404], [0.1398468325880903, 0.08618652138881196, 0.4111521274271141, 0.3628145184959837], [0.0930565339110063, 0.31982354756182946, 0.23035391702526617, 0.35676600140189807], [0.11852382475513591, 0.44043059465148315, 0.15220819865755655, 0.28883738183582436], [0.10875775080960824, 0.3098780856698532, 0.13750270212560797, 0.44386146129493054], [0.10612108636421526, 0.2753049751491092, 0.19219043992169874, 0.4263834984649768], [0.13793944488937443, 0.2875357992638228, 0.23837237126992383, 0.33615238447687895], [0.13590388881230797, 0.33120231336609124, 0.16915670769504734, 0.36373709002655347], [0.15853203772460073, 0.570997832021395, 0.04334737716424847, 0.22712275298975582], [0.14213014184624764, 0.45888152617147016, 0.10730551207669199, 0.29168281980559024], [0.20173390808871391, 0.14087854744213335, 0.18087190926864755, 0.47651563510050515], [0.1985516965406514, 0.11859437645390257, 0.14303946280480348, 0.5398144641006425], [0.12070260105786738, 0.2086147650225852, 0.29881590379158746, 0.37186673002795995], [0.1635654626120902, 0.4243548274907708, 0.049120315394836314, 0.3629593944023027], [0.08401466191470404, 0.6017988942028749, 0.0429180750316605, 0.27126836875076055], [0.06866534155912006, 0.2360209261542114, 0.499662227873639, 0.1956515043130295], [0.15881738538397797, 0.09339830556764939, 0.26604286626428886, 0.48174144268408375], [0.137861171148588, 0.08630132288510908, 0.35768718905058555, 0.41815031681571735], [0.07711610656897588, 0.5354136547157394, 0.21633687412583358, 0.17113336448945107], [0.07354854786335113, 0.7665565188096796, 0.034748770062938375, 0.1251461631640309]], "ideal": "A", "sampled": "C", "correct": false}}
{"type": "result", "data": {"idx": 8, "options": ["unethical, because the client's needs were not addressed more directly", "unethical, because the psychologist should have delayed the trip and given the client an appointment for that afternoon", "unethical, because the psychologist should have called a physician directly", "ethical, because it was not possible to determine whether or not the client was being manipulative"], "probs": [[0.8254089796945385, 0.14570349182028824, 0.010070375909573569, 0.01881715247559964], [0.7975481311433471, 0.16718449031609597, 0.005290404533199635, 0.029976973907357256], [0.7767614215084317, 0.19640945105836644, 0.007380684355795011, 0.019448442977406766], [0.7663446282111603, 0.20951955603723385, 0.005244838219864281, 0.01889097743174147], [0.8799327643823335, 0.06374526792032316, 0.01040510837035551, 0.045916859226987836], [0.9150425616124417, 0.04774600548304636, 0.007793631720723318, 0.029417801083788615], [0.07215250564986646, 0.8929540863336916, 0.022352545462927618, 0.01254086245351439], [0.09540507116458408, 0.8638138697789273, 0.012129590743716135, 0.028651468212772493], [0.29303283511676986, 0.2840685355631298, 0.33209485565639285, 0.09080377356370754], [0.4966081447119544, 0.28298477998038357, 0.02890625647416654, 0.1915008187334955], [0.12747238034764602, 0.05071430285619462, 0.6680160065829315, 0.15379731011322786], [0.4008808971231849, 0.0997964948043038, 0.10457798004895463, 0.39474462792355663], [0.6627837922303725, 0.3180340185718062, 0.007596499179710489, 0.01158568991811075], [0.7931002962637609, 0.19135703117811834, 0.004227282938738516, 0.011315389519382208], [0.7797010482090263, 0.14651517459391306, 0.033725425346359014, 0.040058351750701625], [0.8960633701966022, 0.07018849118947935, 0.004486676685084938, 0.029261461828833546], [0.7969290791458714, 0.05956684930548858, 0.08665909810970854, 0.0568449733389315], [0.8772369009920709, 0.03854433439557689, 0.01331953142949451, 0.07089923308285771], [0.0040056307588307105, 0.9802132337288147, 0.005389922950678075, 0.010391212461676411], [0.002065076119773068, 0.9893913193750627, 0.00417136000104776, 0.004372244404116416], [0.018444152787549153, 0.5738558843474509, 0.31689316444329746, 0.0908067983217024], [0.014482959077753304, 0.8159019296998901, 0.0364099813077791, 0.13320512981457758], [0.004914011208522301, 0.9365182558682512, 0.041143464854969815, 0.017424267968256628], [0.005178802342321149, 0.9417706174471688, 0.011670117511907153, 0.0413804625986029]], "ideal": "A", "sampled": "A", "correct": true}}
{"type": "result", "data": {"idx": 9, "options": ["clarify boundaries between family members in order to reduce enmeshment.", "work initially with the most differentiated family member.", "\"use a multiple-therapist team to prevent any one therapist from becoming \"\"triangulated\"\" into the family system.\"", "\"issue specific \"\"directives\"\" designed to counteract dysfunctional processes.\""], "probs": [[0.9752266122216431, 0.02154660030301618, 0.001314321297718212, 0.0019124660776224912], [0.9511235291847154, 0.03204308771942902, 0.012945957634151396, 0.003887425361704124], [0.9682672406935626, 0.022772939375034253, 0.0039571629898452875, 0.005002656841557853], [0.9657802558493871, 0.021007895985107352, 0.0035937824310190774, 0.009618065634486504], [0.972930512761045, 0.025526997572460942, 0.0007952978758237618, 0.0007471916906702489], [0.9858360933789855, 0.012218318006800708, 0.0006577203780248853, 0.001287868136188969], [0.0337289940487877, 0.9260253801832573, 0.023546930137005175, 0.01669869553094976], [0.04834948807145807, 0.7331021359099656, 0.20356809901302778, 0.014980276905548514], [0.16792350744319756, 0.06374908318115181, 0.5593206298500606, 0.2090067794255901], [0.2481423374709323, 0.06576361261531169, 0.22244646314369185, 0.4636475866700641], [0.13244752337860696, 0.058785310776887235, 0.7622672772713067, 0.046499888473199066], [0.3117831408980349, 0.21431340128489712, 0.027244314330668085, 0.4466591433863999], [0.13648823207343208, 0.2800941529610984, 0.08409304358922283, 0.4993245712762467], [0.1678328811954512, 0.37241700287909435, 0.24421490726412984, 0.2155352085613246], [0.13920263011237966, 0.056251604057703665, 0.19028102073756534, 0.6142647449923513], [0.11142416710263357, 0.05182493323091183, 0.1646860192645009, 0.6720648803019537], [0.19997850207458762, 0.08603657100261604, 0.4873384273111633, 0.22664649951163307], [0.1751344190725309, 0.11669049323904003, 0.23940452752547145, 0.4687705600629576], [0.13734705105228343, 0.7661226034272537, 0.07704756049378687, 0.01948278492667601], [0.14395806071247913, 0.7543603713901321, 0.012978606747276123, 0.08870296105011267], [0.08876441103054059, 0.0887815101138369, 0.7668986691128329, 0.05555540964278959], [0.29291778145220265, 0.15437735270556752, 0.022238201893768596, 0.5304666638484612], [0.4014537855310538, 0.04232587213529074, 0.24351560613470208, 0.3127047360989534], [0.3082491205063536, 0.04172676863441981, 0.16500653570740217, 0.4850175750518244]], "ideal": "A", "sampled": "A", "correct": true}}
{"type": "result", "data": {"idx": 10, "options": ["A true experiment", "A cross-sequential cohort design", "A natural experiment", "A cross-sectional cohort design"], "probs": [[0.07045132886276491, 0.4316482817957081, 0.21036554793656648, 0.28753484130496054], [0.06896311249529453, 0.39693884240409544, 0.3969296334862041, 0.13716841151440592], [0.07533885073425675, 0.302724193852826, 0.4202884889826285, 0.20164846633028874], [0.06940323217119984, 0.4526547260525377, 0.28326160134912526, 0.19468044032713713], [0.05777627321838412, 0.6021412318795933, 0.2215165984419656, 0.11856589636005692], [0.05884195688249476, 0.7282321235336165, 0.11888312192910827, 0.09404279755478046], [0.3126238058036227, 0.06453163320369103, 0.23974085387591135, 0.38310370701677493], [0.315546278855632, 0.07735152657080337, 0.4381796782499418, 0.1689225162236228], [0.4251518420404668, 0.07506237699645028, 0.18868858548040035, 0.31109719538268255], [0.34609419877557007, 0.07033403374297986, 0.46580527269217287, 0.11776649468927718], [0.5445056435404333, 0.1740733346003564, 0.06816214915065985, 0.21325887260855042], [0.5344741423560284, 0.17087534322930303, 0.14387437914176068, 0.15077613517290792], [0.14147216396419468, 0.10034690275560226, 0.3613358220395274, 0.3968451111406756], [0.15124222972763143, 0.12156234207045617, 0.34090182943738984, 0.38629359866452256], [0.14420974253166058, 0.29136869308419017, 0.15353387592687684, 0.4108876883572724], [0.15076731256204656, 0.21602535406593912, 0.51013875382611, 0.12306857944590435], [0.0764892851968308, 0.760642593729745, 0.08143426537768002, 0.08143385559574418], [0.0764043772412102, 0.6201546741390359, 0.2246008498399303, 0.07884009867982363], [0.3766834847754104, 0.12620972471792208, 0.2214770531873077, 0.2756297372193598], [0.23908177793371668, 0.06745780802714352, 0.40047519201579795, 0.2929852219233418], [0.4218092450886521, 0.17865706286985042, 0.1050135093083351, 0.2945201826331624], [0.4030077219054577, 0.14830780248809644, 0.16285743060357144, 0.2858270449028744], [0.397749939638465, 0.0860438525418801, 0.3098229305973732, 0.20638327712228172], [0.44726992001158034, 0.1343296866230214, 0.15950241381588082, 0.2588979794495175]], "ideal": "B", "sampled": "D", "correct": false}}
{"type": "result", "data": {"idx": 11, "options": ["recall of words", "verbal comprehension", "verbal learning", "production of speech"], "probs": [[0.0005605418203246321, 0.0007086534276453945, 0.0008957495000359913, 0.997835055151994], [0.0018313906049895294, 0.00288145848875917, 0.9942597544607777, 0.0010273963454735771], [0.00022673949963446816, 0.00013861836444854756, 0.0006560970538535287, 0.9989785449820634], [0.0013631249642607525, 0.0017233407542456265, 0.9958518388771457, 0.001061695304347939], [0.00021651642907810569, 0.9996660309223647, 9.533139023325473e-05, 2.212115832385834e-05], [0.0002779968146863657, 0.9996124171789013, 8.412539313052953e-05, 2.546051328181984e-05], [0.0003975953561767905, 0.000665902480817785, 0.0008158196811202726, 0.9981206823818851], [0.0014473556654960465, 0.003934626308646924, 0.9933000997948608, 0.0013179181309961997], [0.0005516141677004325, 0.00039737214411888236, 0.001621305347044316, 0.9974297082411364], [0.0008811248852654875, 0.0012821627855576516, 0.9969958774042672, 0.000840834824909643], [0.0002415470383962346, 0.9996846965916653, 5.6926616092125284e-05, 1.682965384639792e-05], [0.0002780102392213404, 0.9996531838456981, 5.474392876156167e-05, 1.4061886318999772e-05], [0.00029859384649573125, 0.004744777198739939, 0.0019168958658673852, 0.9930397329888969], [0.0010793700354375208, 0.014443165935277658, 0.9813539524714036, 0.003123511457881293], [0.0002834033644968489, 0.0013208781057235215, 0.002884735954254187, 0.9955109824755254], [0.0006961049550864593, 0.0024298571947872845, 0.9956711945755943, 0.0012028431745319697], [0.00011680577789147228, 0.9997079293248967, 0.00013763122733670503, 3.763356987507357e-05], [9.99127909121196e-05, 0.9997359557068403, 0.00013550146729645636, 2.8629934951179292e-05], [0.9997483280048228, 0.0002034424450651624, 2.9306410542092933e-05, 1.89230395699434e-05], [0.9995642789367679, 0.0003626072248337296, 3.9122062291293586e-05, 3.399167610704798e-05], [0.9996684826896167, 0.00028687635346434, 2.907617655448253e-05, 1.556468036448166e-05], [0.999549056404377, 0.00039207302428520346, 3.6751166232521056e-05, 2.2119305105289584e-05], [0.999643195936595, 0.0002914007371068818, 3.974164132606844e-05, 2.566158497196787e-05], [0.9995471213960573, 0.00035699335385894443, 5.7367426125062206e-05, 3.851772395872631e-05]], "ideal": "D", "sampled": "D", "correct": true}}
{"type": "result", "data": {"idx": 12, "options": ["the child\u2019s intelligence.", "the child\u2019s \u201cbasic personality.\u201d", "the strength of the parent-child attachment.", "the parents\u2019 childrearing behaviors"], "probs": [[6.100157733866865e-05, 0.00024126730439446887, 0.0012251655930961135, 0.9984725654251707], [0.00025075094248255044, 0.0011870931762631653, 0.9826807127919907, 0.015881442989263632], [3.503878587089672e-05, 0.0004105025353574028, 0.0008291949460664435, 0.9987252636327053], [0.00020895190384166205, 0.0026470293756933674, 0.9877595554093079, 0.00938446321115704], [3.852452222382989e-05, 0.9997450494289781, 0.00010228987502292624, 0.00011413607377506491], [4.646986012316972e-05, 0.9997329623189712, 0.0001323693420166332, 8.819837888892337e-05], [4.2935145797150924e-05, 0.00015828548945413947, 0.000969532761699762, 0.9988292465030489], [0.0003081300000286831, 0.0011010792872422823, 0.9855906277714728, 0.01300016284125619], [3.0214283717099438e-05, 0.0003248332872543691, 0.0006260956716481963, 0.9990188566573803], [0.0003640418344897286, 0.00464777878859091, 0.9882255539163414, 0.006762625360577974], [4.006142172657713e-05, 0.999809063933526, 7.484291396142127e-05, 7.603163078597654e-05], [6.013629170095028e-05, 0.9997583019341799, 0.00011234241581735097, 6.921925830176377e-05], [6.344769766808422e-05, 0.00018217306649821963, 0.0009544351740621192, 0.9987999439617716], [0.0004204912620615609, 0.0009777768113345393, 0.9918148942356162, 0.006786837590987748], [5.51311141187145e-05, 0.0001793712320590111, 0.000869120253056184, 0.9988963773007661], [0.0002715102640467348, 0.0011080128175120277, 0.9918333501987624, 0.006787126619678826], [7.839471353646855e-05, 0.9992704418252714, 0.00025304693567673747, 0.00039811642551540244], [0.0001281774858860775, 0.9987583483665144, 0.0004041500977686085, 0.0007093239498308653], [0.999009240883173, 0.0006770906726160192, 0.00014643007731845816, 0.00016723826689252628], [0.9993618351333745, 0.0004583297497290766, 0.00012335096388013293, 5.64840530162845e-05], [0.9992989560160703, 0.0005274565013762516, 8.814716850433084e-05, 8.544021404903446e-05], [0.999119669316372, 0.0007321707890764548, 0.00010384076760516672, 4.431902694636887e-05], [0.9993516282331038, 0.0005528283366802232, 6.865441179681004e-05, 2.688891841925221e-05], [0.9989626117739838, 0.0009110673183754549, 9.234510000921143e-05, 3.3975707631543354e-05]], "ideal": "D", "sampled": "D", "correct": true}}
{"type": "result", "data": {"idx": 13, "options": ["is nonresponsive to visual or auditory stimuli and seems to be in a state of deep sleep.", "is confused and incoherent, may exhibit bizarre behavior, and is unable to care for him/herself.", "is alert and oriented and can remember and integrate remote and recent events but may have some impairment in judgment, planning, and abstract reasoning.", "is functioning at an intellectual level that is superior for his/her age, education, and demographic background."], "probs": [[0.024709701029335514, 0.3631293996909284, 0.6081266874036898, 0.004034211776046241], [0.05867372934443368, 0.22847921079495126, 0.10138374009801895, 0.6114633196625961], [0.050828576716806066, 0.8464217242080605, 0.09349225696835325, 0.009257442006780152], [0.01833409751385377, 0.9702648774425681, 0.008264011412063826, 0.003137013531514355], [0.010299913526600762, 0.015953725113127967, 0.8847646066885548, 0.08898175457171642], [0.007865807836538154, 0.021050812311749587, 0.9678550194862853, 0.0032283602654269825], [0.16653002968716105, 0.06031878559517352, 0.7701006517361436, 0.0030505328815217656], [0.23665876860530963, 0.08572019699640333, 0.06369914906355882, 0.6139218852347282], [0.20522440346718868, 0.7867548226807184, 0.005555341317183251, 0.002465432434909718], [0.3435245193936564, 0.6519292664450218, 0.00316385322923869, 0.0013823608320831368], [0.05193036978179694, 0.045120789447001756, 0.024531086116805677, 0.8784177545543956], [0.41928337191555737, 0.12395471679543328, 0.439453614071405, 0.01730829711760436], [0.7453765285279019, 0.09777928867939932, 0.13788828663768085, 0.01895589605501793], [0.9645659976488226, 0.03005320781571074, 0.0025852243557886777, 0.0027955700796779698], [0.96808562287918, 0.03016242869150655, 0.0008690978605877222, 0.0008828504687257736], [0.9257510686183901, 0.07138898058371376, 0.0018729070000764448, 0.000987043697819752], [0.9620329492782368, 0.032410141972889356, 0.0023477054477208585, 0.0032092032011529566], [0.9586474863174553, 0.036596330172185214, 0.0031976361776768648, 0.0015585472326825976], [0.021329844129971784, 0.02782143807332538, 0.5087924542276742, 0.44205626346902865], [0.005923003195132842, 0.012153581246585207, 0.9807010510174483, 0.0012223644408336104], [0.010835978272080741, 0.016523530812832074, 0.012279003937388379, 0.9603614868776988], [0.024748398080781338, 0.5209599752238973, 0.44560352129355796, 0.008688105301763437], [0.013013755446846438, 0.9712042468372346, 0.009823467238401242, 0.005958530377517751], [0.041634751558612036, 0.8628341185087193, 0.08953269186605017, 0.0059984379666184785]], "ideal": "B", "sampled": "C", "correct": false}}
{"type": "result", "data": {"idx": 14, "options": ["decline the request to testify.", "agree to testify only if she obtains consent from both parents.", "agree to testify only if she can evaluate all of the involved parties.", "agree to testify only if her familiarity with the child won''t bias her testimony."], "probs": [[0.3686348497498949, 0.38640695806453923, 0.047608226532943644, 0.1973499655526222], [0.3402646532353934, 0.3350521077633442, 0.1850202856030857, 0.13966295329817668], [0.3937667695881073, 0.25037140211279524, 0.08516700010268322, 0.2706948280964142], [0.3927849355192372, 0.22386932860150416, 0.20064762825832652, 0.18269810752093213], [0.24208301846545166, 0.7005396210608222, 0.02082531258752641, 0.03655204778619972], [0.26013630674438615, 0.6854215872448371, 0.016372403158794003, 0.03806970275198268], [0.5681165329219794, 0.19335232240965888, 0.04520171034178273, 0.19332943422657903], [0.38644131337362364, 0.1662617424716235, 0.3464727607900784, 0.10082418326467445], [0.41679105468986166, 0.12135427534375702, 0.21290773309804598, 0.24894693676833532], [0.6535229888785232, 0.1190581548656284, 0.06470796079537137, 0.16271089536047703], [0.398512870144267, 0.29162282556189334, 0.18246896693752165, 0.127395337256318], [0.5838982059888888, 0.29365710377492305, 0.019365013171834613, 0.10307967696435359], [0.15015434398435598, 0.14562866741282798, 0.27626491825194316, 0.42795207025087284], [0.12146705025808137, 0.13988405047793914, 0.5618656109645689, 0.1767832881994106], [0.14984323306139785, 0.18370479617226085, 0.31240213379719317, 0.35404983686914815], [0.1900277052617316, 0.2479906120056499, 0.2853592506350165, 0.276622431997602], [0.14711285074410504, 0.3817140871415516, 0.2792361461609359, 0.19193691585340744], [0.18383040354039587, 0.48450355902700465, 0.11327824501804318, 0.21838779231455627], [0.7975505247963961, 0.13020865060055722, 0.02125287523501155, 0.05098794926803517], [0.8755719938861937, 0.08403338930911831, 0.008995092146308689, 0.031399524558379355], [0.663988535516535, 0.11361869508097865, 0.1267265090720774, 0.09566626023040897], [0.9111294473950061, 0.05917097078652633, 0.005417346792354453, 0.02428223492611311], [0.7568402176809417, 0.07978629201171206, 0.08359614634279683, 0.07977734386454939], [0.9073570158506258, 0.05200371397130498, 0.008098573234552603, 0.03254069684351659]], "ideal": "A", "sampled": "D", "correct": false}}
{"type": "result", "data": {"idx": 15, "options": ["goals serve 2 purposes: they are a basis for motivation and they direct behaviors", "goal attainment is maximized when goals are specific and highly difficult", "goal attainment is maximized when frequent feedback is given", "worker participation in goal-setting is also good"], "probs": [[0.012397256343763714, 0.74344615113012, 0.16330801997942138, 0.08084857244669492], [0.006598810793707599, 0.4212665639830424, 0.4147179207434378, 0.15741670437981217], [0.016391673658095712, 0.0988730466167297, 0.753756325991267, 0.13097895363390766], [0.01768166767823645, 0.20558501892856842, 0.31344518237469265, 0.4632881309185024], [0.00908028881242589, 0.5618371293637467, 0.3251534955696556, 0.10392908615417172], [0.010151819405375245, 0.7343525270274115, 0.1337273753715468, 0.12176827809566651], [0.6994837029991976, 0.10398978893893845, 0.10896460128178227, 0.08756190668008161], [0.14560094582771305, 0.0597707559091488, 0.5582482855823309, 0.23638001258080732], [0.3189654874713902, 0.3848156246571855, 0.06280980118161125, 0.23340908658981305], [0.24670884726341738, 0.23183420880808592, 0.42632556788760995, 0.09513137594088673], [0.035874741039802795, 0.7435116710663587, 0.05470488310393592, 0.1659087046899025], [0.10151133136958171, 0.7501782368953456, 0.12055421713265684, 0.02775621450241586], [0.04443919964525959, 0.03252155657500319, 0.8003167389975849, 0.12272250468215225], [0.08972517767760312, 0.031507027692092744, 0.47021227016938033, 0.4085555243609238], [0.0783728287949776, 0.6771267711636408, 0.05645184020039617, 0.18804855974098542], [0.08893599542908562, 0.41781146707946637, 0.3924538306078777, 0.10079870678357034], [0.05407365541780221, 0.563540612244551, 0.061276362326140615, 0.3211093699115062], [0.016434060372795836, 0.022119430131107204, 0.9116046567104196, 0.04984185268567739], [0.5040912665227463, 0.09622926335735392, 0.16886104767467552, 0.23081842234522423], [0.7073414325006769, 0.08062762766270216, 0.08716358988605521, 0.12486734985056563], [0.5327290574537021, 0.18128623476085767, 0.04955325724861659, 0.23643145043682356], [0.6387842249322099, 0.19485670181012135, 0.09796314612568925, 0.06839592703197955], [0.6401446365648422, 0.18059275773458636, 0.031871482251802565, 0.14739112334876883], [0.6541994310887035, 0.18170130521777164, 0.07692289466271808, 0.08717636893080678]], "ideal": "B", "sampled": "D", "correct": false}}
