{"type": "result", "data": {"idx": 0, "options": ["5 permanent members with veto power, 10 rotating members with no veto power", "5 permanent members and 10 rotating members, all with veto power", "10 permanent members with veto power, and 5 rotating members without veto power", "15 permanent members with veto power"], "probs": [[0.025823457813319368, 0.9690321926584655, 0.003838342710605929, 0.001306006717609195], [0.042445760823351365, 0.9510951534660967, 0.00539640716629005, 0.001062678444261787], [0.14391066052120527, 0.3143379968406821, 0.5182573765840458, 0.023493965954066776], [0.3135096150165555, 0.5009982137478676, 0.06077751718352774, 0.12471465395204917], [0.09417611578879022, 0.6537261756816516, 0.24049212596051442, 0.011605582469043715], [0.11859401005006748, 0.7733465826727992, 0.022634285840959903, 0.0854251213361734], [0.9686173157352971, 0.030178546770753028, 0.0009700815382866013, 0.00023405585566324332], [0.9456441691372128, 0.052523014394424264, 0.0015614589507741397, 0.00027135741758879596], [0.9328227147145242, 0.06549510759343134, 0.0013593011982841886, 0.0003228763937602986], [0.8989631307196386, 0.09775853655872184, 0.002687861842389325, 0.0005904707792501822], [0.7329282524606042, 0.26545258501700914, 0.0012882772883925256, 0.0003308851339940676], [0.7002993882039568, 0.29652896320905575, 0.0024479846434840966, 0.0007236638435034085], [0.9535001686193035, 0.0452986293159676, 0.0011164412334134545, 8.476073131544383e-05], [0.9889890262810049, 0.010648789152444594, 0.00033699596726275777, 2.5188499287758385e-05], [0.9678723697803603, 0.031602574055614445, 0.0004950888324386467, 2.996723158663894e-05], [0.9860928685807218, 0.013633289310204286, 0.0002576268616543296, 1.621514741960571e-05], [0.9838171452995654, 0.015412844485170597, 0.0006878527825388679, 8.21573327251175e-05], [0.9875330879158433, 0.01186210026231831, 0.0005547926051360435, 5.001911670236609e-05], [0.99356734503588, 0.0061916563493812195, 0.00022552943687912698, 1.546907785969629e-05], [0.9935481874522917, 0.006095536618998227, 0.0003082557227218882, 4.8020105988171416e-05], [0.9936953719917074, 0.006096458955128245, 0.00018993935252499143, 1.8229600639356575e-05], [0.9939058428519202, 0.005818508219695564, 0.0002516818199702681, 2.3967008413991224e-05], [0.9783128931797804, 0.02127908320765684, 0.00035486081601447623, 5.316269654824786e-05], [0.9817606913908361, 0.017981994322467342, 0.00023722213762285155, 2.0092049073655482e-05]], "ideal": "A", "sampled": "B", "correct": false}}
{"type": "result", "data": {"idx": 1, "options": ["It allowed the US to intensify its involvement in Vietnam", "It illustrated the influence of public opinion on US foreign policy", "It enhanced Congressional control over the Vietnam War", "It curtailed US involvement in Vietnam"], "probs": [[0.998205127276274, 0.0010477276452268253, 0.0003735708739871941, 0.00037357410451199525], [0.9986177014480383, 0.0008422216572315878, 0.0003098290740416967, 0.00023024772068843769], [0.9983543309631814, 0.000999899826155818, 0.0003455474729165128, 0.0003002216377463154], [0.9982926124009599, 0.0010981154998560803, 0.00034017052254663687, 0.0002691014766374053], [0.998285708125004, 0.0011507939959216455, 0.00032970091916756486, 0.00023379685990679067], [0.9980622690489197, 0.0013037389353965187, 0.00035641325512380406, 0.0002775786605599564], [0.00037385884974446834, 0.9990014042955431, 0.0003512117909210037, 0.00027352496379140577], [0.0007787600145618283, 0.9984533767808856, 0.00041684424265333946, 0.00035101886189924125], [0.012382701879933155, 0.010927942392012491, 0.9684406580330641, 0.008248697594990233], [0.13385547845800697, 0.22069363540469372, 0.016754079795675354, 0.6286968062416239], [0.029331599744240332, 0.01697656294204844, 0.9414645257123005, 0.012227311501410671], [0.17264109751732667, 0.11500564897211032, 0.029535559769361546, 0.6828176936412015], [0.0026697291412679223, 0.9961157149949417, 0.0007648931584651038, 0.0004496626053252554], [0.009391932400175586, 0.9884296289324456, 0.0012910834733596962, 0.0008873550940191519], [0.006619562119707144, 0.004621330781620967, 0.982442645682239, 0.0063164613164328745], [0.12050524824138849, 0.07659875155326243, 0.017091340120882835, 0.7858046599844662], [0.09634700936989986, 0.02892988889927718, 0.8587470517634617, 0.015976049867361296], [0.11839281914486179, 0.04564508767086174, 0.014140043541626308, 0.8218220495426501], [0.0006765657999754619, 0.9984087294682372, 0.00040399963984649896, 0.0005107049919408261], [0.001323583255925705, 0.9976078794355053, 0.0004719438685946285, 0.000596593339974291], [0.0062933987785044635, 0.0073580676511067564, 0.9788748598170531, 0.007473673653335624], [0.03835254971517978, 0.2746739433283341, 0.028059585487525598, 0.6589139213689605], [0.030695706088264812, 0.02625670239754027, 0.9255575381597348, 0.017490053254460042], [0.039431948945303455, 0.08612845997635389, 0.018053390420162435, 0.8563862005581802]], "ideal": "A", "sampled": "A", "correct": true}}
{"type": "result", "data": {"idx": 2, "options": ["Terrorists", "Organized crime", "Drug traffickers", "China"], "probs": [[0.008462361358721826, 0.003017524363791497, 0.010368341014612155, 0.9781517731628745], [0.0031421456098006738, 0.007657089164350954, 0.9130748342836634, 0.07612593084218497], [0.011076880078513242, 0.0044757492557148375, 0.01797965791197163, 0.9664677126538003], [0.002430615595299145, 0.004200374968423877, 0.9212181714991438, 0.07215083783713316], [0.00532516991891516, 0.9097271223077513, 0.012576192973389782, 0.0723715146999437], [0.0031593162147836146, 0.8898456515058377, 0.011738011524239617, 0.09525702065513905], [0.00820832610909696, 0.003586154450785244, 0.0093012666840189, 0.9789042526560989], [0.004685028756748822, 0.00917377009243249, 0.9069008813042035, 0.07924031974661508], [0.00618648830137743, 0.003110983750881252, 0.013303025160693375, 0.9773995026870479], [0.003986733414430267, 0.005536139073651113, 0.9455594726077442, 0.04491765480417444], [0.002354355170902757, 0.9648358308717229, 0.003217925379269506, 0.02959188847810491], [0.0027489087100169194, 0.9787474645372816, 0.0043243841364431195, 0.014179242516258442], [0.012845517178560023, 0.006984417390525408, 0.021512310719996184, 0.9586577546109184], [0.004352712784415242, 0.009810376417996635, 0.9110577243427362, 0.0747791863548519], [0.008358334273140965, 0.005149754172306363, 0.020366402136045826, 0.9661255093185068], [0.003592559420536294, 0.008619540308049295, 0.9358152263726884, 0.05197267379872603], [0.0022043782834268197, 0.9467497699380997, 0.007457092117140303, 0.04358875956133321], [0.0023729942829862198, 0.9724925364937343, 0.006759616637137033, 0.018374852486142387], [0.6658180901799012, 0.04125875948509183, 0.05551545280023985, 0.2374076974347671], [0.6246521027515486, 0.03014535343324985, 0.07231027062265462, 0.272892273092547], [0.6720347170772538, 0.04793130492313681, 0.020938265334974192, 0.2590957125646352], [0.7915235331593624, 0.07837867005073078, 0.04535872183035753, 0.08473907485954929], [0.6461119482661501, 0.03533254843847346, 0.040665066667843384, 0.277890436527533], [0.7832251773904227, 0.04419051067018503, 0.05247362720990168, 0.12011068462949058]], "ideal": "D", "sampled": "D", "correct": true}}
{"type": "result", "data": {"idx": 3, "options": ["Richard Nixon", "George H. W. Bush", "Jimmy Carter", "Ronald Reagan"], "probs": [[0.996145166300456, 0.0020470850466336233, 0.00037867324090727655, 0.0014290753120030672], [0.996977972705924, 0.001894824765720041, 0.00036163322068623923, 0.0007655692076696772], [0.9958536060174488, 0.0021114411231348495, 0.0003905797157621361, 0.001644373043654217], [0.9982735748238079, 0.0011153567810825975, 0.00023747391760471442, 0.00037359437750485565], [0.9975709197343084, 0.0013656027798657183, 0.00027313727903491915, 0.000790340106790861], [0.9983712314738084, 0.000984394270170694, 0.0002528133737202043, 0.0003915607823007601], [0.00019320658746286264, 0.871379235523059, 0.006757835227768929, 0.1216697225617092], [0.00020886371222362076, 0.9493792000329245, 0.01122686189707769, 0.03918507425777413], [0.0004125103925190898, 0.0007829576557177484, 0.08499789934232918, 0.913806632509434], [0.00016147857395985247, 0.0003445695944168264, 0.004068121818788951, 0.9954258299128343], [0.0012106489033477388, 0.0035586566300294374, 0.5364141409368247, 0.45881655342979816], [0.0002583960065457434, 0.0005513522885915452, 0.002394815489840028, 0.9967954361150226], [0.0015325900708081778, 0.4316529783946134, 0.003853012012318468, 0.56296141942226], [0.0034628955478353068, 0.9306449403498651, 0.009123656659013006, 0.056768507343286534], [0.0018310856710854304, 0.0028361907087656496, 0.6726125113965725, 0.32272021212357643], [0.0003543629437395862, 0.00040789524466694645, 0.00689862660360042, 0.992339115107993], [0.0018778638334076892, 0.001606331838890573, 0.9282174995128248, 0.06829830471487691], [0.0005692413639265003, 0.0006974733087617731, 0.001186416621015421, 0.9975468686062963], [0.00023294870946997948, 0.9640975239667814, 0.004678950183539925, 0.030990577040208696], [0.00031384087590741514, 0.9804481901186225, 0.006303723542210676, 0.012934245363259355], [0.0007254283099118029, 0.005277258541595976, 0.8468401749127691, 0.14715713813572306], [0.0002028067565121438, 0.0008021518688632473, 0.0022496084734448, 0.9967454328011798], [0.0008936538297698283, 0.014200186256294949, 0.716988796876369, 0.26791736293756624], [0.0002227759815117809, 0.0016461673528057254, 0.0012232938218903263, 0.9969077627437921]], "ideal": "A", "sampled": "A", "correct": true}}
{"type": "result", "data": {"idx": 4, "options": ["on nuclear weapons signed between the United States and the Soviet Union.", "cutting conventional arms in Europe.", "to be rejected by the U.S. Senate.", "mandating the elimination of many long-range nuclear missiles."], "probs": [[0.5250903553301957, 0.023805095722933843, 0.008894961641219867, 0.4422095872056507], [0.13599680058795421, 0.02255297401576025, 0.8331534079414411, 0.008296817354844435], [0.29032930431440823, 0.017437178461177958, 0.00651552428270656, 0.6857179928417072], [0.35027436576516324, 0.06685625982118638, 0.5775499534243805, 0.005319420889269815], [0.03618646106756955, 0.9629427966798889, 0.0006732484448928081, 0.00019749370764875318], [0.019692661983225973, 0.9790217053490139, 0.0010768451435468692, 0.0002087874242132959], [0.00014834309981368667, 0.996538918157935, 0.0008807573355433277, 0.0024319813067079036], [0.00024436889799709185, 0.9208611188434939, 0.07798652539102631, 0.0009079867674827285], [0.0007236471411371871, 0.007659638751360445, 0.9723598943132821, 0.019256819694220266], [0.0007463366352826562, 0.005021623242326123, 0.80580203225665, 0.18843000776574115], [0.0003111151035734222, 0.1274924792215708, 0.8712380389721827, 0.0009583666026730652], [0.00021023210547147384, 0.7442454840515204, 0.0023319758928577413, 0.25321230785015036], [0.0027081963306165024, 0.9058232051335144, 0.004535554314323217, 0.08693304412154579], [0.005531315885460818, 0.9016255293030232, 0.09210609191774434, 0.0007370627937716083], [0.002770694351698648, 0.003969264426109902, 0.8842921127459288, 0.10896792837626262], [0.0027343744028252084, 0.0026506380285897064, 0.5050715647192102, 0.48954342274937485], [0.00830827877262349, 0.46077569423666337, 0.5303416492082775, 0.000574377682435643], [0.0025858702621453155, 0.9351825046894363, 0.0033726496544016207, 0.05885897529401673], [0.0021152326286473172, 0.9976789221249392, 0.00016828997797677347, 3.7555168436629e-05], [0.004608184544151977, 0.9951209194696786, 0.00022943343388582538, 4.146245228358087e-05], [0.16059831807774794, 0.009951983289025662, 0.8284642455401781, 0.0009854529930483208], [0.909791046449955, 0.00837954742014549, 0.0023268038849366905, 0.07950260214496284], [0.4668540640529455, 0.027604170149271613, 0.5048060673630417, 0.0007356983347411851], [0.7671059499656001, 0.020127123561835727, 0.0030386073562580313, 0.20972831901630612]], "ideal": "D", "sampled": "A", "correct": false}}
{"type": "result", "data": {"idx": 5, "options": ["It ended the influence of American exceptionalism entirely", "Exceptionalism was enhanced by America's status as the 'leader of the free world'", "The extension of American power globally challenged core assumptions of exceptionalism", "Both b and c"], "probs": [[0.0008138645315514367, 0.007602506805678986, 0.05617383912821701, 0.9354097894345526], [0.02449057651635682, 0.07783505256114291, 0.34883862804004434, 0.548835742782456], [0.0004047439151461546, 0.4137252876810835, 0.002421956573332372, 0.5834480117304379], [0.0011116552024810211, 0.7995022339628423, 0.19288801622682314, 0.006498094507853607], [0.004360335638999948, 0.9415776807310205, 0.012039377622663976, 0.04202260590731549], [0.009992595928529073, 0.6279672488905331, 0.34680247884728665, 0.015237676233651153], [0.0019511317843643092, 0.013127761281276263, 0.15992705913345634, 0.8249940477009031], [0.03584465011595861, 0.05552041902582956, 0.37353774901469394, 0.5350971817435178], [0.0006398272395911528, 0.4322887374555779, 0.0032493816878335596, 0.5638220535169974], [0.002057762553327986, 0.29601981798736654, 0.6882917183316319, 0.013630701027673551], [0.008808706274809052, 0.9416489942215401, 0.00880882641542553, 0.04073347298822526], [0.021576044100363952, 0.2887067614794689, 0.6506442097560343, 0.039072984564132884], [0.3404759559850044, 0.0930895756335436, 0.005011032006970968, 0.561423436274481], [0.42694811957063206, 0.0596209158051877, 0.5070478548643897, 0.0063831096597904684], [0.48235368768736847, 0.08648668236769759, 0.005443020728285034, 0.42571660911664894], [0.38977635342050654, 0.07557003451695975, 0.5164215227542847, 0.018232089208249095], [0.06850186425165017, 0.9310010666543657, 0.0004336089171041039, 6.346007688001529e-05], [0.2718054463223455, 0.7274363332729467, 0.0006429299504426124, 0.00011529035426520021], [0.9021962439583222, 0.06535748504297413, 0.005622207749082859, 0.026824063149620738], [0.21108935912263316, 0.06240030723724396, 0.7253762615315312, 0.0011340720085916466], [0.4822462480694374, 0.17466506295146908, 0.016761783446327862, 0.32632690543276566], [0.0033229961740404617, 0.02782594391555028, 0.9656799958747541, 0.0031710639356551675], [0.2535333179748762, 0.7451906342777677, 0.001137981470659752, 0.00013806617669639642], [0.12069240497895853, 0.8780055307779105, 0.001146840353596281, 0.0001552237895346366]], "ideal": "D", "sampled": "D", "correct": true}}
{"type": "result", "data": {"idx": 6, "options": ["He believed that internal reform rather than international negotiation was the key to economic regeneration of the US", "He believed that German domination of Europe would be in US interests", "He always favoured isolationism", "All of the above"], "probs": [[0.5061899797569208, 0.01481582904426865, 0.010839185201930298, 0.46815500589688025], [0.6978691958619181, 0.023880588377647834, 0.260779147696812, 0.017471067963622095], [0.6222826337449684, 0.03246992130974985, 0.006912968692669374, 0.3383344761526123], [0.4592520363173245, 0.028456550520184237, 0.49657652259948504, 0.015714890463006257], [0.39910053340997853, 0.599125670309591, 0.0008730378860260288, 0.0009007582944044367], [0.34071392091184266, 0.6567476443889837, 0.0013286629797118288, 0.0012097716194618326], [0.10204886796122833, 0.45737118205877864, 0.043211274488587505, 0.3973686753914055], [0.054321632694412626, 0.5317622511783828, 0.389045423791785, 0.024870692235419517], [0.08526429215471552, 0.062384759539655506, 0.3217952429257685, 0.5305557052798605], [0.12531423380739684, 0.21653201851270884, 0.4729462195020898, 0.18520752807780452], [0.1646414876684095, 0.33783689767165387, 0.44062162261933185, 0.05689999194060475], [0.11048204162590197, 0.8690196048227519, 0.009211785850190453, 0.011286567601155695], [0.07459647584555396, 0.7534160837419798, 0.009049702919455282, 0.16293773739301098], [0.04847075990671908, 0.3111758419702814, 0.6188444275571627, 0.021508970465836687], [0.09640788043708502, 0.05667840984454858, 0.2833664266747363, 0.56354728294363], [0.2189604025240569, 0.13702660124282293, 0.5091125672017585, 0.13490042893136164], [0.08551009233870778, 0.2218077199351876, 0.6621919475017237, 0.03049024012438093], [0.21088253155926426, 0.7023668949941666, 0.024411937446797417, 0.06233863589977175], [0.5547802624680613, 0.4388748248893199, 0.0027779357925486027, 0.0035669767500701847], [0.5243300191659531, 0.4700120382425513, 0.0032674206837527754, 0.002390521807742805], [0.73464330445944, 0.09195592553207481, 0.12181932633026948, 0.0515814435782157], [0.9101614068478006, 0.05818592954197783, 0.007397418626781076, 0.024255244883440483], [0.34462519064497926, 0.08851326638451985, 0.5337879438474918, 0.03307359902300908], [0.8823940708101877, 0.0713100828511237, 0.008126658727645899, 0.03816918751104268]], "ideal": "A", "sampled": "D", "correct": false}}
{"type": "result", "data": {"idx": 7, "options": ["A strand of neo-isolationist sentiment", "A strand of internationalist sentiment", "An expression of American cultural superiority", "Increased incorporation of public opinion in foreign policy making"], "probs": [[0.8506664274527256, 0.11879211249855176, 0.010218581469226844, 0.02032287847949583], [0.8586189006014413, 0.10917109811976372, 0.019572404814507012, 0.012637596364287951], [0.9100192702382298, 0.04461091423997358, 0.014710071330531324, 0.030659744091265283], [0.8560433131779517, 0.0681147927539543, 0.03703112789525438, 0.038810766072839696], [0.942312034925728, 0.04076490807560571, 0.011319279348055442, 0.005603777550610791], [0.8272838740876935, 0.15545309238790442, 0.006517250669467893, 0.010745782754934189], [0.009197960006078176, 0.9832951975435426, 0.005666852558034929, 0.0018399897923442987], [0.023064017025030505, 0.9655696636314522, 0.00931891508634477, 0.002047404157172525], [0.08385221409399582, 0.03839705769640515, 0.8082262035924744, 0.06952452451712458], [0.1901337504196768, 0.08571326731778366, 0.16520762441890405, 0.5589453577436355], [0.018467031825022136, 0.018469227883922832, 0.9472666354267708, 0.01579710476428422], [0.229000791031316, 0.07914872437241167, 0.029115322865929896, 0.6627351616303424], [0.05121551453555075, 0.8663093446818932, 0.04381042718449225, 0.03866471349806377], [0.03674321938599674, 0.9185200455471584, 0.032427627540253724, 0.012309107426591116], [0.006738903169731424, 0.014492939589315282, 0.9544977188752498, 0.024270438265703447], [0.07961788891380403, 0.07027325138154113, 0.09455852350479292, 0.7555503360998619], [0.004407376259847499, 0.011081002246533802, 0.9668041925907173, 0.017707428802901458], [0.015882941434670898, 0.01976843795782644, 0.011803903036245575, 0.9525447174712571], [0.001047356986437612, 0.9979207011403003, 0.0009536488327117417, 7.829294055038581e-05], [0.0005030387383490153, 0.9989279184158775, 0.0005030472366672328, 6.59955091062362e-05], [0.0006839265218720783, 0.0038750112679546696, 0.9936944049799528, 0.0017466571302205266], [0.017631391626994036, 0.009737950032256863, 0.009890665502823352, 0.9627399927379258], [0.001317161956469794, 0.0036943144332977065, 0.9928166631498389, 0.002171860360393609], [0.00484291763168424, 0.005488191892265615, 0.007157603347072433, 0.9825112870289777]], "ideal": "A", "sampled": "A", "correct": true}}
{"type": "result", "data": {"idx": 8, "options": ["The war reduced European population levels below that of the United States", "The United States seized German resources after the war", "European countries paid the United States for assistance", "The United States became a creditor country and financial centre, with European war spending boosting the US economy"], "probs": [[0.00031405000370761355, 0.0006859687249146728, 0.00243190093037788, 0.9965680802409999], [0.0002707838901229528, 0.0014638748062361148, 0.9890134992442814, 0.009251841959359507], [0.0001532335574627727, 0.0005265632669931072, 0.0015967291023808899, 0.9977234739731632], [0.000781884900179463, 0.003343779901720236, 0.986926041382352, 0.00894829371574829], [0.0006982149108541497, 0.9986491658482921, 0.00056102830358075, 9.159083727302512e-05], [0.0015218026529685094, 0.9965359163842874, 0.0016976914228794685, 0.00024458943986457296], [0.00013103050863768465, 0.00040997269155898525, 0.002017876372650314, 0.997441120327153], [0.00018697939075187244, 0.0011101688631463243, 0.9936491168157415, 0.005053734830360293], [0.00015071163648772723, 0.0007303468740211585, 0.0023575196512945038, 0.9967614217381966], [0.00016396345185127435, 0.0011470876096118083, 0.9951000756809344, 0.0035888731576025424], [7.840279997112111e-05, 0.9994623785964066, 0.0003981534969890762, 6.106500663310082e-05], [8.345025295453332e-05, 0.9993606587081624, 0.0004877766953082624, 6.811424357483523e-05], [7.59213549629096e-05, 0.0002489452788541243, 0.0010983543020276786, 0.9985767789641553], [0.0006619137564070681, 0.0020388808507934278, 0.992173498406735, 0.005125706886064563], [0.0002262612547998614, 0.0006547246769913551, 0.0022851553259341083, 0.9968338586422747], [0.00022236234679616796, 0.001165122228209708, 0.995079351725817, 0.0035331635991770988], [0.00041062919133511743, 0.999059848645857, 0.00047262751669546044, 5.6894546112474945e-05], [0.0005110538478378164, 0.9990967256805381, 0.0003512395188326824, 4.098085279141922e-05], [0.9947452054756377, 0.004395823243358081, 0.0006533639066981668, 0.00020560727430607778], [0.9916406846674047, 0.006894020813210888, 0.0011979680247500154, 0.00026732639463436037], [0.9958390220941101, 0.003427243142235949, 0.0006049255523384121, 0.00012880911131552447], [0.9963066391575083, 0.0030259595513266522, 0.0005597271939462985, 0.00010767399721878328], [0.9883062789334168, 0.010154406488544373, 0.001251237926240402, 0.00028807655179841345], [0.9946253543903052, 0.0045348281222808255, 0.0006846342171057127, 0.0001551831703082117]], "ideal": "D", "sampled": "D", "correct": true}}
{"type": "result", "data": {"idx": 9, "options": ["the president of the United States.", "the secretary of defense.", "the chairman of the Joint Chiefs of Staff.", "Congress."], "probs": [[0.20842662352084546, 0.0015668593037888462, 0.0033690954860035624, 0.7866374215893621], [0.09476867501811444, 0.00391206215244159, 0.8991922799541989, 0.002126982775245058], [0.2641115961262445, 0.00192441759166848, 0.0046888527167686656, 0.7292751334653184], [0.032954316555947716, 0.0022782604436257453, 0.963126528964687, 0.001640893935739556], [0.020013781569825556, 0.9795304090244908, 0.00038418011394768904, 7.162919173588132e-05], [0.02884965723131092, 0.970448304953212, 0.0005803764511192497, 0.00012166126435780233], [0.0004940412119016164, 0.9810503018440065, 0.0007652267847572007, 0.017690430059334586], [0.00016294837598465763, 0.8591896822129397, 0.14025949345402008, 0.0003878758570555726], [0.0006804010740874468, 0.001021503800651518, 0.7942993776668984, 0.2039987173583627], [0.00016147355289816985, 0.0009815180728917345, 0.9647949987795441, 0.034062009494666], [0.0002499924033290478, 0.8120895569250871, 0.18695379549296004, 0.0007066550786237945], [0.00018027245370485302, 0.996129785763555, 0.0005684756181689871, 0.003121466064571088], [0.0004514836589621323, 0.9923857109920559, 0.0009785233084568321, 0.0061842819405252035], [0.00022001578068202472, 0.9845583052595529, 0.014949984235699104, 0.00027169462406594134], [0.0007928267953526265, 0.0022765128994473053, 0.7855067020232, 0.21142395818200005], [0.00021193489878984005, 0.001903912185658246, 0.9264417431240587, 0.07144240969149326], [0.00036566685911217664, 0.5880357440076018, 0.41051535520761134, 0.0010832338256747105], [0.00018699151660554874, 0.9936779099664125, 0.0009204695225333388, 0.005214628894448683], [0.03787543169443466, 0.9617120063826397, 0.00032012204401184907, 9.243977891385589e-05], [0.042062497498530325, 0.9573815459511092, 0.00041563922076526624, 0.00014031722959513288], [0.15060819450565302, 0.007859005623944877, 0.8400789729180684, 0.0014538268523336592], [0.3775218564804613, 0.006395426346299965, 0.0032663609626274043, 0.6128163561106112], [0.06151745089504604, 0.004456743127726687, 0.9327489128029886, 0.0012768930742386743], [0.28487552894186957, 0.0060060018494131305, 0.004000724995151593, 0.7051177441135658]], "ideal": "D", "sampled": "D", "correct": true}}
{"type": "result", "data": {"idx": 10, "options": ["The US ignored the Third World", "Local developments were viewed through a geopolitical lens", "The US unreservedly supported decolonization", "None of the above"], "probs": [[0.0007061639541096013, 0.9943724341242137, 0.0038775520197309914, 0.001043849801945722], [0.0009069835145357292, 0.9946544254492851, 0.003531522147419551, 0.0009070687887596886], [0.0030494898103694177, 0.007910469222594361, 0.9582377215397749, 0.030802319327261272], [0.007992503951634698, 0.007626740524376724, 0.0161453481187336, 0.9682354073052549], [0.004302478802532034, 0.013253236009185224, 0.9737521873563877, 0.00869209773189507], [0.003885799175545054, 0.005566284054340827, 0.009468376486843223, 0.9810795401832709], [0.9960863255860225, 0.0023563990044071286, 0.0008270978300714518, 0.000730177479498875], [0.9919583536923484, 0.004666655667494111, 0.0029200140085558616, 0.00045497653160165094], [0.9898043609835585, 0.0044435072567613285, 0.001511651775280972, 0.004240479884399206], [0.9831386349221519, 0.01126955863045351, 0.004018060211252725, 0.0015737461361418183], [0.9924359956476214, 0.005373576999742838, 0.0021042254702543814, 8.620178238130863e-05], [0.9853619653273099, 0.011294772279600426, 0.003136345518811773, 0.0002069167742778952], [0.003764971298215248, 0.009319170011725452, 0.9506279564287975, 0.03628790216126176], [0.014196577803635108, 0.010716584982244676, 0.02530838067931777, 0.9497784564348024], [0.0016118516276379098, 0.9915722050775891, 0.004116053708876735, 0.002699889485896222], [0.004088999127019171, 0.9850631685251349, 0.007404287610650649, 0.0034435446371952607], [0.0034957704940511984, 0.004488743060957742, 0.007400587147391574, 0.9846148991975995], [0.005184567214233685, 0.01547887267240544, 0.9727820155135685, 0.006554544499792414], [0.001536164615362788, 0.01189582293326622, 0.9750377670165952, 0.01153024533477579], [0.0014153311065674345, 0.0050968292953801056, 0.006858480984793232, 0.9866293585132592], [0.001806682243601969, 0.9962343124903036, 0.0018350719811960473, 0.00012393318489838074], [0.0051971217810340975, 0.9903984106593767, 0.004111216884468548, 0.0002932505751205673], [0.0019336842364196605, 0.0045667793910853976, 0.0072976472350178, 0.9862018890374772], [0.0027256790211059056, 0.014967222092787386, 0.9704666349121954, 0.011840463873911222]], "ideal": "B", "sampled": "B", "correct": true}}
{"type": "result", "data": {"idx": 11, "options": ["It was the first time the US became involved in the Balkans", "It was the first time NATO used military force", "It was the first war won by airpower alone", "It was the first war to employ 'smart weapons'"], "probs": [[0.9578979597057211, 0.03329434613369734, 0.006158762602229196, 0.0026489314583522973], [0.9267380145002055, 0.05924549656681658, 0.009228592902100348, 0.004787895930877546], [0.9428484937303993, 0.038313680299655865, 0.010806751572625953, 0.008031074297318981], [0.9604645965320678, 0.01872667786042515, 0.0071078296489151885, 0.013700895858591843], [0.9283765760468043, 0.05076515461329108, 0.01244039129358401, 0.008417877946320576], [0.9625656124297514, 0.01966825523746708, 0.00690414206032876, 0.010861990172452828], [0.7586963423275459, 0.2106861391583389, 0.016502105235868862, 0.01411541317824631], [0.751284721237114, 0.20862795488174127, 0.02098213702596315, 0.01910518675518161], [0.8385548934399859, 0.0955666491712175, 0.03627269863346963, 0.029605758655326893], [0.7801122693973398, 0.05922502220989115, 0.020789660863740535, 0.13987304742902848], [0.7958497374608622, 0.11829483463812512, 0.040247414107144636, 0.045608013693868014], [0.8125906231958873, 0.0656692181661388, 0.02002769768120336, 0.10171246085677059], [0.024336816155361672, 0.7690332949737364, 0.16893444744585126, 0.03769544132505061], [0.015440990894784234, 0.8299945861755625, 0.031192369284290918, 0.12337205354536233], [0.05559872214533339, 0.4373361267606806, 0.398200401583736, 0.10886474941024997], [0.03360631639015906, 0.176092532615747, 0.048898535978396405, 0.7414026149156975], [0.04115586201599468, 0.042464005106017236, 0.5771090172731064, 0.33927111550488176], [0.041833018278828404, 0.04968029852373882, 0.22264772325288687, 0.6858389598445459], [0.09524606167317651, 0.7261356710661498, 0.1343217491969255, 0.044296517963748144], [0.04472596464460653, 0.7684145430997227, 0.030740344863460726, 0.15611914729221002], [0.18934358169621623, 0.36498715643049057, 0.3271713809312094, 0.11849788084208382], [0.18454037214700966, 0.1437277283362504, 0.047394785124973644, 0.6243371142917663], [0.11287527938920182, 0.06954470068877774, 0.5058976260544319, 0.31168239376758855], [0.12820613287443752, 0.07537298592638504, 0.14528085181690173, 0.6511400292822757]], "ideal": "C", "sampled": "A", "correct": false}}
{"type": "result", "data": {"idx": 12, "options": ["The character of a state's leader", "The distribution of power in the international system", "The distribution of power within a state's governmental system", "A state's political ideology"], "probs": [[0.00010066791275718131, 0.9994410097573493, 0.0003799184791546549, 7.840375073881585e-05], [9.912067777020574e-05, 0.9995727104564648, 0.0002694388138369876, 5.8729951928066036e-05], [0.00018668754926883562, 0.004814864308222339, 0.9921233775741679, 0.0028750704683408465], [7.647445739454475e-05, 0.0005875888383102787, 0.0013241315521097335, 0.9980118050521855], [0.0002263260077556773, 0.000854179489606108, 0.9971392593285929, 0.0017802350740452999], [0.00027348176378079036, 0.0007093753553903272, 0.015648105866495537, 0.9833690369143333], [0.9994669662062449, 0.00037405216724898684, 0.00011955443342979356, 3.9427093076308996e-05], [0.9994306152619524, 0.00039199042498258205, 0.00013130061602430608, 4.609359704067071e-05], [0.9996230868186519, 0.0002913566734777552, 6.707434037435276e-05, 1.8482067496002602e-05], [0.9996771962748537, 0.00023781111297603723, 6.70780728877962e-05, 1.7914439282469526e-05], [0.9994800422383212, 0.0003353045142205287, 0.00013442067293308708, 5.023247452516685e-05], [0.9996236800515163, 0.00022691055260872767, 0.00011058734857415433, 3.882194730084324e-05], [0.845971494965331, 0.010484686491351855, 0.14248930420660777, 0.0010545142367093948], [0.6174820149704424, 0.004429047987659362, 0.00355876544686935, 0.37453017149502893], [0.964664551942913, 0.03513907016720618, 0.00015772205911355084, 3.865573076727001e-05], [0.987245910981741, 0.012623667805103838, 0.00010585768925521257, 2.4563423899975734e-05], [0.29870287881445756, 0.0028383954264132455, 0.003940606195293572, 0.6945181194638356], [0.9344188447520331, 0.005302110871747664, 0.05973737218371496, 0.0005416720925043318], [0.00015438609695696346, 0.0008411885988469697, 0.9974329029916529, 0.0015715222125432203], [0.00014283052064087008, 0.0004985407976308213, 0.009406458241803086, 0.9899521703399252], [9.459294209752069e-05, 0.9996947025273424, 0.0001795078856138864, 3.119654494624679e-05], [5.183825092121163e-05, 0.9997982321632712, 0.00012930809964976892, 2.0621386157784224e-05], [0.00012050114599934138, 0.02191209419305635, 0.0015384557326079398, 0.9764289488283363], [7.655317849764734e-05, 0.2907400952805485, 0.7084280671871852, 0.0007552842537685814]], "ideal": "B", "sampled": "B", "correct": true}}
{"type": "result", "data": {"idx": 13, "options": ["Leaders have incentives to lie", "If leaders revealed their programs, they would be more likely to be attacked", "Leaders will not always grant foreign monitors access to their nuclear programs", "ALL of the above"], "probs": [[0.00797225135949353, 0.004911995795645497, 0.006112918054997026, 0.9810028346898639], [0.003014733864771067, 0.004120844847664771, 0.9773129651721291, 0.015551456015435026], [0.009722764607348859, 0.0067883017497744995, 0.007003561596153098, 0.9764853719467236], [0.0007750049728096276, 0.0013816334591721057, 0.9936536587701446, 0.004189702697873728], [0.0029738411155558926, 0.9946291524734934, 0.0016682007412560512, 0.0007288055696946422], [0.0029279241126734814, 0.9946893102046687, 0.0016424401368464417, 0.0007403254458113876], [0.00772132854436803, 0.005390793482442811, 0.006604808764649458, 0.9802830691085397], [0.0036928541425112447, 0.004385597096570536, 0.9770856994626765, 0.01483584919824164], [0.007035206051672792, 0.004835703396213855, 0.007146610857725894, 0.9809824795943874], [0.004669319456955758, 0.006283511521158542, 0.9773084101756814, 0.011738758746204298], [0.005279462779911878, 0.9905051857953142, 0.0026547077567555416, 0.0015606435680183043], [0.009337412602541314, 0.9826931576010806, 0.004480199600187811, 0.0034892300961903194], [0.012044673385870362, 0.0075382412013197736, 0.008409171736364001, 0.9720079135764459], [0.0007399615689287278, 0.0012987179312957762, 0.9942616599369172, 0.0036996604628583172], [0.01301664720727556, 0.006246050155982019, 0.009230929377193458, 0.971506373159549], [0.0033298209807729605, 0.004480924837666802, 0.9828504562187673, 0.009338797862792908], [0.0013654423523499011, 0.9974876809508586, 0.0009095909963534311, 0.00023728560043802602], [0.00235600424981524, 0.9961068233210567, 0.0012809580913587632, 0.00025621423776923556], [0.9518008906910189, 0.03206516255509231, 0.0033796085536246367, 0.012754338100264146], [0.9497184511680488, 0.0362548847895263, 0.0027956632401816297, 0.011231000702243267], [0.9577263018968335, 0.02323955116384062, 0.003793679651875846, 0.015240467187450021], [0.9327714403182016, 0.03560787051538119, 0.004319703653545593, 0.027300985412871598], [0.9292837181377163, 0.053254048125295696, 0.003351627776913981, 0.014110605860074005], [0.8966209386535638, 0.08877998838542776, 0.0031343622241185205, 0.011464710636889886]], "ideal": "D", "sampled": "D", "correct": true}}
{"type": "result", "data": {"idx": 14, "options": ["the Senate.", "the president.", "the Secretary of State.", "the chairman of the Joint Chiefs."], "probs": [[0.002128421402587704, 0.3362738010381274, 0.6584023464981392, 0.0031954309611457368], [0.0008352048509885685, 0.022224496863025186, 0.0019118290206160014, 0.9750284691653702], [0.002612896720178138, 0.8739191263338615, 0.1220248709847755, 0.001443105861184922], [0.0011541468290533897, 0.9704570333010213, 0.0017057609674158564, 0.02668305880250942], [0.0007802848711554316, 0.0017043635032460134, 0.3099173012332803, 0.6875980502923182], [0.0007191296568287138, 0.002358051606750123, 0.9815468335810418, 0.01537598505537934], [0.06568329786754269, 0.01911655628780269, 0.906848610201363, 0.00835153554329164], [0.004593559363573606, 0.0016125768043520718, 0.0017989027007374056, 0.9919949610313369], [0.05164700730387277, 0.9445655316382089, 0.0027803750621762506, 0.0010070858957421367], [0.030160688938710163, 0.968091343389824, 0.0012449265598190866, 0.000503041011646649], [0.009373060395559695, 0.0017339371178542126, 0.0024072476643965945, 0.9864857547221895], [0.0018253176408102047, 0.0032541135412500707, 0.9909954126182581, 0.003925156099681656], [0.8021748102500487, 0.03259796291542205, 0.16045680715241947, 0.0047704195821097846], [0.9315002349308694, 0.013287777711026953, 0.0026577163350442507, 0.05255427092305939], [0.8191391675141076, 0.17715491028904265, 0.0025668218260170065, 0.0011391002708327465], [0.8502804600659679, 0.1477604262217801, 0.001426162974122722, 0.0005329506381292617], [0.9377250085319102, 0.013587315581296774, 0.003435393566196197, 0.045252282220596844], [0.9351468062998411, 0.01767232897073691, 0.04442795444358589, 0.0027529101858360557], [0.0005235438647517717, 0.0024590604303939617, 0.2712101373016475, 0.7258072583032067], [0.000539533046011763, 0.004413044607215114, 0.9680152244759391, 0.027032197770833977], [0.00043997280280990065, 0.18894811466528877, 0.002571749335055776, 0.8080401630968456], [0.0003102421333655648, 0.05641482680082821, 0.9394358270359405, 0.0038391039298656953], [0.00023735550881639857, 0.9900156481849396, 0.002305293740317043, 0.007441702465926935], [0.0002271468472130966, 0.9929044553726142, 0.0053755973265481975, 0.0014928003536245074]], "ideal": "B", "sampled": "C", "correct": false}}
{"type": "result", "data": {"idx": 15, "options": ["Required the United States and Russia to demobilize their armies", "Required the United States and Russia to dismantle a significant number of their nuclear weapons", "Prohibited the acquisition of new military bases", "Prohibited short-range nuclear weapons"], "probs": [[0.00020977111507898972, 0.9992641988604315, 0.00043720164899734444, 8.882827549212324e-05], [0.00016727161749857905, 0.9994262480618556, 0.0003249547451997821, 8.152547544594697e-05], [0.0012541061565227141, 0.005363277087917015, 0.9906002150639724, 0.0027824015915878294], [0.0007991109511453267, 0.0018292641502800052, 0.004320018019884989, 0.9930516067786896], [0.0024093330330270794, 0.008279230911288871, 0.9873139817514306, 0.0019974542042533907], [0.0003906034824897306, 0.0006145363319483358, 0.003024724897272623, 0.9959701351882894], [0.9944724984614656, 0.005218923064595808, 0.00025780533771251784, 5.077303622607135e-05], [0.9965633571933269, 0.003222035804799786, 0.0001720963657630764, 4.251053611020859e-05], [0.9956289211761864, 0.004133286506440947, 0.00019789540603893329, 3.989681133369088e-05], [0.9944550264042524, 0.005300911221549917, 0.0001842406501876913, 5.9821624009983803e-05], [0.9968849399466111, 0.0029346338053540953, 0.00015074018096104393, 2.9685967073779842e-05], [0.9939484678977016, 0.005818954600656351, 0.0001914825537620967, 4.109484787991255e-05], [0.000604672882621143, 0.0023545038471802044, 0.9954476974154993, 0.0015931257546992817], [0.0005008119933050386, 0.0014492032204548855, 0.003531099625441101, 0.994518885060799], [0.00021988827520377904, 0.9994874141031026, 0.0002570779797432766, 3.561954195035118e-05], [0.00016215120297271305, 0.9995806652127432, 0.00021650165960015162, 4.068182468385084e-05], [0.0002160101859130823, 0.0003617649477219901, 0.0020817280670696503, 0.9973404966992953], [0.0011445882697101086, 0.00529262210687182, 0.9929501193520062, 0.0006126701714119246], [0.0009216592425185465, 0.002794952170410652, 0.9950623649702408, 0.0012210235168299938], [0.00026464664315921024, 0.0004295816558654639, 0.002017567714714634, 0.9972882038862607], [0.00023043450762487032, 0.9994596668708244, 0.00028013866575231453, 2.9759855798370708e-05], [0.0002131270609947534, 0.9995049313165204, 0.0002530959628411817, 2.8845559643615974e-05], [0.0001656943475705002, 0.00029539604665537907, 0.0017537704923831937, 0.9977851390133909], [0.000695429114205634, 0.004129023017730578, 0.994666748933363, 0.0005087988347007435]], "ideal": "B", "sampled": "B", "correct": true}}
