{"type": "result", "data": {"idx": 0, "options": ["middle ages", "chess board", "kids story", "fairy tale", "castle"], "probs": [[0.5481981171241856, 0.1301783205668056, 0.1595942267517686, 0.13249868474038212, 0.029530650716858068], [0.02570192620472497, 0.17026984150758273, 0.6950871127586846, 0.05365333163181855, 0.05528778779718907], [0.0664441855032305, 0.8226263169859169, 0.0323984758054757, 0.05871262149225472, 0.019818400113122175], [0.42190301329480806, 0.2991305670102098, 0.22943569540919762, 0.021691695140412682, 0.027839029045371843], [0.3166974106818468, 0.18626481086350602, 0.01706616511667497, 0.35971351953239783, 0.12025809370557435]], "ideal": "D", "sampled": "D", "correct": true}}
{"type": "result", "data": {"idx": 1, "options": ["counter", "coffee table", "school room", "backpack", "bedside table"], "probs": [[0.35975978610733966, 0.2186557221995255, 0.14542653288420926, 0.10339390614227222, 0.17276405256665334], [0.1443724360987049, 0.1403379913342103, 0.040167924760883204, 0.5465752583675245, 0.12854638933867701], [0.10175401640594202, 0.047916337485913486, 0.1382415880255622, 0.5030944905441485, 0.20899356743843384], [0.14854214479285074, 0.12059967937453667, 0.2549335214201101, 0.2804819512374032, 0.19544270307509926], [0.21577830851652724, 0.5967496699624886, 0.04972895289902373, 0.05510300831433335, 0.08264006020762707]], "ideal": "B", "sampled": "A", "correct": false}}
{"type": "result", "data": {"idx": 2, "options": ["cleanness", "wetness", "exfoliation", "use water", "hygiene"], "probs": [[0.09611293260798329, 0.02318654296074937, 0.025111800843999537, 0.025096977914538465, 0.8304917455727293], [0.0007687998352417779, 0.0013195286336272634, 0.0018452447277643596, 0.994559257764252, 0.00150716893911453], [0.00040039834497176773, 0.000982419471718043, 0.9967465416341501, 0.0005777107335490614, 0.0012929297156109916], [0.002358219927374818, 0.9965830514780035, 0.00040372074776884494, 0.0001279449139175762, 0.0005270628329352235], [0.9948911719731793, 0.003672798649364876, 0.0008266224802620572, 0.0003210127487139945, 0.00028839404847968774]], "ideal": "A", "sampled": "E", "correct": false}}
{"type": "result", "data": {"idx": 3, "options": ["table", "meeting", "drawer", "toilet", "garage"], "probs": [[0.7621331749678104, 0.07660851711918264, 0.14548851784941777, 0.005864783150030144, 0.009905006813559054], [0.003971593754382172, 0.014299558624075738, 0.0008013591891846655, 0.009100682789352261, 0.9718268055430052], [0.003962599269979965, 0.005334067243561073, 0.0019935348855093333, 0.9858076729805507, 0.0029021255203988887], [0.0021567855057881584, 0.0039337385824173435, 0.9865517968975178, 0.002642548651046766, 0.004715130263229907], [0.002728505928869018, 0.9945657621383184, 0.0007017463634087375, 0.001052010081813479, 0.000951975387590365]], "ideal": "A", "sampled": "A", "correct": true}}
{"type": "result", "data": {"idx": 4, "options": ["damage", "wonderful", "exhaustion", "orgasm", "lazy"], "probs": [[0.0056805386604598445, 0.03647156025410471, 0.20986838441228653, 0.7327711513206435, 0.015208365252505393], [0.002638640258840251, 0.09595949725743565, 0.8964526545799161, 0.0016641854051353212, 0.0032850223986727292], [0.0026390267506191446, 0.9923198457741891, 0.0006992396993139492, 0.00022179498693550049, 0.004120092688942322], [0.9246692398196432, 0.05467166225796547, 0.004183815674890109, 0.007116382742062585, 0.009358899405438558], [0.010794584345349153, 0.00861111241009182, 0.005181161527007291, 0.2807998823007959, 0.6946132593167559]], "ideal": "B", "sampled": "D", "correct": false}}
{"type": "result", "data": {"idx": 5, "options": ["enemies", "perform better", "sweat", "tension", "frostbite"], "probs": [[0.0053359776741931835, 0.046801961147355284, 0.41085492852615996, 0.5038072975589606, 0.03319983499333099], [0.0016437842935124582, 0.06357946050823761, 0.9059953410223809, 0.026113606184206037, 0.0026678078916630575], [0.002130648639101503, 0.9580387562654936, 0.036011749108156375, 0.0009528849151682959, 0.002865960972080156], [0.0006695541014743682, 0.9949547482045533, 0.0008660813575419625, 0.0002925392949949325, 0.003217076941435382], [0.6973635266068285, 0.19658520195324805, 0.009645057336524682, 0.007755894090581859, 0.08865031991281681]], "ideal": "D", "sampled": "D", "correct": true}}
{"type": "result", "data": {"idx": 6, "options": ["free will", "choice", "will", "alcohol", "freedom"], "probs": [[0.02782535377130337, 0.9659707531815033, 0.0022330473628558866, 0.0011859130296176818, 0.0027849325547197735], [0.0031422765337766386, 0.02306352934691676, 0.001038196997781564, 0.08053783444350204, 0.892218162578023], [0.000881937907355454, 0.0039038131627351443, 0.0044814515494427535, 0.984835259057628, 0.005897538222838649], [0.0013394495019430578, 0.020798462616166993, 0.9651455199628194, 0.006698878372045364, 0.006017689447025177], [0.0015755638429667258, 0.9922819857942786, 0.00496682873598193, 0.0005114864081994078, 0.0006641351185732581]], "ideal": "B", "sampled": "A", "correct": false}}
{"type": "result", "data": {"idx": 7, "options": ["bathtub", "washing area", "hotel", "shower stall", "department store"], "probs": [[0.040107070583892096, 0.48105326804379206, 0.04839568936235022, 0.41177177436089585, 0.018672197549069763], [0.0880601634447515, 0.29325542014841405, 0.5480808049716382, 0.04866603043560936, 0.021937580899586858], [0.09646474461263534, 0.1747305820551435, 0.022931307295674535, 0.6812623662424289, 0.024610999694117733], [0.2487290981211952, 0.4297221318697988, 0.19075243077574663, 0.12321673488177674, 0.007579604251482598], [0.01342259471065274, 0.11778484480279564, 0.7216865083558337, 0.10238141833798584, 0.04472463369273212]], "ideal": "A", "sampled": "B", "correct": false}}
{"type": "result", "data": {"idx": 8, "options": ["new york city", "subdivision", "ring", "hazleton", "live in"], "probs": [[0.9706657029101359, 0.02356091826953565, 0.002884745747900675, 0.0008391814721731013, 0.002049451500254648], [0.002116439320801297, 0.002787101213174886, 0.006519528332546804, 0.03532113377922486, 0.9532557972542521], [0.001008700117870087, 0.0016664367935806822, 0.0019155547566845224, 0.9936748187661559, 0.0017344894657088101], [0.0005385958920350626, 0.0013747193947449168, 0.9906954852693504, 0.0025860485065414313, 0.004805150837328175], [0.0008536173540710242, 0.9955255116386237, 0.0013843559876648285, 0.0002810059031902369, 0.0019555090164502477]], "ideal": "A", "sampled": "A", "correct": true}}
{"type": "result", "data": {"idx": 9, "options": ["very entertaining", "fun", "slow", "competitive", "violent"], "probs": [[0.04452688958403081, 0.049398913606539856, 0.6098377658574069, 0.19824027865453797, 0.09799615219748442], [0.0508150415353135, 0.18625895468973847, 0.4388939092738062, 0.22455399975296175, 0.09947809464818005], [0.011334880201247078, 0.056319977820248154, 0.8796139913680797, 0.0287427789095788, 0.02398837160084621], [0.03391500132706797, 0.8629233095559522, 0.06741507982769042, 0.01640900383039939, 0.01933760535889002], [0.07442261912044792, 0.8153166648628092, 0.061229172175525516, 0.01869253972443963, 0.03033900401677779]], "ideal": "E", "sampled": "E", "correct": true}}
{"type": "result", "data": {"idx": 10, "options": ["night sky", "galaxy", "outer space", "hollywood", "eat cake"], "probs": [[0.023785340253037947, 0.08558822633595954, 0.8654166672757065, 0.0048705037949098124, 0.02033926224038614], [0.25290221809490915, 0.66673668436479, 0.007183892423526213, 0.01496663273284997, 0.05821057228392456], [0.7254681870264628, 0.04161955578583523, 0.012909574937835329, 0.10156045505277267, 0.11844222709709397], [0.002494823042221079, 0.003689928575324454, 0.9238623704543388, 0.04119186992810121, 0.028761007900014388], [0.0021323630400860343, 0.9822203002566663, 0.0099295121074095, 0.0045105039573867375, 0.0012073205384514293]], "ideal": "C", "sampled": "C", "correct": true}}
{"type": "result", "data": {"idx": 11, "options": ["new perspective", "entertained", "understanding", "hunger", "tired eyes"], "probs": [[0.5478050363122859, 0.0729068774527672, 0.3766406052611473, 0.002153833029521998, 0.0004936478442776001], [0.019529560994954533, 0.46580863986663223, 0.0016292530690266045, 0.0016174707904699909, 0.5114150751789166], [0.0037329192574870568, 0.0046488177406818305, 0.0014747360374700997, 0.9897171338877487, 0.00042639297661229943], [0.000812467824952663, 0.005414591694427965, 0.9860924931868448, 0.002171938144027055, 0.0055085090497475325], [0.0007551199063558808, 0.9986584347773132, 0.00044406171208003533, 8.747991664929285e-05, 5.4903587601567195e-05]], "ideal": "A", "sampled": "A", "correct": true}}
{"type": "result", "data": {"idx": 12, "options": ["initiate", "ignore", "question", "answer", "ask"], "probs": [[0.010404874997054493, 0.42903948728356406, 0.016499859411488894, 0.5257855398605542, 0.018270238347338378], [0.04548199592735307, 0.20388028374434589, 0.20382525375913754, 0.44590348489388115, 0.10090898157528237], [0.022502816540648833, 0.12950822323731243, 0.20056291814935517, 0.5899482789061125, 0.05747776306657116], [0.01850489785449464, 0.12846763933249447, 0.44842230042963066, 0.38378943510162383, 0.020815727181756376], [0.02381708073582285, 0.12677122509585073, 0.5952782563797603, 0.1628445517536067, 0.09128888593495944]], "ideal": "A", "sampled": "B", "correct": false}}
{"type": "result", "data": {"idx": 13, "options": ["hair brush", "ladies bathroom", "art supplies", "shower", "hair salon"], "probs": [[0.22034825041502928, 0.589866788097847, 0.12562065480395057, 0.020068326146967193, 0.04409598043620599], [0.008775575117901403, 0.040654923323162964, 0.009798472673740148, 0.8574090316825946, 0.0833619971026009], [0.02332347715935788, 0.14985299653203835, 0.37084869893573197, 0.4419107895224085, 0.014064037750463335], [0.003827229666279949, 0.015017494788557451, 0.960037186497385, 0.009859205374138676, 0.011258883573638896], [0.004425900234789548, 0.9864368835068097, 0.0033168018731247095, 0.003675997637763797, 0.002144416647512247]], "ideal": "C", "sampled": "A", "correct": false}}
{"type": "result", "data": {"idx": 14, "options": ["plastic bag", "pantry", "supermarket", "toaster", "prison"], "probs": [[0.005112342766858349, 0.014566377461799658, 0.0017131788962569323, 0.9748358569805201, 0.0037722437945648863], [0.0005596174180306319, 0.0014623910008860202, 0.9732719695089233, 0.020504864007064853, 0.004201157965095281], [0.0009008953580262031, 0.9956401748948377, 0.0009015402406347705, 0.0019076777744685873, 0.0006497116320327423], [0.4251762235072606, 0.1800206114167122, 0.027189742163314216, 0.35835879236544527, 0.009254630447267705], [0.027050468565729242, 0.13314146471707441, 0.46485307165622025, 0.07955120158123145, 0.2954037933797446]], "ideal": "D", "sampled": "D", "correct": true}}
{"type": "result", "data": {"idx": 15, "options": ["oven", "freezer", "plate", "tupperware", "grill"], "probs": [[0.0028357883173517227, 0.9948854888154297, 0.000564361705255368, 0.0006849189587250692, 0.0010294421032381565], [0.915310402291017, 0.04559390419366853, 0.019624243560762533, 0.004186355325199471, 0.01528509452935246], [0.0061929486859538495, 0.008756363515188208, 0.002711467423284664, 0.10524249896664076, 0.8770967213089325], [0.002946832261235692, 0.00345120863549427, 0.0041276608278186305, 0.9884847550030601, 0.0009895431723912548], [0.0007333746078461214, 0.001640095818445536, 0.9942690592517821, 0.000987339052679701, 0.0023701311692465787]], "ideal": "B", "sampled": "B", "correct": true}}
{"type": "result", "data": {"idx": 16, "options": ["jungle", "zoo", "kill", "india", "eat cake"], "probs": [[0.007963397398442389, 0.9206047490329115, 0.018202852133839664, 0.015834027619523284, 0.037394973715283206], [0.047653606687928576, 0.0762877666421008, 0.01865930616689593, 0.8082110655185646, 0.04918825488451012], [0.002902675371095697, 0.026260057021397464, 0.8973078576401908, 0.03648432655200795, 0.037045083315308036], [0.010777456127753448, 0.72057642781235, 0.1070286501649933, 0.15596986499328666, 0.005647600801616673], [0.02144287360098802, 0.2822347011343039, 0.6664328040487788, 0.010050563234301714, 0.019839057881627584]], "ideal": "B", "sampled": "E", "correct": false}}
{"type": "result", "data": {"idx": 17, "options": ["picture of sea side", "seaside town", "beach", "california", "see side picture"], "probs": [[0.012653736608813873, 0.0323164332893003, 0.9029860578671964, 0.03500451693401289, 0.017039255200676486], [0.07795620099018201, 0.7517424233005556, 0.14794014725568022, 0.00548547277099573, 0.016875755582586405], [0.23726657096885462, 0.7203462739323193, 0.018026070717855055, 0.008196550443498003, 0.01616453383747297], [0.2555272445669745, 0.0987263642817018, 0.04377231145654856, 0.05216197024409549, 0.5498121093506797], [0.008581847622947517, 0.01608625738836673, 0.021943490804077186, 0.8937462074483895, 0.05964219663621903]], "ideal": "D", "sampled": "C", "correct": false}}
{"type": "result", "data": {"idx": 18, "options": ["west virginia", "kentucky", "rocky hills", "scotland", "canyon"], "probs": [[0.034929330323183835, 0.9448907682237871, 0.004514718290100072, 0.003771585064079257, 0.011893597998849675], [0.3014333461193071, 0.047787978897574544, 0.009864874881386066, 0.031453045445544836, 0.6094607545561874], [0.001413323520783077, 0.0010070613851006016, 0.0012006372574763526, 0.9129556869313702, 0.08342329080526971], [0.0007133605756198674, 0.001620004669457336, 0.9740496770578426, 0.0167434491302085, 0.006873508466871663], [0.004047852005360194, 0.20747540869773096, 0.7592409245290199, 0.012471188778234391, 0.01676462588965454]], "ideal": "B", "sampled": "A", "correct": false}}
{"type": "result", "data": {"idx": 19, "options": ["office building", "office supply store", "desk drawer", "with dwight", "desktop"], "probs": [[0.004996694211778666, 0.042156786173839576, 0.9304902652285317, 0.010174993533566495, 0.012181260752283546], [0.013182961812143448, 0.9536806137823942, 0.013187593279785335, 0.008125884366315467, 0.011822946659361571], [0.2217532404355727, 0.5843227526867295, 0.03455743206154476, 0.02693172926533515, 0.13243484545081788], [0.02551217420886818, 0.11985545065669012, 0.0055653728566708235, 0.042796031373675346, 0.8062709708040955], [0.008521527178054156, 0.020454190974189716, 0.023174427792711658, 0.8838509452032972, 0.0639989087517473]], "ideal": "C", "sampled": "C", "correct": true}}
{"type": "result", "data": {"idx": 20, "options": ["work", "tacos", "mass", "play sports", "wrestle"], "probs": [[0.027326072823437512, 0.01581845795411287, 0.01878193230537249, 0.9350515455992753, 0.003021991217801778], [0.00042903426116545684, 0.002952608770983869, 0.9805787112981798, 0.00426418164595585, 0.011775463923715047], [0.0014851142851416235, 0.9951486848926117, 0.0015440592023060438, 0.0010450696221229435, 0.0007770718978177516], [0.9141194583243059, 0.0631815476714894, 0.018113044551963116, 0.003150463488173075, 0.0014354858640685056], [0.005066012744934253, 0.06464820076066922, 0.0026700795872342973, 0.021385355860582603, 0.9062303509465797]], "ideal": "D", "sampled": "D", "correct": true}}
{"type": "result", "data": {"idx": 21, "options": ["math class", "math book", "in pythagorus' band", "orchestra", "music class"], "probs": [[0.00942414991014706, 0.014744677455830113, 0.09447038093546675, 0.49593358811302785, 0.3854272034855282], [0.002892294652211905, 0.027874479320623972, 0.8949921213516582, 0.06907865183660096, 0.005162452738904938], [0.004151078231370069, 0.06481887126340177, 0.9250112381241462, 0.0022906797436073253, 0.003728132537474574], [0.0211895841628906, 0.974271422693754, 0.0023810599086905057, 0.0009757300185860543, 0.0011822031160788292], [0.7379086585427942, 0.0909476872779837, 0.032965730749627026, 0.03511623279728414, 0.10306169053231093]], "ideal": "E", "sampled": "E", "correct": true}}
{"type": "result", "data": {"idx": 22, "options": ["believe in god", "smoke marijuana", "desire to travel", "use weapons", "throw away"], "probs": [[0.0003417769217810635, 0.0010566160432759605, 0.9924025804262845, 0.0012669285807065192, 0.0049320979279519166], [0.00038634248131222317, 0.9985047857683372, 0.00037660346683584584, 0.00013889465039844455, 0.0005933735331162688], [0.9938743850031275, 0.004093048711150529, 0.001163958844215349, 0.0006584236116350876, 0.00021018372987147472], [0.000533264637431445, 0.0008928584977591546, 0.0009729113836154668, 0.011149978199811615, 0.9864509871813824], [0.000711858302388446, 0.0012114558584577393, 0.002192513231347941, 0.9956256946477328, 0.00025847786007306774]], "ideal": "C", "sampled": "C", "correct": true}}
{"type": "result", "data": {"idx": 23, "options": ["mall", "grocery store", "grocery store", "shop", "supermarket"], "probs": [[0.9342495711157978, 0.04106300396113199, 0.008341894805678682, 0.011771584930519219, 0.004573945086872379], [0.0008935804568104923, 0.00719342163906855, 0.9724007994017771, 0.015719751072636103, 0.00379244732970774], [0.00128891734729956, 0.978991273046035, 0.01684197518609222, 0.0011560243594949577, 0.0017218099610782757], [0.015850334929896865, 0.07801448342316154, 0.8933330532139359, 0.008495505668891722, 0.004306622664114016], [0.008931941007024404, 0.978061263308209, 0.003964914734569154, 0.0022417652959038927, 0.006800115554293608]], "ideal": "A", "sampled": "A", "correct": true}}
{"type": "result", "data": {"idx": 24, "options": ["digestive", "feel better", "sleepiness", "indigestion", "illness"], "probs": [[0.08332966158546953, 0.606370197289854, 0.042611248315821415, 0.2416446393252481, 0.026044253383606948], [0.027638226169109045, 0.25235132555521117, 0.6151405858723252, 0.07587853426651965, 0.028991328036834935], [0.061664750603833564, 0.8514621406290831, 0.02253065455282323, 0.02720382861256497, 0.03713862550169515], [0.11362999744292278, 0.788976204973466, 0.03810893144173219, 0.03936242822238997, 0.019922437819489113], [0.3147378710127425, 0.4104719352717722, 0.24145076800753626, 0.015567521356702333, 0.017771904251246685]], "ideal": "D", "sampled": "D", "correct": true}}
{"type": "result", "data": {"idx": 25, "options": ["club", "assembly hall", "meditation center", "meeting", "church"], "probs": [[0.9773705290116226, 0.020608286041813133, 0.0014815308817669789, 0.0004630256870020918, 7.662827779519093e-05], [0.000627825271276553, 0.0003623141393679875, 0.00044570371520037157, 0.020039945898321972, 0.9785242108758331], [0.0003504765198654466, 0.0005620527442365348, 0.00031672003598330395, 0.9982897246918188, 0.00048102590809591666], [0.0009032510158786497, 0.003101249117143089, 0.9901657803488148, 0.002695663069954434, 0.003134056348209115], [0.0015458102477010557, 0.9967850540827338, 0.0008946178751169123, 0.0001581436336341381, 0.0006163740608140755]], "ideal": "A", "sampled": "A", "correct": true}}
{"type": "result", "data": {"idx": 26, "options": ["forest", "valley", "outdoors", "countryside", "woods"], "probs": [[0.010830230750105037, 0.9759283426823613, 0.004553664831681349, 0.0035224418704574018, 0.005165319765394921], [0.8685545389123037, 0.06493310678051106, 0.028371796220473918, 0.019233597583885854, 0.01890696040282544], [0.06477508093011265, 0.04058542192884935, 0.04317538536300261, 0.5699136383987342, 0.28155047327930116], [0.01769315281420177, 0.01975517365655912, 0.07223283566029036, 0.8819499097064142, 0.008368928062534588], [0.008404429801539165, 0.007474378970079851, 0.935546554665183, 0.02164498292443233, 0.02692965353876565]], "ideal": "B", "sampled": "B", "correct": true}}
{"type": "result", "data": {"idx": 27, "options": ["music store", "create music", "zoo", "music room", "symphony"], "probs": [[0.1350675159711264, 0.20611414803185776, 0.03552134535189342, 0.38608966384258253, 0.23720732670253988], [0.30125200044024114, 0.18848748064374019, 0.46660079461045495, 0.0313036620747738, 0.012356062130789948], [0.03897497337493419, 0.8073419736009948, 0.1403043385661899, 0.007799212634826679, 0.005579501723054435], [0.5747156081562307, 0.42041566517156737, 0.0037265894534936634, 0.0008125370281233955, 0.00032960009058481866], [0.9110612725718061, 0.08085942669980545, 0.006337593158692718, 0.0011449202998157066, 0.0005967871698799868]], "ideal": "E", "sampled": "D", "correct": false}}
{"type": "result", "data": {"idx": 28, "options": ["boat", "necessary to live", "edible", "unhealthy", "kitchen"], "probs": [[0.0129602415046261, 0.04324956471348311, 0.26865038075722336, 0.6666335270423096, 0.008506285882357823], [0.0016653820373242153, 0.009658297113277186, 0.9697610662710057, 0.0024990131097607604, 0.01641624136863213], [0.019082179213282386, 0.9638068542274136, 0.00712925658894106, 0.004428659148320014, 0.005553050722042928], [0.21642896492001282, 0.17955159853066865, 0.05062031339782034, 0.14918998882701626, 0.4042091342244819], [0.038825252424659215, 0.0499648606376951, 0.04833589560163121, 0.769743453315268, 0.09313053792074659]], "ideal": "D", "sampled": "D", "correct": true}}
{"type": "result", "data": {"idx": 29, "options": ["most offices", "fish department", "fancy restaurant", "government submarine", "chesapeake bay"], "probs": [[0.011350375690432369, 0.975002436178546, 0.0038345257011974535, 0.004274920945185782, 0.005537741384638351], [0.7882535139741333, 0.12087437937059219, 0.03204321974348438, 0.029191595601054103, 0.02963729121073595], [0.044301568867789944, 0.08542765535724264, 0.13228454630768072, 0.31762626031925056, 0.42035996904803613], [0.013404601746610952, 0.035325499959117226, 0.14187961352894018, 0.8045686220319088, 0.004821662633422842], [0.0040809003955381085, 0.012963735304016866, 0.9681693170269341, 0.0038637606778787084, 0.01092228649563216]], "ideal": "B", "sampled": "B", "correct": true}}
{"type": "result", "data": {"idx": 30, "options": ["case", "jewelry store", "shopping", "jewelery box", "hock"], "probs": [[0.0029298989489430593, 0.9957840574250358, 0.0007888454815310646, 0.000192084628716656, 0.00030511341577340575], [0.5491167881941161, 0.4084792717566926, 0.015611504144852711, 0.017878144911087836, 0.00891429089325077], [0.01565160786981491, 0.1408684252239819, 0.009275674810380077, 0.011539435933550378, 0.8226648560622727], [0.002839245331813885, 0.03229324851238512, 0.01062971246927746, 0.9462551354653689, 0.007982658121154628], [0.00048569126445880117, 0.00280637849054232, 0.993012057233412, 0.0017713762114671165, 0.0019244967001197657]], "ideal": "B", "sampled": "B", "correct": true}}
{"type": "result", "data": {"idx": 31, "options": ["dishwasher", "water fountain", "sand box", "toilet", "kitchen cabinet"], "probs": [[0.0023963493778028457, 0.002740002525319205, 0.0016879276712715504, 0.8812546311623084, 0.11192108916329803], [0.045648412527272676, 0.06854269150389597, 0.7730229173711204, 0.09086740337610665, 0.021918575121604247], [0.013982497707946418, 0.28308375902490235, 0.6283886262301888, 0.031789715471383984, 0.0427554014655785], [0.08117271989209114, 0.8866503270821626, 0.0052799359155379375, 0.018129855460089394, 0.008767161550118849], [0.15150214052910901, 0.04446765953747338, 0.010828073582695623, 0.3264539989597679, 0.46674812729095405]], "ideal": "E", "sampled": "D", "correct": false}}
{"type": "result", "data": {"idx": 32, "options": ["office building", "internet cafe", "house", "school", "internet cafe"], "probs": [[0.318437999868026, 0.5957484402432155, 0.019444391561490706, 0.015057746142913813, 0.051311422084353984], [0.08367532182189957, 0.26221798235182797, 0.18001746578295608, 0.32236014494444704, 0.1517290849988693], [0.009388555924790385, 0.03309971564502572, 0.09121188509496714, 0.8561050181414278, 0.010194825093788938], [0.006088850318136557, 0.025608564666001934, 0.9478025665175392, 0.010363372572518214, 0.01013664582580401], [0.021676889317825708, 0.9663979925647247, 0.008098876103145618, 0.0015982398271663198, 0.002228002087137688]], "ideal": "A", "sampled": "A", "correct": true}}
{"type": "result", "data": {"idx": 33, "options": ["last word", "conclusion", "ikea instructions", "afterword", "epilogue"], "probs": [[0.040309218596287506, 0.7973966211543939, 0.014610282367744063, 0.10976691756428607, 0.03791696021728848], [0.035480533320343906, 0.13389839430153097, 0.747442375755703, 0.06741308520675725, 0.0157656113156648], [0.02528980400187695, 0.8116526088868008, 0.14784798578402206, 0.0027743818341234125, 0.012435219393176827], [0.02346288066794202, 0.9670680698940463, 0.002512793816901969, 0.005115923123423283, 0.0018403323976864394], [0.007590735525748434, 0.011390962697409015, 0.9493174782574662, 0.005598572569773899, 0.026102250849602507]], "ideal": "E", "sampled": "B", "correct": false}}
{"type": "result", "data": {"idx": 34, "options": ["fish market", "pet shop", "fishmongers", "intertidal zone", "obesity"], "probs": [[0.07030203051954295, 0.5978988884771009, 0.04987640205985114, 0.2782209161560764, 0.0037017626874285086], [0.006164037550800135, 0.01178217855943479, 0.9664729587091171, 0.0032224391571766993, 0.01235838592347125], [0.4532886954297101, 0.5381786235235724, 0.004884715740284271, 0.0024944809736953347, 0.0011534842327378515], [0.31730229275463756, 0.07896313227198162, 0.3889283843747977, 0.055199209207795835, 0.1596069812907873], [0.022707393263762306, 0.3037720603353813, 0.025741547199698855, 0.18443791463372172, 0.4633410844674358]], "ideal": "C", "sampled": "D", "correct": false}}
{"type": "result", "data": {"idx": 35, "options": ["brush hair", "theater", "house", "dwelling", "bathhouse"], "probs": [[0.005603759874001073, 0.009414305375196422, 0.005922040805735912, 0.22090545431101394, 0.7581544395340526], [0.0010212052888650088, 0.00786695500163155, 0.007602448661043018, 0.9830005285968001, 0.0005088623516602672], [0.0008480179942652782, 0.004536511906666463, 0.9895877382798636, 0.0026262971014690785, 0.0024014346177356365], [0.001307922259328219, 0.9966227996849065, 0.001126524941954504, 0.00031596490987714803, 0.0006267881039335496], [0.1801404403751622, 0.49789084297370445, 0.03900764611365802, 0.23201558596596486, 0.050945484471510476]], "ideal": "E", "sampled": "E", "correct": true}}
{"type": "result", "data": {"idx": 36, "options": ["poisonous gas", "homicide", "cinder", "nuclear weapons", "cyanide"], "probs": [[0.241372270549745, 0.48767301072017516, 0.042360961117375494, 0.05221331825171326, 0.1763804392609911], [0.12352340989317023, 0.09782408431970568, 0.02204569858956376, 0.253436780598962, 0.5031700264985983], [0.07069312088000994, 0.07031700066755132, 0.11588617499419135, 0.5237711706514748, 0.21933253270677255], [0.10749158126227468, 0.1612828688600938, 0.06377945317007587, 0.5338652291917582, 0.13358086741579747], [0.2777735857636586, 0.5265971362817021, 0.039431292119054676, 0.055811292793854876, 0.10038669294172967]], "ideal": "B", "sampled": "A", "correct": false}}
{"type": "result", "data": {"idx": 37, "options": ["players", "play games", "casino", "table", "toy store"], "probs": [[0.009123231746476638, 0.03664750046409087, 0.2544208595888863, 0.6931301110434968, 0.006678297057049454], [0.01351831003733323, 0.044291533154081957, 0.904925875140821, 0.020952366114760715, 0.01631191545300305], [0.03298885914143574, 0.934210480477277, 0.012726486796474912, 0.015605203763372965, 0.004468969721439459], [0.24197031062155153, 0.05837515262581276, 0.4594114641868157, 0.08643933421378698, 0.153803738252033], [0.0038443333400627307, 0.012328942846379346, 0.0035034373392720335, 0.9215702322241193, 0.05875305415016658]], "ideal": "D", "sampled": "D", "correct": true}}
{"type": "result", "data": {"idx": 38, "options": ["read book", "own house", "apartment", "more rice", "warm coat"], "probs": [[0.727103514386454, 0.19565890045049814, 0.008739820907225429, 0.007843757441791275, 0.06065400671403108], [0.0210489322853212, 0.055458397810464084, 0.02241911075696091, 0.8420195782637316, 0.05905398078352221], [0.002365718564601543, 0.009062406487905645, 0.9696369639793118, 0.011647455241237758, 0.007287455626943276], [0.011803175725210653, 0.07572026211516654, 0.8952665523915337, 0.009344614623538337, 0.007865395044550763], [0.010612582236629153, 0.9855689163321412, 0.0014486138762036607, 0.0009210314349442531, 0.0014488560200817328]], "ideal": "E", "sampled": "A", "correct": false}}
{"type": "result", "data": {"idx": 39, "options": ["gap", "shopping mall", "bedroom", "laundromat", "bathroom"], "probs": [[0.6319588700368673, 0.32810909882828426, 0.007970699638804767, 0.017970188546628026, 0.01399114284941554], [0.008364575715554113, 0.005036174665239445, 0.001584677220713885, 0.002637603024447255, 0.9823769692740453], [0.0013744820309556775, 0.00221794694664679, 0.0004943379046752247, 0.9671907438182473, 0.028722489199475003], [0.0016346708425901558, 0.0034091739352233204, 0.9529227868143575, 0.031111831507153985, 0.010921536800675079], [0.00382441421669275, 0.7759935006460487, 0.18135512578924512, 0.0047274433207325885, 0.034099515927280916]], "ideal": "B", "sampled": "A", "correct": false}}
{"type": "result", "data": {"idx": 40, "options": ["theater", "opera", "show", "television", "blockbuster feature"], "probs": [[0.7391765764583422, 0.225438104631919, 0.02050242214609565, 0.005107325071242212, 0.009775571592400915], [0.07214007169830633, 0.13273263811219307, 0.014220752049957588, 0.03996034141426086, 0.7409461966252822], [0.14838778667108685, 0.18758342773935102, 0.11566406995334767, 0.5387726315196155, 0.009592084016598956], [0.001172454799119316, 0.005247232057550466, 0.985851410625084, 0.0036629417578302897, 0.004065960660415947], [0.01443017811557753, 0.9585548519899701, 0.008906288515338796, 0.012265079333320997, 0.005843601945792559]], "ideal": "A", "sampled": "A", "correct": true}}
{"type": "result", "data": {"idx": 41, "options": ["baggage compartment", "movie", "subway", "airplane", "cargo hold"], "probs": [[0.05115330537011543, 0.8926993024959657, 0.01215354237794752, 0.025746995332231522, 0.018246854323739778], [0.21333229062810413, 0.17690626879712043, 0.03171665150243306, 0.35789760143685023, 0.22014718753549212], [0.057521867955666925, 0.07161055437867095, 0.027603422963062185, 0.5465285130553243, 0.29673564154727555], [0.11854704512419113, 0.3539390576796162, 0.28887468681156736, 0.20190204753161325, 0.03673716275301206], [0.06495470717304726, 0.4169459267784113, 0.4874952297174498, 0.010783678818129883, 0.01982045741296176]], "ideal": "B", "sampled": "B", "correct": true}}
{"type": "result", "data": {"idx": 42, "options": ["eat", "think", "reading", "meditate", "fall asleep"], "probs": [[0.0070653670021391755, 0.9853842975576561, 0.002317065308859169, 0.0019683299156003334, 0.0032649401157451735], [0.016449313570848185, 0.9712359881658333, 0.0048359017701735665, 0.0028666560468501925, 0.004612140346294664], [0.30732030646492925, 0.09819234472512864, 0.009306565220862564, 0.019753819955055443, 0.5654269635340241], [0.006788978936036302, 0.027946297507689264, 0.006906043383689674, 0.942559849524872, 0.01579883054771268], [0.006009844476490321, 0.018354389447169227, 0.9511750745099078, 0.011424355910299036, 0.013036335556133668]], "ideal": "E", "sampled": "B", "correct": false}}
{"type": "result", "data": {"idx": 43, "options": ["eyes", "animal", "fingertips", "brainstem", "human body"], "probs": [[0.0074060254015373556, 0.9781809127749328, 0.00879785815737261, 0.0025439067526534472, 0.0030712968135037932], [0.7782382788641914, 0.17369193775158595, 0.037569964467570084, 0.007702586190703269, 0.0027972326259493286], [0.145940372091265, 0.17890309861915998, 0.18451837803177878, 0.12908374541206233, 0.3615544057457339], [0.041827923596052384, 0.11384386785934862, 0.02294542197518574, 0.8041615182666775, 0.01722126820273576], [0.06835485726758507, 0.139217937493602, 0.7183373288742279, 0.04391119084415497, 0.03017868542043008]], "ideal": "B", "sampled": "B", "correct": true}}
{"type": "result", "data": {"idx": 44, "options": ["ground", "subway", "bank", "bed", "street"], "probs": [[0.0009860856742455622, 0.005504158613929467, 0.002258038499443294, 0.985394171854286, 0.005857545258095642], [0.0011958236567891814, 0.00743711925708924, 0.9675049181406392, 0.0044090342688124584, 0.019453104576669936], [0.008840522183622511, 0.6863162817276759, 0.010671799537193685, 0.27328101993991494, 0.020890376511592985], [0.004331003033539774, 0.025504777739866584, 0.9429764944275094, 0.007313376910766319, 0.019874347788317905], [0.001253331085042071, 0.010417111222957716, 0.0007372695762699009, 0.005666887815028519, 0.9819254002007018]], "ideal": "D", "sampled": "D", "correct": true}}
{"type": "result", "data": {"idx": 45, "options": ["theater", "train", "bathhouse", "dwelling", "actors and actresses"], "probs": [[0.6929345855343048, 0.2017397768917809, 0.02544111805603899, 0.04583975385117631, 0.034044765566699005], [0.0010667553349840379, 0.0015082759047212397, 0.0009415758081726386, 0.04195445198880048, 0.9545289408633216], [0.000971089371907083, 0.0052563426692774275, 0.007283802744694917, 0.9861793138964581, 0.0003094512176624379], [0.001828981402350101, 0.06585322159576569, 0.9243404043394668, 0.004450031447471222, 0.0035273611149461413], [0.25783255392060983, 0.7347879323086974, 0.005071732621399486, 0.00170288721884101, 0.0006048938304521807]], "ideal": "A", "sampled": "A", "correct": true}}
{"type": "result", "data": {"idx": 46, "options": ["packaging materials", "recycle bin", "box factory", "warehouse", "bowler hats"], "probs": [[0.9043587228738692, 0.0854465455747121, 0.007129612664512121, 0.002352269931072631, 0.0007128488558339768], [0.0009471448107638278, 0.003805971692079848, 0.0024568585133592593, 0.0015643682512941626, 0.991225656632503], [0.0006942928751456119, 0.0014948657193233387, 0.0010757122447389766, 0.9951669978257486, 0.001568131235043448], [0.00023519797802287935, 0.0013728857721142262, 0.9962779270639125, 0.0009368850138960582, 0.001177104072054331], [0.00011868933904907499, 0.9996981956127617, 0.0001419371740075201, 1.9253294076498545e-05, 2.1924480105207972e-05]], "ideal": "A", "sampled": "A", "correct": true}}
{"type": "result", "data": {"idx": 47, "options": ["sick person", "hospital", "elderly person", "graveyard", "doctor's office"], "probs": [[0.8604608578993314, 0.11112247900417838, 0.019624750616022018, 0.0035493864338344582, 0.005242525946633735], [0.1146782153436004, 0.7139719963318945, 0.00831746710327988, 0.020284362815375483, 0.14274795830584974], [0.06483027368522275, 0.08869716565493685, 0.06799452782857397, 0.7677174841576763, 0.010760548573590198], [0.016610266035810214, 0.11709349921045892, 0.8270670470367927, 0.025554400869304765, 0.013674786747633477], [0.019180487754195036, 0.9689753356473548, 0.005125930075980397, 0.004561032590766442, 0.0021572138317033154]], "ideal": "A", "sampled": "A", "correct": true}}
{"type": "result", "data": {"idx": 48, "options": ["park", "internet", "meeting", "library", "book"], "probs": [[0.0036346805626348744, 0.9852152525066594, 0.0014578503692142832, 0.00320853345278304, 0.006483683008708398], [0.321394002730739, 0.05581716929205435, 0.6099556803177817, 0.0064644717006569615, 0.00636867585876804], [0.06460090519380247, 0.37182605381916023, 0.006398365434228151, 0.007721907636412978, 0.5494527678163961], [0.05025590384260556, 0.01606727327724516, 0.0056425670716772165, 0.9206757776182356, 0.007358478090236494], [0.0005323332727366627, 0.0009266418043377671, 0.9858656512575176, 0.0017310024681894056, 0.01094437109721859]], "ideal": "D", "sampled": "B", "correct": false}}
{"type": "result", "data": {"idx": 49, "options": ["stagnant", "stagnation", "tradition", "hunger", "paper money"], "probs": [[0.09547662054948218, 0.8640129185370058, 0.023395437832632617, 0.013038100935768064, 0.0040769220451112856], [0.6499898956439729, 0.10268238816110967, 0.2175781851314935, 0.008508665391227606, 0.02124086557219633], [0.01867963531784816, 0.02052528957426312, 0.00798483353644841, 0.8425452230322619, 0.11026501843917841], [0.011750754415368036, 0.06391013417934496, 0.7328535581574391, 0.18527416076944264, 0.006211392378405199], [0.015273432391614383, 0.541166012630653, 0.4351464253044942, 0.007102503042703523, 0.0013116265305349018]], "ideal": "B", "sampled": "B", "correct": true}}
{"type": "result", "data": {"idx": 50, "options": ["cause irrational behaviour", "recur", "effectively treated", "managed", "cause suffering"], "probs": [[0.0014233636209731704, 0.0020045354694677355, 0.993764791011085, 0.0023837695687453525, 0.0004235402297287984], [0.002213268747598862, 0.9960978654270142, 0.0015561284307160095, 6.551221265477914e-05, 6.722508201618637e-05], [0.9820830147257406, 0.016898392658540182, 0.0008302946081060916, 0.000135716960231552, 5.258094738164455e-05], [0.0023082754652564126, 0.0013670101256372045, 0.00048792788235350935, 0.004124848950876723, 0.9917119374758762], [0.0003319798123796603, 0.00025703203894722227, 0.0005739474183086989, 0.9987294233357482, 0.00010761729461623985]], "ideal": "C", "sampled": "C", "correct": true}}
{"type": "result", "data": {"idx": 51, "options": ["cast iron stomach", "physical exertion", "shin splints", "adventure", "fatigue"], "probs": [[0.003647688175315119, 0.9880886868883897, 0.004366387638142054, 0.0016836324404608549, 0.002213604757692293], [0.09234132960786867, 0.2844502733531113, 0.2889512884682283, 0.19560975563096514, 0.13864735283982657], [0.005393359443116692, 0.003977201486120635, 0.002015975573658062, 0.038046677361556, 0.9505667860355486], [0.002022950671346798, 0.0022751064905248515, 0.0039000359716649434, 0.9848485560526206, 0.006953350713842863], [0.001282818366269254, 0.004372731657971953, 0.9744365379458622, 0.011343684001111869, 0.008564227928784713]], "ideal": "C", "sampled": "B", "correct": false}}
{"type": "result", "data": {"idx": 52, "options": ["chess game", "scheme", "chess set", "checkers", "north carolina"], "probs": [[0.8592188828351351, 0.1339605785090653, 0.00492129759484868, 0.0015266175495923255, 0.0003726234113586181], [0.1379052554600067, 0.2789672027210844, 0.03548702983012211, 0.08017779170731282, 0.46746272018147395], [0.16992902055215559, 0.37746776904245666, 0.026942051336364528, 0.4163385823110352, 0.009322576657987972], [0.0013710099446236274, 0.003876955631545721, 0.9816799550888817, 0.00759008883173624, 0.005481990403212694], [0.0013922562699052923, 0.9951461798036206, 0.0021923308333634513, 0.0010280724634579087, 0.00024116052965269562]], "ideal": "A", "sampled": "A", "correct": true}}
{"type": "result", "data": {"idx": 53, "options": ["isolation", "grief", "happiness", "relief", "angry"], "probs": [[0.009862634875915195, 0.07697357645186491, 0.06381333957473603, 0.8412309138661582, 0.008119535131325642], [0.005025058063455016, 0.018807787365906773, 0.9651314337723825, 0.0021447380706638183, 0.008890982627591882], [0.011624278757692763, 0.9829320124295664, 0.001715278079064565, 0.0008761399389913315, 0.002852290694684887], [0.9236089745047649, 0.035253013567688576, 0.001574299193896088, 0.003180546479999502, 0.036383166153650934], [0.019659988543548664, 0.026043349825886002, 0.20012964268983524, 0.29597517789925404, 0.458191840941476]], "ideal": "C", "sampled": "D", "correct": false}}
{"type": "result", "data": {"idx": 54, "options": ["continue to grow", "plant themselves", "many colors", "smell good", "make pretty"], "probs": [[0.007795172280688384, 0.017716044566552878, 0.008902764882422476, 0.9377281073184462, 0.027857910851889975], [0.008516075228113448, 0.0264271642685212, 0.8891978784894913, 0.03556163683254511, 0.040297245081328974], [0.04177781813587381, 0.7884381664872698, 0.05710398469544804, 0.052831986203634156, 0.05984804437777417], [0.21390910444504738, 0.35827109214061026, 0.042781960214866625, 0.3584683835147971, 0.02656945958467864], [0.021367163618096343, 0.04250039389399756, 0.00870154844946739, 0.018875992943328614, 0.90855490099511]], "ideal": "D", "sampled": "D", "correct": true}}
