{"type": "result", "data": {"idx": 0, "options": ["This type occurs in binary systems.", "This type occurs in young galaxies.", "This type produces gamma-ray bursts.", "This type produces high amounts of X-rays."], "probs": [[0.6445081014315385, 0.03933691153580683, 0.1831807137065824, 0.13297427322609834], [0.6527234437366898, 0.0473015282226917, 0.040439910506595726, 0.2595351174340559], [0.7665475039615754, 0.12820702520686958, 0.038787718723829655, 0.06645775200770612], [0.7447821081447514, 0.12065386245189225, 0.0714890326409235, 0.06307499666245252], [0.7004611173043104, 0.07738011749233846, 0.04513838200086268, 0.1770203831024811], [0.719161267455244, 0.0659019414898528, 0.14853427541747447, 0.06640251553741397], [0.0559465660283264, 0.5470417791764876, 0.25436948246504204, 0.14264217223014294], [0.05278875549238157, 0.5622275014336671, 0.06720820657520456, 0.3177755363987314], [0.02620357390385555, 0.019606031893420153, 0.9082985462389408, 0.04589184786379845], [0.012484352232962317, 0.009713462946543882, 0.011092618378683692, 0.9667095663417955], [0.026241797535529684, 0.0154225566992353, 0.8610440862219748, 0.09729155944324878], [0.010705047070230459, 0.006092769005721411, 0.013951777476040633, 0.9692504063479853], [0.11823850316569894, 0.7231219511704553, 0.09133185612877856, 0.06730768943505688], [0.12449141231517145, 0.682611842720206, 0.10400328022732215, 0.08889346463728356], [0.04655987330933721, 0.029357183212598757, 0.8709619997147352, 0.05312094366331383], [0.018942060594339557, 0.013322063015078973, 0.012713859329197752, 0.9550220169613742], [0.0785962418313705, 0.03173108543319228, 0.7745857570650945, 0.11508691557033822], [0.013831938349728502, 0.009799165603052547, 0.015915096431958282, 0.9604537995152389], [0.07398740059946833, 0.44219850179004283, 0.0934849173636092, 0.39032918014688023], [0.09076079136147557, 0.5338560151931752, 0.23164244873826273, 0.14374074460709174], [0.03041282237632705, 0.024408530949179278, 0.8144192639099099, 0.13075938266458348], [0.011966622564127588, 0.008606677393846789, 0.016082641843665303, 0.9633440580983381], [0.053015140595356954, 0.026434074261732974, 0.7906232647841361, 0.1299275202587691], [0.010532092949228643, 0.007523272680089475, 0.012900760254122434, 0.9690438740165502]], "ideal": "A", "sampled": "A", "correct": true}}
{"type": "result", "data": {"idx": 1, "options": ["Its speed relative to you", "Its composition", "Its size", "Its distance from you"], "probs": [[0.018845189677554195, 0.00779528146711055, 0.015981897951774147, 0.9573776308035381], [0.03370361228716357, 0.01720880083814372, 0.8413409747193688, 0.107746612055351], [0.019296234434664074, 0.012360319538098892, 0.010405302626995813, 0.9579381433002573], [0.040044095825273206, 0.027528423521285067, 0.8822865937163782, 0.050140886837068195], [0.09711100827168269, 0.673646819762045, 0.06417202199924678, 0.16507014986700777], [0.11806438292151059, 0.6789359402675678, 0.1074484843927298, 0.09555119231820015], [0.010274304128866013, 0.013185873581583183, 0.02423462514165265, 0.9523051970478899], [0.01422564642768746, 0.014898189414539733, 0.8852761851946915, 0.08559997886305998], [0.007275414743143015, 0.009113814461591692, 0.01797478192138832, 0.9656359887738989], [0.013570131412694083, 0.015602929478900098, 0.8575298068532591, 0.11329713215512122], [0.04124260676265113, 0.6701564189092528, 0.10116618060888385, 0.18743479361921395], [0.031945377982558226, 0.6114473315925909, 0.10379198171220334, 0.252815308612667], [0.027646260965467635, 0.028738197452711476, 0.015022693302781366, 0.9285928481790577], [0.03209192486249248, 0.02498888799615775, 0.8936881923838342, 0.04923099465750023], [0.017263468613603387, 0.010144465780197802, 0.017368142299635646, 0.9552239232065556], [0.028529325914544233, 0.02204988109927278, 0.7942631104737679, 0.15515768241239572], [0.0919356054082443, 0.7339948373709457, 0.10580544261274298, 0.0682641145080424], [0.07010126655828339, 0.7237188952543444, 0.05086302748107532, 0.15531681060628444], [0.722671317151585, 0.0884645146130876, 0.04767208446565638, 0.14119208366969238], [0.7047661191824032, 0.12076117520690723, 0.0855681943270716, 0.0889045111836142], [0.7154834292496745, 0.044778266735313065, 0.0861738233049423, 0.1535644806100799], [0.6604256617076054, 0.03619710519115152, 0.0840004911214611, 0.21937674187978445], [0.716997605059924, 0.09498937268757125, 0.11530081286091748, 0.07271220929158918], [0.7107293075089605, 0.06887006890943456, 0.05151582051773135, 0.16888480296387498]], "ideal": "D", "sampled": "D", "correct": true}}
{"type": "result", "data": {"idx": 2, "options": ["Because the molecules that compose the Earth's atmosphere have a blue-ish color.", "Because the sky reflects the color of the Earth's oceans.", "Because the atmosphere preferentially scatters short wavelengths.", "Because the Earth's atmosphere preferentially absorbs all other colors."], "probs": [[0.14741029942371747, 0.022641265400061228, 0.7722289522264201, 0.05771948284980531], [0.037776117990943006, 0.010174227748357884, 0.02290238359439608, 0.9291472705663035], [0.6459874942697696, 0.2675034780421792, 0.04578196421510299, 0.04072706337291847], [0.6846489177341194, 0.2350834183657338, 0.06183656386206249, 0.01843109993806088], [0.04418897122981164, 0.03929541685595141, 0.015870822846523348, 0.9006447889677157], [0.20697082822414414, 0.08241486149581678, 0.6788444058148317, 0.031769904365217205], [0.024756064643850224, 0.2327898135835014, 0.6736468751949032, 0.06880724647774138], [0.009143206949024499, 0.09153819035701291, 0.0449430813531864, 0.854375521240753], [0.03221501989686416, 0.2473732350714759, 0.6563939080122696, 0.06401783691936694], [0.04920707634264206, 0.6838713045195077, 0.10569438587516715, 0.16122723316268792], [0.010370402948803687, 0.06859257820309009, 0.06546357834089228, 0.8555734404072274], [0.026151745390629207, 0.08310843374386602, 0.8063761862313479, 0.08436363453413422], [0.9602222382057799, 0.016585024399232585, 0.014046113444887659, 0.009146623850102542], [0.9614443334864196, 0.016223607685915516, 0.015574174545015026, 0.00675788418263451], [0.9255808709467779, 0.013466082394898755, 0.042010814947880074, 0.018942231610430682], [0.9464188152319647, 0.012432045544796294, 0.019365208867372155, 0.021783930255865818], [0.9540361248183581, 0.022170806826946516, 0.015705903685196268, 0.008087164569488036], [0.9476973491665013, 0.023439741684933253, 0.0139803933232536, 0.014882515725291404], [0.14582262855687084, 0.04963635256453896, 0.02271654052630663, 0.7818244782522649], [0.2744816097316392, 0.05497362364953868, 0.6382545551363391, 0.032290211382474676], [0.11154538639266504, 0.014761929509556482, 0.03678544045223596, 0.8369072435455466], [0.19951680999625454, 0.025416413077803263, 0.7071488392540062, 0.06791793757192877], [0.5428614959984148, 0.3676314323129509, 0.06544051431270055, 0.02406655727596466], [0.43637070179900317, 0.42662801310779974, 0.049000364755871995, 0.08800092023733046]], "ideal": "C", "sampled": "C", "correct": true}}
{"type": "result", "data": {"idx": 3, "options": ["The first time you drop a bowling ball and it falls to the ground proving your hypothesis.", "After you\u2019ve repeated your experiment many times.", "You can never prove your theory to be correct only \u201cyet to be proven wrong\u201d.", "When you and many others have tested the hypothesis."], "probs": [[0.017162412144192903, 0.0667740851824218, 0.03714472437684067, 0.8789187781965677], [0.03297168252981476, 0.0630538385711319, 0.8040849894571667, 0.09988948934187795], [0.018870260209352008, 0.02024066510178633, 0.48246071859749434, 0.4784283559913735], [0.017717762551672657, 0.017576207839896676, 0.8596208180525943, 0.10508521145584082], [0.05160166631565833, 0.12285534376024707, 0.7065780005231572, 0.11896498930095371], [0.021101583713164666, 0.07080466279336756, 0.03909513834256739, 0.8689986150509214], [0.048761438019151684, 0.025698163087449922, 0.027575380053492825, 0.897965018739885], [0.10893346356157375, 0.04651418734892384, 0.7499532588286888, 0.0945990901607899], [0.04689316800101475, 0.016461008628354777, 0.03196117426163902, 0.9046846490089774], [0.14166746793593468, 0.03447219703108632, 0.7135707885661986, 0.11028954636676817], [0.28604595603519006, 0.4715071736439594, 0.1249851586078756, 0.11746171161297615], [0.2580603785948914, 0.4026611422683392, 0.09874146339429386, 0.24053701564248053], [0.016306096133500335, 0.024451096017030306, 0.6400983618504963, 0.3191444458989537], [0.01498389339932572, 0.021458836861082135, 0.8238158334961159, 0.13974143614348228], [0.019766354115927694, 0.06427506070777397, 0.05004950902080207, 0.8659090760554874], [0.04072693392629359, 0.07603739782192262, 0.6937039182440808, 0.1895317499077081], [0.023848024001027916, 0.15067137516187606, 0.060867073746805694, 0.7646135269902907], [0.060175190084457535, 0.5356079735537185, 0.1911028287293451, 0.21311400753247614], [0.15952610130438713, 0.05738708459833585, 0.6929105324230382, 0.09017628157424509], [0.11447224345980686, 0.04084430028406029, 0.03777388873572387, 0.8069095674204013], [0.4824419792676592, 0.29743669703816117, 0.10364078137609532, 0.1164805422180827], [0.4223854720637762, 0.2584426742799901, 0.08388794532223795, 0.235283908234001], [0.08951629350131142, 0.021785631736918495, 0.04002873217889115, 0.848669342482886], [0.31943113237154974, 0.04865843830072337, 0.4470801920873329, 0.18483023714040392]], "ideal": "C", "sampled": "D", "correct": false}}
{"type": "result", "data": {"idx": 4, "options": ["Titan is the only outer solar system moon with a thick atmosphere", "Titan is the only outer solar system moon with evidence for recent geologic activity", "Titan's atmosphere is composed mostly of hydrocarbons", "A and D"], "probs": [[0.06736858920286524, 0.014133088303788505, 0.1543891816309359, 0.7641091407624049], [0.08845204948826361, 0.03361131866229023, 0.07114005377004226, 0.8067965779794048], [0.0628687334578616, 0.017888711016177908, 0.058643135336931565, 0.860599420089049], [0.21363317804999113, 0.14353596848192796, 0.2276043727394926, 0.41522648062860634], [0.09201458565571453, 0.036025271612150786, 0.1018459989506395, 0.7701141436815038], [0.1596907840091612, 0.05564662202422657, 0.39563376779051734, 0.3890288260761052], [0.06240463234289494, 0.02227599943406115, 0.08084601463456695, 0.8344733534884611], [0.12768638390596163, 0.11357202977298095, 0.11544302613497054, 0.6432985600861056], [0.0989210916672104, 0.031157971036430702, 0.13964777954751958, 0.7302731576488278], [0.17061491603321963, 0.16934753453744997, 0.15070467697072693, 0.5093328723586075], [0.1221546499011602, 0.04677508910565934, 0.35928267337668657, 0.471787587516499], [0.11015264443055756, 0.03780228154910198, 0.2333437899603824, 0.618701283959939], [0.0755487509973918, 0.04548522596661386, 0.061201139076605404, 0.8177648838593877], [0.20781271753160815, 0.21446397950168875, 0.18646945729483297, 0.3912538455718722], [0.06850964224127472, 0.01590093760235817, 0.19682024158798211, 0.7187691784683908], [0.07214884587227258, 0.03923944193725665, 0.05001361714509989, 0.8385980949453893], [0.17631972219028447, 0.052163503257371825, 0.47629402009820854, 0.2952227543541331], [0.06268594871938322, 0.020849389541472526, 0.058011322286641215, 0.8584533393524785], [0.10891285366254598, 0.09389919095564243, 0.07039504148766462, 0.7267929137941591], [0.20237630606000184, 0.17187151685382318, 0.28139498009381114, 0.3443571968923643], [0.13088021600277766, 0.10279090439401874, 0.18478713402762448, 0.5815417454755663], [0.13865188555995955, 0.10886634346835983, 0.1823694324300411, 0.5701123384416582], [0.18426224816371792, 0.0844153057490985, 0.4322593872496596, 0.29906305873752864], [0.0732542992846411, 0.034588615286490196, 0.054456575534633116, 0.8377005097942212]], "ideal": "D", "sampled": "A", "correct": false}}
{"type": "result", "data": {"idx": 5, "options": ["m*v", "0.5*m/(R^3)", "0.5*m*(2GM/R)", "0.6*G(M^2)/R"], "probs": [[0.04279705904894355, 0.13582819795007198, 0.3550168442949782, 0.4663578986059882], [0.030390777382735483, 0.06787576338579124, 0.2684148011782409, 0.633318657953255], [0.04962274353790035, 0.30112227951258047, 0.2658630355168735, 0.3833919413326375], [0.036638181992866815, 0.18159748950732987, 0.17727288274078482, 0.6044914456590366], [0.048245717526608015, 0.2142565498011365, 0.3117352521569952, 0.4257624804152868], [0.04373447766236602, 0.15722246182826535, 0.29598775370132646, 0.5030553067080099], [0.10827777533019779, 0.07384024279502847, 0.5001849813660323, 0.3176970004087584], [0.06650471784440919, 0.05019320484457538, 0.22303062842723972, 0.6602714487837714], [0.15049772058338867, 0.38684407897675727, 0.14685153634631218, 0.31580666399354707], [0.15148712397263933, 0.34110478875066574, 0.2202736107679387, 0.28713447640877304], [0.09481766941396456, 0.167607328539236, 0.1056867189307214, 0.63188828301608], [0.12054943395164791, 0.1409467215915165, 0.5272526942199548, 0.21125115013687323], [0.1823329204418794, 0.09534414909213823, 0.39502310933693086, 0.32729982102904864], [0.09996001960590206, 0.055635911009592816, 0.11230292017795843, 0.7321011491065528], [0.21836917178184045, 0.3327460310278766, 0.1314178427082492, 0.31746695438204764], [0.24171362694866724, 0.3150062765755301, 0.1609655841494479, 0.28231451222635096], [0.13311167609238603, 0.10693542187081133, 0.10041699652498087, 0.6595359054117897], [0.18016876558872372, 0.12101043822007256, 0.5011305163585261, 0.19769027973267278], [0.14266103414023945, 0.07176159857082677, 0.3668365281597523, 0.41874083902917664], [0.11717422918628172, 0.06173627376613475, 0.33617476804964613, 0.4849147288979485], [0.16385106882761372, 0.17431248324174345, 0.10824500354922766, 0.5535914442814189], [0.20908223374640522, 0.16926804648202934, 0.34724934265727014, 0.2744003770143062], [0.1163882028882979, 0.20108468967202636, 0.10109032805625205, 0.5814367792834276], [0.1701960670080115, 0.23067956977814308, 0.40184501691443253, 0.197279346199416]], "ideal": "C", "sampled": "C", "correct": true}}
{"type": "result", "data": {"idx": 6, "options": ["it was stripped away by the magnetic field when it rapidly decreased in strength", "it was broken into hydrogen and oxygen by ultraviolet light and the hydrogen was lost through thermal escape", "it was consumed by a civilization of thirsty Martians", "it was vaporized during a period of intense volcanism and was lost to space through thermal escape"], "probs": [[0.04739286784777502, 0.3078758164485497, 0.061630751343135656, 0.5831005642605597], [0.09171212595014647, 0.13665494952926033, 0.7035729834946644, 0.0680599409259183], [0.03580560830535791, 0.01749113309958356, 0.45558326775493263, 0.49111999074014484], [0.03921223705148643, 0.016795607869276193, 0.742907280247171, 0.2010848747320907], [0.0681252771180507, 0.684445249594247, 0.17937952635481583, 0.06804994683289974], [0.04432734893011688, 0.6675334362232794, 0.08256600691508773, 0.2055732078314932], [0.20668600269858775, 0.09202740608032112, 0.04613002446102461, 0.6551565666600896], [0.21510534942811008, 0.08017450305026795, 0.6425558173560947, 0.06216433006551647], [0.1955499693688432, 0.034185340376623234, 0.08404982919601794, 0.68621486095852], [0.13781911734224317, 0.030499357410772948, 0.6670879042916656, 0.16459362085531068], [0.298322526969319, 0.4952614712806763, 0.1539977714910664, 0.05241823015894923], [0.21072142299307434, 0.5245152628726112, 0.07756174580848028, 0.18720156822585704], [0.009175215177468101, 0.021426595356171595, 0.3974298383555166, 0.5719683510108563], [0.011138782107193143, 0.020453059180127388, 0.7069749515023841, 0.26143320711026236], [0.010636243706179271, 0.19632782837779145, 0.09279549318698714, 0.7002404346290564], [0.017123381561585153, 0.08006661966124613, 0.6957130394719149, 0.20709695920525986], [0.016660455859534254, 0.45384608594315745, 0.1646442805707988, 0.36484917752650947], [0.019107642435165977, 0.4485696805502826, 0.2444782580047814, 0.2878444189097684], [0.651802942831978, 0.11971271921412813, 0.17474292202450353, 0.05374141582939836], [0.5152489216407182, 0.11761328191635208, 0.061703430548138906, 0.30543436579477423], [0.6927890909178421, 0.12242209464986477, 0.14132685303232193, 0.04346196129994556], [0.5741112476336335, 0.1544124588715105, 0.0666515358500172, 0.20482475754484417], [0.48179700183339347, 0.04889418276036422, 0.14050568809504077, 0.3288031272112029], [0.41330088342907656, 0.05266681416077701, 0.3125715244510968, 0.22146077785905113]], "ideal": "B", "sampled": "D", "correct": false}}
{"type": "result", "data": {"idx": 7, "options": ["Lunar rocks are composed of fragments pulverized by many impacts.", "Radioactive dating of lunar samples shows that they are older.", "The Moon's surface is more heavily eroded than the Earth's surface.", "The Moon's surface has more impact craters than the Earth's surface."], "probs": [[0.02796175972865461, 0.5475932441612779, 0.05683701101940289, 0.3676079849906526], [0.035722287515381444, 0.7622020195741488, 0.10815332877314084, 0.09392236403730378], [0.013787058651586177, 0.01134909189453426, 0.8257497627381347, 0.14911408661577094], [0.005438665606656811, 0.0040121665277907505, 0.018248063341005767, 0.9723011044245229], [0.021551576892257045, 0.020254610755811912, 0.9006352241747683, 0.057558588077142196], [0.005869704026750859, 0.006445640904679049, 0.009666345256918549, 0.9780183097116452], [0.24662764214396768, 0.036145371239207934, 0.03136235255960011, 0.6858646339572096], [0.7925769473244806, 0.04626602927625109, 0.09182337521444085, 0.06933364808481293], [0.2886021626589208, 0.024307501154053616, 0.046424029690030885, 0.6406663063970072], [0.7814108141877288, 0.031374479128691374, 0.0877849684890463, 0.09942973809451669], [0.8223674812845826, 0.046173681616830775, 0.06702182375834048, 0.06443701324023242], [0.8229757780353641, 0.044782518340202464, 0.04199422932127543, 0.09024747420314569], [0.00913699315924328, 0.01460419572372429, 0.874295697720452, 0.10196311329660171], [0.003075324466929083, 0.004106492825461534, 0.012835926979669484, 0.9799822556279333], [0.01719348820100465, 0.6909935791397865, 0.08449149639913302, 0.20732143616008694], [0.01821503700022914, 0.7666328025828003, 0.096701966765137, 0.11845019355183169], [0.0024010492694983288, 0.00392719042798371, 0.011622816834535248, 0.9820489433679656], [0.010978309950741227, 0.012251453732546448, 0.8983261522548888, 0.07844408396183851], [0.018622985107581067, 0.023007542392192937, 0.910145600133181, 0.048223872267054976], [0.00531536851988636, 0.006663444616534632, 0.007668259216489829, 0.980352927547107], [0.02767988124916787, 0.8137080134872642, 0.09280882773454388, 0.06580327742900285], [0.028125500718225508, 0.8014760301653039, 0.05586067746520951, 0.1145377915512527], [0.003950963162730985, 0.0031494696323367366, 0.012446544248565285, 0.9804530228563683], [0.014228293230574762, 0.010581315348180357, 0.8854680104567385, 0.08972238086448321]], "ideal": "B", "sampled": "B", "correct": true}}
{"type": "result", "data": {"idx": 8, "options": ["Iron", "Hydrogen", "Methane", "Helium"], "probs": [[0.1301471441767543, 0.6349873852956096, 0.06800272436466756, 0.1668627460629787], [0.10018047344636134, 0.40505697661120443, 0.4517518753610087, 0.04301067448141095], [0.050246972598482015, 0.019975749827809856, 0.6550397790361825, 0.27473749843751333], [0.048941379730006805, 0.018421550395715112, 0.11999162346795603, 0.8126454463063401], [0.058314052039523764, 0.04678842452429073, 0.841945880251578, 0.05295164308462718], [0.10611672991842692, 0.10274663144121009, 0.0445299865513977, 0.7466066519889496], [0.635341312254774, 0.05648830481470458, 0.05956700326109945, 0.2486033795694181], [0.5525811041877491, 0.05696856427816226, 0.3322807878740262, 0.058169543560076836], [0.5476190901387532, 0.07540963320814555, 0.03446329885597861, 0.3425079776971233], [0.5745648857153712, 0.08896505781161955, 0.2735219658558959, 0.0629480905171105], [0.63257825098239, 0.31110111865670553, 0.026738798873607646, 0.029581831387296507], [0.5647781933401379, 0.36464229184333635, 0.04635610034889737, 0.02422341436764375], [0.019621701759661193, 0.04729413315090211, 0.6527582026003462, 0.2803259623891077], [0.018667356626414482, 0.047936911431319125, 0.17260049551507609, 0.7607952363271704], [0.03430179316000786, 0.6502157534915092, 0.056838570456662206, 0.25864388279180844], [0.03480152813649578, 0.5062524107218316, 0.41963198997654816, 0.03931407106514962], [0.032039929001197086, 0.1335574605147436, 0.22191882424224346, 0.6124837861418169], [0.020649951700088678, 0.026656489788037644, 0.9174206946534822, 0.03527286375840337], [0.09422212174862514, 0.04019870446117907, 0.7999854071808108, 0.06559376650937458], [0.08259329161249562, 0.029444198446273002, 0.03549452887056308, 0.8524679809706843], [0.08183349260255544, 0.8645168289676368, 0.024744674239953766, 0.02890500408983278], [0.07932888431505779, 0.8713356839771228, 0.03151710108149612, 0.017818330526336648], [0.07494158990565146, 0.02509946822070978, 0.04400409341072784, 0.8559548483629049], [0.05935023012995736, 0.026327510454905067, 0.8636943897010103, 0.050627869614106806]], "ideal": "D", "sampled": "B", "correct": false}}
{"type": "result", "data": {"idx": 9, "options": ["Near-Earth asteroids gradually disintegrate and spread out along their orbital path. When the Earth passes through the orbit of an asteroid we are bombarded by sand-sized particles which cause a meteor shower.", "Near-Earth asteroids disintegrate as they enter Earth's atmosphere creating hundreds of bright meteors that appear to radiate from a single location in the sky.", "The nuclei of comets disintigrate as they enter Earth's atmosphere creating hundreds of bright meteors that appear to radiate from a central location in the sky.", "The nuclei of comets gradually disintegrate and spread out along the comet's orbital path. When the Earth passes through the orbit of a comet we are bombarded by sand-sized particles which cause a meteor shower."], "probs": [[0.7325495224298405, 0.04919130029076903, 0.08891632689385798, 0.12934285028555656], [0.6793826931682683, 0.059968407430772926, 0.1136578823331593, 0.14699101696779288], [0.7001993225810972, 0.0987287368606194, 0.10096900041744743, 0.10010294004082163], [0.6017073228289161, 0.10394043445082009, 0.16716837158830733, 0.127183871031942], [0.36336039407554105, 0.36053359219825126, 0.09632251099918229, 0.1797835026270215], [0.4676082292628739, 0.29515384883908785, 0.09355860697138177, 0.1436793148266396], [0.27496283506761743, 0.21758570576571337, 0.1734224734546043, 0.3340289856120611], [0.37984694968428745, 0.15846282211684645, 0.18809545376811382, 0.2735947743307617], [0.1618288580441966, 0.27534574788701277, 0.23353319678296475, 0.32929219718583125], [0.13723903384674832, 0.21932255206399445, 0.35303717049408473, 0.29040124349516255], [0.11446133157025536, 0.3778622068033511, 0.17437309034457532, 0.3333033711818154], [0.17374834773872055, 0.4754886159204228, 0.22470374048606784, 0.1260592957547886], [0.2901099613276785, 0.35813669223734285, 0.22410073003404896, 0.1276526163009532], [0.2629956193675696, 0.3121790386194386, 0.31698518934756903, 0.10784015256543042], [0.3135463149536985, 0.14475177903842007, 0.22064476284439946, 0.3210571430634734], [0.15733577244705899, 0.11247432546469871, 0.4585938539010855, 0.2715960480871459], [0.13910511517701324, 0.42799336291513085, 0.2458261574461296, 0.18707536436171995], [0.08456663398846781, 0.38148357501234215, 0.13715284026319063, 0.3967969506360041], [0.4077401931851431, 0.2847859207554324, 0.08416867729258135, 0.22330520866685444], [0.3294854419405625, 0.42300438756940595, 0.09077361901368176, 0.15673655137636075], [0.7223372358865977, 0.05671256751340559, 0.12761549620402396, 0.09333470029596992], [0.8065773064852496, 0.05504346292155453, 0.08715882641654207, 0.05122040407663778], [0.6384555356938906, 0.05810918936906126, 0.17870585609876108, 0.12472941873830136], [0.6925546841641084, 0.0499217812995645, 0.09168082383798859, 0.16584271059832395]], "ideal": "D", "sampled": "D", "correct": true}}
{"type": "result", "data": {"idx": 10, "options": ["Radiation pressure from the Sun's light pushes the ions away.", "The conservation of the angular momentum in the tail keeps it always pointing away from the Sun.", "The ions are following Keplerian orbits that lead away from the Sun.", "The solar wind electromagnetically \"blows\" the ions directly away from the Sun."], "probs": [[0.07595476839932601, 0.6019980242280955, 0.16984207653994024, 0.15220513073265354], [0.06894025060754046, 0.5331648342861374, 0.13379467879634074, 0.2641002362099716], [0.05056422642947302, 0.041964020650126915, 0.7542743504829479, 0.15319740233744003], [0.02310865689431268, 0.019154712351122274, 0.042468193918295406, 0.9152684367362874], [0.05844923670532336, 0.059386423825130784, 0.7171117370761411, 0.1650526022933832], [0.028064157849825827, 0.047358996557073756, 0.0589170878188521, 0.8656597576742444], [0.5656895063500298, 0.07197344749444222, 0.21817822501766493, 0.14415882103787633], [0.5717125554527446, 0.07222717444859837, 0.1704015887676017, 0.18565868123103366], [0.6034608072483253, 0.0744877656004256, 0.1717467237906929, 0.1503047032605391], [0.6388901203718739, 0.07011402851942929, 0.1403815633957703, 0.1506142876129494], [0.5676970969223216, 0.12009176970722528, 0.12194132726292523, 0.19026980600752008], [0.5177144698204108, 0.11030764513606725, 0.23895548150982032, 0.13302240343372201], [0.03218732877680561, 0.0413455261386074, 0.7263470257723104, 0.20012011921227332], [0.015071469564953704, 0.018189262844679827, 0.05642872717084995, 0.9103105403195377], [0.07546959052941303, 0.4375386320594111, 0.23782700564176187, 0.24916477166941178], [0.08354550802173748, 0.441265668665304, 0.2218464533312711, 0.2533423698816818], [0.020776470256555872, 0.04133429541531705, 0.055161988413088635, 0.8827272458150315], [0.05257603501868695, 0.06541488553967253, 0.7028995411298059, 0.17910953821182574], [0.05646015092780834, 0.036755592348441245, 0.7317353054922654, 0.17504895113148333], [0.02745672199619271, 0.01873173439320627, 0.04559782900463903, 0.908213714505951], [0.08153625620020552, 0.6113961266989898, 0.11313281044489118, 0.1939348065558904], [0.08649217245820635, 0.5904879142259502, 0.1760208272992409, 0.14699908591657962], [0.026613700517054764, 0.019478352201668013, 0.0311104977795174, 0.9227974494017496], [0.08409517797339458, 0.04542429415003644, 0.7318258350745852, 0.13865469270196837]], "ideal": "D", "sampled": "B", "correct": false}}
{"type": "result", "data": {"idx": 11, "options": ["By observing the duration of a solar eclipse.", "By measuring the size of Earth's shadow on the Moon in a lunar eclipse.", "By comparing the maximum altitude of the Sun in two cities at different latitudes at the same time on the same day.", "By sending fleets of ships around Earth."], "probs": [[0.41340212558473466, 0.08545673260863536, 0.44692472154688173, 0.054216420159768186], [0.07605993174265076, 0.04106070507636071, 0.019684785240209144, 0.8631945778407846], [0.602166948014072, 0.08971548000218209, 0.25905940414981193, 0.049058167733914845], [0.1624202354167465, 0.05489534307714284, 0.026315787902521242, 0.7563686335035902], [0.08451269827445455, 0.015291554748142063, 0.2258916666301732, 0.6743040802472396], [0.0757841391147116, 0.018300279283250568, 0.49363657297700464, 0.41227900852505184], [0.3586167853222902, 0.03760724055287531, 0.5466020751655328, 0.05717389885928099], [0.07891467578525568, 0.018050362660443454, 0.015059685365697045, 0.8879752760885814], [0.869046382739357, 0.0407654307847154, 0.04985505552576465, 0.040333130850152055], [0.7977847469807225, 0.045829642352976235, 0.028179229330976063, 0.12820638123533973], [0.04811978467067591, 0.010258472499514934, 0.020680255661369995, 0.9209414870684429], [0.3451653772460599, 0.031685844252786824, 0.387924132255407, 0.23522464614575564], [0.31411184994775226, 0.04534839752703352, 0.5731808380307645, 0.06735891439445214], [0.09632749917941874, 0.021853374324904525, 0.017676992745947365, 0.8641421336497078], [0.7353477411453532, 0.04359218374077159, 0.16298386014419639, 0.05807621486966496], [0.2835134299156642, 0.03212654326793132, 0.025773996947556242, 0.658586029768836], [0.08461522185600238, 0.015927515780948788, 0.1579416913720131, 0.7415155708910453], [0.28961586548724866, 0.025762198463250945, 0.2219977243741583, 0.46262421157533606], [0.005816128106568235, 0.018752617821950215, 0.578185234474172, 0.3972460194973213], [0.006977270630443076, 0.027353020904691994, 0.6117095117284003, 0.35396019663644146], [0.0037721792344380294, 0.0411163423465027, 0.041765435434219324, 0.913346042884831], [0.012718700561978623, 0.08218882951376341, 0.7257586190198246, 0.1793338508044177], [0.004935222668433673, 0.02643224617046942, 0.11474386742830486, 0.8538886636327784], [0.012186998090086274, 0.06429486333968319, 0.5950373455389715, 0.3284807929312479]], "ideal": "C", "sampled": "C", "correct": true}}
{"type": "result", "data": {"idx": 12, "options": ["a dwarf galaxy orbiting the Milky Way.", "the closest planetary nebula to the Earth.", "a bright star cluster discovered by Magellan.", "the outer arm of the Milky Way named after Magellan."], "probs": [[0.9674018662987073, 0.007178838456042173, 0.010937621089866317, 0.014481674055368527], [0.9721237102796453, 0.007156143598446051, 0.010644940900171847, 0.01007520512175162], [0.9631899942133976, 0.018953027769528247, 0.006449728686346093, 0.011407249230751645], [0.9713372174917257, 0.015250852323344234, 0.008759872306423815, 0.004652057778496523], [0.9707452357969146, 0.014542878591626547, 0.006499853578333876, 0.008212031933143729], [0.9708993410167971, 0.014548272900057509, 0.009242097678599416, 0.005310288304537131], [0.008594860259354862, 0.8889716913813034, 0.04095759754496413, 0.06147585071438745], [0.010163127259942353, 0.8993093039661872, 0.05037595351267825, 0.04015161516119686], [0.007343743713778339, 0.007172763557684414, 0.9102547269679835, 0.07522876566056876], [0.0036314535699820006, 0.00484688565894858, 0.008846903064442123, 0.9826747576066196], [0.009309194670927877, 0.00902691005941834, 0.9351325813072112, 0.04653131386246473], [0.004302287677508754, 0.00621059361003841, 0.00917621465360321, 0.9803109039588338], [0.017257503947721048, 0.9046464573300101, 0.021139765713704333, 0.05695627290854829], [0.021317906371781097, 0.9199567067844706, 0.028453691527333024, 0.03027169521643478], [0.01622344665240823, 0.004692048380711298, 0.9287470279318342, 0.05033747693506085], [0.007492025238583028, 0.0029112540472895783, 0.008832824530063467, 0.9807638960840644], [0.013804992332093058, 0.007510925596842708, 0.9458314552689893, 0.03285262670209213], [0.007650164485312449, 0.00521488587027221, 0.009155767694571862, 0.9779791818498283], [0.021003120259192338, 0.9201254587752126, 0.022345483414181282, 0.03652593745142663], [0.0225039196034796, 0.9188368900653239, 0.03196933080318115, 0.026689859428007702], [0.021311329459561188, 0.006763772342226255, 0.9351263272277066, 0.036798570870529526], [0.010597156091992261, 0.0039616116064726935, 0.009138311331743757, 0.9763029208698021], [0.018302148681510137, 0.008998332954702155, 0.9318008816352409, 0.04089863662856337], [0.00987306132040926, 0.006173502193253835, 0.008987036461134348, 0.9749663999251956]], "ideal": "A", "sampled": "A", "correct": true}}
{"type": "result", "data": {"idx": 13, "options": ["Actually water-ice is all over Mercury and not just at the poles.", "The pole is the only place fortunate enough to have had comet impacts", "Radar from the earth can only see Mercury's poles.", "These craters contain the only permanently shadowed regions on Mercury"], "probs": [[0.0024311302434832033, 0.003851176828879219, 0.01487094573332832, 0.9788467470943201], [0.00747602173493677, 0.01790810129631945, 0.8486461681009052, 0.1259697087678538], [0.0022496904959977944, 0.004069347439171216, 0.01441828128746242, 0.9792626806773856], [0.00747557269895538, 0.017775275810418243, 0.855356509045316, 0.11939264234529341], [0.014669261478244025, 0.7800042345348036, 0.08557732840855484, 0.1197491754783905], [0.01528361305873925, 0.7519039014885461, 0.11188608417318496, 0.12092640117951428], [0.007828616707363109, 0.0031137796787952645, 0.02028492752808735, 0.9687726759857532], [0.02778321559067267, 0.012540109476128953, 0.8774857446412382, 0.08219093019198061], [0.009645800078029123, 0.007448316362518218, 0.016018294221707228, 0.9668875892377382], [0.026310976199657197, 0.025708131214938257, 0.8910220570502347, 0.056958835435149444], [0.0539484838783798, 0.7791646247114711, 0.07373341011246695, 0.09315348119766173], [0.05040678165236206, 0.7278679471158118, 0.10914352079812273, 0.11258175033369658], [0.008122384627514865, 0.003663271099753991, 0.02089525925521853, 0.96731908491752], [0.025562629058649693, 0.012465230452184254, 0.8863269372021056, 0.07564520318704132], [0.009712640693841906, 0.008636113836711265, 0.015387724588526837, 0.9662635207809304], [0.026725914021513402, 0.03195686130923779, 0.8635327785579097, 0.077784446011352], [0.048565662553664124, 0.8071550067047081, 0.06432264013116872, 0.07995669051044088], [0.045207183792847015, 0.8253053418228001, 0.07626606756819056, 0.0532214067161635], [0.9271247098753375, 0.010939063054818657, 0.03279734059888041, 0.029138886370962364], [0.9125994798617463, 0.011188025103357695, 0.04242487486045275, 0.033787620074457736], [0.9293136555076553, 0.021444749812187188, 0.02025924872130024, 0.028982345858865215], [0.8889743863904214, 0.02714294227449385, 0.0422916294161599, 0.04159104181894267], [0.9159913854131414, 0.03620050236753572, 0.020116483204389704, 0.027691628914930943], [0.9194618675149108, 0.03335567812974792, 0.03031823965349852, 0.01686421460184723]], "ideal": "D", "sampled": "D", "correct": true}}
{"type": "result", "data": {"idx": 14, "options": ["Virgo", "Laniakea", "Sculptor", "Bo\u00f6tes"], "probs": [[0.039568120242168436, 0.904646279206908, 0.028651406111582338, 0.027134194339362514], [0.028414277226787566, 0.9092873870728252, 0.015912627019746356, 0.046385708580646695], [0.01927304960013187, 0.009544045586439976, 0.9335170717244592, 0.03766583298896617], [0.00926349979916639, 0.004654693515436359, 0.005356529785313501, 0.9807252768001019], [0.01702230364082993, 0.005574852576470595, 0.9132467363720639, 0.06415610731062862], [0.008705045245421287, 0.0029396097615779224, 0.006991191779527583, 0.9813641531134742], [0.9626590430363657, 0.013354320188404482, 0.010231688669669075, 0.013754948005539575], [0.9558095673344478, 0.013359694446885163, 0.006875832961049698, 0.023954905157614455], [0.9639216155519854, 0.014226719535536229, 0.010249171253691987, 0.011602493558804071], [0.9524875349904498, 0.014503419222352619, 0.006800658882065948, 0.026208386805133307], [0.9550652705991403, 0.008356244089166685, 0.01168792840007626, 0.02489055681160718], [0.951805563103072, 0.009078178442126425, 0.010116488543445601, 0.02899976981133331], [0.016563024075351082, 0.010116761390701917, 0.9449886568627687, 0.028331557571170604], [0.00837806878908516, 0.005115241071365134, 0.005402951770537742, 0.9811037382689916], [0.033725643771116844, 0.9077706555173972, 0.0331122172346836, 0.02539148337679656], [0.023896255279557445, 0.907802635600996, 0.017852704119511557, 0.05044840489995173], [0.007222741813674566, 0.0026350395953621455, 0.0081773781982602, 0.9819648402927085], [0.014016829350510135, 0.006317162097993246, 0.9134885371459314, 0.06617747130554977], [0.010658978028310924, 0.0072642745147621125, 0.9344428951689201, 0.04763385218800745], [0.00559926745607976, 0.0032373586621123854, 0.006437050749463545, 0.9847263230323537], [0.02516873639958751, 0.8910860515714697, 0.032243665697871446, 0.05150154623106159], [0.025210212242623382, 0.8855377145086478, 0.028489789075090085, 0.060762284073649336], [0.005504559488075484, 0.0031345217808373188, 0.007877875173332511, 0.9834830434577632], [0.010701105778469971, 0.007407403433515882, 0.9237613929674386, 0.05813009772058788]], "ideal": "B", "sampled": "B", "correct": true}}
{"type": "result", "data": {"idx": 15, "options": ["Venus", "Mars", "Jupiter", "Saturn"], "probs": [[0.010434295605025895, 0.004251598752461453, 0.8880128208099252, 0.09730128473258604], [0.005620988855031496, 0.0018689343895231224, 0.010659828131594043, 0.9818502485238528], [0.021226525453213928, 0.7834415265652922, 0.06136764140473384, 0.1339643064767527], [0.020935519984038944, 0.7668012113146276, 0.14631747745120224, 0.0659457911501244], [0.006032996057047002, 0.0026758747206850507, 0.009482082706443903, 0.9818090464158291], [0.011365742463963973, 0.006578388283187873, 0.9523853338539153, 0.029670535298950914], [0.0070248605037316085, 0.004194805933629363, 0.911579763537507, 0.07720056992513322], [0.003935807640472906, 0.0017190507085154746, 0.010355436996831852, 0.9839897045541662], [0.013367290520296593, 0.80727058730899, 0.08372745797568668, 0.0956346640950383], [0.013927182668644584, 0.7960689482739799, 0.1182581358042653, 0.07174573315312462], [0.0034723497147548434, 0.001718650381527902, 0.01093437882418964, 0.9838746209795236], [0.006750520989488796, 0.00460391754040406, 0.9546852398317993, 0.03396032153831057], [0.9102185331374043, 0.012037619025924066, 0.014275030427725263, 0.06346881730895296], [0.9433210481037516, 0.011272755744926807, 0.018836373151592336, 0.026569822899753345], [0.9221049209439358, 0.010355551736572927, 0.017450335705676702, 0.050089191513798786], [0.9293374718009599, 0.010601405739440304, 0.022570298347460594, 0.037490824012140836], [0.9418637292917407, 0.02290086706990111, 0.015359012887542921, 0.019876390650840327], [0.9425454648542476, 0.02119385086843923, 0.012449883211069086, 0.0238108009662506], [0.0054984230354155695, 0.0024201334501233454, 0.009199821137014211, 0.9828816222774466], [0.009556965763000986, 0.005616825237557745, 0.9580644039336454, 0.026761804965791922], [0.003996554913587005, 0.0015048406580640834, 0.01052309486793212, 0.9839755094604048], [0.00880195706785861, 0.004225933687832781, 0.9543212530074847, 0.03265085613681484], [0.019386522026497714, 0.8760233778490691, 0.0719096733173167, 0.03268042670709282], [0.01947470659568177, 0.8733638633166163, 0.062295422384527475, 0.044866007603176515]], "ideal": "C", "sampled": "C", "correct": true}}
