{"type": "result", "data": {"idx": 0, "options": ["Cryptocurrencies, Expensive, Secure, Financial Crime", "Traditional currency, Cheap, Unsecure, Charitable giving", "Cryptocurrencies, Cheap, Secure, Financial crime", "Traditional currency, Expensive, Unsecure, Charitable giving"], "probs": [[0.4286089893473908, 0.059885566515533756, 0.372408673794457, 0.13909677024263745], [0.37041540953536567, 0.05095849812696166, 0.06437828236224188, 0.5142478098754598], [0.5472765255024764, 0.2247221068298329, 0.0674518231849763, 0.16054954438271282], [0.5688959790729918, 0.2336903690725555, 0.06642498641598198, 0.13098866533845294], [0.3311992725060338, 0.04776781437157569, 0.048875947450682876, 0.5721569655716948], [0.5278091661223319, 0.06067553076785519, 0.2218709583117825, 0.18964434469800961], [0.1502296314422832, 0.4147912933921266, 0.30351640672902913, 0.13146266833657202], [0.11613078720070892, 0.40200384933506994, 0.05399954833997279, 0.42786581502425486], [0.10017833524238116, 0.6429975672679088, 0.11989210972277255, 0.1369319876669586], [0.05156722733493587, 0.4592347065385021, 0.03712526575711265, 0.4520728002694387], [0.08363392226533609, 0.06214903684072633, 0.38061470268120395, 0.47360233811274427], [0.06793034368477271, 0.0528902280291158, 0.3816147503028101, 0.4975646778833052], [0.4993080362523363, 0.25120517057841085, 0.096050949877588, 0.15343584319168016], [0.5077466259109344, 0.24564171816705874, 0.08555622633311949, 0.16105542948888207], [0.47326852008841447, 0.06718615781137013, 0.26538733225008504, 0.1941579897501195], [0.3132585697021141, 0.053225230653515164, 0.057085149325812094, 0.57643105021857], [0.46977178097313327, 0.07097326476832781, 0.32037739187739767, 0.13887756228115533], [0.3314145596242149, 0.05763926347028456, 0.06477026390884426, 0.5461759128966593], [0.08140604103908407, 0.3375004984797064, 0.042234656556216076, 0.5388588038249795], [0.15720222215935298, 0.5111398409217149, 0.19409034742252357, 0.13756758939641622], [0.10759923572411823, 0.0728227408377963, 0.33395925378292335, 0.48561876955516337], [0.08045948991394108, 0.06215180753851408, 0.36888170203741183, 0.4885070004101392], [0.1484158094626413, 0.44981520951929066, 0.2602631415544423, 0.14150583936361708], [0.07517093610521602, 0.3611957155015288, 0.0462978909144667, 0.5173354573787761]], "ideal": "C", "sampled": "C", "correct": true}}
{"type": "result", "data": {"idx": 1, "options": ["Unsafe practices, Wants, Fear, Trivial", "Unsafe practices, Distress, Fear, Serious", "Safe practices, Wants, Jealousy, Trivial", "Safe practices, Distress, Jealousy, Serious"], "probs": [[0.08229327521720035, 0.561894966761573, 0.05030750208752344, 0.3055042558336968], [0.1283311214026854, 0.6073036790727414, 0.07318398765441268, 0.19118121177017894], [0.13693625729178543, 0.05889351547486053, 0.4707923869945617, 0.3333778401387877], [0.20823959407421155, 0.07782790053333905, 0.1782409711781105, 0.5356915341143219], [0.11190272046966071, 0.12782024244708798, 0.6392866600191177, 0.12099037696415613], [0.17173931490594027, 0.21191604311292908, 0.1947018724375735, 0.42164276944357176], [0.32407533768612357, 0.08386427920063055, 0.09807839209517799, 0.49398199091808326], [0.3686845124155889, 0.09929910148508907, 0.16893696323156637, 0.36307942276774097], [0.2696494877343371, 0.15857843626595766, 0.25149818250751216, 0.3202738933921798], [0.2681621565300005, 0.15636681774954558, 0.323692350203103, 0.2517786754173636], [0.489464041245327, 0.10928801527943122, 0.13087816102482056, 0.27036978235043935], [0.4552372479040137, 0.10818866935722866, 0.09549752626882715, 0.34107655636994455], [0.07586916458925204, 0.0859844255286031, 0.5310338588686063, 0.30711255091356454], [0.16089470749869061, 0.158296020457026, 0.20823783074906962, 0.4725714411952075], [0.10576016300580059, 0.40195608203630473, 0.17167757350278126, 0.320606181355128], [0.15199839778559077, 0.4977641929437007, 0.1982449719476496, 0.1519924372230573], [0.13136624729075747, 0.25921205946676623, 0.1056633521836046, 0.5037583409588867], [0.1614434302230661, 0.17585937200179297, 0.5012695051194518, 0.16142769255567613], [0.14062898013266095, 0.07068329340435717, 0.650292545375326, 0.13839518098766412], [0.330616325332675, 0.132554336371039, 0.2497512634469117, 0.28707807474937175], [0.25706993322455723, 0.3827202927033587, 0.10310456378045971, 0.25710521019164984], [0.28207789851819864, 0.4168122962655656, 0.10717666046519952, 0.19393314465103925], [0.18616309019199212, 0.07236420372620074, 0.13107243618461076, 0.6104002697972081], [0.19560444142911557, 0.07029425103339584, 0.36867242256229404, 0.3654288848752064]], "ideal": "B", "sampled": "B", "correct": true}}
{"type": "result", "data": {"idx": 2, "options": ["Employee rights", "Employee rights", "Employer duties", "Employee duties"], "probs": [[0.06805496672807096, 0.05261557191593169, 0.6870980155645319, 0.1922314456914554], [0.02367564634321248, 0.025187278915181285, 0.8730582149653503, 0.07807885967624019], [0.04300466049184107, 0.8096582425196944, 0.08340520305409113, 0.06393189383437829], [0.04832512359423048, 0.7365593320073444, 0.11300199674486386, 0.10211354755354937], [0.023039146780037496, 0.8682550281171747, 0.06006614257980083, 0.048639682422975394], [0.0322937891006775, 0.8770375992679886, 0.052708525951783894, 0.03796008557954926], [0.06805496672807096, 0.05261557191593169, 0.6870980155645319, 0.1922314456914554], [0.02367564634321248, 0.025187278915181285, 0.8730582149653503, 0.07807885967624019], [0.04300466049184107, 0.8096582425196944, 0.08340520305409113, 0.06393189383437829], [0.04832512359423048, 0.7365593320073444, 0.11300199674486386, 0.10211354755354937], [0.023039146780037496, 0.8682550281171747, 0.06006614257980083, 0.048639682422975394], [0.0322937891006775, 0.8770375992679886, 0.052708525951783894, 0.03796008557954926], [0.0570633675193575, 0.5663226510134047, 0.13676700367429825, 0.23984697769292987], [0.05525222415536856, 0.41067139446263023, 0.38301679042731046, 0.15105959085468745], [0.0570633675193575, 0.5663226510134047, 0.13676700367429825, 0.23984697769292987], [0.05525222415536856, 0.41067139446263023, 0.38301679042731046, 0.15105959085468745], [0.047985491134490334, 0.7843502307714365, 0.09525254949688203, 0.07241172849718035], [0.047985491134490334, 0.7843502307714365, 0.09525254949688203, 0.07241172849718035], [0.7641610248260243, 0.11643476255274099, 0.054128517560397174, 0.06527569496085542], [0.7482709903752761, 0.12426458982431204, 0.06054108164229498, 0.06692333805812388], [0.7641610248260243, 0.11643476255274099, 0.054128517560397174, 0.06527569496085542], [0.7482709903752761, 0.12426458982431204, 0.06054108164229498, 0.06692333805812388], [0.8673800990914002, 0.04867868778308887, 0.047852580849344045, 0.036088632176182904], [0.8673800990914002, 0.04867868778308887, 0.047852580849344045, 0.036088632176182904]], "ideal": "D", "sampled": "D", "correct": true}}
{"type": "result", "data": {"idx": 3, "options": ["Presenteeism", "Absenteeism", "Work-play balance", "Work-life balance"], "probs": [[0.019421078214750327, 0.01547717401349238, 0.3950791159164183, 0.5700226317553182], [0.024135881847685982, 0.012630914822979327, 0.9036247210078109, 0.059608482221533005], [0.026502822666989688, 0.11949735576732506, 0.019204119032922563, 0.8347957024327668], [0.041894097876748464, 0.03699757712997361, 0.9005430212114296, 0.020565303681838645], [0.11647237594308497, 0.8136208792137534, 0.034412357920655764, 0.03549438682249804], [0.16170738071231755, 0.7126444592287918, 0.10270862341604216, 0.02293953654283408], [0.007654288475678035, 0.019042377661597536, 0.3910924524333278, 0.5822108813293938], [0.010712932400292237, 0.016204282762800476, 0.9240911876823027, 0.04899159705458333], [0.0046721636777033605, 0.01626585922154872, 0.0210250048284048, 0.9580369721723215], [0.012035562133311384, 0.021932366629374193, 0.9228429922138094, 0.0431890789235262], [0.023724930004011328, 0.6594794036009578, 0.2296141096886407, 0.08718155660638605], [0.028149188358995582, 0.48593339281003955, 0.38721549148011525, 0.0987019272508494], [0.05196565607278957, 0.0236166617469611, 0.012525398825141388, 0.9118922832551087], [0.05345670871612901, 0.027338604365035667, 0.8880586945196978, 0.03114599229915419], [0.021647676496771486, 0.009989382800020851, 0.013960266483085388, 0.9544026741201127], [0.02645437414872373, 0.011760400921961857, 0.9072641086941873, 0.05452111613510843], [0.06111133295332536, 0.8483431207330402, 0.054678115624131114, 0.035867430589509405], [0.05888932887056411, 0.8636570721759945, 0.03796962877517262, 0.039483970078274956], [0.9414815645177913, 0.03235044202041829, 0.01057112718354515, 0.015596866178253607], [0.9275880412288078, 0.03556895859450579, 0.022725056218414162, 0.014117943858258892], [0.9354559167454729, 0.018768305086991174, 0.021207731666797385, 0.02456804640071945], [0.919307292865037, 0.020905724781125335, 0.024932503527018153, 0.034854478726810426], [0.925401787753312, 0.03409345265476272, 0.022855261236337875, 0.017649498255579057], [0.9281119345769749, 0.03698562257400215, 0.014690400035348815, 0.020212042713657074]], "ideal": "D", "sampled": "D", "correct": true}}
{"type": "result", "data": {"idx": 4, "options": ["Industrial supply loops", "Industrial ecosystems", "Ecological ecosystems", "Corporate ecosystems"], "probs": [[0.07990947257013481, 0.6626904779631538, 0.15501557577380295, 0.1023844735929243], [0.0771695289169137, 0.596593608254175, 0.24294109189651372, 0.08329577083241976], [0.03628128805569925, 0.050343497897554074, 0.8311249933911669, 0.08225022055559478], [0.04281797320176802, 0.06322446713439286, 0.23110165684716358, 0.6628559027166515], [0.03808969819110623, 0.05404301045249193, 0.844733355459554, 0.06313393579685678], [0.03744050311199526, 0.059746067137008065, 0.046177522650159335, 0.8566359070008231], [0.7120091014753207, 0.07230718100235077, 0.08183428966779838, 0.13384942775453373], [0.6502213172935225, 0.08088065452587412, 0.19535568459113484, 0.07354234348948765], [0.7873391580722251, 0.1084084165959092, 0.03805388828191621, 0.06619853694994375], [0.8009841889639253, 0.10611544959773393, 0.05900724387146392, 0.033893117466896536], [0.7938725797630937, 0.12295321052390246, 0.03689921833422794, 0.046274991278782686], [0.7497831028729144, 0.14455433152009572, 0.06557269581611203, 0.040089869690893565], [0.0655001116853914, 0.03319527398523685, 0.7661690474045023, 0.13513556682487587], [0.0700789351096826, 0.027436420231674488, 0.13277129991542114, 0.7697133446431975], [0.5000088224176235, 0.10414851502521484, 0.0626500117490763, 0.3331926507080743], [0.47654277651619614, 0.1377943180629073, 0.3125496550418336, 0.07311325027905413], [0.07793882698557414, 0.03538241696648035, 0.01686780020483588, 0.8698109557431133], [0.3068722031569869, 0.13111191492301863, 0.4500270277102436, 0.11198885410973972], [0.10125144728198293, 0.040293899521180704, 0.7771850742851563, 0.08126957881169435], [0.14948624250471293, 0.03232500338533877, 0.029904901844075883, 0.788283852165871], [0.790841977631541, 0.12447760242492631, 0.0439921016294162, 0.04068831821409792], [0.7160577162549944, 0.14578435128694117, 0.09926762923113325, 0.03889030312695767], [0.2566748655903095, 0.061441228925699996, 0.026862623062001982, 0.6550212823220112], [0.5577731164530069, 0.09051776256593733, 0.2895482768981121, 0.06216084398291126]], "ideal": "B", "sampled": "B", "correct": true}}
{"type": "result", "data": {"idx": 5, "options": ["Power imbalance, Benefits, Hoodwinked", "Power imbalance, Resources, Co-opted", "Informational asymmetries, Benefits, Hoodwinked", "Informational asymmetries, Resources, Co-opted"], "probs": [[0.18204545208849213, 0.1037081107143074, 0.1999272708863398, 0.514319166210845], [0.1570788426696571, 0.09752060203608816, 0.29798455782341693, 0.44741599737083926], [0.15410950410105415, 0.11456505275103863, 0.15901354541020288, 0.5723118976376944], [0.10586365496891613, 0.07742931941141364, 0.28760449099334706, 0.5291025345263364], [0.12350838714796646, 0.10079247809591674, 0.5320808926470021, 0.24361824200908327], [0.15161005924333606, 0.14693298657919313, 0.26623076289552583, 0.4352261911819497], [0.1295778886445745, 0.05155837170068829, 0.14570334580137712, 0.6731603937533392], [0.14125894778639528, 0.04958109805436653, 0.3604805819391418, 0.44867937212011194], [0.11197835661822164, 0.0633295352613703, 0.5685638673555549, 0.2561282406648412], [0.13132699764884295, 0.06498796412554074, 0.45802015630721027, 0.34566488181839194], [0.27495803125826834, 0.2315890881111371, 0.08387209079664763, 0.40958078973393014], [0.1785324406783094, 0.1218006593703156, 0.10014349273865113, 0.5995234071127401], [0.10589918143015609, 0.2561452736797653, 0.12090121382057266, 0.5170543309695121], [0.1403345354740078, 0.4155909300838254, 0.12286248396342175, 0.3212120503787476], [0.11428669533794979, 0.22897113023704432, 0.18689061850209382, 0.4698515558228976], [0.10210168326751502, 0.148437416169942, 0.6347348130665963, 0.11472608739595122], [0.08696789478123075, 0.30802173616046724, 0.2718044476940997, 0.3332059212641889], [0.08622146427940504, 0.3128584227422478, 0.3773766971646836, 0.22354341571368086], [0.1255345134328673, 0.06930531397774337, 0.3603172164190211, 0.44484295607038604], [0.09273419369787099, 0.05755971382187041, 0.70618593566935, 0.14352015671089743], [0.13547177395788196, 0.379726067995986, 0.07420896462684824, 0.41059319331926514], [0.17397973074014914, 0.5527648350550587, 0.07603302513367692, 0.19722240897111132], [0.1179570432355469, 0.04512560222603137, 0.37449680868086427, 0.4624205457575512], [0.10900293181157755, 0.038879562354660994, 0.612354731207447, 0.23976277452632092]], "ideal": "B", "sampled": "D", "correct": false}}
{"type": "result", "data": {"idx": 6, "options": ["hedonistic utilitarianism", "preference utilitarianism", "The Categorical Imperative", "ethics of care"], "probs": [[0.4769129972810695, 0.23465229542074156, 0.18679696386666209, 0.10163774333152692], [0.48278131227045645, 0.2248438544381416, 0.11738358346282257, 0.17499124972857602], [0.32174458331407185, 0.1793033397452068, 0.40671719901226044, 0.09223487782845388], [0.2100877642433659, 0.1513307694540608, 0.1273027688174845, 0.511278697385086], [0.138834369973318, 0.07498526558379465, 0.6464275972444435, 0.1397527670984429], [0.20061160210661674, 0.10572504229222404, 0.17002243429681194, 0.5236409212043299], [0.5762163733887549, 0.14480655565843165, 0.17719867530528308, 0.10177839554752864], [0.5829677514777054, 0.1465041031819571, 0.12419955947701221, 0.14632858576330174], [0.5110470196798388, 0.2252511824157444, 0.1808112951139784, 0.0828905026904231], [0.48389317674619486, 0.18968356589113447, 0.13532697107218933, 0.19109628619049182], [0.5411541648601006, 0.1369623082779831, 0.17842929119187506, 0.14345423557003711], [0.5158085546949847, 0.12273430267015031, 0.19120394147274755, 0.17025320106210412], [0.05370709631425419, 0.672228014232313, 0.1794247299115609, 0.0946401594418976], [0.039007639915896765, 0.548605926722819, 0.12330227975957166, 0.289084153501737], [0.0877636700225194, 0.617487036936452, 0.18396973931037153, 0.11077955363067404], [0.06923062066701235, 0.5265711044657491, 0.13517622791462755, 0.26902204685260855], [0.05553836005974465, 0.06852432011287155, 0.6586369820445096, 0.21730033768285759], [0.043675740887826234, 0.05104830075337185, 0.7657619463555224, 0.1395140119032706], [0.07229035148896669, 0.28534510706051475, 0.4966528712336908, 0.1457116701168358], [0.06044594641037294, 0.2638135557793924, 0.18277574529636323, 0.49296475241385457], [0.08144041281926434, 0.4530208511727592, 0.2949140578502795, 0.17062467805767823], [0.07030188514775047, 0.46070094427201475, 0.2372541379551606, 0.2317430325250601], [0.06547599316266643, 0.10778207211308924, 0.6093639743472168, 0.2173779602770052], [0.05542936025383361, 0.08053998607537004, 0.7574165129754125, 0.10661414059540038]], "ideal": "B", "sampled": "B", "correct": true}}
{"type": "result", "data": {"idx": 7, "options": ["The only social responsibility of business is to its shareholders", "Managers should act in ways that balance the interest of society and shareholders", "The primary responsibility organizations have is to its employees", "The primary responsibility organizations have is to its stakeholders"], "probs": [[0.7274722425731412, 0.08315015610910355, 0.036876712122562105, 0.152500889095181], [0.7221686474288962, 0.07701601555626285, 0.16649092487850783, 0.034324412036351504], [0.36277587442263426, 0.031533072988102734, 0.06560222252000318, 0.5400888299692732], [0.6121320150063672, 0.039275247850330944, 0.18397679166387573, 0.1646159453794357], [0.8382460410823062, 0.06101646714335968, 0.07225491241753784, 0.028482579256814373], [0.7859501807135447, 0.08580595956918198, 0.02983389344881047, 0.09840996616845325], [0.019449326895194432, 0.7630798944686646, 0.06369697628413445, 0.1537738022519928], [0.023536362596627378, 0.7782708998023314, 0.13531187328205244, 0.0628808642190157], [0.008129768178992055, 0.007173956123979656, 0.8539274502501583, 0.13076882534684592], [0.004319975827735168, 0.0025559757616155413, 0.010767030010175488, 0.9823570183004501], [0.012556222602591302, 0.012859207251656632, 0.9214299539571855, 0.05315461608858149], [0.005451126048989662, 0.004620032704506408, 0.008837004506270596, 0.9810918366402446], [0.00840624007795281, 0.5613522502426508, 0.07902326961893096, 0.3512182399604766], [0.009525215079934661, 0.66620857760998, 0.1194773016944892, 0.20478890551559456], [0.0056285248698441275, 0.010105887927255036, 0.7955353831671701, 0.1887302039357085], [0.0028087099987875257, 0.003489743049445299, 0.0119954441225301, 0.9817061027292385], [0.006109191810593324, 0.010389792939903409, 0.8370673541688132, 0.14643366098067812], [0.002389163594657387, 0.0031106442800938076, 0.010525203612989682, 0.9839749884122803], [0.021185804422239215, 0.8124338820173771, 0.10022137108398019, 0.06615894237639569], [0.017849148008301296, 0.7460056312780955, 0.05042228587924365, 0.18572293473435492], [0.013057927699679133, 0.014685191681717056, 0.9143167221872792, 0.05794015833132471], [0.00649855658439946, 0.005509334774309519, 0.010877028532542523, 0.9771150800087341], [0.010980885384826711, 0.009543807047303673, 0.8120392010269781, 0.16743610644089493], [0.005518193479955996, 0.0032412033057163682, 0.013331437131607109, 0.9779091659827217]], "ideal": "A", "sampled": "A", "correct": true}}
{"type": "result", "data": {"idx": 8, "options": ["Legal, Interactions, Mechanics", "Civil, Relations, Outcomes", "Political, Interactions, Outcomes", "Environmental, Relations, Mechanics"], "probs": [[0.18736235257128928, 0.10188256597832052, 0.5637208272751923, 0.14703425407520473], [0.2164233010881064, 0.19546899024185913, 0.22849582203620372, 0.359611886533839], [0.1839429932181676, 0.17545263434220457, 0.4996765747375512, 0.1409277976020734], [0.1711609111652525, 0.27784625284797243, 0.1498470634363995, 0.4011457724503814], [0.18148433644187564, 0.17311282053096722, 0.2789282952476391, 0.3664745476795132], [0.1307075143165139, 0.1017278952336443, 0.37477373080474774, 0.3927908595450897], [0.12484969470449439, 0.18020375720879325, 0.5420726060987562, 0.15287394188796785], [0.1276500423917278, 0.2720282222672356, 0.26176960135251043, 0.33855213388852207], [0.10635208969958156, 0.19397950813824583, 0.5189618673852475, 0.1807065346769379], [0.12284356102625424, 0.2900764887217853, 0.13808004007704544, 0.448999910074919], [0.08829671412012849, 0.10481582247996575, 0.503722312057441, 0.30316515124247756], [0.10887860059383479, 0.15586186208542732, 0.31483484789231353, 0.4204246893284167], [0.17930645412551233, 0.21447302596899503, 0.4504867276654505, 0.1557337921400331], [0.12912031843558622, 0.20136917974991503, 0.17493829772498568, 0.4945722039895138], [0.13915042607476677, 0.14814091632379908, 0.4742668375124637, 0.23844181998897354], [0.15197931848434265, 0.2029572523464174, 0.12697772688686662, 0.5180857021823635], [0.10906096823224956, 0.07262300419446954, 0.6271778032802732, 0.19113822419302284], [0.15175331257107766, 0.11728529585351062, 0.18888656279793134, 0.5420748286774733], [0.1001751644913121, 0.23104071362382486, 0.2536878838696777, 0.41509623791518624], [0.07406725731165599, 0.1129209065754473, 0.4129215264109947, 0.40009030960190567], [0.08519554020881763, 0.08783831874199544, 0.4823603146149178, 0.34460582633425907], [0.07909617722720165, 0.09839315096910092, 0.28676698540045337, 0.5357436863032201], [0.07511901186226269, 0.07807080902971568, 0.6380392846716686, 0.20877089433635113], [0.08861544944628323, 0.17614745512912727, 0.23337926941852172, 0.5018578259060833]], "ideal": "B", "sampled": "A", "correct": false}}
{"type": "result", "data": {"idx": 9, "options": ["Dynamic", "Fluid", "Flexible", "Modern"], "probs": [[0.11930389884471966, 0.4129670012882333, 0.42557934164110256, 0.04214975812594068], [0.07252493568521409, 0.3197672571017578, 0.024662224127592704, 0.5830455829854236], [0.07726584128854061, 0.1015425047733877, 0.797641603509163, 0.023550050328912376], [0.0571606420956558, 0.1565433955513265, 0.022895928845479464, 0.7634000334075443], [0.03417384473653791, 0.009053171554132034, 0.7942382100514342, 0.16253477355787804], [0.02729114047795569, 0.008525352665552887, 0.16829465114157058, 0.7958888556149372], [0.08100733343304704, 0.16882645805020205, 0.6987427048929231, 0.05142350352381827], [0.04613334621723886, 0.07143854515250253, 0.019986956928876743, 0.8624411516013972], [0.040251264416979037, 0.8390605799857009, 0.08913296938165478, 0.031555186115645326], [0.03395217534056521, 0.8669053603433227, 0.022219213085542377, 0.07692325113057763], [0.04192228044805552, 0.016417131410587264, 0.12110604126784504, 0.82055454677349], [0.05153838983406249, 0.023059339338837723, 0.7328374422044781, 0.19256482852263523], [0.16571186299422647, 0.062422501535235146, 0.7419398324558408, 0.029925802914710413], [0.1508796367277717, 0.05818369759743982, 0.025599239230527582, 0.7653374263442707], [0.3848700918636479, 0.4716413461978073, 0.10596025778505237, 0.037528304053494915], [0.3563538973601272, 0.5184200669727024, 0.028573281298287696, 0.09665275426888939], [0.14013610810083352, 0.01687848882839231, 0.10403511115703451, 0.7389502918137241], [0.14288783759746695, 0.015205466215743205, 0.7422289671796036, 0.09967772890719155], [0.017824322968370714, 0.08894975194041842, 0.6716595332657332, 0.22156639172546438], [0.01390906948662807, 0.054913649940536054, 0.2087004030322641, 0.7224768774405909], [0.018265138677445007, 0.21019899465177463, 0.13459273448835526, 0.6369431320824488], [0.021882647821985943, 0.21366763897291852, 0.5846399898110473, 0.17980972329402406], [0.01363996288070719, 0.18938010303331818, 0.0827052107270388, 0.7142747232589526], [0.019843756664983822, 0.4036763641568283, 0.4464970394938898, 0.1299828395843176]], "ideal": "C", "sampled": "B", "correct": false}}
{"type": "result", "data": {"idx": 10, "options": ["Breadth, Clarity, Accuracy", "Disclosure, Detail, Accuracy", "Disclosure, Clarity, Accuracy", "Disclosure, Clarity, Efficiency"], "probs": [[0.26179968260328573, 0.09129744638391414, 0.4669381851986647, 0.17996468571410928], [0.11786276497296257, 0.03654870786736, 0.058806765114271846, 0.7867817619454184], [0.3765857002449703, 0.21482853838812907, 0.17108828811312163, 0.23749747315379538], [0.4057313169407763, 0.2157134894380691, 0.21208123321036207, 0.16647396031080053], [0.06970260050639443, 0.0270980307263118, 0.04065401936531114, 0.8625453493019893], [0.126963767980589, 0.06238975279447832, 0.6701475318142323, 0.1404989473107063], [0.25291143794982157, 0.10068913229832788, 0.40120350796637977, 0.24519592168547324], [0.07257947849747007, 0.032479441801647004, 0.045061398750894294, 0.8498796808499852], [0.45519767955242896, 0.15877342409367773, 0.12257794682108045, 0.2634509494327998], [0.43977265705302243, 0.16332480291126542, 0.15205088580619136, 0.24485165412951396], [0.060440796537878004, 0.02056658005922041, 0.03110583046435104, 0.8878867928385668], [0.22686339436490147, 0.07032563062069916, 0.48798487585205946, 0.21482609906234768], [0.6176006261773171, 0.06217053143171469, 0.11335851923076284, 0.2068703230602267], [0.6313754606151838, 0.0583216153502593, 0.1177119435998575, 0.19259098033471037], [0.6187186391027255, 0.05497382416843275, 0.12379555854292643, 0.2025119780859182], [0.6298913703574512, 0.055094052662078306, 0.11839313084187145, 0.19662144603861534], [0.7039025516393029, 0.056974046157608094, 0.09383159816517876, 0.14529180393792004], [0.6472371421582429, 0.060297677353368266, 0.09041135015321086, 0.20205383023518045], [0.029547821680196026, 0.018633487068510403, 0.04006680352837616, 0.9117518876229337], [0.05891040111705654, 0.044816395983543846, 0.7458851332381815, 0.15038806956121842], [0.0296031092155462, 0.018533066262290072, 0.03149013031676814, 0.9203736941053894], [0.13638851787988773, 0.08806076259448016, 0.5693981196363115, 0.20615259978932338], [0.22718371550836922, 0.37769659891602725, 0.1377516581157618, 0.25736802735983527], [0.20660175869694244, 0.3744947566364152, 0.1596195826015, 0.25928390196515333]], "ideal": "C", "sampled": "C", "correct": true}}
{"type": "result", "data": {"idx": 11, "options": ["Indistinguishable, Perpetual, Does not own its own assets", "Independent, Limited, Owns its own assets", "Independent, Perpetual, Owns its own assets", "Indistinguishable, Perpetual, Owns its own assets"], "probs": [[0.21097937465712985, 0.3817692500694355, 0.319294051730982, 0.08795732344245796], [0.1940584428162628, 0.40124166882195406, 0.17955394808610373, 0.22514594017568063], [0.108815938982123, 0.7258438077908567, 0.09830353859234343, 0.06703671453467307], [0.12170483983401396, 0.7111453097337851, 0.09333561694495668, 0.07381423338726303], [0.17865183673385857, 0.3902508806361883, 0.26197640801104355, 0.16912087451890767], [0.18139183586251745, 0.1992766664221975, 0.5167665666057039, 0.10256493100956862], [0.2847967737746414, 0.06928310246500485, 0.5576818029227492, 0.08823832073757762], [0.1904977968756198, 0.05460458550554524, 0.07944078319123148, 0.6754568343275982], [0.34922817162499603, 0.4147634630751995, 0.05483965363278685, 0.18116871156702813], [0.3666425753659539, 0.4671836095970844, 0.09721403185821736, 0.0689597830787482], [0.2132302100830789, 0.07906308912475328, 0.04543986475469133, 0.6622668359374834], [0.236505018092207, 0.060298215159076365, 0.6583741301578119, 0.044822636490903574], [0.535120921464484, 0.08345858968472475, 0.2799959224587074, 0.10142456629207024], [0.5111229378086009, 0.11408158508545968, 0.09910419331412298, 0.2756912836918288], [0.42845740872428745, 0.3553824294717557, 0.06325272482179431, 0.15290743688217345], [0.4713459733011314, 0.3530448945138077, 0.1043880734596325, 0.07122105862542256], [0.4716935406011572, 0.1592576808686303, 0.08728078775168495, 0.28176799067853037], [0.41297573377792757, 0.0921815938987968, 0.42303687033064025, 0.07180580189265089], [0.2562554619813366, 0.08927525581654767, 0.2727377739283989, 0.3817315081737171], [0.30917734558063215, 0.08932283541023762, 0.4715844950440269, 0.12991532386509702], [0.25163480418097356, 0.38390202113724053, 0.07681583124338125, 0.28764734333841024], [0.3378446151998885, 0.39217216866516874, 0.22349496211394873, 0.04648825392099125], [0.2385542946990806, 0.5949316666331964, 0.06225961970603281, 0.10425441886167687], [0.2298132870063776, 0.5688704918370642, 0.15197187623036856, 0.049344344826203576]], "ideal": "C", "sampled": "C", "correct": true}}
{"type": "result", "data": {"idx": 12, "options": ["Private services, social, economic and environmental", "Public services, social, cultural and environmental", "Private services, cultural, economic and environmental", "Public services, social, economic and environmental"], "probs": [[0.04609529897619048, 0.021601716732250295, 0.015197584876461584, 0.9171053993150823], [0.04532191288451847, 0.024255489621068202, 0.8814893657864302, 0.04893323160798002], [0.010169105954279356, 0.006661547427709366, 0.011506840298346636, 0.9716625062196492], [0.12470094879702301, 0.033601980684739914, 0.6532036208324237, 0.18849344958580846], [0.12743060646299034, 0.7440325920200708, 0.07375857097664529, 0.054778230440278075], [0.08409989302090183, 0.6927933891564624, 0.040969034758874034, 0.18213768296376892], [0.2127140982059159, 0.048989353940669444, 0.047106051447422546, 0.6911904963059713], [0.3230808884551542, 0.05081332458869706, 0.5457068130067828, 0.08039897384935767], [0.10079608830562282, 0.02130593532787594, 0.054378515534691016, 0.8235194607318054], [0.21315202472789826, 0.03149654920202799, 0.6367753544808161, 0.11857607148925986], [0.11436952837517289, 0.7811795752436679, 0.04276193315436973, 0.06168896312678168], [0.10861883196784713, 0.7713519272369109, 0.03933189847473447, 0.0806973422205039], [0.012225266913340156, 0.036467306799418814, 0.0334610721275705, 0.917846354059672], [0.08369510010441578, 0.23834735808116084, 0.4850843035732863, 0.19287323814112436], [0.07802789939183122, 0.1066216603426882, 0.2119475928675126, 0.6034028472979556], [0.053563225673907824, 0.06983016956122973, 0.6885518750552629, 0.18805472960961483], [0.10070349629935141, 0.461499873350263, 0.2376757011955841, 0.2001209290547989], [0.09121302318813845, 0.44855125604820273, 0.1662824776258587, 0.2939532430377956], [0.7961255856328604, 0.05021359524568552, 0.08017008483418282, 0.0734907341872954], [0.4901428340384616, 0.05680871407274002, 0.04670898981550758, 0.40633946197330423], [0.7002522487803943, 0.17327325510849487, 0.053227093926533506, 0.07324740208459075], [0.5743002106677112, 0.14768205936629386, 0.04606421192847675, 0.231953517937547], [0.5311391269389448, 0.034027847337074854, 0.17398577580148755, 0.2608472498224583], [0.609840977199624, 0.030899606313955545, 0.17766749164919182, 0.18159192473723912]], "ideal": "D", "sampled": "D", "correct": true}}
{"type": "result", "data": {"idx": 13, "options": ["Predatory pricing", "Deceptive pricing", "Price fixing", "Skimming"], "probs": [[0.09618085380696126, 0.7149271358078552, 0.05137991117318575, 0.13751209911201523], [0.08671433771325066, 0.7079335281078283, 0.14052320225447557, 0.0648289318244487], [0.02267338083540337, 0.014649349632262549, 0.9176929118212728, 0.044984357611059185], [0.014171791300845324, 0.009359515014303049, 0.03785120158126737, 0.9386174920035935], [0.02862175368400406, 0.034503786830342276, 0.8953175262160958, 0.04155693316954752], [0.020713636194932657, 0.020536778450986354, 0.015740994902216563, 0.9430085903518584], [0.9299745984120049, 0.03846294134861972, 0.011636769348255374, 0.019925690791127847], [0.862945192271947, 0.06876600163368456, 0.03706914854122785, 0.03121965745314036], [0.9041820957394195, 0.026755682625457834, 0.03425596033772573, 0.034806261197413], [0.7876070057166299, 0.030866360502106813, 0.034649245845691574, 0.14687738783555868], [0.9007645992188438, 0.039684621932293655, 0.03336380236535484, 0.026186976383490965], [0.9081370267249098, 0.033933359885801206, 0.012679331053316334, 0.04525028223595761], [0.013121011811502152, 0.015212090196667584, 0.9316828379809592, 0.03998405991088962], [0.009836059320371215, 0.015219066005192525, 0.049074160865761725, 0.9258707137086934], [0.030406771790672613, 0.7633725986526689, 0.13060272724742258, 0.07561790220924228], [0.02809728231965251, 0.6730746827363553, 0.10734684975096244, 0.19148118509300685], [0.0091966667118452, 0.014902521208885165, 0.033058070955301305, 0.9428427410239596], [0.005883427275963529, 0.010801751454502203, 0.8971854943827061, 0.08612932678682356], [0.051995406671283086, 0.04416544450953271, 0.8580084218019629, 0.045830726917232736], [0.037423143596829384, 0.035680885388829284, 0.02213868453799831, 0.9047572863763353], [0.06761785047071037, 0.7968260604369595, 0.09297213075956633, 0.042583958232778364], [0.06972684407091229, 0.7832603114063061, 0.03581591721744496, 0.11119692720532277], [0.025836954381122424, 0.013719042253156618, 0.029920724326293974, 0.9305232789394251], [0.01817434053958418, 0.012891375121446438, 0.8596578962933598, 0.10927638794559552]], "ideal": "B", "sampled": "B", "correct": true}}
{"type": "result", "data": {"idx": 14, "options": ["Normative, Descriptive and Economic", "Normative, Moral and Instrumental", "Political, Descriptive and Instrumental", "Normative, Descriptive and Instrumental"], "probs": [[0.04366880765889392, 0.14768900469632024, 0.05919398866364204, 0.7494481988811337], [0.07913897684946153, 0.1727820259946947, 0.6217488611154546, 0.1263301359403982], [0.03132543963407356, 0.039605072042644275, 0.06947043772680002, 0.8595990504964985], [0.04595911121586006, 0.06279632659283564, 0.7069461052013031, 0.18429845689001054], [0.08443780395885632, 0.5993954442475068, 0.16914472840380934, 0.14702202328984765], [0.08445184141380845, 0.6039249815498194, 0.09946577234302661, 0.21215740459333599], [0.05020181670297154, 0.07249070188098303, 0.04193269597139332, 0.8353747853446544], [0.07530815804444359, 0.11302768593142502, 0.6865850569898733, 0.1250790989342536], [0.02423605156085888, 0.028314293488616443, 0.06039994008239603, 0.8870497147681337], [0.056238404861774435, 0.05666018693749614, 0.6375714126010037, 0.24952999549972105], [0.09555464469560106, 0.28721020588307666, 0.43459199978104274, 0.18264314954026947], [0.10985804687919436, 0.38345863044611483, 0.08897285737405987, 0.4177104652006402], [0.04222112146469918, 0.10526770060921271, 0.15558794232483666, 0.6969232355012465], [0.039145537526881054, 0.085470566389707, 0.6020825578910789, 0.27330133809232987], [0.03512014853184708, 0.09541239124880713, 0.07088319529127877, 0.7985842648280667], [0.07128017420670896, 0.25650012487591267, 0.4294945014282295, 0.24272519938917267], [0.06886594899596614, 0.3958732045542035, 0.22918116731580196, 0.3060796790340328], [0.06096439733140493, 0.31914497907611356, 0.36735244715154886, 0.25253817634092435], [0.171640912088632, 0.20880100743250127, 0.4382851357749828, 0.1812729446038847], [0.16336010828196415, 0.28880913589974316, 0.12427339597516653, 0.423557359743127], [0.123503632847124, 0.15138710478801812, 0.557677067870458, 0.16743219439440435], [0.13103879457700898, 0.24866513017991626, 0.10608332599318947, 0.5142127491499102], [0.06419738341674734, 0.05159435358956548, 0.6226778732175795, 0.26153038967612485], [0.09831877970576698, 0.06553937665113402, 0.3855271753962264, 0.4506146681468811]], "ideal": "D", "sampled": "D", "correct": true}}
{"type": "result", "data": {"idx": 15, "options": ["Work-life balance", "Healthy and safe working conditions", "Employee privacy", "Free Speech"], "probs": [[0.04157631498230195, 0.9012263034533886, 0.03664797650013081, 0.020549404964188542], [0.032449900476127454, 0.8961554061326561, 0.052184362701503284, 0.019210330589696404], [0.01335670957576059, 0.017551974336041016, 0.9553378819082722, 0.013753434079912152], [0.0038480310022892456, 0.0050907466798941915, 0.008126654700507711, 0.982934567517293], [0.00809626074288557, 0.014754196959629484, 0.9612302123608952, 0.01591932983658107], [0.0036150455994642112, 0.004598967483622119, 0.008514566466093974, 0.9832714203508108], [0.9596368167717139, 0.020308315922719197, 0.010926005547605018, 0.009128861657981553], [0.9496178803872978, 0.023329314283265245, 0.014895454087119361, 0.01215735114230513], [0.9596778912269325, 0.01879384460428448, 0.010344928283180304, 0.011183335785615929], [0.9451140296361429, 0.021616115239926435, 0.018450244972451752, 0.01481961005149876], [0.955931257616446, 0.01886872082645395, 0.01333977121536625, 0.011860250241724745], [0.9562725441511286, 0.017048277659421435, 0.01660517957824795, 0.010073998511189173], [0.012198258024061192, 0.01615416465370618, 0.9583762773640041, 0.013271299858219374], [0.0037814010489383536, 0.005620729347967265, 0.009333534768736539, 0.9812643347343715], [0.03610447427265383, 0.9079118553258803, 0.035763934618054924, 0.02021973568342309], [0.028750995551878576, 0.9068720912730271, 0.04583964633027084, 0.018537266744845068], [0.003933417866162139, 0.0057137423710206005, 0.008838431258046994, 0.9815144084047539], [0.007567354256766667, 0.013366294137489663, 0.9645124907532789, 0.014553860752454337], [0.006934840365799749, 0.014208410398772077, 0.9632794751802085, 0.015577273955238322], [0.002788569333004181, 0.004808264549910513, 0.010746654845195547, 0.9816565111718931], [0.023188758307420936, 0.8952240938797545, 0.052115090083669144, 0.029472057629136187], [0.023366321263330762, 0.9023820704905854, 0.047831915743750925, 0.026419692402328936], [0.003340503388710739, 0.004969514300489432, 0.008988404723983844, 0.9827015774868296], [0.006102296086658927, 0.011656542076359515, 0.9678685136650169, 0.014372648071945493]], "ideal": "B", "sampled": "B", "correct": true}}
{"type": "result", "data": {"idx": 16, "options": ["To make a profit", "To procure resources", "To communicate with shareholders", "To mediate between the organisation and the environment"], "probs": [[0.8661784766870231, 0.03994590853996467, 0.017587113406140283, 0.07628850126688252], [0.8115859218965917, 0.04884303776664247, 0.09191476797773229, 0.04765627225901023], [0.8001370372832934, 0.034398333137775905, 0.03687528109515774, 0.12858934838377703], [0.8441214116607776, 0.038933230783749835, 0.06419897423469748, 0.05274638322078099], [0.8530908466334314, 0.06482395926223226, 0.04059027680731856, 0.04149491719702864], [0.8926137863104321, 0.05452555321220988, 0.024387518539659755, 0.02847314183771523], [0.1125649540790094, 0.6727734986042746, 0.05113980009395962, 0.16352174712274503], [0.12704731335587596, 0.5866681735436542, 0.20622032994821338, 0.08006418305224779], [0.0436920148181927, 0.011132653482130396, 0.8371860303044305, 0.1079893012952652], [0.019797031888632306, 0.005757859941367597, 0.015052438950051908, 0.9593926691199494], [0.055430080574506845, 0.02382964117150935, 0.8730171522040721, 0.047723125949900705], [0.04496352390407729, 0.02190008064513916, 0.017471064512599194, 0.9156653308381741], [0.04525401867623217, 0.7063406844803535, 0.08318233398719345, 0.16522296275620718], [0.061418028917988546, 0.7469703050710509, 0.10776206300592255, 0.08384960290503336], [0.025954874472335954, 0.015363829975535512, 0.8388658914864277, 0.11981540396570584], [0.013293854940019518, 0.008376382181501857, 0.018883712938016415, 0.9594460498404556], [0.03323418945301406, 0.01696727024040003, 0.8906166729979865, 0.05918186720859984], [0.016235994304112746, 0.009461734489667114, 0.017812781197493608, 0.9564894899087413], [0.06117592627900579, 0.8563852623972151, 0.0397959467598819, 0.0426428644639215], [0.0679251571753796, 0.8653477294831213, 0.034689511115928495, 0.03203760212557132], [0.03817280302592567, 0.01392153024394231, 0.9094817996821134, 0.03842386694801495], [0.02847510259068005, 0.011057049100182546, 0.012060078515979443, 0.9484077696931458], [0.04495012411530923, 0.013174226680724656, 0.8955406086574096, 0.04633504044656923], [0.022562777527173054, 0.007609834599149624, 0.01274748919556628, 0.9570798985781127]], "ideal": "A", "sampled": "A", "correct": true}}
