{"type": "result", "data": {"idx": 0, "options": ["Loop gain should be unity", "Loop gain should be less than unity", "The phase of a feedback signal with respect to input should be 0\u00b0 or 360\u00b0", "Both A and C"], "probs": [[0.05838567512889524, 0.044297793355025865, 0.041391288587633045, 0.8559252428284477], [0.18924558493740656, 0.2313828112996677, 0.2752805238076995, 0.304091079855226], [0.07962694297745773, 0.0424752357666612, 0.2181979240594983, 0.6596998970963984], [0.10729668161679155, 0.07072030451160247, 0.3153679139449941, 0.5066150998266272], [0.04748261613739998, 0.05035745307589397, 0.7529769475808233, 0.14918298310587494], [0.05394280808516784, 0.04417285142418765, 0.18228636489166528, 0.7195979754989666], [0.06294515986285916, 0.023092840537500926, 0.032931501848080046, 0.8810304976515408], [0.32205242045309634, 0.1140335318583685, 0.32493796925062296, 0.23897607833792156], [0.1572059023947814, 0.041596523635907656, 0.1660732526709218, 0.6351243211983774], [0.22609398119106486, 0.05750396646747613, 0.39083602807983386, 0.3255660241616155], [0.10847328279599326, 0.07042674055739578, 0.6586810009882068, 0.1624189755583773], [0.11824022947991326, 0.050289785776449894, 0.07993699945428276, 0.7515329851893376], [0.04320575733020877, 0.034341882502482685, 0.199714812990869, 0.7227375470764428], [0.049587833022473875, 0.05465343115881141, 0.36884115915202775, 0.5269175765666838], [0.052082041610822, 0.046927731870087995, 0.1318395834831016, 0.7691506429359665], [0.06882578352167494, 0.0847082898769514, 0.45173813098658044, 0.39472779551480214], [0.049964960450375705, 0.05463594627677046, 0.278523857849854, 0.6168752353230226], [0.0379029394550464, 0.044089855623084664, 0.5917768026178896, 0.32623040220396077], [0.075667091874787, 0.07370283383661864, 0.7514405273512614, 0.09918954683732445], [0.07525765035090101, 0.09332154630288499, 0.19806486864931933, 0.633355934596898], [0.08962686979026392, 0.1680811945186016, 0.6210870820879522, 0.12120485350318864], [0.06615651468340066, 0.12503913164032374, 0.09914011693799558, 0.7096642366382769], [0.08150464239274613, 0.061781531769149564, 0.4070072571827841, 0.44970656855531693], [0.06545229831952633, 0.052019290274987945, 0.5185774323801898, 0.36395097892529926]], "ideal": "D", "sampled": "B", "correct": false}}
{"type": "result", "data": {"idx": 1, "options": ["It loads the circuit moderately.", "It loads the circuit to maximum extent.", "It uses centre zero galvanometer instead of voltmeter.", "It does not load the circuit at all."], "probs": [[0.19849675759447466, 0.14297206525591055, 0.2908643357312863, 0.36766684131832444], [0.18265540142453637, 0.14008563348795453, 0.3924488987883038, 0.2848100661992128], [0.22842672387360247, 0.2799206494428829, 0.21622733099553343, 0.2754252955879872], [0.1964611596811268, 0.11822437670032933, 0.5725615789632678, 0.11275288455528434], [0.15292451411550675, 0.4669189299561901, 0.17446155605153646, 0.20569499977676012], [0.1869425533574321, 0.45541619021177476, 0.2219411181657893, 0.13570013816501023], [0.1421479284677966, 0.2675266015575313, 0.3102007089313312, 0.28012476094334743], [0.1352067556160331, 0.2883600891581407, 0.28599667727270855, 0.29043647785312904], [0.14351447503803774, 0.22754362232044836, 0.3868317878759323, 0.24211011466557456], [0.14717359918320574, 0.2580205835776507, 0.3136761867207825, 0.2811296304183566], [0.11649832997116168, 0.16164421897814674, 0.4636952732483562, 0.25816217770234884], [0.09126376563190218, 0.11088195688328957, 0.15508242041557968, 0.6427718569692484], [0.2663251660340341, 0.20100399459270135, 0.255923720801712, 0.27674711847153693], [0.24076652914931673, 0.13615505673245992, 0.4712421623952074, 0.15183625162301792], [0.2560689736645556, 0.12782799305608286, 0.34988915858870945, 0.26621387459064083], [0.19884840748737684, 0.1294758425536369, 0.15604476395275435, 0.5156309859062417], [0.21739275569902666, 0.3996456783571439, 0.1772797829066397, 0.20568178293718084], [0.17147614607418937, 0.3746087519977491, 0.14103210794530677, 0.3128829938827692], [0.34513110401072106, 0.2546596215307042, 0.21261997574219832, 0.1875892986163809], [0.3203824431302264, 0.2595064892453725, 0.1911982195433828, 0.22891284798103304], [0.31390519660016475, 0.1472689703633324, 0.33139214099927944, 0.2074336919372158], [0.16895262884359902, 0.0911648940214039, 0.11250901975855639, 0.6273734572764231], [0.2666604674184783, 0.15566531355178656, 0.3700272407729474, 0.20764697815678226], [0.21203078902499872, 0.1930769709271829, 0.12461132797795521, 0.47028091196985805]], "ideal": "D", "sampled": "D", "correct": true}}
{"type": "result", "data": {"idx": 2, "options": ["NOR, NAND.", "XOR, NOR, NAND.", "OR, NOT, AND.", "NOR, NAND, XNOR."], "probs": [[0.08836508217194375, 0.22739694735752664, 0.31810742914126855, 0.3661305412292578], [0.08343573789477934, 0.23210237195517391, 0.17792902306287744, 0.5065328669871462], [0.12987489349050846, 0.26237686963038603, 0.2814361527918224, 0.3263120839872851], [0.08527705184046856, 0.19825535533221636, 0.10608654235437971, 0.6103810503729521], [0.10248884204281339, 0.16493996641429817, 0.25550649447176965, 0.47706469697111914], [0.07068729771068089, 0.08723394109026159, 0.18764354214833057, 0.6544352189507274], [0.27455904079783455, 0.09269309202368987, 0.22067078526742295, 0.4120770818110598], [0.21687643380508298, 0.08969320590938482, 0.2381396519470167, 0.4552907082385285], [0.2821102557439004, 0.18644864578995796, 0.11130086858229159, 0.4201402297838625], [0.3921481873805744, 0.25726834270631554, 0.14878957895999362, 0.20179389085313074], [0.32441035995228534, 0.163115738545744, 0.14510577449309298, 0.3673681269088866], [0.3552510492016159, 0.15639808165177294, 0.2461015392379829, 0.24224932980863242], [0.10620426429675377, 0.10129610613989194, 0.46818280598526346, 0.3243168234780869], [0.09189323036892563, 0.11706319636724724, 0.21526388034644184, 0.5757796928173763], [0.0759382012056097, 0.42334085740105365, 0.09675013755089265, 0.40397080374244904], [0.0903171142833312, 0.49571684951997086, 0.16478948049359035, 0.24917655560311405], [0.04676762154084427, 0.09222873241194232, 0.05213089046255192, 0.8088727554846495], [0.14515639537354805, 0.3070841437706113, 0.38215292874415074, 0.16560653201169687], [0.07019451051473316, 0.06540637309631751, 0.36205510594470336, 0.5023440103442651], [0.06695323414010572, 0.06048728867248641, 0.1966845565534532, 0.675874920533967], [0.09184888218512363, 0.2237449819741511, 0.09041187120625549, 0.5939942645344571], [0.13382505162919914, 0.28101577376176035, 0.30864846056350886, 0.27651071394551796], [0.054661301994149515, 0.15097122886155703, 0.06906244938792411, 0.7253050196563751], [0.15143491277915921, 0.36021388993890247, 0.3154977256590898, 0.17285347152285752]], "ideal": "A", "sampled": "B", "correct": false}}
{"type": "result", "data": {"idx": 3, "options": ["30\u00b0 to 150\u00b0.", "30\u00b0 to 180\u00b0.", "60\u00b0 to 120\u00b0.", "60\u00b0 to 180\u00b0."], "probs": [[0.26097857036529015, 0.18524235601049382, 0.24143186415891252, 0.31234720936529764], [0.22782017755647085, 0.15782946925166538, 0.34999407493416346, 0.26435627815769475], [0.2265965944716752, 0.13972685486955136, 0.2450844629905803, 0.3885920875682076], [0.1873453325656795, 0.12485755099974895, 0.2349156654075851, 0.4528814509269907], [0.292970238040403, 0.1695750141314399, 0.33459774928701613, 0.20285699844115332], [0.22650312427841537, 0.15943210825182905, 0.2195411046973288, 0.3945236626724171], [0.22870661668538084, 0.1867031618816403, 0.249268326968233, 0.3353218943647423], [0.21317654956624407, 0.15844690233514588, 0.35689969931799104, 0.27147684868060296], [0.20070202644290602, 0.1266504190882142, 0.24779636127396432, 0.4248511930949048], [0.19696507227182405, 0.14198836504702567, 0.40420013845712255, 0.2568464241240103], [0.2570408078832514, 0.18509827780104401, 0.2822512465343998, 0.2756096676813055], [0.21682226723305714, 0.17422171890020888, 0.30328668491424304, 0.30566932885249565], [0.15799415460053542, 0.12796354966426313, 0.2352629838305033, 0.4787793118047009], [0.19025748552353555, 0.12878378696115556, 0.33917163084297525, 0.3417870965723149], [0.19539770049960228, 0.1363977183863797, 0.20309577592037417, 0.4651088050936467], [0.2207756225861399, 0.13291543971680148, 0.435706775030639, 0.21060216256641362], [0.2611890983952314, 0.19121554516708814, 0.2717289470940809, 0.27586640924361233], [0.25263343614997064, 0.16969724423334076, 0.31917627925298814, 0.2584930402636965], [0.23184919641732965, 0.1778792456592654, 0.34535857466385056, 0.2449129831595626], [0.23200211902243792, 0.17116943994973377, 0.3148222807511249, 0.28200616017670427], [0.2251554786792484, 0.1897700951352739, 0.2891310122076544, 0.29594341387781176], [0.24542196149537954, 0.19121502963173964, 0.3328782910167169, 0.23048471775616816], [0.28685993089887674, 0.22521249022781772, 0.22869090365902778, 0.2592366751142947], [0.24318965829230513, 0.17114038521669694, 0.3247690592100807, 0.2609008971809316]], "ideal": "A", "sampled": "D", "correct": false}}
{"type": "result", "data": {"idx": 4, "options": ["Data Box.", "Logical box.", "Decision box.", "State box."], "probs": [[0.2943001959730015, 0.10260972630627259, 0.19133717898577143, 0.4117528986349674], [0.28190715444777137, 0.08949449370506624, 0.38186008645816466, 0.24673826528898893], [0.26268094562895455, 0.11214894008974102, 0.1383076180291872, 0.48686249615213323], [0.2633114709438989, 0.1082086847954418, 0.46885805225114635, 0.15962179190952305], [0.3263093921034691, 0.28799915308316704, 0.14131466490598715, 0.24437678980737373], [0.35712940573868285, 0.3081120741831522, 0.16334899161800637, 0.1714095283601753], [0.24476827631772696, 0.10058890567443052, 0.40982781061272555, 0.244815007295115], [0.23741752890013929, 0.092347103693347, 0.2817862288397289, 0.3884491384667967], [0.3306232131662363, 0.1992338808682958, 0.136649368419635, 0.33349353744584115], [0.2516988342900162, 0.12980577323382883, 0.5118673990691183, 0.10662799330702367], [0.31465307394079856, 0.2756201706281447, 0.09738819046281895, 0.3123385648682403], [0.3144714075833919, 0.2713219626101888, 0.30712611092036585, 0.10708051878603907], [0.6540716388046413, 0.07353012705879473, 0.092009701385827, 0.1803885326507306], [0.6179189670145164, 0.07229383114301849, 0.1944801614511823, 0.11530704029126256], [0.6722956960324151, 0.07987379336048729, 0.07366182970024351, 0.1741686808068335], [0.5999270425676161, 0.07420718462480008, 0.25412006492095435, 0.07174570778662774], [0.735680271816261, 0.08953173068713081, 0.0751510147981464, 0.09963698259844173], [0.7525269299613673, 0.09087577429578081, 0.08711771769855102, 0.06947957794429181], [0.8395250634446371, 0.03910717016449241, 0.05241941491782826, 0.06894835137304384], [0.8186773803271145, 0.0432180795549887, 0.06874370564966367, 0.06936083436825541], [0.8367117043791295, 0.045573023759788236, 0.041649531033912196, 0.07606574072717426], [0.8373004842508572, 0.04528425752473196, 0.07368784137842341, 0.04372741674600478], [0.8150226584801743, 0.05833325188333475, 0.0576255219420906, 0.06901856759441938], [0.8413228902771822, 0.05276398831045193, 0.06432953413060666, 0.04158358718176447]], "ideal": "C", "sampled": "D", "correct": false}}
{"type": "result", "data": {"idx": 5, "options": ["same as that produced by one plate.", "double the field produced by one plate.", "dependent on coordinates of field points.", "zero."], "probs": [[0.19537054541134008, 0.3825414244654256, 0.21108466525335703, 0.2110033647698776], [0.17262390576372244, 0.3683581176715967, 0.1292190006816452, 0.32979897578302775], [0.1673254862899121, 0.23610268047429564, 0.4478431802182833, 0.14872865291751053], [0.11466558779596252, 0.20931855923471374, 0.11638543691443343, 0.5596304159548963], [0.15261294878446036, 0.08179287403878167, 0.5161197712788501, 0.2494744057978964], [0.12263765246444652, 0.08177512221992334, 0.2872585027774761, 0.5083287224381664], [0.15791235019437266, 0.5300566480011284, 0.16026446244719314, 0.1517665392573314], [0.14192694361682376, 0.5272384199887321, 0.14868439309502182, 0.18215024319941955], [0.15577940125158285, 0.10065475227269813, 0.6062402455322787, 0.13732560084343917], [0.08601407302556958, 0.057804831702577504, 0.06542599689297575, 0.7907550982788897], [0.13048177337586023, 0.06720726731444257, 0.6463970435558213, 0.15591391565385046], [0.1121286132577517, 0.04899982890339709, 0.07946762461328062, 0.7594039331255552], [0.11776592238511976, 0.4373729624086992, 0.3125713710516499, 0.13228974405453875], [0.06649011301295546, 0.2932578486337353, 0.10532118769059798, 0.5349308505627222], [0.10419646744455935, 0.20239706196866206, 0.5717603776489824, 0.12164609283781798], [0.038126862349774616, 0.0886699219535659, 0.05249338778078063, 0.8207098278158725], [0.08792185570811173, 0.10771304749800717, 0.3583334445652318, 0.4460316521286441], [0.04634001627383958, 0.04707552101158331, 0.11107092837607156, 0.7955135342385321], [0.1291035270616288, 0.25479075651467376, 0.37328535380268946, 0.24282036252100106], [0.0842869621687445, 0.18708529063782767, 0.2438152401088988, 0.48481250698453376], [0.11323539085435289, 0.19720865395387088, 0.5031430769329153, 0.1864128781588836], [0.07277781525517202, 0.11907092159683544, 0.07388073881311315, 0.7342705242348795], [0.11503587792079663, 0.16880163627527517, 0.3053242197969936, 0.410838265906936], [0.05977063600442082, 0.0749842252863054, 0.12068759117240763, 0.7445575474368451]], "ideal": "D", "sampled": "A", "correct": false}}
{"type": "result", "data": {"idx": 6, "options": ["Low.", "Very low.", "High.", "Almost zero."], "probs": [[0.07474032269672753, 0.02907634558407565, 0.04825468420188773, 0.847928647417291], [0.24786443391250726, 0.07579572576060606, 0.5249374696957358, 0.15140237053114286], [0.33579539665907115, 0.157677452753747, 0.10163755231017137, 0.40488959817699455], [0.2806854625337141, 0.14480060362144984, 0.28736046639639273, 0.2871534673484183], [0.3241910646109016, 0.2841226024860025, 0.2544846031468888, 0.13720172965622415], [0.29222781218518873, 0.26024657014172553, 0.19168426653760123, 0.25584135103545835], [0.15492372221973005, 0.06832994130934215, 0.08829183610470161, 0.6884545002662169], [0.20682017066595088, 0.0863962503301628, 0.5285464221954864, 0.17823715670841506], [0.19441230970353396, 0.18572305982576248, 0.1502064304685955, 0.46965819990210433], [0.1834602036178483, 0.13875269671019402, 0.24127887360885522, 0.43650822596310573], [0.3018956369337757, 0.2487398820748219, 0.29270881712416275, 0.15665566376723367], [0.1988263798254367, 0.16257347641620784, 0.1388168714672722, 0.4997832721910809], [0.12503458195895809, 0.057302550197876355, 0.0701263378727655, 0.7475365298704105], [0.15398731411622604, 0.10603103192719723, 0.5377620083259227, 0.20221964553066837], [0.15366694008383852, 0.17850400694884094, 0.19122016943276848, 0.4766088834345643], [0.16260601478110298, 0.12588060532981762, 0.5330904460374025, 0.1784229337516694], [0.14542235588627256, 0.22552635943341792, 0.4956571410637874, 0.13339414351652615], [0.17419175604343828, 0.2657977038035048, 0.37749996717344203, 0.18251057287959582], [0.2639366480843016, 0.31363018126484815, 0.2055184525854337, 0.21691471796543874], [0.23375449195400927, 0.28432690910964065, 0.2110347188631305, 0.2708838799732158], [0.24037126086984675, 0.2879775034719801, 0.2661947474527544, 0.20545648810543024], [0.20212791830831528, 0.25963007278529504, 0.17548005498077737, 0.36276195382559506], [0.21085960205701987, 0.11851164545927056, 0.4463680853376871, 0.22426066704602932], [0.18399329822000612, 0.10659882260387687, 0.23989073875749992, 0.46951714031862696]], "ideal": "C", "sampled": "D", "correct": false}}
{"type": "result", "data": {"idx": 7, "options": ["Amplitude stability", "Frequency stability", "Power stability", "Both A and B"], "probs": [[0.03212293290923279, 0.010679116755054391, 0.007000791400365957, 0.950197158835358], [0.06026573857112712, 0.03306986443335102, 0.8502146778337316, 0.056449719061793066], [0.025580549379952248, 0.006733298589535464, 0.04016252723517688, 0.9275236246953195], [0.03772247091665703, 0.018982826252129006, 0.7040898493274738, 0.2392048534037424], [0.1495836196399668, 0.29515675001495045, 0.4674065486387359, 0.08785308160633966], [0.1649798400774932, 0.31292675294596617, 0.05691740350522191, 0.46517600337132253], [0.03361393535145515, 0.010417437984337323, 0.007443411885176982, 0.9485252146790067], [0.07292004754469687, 0.0286013061267911, 0.8395974057808453, 0.05888124044764295], [0.031250944552255834, 0.005833633652922453, 0.008611841168965448, 0.9543035805258356], [0.057532037406534085, 0.02120671769170537, 0.8310221858353365, 0.0902390589664225], [0.36005629094344643, 0.48873882406279834, 0.09105301940880396, 0.060151865484959106], [0.3530291897188423, 0.5020261986827288, 0.04929415617949478, 0.09565045531894005], [0.015303791616102, 0.00763711471866831, 0.05539809257831712, 0.9216610009869184], [0.024873927937942054, 0.024657906593338084, 0.6965806157103867, 0.25388754965832666], [0.01520889905968249, 0.007647038381238016, 0.009429988308432164, 0.9677140741506441], [0.04074378393845235, 0.03512085284941878, 0.8427498179791547, 0.08138554513299413], [0.05691434533162462, 0.18935857654660235, 0.12892513033499411, 0.624801947686771], [0.055360904333365275, 0.09191511521017992, 0.704967731065694, 0.14775624929074943], [0.2765703382093125, 0.18898722005290217, 0.4453610331059481, 0.08908140853184864], [0.19505300317705374, 0.08331871933134001, 0.04771760017519763, 0.6739106772164023], [0.3706511579975353, 0.39176219521504524, 0.16056239526957528, 0.07702425141786894], [0.37196371535586287, 0.369505002865959, 0.07318269983162039, 0.185348581846552], [0.20315560970879576, 0.045780471190921324, 0.1952260505946016, 0.5558378684056724], [0.2294253234992532, 0.07463285683233022, 0.5590749493509312, 0.13686687021750746]], "ideal": "D", "sampled": "D", "correct": true}}
{"type": "result", "data": {"idx": 8, "options": ["1.5 KV.", "15 KV.", "33 KV.", "66 KV."], "probs": [[0.2658455673148155, 0.20875432431479116, 0.29437378658200375, 0.2310263216884029], [0.25755498335177524, 0.20878112567128457, 0.20549907693304598, 0.3281648139438803], [0.20635128037868336, 0.11951569959743483, 0.46128043265582774, 0.21285258726804507], [0.22228575091379218, 0.11911411300312653, 0.1458248640378106, 0.5127752719452653], [0.13847676368941458, 0.06972819679233273, 0.5269426823026843, 0.26485235711559607], [0.1962082851450292, 0.09569930438257998, 0.2519680120745709, 0.45612439829782364], [0.1688665538301622, 0.3806017014114764, 0.2576593123849166, 0.19287243227344486], [0.16639314089188065, 0.38401204590248567, 0.18562497375729586, 0.26396983934834506], [0.11824544871159526, 0.085223807351248, 0.6001843542397589, 0.1963463895973929], [0.11844177310111681, 0.08472781795691371, 0.104534602666345, 0.6922958061756093], [0.09189292169166939, 0.05845175722363716, 0.5004522040185706, 0.34920311696611334], [0.09821043071651851, 0.06201541885571533, 0.12513276398429923, 0.714641386343471], [0.12174311813807775, 0.25173269915563556, 0.4452240984189016, 0.18130008418736146], [0.13874035912942145, 0.3125825085834931, 0.140944562541532, 0.4077325696455523], [0.12087062262441757, 0.10674572343538155, 0.6184146003318445, 0.15396905350836804], [0.12957277492455826, 0.16646730655737232, 0.09553119469901585, 0.6084287237190523], [0.08883192877928217, 0.07485243870841876, 0.388963367188373, 0.4473522652239274], [0.08540074230598654, 0.07136486067239081, 0.2956612008872274, 0.5475731960343923], [0.08129126827127162, 0.17081819138142457, 0.4530864273609048, 0.2948041128863966], [0.0932537605460168, 0.22719827626074696, 0.4079166774555312, 0.27163128563769134], [0.0823456366451213, 0.09188994702726731, 0.540940105815764, 0.2848243104118405], [0.08765455619349949, 0.14244553914078614, 0.16633565433735828, 0.6035642502283417], [0.07609489950932888, 0.06933260916711266, 0.5000075101620993, 0.35456498106145873], [0.06776666303551897, 0.06321903213421139, 0.2700070007302989, 0.5990073039999595]], "ideal": "A", "sampled": "A", "correct": true}}
{"type": "result", "data": {"idx": 9, "options": ["1MHz to 500 MHz", "100 KHz to 500 MHz", "1 KHz to 1 MHz", "1MHz to 100 GHz"], "probs": [[0.18790644384246466, 0.1454001787563628, 0.511036766275082, 0.15565661102606126], [0.20663745802850653, 0.37403306851733187, 0.11868925533051343, 0.3006402180236456], [0.17208366868007968, 0.24082501437590612, 0.4329094078215833, 0.15418190902243428], [0.1307725683966333, 0.3185997167455072, 0.0979454438725495, 0.4526822708853166], [0.07706982394657086, 0.04293071970519917, 0.5963896194436713, 0.28360983680454593], [0.0930719378684965, 0.04542182397891475, 0.47624218514054906, 0.38526405291202764], [0.32577112317832224, 0.15534099567069556, 0.38419155687653217, 0.13469632417444305], [0.3731852947612916, 0.2732907583975379, 0.10292777803109662, 0.25059616871006335], [0.31840621908919503, 0.23680337939443608, 0.3339254148547886, 0.11086498656159222], [0.12809884836806779, 0.17785926751868464, 0.06438136061817354, 0.6296605233950566], [0.11067879832523503, 0.05615589577937916, 0.7048847475581625, 0.12828055823723392], [0.10028435629228034, 0.04489186305622963, 0.2601247390676603, 0.5946990414838232], [0.2183807253883071, 0.0933393604479647, 0.44857633033308764, 0.23970358373064216], [0.2934908871650204, 0.09545498445963198, 0.09995194685730774, 0.5111021814180153], [0.2220557946834904, 0.11355840627111523, 0.45592555869068063, 0.2084602402547069], [0.06709143858140655, 0.048374664996377485, 0.04167665646862419, 0.8428572398535812], [0.12795256956051673, 0.05257169533541272, 0.40350482733504933, 0.41597090766901634], [0.12349197622494801, 0.04690061470666668, 0.2455584380789228, 0.5840489708894786], [0.047643321026501664, 0.12749740329697082, 0.4448866867456085, 0.37997258883091845], [0.04803255461188902, 0.08899355377075482, 0.5624992996304183, 0.30047459188694375], [0.06330153189760832, 0.08323320888463506, 0.7186150405262233, 0.13485021859154467], [0.046850788633133314, 0.05185409270135768, 0.6215768560091837, 0.27971826255633786], [0.056671048529125224, 0.17442791348381395, 0.40577147814616155, 0.3631295597409053], [0.048606902518607324, 0.1905639478112522, 0.18339211711886083, 0.5774370324512835]], "ideal": "A", "sampled": "A", "correct": true}}
{"type": "result", "data": {"idx": 10, "options": ["High resistance when forward or reverse biased", "Low resistance when forward biased, while high resistance when reverse bias", "High resistance when forward biased, while low resistance when reverse bias", "Low resistance when forward or reverse biased"], "probs": [[0.09505811374642056, 0.5816534266462314, 0.10931074004431877, 0.21397771946304284], [0.09208249737117451, 0.5463137603567828, 0.13922177994299573, 0.22238196222904724], [0.08341226396560118, 0.15339300829937802, 0.08145999711673697, 0.6817347305182911], [0.16739898655930452, 0.4109621043106824, 0.1499768289253718, 0.27166208010465515], [0.07280587376273534, 0.028296429565176005, 0.7641002674863756, 0.13479742908572293], [0.20991293259225757, 0.06402773797230513, 0.4807153438087496, 0.24534398552669673], [0.7818204862988369, 0.03419634726212017, 0.09058969378476721, 0.09339347255425103], [0.8285269719846502, 0.02798398952386194, 0.05472081229831571, 0.08876822609315307], [0.8198511435176543, 0.039956674730633364, 0.04383029769173081, 0.09636188395999289], [0.8633023486065624, 0.034897916831779556, 0.058815950419330375, 0.042983784042345125], [0.8418453064593797, 0.04007239992047556, 0.040980378691464474, 0.07710191482869763], [0.8591791992534356, 0.04189314638562887, 0.050449907924987956, 0.04847774633595548], [0.3621070684242274, 0.03425079011922733, 0.06863345116375211, 0.5350086901927739], [0.5180199452692186, 0.04462739649251086, 0.19072097780784245, 0.24663168033042362], [0.597092685114063, 0.10801520246435717, 0.0630002453256575, 0.2318918669959227], [0.586062810227518, 0.07405036272449013, 0.22265781880032848, 0.11722900814769234], [0.6414751326018799, 0.06460382984282863, 0.05789275176516653, 0.23602828569009715], [0.5983150633457992, 0.07496256304890436, 0.22026605614793365, 0.10645631735738062], [0.39368316978579115, 0.024660508103249126, 0.4828600414747393, 0.09879628053622604], [0.6819293760767684, 0.028678987547312497, 0.1072292702037159, 0.18216236607217956], [0.3909958812046428, 0.450020460827055, 0.05861393176794821, 0.10036972610036088], [0.38627107171369507, 0.455146512144639, 0.06611967891546011, 0.09246273712620146], [0.6711051891994801, 0.07898462775148742, 0.06497078770610516, 0.1849393952429353], [0.608176267273028, 0.0756655600144028, 0.22215288475452852, 0.0940052878580636]], "ideal": "B", "sampled": "B", "correct": true}}
{"type": "result", "data": {"idx": 11, "options": ["Zinc silicate.", "Calcium silicate.", "Zinc sulphide.", "Magnesium silicate."], "probs": [[0.04555290686661176, 0.0355002931296214, 0.7934800790862664, 0.12546672081748098], [0.02334345684647135, 0.016428671954430842, 0.02881437556791846, 0.9314134955311708], [0.11411157341834771, 0.6985919225924561, 0.0834319077974687, 0.10386459609173934], [0.11738977917342543, 0.6747556828197363, 0.12202107918729416, 0.08583345871952312], [0.02364234661880193, 0.02153237418345537, 0.02614659057965979, 0.9286786885181013], [0.055126513078573254, 0.044330666318871954, 0.8152938777176596, 0.085248942784884], [0.035269715722152414, 0.040008157434077936, 0.7897410799281751, 0.1349810468156098], [0.016958426918920192, 0.017497508741639974, 0.03370358152894041, 0.9318404827104962], [0.07196535229533499, 0.5027196658700926, 0.2431899875044371, 0.18212499423013875], [0.07441531098821633, 0.40196370620498845, 0.19288764479689305, 0.33073333790989756], [0.013247625938973186, 0.012943483577253228, 0.02452807124088407, 0.9492808191428961], [0.043077383802909416, 0.05280280055995398, 0.63221396315885, 0.2719058523782796], [0.744195074927768, 0.07677485101869104, 0.057435255769133386, 0.12159481818438699], [0.7122878999157, 0.08135432134335274, 0.10761819469158926, 0.09873958394935103], [0.7147338262714084, 0.07375568177829273, 0.07714615564317016, 0.13436433620712399], [0.6421917791902937, 0.06418299216453975, 0.08832184629420332, 0.20530338225098027], [0.7523356245624025, 0.08323518481191279, 0.09274304259343857, 0.07168614793223649], [0.6858283468615743, 0.07767320840977862, 0.0643437343396531, 0.17215471028899237], [0.020505291032253414, 0.016487306808725215, 0.020984435636008523, 0.9420229664230164], [0.05250311638950169, 0.04744250611778891, 0.8013081109376712, 0.0987462664550489], [0.020075158555875324, 0.013692974345698555, 0.02238779374641177, 0.9438440732520309], [0.06505855656925101, 0.04993046748903662, 0.5749327208047781, 0.3100782550369204], [0.10461847043855656, 0.49106666928750564, 0.29560280073671613, 0.10871205943723469], [0.11870918087718539, 0.45136849890831515, 0.12440290519125788, 0.30551941492324064]], "ideal": "D", "sampled": "C", "correct": false}}
{"type": "result", "data": {"idx": 12, "options": ["1", "2", "3", "4"], "probs": [[0.1227397315021628, 0.3334821104661225, 0.3181389883597515, 0.22563916957196048], [0.11607638806607075, 0.2983994510852164, 0.4308203283438381, 0.15470383240488383], [0.08407132497200132, 0.3453364609767394, 0.4265384696569139, 0.14405374429434714], [0.08787903347965635, 0.35803837054929527, 0.3964461438309841, 0.157636452040078], [0.08802438926971887, 0.42595590717094123, 0.32673450046732705, 0.15928520299200494], [0.09095335284400038, 0.4756721442333618, 0.2031883339011494, 0.23018616892148214], [0.19299654230716543, 0.22196671629409592, 0.3748867625845492, 0.21014997871419952], [0.18677781479576497, 0.21660011986268887, 0.30535984138259054, 0.2912622238589494], [0.19513756907972107, 0.3819207703068094, 0.24665553511355426, 0.17628612539992453], [0.18615053023239558, 0.3585021362272148, 0.3370918211305537, 0.11825551230983444], [0.19907361714034782, 0.3895690150058293, 0.17696868271167798, 0.2343886850421569], [0.15583892987072617, 0.30257048888423327, 0.41050203531473944, 0.13108854583031396], [0.1896988434767308, 0.18524381763774034, 0.46916958084782723, 0.15588775793770304], [0.22909253897011486, 0.19441723844954284, 0.19905587051038062, 0.3774343519699625], [0.28642060302333333, 0.2979272412472598, 0.25876443095003104, 0.15688772467938764], [0.2842227748423184, 0.31454916320182474, 0.2864632417744709, 0.11476482008141574], [0.21927621839587372, 0.33940653521743575, 0.12008906524393179, 0.3212281810427462], [0.2461901510151508, 0.37827270313345557, 0.20244269012412033, 0.1730944556272754], [0.25368440178726626, 0.17037320738595996, 0.37210276208962395, 0.2038396286371239], [0.2665496495180318, 0.1592701259515264, 0.18619741559100636, 0.38798280883943437], [0.26979177094493184, 0.28717295833024614, 0.2634595486120839, 0.17957572201274086], [0.23331952102577874, 0.25412187009747284, 0.38478099260540793, 0.1277776161713412], [0.22893980824664512, 0.2552556604575444, 0.13252003250606567, 0.3832844986897478], [0.3157717075748202, 0.30843130623734694, 0.19308983884562994, 0.18270714724221634]], "ideal": "D", "sampled": "D", "correct": true}}
{"type": "result", "data": {"idx": 13, "options": ["collecting of current", "reduce losses", "increase efficiency", "convert AC armature current in to DC"], "probs": [[0.05881344580582671, 0.06220682265294421, 0.16863697732430544, 0.7103427541169247], [0.07965973339454661, 0.08968861351623646, 0.35090588967869896, 0.47974576331050806], [0.06018193740083645, 0.08834932935032933, 0.11320631891565254, 0.7382624142331685], [0.04971505325523656, 0.09818932577024246, 0.33910540015244905, 0.5129902207220486], [0.08131869336308928, 0.3046648248386156, 0.12009872936701348, 0.4939177523312765], [0.10624762950795219, 0.3741030312466318, 0.15204574780300084, 0.36760359134242754], [0.13190683317651836, 0.1138952381156399, 0.17723936024612694, 0.576958568361704], [0.2095725680283521, 0.1810499206953518, 0.35069974839409723, 0.25867776278218324], [0.07851556333444798, 0.23461584128590526, 0.2098572682527606, 0.47701132702687943], [0.17136372150913234, 0.3718723049069207, 0.28678898791034857, 0.16997498557361929], [0.19212515982047818, 0.21977158536841584, 0.32140912568171837, 0.2666941290294001], [0.24842440127626195, 0.3509925627766734, 0.183066021119368, 0.21751701472770363], [0.18613075788641045, 0.13024257144898885, 0.13617558142303185, 0.5474510891415936], [0.19481890482688843, 0.14515363047126656, 0.3337624687351018, 0.3262649958667474], [0.11094760402478512, 0.16684270432252066, 0.2292368134837985, 0.4929728780688927], [0.2127706455409376, 0.2914382571560318, 0.2974990771116816, 0.19829202009132968], [0.22393600354822227, 0.1996569576032853, 0.36614170784139105, 0.21026533090709967], [0.28795153829186704, 0.3047130146507193, 0.18300083171261308, 0.2243346152447853], [0.30675507460199075, 0.15829034486059157, 0.14706832510796447, 0.38788625532945414], [0.34500518268620706, 0.2358705301778023, 0.1666804935957614, 0.2524437934402388], [0.1971300083869381, 0.10173812160159529, 0.37364727061436287, 0.3274845992971036], [0.3417873215109699, 0.135438031917456, 0.24806445903233068, 0.2747101874392342], [0.16632604207521853, 0.11643686030398784, 0.48823057052197605, 0.2290065269988164], [0.32931464150363693, 0.16099119039855228, 0.17759082588205843, 0.33210334211574677]], "ideal": "D", "sampled": "D", "correct": true}}
{"type": "result", "data": {"idx": 14, "options": ["1 ohm of resistance", "ratio of 1 V to 1 C", "ratio of 1 C to 1 V", "none of these"], "probs": [[0.12840919197839706, 0.23431083076474, 0.21330616589877538, 0.42397381125806266], [0.11714364461617954, 0.18143314645325562, 0.25963333985612025, 0.4417898689744417], [0.12414234155213882, 0.1683984106766825, 0.297645287339003, 0.4098139603321992], [0.11931178966968141, 0.13213144039360303, 0.30917672572889304, 0.43938004410780857], [0.16562895547498566, 0.056877062750745, 0.3167335307588446, 0.4607604509154253], [0.16492653633691695, 0.057501198775414875, 0.30085341770634066, 0.4767188470813165], [0.1828676751802445, 0.09275480847974987, 0.3721732951294323, 0.3522042211105633], [0.15086323539088095, 0.09895991165781902, 0.1394490390434303, 0.6107278138078663], [0.1946857338419287, 0.38992931329359243, 0.10920161564346836, 0.3061833371210202], [0.26345737422363086, 0.3893027825349168, 0.19587908154979022, 0.1513607615916367], [0.1376638675235105, 0.04011100217393795, 0.2003030582368099, 0.6219220719657638], [0.15076188610691457, 0.04787203735968501, 0.5822731880678987, 0.21909288836551313], [0.15056209567760756, 0.10592828295064718, 0.3993712311146367, 0.3441383901570916], [0.14931727672287393, 0.13597257659305328, 0.1469505186451328, 0.5677596279389208], [0.2088083893391978, 0.36631275450982403, 0.10664693360535879, 0.31823192244561166], [0.26752490547370195, 0.3801339511993208, 0.17409847020778646, 0.1782426730192135], [0.12065766324925849, 0.03949755953074441, 0.18257822706886948, 0.657266550051132], [0.12270875531899939, 0.04486215998447217, 0.6086963776443448, 0.22373270695219605], [0.040820868660531695, 0.24783273727976782, 0.19913365518763845, 0.5122127387720616], [0.03829332045950903, 0.23603499885805818, 0.21487152020368397, 0.5108001603787352], [0.03612486579210787, 0.1980731799484465, 0.11637947217799392, 0.6494224819814595], [0.055242206764621674, 0.22862699826107086, 0.3539218504755434, 0.3622089443987681], [0.03712880022444562, 0.1585152867426165, 0.23411446681195405, 0.5702414461209662], [0.04839056200307162, 0.14773432056992586, 0.44745359199536744, 0.3564215253316214]], "ideal": "C", "sampled": "B", "correct": false}}
{"type": "result", "data": {"idx": 15, "options": ["3", "6", "8", "9"], "probs": [[0.1824333796980597, 0.25920419027332936, 0.26724745518859216, 0.2911149747400132], [0.20716542170538385, 0.28319747464570294, 0.24985373038597616, 0.25978337316293715], [0.21840466745745477, 0.31020100221420377, 0.26954177894878373, 0.20185255127954538], [0.2386215951315776, 0.30641622556084636, 0.31134012161694646, 0.1436220575906474], [0.19805352262352663, 0.3211902228509334, 0.25823991100979204, 0.22251634341574156], [0.20745801798764607, 0.31626521103359867, 0.22428181260576377, 0.25199495827298], [0.3011226653751612, 0.2918367385572421, 0.17435741422816972, 0.23268318173942698], [0.2751620504534621, 0.2793438445333019, 0.22103094334677345, 0.22446316156646415], [0.2713022595931595, 0.19540760999782558, 0.28648910528836735, 0.246801025020644], [0.2615609568795106, 0.18554235367332825, 0.2635544308749675, 0.28934225847217887], [0.2755085544459665, 0.2064575938539517, 0.30513888349349644, 0.2128949681065768], [0.2326162382365588, 0.1675912891712128, 0.27203834677252353, 0.3277541257197011], [0.15556307808113667, 0.33434156571463886, 0.31659387810317796, 0.19350147800105835], [0.17321432231283415, 0.3721131621454799, 0.24425278995164015, 0.21041972549004143], [0.14910398091986043, 0.2894191885067451, 0.41815240259004993, 0.14332442788334787], [0.17279397210856967, 0.33288267340519545, 0.22892950389355365, 0.2653938504926704], [0.15654528894973566, 0.17734431245872484, 0.36682130916415406, 0.29928908932739295], [0.15780337915877152, 0.1733459035286946, 0.2501405565073224, 0.41871016070520517], [0.19124037457576387, 0.315102317219927, 0.28701103893078267, 0.20664626917350323], [0.22166476731379656, 0.34585429348591673, 0.1986048263463471, 0.23387611275394335], [0.18448426300669477, 0.3087412803833768, 0.36100873027778274, 0.1457657262321523], [0.19507372716130805, 0.3019695553176432, 0.25841233807002983, 0.2445443793510078], [0.19756833396286647, 0.23465367258090553, 0.3749017124188141, 0.19287628093741446], [0.1984141439468979, 0.23565553640678183, 0.2588006427083167, 0.3071296768380101]], "ideal": "C", "sampled": "A", "correct": false}}
{"type": "result", "data": {"idx": 16, "options": ["First digit from left to right", "First digit from right to left", "Middle digit", "Mean of all digits"], "probs": [[0.30256795916012913, 0.2049970504674197, 0.27966810952315635, 0.21276688074928554], [0.31816815335253523, 0.33375109393606917, 0.12261064079695412, 0.22547011181444823], [0.2694360551726466, 0.32776257803329445, 0.24324953198455265, 0.1595518347095115], [0.3043798554095875, 0.38186758821144173, 0.08582145950456425, 0.22793109677441167], [0.33882432156447306, 0.12389607576620393, 0.33345271297711293, 0.2038268895922005], [0.30839707321851695, 0.11102214518857635, 0.23103122510425905, 0.34954955638863716], [0.3417260492063151, 0.3342129456219866, 0.19327454202277172, 0.13078646304892583], [0.36012477485679395, 0.41499311053992566, 0.09544306506762414, 0.12943904943565165], [0.3185039070312376, 0.2370470122943973, 0.3442268859672668, 0.10022219460709267], [0.3566319397883045, 0.2959455778902123, 0.071879937931874, 0.2755425442895852], [0.37014523727436216, 0.09826493823040548, 0.41954351667823214, 0.11204630771701012], [0.3425778424198551, 0.09167059634868922, 0.1618638608589191, 0.40388770027254267], [0.28560338037617283, 0.44583689189814973, 0.16014433765822533, 0.10841538996744612], [0.2683664796522895, 0.5211104610488296, 0.06468923161673838, 0.14583382758213415], [0.18764307404606284, 0.5556608629392933, 0.18325115774755707, 0.07344490516708117], [0.15483438403117405, 0.6416147806653697, 0.04987332665938293, 0.15367750854406742], [0.4490246307224774, 0.14373558689524937, 0.1759093241193395, 0.23133045816292896], [0.3442201386561197, 0.10590185804975463, 0.2460042904845439, 0.3038737127095834], [0.07751950553778551, 0.3112188214402222, 0.14453836377317844, 0.46672330914879584], [0.08836608680483425, 0.38950632895726583, 0.1942734439945447, 0.32785414014335057], [0.0655950285847623, 0.49976010945072835, 0.1672656775189322, 0.2673791843455599], [0.05673533966533676, 0.45290421761271776, 0.12377687535002924, 0.36658356727191316], [0.045733115067314714, 0.5145210846097299, 0.26065365438711796, 0.1790921458358532], [0.03948824131557151, 0.4014899351244926, 0.3540412893469694, 0.20498053411295947]], "ideal": "A", "sampled": "B", "correct": false}}
