{"type": "result", "data": {"idx": 0, "options": ["p = 4", "p = 8", "p = 12", "p = 24"], "probs": [[0.20061306860394718, 0.1623978536713267, 0.23246679050337254, 0.40452228712134597], [0.30658087451206917, 0.2725717537575799, 0.19328620280177786, 0.22756116882856983], [0.22656425071518838, 0.2159536171964885, 0.2505518921426077, 0.3069302398457239], [0.26393669320088714, 0.26592945459862505, 0.2742433562424536, 0.19589049585803125], [0.19133915857605308, 0.1454363749090497, 0.4140800895212807, 0.24914437689362362], [0.17527380123417288, 0.14514940625779807, 0.46849935813370513, 0.211077434274343], [0.15850488146124045, 0.3708553940278837, 0.1725058805263449, 0.29813384388452163], [0.15370634067097336, 0.423826392357961, 0.1334558238787035, 0.28901144299236947], [0.14812797625372787, 0.11082962329496081, 0.5241914445093913, 0.21685095584190303], [0.2341003543843411, 0.2129722823498531, 0.3173078458925759, 0.23561951727321684], [0.18193365689537289, 0.1920308573190116, 0.30208397650208085, 0.32395150918354], [0.15938063418249063, 0.157995588339042, 0.3294001368505964, 0.35322364052788296], [0.19660564461742627, 0.30636041034795364, 0.2620925340229736, 0.23494141091163412], [0.1942038792416933, 0.3625037345161713, 0.16990264291353926, 0.2733897432285875], [0.22230525872543452, 0.14798229587729972, 0.39892855852894926, 0.23078388676829978], [0.24273315171881493, 0.2208882027709049, 0.2368894425101513, 0.29948920290013176], [0.23742473245643636, 0.2772019415476073, 0.17626787557122905, 0.30910545032471304], [0.22358945006587014, 0.26522058470185494, 0.1837349167556007, 0.3274550483766527], [0.053232257786181666, 0.5242056214054138, 0.17697430177015822, 0.24558781893825218], [0.053152120871216235, 0.5235335522761041, 0.2199513589403342, 0.2033629678123674], [0.055367135745398074, 0.37771755968156695, 0.34140635648834305, 0.22550894798471147], [0.04333248456533407, 0.36502607322038505, 0.15823124326082436, 0.4334101988534573], [0.04171806757274582, 0.4545145456769977, 0.2891038335451538, 0.21466355310509905], [0.03605148587154113, 0.4811719286645887, 0.13904839087665136, 0.34372819448721265]], "ideal": "C", "sampled": "A", "correct": false}}
{"type": "result", "data": {"idx": 1, "options": ["5", "7", "8", "9"], "probs": [[0.13758305207316665, 0.2395309752705118, 0.24907441724393994, 0.37381155531237387], [0.11550744795710725, 0.19344295480354703, 0.2011319343176303, 0.48991766282170324], [0.11370110955321838, 0.23320426908405725, 0.3138830374109098, 0.3392115838518328], [0.139294342890662, 0.27265291131941055, 0.28147955625518273, 0.3065731894347349], [0.104441955017695, 0.20930615975850717, 0.30442321483494067, 0.3818286702888547], [0.11893570532997699, 0.23462059667519816, 0.26581019454419547, 0.3806335033506228], [0.14627574930053047, 0.3095974131758951, 0.22478089536976956, 0.3193459420537772], [0.13120748343623256, 0.2755555873170038, 0.20797041713239048, 0.3852665120143736], [0.13716296236922312, 0.2244068563200528, 0.3067869895613877, 0.33164319164935796], [0.1620068710663647, 0.249043841868673, 0.20637780461841623, 0.3825714823465481], [0.12705372130427547, 0.23925152271799718, 0.26896598498749075, 0.364728770890241], [0.11896324409993805, 0.22051673288325435, 0.34960745556687417, 0.31091256734993644], [0.16638841452316652, 0.26598201462687693, 0.2518380016898653, 0.3157915690600992], [0.17435513387686202, 0.2831333430327293, 0.2039438234083177, 0.3385676995820886], [0.16078401825997513, 0.23754005692440563, 0.33254711523467445, 0.2691288094809457], [0.17273951347474623, 0.25132860408469715, 0.2217619774404277, 0.35416990490013667], [0.17655608345666424, 0.25673350738733575, 0.21297643818645706, 0.3537339708695416], [0.1777537682490164, 0.24485521261146986, 0.1892317660898735, 0.3881592529496481], [0.14917969429297392, 0.2618555289936798, 0.265802742757703, 0.3231620338556444], [0.148933709813697, 0.26967915324495606, 0.21005903261062206, 0.3713281042307205], [0.14453132262299384, 0.2576999566331443, 0.3257066051205871, 0.2720621155232826], [0.13904501463981167, 0.24794990418145793, 0.28980108115443914, 0.3232039999242755], [0.1362039069540773, 0.2465492170715824, 0.2750592319409412, 0.34218764393340945], [0.13841968075402344, 0.23534404813595824, 0.2228866798185518, 0.4033495911914608]], "ideal": "C", "sampled": "C", "correct": true}}
{"type": "result", "data": {"idx": 2, "options": ["1 over 5", "\u22125", "\u22121 over 5", "5"], "probs": [[0.14197682880433152, 0.21977791957811982, 0.48005069361650615, 0.1581945579010497], [0.12997638651001678, 0.20581960407585703, 0.12201559832699087, 0.5421884109871534], [0.2139639048788741, 0.3872062701390778, 0.14696015290623685, 0.25186967197581794], [0.21689777684261907, 0.4341698952196338, 0.1254215812776287, 0.22351074656011194], [0.10716773455579835, 0.1167028342196029, 0.09450624567574444, 0.6816231854488503], [0.1517798319340241, 0.17320143227009116, 0.4492267369087697, 0.22579199878710426], [0.20906317877113076, 0.3160598738358472, 0.3017483870789076, 0.1731285602141299], [0.14914730218568548, 0.25741957126115494, 0.1855216513116094, 0.40791147514153836], [0.21218867317720294, 0.4086350265134751, 0.19926536792561875, 0.17991093228368793], [0.11203249614496973, 0.28146107303969453, 0.12791571004259727, 0.47859072067274816], [0.12063486612510253, 0.17810642646635327, 0.23232774075056906, 0.46893096655797134], [0.10470180397685735, 0.16720286217279973, 0.2215289954333559, 0.5065663383169662], [0.2089194402150395, 0.36638431192400245, 0.15035864830557022, 0.2743375994554091], [0.2305022657497365, 0.4139299605656791, 0.1324019098832486, 0.22316586370133223], [0.16378045528310797, 0.2783603763383231, 0.3574715586471344, 0.20038760963143737], [0.0936316033805294, 0.16291564271191072, 0.09955638073590137, 0.6438963730716653], [0.1679757207259613, 0.15892727189633557, 0.49726505454903014, 0.1758319527286626], [0.11151454519326906, 0.10068452928454752, 0.11591173574021674, 0.6718891896819659], [0.06760361242130584, 0.35368136727086935, 0.1386140691228058, 0.44010095108500963], [0.09454848046054265, 0.4610472906459666, 0.22834818765211365, 0.21605604114137125], [0.06698271191719152, 0.22798698051476451, 0.22634190487005937, 0.47868840259798534], [0.07193058602778359, 0.25072678739156007, 0.18643857057495378, 0.4909040559057028], [0.13792296055280556, 0.44113554380796943, 0.24959132168925616, 0.1713501738499618], [0.08296661193427227, 0.2984493037279988, 0.16357363457130725, 0.45501044966642334]], "ideal": "D", "sampled": "A", "correct": false}}
{"type": "result", "data": {"idx": 3, "options": ["4", "5", "6", "7"], "probs": [[0.165959703311543, 0.24140616317017785, 0.2653289441731946, 0.3273051892450772], [0.1283827347113248, 0.1769088952846769, 0.22537639985309063, 0.4693319700508991], [0.16878300947077693, 0.24738344295274767, 0.3078989095682169, 0.2759346379082481], [0.15687254769971065, 0.22642123434817973, 0.3119909177246188, 0.3047153001274969], [0.14817825344453703, 0.20719402164716316, 0.2293853616447061, 0.41524236316361385], [0.1568769848303406, 0.21603088012945967, 0.23919147026418738, 0.38790066467601175], [0.1585036274628534, 0.2632825141099387, 0.24550827381253337, 0.33270558451466303], [0.1193335761925437, 0.1847373605889074, 0.1656753931628858, 0.5302536699556623], [0.19308309118677836, 0.25369532109400966, 0.22744879089851086, 0.3257727967207121], [0.21036851608031065, 0.25570761883473064, 0.30840011678811013, 0.22552374819685386], [0.14370666621988992, 0.20740688454559153, 0.1816143219553515, 0.46727212717915056], [0.1582655384410883, 0.21632055690138335, 0.34557563467880026, 0.27983826987871846], [0.15498372407401506, 0.26966194605733224, 0.31797675561683586, 0.25737757415180057], [0.14811026061422564, 0.2422543338575461, 0.2258063285178458, 0.38382907691036805], [0.1746325777421651, 0.2423481265139193, 0.3064087040029893, 0.27661059164093244], [0.1927366443323512, 0.2306121378343142, 0.298571455788267, 0.27807976194507183], [0.1602881039424694, 0.2009794981295469, 0.17872253280232603, 0.46000986502566465], [0.19969260820189227, 0.24662432855412106, 0.174827345406341, 0.3788557177376538], [0.13058259496582308, 0.21014703675141155, 0.26991745255300276, 0.3893529156297745], [0.1301081478440599, 0.20785795899003934, 0.23568249793536394, 0.4263513951305269], [0.13669404333495674, 0.21163142247523842, 0.27163253339784404, 0.38004200069197], [0.1542461104232195, 0.214148359881403, 0.33681965461542385, 0.29478587497993525], [0.1217447708577429, 0.15755187410847402, 0.22043373969693988, 0.5002696152368566], [0.16069230041374585, 0.21620536508260058, 0.25281353737872114, 0.37028879702493384]], "ideal": "B", "sampled": "C", "correct": false}}
{"type": "result", "data": {"idx": 4, "options": ["4t = 112; $448", "4t = 112; $28", "t over 4 = 112; $448", "t over 4 = 112; $28"], "probs": [[0.2091660824294567, 0.15298106470116518, 0.25029840625358407, 0.3875544465157955], [0.1651663651275322, 0.12952176635963047, 0.3155573272541587, 0.38975454115867775], [0.19233871124451976, 0.16571514813670205, 0.19520727460566173, 0.44673886591311124], [0.21298930352364848, 0.1835498240914578, 0.2412893201734968, 0.36217155211140206], [0.1728882035234758, 0.32547273043920455, 0.22549638068134123, 0.2761426852559821], [0.15233211000587416, 0.277811263129604, 0.1464073630766759, 0.42344926368786323], [0.22417625432710128, 0.08773071022178842, 0.15886557741038262, 0.5292274579407341], [0.2089298108680081, 0.07802845233891224, 0.4631850117330781, 0.2498567249600013], [0.33183253581148375, 0.12491143815301849, 0.18178163698720246, 0.36147438894829054], [0.26262414802986767, 0.1146399035670275, 0.4395523695432111, 0.18318357875988855], [0.3388881749740225, 0.2344982201878283, 0.1587734608083885, 0.2678401439297677], [0.3712275961084898, 0.24151896872555562, 0.16737263936588084, 0.2198807957000659], [0.1506604218667308, 0.15178932778274054, 0.1339832509328502, 0.563566999317679], [0.19975330176828618, 0.18752545429605552, 0.283691497968188, 0.329029745867458], [0.1692318201498425, 0.19613973415465288, 0.12969999141538985, 0.504928454180109], [0.19415945071376497, 0.25122582060776394, 0.2914073710346994, 0.2632073575437773], [0.15515368048332845, 0.16641922934248868, 0.32338625818637556, 0.3550408318878239], [0.1363306226962656, 0.16177879103520157, 0.31678235457623044, 0.3851082315923081], [0.28676024041661197, 0.12622566912229966, 0.2358851153710558, 0.3511289749900444], [0.37854639570784526, 0.1626988569040269, 0.19476619873593007, 0.26398854855219206], [0.3111529931213738, 0.24802225383679816, 0.13695968012280899, 0.3038650728190068], [0.37809036862683715, 0.2745122907608277, 0.14023999276714513, 0.20715734774519667], [0.20839627696225568, 0.08416672125793333, 0.15013985367531438, 0.557297148004475], [0.11788193985957694, 0.05566915006024465, 0.5939452291241447, 0.23250368085605003]], "ideal": "B", "sampled": "D", "correct": false}}
{"type": "result", "data": {"idx": 5, "options": ["9", "11", "26", "32"], "probs": [[0.13880832543397081, 0.16461000418674576, 0.3767379351747775, 0.31984373510450864], [0.17310213120331966, 0.19289799750592893, 0.2874131859303318, 0.3465866852604197], [0.19384232293559855, 0.3167369375427731, 0.18927892605213495, 0.30014181336949197], [0.18129409968056556, 0.2894775734864469, 0.3603531789563048, 0.16887514777670026], [0.23083639725489163, 0.2717401774670176, 0.19432133028095197, 0.3031020948971301], [0.1999167504048401, 0.2504934897246698, 0.3452177743696217, 0.20437198540087584], [0.18817962572750213, 0.20171897690914886, 0.33006340547905094, 0.28003799178430483], [0.19272995353914135, 0.20345648608890332, 0.2632497282815815, 0.3405638319903686], [0.20351800488574026, 0.2734579758084238, 0.18513684413480216, 0.3378871750710258], [0.20564428851742234, 0.2765149311731715, 0.33367150496722564, 0.18416927524219967], [0.22637342305241653, 0.23708492624739289, 0.18327899303838766, 0.3532626575618089], [0.20213476189226776, 0.22887150319933036, 0.3489343357454228, 0.2200593990629719], [0.20104492059740167, 0.22586500443656443, 0.21219566863735834, 0.3608944062286592], [0.20724099522276757, 0.2382627294577658, 0.32343029439830895, 0.23106598082116644], [0.2072649786395978, 0.2256002692803006, 0.2310282858365434, 0.33610646614356365], [0.2353913804845096, 0.26040843724108576, 0.3045815098228932, 0.19961867235152367], [0.2992457723382695, 0.25380379590408314, 0.19315188006707626, 0.2537985515905882], [0.29798135081150146, 0.25279615821561885, 0.19838935181679127, 0.2508331390561188], [0.13524294503209505, 0.22271746565359155, 0.2193407190505825, 0.4226988701637372], [0.1318378602233585, 0.2205272064588073, 0.40911837083660646, 0.23851656238122665], [0.14666535687306909, 0.23060867522774314, 0.24547816306772455, 0.37724780473145814], [0.14999709067070824, 0.24517840771253607, 0.39183026388807785, 0.21299423762865696], [0.20675080938029744, 0.2758290697454044, 0.2869775846901944, 0.23044253608410747], [0.18899908725994052, 0.2521084621493148, 0.2904007866087967, 0.26849166388194196]], "ideal": "C", "sampled": "C", "correct": true}}
{"type": "result", "data": {"idx": 6, "options": ["1.1 over 11", "11 over 11", "12 over 11", "11 over 12"], "probs": [[0.2912919997481765, 0.11409690888318483, 0.31254511527258233, 0.2820659759960518], [0.33476603260842275, 0.11573158193138673, 0.20148983402886075, 0.3480125513313407], [0.24591005114447462, 0.349366705258889, 0.16641177506836097, 0.23831146842826673], [0.15521670819728087, 0.2154435266202634, 0.12087893481382804, 0.5084608302686092], [0.2521737937968457, 0.14489586306210095, 0.3237843737362846, 0.2791459693047586], [0.16071392377740484, 0.08669927915748821, 0.1463662759013188, 0.6062205210637783], [0.1556838748526016, 0.2999391619307868, 0.28190444992155916, 0.26247251319506293], [0.16008822955634747, 0.33074765309081827, 0.2007403960021579, 0.3084237212506813], [0.12491101318068255, 0.2704328728080093, 0.32136718063218156, 0.28328893327912985], [0.07340233818289052, 0.19182061325782077, 0.1349838032460191, 0.599793245213282], [0.10815133327205217, 0.12642741464586896, 0.2961500290876111, 0.4692712228944665], [0.08707567806335322, 0.11620154203846744, 0.17858586502377885, 0.6181369147743754], [0.27265673436509213, 0.3444372374364531, 0.15171759977181587, 0.23118842832665576], [0.20140786378290115, 0.2371548936010185, 0.1320375906988732, 0.42939965181722056], [0.28497132344095344, 0.14675578715096063, 0.27199142014179195, 0.2962814691662873], [0.1852729575407992, 0.10069460253457473, 0.15235007947655327, 0.5616823603480839], [0.18164835618913502, 0.13183745327285137, 0.16925368762645848, 0.5172605028115512], [0.1981935535365186, 0.1708727024295555, 0.2245717636224046, 0.406361980311503], [0.16621499998933936, 0.15489508195563256, 0.46234597256290805, 0.21654394539212388], [0.12434411853618749, 0.11316791887440708, 0.18805187841708446, 0.5744360840723063], [0.15155968340633763, 0.2346154093497789, 0.20223470264683469, 0.4115902044970528], [0.1350626753430242, 0.20592173398488958, 0.18036974834593789, 0.4786458422261485], [0.13699825364148563, 0.1227063803147171, 0.13168817820626177, 0.6086071877375464], [0.11997215658805833, 0.10095568655141282, 0.5048008409727719, 0.2742713157877709]], "ideal": "C", "sampled": "A", "correct": false}}
{"type": "result", "data": {"idx": 7, "options": ["3.6", "36", "0.01272", "12.72"], "probs": [[0.305177514444977, 0.10886963245808544, 0.31256241797154555, 0.2733904350253967], [0.297135329224813, 0.11102613590174817, 0.3018174414577219, 0.29002109331572606], [0.1612420825312226, 0.5041425277443339, 0.10568716926747027, 0.22892822035699184], [0.19242450612636744, 0.4757778280660565, 0.1498112802511092, 0.1819863854564608], [0.26732942614729166, 0.359481863050074, 0.15351745667047037, 0.21967125403216103], [0.273688672634496, 0.3430413767488361, 0.2199784138326171, 0.16329153668405205], [0.12487865580869628, 0.3610654447654072, 0.25824091465658544, 0.25581498466932007], [0.11941298521492892, 0.35063517440363917, 0.23934242669101574, 0.2906094135904081], [0.11562195060030069, 0.5341465908662444, 0.12402678847124868, 0.2262046699622106], [0.12495922675534446, 0.5171409713717297, 0.1845921055207854, 0.17330769625213152], [0.10349233084425509, 0.4631397928583799, 0.1652699282445449, 0.2680979479528085], [0.1422079314102969, 0.5153673108377691, 0.20367216687575193, 0.1387525907761562], [0.49946657790971466, 0.09763905771101987, 0.09536103392459355, 0.3075333303546905], [0.5563214477644222, 0.113019763250996, 0.1751244962110734, 0.15553429267352756], [0.4982871964189552, 0.09367744364715672, 0.13518309914885504, 0.27285226068503976], [0.5024443601376636, 0.10371381836332799, 0.25446853355272914, 0.13937328784629252], [0.5261122280662178, 0.17218862189198456, 0.13623006076261712, 0.16546908917916717], [0.5226028022339888, 0.16579887669364726, 0.11484542065459265, 0.19675290031774534], [0.29423829462937556, 0.2151852868718593, 0.15744046255310232, 0.33313595584567957], [0.3316709174311198, 0.22262371511367135, 0.25244946300116283, 0.19325590435406015], [0.31530074758157156, 0.11877215585863525, 0.16477816231827944, 0.40114893414151], [0.43380186708129853, 0.1409523904763527, 0.26938940379844295, 0.15585633854389194], [0.28397363394075575, 0.4396760700747234, 0.10694273054426308, 0.1694075653402621], [0.25842645457698576, 0.471357386060862, 0.1183386213268467, 0.15187753793530026]], "ideal": "B", "sampled": "C", "correct": false}}
{"type": "result", "data": {"idx": 8, "options": ["159.26", "2.224", "14,111", "126.26"], "probs": [[0.5358640554052589, 0.1511889044019161, 0.08618668962126678, 0.22676035047156365], [0.48340028904031845, 0.143048581231743, 0.25692891339337687, 0.11662221623456784], [0.45213611806630705, 0.0738912379847026, 0.13801090608827796, 0.3359617377607004], [0.3371264232095041, 0.09226779026276802, 0.35638005412592666, 0.21422573230179676], [0.45235088544733165, 0.2597905872757264, 0.16021034739006762, 0.12764817978686288], [0.5101106002514908, 0.2688321093291284, 0.09516261684500384, 0.12589467347435943], [0.26220508962500594, 0.3753342463902276, 0.10845054105242456, 0.2540101228323646], [0.22629991141544908, 0.2686880557945611, 0.384881776349215, 0.1201302563407867], [0.2593621307688164, 0.1072591494906458, 0.30568483357976095, 0.32769388606079564], [0.25257081680173293, 0.10948559819319267, 0.3451500263716567, 0.29279355853341266], [0.2712240302980808, 0.3269405595454155, 0.2843171404874198, 0.11751826956908305], [0.29823941081667116, 0.37984550643389586, 0.10719869075927034, 0.21471639189016062], [0.09188129764795165, 0.34102269418289965, 0.21529844872215614, 0.3517975593469858], [0.09447471547102418, 0.2840530084135584, 0.4367487118977244, 0.18472356411770668], [0.07987964204596494, 0.14008948768992588, 0.3901460775461628, 0.3898847926179547], [0.08092493472717144, 0.14192742061638983, 0.42051053774366465, 0.3566371068127731], [0.10353534991285812, 0.3902082817400096, 0.29729371480308425, 0.20896265344405524], [0.08010196515524413, 0.3140103643131213, 0.1832943720634526, 0.422593298368193], [0.618673438746042, 0.14598829544040767, 0.11726240385205663, 0.11807586186149695], [0.7101575727329532, 0.12639800158791997, 0.06356319798112914, 0.0998812275979942], [0.5535427576030593, 0.11163761340688266, 0.23082701333570074, 0.1039926155543684], [0.6698553710284787, 0.10119791578114366, 0.06091093000250259, 0.16803578308787953], [0.618859739631748, 0.06902348632036001, 0.17616295399358936, 0.13595381995428754], [0.5608455895377346, 0.06104715543609027, 0.10707068201612843, 0.2710365729100552]], "ideal": "D", "sampled": "D", "correct": true}}
{"type": "result", "data": {"idx": 9, "options": ["0.72", "0.702", "10.0571", "7.2"], "probs": [[0.43048940313955997, 0.14190515494746966, 0.1055387745586101, 0.3220666672543585], [0.5163314800049108, 0.1456538684155779, 0.11084251565417824, 0.22717213582532186], [0.46412100291913205, 0.14720647555547062, 0.1643235075968044, 0.22434901382857336], [0.33936077698529776, 0.12777759363395272, 0.29049997457675886, 0.24236165470398033], [0.41952064954973206, 0.1393720788439383, 0.1618467399266245, 0.27926053157971303], [0.36537301356925284, 0.13233948245241328, 0.19723181738819534, 0.30505568649012305], [0.1632963134390356, 0.4328237883737682, 0.12222043918562556, 0.2816594589015603], [0.17679889190442785, 0.4405081726026448, 0.11960693658615423, 0.2630859988067642], [0.19894041122643305, 0.15839755081771525, 0.39537920112018987, 0.24728283673565646], [0.13387197175470503, 0.10666929237730843, 0.19629682696623743, 0.5631619088017514], [0.13057140818576707, 0.078540159346086, 0.5890434446495182, 0.20184498771860493], [0.13859580973940824, 0.08022217182104079, 0.21636119587953703, 0.5648208224599993], [0.33649044565613295, 0.24227682128403846, 0.1424820606190938, 0.27875067234073053], [0.2812948950511923, 0.2057741300191756, 0.2407141538850231, 0.2722168209446137], [0.2904818496541437, 0.23151370749821784, 0.2466056680208782, 0.23139877472674716], [0.19092113977699934, 0.15339898060285836, 0.14525260626725617, 0.5104272732528674], [0.21371750612933657, 0.32578910225033714, 0.2008682508906008, 0.2596251406297335], [0.1562209791634174, 0.2344378063976808, 0.14335626903136936, 0.4659849453075296], [0.19832669138361358, 0.4466504742358589, 0.13744455918239692, 0.2175782750981368], [0.18551682143142623, 0.44814763066670066, 0.14445128412994948, 0.22188426367192748], [0.2173283859134677, 0.21547978697713335, 0.37262547772805654, 0.19456634928134772], [0.1986563459573392, 0.23033598976975606, 0.1442653207572854, 0.42674234341562833], [0.2586927772037217, 0.3561533688403045, 0.16574233351880785, 0.2194115203371504], [0.16787219290301592, 0.23833563946453531, 0.1380884628853865, 0.45570370464706866]], "ideal": "D", "sampled": "A", "correct": false}}
{"type": "result", "data": {"idx": 10, "options": ["150 + 400 + 200", "200 + 400 + 200", "200 + 450 + 200", "200 + 500 + 200"], "probs": [[0.12363971258393497, 0.25156811817102337, 0.27829133165795833, 0.3465008374870884], [0.10202447070221336, 0.2297856556824428, 0.15427606967689347, 0.5139138038384693], [0.10364093174779261, 0.23150309407756242, 0.4259556432347753, 0.23890033083988813], [0.08672079934865909, 0.2301137711455932, 0.14407183608338273, 0.5390935933223522], [0.07963336585858219, 0.12223097085977881, 0.4909335823584507, 0.30720208082317296], [0.0837860667043464, 0.12961966579749493, 0.3013573953635035, 0.485236872034645], [0.12139776099504801, 0.3296057321701428, 0.23199947539914217, 0.3169970313356562], [0.10163549256057984, 0.28682004190237664, 0.16349918584964365, 0.44804527958739326], [0.12138943470827693, 0.19845099090579824, 0.367847927921557, 0.3123116463643583], [0.14005999173593486, 0.28471807928176346, 0.20358162190285717, 0.3716403069794351], [0.0954956877060879, 0.12250797284160592, 0.38343315165716196, 0.3985631876951537], [0.0866429909860887, 0.12106285832447941, 0.5300011875461629, 0.26229296304324584], [0.144179667395147, 0.3885713794820514, 0.20010457976881096, 0.26714437325398166], [0.10604263791606465, 0.2970671583526098, 0.15420592832436672, 0.44268427530695864], [0.12236838559399645, 0.2862904657846135, 0.2956786798797754, 0.29566246864162227], [0.12730431994942767, 0.32963720249160766, 0.1751559737144289, 0.36790250374453554], [0.0911649858612266, 0.11427062538309136, 0.27857615020845056, 0.5159882384472289], [0.08313410192185718, 0.11443095885555668, 0.5675932178248877, 0.23484172129768205], [0.11280654950487431, 0.3841991086104063, 0.19179979818795478, 0.31119454359674326], [0.09999802092658265, 0.31981760185341884, 0.2287041450181548, 0.35148023210183416], [0.09171292157544053, 0.30751158569840653, 0.25504586912855365, 0.3457296234976192], [0.09599350946096168, 0.3242437152473328, 0.31705273122857264, 0.26271004396313563], [0.08939214342854117, 0.2584227179015559, 0.21593936785259277, 0.4362457707173174], [0.08660841647111849, 0.266504378510892, 0.43607640314800267, 0.21081080177000366]], "ideal": "C", "sampled": "B", "correct": false}}
{"type": "result", "data": {"idx": 11, "options": ["21", "7", "1", "None of these"], "probs": [[0.060441757200338946, 0.05372315873960582, 0.7242706835600488, 0.16156440040001063], [0.06627503628035188, 0.0705310158388278, 0.11095561013998587, 0.7522383376408436], [0.06404765114183457, 0.6163531593469633, 0.14300661082317215, 0.17659257858803223], [0.0518127437999807, 0.43302455564247994, 0.07889811958285217, 0.436264580874675], [0.05752025967089293, 0.033289215633286594, 0.31074050388797864, 0.5984500207078636], [0.04087638030216604, 0.024392653922861312, 0.3933852930671022, 0.5413456726078842], [0.2623447850108635, 0.11826553543047909, 0.3613776944946685, 0.25801198496399946], [0.2657924183917647, 0.12454055589135526, 0.14000458280300965, 0.4696624428138614], [0.18414895437198822, 0.5121082472013023, 0.1016404352891423, 0.202102363037587], [0.21788842674783038, 0.547383942054427, 0.13422912885585786, 0.10049850224187669], [0.19223260701305334, 0.07584661626852106, 0.12125103985935065, 0.610669736759097], [0.2146538256205495, 0.07027335532773035, 0.548058123565291, 0.16701469538643562], [0.4455874899009515, 0.15395115958296995, 0.14462211553199084, 0.25583923488409577], [0.2283839575153326, 0.08808618790550249, 0.0867092006355621, 0.5968206538436287], [0.3590633928887218, 0.28169890641150663, 0.12022987632964996, 0.239007824270108], [0.4091213038607136, 0.3112385706260871, 0.16153304271895244, 0.11810708269425856], [0.3630653736144269, 0.0823087872064837, 0.1715230251843606, 0.3831028138947441], [0.24237150216286113, 0.0613326765739786, 0.5505721834737731, 0.14572363768938873], [0.017905192852771697, 0.07016747369300963, 0.10288639848542523, 0.8090409348688087], [0.01748376084622954, 0.05763168481657746, 0.44629493097760664, 0.47858962325960275], [0.03224185131507555, 0.34068840280858004, 0.10391372288793663, 0.5231560228884032], [0.039892982950718865, 0.3492387122511531, 0.4281978756373629, 0.18267042906076913], [0.03219441586488958, 0.3025818585078845, 0.11758217617366079, 0.5476415493535794], [0.04009393076449263, 0.2798069592709875, 0.4952005697538962, 0.18489854011060994]], "ideal": "D", "sampled": "C", "correct": false}}
{"type": "result", "data": {"idx": 12, "options": ["8", "9", "49", "63"], "probs": [[0.2821188858811157, 0.3709055183861653, 0.11668181081777408, 0.23029378481495402], [0.2665545714105661, 0.375923241752626, 0.10515436976020452, 0.2523678169765974], [0.2316504103153898, 0.2175817279067749, 0.23160939791963572, 0.31915846375818885], [0.24848631350314115, 0.2465562708736129, 0.2076035478629414, 0.2973538676603146], [0.2483044349553063, 0.16411839200051015, 0.29487334755752836, 0.2927038253866592], [0.2523886284151021, 0.20124188646458024, 0.2582103289977868, 0.2881591560225145], [0.22390963223284197, 0.41491834485673, 0.1389407413307996, 0.22223128147963533], [0.22618104909657652, 0.4495278973907387, 0.10509537473256099, 0.21919567868012801], [0.2322804246122653, 0.22861763582820538, 0.19858372165015978, 0.340518217809351], [0.25276861842124887, 0.2586615276679502, 0.23183067323693385, 0.2567391805738806], [0.2289984423413583, 0.15372956361534604, 0.3279565931200436, 0.2893154008232491], [0.231443342697675, 0.18750447040208393, 0.2792274921780471, 0.30182469462219236], [0.2380045453310388, 0.22359550345246149, 0.320066988160179, 0.2183329629563176], [0.214960592356361, 0.22355827224068756, 0.17822305713634318, 0.3832580781666158], [0.2581802854706418, 0.24084299599609388, 0.30441480565812973, 0.19656191277514304], [0.24694448230408778, 0.2567688717002801, 0.15330854265414395, 0.3429781032414821], [0.22255485997700422, 0.3611648309103217, 0.12379362839524645, 0.29248668061742245], [0.2310129071991147, 0.3521420399706398, 0.12263935454555804, 0.29420569818468223], [0.1467642892313134, 0.30586617547168576, 0.30344166315173426, 0.24392787204527502], [0.12853197602431235, 0.31053300227614317, 0.20054065162326332, 0.3603943699762698], [0.15487335647037595, 0.2035427853501581, 0.386224451074267, 0.2553594070051968], [0.14307448163590833, 0.25301634196529577, 0.2470033247275797, 0.3569058515712304], [0.12516412827964513, 0.4365609870011091, 0.13104389169584438, 0.30723099292337896], [0.13328163080448693, 0.44381785801719564, 0.138486292422287, 0.28441421865603533]], "ideal": "A", "sampled": "A", "correct": true}}
{"type": "result", "data": {"idx": 13, "options": ["6", "11", "8", "5"], "probs": [[0.21433099038476602, 0.2905579281193286, 0.24470695926772004, 0.25040412212819935], [0.2146127799510605, 0.2776401495261241, 0.2213710250093567, 0.28637604541347234], [0.23144867394226248, 0.30888873205997397, 0.2602439438089254, 0.19941865008885626], [0.2251236540844772, 0.2800711293898768, 0.25904790506495506, 0.23575731136071154], [0.24557501654618072, 0.28916965096031927, 0.19572141128286336, 0.26953392111063273], [0.20178120067387872, 0.2414677024815796, 0.2632458801484016, 0.2935052165961441], [0.20427922390569925, 0.28121533827953565, 0.29028801576496766, 0.2242174219498143], [0.19824336401577403, 0.25833916881230723, 0.2950445536622649, 0.24837291340965026], [0.2039059976074991, 0.24775048721171655, 0.20702073509549102, 0.3413227799852998], [0.21784728534111417, 0.2668179340809188, 0.1806095578655764, 0.3347252226124019], [0.19555571766994867, 0.24134210666334144, 0.2651948718673919, 0.29790730369931223], [0.17997149075154997, 0.22734978830373956, 0.21193101040668202, 0.38074771043803146], [0.2150307752277563, 0.30787502616256585, 0.22182209402976638, 0.2552721044799225], [0.19262807519258515, 0.2414862112957767, 0.3459873819998194, 0.21989833141181203], [0.19957838556406804, 0.2622570440703918, 0.23877493347288195, 0.29938963679263675], [0.20383983731440836, 0.2720112080022942, 0.20376687830688703, 0.3203820762764064], [0.16627479190122166, 0.22184234523854363, 0.34633814020027925, 0.2655447225599772], [0.17790555545033077, 0.24890753887473302, 0.19385837276558499, 0.3793285328093378], [0.2257318830783032, 0.2786155241857796, 0.24204962073692476, 0.25360297189899594], [0.1763181220479179, 0.22103121035818551, 0.2605232579224474, 0.3421274095714554], [0.18271428440168505, 0.25957280210044614, 0.2637190811066984, 0.2939938322911661], [0.19171245085310243, 0.2702762881648217, 0.18000761916039784, 0.35800364172168697], [0.1631426127031824, 0.21431916238848886, 0.3760014000150433, 0.2465368247932812], [0.20941740096412118, 0.2816529628595313, 0.252537321665822, 0.25639231441049454]], "ideal": "A", "sampled": "A", "correct": true}}
{"type": "result", "data": {"idx": 14, "options": ["10 bars of soap for $23.20", "16 bars of soap for $36.48", "13 bars of soap for $29.51", "12 bars of soap for $27.60"], "probs": [[0.15598185791042807, 0.24336034823711886, 0.3226210102020101, 0.2780367835504543], [0.15686085630082136, 0.23911578653835056, 0.35908927252185546, 0.24493408453896562], [0.15039314122982048, 0.21700690982743573, 0.26619710096723315, 0.36640284787550886], [0.14634641215491512, 0.21454334858850851, 0.36789418541809676, 0.27121605373847724], [0.14585745709664577, 0.22407750313469407, 0.31874784983770643, 0.3113171898309587], [0.1453875552115696, 0.2234836893135718, 0.3033859932897769, 0.3277427620850801], [0.1591834778585173, 0.27503538027739727, 0.2840213578505351, 0.28175978391355316], [0.16038980217208246, 0.2686495930471355, 0.33190877244703365, 0.23905183223375887], [0.16313594334393433, 0.2526068749942584, 0.28874194861749897, 0.2955152329442829], [0.16296763046678506, 0.246556478730354, 0.29527156103264374, 0.2952043296702212], [0.18009083863013994, 0.2767519818522791, 0.2969808666329945, 0.24617631278458513], [0.16465816352613089, 0.259118832992302, 0.2825176798526836, 0.293705323528904], [0.15321344372535803, 0.26260890172710877, 0.2864879442071643, 0.297689710240357], [0.15244666955739264, 0.2632760041926941, 0.32285337048028834, 0.26142395566963705], [0.16701055358483669, 0.23740596553638368, 0.3348765726114543, 0.260706908167323], [0.15331396643315037, 0.2410681269867381, 0.3427108949709095, 0.26290701150920537], [0.16760297659543835, 0.2596132482631288, 0.2942579876487613, 0.2785257873926842], [0.16128228475583242, 0.24207817610300728, 0.2808729558369793, 0.3157665832041711], [0.16721369464988392, 0.2630053731561344, 0.30057116728376015, 0.2692097648102403], [0.17874462361240287, 0.2877454533029056, 0.28133600996643027, 0.2521739130182607], [0.18229210129320267, 0.24914104256935743, 0.32509528999585724, 0.2434715660415763], [0.1698319610476533, 0.25087553061037626, 0.30999220793709054, 0.26930030030487334], [0.17461032027444742, 0.21896791356101794, 0.33395892548043726, 0.2724628405840876], [0.14858012120535452, 0.19380403524988263, 0.2956128010538841, 0.362003042390872]], "ideal": "C", "sampled": "D", "correct": false}}
{"type": "result", "data": {"idx": 15, "options": ["5 minutes", "14 minutes", "34 minutes", "70 minutes"], "probs": [[0.07566835104963666, 0.35494867848544415, 0.2538335093605172, 0.3155494610044018], [0.08582686176266553, 0.3667204737841975, 0.26853592876648913, 0.2789167355866404], [0.08955134569170514, 0.2799188490787904, 0.3460227360426227, 0.2845070690868901], [0.09047166914604927, 0.2721298870547092, 0.2741556773171477, 0.3632427663820964], [0.09193933399235663, 0.2596501300093878, 0.3633970746212143, 0.28501346127703986], [0.10378726714977299, 0.271118459695278, 0.254806751854828, 0.370287521200128], [0.25537252056738324, 0.2100939602226337, 0.21181435904977677, 0.32271916006019413], [0.2707837629996919, 0.20436036687871414, 0.1747644647758117, 0.350091405245774], [0.2967281217557089, 0.23103374600490004, 0.19154296236905144, 0.2806951697703261], [0.30454573518537575, 0.23347438299652515, 0.26858342928526885, 0.193396452432835], [0.27074536456877707, 0.235133283341672, 0.1802498502682445, 0.3138715017213152], [0.26074889063829065, 0.2449243319719867, 0.2587732944726612, 0.23555348281705843], [0.20674187149359016, 0.17819499779308753, 0.3434261971210745, 0.2716369334922293], [0.21231757839376683, 0.16789937970094898, 0.20421252187112374, 0.4155705199341661], [0.26438830138375136, 0.26017280596393205, 0.23869077671150016, 0.23674811584082736], [0.2710627321733048, 0.2604857664552619, 0.20609191832018842, 0.26235958295124034], [0.24756118433916913, 0.2533864955709902, 0.15018402870481073, 0.34886829128503355], [0.2201591480095907, 0.2166901824959847, 0.2761363305555018, 0.2870143388389235], [0.16780985539070484, 0.1446573628362635, 0.36927642705361857, 0.31825635461941554], [0.18188921888859086, 0.15079457052290482, 0.28837316436585236, 0.37894304612263785], [0.1875891889333274, 0.2750452589703018, 0.26238871194821956, 0.27497684004816175], [0.18079135247787584, 0.2777989211803477, 0.25486529406690744, 0.2865444321748517], [0.21393027824605526, 0.26829068229007874, 0.16792259508273633, 0.3498564442811187], [0.16777811680349305, 0.211985257987491, 0.29198439977818663, 0.32825222533084164]], "ideal": "B", "sampled": "B", "correct": true}}
{"type": "result", "data": {"idx": 16, "options": ["18", "24", "25", "29"], "probs": [[0.22056197607039524, 0.20072979818132491, 0.34954004872635674, 0.22916817692190364], [0.18489513482074785, 0.1722102734235106, 0.12899414941545448, 0.5139004422402867], [0.18765822284963302, 0.31648579167994034, 0.27495647601751994, 0.22089950935290525], [0.25798295380839437, 0.3902482292365511, 0.1786711906743381, 0.1730976261807069], [0.1519462697972409, 0.1874663256370759, 0.2108421613544802, 0.4497452431112098], [0.24059341110757135, 0.2561115824024813, 0.29925258502053315, 0.20404242136940515], [0.18885426550852566, 0.36659774571788906, 0.30650948595189664, 0.13803850272169718], [0.1555239666916743, 0.3340833101090615, 0.12887463176518932, 0.38151809133405484], [0.21252470982578442, 0.35029909281678284, 0.2583584365095527, 0.17881776074788908], [0.21339738009952552, 0.392169445828936, 0.20191854295512573, 0.19251463101642574], [0.14139550892835812, 0.22058092249506941, 0.1639370914233855, 0.4740864770532015], [0.19150863385604353, 0.2918457964300944, 0.36878305070631545, 0.1478625189075422], [0.2307644444489182, 0.4342018090632421, 0.1609884646224543, 0.17404528176539405], [0.23393764285946392, 0.4266287155075268, 0.17102317829355085, 0.1684104632394719], [0.22541149337086375, 0.2100170910940966, 0.33042695357106283, 0.2341444618639694], [0.22834172193884048, 0.2647384345148052, 0.17768044688829385, 0.32923939655805723], [0.2580282213861199, 0.28531861766123545, 0.2990821005741476, 0.1575710602784724], [0.21486648918069254, 0.32241750305860867, 0.22870128127837266, 0.2340147263823342], [0.14184669967777683, 0.3732399219248405, 0.16060568264679898, 0.32430769565056095], [0.15522839464438182, 0.3602567467930842, 0.34671075013599145, 0.1378041083265319], [0.11990257912755423, 0.19753524458037988, 0.26781294028481606, 0.4147492359072369], [0.13408156139324423, 0.2332495221001595, 0.4496741663895888, 0.18299475001698953], [0.18793002732843048, 0.3507420944237146, 0.32718533403495975, 0.1341425441128929], [0.1629520504108516, 0.36668992421481783, 0.2581243767050889, 0.2122336485692252]], "ideal": "B", "sampled": "C", "correct": false}}
{"type": "result", "data": {"idx": 17, "options": ["(60/6)\u201412=a", "(60\u201412)/6=a", "(60-6)-12=a", "(60+12)/6=a"], "probs": [[0.19540849853592532, 0.5223775963126299, 0.10296136056740054, 0.179252544484031], [0.22464434000911232, 0.4607144338378664, 0.2195409002187197, 0.0951003258342951], [0.10178157744493092, 0.08838500549848168, 0.6043695758987342, 0.20546384105787754], [0.1791761989546445, 0.11655288294863525, 0.41347495339777063, 0.29079596459895446], [0.2600605837290862, 0.3524832283523578, 0.28565040290966726, 0.10180578490890974], [0.22686664251257604, 0.3797233282067776, 0.1022885247456777, 0.2911215044349544], [0.22378053488017274, 0.4660538945272288, 0.11427875312228361, 0.19588681737032448], [0.25718866062295936, 0.41055486065845354, 0.23238889599169948, 0.09986758262688786], [0.3548464229616975, 0.12858672347511088, 0.29448888837205167, 0.2220779650911487], [0.33608624542804183, 0.12459254125439757, 0.36909448603992684, 0.17022672717762607], [0.35024272934907075, 0.3418339282907289, 0.20914997147528017, 0.09877337078491714], [0.3990569717216997, 0.34927427450187826, 0.10826418141529358, 0.14340457226112474], [0.04096406054154926, 0.32657174230414054, 0.4097800983265562, 0.2226840987277411], [0.04081643602174395, 0.41464107025507235, 0.29884671826970777, 0.24569577535346016], [0.033118619424944346, 0.6381641716082739, 0.15415958466094626, 0.17455762420582902], [0.03502668877454787, 0.6539348554465387, 0.15799012616764888, 0.15304832951124808], [0.03838235183277701, 0.46642582935105364, 0.2188160901903951, 0.2763757285257632], [0.046704865692958265, 0.5128395734359183, 0.25612654098963106, 0.1843290197814954], [0.1363571866718927, 0.29992728879220065, 0.44708145340617655, 0.1166340710297062], [0.12015996817173935, 0.36121641813766603, 0.09959719451451757, 0.4190264190760718], [0.2563688720977068, 0.37888599596505196, 0.25450456193199106, 0.11024056990525674], [0.28825728492728064, 0.4161554123553265, 0.12211450886420523, 0.17347279375318655], [0.17680848038864105, 0.11591945291217863, 0.31518582832150394, 0.3920862382776814], [0.10204387727608288, 0.0928195558192746, 0.6343673932812314, 0.1707691735233966]], "ideal": "B", "sampled": "B", "correct": true}}
