{"type": "result", "data": {"idx": 0, "options": ["10%", "20%", "40%", "80%"], "probs": [[0.07635914383080578, 0.41571727534333186, 0.40279302940201733, 0.10513055132384833], [0.06996100973973433, 0.40558158689160095, 0.11256329032084603, 0.41189411294783884], [0.07771134070470995, 0.2468575765860785, 0.5965565833486394, 0.07887449926057961], [0.06759045727245493, 0.2958728895866838, 0.13748752986209273, 0.4990491231787619], [0.06697102605484175, 0.09822444172148963, 0.6012184308075638, 0.23358610131611723], [0.047366140368832306, 0.07160765066408192, 0.4593850303735201, 0.4216411784935649], [0.17996302692789348, 0.3013046423912286, 0.4282780445718338, 0.09045428600904651], [0.13050150735376675, 0.24368671661999558, 0.09389573069570582, 0.5319160452305183], [0.24999040234805558, 0.39023927297351696, 0.25387571249408747, 0.10589461208432667], [0.2780122273728712, 0.43387916760854817, 0.1766908977008526, 0.11141770721774862], [0.0692200019312463, 0.07031400580532671, 0.12234880175075978, 0.7381171904126762], [0.14692839508706623, 0.13910901450619514, 0.5941622984002636, 0.1198002919064755], [0.13465333552874711, 0.16366128390488535, 0.6371336731028633, 0.06455170736352543], [0.12713637494661523, 0.1374262070439222, 0.09514221044742259, 0.6402952074620569], [0.29931718813275776, 0.3500060911777537, 0.29030219326052925, 0.06037452732896556], [0.31939318871921313, 0.440061653809897, 0.13523269798630294, 0.10531245938458886], [0.06249759283266051, 0.06916133016496083, 0.06495417897420208, 0.8033868979281507], [0.2814571446682581, 0.17621255866418653, 0.4062543064709385, 0.136075990096615], [0.04013097901288163, 0.11607496842969763, 0.6369585403332265, 0.20683551212420045], [0.03274931796753548, 0.09847616093534045, 0.5198496621599157, 0.34892485883724295], [0.06353269644745504, 0.20973892785411793, 0.21980199788104934, 0.5069263777173739], [0.06313067644683935, 0.20353210401803865, 0.6268700876063251, 0.10646713182879812], [0.032991372047122644, 0.13777321247790703, 0.10230271998793701, 0.7269326953870195], [0.06231202891513864, 0.4493596542354868, 0.2994659901742567, 0.18886232657513352]], "ideal": "C", "sampled": "B", "correct": false}}
{"type": "result", "data": {"idx": 1, "options": ["About $300", "About $3k", "About $8k", "About $15k"], "probs": [[0.14774083958610712, 0.11785723949034219, 0.5490039375598164, 0.185397983263734], [0.13134772845491843, 0.1132586844376576, 0.5840861843521508, 0.17130740265529762], [0.17316398635968056, 0.21891744357531684, 0.3693453111817285, 0.23857325878327237], [0.1855253693564987, 0.21687028238165923, 0.4520194243130696, 0.1455849238487606], [0.16888958238043705, 0.19142732180001745, 0.42458546740878544, 0.21509762831076362], [0.15691426113628892, 0.16576532502605992, 0.5103771401659671, 0.16694327357169064], [0.09651736642039925, 0.2926272555463608, 0.3999782525768353, 0.21087712535638803], [0.09474152292635975, 0.2872384903281202, 0.42806293453991706, 0.18995705210559663], [0.15775564377376267, 0.2295237629563649, 0.09948172137119128, 0.5132388717986895], [0.1658167700968429, 0.2000698636338431, 0.5396420220161463, 0.09447134415319182], [0.18454948616812497, 0.28137759718939803, 0.11826393688730452, 0.41580897965516483], [0.1865042336125654, 0.24519371518594274, 0.4874388127989155, 0.08086323830258126], [0.12235566906156041, 0.3028911188231092, 0.3351709379722098, 0.23958227404311658], [0.11406395754734248, 0.29118768918525195, 0.4655226846943921, 0.129225668472998], [0.18316794327611952, 0.24834455990066148, 0.13932576553658418, 0.42916173118664136], [0.21461611691948945, 0.269160950436936, 0.44030767793903786, 0.07591525460452858], [0.27009108740657406, 0.2990197352230215, 0.14119136419420922, 0.2896978130761799], [0.24909760417758336, 0.2530819163503924, 0.4075897223939124, 0.09023075697809736], [0.1457074247741482, 0.17044964610363328, 0.36064165661514336, 0.3232012724070565], [0.13807913118064769, 0.16158739124310975, 0.5215560219111299, 0.17877745556513366], [0.2097095362362997, 0.3197341219323495, 0.13543156480120147, 0.33512477693014453], [0.20069463091142162, 0.27868261539200617, 0.44201536552819765, 0.0786073880683662], [0.24962949707210572, 0.32068928973118244, 0.13786427022750972, 0.29181694286921], [0.15591420275251494, 0.17954245701633206, 0.5797351081515955, 0.08480823197957756]], "ideal": "B", "sampled": "D", "correct": false}}
{"type": "result", "data": {"idx": 2, "options": ["52%", "62%", "72%", "82%"], "probs": [[0.106363201371884, 0.23227668473216695, 0.2845054404818391, 0.3768546733140906], [0.10958795361266742, 0.24872375330133384, 0.3120888583007647, 0.329599434685244], [0.08517923058393415, 0.22265626115253104, 0.20590801550754806, 0.48625649265599635], [0.13223079610330055, 0.28421656945278545, 0.4202870217056129, 0.16326561263830305], [0.1018300020474987, 0.2558361998762278, 0.2104956582215167, 0.4318381397547505], [0.12548491317687727, 0.28929802279587474, 0.3279985829825066, 0.25721848094475375], [0.16117892267963077, 0.15265461671518538, 0.30842553870114936, 0.37774092180404417], [0.22249017450785163, 0.18304833130300024, 0.2880017319911776, 0.306459762097962], [0.12003115089774788, 0.1679323511949283, 0.10756530268289925, 0.604471195124412], [0.26414704802711086, 0.3065409892662062, 0.29952634968740455, 0.1297856129192868], [0.19505199874639062, 0.26858248342981283, 0.1394448632690466, 0.396920654454746], [0.2055125903856948, 0.27427892585893754, 0.3550794773435803, 0.16512900631177316], [0.1716255925332601, 0.14121313117519244, 0.21704909289143695, 0.4701121833000869], [0.24155631426196644, 0.1823024505437436, 0.3151640145221215, 0.26097722057216455], [0.3629046696729329, 0.2290203292129247, 0.16628747970980434, 0.24178752130434275], [0.29304811811310855, 0.2283034432544102, 0.31938458747575027, 0.15926385105672988], [0.24910872747091695, 0.26102963879362473, 0.13029425165785882, 0.35956738197758564], [0.38861511019055955, 0.29337288205402756, 0.16460450453530057, 0.1534075031201046], [0.15854190113063055, 0.16115917283445683, 0.2593764903119002, 0.4209224356229975], [0.16720683497836547, 0.16724474571074693, 0.28894368059774217, 0.3766047386131397], [0.2853626706521196, 0.23118058507915, 0.1772780957720049, 0.30617864839675], [0.19290751834407247, 0.20225317013195798, 0.3930046965089433, 0.21183461491502753], [0.21599921021894444, 0.24284769324382305, 0.15320236487548228, 0.38795073156173543], [0.3204109007996491, 0.2679643937814597, 0.19302630215455868, 0.21859840316432771]], "ideal": "C", "sampled": "D", "correct": false}}
{"type": "result", "data": {"idx": 3, "options": ["China", "United States", "Germany", "Japan"], "probs": [[0.2684715217483844, 0.1905651911991426, 0.4460427862956462, 0.09492050065681125], [0.24939120713247193, 0.15035407018293992, 0.1454789591416156, 0.45477576344297405], [0.2865132248284894, 0.14887469171658255, 0.468730260159668, 0.09588182319528153], [0.3396618783205395, 0.1113502525179103, 0.13303248721718836, 0.41595538184435865], [0.18839120547020866, 0.04847785934486928, 0.28265761708831605, 0.48047331799660803], [0.20477139165688643, 0.05435396285036133, 0.36780180853534, 0.3730728368574109], [0.15806022006379525, 0.23001398510759974, 0.5099821178114309, 0.10194367691720331], [0.15331141885625216, 0.2129940708657668, 0.1508349543303162, 0.4828595558476548], [0.09494126662439183, 0.11724664006583764, 0.695205997119585, 0.09260609609017106], [0.024032639475823132, 0.016780057782499292, 0.044841379568905285, 0.914345923072787], [0.05763246410454688, 0.049689135211854814, 0.6485832103521858, 0.24409519023141935], [0.01696974284648793, 0.00981584158081618, 0.09158102289977699, 0.8816333925729167], [0.14989988643279958, 0.24543535477338413, 0.5072197490474062, 0.09744500964642641], [0.16591465549904527, 0.24351619845319067, 0.1738445069953211, 0.4167246389524483], [0.0957076073812909, 0.10350716859709107, 0.7066815787487513, 0.09410364517288898], [0.021952495668043744, 0.015090496909474144, 0.05300859026236075, 0.9099484170601299], [0.050010708658219154, 0.037442420819189616, 0.6427896251778119, 0.26975724524480066], [0.019033212714730734, 0.008852402081424564, 0.08515413459457469, 0.8869602505092925], [0.03594103724196291, 0.15732714638606438, 0.4238982626962272, 0.38283355357575366], [0.04009570966648423, 0.1512248079200257, 0.5395675588404284, 0.26911192347306284], [0.02395271078541149, 0.053532608933259014, 0.7208560171636549, 0.20165866301767194], [0.009433300541621196, 0.011455275461874056, 0.13196179837345737, 0.8471496255230647], [0.021104792733042114, 0.04259659427058523, 0.7366206633597987, 0.19967794953659038], [0.010210930025713556, 0.010452131219557842, 0.09747198971171803, 0.8818649489429936]], "ideal": "A", "sampled": "A", "correct": true}}
{"type": "result", "data": {"idx": 4, "options": ["by 5 fold", "by 10 fold", "by 15 fold", "by 20 fold"], "probs": [[0.14759256467370976, 0.22852300858701768, 0.25286796988403654, 0.37101645675523487], [0.10675596278805927, 0.1653331222133279, 0.1732654781749518, 0.5546454367236499], [0.11496351843099041, 0.19246435649052104, 0.3301231660540398, 0.3624489589244456], [0.10430562415630133, 0.18021742694524875, 0.23693783602537072, 0.47853911277307976], [0.0941767764369207, 0.14137270451068984, 0.27877621072543685, 0.4856743082269404], [0.10368578950283881, 0.1450064900168371, 0.2606208260017683, 0.4906868943785699], [0.10441818375357055, 0.27940531862984386, 0.30685048133523896, 0.3093260161813741], [0.07356413539332232, 0.21114552764539954, 0.19685763680360585, 0.518432700057666], [0.09672771396731933, 0.18070313769329197, 0.3024606660845362, 0.42010848215486185], [0.11519633875727311, 0.21861813315792633, 0.23819675539003235, 0.42798877259476614], [0.07196017412964185, 0.12245194238776864, 0.23054822778515743, 0.5750396555974454], [0.09043656081071672, 0.14564321935042557, 0.32571977414872033, 0.43820044559013605], [0.1281651881096491, 0.2249684854915679, 0.3624217144519315, 0.2844446118468467], [0.0909112909057044, 0.16724913712586478, 0.1672394809431908, 0.5746000909252376], [0.14928715154761646, 0.25183194893582317, 0.28781482149685816, 0.3110660779197055], [0.12019789675664862, 0.22103217024293217, 0.2645761827431435, 0.3941937501572758], [0.09435518046600265, 0.12303633642364903, 0.1530895020951682, 0.6295189809151518], [0.12812817094918966, 0.17115676572888613, 0.3298051982319719, 0.37090986498996414], [0.08133826754833959, 0.21751121505195614, 0.33967603451195183, 0.361474482787751], [0.07135523680560578, 0.17653611411754064, 0.25697035175891564, 0.4951382972179443], [0.08706640051518835, 0.20086675194386266, 0.2834039097720531, 0.4286629376689063], [0.08008995399235425, 0.18910959697353552, 0.32420007181445787, 0.40660037711966973], [0.07936548429207113, 0.1566278690218645, 0.22606186438791132, 0.5379447821981526], [0.09453613160043248, 0.2231373056506068, 0.3027757928413691, 0.37955076980758806]], "ideal": "C", "sampled": "B", "correct": false}}
{"type": "result", "data": {"idx": 5, "options": ["Lower respiratory infections", "Preterm birth complications", "Diarrheal diseases", "Malaria"], "probs": [[0.2853489152236204, 0.0716211938979597, 0.5286671820108378, 0.11436270876757905], [0.23389416542036304, 0.04539501578061733, 0.027951438114638055, 0.6927593805843756], [0.6445163186653203, 0.21098250524367684, 0.08592411038019704, 0.058577065610785004], [0.622417123317083, 0.21195457121331232, 0.05485421802862678, 0.11077408734097426], [0.16141986587202692, 0.037201514135137684, 0.04348021799444285, 0.7578984018983649], [0.26865921035298523, 0.07644366534665327, 0.5099452779770136, 0.14495184622336937], [0.15298993225966157, 0.13711044212277013, 0.5908230028702193, 0.11907662264733337], [0.1285217903417142, 0.0850144625542257, 0.04139715216784329, 0.7450665948362059], [0.18937320815064831, 0.22667534614308643, 0.48726272378740865, 0.09668872181886265], [0.24227637932274262, 0.2946611314561964, 0.09640188598257436, 0.36666060313849136], [0.06378657093314319, 0.0470768402460895, 0.4325508214237271, 0.45658576729703637], [0.06713650138342171, 0.04724669898418752, 0.5754715282562091, 0.31014527127619207], [0.8736214399743069, 0.05010303572761219, 0.03993456296437077, 0.036340961233727376], [0.8725824848171932, 0.04249177294334778, 0.025549375451793508, 0.059376366687687546], [0.7662147691237715, 0.05687356002266652, 0.1222584954479362, 0.054653175305620735], [0.8293732215152292, 0.034829461210440914, 0.02178286999035151, 0.11401444718396032], [0.7256886777234001, 0.0530603030177521, 0.14531867686517466, 0.07593234229365697], [0.7040011137656367, 0.04539853342481597, 0.0551524065341473, 0.195447946175405], [0.026118146576504762, 0.04656993609784512, 0.07672665725540481, 0.8505852599702246], [0.04351700469026729, 0.1011359272163463, 0.7183367430161324, 0.137010324977252], [0.024892490915378214, 0.03218436979284718, 0.535632965499099, 0.4072901736926491], [0.02514677331538549, 0.03034097168899862, 0.7061730010548184, 0.23833925384078233], [0.053487265965992514, 0.19259967606910547, 0.6362001680022681, 0.11771288986262401], [0.050564974709595534, 0.18484266627690565, 0.21279959297187126, 0.5517927659416327]], "ideal": "A", "sampled": "C", "correct": false}}
{"type": "result", "data": {"idx": 6, "options": ["10%", "20%", "30%", "40%"], "probs": [[0.0981103946731208, 0.2245449017219554, 0.3729209936395464, 0.30442370986537826], [0.09510645085482601, 0.22278563022841433, 0.3938748128526469, 0.2882331059641318], [0.0756068797410774, 0.24590417781712479, 0.2763090496124101, 0.40217989272939064], [0.10114783501792848, 0.2994267024433728, 0.4060621408138348, 0.19336332162484793], [0.07543136181182379, 0.2570419302625519, 0.26947425894154947, 0.3980524488840672], [0.08401643888221672, 0.27740210579671676, 0.311853853814544, 0.3267276014064968], [0.1419901708982642, 0.16730116787873378, 0.3948822568746339, 0.2958264042483822], [0.1530351400219534, 0.17883848580623796, 0.32625439583994315, 0.34187197823185805], [0.14029289067636871, 0.22247351795863152, 0.16654042271812552, 0.4706931685468732], [0.20407112679153622, 0.2899431422031679, 0.37532898388081937, 0.13065674702446858], [0.10863254442582064, 0.1695335790165268, 0.13939481653474417, 0.5824390599229011], [0.19797193005408883, 0.2769904006670469, 0.37555299667825975, 0.14948467250059114], [0.15911996317283889, 0.1591347448921421, 0.35287587882137084, 0.32886941301364975], [0.18337300575882406, 0.19071886561688048, 0.3849981174776099, 0.24091001104667653], [0.30499608221235136, 0.2394042910527742, 0.23937877674879027, 0.21622084988607038], [0.23676975209470952, 0.23679263710551385, 0.4092164136132827, 0.11722119708650781], [0.1721772906290151, 0.22452208001908713, 0.14268049964996887, 0.460620129601943], [0.27859972493718893, 0.30139405715500617, 0.2536777818425434, 0.1663284359652632], [0.1653212100649097, 0.15652671977962954, 0.3417775948958415, 0.3363744751596443], [0.2024270376833406, 0.17321851444256883, 0.33896412181010876, 0.28539032596397657], [0.26683441655242496, 0.2392582001358612, 0.23540634171469293, 0.25850104149702174], [0.24608420045326546, 0.23486548071782312, 0.396254736612755, 0.1227955821161591], [0.20376067469227585, 0.22740031865991664, 0.17291764867406056, 0.39592135787374305], [0.28130114329333755, 0.2664731565248466, 0.2705922801687194, 0.1816334199130915]], "ideal": "C", "sampled": "C", "correct": true}}
{"type": "result", "data": {"idx": 7, "options": ["29%", "49%", "69%", "89%"], "probs": [[0.27428994688283354, 0.27437150598765936, 0.24415266526512072, 0.2071858817643619], [0.3033506722998179, 0.2806619286319648, 0.1990756667137515, 0.21691173225447263], [0.3420146140431491, 0.2406978784360925, 0.22088676281291267, 0.19640074460784596], [0.3605843240700897, 0.22236558614597257, 0.22236558614597257, 0.19468450353796868], [0.27546021364300405, 0.2214623182179512, 0.22317543973688433, 0.2799020283021694], [0.288725113821535, 0.21808731310854, 0.27341598910024106, 0.2197715838696791], [0.23833873186810003, 0.33086439885743835, 0.21369326265379468, 0.21710360652065286], [0.24819454199137092, 0.34204045414381967, 0.17474354091859873, 0.23502146284622535], [0.21810008553587074, 0.35131427222041794, 0.2001730224450142, 0.23041261969870966], [0.223552711433632, 0.3203632092224435, 0.28054724593076064, 0.1755368333131553], [0.23377518143378395, 0.27773685264231773, 0.27557696055131475, 0.21291100527259188], [0.20322442679963265, 0.2490070727636988, 0.3857316001738904, 0.16203690016278685], [0.3762592564047191, 0.22302104240229834, 0.1862804259273295, 0.2144392751656516], [0.4151444254168865, 0.22412845594017838, 0.19927144135456387, 0.16145567718837134], [0.29241228484513565, 0.3040264873135479, 0.28352912477198494, 0.12003210296932426], [0.2811089966708963, 0.2704369108375338, 0.2856625852558579, 0.16279150713571655], [0.3420229604188725, 0.3115662286611345, 0.19203968638647007, 0.15437112443351764], [0.29900880450241746, 0.29665946664297266, 0.2171430124627756, 0.18718871629181566], [0.17632796506669307, 0.2907232889682213, 0.3619823537675317, 0.17096639209754919], [0.19295894024542312, 0.3012401486971228, 0.30350038323199297, 0.20230052772545995], [0.20837656638325175, 0.2783135287444131, 0.40174140261865987, 0.11156850215367563], [0.18585557916989012, 0.26429406149957946, 0.3845039256165563, 0.16534643361398385], [0.21239268443894957, 0.3315757238334197, 0.2905622403019674, 0.16546935132566853], [0.1804630973224232, 0.28388286114516914, 0.2907913882496467, 0.24486265318275938]], "ideal": "C", "sampled": "C", "correct": true}}
{"type": "result", "data": {"idx": 8, "options": ["18%", "38%", "58%", "78%"], "probs": [[0.18540406038519308, 0.333181309149713, 0.2218943861860663, 0.25952024417903247], [0.23126093650093266, 0.37547643905406247, 0.25615234605249576, 0.13711027829251757], [0.19666060487349296, 0.36471914308877373, 0.19376568684599807, 0.24485456509174205], [0.17173681771521507, 0.3109368434480874, 0.4055982582367095, 0.1117280804999974], [0.2722126239047718, 0.3336720684334099, 0.20404794045885563, 0.19006736710295624], [0.2616968077312235, 0.3285414648866186, 0.2559024613736467, 0.1538592659085184], [0.2629973370505595, 0.2396225510654661, 0.2843813084398193, 0.2129988033441541], [0.34341885966235886, 0.2674928856232331, 0.2306649047339249, 0.15842334988049236], [0.25886920231105814, 0.3147623703035601, 0.14197686894967226, 0.28439155833569035], [0.2730489165898115, 0.3296739766051964, 0.2886093283982042, 0.10866777830678931], [0.2385902967934028, 0.34199928474348673, 0.14471593752278025, 0.27469448084033493], [0.272976305568153, 0.37920440735401756, 0.21777805113585927, 0.13004123584197264], [0.4473469936184907, 0.20184779012075296, 0.1713272315570025, 0.1794779846037488], [0.268107646221159, 0.18727712169671681, 0.42186129915673004, 0.12275393282540009], [0.4978891264665011, 0.22116957336187915, 0.12899440698887474, 0.1519468930827547], [0.3630420504580489, 0.2310056035859639, 0.3133738762038047, 0.09257846965217513], [0.2983533659049529, 0.39236323025112696, 0.12251936822650722, 0.18676403551741746], [0.31278758058665906, 0.398737768396519, 0.1548946757437717, 0.1335799751730544], [0.5048010273479184, 0.17469683304507144, 0.17464652180688114, 0.1458556177001192], [0.4234472246980941, 0.17400220033272742, 0.2692853726043184, 0.13326520226484997], [0.45553790685585455, 0.24019635535805614, 0.13264548874519605, 0.17162024894090608], [0.3825175201593878, 0.2508550886166003, 0.2570034298656141, 0.1096239612583978], [0.39033292209093867, 0.32103855946228205, 0.1381521693898887, 0.15047634895688794], [0.3862070379353222, 0.3203420056052659, 0.1598395650231943, 0.13361139133620675]], "ideal": "C", "sampled": "D", "correct": false}}
{"type": "result", "data": {"idx": 9, "options": ["11%", "26%", "41%", "56%"], "probs": [[0.12329167533672675, 0.31961793987430187, 0.25678382684088435, 0.30030655784808724], [0.17234301046987283, 0.42649393818670317, 0.2817938988161135, 0.11936915242731476], [0.13969268785133973, 0.2754106897080393, 0.23931686900122204, 0.3455797533393927], [0.19167004996654216, 0.3553646009668503, 0.3338922266133081, 0.1190731223533065], [0.15643943004901686, 0.3159908062323478, 0.21890342760128018, 0.3086663360173517], [0.19055730530505482, 0.36732949130233183, 0.2175711040108122, 0.22454209928180635], [0.17868324655781845, 0.20572135594961521, 0.3162534999749331, 0.29934189741764106], [0.26024838069823886, 0.2563717972697214, 0.31656158346042507, 0.16681823847162952], [0.18590180182337526, 0.2725016883875691, 0.10591516134655903, 0.43568134834250755], [0.2708469785543548, 0.3589274673687022, 0.2794886974744536, 0.0907368565024839], [0.21257053506907805, 0.28156909473605063, 0.11466674485863781, 0.39119362523623075], [0.2769579150934175, 0.33150722588948806, 0.2880201893250736, 0.10351466959201105], [0.23334869352044496, 0.18756366479554912, 0.3529752520672399, 0.22611238951677834], [0.2539494306681825, 0.2123077377683283, 0.3934277162358268, 0.14031511522766477], [0.350495522478259, 0.3021824350245343, 0.15672490751190407, 0.19059713488531363], [0.28251931602323593, 0.280376941558418, 0.3515920621194518, 0.085511680198919], [0.24293510156586431, 0.3144120171778953, 0.11303777844020503, 0.32961510271602534], [0.31266476384979014, 0.3626239745377203, 0.20031854050254913, 0.12439272100992128], [0.257011050116881, 0.1739399810738344, 0.2912671119107239, 0.2777818567985743], [0.34558397531506796, 0.21640554478662258, 0.2735077621034076, 0.16450271769490263], [0.4251138153982329, 0.29218348479177, 0.15894723010744366, 0.12375546960254268], [0.35026923251778636, 0.28820263232154864, 0.26867106799707435, 0.09285706706358902], [0.3849876053490852, 0.30707738684118285, 0.12601614481350262, 0.18191886289622589], [0.3720197026108521, 0.30143897429140815, 0.20090081645661273, 0.1256405065411138]], "ideal": "B", "sampled": "D", "correct": false}}
{"type": "result", "data": {"idx": 10, "options": ["23%", "38%", "53%", "68%"], "probs": [[0.1418574079014796, 0.2778760339976699, 0.2529700027145344, 0.3272965552863013], [0.15080997797709406, 0.3070106681233378, 0.2669468456817511, 0.27523250811779804], [0.1412659624604348, 0.25786326385644237, 0.21384267318073163, 0.3870281004023778], [0.15887254448099955, 0.2620207809618867, 0.4354847899448837, 0.14362188451223484], [0.15335797871263424, 0.3072237739856641, 0.20965552392651968, 0.32976272327518497], [0.16732098132415468, 0.3251070159993325, 0.30559749571681327, 0.2019745068597034], [0.15567016919414503, 0.1765326039589529, 0.3194969650744635, 0.3483002616724404], [0.16205057746785223, 0.1725220213462465, 0.2549513791501682, 0.410476021935723], [0.18061413840782664, 0.2627651845702646, 0.14631892938336274, 0.41030174753854354], [0.20895575396344318, 0.3018549859298988, 0.36135326728494066, 0.1278359927217382], [0.17242621584210915, 0.24515413447665388, 0.13859802382576195, 0.44382162575547235], [0.213430078209552, 0.29408722631087614, 0.33867342466063827, 0.15380927071892925], [0.2302612615367904, 0.1865873350790998, 0.23209013775404042, 0.3510612655300711], [0.22857777024237133, 0.1895558501578139, 0.39811961622572817, 0.1837467632740904], [0.3287422913326395, 0.26017472981707085, 0.19192478955672304, 0.21915818919355162], [0.250948915874253, 0.22158235300316662, 0.3920353053543577, 0.13543342566822159], [0.24114894959989594, 0.3852898243829903, 0.1606539021332308, 0.21290732378387625], [0.24762895331923568, 0.3926298272090451, 0.18268009878418293, 0.17706112058752485], [0.247702607509124, 0.1663959177220968, 0.19302769456827862, 0.3928737801005061], [0.29348880599862665, 0.1867577357659603, 0.2892548406704528, 0.23049861746495723], [0.41818726304675297, 0.2024478323758135, 0.16387916484415982, 0.2154857396332683], [0.3392445013303432, 0.19962120388206933, 0.3044990322344568, 0.156635262453119], [0.3604022613432718, 0.2640011347159079, 0.16517485399864848, 0.21042174984218326], [0.3589741632951858, 0.2586447104278063, 0.2031343922897009, 0.179246733887298]], "ideal": "D", "sampled": "D", "correct": true}}
{"type": "result", "data": {"idx": 11, "options": ["5%", "10%", "15%", "25%"], "probs": [[0.06107983127353289, 0.17393422078579293, 0.27365274997525785, 0.4913331978654185], [0.06761536474355084, 0.18816399067478928, 0.4011710963509437, 0.3430495481307012], [0.05409827288161104, 0.15893927600201804, 0.2539227987649793, 0.5330396522513655], [0.08620448997271273, 0.24745687675138417, 0.4209832205476291, 0.24535541262828328], [0.0718977824121124, 0.1834910853985551, 0.38545062600098684, 0.35916050608835043], [0.0606679574918816, 0.14435817705200488, 0.26342305561929197, 0.5315508097368067], [0.0994377175625098, 0.2240411912716256, 0.3015266037930477, 0.3749944872728303], [0.09634176087515409, 0.22213222382750172, 0.2365247836921346, 0.44500123150520005], [0.09487592175702311, 0.17445496308209044, 0.31577026160544674, 0.4148988534554369], [0.1050937990014512, 0.19636084672107898, 0.4897359018497547, 0.20880945232772619], [0.07702668210736784, 0.1790952288071048, 0.3044945771529371, 0.4393835118325872], [0.08907699305397258, 0.20074802441720188, 0.34120824516263387, 0.3689667372661903], [0.11021611087512816, 0.16550481797704758, 0.40303952530415527, 0.3212395457436745], [0.10126652434900518, 0.16828436300398578, 0.26261592779380866, 0.4678331847532147], [0.1418901713730739, 0.2414427963415413, 0.38278936557802706, 0.23387766660735632], [0.11615203167564009, 0.22212166709663558, 0.3959738647460019, 0.2657524363817269], [0.08622105857951907, 0.15860825696590766, 0.17541235565976354, 0.5797583286948331], [0.107936259732614, 0.20802392712611292, 0.29562363746692366, 0.3884161755743756], [0.10668196063772956, 0.16013495137003447, 0.37814429441162695, 0.35503879348059714], [0.09030691679803006, 0.1324246723186747, 0.30070214927427164, 0.4765662615090498], [0.12395371331900464, 0.22977425425716583, 0.3939682589233844, 0.2523037734004635], [0.11366464580581641, 0.2190870777372133, 0.37255884562356245, 0.2946894307333895], [0.10646328416562925, 0.18111546493774497, 0.267773807971653, 0.4446474428249867], [0.10689051494717665, 0.18038304792684354, 0.3758688948139848, 0.33685754221201125]], "ideal": "B", "sampled": "B", "correct": true}}
{"type": "result", "data": {"idx": 12, "options": ["2%", "4%", "9%", "18%"], "probs": [[0.058045564895813376, 0.09349635275246945, 0.3667259893462786, 0.48173209290541813], [0.07475312908640062, 0.12623834818011245, 0.49884010933592343, 0.3001684132975597], [0.061942409492728535, 0.17781420588705904, 0.16836000247174304, 0.5918833820484901], [0.12512796426477282, 0.3145124721644818, 0.4071416821024602, 0.15321788136829054], [0.08067528571270673, 0.24447811920152507, 0.19637883388225227, 0.47846776110352535], [0.08980649417993257, 0.2577424735031921, 0.2071974129083413, 0.44525361930853624], [0.14051289777907655, 0.1935435566636683, 0.27515625828076423, 0.39078728717648026], [0.14071853716575214, 0.18932807226769882, 0.20152539203144854, 0.4684279984351136], [0.12923258459824571, 0.2304646685943935, 0.1488069512416994, 0.4914957954656762], [0.1834876952905188, 0.29305473628375484, 0.37951921839755487, 0.14393834992817028], [0.11384487419473341, 0.23537356856031202, 0.13302533188828417, 0.5177562252566509], [0.1445523432138254, 0.27855576636623136, 0.19911342912296473, 0.3777784611969799], [0.1820603357015039, 0.2375187368890187, 0.30494397040237575, 0.27547695690711654], [0.21868243726813102, 0.2616655248726747, 0.3060063345751662, 0.21364570318401582], [0.23389150727993074, 0.31247302028894314, 0.26119166576457065, 0.19244380656657892], [0.21131680686664642, 0.3147116772622457, 0.24909306088973557, 0.22487845488137292], [0.23724116947076665, 0.2839547617662348, 0.16950259812322233, 0.30930147053977264], [0.20055725114757933, 0.25164234352928766, 0.2118388930679901, 0.3359615121551395], [0.1811859998502682, 0.163761178697121, 0.1701901609030467, 0.48486266044955995], [0.2508172057629518, 0.20172572878910253, 0.3098582079100361, 0.23759885743790637], [0.23231758281195455, 0.2591768239073264, 0.2305557661240314, 0.27794982705669313], [0.23519506152353029, 0.2563009960871086, 0.23343098768155007, 0.2750729546077966], [0.23683716762885162, 0.277032254314531, 0.2704459209212205, 0.21568465703540024], [0.18325693523248227, 0.22294555433406593, 0.24863266621696004, 0.3451648441164959]], "ideal": "C", "sampled": "D", "correct": false}}
{"type": "result", "data": {"idx": 13, "options": ["minimum wage legislation", "land reform", "progressive taxation", "increased access to education"], "probs": [[0.390312814914054, 0.22582322639886745, 0.16655202084514495, 0.21731193774192814], [0.37564231994949765, 0.20419420940677288, 0.17192691463883641, 0.2482365559048806], [0.38688440629265075, 0.17584115903532269, 0.23649301899817143, 0.2007814155738522], [0.36615856748459313, 0.15997116401907419, 0.14565632045001164, 0.3282139479462989], [0.36478127902086166, 0.13949654472211598, 0.20942271457439035, 0.2862994615826446], [0.30393385884106655, 0.14364647863858945, 0.1067276000869835, 0.44569206233336045], [0.1914152354918769, 0.3986976858661383, 0.1335332052055355, 0.27635387333645844], [0.16820029330075056, 0.397034969890594, 0.16180700980168355, 0.27295772690696674], [0.1816429404774827, 0.2620883082936281, 0.3472877308946422, 0.20898102023425724], [0.16293184367208977, 0.27066085326306777, 0.13721004900906997, 0.4291972539557572], [0.1498715398233987, 0.12524233828195552, 0.5068231493908988, 0.21806297240372827], [0.2048084809988021, 0.1736935531629835, 0.14181284265240687, 0.47968512308580985], [0.08827272772988039, 0.22526921369592115, 0.492178834365081, 0.19427922410912174], [0.06907325662075636, 0.23703885292301888, 0.14270309081549348, 0.5511847995407094], [0.08811480465890081, 0.34006068838723097, 0.38249990369431325, 0.18932460315954883], [0.07360106612633428, 0.3852376058770929, 0.1848701865441776, 0.35629114135238427], [0.07101528917126931, 0.113437335337342, 0.19755892876028147, 0.6179884466311112], [0.07437397031888718, 0.11789647352723599, 0.3865202453425685, 0.421209310711308], [0.06620590562225064, 0.32561718346425494, 0.3604537127217436, 0.24772319809174193], [0.0693662476724925, 0.3409707576441267, 0.10483514394328872, 0.48482785064009154], [0.07299357351016088, 0.17483031936106666, 0.5428296860581727, 0.20934642097059564], [0.08037335979504123, 0.3514884045685527, 0.1536746622169956, 0.41446357331940253], [0.0703519852082703, 0.17662985430960798, 0.2802125967152283, 0.4728055636669007], [0.07512503351101948, 0.19620679296645666, 0.2831762537436675, 0.445491919678839]], "ideal": "A", "sampled": "A", "correct": true}}
{"type": "result", "data": {"idx": 14, "options": ["36%", "56%", "76%", "96%"], "probs": [[0.21528441592138656, 0.23462116250790646, 0.29437871300588664, 0.2557157084648374], [0.2254726274936579, 0.23637002609807498, 0.25744907503293063, 0.2807082712753343], [0.20835294166048268, 0.2219316928374138, 0.3103010936022312, 0.25941427179988036], [0.2639869304309263, 0.2405407086787184, 0.3262269800481527, 0.16924538074221418], [0.1784120373426713, 0.1813287559754923, 0.2535501528215702, 0.38670905376024495], [0.18206638814552087, 0.17385078195181786, 0.2931710351246635, 0.35091179467799266], [0.16716959191510888, 0.3221077743005185, 0.2910442101779118, 0.2196784235064408], [0.14301502761195867, 0.2958442487571733, 0.15351984781315678, 0.40762087571772165], [0.18348938765113726, 0.2162298098527114, 0.38240574759234713, 0.21787505480382363], [0.2446903310738272, 0.26269683736829635, 0.32433596058078057, 0.16827687087710547], [0.13789231786144646, 0.156446707318176, 0.2875002860910065, 0.4181606886293649], [0.14546482127019844, 0.16487775411783087, 0.33812222700080335, 0.3515351975111885], [0.11830357354550462, 0.31154732712038463, 0.4033462938876406, 0.16680280534646888], [0.11039541350500938, 0.3242838148906183, 0.18623530240242164, 0.37908546910194074], [0.12583436275064175, 0.30180047106364144, 0.4638559832481165, 0.1085091828375947], [0.10696024402519454, 0.31420598332998667, 0.19980092810792255, 0.37903284443690005], [0.11527313621457386, 0.15632195032696378, 0.3897805091712618, 0.33862440418720047], [0.09698299390270483, 0.14677601363558165, 0.5162392379520881, 0.24000175440964402], [0.07633977097233748, 0.27486075181836594, 0.39673391218195087, 0.25206556492734156], [0.0660454354533111, 0.24732161397151856, 0.275804910611022, 0.4108280398641419], [0.08387857046127044, 0.32382972621918615, 0.4496939605501114, 0.14259774266941858], [0.0625392317397757, 0.24345247705037779, 0.2532297998339351, 0.44077849127593804], [0.0692261975501539, 0.22163492401461157, 0.46568656310760553, 0.24345231522763905], [0.07124633498008169, 0.260419339775223, 0.3911184130543058, 0.2772159120904038]], "ideal": "B", "sampled": "A", "correct": false}}
{"type": "result", "data": {"idx": 15, "options": ["6%", "13%", "27%", "46%"], "probs": [[0.06690266870333417, 0.3614264944917797, 0.39685636880832553, 0.17481446789654734], [0.06828968081911457, 0.3603784701651641, 0.13672168668836543, 0.4346101622273635], [0.07583359525740833, 0.3477227083254586, 0.3503092461942003, 0.22613445012294453], [0.08420745395536919, 0.43086097416587155, 0.37429449513892105, 0.11063707663986225], [0.059484800522146546, 0.093586668984899, 0.16157529429563833, 0.6853532360972892], [0.08947537824609617, 0.15464110473245313, 0.4650622516975435, 0.29082126522390617], [0.23865405344000803, 0.1760473428803665, 0.3965744864980684, 0.18872411708156783], [0.22808597744951062, 0.14389157448807344, 0.09806952991759216, 0.5299529180448006], [0.20516365855276053, 0.4277462792847398, 0.12538491666523466, 0.24170514539727536], [0.21918228265414794, 0.4193302830723861, 0.29031310065644855, 0.0711743335170079], [0.12457873610770717, 0.11710694869099667, 0.08491759698649023, 0.6733967181148253], [0.1853911007566192, 0.1884535841428293, 0.5197210245425438, 0.10643429045801558], [0.3532890117174004, 0.15100522249282397, 0.36466766559428165, 0.1310381000954949], [0.4648170775582949, 0.16461573122608017, 0.2393873538986196, 0.13117983721700446], [0.5318569595947912, 0.21358982772643179, 0.17420409907507678, 0.08034911350369012], [0.4760841994011506, 0.2453867410215425, 0.20013921104496527, 0.07838984843234272], [0.4479249283172545, 0.22372236957998445, 0.08094894818333344, 0.24740375381942464], [0.521166007754039, 0.22807582763864462, 0.12682744658074288, 0.12393071792655079], [0.1195414095364439, 0.06923340414334807, 0.1131465433617836, 0.6980786428584095], [0.2409115499747512, 0.14171761337820588, 0.44658491819857066, 0.17078591834846707], [0.3275890846230549, 0.1573527686402749, 0.14093740490679424, 0.37412074172986576], [0.26964403245191976, 0.19286224603534186, 0.4343507954202452, 0.10314292599250621], [0.36411168309166747, 0.3215157206841915, 0.10194172325340232, 0.21243087287072054], [0.3596562448150589, 0.30555350885243704, 0.16214248702238532, 0.1726477592101067]], "ideal": "B", "sampled": "C", "correct": false}}
{"type": "result", "data": {"idx": 16, "options": ["34%", "49%", "64%", "79%"], "probs": [[0.22620518272995754, 0.2793581895923934, 0.28837212848297583, 0.2060644990946648], [0.1617585839229582, 0.21952352906723502, 0.17911386518068514, 0.43960402172911844], [0.2122743854249936, 0.22959705298006725, 0.304015164128773, 0.2541133973661613], [0.25028514614814795, 0.24268323500198155, 0.30427671573415055, 0.2027549030157208], [0.15662240396011157, 0.21926507114059685, 0.23340220616510698, 0.3907103186341822], [0.15491860157822213, 0.20521156718039715, 0.38046934090078777, 0.2594004902406062], [0.2267904739859586, 0.24142598554798686, 0.2959237359700316, 0.2358598043960347], [0.14759852263726325, 0.1699164776970034, 0.143070335207478, 0.5394146643582416], [0.18755205969848035, 0.316493042859124, 0.1890448951846183, 0.3069100021577868], [0.2041288937232465, 0.34471415136624334, 0.2970214918782511, 0.15413546293224728], [0.18095563709357781, 0.25316546535358647, 0.21154418822327237, 0.354334709229562], [0.14678073765261826, 0.2104156468630543, 0.48895153749908954, 0.15385207788523336], [0.4063173226541762, 0.16689627550440214, 0.21755572055233677, 0.20923068118909707], [0.41590331740130043, 0.16826751255068992, 0.19654964003141398, 0.21927952991659663], [0.37800600601402734, 0.2683903151430678, 0.2122137517203722, 0.14138992702253575], [0.32496318432892324, 0.2551635467586567, 0.277880172548574, 0.14199309626385193], [0.3327398783736312, 0.30062656059031156, 0.16472307792622073, 0.2019104830098446], [0.32985017720454923, 0.30773738942376416, 0.21819517895506801, 0.14421725431661342], [0.2124951394042272, 0.18617782536689712, 0.27733132939393645, 0.323995705734943], [0.20164350324960478, 0.1752042577273941, 0.3299499586374303, 0.2932022802855715], [0.34446947179139903, 0.26224558461687875, 0.2173169190151829, 0.175968024476555], [0.20190874681336632, 0.20357621812894983, 0.45130156455031095, 0.14321347040737462], [0.34680058239299494, 0.28998669837580576, 0.16393727215980414, 0.19927544697137553], [0.29170905406931225, 0.283032574261061, 0.257587479408341, 0.16767089216128905]], "ideal": "A", "sampled": "C", "correct": false}}
{"type": "result", "data": {"idx": 17, "options": ["62%", "72%", "82%", "92%"], "probs": [[0.208610612004499, 0.2575706857752853, 0.24204522477419044, 0.291773477346026], [0.20483035049356538, 0.27151165587981363, 0.20645014701034023, 0.317207846516282], [0.15715778502722366, 0.16343441696401234, 0.3950055871094146, 0.28440221079935285], [0.2998662001014292, 0.2094623591101081, 0.339857388188765, 0.15081405249969818], [0.18556907034052647, 0.14807115384005726, 0.428122555053871, 0.2382372206655302], [0.24623750262804234, 0.1591002625088566, 0.38734540005520784, 0.20731683470788337], [0.23970373476311085, 0.26540174976454056, 0.24171960662450911, 0.2531749087478374], [0.23469720087300577, 0.27665871915596796, 0.1576808449606275, 0.33096323491039625], [0.22704542369771064, 0.23430056650080228, 0.17010553171652587, 0.3685484779849833], [0.298395442698518, 0.2593315476846453, 0.31786516757001004, 0.12440784194683412], [0.27245123812739197, 0.23865100410824508, 0.23498093200411635, 0.2539168256602505], [0.2090506316530621, 0.19185812237864217, 0.4497343168301349, 0.14935692903815584], [0.11499481348043125, 0.17542794351949217, 0.42735920551439943, 0.28221803738568263], [0.1501026236603467, 0.23976529123746296, 0.24175410182314416, 0.368377983179038], [0.24414797772412977, 0.3694021763252153, 0.24623330643739072, 0.14021653941325843], [0.17519382800697658, 0.3273254891721483, 0.27777895674049186, 0.2197017259803711], [0.15543487354290375, 0.24265297815404793, 0.17612470298222563, 0.425787445220836], [0.22675823787097868, 0.3050490142595172, 0.28017982036616984, 0.18801292740333145], [0.08223195851620918, 0.1727565980973214, 0.5034768835974422, 0.24153455968901266], [0.08788782831707735, 0.1830968908946821, 0.3067313707942202, 0.4222839098940318], [0.14286695032003843, 0.32701302722562087, 0.3564520088796303, 0.17366801347472816], [0.11470136002330124, 0.244772879676235, 0.4573052842841017, 0.1832204759163603], [0.13039180318004887, 0.25319250443508984, 0.16490129873001647, 0.45151439355484047], [0.17220398460120973, 0.29058963481358735, 0.3143986477634813, 0.22280773272172938]], "ideal": "C", "sampled": "B", "correct": false}}
