{"type": "result", "data": {"idx": 0, "options": ["0.005 C", "0.01 C", "0.02 C", "0.5 C"], "probs": [[0.22786426103989457, 0.20262530536563875, 0.2992331195153914, 0.27027731397906507], [0.24746776008692156, 0.21330571104459886, 0.2654913849449688, 0.27373514382349673], [0.23992180513257827, 0.245486512556956, 0.2553691010913641, 0.25922258111910984], [0.2231694108184687, 0.2319232233405257, 0.26075046231646265, 0.28415690342454525], [0.18684882838805456, 0.25515614286653904, 0.18970118558214472, 0.36829384306325624], [0.17253505843933736, 0.22153415470003454, 0.19239480076574292, 0.413535985994871], [0.22126876666294532, 0.20775761180677602, 0.2688983057853075, 0.3020753156449608], [0.1850125833900914, 0.1765436966912054, 0.18066370206937807, 0.4577800177493277], [0.22958909136728425, 0.1933407795996188, 0.2684057756524156, 0.30866435328068564], [0.19727310260914638, 0.1700980546239242, 0.24354892383478421, 0.38907991883215715], [0.16339563233687174, 0.2469927933604835, 0.241337554552378, 0.34827401965026766], [0.16094643827536828, 0.23769869357971954, 0.19706075684767896, 0.4042941111972309], [0.26089332407569427, 0.2031193673515002, 0.30240716472049795, 0.23358014375230773], [0.20029608144266628, 0.16603069632083653, 0.1499560336283269, 0.4837171885081658], [0.23107275637140734, 0.1515381119644909, 0.3809853281383924, 0.23640380342570916], [0.2147698214992334, 0.1430912597177368, 0.18791995755744342, 0.45421896112557614], [0.16916175766478855, 0.18869007064046428, 0.23659586581731218, 0.4055523057774158], [0.1766767093463578, 0.20329907373152872, 0.1864871693231623, 0.43353704749897776], [0.2104373704393008, 0.16907814376283975, 0.2054864610961556, 0.4149980246017009], [0.1978935254289601, 0.15776605764554727, 0.2089610264337517, 0.4353793903917636], [0.26605330467002847, 0.14015610305520979, 0.3107646074509593, 0.2830259847237988], [0.22108850427681628, 0.1250057513544186, 0.20757869238660515, 0.44632705188216837], [0.2304557289138359, 0.1441862616785635, 0.26306039642271184, 0.36229761288486545], [0.1960288602762245, 0.13168278849621348, 0.20220493306576845, 0.47008341806179615]], "ideal": "B", "sampled": "A", "correct": false}}
{"type": "result", "data": {"idx": 1, "options": ["the electric field produced by a finite-length charged rod", "the electric field produced by an infinitely long charged cylinder", "the electric field produced by an infinite plane of charge", "the magnetic field produced by an infinitely long, straight current-carrying wire"], "probs": [[0.09833897727452982, 0.10232616135085784, 0.25116887421377826, 0.5481659870608343], [0.10980337404758504, 0.11698097144447096, 0.24547643012672296, 0.527739224281206], [0.11462791572940279, 0.22982117697105375, 0.15788090092702117, 0.4976700062725125], [0.11490960904797524, 0.19859151217290366, 0.22144925170753427, 0.46504962697159485], [0.09219885552627959, 0.2144264907762664, 0.21429533782499235, 0.4790793157724443], [0.10011844887107793, 0.2517948813668096, 0.2202269493215038, 0.42785972034061653], [0.10245608327274588, 0.07210852945021393, 0.2634626221440501, 0.5619727650329642], [0.12239797504799756, 0.07664249153620815, 0.27373170022335586, 0.5272278330924242], [0.11471561740130962, 0.16321328066659516, 0.1832737579272126, 0.5387973439048984], [0.11317952568886243, 0.13344874866021092, 0.2845264751536672, 0.4688452503972415], [0.1002015269026323, 0.2579267927543333, 0.17170293219583338, 0.47016874804720515], [0.10197502130920018, 0.26257248413588175, 0.22612436125969482, 0.40932813319522876], [0.12078012009534807, 0.1218335664335541, 0.2204693790454249, 0.5369169343256736], [0.1253664708453863, 0.09926213504208027, 0.271714493515289, 0.5036569004972467], [0.12443428961958553, 0.12256043827896378, 0.18242331969875014, 0.5705819523027132], [0.11536308399232023, 0.08784865705295401, 0.30381742941326373, 0.49297082944146037], [0.1179708540935159, 0.28089906120680375, 0.19601897983355643, 0.4051111047661298], [0.1212194821237091, 0.2887216352855012, 0.24482182311046854, 0.34523705938033683], [0.14017100129257343, 0.17463019654343576, 0.27661297241947774, 0.4085858296445087], [0.14189518856557018, 0.15593678442508804, 0.3074699801619207, 0.3946980467473995], [0.16155107375060324, 0.22794539720702234, 0.16800263743888716, 0.4425008915035027], [0.1590155511288269, 0.20585161738191432, 0.2683246606673358, 0.36680817072192107], [0.1521672676899844, 0.2432894627416411, 0.21622293774537335, 0.38832033172299035], [0.16233571614459086, 0.2741325362377634, 0.2306734537399762, 0.3328582937776632]], "ideal": "A", "sampled": "D", "correct": false}}
{"type": "result", "data": {"idx": 2, "options": ["electric field outside the object is zero", "the electric field outside the object is equal to the electric field inside the object", "the electric field outside the object is directly proportional to the distance away from the center of mass of the object", "the electric field outside the object, but very close to the surface, is equal to the surface charge density at any location divided by the permittivity of free space"], "probs": [[0.05457514068379501, 0.13496155769809295, 0.11995033366942985, 0.6905129678486939], [0.06455884684021874, 0.08296366412184897, 0.75557341139994, 0.09690407753798654], [0.06657637313811651, 0.09537346625919291, 0.19697251270748217, 0.6410776477952124], [0.0684302361832893, 0.08659597509287782, 0.7067592370669972, 0.13821455155682832], [0.09548104816297837, 0.632041968035397, 0.16351518109075686, 0.10896180261087055], [0.09684867677882773, 0.6213415116155641, 0.1375773275863432, 0.1442324839192695], [0.09012049708291167, 0.0555310689547126, 0.13505595536617263, 0.7192924784962206], [0.057657159435184104, 0.04602835302512234, 0.8077542061232016, 0.08856028131651192], [0.05020092913577321, 0.05471584376934878, 0.0538261901477654, 0.8412570368470998], [0.1246527564114541, 0.09131260573717677, 0.6632274832705285, 0.12080715448086157], [0.1266793522584589, 0.6088174488449766, 0.134798377564474, 0.1297048212320769], [0.14656674731621996, 0.5885085450379017, 0.14989974997999947, 0.11502495756586002], [0.07492996463633393, 0.07207896783660067, 0.2869299436379036, 0.5660611237891789], [0.04728948203105676, 0.05931005343499107, 0.7800443349290722, 0.1133561295048721], [0.046676105114607, 0.09426481654883206, 0.06474294404672698, 0.7943161341898144], [0.09066885838025722, 0.1036401792621267, 0.6856338395444542, 0.12005712271318271], [0.09012063037618748, 0.6399604780704625, 0.12026797425870417, 0.14965091719464182], [0.10268268487265818, 0.6537827670415141, 0.14250635511840667, 0.1010281928674291], [0.7128993779660144, 0.0702090430687893, 0.14047339926111232, 0.0764181796040839], [0.730303161751733, 0.07776072426486604, 0.1004359772472131, 0.09150013663616481], [0.7390818477809254, 0.09273515741649224, 0.09548091755362248, 0.07270207714894635], [0.7220283879376372, 0.1059312315209165, 0.0970210566323264, 0.07501932380911994], [0.6924273859465296, 0.0875384802713922, 0.09674132549279045, 0.1232928081892967], [0.7125682559219856, 0.0866654462260645, 0.12386549885347262, 0.0769007988984995]], "ideal": "D", "sampled": "D", "correct": true}}
{"type": "result", "data": {"idx": 3, "options": ["Less, because the tension in the string varies directly with the wave speed, which varies inversely with the wavelength.", "Greater, because the tension in the string varies directly with the wave speed, which varies inversely with the wavelength.", "Greater, because the tension in the string varies directly with the wave speed, which varies directly with the wavelength.", "Less, because the tension in the string varies directly with the wave speed, which varies directly with the wavelength."], "probs": [[0.469401960282747, 0.1622369926206491, 0.15844319451832095, 0.20991785247828393], [0.5583798715296996, 0.15148703259415208, 0.15636793134469798, 0.13376516443145048], [0.42760006123718775, 0.20366642482495598, 0.21504255914375087, 0.15369095469409497], [0.5108979178184506, 0.18348408208446695, 0.12908674898669675, 0.17653125101039835], [0.47752216495096617, 0.16128236166886548, 0.20859074169440203, 0.15260473158575635], [0.4260959874979262, 0.15806031459626216, 0.14277169531758357, 0.273072002488238], [0.4342004509976502, 0.22699905116998662, 0.16603245968292693, 0.17276803804944665], [0.38898200733933264, 0.2491196786229325, 0.1837540749916093, 0.17814423894613676], [0.34304085663557415, 0.16456756762199465, 0.3073946001469849, 0.1849969754954415], [0.3117033398977906, 0.1667270603213745, 0.16294705221628603, 0.3586225474645583], [0.3547367206112986, 0.20537033997591717, 0.291943846296302, 0.14794909301649004], [0.39615721894583794, 0.2104329775500126, 0.11899112391510387, 0.27441867948902826], [0.3301382462875769, 0.32491098426390075, 0.13988577136304223, 0.20506499798546765], [0.3340052036739714, 0.34443741273098377, 0.13705833779671106, 0.1844990456983386], [0.2774846755800275, 0.19226167358820698, 0.2774846755800275, 0.25276897515174945], [0.2778020608828969, 0.2113781937573053, 0.20810462077720046, 0.3027151244825802], [0.2677340845001475, 0.19436991084308636, 0.2941438898819982, 0.2437521146747573], [0.34350824885969944, 0.19119304131619128, 0.21004292179034204, 0.25525578793376325], [0.3740901186557696, 0.20182847723507835, 0.17677179630243037, 0.24730960770671662], [0.37531914484017237, 0.2312790592088246, 0.16919351837354973, 0.2242082774774465], [0.4571996975838708, 0.2125810361183472, 0.1580710331875962, 0.1721482330101832], [0.4547298760416086, 0.24715752994736048, 0.12145535417914065, 0.17665723973188768], [0.4329239652712912, 0.1484072317561229, 0.21257715881687128, 0.20609164405571384], [0.36103084843421734, 0.16023821820381517, 0.21059536791031683, 0.26813556535165267]], "ideal": "C", "sampled": "A", "correct": false}}
{"type": "result", "data": {"idx": 4, "options": ["I only", "II only", "II and III only", "(E) I, II, and III"], "probs": [[0.08618727037944642, 0.10312903838311832, 0.24523639391151258, 0.5654472972259551], [0.14519817762291254, 0.1272125043624552, 0.5606778638847458, 0.16691145402988192], [0.14886700069547532, 0.1941717162373264, 0.1808346006789301, 0.4761266822882862], [0.15393159373243612, 0.22041113759190384, 0.4555167643435308, 0.17014050423211444], [0.18593999964762048, 0.3313736943289866, 0.17874692140662662, 0.30393938451676644], [0.17318024433185053, 0.2877595094989905, 0.17861064973767948, 0.3604495963314761], [0.09036084533355682, 0.07202766620131622, 0.2982806623338802, 0.5393308260312326], [0.11243317664314269, 0.08418305382711899, 0.616815920407496, 0.1865678490222637], [0.11203635955927765, 0.24657191986470542, 0.11190070731157639, 0.5294910131644464], [0.15030605800723634, 0.2595203215018754, 0.41460799962281636, 0.17556562076806412], [0.19566082829060938, 0.3054469448563724, 0.26319804369437155, 0.23569418305866088], [0.17525438420314235, 0.2910415840839875, 0.2980397429895607, 0.23566428862330804], [0.2105633920163314, 0.08516055181758762, 0.19611623163288133, 0.5081598244331769], [0.20485506228637354, 0.08415454044455863, 0.49487919549650317, 0.2161112016725823], [0.20459475326705195, 0.1271329981867001, 0.12116051979113408, 0.5471117286551243], [0.255864692243159, 0.13285467309824264, 0.4183482073901016, 0.19293242716850775], [0.30238200829605855, 0.2507675359911731, 0.23920084691237165, 0.20764960870038804], [0.29920114044873114, 0.2331177453381322, 0.27458787571186455, 0.19309323840128229], [0.13245965856511233, 0.11517640371356863, 0.1727643671740544, 0.579599570447274], [0.131589130408666, 0.1134477352945185, 0.17974667849022985, 0.575216455706585], [0.17922409422393165, 0.1632231178236582, 0.19675880344941454, 0.460793984403012], [0.14817833224635146, 0.14145684776938483, 0.3015712393600765, 0.4087935805241803], [0.1697421179765841, 0.24501938070769036, 0.18791584640034908, 0.3973226548153658], [0.14756658949160162, 0.16849904521371492, 0.30744386405586266, 0.376490501138831]], "ideal": "D", "sampled": "D", "correct": true}}
{"type": "result", "data": {"idx": 5, "options": ["Equal to the block\u2019s gravitational potential energy when it was released, because total mechanical energy must be conserved.", "Equal to the block\u2019s gravitational potential energy when it was released, because the gain in kinetic energy compensates for the mechanical energy lost to thermal energy on the rough incline.", "Less than the block\u2019s gravitational potential energy when it was released, because the gravitational potential energy was converted both to thermal energy and to kinetic energy.", "Less than the block\u2019s gravitational potential energy when it was released, because the work done by the friction force must be greater than the block\u2019s gain in kinetic energy."], "probs": [[0.2830759854306885, 0.08777677473302721, 0.2659049951402362, 0.3632422445960392], [0.21356975597638755, 0.0779740255821862, 0.42791980785941064, 0.2805364104819912], [0.22530236165963793, 0.10643541225393369, 0.4208872708266906, 0.2473749551597538], [0.17126241128304223, 0.10386258091058687, 0.18515372092164156, 0.5397212867847235], [0.27466922903602425, 0.24805447793055263, 0.2349781472777577, 0.24229814565565794], [0.1638022621336157, 0.20862134735077104, 0.16129596778733396, 0.4662804226282778], [0.10527759143154626, 0.18748895596423693, 0.2814887131951197, 0.4257447393090767], [0.09799546972510362, 0.1564526717775686, 0.42196163049090024, 0.3235902279064417], [0.11419649041695712, 0.11058564538994242, 0.4994638326143533, 0.2757540314787539], [0.07150247973601134, 0.09176742435281587, 0.13775389292788548, 0.6989762028832892], [0.10579523675303731, 0.1728782413886506, 0.48495363991690305, 0.23637288184141778], [0.07297467322268529, 0.13836730211000534, 0.14388002057157703, 0.6447780039957279], [0.06529312677931091, 0.2833041623095737, 0.39935482113654325, 0.2520478896745841], [0.06452354316644228, 0.30515047733708195, 0.2001057637729134, 0.43022021562356116], [0.06639109492615548, 0.21738461921369617, 0.46395218968808766, 0.25227209607207524], [0.0547669277285776, 0.2113262935213586, 0.19850054742053122, 0.5354062312295269], [0.048642957844470314, 0.04710596833385313, 0.5222802671414248, 0.38197080658023463], [0.046534977167398926, 0.04760486117527091, 0.3031582410539085, 0.602701920503418], [0.10002207844528756, 0.3485310674036203, 0.29823606014374143, 0.2532107939073467], [0.09313131625294922, 0.30749671852309923, 0.17251572767696066, 0.4268562374469845], [0.09919814756192585, 0.11958129590079779, 0.5526216698724581, 0.2285988865647971], [0.09485651030066482, 0.13896484718119534, 0.18556193094964957, 0.5806167114685136], [0.06304472351683434, 0.04164268985667176, 0.5654275023679589, 0.3298850841585315], [0.06575445297392292, 0.04210614016118656, 0.3334983754890467, 0.5586410312758577]], "ideal": "C", "sampled": "A", "correct": false}}
{"type": "result", "data": {"idx": 6, "options": ["The small block is most likely to slide off when the original block is at maximum displacement from the equilibrium position, but will not slide off as long as the coefficient of static friction between the blocks is greater than kA/[(M+m)g].", "The small block is most likely to slide off when the original block is at the equilibrium position, but will not slide off as long as the coefficient of static friction between the blocks is greater than kA/[(M+m)g].", "The small block is most likely to slide off when the original block is at maximum displacement from the equilibrium position, but will not slide off as long as the coefficient of static friction between the blocks is greater than (M+m)g/(kA).", "The small block is most likely to slide off when the original block is at the equilibrium position, but will not slide off as long as the coefficient of static friction between the blocks is greater than (M+m)g/(kA)."], "probs": [[0.10041004902803098, 0.10191942614045976, 0.34474058828888443, 0.452929936442644], [0.09240781670385974, 0.1054226781085953, 0.2956407360562931, 0.5065287690312522], [0.11940740117887397, 0.19517909069731926, 0.22816408379532488, 0.4572494242284811], [0.11620527745370093, 0.21691284631822913, 0.17836800922886176, 0.48851386689920956], [0.11947758271135278, 0.15814910769459806, 0.321839886168286, 0.4005334233257569], [0.10415831601358887, 0.1784167014423393, 0.24379838849730961, 0.47362659394674994], [0.0887450552977731, 0.10364816434301491, 0.3093438311138947, 0.49826294914530744], [0.10488723595956875, 0.10077003765740095, 0.3357302245408822, 0.4586125017421551], [0.10111155907423341, 0.18293767175169093, 0.27020749370420116, 0.44574327536987196], [0.11485964514583503, 0.2144599392644613, 0.20612844185131807, 0.46455197363838036], [0.10944259326255559, 0.20583025849317113, 0.18734318895187702, 0.4973839591923829], [0.10690964058308947, 0.21739951453905115, 0.18596184198000112, 0.4897290027978543], [0.09789052676534722, 0.18408341791840027, 0.14674410243233585, 0.5712819527838995], [0.11087618182369635, 0.19600142370108517, 0.19291725181835132, 0.5002051425568752], [0.09045730455608668, 0.17277751381333117, 0.20037436262303607, 0.5363908189075594], [0.12394107945366764, 0.1874181480282329, 0.2857940050354605, 0.40284676738265734], [0.11347335310346199, 0.12458407353696348, 0.2919109106317728, 0.4700316626278183], [0.09684509699227771, 0.1204340992305989, 0.2757812281815804, 0.5069395754955527], [0.09279923542676999, 0.21560445831334984, 0.17461573291737298, 0.5169805732424942], [0.0935125076970476, 0.20249850102457498, 0.2222841131751435, 0.4817048780032208], [0.08871646653919464, 0.17774850838835568, 0.15083045881807444, 0.582704566154404], [0.10596666197566323, 0.19927762787619618, 0.18581307147890427, 0.5089426385692479], [0.09383289850900516, 0.12230374206622491, 0.26914401526026743, 0.5147193440645164], [0.1074213953336586, 0.11517587842695119, 0.29633818060072786, 0.48106454553865724]], "ideal": "A", "sampled": "C", "correct": false}}
{"type": "result", "data": {"idx": 7, "options": ["0.005 J", "0.01 J", "0.05 J", "0.1 J"], "probs": [[0.19899522401653777, 0.17842365786726794, 0.2894093275816635, 0.33317179043454653], [0.19062420270912578, 0.15928578750383066, 0.19664209974690505, 0.453447909940131], [0.19831586435273763, 0.2506354733632628, 0.23173103425566513, 0.31931762792832064], [0.19790088362295297, 0.22428572924744183, 0.19938792457817206, 0.37842546245144754], [0.17675751447729024, 0.1673071788053637, 0.2936064807457403, 0.36232882587161186], [0.18105189178178066, 0.17133989507451763, 0.32760460853484535, 0.320003604508866], [0.22849591941191463, 0.19851519583631602, 0.22485471163934667, 0.3481341730124336], [0.16719478661439346, 0.15103197945258592, 0.17101527286898613, 0.5107579609640452], [0.19574075052270276, 0.1768772974159578, 0.2674638334980351, 0.3599181184633055], [0.22689693120312213, 0.19103352971018278, 0.31480398866923504, 0.26726555031745874], [0.1864570275005458, 0.19852507471106173, 0.20787281652286602, 0.40714508116552833], [0.17522099331154684, 0.18069021161192275, 0.2586798625784395, 0.38540893239808405], [0.2110381404417765, 0.17919942316849727, 0.25645076529191096, 0.35331167099780986], [0.15754911828926785, 0.13586739069672266, 0.15268819561576485, 0.5538952952982339], [0.21142414378793936, 0.1699340795405177, 0.32745842717463647, 0.29118334939690993], [0.19994849734287773, 0.1644441053159847, 0.2709610964068209, 0.36464630083430843], [0.18302367283299273, 0.15900370809029646, 0.21215974654782174, 0.445812872428896], [0.18070227125082547, 0.15571602510654778, 0.25669409806958227, 0.4068876054730656], [0.1622203302099408, 0.2018264411042351, 0.2845982751927521, 0.3513549533930713], [0.14223873635770995, 0.18550907200935665, 0.23437891865682645, 0.43787327287611527], [0.17188585309299328, 0.1887578881139727, 0.3159219550669005, 0.3234343036261555], [0.15083760788214104, 0.182012857647464, 0.2409201825533304, 0.4262293518170665], [0.15918712368005533, 0.153060864366212, 0.26853245898953665, 0.4192195528641828], [0.15941501734214925, 0.15685171312120233, 0.3047180341211724, 0.37901523531548276]], "ideal": "C", "sampled": "B", "correct": false}}
{"type": "result", "data": {"idx": 8, "options": ["v0^2/(2\u03bcg)", "v0^2/(\u03bcg)", "2v0^2/(\u03bcg)", "mv0^2/(\u03bcg)"], "probs": [[0.12260865687331801, 0.25930509464795437, 0.24946138528940442, 0.36862486308932924], [0.12209231079041244, 0.2642419254366019, 0.29490029993603734, 0.3187654637369525], [0.07913690593562148, 0.07369475777739311, 0.6515402488798795, 0.19562808730709053], [0.09014825030909863, 0.12411624037020177, 0.16571398999832465, 0.6200215192223545], [0.09466340579990151, 0.0961370380110989, 0.5750746590473285, 0.2341248970416734], [0.08649356400215816, 0.11268254927021704, 0.13700155675174905, 0.663822329875898], [0.10751145366148114, 0.16898791879077482, 0.4054695337635217, 0.318031093684222], [0.10173496894463249, 0.16363963207132337, 0.3717846474270772, 0.36284075145696854], [0.07939111724940906, 0.08440502078517531, 0.5722084479667289, 0.2639954138986899], [0.09708234864550269, 0.11519947241081674, 0.2636195527724125, 0.5240986260712671], [0.08495497522573602, 0.11427472498029653, 0.4378890962465379, 0.362881203447415], [0.10075281490819664, 0.16598079722939657, 0.25311788994671336, 0.48014849781567326], [0.10378481091596967, 0.3167568095642842, 0.2448161954233499, 0.3346421839963953], [0.07159335231714846, 0.21847989940824286, 0.13458008545188876, 0.575346662722715], [0.09429917894549249, 0.2558918657030793, 0.3210499648585892, 0.3287589903928328], [0.08768194948991162, 0.25343025065016833, 0.1782519162470786, 0.4806358835128396], [0.06781075656867415, 0.09411878327922663, 0.3012885617336695, 0.536781898318409], [0.0946591872432322, 0.1970837342576433, 0.32250061270875713, 0.3857564656903665], [0.09525049347650665, 0.17230775024676778, 0.4757770422597725, 0.25666471391694917], [0.08814658799209893, 0.14626279656147742, 0.21796844562067952, 0.5476221697257437], [0.0892739530699973, 0.13079990950012205, 0.36116342756384245, 0.41876270976605684], [0.10372853813385306, 0.17216020718286393, 0.22992743274581381, 0.49418382183747606], [0.06686521633983479, 0.07810354461175321, 0.3842868421872898, 0.47074439676113283], [0.08184424751273445, 0.12184428565577984, 0.4779891547471892, 0.3183223119842963]], "ideal": "A", "sampled": "B", "correct": false}}
{"type": "result", "data": {"idx": 9, "options": ["0.5 s", "1 s", "2 s", "4 s"], "probs": [[0.21651064046771346, 0.23045381107846435, 0.20986426864922353, 0.34317127970459543], [0.15592272917634148, 0.1894199062713575, 0.17115907879263365, 0.4834982856596707], [0.1938649113127646, 0.20802354175373933, 0.2955819122437691, 0.30252963458973775], [0.22093659009400915, 0.2562652707634481, 0.2858708406001081, 0.23692729844242433], [0.17920943910500045, 0.21439824826289344, 0.1998394006124952, 0.4065529119196105], [0.17651731859338785, 0.2096219750812842, 0.2843853310205104, 0.32947537520481684], [0.13945922076577008, 0.23348617770021696, 0.29295339037908297, 0.33410121105492857], [0.08771743296151492, 0.15501724014721388, 0.15866170374703029, 0.5986036230442541], [0.12523281451390939, 0.160741277144029, 0.3945563307630668, 0.3194695774789825], [0.1274835941081498, 0.19279641161120512, 0.2719418871192393, 0.40777810706139306], [0.09650058710016027, 0.18295605317325703, 0.18294532426301738, 0.5375980353635647], [0.1229250135815744, 0.22245499123262938, 0.2581845079978435, 0.3964354870879671], [0.17089529249955449, 0.17634776420671291, 0.3820149016361161, 0.27074204155761944], [0.1702664131725559, 0.21179927244809107, 0.26355608893094196, 0.3543782253484149], [0.1658742272805334, 0.15701861303224252, 0.45418897868638053, 0.2229181809008567], [0.14088770406992887, 0.15223325439116156, 0.20017279373652228, 0.5067062477023943], [0.17164302232374232, 0.22908895827565226, 0.18124317491809472, 0.4180248443825058], [0.13942513982026106, 0.19798768427243257, 0.13288110897252747, 0.5297060668347947], [0.19983094746075222, 0.1722867332692921, 0.26058687823753973, 0.367295440932436], [0.18640400334769744, 0.17779743326938238, 0.29316075687203375, 0.34263780641089037], [0.15756151492672807, 0.14125171285724822, 0.2765630077685142, 0.42462376434750176], [0.1650979470197155, 0.15027691980505217, 0.18842133768316385, 0.49620379539207826], [0.19005160875932883, 0.16641608035278674, 0.23832532861292774, 0.4052069821749692], [0.15793886871201251, 0.142756809685678, 0.16548661358131178, 0.5338177079209707]], "ideal": "B", "sampled": "A", "correct": false}}
{"type": "result", "data": {"idx": 10, "options": ["The average kinetic energy of the hydrogen gas is greater than the nitrogen gas.", "The average force exerted on the container by the hydrogen gas is greater than the nitrogen gas.", "The density of the hydrogen gas is less than the nitrogen gas.", "The pressures of the gases cannot be compared without knowing the number of molecules in each container."], "probs": [[0.06834288035541701, 0.08306016505277394, 0.5329990412098146, 0.31559791328197623], [0.034230070036728746, 0.03784637038307203, 0.05337099261787746, 0.874552566862321], [0.08055005465642802, 0.38983061755641846, 0.15763329607974785, 0.3719860316073928], [0.0904209703319929, 0.4344159483408381, 0.15487887245699403, 0.3202842087701768], [0.02180932917501953, 0.030720147625753022, 0.050233027093298445, 0.8972374960059419], [0.06849725373098416, 0.10118626314646845, 0.5260136559005465, 0.30430282712197787], [0.04852074673595037, 0.20570743251697954, 0.4490010651438125, 0.29677075550325255], [0.024991715730833943, 0.09716171901108868, 0.07108407573046369, 0.8067624894275871], [0.04855929634683629, 0.272623900581864, 0.3998596098289989, 0.2789571931422942], [0.030764476837763004, 0.17818493774457417, 0.09172041481486162, 0.6993301705028157], [0.017432934296445612, 0.036874752357552845, 0.15163669252751955, 0.7940556207184895], [0.02145849299170658, 0.0440008247215956, 0.29349277715079825, 0.6410479050358951], [0.21029802465478903, 0.3058905932914171, 0.2053539924916578, 0.278457389462142], [0.21037033432036487, 0.3231839730960047, 0.11709531070157778, 0.3493503817820491], [0.130660733017669, 0.09862086364225998, 0.5761677493179524, 0.19455065392209922], [0.07160503465944278, 0.04548574220943531, 0.05153586536355825, 0.8313733576675664], [0.18024671395201627, 0.13494650348083786, 0.36116782775248746, 0.32363895471463583], [0.046929447968368294, 0.040419516962701366, 0.04876559610880979, 0.8638854388601256], [0.012544586448803989, 0.032512211090082815, 0.056160955991293386, 0.8987822463698183], [0.02676177444310365, 0.08833363981292389, 0.4923946660388213, 0.3925099196051442], [0.018034512887821343, 0.04058763839987437, 0.23911588383680432, 0.7022619647754937], [0.016593142846152865, 0.03917043701440014, 0.35998091275432714, 0.5842555072851353], [0.02915974690823673, 0.18408388574790902, 0.31308940860446066, 0.4736669586393878], [0.010337172618562086, 0.04521420096209194, 0.05082904611433101, 0.8936195802050219]], "ideal": "D", "sampled": "C", "correct": false}}
{"type": "result", "data": {"idx": 11, "options": ["Move the boy to half his original distance from the fulcrum.", "Move the girl to double her original distance from the fulcrum.", "Allow a second girl of mass m to join the first.", "Move the fulcrum to half its original distance from the boy."], "probs": [[0.11475352375154065, 0.22618369202550426, 0.1449817999766307, 0.5140809841463161], [0.14610075855370622, 0.2855125730356555, 0.23691699140590375, 0.3314696769047293], [0.1172916704295, 0.13589111907151588, 0.34715077040489545, 0.39966643999409923], [0.1188086823417214, 0.14775256330339073, 0.26740674364239425, 0.4660320106124858], [0.1493913044572837, 0.21714666652414744, 0.336501012213695, 0.29696101670486974], [0.114756830317984, 0.1775834400646183, 0.13404580420682471, 0.5736139253105756], [0.15685364531707774, 0.1694527052156069, 0.13507489559053068, 0.5386187537767576], [0.2105968466727255, 0.21044400043009964, 0.3086411539511103, 0.2703179988460515], [0.1606043692440968, 0.16047204544993146, 0.25248619717249077, 0.42643738803347986], [0.1666870517058206, 0.16522290401230363, 0.26836747171840264, 0.3997225724634718], [0.20272281202960066, 0.26418896139429354, 0.26233182677915884, 0.27075639969695486], [0.16376757721591348, 0.2036268282180352, 0.1477540173232531, 0.4848515771427941], [0.1143702005528868, 0.16239721708584456, 0.3082056582612822, 0.4150269239999974], [0.1160164038391694, 0.1635008836658908, 0.24351793504163335, 0.4769647773533083], [0.11651251582760008, 0.214088737928543, 0.23334616762299246, 0.43605257852086876], [0.12097765053548468, 0.21715828878939306, 0.26199262605889745, 0.39987143451621693], [0.1183994014909836, 0.18475834816364708, 0.2211151920887126, 0.4757270581566615], [0.11890194255948337, 0.18549972354071018, 0.3057775518369297, 0.38982078196287884], [0.15316076291447145, 0.1775047669821658, 0.3878423501839633, 0.2814921198194032], [0.11680553299741485, 0.149914148619077, 0.13535910613107863, 0.5979212121524471], [0.16211007674354708, 0.3170303188211084, 0.19845431427434962, 0.3224052900609938], [0.13453870463758874, 0.2452021396963415, 0.15106562818514485, 0.46919352738091774], [0.13918835169255028, 0.170378611967137, 0.2517525638722553, 0.4386804723680433], [0.1352352241734878, 0.15187514018438497, 0.37301941657515764, 0.3398702189669841]], "ideal": "D", "sampled": "B", "correct": false}}
{"type": "result", "data": {"idx": 12, "options": ["The high temperature water will rise to the top of the container until it has cooled and then mixes with the alcohol.", "The molecules of the water continue to have a higher kinetic energy than the molecules of the alcohol, but the two liquids mix until the energy is spread evenly throughout the container.", "The hot water produces thermal radiation that is absorbed by the cold alcohol until the kinetic energy of all the molecules is the same.", "The water molecules collide with the alcohol molecules, transferring energy until the average kinetic energy of both the water and alcohol molecules are the same."], "probs": [[0.002873625404082564, 0.011802658325879711, 0.033863614451255186, 0.9514601017187629], [0.00965610270135922, 0.03584777987477549, 0.8025001002005573, 0.15199601712331196], [0.0031005441832789916, 0.009248170781116024, 0.037427410149046714, 0.950223874786565], [0.008111332959843596, 0.022900721952774337, 0.7009387554888701, 0.2680491894985145], [0.017566265446178037, 0.4117937927183016, 0.3467430847075216, 0.22389685702802353], [0.015294595764909201, 0.3043101802608964, 0.1506632426585898, 0.5297319812156004], [0.015489626568068954, 0.015483547600492809, 0.03432191053264077, 0.934704915198809], [0.06360153749298342, 0.0447518298793546, 0.7269124485965821, 0.16473418393109013], [0.012285262243313628, 0.016269438060384684, 0.019609480323269507, 0.9518358192730436], [0.08023112101861425, 0.0600830255800737, 0.7782276380614743, 0.08145821523982204], [0.15304019295233415, 0.49740363804030535, 0.11634918118620341, 0.23320698772114165], [0.21015522374427278, 0.5154481015994029, 0.1782141648571458, 0.09618250969916842], [0.00955359386250695, 0.012071903968537436, 0.07107625423696133, 0.9072982478320032], [0.019376535662500034, 0.022457925184346614, 0.6763186465510184, 0.2818468925021115], [0.008345613304659905, 0.01545637573258592, 0.020463481488361707, 0.9557345293744052], [0.037926143320359346, 0.05180123010085787, 0.8349355169362361, 0.07533710954253235], [0.029452961751361334, 0.17604561589026, 0.07056681660882429, 0.7239346056495466], [0.06940738719866547, 0.3386950045337894, 0.4925601566432702, 0.09933745152428458], [0.2432950547611548, 0.053080190381230054, 0.487348336644161, 0.21627641811344678], [0.1721678572663421, 0.0347188808446631, 0.08005029359484873, 0.7130629681941524], [0.6782915242566574, 0.10330229870526615, 0.07733276743411271, 0.14107340950395586], [0.7223018083757922, 0.09561009793314397, 0.11165158235104675, 0.07043651124004109], [0.18468063157084322, 0.0673985539671961, 0.05716754341792561, 0.6907532709440223], [0.3732775791387833, 0.10453260794667336, 0.42629234452855513, 0.0958974682859954]], "ideal": "D", "sampled": "D", "correct": true}}
{"type": "result", "data": {"idx": 13, "options": ["4 s", "2 s", "0.06 s", "0.03 s"], "probs": [[0.18145462285577255, 0.24020376724337733, 0.18858604806962564, 0.3897555617312266], [0.18586011024814056, 0.2348199671945187, 0.20717675456131218, 0.37214316789603025], [0.2115079078246248, 0.23967922846911993, 0.20824260053493465, 0.3405702630713375], [0.20063187234877813, 0.2325930580096982, 0.23624393970584423, 0.33053112983569966], [0.19248180283354457, 0.23203484732294918, 0.21624610399586172, 0.3592372457476388], [0.19660147019595153, 0.24457262366371083, 0.2297586722777978, 0.3290672337625604], [0.16077915822794642, 0.23382208510572675, 0.20151893662884665, 0.4038798199374977], [0.15994463176532553, 0.22199022328166138, 0.20362554069234906, 0.41443960416066783], [0.1574705162798567, 0.24579408726196847, 0.21020003859923753, 0.3865353577589465], [0.1848130304493472, 0.2859833587877742, 0.28843383137015516, 0.2407697792927232], [0.1480943828521366, 0.25172778367137527, 0.17857715127075302, 0.4216006821057233], [0.1762575245301383, 0.30432313399616373, 0.2749797819227425, 0.2444395594509547], [0.1963134655640175, 0.28994369527039293, 0.2559162377312217, 0.2578266013343598], [0.1857047717792164, 0.26804768505752613, 0.18855125114970306, 0.35769629191357954], [0.2721065115286292, 0.2720616946698664, 0.253677247075247, 0.20215454662627036], [0.2537422064180245, 0.2575994999088017, 0.203754019086341, 0.2849042744868411], [0.20053580349926597, 0.21845115254936404, 0.15017971373992717, 0.4308333301114462], [0.27185772414317, 0.2739900687397615, 0.16487048102939228, 0.28928172598767954], [0.21218861303295805, 0.24038715775520164, 0.23656407482246036, 0.31086015428937885], [0.21299214332713032, 0.24118144201892253, 0.216212285726383, 0.32961412882756963], [0.2566398998964174, 0.22994895747082805, 0.18917573728225745, 0.3242354052505168], [0.24973794621752043, 0.23085553038420853, 0.2344785010767459, 0.28492802222151303], [0.23966476741750609, 0.21637410585718717, 0.1522539172857483, 0.3917072093395594], [0.2791625980008312, 0.2561086783790785, 0.16790569404198244, 0.29682302947811695]], "ideal": "B", "sampled": "C", "correct": false}}
{"type": "result", "data": {"idx": 14, "options": ["10 N/kg", "4 N/kg", "2 N/kg", "0.5 N/kg"], "probs": [[0.12518121458574, 0.2111601131571682, 0.1953542543288101, 0.4683044178282808], [0.14811813323211642, 0.24805845575700536, 0.3337334083557564, 0.27009000255511967], [0.13025047203595416, 0.21468954433206325, 0.19704468728360927, 0.4580152962483775], [0.16134114187728502, 0.229266649141957, 0.4149266820429507, 0.1944655268377967], [0.15932379636680485, 0.24287184140118515, 0.22463318623891407, 0.3731711758931071], [0.18477170960724898, 0.2928848756708377, 0.24078997492951804, 0.28155343969240265], [0.13136832977438445, 0.18513540128277456, 0.17261394639068972, 0.5108823224521364], [0.16926782614176708, 0.24036239706911688, 0.26184851890447597, 0.3285212577846319], [0.15434902657172442, 0.21435206907694937, 0.17078383289850413, 0.46051507135281256], [0.17586610956704626, 0.23106968092623806, 0.42148063817836995, 0.17158357122834983], [0.1961839358046604, 0.27438464623977243, 0.177153456347608, 0.3522779615079352], [0.20150867590347382, 0.2931216040373104, 0.29089942896656534, 0.21447029099265608], [0.13785277593593054, 0.19429978919723614, 0.20195666063771334, 0.46589077412910984], [0.16976133517264064, 0.22667279597527218, 0.3195419405451626, 0.2840239282069183], [0.17220436915913281, 0.19662819418746347, 0.23717101896361178, 0.3939964175897949], [0.1924001984595484, 0.21973538225594758, 0.34280558493569274, 0.24505883424880162], [0.18098255169232588, 0.2823830021113713, 0.16855640925284887, 0.368078036843452], [0.2032794179406869, 0.33230956836161424, 0.2096754847750469, 0.25473552882263684], [0.14701622508990453, 0.1665522105596576, 0.25793633758914786, 0.42849522666127676], [0.1733467746185692, 0.20584272147590638, 0.27901792631966627, 0.34179257748582814], [0.2039096233818338, 0.23468852444159993, 0.2807352636514072, 0.2806665884251435], [0.19557189674943487, 0.23771362895358508, 0.28216395495873214, 0.28455051923823815], [0.21324271183403595, 0.24731301212869636, 0.28233801312637874, 0.25710626281090626], [0.20708430425416488, 0.253649198119198, 0.21874251820384305, 0.32052397932277543]], "ideal": "B", "sampled": "D", "correct": false}}
{"type": "result", "data": {"idx": 15, "options": ["\u03c3/2\u03b5o, down", "\u03c3/2\u03b5o, up", "\u03c3/\u03b5o, down", "\u03c3/\u03b5o, up"], "probs": [[0.12869780845699236, 0.09418697598895923, 0.15877908552026043, 0.6183361299337804], [0.1289401662562915, 0.09577288274789801, 0.17064146637167496, 0.6046454845241264], [0.11292628649874016, 0.15667209309936933, 0.16673826810567466, 0.5636633521961931], [0.1016438769576503, 0.14441059654577434, 0.15130413570301496, 0.6026413906935514], [0.14278394382447324, 0.12892619593973448, 0.2026987627834411, 0.5255910973523218], [0.10813235883816368, 0.10809564282342848, 0.28035633604747573, 0.5034156621909334], [0.08644622367690143, 0.23663085344137935, 0.15633990953651708, 0.5205830132451901], [0.08220970712559833, 0.2268128980812024, 0.15582659879225952, 0.5351507959009443], [0.08758920574489582, 0.22006078546900865, 0.27815161277120753, 0.4141983959148947], [0.07921763935507277, 0.2069126201901277, 0.1648966030544358, 0.5489731373003388], [0.07682636596345013, 0.11988360940725729, 0.31823740504470954, 0.48505261948458767], [0.07344744830708982, 0.14034869599667796, 0.2090787364075311, 0.5771251191887075], [0.07784156092327109, 0.15596653484456333, 0.2590239866296182, 0.507167917502571], [0.08940648189692633, 0.1819220185190797, 0.14615227357552601, 0.5825192259084732], [0.08882638715315579, 0.11311797972010473, 0.44710472812324287, 0.35095090490349823], [0.1021344690870625, 0.12607115674608732, 0.14177156093482043, 0.630022813132024], [0.04519683256401244, 0.06473563679236567, 0.16143169207273467, 0.7286358384708866], [0.046811289629683624, 0.06809049773506287, 0.13013873721246738, 0.7549594753227897], [0.08285927960008611, 0.261311292704111, 0.3125568867137006, 0.3432725408821257], [0.08084609566161195, 0.2469325396271045, 0.13319606010638976, 0.5390253045049055], [0.0558911154750863, 0.11280758974218785, 0.41900810124637256, 0.4122931934363378], [0.0735131378334329, 0.14390940988993695, 0.16289837759463352, 0.619679074581996], [0.04593200572458291, 0.11186724942854384, 0.14139475450371372, 0.7008059902431516], [0.04862408509309809, 0.11389303856620851, 0.1405465984400735, 0.6969362778006067]], "ideal": "A", "sampled": "A", "correct": true}}
