{"type": "result", "data": {"idx": 0, "options": ["a force that works through matter", "essentially a philosophical notion", "merely a property of a certain kind of matter", "a supernatural phenomenon"], "probs": [[0.05827995317677754, 0.03594607248229191, 0.7910131777748826, 0.11476079646603451], [0.04558728203564861, 0.03111122791381209, 0.03058280080602509, 0.8927186891445307], [0.18134589796622216, 0.5627054296520451, 0.12752408904131274, 0.12842458324044786], [0.17137080665998194, 0.5612545347885677, 0.07660796357669686, 0.190766694874731], [0.04775834035449043, 0.019941013157654317, 0.04017629308330046, 0.8921243533045755], [0.02892042929862574, 0.012868531266672782, 0.8575215681658387, 0.10068947116886275], [0.04905512263975594, 0.0547469566654543, 0.7908605400317049, 0.10533738056306897], [0.03704074100898564, 0.043975576748317945, 0.030672454613386402, 0.8883112275293192], [0.09465360392937855, 0.6073224442757605, 0.1822329674296893, 0.11579098426518669], [0.09355252129208547, 0.5766285602665125, 0.07002371263723706, 0.2597952057041568], [0.04098034800075279, 0.02212463170391879, 0.36783886936168525, 0.569056150833648], [0.025720861227566748, 0.014127176890980472, 0.8442508752732618, 0.11590108650820759], [0.6886396929102426, 0.11102564737265778, 0.09470443325316016, 0.10563022636393483], [0.7075445088770497, 0.11322449751136854, 0.05632709775562195, 0.12290389575595899], [0.6242370014569599, 0.05643929829919617, 0.20745643489083282, 0.11186726525301509], [0.44800028225201693, 0.05942538768129051, 0.05187466306855263, 0.44069966689813667], [0.5819580769456683, 0.039162112277272426, 0.23522492021959743, 0.14365489045746194], [0.3734901208674212, 0.03624043621678449, 0.07643346422042327, 0.5138359785953688], [0.02248113030740415, 0.09161459692280662, 0.0643767905426813, 0.8215274821270981], [0.01861006610529632, 0.03369513232268809, 0.8276347880450762, 0.12006001342695347], [0.02236479578475558, 0.03683914255536357, 0.37454151491349724, 0.5662545466463823], [0.018610801576601433, 0.02505596174531887, 0.8343284902353555, 0.12200474634272342], [0.03673451963174436, 0.7132617837317995, 0.11825514667488342, 0.13174854986154366], [0.03766030283426413, 0.6764557415297638, 0.09225226693632442, 0.19363168859963698]], "ideal": "C", "sampled": "C", "correct": true}}
{"type": "result", "data": {"idx": 1, "options": ["In ancient Rome, religious worship was decentralized and tended to vary with one's social position.", "In ancient Rome, religious worship was the source of much social tension and turmoil.", "In ancient Rome, religious worship was homogeneous and highly centralized.", "In ancient Rome, religious worship was revolutionized by the introduction of Christianity."], "probs": [[0.30666371017936056, 0.14964868233522707, 0.31926203024314276, 0.22442557714226732], [0.2225898995553942, 0.11476287114696693, 0.10770922114969951, 0.5549380080479152], [0.4203357761059299, 0.1796868257105963, 0.13875215705867647, 0.2612252410247982], [0.4159575786638281, 0.18629509883404913, 0.13311683975283653, 0.26463048264928185], [0.2529114756659279, 0.09394056421566768, 0.14640195670299624, 0.5067460033154195], [0.2445593710178564, 0.1013559134433336, 0.4432877610677155, 0.21079695437109602], [0.07593799445490247, 0.33153963755891636, 0.3849489788234238, 0.20757338906274886], [0.06343038568699437, 0.23336040109793085, 0.12592027101168266, 0.577288942103424], [0.04763307727366631, 0.08038341015130283, 0.662144348919806, 0.2098391635552461], [0.015795334557211292, 0.035539845398637804, 0.04056593974490543, 0.9080988801992693], [0.06544336381397475, 0.06341239493686229, 0.5342661911228066, 0.3368780500263387], [0.02020246699068534, 0.035694732897852896, 0.06764462523496229, 0.8764581747764867], [0.07315712664685792, 0.4832669764794413, 0.17653500667365177, 0.2670408901000656], [0.07342398233717745, 0.4965679967229124, 0.14699579307513247, 0.28301222776477164], [0.0424329876519151, 0.061249905548188974, 0.6894609099036568, 0.20685619679626838], [0.018683269034320518, 0.038279283710207196, 0.04542030231503085, 0.8976171448404328], [0.03137457306166396, 0.039973546019875746, 0.7412511890611824, 0.18740069175726354], [0.021457913203070646, 0.03509229487761711, 0.05426825531867314, 0.8891815365006475], [0.05432319349118643, 0.3730613036668845, 0.184827367169302, 0.3877881355726257], [0.054601130015088706, 0.38965515511058263, 0.32842357624211527, 0.2273201385322166], [0.05232186876374482, 0.08616521695554837, 0.5612048832292686, 0.3003080309514246], [0.01488832504525639, 0.04471348722701568, 0.05737800370621266, 0.8830201839215278], [0.04131774220825546, 0.10701409685517689, 0.5872365182633804, 0.2644316425731762], [0.018130016368170656, 0.0548780131546387, 0.05655471151793759, 0.8704372588592447]], "ideal": "A", "sampled": "A", "correct": true}}
{"type": "result", "data": {"idx": 2, "options": ["Many were accomplished scientists, who added important pieces to human understanding of the universe.", "They utilized new methods of communicating their ideas, such as salons and inexpensive printed pamphlets.", "Most rejected religion altogether and adopted atheism as the only credo of a rational man.", "Many believed that the new scientific discoveries justified a more tolerant and objective approach to social and cultural issues."], "probs": [[0.01965202233343844, 0.04741916028488523, 0.04739031056723982, 0.8855385067144328], [0.04057954637696015, 0.04779228939747622, 0.8204142367894457, 0.09121392733612968], [0.023902389545286347, 0.04157421310918484, 0.16421777230476045, 0.7703056249407879], [0.03282545236508394, 0.04520691362376534, 0.7518383592554233, 0.17012927465572236], [0.06971538580766057, 0.34793520383692206, 0.4650038069191334, 0.11734560333629922], [0.0514874357312149, 0.4136464793305029, 0.10881328171685031, 0.4260528031214398], [0.024871783740458727, 0.04429774502061624, 0.05055319120016437, 0.8802772799387368], [0.05552793129475306, 0.05342266111147227, 0.8031567610263601, 0.08789264646743557], [0.029397258379837032, 0.036846509513742826, 0.05745352518189815, 0.8763027068245126], [0.08194667210022416, 0.06642385393573548, 0.7188566218592695, 0.132772852004781], [0.1688240536200162, 0.4996841045211949, 0.1826719555723195, 0.14881988618647232], [0.16999824965594332, 0.5152581302653212, 0.14219332670888432, 0.17255029326983204], [0.017139226058833987, 0.04006891156408997, 0.23412581316503656, 0.7086660491120685], [0.01986250930157932, 0.03791980197794023, 0.8101753081273465, 0.1320423804931256], [0.01388030251695648, 0.03885135517269887, 0.058272980429167606, 0.8889953617811964], [0.0324732528651777, 0.0514798986686712, 0.7984674712359049, 0.11757937713024792], [0.03608874034564634, 0.3061436176375221, 0.1540294316249675, 0.5037382102918501], [0.04889625928751696, 0.2172607623859114, 0.5859788668245116, 0.14786411140206593], [0.36104614315842926, 0.1021514989724709, 0.4167559528075915, 0.12004640496151012], [0.3035033292097682, 0.10934103544757377, 0.07930541677632333, 0.5078502184663645], [0.5107607628574099, 0.2344758269995198, 0.12849549571460092, 0.12626791432847848], [0.4791266202647243, 0.2610544626974634, 0.10306340003423194, 0.15675551690357545], [0.33191480025973763, 0.0804129923942423, 0.11230376375772749, 0.4753684434883078], [0.30721562176853984, 0.08103865585798635, 0.4584688332210482, 0.15327688905242656]], "ideal": "D", "sampled": "D", "correct": true}}
{"type": "result", "data": {"idx": 3, "options": ["The duke, as a member of the French nobility, is sympathetic to King Louis.", "The duke, as a member of the French nobility, is biased against the king because of his suppression of the nobility.", "The duke, as a member of the French nobility, supported the extension of the administrative, financial, military, and religious control of the central state over the French population.", "The duke, as a member of the French nobility, supported King Louis's preservation of the aristocracy's social position and legal privileges, while he removed their power."], "probs": [[0.028313787054524163, 0.07807983593623309, 0.37241313392571757, 0.5211932429835571], [0.021970523608652072, 0.04906660881584199, 0.7550370346219302, 0.17392583285359367], [0.03605800578343172, 0.1915696736547832, 0.2558626711996989, 0.516509649262092], [0.03062105887995845, 0.06997518834528466, 0.7288935892620376, 0.1705101634127216], [0.03479345575866745, 0.18186620797252706, 0.551617434637457, 0.23172290153135747], [0.04214855484969322, 0.19152604631696699, 0.504646078666735, 0.26167932006662237], [0.03359668877460687, 0.11801093445188413, 0.3439881018115211, 0.5044042748619628], [0.025216540839110655, 0.05674684224984308, 0.7649977738723306, 0.15303884293872388], [0.034292420381948144, 0.1232371003139196, 0.4687373579920556, 0.37373312121206037], [0.03712906098174635, 0.07607271133335736, 0.6939838346507841, 0.1928143929341327], [0.03884231417574089, 0.1849193303069892, 0.5697759605588215, 0.20646239485845488], [0.04386213506947622, 0.22593041892897284, 0.31113832093160204, 0.4190691249699355], [0.07736618135197461, 0.19869991395624492, 0.2760098269137055, 0.4479240776780721], [0.062185969182994676, 0.09545988225632002, 0.6322229470288981, 0.21013120143177652], [0.0924696651542378, 0.10800524980234509, 0.3888609550122722, 0.41066412993114804], [0.0734375270012137, 0.08184291792335205, 0.5589927692503387, 0.28572678572509475], [0.11415730100208034, 0.16073575517531738, 0.3710150427821396, 0.3540919009404672], [0.12254043384131333, 0.18530190020687912, 0.2937908039840347, 0.3983668618677688], [0.06934755655901145, 0.07792934290713519, 0.678503122786932, 0.17421997764692934], [0.10254183426608084, 0.11169705293528909, 0.4281173252144302, 0.3576437874842109], [0.12821222489924392, 0.1451587026157693, 0.4909407968194118, 0.23568827556558666], [0.11826802962515014, 0.16163689935352787, 0.2522723588224807, 0.4678227120988521], [0.13341819466213742, 0.19546941520728622, 0.2304240547580613, 0.4406883352725148], [0.1504692657254542, 0.19004571059362022, 0.3360903072756059, 0.3233947163053175]], "ideal": "B", "sampled": "D", "correct": false}}
{"type": "result", "data": {"idx": 4, "options": ["that the lyrics from the popular song Deutschland \u00fcber alles (which eventually became the German national anthem) were the reason Germany started the war", "that the lyrics from the popular song Deutschland \u00fcber alles (which eventually became the German national anthem) were evidence of Germany's aggressive attitude", "that the reason Germany lost the war was that it was betrayed from within", "that Germany provided the ultimate framework for modern warfare"], "probs": [[0.06135936199955557, 0.5674597724260279, 0.15899835578685692, 0.21218250968755584], [0.0570485473784079, 0.5979618858669464, 0.1625102324018119, 0.18247933425282128], [0.059367017279229606, 0.2760333222815875, 0.278374859020947, 0.3862248013182245], [0.05597275776035611, 0.30699968237848696, 0.15076646201374605, 0.48626109774740545], [0.08088209868801104, 0.11674069791146616, 0.5067386446944326, 0.295638558606071], [0.07319718821517995, 0.11423001055920588, 0.2099850237307322, 0.60258777739489], [0.28484365541692785, 0.15387436258685858, 0.2743839660422315, 0.286898015853975], [0.3359040837871761, 0.18006127827932297, 0.26198856848071844, 0.22204606935275922], [0.23273802056143789, 0.3746679173089402, 0.12276388141221957, 0.2698301806173948], [0.25963596202528316, 0.35755198494953894, 0.14817866582787098, 0.23463338709730652], [0.37001539076933154, 0.27530757770367253, 0.15334735732409793, 0.20132967410290772], [0.31277606770083527, 0.18554231228638274, 0.15015748048768157, 0.35152413942509725], [0.1580397636341709, 0.0634177281529791, 0.4645298513048281, 0.3140126568080094], [0.16010135065865744, 0.05754316654947609, 0.27435454038931384, 0.5080009423025396], [0.19266461881614022, 0.33015700142322735, 0.16235627112526996, 0.31482210853536374], [0.15200192302136273, 0.24855152228369892, 0.299866837318887, 0.299579717276029], [0.21612103073102534, 0.046767907086062974, 0.08737946943269466, 0.6497315926502186], [0.1875313235514011, 0.05675747461478129, 0.3530785674660008, 0.40263263426781254], [0.11652926689929351, 0.0832738845644327, 0.5775710952554522, 0.22262575318081643], [0.09736282975574731, 0.07817959534761962, 0.3644042096707585, 0.46005336512587913], [0.11773777006879263, 0.49091529841282255, 0.20192337034113578, 0.18942356107724906], [0.08143674139680984, 0.37563130315916227, 0.2060417223790885, 0.3368902329649346], [0.0840137427397326, 0.13512843945876019, 0.12123642766498219, 0.6596213900365159], [0.0772573691104979, 0.09452040292818209, 0.4337682946050073, 0.39445393325631484]], "ideal": "B", "sampled": "B", "correct": true}}
{"type": "result", "data": {"idx": 5, "options": ["the Russian interest in French culture", "the spirit of camaraderie amongst the miners", "the sense of continual class struggle", "the need for noblesse oblige"], "probs": [[0.016046590743042027, 0.02407459458625941, 0.8187238395897842, 0.14115497498092064], [0.013567235511099248, 0.022661250387230564, 0.04675341641967125, 0.917018097582004], [0.04041237722519107, 0.47489752310486694, 0.24426990279839053, 0.24042019677155863], [0.033766069074320886, 0.37856555283663107, 0.13169522555996419, 0.4559731524291063], [0.012341884762778343, 0.015208627765961385, 0.056373517044670196, 0.9160759703265859], [0.015740911135048996, 0.02019928848834424, 0.8034242473137267, 0.16063555296289714], [0.026984384179959308, 0.015772010090620348, 0.8350527054312639, 0.12219090019813811], [0.027112502504018084, 0.01508306127763065, 0.04382252376990677, 0.9139819123484303], [0.0977374059578526, 0.6302096569074538, 0.11031033960455801, 0.16174259743014183], [0.10061596059516593, 0.6093960819240484, 0.12479223549765905, 0.16519572188310624], [0.026250354720618735, 0.018733322043907624, 0.02760498019235458, 0.9274113429430977], [0.03308162385415484, 0.023299614209474465, 0.8112841616257365, 0.1323346002106519], [0.40357374127730566, 0.05107688140203369, 0.3396046109621214, 0.20574476625853555], [0.30026842379490254, 0.042671924656792606, 0.10200773008090268, 0.5550519213673888], [0.43605164289592657, 0.28606644803402154, 0.09345584949240641, 0.18442605947765], [0.45563772376862655, 0.28320327771586395, 0.109873288777273, 0.1512857096382317], [0.3200345527389239, 0.056119887812297035, 0.07185741641996986, 0.5519881429288335], [0.3821569187119541, 0.056078037367988436, 0.39380702082561264, 0.16795802299444468], [0.016364780377124737, 0.012432481690654308, 0.07530259304953159, 0.8959001447826954], [0.021184311974360156, 0.015633411999217386, 0.7795197498770993, 0.18366252604934186], [0.020338936980855076, 0.02300723556561989, 0.026203817453712464, 0.9304500098998112], [0.023920143556855396, 0.027298478036069388, 0.8138845147391616, 0.13489686356791178], [0.05766759903138335, 0.39272074030135595, 0.0946717577464759, 0.4549399028208024], [0.0580197308794564, 0.37397422708377587, 0.37104763644772815, 0.1969584054890476]], "ideal": "C", "sampled": "C", "correct": true}}
{"type": "result", "data": {"idx": 6, "options": ["the size of landed estates", "the number of estates owned by an individual", "the monetary value of goods", "the amount of gold held"], "probs": [[0.045611611377163526, 0.03501250407897078, 0.7768979071563429, 0.14247797728749717], [0.01736908415610812, 0.016364692595362492, 0.020126988896814413, 0.9461392342517215], [0.08540166680398509, 0.6265257791587188, 0.14412593926370307, 0.14394661467357425], [0.06828487157238444, 0.6184452187026432, 0.06408285033049775, 0.24918705929448273], [0.015110562758373561, 0.01091425717914398, 0.03430029910934111, 0.9396748808531338], [0.02560497376264014, 0.017915471735903583, 0.7538992230121965, 0.2025803313892719], [0.027358286929122424, 0.022717165995007085, 0.8176706575667159, 0.13225388940917124], [0.013661313074990977, 0.012471983925049347, 0.018646351997964897, 0.9552203509020066], [0.06819087552422952, 0.6625136336278692, 0.1158921202852663, 0.15340337046266322], [0.0594186002364759, 0.6748733595934483, 0.07278024994210748, 0.19292779012795072], [0.01175126358837287, 0.009251919224709007, 0.025826876308689545, 0.9531699407782308], [0.020061011319513232, 0.017337587532523468, 0.8063895275510439, 0.15621187349690965], [0.3393885760455104, 0.1778819539792788, 0.3477326334784922, 0.13499683639672566], [0.2458993371218413, 0.22458197019836573, 0.06670713583217461, 0.4628115567476144], [0.477267157457754, 0.19657073979540782, 0.19149722363609148, 0.13466487901075672], [0.33630692518179256, 0.29310200573290973, 0.07387927764457503, 0.2967117913407455], [0.08104174909679686, 0.025778177186783467, 0.5577989348819903, 0.3353811387344474], [0.16908423830613417, 0.03445152877777862, 0.53706574915186, 0.2593984836642105], [0.013126600596506274, 0.09323331068550227, 0.09027353818016817, 0.8033665504378379], [0.01429304962493881, 0.03796976672768734, 0.7381587953636307, 0.2095783881837471], [0.009408374759422414, 0.03522948686066858, 0.056195080737834274, 0.8991670575420979], [0.014324363913473224, 0.0398687631313095, 0.7689849257841267, 0.17682194707106558], [0.01848401314643944, 0.17513853084311556, 0.4504987229736938, 0.355878732936755], [0.021083270578074128, 0.3425917923185152, 0.40676105642476246, 0.22956388057864915]], "ideal": "C", "sampled": "C", "correct": true}}
{"type": "result", "data": {"idx": 7, "options": ["De las Casas was exaggerating to support the start of African slavery.", "Columbus was biased in favor of himself in his writings.", "Columbus's men were nicer to the natives than were later expeditions.", "De las Casas wanted the Spanish to leave the Americas."], "probs": [[0.08148420476345318, 0.08672396860281277, 0.27537597096910454, 0.5564158555646288], [0.07792433517306532, 0.07741578313021756, 0.4520433992568415, 0.39261648233987456], [0.08769135769214914, 0.14247479357811585, 0.14231648613267503, 0.6275173624970616], [0.0999343826288729, 0.14541064735604245, 0.3950355887952419, 0.35961938111983577], [0.10232603381171661, 0.14211493510459872, 0.18519963111186383, 0.5703593998718239], [0.09716577280345444, 0.11274735925298934, 0.4089789186526477, 0.3811079491909194], [0.06519895120297968, 0.08988672432303729, 0.21705805584417462, 0.6278562685298141], [0.06440245993722296, 0.07714443406577173, 0.5390485658332723, 0.31940454006373536], [0.049100600222820125, 0.06457237692849792, 0.19867851423081526, 0.6876485085178593], [0.05148035279426874, 0.06213614638923668, 0.4656801621148986, 0.42070333860159675], [0.07226741065352635, 0.17077153148120888, 0.34452971955883255, 0.4124313382064407], [0.07761258587110842, 0.1967655918253188, 0.2997279583127659, 0.4258938638907959], [0.06997406248473528, 0.09568249304241844, 0.1551502079779888, 0.679193236394876], [0.06942874961042168, 0.08786250281628322, 0.5091618055900704, 0.33354694188323153], [0.045541978162489255, 0.060362486817680104, 0.21533977429486661, 0.6787557606249476], [0.04234134302875323, 0.05436554734390632, 0.47292867407672695, 0.4303644354506251], [0.07967133365959272, 0.14667689843819345, 0.3597021148113044, 0.41394965299092057], [0.0818470968407777, 0.16276417807169413, 0.22224749954734058, 0.5331412254401678], [0.12213028716642757, 0.13850222463624992, 0.1833260401617048, 0.5560414479356514], [0.11730967608640898, 0.10359505006982811, 0.40628879264458867, 0.3728064810991807], [0.09229574146344499, 0.08608798123940017, 0.31471847456234087, 0.50689780263484], [0.10404463970630322, 0.09776288726420662, 0.34646333971723, 0.4517291332122428], [0.10950237637002473, 0.1532357982111875, 0.3242045585368062, 0.41305726678196886], [0.11378529924834645, 0.18189533142810124, 0.19043947937006728, 0.5138798898534996]], "ideal": "B", "sampled": "D", "correct": false}}
{"type": "result", "data": {"idx": 8, "options": ["the spread of revolutionary ideas among the British working class in the eighteenth century", "the rise of the Luddite movement in Britain in the eighteenth century", "the replacing of traditional laborers by machines in the industrialization of Britain in the eighteenth century", "an increase in the use of child labor in eighteenth-century Britain"], "probs": [[0.15909019383358733, 0.2582879790547909, 0.39981327426845253, 0.18280855274317123], [0.09894493333297548, 0.22658939684361487, 0.10613484056079842, 0.5683308291625825], [0.13116057232392644, 0.4539193909571692, 0.23738654492482256, 0.17753349169407862], [0.10089914995298019, 0.42456929534764226, 0.10324560854545212, 0.3712859460539279], [0.10393560861642302, 0.05488542811496687, 0.2758529250244126, 0.5653260381441778], [0.10718090508222906, 0.051141213684299455, 0.49905053839160046, 0.34262734274186274], [0.28851203127844033, 0.1235194190024979, 0.41031885618259817, 0.17764969343647558], [0.2495089687319384, 0.10928375130800495, 0.10083040732468358, 0.5403768725353593], [0.14328528735306462, 0.5936839113053836, 0.11071919216436713, 0.15231160907718172], [0.13096188185577115, 0.5821197849307331, 0.10943764781034299, 0.17748068530314148], [0.2513918079997632, 0.076308175565209, 0.1525753454811787, 0.5197246708538549], [0.20846213345313566, 0.06953729234305632, 0.5622880817857826, 0.15971249231801427], [0.2851126950261253, 0.07070338630397718, 0.47404254137615515, 0.17014137719374928], [0.37714994359357784, 0.06426247578745059, 0.09689100753005897, 0.4616965729889221], [0.33763990801423044, 0.31777705402316603, 0.13332277947017457, 0.21126025839243037], [0.30564557846183626, 0.2874279134125566, 0.1244840402201367, 0.28244246780547777], [0.3257298234211548, 0.06287082489044662, 0.10332930537341681, 0.5080700462149752], [0.36022933131611573, 0.0746705018825659, 0.33615459405627957, 0.22894557264503407], [0.1004814255091765, 0.09018682475199766, 0.26671555459011875, 0.5426161950487147], [0.09859704226958314, 0.08784481549364678, 0.4117399135481547, 0.4018182285886284], [0.1094333469267435, 0.18918520734574237, 0.15921621764354654, 0.5421652279839779], [0.10835611414169172, 0.1403427207810986, 0.5584049659004844, 0.1928961990767256], [0.07432673126352847, 0.4014457042638218, 0.11685330888004368, 0.40737425549259737], [0.0944247841955189, 0.47541526919494453, 0.18184865804926512, 0.24831128846026485]], "ideal": "C", "sampled": "C", "correct": true}}
{"type": "result", "data": {"idx": 9, "options": ["Pride in the mastery of the military arts", "Chivalry", "Civic pride", "Patronage of the arts"], "probs": [[0.010932088069509136, 0.024217132881820716, 0.35227096560026994, 0.6125798133484051], [0.014539055272820036, 0.030748281316948244, 0.7436063197097812, 0.211106343600469], [0.009268236084428463, 0.05808807329530933, 0.04140371087771446, 0.8912399796425695], [0.02168638211734701, 0.07220392392727659, 0.7335061750771189, 0.1726035187782412], [0.025519800895020907, 0.3547213353418415, 0.09680679815170161, 0.5229520655114628], [0.02625329623185383, 0.0645107149459436, 0.7247865627104071, 0.18444942601180156], [0.012109507882711274, 0.022606544333671482, 0.34727542624870394, 0.6180085214349251], [0.015269451763373678, 0.030339996881676403, 0.7394836602040094, 0.21490689105096752], [0.009844184712896975, 0.05842244563670122, 0.02882741371995526, 0.9029059558304271], [0.0184442148022636, 0.05502506199977225, 0.735021809665076, 0.19150891343288082], [0.02098082360453242, 0.2004670247744714, 0.0702444875325215, 0.7083076639884571], [0.024946643723030328, 0.1255606685421887, 0.6673254316622096, 0.18216725597256922], [0.07726567745120426, 0.02720072933305452, 0.03370817723771508, 0.8618254158780309], [0.07730537194333095, 0.046201591772865806, 0.6619105619661895, 0.21458247421763768], [0.11346993812840897, 0.030642906575867754, 0.0259009437282552, 0.8299862114674543], [0.07338174133119109, 0.045242352795261606, 0.6578255408282094, 0.2235503649453225], [0.4483873497193753, 0.3589291890513787, 0.06826907054377637, 0.12441439058548588], [0.387378575236549, 0.4107968265083818, 0.059429844055948366, 0.14239475409912974], [0.4524526911127525, 0.05602277834780684, 0.0667301783307586, 0.4247943521086618], [0.40149619389847424, 0.07636397973851675, 0.30569533287639183, 0.21644449338659974], [0.40096111797724254, 0.04483723316200339, 0.06340775369262364, 0.4907938950681299], [0.4855643482191395, 0.05558292183997321, 0.28575270673063224, 0.17310002311025088], [0.5974054892141178, 0.227822769523128, 0.0659987874447858, 0.10877295371797238], [0.7032851767337324, 0.14828261708921422, 0.04639344525622119, 0.10203876082084468]], "ideal": "C", "sampled": "D", "correct": false}}
{"type": "result", "data": {"idx": 10, "options": ["Utopian socialism", "Social conservatism", "Romanticism", "Social Darwinism"], "probs": [[0.016698392151810806, 0.019036484139058306, 0.020086980500719293, 0.944178143108415], [0.02362474926045952, 0.021487382057960303, 0.8971392628761922, 0.05774860570540173], [0.013058287187893196, 0.0080901371927897, 0.023757303751019233, 0.9550942717682802], [0.020407979543358153, 0.01217674006260998, 0.8778170041612134, 0.0895982761327965], [0.03572219619098434, 0.8359053037188716, 0.07020531655098551, 0.058167183439157354], [0.03443590385884738, 0.8379253037774804, 0.04914529659265357, 0.07849349567099814], [0.016299840487824256, 0.014576413763045564, 0.01856843889096616, 0.9505553067581699], [0.026654928101620123, 0.019167899464114697, 0.8863882857606212, 0.06778888657365388], [0.012431767668517928, 0.008004949050783156, 0.019637092202498718, 0.9599261909781818], [0.02277360084934451, 0.013281798478571418, 0.8647114708698304, 0.09923312970223232], [0.0575690208889496, 0.774347955147733, 0.09386574696668247, 0.07421727689665233], [0.057831824656046166, 0.7713154797557461, 0.06897503978263249, 0.1018776557055516], [0.008688579848918236, 0.010128786959105959, 0.02772725099080081, 0.9534553821011515], [0.013885736734617099, 0.014297450283027011, 0.8824792640435233, 0.08933754883884124], [0.008010995199945812, 0.009490311330835373, 0.024399714840538298, 0.9580989785286692], [0.014340542513916095, 0.014313833596288114, 0.882622891934241, 0.08872273185553217], [0.023881299516847827, 0.7757324774835553, 0.08429688376536668, 0.11608933913422179], [0.024773011596291868, 0.7797893073904802, 0.08148626149622167, 0.11395141941702105], [0.8733277719194099, 0.03758318592103794, 0.043166489160097334, 0.04592255289944384], [0.8701254603116315, 0.03891031195412737, 0.027984596367129366, 0.06297963126711717], [0.866843367926493, 0.04034622464382429, 0.043158393909668226, 0.049652013420013734], [0.8669018627177478, 0.04095411648652837, 0.026399910270180856, 0.06574411042555807], [0.8468456072364763, 0.02928333324495894, 0.044534068304446006, 0.0793369911141043], [0.8553165632183651, 0.029124684666435686, 0.03909080819029481, 0.07646794382490213]], "ideal": "D", "sampled": "D", "correct": true}}
{"type": "result", "data": {"idx": 11, "options": ["Establish control of European states by democracy in the tradition of the Enlightenment.", "Suppress all voices in government other than his own and control all aspects of his citizens' lives.", "Suppress all nationalist revolutions across the continent.", "Suppress all speech but that of monarchs and the churches that they approve of."], "probs": [[0.014681598672492668, 0.028227447321211446, 0.14672693400447331, 0.8103640199018187], [0.02255689116113767, 0.03253536242181346, 0.6321880984954302, 0.3127196478216097], [0.014681145864359958, 0.03539541722703447, 0.0597558767712833, 0.8901675600373093], [0.024475751211410365, 0.0497728203555064, 0.7134313255906373, 0.21232010274245008], [0.02499573256132855, 0.12272908025271892, 0.08977255279518181, 0.7625026342907767], [0.02934169390812938, 0.12420321686291304, 0.410379116793466, 0.43607597233549117], [0.02518751940194866, 0.04807290179503443, 0.4150368304559809, 0.5117027482470581], [0.0234397799579435, 0.04507848069910025, 0.3152389326537949, 0.6162428065891578], [0.03439953848817189, 0.2271403166445123, 0.12648476496611358, 0.6119753798012174], [0.037227434712560854, 0.12870771865024322, 0.599565788337822, 0.23449905819938402], [0.02637262525407034, 0.14909149299695582, 0.09187937722372296, 0.7326565044252488], [0.034569229547787274, 0.10875161794772414, 0.6061757610356823, 0.2505033913687885], [0.08038792835416653, 0.056071824732264804, 0.053930550211547405, 0.8096096966020083], [0.09739343024405715, 0.06747930797311615, 0.6342303292823646, 0.2008969324004407], [0.1791577997746399, 0.07298020695943347, 0.09371718520298088, 0.6541448079629156], [0.2625755771786627, 0.06499299869337834, 0.4834080034879526, 0.1890234205400044], [0.2593334757352586, 0.4343547445210939, 0.12661757355069145, 0.17969420609294723], [0.3337885729429333, 0.3447324449457453, 0.10940152516902528, 0.21207745684229196], [0.12818058073861827, 0.09523255563529529, 0.09016450888390508, 0.6864223546421958], [0.1276523208409942, 0.1050672136537531, 0.43153494519748825, 0.33574552020776993], [0.11143021744112125, 0.08282558225215908, 0.10304660180920398, 0.7026975983975002], [0.1262975761918021, 0.06977604857003926, 0.5351560524723791, 0.2687703226657625], [0.23283135429010948, 0.33348146972154985, 0.15518084880617758, 0.2785063270821637], [0.20143953488908137, 0.27957318364028183, 0.16315507680671734, 0.3558322045639352]], "ideal": "C", "sampled": "D", "correct": false}}
{"type": "result", "data": {"idx": 12, "options": ["the International Workingman's Association", "Pierre-Joseph Proudhon", "the Congress of Vienna", "the Paris Commune"], "probs": [[0.10810997034415216, 0.10899879692608162, 0.3519219205550191, 0.43096931207474687], [0.10890034481143575, 0.10982533832685264, 0.12438969498763827, 0.6568846217740809], [0.11832871753974884, 0.15686125885685634, 0.21437535349167489, 0.5104346700117458], [0.1230259173477979, 0.12701533104759685, 0.17637586131137134, 0.5735828901932291], [0.10676298431418375, 0.09655088728204589, 0.13194552879425595, 0.6647405995095246], [0.11824325289920101, 0.10606257886401327, 0.30434276630226936, 0.4713514018344939], [0.08622563958142249, 0.0869078467085946, 0.3716681597275824, 0.4551983538823871], [0.09347971279348675, 0.09279847523901176, 0.12788483127246528, 0.68583698059506], [0.10418513194650844, 0.13905117676905593, 0.2598138770017987, 0.496949814182622], [0.09888659415275342, 0.12027396200847786, 0.2976940782572183, 0.48314536548154696], [0.09864963521807006, 0.09796820600022726, 0.12381268468044813, 0.6795694740012503], [0.08787883988924389, 0.08931890596047565, 0.40650680975523135, 0.41629544429504783], [0.10376284303188846, 0.17239596553045847, 0.21303462271116977, 0.5108065686265085], [0.09919616313282784, 0.15007339585884016, 0.1432353568827974, 0.6074950840255039], [0.11146159251932836, 0.19271462105441323, 0.1840009972408108, 0.5118227890854761], [0.09766150239821435, 0.18529525166605382, 0.213336906874407, 0.5037063389613119], [0.10351268511643985, 0.12886672538728933, 0.1579028560302833, 0.6097177333659823], [0.09058898442269223, 0.1298060590239741, 0.19340265532999265, 0.5862023011233487], [0.10011032997129576, 0.10494343650016788, 0.14237074258260032, 0.6525754908459236], [0.10967692265893488, 0.11768753578501417, 0.2652418902674827, 0.5073936511885981], [0.11289214688216075, 0.12411179014988462, 0.12313163898592498, 0.6398644238820284], [0.10364639555270183, 0.11752421202427182, 0.3454549268620824, 0.4333744654609512], [0.12420789853754044, 0.14184947519326274, 0.16857464186218477, 0.5653679843069875], [0.11037432047070635, 0.15332884055649415, 0.20959829368354174, 0.5266985451892365]], "ideal": "C", "sampled": "C", "correct": true}}
{"type": "result", "data": {"idx": 13, "options": ["Laissez-faire capitalism", "Mercantilism", "Industrialization", "Bullionism"], "probs": [[0.23678983595717326, 0.08875065674474651, 0.5252789354869326, 0.14918057171116123], [0.3575400666267797, 0.10862082940839174, 0.10243618658763051, 0.43140291727719704], [0.2613478178708509, 0.5200079162261988, 0.10715350186939966, 0.11149076393354079], [0.2382663148988952, 0.4704259022424604, 0.10728873787343984, 0.1840190448852144], [0.31283882684695774, 0.11025122656015499, 0.11068225487733728, 0.46622769161555755], [0.16790988915635366, 0.08208987244030982, 0.5460923591567681, 0.20390787914658523], [0.09457545886951431, 0.2888241312502225, 0.46815238333943043, 0.1484480264408443], [0.08621651518768612, 0.34324486698010526, 0.11661389838717173, 0.45392471934504014], [0.10829773698732853, 0.43136940742212687, 0.34346529485017596, 0.11686756064036738], [0.097395316380558, 0.40993636880370143, 0.10193883216057771, 0.39072948255516343], [0.07495060380840847, 0.07050876161726408, 0.38575177555399154, 0.4687888589203443], [0.0633431995421383, 0.05730257693393647, 0.4671707314163295, 0.4121834920075831], [0.46239354262753257, 0.32584013002191564, 0.09840307452590498, 0.11336325272463801], [0.4280656595296615, 0.2878303476983875, 0.094013393315013, 0.19009059935693498], [0.4183260796910489, 0.08459371493624765, 0.36340943531747194, 0.13367076995525184], [0.39300422656385203, 0.06696537046192484, 0.0693844897305819, 0.47064591314362625], [0.4194200834273446, 0.08824748344110443, 0.29731798497516854, 0.19501444805636658], [0.4770187898548314, 0.07692085802614292, 0.07426921202961158, 0.37179113998942476], [0.09483785615707385, 0.43113978063658753, 0.12530939382830023, 0.3487129692780236], [0.08865454530695416, 0.35571402408250646, 0.3261300819505457, 0.2295013485599872], [0.08397992327818633, 0.08743889342598392, 0.4095727737536484, 0.4190084094421815], [0.061512220109718393, 0.0644694054164342, 0.534503078132544, 0.3395152962413006], [0.10495257089943805, 0.39247506445467256, 0.30540528033978576, 0.1971670842060825], [0.10562976292796304, 0.42081761478941054, 0.11400581100607055, 0.3595468111765511]], "ideal": "B", "sampled": "C", "correct": false}}
{"type": "result", "data": {"idx": 14, "options": ["provoking fear to drive their readers to action", "attacking the extreme communists who threatened to sink the entire movement", "demonstrating the understanding of the others in point of fact", "explaining the reasons for debunking opponents of communism"], "probs": [[0.3733403535356969, 0.18348769989692354, 0.11386165882070058, 0.3293102876466619], [0.35092721410765604, 0.17935421609586283, 0.22487100435540386, 0.2448475653410871], [0.2567348766369082, 0.10216142718701379, 0.3319510741943519, 0.3091526218817098], [0.155493672319154, 0.07232087508932795, 0.15785832131707692, 0.6143271311744406], [0.18301165920788004, 0.15285730427321081, 0.4219549908532837, 0.2421760455656329], [0.21041063860448073, 0.17857209261290558, 0.08630510099547627, 0.5247121676871535], [0.119722967557742, 0.46545987922384857, 0.12145728136393674, 0.2933598717544694], [0.10978149002306194, 0.4472686969170727, 0.16087175068663517, 0.2820780622732152], [0.05493197635168973, 0.05755116792576556, 0.6790157599029569, 0.20850109571959066], [0.06109419658519214, 0.06606174907632696, 0.08812286019715217, 0.7847211940413363], [0.05272604521593024, 0.05351655565769313, 0.6937306036984799, 0.20002679532790751], [0.09618481308655405, 0.08489937441754802, 0.06921800094849279, 0.7496978114473976], [0.07221403787207405, 0.5162425496995515, 0.15618825730266597, 0.2553551550257089], [0.05299131403511995, 0.38773543838074054, 0.1268984893006596, 0.4323747581834976], [0.05313517308093971, 0.064039946734454, 0.6563490785678934, 0.22647580151671956], [0.053412528686370114, 0.07764693766391313, 0.0794171288925411, 0.7895234046571928], [0.035865313684525064, 0.05214629021481281, 0.6394243636841374, 0.2725640323165118], [0.04693554476237856, 0.07974332400706882, 0.3030661182604308, 0.5702550128701166], [0.11664751831041362, 0.45000183609762356, 0.19062832798945356, 0.24272231750249187], [0.09188771072513124, 0.44439675548812496, 0.09539022285743624, 0.36832531082929665], [0.08710070357713387, 0.07162057491862407, 0.6376914447291473, 0.20358727667507262], [0.1368956492954453, 0.17584079996830584, 0.0836563863336329, 0.6036071643026295], [0.04748739600976556, 0.04495509876272556, 0.6150675797051605, 0.2924899254223792], [0.0640939052448766, 0.055678583777291075, 0.365310633059127, 0.5149168778187126]], "ideal": "D", "sampled": "A", "correct": false}}
{"type": "result", "data": {"idx": 15, "options": ["the role of women in army regiments", "the running of a school for domestic servants", "the running of a school for girls", "the role of a woman in running her own domestic household"], "probs": [[0.005399086613287751, 0.008960443777352037, 0.01656406651261999, 0.969076402996724], [0.011059125550476808, 0.014673309236513665, 0.9117936312361126, 0.06247393387691025], [0.00599234705781674, 0.009712207514110114, 0.019882976532356232, 0.9644124687957379], [0.01055945350469716, 0.0130667857794383, 0.9050190394461451, 0.07135472116971923], [0.014486319878218688, 0.8076309891664936, 0.07932035577366205, 0.09856233508162725], [0.015114735300779053, 0.8168163126887082, 0.06914528567888, 0.0989236662316322], [0.008100804072203222, 0.006399841423226925, 0.016682140075267166, 0.9688172143293152], [0.01513527112648629, 0.010191113559717862, 0.9199024533860429, 0.05477116182773096], [0.008311217794481476, 0.011250862062238826, 0.010142258561184673, 0.9702956614820828], [0.016414607682023335, 0.01952885945429407, 0.9017641068409769, 0.062292425922712454], [0.04186575919551562, 0.8140957154941679, 0.04926424077868168, 0.0947742844316332], [0.03399229534805716, 0.8155261908489674, 0.06796814356096258, 0.08251337014203565], [0.008601918030297993, 0.008658181008698291, 0.023307356006612136, 0.9594325448543983], [0.01317102837413169, 0.01053912375294924, 0.9145956189408407, 0.061694228832064706], [0.0086075885091416, 0.012597222408837951, 0.011452074544721436, 0.967343114437323], [0.01717644069466829, 0.022957402966084388, 0.8860065252908099, 0.07385963094841941], [0.0295926946208659, 0.8369422168583824, 0.04263559146466207, 0.09082949695610995], [0.02380311508119488, 0.8180277176295454, 0.07974432758838575, 0.07842483960087693], [0.806163278734864, 0.026441645051785805, 0.08045665644944121, 0.08693841966389246], [0.8184476797936073, 0.02769658200090787, 0.06415837300673079, 0.08969736509873649], [0.8357472582068829, 0.049184376565468375, 0.03617502314393513, 0.07889334198372609], [0.8134203563350481, 0.04358170989075321, 0.0662266243603577, 0.07677130931384983], [0.8124733617146459, 0.04527138569711575, 0.0414207010353004, 0.10083455145292904], [0.7967631365650819, 0.04045363959570023, 0.07952187077738222, 0.0832613529618386]], "ideal": "D", "sampled": "D", "correct": true}}
