{"type": "result", "data": {"idx": 0, "options": ["It demonstrates the difference between the internal and the external aspect of a rule.", "It refutes the natural lawyer' view of the role of morality in law.", "It explains the nature of power-conferring rules.", "It illuminates the concept of a rule."], "probs": [[0.4177121235871635, 0.07443410371781402, 0.3180659302192422, 0.1897878423757754], [0.37730017363180246, 0.07613795493032431, 0.38038953888493054, 0.16617233245296012], [0.4947929508914508, 0.10222294610880088, 0.0707917814642665, 0.3321923214354592], [0.6244230529777168, 0.12693131079125577, 0.17347370516982136, 0.07517193096122601], [0.6070207624481693, 0.09923765325643896, 0.08223739978637484, 0.21150418440900393], [0.631912990733911, 0.10169893206854866, 0.19431727877094218, 0.0720707983265962], [0.04361481056457461, 0.28864684464651913, 0.407035164456198, 0.2607031802327021], [0.04744205320039631, 0.2483275339001551, 0.446193300744629, 0.2580371120548149], [0.03883948981703332, 0.12627176685529753, 0.597288876298079, 0.23759986692958324], [0.03549913662861894, 0.11543255618246503, 0.39646484976486884, 0.4526034573240513], [0.03168299269166234, 0.12046556059968933, 0.6065839266592505, 0.24126751994940074], [0.029480058929631136, 0.1935178335115492, 0.30208281732713615, 0.474919290131679], [0.18664846853319284, 0.24734127972335088, 0.0895548972797104, 0.4764553543637349], [0.26347050428563024, 0.3332187827725633, 0.31295108737028315, 0.09035962547153167], [0.1778369968405547, 0.06916950722071986, 0.5562426303395978, 0.19675086549913454], [0.1491313106548287, 0.062223271923587835, 0.36064386601207554, 0.4280015513094949], [0.16995740696539555, 0.09252049918448985, 0.6465478194649359, 0.0909742742851658], [0.14219917808142807, 0.09252716282858449, 0.0656100573341643, 0.6996636016558545], [0.32134561111620846, 0.3877122688851453, 0.10197179686571752, 0.18897032303295022], [0.33545821916854, 0.35444841788913384, 0.24551910427560178, 0.06457425856670847], [0.20263183420531464, 0.08067491190621537, 0.5551806415121882, 0.16151261227631344], [0.2288931413576958, 0.08558426377427623, 0.3985812326403342, 0.2869413621276712], [0.2524808521459675, 0.11131579488975049, 0.5603381466246372, 0.07586520623964403], [0.2882824257790078, 0.13200797852636142, 0.07350806410509793, 0.5062015314895555]], "ideal": "D", "sampled": "A", "correct": false}}
{"type": "result", "data": {"idx": 1, "options": ["It is misinterpreted as a prediction.", "His concept of status is misrepresented.", "It is taken literally.", "His idea is considered inapplicable to Western legal systems."], "probs": [[0.08097896648791907, 0.2456528072160767, 0.2782284423351902, 0.3951397838608198], [0.11654477711119339, 0.2884109411351776, 0.29766208572618086, 0.29738219592745296], [0.04703398028672492, 0.17874550538517806, 0.43530146832956185, 0.33891904589852945], [0.054143333983910455, 0.23324067210082405, 0.3286645926533575, 0.3839514011619167], [0.08723558317875275, 0.22624620811850735, 0.45332690533766906, 0.23319130326506796], [0.05725395578206827, 0.19518260153683703, 0.20120467747367277, 0.5463587651074044], [0.1364403670288219, 0.13879070324896303, 0.2980881436575305, 0.42668078596469444], [0.18213084474008326, 0.21991012629045306, 0.22150768998181947, 0.37645133888763427], [0.13695092409319237, 0.2500295637660288, 0.19165013635574207, 0.42136937568503713], [0.15779359069254928, 0.34188547734368585, 0.24052630923986248, 0.25979462262389597], [0.1444140831702182, 0.17844521155107498, 0.13672675842341836, 0.5404139467552885], [0.16044893905378485, 0.23917111162337823, 0.21592115287270747, 0.38445879635012803], [0.04152362465536886, 0.09887011071365646, 0.5335915073857298, 0.326014757145227], [0.05058730691793965, 0.1498422960964179, 0.3564136490392363, 0.4431567478464125], [0.05618774813896303, 0.21200755410103633, 0.2658721032618813, 0.4659325943981121], [0.07288830627213727, 0.2792656545481887, 0.39978951666146884, 0.2480565224182017], [0.04882513683189638, 0.27213968477876593, 0.22379488197031458, 0.45524029631901486], [0.047076663371685194, 0.2389668540453128, 0.538075142167078, 0.17588134031592112], [0.11183527778838243, 0.13502559150959975, 0.3694372200911627, 0.38370191051086106], [0.0817469637404073, 0.10345823282992973, 0.34126285642065424, 0.4735319469089992], [0.12444911622465261, 0.13257862365786402, 0.15009792560253393, 0.59287433441493], [0.14799573634011845, 0.18867177822200118, 0.2830098129830656, 0.3803226723548202], [0.06632056065458072, 0.2074523730527933, 0.2444176578665568, 0.4818094083260733], [0.06462455605644975, 0.24384114774610746, 0.4697827139678913, 0.2217515821295511]], "ideal": "A", "sampled": "B", "correct": false}}
{"type": "result", "data": {"idx": 2, "options": ["Depression of the 1930", "The rise of Fascism", "The international recognition of human rights after World War II", "The Bolshevik Revolution"], "probs": [[0.037895912629293885, 0.044652638777299795, 0.8035324424334118, 0.11391900605999357], [0.013796085476793079, 0.010660779490161788, 0.016771702405872228, 0.9587714325271678], [0.05090845029370978, 0.7078552138116303, 0.1310035475397598, 0.11023278825491342], [0.0452654707897513, 0.7413200694559126, 0.09880623385049075, 0.11460822580383508], [0.013125607745718635, 0.008210298140401372, 0.022661433519758575, 0.9560026604941454], [0.02875749192545652, 0.03037709935924445, 0.8140820691260655, 0.1267833394892574], [0.030708722486243834, 0.0400351118946047, 0.8354895827486138, 0.09376658277051729], [0.011067190612429147, 0.009177334479480697, 0.01524346871587379, 0.9645120060922273], [0.05906217338805078, 0.7189614594613827, 0.13404937137724182, 0.0879269956733331], [0.06241208831915977, 0.7077829347018121, 0.09885996014218582, 0.13094501673683967], [0.011504633374110876, 0.008680415559119775, 0.023589522612630837, 0.9562254283541479], [0.030785926801661076, 0.03225689925217958, 0.8115242408020998, 0.12543293304405212], [0.7179334486505664, 0.05293869509915225, 0.10432737423224611, 0.12480048191804699], [0.7561518201537423, 0.05237104681973207, 0.07552058997217649, 0.11595654295436227], [0.7481018079388237, 0.06351359743925683, 0.0989938816432497, 0.08939071287866696], [0.747657900813656, 0.06102862229211377, 0.0729744572220888, 0.11833901957214546], [0.7290753861217208, 0.049759108966470664, 0.09134139521548776, 0.1298241095963088], [0.7135582461977156, 0.04985689710365865, 0.09154411733104102, 0.1450407392675611], [0.01177067918088368, 0.0073655792948765664, 0.017657836991296333, 0.9632059044329281], [0.031176540395017674, 0.0345303082767503, 0.828930061235056, 0.10536308999317266], [0.013019820581858172, 0.009088172568545693, 0.02282861046664606, 0.9550633962829257], [0.03537950206838065, 0.034306825168593305, 0.8171323118362278, 0.1131813608267953], [0.05909174411627516, 0.6809423959631675, 0.12903280412301654, 0.13093305569753783], [0.06465570362201747, 0.6632421176427241, 0.11708162444404534, 0.15502055419122973]], "ideal": "C", "sampled": "C", "correct": true}}
{"type": "result", "data": {"idx": 3, "options": ["There is no distinction between the two forms of legal reasoning.", "Judges are appointed to interpret the law, not to make it.", "It is misleading to pigeon-hole judges in this way.", "Judicial reasoning is always formal."], "probs": [[0.06024816135881705, 0.14800335120417843, 0.603378657051541, 0.18836983028547746], [0.035828203695595334, 0.147264429911078, 0.09282039196532782, 0.7240869743279851], [0.06926528616548003, 0.3125701274081515, 0.42716545660523203, 0.1909991297211328], [0.07153399731461042, 0.37445390456402666, 0.1675960072793739, 0.38641609074199484], [0.03843724260363979, 0.04671696516378581, 0.2905307215785348, 0.6243150705540204], [0.04235681175495133, 0.05106145687835632, 0.5525656454498263, 0.35401608581684973], [0.20463847981805408, 0.14411648098130603, 0.5027007297201268, 0.14854430938052027], [0.19058419353517245, 0.21093478024464377, 0.1044244428210702, 0.49405658329910357], [0.20529488057762385, 0.4278725108292652, 0.23829680702583808, 0.12853580146727134], [0.16708985882068797, 0.36195733647095973, 0.12033463413058637, 0.3506181704777661], [0.18213540692482993, 0.21641668089143384, 0.13646225033738685, 0.46498566174634304], [0.14428629328838707, 0.11592542258574193, 0.4619001978414193, 0.2778880861844516], [0.34915578540301456, 0.2168907757335736, 0.2895774075434784, 0.14437603121994072], [0.35994282569452984, 0.2633787647291042, 0.12535048560164433, 0.2513279238747357], [0.27683170136262375, 0.378409576062249, 0.2140275819732768, 0.13073114050185972], [0.2231136661552659, 0.32722711440213564, 0.11224373501867618, 0.3374154843239196], [0.2479171851404776, 0.1962132199544251, 0.3550835747870621, 0.20078602001804716], [0.2503490323534823, 0.20915570049153626, 0.20116735978332076, 0.33932790727164713], [0.04345452149879059, 0.08979071181877366, 0.3085874851194015, 0.5581672814630293], [0.04472183158853647, 0.07138268273280936, 0.6406788609112131, 0.243216624667419], [0.05143599491759609, 0.20008271405032668, 0.14181482296698433, 0.6066664679651136], [0.04763504147137252, 0.11418588944959991, 0.5444666742243524, 0.29371239475469335], [0.06285191622899185, 0.42218610370073734, 0.24447142266941396, 0.27049055730084753], [0.052300000984245705, 0.3327938901079509, 0.3656096798512906, 0.24929642895650883]], "ideal": "C", "sampled": "C", "correct": true}}
{"type": "result", "data": {"idx": 4, "options": ["The POP will choose wealth over a compassionate society.", "The POP will choose equality over power.", "The POP will be unselfish.", "The POP will choose to protect the disabled."], "probs": [[0.06893152986429396, 0.37816001599556776, 0.3236030963383405, 0.22930535770178453], [0.06280567556384907, 0.42847674441488, 0.19031193509060831, 0.31840564483066486], [0.05340055211206414, 0.10531222285800114, 0.6302796822072398, 0.21100754272270572], [0.01904535464375975, 0.051321529299968624, 0.05510116754460399, 0.8745319484116679], [0.05126814621513521, 0.08380694449798777, 0.604981220403127, 0.25994368878374735], [0.01894282303218339, 0.03705589457022345, 0.04685624988577509, 0.8971450324118043], [0.467312584723167, 0.08715245384511021, 0.21070449638047867, 0.2348304649512474], [0.45166085787007776, 0.08555623363198304, 0.13258709549978043, 0.330195812898171], [0.44696878036926824, 0.2798750095823054, 0.07478361201930127, 0.1983725979291351], [0.45558398747192774, 0.27430288970053346, 0.15756666382148898, 0.11254645890604321], [0.44503220697390383, 0.19601362680141377, 0.06934715006438631, 0.28960701606030825], [0.5038662738988701, 0.21004423193589264, 0.17283427995191572, 0.1132552141133473], [0.14709491687083096, 0.0751356783269238, 0.5296584563594483, 0.24811094834277475], [0.034870597785682605, 0.023587557586494844, 0.03623683917150759, 0.9053050053563118], [0.14382189244972665, 0.5772192493917347, 0.0914356958080762, 0.18752316225043703], [0.1444337117732179, 0.5488561174660638, 0.21349340980809264, 0.09321676085260243], [0.034877352125313094, 0.041704288541235646, 0.018370367171204532, 0.9050479920622232], [0.11696896149201179, 0.12745393628174476, 0.6523612353801924, 0.10321586674604387], [0.09808148656331572, 0.05763312849889668, 0.6146862944898397, 0.2295990903479463], [0.034872036389264935, 0.026505031560168417, 0.04072907089148844, 0.8978938610590845], [0.13592115200587745, 0.5456952138857959, 0.0837504116663945, 0.23463322234194287], [0.14131825321808536, 0.5496487057471732, 0.1946904152634387, 0.11434262567130717], [0.031149539490168864, 0.0399742272808632, 0.019341574108596778, 0.909534659020391], [0.08870606368034016, 0.08666009830209838, 0.7257091528896571, 0.0989246850279055]], "ideal": "A", "sampled": "B", "correct": false}}
{"type": "result", "data": {"idx": 5, "options": ["Law and Economics", "Critical Legal Studies", "Historical", "Natural Law"], "probs": [[0.9668164281958296, 0.015938217725395783, 0.010189190270626158, 0.0070561637081570806], [0.9628908606966191, 0.017854984905081913, 0.007667918062719166, 0.01158623623555776], [0.9623722428192025, 0.014443508475104921, 0.013125683162369416, 0.010058565443325704], [0.9537554044201481, 0.01476655174629399, 0.011039961381379445, 0.020438082352194766], [0.9617649491716681, 0.013778650173579517, 0.01223344674321314, 0.012222953811515306], [0.9590990972201313, 0.013317124739690872, 0.011822308933935249, 0.015761469006227175], [0.060930626109924536, 0.8940010399866763, 0.03159192306601679, 0.013476410737396189], [0.06073737867908817, 0.8909894097139828, 0.020499649105364413, 0.027773562401564627], [0.04132790531856755, 0.021785505192140238, 0.8959429472591237, 0.040943642130155056], [0.02225129134581024, 0.010266892599023317, 0.008181592078568266, 0.9593002238766052], [0.04580219911793114, 0.01852682463702566, 0.8769485240348056, 0.05872245211024959], [0.027050111889696863, 0.009873248219171736, 0.01136019935105511, 0.9517164404400686], [0.03205042101217871, 0.9131179999447007, 0.03572513581082174, 0.019106443132319212], [0.03167881369349192, 0.9028638325190527, 0.029064899116476917, 0.036392454570982606], [0.02754771664173878, 0.01922855184765371, 0.9173672237415764, 0.035856507669006416], [0.013445151863434809, 0.009751032570333426, 0.006805094617766112, 0.9699987208484704], [0.01594438249140343, 0.012607231910612523, 0.9095555520728812, 0.06189283342507771], [0.008799711672783738, 0.005375538375931412, 0.010193475745303918, 0.9756312741059703], [0.037634161876711446, 0.8822710538435331, 0.04396141167448956, 0.036133372505277574], [0.03570765623553148, 0.8837643428045927, 0.040137508169996804, 0.04039049268987019], [0.02570875922044489, 0.017952003305312884, 0.8976185221941849, 0.058720715180064366], [0.010753979897356509, 0.006222703088276941, 0.009631728010584404, 0.9733915889037595], [0.01318349392645825, 0.01144620587690648, 0.9145778540514485, 0.06079244604519066], [0.010115541570718471, 0.005451661829913897, 0.009940571587086958, 0.9744922249122974]], "ideal": "A", "sampled": "A", "correct": true}}
{"type": "result", "data": {"idx": 6, "options": ["All commands include some sanction.", "The concept of a command contains the likelihood that a sanction will follow failure to obey the command.", "Without a sanction the mere expression of a wish is not a command.", "A command confers power to change one's legal status."], "probs": [[0.19180284482114893, 0.19937342938119637, 0.39658628693348996, 0.21223743876416368], [0.13470929195725678, 0.17563339388366767, 0.14008053041486332, 0.5495767836442095], [0.19628391325849526, 0.2539343407025825, 0.2481104199115387, 0.3016713260274028], [0.1472098348021157, 0.19963139467746643, 0.11467641027465847, 0.5384823601457308], [0.1470526037578364, 0.15656907018103844, 0.25021874328453286, 0.4461595826765949], [0.1579292628890323, 0.14606162681770743, 0.3371274085850134, 0.35888170160824895], [0.1776551871964628, 0.30682984694306525, 0.3093414565500248, 0.20617350921043334], [0.13545803716888918, 0.24152631686970327, 0.14645162581085586, 0.4765640200505399], [0.1872581635404231, 0.1859134623450345, 0.4060659110570347, 0.22076246295752391], [0.12871337523663853, 0.1298024249583964, 0.0927162051483376, 0.6487679945566317], [0.14546443290442101, 0.11232810871177723, 0.4014199152746588, 0.340787543009147], [0.14523112126530482, 0.1242584808399504, 0.3198055572355362, 0.4107048405592095], [0.19554984215805038, 0.2800950700302677, 0.2591064310521166, 0.2652486566595872], [0.15792682285592233, 0.21743950620525473, 0.12295663940161596, 0.5016770314372072], [0.18437529207719036, 0.1843817301033195, 0.42864091833440515, 0.20260205938507372], [0.12985664660728924, 0.15429661880794895, 0.10600821695780836, 0.6098385175269289], [0.14219173135383997, 0.11791991563416844, 0.39880841810014267, 0.3410799348118358], [0.13920022212012045, 0.12868555996392117, 0.17733684646548747, 0.5547773713505033], [0.1276487892586037, 0.20868146240026375, 0.24208087290018943, 0.42158887534093786], [0.13568825586008118, 0.20375355186985414, 0.26157598256265496, 0.3989822096074209], [0.13861560788604896, 0.14754074521627797, 0.3916214338778447, 0.3222222129198464], [0.13361185498358968, 0.15500060723689627, 0.315616302746514, 0.39577123493301963], [0.11909928245473239, 0.2089397426285118, 0.3137150639724476, 0.35824591084429647], [0.11481994955701441, 0.22469808394522964, 0.16579591989816422, 0.4946860464995846]], "ideal": "D", "sampled": "A", "correct": false}}
{"type": "result", "data": {"idx": 7, "options": ["By denying its existence.", "By explaining the difference between the common law and civil law.", "By distinguishing certain features of the English legal system that facilitated the development of capitalism.", "By recognizing the importance of legitimate domination."], "probs": [[0.014096949060311609, 0.026954634708980334, 0.8053319551810982, 0.15361646094963202], [0.003019390974353433, 0.00951918731679547, 0.024866705150587542, 0.9625947164582696], [0.036173982190440705, 0.2981484641909632, 0.3511248141486224, 0.31455273936999034], [0.040763612193931396, 0.35487535868999964, 0.40840402543276894, 0.1959570035833056], [0.002363734784167156, 0.008509695555496933, 0.014239329546166878, 0.9748872400141718], [0.011893305471190349, 0.039931012898687133, 0.8068869777194202, 0.14128870381068745], [0.09113282638697442, 0.036009600203929654, 0.7166269756912905, 0.1562305976178], [0.02592360938775744, 0.014553243440539567, 0.04657586292697637, 0.9129472841447214], [0.5011757118875666, 0.24475985425401203, 0.07235135709344302, 0.18171307666495215], [0.49597881175783776, 0.24399086890989982, 0.13158119365384516, 0.1284491255784108], [0.02098082745551081, 0.02199505972818971, 0.015234822545379695, 0.9417892901709198], [0.15991736880003657, 0.07804675973692947, 0.6680693564513285, 0.09396651491173424], [0.7537506899944065, 0.0404037635101247, 0.08271969961234642, 0.1231258467831444], [0.7991566847954333, 0.03990432258192269, 0.0798439223369485, 0.08109507018572032], [0.8371047605495845, 0.052880959130364946, 0.029621824195235243, 0.08039245602482256], [0.8085560476355493, 0.06402728014573539, 0.05384348489097273, 0.07357318722772398], [0.8361164037976588, 0.0588847983859622, 0.03678323927180087, 0.0682155584445741], [0.8121567079828328, 0.0653389324444251, 0.04921399340253871, 0.07329036607021015], [0.024894217999093547, 0.012323728697490998, 0.022143263329011485, 0.9406387898744292], [0.14998746789648165, 0.04475713550929502, 0.6621347741732618, 0.14312062232098352], [0.015535455713768877, 0.01760250348235321, 0.014031563149391486, 0.9528304775545057], [0.160115029170462, 0.06086980986338063, 0.6952871031853994, 0.08372805768075225], [0.5053503541644464, 0.3068478859911711, 0.07230481582410692, 0.11549694392028668], [0.47447221316031424, 0.290363031253918, 0.13082965395182317, 0.10433510153393448]], "ideal": "C", "sampled": "C", "correct": true}}
{"type": "result", "data": {"idx": 8, "options": ["It is a sin for humans not to apply reason.", "The principles of natural law are discoverable by reason.", "Natural law does not apply without good reason.", "The law of nature is the basis of all positive law."], "probs": [[0.044251855704711546, 0.6539573360299199, 0.12026988490205612, 0.1815209232633072], [0.04660726230440486, 0.5847017488402796, 0.2679642238585642, 0.10072676489676204], [0.019571619200964594, 0.027413023335250492, 0.837258287468436, 0.11575706989534056], [0.005164417941842576, 0.007938486636644291, 0.013924760351269473, 0.9729723349702476], [0.027641093900081008, 0.04118665698972851, 0.8386539202393589, 0.09251832877082154], [0.007888548822646977, 0.014393686584271915, 0.017767476061998605, 0.9599502884310704], [0.8693751994269158, 0.03427096596663299, 0.02204182501398951, 0.07431200949246806], [0.8795143314525806, 0.03742692819285138, 0.03850407704150355, 0.044554663213044736], [0.892842349313589, 0.030110002317269725, 0.014777068178784722, 0.062270580090336404], [0.9192972450659921, 0.02822262453771573, 0.01972093497646925, 0.0327591953198295], [0.8981663265660939, 0.03647339509995885, 0.01804604512284644, 0.04731423311108156], [0.91972356920846, 0.03197591876029798, 0.012836189752413503, 0.035464322178832455], [0.03831871416112234, 0.029456124011795138, 0.7870138385528519, 0.14521132317421603], [0.014580086510519995, 0.009956273207985313, 0.018425646008708583, 0.9570379941728019], [0.07340970669716874, 0.6795284458655534, 0.06434513743797565, 0.1827167098992981], [0.08814154211418576, 0.7206782853730698, 0.12258453298951152, 0.06859563942325067], [0.014231566700851548, 0.011273813722974944, 0.010267267926165956, 0.9642273515499836], [0.05089802297332978, 0.04129200857492567, 0.8273013290985685, 0.0805086392531673], [0.10163984616305018, 0.05450273354839799, 0.7279532109468708, 0.1159042092416692], [0.029053114131603167, 0.016715385794518613, 0.016451119167223284, 0.9377803808066401], [0.14808535598092593, 0.5809434560060697, 0.11464734256900502, 0.15632384534398566], [0.18411662533199477, 0.6033801435275573, 0.10762893008098331, 0.10487430095944947], [0.022712680695156764, 0.014573738673804282, 0.014125025290491236, 0.9485885552405589], [0.08091484713630123, 0.04551990647553568, 0.7805698696010944, 0.09299537668706591]], "ideal": "B", "sampled": "B", "correct": true}}
{"type": "result", "data": {"idx": 9, "options": ["Women can achieve equality through political pressure.", "Equality is impossible because men define women as different.", "The idea of 'woman' needs to be redefined.", "The world is phallocentric and oppressive."], "probs": [[0.2884431440661321, 0.32660377049338135, 0.1656232983211376, 0.21932978701935196], [0.2611376929947934, 0.3541268414613568, 0.13544564125276867, 0.24928982419105786], [0.26990133921635, 0.14907374683800406, 0.3805113647635118, 0.20051354908211647], [0.2580422311561719, 0.14935397663332597, 0.11444460322243451, 0.4781591888880826], [0.27451278700289944, 0.12874736558177718, 0.3581928038585395, 0.23854704345676572], [0.2615343542800063, 0.12652117212320238, 0.11165800831081073, 0.5002864651859579], [0.30265264761058064, 0.24127029537677416, 0.21287461552838707, 0.24320244138425803], [0.28825599862830875, 0.24081466427667642, 0.1518132236636634, 0.3191161133313447], [0.32570613011547495, 0.17992824530715903, 0.27215219905444343, 0.22221342542290234], [0.3194463944644252, 0.15696470477293192, 0.1260827952851798, 0.39750610537748077], [0.2656734144894838, 0.1347291534565729, 0.3231467532351848, 0.27645067871876483], [0.3151202807002244, 0.14440578772903384, 0.15118492417352844, 0.3892890072972036], [0.14705158019621295, 0.1470620700359677, 0.47828042912966384, 0.227605920538161], [0.10997454161125135, 0.1757537590477333, 0.1008846479217779, 0.613387051319242], [0.14631902358268845, 0.4135730900925051, 0.1893602853318057, 0.25074760089300346], [0.12385342752290096, 0.4027433822853248, 0.1287653682777864, 0.3446378218139967], [0.10860095175441782, 0.10363641173347991, 0.13301544257376355, 0.6547471938383589], [0.13540471778323396, 0.09834912038447041, 0.42044748127376425, 0.34579868045853657], [0.11094966933259282, 0.12967243795187644, 0.49328996888631466, 0.26608792372922885], [0.09227449063712627, 0.15456357961209388, 0.0974241310174958, 0.6557377986333088], [0.12376774256307828, 0.2293912382219979, 0.37232332294571374, 0.2745176961691963], [0.12698452055993803, 0.29524401720184046, 0.16167089310988342, 0.4161005690283359], [0.11005478016664506, 0.1025828483467583, 0.14456759163327812, 0.6427947797533056], [0.13164214331753596, 0.0978190983276837, 0.44496922393286353, 0.3255695343219079]], "ideal": "A", "sampled": "B", "correct": false}}
{"type": "result", "data": {"idx": 10, "options": ["John Rawls", "Stammler", "Jerome Hall", "John Finns"], "probs": [[0.1548628158216435, 0.4045185588373194, 0.34069504731541617, 0.09992357792560927], [0.17942500847638426, 0.514599157072744, 0.1322342169289366, 0.17374161742192729], [0.1781069528509288, 0.21329153444425691, 0.49540337229696735, 0.11319814030784095], [0.1711116674244437, 0.2910248798631273, 0.12415101986050267, 0.41371243275192265], [0.17469049482123017, 0.1949532627639465, 0.4749926981937591, 0.15536354412106157], [0.1151515382625622, 0.14216474799268522, 0.5360216665979551, 0.20666204704678362], [0.34252879094371885, 0.16966206935789405, 0.38814526576926556, 0.09966387382914177], [0.4196619689682833, 0.23373157313918824, 0.14512491981697265, 0.20148153797555546], [0.45991086742731146, 0.24261147047168935, 0.20101168181511667, 0.09646598018588014], [0.44070430627276364, 0.24536466463504364, 0.12139386824360071, 0.1925371607485881], [0.4034963240605599, 0.16063283254813995, 0.23922764632301866, 0.19664319696828253], [0.27425082311939164, 0.10752860449014948, 0.44524172259135725, 0.17297884969910077], [0.3484938937166176, 0.15723327717916008, 0.40119664538548755, 0.09307618361873687], [0.403338499837382, 0.19215921663667082, 0.12497586375473996, 0.2795264196712223], [0.4779297379360954, 0.23311192647368578, 0.19628030790246767, 0.09267802758773883], [0.4804408028292851, 0.23426116995915605, 0.12055581979951557, 0.16474220731203998], [0.35026499025136365, 0.14953663654922272, 0.18889367864903409, 0.31130469445037506], [0.3421857463750576, 0.14390879699510245, 0.35594802471266107, 0.1579574318171734], [0.14100661177918067, 0.4141556362417747, 0.29609695831661936, 0.1487407935624329], [0.1090873194406349, 0.3204758925048982, 0.41787095883932335, 0.15256582911513356], [0.21539341148084012, 0.357948365285682, 0.19012731516558384, 0.2365309079678905], [0.13968744447696863, 0.19234383249926984, 0.5348697645105985, 0.1330989584131589], [0.16356025424392515, 0.2656238898734538, 0.14314991122536885, 0.4276659445572555], [0.1771519424898688, 0.23463720711989006, 0.44153333133424155, 0.1466775189560043]], "ideal": "B", "sampled": "B", "correct": true}}
{"type": "result", "data": {"idx": 11, "options": ["Historical", "Analytical", "Command", "Sociological"], "probs": [[0.01591464040205123, 0.03259612793125126, 0.03604396033631194, 0.9154452712304045], [0.03995999054191179, 0.07578220639319673, 0.8326495642740084, 0.051608238690899894], [0.011742201967346223, 0.012015514872623746, 0.023676527706493852, 0.9525657553535268], [0.017380101773100818, 0.025859748682247222, 0.8741302541326812, 0.08262989531195676], [0.045671361994806814, 0.8273418483695063, 0.0806568601562846, 0.046329929379393904], [0.042651069675893605, 0.7721309405091451, 0.09006966453331576, 0.09514832518164575], [0.015016246490685371, 0.017547499214028185, 0.03348966401325459, 0.9339465901820169], [0.03059999327496788, 0.04182187391496958, 0.8854888100913018, 0.04208932261878202], [0.016084677674370513, 0.016853276417124037, 0.026479293358466344, 0.9405827524500627], [0.032530928315889926, 0.049962267707846814, 0.8503556082486009, 0.06715119562768715], [0.05077350077601756, 0.8375170234196954, 0.06021378014295677, 0.05149569556131028], [0.04000883756477503, 0.8147713785005417, 0.07346509243061675, 0.07175469140404642], [0.011532748472023112, 0.017026273404326882, 0.02870362753681861, 0.942737350486828], [0.013796745021778734, 0.02253892532563155, 0.9053110866334345, 0.05835324291915697], [0.009855246795953398, 0.013672930720479242, 0.01955944573466749, 0.9569123766488934], [0.01682002966932522, 0.028586365594415786, 0.9012698532169816, 0.05332375141925391], [0.05510655498414552, 0.6344420319691545, 0.09287605417567227, 0.21757535877101614], [0.04943847229349537, 0.7422826227592425, 0.11749717241035487, 0.09078173243689905], [0.5170270434117151, 0.12900587039454217, 0.21904788022797755, 0.13491920586573564], [0.39149807211605886, 0.09100252458644892, 0.13219180057162994, 0.3853076026258441], [0.4224102987725495, 0.31641550045523825, 0.08786929820419875, 0.17330490246800712], [0.3100694537680665, 0.34591048464950036, 0.14081041908098108, 0.203209642401452], [0.27274775539941004, 0.15795091680391896, 0.14362193556518532, 0.42567939213148387], [0.33307417187202015, 0.22910394755161756, 0.23422351824435883, 0.20359836223200328]], "ideal": "D", "sampled": "D", "correct": true}}
{"type": "result", "data": {"idx": 12, "options": ["Conflict.", "Love.", "War.", "Reciprocity."], "probs": [[0.007299982174231183, 0.013859906396599364, 0.009152272494882976, 0.9696878388343017], [0.01671612188284358, 0.059303232690654226, 0.8907693856312401, 0.03321125969527564], [0.004527617320815675, 0.004786059024602525, 0.06698324979997713, 0.9237030737546063], [0.009751970747285213, 0.010554034187293542, 0.8829553083168612, 0.09673868664854972], [0.02644436098435509, 0.06802740712144206, 0.8814835471891622, 0.024044684605043387], [0.016490219579308518, 0.03772286864580637, 0.0185329481667622, 0.9272539635081395], [0.007410402624558618, 0.007836154922508559, 0.008016278602251624, 0.9767371637506821], [0.021837293345089732, 0.028291310831323427, 0.9130493418518488, 0.03682205387175332], [0.007318357306115837, 0.004881667219939967, 0.008821830443381456, 0.9789781449305386], [0.01895671135458758, 0.019129230913640133, 0.9049593025753344, 0.05695475505645864], [0.11195749010526665, 0.6912504907403751, 0.14828704802621367, 0.04850497102815155], [0.1058402754711595, 0.7117598993833629, 0.08908206493094446, 0.09331776011451452], [0.002705691779102029, 0.007131253403078159, 0.07246276887176976, 0.9177002858460721], [0.005356559655544845, 0.014559508608720505, 0.8711218171625392, 0.10896211447318968], [0.003712909128152122, 0.019606389312967033, 0.011251613649625644, 0.9654290878092595], [0.0079932921947026, 0.0776009490407243, 0.8735585049800974, 0.04084725368448082], [0.008540047041035125, 0.39189674746718994, 0.04753826572188482, 0.5520249396698683], [0.009500093733896249, 0.22093359904729243, 0.7354343648199647, 0.03413194229883957], [0.9511147331536004, 0.019071937447230854, 0.019633160805606835, 0.010180168493553741], [0.9527463623381115, 0.020966853304244727, 0.009224912477277298, 0.01706187178038367], [0.9578973409874812, 0.02141885777360775, 0.011275696063175565, 0.009408105075741933], [0.9560084239449492, 0.022744051091362606, 0.008903866072888516, 0.012343658790785512], [0.9456621028933009, 0.01753776406327079, 0.012910723192453118, 0.02388940975097156], [0.9303701721138598, 0.01737197528741066, 0.03395444267883778, 0.018303409819886214]], "ideal": "D", "sampled": "D", "correct": true}}
{"type": "result", "data": {"idx": 13, "options": ["That there is no distinction between law and morality.", "That there is a distinction between right and wrong.", "That facts about the world or human nature cannot normally ordain what ought to be", "That human rights are fundamentally unsound."], "probs": [[0.20075313059329614, 0.13283213635705043, 0.5859388596976509, 0.08047587325200072], [0.020861635663466282, 0.033349000213425496, 0.018159157887699565, 0.9276302061353909], [0.11458199861854933, 0.5461849763280685, 0.2859762018361194, 0.05325682311727716], [0.05327073644433041, 0.3210843873753426, 0.0627631558962302, 0.5628817201840878], [0.03629058140629442, 0.020713830748090148, 0.11183185907576408, 0.8311637286698584], [0.07284614879482242, 0.02926040070525768, 0.41623291382578415, 0.48166053657412433], [0.20230611537899298, 0.16661322585339008, 0.5461097920555297, 0.08497086661209602], [0.022349469390492212, 0.03278069960482311, 0.018271010331199235, 0.92659882057351], [0.10406394491231667, 0.662199697740334, 0.17305885783553, 0.06067749941180419], [0.10888313963307071, 0.6613900008087332, 0.08224466243924038, 0.14748219701897103], [0.047271449819967365, 0.0215011785899341, 0.061217780152711544, 0.8700095913374073], [0.12117020199941479, 0.04200832765465117, 0.5923185643637723, 0.24450290588215964], [0.7946584807454729, 0.06911237598562078, 0.0966258907977387, 0.039603252371189245], [0.47423815524059704, 0.060921111385569646, 0.033140134694497954, 0.4317005985793312], [0.8403344675632319, 0.06255462371764182, 0.058699434458297076, 0.03841147416083634], [0.8108200907762353, 0.06275006985829669, 0.03178957267362097, 0.09464026659183566], [0.6213857074055977, 0.037164952266322035, 0.08830308056381599, 0.25314625966425097], [0.7624217655819484, 0.0363975365534053, 0.09636682696043776, 0.10481387080420441], [0.008483023729170293, 0.03915422374818134, 0.07612756346843289, 0.8762351889542123], [0.012849615546272257, 0.049188596079757334, 0.22750175743240142, 0.7104600308415598], [0.010262550201931297, 0.0837423238205496, 0.0673622008317959, 0.8386329250457273], [0.02248352969912559, 0.15580076972091297, 0.43359493879316646, 0.3881207616867947], [0.014668986490452628, 0.36016938162055695, 0.23273198404186538, 0.3924296477471211], [0.02153107152616113, 0.4083560031054624, 0.41519179000386724, 0.1549211352644975]], "ideal": "C", "sampled": "C", "correct": true}}
{"type": "result", "data": {"idx": 14, "options": ["Individual stories are suspect.", "The law is static.", "Universal values are meaningless.", "Literature reproduces repression."], "probs": [[0.18741610028399655, 0.06904788638226751, 0.6098378898111267, 0.13369812342261964], [0.02238761973227253, 0.010909523577651846, 0.010162772825744886, 0.9565400837643195], [0.17389921502832598, 0.5880421728457167, 0.10383913049592496, 0.13421948153003124], [0.1326989966191197, 0.46660182451386734, 0.07798435633732814, 0.32271482242967225], [0.011899654351351369, 0.006466271804975404, 0.009700361382120477, 0.9719337123615527], [0.10239313254906651, 0.039522975708989924, 0.48455283617555706, 0.37353105546638327], [0.032275260493870236, 0.12168423696464618, 0.710703002662137, 0.13533749977935192], [0.011206052059739744, 0.03530587386795906, 0.016530632983378004, 0.9369574409889224], [0.029974534570226436, 0.15927722673079356, 0.6810673139843945, 0.1296809246145904], [0.02993044419575546, 0.23892322938648564, 0.06232610900025111, 0.6688202173174895], [0.0047649860068772155, 0.005523507120700885, 0.018964696758933485, 0.9707468100134894], [0.01633740110273689, 0.02143917606346485, 0.3799776616615851, 0.582245761072188], [0.293142690773943, 0.46860603969502385, 0.09986942476526182, 0.1383818446657764], [0.25192307598095254, 0.37532988980608206, 0.07626886301615048, 0.29647817109682156], [0.29021504153271466, 0.09587662977582945, 0.4863404600150127, 0.12756786857645322], [0.3111412965403912, 0.0813202185481659, 0.044525170408792614, 0.5630133144026271], [0.23338613326523794, 0.06855776969251849, 0.29533898140497294, 0.4027171155372741], [0.19729988223502257, 0.05072046095260907, 0.042372433803252, 0.7096072229091145], [0.007030826054883502, 0.009304084746248786, 0.014859349494777952, 0.9688057396040662], [0.024667516354225056, 0.028834224249237598, 0.7784231982480789, 0.16807506104845302], [0.004921795600028474, 0.005234544069061268, 0.017975885708660825, 0.9718677745222676], [0.021273503371546307, 0.024257473963393197, 0.3821857420263886, 0.5722832805386544], [0.03381324828161176, 0.20040071461872758, 0.39220249270816626, 0.37358354429148727], [0.03286069152538338, 0.285831405131896, 0.10512287883044064, 0.5761850244122613]], "ideal": "C", "sampled": "C", "correct": true}}
{"type": "result", "data": {"idx": 15, "options": ["Law as medium' describes law as a body of formal, general rules that control the state and the economy; 'law as institution' inhabits the 'lifeworld' and expresses its shared values and norms in institutional form.", "Law as medium' consists of the manner in which law is presented by the media; 'law as institution' describes the courts.", "Law as medium' concerns the manner in which the law expresses its rules in simplified terms; 'law as institution' refers to the formal declaration of laws by legislative bodies.", "Law as medium' is defined as the intermediate stage of legal development; 'law as institution' is the advanced stage."], "probs": [[0.644190939938014, 0.06433948459723023, 0.16557347791865737, 0.12589609744609653], [0.6670968753258925, 0.06409243876930372, 0.14440376239687272, 0.12440692340794442], [0.6506570308554808, 0.09168031071407581, 0.13438317755331092, 0.12327948077712116], [0.6573191635074805, 0.08426673683483447, 0.15026801306966886, 0.10814608648803584], [0.6867533450287354, 0.10707482826686045, 0.09228222442720302, 0.11388960217719682], [0.6622742215423615, 0.09552292466744568, 0.13056862810642755, 0.11163422558376578], [0.0070394097386233916, 0.7987339635417874, 0.09179955821798537, 0.10242706840160498], [0.006423541558026672, 0.8191699744086808, 0.08243886698344281, 0.09196761694985978], [0.006719181295057348, 0.06511344409489662, 0.7870817897189331, 0.1410855847911323], [0.0020431524085592094, 0.03477465544215185, 0.038476956555517555, 0.9247052354937789], [0.004297681321563816, 0.018355048283288627, 0.9041918965553577, 0.07315537373976884], [0.0017687457210923232, 0.011517322506589038, 0.03603298582550835, 0.9506809458468047], [0.04726393838858847, 0.6825448519350364, 0.11779024162280095, 0.15240096795357527], [0.04877976960975023, 0.6934254680205273, 0.13997126708408775, 0.11782349518563102], [0.015667534404488613, 0.021069018363486753, 0.8402804345288094, 0.12298301260320438], [0.0061922323169274415, 0.009508015536536317, 0.030918593452826205, 0.9533811585936856], [0.02327134345825656, 0.04277678560515504, 0.8186785938266429, 0.11527327700993394], [0.005967794687094926, 0.01646548404993038, 0.021478791613457844, 0.9560879295495128], [0.010906834806876282, 0.8246423673890079, 0.06513979441792062, 0.09931100328620429], [0.012251419574829425, 0.7921091617531968, 0.10240785921059001, 0.09323155936137413], [0.0061997645892728085, 0.014283918605965186, 0.9035552241658199, 0.07596109253894899], [0.004112646176477047, 0.006886457610189308, 0.03777997095217458, 0.9512209251611594], [0.014234266421254749, 0.05667812753531891, 0.8190666697559129, 0.11002093618750743], [0.003956161906248646, 0.021522977493965707, 0.02328058291614096, 0.9512402775836456]], "ideal": "A", "sampled": "A", "correct": true}}
