{"type": "result", "data": {"idx": 0, "options": ["ADD.", "AIDA.", "PESTLE.", "SWOT."], "probs": [[0.17529999956528863, 0.7549103382662375, 0.029744701618498667, 0.0400449604499869], [0.17955426428732305, 0.755308920742753, 0.02690907972077936, 0.038227735149130054], [0.09408650216323075, 0.015756342087638753, 0.8638392079314748, 0.026317947717658826], [0.048797989725002426, 0.008490774388891347, 0.00910469242758267, 0.9336065433585155], [0.06675650114576233, 0.012080800962351588, 0.8906373329652777, 0.030525364826596905], [0.045747139175030475, 0.007413665777236693, 0.008013992523723978, 0.9388252024240107], [0.9624325697733939, 0.015541103422629514, 0.006425867424714407, 0.01560045927927966], [0.9621003444981294, 0.015546204561071843, 0.0059938624863975455, 0.016359588354398887], [0.959466059337462, 0.011609735964666187, 0.01158279479690754, 0.017341409800964727], [0.9610003201172841, 0.012011192384456441, 0.008051361013489567, 0.018937126384745845], [0.9603667342034341, 0.011711216761462329, 0.010562490363402366, 0.017359558571719714], [0.9612454569845761, 0.012200238250784904, 0.007163831421000369, 0.01939047324364353], [0.05215077799307594, 0.034442435846515414, 0.8797842492919873, 0.033622536768438564], [0.03484841051939329, 0.00915693461259755, 0.009091786366966448, 0.9469028684010421], [0.10629849905217632, 0.7306277989816217, 0.09006767809314273, 0.07300602377303728], [0.12572951011278224, 0.7401202497515526, 0.0523824088389246, 0.08176783119675159], [0.02663079550539378, 0.006523944808170305, 0.01527764054929738, 0.9515676190371599], [0.044204144867210485, 0.014698340644570292, 0.8996354482595883, 0.04146206612864302], [0.03869512164354562, 0.021368412280168024, 0.9133724128904205, 0.026564053085876945], [0.03704545297023427, 0.009008858642541329, 0.008795457682186819, 0.9451502306050299], [0.08721358072408135, 0.7756501100669708, 0.0830552405515794, 0.05408106855738368], [0.09152757846957892, 0.7954591640671143, 0.04817516368461112, 0.06483809367871017], [0.025398930826008054, 0.005844517071794409, 0.017981850378326558, 0.9507747016238814], [0.03923034322521159, 0.012944565711777779, 0.9041618267447177, 0.04366326421826858]], "ideal": "B", "sampled": "B", "correct": true}}
{"type": "result", "data": {"idx": 1, "options": ["The realm of understanding.", "Personal selling.", "Noise.", "Feedback."], "probs": [[0.042478348716940936, 0.01856365445982699, 0.01313942052523086, 0.9258185761980017], [0.13937813033247923, 0.0522719261919285, 0.7582782324830465, 0.05007171089252008], [0.04105360442661469, 0.012829132168975379, 0.015676983970958097, 0.9304402793334476], [0.16632972062577916, 0.04028376911759816, 0.7098482192181489, 0.08353829093845584], [0.5862168125286129, 0.2934193389335226, 0.0648869268485077, 0.05547692158934552], [0.5714520039195776, 0.2858337644341189, 0.053661420790407414, 0.08905281075589858], [0.05184703141222109, 0.06058088495416683, 0.021388235836229424, 0.8661838476973651], [0.14670613070065383, 0.301272012242987, 0.49969782104343186, 0.05232403591293283], [0.03607435605797841, 0.022755512678956577, 0.09774423809404102, 0.8434258930690208], [0.02468731078987912, 0.01558841575453684, 0.8321845322362946, 0.12753974111928937], [0.10531379270001945, 0.5912111056966217, 0.24805931025624217, 0.05541579124713704], [0.08418194743401015, 0.461457255979982, 0.054224045562974055, 0.40013675092303813], [0.015095131939159874, 0.016670281325426143, 0.018117258310645087, 0.9501173283247514], [0.021457216364001046, 0.021946311171320076, 0.9069472685258307, 0.049649203838828024], [0.021493761842524578, 0.03909946616908317, 0.2752790502430071, 0.6641277216453748], [0.012265160799031798, 0.01223643593165476, 0.8805742779493639, 0.09492412521996536], [0.038355259545811995, 0.7664193856077557, 0.13520427506212815, 0.060021079684287604], [0.03921207227754756, 0.7142117980047482, 0.06486338137874101, 0.18171274823895445], [0.9029028863448034, 0.053003829699499266, 0.02247348264486839, 0.021619801210826173], [0.9049165615647422, 0.04944563379424585, 0.016494076781249284, 0.02914372775976457], [0.9007763549072979, 0.03421269053446992, 0.04185357720461546, 0.023157377253619216], [0.8953229939439377, 0.0425379616691377, 0.018189509001850727, 0.04394953528506425], [0.8807136764871446, 0.028361623092445297, 0.04897273536738359, 0.04195196495300187], [0.8857850662375332, 0.03227120531268155, 0.028275025817998897, 0.05366870253180907]], "ideal": "A", "sampled": "D", "correct": false}}
{"type": "result", "data": {"idx": 2, "options": ["In the late 1800s.", "In the early 1900s.", "In the 1920s.", "After the end of the Second World War."], "probs": [[0.1430034076666313, 0.1313324282604892, 0.14643897937359673, 0.5792251845992978], [0.25875100189715033, 0.15106781986237894, 0.4949883583321103, 0.09519281980836347], [0.17522704565865407, 0.1712462059536572, 0.2267471608632374, 0.4267795874244462], [0.13099121746972192, 0.10210004066681135, 0.6399787887526301, 0.12692995301082965], [0.3172490021233482, 0.28458124842628585, 0.15478451769419768, 0.2433852316561679], [0.2959388242571178, 0.2782078805770236, 0.12054690991111855, 0.30530638515474406], [0.12520438719768223, 0.14306747183865856, 0.09089093277838792, 0.640837208085299], [0.24947004753012234, 0.21848392117806334, 0.38648146855183946, 0.14556456263998463], [0.13144337145986623, 0.13786927992876846, 0.3032316449822212, 0.42745570352915074], [0.11538454201687263, 0.10185729106840916, 0.6188919955437835, 0.16386617127093925], [0.212345271585898, 0.33138402299806424, 0.2856716393425073, 0.1705990659735223], [0.19184611912966731, 0.31881279323781186, 0.1578412585030739, 0.33149982902945196], [0.10904310671133041, 0.1346380284916685, 0.4018115918304969, 0.35450727286650985], [0.11829219393867368, 0.137242707009, 0.4941369644643896, 0.2503281344879516], [0.07586681142321589, 0.092954169551918, 0.5688376954942131, 0.2623413234306444], [0.10584611950385062, 0.11721516354554064, 0.5047907052088549, 0.2721480116417554], [0.10581375831467822, 0.37208186787249514, 0.20387634747001954, 0.3182280262428109], [0.11962678136601393, 0.4077531214383707, 0.2050866747549091, 0.2675334223407144], [0.20267528319915076, 0.18890545712588674, 0.3640515791112429, 0.24436768046371465], [0.218773989086056, 0.21884455580354273, 0.24403258272699485, 0.31834887228341374], [0.2085188351772179, 0.15391484119056584, 0.4520828927994207, 0.18548343073281573], [0.20190065427137455, 0.15010324769892816, 0.29371554930043936, 0.35428054862926894], [0.14429434908952413, 0.14776465975291364, 0.3952563439768634, 0.31268464708069516], [0.18159283509673965, 0.1875148562937361, 0.37275855940406755, 0.25813374910545767]], "ideal": "C", "sampled": "D", "correct": false}}
{"type": "result", "data": {"idx": 3, "options": ["The level of tangibility associated with the type of product.", "Performance-value.", "Variations in supply and demand.", "The way in which the service is delivered."], "probs": [[0.1426118472617085, 0.1173869274263021, 0.370043521454017, 0.36995770375798753], [0.10953791129090522, 0.1029964234517883, 0.1112777777666492, 0.67618788739065], [0.15891728756671886, 0.16794378530424448, 0.2443265198635933, 0.42881240716544106], [0.19010835082840005, 0.21383157157255062, 0.187255155557546, 0.4088049219415019], [0.10232174980825938, 0.09467279122856423, 0.15122644420863704, 0.6517790146545329], [0.13656266463765898, 0.10159090420419974, 0.4881646548420298, 0.2736817762161154], [0.10794904630007973, 0.22315934611205887, 0.3888293981686463, 0.2800622093192285], [0.0891557325346157, 0.1887484254602401, 0.1318112706356032, 0.5902845712695369], [0.0961820939102723, 0.21183345401076575, 0.46995510388333755, 0.22202934809564148], [0.0639097193199117, 0.16329781076862923, 0.12709339091501037, 0.6456990788964728], [0.07312411848538723, 0.11690695393889988, 0.2780435981775808, 0.5319253292981457], [0.06314861658231682, 0.09554527339107328, 0.25162541250526776, 0.5896806974213297], [0.27349622802525614, 0.18239964519934956, 0.22171468625289836, 0.3223894404224915], [0.29601548064673266, 0.2400515767980872, 0.18117121729216232, 0.28276172516301373], [0.21837766019946164, 0.12264474411482511, 0.4245500269251642, 0.23442756866053985], [0.13279636820193189, 0.09275222233147114, 0.11015325315496963, 0.6642981562116482], [0.25145871215061005, 0.1316116445101974, 0.4050800086178439, 0.21184963462136033], [0.15507951390988944, 0.09051204635243448, 0.12663622917303202, 0.6277722104646408], [0.07458430921120096, 0.11116161613845256, 0.14956473585150534, 0.6646893386988149], [0.10349703204865783, 0.13498426912432532, 0.509322756229785, 0.2521959424972243], [0.0646745480728475, 0.08643643638602365, 0.1588500892970674, 0.6900389261440533], [0.061119796942028445, 0.07975184139543537, 0.18685292151654792, 0.6722754400459717], [0.11861590737522008, 0.18383373914604903, 0.4341842079423446, 0.2633661454364052], [0.0689846775602879, 0.10356914783411372, 0.13089012847280326, 0.6965560460328138]], "ideal": "B", "sampled": "C", "correct": false}}
{"type": "result", "data": {"idx": 4, "options": ["found guilty under the Sherman Antitrust Act and face prison time", "found guilty under the Magnuson-Moss Warranty Act and face large fines", "found guilty under the Adamson Act and face prison time and fines", "found not guilty because retailers are allowed to set their own price levels"], "probs": [[0.13347630785796072, 0.037369165180731155, 0.06160108434325396, 0.7675534425180521], [0.09632718768997563, 0.04242273093268556, 0.7749397194313514, 0.08631036184598351], [0.20721154577643874, 0.1348486206551253, 0.03957710294237977, 0.6183627305260608], [0.16294499759116107, 0.07697510378361454, 0.7019769063260575, 0.058102992199191086], [0.196796620660305, 0.6106679750965289, 0.05728465648024757, 0.13525074766293893], [0.1850937668268963, 0.5966546291083704, 0.14292461386905164, 0.07532699009568383], [0.03866413564308547, 0.10338539185085813, 0.07622350335490363, 0.7817269690511477], [0.037285370951120826, 0.06237035478863048, 0.7713221289066364, 0.12902214525361985], [0.03330382407014694, 0.04994745189803119, 0.1480057648398274, 0.7687429590920046], [0.03279189218438947, 0.04690383834071073, 0.7391543083875517, 0.18114996098734512], [0.04300809896213554, 0.5389121178741111, 0.24697352840871625, 0.1711062546550238], [0.042494743619547665, 0.6324275372917157, 0.13056199470600735, 0.19451572428272085], [0.1629094650327369, 0.23691050392247617, 0.04055346183816868, 0.5596265691066309], [0.1734353295111196, 0.1566426217846297, 0.6144821786947658, 0.055439869909496654], [0.10391378466588352, 0.048313484253003795, 0.2912108531830901, 0.5565618777980189], [0.09098630454788198, 0.05308617077247096, 0.6361892283746263, 0.21973829620503665], [0.1951156020079591, 0.5095192659603606, 0.23154327735913866, 0.06382185457255556], [0.20049910585883948, 0.47692275964047404, 0.057008132366418864, 0.2655700020342818], [0.09482798398967003, 0.6218738549102578, 0.0579120277778444, 0.2253861332222063], [0.0841266420022647, 0.5226500673734087, 0.317264978100229, 0.07595831242409623], [0.03711173287727359, 0.028900734108817633, 0.8046529608228356, 0.12933457209105814], [0.08868168248670656, 0.048956741469175655, 0.3448305945560213, 0.5175309813881172], [0.12107659715931941, 0.23881297928130657, 0.5549886952522726, 0.08512172820711654], [0.11184343634644364, 0.2518184632745179, 0.051179269376154954, 0.5851588309028696]], "ideal": "A", "sampled": "D", "correct": false}}
{"type": "result", "data": {"idx": 5, "options": ["A composite analysis of all environmental factors inside and outside the firm.", "A series of business decisions that aid in selling a product.", "The relationship between a firm's marketing strengths and its business weaknesses.", "A blending of four strategic elements to satisfy specific target markets."], "probs": [[0.007767481973687875, 0.007940186711024724, 0.008012117221019745, 0.9762802139942848], [0.020061497334396737, 0.017551858126650614, 0.942655891385848, 0.019730753053105128], [0.005911566977783339, 0.0032877144813112736, 0.014389458900371192, 0.9764112595405184], [0.01356348604454385, 0.0073700031784191735, 0.9263883740553532, 0.052678136621669897], [0.03721117137029465, 0.8511903611561478, 0.08243397921023361, 0.029164488163326265], [0.029858721342472926, 0.7618749301974951, 0.03276911025538565, 0.17549723810466222], [0.011595579795415038, 0.009098171178997054, 0.008227750121690022, 0.9710784988038894], [0.03318016856238245, 0.02194042819343712, 0.9239682541124122, 0.020911149031748295], [0.01042562437342047, 0.004050408956895378, 0.01163082788626133, 0.9738931386834131], [0.02561685665907001, 0.011115615715526855, 0.9306538590590547, 0.03261366846636715], [0.048226984513745214, 0.8664459932812137, 0.06491662986605477, 0.02041039223896418], [0.04568398536871649, 0.8806204610280262, 0.03342225572621527, 0.04027329777703741], [0.0035238981981176322, 0.0044102219208103565, 0.01772224279597598, 0.9743436369851024], [0.007814825458739022, 0.008977327981331926, 0.9075892746075641, 0.07561857185236726], [0.0036546862775108054, 0.0056921154537506805, 0.011688509890282504, 0.9789646882784373], [0.009708484979943352, 0.012747695021060665, 0.9426517336144316, 0.03489208628456547], [0.016015368038867467, 0.7226716856576572, 0.04591722955259329, 0.2153957166508972], [0.01588426757433559, 0.8447013721807562, 0.07106881302585549, 0.06834554711906402], [0.9391694730509761, 0.032503302279154, 0.02216840680608106, 0.006158817763810275], [0.9261454014646947, 0.04210679388459755, 0.012181440545177643, 0.019566364005541022], [0.9334718269356824, 0.04115329796194786, 0.01870374168223471, 0.006671133320137672], [0.9228936743366938, 0.05061987577955456, 0.011410383048646895, 0.015076066735096729], [0.9294733288033213, 0.023716957903225682, 0.018913923208672453, 0.02789578998479593], [0.9376067513997722, 0.020481263303696078, 0.024687711823792795, 0.017224273372718386]], "ideal": "D", "sampled": "D", "correct": true}}
{"type": "result", "data": {"idx": 6, "options": ["Gatekeepers.", "Buyers.", "Users.", "Initiators."], "probs": [[0.9489129406079856, 0.02293353568073953, 0.011784111723899824, 0.016369411887353514], [0.9469008937274682, 0.024552954773468687, 0.013320233717100324, 0.015225917681943764], [0.9464374650674113, 0.021805455008886546, 0.013413116538506877, 0.018343963285208688], [0.9439001513677203, 0.023882109730962907, 0.01503888571615842, 0.01717885308518142], [0.9434882919423216, 0.02706417957552952, 0.01380325137447105, 0.01564427700767039], [0.9396448437496613, 0.02868653793851469, 0.01429313143682424, 0.01737548677497976], [0.14801891467841122, 0.6429413109985344, 0.10572112266799598, 0.10331865155509119], [0.13575715894636822, 0.6423478111553034, 0.1335783580096326, 0.0883166717886788], [0.032505877431233655, 0.022543046985447297, 0.8980725853095097, 0.046878490173794585], [0.11211950461333942, 0.0639513669631634, 0.07012097105627316, 0.753808157267229], [0.04489646256573241, 0.028562978406383988, 0.8866391671997161, 0.03990139172818847], [0.05711971102423128, 0.0320762914110205, 0.032285616557102374, 0.8785183809076204], [0.17149576562691982, 0.6221913288941031, 0.1123764001080468, 0.093936505270949], [0.16670661525819278, 0.6288860157061772, 0.1349058536381773, 0.06950151529741892], [0.03925460640366526, 0.0287439476005897, 0.8854172967644666, 0.046584149131279805], [0.16207948225628038, 0.09460594027871606, 0.07187359651892086, 0.671440980846098], [0.060442281993881984, 0.03042266812070737, 0.8733342718382616, 0.035800777947147096], [0.1309855272045808, 0.06294958904897381, 0.046682353822686457, 0.7593825298237791], [0.20070877438965057, 0.5991676120685012, 0.10821233090890052, 0.0919112825329337], [0.1948214888418106, 0.5907090659834656, 0.1307081218288634, 0.08376132324585361], [0.038515260011817584, 0.03195159454320631, 0.882399781845999, 0.047133363498995266], [0.07860193973060135, 0.041507380047216914, 0.035421409500322965, 0.844469270621863], [0.056163109062245024, 0.03409499939826804, 0.8642893613479219, 0.04545253009158296], [0.1153749141630131, 0.059457964595824475, 0.04958255454188367, 0.7755845665992849]], "ideal": "A", "sampled": "A", "correct": true}}
{"type": "result", "data": {"idx": 7, "options": ["Motive development.", "An attitude.", "A self-concept.", "Product evaluation."], "probs": [[0.6408174758830674, 0.14767535879577587, 0.09830685248410735, 0.11320031273703704], [0.7129673368969494, 0.12121071246387127, 0.0812778654020682, 0.08454408513711832], [0.5864242744114775, 0.08394289567929389, 0.2622729465143812, 0.06735988329485794], [0.4790361722166938, 0.07529743277204955, 0.07820909703299558, 0.3674572978782782], [0.5639650682315174, 0.13725307896738945, 0.18595656109628825, 0.11282529160481711], [0.27108873662148686, 0.06150751745678445, 0.05682341327854126, 0.6105803325431782], [0.30315656357922377, 0.3127791282540078, 0.17410404765863058, 0.20996026040813795], [0.29706016375527106, 0.2878992118546424, 0.13386201913976858, 0.2811786051503028], [0.35369080173825673, 0.19238733768481825, 0.3121502861283642, 0.14177157434857826], [0.26621626226723794, 0.18033740267604506, 0.1247807211416075, 0.42866561381509893], [0.3054431288904561, 0.16616896368257997, 0.32012741319943294, 0.20826049412751416], [0.27698061214493286, 0.19341044206718552, 0.1298041855296872, 0.3998047601581828], [0.27133064914264876, 0.11955152264971151, 0.5069145142907714, 0.10220331381687839], [0.1513202588548093, 0.06929256591601486, 0.06922211587136183, 0.7101650592578178], [0.3060188749553981, 0.33887441384750444, 0.1899663167842255, 0.16514039431288785], [0.27550386191147835, 0.3027839368118751, 0.10705040090772225, 0.3146618002689095], [0.12494645241060816, 0.06186791354653264, 0.12783006319749923, 0.6853555707453456], [0.229544060866837, 0.2074666478268726, 0.29459661273271576, 0.2683926784735753], [0.17504764387826433, 0.12038338339975001, 0.5389031994265723, 0.1656657731953844], [0.08181334835058558, 0.028724161643509175, 0.038009644164872014, 0.8514528457410206], [0.2805818548429532, 0.2853419567676888, 0.22383636652692232, 0.21023982176243908], [0.24438585171753152, 0.27706498641102356, 0.11454995196290092, 0.36399920980853945], [0.14169055117922955, 0.0525871290911195, 0.14053484250424578, 0.665187477125397], [0.22451502694652237, 0.07887325689208527, 0.5176736745031101, 0.17893804155827245]], "ideal": "A", "sampled": "B", "correct": false}}
{"type": "result", "data": {"idx": 8, "options": ["Promotion.", "Product.", "Target market.", "Pricing."], "probs": [[0.2055135812994235, 0.2722683894836169, 0.4250946833596087, 0.09712334575736196], [0.18708167204258586, 0.29645783241876955, 0.12357765966495685, 0.39288283577369126], [0.1542037242124819, 0.4030223817004167, 0.36404488993495154, 0.07872900405214285], [0.1666840123811773, 0.4423674073387959, 0.21907861142787122, 0.17186996875215108], [0.2086114686649341, 0.19432967480629387, 0.22543132088125756, 0.3716275355475108], [0.19846023891204898, 0.14851134256267554, 0.4833563281374421, 0.16967209028783603], [0.2154257436763315, 0.1613339331677621, 0.4668997405107904, 0.15634058254511776], [0.1908527042327847, 0.17377914129314728, 0.11665941310263807, 0.5187087412714345], [0.211122422198462, 0.43616807720039524, 0.1921228990152385, 0.16058660148590895], [0.23375694451130496, 0.43989227540060727, 0.20791301732416823, 0.11843776266391738], [0.1552745305766529, 0.1857526319480999, 0.10021749977004714, 0.5587553376052043], [0.22766640383878506, 0.2703571927756223, 0.3782042561650895, 0.12377214712049239], [0.24022132771110175, 0.3548520890931317, 0.2896690873005162, 0.11525749579524217], [0.24020218274793914, 0.3807114373851742, 0.16889549362788842, 0.2101908861390058], [0.30260683371552594, 0.3647807947411343, 0.19526222452723704, 0.13735014691611594], [0.33685873328503535, 0.3641004496055629, 0.18172003518457208, 0.11732078182483574], [0.2808876364300448, 0.3413786115319347, 0.1467723285767442, 0.23096142336128123], [0.28312325797102766, 0.28083154873195604, 0.328547553231915, 0.10749763996508958], [0.25333890127279385, 0.13665185146377448, 0.17554157416594018, 0.4344676729974898], [0.21960196619915665, 0.11564226237050494, 0.4870088961518062, 0.1777468751785379], [0.18046121227640435, 0.24843508655348545, 0.11030574486677988, 0.46079795620333835], [0.25036635819427505, 0.3020851486050248, 0.35323941240881945, 0.09430908069188931], [0.21777213467304726, 0.4260119100416239, 0.15806553525246697, 0.1981504199328528], [0.20488944928248431, 0.3824311575437732, 0.32730584899887866, 0.08537354407487366]], "ideal": "C", "sampled": "C", "correct": true}}
{"type": "result", "data": {"idx": 9, "options": ["Classical conditioning.", "Operant conditioning.", "Social learning.", "Behavioural learning."], "probs": [[0.07336720457519988, 0.14809278737349188, 0.5457066379283406, 0.2328333700229772], [0.09773779564169209, 0.20033410634558257, 0.24359577800807286, 0.45833231990464224], [0.0937958759210127, 0.3121342587877591, 0.28434680776359555, 0.30972305742765927], [0.05936098315997503, 0.17840553112487803, 0.26992764202516045, 0.4923058435899861], [0.015345273570297949, 0.020473415742777373, 0.07423637151912434, 0.889944939067819], [0.03991146571889519, 0.055373496377271375, 0.6587724516086538, 0.2459425861951905], [0.10630235839321647, 0.13536065405504102, 0.5520687507778594, 0.20626823667387129], [0.08203488856536947, 0.09516281730837775, 0.1682525903941788, 0.6545497036320512], [0.16116229764706194, 0.3229163586726378, 0.13250921976509272, 0.3834121238152061], [0.14639427534287675, 0.29330448184846863, 0.3738259823894875, 0.18647526031916842], [0.018207561839767565, 0.01451702672864001, 0.03479607367059768, 0.9324793376609868], [0.05370373394852083, 0.05325553213923254, 0.7821580624212983, 0.11088267139092735], [0.2600533737986897, 0.08513392098372753, 0.1615035089599211, 0.49330919615765], [0.12798695544262145, 0.06387889919562709, 0.2076463341042819, 0.6004878111574534], [0.3011312546508572, 0.1677627586394316, 0.09630150321927194, 0.43480448339042815], [0.30502712367428625, 0.18218012884620144, 0.3979252761442279, 0.11486747123528868], [0.3444717739028963, 0.15528211755935958, 0.07512132271504257, 0.4251247857227012], [0.4608075012318522, 0.2078634861813482, 0.19829805981033843, 0.13303095267646037], [0.01592372743928749, 0.014276790524001234, 0.04533319602446398, 0.9244662859122653], [0.04068569275507631, 0.03822142852077238, 0.7148419137597342, 0.2062509648644135], [0.020468409510634996, 0.025268765636958818, 0.04329160498461698, 0.9109712197677823], [0.06871370807691472, 0.09764375636488488, 0.6991653864507196, 0.13447714900747013], [0.10651509025909985, 0.2455699794544348, 0.09472499352181879, 0.5531899366646218], [0.16248046302895242, 0.3629191876078853, 0.24192371196741275, 0.2326766372957417]], "ideal": "A", "sampled": "C", "correct": false}}
{"type": "result", "data": {"idx": 10, "options": ["To break down large markets into smaller markets.", "To provide an opportunity to surpass competitors.", "By grouping together customers with similar needs, it provides a commercially viable method of serving these customers.", "To allow the achievement of greater market share."], "probs": [[0.02135753362548573, 0.016892920680425794, 0.8928930307213125, 0.06885651487279494], [0.006836156601884753, 0.007218297559226764, 0.011621651005136348, 0.974323894733748], [0.132484864983491, 0.7212848492881709, 0.0640642934707743, 0.08216599215758807], [0.11141015432059025, 0.7203777956112604, 0.0945948136434408, 0.07361723632472185], [0.006886100360784485, 0.009625554134113297, 0.010093863324479332, 0.9733944820806111], [0.02116274572567083, 0.020029883014796267, 0.905282066928205, 0.05352530423132117], [0.007663523475626409, 0.02609294262824565, 0.9114771673842298, 0.05476636641187668], [0.0018963377113911284, 0.007546302110899444, 0.010729101876241, 0.9798282582014487], [0.011303725232898522, 0.46833944997450244, 0.41342287122668675, 0.10693395346592753], [0.005809312252172576, 0.19340275226636916, 0.03580964119622797, 0.7649782941852518], [0.0018148407040892338, 0.005409529618071788, 0.0178749648417839, 0.974900664736042], [0.004712473322325807, 0.011828122665819217, 0.8678642411511239, 0.11559516276072958], [0.9235540533399874, 0.037889357941036275, 0.015429620034543514, 0.02312696858444827], [0.9166994726019877, 0.039117141681112085, 0.02175795046520364, 0.02242543515170071], [0.8794632320475756, 0.02541219236692996, 0.047018321828120976, 0.0481062536573873], [0.7471613963352796, 0.03342661658768318, 0.026013217672448314, 0.1933987693045719], [0.8976825768002776, 0.02533143872817443, 0.05069315740099075, 0.0262928269705546], [0.81012718581291, 0.030506756274433257, 0.025072622216631188, 0.13429343559602155], [0.003023215214678075, 0.009011473650076339, 0.009824212696807609, 0.9781410983384417], [0.010381332769913341, 0.030240102293875498, 0.9110852199453354, 0.04829334489087007], [0.0025209187308649706, 0.00470310782309928, 0.01732522814299214, 0.9754507452030271], [0.005975650978889677, 0.009924124678488246, 0.8576158801353057, 0.12648434410729467], [0.016898615102583232, 0.5497826466319843, 0.3691756690758333, 0.06414306908959955], [0.009100181771395951, 0.32507527735984515, 0.0491289619850704, 0.6166955787836612]], "ideal": "C", "sampled": "C", "correct": true}}
{"type": "result", "data": {"idx": 11, "options": ["Repeat purchases.", "Buyphases.", "Buyclasses.", "Tenders."], "probs": [[0.10280092864190153, 0.18460085262881443, 0.5953816289726223, 0.11721658965666566], [0.050995480496614565, 0.10052471382439505, 0.10043626216591743, 0.7480435434130748], [0.08363775476533046, 0.15020725127747325, 0.6571880086772279, 0.10896698517999422], [0.07222935417128967, 0.14132096543422307, 0.14343218342513656, 0.6430174968693609], [0.0837603071505016, 0.11991413550996503, 0.2721736096880658, 0.5241519475514616], [0.10226063166217153, 0.14196477972148278, 0.2797911032925393, 0.4759834852238183], [0.12372196121929407, 0.06729578589420103, 0.7396036951024733, 0.06937855768402847], [0.06477214361037294, 0.0349564819966008, 0.05449491311052667, 0.8457764611825104], [0.3908726311841806, 0.37012613998391336, 0.1393623203195736, 0.09963890841231741], [0.3729998735799353, 0.3789136328464192, 0.1394865044535603, 0.1085999890200686], [0.04180540649451469, 0.01943016150269349, 0.03892426623856856, 0.8998401656642429], [0.1547514556028727, 0.06604978146736074, 0.7209238423860334, 0.05827492044373432], [0.07790147632362451, 0.13669269048034047, 0.7155995370742032, 0.06980629602182395], [0.06445793129641816, 0.15948830056358324, 0.11567365616701455, 0.66038011187297], [0.21088679640856833, 0.4750025511505115, 0.174820963105069, 0.1392896892358465], [0.18208196674150737, 0.47592334912035017, 0.15568162417485873, 0.18631305986328095], [0.062027751525202734, 0.060109763140124756, 0.2568008964261932, 0.6210615888084902], [0.0810375348371007, 0.06930041653836257, 0.8049197826504123, 0.04474226587414051], [0.04609520774601972, 0.17506172036910456, 0.2647389618499709, 0.5141041099348762], [0.04614251439592731, 0.17525311935470644, 0.230409126695762, 0.5481952394536246], [0.028843079615426162, 0.06695946091871732, 0.06961795045388994, 0.8345795089119664], [0.08376880099021171, 0.21031800898266162, 0.627952637583931, 0.07796055234320565], [0.032032477939948664, 0.0786274711257276, 0.14445831023680716, 0.7448817405974942], [0.062373993356384286, 0.11636858630938389, 0.7645480999303227, 0.056709320303901245]], "ideal": "C", "sampled": "B", "correct": false}}
{"type": "result", "data": {"idx": 12, "options": ["Winner's curse.", "Winner's price.", "Winner's reward.", "Loss-leader pricing."], "probs": [[0.9289120064808735, 0.027908172001335076, 0.02419506041014003, 0.01898476100766478], [0.9227538515561368, 0.02997775620906822, 0.02854219043527934, 0.018726201699499952], [0.9220801850843823, 0.02581154802640193, 0.03156607463721201, 0.020542192152018333], [0.9178502799896715, 0.02714482625473068, 0.034231603401739405, 0.020773290253843734], [0.9322107894899132, 0.023763869152632833, 0.027080392616651117, 0.016944948640820787], [0.9391754636592279, 0.021975486661381567, 0.02280309948702087, 0.016045950092376596], [0.06373855927144705, 0.8515726096280096, 0.05194622857821136, 0.032742602422352905], [0.06772748322004427, 0.8433689527338075, 0.06402805532945761, 0.024875508616696823], [0.024623565569940206, 0.00973379465069664, 0.9148236343353533, 0.050819005344011084], [0.013633390563594857, 0.005641283808940737, 0.026446981607197342, 0.9542783439202892], [0.04822757274400381, 0.024067595032697883, 0.8735601190135895, 0.054144713109713624], [0.01561581036777398, 0.00829460069273604, 0.01195660656467137, 0.9641329822747954], [0.03842225686498892, 0.8327231903489073, 0.08507038821401025, 0.04378416447211141], [0.042160243038952015, 0.84508275038715, 0.07621463614619982, 0.03654237032769257], [0.01580974482696822, 0.014064241876009917, 0.9234188748887157, 0.046707138308283346], [0.007877160988500073, 0.007167313544978446, 0.02558126879819262, 0.9593742565683351], [0.02601240680390623, 0.02349931447879795, 0.886776983738043, 0.06371129487926061], [0.008191435828701394, 0.0069466027147867945, 0.018004540384522143, 0.9668574209719857], [0.0820831046562557, 0.7484102049380303, 0.11655031770893944, 0.05295637259678081], [0.07950837090961815, 0.759566145614171, 0.09807444043415577, 0.06285104294206953], [0.027745343842530377, 0.024883437469690795, 0.9031110076242119, 0.04426021096359014], [0.011650450941438403, 0.00845473789947771, 0.012007709340566712, 0.9678871017185038], [0.024055806004874013, 0.02123679325342179, 0.9006122128814302, 0.05409518776025033], [0.009374345894540378, 0.006489968449759268, 0.01507450175858514, 0.9690611837971238]], "ideal": "A", "sampled": "A", "correct": true}}
{"type": "result", "data": {"idx": 13, "options": ["Price bundling.", "Price elasticity.", "Price inelasticity.", "Price inflation."], "probs": [[0.10276954477336833, 0.7763595566998117, 0.09343297176108983, 0.027437926665718853], [0.0664684099724126, 0.4902996061599115, 0.03365018396807849, 0.4095817997995835], [0.05056494110494388, 0.03292225756789637, 0.8946121102358753, 0.02190069099129355], [0.015416309481936778, 0.01576152945460289, 0.010492947064923807, 0.9583292138985567], [0.02055797404985457, 0.01101544420030104, 0.8922472845267013, 0.07617929712313733], [0.00846551967459197, 0.005334571751354743, 0.018722161578020008, 0.967477746896053], [0.9286213902540137, 0.02145629452899545, 0.027002192074986175, 0.022920123042021134], [0.7264289693710336, 0.030793638053784322, 0.015816508445949357, 0.22696088402921533], [0.9361125385182011, 0.037018696775545194, 0.01327815019139837, 0.013590614414869097], [0.932992907708129, 0.03720364741269341, 0.012142797543335583, 0.017660647235852575], [0.7702546217580004, 0.028357442009451495, 0.02272771970809675, 0.1786602164244629], [0.8931415593931226, 0.024699258746811024, 0.04665393026427277, 0.03550525149580553], [0.08327457949746274, 0.026892483234885318, 0.8529219825410548, 0.036910954626591136], [0.021194967351723788, 0.012752982380409924, 0.009540283460909495, 0.9565117667069547], [0.1436440416662547, 0.7875747338083384, 0.038927606343213746, 0.029853618082189004], [0.13204692133086746, 0.7892566208986467, 0.0341598980919274, 0.04453655957856331], [0.019176651940237523, 0.009058864589770793, 0.014223191616930262, 0.9575412917530683], [0.0483739882899098, 0.014688545333917072, 0.8826530380254528, 0.05428442825072564], [0.015023960370600399, 0.011899300869508914, 0.8981662130555672, 0.07491052560432143], [0.006174065990136133, 0.005158086482415662, 0.016230046173954578, 0.9724378012535094], [0.044795407340488924, 0.5616829309128891, 0.05829140912417609, 0.33523025252245936], [0.06401560747395513, 0.680892780995421, 0.22117542940174081, 0.033916182028885314], [0.00875006759005988, 0.011132964767122742, 0.011205816914992915, 0.9689111506278035], [0.02125588058701582, 0.01951147447609333, 0.9368331230186223, 0.022399521818247062]], "ideal": "B", "sampled": "B", "correct": true}}
{"type": "result", "data": {"idx": 14, "options": ["Relationship marketing.", "Service mix.", "Market exchanges.", "Service failure."], "probs": [[0.5878378659693301, 0.0968966397203171, 0.27129056484645137, 0.043974929363905395], [0.632406603450062, 0.10510843984949696, 0.04880813084450783, 0.21367682575591893], [0.5943600903276746, 0.29924653981308996, 0.05981608197021824, 0.04657728778904595], [0.6972483143740291, 0.21627901125538695, 0.04359661461507507, 0.04287605965551786], [0.6003981673163952, 0.11751027032513886, 0.0541480694859137, 0.2279434927725681], [0.5275794332881333, 0.09624745755364619, 0.3278284854152165, 0.04834462364300404], [0.12186466241640799, 0.3440887390972056, 0.48887494314438873, 0.045171655241991536], [0.142963208793387, 0.4197964977516155, 0.0638960496398322, 0.3733442437151618], [0.10978767476893009, 0.17268966929316154, 0.6660994171698316, 0.051423238668095686], [0.08360122789108178, 0.12552226621689602, 0.03536685200539169, 0.7555096537866114], [0.06785828428842111, 0.0451841386913525, 0.45922360033941245, 0.42773397658081314], [0.05739373534023266, 0.0457563266743157, 0.5648047765729819, 0.3320451613124885], [0.5484421170237188, 0.3655778516714323, 0.05476169585843211, 0.031218335346417794], [0.54343770260554, 0.3737896426328549, 0.046057672831602836, 0.036714981830018596], [0.42656033474634936, 0.07197977951501408, 0.4647438678614075, 0.03671601777722573], [0.2597846855065924, 0.0622556347169692, 0.035704602987578105, 0.6422550766888476], [0.5340661986763107, 0.06195796674540112, 0.3557834167784303, 0.04819241769984074], [0.30270090845159575, 0.053962847823025135, 0.04161618849250214, 0.6017200551328612], [0.07517312871690196, 0.46304131481169974, 0.09555613623129436, 0.3662294201401033], [0.06179639986925996, 0.4179165972792133, 0.4482058270887291, 0.07208117566278958], [0.04049257753267304, 0.04621716336012763, 0.6621431250675831, 0.2511471339396385], [0.03238344686753448, 0.04253504844071846, 0.3112630030421055, 0.6138185015496253], [0.054779033371064254, 0.11225415429101844, 0.7540422235267219, 0.07892458871117587], [0.03529392407635116, 0.05462751898994639, 0.03719426984394836, 0.87288428698974]], "ideal": "C", "sampled": "A", "correct": false}}
{"type": "result", "data": {"idx": 15, "options": ["Search marketing.", "Internet advertising.", "Permission-based email marketing.", "Social web marketing."], "probs": [[0.007987002921124527, 0.010165915719520916, 0.9503456623739122, 0.031501418885461305], [0.002896616124923925, 0.003152149071694427, 0.01226325733469397, 0.9816879773687079], [0.019534994704225112, 0.903242431437149, 0.03907487619647005, 0.03814769756217209], [0.01700396886241899, 0.9046140040951072, 0.04467111634792594, 0.03371091059456217], [0.0033652749119133215, 0.0030355189814062983, 0.010346658603341836, 0.9832525474033316], [0.008496341168599729, 0.009617812435814495, 0.9575532748548248, 0.024332571440781395], [0.01237874036153194, 0.009866795782841596, 0.9441860478031014, 0.033568415952545366], [0.0032693939214892896, 0.0020761226694601576, 0.0094464326658811, 0.9852080506431506], [0.02722528731837892, 0.9135472415014614, 0.02892570531080592, 0.030301765769338816], [0.0281166551789941, 0.9146777707331791, 0.03465333814438764, 0.02255223584342148], [0.004750719545424232, 0.0034997396470582308, 0.007292495168919552, 0.9844570455385981], [0.014743017092258172, 0.013316627253317097, 0.9544640553633715, 0.017476300191062194], [0.9687905314238663, 0.011493923255405086, 0.009595837075196923, 0.010119708145507854], [0.9674352205306721, 0.01078410050446399, 0.012583397557207268, 0.009197281307662602], [0.9647186561573139, 0.011713493156777168, 0.011697576626639557, 0.011870273959256245], [0.9677260775770282, 0.01045643725338539, 0.012394845876644772, 0.009422639192922804], [0.9700719590405907, 0.011503649759203273, 0.010219650898411974, 0.008204740201780473], [0.9703496446676573, 0.011238673250630032, 0.009604659346536648, 0.008807022635182632], [0.004091754109944828, 0.00263904905500084, 0.00972396696167202, 0.9835452297733644], [0.013079909477516102, 0.009957174429144048, 0.9446621551338491, 0.03230076085950829], [0.004780968547136782, 0.0035495719824849715, 0.008644812819346512, 0.9830246465510201], [0.013590550374576113, 0.011527965004795157, 0.9510720401667162, 0.02380944435393724], [0.02851877551924793, 0.9281155950189217, 0.024548835045210445, 0.018816794316629536], [0.028634807685545827, 0.9244100214046631, 0.026038461123138956, 0.020916709686634918]], "ideal": "C", "sampled": "C", "correct": true}}
{"type": "result", "data": {"idx": 16, "options": ["Vehicle.", "Courier.", "Transportation.", "Distribution channel."], "probs": [[0.0355631876194279, 0.0076859208198036474, 0.012755604001800409, 0.9439952874589608], [0.19328735520625875, 0.02968854501047269, 0.7113062033968935, 0.06571789628636833], [0.058562114655111824, 0.012664835333878547, 0.01456205409729445, 0.9142109958137087], [0.16247926825738596, 0.03409094024856282, 0.7437299306428137, 0.05969986075122442], [0.18121116364932852, 0.7387622228315739, 0.04297548700747004, 0.037051126411623225], [0.16732102452073067, 0.7546806618370725, 0.03641218965330661, 0.04158612388886922], [0.008547003961311276, 0.003909298131914764, 0.010284132047646726, 0.9772595657591301], [0.023910564664638943, 0.014392440100398399, 0.9012660212894503, 0.06043097384550566], [0.011278349434042673, 0.0053247199362224905, 0.009852797251768916, 0.9735441332779626], [0.021144998410715928, 0.015351799174233325, 0.9244191333427035, 0.039084068972353676], [0.051553422632014276, 0.850074002510277, 0.04572638513808784, 0.0526461896196122], [0.055303651031914626, 0.8565879357799693, 0.03588504267426175, 0.052223370413841695], [0.010919403980919413, 0.005661582088619698, 0.010809271310395526, 0.9726097425200805], [0.02657145432288967, 0.01855131174125958, 0.8769802054873842, 0.07789702834844742], [0.013157852376773072, 0.006017879798473023, 0.009601041228646412, 0.9712232264960884], [0.03438324384122301, 0.02022235635273273, 0.89141909263798, 0.05397530706808724], [0.06848673871874238, 0.8592552320549198, 0.029167888708725543, 0.043090140417599995], [0.07406338388828428, 0.8524858508774817, 0.040148792972513676, 0.033301972161710165], [0.9501211473547235, 0.019594314261998518, 0.013550529074927035, 0.01673400920836974], [0.948736107564186, 0.018537409600566712, 0.011762155646220818, 0.020964327089004503], [0.9540334545256509, 0.017250657400628956, 0.011377906749655357, 0.017337981224061348], [0.9583613546122415, 0.01541111536331553, 0.010735054972676563, 0.01549247495176735], [0.9494916479618551, 0.014337378334113837, 0.01534996987103595, 0.020821003733004117], [0.9578468681138711, 0.014582688619060574, 0.013248639724174125, 0.01432180344289589]], "ideal": "D", "sampled": "D", "correct": true}}
