{"type": "result", "data": {"idx": 0, "options": ["164%", "1.64%", "0.45%", "183%"], "probs": [[0.1821047879073593, 0.2754557732435824, 0.26698843288366236, 0.27545100586541676], [0.19786189831429615, 0.30393828959317304, 0.270577953046471, 0.22762185894606599], [0.1701531566350675, 0.25326315290029994, 0.2917693945324854, 0.28481429583214785], [0.16991510774918347, 0.27135953920423567, 0.23403508685942565, 0.32469026608716534], [0.19113193085727181, 0.20980629381970597, 0.29137328264622603, 0.307688492576786], [0.17726264145175735, 0.19607421432493086, 0.17441763425845597, 0.4522455098648489], [0.3296648007729858, 0.23203486116987143, 0.16716657425109482, 0.2711337637060353], [0.34371973266196654, 0.23994904956776517, 0.2514620105893607, 0.16486920708089756], [0.34960458201683065, 0.22572126167226145, 0.1588003438382537, 0.2658738123726661], [0.3457419277434267, 0.21805209104231532, 0.14756210394947047, 0.28864387716479306], [0.33609044492492324, 0.2401609830003922, 0.24396099101006677, 0.17978758096462788], [0.29391357084607783, 0.2184373295173266, 0.15735465768938095, 0.3302944418472195], [0.15359702049296375, 0.23232577769595184, 0.23416912599061074, 0.3799080757204793], [0.1709503850859879, 0.24861097265906992, 0.35060666071513263, 0.2298319814398009], [0.18544334234123686, 0.27627372718698395, 0.1810992493567651, 0.35718368101500614], [0.19264444326505817, 0.2779617687747519, 0.18083238634352425, 0.3485614015166811], [0.1881578288449582, 0.2359565829734002, 0.2912929979897877, 0.28459259009186255], [0.17925379639204295, 0.23011457672222435, 0.2506923159591002, 0.3399393108266055], [0.1802409500490916, 0.23329335775628654, 0.24450208975126506, 0.34196360234335504], [0.17346619607649327, 0.21576673266642116, 0.18176638364998499, 0.42900068750710774], [0.16277110316457802, 0.32110957037985366, 0.264237744898647, 0.2518815814569223], [0.16260373491821345, 0.3205602592122981, 0.2785918369793107, 0.23824416879017868], [0.15380861108096075, 0.2555161385975392, 0.267858918244261, 0.32281633197723636], [0.16139513056096172, 0.2420757662656184, 0.3158267212293859, 0.280702381844023]], "ideal": "A", "sampled": "B", "correct": false}}
{"type": "result", "data": {"idx": 1, "options": ["No effect No effect", "No effect Understated", "Understated No effect", "Understated Understated"], "probs": [[0.07501549344494887, 0.13254192530484554, 0.5011260919729996, 0.29131648917719166], [0.07614044764012368, 0.12743589051648938, 0.3417411001799142, 0.4546825615634924], [0.09993692378794844, 0.23748166234646165, 0.1398842315552952, 0.5226971822103095], [0.10070206240257709, 0.209561076261751, 0.3923862730503072, 0.29735058818536253], [0.10630482834190061, 0.36164310390133836, 0.20027326246217586, 0.33177880519457237], [0.0961114218037884, 0.2714266574662607, 0.4246554899239216, 0.20780643070604107], [0.26444867778738734, 0.1085678044996682, 0.26309633085045014, 0.3638871867624916], [0.22305649453993415, 0.09596590014154607, 0.26146078181015636, 0.4195168234083738], [0.2725909114475908, 0.3871877636844242, 0.12312419838854326, 0.21709712637945208], [0.2637055050638709, 0.365794530636, 0.16534439594941933, 0.20515556825070966], [0.26701625857340483, 0.1820941275144901, 0.19733886014714672, 0.3535507536649473], [0.19213899030832793, 0.13945151108951154, 0.45091447401249074, 0.21749502448965197], [0.1985303303935325, 0.26088781010900347, 0.20847849616668918, 0.33210336323077094], [0.18035360233333736, 0.1858915732438928, 0.367796799250637, 0.2659580250721331], [0.26299256747554756, 0.2301900178859271, 0.2067949091853585, 0.30002250535317276], [0.2610079519691964, 0.20810494209730585, 0.27409901778508267, 0.2567880880484298], [0.21759150636923763, 0.173416270371191, 0.30748894137730964, 0.30150328178225505], [0.23454903731370594, 0.18255208182477498, 0.31128546436092974, 0.2716134164005769], [0.20097229273586828, 0.32087282226340985, 0.22644645830919802, 0.2517084265915216], [0.19078973095063811, 0.22642420077953224, 0.3800342427807749, 0.20275182538903747], [0.20096460413836292, 0.29662579287895957, 0.2281507239071682, 0.2742588789755033], [0.21703006815750475, 0.3035731740099549, 0.2503524825153389, 0.22904427521720694], [0.18832331900834798, 0.310125894103463, 0.2833819742205868, 0.218168812567595], [0.19747765544799717, 0.32783136817679426, 0.23497003324956184, 0.23972094302566296]], "ideal": "B", "sampled": "C", "correct": false}}
{"type": "result", "data": {"idx": 2, "options": ["Nonsampling risk arises from the possibility that, when a substantive test is restricted to a sample, conclusions might be different than if the auditor had tested each item in the population.", "Nonsampling risk can arise because an auditor failed to recognize misstatements.", "Sampling risk is derived from the uncertainty in applying audit procedures to specific risks.", "Sampling risk includes the possibility of selecting audit procedures that are not appropriate to achieve the specific objective."], "probs": [[0.19569720087844342, 0.07145311695654478, 0.17138011036880968, 0.5614695716962146], [0.18336258334425082, 0.0644311499934688, 0.16968536898928674, 0.5825208975730138], [0.13807993953550235, 0.10105055483455078, 0.04926342414551882, 0.7116060813844168], [0.28270003973036284, 0.14558307406139084, 0.4661427172123591, 0.1055741688959113], [0.1990525372374392, 0.1316233096304221, 0.066203172286341, 0.603120980745789], [0.27320061910166965, 0.1385192041300459, 0.4946623666467856, 0.09361781002150593], [0.03226492681373837, 0.5799084563103084, 0.1265009691430926, 0.26132564763283145], [0.031834369015616856, 0.5089979291743187, 0.12006880920754386, 0.33909889250250086], [0.0364093470556727, 0.07240226174255428, 0.6976116995106504, 0.19357669159114305], [0.034117200184385965, 0.06469113111428344, 0.22770726871035554, 0.6734843998909646], [0.04052299161118917, 0.07927605842379265, 0.59494081685051, 0.28526013301449327], [0.03402618541384688, 0.06812069398716922, 0.24727641884488305, 0.6505767016540771], [0.07481845385613062, 0.28434600651684655, 0.0665645523599432, 0.5742709871670799], [0.15270533713296292, 0.36322733640096866, 0.3750143940483721, 0.10905293231769932], [0.08702621182816211, 0.05493765355690357, 0.4560663874277195, 0.4019697470872158], [0.10062837139652055, 0.05389958218521227, 0.3351336424579418, 0.5103384038603072], [0.12057146834572821, 0.3199444516717914, 0.44449033193864107, 0.11499374794382795], [0.059378668203571176, 0.24966456971566367, 0.05889311114136399, 0.632063650839373], [0.11788859296126626, 0.25157163728846654, 0.07733487883750058, 0.5532048908127715], [0.21166822671335742, 0.3030101600407672, 0.3861828373711569, 0.0991387757747175], [0.14853421840024053, 0.06005814307670391, 0.39434797362932744, 0.3970596647937487], [0.13495453280891362, 0.05810854680780212, 0.20270636795978939, 0.604230552323484], [0.20655791564530027, 0.2629279605622174, 0.4043292171206915, 0.12618490657178613], [0.09509111355515615, 0.2092770369811361, 0.0568071905080977, 0.6388246588556008]], "ideal": "B", "sampled": "A", "correct": false}}
{"type": "result", "data": {"idx": 3, "options": ["Inspect inventory items that were ordered before the year end but arrived after the year end.", "Test internal control activities that were previously reported to management as inadequate.", "Review the client's cutoff bank statements for several months after the year end.", "Compare the latest available interim financial statements with the statements being audited."], "probs": [[0.021834668384948946, 0.026335631974092406, 0.06666912242464484, 0.8851605771163116], [0.030789805226312885, 0.041439779118456636, 0.6839800598491176, 0.24379035570613583], [0.021647907508824546, 0.03459582546058061, 0.023952730358304204, 0.9198035365722971], [0.056436398216793617, 0.1030677098656387, 0.7317355441105746, 0.10876034770701129], [0.053913153745754075, 0.35973170292936757, 0.08285280550306386, 0.5035023377218341], [0.06201717305571149, 0.4136710143777701, 0.42365083868779757, 0.10066097377870546], [0.0251158426737901, 0.03799943788315545, 0.1314991638213423, 0.8053855555217048], [0.03436059648271012, 0.05707124801024762, 0.47395221835822904, 0.43461593704881546], [0.025214193673748216, 0.05050109486890943, 0.05008952262064867, 0.8741951887367077], [0.05070103691581773, 0.13251136958691762, 0.5933590041418004, 0.22342858925545356], [0.04271139707317973, 0.24945801120979277, 0.10005258646112003, 0.6077780051559013], [0.0530942216071275, 0.34316986135137517, 0.36233471862565214, 0.2414011983158511], [0.03474159080983079, 0.03670425484074253, 0.02601452083871809, 0.9025396334107236], [0.10093990840688616, 0.0927113589935008, 0.7061905315190448, 0.1001582009805769], [0.03256675090598786, 0.027416602408250022, 0.03256067199529113, 0.9074559745904835], [0.09164851398301783, 0.0703407393631599, 0.6821978532746977, 0.15581289327911868], [0.17211575866345308, 0.5344499450249806, 0.19526816224324603, 0.09816613396833859], [0.16820975067173344, 0.5138796484564303, 0.09148907249505232, 0.22642152827676595], [0.3151295857056505, 0.16626591223830373, 0.06357796876126318, 0.45502653319477954], [0.3615605538379904, 0.15701733215903474, 0.40376117058486677, 0.07766094331809101], [0.39511606086311124, 0.12063920810606112, 0.07968597458057683, 0.404558756350257], [0.544024987725902, 0.13044241245223315, 0.13137373182124626, 0.19415886790061251], [0.5185103621855605, 0.2911188584898217, 0.12230385916926259, 0.06806692005539111], [0.40598229664137614, 0.3784617100876062, 0.06843906478722367, 0.1471169283837925]], "ideal": "D", "sampled": "D", "correct": true}}
{"type": "result", "data": {"idx": 4, "options": ["Accounting Standards Updates.", "Emerging Issues Task Force Releases.", "Statements of Financial Accounting Standards.", "Staff Technical Bulletins."], "probs": [[0.7888855819695281, 0.043986303952743694, 0.05338456709744835, 0.11374354688025656], [0.7978858380394993, 0.03954767711193579, 0.03431495957526213, 0.12825152517330915], [0.7499525488806434, 0.04849949782480069, 0.05933621949544341, 0.1422117336991003], [0.7508336657550062, 0.04667884913653677, 0.04379837618755693, 0.15868910882089937], [0.8048871324510974, 0.027214610083891873, 0.04047415924215777, 0.12742409812284652], [0.7949897382863863, 0.02906429964205493, 0.047080625281513244, 0.1288653366900562], [0.08921033994286427, 0.6586866896664211, 0.13394248215684004, 0.11816048813386329], [0.0943893937644907, 0.6550921167494694, 0.06863016265264725, 0.18188832673338332], [0.032986298727490274, 0.047261352583196754, 0.798340089697848, 0.12141225889145975], [0.010142812012837774, 0.008812562211155249, 0.01046366220920201, 0.9705809634668054], [0.0393954666817226, 0.023366517469334006, 0.7608848215262506, 0.17635319422268306], [0.00948281523854518, 0.004957244458877592, 0.012457447987827308, 0.9731024922147599], [0.14778722090979574, 0.46243355030171396, 0.14228862172634982, 0.24749060696214134], [0.13883963033327748, 0.4520155577599037, 0.0962902635833049, 0.31285454822351666], [0.051798571607114145, 0.03168765171728675, 0.7791200472068569, 0.13739372936875896], [0.013641993382890566, 0.006967587999394697, 0.009595262530421233, 0.9697951559872775], [0.0639257979349447, 0.03295144346361936, 0.703321480823323, 0.19980127767810069], [0.01505986605247521, 0.006430119469171602, 0.011104722016907029, 0.9674052923614336], [0.05097356198026314, 0.43338927231983937, 0.13332454579539701, 0.3823126198045252], [0.054171340673550984, 0.48265630029384665, 0.2666875499541254, 0.19648480897848727], [0.02131274038073553, 0.022331649575508178, 0.7863584916639081, 0.16999711827983377], [0.005759936932080816, 0.005325240453249194, 0.014359406141432196, 0.9745554163732515], [0.01648110408255656, 0.033821011841374475, 0.7873578853451817, 0.1623399986308988], [0.005292384135431868, 0.006846874447950763, 0.011735957787550625, 0.9761247835290628]], "ideal": "A", "sampled": "A", "correct": true}}
{"type": "result", "data": {"idx": 5, "options": ["\u2212$3", "\u2212$27", "$3", "$500"], "probs": [[0.0911433308904863, 0.26741067955666337, 0.2760738741409904, 0.3653721153118487], [0.10430938524757717, 0.35519570567009545, 0.33653642820758994, 0.20395848077474424], [0.10932033597637525, 0.36650074255643206, 0.21554440809396516, 0.30863451327322233], [0.10262975775870774, 0.38380117079301385, 0.28087366322665747, 0.2326954081216327], [0.10565556007439784, 0.42057399496606485, 0.2915278641649382, 0.1822425806946112], [0.1228930193042624, 0.48165008545664273, 0.19467247315357494, 0.20078442198551066], [0.11515456431249323, 0.22706726577022524, 0.24365808788219095, 0.4141200819350806], [0.13897809591002502, 0.3056050207861765, 0.3155608120359498, 0.23985607116783517], [0.13379860949841454, 0.3550050565886788, 0.2170200104777676, 0.2941763233351437], [0.13489775916794655, 0.3691334924280205, 0.2921414848530894, 0.2038272634509566], [0.14770038417835954, 0.4949790260811206, 0.17799192036374847, 0.17932866927677618], [0.15314769526858418, 0.48631151243345444, 0.1579494603339995, 0.20259133186396153], [0.09665643233245311, 0.18037842045010297, 0.35030667208019456, 0.3726584750372512], [0.10908144275573557, 0.20361144603132353, 0.27629998657475024, 0.4110071245382018], [0.10044651372971794, 0.38127942732540077, 0.26637487310660296, 0.2518991857382562], [0.10528094111679275, 0.4059298307873974, 0.24831923663498895, 0.24046999136080838], [0.09511848258913007, 0.48607147485085395, 0.1567471747914621, 0.26206286766853937], [0.09781024716177004, 0.4275599569642514, 0.24758355162739057, 0.2270462441465848], [0.10142330682402938, 0.2909823539414154, 0.332428995546312, 0.27516534358825023], [0.12995023337452025, 0.34477138317416844, 0.18605786406675187, 0.33922051928458513], [0.11681529129085327, 0.44716261837525295, 0.17937261435275803, 0.2566494758811127], [0.128985860014028, 0.44267468616391364, 0.16807993282732042, 0.2602595208947407], [0.11890985645692993, 0.2595025946852371, 0.17706605799327546, 0.4445214907645436], [0.11668792960340231, 0.2301166795619591, 0.364806867939564, 0.28838852279507465]], "ideal": "C", "sampled": "D", "correct": false}}
{"type": "result", "data": {"idx": 6, "options": ["Overstated Understated", "Understated Overstated", "Overstated No effect", "No effect No effect"], "probs": [[0.23949968738797653, 0.2890297561619364, 0.20020181122637748, 0.27126874512370275], [0.2571520420384924, 0.28028039626997797, 0.1824660259933369, 0.2801015355981666], [0.24448528357455082, 0.12790327286291114, 0.28839415651757905, 0.33921728694495723], [0.27262829952824014, 0.1393809308168194, 0.25422856696139956, 0.333762202593533], [0.21807075953659855, 0.1039058541813844, 0.3891801937696508, 0.2888431924123672], [0.26011898528192856, 0.1137413985440988, 0.29488554892371593, 0.3312540671502406], [0.27132506723286454, 0.28221160216644237, 0.20330496696719347, 0.24315836353349649], [0.2948804408911125, 0.27717884829802936, 0.1776354697481128, 0.25030524096272394], [0.2933456358904025, 0.14639410237339728, 0.33011463336898694, 0.2301456282672117], [0.32252533196593547, 0.15980545023793546, 0.21010371215980642, 0.30756550553632256], [0.26204464659883375, 0.10508431740348724, 0.3584185090253294, 0.2744525268723488], [0.278687590572337, 0.10667349074879906, 0.3135348029611129, 0.3011041156177662], [0.1483362545123823, 0.20600186140610108, 0.3532247882178572, 0.2924370957636672], [0.13599475857986104, 0.19795035825265792, 0.3162706285890656, 0.34978425447841516], [0.165089539539307, 0.2596303780935192, 0.3334512760853376, 0.24182880618183192], [0.14813583984421005, 0.23848691109073997, 0.24415977859166987, 0.36921747037338964], [0.12371086347520524, 0.12765070444624949, 0.39641250171528897, 0.35222593026328114], [0.12909797168722606, 0.12131717877680019, 0.42017330919143814, 0.32941154024452024], [0.12411396040038782, 0.24683714796127315, 0.30981860829029645, 0.31923028324805414], [0.11146153360939229, 0.24146447047075867, 0.25528780412691027, 0.3917861916929538], [0.11999755892978414, 0.23293464302677397, 0.3287590508341097, 0.3183087471093464], [0.1167512060908999, 0.2303204709977235, 0.3431947442552452, 0.3097335785561312], [0.10142506996777897, 0.14288299499307863, 0.31235092434492334, 0.4433410105942161], [0.11292462312345519, 0.1604145088431284, 0.3268403594079723, 0.39982050852543854]], "ideal": "D", "sampled": "B", "correct": false}}
{"type": "result", "data": {"idx": 7, "options": ["$100", "$104.29", "$96.71", "$97.33"], "probs": [[0.04033683462301449, 0.708847481477001, 0.14292621057827426, 0.10788947322171816], [0.041525695985706844, 0.7131838066610928, 0.13509013888143281, 0.11020035837178634], [0.043465162163515265, 0.6429956003425223, 0.17866761818714572, 0.1348716192068073], [0.04504126325762393, 0.621327554114198, 0.17532413896399807, 0.15830704356419836], [0.04678571938874481, 0.6506380888621905, 0.17935495095147785, 0.12322124069761146], [0.04905229913630139, 0.6356033950611761, 0.17791798143078488, 0.13742632427174686], [0.23183391826163588, 0.15326221720513608, 0.4038458970335842, 0.2110579673996385], [0.2633360271890292, 0.15496163004536792, 0.3546493304275761, 0.22705301223803595], [0.39996042380630675, 0.22964969141416278, 0.16289878635473234, 0.20749109832480148], [0.3242561971917067, 0.21941150862840592, 0.23179451431364806, 0.22453777976625264], [0.41224435971272394, 0.2224673705192101, 0.16279093610349304, 0.2024973335645617], [0.3421421859723442, 0.2124784145426248, 0.22619748952231686, 0.2191819098627159], [0.28362906235713004, 0.17745030512829196, 0.35294378486267886, 0.18597684755190502], [0.2854416249761278, 0.1787363008937918, 0.318583205451655, 0.21723886857839597], [0.41302523048255835, 0.23178773201493677, 0.16305575399490674, 0.19213128340757876], [0.3480228213683325, 0.22481785863865178, 0.2302328037531078, 0.19692651613990378], [0.3757194359565574, 0.19967130566741462, 0.17619974733498392, 0.24840951094105543], [0.39276425900539863, 0.1961057941999979, 0.19757735717521185, 0.21355258951938866], [0.23180312054189828, 0.1763465658421959, 0.406972721894115, 0.1848775916218], [0.2878180066963256, 0.18016405295788993, 0.32632060067316204, 0.2056973395726183], [0.37390834038249077, 0.245350416083111, 0.17259155248947028, 0.208149690944906], [0.3224209627841346, 0.23233762719435003, 0.22698064530474688, 0.21826076461674707], [0.3700937207981519, 0.22105935650682934, 0.1790145426237104, 0.22983237997132266], [0.3661130790714628, 0.20710491140988968, 0.18277997622588749, 0.24400203319276084]], "ideal": "D", "sampled": "B", "correct": false}}
{"type": "result", "data": {"idx": 8, "options": ["It will be reclassified as an asset held for sale.", "It will be classified as a current asset.", "It will no longer be depreciated.", "It will be valued at historical cost."], "probs": [[0.21652383743441142, 0.1685017477930205, 0.3327219575137813, 0.2822524571587752], [0.2102506268500867, 0.17288245810410144, 0.36329847547321265, 0.25356843947261676], [0.1779795430512935, 0.20482610557558178, 0.3623320271398463, 0.2548623241332707], [0.1656246676525198, 0.1861208117772915, 0.3317462519894206, 0.3165082684807575], [0.186661313901108, 0.18378174903776104, 0.3801931517993729, 0.24936378516176824], [0.15838785357105292, 0.13863514981351502, 0.35421586202038813, 0.3487611344950405], [0.2110532419338519, 0.27087962810132643, 0.31192836852910055, 0.2061387613357171], [0.20887719618219544, 0.31590802616013247, 0.3137284819764219, 0.16148629558125377], [0.1677432030679305, 0.12081187432489324, 0.4892162358163911, 0.2222286866907743], [0.13942551835702466, 0.10516547101149164, 0.17343737705059736, 0.5819716334808884], [0.1474174821943161, 0.1147531916300602, 0.5694827811710771, 0.16834654490455242], [0.1547418457665008, 0.11496409665676657, 0.19866963234441637, 0.5316244251323132], [0.20083226719042938, 0.26788618716991486, 0.3336064006136088, 0.19767514492604749], [0.1987651091769052, 0.21313465657847575, 0.38308842862429887, 0.20501180552031806], [0.17877142912566563, 0.1257738996982224, 0.48973393959520045, 0.20572073148092782], [0.1638608762656386, 0.11616506218829165, 0.19924377879730104, 0.5207302826487743], [0.18613337769162455, 0.16174404093010294, 0.4361127548037159, 0.21600982647455827], [0.1563981663891581, 0.16378966528265024, 0.18281337047517962, 0.4969987977530243], [0.18155957678872256, 0.22235569870660882, 0.39346373120392797, 0.2026209932007293], [0.17147968601533028, 0.14317525512184565, 0.3892104244381242, 0.2961346343246911], [0.14643413795610152, 0.12130790594922389, 0.5352575771454784, 0.1970003788491904], [0.1469118499664239, 0.11613049207809843, 0.24030717932033133, 0.4966504785351398], [0.16576758595413496, 0.1631457044766043, 0.38241884660099845, 0.2886678628682353], [0.13087935436763407, 0.13815387394744663, 0.23332448666245953, 0.4976422849224449]], "ideal": "D", "sampled": "A", "correct": false}}
{"type": "result", "data": {"idx": 9, "options": ["$28,000", "$132,000", "$160,000", "$188,000"], "probs": [[0.09617617729313735, 0.3301006755727402, 0.2936254996885557, 0.28009764734555626], [0.08747492346821853, 0.2691746288977631, 0.27549007403253645, 0.36786037350147854], [0.08840986609606402, 0.24781620210423297, 0.3959098273190684, 0.2678641043806263], [0.1095625252934467, 0.24680645901830642, 0.36185786420297167, 0.2817731513852664], [0.08120058202635705, 0.23855592111819449, 0.39937943025875544, 0.2808640664966754], [0.07750610832244438, 0.19470092368738237, 0.3992920130754211, 0.3285009548147416], [0.14797272311177787, 0.36627616030691196, 0.2220414550463644, 0.2637096614349497], [0.1344972361226541, 0.33542256076240917, 0.21993386176860424, 0.31014634124634555], [0.14274406356189454, 0.20441382491621024, 0.37589610217409103, 0.27694600924780355], [0.1807756212954342, 0.24512315625576767, 0.34573750692825306, 0.22836371542053055], [0.10637338734490596, 0.1795388977363728, 0.3459635197176355, 0.36812419510109795], [0.11545907243361239, 0.2041186292461945, 0.44925471577985227, 0.2311675824403201], [0.11286866088327215, 0.304395310157404, 0.3584222246710942, 0.2243138041882352], [0.13366024204723165, 0.3012198398502468, 0.303625520594475, 0.26149439740804503], [0.09649127197905778, 0.4457976872833599, 0.29243874343848675, 0.1652722971990971], [0.11129440143730665, 0.47916549936474123, 0.22476460408350796, 0.18477549501444443], [0.114819062902084, 0.2567037686754463, 0.28847513234190186, 0.34000203598057177], [0.10882421026171925, 0.2470062703039225, 0.39140716316940233, 0.252762356164961], [0.10669332959678213, 0.30613630714095924, 0.35795355647210464, 0.22921680669014882], [0.1141159740022633, 0.31474538462040785, 0.3122665674891056, 0.2588720737881952], [0.09184815249160817, 0.3717353471588697, 0.3279484250156465, 0.20846807523387148], [0.10450813319005019, 0.40952568526863536, 0.28159057729578113, 0.20437560414552122], [0.09595208904744826, 0.35340711349201986, 0.3243002713195084, 0.226340526041003], [0.0978128666639111, 0.3306579612647908, 0.35471866871822444, 0.21681050325308562]], "ideal": "C", "sampled": "B", "correct": false}}
{"type": "result", "data": {"idx": 10, "options": ["$100", "$2", "$500", "$200"], "probs": [[0.20397432777701016, 0.23291182091977192, 0.2497932967836385, 0.3133205544195822], [0.18662458438842366, 0.2232701987946503, 0.33520536915032223, 0.2548998475665967], [0.20421207366261862, 0.23681477034203882, 0.1718480193583838, 0.3871251365369649], [0.28083097209214514, 0.30350958819204227, 0.27001609541329963, 0.1456433442024846], [0.2877559155072981, 0.31092742289981845, 0.18422628610346808, 0.21709037538942114], [0.29031972723443966, 0.28122342328833255, 0.27903708686597456, 0.14941976251125147], [0.12764148196104405, 0.36630584318623466, 0.26394472907233807, 0.242107945680394], [0.11529410024526744, 0.3130487565277871, 0.3180354422480727, 0.25362170087887437], [0.1499229140755861, 0.23215567297992878, 0.3222210088227603, 0.2957004040217181], [0.12741073104881406, 0.1768881218414804, 0.4445173005662329, 0.2511838464434643], [0.12681701952686417, 0.19782277160681397, 0.45287075014855954, 0.22248945861775402], [0.14552809842385753, 0.28031181728747656, 0.4080689894329634, 0.16609109475570433], [0.16151571105604473, 0.294737544777987, 0.1993951365154113, 0.3443516075505577], [0.20040840889246567, 0.33523056215345426, 0.33806519850995725, 0.12629583034411163], [0.15640832217975736, 0.18132646252431142, 0.3748421098935812, 0.28742310530235166], [0.13828708535724996, 0.17213115729484002, 0.4293461040205244, 0.2602356532273875], [0.16192148801563222, 0.32949289691988737, 0.3824605476607979, 0.1261250673036931], [0.14390862525138623, 0.35586711545160243, 0.19352583462205805, 0.3066984245749414], [0.17846055164840532, 0.43101596623123883, 0.20213408234821043, 0.1883893996721343], [0.1847298620248942, 0.4290676131788282, 0.2706922434614924, 0.11551028123479173], [0.12923545684740906, 0.14631721270660422, 0.5479615980564891, 0.17648573228951417], [0.17046621128598535, 0.20709270581676717, 0.393139028915616, 0.22930205388163497], [0.24112321006305565, 0.4002381225583083, 0.20778461584799082, 0.15085405143064934], [0.17951883435453636, 0.30771006080694724, 0.1879973001092557, 0.3247738046292599]], "ideal": "D", "sampled": "A", "correct": false}}
{"type": "result", "data": {"idx": 11, "options": ["$0", "$15,000", "$20,000", "$40,000"], "probs": [[0.03656693965712658, 0.24195214073950094, 0.15871889360224656, 0.5627620259011358], [0.03584475465121017, 0.1905201213999467, 0.6598800851471094, 0.1137550387017478], [0.03541377797364773, 0.22710575102144576, 0.1623123839617348, 0.575168086943151], [0.037469831318659434, 0.19750936168684236, 0.6633571312798213, 0.1016636756146875], [0.04599855225841886, 0.5682930341156741, 0.2464455100356005, 0.13926290349030238], [0.04946186256963686, 0.6162874328835438, 0.20805524586982946, 0.12619545857698383], [0.12978499914019787, 0.10509188567977754, 0.20580602044174373, 0.5593170946382993], [0.1137014596613162, 0.10759417922672863, 0.5957274545941649, 0.182976906417795], [0.1572294311037786, 0.20656842368210585, 0.1522952695934497, 0.4839068755206689], [0.1317046131707615, 0.17995899390261527, 0.5084639408241113, 0.17987245200251664], [0.19395337535346127, 0.40402335828792224, 0.21126922752945534, 0.19075403872916122], [0.18725190694040875, 0.36642321387824, 0.20406852915160315, 0.24225634992974662], [0.16404580288435736, 0.10346253936161713, 0.20730772717738566, 0.5251839304766434], [0.11871678035542266, 0.09311479957955299, 0.656886660516343, 0.13128175944869108], [0.19479328572821963, 0.20096644755428217, 0.15525009636934428, 0.4489901702481496], [0.1845433162402288, 0.18447513207050184, 0.4392462358799803, 0.19173531570929425], [0.23975806618445833, 0.41390432527389626, 0.1940590106884787, 0.1522785977531486], [0.2243173205915222, 0.3696049229037912, 0.16932194157655547, 0.23675581482812183], [0.351981835965769, 0.13893580687060467, 0.28718962700043554, 0.22189273006319957], [0.42533022739940807, 0.13919128098509753, 0.2423005338276754, 0.19317795768782628], [0.40907537782363784, 0.2703309117717042, 0.1578276719561311, 0.16276603834851713], [0.36360320312665617, 0.2620048878275722, 0.17042378801479732, 0.20396812093097846], [0.4548009203076433, 0.2416105750248866, 0.1547637524142074, 0.14882475215326688], [0.3885230376209872, 0.21800444232873448, 0.16332528723913742, 0.23014723271113785]], "ideal": "B", "sampled": "D", "correct": false}}
{"type": "result", "data": {"idx": 12, "options": ["Engagement performance.", "Risk analysis.", "Safeguarding of assets.", "Information processing."], "probs": [[0.5538221835211611, 0.2519433816036977, 0.11253556411995097, 0.08169887065517478], [0.5600940053025706, 0.2526325475243676, 0.05632222330191182, 0.13095122377116344], [0.6679010485222365, 0.07443272935591118, 0.1637242834287395, 0.0939419385931378], [0.6338279513994309, 0.07638717714091894, 0.04739211029337205, 0.24239276106629193], [0.5740756147392462, 0.05305212859034122, 0.1805878809124658, 0.19228437565795764], [0.5546780496120025, 0.05008587925131948, 0.07930867346905945, 0.3159273975675967], [0.6535922274803275, 0.1616505376297789, 0.09419648573129343, 0.09056074905857792], [0.6480751017154381, 0.16664406901635676, 0.0451689050397105, 0.14011192412850548], [0.5928073986716282, 0.06357269526690705, 0.25123662881931436, 0.09238327714214221], [0.43137929398437536, 0.05078866845737316, 0.029144492012065804, 0.488687545446198], [0.47227722425206187, 0.03976376933728288, 0.3001510541478632, 0.18780795216277357], [0.36289895222504576, 0.02653341384189824, 0.04436267481985248, 0.5662049590131971], [0.26265912629955684, 0.248913253078494, 0.38230128827682913, 0.10612633224513324], [0.21475471504991175, 0.24740194868286827, 0.06154928197442405, 0.4762940541927883], [0.22552128921547596, 0.1946163972135535, 0.4664522291183261, 0.11341008435264634], [0.14698889595097456, 0.14035348713385395, 0.04377874992722861, 0.6688788668879467], [0.1092696762043312, 0.025987632926839588, 0.41228162088401427, 0.45246106988481444], [0.11166666943634022, 0.021844867886986516, 0.07321567371369574, 0.7932727888630031], [0.05380877273082143, 0.2754773243241496, 0.4646147742650908, 0.20609912857994592], [0.05133024295327171, 0.35075385855231234, 0.18182282047290246, 0.41609307792150596], [0.04754034178001455, 0.08542300770766974, 0.6558136565324739, 0.21122299387984989], [0.03146371111267187, 0.0991844242320238, 0.08347432006410958, 0.7858775444912145], [0.02854486013584872, 0.027448954863661473, 0.5770838666489717, 0.3669223182515114], [0.02622015496887184, 0.025032504247961208, 0.14618867100851715, 0.8025586696746625]], "ideal": "A", "sampled": "A", "correct": true}}
{"type": "result", "data": {"idx": 13, "options": ["$18,000", "$22,500", "$25,000", "$40,500"], "probs": [[0.08843182910369761, 0.3385754888294615, 0.27870194279072497, 0.29429073917612797], [0.08275258789508556, 0.32954742145733634, 0.3122063589464641, 0.27549363160111445], [0.09317706900934014, 0.23969990381122905, 0.37124547416619835, 0.29587755291320905], [0.07169708022823423, 0.18159104981090768, 0.47435915467559336, 0.27235271518525267], [0.088711391003347, 0.31423769804692164, 0.36169088862785054, 0.23536002222185512], [0.09078833368157359, 0.31912768104119754, 0.3396884077521791, 0.2503955774250243], [0.12364993342599295, 0.28508194326631425, 0.23094601447933494, 0.36032210872836506], [0.1029211940224064, 0.22822835563148092, 0.3618404427914717, 0.3070100074546542], [0.11919666535550985, 0.21238543754201228, 0.34206588446707437, 0.3263520125354145], [0.10042416493570872, 0.19208038689646445, 0.425890928119953, 0.28160451994788355], [0.11407799978161895, 0.2413635728259163, 0.3856344332184782, 0.25892399407397465], [0.11304784924837159, 0.23918000764958647, 0.37905509017111655, 0.26871705283090974], [0.07837111226465938, 0.2450312620158643, 0.3856479767981509, 0.2909496488213235], [0.06839602115532423, 0.21714679872289835, 0.39615134534194246, 0.3183058346798298], [0.08424223589129341, 0.27607107097366085, 0.36585594664001947, 0.27383074639503047], [0.07935029192147833, 0.3159292406467155, 0.2788084472548094, 0.3259120200769853], [0.07127556962776378, 0.30223466415016675, 0.3533776299544394, 0.27311213616761554], [0.06979563818132388, 0.302892399071039, 0.3598907657489758, 0.26742119689867405], [0.10683545111450235, 0.3041121603747436, 0.34472479827428576, 0.2443275901364796], [0.11461323037883016, 0.34182319338578937, 0.26019330430490606, 0.28337027183046487], [0.10653533930352728, 0.3104812153250945, 0.37457213887639684, 0.2084113063949874], [0.11277092329604588, 0.37551025075377575, 0.23498137447408937, 0.2767374513760909], [0.10466886008707321, 0.22672524027008042, 0.4138080030204333, 0.2547978965223958], [0.10459314014174474, 0.26677201764616026, 0.34014037843327605, 0.28849446367881726]], "ideal": "B", "sampled": "D", "correct": false}}
{"type": "result", "data": {"idx": 14, "options": ["$100 billion", "$80 billion", "$20 billion", "$10 billion"], "probs": [[0.2361229611074509, 0.2915889213683212, 0.24167651815112356, 0.23061159927311586], [0.22962611916530118, 0.2903351765773822, 0.19190048468924265, 0.288138219468088], [0.20802219613311046, 0.21973696535148612, 0.317324761747941, 0.25491607666747806], [0.2286996680870726, 0.2251525931069783, 0.2002563087521712, 0.3458914299537744], [0.1989797110150447, 0.19896945996931986, 0.2740550323539817, 0.32799579656166306], [0.19812707337740673, 0.19653618243811052, 0.1891024089661795, 0.41623433511830804], [0.24192806509827863, 0.2872614257688904, 0.23634675869591693, 0.2344637503369025], [0.22513217696877263, 0.28231040800385815, 0.17260565097826325, 0.3199517639491077], [0.23960102538204242, 0.2180792784265657, 0.29124019901466336, 0.25107949707671773], [0.27522210690805105, 0.24284494282299524, 0.20450860864982606, 0.27742434151912937], [0.2218798786417768, 0.19424972510023522, 0.2533384458080342, 0.33053195034993793], [0.23001591648257727, 0.2094789513779217, 0.26280782795720625, 0.2976973040822968], [0.17153237503732893, 0.23091612879995144, 0.2941635820043308, 0.3033879140583794], [0.16588901075313722, 0.21292600707905493, 0.2755445716831599, 0.34564041038465126], [0.16943253010382683, 0.2426154437524099, 0.3317825043755405, 0.25616952166822815], [0.17682537925374459, 0.24350497986447633, 0.2717817104766923, 0.30788793030511946], [0.19519497610865189, 0.24100261923790756, 0.22651264345328578, 0.33728976110016406], [0.17896245444586464, 0.22085805900103295, 0.31663156646739765, 0.28354791998570195], [0.14401035512205115, 0.19373680184279582, 0.30024221269612145, 0.3620106302390302], [0.15173166847415892, 0.21062405061954365, 0.28780672330447826, 0.3498375575018106], [0.1426840603371228, 0.23335612937628994, 0.2973534625162758, 0.32660634767029717], [0.14657940535422884, 0.23979586785998588, 0.33544679468380595, 0.27817793200197555], [0.16713347775542925, 0.24314007049094563, 0.2548078046301635, 0.33491864702344726], [0.13655527077961643, 0.2033917218340032, 0.3569599659533759, 0.3030930413329959]], "ideal": "C", "sampled": "B", "correct": false}}
{"type": "result", "data": {"idx": 15, "options": ["Receivable confirmations received from the client\u2019s customers.", "Prenumbered receiving reports completed by the client\u2019s employees.", "Prior months\u2019 bank statements obtained from the client.", "Municipal property tax bills prepared in the client\u2019s name."], "probs": [[0.1271877383549422, 0.2529223874651785, 0.3377169145352668, 0.2821729595446339], [0.13933318407531234, 0.2948018951320324, 0.24449090240401067, 0.32137401828864853], [0.09516490264434672, 0.15574070655273362, 0.4984338693774486, 0.2506605213254737], [0.04976597374038499, 0.10130634286931012, 0.10048041342908476, 0.7484472698612288], [0.1114934527685305, 0.1409574937104439, 0.5116162205590615, 0.23593283286197858], [0.06887686882727471, 0.11806311874769217, 0.19003966425402197, 0.6230203480709997], [0.2076534649032592, 0.1439316477165244, 0.35322554609838513, 0.29518934118183887], [0.21796440220712263, 0.15704224393472216, 0.21798490701156317, 0.4070084467465881], [0.1988572346568231, 0.28061952592006023, 0.16878734893636224, 0.35173589038676056], [0.1838269879165372, 0.2455184165744318, 0.26761552225427043, 0.3030390731547692], [0.2041526426570819, 0.19960066798130888, 0.20587462480094199, 0.39037206446066003], [0.17517047024197913, 0.16461871881013043, 0.3826225239706258, 0.27758828687726406], [0.15093410353728634, 0.15101038802501884, 0.4332010114889927, 0.2648544968487145], [0.07636182334773638, 0.10768160613511911, 0.09725391551438473, 0.7187026549027749], [0.19588208303791965, 0.28953949988614797, 0.15147889794379937, 0.3630995190321145], [0.18464622145894893, 0.27288495202791746, 0.256468743461732, 0.2860000829513892], [0.07740838331486952, 0.12279005599367065, 0.11529744561850319, 0.6845041149729668], [0.13092709834907484, 0.17084392279589036, 0.48250688296449207, 0.215722095790536], [0.12262402565703362, 0.1491035966627293, 0.4178815198187182, 0.31039085776150327], [0.07592337784502516, 0.12132360610599222, 0.19678284647003674, 0.6059701694789339], [0.1387222513166219, 0.32754860110964074, 0.15103099687505583, 0.3826981505986997], [0.1353305144655187, 0.2547329764691364, 0.3649972869592966, 0.24493922200605564], [0.06801236863125919, 0.1395721906505741, 0.11121378436556213, 0.6812016562525972], [0.11809602111309377, 0.2055841551561159, 0.4523851479485545, 0.22393467568222197]], "ideal": "B", "sampled": "B", "correct": true}}
{"type": "result", "data": {"idx": 16, "options": ["$10,000", "$25,000", "$44,000", "59000"], "probs": [[0.12639275997161012, 0.20844700286932896, 0.524166918506949, 0.14099331855212632], [0.0823643260570537, 0.21521822126578313, 0.1662744215062403, 0.5361430310709009], [0.1775899447273547, 0.47129382445984164, 0.19811659451687466, 0.15299963619593943], [0.15450926040078572, 0.4466642565704877, 0.16703612309432012, 0.23179035983438848], [0.0829676753412843, 0.22703219353191784, 0.17422155904541425, 0.5157785719814099], [0.10278331241614937, 0.22430226474149595, 0.4940695424731493, 0.17884488026921683], [0.24358559875799243, 0.13999149322732388, 0.46988779084696486, 0.14653511706771902], [0.16811202826202565, 0.12490899441346386, 0.1518952759909513, 0.555083701233571], [0.23842767401158618, 0.4665974414838529, 0.14467529023527936, 0.1502995941692983], [0.21569037874196534, 0.43876740449282065, 0.1667736296725716, 0.17876858699264936], [0.1682631235455041, 0.20289069322728948, 0.1644288613302266, 0.4644173217969794], [0.12863643470772304, 0.14563284547295993, 0.5719315108154049, 0.15379920890392315], [0.5729816902537677, 0.15922185786798382, 0.14387610896040762, 0.12392034281786773], [0.5664686801059099, 0.1610871409058765, 0.11515290510706513, 0.15729127378115457], [0.5555021747401834, 0.1906443370121642, 0.1373362704005322, 0.11651721774711742], [0.5181267495072879, 0.19529973144751145, 0.12224460459248505, 0.1643289143527148], [0.5389541894502503, 0.15934520812615408, 0.13217290024072761, 0.16952770208288567], [0.5000145454600312, 0.1479073303022946, 0.1562540685542913, 0.19582405558336924], [0.15559845180851498, 0.11938016692268404, 0.17778463395706673, 0.5472367472117293], [0.18610164608252136, 0.1393416358258867, 0.49425757601158626, 0.18029914198000785], [0.18497099626454477, 0.15450672221882492, 0.16583068884851682, 0.4946915925681131], [0.15938811932673186, 0.1395304246986043, 0.5391692716016594, 0.16191218427297893], [0.20287532393049343, 0.45354873621877445, 0.15445591764443173, 0.18912002210630052], [0.19531935508991927, 0.4132569947931372, 0.18352093679732762, 0.2079027132196075]], "ideal": "C", "sampled": "C", "correct": true}}
