{"type": "result", "data": {"idx": 0, "options": ["5 permanent members with veto power, 10 rotating members with no veto power", "5 permanent members and 10 rotating members, all with veto power", "10 permanent members with veto power, and 5 rotating members without veto power", "15 permanent members with veto power"], "probs": [[0.7668302561384814, 0.07604371424835218, 0.11771317536443758, 0.03941285414871144], [0.6903283053776674, 0.08316536421472132, 0.08511375423254158, 0.14139257607506187], [0.7535103496266774, 0.12503737646928817, 0.07583887068716307, 0.04561340311687963], [0.6911274287048053, 0.1329792185051746, 0.07940600433101648, 0.09648734835902614], [0.6706046445983346, 0.07771252886971537, 0.1342094178074133, 0.1174734086245504], [0.6096321416180925, 0.08195487743971953, 0.21916927016846985, 0.08924371067371452], [0.8743964453209244, 0.052172462710918514, 0.05424270391437701, 0.01918838795377176], [0.8295530063329241, 0.06352121981769698, 0.04867494686333716, 0.05825082688606384], [0.8632283972250906, 0.055265723242320756, 0.06211621231912261, 0.019389667113441495], [0.8268602676740879, 0.05766202412252706, 0.047034460096065975, 0.0684432480073196], [0.7014235406629591, 0.057159264021890685, 0.15293402806459216, 0.08848316715057711], [0.7577877589445678, 0.04925124589229496, 0.12568284320409204, 0.06727815185905864], [0.9001238045840709, 0.04084213398922368, 0.03718919588566866, 0.021844865441056037], [0.8799424551130723, 0.04419292763490379, 0.037207933025957464, 0.03865668412608275], [0.8665811573095444, 0.037241777011409787, 0.0746316264965313, 0.021545439082504607], [0.8472188916671991, 0.03725517070042549, 0.04599072288093736, 0.06953521465146101], [0.8495856194299013, 0.041358375427713194, 0.06608646942398656, 0.042969535618421886], [0.8207962027368358, 0.041875520840072004, 0.055437733242103604, 0.08189054308100775], [0.5060286014664565, 0.34791755693166904, 0.07642862115961474, 0.06962522034223691], [0.5220536229146467, 0.28844055569607774, 0.1427986919980024, 0.04670712929128047], [0.5911293351769571, 0.20446054944001824, 0.11649717966974987, 0.08791293561325768], [0.6117481473256097, 0.20180221771422616, 0.0968749563943263, 0.08957467846581477], [0.6219340226110457, 0.2677017911685542, 0.06768723497340151, 0.04267695114699339], [0.5064114667762414, 0.34806263645800833, 0.05818480053586138, 0.08734109612989026]], "ideal": "A", "sampled": "C", "correct": false}}
{"type": "result", "data": {"idx": 1, "options": ["It allowed the US to intensify its involvement in Vietnam", "It illustrated the influence of public opinion on US foreign policy", "It enhanced Congressional control over the Vietnam War", "It curtailed US involvement in Vietnam"], "probs": [[0.8230814224810313, 0.051069583681240205, 0.08219289633173793, 0.04365609740597474], [0.8501717581843838, 0.051906093356384776, 0.02649244887318536, 0.07142969948606079], [0.8438704885881974, 0.054425770911989274, 0.054816596929711386, 0.04688714347011766], [0.8777121467098101, 0.04175554829643841, 0.02305743599516683, 0.0574748688985609], [0.8462357606842097, 0.025790313866730114, 0.04150657410784927, 0.08646735124122835], [0.8315232299827815, 0.023077520106738112, 0.03802069305621447, 0.10737855675425437], [0.034250967516308704, 0.8354344393153177, 0.07474797038569973, 0.05556662268266906], [0.030919174417229866, 0.8678399782407579, 0.0378746606638482, 0.06336618657814122], [0.04269000622611285, 0.044352057276215696, 0.836348618298061, 0.07660931809961201], [0.024235288125653714, 0.19198392010507911, 0.03666081464096228, 0.7471199770282873], [0.048686832043268215, 0.030696857540007855, 0.7610903468492678, 0.1595259634674645], [0.021919872166956966, 0.015913405398136564, 0.045665873799425556, 0.9165008485354732], [0.0836789803973467, 0.8121798119042514, 0.057943643326962065, 0.04619756427142843], [0.05599410729602103, 0.8544813252566114, 0.03612783044157369, 0.053396736905778654], [0.07223162686246389, 0.033604575841474776, 0.8258505283759328, 0.06831326882011769], [0.08053812462239009, 0.04808827688244285, 0.038942141455428604, 0.8324314569397563], [0.09800724231858028, 0.026392455771215653, 0.7528131287232239, 0.12278717308699985], [0.04998136055215335, 0.013663441689062895, 0.023237887265253325, 0.9131173103935407], [0.028453461098831463, 0.7856243802330604, 0.05969550123157358, 0.12622665733652472], [0.025164477721246473, 0.775142122839812, 0.05845370551494451, 0.14123969382398333], [0.028323762616107643, 0.03866654854900834, 0.7583954582501702, 0.1746142304846993], [0.009192238088470367, 0.016120876597348916, 0.031062874538329743, 0.9436240106758697], [0.03243498113780318, 0.038802585893588315, 0.7550813930967596, 0.17368103977186608], [0.0072301435124513735, 0.010265494722055882, 0.014591253198776962, 0.9679131084667045]], "ideal": "A", "sampled": "A", "correct": true}}
{"type": "result", "data": {"idx": 2, "options": ["Terrorists", "Organized crime", "Drug traffickers", "China"], "probs": [[0.08919536085969222, 0.18287003760177065, 0.16906950137254131, 0.5588651000660085], [0.09366090047287269, 0.1951264984974379, 0.5019868171251914, 0.20922578380450021], [0.08156034964027398, 0.0868012605571417, 0.15470261877067717, 0.6769357709318845], [0.08785007062825911, 0.09345406206780024, 0.44922060808936226, 0.3694752591145705], [0.09460296449553508, 0.42670104764717476, 0.29793718626045723, 0.18075880149683907], [0.09349472438926637, 0.41860853252480984, 0.2089108582547077, 0.27898588473121166], [0.10732402808668091, 0.0947056111989708, 0.12542466971262628, 0.6725456909017041], [0.13348549226479284, 0.11959468900335772, 0.5270788391387575, 0.21984097949307083], [0.11473847204212015, 0.09513326621553354, 0.1405019480101748, 0.6496263136321457], [0.12310805448792662, 0.09293467065487165, 0.5778768251356071, 0.2060804496216022], [0.11910138715097623, 0.5171100268123737, 0.17046329269556496, 0.1933252932410974], [0.12622614433512833, 0.47584783205649783, 0.21437407720399274, 0.18355194630438698], [0.09913445007795002, 0.08958222294213232, 0.16990302368695312, 0.6413803031929871], [0.10581965678164124, 0.09938483872627052, 0.4314872932592155, 0.3633082111328854], [0.12477699109577457, 0.14931631265044987, 0.1446027318742638, 0.5813039642795259], [0.12828629273234185, 0.1302656022482788, 0.5396786947366012, 0.2017694101827802], [0.10562767774981023, 0.35985475418822965, 0.16607109221159932, 0.36844647575036], [0.11494293152303585, 0.4104957916393889, 0.2775822175156429, 0.19697905922194386], [0.22362699886969456, 0.13990760230260313, 0.36258163234188867, 0.27388376638581263], [0.22068529717094942, 0.1413571216375001, 0.22582544341517888, 0.41213213767635615], [0.2638340716802971, 0.2577100144715554, 0.2168510255886637, 0.2616048881595065], [0.2813137991745974, 0.22796961814411357, 0.24432748931583687, 0.24638909326544067], [0.19276997251133743, 0.1501511769717442, 0.20196267786313254, 0.45511617255377285], [0.24671948295998303, 0.14968684265682167, 0.35889348451318204, 0.24470018977001878]], "ideal": "D", "sampled": "D", "correct": true}}
{"type": "result", "data": {"idx": 3, "options": ["Richard Nixon", "George H. W. Bush", "Jimmy Carter", "Ronald Reagan"], "probs": [[0.2713371741260145, 0.030954232025797713, 0.5267048935795745, 0.17100370016859423], [0.4437269568558454, 0.031170791087699823, 0.10535987871941838, 0.4197423732370318], [0.5553647476692549, 0.18615993953956717, 0.08789120471974869, 0.17058410797143267], [0.6361733953414639, 0.18523051045206013, 0.06808690632892782, 0.11050918777754005], [0.3403288315273496, 0.027518053538573534, 0.08469837729675474, 0.5474547375372971], [0.379579627650402, 0.03399201598964662, 0.4332068462417529, 0.1532215100182079], [0.014791507283152688, 0.6519587588143089, 0.23633432873390023, 0.0969154050686216], [0.014533043825025127, 0.8034680736344546, 0.07659080046019608, 0.10540808198031765], [0.008567747628350128, 0.02099172368444924, 0.8848547140142984, 0.0855858145729134], [0.018166117757927626, 0.2482070686214571, 0.19189028544002823, 0.5417365280805766], [0.008489538006665399, 0.015445325546275274, 0.8166263723323604, 0.15943876401470264], [0.01043987320395307, 0.022408308893957517, 0.6858219482055917, 0.2813298695965171], [0.025487676414496552, 0.8552968166627244, 0.05220500181916366, 0.06701050500360525], [0.025595726837895648, 0.8793035346134181, 0.048108156179351186, 0.046992582269323145], [0.011640305636147496, 0.009259019691898534, 0.885712463091321, 0.09338821148061453], [0.015892636557542007, 0.011696465110724334, 0.11359777315532643, 0.8588131250764199], [0.015601910710877137, 0.013961614944074592, 0.8759283093982002, 0.09450816484686043], [0.012737564382940188, 0.008210272318493549, 0.03824410080916366, 0.9408080623894153], [0.016157264436342154, 0.5591106213170712, 0.11366778307221456, 0.3110643310743559], [0.0141640651543681, 0.4326397884605009, 0.4429666337568904, 0.11022951252823616], [0.007499406968121311, 0.008876956129951106, 0.8428504768414969, 0.14077315996041145], [0.008380858627899503, 0.011706004738749668, 0.3418318165496174, 0.6380813199837124], [0.009946314419614835, 0.020047642373844588, 0.8926119153917204, 0.07739412771483196], [0.011089042710840881, 0.05708359249122597, 0.07387286336084563, 0.857954501337075]], "ideal": "A", "sampled": "A", "correct": true}}
{"type": "result", "data": {"idx": 4, "options": ["on nuclear weapons signed between the United States and the Soviet Union.", "cutting conventional arms in Europe.", "to be rejected by the U.S. Senate.", "mandating the elimination of many long-range nuclear missiles."], "probs": [[0.15335637846696257, 0.03347360141173933, 0.010451142347950708, 0.8027188776733456], [0.3733207174898181, 0.03801099797148544, 0.5267219895311724, 0.06194629490750914], [0.09885338709882892, 0.01505369730027278, 0.013288641308467427, 0.8728042741924351], [0.41177666141980007, 0.02355029510795574, 0.5212299065732671, 0.043443136798980514], [0.7677000523914969, 0.20716852502860356, 0.01198825039764764, 0.013143172082255159], [0.8002727393298672, 0.18048482766023421, 0.010526513416581998, 0.008715919493320812], [0.009320984430257575, 0.034313182021636926, 0.008216011132597976, 0.9481498223155055], [0.025274199077251418, 0.05309337662563773, 0.8611053263809908, 0.06052709781612551], [0.009339960210855829, 0.011805937619454952, 0.21546688444978226, 0.7633872176199136], [0.011362035195918928, 0.014157319844044357, 0.8386163882543588, 0.13586425660567983], [0.03186396613784022, 0.452622841314651, 0.45611240510809875, 0.059400787339408005], [0.02517957091107719, 0.5582279514258934, 0.017558455554256485, 0.3990340220087579], [0.007787474900811227, 0.018224669391331424, 0.010878546141383411, 0.9631093094664516], [0.03921064243859043, 0.048096827321556145, 0.8770169080759177, 0.035675622063942806], [0.008506854311035166, 0.022906265435432376, 0.31086098580973637, 0.6577258943437833], [0.007904535786519272, 0.023951811388167828, 0.7970853885853078, 0.1710582641400201], [0.04568515207656575, 0.22656111383357722, 0.6910701100687919, 0.0366836239210409], [0.020007022160133538, 0.26096262037298396, 0.03192288020396712, 0.6871074771629049], [0.8560977316776756, 0.1152528736852679, 0.012444298239272972, 0.01620509629780145], [0.8699560528878673, 0.1050326985695569, 0.012071840783282033, 0.012939407659284497], [0.7012010311219028, 0.02688917784456124, 0.2349897321550121, 0.036920058778543915], [0.7661364264816551, 0.028874028883183356, 0.012702369303290452, 0.1922871752318521], [0.787866388405878, 0.02623758030252864, 0.16150989208631394, 0.024386139105295485], [0.8026964365116505, 0.02196442999586914, 0.016045037570934857, 0.15929409582153953]], "ideal": "D", "sampled": "D", "correct": true}}
{"type": "result", "data": {"idx": 5, "options": ["It ended the influence of American exceptionalism entirely", "Exceptionalism was enhanced by America's status as the 'leader of the free world'", "The extension of American power globally challenged core assumptions of exceptionalism", "Both b and c"], "probs": [[0.008604584784058065, 0.024477103042002762, 0.13124393679480403, 0.8356743752791428], [0.009448246579189634, 0.05224901104801354, 0.056030479716888626, 0.8822722625558884], [0.012822538269283456, 0.11506631410185711, 0.15122613066150495, 0.7208850168673715], [0.01766444696064348, 0.31514345495379054, 0.37135273389162793, 0.2958393640939538], [0.013744265671945343, 0.018068772403645676, 0.6460892563382546, 0.32209770548616234], [0.0121869895382325, 0.015891238417046465, 0.7239393593746811, 0.24798241257005757], [0.02834351910880113, 0.02312771305472886, 0.3760163894127411, 0.5725123783237109], [0.019229475136121235, 0.010053273383503543, 0.01644329006063642, 0.95427396131974], [0.11483679531148704, 0.3944625013045909, 0.0808354931201095, 0.4098652101638162], [0.11835504246921898, 0.19528816814732508, 0.5786701037746499, 0.10768668550882099], [0.05334624482482979, 0.03906868396888636, 0.02705214526784862, 0.8805329258384204], [0.04351651301032572, 0.04025823975601498, 0.814361624504225, 0.10186362262944387], [0.27234101394048177, 0.05329475730307489, 0.2993232506081338, 0.37504097804830977], [0.4606064536560433, 0.049420389622758236, 0.11127212391696788, 0.3787010327042136], [0.3572348274538945, 0.2763589550761589, 0.07923164487517337, 0.2871745724947821], [0.309931131629488, 0.11248487506132118, 0.4807894645384301, 0.09679452867075913], [0.5199924283768705, 0.16000999369501895, 0.06268240548378885, 0.25731517234432966], [0.47795710148772524, 0.13394397506120717, 0.29249958750385446, 0.09559933584721242], [0.03094615181841779, 0.021780893821962945, 0.7488819223883232, 0.1983910318712775], [0.02570278002421404, 0.02018145004127741, 0.7801505378614926, 0.17396523197300454], [0.03473045740142051, 0.15933522822399235, 0.046720486014550824, 0.7592138282600387], [0.05217061873902223, 0.1462563543911037, 0.6920478912050719, 0.10952513556480285], [0.08507280623888809, 0.5501974897069634, 0.08377956952139283, 0.2809501344327699], [0.09468119936584644, 0.5699949182483693, 0.21665951666171687, 0.11866436562404774]], "ideal": "D", "sampled": "C", "correct": false}}
{"type": "result", "data": {"idx": 6, "options": ["He believed that internal reform rather than international negotiation was the key to economic regeneration of the US", "He believed that German domination of Europe would be in US interests", "He always favoured isolationism", "All of the above"], "probs": [[0.3029093508176098, 0.08026334800820771, 0.11409982941133036, 0.5027274716628447], [0.5018253104290354, 0.07952040028951438, 0.25449580012719275, 0.16415848905425215], [0.26972625208613366, 0.06976176586085157, 0.11600222376915229, 0.5445097581838924], [0.5657316148031706, 0.0984028780996483, 0.19730069948103576, 0.13856480751614805], [0.5939948579886458, 0.11425383887169756, 0.07851691515470972, 0.21323438788496116], [0.6001005277587207, 0.1616390040144849, 0.09354380589374497, 0.1447166622330389], [0.07810524823963624, 0.2786612572593736, 0.1228098916832794, 0.5204236027176906], [0.11645319166948168, 0.39046584897049563, 0.3238677575431945, 0.1692132017168193], [0.06343504520103102, 0.06291850870169333, 0.35103071856813817, 0.522615727429137], [0.0956139242070977, 0.20069301521624489, 0.15876940906104478, 0.544923651415588], [0.05417430936785021, 0.05675374891846636, 0.659617557286678, 0.22945438432701964], [0.16126667114759385, 0.12759338150575136, 0.25569113178416053, 0.45544881546251903], [0.04417808573943041, 0.336461754507426, 0.11821285733319598, 0.5011473023199396], [0.06674142131812108, 0.5896363864013174, 0.23287450930985787, 0.11074768287070025], [0.035622137952796916, 0.04498042401326856, 0.3540002137743077, 0.5653972241596511], [0.06364950371113176, 0.09555772250674596, 0.16249558517880988, 0.6782971885032879], [0.020423666751356786, 0.03842823705473297, 0.8539635787490816, 0.08718451734481952], [0.03919279378124483, 0.06554087441220559, 0.13355673933179243, 0.7617095923747537], [0.10289343921685762, 0.6105951973409025, 0.09296243800835745, 0.1935489253339025], [0.09920446360338872, 0.6720676520487083, 0.10638933073697436, 0.12233855351095338], [0.0927206572036383, 0.05536122997856884, 0.4856047211150719, 0.3663133916027169], [0.1420228461184402, 0.08158766092053642, 0.2847794115872485, 0.491610081273793], [0.04708285098179504, 0.05251191211909297, 0.7901438798142281, 0.11026135698490526], [0.08691376550502425, 0.07318619748697763, 0.12951701910283323, 0.7103830178051612]], "ideal": "A", "sampled": "A", "correct": true}}
{"type": "result", "data": {"idx": 7, "options": ["A strand of neo-isolationist sentiment", "A strand of internationalist sentiment", "An expression of American cultural superiority", "Increased incorporation of public opinion in foreign policy making"], "probs": [[0.09615321803127826, 0.044008179291643024, 0.017259535298488, 0.8425790672785952], [0.13147202983801737, 0.045536944396750906, 0.7750088766766905, 0.047982148988556544], [0.15728271473316108, 0.035957731390182275, 0.06873952467750594, 0.7380200290991669], [0.13512622474972924, 0.04095196930490943, 0.6100158283365018, 0.21390597750883827], [0.31894649825854066, 0.5259975361665932, 0.11569781196750785, 0.039358153507369466], [0.15177556004964307, 0.5677063402238786, 0.045601860150817214, 0.23491623947569115], [0.014066474671179765, 0.020605453592894226, 0.011393539948719226, 0.9539345316872215], [0.057231629798383206, 0.04460497553222391, 0.8473282396401449, 0.050835154929248894], [0.03172004565316862, 0.02753615274712985, 0.4690499937417494, 0.4716938077579435], [0.03455535645174712, 0.026908710697343304, 0.7853567054901857, 0.15317922726071345], [0.08556561709074356, 0.2398777756389629, 0.6125042056015428, 0.062052401568772904], [0.07364698081557018, 0.5828768217149707, 0.05025625859555524, 0.2932199387738735], [0.007983678960766115, 0.018106368071245736, 0.03178421983804811, 0.9421257330299438], [0.012946849810811957, 0.0322753181179025, 0.8515685899138441, 0.10320924205742477], [0.006118490621918012, 0.011150972549677122, 0.018675678457079053, 0.9640548582713412], [0.011057395066201072, 0.02357058889312596, 0.8772485384661503, 0.0881234774745258], [0.022316670950185608, 0.05963833432605472, 0.6932615193865527, 0.224783475237226], [0.028991145151685764, 0.4779348954443296, 0.27248884304397186, 0.2205851162600036], [0.6129821815151694, 0.24580924890922135, 0.09944395038535203, 0.041764619090285456], [0.6911847535870963, 0.1405574778148829, 0.028837995671404392, 0.1394197728265979], [0.6691492471200549, 0.12100643312514368, 0.16169214974958626, 0.048152169905237296], [0.73930362803159, 0.09630879533662397, 0.027619761734197994, 0.13676781479760428], [0.13316180137720124, 0.03368566985675824, 0.6351277681118895, 0.1980247605541708], [0.5617923405178984, 0.05794812925279911, 0.1702565207869245, 0.2100030093423607]], "ideal": "A", "sampled": "D", "correct": false}}
{"type": "result", "data": {"idx": 8, "options": ["The war reduced European population levels below that of the United States", "The United States seized German resources after the war", "European countries paid the United States for assistance", "The United States became a creditor country and financial centre, with European war spending boosting the US economy"], "probs": [[0.0036119900450794144, 0.00409080383110243, 0.007349299989599576, 0.9849479060342414], [0.01225168851270718, 0.016232576719935908, 0.913578583599205, 0.05793715106814117], [0.0031403357659787853, 0.0032646163838526325, 0.007954019150937193, 0.9856410285992274], [0.012349148896209909, 0.01488525083206878, 0.8923731831925018, 0.0803924169792319], [0.03897990186050466, 0.8322838926157078, 0.05988370557386878, 0.06885249984992715], [0.039825786323527075, 0.8369924713304483, 0.051123851294497126, 0.07205789095151581], [0.0036947666210886128, 0.004217541230437995, 0.00845034073245203, 0.9836373513160247], [0.014439678501364026, 0.01768804433333089, 0.9066653821641252, 0.06120689490116975], [0.003388930364044431, 0.0043514995994629185, 0.008580450288899184, 0.983679119647592], [0.011800037115862912, 0.017988296806290674, 0.9079672553828165, 0.06224441059504265], [0.027995181611798075, 0.8560235539218904, 0.05392893453247273, 0.06205232983382993], [0.02949109694117242, 0.8475679633613317, 0.0590886410017178, 0.0638522985957845], [0.0036889384476422814, 0.004110900980498288, 0.00994005199237209, 0.9822601084794823], [0.015081181043489596, 0.017912531699773082, 0.8893240694917354, 0.07768221766498054], [0.0037463492551715206, 0.004844314374806143, 0.009191352652054518, 0.9822179836179689], [0.013252782637706295, 0.019574572244119615, 0.906428881505091, 0.06074376351306606], [0.031208186552840588, 0.8552052927103644, 0.047574526656474554, 0.06601199398030964], [0.033117118848943854, 0.8533165268070979, 0.05546983623892024, 0.0580965180050597], [0.8756242583089218, 0.02910719059660413, 0.04266104252223293, 0.05260750847222982], [0.8836067329676374, 0.028693411451822824, 0.03859912248977747, 0.04910073299076699], [0.8739393195217618, 0.03531303565544946, 0.039065564908539185, 0.05168207981426696], [0.8622060043970879, 0.03650993579813141, 0.05225556668492968, 0.04902849301987064], [0.8824481804771573, 0.03566088867012825, 0.03169864054210248, 0.05019229021063228], [0.8807826704566358, 0.036721129365633653, 0.04126916680382979, 0.04122703327391726]], "ideal": "D", "sampled": "D", "correct": true}}
{"type": "result", "data": {"idx": 9, "options": ["the president of the United States.", "the secretary of defense.", "the chairman of the Joint Chiefs of Staff.", "Congress."], "probs": [[0.14333037479278038, 0.010638417696552929, 0.015597907261784222, 0.8304333001488976], [0.5623086216577402, 0.019459315513439313, 0.35756782810022697, 0.060664234628599906], [0.10431897627461327, 0.0091927747926988, 0.014352538021143234, 0.8721357108115407], [0.6311490731172908, 0.020535615506104426, 0.3079562664446182, 0.040359044831982285], [0.758658864245812, 0.19516583060640263, 0.017203559176953324, 0.028971745870834877], [0.7749743821529136, 0.1844663000746414, 0.018560194022609514, 0.02199912364983083], [0.008867136774332958, 0.011104231369259619, 0.011828014798498519, 0.9682006169579083], [0.025768610538085334, 0.05753394058035718, 0.8451753345296992, 0.07152211425186995], [0.009764572811035691, 0.00901480013960913, 0.32020253398020243, 0.6610180929691282], [0.008326413034915593, 0.007163946106265184, 0.13835627616007365, 0.8461533645987355], [0.028737218939020894, 0.41832008283461874, 0.49679425963543167, 0.056148438490926066], [0.011392466920515822, 0.10130108355075935, 0.019345930178651247, 0.8679605192500893], [0.010955944995345671, 0.042263497612264625, 0.014962906493121242, 0.9318176507992868], [0.035948574961880676, 0.35152345743316404, 0.5657402320384591, 0.04678773546649228], [0.010757754205535906, 0.008179500212819766, 0.399982620481414, 0.5810801250002374], [0.008138840865366282, 0.006182701072016291, 0.1250980602859469, 0.8605803976766748], [0.03255946794242603, 0.38385186047025815, 0.5412166794718565, 0.04237199201542354], [0.010625921212412905, 0.08546333851885808, 0.014405098075664494, 0.8895056420930659], [0.5878234940289996, 0.35404453576061096, 0.02283234913234449, 0.035299620978056376], [0.5776500658085961, 0.36475036815239337, 0.02602877141230591, 0.031570794526717766], [0.5704114849671075, 0.028714825489319314, 0.33541302407464035, 0.06546066536892686], [0.11506940241096143, 0.011490715586011759, 0.017798541996592167, 0.855641339906433], [0.4387533598030456, 0.03846620148885696, 0.4674491675719294, 0.055331271036165613], [0.08185887498620639, 0.011437132124224855, 0.013689589061262495, 0.8930144037283249]], "ideal": "D", "sampled": "A", "correct": false}}
{"type": "result", "data": {"idx": 10, "options": ["The US ignored the Third World", "Local developments were viewed through a geopolitical lens", "The US unreservedly supported decolonization", "None of the above"], "probs": [[0.02381693830455991, 0.67317732202127, 0.1539530688047758, 0.1490526707693833], [0.04469847270702655, 0.6261969877933381, 0.13975104010007125, 0.18935349929957712], [0.008317333797797982, 0.01208884643288528, 0.880092342269493, 0.09950147739981034], [0.00360272398399378, 0.0038923941284219198, 0.011436038994812615, 0.981068842792754], [0.011327763463977247, 0.008293398456383185, 0.8842864197882886, 0.0960924181913329], [0.004127061250414145, 0.002663221955320469, 0.016559026397398428, 0.9766506902968705], [0.8009785922002468, 0.033630226564977855, 0.07691557423026162, 0.08847560690449142], [0.8198429833192239, 0.03448467869247651, 0.05855321236717737, 0.08711912552110165], [0.7748366354700513, 0.10741734987162825, 0.04512221475986087, 0.07262379979846866], [0.7779402564224637, 0.11579681151582548, 0.05730530577777581, 0.04895762618394948], [0.826071662588688, 0.02406977382911648, 0.04965994089339787, 0.1001986225888056], [0.8137395142758475, 0.020114222618873474, 0.08925897841397037, 0.07688728459132867], [0.014821277561741156, 0.009642962866797099, 0.8805619580526384, 0.09497380141881223], [0.0076140980568464595, 0.004876024854452156, 0.01525072973304597, 0.9722591472556418], [0.04406687590383083, 0.7618456689237298, 0.0725887182124473, 0.12149873685997421], [0.06976024674210893, 0.7205721565154248, 0.11144420435297059, 0.0982233922895207], [0.009227589256225167, 0.004497293691736782, 0.016693660517939485, 0.969581456434121], [0.014835570586910027, 0.00974029437541333, 0.9025462195986141, 0.07287791533907477], [0.008956370764303816, 0.016222853504719557, 0.8435478516353632, 0.13127292399561485], [0.0024524267640823557, 0.0039147059613564884, 0.014646270435748215, 0.9789865967388375], [0.02851992531743358, 0.7872786968890109, 0.08177452543466629, 0.10242685225887992], [0.02276860977214464, 0.7642045465635866, 0.11282528851659034, 0.10020155504766566], [0.003172996935102664, 0.005064600431408796, 0.01302123176831484, 0.9787411707651773], [0.007854205801182736, 0.020509386004217478, 0.8644194935144679, 0.10721691458014805]], "ideal": "B", "sampled": "B", "correct": true}}
{"type": "result", "data": {"idx": 11, "options": ["It was the first time the US became involved in the Balkans", "It was the first time NATO used military force", "It was the first war won by airpower alone", "It was the first war to employ 'smart weapons'"], "probs": [[0.028261914457823428, 0.24207739357308286, 0.2918558854534918, 0.4378048064156143], [0.025990903529886637, 0.24070450737042087, 0.29463880199178755, 0.4386657870078948], [0.02064190807996371, 0.03195820935871847, 0.5401539262454772, 0.4072459562158517], [0.00889067430517022, 0.01488582626526399, 0.04236784217728159, 0.9338556571523031], [0.025158949901481025, 0.04310706495572518, 0.5628122636794222, 0.3689217213633768], [0.007560056297002828, 0.010412200286742269, 0.02400111922880659, 0.9580266240874399], [0.18638634820318292, 0.03348554087588788, 0.2412177843313916, 0.5389103264895291], [0.16631076642987125, 0.0315282779737516, 0.26578714255949726, 0.5363738129368963], [0.151566404688124, 0.07572694303058858, 0.07217187887029604, 0.7005347733110047], [0.17094456780491624, 0.07191913402534199, 0.5065045774211961, 0.2506317206485596], [0.19052137331973398, 0.21771684749270978, 0.09000606732288784, 0.5017557117646754], [0.23531285652491624, 0.22291567064347775, 0.18615259705495826, 0.355618875676637], [0.02704580192446692, 0.016806777290978805, 0.6544095799961182, 0.30173784068842197], [0.009907653167022046, 0.006011674347728928, 0.021295458845149214, 0.9627852135401125], [0.04444129757960185, 0.2007539591236656, 0.09773933839143585, 0.6570654048053052], [0.049657874064419814, 0.13385338078582293, 0.5128221386854471, 0.30366660636432374], [0.009440210459864635, 0.008599585402027208, 0.012796333741112354, 0.9691638702970075], [0.06543392205644037, 0.08675580029852441, 0.5025643764092648, 0.34524590113576326], [0.03130773372786643, 0.017307073936484278, 0.7876488220838392, 0.1637363701518147], [0.007868808754993017, 0.005164043600736566, 0.013068560597098702, 0.9738985869471576], [0.09023802546736263, 0.33250662582491824, 0.16715805814016538, 0.4100972904675596], [0.06888777817256603, 0.29459479822574614, 0.1551891062141909, 0.48132831728747816], [0.009541165408726328, 0.004910125354876488, 0.014417202189571801, 0.9711315069468409], [0.05784014024423145, 0.024518367290978556, 0.5979064991363612, 0.3197349932284541]], "ideal": "C", "sampled": "B", "correct": false}}
{"type": "result", "data": {"idx": 12, "options": ["The character of a state's leader", "The distribution of power in the international system", "The distribution of power within a state's governmental system", "A state's political ideology"], "probs": [[0.012185552651085414, 0.8132912713612054, 0.11180334247291052, 0.0627198334148155], [0.012355259988417897, 0.8643486013263432, 0.04479073043639865, 0.07850540814884707], [0.013176985926688681, 0.059884456023807264, 0.8392053908951589, 0.08773316705434688], [0.00530660307018488, 0.03026251448952185, 0.016574968939050822, 0.9478559134012446], [0.007228081750946906, 0.008247289848442012, 0.8946070171779711, 0.08991761112265476], [0.005902533377820431, 0.007452525710838065, 0.3116728325764002, 0.6749721082349583], [0.9247739988027653, 0.018505545002899738, 0.0316870699425677, 0.025033386151753524], [0.9268098217430183, 0.0185548920207031, 0.02166672936068723, 0.032968556775572304], [0.9505143196286086, 0.021054355580381465, 0.015386590429792, 0.013044734261226093], [0.9451438813677744, 0.021932984036404354, 0.01788256354824165, 0.015040570947599002], [0.936957579426035, 0.019041258601672828, 0.016140083748641548, 0.02786107812364526], [0.9309259978112956, 0.019377803457644716, 0.028807046410425696, 0.020889152220648924], [0.04724715307826104, 0.01780374938904395, 0.842658225311369, 0.09229087212131118], [0.018275206665453913, 0.005236916157738432, 0.011517293700953586, 0.9649705833758576], [0.05630518079691888, 0.8720827840091341, 0.03805310472771007, 0.03355893036621347], [0.05902288598251919, 0.8661843691437571, 0.042487178270798044, 0.03230556650291161], [0.0182781265222458, 0.006418480492195673, 0.009707156640249083, 0.9655962362452934], [0.03420876419349582, 0.016044293140474612, 0.887926980516487, 0.061819962049523794], [0.01203947026353492, 0.006971574866394558, 0.883477030109689, 0.09751192466038008], [0.009718890499226166, 0.005366685768135291, 0.19040359125336556, 0.7945108323792485], [0.01959744524707394, 0.8926900621555225, 0.0349107606556517, 0.05280173184173129], [0.01834504377090228, 0.8687051544495649, 0.08081317786316387, 0.032136623816369655], [0.012033757975616566, 0.07597142472801378, 0.015800011778395524, 0.8961948054179563], [0.01745309328610123, 0.04022974457822445, 0.8796258383856709, 0.06269132364998388]], "ideal": "B", "sampled": "B", "correct": true}}
{"type": "result", "data": {"idx": 13, "options": ["Leaders have incentives to lie", "If leaders revealed their programs, they would be more likely to be attacked", "Leaders will not always grant foreign monitors access to their nuclear programs", "ALL of the above"], "probs": [[0.005776812994491283, 0.005254704800586568, 0.012122770420040833, 0.9768457116848639], [0.06859858512347534, 0.06392690415696198, 0.5653002230772421, 0.30217428754230546], [0.006058367050249562, 0.005341604008714286, 0.01054500451752666, 0.9780550243235238], [0.09449342557067247, 0.07956619463073406, 0.6927837568142869, 0.13315662288429156], [0.10951221319783065, 0.07644840874982152, 0.17488133248256188, 0.6391580454697754], [0.10523355884764482, 0.08998417034092343, 0.605311515056313, 0.1994707556551272], [0.004903851976906919, 0.00438970577321123, 0.01394859277001338, 0.9767578493798575], [0.0568318516925358, 0.0595662611480267, 0.5695295718542066, 0.3140723152052401], [0.005435551035387034, 0.004328329027202688, 0.01204389308078898, 0.9781922267566153], [0.09098891098266242, 0.12248081682858175, 0.6071917590381845, 0.17933851305055273], [0.07407286396605557, 0.08391164438080669, 0.2997666881561567, 0.5422488033969524], [0.07984795225190479, 0.11169018996267323, 0.6274317755116248, 0.181030082173795], [0.006157686113606887, 0.004466207316683271, 0.011308948303152738, 0.9780671581665631], [0.0880328841743263, 0.04567840908363373, 0.7257402873422597, 0.14054841929980472], [0.00685709926634495, 0.004029633443361552, 0.012117863916417383, 0.9769954032738909], [0.12089315535713178, 0.06420920705061303, 0.6535993122134436, 0.16129832527880772], [0.16353342307669044, 0.08687710120087268, 0.5192480214903956, 0.23034145413202017], [0.32104063644758685, 0.22433019265640738, 0.14590714235543892, 0.30872202844055524], [0.08358515665464365, 0.2398942997513634, 0.3080157195631517, 0.36850482393082795], [0.10092027025373496, 0.3333657573300185, 0.39280281894403674, 0.17291115337221255], [0.08243994359826655, 0.14809609975358468, 0.20714400178020978, 0.5623199547679172], [0.11570579117814817, 0.30006558111886145, 0.40086364004027497, 0.1833649875627273], [0.1326780734990161, 0.3306753387926859, 0.3467477614920763, 0.18989882611622075], [0.13476839262996543, 0.4555603957891298, 0.1600344112689511, 0.24963680021194573]], "ideal": "D", "sampled": "D", "correct": true}}
{"type": "result", "data": {"idx": 14, "options": ["the Senate.", "the president.", "the Secretary of State.", "the chairman of the Joint Chiefs."], "probs": [[0.048141182048520005, 0.08319358639760685, 0.8198240529226769, 0.0488411785311793], [0.014755092012691385, 0.014399475080543908, 0.009302080456491339, 0.9615433523502522], [0.08508390449649207, 0.1529454527874445, 0.7116195945315645, 0.05035104808449361], [0.026511101609456342, 0.032711824288222724, 0.01594872684383952, 0.9248283471584604], [0.017087002752223128, 0.009969196566295241, 0.06344492615381479, 0.9094988744276619], [0.025632669457653717, 0.015301738332455246, 0.42947182933725647, 0.5295937627726246], [0.14190341895013078, 0.056143585455616506, 0.7497625908900807, 0.05219040460415786], [0.03336710965705293, 0.014241897658033315, 0.00926615183449997, 0.9431248407504303], [0.8103676914861646, 0.1266050469831017, 0.04439094080336603, 0.01863632062734313], [0.8012112940253755, 0.13525076674353675, 0.021062556731123356, 0.042475382399989256], [0.031192380109961833, 0.009518182400317737, 0.01362860466538143, 0.9456608327243311], [0.07788197653174897, 0.022892646019858052, 0.817708765491981, 0.0815166118563873], [0.5902633429716011, 0.04492396611133713, 0.3287907933671817, 0.036021897449888186], [0.2556083142383653, 0.02398002478783897, 0.015373522118981664, 0.7050381387548355], [0.8794848183260454, 0.06539611586759783, 0.03581870900285818, 0.01930035670350652], [0.8970063039873565, 0.05240459666372199, 0.015238196180333799, 0.03535090306857459], [0.17523273263197373, 0.01417931915045034, 0.01984687431886769, 0.7907410737987043], [0.7451593287009888, 0.02442810710541098, 0.16266295935209102, 0.06774960474149076], [0.015073089893390628, 0.025412406259007057, 0.4131133705677083, 0.5464011331798745], [0.013810549627180764, 0.02345760501401597, 0.6049099765497334, 0.35782186870907867], [0.015637736070604535, 0.09343566970645129, 0.039562211093203084, 0.8513643830297466], [0.01916908614014764, 0.0455923675432421, 0.8668545833736458, 0.06838396284298802], [0.012745822292495119, 0.02360211167704643, 0.02235659138913408, 0.9412954745413082], [0.03298225856510809, 0.11497894229675733, 0.7553587661832004, 0.09668003285494561]], "ideal": "B", "sampled": "C", "correct": false}}
{"type": "result", "data": {"idx": 15, "options": ["Required the United States and Russia to demobilize their armies", "Required the United States and Russia to dismantle a significant number of their nuclear weapons", "Prohibited the acquisition of new military bases", "Prohibited short-range nuclear weapons"], "probs": [[0.007402802424474268, 0.9301585520439216, 0.0209119052605358, 0.04152674017108807], [0.009487574403435933, 0.920563167587517, 0.043807084094892076, 0.026142173814136107], [0.0034773191821546316, 0.00675278681451969, 0.9468561709590487, 0.04291372294426195], [0.0010092560041525995, 0.0019418490891474766, 0.008112021811994878, 0.9889368729946902], [0.006518810414783792, 0.017021497232809837, 0.9503269386893672, 0.02613275356305057], [0.001182087688548188, 0.003182209138978861, 0.004522277996227455, 0.991113425076265], [0.924673174551505, 0.02359419917836601, 0.019833925464145422, 0.031898700705986806], [0.932673880632469, 0.020698813648299137, 0.024331388877748952, 0.022295916741501692], [0.935539999174332, 0.02225675759722282, 0.013482171163150963, 0.028721071965273785], [0.9474418605089877, 0.018838496559060544, 0.018508940887043416, 0.015210701944907798], [0.9470707503146281, 0.029158744840637185, 0.008679725942041474, 0.015090778802716847], [0.9537756836984645, 0.026538929246639417, 0.008025715194267261, 0.011659671760614568], [0.0029294317159436712, 0.008204960075956018, 0.9394782410786762, 0.049387367029416616], [0.0008306050879438965, 0.0020513257070372123, 0.0077402522079629355, 0.9893778168970399], [0.0065671798393398895, 0.9491460590546346, 0.01649336658272401, 0.027793394423278894], [0.006564973955557523, 0.9406088648742666, 0.03250150963671475, 0.020324651433441133], [0.0008853803029748968, 0.0036348226848075204, 0.0044214166998536985, 0.9910583802123423], [0.005735710560924216, 0.01582651450130607, 0.9475019704696337, 0.030935804368119095], [0.006809996751298447, 0.010964066163170149, 0.9551473974652047, 0.027078539520340044], [0.0014481588221345837, 0.001976983207452978, 0.004893621914984887, 0.9916812359554478], [0.01635180689717094, 0.9475146283906174, 0.015350035913540255, 0.02078352869865401], [0.01376608021106776, 0.9545016250593632, 0.014641053542231759, 0.01709124108735345], [0.0013098554776577952, 0.002277926595411618, 0.004459826925771736, 0.9919523909011555], [0.007963947070466448, 0.010071456511855122, 0.955301300333878, 0.026663295983817066]], "ideal": "B", "sampled": "B", "correct": true}}
