{"type": "result", "data": {"idx": 0, "options": ["This type occurs in binary systems.", "This type occurs in young galaxies.", "This type produces gamma-ray bursts.", "This type produces high amounts of X-rays."], "probs": [[0.8602350869265218, 0.020550181895766056, 0.08788060314185718, 0.031334127935854945], [0.8673365147562851, 0.01977084584251093, 0.07819464831089834, 0.03469799099030559], [0.9005244071450348, 0.030337725677140416, 0.04019044577034985, 0.02894742130747496], [0.8724599512258173, 0.03774012266370298, 0.05322197098953018, 0.036577955020949515], [0.8824134599639726, 0.03817080390326148, 0.046767492539489884, 0.03264824349327601], [0.8744438175707067, 0.04154377748624085, 0.05590321422680508, 0.028109190616247365], [0.023931044656061596, 0.8436556428395662, 0.06207500135566569, 0.07033831104870654], [0.01792835972771466, 0.8504940723998338, 0.05609508136684575, 0.0754824864056058], [0.04919110018158829, 0.012244924354300687, 0.8996501757951382, 0.03891379956897281], [0.021335600681833614, 0.00565354263406973, 0.0072591999443953415, 0.9657516566397013], [0.04098347455739204, 0.009887925062712855, 0.9041165447563941, 0.04501205552350091], [0.021066563534127586, 0.004849935994655112, 0.005495635858504394, 0.968587864512713], [0.097244268119535, 0.7892226420981963, 0.05455090037285971, 0.058982189309409065], [0.08186554968928374, 0.7767749485846553, 0.07454209084467295, 0.066817410781388], [0.05828328440925893, 0.016698772117127225, 0.883688570626538, 0.04132937274707578], [0.018294983697695503, 0.005667682962037495, 0.00786869846389566, 0.9681686347763714], [0.10409162414062353, 0.024724320193968672, 0.8316751895474637, 0.039508866017944184], [0.025785547141984784, 0.011805786852237142, 0.009787241852795553, 0.9526214240529826], [0.050241615020714295, 0.8236833682637832, 0.049464553116621124, 0.07661046349888136], [0.045812844884188964, 0.81211464983959, 0.06770971366302297, 0.07436279151319808], [0.05427745919691722, 0.017079557649141198, 0.8760348263836305, 0.052608156670311094], [0.019469890261029216, 0.005666248825598506, 0.006942329756247657, 0.9679215310571246], [0.06966912771686525, 0.018460851229597987, 0.8757259281434802, 0.03614409281005657], [0.020614485100538642, 0.006287265339828242, 0.010365778970253682, 0.9627324704893794]], "ideal": "A", "sampled": "A", "correct": true}}
{"type": "result", "data": {"idx": 1, "options": ["Its speed relative to you", "Its composition", "Its size", "Its distance from you"], "probs": [[0.009161429941409806, 0.00042186100415650694, 0.011050893550719185, 0.9793658154037145], [0.03849440292396254, 0.0015399948706318518, 0.9039564698154625, 0.056009132289943045], [0.008047199135432214, 0.00044697128741851786, 0.0013660152183394899, 0.9901398142588098], [0.038614901220952305, 0.002392643508718976, 0.935571278393714, 0.02342117677661468], [0.01061230843438166, 0.8974542753246161, 0.014734050434124814, 0.07719936570687748], [0.010804410886381142, 0.8995295827894013, 0.02551708371668098, 0.06414892250753654], [0.013624780096515266, 0.00061284610343638, 0.04537784690471259, 0.9403845267953358], [0.03262150110731284, 0.0016368884643572815, 0.8955941141300431, 0.07014749619828674], [0.007334100514485659, 0.0007434141665240213, 0.0008358312783712242, 0.9910866539406191], [0.04903947065035108, 0.005502144571115145, 0.9253324845301556, 0.020125900148378142], [0.0034760591281160582, 0.9638498652071995, 0.004902138327476408, 0.027771937237208014], [0.006190892031576895, 0.9333192287948566, 0.036757646344309815, 0.023732232729256713], [0.005901070913724308, 0.0003772579460201635, 0.0012963068597102157, 0.9924253641805453], [0.023356831764714377, 0.0013280516058638216, 0.9626162066020506, 0.012698909927371157], [0.0045318244543577114, 0.0003232043248115401, 0.0011192900012651004, 0.9940256811195657], [0.035126949283874144, 0.002109564054646741, 0.949430769454625, 0.013332717106854056], [0.006639362581889432, 0.9184913315091331, 0.011382683907477759, 0.0634866219014997], [0.008610448694917958, 0.8991483936221577, 0.02181673582088191, 0.07042442176204244], [0.9736000142634942, 0.0006295738756764671, 0.0013967355255443928, 0.02437367623528497], [0.9923104214864757, 0.00044795830789873617, 0.001057913777536912, 0.006183706328088593], [0.9760254163191853, 0.000592900237632957, 0.0011339284878479953, 0.022247754855333826], [0.9685235656911794, 0.0013572766963603807, 0.011816891887181403, 0.018302265625278872], [0.9910569027887184, 0.000720539409451335, 0.0007730105298953142, 0.007449547171934917], [0.9875411246036377, 0.0009968111280922916, 0.0014731699574843922, 0.009988894210785514]], "ideal": "D", "sampled": "D", "correct": true}}
{"type": "result", "data": {"idx": 2, "options": ["Because the molecules that compose the Earth's atmosphere have a blue-ish color.", "Because the sky reflects the color of the Earth's oceans.", "Because the atmosphere preferentially scatters short wavelengths.", "Because the Earth's atmosphere preferentially absorbs all other colors."], "probs": [[0.013040262463636512, 0.003146124824647394, 0.9731704634913321, 0.010643149120383994], [0.03271520084140004, 0.00471310449486096, 0.6886485106076188, 0.27392318395612014], [0.010034358682215543, 0.9615396198641589, 0.012884520175665347, 0.01554150117796015], [0.012454539783154481, 0.9440982418105304, 0.02720347455895883, 0.01624374374735631], [0.01356306859829819, 0.0036504650706359323, 0.0017515228885935138, 0.9810349433424723], [0.021788901344981394, 0.009082988165875296, 0.9559124983201243, 0.013215612069019078], [0.01827949801557679, 0.014688014640680067, 0.952344514512578, 0.01468797273116519], [0.027408795454826083, 0.015862978223857575, 0.4858390427193815, 0.47088918350193487], [0.007440654772908582, 0.9594427616124226, 0.01784935346486237, 0.015267230049806457], [0.00662032160712294, 0.9673292310126226, 0.01563523380772974, 0.01041521347252473], [0.0088919393461552, 0.005923310867388315, 0.004471185697902023, 0.9807135639885545], [0.016678031641017117, 0.015185536914196074, 0.9543098868594514, 0.013826544485335423], [0.9831163600679586, 0.003894199738125523, 0.007051524969198234, 0.0059379151247176635], [0.9808445718029475, 0.004071648758565253, 0.010397361745351347, 0.004686417593135947], [0.9804320816316883, 0.004332429678532703, 0.009029600663260041, 0.0062058879265189625], [0.9839501735031776, 0.0037775834984851496, 0.008251041470879603, 0.004021201427457651], [0.9847352886709915, 0.003900608668076946, 0.007402086434306515, 0.003962016126625056], [0.9873175292955947, 0.003451306233722834, 0.005779874202274448, 0.003451290168407986], [0.00924612508848953, 0.0009154959316647525, 0.0014402821277007612, 0.988398096752145], [0.01966084552007598, 0.003932433785867457, 0.962245557907365, 0.01416116268669162], [0.006964026119929066, 0.0006579613201332026, 0.006145783378191301, 0.9862322290817465], [0.010535385944294162, 0.0022431254487427473, 0.9784873578046075, 0.00873413070235555], [0.01726733225116309, 0.9281628545859422, 0.02983557379702476, 0.02473423926586999], [0.016517986396297205, 0.945148942748168, 0.01871754665650609, 0.019615524099028774]], "ideal": "C", "sampled": "C", "correct": true}}
{"type": "result", "data": {"idx": 3, "options": ["The first time you drop a bowling ball and it falls to the ground proving your hypothesis.", "After you\u2019ve repeated your experiment many times.", "You can never prove your theory to be correct only \u201cyet to be proven wrong\u201d.", "When you and many others have tested the hypothesis."], "probs": [[0.010239076599366943, 0.5170656937045054, 0.08845988487158353, 0.3842353447245441], [0.010731922601437741, 0.5012053316115012, 0.27250570411404573, 0.21555704157301533], [0.025038671722488446, 0.099034149410267, 0.26922546861742097, 0.6067017101498235], [0.06147523968797097, 0.08272603898413233, 0.7036461829435514, 0.1521525382843453], [0.008257040554032145, 0.8422835507373125, 0.05642975093682065, 0.09302965767183466], [0.014706482986084558, 0.7662527385415843, 0.12314563920010817, 0.09589513917222298], [0.019932691578322722, 0.007565951881328557, 0.041546066392294516, 0.9309552900480542], [0.03576993636000712, 0.015146389884223664, 0.6542217852679911, 0.29486188838777805], [0.02939519280491417, 0.03545931122642085, 0.02052360639082626, 0.9146218894778387], [0.07751815765320934, 0.061322398477620964, 0.5639884471329322, 0.29717099663623747], [0.016383909175662216, 0.5775798134697013, 0.07695625205928176, 0.3290800251953547], [0.027611130754080917, 0.38718015191399985, 0.38118869344585526, 0.20402002378606396], [0.20595410239962544, 0.023472472603118844, 0.24460662912369993, 0.5259667957735558], [0.15994838533974684, 0.03199264165409007, 0.7169227297116267, 0.09113624319453632], [0.21647648107933476, 0.006436357154121397, 0.02143683430642034, 0.7556503273601235], [0.8433839599374707, 0.01670298150850154, 0.11237637592867941, 0.027536682525348334], [0.29354377484575844, 0.39503981187566223, 0.0828044756119418, 0.2286119375666375], [0.6676259350194793, 0.26557048014853385, 0.040095718718405525, 0.02670786601358133], [0.21276012100528488, 0.02621790585072775, 0.4365945466107783, 0.32442742643320904], [0.17200676838813594, 0.016767993317834715, 0.15181191037847544, 0.659413327815554], [0.700769380865622, 0.013243494122124564, 0.054893842303931274, 0.23109328260832218], [0.2506927652317693, 0.018737588843742364, 0.5921275857743198, 0.13844206005016857], [0.11674928310368055, 0.061526896626094243, 0.03617135183725953, 0.7855524683329657], [0.1496992315835277, 0.6709499608408247, 0.07646570638792385, 0.10288510108772371]], "ideal": "C", "sampled": "D", "correct": false}}
{"type": "result", "data": {"idx": 4, "options": ["Titan is the only outer solar system moon with a thick atmosphere", "Titan is the only outer solar system moon with evidence for recent geologic activity", "Titan's atmosphere is composed mostly of hydrocarbons", "A and D"], "probs": [[0.33388423916338894, 0.23308947680049782, 0.0831121802246905, 0.3499141037114228], [0.22500169274941145, 0.13435460625735463, 0.401125937660159, 0.2395177632330749], [0.3682824735690353, 0.19407238325312695, 0.039429069789675614, 0.3982160732881621], [0.2769008998400636, 0.1392351600046618, 0.4356481925252228, 0.14821574753005182], [0.07456143805828436, 0.7530483462458245, 0.03308730883030323, 0.13930290676558793], [0.08806975536346, 0.7849662548278781, 0.04160227440169437, 0.08536171530696751], [0.42938886149155847, 0.17348889229251532, 0.05209216242095721, 0.34503008369496896], [0.2355172151759603, 0.1618686741150177, 0.4133675036409264, 0.18924660696809562], [0.5152535783526793, 0.1430815852121551, 0.03398596722943748, 0.30767886910572817], [0.2281463362986089, 0.20451190185027343, 0.31676761256768454, 0.2505741491834331], [0.09618238960463019, 0.7684510830997218, 0.03766673001766939, 0.09769979717797861], [0.08261291934540743, 0.7716680900476733, 0.03963923962678056, 0.10607975088013868], [0.3986737042563258, 0.1254488797632576, 0.051484904027389505, 0.42439251185302707], [0.2943718906568299, 0.06991969465031557, 0.4853584459152311, 0.15034996867762346], [0.4735780916709592, 0.14443409909261387, 0.04616489306698666, 0.33582291606944026], [0.23789097792998862, 0.11237214002206122, 0.3801679738900783, 0.2695689080578719], [0.17387238466998403, 0.6665287141306384, 0.0419499248587472, 0.11764897624063032], [0.11013676389154269, 0.664217481907606, 0.0496447093682222, 0.1760010447326291], [0.4686389109852533, 0.10958657045207609, 0.062444800273778134, 0.3593297181888925], [0.5069376297002225, 0.18943249691577646, 0.1671851996866113, 0.13644467359738977], [0.41575871462533887, 0.1628165007523985, 0.06579014158299333, 0.3556346429392693], [0.38615622537214045, 0.24933336301138087, 0.151242432709673, 0.21326797880680567], [0.47237852750305176, 0.21627362191552998, 0.08469653759769051, 0.22665131288372775], [0.38148923137077717, 0.10108550922032525, 0.08512757447970096, 0.4322976848291966]], "ideal": "D", "sampled": "D", "correct": true}}
{"type": "result", "data": {"idx": 5, "options": ["m*v", "0.5*m/(R^3)", "0.5*m*(2GM/R)", "0.6*G(M^2)/R"], "probs": [[0.07861771096954474, 0.01584901406359261, 0.5993979911909741, 0.3061352836758885], [0.0806512878379493, 0.012564126183337191, 0.3970056401330194, 0.509778945745694], [0.03404452236087511, 0.5758739074962701, 0.0720776761773406, 0.31800389386551414], [0.03366563033598715, 0.5562736883897305, 0.21783274004231729, 0.19222794113196512], [0.03225545224319995, 0.3779263212076628, 0.07326369014120487, 0.5165545363079324], [0.06103077003792576, 0.05733577344265213, 0.6876744697283081, 0.19395898669111397], [0.07547726509515638, 0.03885406642336803, 0.6222162865307695, 0.26345238185070596], [0.052051501128973485, 0.024975790499239342, 0.42908815903861486, 0.4938845492331723], [0.01689924590236011, 0.5382258034818496, 0.1382221214450972, 0.30665282907069313], [0.01783439985944652, 0.5172037221635363, 0.2560177018377505, 0.20894417603926665], [0.05170282014465985, 0.2667272110517864, 0.14276287064587131, 0.5388070980576825], [0.07955165680755324, 0.10622472203055063, 0.6306943672678612, 0.1835292537940349], [0.5208185256405317, 0.1446344836138712, 0.05576173525757325, 0.2787852553880239], [0.2515771426243907, 0.103250058033424, 0.49258298410888485, 0.15258981513330044], [0.5684692732018405, 0.039604268078920514, 0.11916327208959163, 0.2727631865296474], [0.5423025670132257, 0.03334222472900524, 0.29950893926449335, 0.1248462688932758], [0.39343911063426246, 0.3161589118926733, 0.16660058123744395, 0.12380139613562026], [0.5542309779177083, 0.2659500478791524, 0.08500184132815317, 0.09481713277498617], [0.23553777175852683, 0.10617162556607451, 0.07528579642828369, 0.5830048061471149], [0.09146920390818977, 0.05171399126215157, 0.7083472434973022, 0.14846956123235647], [0.2478451811669528, 0.04109903934891563, 0.13475668880787808, 0.5762990905762535], [0.172751032170286, 0.03649731948058966, 0.6125157819907527, 0.17823586625837157], [0.16358220603181395, 0.4660363972284511, 0.20679793891049278, 0.1635834577292422], [0.1457364206713576, 0.5167441771130524, 0.10095939408129435, 0.23656000803429564]], "ideal": "C", "sampled": "C", "correct": true}}
{"type": "result", "data": {"idx": 6, "options": ["it was stripped away by the magnetic field when it rapidly decreased in strength", "it was broken into hydrogen and oxygen by ultraviolet light and the hydrogen was lost through thermal escape", "it was consumed by a civilization of thirsty Martians", "it was vaporized during a period of intense volcanism and was lost to space through thermal escape"], "probs": [[0.012043762389711075, 0.705712399643598, 0.034590450243810876, 0.24765338762288], [0.023566666505302196, 0.7626400432922237, 0.18687913927118568, 0.02691415083128847], [0.040194753253949896, 0.014110859376935273, 0.9008524945904052, 0.0448418926787097], [0.03158478373824001, 0.010416669556605432, 0.9233078170456818, 0.03469072955947282], [0.015103110704481284, 0.9275499374039532, 0.04139459040210128, 0.015952361389464192], [0.017838836445466962, 0.9011186133627427, 0.03548998158215404, 0.0455525685096363], [0.659273850539858, 0.010825882416413479, 0.008564569053264155, 0.3213356978904644], [0.7753345217879155, 0.007967103116060956, 0.20873234755751513, 0.00796602743850842], [0.718815673559133, 0.007862972257233813, 0.012964327481904608, 0.2603570266017286], [0.6358726961437592, 0.020125688177006718, 0.3299532400226055, 0.01404837555662861], [0.9743011311553885, 0.008044588146502139, 0.009857998875289728, 0.007796281722819569], [0.9633637640009158, 0.01139359872783018, 0.012129691965465936, 0.013112945205788021], [0.03555957090194463, 0.01392639240927857, 0.8890711656106538, 0.061442870978123], [0.031390737914455936, 0.010681213869657737, 0.9176204254917742, 0.04030762262411205], [0.018062734525026967, 0.8570930435357484, 0.0476004034218591, 0.07724381841736544], [0.024718033402604044, 0.8187717900044189, 0.13364922654012065, 0.022860949952856376], [0.016520861673088597, 0.9455952126614977, 0.02330375854599439, 0.014580167019419344], [0.01513204192597939, 0.9365232123536709, 0.03864995191864919, 0.00969479370170056], [0.9818684748707477, 0.0030294394060320583, 0.01161513675509123, 0.0034869488681290597], [0.959123893542295, 0.005528515456527134, 0.008974702506136868, 0.026372888395041007], [0.98802803168032, 0.0030012819893379256, 0.0051469109646108315, 0.0038237752657311994], [0.9823430190091659, 0.004307779226302715, 0.006831720529157981, 0.006517481135373374], [0.9720288404052887, 0.004502036281263239, 0.009384305465050546, 0.014084817748397467], [0.9452612689622912, 0.006174111462275254, 0.04219480360662368, 0.0063698158688097915]], "ideal": "B", "sampled": "D", "correct": false}}
{"type": "result", "data": {"idx": 7, "options": ["Lunar rocks are composed of fragments pulverized by many impacts.", "Radioactive dating of lunar samples shows that they are older.", "The Moon's surface is more heavily eroded than the Earth's surface.", "The Moon's surface has more impact craters than the Earth's surface."], "probs": [[0.01766212596055575, 0.9201974550763972, 0.01487350878127212, 0.047266910081775006], [0.03618019899766888, 0.798160868762209, 0.08412418701681096, 0.08153474512331109], [0.019107069219043767, 0.003646732548742039, 0.949876430760356, 0.02736976737185817], [0.013531694989509109, 0.0027925066846208307, 0.26758399347638007, 0.71609180474949], [0.05829724997967703, 0.05391743365942611, 0.8174648223188768, 0.07032049394201995], [0.016669202951343567, 0.26486734120502037, 0.00964774677610235, 0.7088157089675337], [0.6141008425248935, 0.018836735729867306, 0.0171511667519765, 0.3499112548932627], [0.7463714505707846, 0.024754118144050576, 0.17728310957900192, 0.05159132160616298], [0.5376955836362368, 0.013673209854756126, 0.029865263275462513, 0.4187659431335446], [0.06727761148572968, 0.008161817820927286, 0.8862267888552985, 0.038333781738044505], [0.20648550062116677, 0.7553196807052507, 0.009809787876975597, 0.028385030696606924], [0.21863606488516543, 0.7513096899856719, 0.007718993321336067, 0.02233525170782652], [0.03092800202404647, 0.007346223839798156, 0.9181099255934179, 0.04361584844273754], [0.01138039854289426, 0.0032606283247415524, 0.09528936394132777, 0.8900696090910364], [0.00943664165184885, 0.9476843903700259, 0.016823261676869955, 0.0260557062012552], [0.00900507618352392, 0.9477389766977652, 0.028175133186405, 0.01508081383230587], [0.006388717485052227, 0.9190476758373506, 0.011039157664247583, 0.06352444891334957], [0.02876015827264295, 0.25237233102258944, 0.6968159856610256, 0.022051524943741907], [0.8383416623659898, 0.005390173265483679, 0.13685781883894751, 0.019410345429579007], [0.479563640022276, 0.005083691186218902, 0.004850881038189595, 0.5105017876533154], [0.7470746396752159, 0.22431860743794887, 0.008697722284732425, 0.01990903050210277], [0.8603412248584935, 0.12202518164362318, 0.005361392371917893, 0.012272201025965369], [0.6360103850162169, 0.00408929626183532, 0.008656987722117622, 0.3512433308998302], [0.25922693327006213, 0.005638391389933143, 0.7157601902836693, 0.019374484956335366]], "ideal": "B", "sampled": "B", "correct": true}}
{"type": "result", "data": {"idx": 8, "options": ["Iron", "Hydrogen", "Methane", "Helium"], "probs": [[0.9565335871178219, 0.004715347545721553, 0.03484192031710221, 0.003909144919354393], [0.009105249509188229, 0.00510759331304445, 0.9733418041729304, 0.012445352904836964], [0.881703567125939, 0.0022549209607506853, 0.10864797366181922, 0.007393538151491023], [0.9536851264821888, 0.0012852708891066863, 0.04061314420620596, 0.004416458322498468], [0.7437896408808621, 0.02795273355684051, 0.2198647342352025, 0.008392891227094893], [0.9633742650063133, 0.00649120949772975, 0.0256731962049702, 0.004461329190986733], [0.003869416621918869, 0.961718310183672, 0.01934588426454916, 0.015066388829859948], [0.0016883632470974606, 0.0045537119292053405, 0.983334412626212, 0.010423512097485163], [0.0016080940984906009, 0.00032416542798461754, 0.989237603382789, 0.008830136990735826], [0.0014210315697724752, 0.0008962322200878006, 0.9451862161489408, 0.05249651996119893], [0.003620250936542161, 0.825701501598746, 0.1457446010013418, 0.024933646363370098], [0.002375661145310734, 0.9073996770885189, 0.021339887826095996, 0.06888477384007442], [0.002852619918613513, 0.931971450431534, 0.04291312487019769, 0.02226280467965487], [0.0023920793856840815, 0.8718320155530581, 0.08237022747516443, 0.04340567748609341], [0.0006493419103880952, 0.0003877431180721203, 0.9886456199427105, 0.01031729492882925], [0.0015648992847945645, 0.002461923194645406, 0.8562031665509237, 0.1397700108696363], [0.0005180173927884043, 0.0005060208520236446, 0.9815515923398542, 0.017424369315333695], [0.0026648958757903196, 0.19125139101325012, 0.5363774724039049, 0.26970624060705467], [0.006415977530507025, 0.9522311070866668, 0.03258332807050805, 0.008769587212318127], [0.0026716258650459125, 0.9813650864096627, 0.00539689777638939, 0.01056638984890204], [0.0017717124688771547, 0.0009861107827617095, 0.9923503544619391, 0.0048918221864219956], [0.37573336711344785, 0.07171001124313094, 0.4324656925856953, 0.12009092895772591], [0.0017262335664852406, 0.000288488235242813, 0.9821111842431066, 0.015874093855165358], [0.020638509778483513, 0.002426736441468587, 0.8913910428283554, 0.08554371085169253]], "ideal": "D", "sampled": "A", "correct": false}}
{"type": "result", "data": {"idx": 9, "options": ["Near-Earth asteroids gradually disintegrate and spread out along their orbital path. When the Earth passes through the orbit of an asteroid we are bombarded by sand-sized particles which cause a meteor shower.", "Near-Earth asteroids disintegrate as they enter Earth's atmosphere creating hundreds of bright meteors that appear to radiate from a single location in the sky.", "The nuclei of comets disintigrate as they enter Earth's atmosphere creating hundreds of bright meteors that appear to radiate from a central location in the sky.", "The nuclei of comets gradually disintegrate and spread out along the comet's orbital path. When the Earth passes through the orbit of a comet we are bombarded by sand-sized particles which cause a meteor shower."], "probs": [[0.9667129911776368, 0.008363845168716392, 0.009778460887449165, 0.015144702666197687], [0.9030596502553896, 0.011018295840621058, 0.06963841071622086, 0.016283643087768498], [0.974466194402217, 0.0055291511125350815, 0.008835643977479895, 0.011169010407768007], [0.9026856253383331, 0.009719552290221048, 0.07181866332508183, 0.015776158946364065], [0.9517550288050365, 0.011981244722224796, 0.017707406385193376, 0.01855631998754532], [0.963435082826539, 0.008206347674227347, 0.014179563630719033, 0.014179005768514559], [0.776047434522193, 0.07564912989292845, 0.04808622386859808, 0.10021721161628037], [0.6379977202597966, 0.06416621540654145, 0.26184256789350124, 0.03599349634016062], [0.2697477956572719, 0.03947311668800799, 0.5710790199295739, 0.11970006762514622], [0.05481456188971825, 0.017795821550594882, 0.8846996376261193, 0.042689978833567656], [0.2731191278673086, 0.6252038617970067, 0.06905759279613125, 0.032619417439553454], [0.2698280700469318, 0.6273945908316151, 0.06510117382608183, 0.037676165195371286], [0.529327900912752, 0.27461950624935455, 0.14026200115839724, 0.05579059157949629], [0.4736170165314049, 0.0977377877013753, 0.39883741203736917, 0.029807783629850607], [0.08117432664712348, 0.027618316159104015, 0.7464967756764426, 0.14471058141732995], [0.07401936086908968, 0.019613317047334287, 0.8740305411297076, 0.03233678085386847], [0.3504846861470218, 0.5344423313938229, 0.06689302201499656, 0.04817996034415872], [0.22853415733678348, 0.6409651922970135, 0.05513817317850133, 0.0753624770877016], [0.9628804795007976, 0.00833084320134626, 0.014394663164800871, 0.014394014033055298], [0.9676407035906346, 0.007504588033330472, 0.013589235938862406, 0.011265472337172481], [0.9715564713677242, 0.006149885248647909, 0.009675231035896606, 0.012618412247731277], [0.9766672152840432, 0.005287888548251934, 0.009726024470212686, 0.008318871597492221], [0.9698590021072422, 0.007177299364631052, 0.010944219543242775, 0.01201947888488402], [0.979602404601162, 0.005060909823518971, 0.007249540243733161, 0.008087145231585909]], "ideal": "D", "sampled": "D", "correct": true}}
{"type": "result", "data": {"idx": 10, "options": ["Radiation pressure from the Sun's light pushes the ions away.", "The conservation of the angular momentum in the tail keeps it always pointing away from the Sun.", "The ions are following Keplerian orbits that lead away from the Sun.", "The solar wind electromagnetically \"blows\" the ions directly away from the Sun."], "probs": [[0.7610587561977906, 0.03396551348635847, 0.042936493186864676, 0.16203923702898623], [0.5832643020922863, 0.04787772610077047, 0.2213850211388705, 0.1474729505680727], [0.7452543128120662, 0.019860572173163383, 0.09041061672458711, 0.14447449819018326], [0.12667392216599205, 0.013144491263551269, 0.6235228787922258, 0.23665870767823083], [0.23225649910180418, 0.548525063934276, 0.09095424142076762, 0.12826419544315215], [0.1751782907011143, 0.6019625111958616, 0.07534430231402105, 0.14751489568900306], [0.041481450676083664, 0.2970818346489472, 0.13182940046505565, 0.5296073141099135], [0.05067553988628726, 0.028426693263590107, 0.667533370330985, 0.25336439641913755], [0.04923176172337422, 0.01031969813960271, 0.3312264532461437, 0.6092220867908793], [0.08621426853886248, 0.013641272712169392, 0.617456515051187, 0.28268794359778104], [0.042307922641036576, 0.7859292976932766, 0.06867342748581504, 0.10308935207987183], [0.04213531240612221, 0.7468793920079602, 0.09644995566442646, 0.1145353398214911], [0.020139330508387614, 0.14423328287382398, 0.39824237451230854, 0.43738501200547986], [0.042050490761053896, 0.02114454221083249, 0.745378412369505, 0.19142655455860866], [0.03853748674512462, 0.019077688119032165, 0.2592766790370967, 0.6831081459987465], [0.058695916509802666, 0.02028503039803749, 0.6409934616151051, 0.28002559137705474], [0.03134392224940085, 0.7713664230779805, 0.06532716054059828, 0.1319624940320203], [0.02676630926268445, 0.6903253132688103, 0.1469779894821704, 0.13593038788633488], [0.9758685683906418, 0.004380154428479747, 0.010184201575053634, 0.009567075505824725], [0.973635276806671, 0.004508849983695258, 0.01016087416744921, 0.011694998942184546], [0.9785178639926886, 0.004392050357567398, 0.008078247586291065, 0.009011837963452904], [0.9709882541603578, 0.005339842976117182, 0.009821501966567954, 0.013850400796956997], [0.9724938682834199, 0.004165116151951154, 0.009684203938053908, 0.013656811526575103], [0.9601924285676491, 0.005448092758092523, 0.017045602769547252, 0.01731387580471119]], "ideal": "D", "sampled": "D", "correct": true}}
{"type": "result", "data": {"idx": 11, "options": ["By observing the duration of a solar eclipse.", "By measuring the size of Earth's shadow on the Moon in a lunar eclipse.", "By comparing the maximum altitude of the Sun in two cities at different latitudes at the same time on the same day.", "By sending fleets of ships around Earth."], "probs": [[0.041165913500603134, 0.008902794489897599, 0.9081170959545285, 0.04181419595497076], [0.011039849133135821, 0.004391368384032517, 0.0061928321206010046, 0.9783759502622307], [0.007243985417416272, 0.9340797204943183, 0.028650848619022607, 0.030025445369242846], [0.006134827392116762, 0.9394045238238014, 0.024263995703636198, 0.03019665298044566], [0.005200189199977031, 0.0015859740220084966, 0.017592080655566826, 0.9756217560224476], [0.01301011820383698, 0.0052565802079270595, 0.9558596049629187, 0.025873696525317263], [0.12725899401194976, 0.013838830560617367, 0.791841343421951, 0.06706083190548186], [0.749074948744341, 0.007696194240407293, 0.02523484869313904, 0.21799400822211265], [0.07076008887745049, 0.8486813332921057, 0.04497824679756232, 0.03558033093288146], [0.11459718895556527, 0.7954733107608581, 0.04777164613209628, 0.042157854051480315], [0.8236184011966987, 0.009893180672482772, 0.023364569684851236, 0.1431238483459673], [0.1803567615456546, 0.021206653414991842, 0.7475646374159758, 0.050871947523377724], [0.9747741410632595, 0.004444171566463682, 0.008701297223314563, 0.01208039004696218], [0.9782010940853025, 0.0036399746528088476, 0.007950463801836552, 0.010208467360052076], [0.9776257685596828, 0.0038124238335187337, 0.007701336266631943, 0.010860471240166517], [0.9739003001031955, 0.004440184794261529, 0.00939989666948051, 0.012259618333062404], [0.9752666576852543, 0.00437749067326342, 0.010178002139189334, 0.010177849402292945], [0.9723548317674918, 0.004868855413738005, 0.010147594250377243, 0.012628718468392955], [0.006113727818408027, 0.0023941766484598024, 0.010399842114072865, 0.9810922533190592], [0.01843094587777764, 0.006780386000436044, 0.9453361128525624, 0.029452555169223935], [0.016774117710615627, 0.011349961001921345, 0.01208200940626912, 0.9597939117811939], [0.02555246982346939, 0.01016409845922016, 0.9293573429724284, 0.03492608864488196], [0.003591514262404445, 0.9652028867654714, 0.01584665880638949, 0.015358940065734636], [0.0033616239151114703, 0.9616840473184877, 0.017340705070128946, 0.01761362359627194]], "ideal": "C", "sampled": "C", "correct": true}}
{"type": "result", "data": {"idx": 12, "options": ["a dwarf galaxy orbiting the Milky Way.", "the closest planetary nebula to the Earth.", "a bright star cluster discovered by Magellan.", "the outer arm of the Milky Way named after Magellan."], "probs": [[0.9906548612596618, 0.0031531456146828324, 0.0027826757036346393, 0.0034093173220206816], [0.9903693749273476, 0.003152231162420794, 0.0024936563789175956, 0.003984737431314032], [0.9909045196927696, 0.0033053057930977855, 0.0022717461707832103, 0.0035184282433493867], [0.9894449648275665, 0.003739851030064557, 0.002304103582529916, 0.004511080459839006], [0.9898554271507529, 0.0028241676036466832, 0.003460276262505131, 0.0038601288830952592], [0.9887958078208098, 0.003402931118808719, 0.0035662834670821294, 0.004234977493299397], [0.00356021476044989, 0.9718834734204561, 0.009091474093771656, 0.015464837625322287], [0.004327585605736626, 0.971761916146362, 0.007191091094998436, 0.016719407052903], [0.009961896098277773, 0.006954635810135311, 0.9398106168488123, 0.04327285114277463], [0.0052832139600513285, 0.0012746521507492595, 0.002237073530250753, 0.9912050602589486], [0.025836349912452365, 0.012591780858870923, 0.9251365488375847, 0.03643532029109204], [0.006072526927121064, 0.0018233270773112258, 0.0022691605165107574, 0.9898349853790569], [0.0035238928266883188, 0.9695194604268854, 0.007757372869821427, 0.01919927377660479], [0.004470179680078613, 0.9653275970349379, 0.007143427444159861, 0.023058795740823625], [0.010958331732943197, 0.004497361874433269, 0.9561205589962031, 0.028423747296420505], [0.005206034868972684, 0.0007441751992377589, 0.0019453702418441242, 0.9921044195899454], [0.012080157813261076, 0.0047307190266375875, 0.9447983869666187, 0.03839073609348264], [0.0059866602337344905, 0.0012746482174790688, 0.0015375148486609458, 0.9912011766001255], [0.006397697045216972, 0.9495366571162177, 0.013544052577235503, 0.030521593161329828], [0.006983199312209122, 0.943684241312644, 0.015493049631053244, 0.033839509644093685], [0.02133616533675555, 0.00903439285213498, 0.9360629167768171, 0.033566524934292394], [0.004887326761384677, 0.0014002589975308578, 0.0022728395069168328, 0.9914395746341677], [0.011247843836068243, 0.005069858636014412, 0.9219192204073104, 0.06176307702060695], [0.0065643078433675036, 0.0018515685483028415, 0.0020020194002403164, 0.9895821041080893]], "ideal": "A", "sampled": "A", "correct": true}}
{"type": "result", "data": {"idx": 13, "options": ["Actually water-ice is all over Mercury and not just at the poles.", "The pole is the only place fortunate enough to have had comet impacts", "Radar from the earth can only see Mercury's poles.", "These craters contain the only permanently shadowed regions on Mercury"], "probs": [[0.0054437469570984606, 0.0012147351656992896, 0.0034067517768320474, 0.9899347660003702], [0.019606243469950747, 0.0059797665995345965, 0.9596142317586983, 0.014799758071816348], [0.006961846693469153, 0.00145937885911546, 0.005594334074785484, 0.9859844402726299], [0.016802726249196487, 0.005898602284278937, 0.9615135156090411, 0.015785155757483522], [0.015559323351758053, 0.9477636380659569, 0.018768466150695374, 0.01790857233158968], [0.02112165038131724, 0.9413048974633134, 0.018640243891693362, 0.01893320816367607], [0.00624988327700655, 0.0012211555276130132, 0.005101179757006967, 0.9874277813383735], [0.01568041481609295, 0.0037245184987671743, 0.9701495865335215, 0.010445480051618432], [0.007069502145449266, 0.0015652255519637925, 0.005680736158951701, 0.9856845360436353], [0.013026110695977358, 0.004035407924934872, 0.9721393585734209, 0.010799122705666861], [0.009614375965152492, 0.950561696553787, 0.01882431576611662, 0.02099961161494394], [0.008591524444474242, 0.9625442161548984, 0.01555752682657207, 0.013306732474055316], [0.0059578353727354726, 0.0014947508509001977, 0.006052034926165165, 0.9864953787501991], [0.010665510737827401, 0.00338256567275235, 0.9752861221789507, 0.010665801310469502], [0.00932909227790668, 0.0021987404969412293, 0.006615647018168561, 0.9818565201069835], [0.01082284254413614, 0.003352891621238806, 0.9743031249329083, 0.011521140801716803], [0.008521733693574288, 0.9547569626298605, 0.01721491828294723, 0.01950638529361796], [0.006725783665877474, 0.9675463138382312, 0.012964631827958657, 0.012763270567932616], [0.9910739347756271, 0.0016237687738830718, 0.004518523204154027, 0.002783773146335735], [0.9921443123992703, 0.0016511300602483022, 0.003930031660111569, 0.0022745257803699088], [0.9884609424881544, 0.0019997918007665133, 0.00543599879401201, 0.0041032668170670255], [0.991775912943431, 0.0016896585728649826, 0.0037486780648807523, 0.0027857503188232283], [0.9909488344732432, 0.0017015049889960879, 0.00473483623563061, 0.002614824202130027], [0.9922612239147058, 0.0014687242397052717, 0.0036923708242856297, 0.002577680921303292]], "ideal": "D", "sampled": "D", "correct": true}}
{"type": "result", "data": {"idx": 14, "options": ["Virgo", "Laniakea", "Sculptor", "Bo\u00f6tes"], "probs": [[0.00328969502313164, 0.9862690449576624, 0.0035849322276675527, 0.006856327691538397], [0.0035888527045398137, 0.9873551768392029, 0.002998623259442245, 0.006057347096814979], [0.02156192825192607, 0.006474120589995581, 0.9459552834425784, 0.026008667615499984], [0.012924622542954095, 0.0026671596912141585, 0.0046810133232445825, 0.9797272043425872], [0.018966879508282256, 0.0051853083493164686, 0.9577494765080445, 0.018098335534356705], [0.011432339725991704, 0.0024340963951166097, 0.004140539793379503, 0.9819930239855121], [0.9948894889709405, 0.0010606583579838653, 0.0013833701255567064, 0.0026664824455188735], [0.9961958947496831, 0.000827126539590931, 0.0011130292935968018, 0.001863949317129158], [0.9942894211282844, 0.0010767118322361222, 0.0015666155738768618, 0.003067251365602514], [0.9934331236653655, 0.001318077331652134, 0.0018299816981606563, 0.003418817204821731], [0.995024299133244, 0.0009508970854984766, 0.0015195367190191148, 0.002505266962238442], [0.9934890504024081, 0.0011815828316433289, 0.0017462769002879702, 0.0035830897656606246], [0.01964975344055681, 0.007116721720178678, 0.9467918623286004, 0.02644166241066412], [0.009051381457693176, 0.0031280852326737627, 0.004998668012663021, 0.98282186519697], [0.004838374867974882, 0.9815055048661885, 0.004616836512417293, 0.009039283653419336], [0.00600329672660066, 0.9785456319234717, 0.004749028779357683, 0.010702042470570007], [0.007158359820307715, 0.002892248223960332, 0.00738561557679595, 0.982563776278936], [0.02091613038424927, 0.009137646408569811, 0.9320719599919499, 0.03787426311523097], [0.014257840620057232, 0.004149300184975012, 0.9688122105145294, 0.012780648580438349], [0.006550270416239393, 0.002688234597199013, 0.0032936969321769273, 0.9874677979543847], [0.0035761893741203536, 0.9838712475585641, 0.004556206641125186, 0.007996356326190338], [0.004197664059576704, 0.9801066439262176, 0.005306368651172239, 0.010389323263033486], [0.004948240371382162, 0.0017921404171040516, 0.005026179027109298, 0.9882334400844045], [0.019046600169887764, 0.006379852913725775, 0.9468609057590357, 0.027712641057350752]], "ideal": "B", "sampled": "B", "correct": true}}
{"type": "result", "data": {"idx": 15, "options": ["Venus", "Mars", "Jupiter", "Saturn"], "probs": [[0.00022438231082647133, 0.0002749194389076617, 0.9962798349779562, 0.003220863172309608], [0.00026718632763443427, 0.0003248155518825578, 0.0004170705939359295, 0.998990927426547], [0.00023738611217533228, 0.9979253067943183, 0.00039445650598506955, 0.0014428504875212762], [0.00025665629594299447, 0.9978512192737766, 0.000356334664983628, 0.0015357896652967635], [0.00026100007783724365, 0.00027139747992601846, 0.0004652812114393127, 0.9990023211307975], [0.00036938937811842163, 0.0005856866661721532, 0.9947843855795419, 0.0042605382761675935], [0.00024440307686278927, 0.0003528371488856251, 0.9958113161626286, 0.003591443511622959], [0.00024141258823152448, 0.0002981043315939914, 0.00034580638208205674, 0.9991146765980924], [0.00021960247875133768, 0.9981821994275182, 0.0003145687105003939, 0.0012836292832300988], [0.00022308544306448206, 0.9982915465193286, 0.0003073149692884913, 0.0011780529683184375], [0.00024328095438898634, 0.0003351329046155343, 0.0004106127570653039, 0.9990109732839302], [0.00028575376904702043, 0.0006241396022015824, 0.9958705640540743, 0.0032195424746771185], [0.9972739774023434, 0.00083452047860702, 0.00048298822117372, 0.0014085137978759193], [0.996788738085697, 0.001014023667887151, 0.0005513208441149868, 0.001645917302300871], [0.9980828193496177, 0.000635382351578705, 0.00034276561158966306, 0.0009390325872138367], [0.9981239475403806, 0.0006659020461843771, 0.0003348392796192867, 0.0008753110338157715], [0.9966776425358931, 0.0012134904313682437, 0.0005868118868723503, 0.0015220550458662808], [0.9985429262587484, 0.0005522839533317518, 0.00024893609696945363, 0.0006558535909503329], [0.0002285739605849808, 0.00023399470872207718, 0.0003857902521307909, 0.9991516409785621], [0.0003549172232899726, 0.0006277819013983953, 0.9938827699717444, 0.005134530803567259], [0.00027352219338691716, 0.0003004053142757936, 0.0004370860989490845, 0.9989889862933882], [0.00033389827385126226, 0.0006904852523193988, 0.9953293816047171, 0.0036462347691122586], [0.0003025290878588621, 0.9982257184677396, 0.0003564686154240385, 0.0011152837289775872], [0.0002528819676459967, 0.9986563650765644, 0.0002933499963747197, 0.0007974028594149228]], "ideal": "C", "sampled": "C", "correct": true}}
