{"type": "result", "data": {"idx": 0, "options": ["an average of 10 times, with an rms deviation of about 4", "an average of 10 times, with an rms deviation of about 3", "an average of 10 times, with an rms deviation of about 1", "an average of 10 times, with an rms deviation of about 0.1"], "probs": [[0.753039061947859, 0.038683272894328845, 0.1154836565140635, 0.09279400854374871], [0.775243543763228, 0.0570451187149795, 0.07796927773081232, 0.08974205969098017], [0.8288961966249485, 0.06594984011605796, 0.04603899488006978, 0.05911496827892374], [0.8077862448273544, 0.08648515584428788, 0.05943842062280848, 0.04629017860554923], [0.8212924613557638, 0.070654253123971, 0.05949508722125099, 0.04855819819901422], [0.701861599494083, 0.05005665030146411, 0.1693343316594863, 0.07874741844496659], [0.7492811772705072, 0.016815050307205762, 0.14300427370549862, 0.0908994986167884], [0.7686644448168314, 0.026303141130716492, 0.11605204121865428, 0.0889803727337978], [0.8776843970673401, 0.05524104721975522, 0.029109242614922686, 0.03796531299798198], [0.8451094565696083, 0.06829821005179064, 0.04767858538499508, 0.03891374789360587], [0.8745621572240154, 0.05859429848493753, 0.03185639205042433, 0.034987152140622695], [0.72775377462427, 0.048758321595345, 0.15254718404705897, 0.070940719633326], [0.677771273994681, 0.02430603852796032, 0.15361411953828347, 0.14430856783907525], [0.648253650231491, 0.043432323178821224, 0.20082207614460704, 0.10749195034508083], [0.7763854921461174, 0.03010497220698703, 0.06274221404487199, 0.13076732150202353], [0.6429533502706408, 0.04657735717959669, 0.20873855064945018, 0.10173074180031229], [0.7223867261978267, 0.12553932372995813, 0.060231863908386786, 0.09184208606382831], [0.7112448678340142, 0.14450579611060013, 0.05930268280913938, 0.08494665314624632], [0.7671004161503274, 0.05915483172759139, 0.091618503654376, 0.08212624836770524], [0.7938404353203092, 0.042073803156833185, 0.10092740836400263, 0.06315835305885495], [0.8991983927066325, 0.03711566618200275, 0.02936038308981644, 0.03432555792154831], [0.7867078565287743, 0.04724740837867566, 0.11333803635221748, 0.05270669864033255], [0.8694738919790821, 0.05140934262535921, 0.029291196236119307, 0.049825569059439405], [0.8745590431215026, 0.05011882250605234, 0.030397659107987543, 0.04492447516445752]], "ideal": "B", "sampled": "D", "correct": false}}
{"type": "result", "data": {"idx": 1, "options": ["500 nm", "550 nm", "600 nm", "650 nm"], "probs": [[0.35369520848886943, 0.27120288799668996, 0.25476380800495296, 0.12033809540948763], [0.3340665449473956, 0.21570423564697308, 0.24441607658231002, 0.20581314272332124], [0.2808410551048584, 0.1960699964199844, 0.40230225596331853, 0.12078669241183868], [0.29611350867847874, 0.1853151133659009, 0.2915317291642797, 0.22703964869134063], [0.3409965583192565, 0.2201778855673153, 0.28270625644023023, 0.15611929957319798], [0.3351507236495847, 0.2032935351420828, 0.2735524516063433, 0.1880032895019892], [0.35252693554606584, 0.30155772192411334, 0.2240872697612615, 0.12182807266855929], [0.33063300948065744, 0.2784446436120085, 0.22724891858139692, 0.16367342822593717], [0.3449647128237036, 0.20924776790433766, 0.299721062153408, 0.1460664570185507], [0.3336496799992018, 0.17860183916400285, 0.27232591532394584, 0.2154225654128495], [0.3426780300191681, 0.1777911431077805, 0.33214794596247527, 0.1473828808105762], [0.28486517068875283, 0.14779601989698646, 0.3715529739485167, 0.19578583536574398], [0.2821430437516784, 0.2957077787949473, 0.2734718498252215, 0.14867732752815277], [0.3091352627733453, 0.3140301750886851, 0.2261761460402355, 0.15065841599773414], [0.3050101399116682, 0.22668159005759306, 0.3196590244450391, 0.14864924548569966], [0.3304042269019324, 0.23800073916321313, 0.2343010192025997, 0.1972940146322548], [0.2881494719827636, 0.2043434116943053, 0.32146406064371846, 0.1860430555792126], [0.3022474095257977, 0.20452490751672334, 0.3070177779340359, 0.18620990492344308], [0.32890438010409895, 0.3042128863157333, 0.20907325796619006, 0.15780947551397773], [0.36667617059032526, 0.3236224852589255, 0.170528168347467, 0.13917317570328225], [0.3395118218175354, 0.19346175172366506, 0.3091396483213409, 0.1578867780374586], [0.33899043017187613, 0.2056242437641109, 0.26817611656416257, 0.18720920939985036], [0.3126713931247845, 0.18382644651482047, 0.3078359365155421, 0.19566622374485293], [0.3440849226305823, 0.21200013069177623, 0.2597380682761458, 0.1841768783014956]], "ideal": "C", "sampled": "A", "correct": false}}
{"type": "result", "data": {"idx": 2, "options": ["There are no changes in the internal energy of the system.", "The temperature of the system remains constant during the process.", "The entropy of the system and its environment remains unchanged.", "The entropy of the system and its environment must increase."], "probs": [[0.034739334105054975, 0.042564108090468844, 0.8820806979983359, 0.04061585970614029], [0.022197801989668017, 0.02219805158412217, 0.9439063825541769, 0.011697763772032885], [0.017573648115841056, 0.15420577732749824, 0.8079927984260387, 0.020227776030621973], [0.018029612832064425, 0.0497820114512812, 0.9104398536455549, 0.02174852197109949], [0.016243455279420404, 0.0408363810178366, 0.9294533952453218, 0.013466768357421251], [0.013958199199938567, 0.03976373711063571, 0.9337656096298323, 0.01251245395959336], [0.06201846587952398, 0.02077386113484745, 0.8696548578211556, 0.04755281506447296], [0.043534507531866405, 0.010340487875166962, 0.9308425692068951, 0.01528243528607147], [0.022039556037272628, 0.4426908400720064, 0.5175594331905238, 0.0177101706001972], [0.07581859674362575, 0.11382015193688814, 0.7657878401167251, 0.04457341110276105], [0.03924666023369801, 0.15767073835289158, 0.7761072020811652, 0.026975399232245168], [0.06753811003342548, 0.036720248188542644, 0.8623067675042476, 0.03343487417378424], [0.7347224052196119, 0.033306447256916186, 0.21719101938967883, 0.014780128033793067], [0.11576627615334598, 0.023155139109920304, 0.8421795728096594, 0.018899011827074343], [0.7708206312180852, 0.02637616422729253, 0.18890354339767068, 0.013899661056951585], [0.1135926084371045, 0.03305778458137247, 0.8263682572549472, 0.02698134962657576], [0.14203368073014033, 0.10721416730399365, 0.7326936097727652, 0.01805854209310078], [0.2844579783789449, 0.10796937224713565, 0.5746425921494022, 0.03293005712451737], [0.021101513167917512, 0.010124711910656876, 0.9551493204311152, 0.013624454390310427], [0.013517778195789197, 0.003417877206964958, 0.9777706219350316, 0.005293722562214179], [0.010588551136324263, 0.23358200923219277, 0.7308218018505392, 0.025007637680943662], [0.013981179560370522, 0.012147178947734304, 0.9649844968505258, 0.008887144541369392], [0.0042418160521940276, 0.9304230240085668, 0.05855663512813883, 0.006778524711100329], [0.006983525346660555, 0.9437202521868773, 0.040187848175186246, 0.009108374191275883]], "ideal": "C", "sampled": "C", "correct": true}}
{"type": "result", "data": {"idx": 3, "options": ["a dye laser", "a helium-neon laser", "an excimer laser", "a ruby laser"], "probs": [[0.8576881331605437, 0.01570953359368806, 0.10735488736709937, 0.019247445778668843], [0.9335574520299311, 0.010052139242577675, 0.028635960145216348, 0.02775444848227486], [0.9258080407353232, 0.023177907207662076, 0.03118920435938046, 0.019824847597634213], [0.825984909390902, 0.045167140971120213, 0.08438219883631042, 0.04446575070166736], [0.9074688527548264, 0.014440900604358611, 0.04178632411188842, 0.03630392242892657], [0.7984068602296663, 0.030006310377689038, 0.12054556768265273, 0.0510412616099919], [0.025562660766071853, 0.9297688602471416, 0.025966323909547076, 0.01870215497723955], [0.028921879986697638, 0.9283387711926857, 0.018384665351672054, 0.024354683368944596], [0.024901135540155744, 0.007134407944043512, 0.9491679318945724, 0.018796524521228323], [0.01484376902623693, 0.006384311961613361, 0.016303197193085532, 0.9624687217190642], [0.010630317710140233, 0.003910721652076289, 0.9720209009098794, 0.013438059627904165], [0.010733562080721149, 0.004763039564634516, 0.018258919189355353, 0.966244479065289], [0.11083527857898248, 0.8450049289033951, 0.02716251136365765, 0.016997281053964784], [0.13911207018891625, 0.7759488224207266, 0.04807780682559841, 0.036861300464758696], [0.02287846349766131, 0.0045760450188210245, 0.9577739906464927, 0.01477150073702501], [0.012589847702922038, 0.0039616264509591305, 0.014045375437129304, 0.9694031503089895], [0.024099248223240912, 0.0061893087602140125, 0.9477686422078542, 0.021942800708690913], [0.0161548389951256, 0.005083423192571652, 0.025021840303862865, 0.9537398974084399], [0.029760586704627973, 0.911524910438502, 0.03119037363942636, 0.027524129117443653], [0.03388482142544571, 0.8877297142901438, 0.0470469306894881, 0.03133853349492237], [0.014046783426798791, 0.004024532585705205, 0.9695323614408948, 0.012396322446601214], [0.01139911388517347, 0.006394391588818244, 0.018216316155554135, 0.9639901782704542], [0.02643132986572501, 0.008061274051601989, 0.9464694375195319, 0.01903795846314102], [0.015431947248618067, 0.008132176124774269, 0.036446600037137775, 0.9399892764894698]], "ideal": "A", "sampled": "A", "correct": true}}
{"type": "result", "data": {"idx": 4, "options": ["The Heisenberg uncertainty principle", "The Pauli exclusion principle", "The Bohr model of the atom", "Nuclear hyperfine coupling"], "probs": [[0.05805375517808949, 0.9081401980288316, 0.01743128066109655, 0.016374766031982322], [0.06388299261710467, 0.8819079529641505, 0.033142760886555066, 0.021066293432189822], [0.10493692087775827, 0.018522743271843608, 0.8516156736030093, 0.024924662147388824], [0.23823412610585215, 0.016727103285865883, 0.03378948266858379, 0.7112492878396982], [0.06917999119461664, 0.01643199143775868, 0.897167825162752, 0.017220192104872665], [0.2654276162258988, 0.021788192667255363, 0.024306384572492453, 0.6884778064343534], [0.9884067837285813, 0.004722653995431912, 0.003915240304964461, 0.0029553218710223718], [0.9793928328441347, 0.0071355002458974096, 0.008085600152361223, 0.005386066657606645], [0.9875564040243324, 0.005263971197387754, 0.0035618085168858627, 0.003617816161393932], [0.9894450759738024, 0.0040437622915218555, 0.003458823235682823, 0.0030523383989929445], [0.9815677223316732, 0.008900018785144409, 0.0049150797753672835, 0.004617179007815084], [0.9875713541621729, 0.005964961235650993, 0.003732777408851162, 0.0027309070933248815], [0.08238672464262116, 0.019568994639347116, 0.8585146664714606, 0.039529614146571176], [0.06466673554827075, 0.011414805851286815, 0.017135440077239366, 0.9067830184232031], [0.019716279579217528, 0.9500342010501687, 0.01465255487563712, 0.015596964394976653], [0.019748242827462917, 0.9515788082218992, 0.014224699882435084, 0.014448248968202728], [0.11219420408297673, 0.03421823345771492, 0.11045698943885382, 0.7431305729204545], [0.04308264582378857, 0.008890896625045533, 0.935683126419381, 0.012343331031784881], [0.29313065529584065, 0.06643702522242269, 0.6109516422273726, 0.029480677154364004], [0.6937784992855248, 0.19877473563706788, 0.021956212325667378, 0.08549055265173992], [0.04961889352726156, 0.9362783543169677, 0.007491649206177386, 0.006611102849593321], [0.04429930785549738, 0.9471968932516146, 0.004318405373794836, 0.004185393419093222], [0.8235132419496142, 0.024482752220376186, 0.0968321897616188, 0.055171815968390776], [0.08791088115489062, 0.011531620027500132, 0.8878928223580452, 0.01266467635956398]], "ideal": "B", "sampled": "B", "correct": true}}
{"type": "result", "data": {"idx": 5, "options": ["1/2", "1", "3/2", "5/2"], "probs": [[0.0646862755302006, 0.13694378630234438, 0.6431916903568472, 0.15517824771060784], [0.04522615092256218, 0.08582552054566442, 0.8271205814393452, 0.04182774699242822], [0.19799870708101658, 0.07171178234409559, 0.6004362984663769, 0.12985321200851094], [0.11826947378246395, 0.12202719670986346, 0.5821551474301724, 0.17754818197750022], [0.23718434393131899, 0.1966376438790793, 0.526229377587942, 0.03994863450165975], [0.20060861706541439, 0.3307578959956186, 0.3307549455656146, 0.13787854127335245], [0.1841675517399851, 0.21198101655480917, 0.44876233407483607, 0.15508909753036965], [0.1746713531935733, 0.12194272965420813, 0.6592214752016481, 0.04416444185057042], [0.1406666304576765, 0.12414125624215322, 0.7033104280157018, 0.03188168518446854], [0.2222615695425049, 0.24033238586122083, 0.4489939045086815, 0.08841213998759279], [0.17330168551866496, 0.17330618566982703, 0.6439158413383941, 0.009476287373113948], [0.3054958351879359, 0.3743133330189887, 0.2825458708691995, 0.03764496082387582], [0.27201782843677497, 0.1675906280233571, 0.41478733968200876, 0.14560420375785915], [0.11271746130343108, 0.09199975027713143, 0.7236341506872944, 0.07164863763214302], [0.1255104113320727, 0.13153727547309613, 0.6680049995112731, 0.07494731358355806], [0.06375921009436465, 0.10512437316932462, 0.741199818969152, 0.08991659766715876], [0.06499948854841403, 0.04398175537214361, 0.8562269487036256, 0.034791807275816766], [0.24038056220904838, 0.08571228841799715, 0.6235200553073809, 0.05038709396557356], [0.5539286670213364, 0.1197983162007825, 0.2873809901257705, 0.03889202655211061], [0.4755300023492617, 0.16179541896942928, 0.3217671442960887, 0.04090743428522032], [0.26087979743046474, 0.13324693489310643, 0.5788029712025132, 0.027070296373915635], [0.17513986266856932, 0.1222700827579206, 0.660990366674911, 0.04159968779859906], [0.2797486222222847, 0.09225330621156903, 0.6015675741781976, 0.026430497287948624], [0.47129028767501363, 0.10353104711295771, 0.39687540901464724, 0.028303256097381397]], "ideal": "C", "sampled": "D", "correct": false}}
{"type": "result", "data": {"idx": 6, "options": ["V_0/5", "V_0/3", "V_0/2", "2V_0/3"], "probs": [[0.2756227377804896, 0.03789168020219734, 0.5927104618274237, 0.09377512008988925], [0.34568126036290364, 0.1441170914063905, 0.24514160288331044, 0.26506004524739535], [0.3418848812238224, 0.2207536101120494, 0.2970497011841317, 0.14031180737999652], [0.31338549124125237, 0.21541585347012016, 0.21540454348860663, 0.2557941117000208], [0.24122991339396269, 0.015184807082557823, 0.5878343149758049, 0.1557509644476746], [0.24497799907991255, 0.01591038077242868, 0.615930185847245, 0.12318143420041373], [0.15637276996981653, 0.010809713827632308, 0.7577912647602777, 0.07502625134227353], [0.3072289342583799, 0.06145765860724019, 0.41344516025242684, 0.2178682467819531], [0.3199913549101938, 0.23049575431568806, 0.34064111617736686, 0.10887177449675126], [0.24802648267728816, 0.13698451627865055, 0.5502888127697214, 0.06470018817433984], [0.39708141671863295, 0.13511674507449176, 0.24849999689060953, 0.21930184121626575], [0.23770867595672393, 0.014729986157862642, 0.6666873183679184, 0.08087401941749499], [0.24520786332501995, 0.023904657211601576, 0.5110790180563121, 0.21980846130706636], [0.1997956689342518, 0.01589837782399173, 0.5781635968291576, 0.20614235631259886], [0.352662520763077, 0.03229699812454734, 0.38733838880435195, 0.22770209220802362], [0.30118689162391743, 0.031747803325367654, 0.5897153659299041, 0.07734993902081076], [0.35491879641762325, 0.04880064234844972, 0.18128603150374473, 0.4149945296301823], [0.24350556139155216, 0.013955885205090496, 0.6122003644863665, 0.13033818881699083], [0.41697256141915434, 0.06007813543295518, 0.391738544993712, 0.13121075805417845], [0.2552787566198403, 0.028645104589983886, 0.5935925023561003, 0.12248363633407557], [0.3844146516031357, 0.2994104094372139, 0.23684797217968848, 0.07932696667996192], [0.3440402031217798, 0.21531036126824232, 0.3662465107352279, 0.07440292477474998], [0.40236754402812014, 0.14804162911894353, 0.20552403304053324, 0.24406679371240309], [0.42176307024059967, 0.10176331018128235, 0.36644933693063436, 0.1100242825474836]], "ideal": "D", "sampled": "C", "correct": false}}
{"type": "result", "data": {"idx": 7, "options": ["0.25mc^2", "0.60mc^2", "0.67mc^2", "1.25mc^2"], "probs": [[0.09801493306812199, 0.10934890410041576, 0.7019870740380812, 0.09064908869338101], [0.18464602917696155, 0.22980988143709669, 0.37301108994264015, 0.2125329993433016], [0.15083571001624269, 0.139507265963719, 0.605989047913586, 0.10366797600645232], [0.206934829190575, 0.20694542391641957, 0.466353933459539, 0.11976581333346643], [0.1603989898998079, 0.41606396432530646, 0.2728552221979037, 0.15068182347698197], [0.1814981604149703, 0.4220165091769414, 0.2811179312199457, 0.1153673990881426], [0.26899465314601106, 0.05214885505179692, 0.596817658853059, 0.08203883284913298], [0.2438620523093795, 0.04441177554751451, 0.632555138862862, 0.07917103318024403], [0.29435987593388874, 0.4087030473853109, 0.13689402356391236, 0.16004305301688804], [0.17996694965474141, 0.07862427537011613, 0.6792137369127204, 0.06219503796242209], [0.22879976587389628, 0.6317669121378922, 0.08158365620604811, 0.05784966568216341], [0.19289782928829363, 0.448521590911025, 0.3082602963774144, 0.05032028332326695], [0.4645320582303318, 0.05377566220992873, 0.35066305150573474, 0.1310292279540047], [0.3198349153534232, 0.03702466879253651, 0.5791690845241472, 0.06397133122989312], [0.5576852434833284, 0.12061383304401971, 0.11330470188383121, 0.20839622148882067], [0.22925692623604862, 0.0380156484356084, 0.6738490411423647, 0.05887838408597829], [0.38715761463394194, 0.4743815606986032, 0.07623866114481352, 0.06222216342264133], [0.3077923380014362, 0.447856475559706, 0.1956512454864313, 0.048699940852426515], [0.39383478041580294, 0.05585977536560389, 0.369990241453778, 0.18031520266481513], [0.4669374999363096, 0.05490521570365742, 0.352480342698007, 0.12567694156202597], [0.6956971131531237, 0.08845145801796354, 0.09867468254753621, 0.11717674618137659], [0.35896006853240015, 0.04354801839078781, 0.5473698331575548, 0.05012207981925719], [0.6939452159121109, 0.11507261569879251, 0.1081006524820251, 0.08288151580707152], [0.4064011320780745, 0.06634510381987085, 0.4677837244823359, 0.05947003951971878]], "ideal": "A", "sampled": "D", "correct": false}}
{"type": "result", "data": {"idx": 8, "options": ["Planck\u2019s constant", "Boltzmann\u2019s constant", "The Rydberg constant", "The speed of light"], "probs": [[0.9990770263341502, 0.0003051689540481438, 0.00035677967595672033, 0.00026102493584492906], [0.9987806002869916, 0.0003566721833539876, 0.0005354281123339183, 0.0003272993173205524], [0.9988733425262069, 0.00039483597670003396, 0.0004170312269616099, 0.00031479017013155095], [0.9986785356359987, 0.00045436639549277486, 0.0005523685416620709, 0.0003147293268464647], [0.9990024324304368, 0.0004371023803199324, 0.0002911749165255317, 0.0002692901727176967], [0.9988861969082203, 0.0004875647568965249, 0.0003351002530030142, 0.0002911379818801135], [0.00041343639615354095, 0.9980458794273064, 0.000848303746210183, 0.0006923803303299269], [0.0006813870208516581, 0.9976878321781647, 0.0009386511062550849, 0.0006921295947285186], [0.00037038606846569985, 0.00034524978778701905, 0.997475477220305, 0.0018088868234421756], [0.0004055808688014312, 0.0003310323117709187, 0.004751636489529318, 0.9945117502298984], [0.0005472571141612156, 0.0008410419938954805, 0.9972251262603965, 0.001386574531546782], [0.0006104952285051342, 0.0016466096532594611, 0.0005429865061963516, 0.997199908512039], [0.0008285735541011545, 0.9979441459368635, 0.0006709898605171303, 0.0005562905485181668], [0.0013442231150501136, 0.9974361014819242, 0.000725142755863746, 0.0004945325471619564], [0.0008400806329427957, 0.0006750487435650029, 0.996128833033855, 0.0023560374896371456], [0.0010211666150534995, 0.0007129080014599387, 0.009996064290008934, 0.9882698609934776], [0.001450520948154163, 0.001643712276705598, 0.9954324216899401, 0.0014733449852001237], [0.0015603165513374928, 0.007103093031425571, 0.0010232899894372478, 0.9903133003277996], [0.0039393603366702145, 0.9945685753664265, 0.000751859732982626, 0.0007402044639206666], [0.0030699717324486463, 0.995204089578494, 0.0009735944315984636, 0.0007523441574588118], [0.0025449383254215092, 0.0006796743179260642, 0.9951322563699939, 0.001643130886658459], [0.008696339129304778, 0.0006154013201713955, 0.0010885042185219084, 0.9895997552320019], [0.0018924787522312824, 0.000659186904662363, 0.9957782441416966, 0.0016700901014097178], [0.01966479587957668, 0.001144670171797483, 0.0015891939248332044, 0.9776013399237926]], "ideal": "A", "sampled": "A", "correct": true}}
{"type": "result", "data": {"idx": 9, "options": ["mc/2", "mc/(2^(1/2))", "mc", "(3^(1/2))mc"], "probs": [[0.14624852267490815, 0.0873306189538518, 0.6869073066972375, 0.07951355157400251], [0.14732029593543347, 0.4196933680444471, 0.3217828773599088, 0.1112034585602106], [0.11588835488091932, 0.11771586317356843, 0.7099170405415736, 0.05647874130393865], [0.10305253875950042, 0.29820464391429297, 0.5233484143992232, 0.07539440282698341], [0.17335085052452923, 0.23328132229852425, 0.4496525689613416, 0.14371525811560493], [0.179362271246906, 0.16588768732127962, 0.570025456714821, 0.08472458461699336], [0.14262341811562393, 0.5382770620211352, 0.27491752949096526, 0.04418199027227552], [0.13306299745914396, 0.6653130352436908, 0.14164888224158828, 0.05997508495557694], [0.2025316649774647, 0.16530410623677325, 0.595281106585121, 0.03688312210064101], [0.3959633123300988, 0.28521358215000137, 0.2764315523119353, 0.04239155310796453], [0.2716146510424294, 0.0361899225448361, 0.6026270613450332, 0.08956836496770128], [0.5043452827323203, 0.08233488849964266, 0.33597551771691847, 0.0773443109511186], [0.1354817568640137, 0.15839807333558648, 0.6264743664277234, 0.07964580327267648], [0.21682881785975902, 0.19135771055205095, 0.4810658907885744, 0.11074758069961559], [0.11581966452363747, 0.07247947263707326, 0.7552553527085024, 0.05644551003078685], [0.08481360465551029, 0.40463913051378714, 0.310240130975209, 0.20030713375549355], [0.16725974219414722, 0.5399521729542724, 0.23588143901839173, 0.05690664573318863], [0.151264756902827, 0.29618248340505887, 0.28706294295301366, 0.26548981663910043], [0.27363416549807296, 0.17124471066669816, 0.4238274693065247, 0.13129365442870414], [0.25380355306265545, 0.06123422876307634, 0.590122346447422, 0.09483987162684614], [0.1649369469763779, 0.024903538027755485, 0.6836922853237773, 0.1264672295720893], [0.248524662016424, 0.04455942114262626, 0.5513903148542438, 0.15552560188670592], [0.32675818092473363, 0.15435649683059197, 0.3645327443195344, 0.15435257782513997], [0.19551285735215043, 0.05601851909758027, 0.3888395057818466, 0.35962911766842265]], "ideal": "D", "sampled": "A", "correct": false}}
{"type": "result", "data": {"idx": 10, "options": ["square", "hexagon", "cube", "tetrahedron"], "probs": [[0.011854906257734906, 0.9716668043237575, 0.009828202942608083, 0.006650086375899457], [0.010230253821128452, 0.9651385299272571, 0.004908897160477843, 0.019722318991136526], [0.05374529374477156, 0.011266709794838386, 0.8950435168222224, 0.03994447953816769], [0.11651731722522915, 0.05012206229493063, 0.049340455432580185, 0.78402016494726], [0.12927091743667943, 0.11410470285658678, 0.3053326997750073, 0.45129167983172647], [0.2474331473014878, 0.22885844705948888, 0.03915240344783602, 0.48455600209118727], [0.9973297075915116, 0.0008411376504809744, 0.0010633050122162233, 0.0007658496457911587], [0.9910174747990508, 0.003009834136419736, 0.0026149950358997018, 0.003357695928629798], [0.9978888007103672, 0.0007087095853745591, 0.0008285691705801493, 0.0005739204336780631], [0.996542774311944, 0.0010791957855127003, 0.0013642347493271702, 0.001013795053216069], [0.9957334618922359, 0.00136310151505168, 0.001406375530670541, 0.0014970609620419504], [0.9963744354801847, 0.0011307930189963216, 0.0013639956112904545, 0.0011307757895285665], [0.027835237451907788, 0.01040243030447882, 0.9218858058830804, 0.03987652626053291], [0.30930237476761674, 0.08590637562601586, 0.06186753437898011, 0.5429237151273872], [0.31731654835710166, 0.4270413438243984, 0.012304315041206928, 0.24333779267729297], [0.3844783653890845, 0.4029855184243312, 0.0161200037449125, 0.19641611234167178], [0.4221607210347686, 0.05804646062755926, 0.026158502723724664, 0.4936343155139475], [0.21312804676791647, 0.07030145130573125, 0.2131440655163176, 0.5034264363100347], [0.005991280738990358, 0.004054067938534918, 0.9766614591023428, 0.013293192120131884], [0.3833857504892352, 0.23621788794582654, 0.09543895046530657, 0.28495741099963173], [0.04684582231000304, 0.8702720965775336, 0.013634118203273928, 0.06924796280918945], [0.014657327791550987, 0.9653498472807344, 0.0072565157288795165, 0.0127363090988351], [0.3552035026790483, 0.08051546512268988, 0.03923719675377291, 0.5250438353444888], [0.05301683751076428, 0.04327584347800726, 0.7914473348289981, 0.1122599840822304]], "ideal": "D", "sampled": "B", "correct": false}}
{"type": "result", "data": {"idx": 11, "options": ["0.024 m", "0.048 m", "0.121 m", "0.242 m"], "probs": [[0.3475520908484998, 0.16938644645904402, 0.32143551108006957, 0.1616259515123866], [0.3196391534405003, 0.11220646899278013, 0.17652374898792791, 0.3916306284787916], [0.19163607915672942, 0.049991922820214606, 0.5811383387374143, 0.17723365918564174], [0.2901602279045015, 0.11363020859899996, 0.20575629896265932, 0.3904532644338392], [0.251597823561884, 0.06878439387575674, 0.4774544572163088, 0.20216332524605046], [0.22955075881083864, 0.06785637732982722, 0.44247778256705267, 0.2601150811922815], [0.2859870620687682, 0.2997183918821075, 0.25635902543132755, 0.15793552051779675], [0.28902609841498855, 0.27579771236711764, 0.19556689876298422, 0.23960929035490958], [0.2617319343006514, 0.07982480882016914, 0.5205213659714302, 0.13792189080774925], [0.34640514330968514, 0.14898988381043468, 0.20364285700009047, 0.3009621157797897], [0.2906224152946602, 0.09888126773800035, 0.42285776449130674, 0.1876385523760327], [0.2231805912706222, 0.05469365391255895, 0.5189181894350038, 0.20320756528181508], [0.3544405400398581, 0.13880343733830014, 0.2593168019989096, 0.24743922052293216], [0.34029701348716473, 0.13966070114169646, 0.3350262641571712, 0.18501602111396756], [0.23530470183082816, 0.17486712595363874, 0.40657377844818393, 0.18325439366734914], [0.32041195986678705, 0.26563826992353606, 0.2134426299550067, 0.20050714015467017], [0.3125947643668959, 0.08956122942353965, 0.3830020937759664, 0.214841912333598], [0.23232498397673804, 0.05518263472576795, 0.44087841257298227, 0.27161396862451176], [0.30083831693444835, 0.1741152975665962, 0.287064220175286, 0.23798216522366947], [0.3966576518223802, 0.16026777562280534, 0.2994156599093678, 0.14365891254544663], [0.23936123608576984, 0.1222556578486572, 0.46865158220943154, 0.16973152375614145], [0.3584599441160928, 0.16411840669483263, 0.29717725069565215, 0.1802443983934224], [0.3108899891065605, 0.18856805561087342, 0.29665616151704155, 0.2038857936655245], [0.2809293013668659, 0.17857262756488096, 0.328442369792435, 0.21205570117581812]], "ideal": "D", "sampled": "A", "correct": false}}
{"type": "result", "data": {"idx": 12, "options": ["Specific heat", "Thermal conductivity", "Electrical resistivity", "Hall coefficient"], "probs": [[0.0003688524812141168, 0.0002917887762851312, 0.005999500737615013, 0.9933398579048858], [0.00025611453079459274, 0.000301781847332315, 0.9957369275817205, 0.0037051759401525615], [0.00036796545298672543, 0.0003679671701128165, 0.0005353796007234416, 0.998728687676177], [0.0004901491441747767, 0.0013428309749860495, 0.9963880987473231, 0.0017789210335160078], [0.000292879793103373, 0.9970715109643362, 0.0013023654547855434, 0.0013332436877748798], [0.000785660192627134, 0.9916942821198336, 0.004314107141354212, 0.003205950446185088], [0.0002135177066719931, 0.0002595710292885021, 0.006000617959214775, 0.9935262932048247], [0.00018000992461796722, 0.00030621114573689263, 0.9946864108239786, 0.004827368005666612], [0.00019702878044680348, 0.00045099885465035226, 0.0002735422396726422, 0.9990784300252302], [0.00044323442823007643, 0.001223816804424509, 0.9973341160989582, 0.0009988325683873004], [0.00023182770344506838, 0.9976723490744532, 0.001088827531560878, 0.0010069955905407687], [0.0005765465884732858, 0.9946963159351272, 0.003266342672360613, 0.0014607947040388973], [0.0002610055804592553, 0.0001711736054806251, 0.0005439746587306274, 0.9990238460553295], [0.00034268123790601147, 0.0005064588483718206, 0.9978474701808937, 0.0013033896328284431], [0.0001535011256001374, 0.00011861708911076588, 0.0002958760012497975, 0.9994320056840392], [0.0003826474076517293, 0.0002713419839651744, 0.9987849019519877, 0.0005611085563954659], [0.0006862894169276474, 0.9970567319444961, 0.0012427132415421122, 0.0010142652970341747], [0.0008814245820259831, 0.9972965789591901, 0.0010969575531144802, 0.0007250388056694143], [0.9974959712570501, 0.0006350204867999342, 0.0012240051128943666, 0.0006450030432554878], [0.9952601564006911, 0.0007642689693575723, 0.0034251105469482106, 0.0005504639830030723], [0.9976180524126046, 0.000551787114512075, 0.001224160613794678, 0.0006059997590886352], [0.9849939089044647, 0.0007803879940082477, 0.01361795013592234, 0.0006077528656047279], [0.998066945603147, 0.0007784947858974569, 0.0007313113046612963, 0.00042324820629422295], [0.9983242169103357, 0.0007547343859599537, 0.0006064353519838259, 0.00031461325172051806]], "ideal": "D", "sampled": "D", "correct": true}}
{"type": "result", "data": {"idx": 13, "options": ["two hydrogen atoms and one helium atom", "four hydrogen atoms and one helium atom", "six hydrogen atoms and two helium atoms", "three helium atoms and one carbon atom"], "probs": [[0.8317448789517266, 0.08365483422489545, 0.052349155695994375, 0.0322511310273836], [0.7907679609937409, 0.13113164790508805, 0.013188035115498705, 0.06491235588567228], [0.5233142121988075, 0.021940517105848774, 0.40756643820813215, 0.04717883238721166], [0.3452304330630133, 0.03211379076309412, 0.007165453918405784, 0.6154903221554867], [0.20230759489834443, 0.009611369951492444, 0.7400284935908905, 0.048052541459272596], [0.28066873809001486, 0.005558809316708911, 0.04043570198120109, 0.6733367505120752], [0.5450022138854912, 0.35189753242941085, 0.05396479287256383, 0.04913546071253414], [0.4742445086529799, 0.4318340452465271, 0.011507861400793533, 0.08241358459969944], [0.5363145856346945, 0.025880542500166515, 0.3923835004472743, 0.045421371317864695], [0.48083511863337414, 0.0556644732872772, 0.0046411646436940596, 0.4588592433356546], [0.18494849602925637, 0.009065540118153905, 0.7666079668828469, 0.03937799686974284], [0.47425564897972994, 0.006980036352156049, 0.17177086986852985, 0.34699344469958415], [0.5043592302187807, 0.17705486185404778, 0.22381550894479427, 0.09477039888237727], [0.27656593555433756, 0.30377029973510533, 0.010893089553645914, 0.40877067505691117], [0.42081007670731885, 0.06353441672534996, 0.4274470241495216, 0.08820848231780952], [0.3901766501840427, 0.17315247324145022, 0.0080983420668273, 0.4285725344076798], [0.20293140582383995, 0.00891647560865847, 0.6250883852510336, 0.16306373321646794], [0.34153136830222597, 0.00882186839432068, 0.4668318063185522, 0.18281495688490113], [0.021401477787109248, 0.5266995841508835, 0.31450080348579046, 0.13739813447621677], [0.01415092070480553, 0.6712791504291978, 0.0789287707586395, 0.23564115800735708], [0.07263781495809829, 0.2202799950173757, 0.5713670551237602, 0.1357151348007658], [0.014265158479297874, 0.5971902330185898, 0.09748658827990576, 0.29105802012220666], [0.1241591451377496, 0.026852004827526307, 0.6505728508754575, 0.19841599905926663], [0.16595781966968695, 0.02884028042176419, 0.4802372645798517, 0.3249646352286972]], "ideal": "B", "sampled": "A", "correct": false}}
{"type": "result", "data": {"idx": 14, "options": ["Lines in the infrared, visible, and ultraviolet regions of the spectrum reveal primarily the nuclear structure of the sample.", "The wavelengths identified in an absorption spectrum of an element are among those in its emission spectrum.", "Absorption spectra can be used to determine which elements are present in distant stars.", "Spectral analysis can be used to identify the composition of galactic dust."], "probs": [[0.5734180722047952, 0.1748941067447096, 0.14052550283866297, 0.1111623181118322], [0.6300478295330455, 0.10285835997364892, 0.15930511833750555, 0.10778869205580005], [0.2588804065922302, 0.06968022882241583, 0.5068840383976453, 0.1645553260877086], [0.5332944352891132, 0.06369844775979673, 0.13484236496201016, 0.26816475188907984], [0.3091588454823093, 0.06791587564108759, 0.49404839079849616, 0.12887688797810695], [0.6124596780511931, 0.07315435514322625, 0.08552140168219459, 0.2288645650233861], [0.0500354133469932, 0.6800642102228868, 0.15173304439062646, 0.11816733193949361], [0.05437305366549603, 0.6942374446950471, 0.14325601817516356, 0.10813348336429328], [0.11939418648386817, 0.057289423454318714, 0.6354808787272818, 0.18783551123453132], [0.21308718698981097, 0.04466732235054781, 0.09604822879087163, 0.6461972617687696], [0.11790581923183965, 0.0548343925290973, 0.6474730444142173, 0.1797867437248458], [0.12898505693763018, 0.03312741839013662, 0.0599851019609415, 0.7779024226112917], [0.09329898117963005, 0.17705963945986677, 0.5805503855188127, 0.1490909937416905], [0.07923909807271029, 0.4930890532671165, 0.12862182524703514, 0.2990500233131381], [0.09856370919647603, 0.05978668079612724, 0.66317249851336, 0.17847711139403669], [0.09795246053358855, 0.30173694409980867, 0.11815692219095944, 0.48215367307564333], [0.09226232720721449, 0.04158897713697378, 0.6305453832467277, 0.23560331230908405], [0.10373375381382303, 0.0387638772600382, 0.7200771521732916, 0.13742521665284715], [0.07477412093524481, 0.28220810432115007, 0.5439585840173526, 0.09905919062625242], [0.06248700618119026, 0.621364831862302, 0.10142889617859308, 0.21471926567791466], [0.08277058538882796, 0.05689058409888926, 0.7150711959252601, 0.14526763448702257], [0.11279362523019117, 0.24637761893176133, 0.11104782752362913, 0.5297809282144184], [0.06854039519299386, 0.029945107564345163, 0.7031833620453843, 0.19833113509727665], [0.07178469112211153, 0.025999973830957826, 0.6811007476484059, 0.22111458729852473]], "ideal": "A", "sampled": "A", "correct": true}}
{"type": "result", "data": {"idx": 15, "options": ["Bosons have symmetric wave functions and obey the Pauli exclusion principle.", "Bosons have antisymmetric wave functions and do not obey the Pauli exclusion principle.", "Fermions have symmetric wave functions and obey the Pauli exclusion principle.", "Fermions have antisymmetric wave functions and obey the Pauli exclusion principle."], "probs": [[0.0724103983033368, 0.7545811645614692, 0.09592801474458355, 0.07708042229061043], [0.09465700810157943, 0.527979099458368, 0.28704122989173814, 0.09032266244831447], [0.01984795576531471, 0.004864149312875637, 0.9269245961309458, 0.04836329869086385], [0.02683774012772978, 0.009131262724283622, 0.8887614639945712, 0.07526953305341537], [0.1362787393604386, 0.4610419559809148, 0.3372917544830379, 0.06538755007560873], [0.10839879390557784, 0.5012478175863672, 0.3391489646339757, 0.051204423774079307], [0.033585094634652826, 0.8937153612332077, 0.04114937413972029, 0.03155016989241914], [0.04907732762704316, 0.8172563775029364, 0.09168829693280024, 0.041977997837220185], [0.22995316637312835, 0.3345965096825071, 0.21942510871741702, 0.21602521512694753], [0.14462310020437352, 0.04998154174043527, 0.7460411162448395, 0.0593542417103517], [0.3329630593015498, 0.22181429627746377, 0.28038890002513145, 0.16483374429585498], [0.3285739919639676, 0.1872284803433205, 0.3337594468927575, 0.1504380806999544], [0.026460988791480625, 0.005997520993005931, 0.810432149163823, 0.1571093409516905], [0.11914158790464167, 0.013792010299047985, 0.8141973227155513, 0.05286907898075897], [0.6538061438731279, 0.10184866278594956, 0.173244982237887, 0.07110021100303553], [0.2077968987343194, 0.029472522050347276, 0.7367216251853782, 0.026008953929955097], [0.32060025447230933, 0.512356254507821, 0.06616036248199249, 0.10088312843787722], [0.4193863381611055, 0.42602656398247885, 0.10603875197255912, 0.04854834578385655], [0.9175561560894114, 0.03670942502644425, 0.03043220704541671, 0.01530221173872759], [0.685389266207668, 0.022379666106071647, 0.268408471780078, 0.023822595806182324], [0.872041196108686, 0.029379117245969567, 0.04015482827100399, 0.05842485827434042], [0.779474114453592, 0.027520720904078776, 0.17123500458861107, 0.02177015995371808], [0.9262658598236618, 0.024303043892491338, 0.015690746193431422, 0.03374034999041535], [0.8904959012264005, 0.039744239518603244, 0.049460992488502636, 0.020298866666493588]], "ideal": "D", "sampled": "D", "correct": true}}
{"type": "result", "data": {"idx": 16, "options": ["The Heisenberg uncertainty principle", "The Pauli exclusion principle", "The Bohr model of the atom", "Nuclear hyperfine coupling"], "probs": [[0.05805375517808949, 0.9081401980288316, 0.01743128066109655, 0.016374766031982322], [0.06388299261710467, 0.8819079529641505, 0.033142760886555066, 0.021066293432189822], [0.10493692087775827, 0.018522743271843608, 0.8516156736030093, 0.024924662147388824], [0.23823412610585215, 0.016727103285865883, 0.03378948266858379, 0.7112492878396982], [0.06917999119461664, 0.01643199143775868, 0.897167825162752, 0.017220192104872665], [0.2654276162258988, 0.021788192667255363, 0.024306384572492453, 0.6884778064343534], [0.9884067837285813, 0.004722653995431912, 0.003915240304964461, 0.0029553218710223718], [0.9793928328441347, 0.0071355002458974096, 0.008085600152361223, 0.005386066657606645], [0.9875564040243324, 0.005263971197387754, 0.0035618085168858627, 0.003617816161393932], [0.9894450759738024, 0.0040437622915218555, 0.003458823235682823, 0.0030523383989929445], [0.9815677223316732, 0.008900018785144409, 0.0049150797753672835, 0.004617179007815084], [0.9875713541621729, 0.005964961235650993, 0.003732777408851162, 0.0027309070933248815], [0.08238672464262116, 0.019568994639347116, 0.8585146664714606, 0.039529614146571176], [0.06466673554827075, 0.011414805851286815, 0.017135440077239366, 0.9067830184232031], [0.019716279579217528, 0.9500342010501687, 0.01465255487563712, 0.015596964394976653], [0.019748242827462917, 0.9515788082218992, 0.014224699882435084, 0.014448248968202728], [0.11219420408297673, 0.03421823345771492, 0.11045698943885382, 0.7431305729204545], [0.04308264582378857, 0.008890896625045533, 0.935683126419381, 0.012343331031784881], [0.29313065529584065, 0.06643702522242269, 0.6109516422273726, 0.029480677154364004], [0.6937784992855248, 0.19877473563706788, 0.021956212325667378, 0.08549055265173992], [0.04961889352726156, 0.9362783543169677, 0.007491649206177386, 0.006611102849593321], [0.04429930785549738, 0.9471968932516146, 0.004318405373794836, 0.004185393419093222], [0.8235132419496142, 0.024482752220376186, 0.0968321897616188, 0.055171815968390776], [0.08791088115489062, 0.011531620027500132, 0.8878928223580452, 0.01266467635956398]], "ideal": "B", "sampled": "B", "correct": true}}
