{"type": "result", "data": {"idx": 0, "options": ["99% of the time in repeated samples, the interval would contain the true value of the parameter", "99% of the time in repeated samples, the interval would contain the estimated value of the parameter", "99% of the time in repeated samples, the null hypothesis will be rejected", "99% of the time in repeated samples, the null hypothesis will not be rejected when it was false"], "probs": [[0.9733516949171522, 0.007203346445155671, 0.008964651443267984, 0.010480307094424076], [0.9276945883799396, 0.015962617975673672, 0.023591060936043972, 0.03275173260834274], [0.9709234431112203, 0.007185388033943547, 0.009668984643039266, 0.012222184111796888], [0.9738778582382049, 0.006877193726303687, 0.008426097832928305, 0.010818850102563057], [0.9306021903826128, 0.016781122522197874, 0.022231311970278174, 0.030385375024911152], [0.9642085965229279, 0.00888048665307747, 0.012720595029732185, 0.014190321694262395], [0.9306606978785038, 0.030388361915475528, 0.01601351481563796, 0.022937425290382722], [0.8491716257502091, 0.045006211171921454, 0.04430818118742811, 0.06151398179044135], [0.9310163169631211, 0.015526771332805875, 0.03666908768862929, 0.016787823915443693], [0.8173700796330386, 0.016442598564583, 0.012607028112006716, 0.15358029359037165], [0.830184327320692, 0.028408288328508457, 0.10071565818219806, 0.04069172606860148], [0.6771354419110408, 0.02077042043150635, 0.01981928112740917, 0.2822748564300437], [0.018192821401318924, 0.8496776164386836, 0.039738862493984145, 0.09239069956601335], [0.01632743835739228, 0.8640768253510897, 0.03796395166325317, 0.08163178452826494], [0.023220909889632727, 0.745376769723207, 0.0823294607967167, 0.14907285949044363], [0.014822040206343303, 0.7031418012492703, 0.039052572112944356, 0.24298358633144201], [0.03164843073432737, 0.012202355918540558, 0.842176669437586, 0.1139725438095461], [0.04088763040560863, 0.017045486272215974, 0.6915931520621594, 0.2504737311600159], [0.04654078722097439, 0.7996495603872085, 0.04727653202195669, 0.10653312026986043], [0.03192149597701318, 0.8494599988257047, 0.03451688689820029, 0.08410161819908184], [0.07284318072759999, 0.66991896927927, 0.08787056254172555, 0.16936728735140452], [0.040244872859475464, 0.724651323099774, 0.033891461154941196, 0.20121234278580932], [0.042780373679465244, 0.008039132773473174, 0.8328887904736642, 0.11629170297339746], [0.05119474766956093, 0.011972460403969706, 0.7178943458344466, 0.21893844599202278]], "ideal": "A", "sampled": "A", "correct": true}}
{"type": "result", "data": {"idx": 1, "options": ["ADF is a single equation approach to unit root testing while PP is a systems approach", "PP tests reverse the DF null and alternative hypotheses so that there is stationarity under the null hypothesis of the PP test", "The PP test incorporates an automatic correction for autocorrelated residuals in the test regression", "PP tests have good power in small samples whereas DF tests do not."], "probs": [[0.43233094018362334, 0.231431842933886, 0.1615559362276207, 0.17468128055486995], [0.5107390093762423, 0.22314494014740213, 0.10540144496841804, 0.1607146054079376], [0.07865726946997852, 0.6795844435012249, 0.0877534449012741, 0.1540048420275225], [0.13184709239642478, 0.6291201535883357, 0.09646983345548589, 0.14256292045975355], [0.46438772519625926, 0.06187665600180234, 0.3616943737881522, 0.11204124491378623], [0.15487707207789544, 0.020636412112012358, 0.7389535568662832, 0.085532958843809], [0.42849606697470166, 0.15042578275929955, 0.2558736052332586, 0.1652045449327402], [0.4485201799033453, 0.24387862949028924, 0.13467611857824938, 0.17292507192811607], [0.3973843454917252, 0.07125087081673508, 0.3851727842899434, 0.14619199930159632], [0.460690892601002, 0.1567561798647673, 0.1472489855626347, 0.23530394187159603], [0.2953245733020131, 0.025012827336555715, 0.5693049014501628, 0.11035769781126842], [0.2030782082128859, 0.024255432015663676, 0.5695807455820726, 0.20308561408937775], [0.8381564332509981, 0.10491258295740785, 0.029132715577427783, 0.027798268114166247], [0.8115796882239062, 0.1284189998584903, 0.035107247983576347, 0.02489406383402705], [0.7894048005737184, 0.0757607511083933, 0.09428390009186188, 0.040550548126026376], [0.8690453316546073, 0.059142139794498845, 0.04064758934759731, 0.03116493910329658], [0.6134564670265632, 0.05530827306486991, 0.280878594013128, 0.050356665795438946], [0.831498305451712, 0.0862848353363077, 0.0395037662703117, 0.04271309284166856], [0.07287629545227528, 0.8472575642798953, 0.03496833431856588, 0.04489780584926349], [0.06672281025545529, 0.7063382073897614, 0.141262798601106, 0.08567618365367739], [0.24365546933873575, 0.04368734294205123, 0.557775191046024, 0.15488199657318902], [0.13764449952656452, 0.12147828935362061, 0.43067294354900426, 0.31020426747081065], [0.060711274316471206, 0.6132440198808109, 0.25165776353263203, 0.0743869421700858], [0.027747528366321092, 0.7984276338759746, 0.08284262489776927, 0.09098221275993505]], "ideal": "C", "sampled": "C", "correct": true}}
{"type": "result", "data": {"idx": 2, "options": ["It would rise more quickly for negative disturbances than for positive ones of the same magnitude", "It would be symmetrical about zero", "It would rise less quickly for negative disturbances than for positive ones of the same magnitude", "It would be zero for all positive disturbances"], "probs": [[0.7889728301137497, 0.012954029878302409, 0.1844983024340781, 0.01357483747386974], [0.9033481688114888, 0.015544043282914956, 0.026857609551918158, 0.05425017825367803], [0.9000693734780072, 0.06319796416943094, 0.022184437572482184, 0.01454822468007972], [0.88125751537108, 0.0807034410783151, 0.019168627407749328, 0.018870416042855574], [0.8700073826932028, 0.04069299189796927, 0.037051744203263605, 0.05224788110556437], [0.819034059617295, 0.03598777925489925, 0.12174420491636277, 0.02323395611144296], [0.023450147620294085, 0.8939302066631405, 0.05804404680644733, 0.024575598810118063], [0.023892691534549065, 0.9251432486826642, 0.03020584978014554, 0.020758209902641163], [0.018060147693213277, 0.6367224430523278, 0.32014331099116394, 0.02507409816329488], [0.022006320940310527, 0.8929881901717543, 0.045157777549392736, 0.039847711238542374], [0.03509680952597967, 0.023750120948488655, 0.9195302792429071, 0.021622790182624564], [0.04261316842268516, 0.030220315645378044, 0.8832000127385998, 0.04396650309333691], [0.518144283643425, 0.43636512616528617, 0.026617290322065643, 0.01887329976922318], [0.528431863250244, 0.42465149823836634, 0.025105814965315918, 0.021810823446073695], [0.30132156152891587, 0.02435167896471579, 0.6479982084131432, 0.026328550993225147], [0.7541089015029135, 0.015898777081538196, 0.030170537359767817, 0.1998217839557804], [0.3532237642422296, 0.054171747444894544, 0.5645026458886769, 0.028101842324198913], [0.7185967724483123, 0.05541535590218227, 0.03257751537334396, 0.19341035617616145], [0.06236015142607576, 0.6705408370418456, 0.14500554498720367, 0.12209346644487497], [0.03932691972022891, 0.4644344129356874, 0.43627157423136426, 0.05996709301271945], [0.05926312116567852, 0.018360564877859423, 0.8847060694230782, 0.037670244433383876], [0.06008575792131873, 0.020128041904281357, 0.8426337225214509, 0.07715247755294904], [0.12288481924027432, 0.09276732939697471, 0.7412102928196805, 0.04313755844307046], [0.05821670945933643, 0.5789488165206472, 0.13966821686261485, 0.22316625705740153]], "ideal": "A", "sampled": "A", "correct": true}}
{"type": "result", "data": {"idx": 3, "options": ["There is nothing in the model to ensure that the estimated probabilities lie between zero and one", "Even if the probabilities are truncated at zero and one, there will probably be many observations for which the probability is either exactly zero or exactly one", "The error terms will be heteroscedastic and not normally distributed", "The model is much harder to estimate than a standard regression model with a continuous dependent variable"], "probs": [[0.13723127338063393, 0.4293877119977879, 0.1289192418786227, 0.3044617726429555], [0.08769452505654439, 0.4453785385835446, 0.09190425952421294, 0.3750226767356981], [0.10544819187346263, 0.053859631453663334, 0.4236326734366448, 0.41705950313622925], [0.24800385809449207, 0.04733525641536386, 0.1369631156594037, 0.5676977697307404], [0.10581322127635798, 0.044805755026285254, 0.24990114567754207, 0.5994798779198147], [0.308315811213449, 0.04728436434329298, 0.11166680519904515, 0.5327330191442129], [0.34050125577240115, 0.39811942287967894, 0.15589610185356945, 0.10548321939435044], [0.32518256991622957, 0.42415595818471435, 0.09463547420711446, 0.15602599759194158], [0.20516299435072674, 0.03195943936537095, 0.7050085400454316, 0.0578690261384708], [0.3309505065616012, 0.02674625692193473, 0.07046454569745074, 0.5718386907190133], [0.14806664982224077, 0.031037664859845694, 0.7638106685325525, 0.057085016685360986], [0.40331241935160356, 0.03579771930885397, 0.08193920643485367, 0.4789506548046888], [0.08682687546260848, 0.2759495305399679, 0.3655633927605362, 0.27166020113688744], [0.20373670147596812, 0.4964758009272308, 0.17426856831153284, 0.12551892918526825], [0.1926426632355331, 0.1673774309447839, 0.5319163917646551, 0.10806351395502789], [0.07293689630612232, 0.4330753611453987, 0.09969414544493664, 0.39429359700354233], [0.16135851100779303, 0.04480905280375839, 0.7461348524263355, 0.047697583662113074], [0.05942480903678587, 0.03386062162152872, 0.3065396386021638, 0.6001749306395215], [0.08017894624861968, 0.2548213004811097, 0.3221137523329009, 0.3428860008373697], [0.16985549284093993, 0.4992753341186755, 0.19858530457694265, 0.13228386836344191], [0.16159696875386748, 0.0673658847741472, 0.6391447781877335, 0.13189236818425187], [0.12457913535370158, 0.167648255720517, 0.12264876459962622, 0.5851238442261552], [0.16671513205643806, 0.03778613773116506, 0.7129685957721144, 0.08253013434028253], [0.06394469159057863, 0.04001719981076641, 0.4235437026375402, 0.47249440586111474]], "ideal": "D", "sampled": "A", "correct": false}}
{"type": "result", "data": {"idx": 4, "options": ["The population is the total collection of all items of interest", "The population can be infinite", "In theory, the sample could be larger than the population", "A random sample is one where each individual item from the population is equally likely to be drawn."], "probs": [[0.04446240182801498, 0.15042004357114927, 0.7064741322828572, 0.0986434222179786], [0.04956924751833531, 0.13267201240714735, 0.7060513925014313, 0.11170734747308605], [0.019688425033570472, 0.026912509640431966, 0.6940555973945264, 0.25934346783147116], [0.03425794171030836, 0.6775372179114663, 0.16862866657691228, 0.11957617370131311], [0.013075508717614924, 0.0048865590645982135, 0.33200245102892917, 0.6500354810888577], [0.044778099390223446, 0.024348662211319216, 0.6478557332609745, 0.28301750503748285], [0.04601812200017593, 0.06695688618248988, 0.7783463390278889, 0.10867865268944528], [0.04790910828108502, 0.04643964524790034, 0.8103726678827009, 0.09527857848831373], [0.01797848419841655, 0.839654495958469, 0.04051449934986778, 0.10185252039324667], [0.023358858336296827, 0.7267684692128551, 0.21480653457706803, 0.03506613777378], [0.07546151597329766, 0.6030291453077921, 0.10314823916599367, 0.21836109945291657], [0.07929212244736421, 0.14585059227748864, 0.6850082567390534, 0.08984902843609374], [0.01716941485394571, 0.014013888939434605, 0.8272896778034744, 0.1415270183031452], [0.5495499535711399, 0.03981616466291439, 0.3180727457107744, 0.09256113595517136], [0.2422428744956221, 0.3363585198808014, 0.11991985975437107, 0.3014787457692054], [0.10543770245049808, 0.052201471700977574, 0.8165225291650868, 0.025838296583437555], [0.5633299799321904, 0.2923061771169686, 0.05240030822080088, 0.09196353463004019], [0.3703965108323549, 0.3023592120717894, 0.21775325319402739, 0.1094910238018283], [0.04950521407282398, 0.011577266019284523, 0.10158004393126062, 0.8373374758766309], [0.09203274821412377, 0.04148598138531379, 0.7239355659933818, 0.14254570430718064], [0.12264120943038744, 0.10490971370213314, 0.06668041099478807, 0.7057686657726914], [0.07884068041251464, 0.12211769818038466, 0.7137938141109021, 0.08524780719619858], [0.18272689119185784, 0.5542075674740159, 0.07156046532541512, 0.1915050759087111], [0.19125534592146437, 0.5199632644133357, 0.14213460682401285, 0.14664678274118706]], "ideal": "C", "sampled": "C", "correct": true}}
{"type": "result", "data": {"idx": 5, "options": ["Asymptotically, the values of the two test statistics will be equal", "The Q test has better small-sample properties than the Q*", "The Q test is sometimes over-sized for small samples", "As the sample size tends towards infinity, both tests will show a tendency to always reject the null hypothesis of zero autocorrelation coefficients."], "probs": [[0.12580527527981028, 0.02439071828392439, 0.042140197554079814, 0.8076638087821855], [0.0724150279784976, 0.05216313272893068, 0.6063580218742375, 0.26906381731833423], [0.2331261424789543, 0.04736744488461456, 0.055373596440622216, 0.6641328160958089], [0.06766643464139213, 0.06161683945472598, 0.5578184183007006, 0.3128983075031813], [0.12816950677543684, 0.5836214422596004, 0.12618692217995486, 0.16202212868500782], [0.14361114370545677, 0.49364314987362795, 0.20253420760590435, 0.1602114987150109], [0.06458642211986734, 0.008084866064517927, 0.04952091431587103, 0.8778077973997437], [0.05324321374167576, 0.02940690758201377, 0.758388306494737, 0.15896157208157347], [0.12907681060151147, 0.08078310013176462, 0.07017962738437444, 0.7199604617823495], [0.10927408851131246, 0.11100754803048472, 0.5295729001113719, 0.25014546324683085], [0.069923717443105, 0.6041992025173082, 0.11710905893289746, 0.20876802100668929], [0.1247368873805571, 0.3965042380779937, 0.28555084335745584, 0.19320803108399331], [0.12916937924694635, 0.028377938602538986, 0.08740160658403966, 0.755051075466475], [0.061333589090714506, 0.037204345190999785, 0.7472638013826913, 0.1541982642355944], [0.13154305957390536, 0.04475987479700654, 0.123575818199162, 0.7001212473299261], [0.10764849385378063, 0.049289640952367694, 0.6004622689865261, 0.2425995961073255], [0.12460960165691023, 0.47037081677869613, 0.14120810258496738, 0.26381147887942624], [0.11460195309860954, 0.5218074243469654, 0.14947786702989047, 0.21411275542453465], [0.376289082595818, 0.24683113780394392, 0.17228437188253856, 0.2045954076176995], [0.5891694181073281, 0.06715663177037011, 0.220170108664079, 0.12350384135822275], [0.518341239353282, 0.11211392943845169, 0.13951641215839258, 0.2300284189498737], [0.3413741315662286, 0.10092624351063098, 0.1827367557606407, 0.3749628690624997], [0.5796813109079881, 0.13770573714313897, 0.13138703413243852, 0.1512259177164344], [0.5819890411809876, 0.1775326702188839, 0.11460773474906602, 0.1258705537510625]], "ideal": "B", "sampled": "D", "correct": false}}
{"type": "result", "data": {"idx": 6, "options": ["Includes too many variables", "Includes as few variables as possible to explain the data", "Is a well-specified model", "Is a mis-specified model"], "probs": [[0.004973833629465821, 0.9479225330063904, 0.02862351968565966, 0.01848011357848414], [0.004699885354978949, 0.9534819672382155, 0.024626592045565585, 0.01719155526123989], [0.003566344177423306, 0.0013966393280368003, 0.9888748919295351, 0.006162124465004697], [0.00037331942794958744, 0.0001643792057683096, 0.0018959274245302854, 0.9975663738417518], [0.0035588794489426288, 0.0012299567694661127, 0.9868061392003619, 0.008405024481229397], [0.0005595914906621619, 0.00021407517382469182, 0.0031212551624292544, 0.9961050780730839], [0.9833823884914733, 0.003956859417891763, 0.008246736540570027, 0.00441401545006484], [0.9880384934800241, 0.0030482017329090754, 0.005349744362559881, 0.003563560324506883], [0.9846731771825368, 0.005587372194715034, 0.0055874168982001935, 0.004152033624547959], [0.9849376851572744, 0.005332939097762277, 0.005766391506536704, 0.003962984138426564], [0.9873891941433572, 0.0036743899798790023, 0.005430415668290759, 0.0035060001084730444], [0.9819846879340176, 0.00565985306105632, 0.0077361754273951805, 0.004619283477530856], [0.004563150649670935, 0.002155548994540216, 0.9853968020501104, 0.007884498205678445], [0.0005509137182021461, 0.00027703606198047716, 0.0030728574974241145, 0.9960991926223932], [0.007748282658280298, 0.9534259042424839, 0.025012968931567982, 0.013812844067667886], [0.00673734795331282, 0.9542225905557228, 0.026648151810349657, 0.01239190958061476], [0.0009719374465573398, 0.0003776783165883242, 0.0051327357643128355, 0.9935176483725415], [0.006318746768855955, 0.0013665787774533075, 0.9828290009412946, 0.009485673412396195], [0.00329655553513678, 0.002567445665081325, 0.9883502870375, 0.005785711662281843], [0.0005632728797340614, 0.0003110887577292093, 0.004260939276774417, 0.9948646989857624], [0.00480180186598562, 0.9665816160422941, 0.01914129962166639, 0.009475282370053868], [0.004506249060048607, 0.965602116885371, 0.021667806812898968, 0.008223827141681397], [0.0006788510886465538, 0.0003440435363730936, 0.0049772155037395025, 0.9939998897712409], [0.007159653713618149, 0.001957405731958184, 0.9827699198057828, 0.008113020648640886]], "ideal": "A", "sampled": "B", "correct": false}}
{"type": "result", "data": {"idx": 7, "options": ["They can be interpreted as continuously compounded changes in the prices", "They can be added over time to give returns for longer time periods", "They can be added across a portfolio of assets to give portfolio returns", "They are usually fat-tailed"], "probs": [[0.04059651614607265, 0.1310575643365922, 0.09738838961904074, 0.7309575297982944], [0.03383068815647063, 0.07389732614681233, 0.6383552097268237, 0.25391677586989336], [0.027430911914980566, 0.0346780412209775, 0.19645720315803503, 0.741433843606007], [0.03525711674465341, 0.12115996600578514, 0.5871027242647723, 0.2564801928847891], [0.03476112669253166, 0.6457843111653325, 0.15100008079017097, 0.16845448125196485], [0.0724205901581688, 0.42335781766232555, 0.27762821520791914, 0.22659337687158654], [0.046342312694334205, 0.08933400274907012, 0.18329287846668738, 0.6810308059899083], [0.03186379396495317, 0.09220675446815176, 0.5919242544768719, 0.28400519699002313], [0.013220597869846884, 0.011309097283693137, 0.2307105205972884, 0.7447597841491715], [0.020150743723146833, 0.03170277970269361, 0.5619342410290713, 0.38621223544508826], [0.04239780780549522, 0.2638290196710483, 0.27219071677372336, 0.421582455649733], [0.06422249801313874, 0.2500841542903578, 0.10424617118801836, 0.5814471764084851], [0.034406149311981084, 0.05585003641694833, 0.336807675393003, 0.5729361387780676], [0.03302701390063481, 0.13478314172259703, 0.6330106523664989, 0.19917919191026925], [0.026101727731818722, 0.02232768472831111, 0.2677732586098198, 0.6837973288300503], [0.051364048736278194, 0.04393603975703002, 0.5697582895883575, 0.3349416218183343], [0.04003189682405719, 0.22681279869878723, 0.253014641642637, 0.4801406627345186], [0.07070041605198624, 0.35350552987882433, 0.21107942335609503, 0.3647146306130944], [0.03958940712060399, 0.06948701653984544, 0.5380580705343544, 0.3528655057051961], [0.07013647950382654, 0.11208815788036153, 0.4502742852544951, 0.3675010772613168], [0.025026544739585776, 0.020749859355178778, 0.44361903928538265, 0.5106045565198528], [0.030799657130162097, 0.02084195303160429, 0.15399207745489876, 0.7943663122833349], [0.04178684352283667, 0.02917424133558628, 0.33386195884170594, 0.5951769561998711], [0.03518699004337019, 0.03864775482483401, 0.3842636231913269, 0.5419016318404689]], "ideal": "C", "sampled": "D", "correct": false}}
{"type": "result", "data": {"idx": 8, "options": ["(ii) and (iv) only", "(i) and (iii) only", "(i), (ii), and (iii) only", "(i), (ii), (iii), and (iv)"], "probs": [[0.021316179685902145, 0.017673214632394647, 0.7170529257973286, 0.24395767978437466], [0.02800842633585311, 0.014993692206417625, 0.7112180179336463, 0.245779863424083], [0.035216538074872114, 0.24834097631933666, 0.22258942904951978, 0.4938530564562714], [0.04367743723258509, 0.1064391116237165, 0.727382050244377, 0.12250140079932147], [0.03902595760587864, 0.30225848360388324, 0.3319319399728112, 0.32678361871742695], [0.03961065141935374, 0.22444429086552992, 0.6494255234619445, 0.0865195341531718], [0.01795787162748253, 0.015361848156986666, 0.633077854508835, 0.33360242560669584], [0.018182844141893653, 0.011926251606792863, 0.6717901906567995, 0.29810071349451406], [0.037049724545144366, 0.4881117390879258, 0.11775510100344551, 0.3570834352634843], [0.047272007731568234, 0.2291095844087761, 0.6526539300748204, 0.07096447768483528], [0.05728024499798318, 0.47970630878060566, 0.25673298192733585, 0.20628046419407528], [0.044533166200439414, 0.3240249692319973, 0.5686390889493386, 0.06280277551822466], [0.018579937994116873, 0.007164177881643662, 0.0648526277438051, 0.9094032562804344], [0.01777312888644999, 0.008396275214771558, 0.9406259961272391, 0.03320459967153934], [0.01898486271934382, 0.00911007782440468, 0.02805899335655709, 0.9438460659996945], [0.03570949768142695, 0.014429568755092477, 0.9067873040462057, 0.04307362941727487], [0.16213817288825627, 0.5401133693172326, 0.20820646700392043, 0.0895419906905907], [0.10442371075932584, 0.6201217266315245, 0.22456275259041394, 0.05089180991873563], [0.17398745758993986, 0.023185269170637568, 0.2914022710742743, 0.5114250020651483], [0.0761971604894765, 0.01727129274965164, 0.845305803728942, 0.06122574293192976], [0.4081718173150906, 0.05881199021004653, 0.0984846391249818, 0.434531553249881], [0.2625122519406284, 0.06044135276882815, 0.5387079414163531, 0.13833845377419032], [0.1602602809604289, 0.5508013572291587, 0.2057959662841088, 0.08314239542630358], [0.12633453778905462, 0.5319971639874985, 0.28472430571764723, 0.05694399240579957]], "ideal": "B", "sampled": "D", "correct": false}}
{"type": "result", "data": {"idx": 9, "options": ["Less than -1", "Between -1 and 0", "Between 0 and 1", "Bigger than 1"], "probs": [[0.22125275602197905, 0.22474698870634724, 0.4133646241391817, 0.14063563103249202], [0.19448886809788357, 0.24587239322587814, 0.3059794306449086, 0.2536593079313296], [0.1726906247952557, 0.26748018657035527, 0.42742406043832726, 0.13240512809606175], [0.19033366793232462, 0.2857395985035572, 0.40294493163284567, 0.1209818018312725], [0.14500995681150577, 0.035537225980423366, 0.6499218062741208, 0.16953101083395006], [0.08723939160555265, 0.030150113455822667, 0.7536814169930159, 0.1289290778456087], [0.46604853516590794, 0.1056305385600903, 0.30091115605123403, 0.12740977012276772], [0.42618319387942455, 0.07406291364882844, 0.22458815572400115, 0.27516573664774585], [0.5312023758357042, 0.09376551955000684, 0.26711270210456006, 0.10791940240972885], [0.5037071333488983, 0.12344301297516565, 0.24549319945025624, 0.1273566541256798], [0.425222464628237, 0.02514147983014818, 0.311107216247253, 0.2385288391943618], [0.2027869715006063, 0.02876200986154071, 0.6246543523368167, 0.14379666620103634], [0.4987036007840806, 0.05683528280000993, 0.3536411536639488, 0.09081996265196067], [0.5245679714111932, 0.05194057247902674, 0.29889640765808, 0.12459504835170011], [0.6145889529496905, 0.058981923045953684, 0.22610121120854665, 0.10032791269580914], [0.6923637131518773, 0.057729361285108055, 0.18346335798666483, 0.06644356747634986], [0.5008936634783409, 0.07445333921244214, 0.20238312606739267, 0.22226987114182428], [0.6021699949658499, 0.11673913236835812, 0.2113854155581314, 0.0697054570076606], [0.0681506078596561, 0.057390113402314265, 0.6365919038203861, 0.23786737481764347], [0.11429033299558253, 0.055701914546635076, 0.6786001844181992, 0.15140756793958313], [0.18512975616005217, 0.13334957856544777, 0.4582132262065788, 0.2233074389679213], [0.15082994917777107, 0.13104800292814586, 0.5183056360722303, 0.19981641172185272], [0.08067656487931961, 0.48656101117396744, 0.2997520036640227, 0.13301042018269021], [0.07735321266568672, 0.5123671621572449, 0.3011962912051631, 0.10908333387190529]], "ideal": "C", "sampled": "C", "correct": true}}
{"type": "result", "data": {"idx": 10, "options": ["(ii) and (iv) only", "(i) and (iii) only", "(i), (ii), and (iv) only", "(i), (ii), (iii), and (iv)"], "probs": [[0.04946912479726881, 0.024490190804294803, 0.35987433988657297, 0.5661663444118634], [0.03490579049895801, 0.017552427553438638, 0.5722556581761862, 0.3752861236714171], [0.08038856533898574, 0.07435093542372734, 0.19284793014207474, 0.6524125689952122], [0.06115664791718672, 0.04405111627049666, 0.5201512191731509, 0.3746410165391657], [0.07392401992535448, 0.16660086808922828, 0.2620967924332782, 0.497378319452139], [0.06986510476356915, 0.147912750610929, 0.2895987227745472, 0.49262342175095464], [0.10946015450966506, 0.02811438450872913, 0.33194995479607614, 0.5304755060855296], [0.08491721256471507, 0.02081171485012419, 0.5367310802617702, 0.35753999222339056], [0.12621058272876032, 0.029980718679385707, 0.23214782552532398, 0.61166087296653], [0.07995120538943701, 0.027203858921601366, 0.7126672427799028, 0.18017769280905885], [0.18316094973872646, 0.08386471366850047, 0.2503669410474904, 0.4826073954452827], [0.1408147487496819, 0.054293024268289886, 0.46175079673100633, 0.3431414301510219], [0.06346016412037145, 0.020284267253733796, 0.11856111949182703, 0.7976944490340677], [0.025386957817083305, 0.010257678611491088, 0.8811159755912817, 0.08323938788014386], [0.06350322989586582, 0.023362959454190178, 0.08955608557636528, 0.8235777249735787], [0.025518966375737393, 0.013448053777209668, 0.8719639660345834, 0.08906901371246957], [0.11847895029555262, 0.18067426439283768, 0.2248475931405408, 0.4759991920710689], [0.14116744064614653, 0.20865117568740604, 0.2896792758854951, 0.36050210768095237], [0.24829438983904342, 0.0363352472782411, 0.27271275795349703, 0.44265760482921845], [0.09267015460810099, 0.022012428612647447, 0.3086575171654137, 0.5766598995138379], [0.2388245603247156, 0.05165227110296934, 0.15420386136195346, 0.5553193071103616], [0.1254002349474883, 0.042005935381843766, 0.23429156220192612, 0.5983022673687418], [0.13226394046390108, 0.03450548956992291, 0.29346260069021896, 0.539767969175957], [0.14656427391967605, 0.040070838923687783, 0.32519054167304057, 0.4881743453835956]], "ideal": "B", "sampled": "D", "correct": false}}
{"type": "result", "data": {"idx": 11, "options": ["(ii) and (iv) only", "(i) and (iii) only", "(i), (ii), and (iii) only", "(i), (ii), (iii), and (iv)"], "probs": [[0.00895234094151357, 0.002906714533276222, 0.07495440458180287, 0.9131865398434074], [0.013752317499309118, 0.007024912845621833, 0.5580137770022826, 0.42120899255278643], [0.021059678276952716, 0.019479076763183015, 0.09147739153900737, 0.8679838533208569], [0.026681833387900818, 0.16865006666647966, 0.6670336362350983, 0.13763446361052126], [0.03259731731692863, 0.30933474569402036, 0.17900601984242606, 0.47906191704662493], [0.03803332017937859, 0.2992086897735145, 0.5169583289862223, 0.1457996609608846], [0.01526632597021225, 0.005359611373611063, 0.09206548160762053, 0.8873085809485561], [0.017752151570791883, 0.008386889299925324, 0.5437310822117455, 0.43012987681753734], [0.03355043803640134, 0.05888972146055876, 0.06884212893814053, 0.8387177114648994], [0.03522238617616438, 0.27709309179596603, 0.5774840281710688, 0.11020049375680072], [0.0872485313552234, 0.17629230985391592, 0.176261345241881, 0.5601978134489797], [0.04416282573264639, 0.311447716729067, 0.5551771049058426, 0.08921235253244392], [0.018528372788491006, 0.005026547864763688, 0.05531501434611591, 0.9211300649006294], [0.0317651442559985, 0.01324301769220457, 0.8586683256462817, 0.09632351230551518], [0.019402690113822077, 0.004609054880974439, 0.0410753707381305, 0.934912884167073], [0.05197811116507525, 0.017686935106969448, 0.8132029159798074, 0.11713203764814788], [0.4701038054729136, 0.19909383347828793, 0.22913025534322276, 0.10167210560557571], [0.13896908733487326, 0.5852049326964909, 0.19907948972918885, 0.07674649013944704], [0.41740816283176363, 0.025071141911961158, 0.146536065202915, 0.4109846299533602], [0.5054691179193493, 0.02327751064721031, 0.35846484881304974, 0.11278852252039054], [0.6558119568491497, 0.02503755469507151, 0.07021595445409162, 0.24893453390168713], [0.6702570465109537, 0.03184603685854553, 0.16171978818141922, 0.13617712834908147], [0.6910522498283338, 0.10435062678237034, 0.111070104757028, 0.09352701853226786], [0.6957334045985903, 0.10505791245150073, 0.10504742203527186, 0.09416126081463706]], "ideal": "D", "sampled": "D", "correct": true}}
{"type": "result", "data": {"idx": 12, "options": ["Forecasts can only be made for time-series data", "Mis-specified models are certain to produce inaccurate forecasts", "Structural forecasts are simpler to produce than those from time series models", "In-sample forecasting ability is a poor test of model adequacy"], "probs": [[0.044059146683643524, 0.15380115977404607, 0.14447324137963932, 0.657666452062671], [0.07648420902949227, 0.33229007809192584, 0.23196992513973866, 0.35925578763884325], [0.054779965475048396, 0.030256487648683897, 0.5037927974262951, 0.41117074934997255], [0.07571055163529132, 0.08580365222885698, 0.2521736081923262, 0.5863121878435256], [0.10688742834918592, 0.04597620597057421, 0.5020840688727275, 0.34505229670751236], [0.06273166416793823, 0.1678969351427635, 0.15527162764085362, 0.6140997729484446], [0.20314795661480403, 0.18790472482039844, 0.15822228316208156, 0.45072503530271596], [0.35347855087560187, 0.19831293819351709, 0.24679364261543446, 0.20141486821544657], [0.14811592851242653, 0.1435751872045712, 0.19932469129581706, 0.5089841928871852], [0.47373533400713624, 0.17704280153871596, 0.14225410565777014, 0.2069677586963777], [0.4792960631735217, 0.11565034232210644, 0.14849411665311552, 0.2565594777512563], [0.5220520534742266, 0.1279487619268258, 0.11833115754084993, 0.23166802695809774], [0.05380030720888007, 0.038154996927737383, 0.5784606336968842, 0.3295840620664984], [0.07992336898242895, 0.07278179376589611, 0.38733485337198736, 0.4599599837796876], [0.03333105146551608, 0.2313926219708793, 0.1888447850753767, 0.5464315413882279], [0.08690638029521094, 0.3659621151471587, 0.24377208764073297, 0.30335941681689743], [0.06049892182424558, 0.05016069075136748, 0.1406716588938511, 0.7486687284305358], [0.08832383340643311, 0.04238238289342, 0.5411095872022648, 0.3281841963978821], [0.27690334363060837, 0.1267864462660028, 0.3905265207433519, 0.2057836892600369], [0.4784851896510087, 0.13497455215632392, 0.14593674023574435, 0.24060351785692302], [0.5232388660838178, 0.1499249100579952, 0.1282335294217664, 0.19860269433642064], [0.5484799227833619, 0.16214476765776623, 0.11678515547516083, 0.17259015398371103], [0.4517823486006073, 0.12944871904457222, 0.14898932580713697, 0.2697796064476835], [0.29548997682798067, 0.11939844432332711, 0.3401320050228147, 0.24497957372587753]], "ideal": "D", "sampled": "B", "correct": false}}
{"type": "result", "data": {"idx": 13, "options": ["An AR and an MA model", "An AR and an ARMA model", "An MA and an ARMA model", "Different models from within the ARMA family"], "probs": [[0.318713917642875, 0.21907378220187376, 0.16279267500766428, 0.2994196250475869], [0.23770188501192002, 0.1659682591382075, 0.33524290722960287, 0.2610869485202696], [0.3335617830056442, 0.1992059528510139, 0.19919503029969715, 0.26803723374364474], [0.28964364094156914, 0.1650604133878929, 0.2556298932828695, 0.28966605228766845], [0.31355766393260776, 0.2520088032234669, 0.21891806179831905, 0.21551547094560625], [0.43974331376069303, 0.20454290778123893, 0.15437721284412056, 0.20133656551394746], [0.3592032059964748, 0.0982120670946053, 0.26281889291389315, 0.27976583389502674], [0.24303700974305706, 0.08270012401632701, 0.3764604245540944, 0.2978024415865215], [0.3566903173566802, 0.16851016877396624, 0.19699788091596915, 0.2778016328533844], [0.3078506061238202, 0.15481923855639745, 0.24355300934017446, 0.2937771458796079], [0.15498951433414218, 0.40213893673439005, 0.19902884350560737, 0.24384270532586041], [0.23168092164109735, 0.33718232321890973, 0.1920889822079074, 0.23904777283208553], [0.47755764486908725, 0.12655604997334774, 0.17029226807166117, 0.22559403698590383], [0.38107323642734675, 0.20400993523941804, 0.1317070275413413, 0.2832098006918939], [0.502445757338824, 0.16061121223750943, 0.146230861529986, 0.19071216879368055], [0.35073409370645714, 0.20302421132535758, 0.14622149488527691, 0.30002019998290835], [0.350637385176083, 0.30952782571034865, 0.14618419728103557, 0.19365059173253277], [0.3307584821847128, 0.3059887289694927, 0.15625756977426072, 0.20699521897153375], [0.18743088514270512, 0.10034088562594157, 0.3727943237771856, 0.33943390535416773], [0.23936108172402426, 0.18645641862421417, 0.2469830849378298, 0.32719941461393176], [0.2728855528294681, 0.22278038491225505, 0.2092500415458629, 0.29508402061241396], [0.2423272990591298, 0.23128050218771995, 0.23859561621849532, 0.28779658243465495], [0.3535727034901997, 0.22131473642167354, 0.14972911845295153, 0.2753834415351752], [0.30000422295920776, 0.22299449808139363, 0.19071408182603572, 0.28628719703336286]], "ideal": "B", "sampled": "D", "correct": false}}
{"type": "result", "data": {"idx": 14, "options": ["A cyclical pattern in the residuals", "An alternating pattern in the residuals", "A complete randomness in the residuals", "Residuals that are all close to zero"], "probs": [[0.5006366743852237, 0.37206362011003885, 0.06365053815575293, 0.06364916724898452], [0.4414442320928948, 0.48485501150880894, 0.02569574757562611, 0.04800500872267019], [0.24800241649642954, 0.011967975243802964, 0.6955654983268643, 0.04446410983290314], [0.4681163543097317, 0.028557753879050945, 0.09660512441895934, 0.406720767292258], [0.18947206029835922, 0.010042196854903549, 0.7150834048877472, 0.08540233785899004], [0.4102437228308158, 0.02542148175045645, 0.19078858232808515, 0.3735462129906426], [0.742247470648949, 0.01718626611528075, 0.1966823650751136, 0.04388389806065666], [0.8943919055436131, 0.017438563505831048, 0.0627976398458649, 0.025371891004690932], [0.7074069406405749, 0.022387951693635357, 0.2296677240114757, 0.04053738355431414], [0.8661088943472695, 0.017153161827001877, 0.07808447421515997, 0.03865346951056864], [0.7145251530272919, 0.03394642990414941, 0.21121785288401743, 0.040310564084541235], [0.8318050703402949, 0.03225404384361499, 0.09045737647613793, 0.04548350923995214], [0.22585185437812413, 0.012942974779820607, 0.5169969330573502, 0.24420823768470507], [0.20231063795453974, 0.053611058866835495, 0.16772848731422724, 0.5763498157643976], [0.08684720196099831, 0.7272117787459622, 0.11505832409763687, 0.07088269509540258], [0.06145948320777583, 0.8223748601830683, 0.06441170097726112, 0.051753955531894776], [0.10955473667302593, 0.012102032886425211, 0.09371031723834988, 0.784632913102199], [0.09782393975218436, 0.013239550341275205, 0.8719373899946823, 0.016999119811858174], [0.1297287062486109, 0.012450385056918633, 0.7013360942174344, 0.1564848143770361], [0.2612831670166983, 0.029779733111852672, 0.3461651010812391, 0.36277199869020993], [0.07745788534171734, 0.7946840819921668, 0.0762604056319481, 0.051597626934167765], [0.08880942710984187, 0.7207740866763178, 0.13125725675956781, 0.059159229354272445], [0.13984574506379815, 0.01806070113430522, 0.062058885222231346, 0.7800346684796653], [0.0778087879445479, 0.012902448559411335, 0.8905166162740745, 0.018772147121966242]], "ideal": "B", "sampled": "B", "correct": true}}
{"type": "result", "data": {"idx": 15, "options": ["(ii) and (iv) only", "(i) and (iii) only", "(i), (ii), and (iii) only", "(i), (ii), (iii), and (iv)"], "probs": [[0.12804229174638002, 0.06439338431926213, 0.4540089531084193, 0.3535553707259385], [0.10939919190946516, 0.05088911546259386, 0.36442222651026285, 0.47528946601767813], [0.11323906311394277, 0.3488600797772223, 0.3126940382302926, 0.22520681877854234], [0.08193224179329268, 0.3504442065338996, 0.4096950047980333, 0.1579285467747744], [0.14354755838553462, 0.09565212401697912, 0.29002197322460394, 0.4707783442728823], [0.13632576877214497, 0.08400952508255183, 0.49103262596307584, 0.28863208008222735], [0.16124803535434257, 0.038911195446215366, 0.42489464009167255, 0.3749461290077695], [0.17268889207905339, 0.029094629277836057, 0.2984255092770581, 0.4997909692660525], [0.1920061856316249, 0.38794395323688613, 0.19202628729807336, 0.22802357373341559], [0.1419057718061426, 0.3798559066251924, 0.3624221736191213, 0.11581614784954367], [0.23740576382144807, 0.07831319479094515, 0.2265667186940148, 0.457714322593592], [0.2466663232198897, 0.11473759030465454, 0.4609216657232017, 0.17767442065225406], [0.4061583664375549, 0.03494510617043996, 0.24254936202540267, 0.3163471652666025], [0.34293342591373305, 0.02484669046730997, 0.40730006636611044, 0.22491981715284654], [0.4972498958517016, 0.04483523274558426, 0.17456534757678377, 0.28334952372593036], [0.43099515180838927, 0.049125882076279624, 0.3924727605924375, 0.1274062054228936], [0.48213694931623835, 0.07057085842889732, 0.24628270403910626, 0.20100948811575806], [0.48105030888686434, 0.1255192151128955, 0.26987871323897716, 0.123551762661263], [0.25224075094681964, 0.04594750770388781, 0.28586608594578017, 0.4159456553035124], [0.2367703266371706, 0.03358898076630064, 0.39043523477132214, 0.3392054577252066], [0.36656786919426243, 0.09715437649769076, 0.20246550004587363, 0.3338122541621732], [0.35343150880817603, 0.11476783966322728, 0.34261082150836647, 0.18918982992023017], [0.3169956112486341, 0.19535475385158493, 0.26284038234584545, 0.22480925245393552], [0.28913488155207123, 0.23605460194779745, 0.3176022408288689, 0.1572082755712624]], "ideal": "A", "sampled": "C", "correct": false}}
