{"type": "result", "data": {"idx": 0, "options": ["p = 4", "p = 8", "p = 12", "p = 24"], "probs": [[0.8202867461112962, 0.06131011658138155, 0.026368575073504916, 0.09203456213381732], [0.7394967426533945, 0.0709707713103218, 0.024526211539677253, 0.16500627439660645], [0.13953539597770528, 0.018303522667847058, 0.7782767341785746, 0.06388434707587305], [0.4197185305852302, 0.03843665093963937, 0.03554705503564954, 0.506297763339481], [0.12782915482895035, 0.02556830940153157, 0.6391133939200936, 0.20748914174942443], [0.126627377820198, 0.030077412735355292, 0.6532031491570687, 0.190092060187378], [0.02869511863336419, 0.921038359949179, 0.024544484133694408, 0.02572203718376239], [0.027348623953801686, 0.9344385065208932, 0.01252134396756498, 0.025691525457740116], [0.04376927042185881, 0.008353633851953632, 0.9213296821611477, 0.02654741346503978], [0.45713526176238106, 0.1004248041574994, 0.045263428405107546, 0.39717650557501194], [0.02434629676208756, 0.00560492952505127, 0.9279821307021702, 0.04206664291069103], [0.08977744392981982, 0.027812450085315535, 0.7172829836901864, 0.16512712219467826], [0.021192914622887207, 0.873439700432982, 0.0477593371735203, 0.05760804767061043], [0.020891730207165976, 0.8883626658705219, 0.023306761455591518, 0.06743884236672057], [0.0578933270099481, 0.1958562960816986, 0.6943552181842493, 0.051895158624104015], [0.10796679574426601, 0.4475353080449902, 0.024091435436496784, 0.420406460674247], [0.07508696226530957, 0.014330913991981971, 0.7703005440557538, 0.14028157958695472], [0.07387237623609574, 0.018678438839836716, 0.7460957985657412, 0.16135338625832643], [0.026040307204790093, 0.7149267525655825, 0.050984887364441574, 0.20804805276518584], [0.03186151309193131, 0.6500483760005228, 0.05952543574026979, 0.2585646750672761], [0.01237229414004077, 0.7079474157815351, 0.1604470124572048, 0.1192332775212193], [0.022208552557148733, 0.7707719119898752, 0.05760535532846153, 0.14941418002451454], [0.023546596439804408, 0.5034565014330036, 0.39208596151606906, 0.08091094051112298], [0.0381604305625368, 0.6870828584717393, 0.17102565658884808, 0.10373105427687576]], "ideal": "C", "sampled": "A", "correct": false}}
{"type": "result", "data": {"idx": 1, "options": ["5", "7", "8", "9"], "probs": [[0.12343897154137982, 0.05392715062271117, 0.42416442226408435, 0.39846945547182466], [0.028797216081600508, 0.024249938421783364, 0.03697638371674655, 0.9099764616798696], [0.018280986091895088, 0.013374635007499623, 0.9230986872782799, 0.04524569152232535], [0.0413815331057401, 0.07611302832203232, 0.1825831335671875, 0.69992230490504], [0.049222865030845914, 0.023617601415683427, 0.5459930987742265, 0.38116643467924405], [0.04113142898703856, 0.015857683345415128, 0.7405542065528609, 0.2024566810146855], [0.008164683743866342, 0.9511158321097327, 0.025346265444474297, 0.01537321860192666], [0.011636201117719853, 0.9389400341325826, 0.028353401965742136, 0.021070362683955377], [0.009920420135683686, 0.0026909855688687315, 0.9807801853126518, 0.006608408882795776], [0.023923203048185043, 0.012805292156070194, 0.037052899973364715, 0.92621860472238], [0.008906511865024672, 0.0029370573048080398, 0.9823154083374956, 0.0058410223926716074], [0.02730691514674986, 0.00914668163657555, 0.9185248857753853, 0.045021517341289334], [0.01716703420148225, 0.915581137745279, 0.03960392756526261, 0.027647900387976078], [0.0190370075369004, 0.9172601941984357, 0.037272634224780304, 0.026430163939883584], [0.028766713510497356, 0.008773347770539446, 0.9378545124009477, 0.024605426218015442], [0.05729896615295116, 0.044625049554465224, 0.06911536945900883, 0.8289606147335749], [0.022247444092271085, 0.005325671552693866, 0.9608850961407841, 0.011541788114250887], [0.07872787381126556, 0.032310214973705315, 0.37558738652692875, 0.5133745245881003], [0.030115574370922306, 0.8664699131391982, 0.05453225929093228, 0.04888225309894726], [0.03353700451445118, 0.8649394607976092, 0.05978617883381867, 0.04173735575412098], [0.0221238217348055, 0.006143571939264778, 0.9555465057472963, 0.01618610047863345], [0.08130285539789016, 0.02257721587924646, 0.6495693643112316, 0.24655056431163183], [0.0460386512100835, 0.010935151357750472, 0.8962625972186531, 0.04676360011351294], [0.13238573171652018, 0.08547572109347944, 0.16998590653914508, 0.6121526405508553]], "ideal": "C", "sampled": "A", "correct": false}}
{"type": "result", "data": {"idx": 2, "options": ["1 over 5", "\u22125", "\u22121 over 5", "5"], "probs": [[0.18530259121245835, 0.07846487561183113, 0.7103585229030955, 0.025874010172614963], [0.10573300918472547, 0.05659728630190938, 0.7935935371553229, 0.044076167258042295], [0.3178735341541774, 0.4483086594765013, 0.21847840352632092, 0.015339402743000385], [0.37377489152888194, 0.4579929112375896, 0.1582711384669189, 0.009961058666609537], [0.0915596549319597, 0.12912697944474533, 0.7201975502821605, 0.05911581524113445], [0.2806676348849146, 0.16760219467447252, 0.5326303313337212, 0.019099839006891692], [0.33454119875394567, 0.027037283176333964, 0.625038320485076, 0.013383197484644328], [0.38416031857821975, 0.033570409568106044, 0.5417786957179342, 0.04049057603574002], [0.5666009313776941, 0.039784681937248, 0.3658417246685544, 0.027772661916503513], [0.557674389205726, 0.026495461392512975, 0.3893362748828618, 0.026493874418899197], [0.664713771410094, 0.2904224271042128, 0.03869357166433801, 0.006170229721355168], [0.6248751119118197, 0.3191918945204038, 0.04818853982309502, 0.007744453644681483], [0.5132083548176039, 0.27472100797164206, 0.18880535884363703, 0.0232652782671171], [0.5454702244691595, 0.2383167238702775, 0.19148499798106916, 0.02472805357949385], [0.4230781447865391, 0.14172215599950108, 0.39129796182961124, 0.04390173728434857], [0.23721223991002224, 0.1906213873804556, 0.44319176330853766, 0.12897460930098448], [0.2662461275785283, 0.04626855038255866, 0.66936698412502, 0.018118337813893024], [0.16535934176516515, 0.08446214042679483, 0.6854225157853814, 0.06475600192265862], [0.5581906686846324, 0.04304557485651747, 0.3836539558825971, 0.015109800476253052], [0.39268455490543386, 0.04337694187590248, 0.5537957631063357, 0.010142740012327928], [0.47553577628752286, 0.48306905779510967, 0.037248459798393335, 0.00414670601897416], [0.3684378467911664, 0.5445734119913274, 0.07603499094290292, 0.010953750174603281], [0.37443683279954704, 0.07373419547500178, 0.536374042934051, 0.015454928691400254], [0.45730154679684015, 0.09005241638894444, 0.42295103315614274, 0.02969500355807267]], "ideal": "D", "sampled": "B", "correct": false}}
{"type": "result", "data": {"idx": 3, "options": ["4", "5", "6", "7"], "probs": [[0.20615750241963562, 0.18771017806276857, 0.32433905711001665, 0.2817932623075791], [0.20828183924328925, 0.21489606266090341, 0.25921733343470726, 0.31760476456110004], [0.1780579805383978, 0.11318162096377828, 0.4765209278635129, 0.23223947053431102], [0.15791199237329068, 0.1437823518078962, 0.44986358353127937, 0.24844207218753372], [0.1931052385540207, 0.13909000364179294, 0.44203466831249333, 0.22577008939169305], [0.2003054589014889, 0.16867725064720257, 0.41101470055133893, 0.2200025897999696], [0.24500257534311212, 0.1139377470517141, 0.345518250862431, 0.2955414266427428], [0.22630898146357825, 0.11925802112091544, 0.30933668514965545, 0.34509631216585085], [0.2658447206121949, 0.17164476936927145, 0.2103057260464353, 0.35220478387209836], [0.1896413315268853, 0.14093117394406265, 0.4142271115900569, 0.25520038283899515], [0.27936041768618913, 0.19809945220902606, 0.21087840511595046, 0.3116617248888343], [0.19921646707548124, 0.1527469696098985, 0.4854362299812915, 0.16260033323332876], [0.27430730646627915, 0.12756664859618644, 0.3522286660284932, 0.24589737880904125], [0.2676617761037048, 0.1284277866886608, 0.36019029673028746, 0.2437201403773469], [0.2855430160015482, 0.2122007991995565, 0.21220348140849118, 0.2900527032904041], [0.23448094908265518, 0.16115863188578824, 0.438082344716807, 0.16627807421474952], [0.3112768418046597, 0.28342859643418084, 0.16662060715800905, 0.23867395450315035], [0.2782457304768235, 0.2343114772615083, 0.2962019266665655, 0.19124086549510275], [0.27455893974416473, 0.14927708055902092, 0.37528775256957103, 0.2008762270272433], [0.2791706967816105, 0.147115515415663, 0.31144717528264015, 0.2622666124200863], [0.2770160436353233, 0.22609722612027358, 0.24068203566051738, 0.2562046944838858], [0.2865914446811104, 0.18504065549073917, 0.3796826955249114, 0.148685204203239], [0.33104011906413056, 0.20716509529612712, 0.191597449635143, 0.2701973359045993], [0.3198901521905161, 0.15110834530819278, 0.29127220560545447, 0.23772929679583665]], "ideal": "B", "sampled": "D", "correct": false}}
{"type": "result", "data": {"idx": 4, "options": ["4t = 112; $448", "4t = 112; $28", "t over 4 = 112; $448", "t over 4 = 112; $28"], "probs": [[0.1371549686228415, 0.6965744598492954, 0.045230091287591416, 0.12104048014027165], [0.20260168081652255, 0.6962258633514113, 0.054530753257948636, 0.04664170247411748], [0.5530705729559301, 0.027970443952270475, 0.26537190219535367, 0.15358708079644579], [0.24211265458074932, 0.020505802368989582, 0.2920490720612623, 0.4453324708889988], [0.10784207122674902, 0.18060673502357652, 0.6816044347557634, 0.02994675889391112], [0.10774516955401917, 0.4195781599804297, 0.09658659824279266, 0.37609007212275847], [0.12170747391251764, 0.040769115394355786, 0.018664676992385616, 0.8188587336007409], [0.5200574819204303, 0.042689713145221166, 0.4050293428594749, 0.03222346197487358], [0.16199001788955797, 0.013506852189641939, 0.5311616102161443, 0.29334151960465576], [0.05805747096851397, 0.00798108319895369, 0.908198219565973, 0.025763226166559332], [0.803936040203762, 0.04396183657320297, 0.10382082002850816, 0.04828130309452688], [0.5880890974542801, 0.04903674406371995, 0.1658814369370787, 0.19699272144492122], [0.02923474981223647, 0.6449432288310906, 0.13518263221991064, 0.19063938903676234], [0.05373758782104521, 0.6445401262254193, 0.1309419562466485, 0.1707803296068869], [0.03503226481364304, 0.6308009089734127, 0.05426219298647647, 0.2799046331264678], [0.034973087345549186, 0.7477874476539055, 0.17761012248371202, 0.03962934241683328], [0.08573121896017663, 0.08984805977370126, 0.3609457746139492, 0.46347494655217286], [0.08422334303110499, 0.08689892841977534, 0.5159394625220953, 0.3129382659270243], [0.034265561069533025, 0.007888503884438665, 0.9261549814694756, 0.03169095347655272], [0.20941277712239476, 0.07467286065449055, 0.11932147682542046, 0.5965928852976943], [0.021517555538358178, 0.7826355550804823, 0.07394047507678173, 0.12190641420437776], [0.06462569270573211, 0.7631168337235299, 0.07674623106742084, 0.0955112424033172], [0.04709334815214825, 0.013705439046847857, 0.0643690518797639, 0.87483216082124], [0.09100325827682837, 0.008598034896283845, 0.836867421967145, 0.06353128475974273]], "ideal": "B", "sampled": "B", "correct": true}}
{"type": "result", "data": {"idx": 5, "options": ["9", "11", "26", "32"], "probs": [[0.32404679298175504, 0.3788715628816667, 0.1935040070929143, 0.10357763694366397], [0.4000925659719476, 0.37587958010432027, 0.08789203929183076, 0.13613581453190138], [0.18544705210261772, 0.15862588582836806, 0.6176564692833271, 0.0382705926856871], [0.10725384098731869, 0.25729684572608313, 0.5362511596293139, 0.09919815355728427], [0.23446599438033308, 0.07977603137362851, 0.6373706269410465, 0.04838734720499193], [0.06396839069656894, 0.06703971375629247, 0.829580909151185, 0.03941098629595355], [0.26602771875582215, 0.3993836342889038, 0.2008150666751318, 0.13377358018014224], [0.3016239938882572, 0.3873274162230098, 0.11629089815754294, 0.19475769163119003], [0.21770646871854987, 0.21101681646691858, 0.49835126483028624, 0.07292544988424526], [0.17940714819867082, 0.21641348138959607, 0.5110994538816861, 0.09307991643004705], [0.20700993823410335, 0.10089272109315096, 0.6084537414828389, 0.08364359908990679], [0.08828162970298743, 0.06875510540981374, 0.7992594599696999, 0.043703804817498845], [0.20407983962759796, 0.1745669271557842, 0.5293621499212036, 0.09199108319541427], [0.20796514485031073, 0.27125401514681713, 0.3428864930027486, 0.17789434690012354], [0.18371540443040146, 0.29821670274595996, 0.40128508505150023, 0.11678280767213833], [0.2852566071429178, 0.3838761322059072, 0.20228394278130418, 0.12858331776987084], [0.24707430616087747, 0.23577268504093613, 0.39483461406844633, 0.12231839462974006], [0.2577935918568433, 0.16387089230644938, 0.47417098786263817, 0.10416452787406916], [0.1182022098660159, 0.30660973148798126, 0.4976659716069152, 0.07752208693908766], [0.09755109612976143, 0.4304394583882394, 0.36816324171330633, 0.10384620366869285], [0.13270065384820276, 0.4087683320943286, 0.3780408855602726, 0.08049012839719606], [0.1929225007721271, 0.49266946634212655, 0.232716084207008, 0.08169194857873832], [0.07468444330793154, 0.42979927147499036, 0.42312736575924115, 0.07238891935783691], [0.10011830551970533, 0.41499559521266854, 0.41499011158555404, 0.06989598758207212]], "ideal": "C", "sampled": "B", "correct": false}}
{"type": "result", "data": {"idx": 6, "options": ["1.1 over 11", "11 over 11", "12 over 11", "11 over 12"], "probs": [[0.5051252320667415, 0.08507860577862937, 0.35819379025384773, 0.0516023718007814], [0.5449742633678855, 0.08622966641644372, 0.3057097769542564, 0.0630862931614144], [0.25503181221059107, 0.029522374757296705, 0.6825114766146448, 0.032934336317467394], [0.5030770934844383, 0.06396079855488487, 0.2097179756082832, 0.22324413225239367], [0.21692106852854298, 0.0293574603774737, 0.7224709633098728, 0.03125050768411046], [0.36094953799476326, 0.05535478020602986, 0.3964340299768527, 0.18726165172235415], [0.14578937970211853, 0.6534068425885715, 0.15042009466709158, 0.05038368294221839], [0.14955458990638498, 0.6598943293112878, 0.131984435916664, 0.058566644765663235], [0.1605954128187938, 0.04255425446099755, 0.7542967002826747, 0.042553632337533995], [0.31082105718974035, 0.0566056094443063, 0.5898456619606349, 0.042727671305318383], [0.28041639558653525, 0.4696292614909154, 0.20198047731519808, 0.04797386550735129], [0.27097564428242976, 0.36464890154811375, 0.3320118722730438, 0.03236358179641268], [0.1551746692483423, 0.5588254748341018, 0.24797264096437527, 0.03802721485318061], [0.14497723007936655, 0.6297790548271269, 0.15676138153806424, 0.06848233345544223], [0.29009659022233475, 0.3783699005872574, 0.30881140427400816, 0.022722104816399764], [0.31002507996551243, 0.503237091099234, 0.15834810546013206, 0.028389723375121502], [0.35519229700604044, 0.051171678091466354, 0.4284537354343761, 0.16518228936811713], [0.30931686084423726, 0.05633174769147721, 0.596236025636638, 0.03811536572764749], [0.09087351776401575, 0.5654537123282576, 0.3122677825993046, 0.0314049872084221], [0.15375943308544998, 0.52018051753005, 0.27842753811643794, 0.047632511168062094], [0.12087752034302095, 0.6742275237747442, 0.1814618834961381, 0.02343307228609676], [0.1413547082697653, 0.6743905468237599, 0.1576950532297855, 0.026559691576689366], [0.3475415913437911, 0.1110839313803651, 0.4750446661858364, 0.0663298109900074], [0.32904887870302796, 0.15543480534374343, 0.48631153502188296, 0.029204780831345672]], "ideal": "C", "sampled": "A", "correct": false}}
{"type": "result", "data": {"idx": 7, "options": ["3.6", "36", "0.01272", "12.72"], "probs": [[0.2228693101014742, 0.029694688014617717, 0.7307788837831424, 0.01665711800076565], [0.46371657731633575, 0.10510114148656337, 0.40289480819308005, 0.02828747290402078], [0.2597023713851223, 0.5328927367614333, 0.1900057547905366, 0.01739913696290775], [0.20497877931962546, 0.672122420065176, 0.09990060347046187, 0.022998197044736688], [0.2625896739678551, 0.026825630948618433, 0.6811224322759689, 0.02946226270755755], [0.36243481047908815, 0.027948333416198446, 0.5702033733971749, 0.039413482607538526], [0.027804835960206865, 0.8383896045424076, 0.1134629971774169, 0.020342562219968583], [0.02532822680956543, 0.8790286925883325, 0.07329084101260229, 0.022352239489499718], [0.08130004546909383, 0.46786222223009016, 0.43269709310653987, 0.018140639094276184], [0.08632687601636474, 0.7457715426229407, 0.12959404101804026, 0.03830754024265437], [0.10984100756631011, 0.05972041722779322, 0.8116467903091312, 0.01879178479676547], [0.16999999037175167, 0.46940409965114943, 0.3176123286577025, 0.04298358121939639], [0.5059168357116589, 0.0333698951917668, 0.3266534221093539, 0.13405984688722047], [0.6571301749916834, 0.023199770359612508, 0.3055987028457232, 0.014071351702980912], [0.23985858705958082, 0.028647488513843872, 0.7049995791393265, 0.02649434518724875], [0.4281033971801986, 0.029133093115144598, 0.5245325916605528, 0.018230917944104013], [0.43900742468307086, 0.02021452381685106, 0.5053005142704915, 0.035477537129586595], [0.5168256211213418, 0.031038394483785352, 0.30861535952707403, 0.14352062476779878], [0.04487028345016957, 0.6291890739765403, 0.2925954162781898, 0.03334522619510031], [0.0524098575062794, 0.6691409944818835, 0.246160089945019, 0.032289057966818094], [0.035696089663095995, 0.025711231218440506, 0.9206433994219335, 0.017949279596529963], [0.21148792064673735, 0.06350122438854669, 0.6827101161595206, 0.04230073870519539], [0.15844803206129016, 0.22697053287395524, 0.5887152793260845, 0.025866155638670073], [0.17012969640789757, 0.5079283562412059, 0.27615176805620256, 0.045790179194694]], "ideal": "B", "sampled": "A", "correct": false}}
{"type": "result", "data": {"idx": 8, "options": ["159.26", "2.224", "14,111", "126.26"], "probs": [[0.6128865936446183, 0.04303357325314094, 0.026100831185713352, 0.3179790018165274], [0.5047988562005364, 0.026338748776781825, 0.4525082709973988, 0.01635412392528291], [0.006214372244689268, 0.003888856787751642, 0.9817917183672803, 0.008105052500278731], [0.017645003442345212, 0.007829937332007774, 0.9633965163181675, 0.01112854280747955], [0.2729709290499445, 0.6151715837265879, 0.0872482553837207, 0.024609231739746946], [0.13333824772314432, 0.7916983064105029, 0.0339782474147915, 0.04098519835156126], [0.5755908488651704, 0.28494900462162104, 0.03298485278753403, 0.1064752936256745], [0.045061348363210484, 0.011216672689914026, 0.9338233334872575, 0.009898645359617979], [0.026218851457148695, 0.005244114694534797, 0.9535979502259749, 0.014939083522341544], [0.01668762164952837, 0.0044914268442380655, 0.9698886983395757, 0.00893225306665783], [0.4991799676154185, 0.031416934507090086, 0.4474705830276233, 0.021932514749868102], [0.788483437859829, 0.08574610915762246, 0.03305795403590297, 0.09271249884664554], [0.00807384004888143, 0.14765642141843216, 0.8108045216344258, 0.03346521679826059], [0.01151122796974011, 0.06420480642267899, 0.9002924368491795, 0.02399152865840144], [0.004225085359803525, 0.6173522367303526, 0.32531678283554905, 0.05310589497429488], [0.006111337117904165, 0.4120337516930502, 0.5458525819015364, 0.03600232918750924], [0.006517989206950121, 0.8808124216277649, 0.058095117163399004, 0.05457447190188602], [0.006909690488637886, 0.7801717696994898, 0.174077142259291, 0.03884139745258137], [0.9689947060041681, 0.0019451461815268869, 0.02622997118965099, 0.0028301765246539212], [0.9840513313637506, 0.002022224789919321, 0.010513282510834094, 0.003413161235496014], [0.9747611023970312, 0.002454279690900549, 0.019608536746978482, 0.0031760810650897217], [0.9765598161675288, 0.0028300759140435098, 0.01371422147188759, 0.006895886346540085], [0.908093561846221, 0.004993984421745831, 0.08059945615423093, 0.006312997477802146], [0.2845151042707021, 0.010282829247233512, 0.6932737753547132, 0.01192829102735108]], "ideal": "D", "sampled": "D", "correct": true}}
{"type": "result", "data": {"idx": 9, "options": ["0.72", "0.702", "10.0571", "7.2"], "probs": [[0.3718871993579433, 0.18704011659182998, 0.04511978000665197, 0.39595290394357474], [0.407329766384274, 0.10300017108855747, 0.44740110464613536, 0.04226895778103319], [0.31615793466268977, 0.052428580424694234, 0.5463147718187624, 0.08509871299385362], [0.04158375400191519, 0.01288245521482955, 0.9318208071444967, 0.013712983538758595], [0.3798208051486712, 0.29126755268246596, 0.2779055916360943, 0.05100605043276854], [0.38718745397024384, 0.40583986342245915, 0.10752736111047978, 0.09944532139681718], [0.22931723417628022, 0.28994349894345145, 0.05889752155564217, 0.42184174522462614], [0.3177213072459073, 0.2288746237525947, 0.4079864918777652, 0.04541757702373278], [0.12115956931958641, 0.039336528918210885, 0.8025518118722748, 0.03695208978992796], [0.033571274023068635, 0.016881399326612572, 0.921715285212258, 0.027832041338060793], [0.16952030422154732, 0.13837392678357466, 0.649907352896264, 0.04219841599861406], [0.27088362984942205, 0.2839526341553928, 0.11835342340304407, 0.32681031249214104], [0.070348277793675, 0.6469935695335732, 0.20041162663360945, 0.08224652593914228], [0.039634200342849916, 0.32167803159453995, 0.5916204253566824, 0.04706734260592782], [0.06183574816700493, 0.3847986883375286, 0.4095855469777387, 0.14378001641772775], [0.05648229003286088, 0.10553121762284359, 0.767691149629087, 0.07029534261520853], [0.03271658907969644, 0.710600038326995, 0.20357846074126035, 0.05310491175204813], [0.03876277616263695, 0.7430145379933188, 0.15818477399405725, 0.060037911749986995], [0.6091653681340906, 0.2789248217403436, 0.09489651733098971, 0.01701329269457612], [0.5408029010053358, 0.37758729209688474, 0.05109876441350296, 0.03051104238427647], [0.488410973783118, 0.07147580610328584, 0.4177981311146962, 0.022315088898899965], [0.6607184507889218, 0.1644917452840188, 0.07185792284273643, 0.10293188098432297], [0.21897854031097014, 0.03988088316750072, 0.7180601397820373, 0.02308043663949182], [0.4026830970038689, 0.06998307048625067, 0.4492645427354567, 0.07806928967442373]], "ideal": "D", "sampled": "D", "correct": true}}
{"type": "result", "data": {"idx": 10, "options": ["150 + 400 + 200", "200 + 400 + 200", "200 + 450 + 200", "200 + 500 + 200"], "probs": [[0.03632651431464791, 0.29023314816879814, 0.48605041883721095, 0.187389918579343], [0.05390661441239213, 0.36267830972193277, 0.3302229556425473, 0.2531921201231278], [0.06739206318277156, 0.23522530580960668, 0.5913592376880054, 0.10602339321961639], [0.08444676736151335, 0.3392598108442572, 0.2993952698571041, 0.27689815183712535], [0.05619113130025887, 0.06884775746078699, 0.7879299423607371, 0.087031168778217], [0.059481089658846964, 0.09212780821544811, 0.5556047458931785, 0.2927863561325264], [0.16042246640012894, 0.4864825823334309, 0.21587661871583957, 0.13721833245060058], [0.17163972810637762, 0.4665742585576047, 0.13792006875566398, 0.22386594448035368], [0.03249062670048921, 0.7629721930524419, 0.13467108012889115, 0.06986610001817772], [0.03714946988058972, 0.5721166665415927, 0.2745025723022359, 0.11623129117558176], [0.05237125840781391, 0.6582789248763657, 0.14919501152496784, 0.1401548050908525], [0.044022606084045714, 0.2915884391156813, 0.5983029269032013, 0.06608602779707164], [0.2027262718907686, 0.4428033496177464, 0.2407499247995623, 0.11372045359192266], [0.1382719108581567, 0.4064134000369788, 0.107688991600101, 0.3476256974047635], [0.07314980937888942, 0.622132911220555, 0.22182743744928385, 0.08288984185127167], [0.060033480891168285, 0.6158791711026061, 0.1557175797546925, 0.16836976815153307], [0.07077987761818699, 0.5149024975222842, 0.14298308425570394, 0.27133454050382483], [0.09604292505083072, 0.5883452383338946, 0.20332570674957648, 0.11228612976569817], [0.09057748994385302, 0.48966437208476266, 0.27041992340945126, 0.1493382144619331], [0.09131303561446888, 0.409246566230715, 0.17059971736604565, 0.3288406806887705], [0.022193507021659595, 0.5905527152908336, 0.29234452453686605, 0.09490925305064071], [0.016547138455337403, 0.5147713604439409, 0.3483099464311995, 0.12037155456952217], [0.029653297237173328, 0.5508580114929079, 0.1788369089008618, 0.240651782269057], [0.020885139857268514, 0.538642291213667, 0.34238028777975543, 0.09809228104930899]], "ideal": "C", "sampled": "B", "correct": false}}
{"type": "result", "data": {"idx": 11, "options": ["21", "7", "1", "None of these"], "probs": [[0.02189965133256022, 0.004662698583621349, 0.9607631762066169, 0.012674473777201491], [0.1261151631207162, 0.010849083265752145, 0.053400917199537754, 0.8096348363139939], [0.3941594273763254, 0.4536819654171533, 0.1028237617771971, 0.049334845329324174], [0.39324956199131034, 0.5129029421764354, 0.054910558340228434, 0.03893693739202588], [0.12685657256640967, 0.008498968033264893, 0.16805872776552921, 0.6965857315347962], [0.09848841943355942, 0.012718648513738046, 0.8508224369349184, 0.03797049501778409], [0.032482586354830145, 0.0035879443296293794, 0.9492884640543435, 0.014641005161196919], [0.11926269814166454, 0.0077443431855907805, 0.03209930533956009, 0.8408936532331845], [0.06911804576202255, 0.855301294043309, 0.046767997503312855, 0.02881266259135558], [0.1190627979973522, 0.8010423898051185, 0.06274219695212158, 0.017152615145407706], [0.11391378789485951, 0.0085139403863723, 0.1462692450140836, 0.7313030266046846], [0.04306296571104942, 0.007720789763479624, 0.9352357852003007, 0.013980459225170288], [0.8429769828979503, 0.005769432549524828, 0.11057545149347536, 0.040678132959049554], [0.8103512562317738, 0.011559118650280004, 0.1430371901019378, 0.035052434916008346], [0.8932347532618464, 0.009617737457846337, 0.06887957349471883, 0.028267935685588347], [0.8986927976639209, 0.013226201042030181, 0.06822619963023317, 0.019854801563815788], [0.7950820807320661, 0.013680271699790612, 0.14707739049963472, 0.044160256968508504], [0.734900707417992, 0.007851321190918237, 0.22065940332695064, 0.036588567964139194], [0.11049217149243759, 0.01182927208766173, 0.03531572274981026, 0.8423628335700905], [0.1327376008167328, 0.01610291304563278, 0.8131297462456515, 0.03802973979198288], [0.13869207321068613, 0.023727560950255595, 0.051825848300833574, 0.7857545174382247], [0.030789399919152825, 0.01097829348045066, 0.9429905511392287, 0.01524175536116781], [0.292676000667615, 0.6196114993235318, 0.044884424484933606, 0.042828075423919656], [0.24759508851373138, 0.6626153637001059, 0.06067695513265254, 0.029112592553510144]], "ideal": "D", "sampled": "C", "correct": false}}
{"type": "result", "data": {"idx": 12, "options": ["8", "9", "49", "63"], "probs": [[0.07251615630326648, 0.02211728674475354, 0.04906727002770415, 0.8562992868242758], [0.06001301407359339, 0.048223724385415154, 0.036973193690938204, 0.8547900677500533], [0.030397119982564277, 0.012871290184192322, 0.6299263056410912, 0.32680528409215226], [0.11088476669722343, 0.015243328643397527, 0.6792582481564836, 0.19461365640289538], [0.018636806108399247, 0.01029250780289986, 0.28255871198628807, 0.6885119740024128], [0.012776851444536072, 0.006325036649250158, 0.9685143669573638, 0.01238374484884997], [0.14233875008108232, 0.042740035001756736, 0.03328451451913995, 0.781636700298021], [0.1104145414240919, 0.06003394677609422, 0.03875935048401676, 0.7907921612157971], [0.12299390835204907, 0.012762840788418647, 0.6344551419783899, 0.2297881087811424], [0.1293257322145035, 0.013419899119343005, 0.6266998034460556, 0.2305545651200979], [0.0648281252010857, 0.010419107584391678, 0.4227327248503458, 0.5020200422641768], [0.020139605273797788, 0.007294138131262969, 0.9553399307475606, 0.017226325747378618], [0.0356284753779772, 0.0309548565377441, 0.8236728936492003, 0.10974377433507838], [0.19210969339125325, 0.08134675206950634, 0.06639152167948688, 0.6601520327597535], [0.13492202222308752, 0.03865656902431373, 0.6238762581233004, 0.2025451505292983], [0.1739965372582256, 0.10070490798574618, 0.05828187219855799, 0.6670166824574703], [0.2042648673488806, 0.012460679000274193, 0.4191250267075349, 0.3641494268433103], [0.12637405449305877, 0.011216746955456231, 0.41436548194519457, 0.4480437165062904], [0.030045820133100754, 0.05975415506611407, 0.5081870195672106, 0.40201300513357463], [0.034849118697504566, 0.052315380808809514, 0.6891121318926142, 0.22372336850107166], [0.03692742270574002, 0.038700091017270524, 0.6053642372198903, 0.3190082489570991], [0.01854779626386047, 0.04115051898397329, 0.801092231226093, 0.1392094534260733], [0.23234777496439987, 0.298349980955538, 0.2018680006342126, 0.26743424334584953], [0.18573497233917644, 0.19771964846064338, 0.21714675424311686, 0.3993986248570633]], "ideal": "A", "sampled": "C", "correct": false}}
{"type": "result", "data": {"idx": 13, "options": ["6", "11", "8", "5"], "probs": [[0.1942382312902219, 0.03885151087421402, 0.4516221301238946, 0.3152881276116694], [0.13980465312938256, 0.026682776757180084, 0.721175169035488, 0.11233740097794935], [0.28155077907882814, 0.045964681764304335, 0.2563578342935105, 0.416126704763357], [0.14502988947700537, 0.02768022319276485, 0.7365316089371974, 0.09075827829303237], [0.38049041087129337, 0.19434706285598327, 0.2615112882140644, 0.1636512379586589], [0.33300141985371, 0.12251186172237132, 0.4275896441921506, 0.11689707413176804], [0.1804304163073715, 0.1183334987864811, 0.3588323076939639, 0.34240377711218345], [0.12944179193386368, 0.0692869542788589, 0.6677193342501075, 0.13355191943716987], [0.21039158103746303, 0.06219390034053659, 0.35234376784615906, 0.37507075067584134], [0.18234861166961328, 0.04908029807732889, 0.5114149526951149, 0.25715613745794286], [0.1751478805874747, 0.1751549735397795, 0.4543032076915859, 0.1953939380811599], [0.20709041631861638, 0.2310367008503696, 0.28751929734694803, 0.274353585384066], [0.24712406556675823, 0.055143532433500196, 0.14080882333317513, 0.5569235785665665], [0.11270668566416196, 0.03331689970824925, 0.7702196383119477, 0.08375677621564102], [0.07956491153942509, 0.019196368069294, 0.7548956738245284, 0.1463430464667525], [0.057991191359649134, 0.015366486115844074, 0.8521803609494031, 0.07446196147510376], [0.19545546608971834, 0.1113724360810406, 0.5835304390099593, 0.10964165871928178], [0.3159296465210644, 0.1800252917225149, 0.15158745419077962, 0.35245760746564103], [0.43544886221001644, 0.08311173630582049, 0.2725012756052138, 0.20893812577894927], [0.38126600492562873, 0.05492989390957052, 0.4320384006045317, 0.13176570046026906], [0.22403085312998694, 0.03600611923277224, 0.5810983798112707, 0.15886464772597014], [0.33597742131065406, 0.04140264743365155, 0.3690037873799092, 0.2536161437757852], [0.23883874200588048, 0.03387582813100801, 0.6292646784522375, 0.09802075131087393], [0.23315940881856004, 0.04051999389913787, 0.20900395588350873, 0.5173166412987934]], "ideal": "A", "sampled": "D", "correct": false}}
{"type": "result", "data": {"idx": 14, "options": ["10 bars of soap for $23.20", "16 bars of soap for $36.48", "13 bars of soap for $29.51", "12 bars of soap for $27.60"], "probs": [[0.206067629679515, 0.028329509289093138, 0.18763458097819982, 0.577968279953192], [0.24713108740703377, 0.025247161500038823, 0.6213290517157072, 0.10629269927722022], [0.14870283859195427, 0.015192260313336522, 0.01950658029001467, 0.8165983207046945], [0.265287730549968, 0.027962515492432533, 0.5978725629914736, 0.10887719086612581], [0.33674091849999943, 0.24257785621641384, 0.10432461881319907, 0.3163566063703876], [0.5297586041015278, 0.22433578812834115, 0.12583599243312327, 0.12006961523700785], [0.07883648514826141, 0.6705374071036487, 0.134112252772508, 0.11651385487558188], [0.10404607342495936, 0.6474450633043787, 0.14446197018186138, 0.10404689298880052], [0.09196221288034576, 0.5292486666190814, 0.26611286993896144, 0.11267625046161142], [0.13616302202284605, 0.3532058789017486, 0.37014221038269396, 0.14048888859271136], [0.09376877429083307, 0.5396426085348466, 0.27134166984582797, 0.09524694722849236], [0.14254285393719987, 0.5054001211614656, 0.17740577457561268, 0.17465125022572184], [0.08098441421909228, 0.6888088038531226, 0.10079296752393355, 0.12941381430385152], [0.11366465686615124, 0.5956038236022438, 0.17882788179516654, 0.11190363763643842], [0.2135075622578637, 0.014529864261718723, 0.6576790194551881, 0.11428355392522946], [0.24374295277383012, 0.018217910825863427, 0.57566835849322, 0.1623707778070865], [0.1397615130265842, 0.5358040569020215, 0.22686411406977516, 0.09757031590161912], [0.102966976067052, 0.6407358454797925, 0.12815124903377137, 0.12814592931938423], [0.06739440810730672, 0.7133869197767949, 0.10277038449401082, 0.11644828752188753], [0.07404584022820901, 0.7363000840538595, 0.1044272603479174, 0.08522681527001408], [0.2124647591525442, 0.022394444207242667, 0.6647778575446829, 0.1003629389955302], [0.30495094428167485, 0.03316398571888167, 0.4168402549206293, 0.24504481497881417], [0.22569966715642784, 0.01881897420779523, 0.6844607568606499, 0.07102060167512705], [0.4048057733845356, 0.21003418845767224, 0.11966915249120834, 0.2654908855665838]], "ideal": "C", "sampled": "A", "correct": false}}
{"type": "result", "data": {"idx": 15, "options": ["5 minutes", "14 minutes", "34 minutes", "70 minutes"], "probs": [[0.13918771508805552, 0.28116936793082403, 0.4091024452573773, 0.1705404716237431], [0.2393715077024644, 0.3073642734794975, 0.16451942409535683, 0.2887447946226812], [0.1443067533916992, 0.08752678594687864, 0.6884709801125781, 0.07969548044884404], [0.13753395805875682, 0.265105922874071, 0.3404037907680056, 0.2569563281991666], [0.16213022170829716, 0.0697311684419519, 0.6513583659474373, 0.11678024380231353], [0.11864074091136069, 0.09239703403705726, 0.6216483202094202, 0.16731390474216193], [0.2534343751078357, 0.18254375053867655, 0.3925350243971622, 0.17148684985632554], [0.32807897004537595, 0.24003175971633872, 0.15989532289822295, 0.2719939472400624], [0.22141239044836353, 0.04863812028875344, 0.5654069780737999, 0.16454251108908316], [0.3333550244226727, 0.1389640060391338, 0.2720801410367143, 0.25560082840147924], [0.1772101051650208, 0.028038849198211948, 0.6282756315468566, 0.16647541398991064], [0.09547031173754268, 0.04170753542644221, 0.7627693016786489, 0.10005285105736622], [0.20056223120165573, 0.08360718623430961, 0.5713667060099372, 0.14446387645409745], [0.23922111804540233, 0.14970230010747856, 0.32698328274149024, 0.2840932990056288], [0.21976968316369455, 0.26509654124266546, 0.37973495748216934, 0.13539881801147066], [0.2745300963526558, 0.387155956756741, 0.17179927694275926, 0.16651466984784394], [0.2581006903546789, 0.09202962436373847, 0.35278845092694017, 0.2970812342546424], [0.19324337376010756, 0.04244993721529885, 0.6640511302891422, 0.10025555863545141], [0.13143283127424074, 0.09921103714904496, 0.5038466453048399, 0.26550948617187436], [0.12689145569903465, 0.10196003103518286, 0.5776583257008723, 0.19349018746491023], [0.16014257013471012, 0.24419072961070598, 0.3963631149458698, 0.1993035852087141], [0.133236793665127, 0.2733844477650657, 0.4168664750506875, 0.17651228341911976], [0.1311843434197951, 0.3510708019105436, 0.25684911775551067, 0.2608957368141507], [0.12462032211429375, 0.2054644586078833, 0.541337148532889, 0.128578070644934]], "ideal": "B", "sampled": "B", "correct": true}}
{"type": "result", "data": {"idx": 16, "options": ["18", "24", "25", "29"], "probs": [[0.04015320197887197, 0.0515581681977456, 0.8192048299928756, 0.08908379973050679], [0.058937958927981475, 0.16021208344129909, 0.3965251415830313, 0.3843248159476881], [0.09907191467200237, 0.24906984525819553, 0.5031332485574991, 0.148724991412303], [0.09990008993863503, 0.30294829829694475, 0.2845909020362138, 0.3125607096282064], [0.021721637723945492, 0.03995269692849683, 0.8409766882944123, 0.09734897695314536], [0.04039730379657659, 0.05696998953245978, 0.7742507101183493, 0.12838199645261425], [0.03443996325193067, 0.1341024672058131, 0.7363657546594501, 0.09509181478280612], [0.037844655638447494, 0.321864466523858, 0.29767255197930553, 0.342618325758389], [0.05380688959639051, 0.32961094253339296, 0.4166649266039964, 0.19991724116622012], [0.043034715795129914, 0.3776230100503653, 0.28062216803638373, 0.29872010601812105], [0.021915857670379197, 0.07830878010893964, 0.6659916353345611, 0.23378372678612008], [0.013388038000602842, 0.043898207921790215, 0.8680418928831275, 0.07467186109447943], [0.11457641592334966, 0.31145498617537093, 0.39371422515916904, 0.1802543726421104], [0.15795950825362592, 0.2905366463748647, 0.25639582059793437, 0.295108024673575], [0.17713504065694433, 0.17713705231376525, 0.4740421316758248, 0.17168577525346557], [0.13058979418790398, 0.22564230184556747, 0.3494784727498553, 0.2942894311166733], [0.051183512957176054, 0.06078273271355497, 0.706572454553194, 0.18146129967607497], [0.05665912492302785, 0.11625853188516262, 0.6383789372832391, 0.18870340580857037], [0.030051552427942396, 0.21522422613787642, 0.4213839267082219, 0.33334029462595927], [0.03391153390300558, 0.13623672823912047, 0.6705775310216635, 0.15927420673621046], [0.02877014151501652, 0.13512840966369769, 0.45712927319849866, 0.3789721755227871], [0.009686898872192038, 0.04046628432165516, 0.8788274322537271, 0.0710193844524257], [0.04472465390199971, 0.27397676993427866, 0.3986296906821813, 0.28266888538154034], [0.043383196638406174, 0.3689698631539009, 0.3806774076539684, 0.2069695324537245]], "ideal": "B", "sampled": "C", "correct": false}}
{"type": "result", "data": {"idx": 17, "options": ["(60/6)\u201412=a", "(60\u201412)/6=a", "(60-6)-12=a", "(60+12)/6=a"], "probs": [[0.02203419912637633, 0.8940734545972275, 0.04812887140171145, 0.035763474774684646], [0.02701924318195318, 0.8948070218712657, 0.04454871249165167, 0.033625022355129416], [0.2561283399797837, 0.061796027930621604, 0.533837912424773, 0.14823771956482176], [0.28269440985976, 0.11071136260085457, 0.2201732180856986, 0.3864210093536868], [0.13683809452391502, 0.02199232543117129, 0.8124870435932271, 0.028682536351686633], [0.4955523686113551, 0.07482179664123788, 0.15594173269165001, 0.273684101955757], [0.9803538579100939, 0.0050649824301079, 0.008751564489055041, 0.00582959507074318], [0.9754203675088751, 0.007684245797870779, 0.009563226367621774, 0.007332160225632413], [0.983122183101294, 0.0036018009602136894, 0.008116864654795615, 0.005159151183696735], [0.9833521615308219, 0.0036593458233757613, 0.007746865793534795, 0.005241626752267519], [0.9870611049690498, 0.0019970519249557176, 0.006970367502541362, 0.003971475503453192], [0.9921093985115195, 0.0012859290129533028, 0.004183499563384513, 0.002421172812142725], [0.1028567995666793, 0.0152886136781461, 0.8347628084675566, 0.047091778187618075], [0.11560220528583995, 0.13728964634259244, 0.42287434088399484, 0.32423380738757274], [0.019055842144560655, 0.8230793550072484, 0.11492336557514159, 0.0429414371730494], [0.01885879046601263, 0.8536662490321354, 0.07117448027902806, 0.056300480122823925], [0.09750946828141552, 0.24515659162535772, 0.14638533023887307, 0.5109486097543537], [0.11463462645632048, 0.04217251421217981, 0.7593233641172342, 0.08386949511426552], [0.1939451475746574, 0.03587710631521456, 0.7319876850851453, 0.0381900609249827], [0.15379151242054848, 0.3307242294599427, 0.34121163659225245, 0.17427262142725636], [0.3814225338547923, 0.10266098761504178, 0.4601012639278989, 0.05581521450226704], [0.26461393229879593, 0.29064784100683416, 0.08863903034275322, 0.3560991962516167], [0.5122447284984929, 0.054843485601948766, 0.15869842953185243, 0.2742133562677059], [0.32693464900368846, 0.05421311257365706, 0.4908185205825732, 0.12803371774008132]], "ideal": "B", "sampled": "B", "correct": true}}
