{"type": "result", "data": {"idx": 0, "options": ["a force that works through matter", "essentially a philosophical notion", "merely a property of a certain kind of matter", "a supernatural phenomenon"], "probs": [[0.00861946179386008, 0.01973024117712035, 0.9359235387805792, 0.03572675814844041], [0.0021747978988987567, 0.0016416308674179077, 0.0019801982828639513, 0.9942033728508194], [0.016219659017187516, 0.9426901480013707, 0.025121895968218233, 0.015968296913223497], [0.019342296544103882, 0.9319770086361189, 0.03239275262898948, 0.016287942090787717], [0.0023145014452864857, 0.001774598497611635, 0.0019490278819183772, 0.9939618720751835], [0.01042807886004769, 0.017193046105909864, 0.9387165060712642, 0.033662368862778215], [0.006834760315926632, 0.02241042698554861, 0.9381478353103911, 0.0326069772881336], [0.003405991551025383, 0.003625674485899941, 0.003250053689665909, 0.9897182801734088], [0.010605340789954431, 0.8039191449715961, 0.10711151523110166, 0.0783639989073478], [0.005595711287850795, 0.9410637217392723, 0.029781640173622958, 0.02355892669925393], [0.002914951643520821, 0.0017680225397610297, 0.0050366376439529275, 0.9902803880727652], [0.004974550485993948, 0.00537880734102179, 0.947994991492757, 0.04165165058022719], [0.9920239064273872, 0.003929492629181459, 0.002070722431206219, 0.0019758784122250322], [0.9916829669354416, 0.003928144306533118, 0.0023825796306920595, 0.002006309027333223], [0.990633955674813, 0.003863147658189102, 0.0030086540813508765, 0.0024942424856469773], [0.994232675306015, 0.0023886673650597543, 0.001860321654619171, 0.001518335574306101], [0.9902361479332376, 0.004110643358805371, 0.0029149194157979215, 0.002738289192159131], [0.9948538018874906, 0.0022453461007416963, 0.0014051218853239913, 0.00149573002644371], [0.002577123700589582, 0.0029202825420878735, 0.002421010055361603, 0.992081583601961], [0.01543437984898278, 0.02928947491837215, 0.925525432676594, 0.02975071245605097], [0.0031439319064536612, 0.001967440871150828, 0.0070850232414325105, 0.987803603880963], [0.00861854167929987, 0.010396035009472043, 0.9358272807693596, 0.045158142441868436], [0.01577429414478548, 0.6813131316325807, 0.23545405879295986, 0.06745851532967397], [0.015315445281108812, 0.9328566875573268, 0.027733162300990707, 0.02409470476057371]], "ideal": "C", "sampled": "C", "correct": true}}
{"type": "result", "data": {"idx": 1, "options": ["In ancient Rome, religious worship was decentralized and tended to vary with one's social position.", "In ancient Rome, religious worship was the source of much social tension and turmoil.", "In ancient Rome, religious worship was homogeneous and highly centralized.", "In ancient Rome, religious worship was revolutionized by the introduction of Christianity."], "probs": [[0.9746571301723342, 0.015753933388019847, 0.00607373302846854, 0.0035152033111773284], [0.9747473210735025, 0.016003494447221163, 0.004805152113796292, 0.004444032265480099], [0.9777422430261989, 0.013517719531615844, 0.005723806495225875, 0.0030162308469593446], [0.9656760412384099, 0.01912427874194536, 0.006713301111645277, 0.008486378807999408], [0.9668282544095529, 0.019147072529354887, 0.008364787562031167, 0.00565988539906105], [0.9395217919770319, 0.02881800946126167, 0.01471890326911742, 0.01694129519258896], [0.011945399004763966, 0.9638873881755412, 0.013119565010793557, 0.011047647708901228], [0.011781099436450984, 0.9656010253685058, 0.01007700275041331, 0.012540872344629946], [0.004665479708069365, 0.004247952922414045, 0.9764895433996249, 0.014597023869891727], [0.0011143571934144054, 0.000730821311550723, 0.0007308324874220896, 0.9974239889076127], [0.00392090701727255, 0.004239507840108584, 0.9745397191531344, 0.017299865889484407], [0.002013101040504702, 0.0010443923733067567, 0.0018618455034260083, 0.9950806609827625], [0.003882600983835395, 0.9650047582899256, 0.013981858570011364, 0.017130782056227662], [0.003934535549295084, 0.9331320165474706, 0.012700913676921244, 0.05023253412631303], [0.00445408312420553, 0.004667808631669966, 0.9618337238171015, 0.029044384327022908], [0.0011142252336267247, 0.000765801302992798, 0.0008152039537774472, 0.997304769409603], [0.003068324945160986, 0.0037593769686596135, 0.9640607912680034, 0.029111506718175986], [0.0026170558904660044, 0.00114332088916747, 0.004382826253587186, 0.9918567968667793], [0.00591578030321252, 0.9642814588768365, 0.01583159834693947, 0.013971162373011513], [0.00634510572912205, 0.941706772173207, 0.022146794379567774, 0.029801327618103238], [0.006278156677274461, 0.006377032865277735, 0.9764970995108079, 0.010847710846639907], [0.0031087176137661477, 0.0016901975644158399, 0.003060576849648608, 0.9921405078721693], [0.005852166788872844, 0.007170230892295655, 0.9689516202616056, 0.018025981957225806], [0.004102350013551593, 0.0020953010682196946, 0.005520431522601106, 0.9882819172956276]], "ideal": "A", "sampled": "A", "correct": true}}
{"type": "result", "data": {"idx": 2, "options": ["Many were accomplished scientists, who added important pieces to human understanding of the universe.", "They utilized new methods of communicating their ideas, such as salons and inexpensive printed pamphlets.", "Most rejected religion altogether and adopted atheism as the only credo of a rational man.", "Many believed that the new scientific discoveries justified a more tolerant and objective approach to social and cultural issues."], "probs": [[0.003367260567701905, 0.0010110584564090347, 0.0017198906298402617, 0.9939017902460487], [0.01855888204080561, 0.009332030017116091, 0.9083355318159064, 0.06377355602617187], [0.005200806246484063, 0.001008249154255397, 0.0026563872533669854, 0.9911345572458935], [0.008274863685928708, 0.003729780113135951, 0.9715385784392333, 0.016456777661702084], [0.027862390391031864, 0.8943075499838224, 0.03467594586397038, 0.04315411366117534], [0.015959540737155206, 0.9275791255406113, 0.028451458252761557, 0.028009875369471936], [0.002927540383622792, 0.0011025416200835451, 0.001382916961944556, 0.9945870009343492], [0.02121852869737947, 0.017590763138894724, 0.8882782160961763, 0.0729124919675495], [0.003020080294389948, 0.0009881820772097301, 0.001542549007133424, 0.9944491885212668], [0.008118733615440271, 0.0050805615264768985, 0.9682164611442178, 0.01858424361386502], [0.018225062008682458, 0.9495055943414016, 0.013757244208366416, 0.01851209934154954], [0.011600057898043744, 0.9507769427754436, 0.022013340816705085, 0.015609658409807587], [0.004590808013909322, 0.0013360244138395246, 0.0026988581152452996, 0.9913743093570059], [0.00953385341024339, 0.005873607915470583, 0.9574327866413429, 0.027159751932943073], [0.003638460418541428, 0.0012672966876386197, 0.0018583881313424177, 0.9932358546624775], [0.01163575094277892, 0.006734200059600661, 0.9537169673841821, 0.02791308151343833], [0.0035829419186155344, 0.9857432479323908, 0.00533691294073894, 0.005336897108254797], [0.004267992732189657, 0.981093602509986, 0.007490736107226889, 0.0071476685505974455], [0.9810485598898655, 0.007608483827679208, 0.005229303632823029, 0.006113652549632214], [0.9855749611851825, 0.005505501961220854, 0.004355264425179329, 0.00456427232841724], [0.9766861290316939, 0.010516342803867762, 0.005455880010475385, 0.007341648053962902], [0.976586096065539, 0.009725092836800063, 0.006684021508144342, 0.00700478948951657], [0.9810094674689545, 0.00772802006603084, 0.004335085527868912, 0.0069274268371457785], [0.9775007361604751, 0.008069931524897489, 0.006484432607946474, 0.007944899606680938]], "ideal": "D", "sampled": "D", "correct": true}}
{"type": "result", "data": {"idx": 3, "options": ["The duke, as a member of the French nobility, is sympathetic to King Louis.", "The duke, as a member of the French nobility, is biased against the king because of his suppression of the nobility.", "The duke, as a member of the French nobility, supported the extension of the administrative, financial, military, and religious control of the central state over the French population.", "The duke, as a member of the French nobility, supported King Louis's preservation of the aristocracy's social position and legal privileges, while he removed their power."], "probs": [[0.9140727229495256, 0.024359197238754064, 0.038324040710507386, 0.02324403900121301], [0.6235341955447925, 0.045168183234643104, 0.3039011026924063, 0.027396518428158108], [0.9057616135027422, 0.02822002067518307, 0.0319782367625661, 0.034040128959508614], [0.6458301519484575, 0.04752063360513652, 0.273473738577907, 0.03317547576849899], [0.7023489822031227, 0.2465526225087484, 0.03086021991818962, 0.02023817526993927], [0.8129147714338648, 0.13479611979248848, 0.026961627888452428, 0.025327480785194232], [0.13503595782849004, 0.31397544398817506, 0.23700665718907357, 0.3139819408942613], [0.11017253412951795, 0.10349591229560022, 0.7184552060609122, 0.06787634741396958], [0.06878639938254931, 0.03052364039294626, 0.8380573300281253, 0.06263263009637914], [0.03705681963810899, 0.016702872052046364, 0.47311744209323675, 0.47312286611660787], [0.10729872725217754, 0.049124347138967045, 0.7928923077581328, 0.05068461775072259], [0.09730055700711766, 0.014690440735930212, 0.03415722692608994, 0.8538517752308622], [0.03468507217849492, 0.9086556217367706, 0.03750430829409455, 0.019154997690639896], [0.027369067964178217, 0.45574895910229896, 0.5005389870384461, 0.01634298579507668], [0.0852480042458165, 0.02767585512196109, 0.8345549432204086, 0.052521197311813816], [0.08412187648282722, 0.029529556236607652, 0.7498025916849058, 0.13654597549565928], [0.06970593028936409, 0.019356484817492386, 0.8900074925505982, 0.020930092242545374], [0.06360641180466342, 0.013542844107350604, 0.016854949450809238, 0.9059957945371767], [0.2719427665195824, 0.6322992490516057, 0.06664397616497797, 0.029114008163833964], [0.1973239630263415, 0.7331641315680715, 0.04402985423363031, 0.025482051071956648], [0.19603508635872094, 0.04306256382085936, 0.7283962937148324, 0.0325060560055873], [0.47493464457612355, 0.05497796169830875, 0.07633239888876886, 0.39375499473679887], [0.05525825619840527, 0.009907197077630431, 0.920192196926024, 0.01464234969794025], [0.21429938408325008, 0.022587352141279986, 0.04933707149061591, 0.713776192184854]], "ideal": "B", "sampled": "A", "correct": false}}
{"type": "result", "data": {"idx": 4, "options": ["that the lyrics from the popular song Deutschland \u00fcber alles (which eventually became the German national anthem) were the reason Germany started the war", "that the lyrics from the popular song Deutschland \u00fcber alles (which eventually became the German national anthem) were evidence of Germany's aggressive attitude", "that the reason Germany lost the war was that it was betrayed from within", "that Germany provided the ultimate framework for modern warfare"], "probs": [[0.056035549988573206, 0.9044016853416905, 0.015082333722800252, 0.024480430846936022], [0.07343682618659686, 0.8671538796632313, 0.01690683507412421, 0.042502458976047576], [0.0781266340704543, 0.012753925676932657, 0.8666410115604275, 0.04247842859218554], [0.09988802301481725, 0.0060933081150726315, 0.0036958444928990525, 0.8903228242772111], [0.0757367076357045, 0.018852447774514752, 0.8533560839409169, 0.05205476054886389], [0.10365994365293445, 0.010756434966839076, 0.003957126789882603, 0.8816264944903438], [0.9745035415580116, 0.008431266273128697, 0.005359405785918696, 0.011705786282941076], [0.956196901354516, 0.013428154456044873, 0.0075327097176588155, 0.02284223437178035], [0.982254850194469, 0.0052356829578760035, 0.003175724449761974, 0.009333742297892947], [0.9843543436756187, 0.005006609619272964, 0.002638411779171456, 0.008000634825936843], [0.954897745241699, 0.01495986220344545, 0.00623638917419628, 0.023906003280659255], [0.9850896639501701, 0.005502787442456357, 0.0025591331179077715, 0.006848415389465755], [0.11098226591950439, 0.02400174060242368, 0.7825375433315109, 0.08247845004656096], [0.07392323140304602, 0.06128519503078709, 0.005439447329683225, 0.8593521261364837], [0.0164801622469586, 0.9429890827490917, 0.011151369327640917, 0.029379385576308772], [0.01580896904973318, 0.9480046739229772, 0.009294030016776604, 0.02689232691051309], [0.04776490354673377, 0.009116157650732199, 0.027644607446140307, 0.9154743312563938], [0.02608739958167317, 0.006805300249412597, 0.9341288212377235, 0.0329784788311908], [0.15391241241811995, 0.07046698138108977, 0.5372274001482447, 0.23839320595254565], [0.07207280551077404, 0.33326751704268953, 0.009754278905038775, 0.5849053984414976], [0.03483074411103326, 0.8706807529736404, 0.026292461946596297, 0.06819604086873], [0.018586911899708198, 0.9385723198078548, 0.013599032072074713, 0.029241736120362235], [0.07232619318736437, 0.00694101978943816, 0.011624117770437254, 0.9091086691527602], [0.03376617343493105, 0.007417464875499283, 0.9126623622592815, 0.0461539993302881]], "ideal": "B", "sampled": "B", "correct": true}}
{"type": "result", "data": {"idx": 5, "options": ["the Russian interest in French culture", "the spirit of camaraderie amongst the miners", "the sense of continual class struggle", "the need for noblesse oblige"], "probs": [[0.00855320476238898, 0.00803517429329062, 0.8724890645818988, 0.1109225562624216], [0.00871457763472963, 0.021569425915449737, 0.05255660870440012, 0.9171593876454205], [0.018325171080500042, 0.855848816229928, 0.07362188631225289, 0.05220412627731908], [0.00959493858278326, 0.8912004107016157, 0.06355469584451563, 0.03564995477108545], [0.005718611126951741, 0.006898129293954024, 0.02562942331745646, 0.9617538361616378], [0.00667485974671469, 0.005890682404912711, 0.930665026482242, 0.05676943126613051], [0.0038826550629183615, 0.0037049219335891373, 0.935356053433874, 0.057056369469618576], [0.001909309505463071, 0.0012327836006592072, 0.007791200086143921, 0.9890667067077338], [0.012169440387079336, 0.9082369389573831, 0.035769536427181794, 0.04382408412835576], [0.007410567956655802, 0.9262242031611024, 0.03883109867051643, 0.027534130111725303], [0.002537599554131481, 0.00261824044826641, 0.002577615458714382, 0.9922665444388877], [0.004371184987103081, 0.005974779845612604, 0.9588331443003641, 0.03082089076692014], [0.9760934511806445, 0.003575968250482086, 0.01287771083277376, 0.0074528696360996365], [0.9829818848982924, 0.0026762465915429836, 0.009789447879470068, 0.004552420530694534], [0.9816950192924501, 0.003710677243000343, 0.007979366630286496, 0.006614936734263093], [0.9823219790691745, 0.003598827379437902, 0.009936935557619224, 0.004142257893768391], [0.977682960989889, 0.0035818547947861555, 0.011033058311824143, 0.007702125803500677], [0.9806776217021104, 0.0031706162813199806, 0.011241015242004805, 0.0049107466745648655], [0.006845601987188232, 0.003233732287900002, 0.020437459931183077, 0.9694832056937287], [0.007666241333987001, 0.0043004769587287476, 0.9286667651760249, 0.05936651643125943], [0.003978267288744243, 0.0032982233853857505, 0.0039166747290846704, 0.9888068344967853], [0.00743803133082262, 0.007097569607192467, 0.9296367564411234, 0.05582764252086149], [0.014327599721685019, 0.9004738950528024, 0.038948389587922745, 0.04625011553758986], [0.013475579496930725, 0.9015384508656173, 0.04777834666312841, 0.03720762287432346]], "ideal": "C", "sampled": "C", "correct": true}}
{"type": "result", "data": {"idx": 6, "options": ["the size of landed estates", "the number of estates owned by an individual", "the monetary value of goods", "the amount of gold held"], "probs": [[0.06922225953660105, 0.014063607927505844, 0.7678597075261473, 0.14885442490974587], [0.01911259850505718, 0.006014132983644397, 0.009761935280813394, 0.965111333130485], [0.04865614215566607, 0.822970252633419, 0.044302768010624306, 0.08407083710029058], [0.049024045645103105, 0.8036822109747995, 0.04979701730780411, 0.0974967259722932], [0.031990678426022524, 0.010884425116466357, 0.007480768792657726, 0.9496441275648534], [0.08248404212906793, 0.021517494170213796, 0.7949353859259974, 0.10106307767472082], [0.054579236522843924, 0.01198970360171728, 0.7896306050276057, 0.14380045474783307], [0.022286005367824876, 0.0059982980735150005, 0.009146338349099984, 0.9625693581095601], [0.027146996169048573, 0.8713450187501399, 0.03431780167555539, 0.06719018330525607], [0.02172195636060234, 0.8410027153169073, 0.03364441117341401, 0.1036309170490764], [0.04193526311176988, 0.011111910924686878, 0.007287408998976117, 0.9396654168645671], [0.07749762899405754, 0.018407582686264863, 0.7239035151501735, 0.18019127306950405], [0.9593559219263934, 0.010995928555426021, 0.012076798287584636, 0.01757135113059597], [0.9531644635057464, 0.011812707474090033, 0.016146255745686445, 0.018876573174477166], [0.9678842135926516, 0.007744659438113981, 0.012376047300768661, 0.011995079568465699], [0.9625655483428106, 0.008198837809926232, 0.014389529930028296, 0.014846083817234807], [0.9441050657554491, 0.015500573064499291, 0.017841262309077652, 0.022553098770974028], [0.952926539798839, 0.014024457413566052, 0.011995904802488378, 0.021053097885106568], [0.0269684051965095, 0.011781810903725013, 0.01056115796113123, 0.9506886258386342], [0.06443097117711728, 0.02226702570467229, 0.8355822738156069, 0.07771972920260348], [0.03729289598668336, 0.01996176424961439, 0.010519167975506052, 0.9322261716881962], [0.06528394805695431, 0.025968567841085477, 0.7471646565974766, 0.16158282740448363], [0.02430974155709816, 0.8569655497350167, 0.04266577625840582, 0.07605893234947934], [0.01697259257301256, 0.8842532284861905, 0.028424334572328253, 0.07034984426846874]], "ideal": "C", "sampled": "C", "correct": true}}
{"type": "result", "data": {"idx": 7, "options": ["De las Casas was exaggerating to support the start of African slavery.", "Columbus was biased in favor of himself in his writings.", "Columbus's men were nicer to the natives than were later expeditions.", "De las Casas wanted the Spanish to leave the Americas."], "probs": [[0.03453243022318454, 0.05693397085790329, 0.5486940536585844, 0.3598395451603278], [0.07028393656158753, 0.33531160158474693, 0.11408649723838825, 0.4803179645152773], [0.03967978299340906, 0.11846068103117482, 0.7033620836245288, 0.13849745225088733], [0.07387805564235343, 0.3159423399562573, 0.07273568049681721, 0.5374439238045721], [0.03184516307623875, 0.042852047187989614, 0.7362270244782007, 0.18907576515757096], [0.03960730267838584, 0.0323263529318177, 0.5912091929652266, 0.3368571513245699], [0.11681491352967487, 0.05183586201737766, 0.5840500105342719, 0.2472992138186756], [0.07785171162578404, 0.017644622876152614, 0.02732903734037732, 0.877174628057686], [0.1812572425047922, 0.38372652575331634, 0.08562317234544527, 0.3493930592964462], [0.18086278975772604, 0.3028925747238468, 0.06153822127973239, 0.4547064141386948], [0.19616424625539725, 0.08177342218047357, 0.09864006725218297, 0.6234222642119462], [0.1330647498176119, 0.08326939678706652, 0.46445478042312366, 0.3192110728721979], [0.4874508380402442, 0.09303143619560714, 0.21631310878021043, 0.20320461688393826], [0.4101854799250038, 0.06801573830139362, 0.07128205788492525, 0.4505167237886773], [0.5509178165000614, 0.15539460229946775, 0.09724628396655347, 0.19644129713391736], [0.476045577242786, 0.19537177354359592, 0.0777156846276104, 0.25086696448600765], [0.47401508684186544, 0.10251419990229664, 0.11259294300145509, 0.3108777701543828], [0.4344210254782176, 0.10813614543901115, 0.26765115462218025, 0.18979167436059102], [0.0449134671382759, 0.04633879685606222, 0.7136508837149047, 0.1950968521907572], [0.045843466567556314, 0.040456455154354226, 0.6328695422458387, 0.28083053593225077], [0.04697486367733838, 0.2745814610944979, 0.12376660806280024, 0.5546770670653635], [0.03645108694145781, 0.09308064121687394, 0.5191780405594989, 0.35129023118216934], [0.03616651479352123, 0.565756910620415, 0.12235377590974518, 0.2757227985763186], [0.035023949717422544, 0.3884982017655934, 0.4266961617803758, 0.14978168663660826]], "ideal": "B", "sampled": "C", "correct": false}}
{"type": "result", "data": {"idx": 8, "options": ["the spread of revolutionary ideas among the British working class in the eighteenth century", "the rise of the Luddite movement in Britain in the eighteenth century", "the replacing of traditional laborers by machines in the industrialization of Britain in the eighteenth century", "an increase in the use of child labor in eighteenth-century Britain"], "probs": [[0.009558762324813055, 0.1803688388285933, 0.7023587154211839, 0.10771368332540972], [0.002411279742499398, 0.12367723896113972, 0.0017922989726991258, 0.8721191822236617], [0.013773639723511399, 0.11004640191637265, 0.7759732028884814, 0.10020675537163452], [0.0074494994806571764, 0.9025092337643017, 0.01118548725718567, 0.07885577939785547], [0.001649883687310223, 0.0004690609083596225, 0.10208028500172303, 0.8958007703026071], [0.003045257341403378, 0.002076728992656475, 0.6082492457217498, 0.38662876784419037], [0.02820300518070267, 0.010056080104178343, 0.837291123397737, 0.1244497912173819], [0.0027534207214211467, 0.0007469712841806889, 0.0006802222313834256, 0.9958193856630148], [0.050551726414423605, 0.8822733639526383, 0.030188921604040957, 0.0369859879288971], [0.06246501258876062, 0.9038394111052416, 0.008455481022915072, 0.02524009518308268], [0.0035858055540126206, 0.0006685977388382425, 0.0013612750550238573, 0.9943843215521253], [0.02017801760021588, 0.00634926400926358, 0.7936072138110003, 0.1798655044795202], [0.06438000529537655, 0.01228712784137234, 0.8220443763043317, 0.10128849045891937], [0.03203828897064024, 0.001232807832076582, 0.0006297331206909526, 0.9660991699765922], [0.03238869157978416, 0.9319592325640407, 0.01506371829650531, 0.02058835745966986], [0.017366349722309604, 0.963232951769264, 0.00629086493077814, 0.013109833477648202], [0.36102287910883407, 0.001738839642886606, 0.003540260673672758, 0.6336980204746065], [0.07865835769428338, 0.009845426360159566, 0.8590952205120834, 0.05240099533347362], [0.0012281618355628754, 0.0006677856863282309, 0.004820294146314361, 0.9932837582317945], [0.0031878829962152465, 0.002813424958682413, 0.6884846794029632, 0.30551401254213917], [0.0017951356583200207, 0.006881292820918648, 0.001334229065547361, 0.989989342355214], [0.00205736595553848, 0.21317034663690662, 0.7325272374377694, 0.05224504986978554], [0.0030621287785920458, 0.932582386869548, 0.019355084297522793, 0.045000399954337175], [0.003528143015319448, 0.6267632008331256, 0.33026270966575944, 0.03944594638579546]], "ideal": "C", "sampled": "C", "correct": true}}
{"type": "result", "data": {"idx": 9, "options": ["Pride in the mastery of the military arts", "Chivalry", "Civic pride", "Patronage of the arts"], "probs": [[0.0022915178995336683, 0.0038375760734381164, 0.9688466025128925, 0.025024303414135727], [0.0007068813682788909, 0.0007408071225826923, 0.0031680593937878742, 0.9953842520153505], [0.0021491258162510624, 0.9824695689112793, 0.007270491291780363, 0.008110813880689223], [0.005073531639206777, 0.9668571864240495, 0.01663575576824526, 0.01143352606849849], [0.000696426655150125, 0.002213233537228371, 0.0009975933464830618, 0.9960927463611384], [0.009989237757032211, 0.01780779182556739, 0.9423803729273836, 0.029822597390016716], [0.0023319023151152853, 0.0022601704521390048, 0.9261861014749673, 0.06922182565777839], [0.0004603306248695644, 0.0004977381899450617, 0.01064213209270303, 0.9883997989924823], [0.0022485405905960823, 0.9808478064398131, 0.006506446485656623, 0.010397206383934265], [0.003924059314213934, 0.9753236418860162, 0.01306930869023132, 0.0076829900095386205], [0.00035653197186860495, 0.00034556445594612106, 0.0008824329765402036, 0.998415470495645], [0.00514618471921332, 0.005393174271905771, 0.98070667953365, 0.008753961375230962], [0.9937039680418135, 0.0010108921094789587, 0.001918367702450436, 0.0033667720462571275], [0.9923150909186998, 0.0016905563730850502, 0.0042501305192212705, 0.0017442220889938083], [0.9948856939357611, 0.0008656892099266187, 0.0013200422708511575, 0.0029285744834611563], [0.9970048497867399, 0.0007305406492872416, 0.0014990102246933252, 0.0007655992392795235], [0.9958578994521395, 0.0011660535647070105, 0.00186339220553886, 0.0011126546776145736], [0.9965082153681979, 0.0009230333727839592, 0.0017792412093242957, 0.0007895099496938523], [0.0008156858419183467, 0.00032956996746591444, 0.0009536462159931283, 0.9979010978746226], [0.010672922414069702, 0.006999505793899328, 0.9607675822730057, 0.021559989419025215], [0.0006355002360843612, 0.0003401625702638421, 0.0007429845229020533, 0.9982813525707498], [0.003340853378620457, 0.0035011933655472107, 0.9860853554128122, 0.007072597743020146], [0.041467937970953425, 0.929190705683712, 0.018691420100627517, 0.010649936144707071], [0.021019559074498085, 0.9514362932780572, 0.019440313403101636, 0.008103834144343085]], "ideal": "C", "sampled": "C", "correct": true}}
{"type": "result", "data": {"idx": 10, "options": ["Utopian socialism", "Social conservatism", "Romanticism", "Social Darwinism"], "probs": [[6.761053709615584e-05, 5.475223998990225e-05, 0.0001214779843115957, 0.9997561591386024], [0.0002775729583014102, 0.00018781910046315826, 0.9980802175707068, 0.0014543902705286985], [5.348305232370655e-05, 3.2950390215951946e-05, 0.00018235078327269577, 0.9997312156741877], [0.000226395460737443, 0.00013413596270999916, 0.9973884517721143, 0.0022510167044382068], [0.000753380776867536, 0.996562912967323, 0.0018941045554547351, 0.000789601600354717], [0.0005348669756676681, 0.9977452995756905, 0.0012054114638960528, 0.0005144218847457599], [5.8741945829922994e-05, 4.719972018409888e-05, 0.00012931267724270042, 0.9997647455567433], [0.00021963265562188248, 0.00015819715687581822, 0.9983181534215751, 0.0013040166659271293], [6.655754688896542e-05, 5.0239715677257235e-05, 0.00018521448977165342, 0.9996979881476621], [0.0001137824936100915, 0.0001044118309480678, 0.996892863747602, 0.002888941827839879], [0.0009382563894059131, 0.9972771402735938, 0.001149675856152844, 0.0006349273808474578], [0.0006352267129078032, 0.9978441440534763, 0.0009686791885566873, 0.0005519499450592016], [6.013119993411811e-05, 4.263964357420766e-05, 0.00016733344760742934, 0.9997298956088843], [0.0002817625574046132, 0.00016694132804515103, 0.9974365577305196, 0.0021147382840305687], [6.975118165642427e-05, 6.501400917789617e-05, 0.00016732786741533614, 0.9996979068417503], [0.0001290570787856641, 0.00013211795771213267, 0.997871747915547, 0.0018670769479551862], [0.000615622383194485, 0.9977476606288308, 0.001168321586389946, 0.0004683953015847608], [0.0006865047781892712, 0.9973551621103239, 0.001323354699345707, 0.0006349783121411289], [0.9994709106787442, 0.00016993852992580472, 0.0001476619946193933, 0.00021148869671066964], [0.999557402971616, 0.00014765824416444333, 0.00011959223371401699, 0.0001753464505055239], [0.9994270629221415, 0.00020337909167606003, 0.00014089449298710778, 0.00022866339319535707], [0.9994725520280583, 0.00018089715623535347, 0.00013340239734174996, 0.00021314831836463844], [0.9995420522088312, 0.0001571789556585888, 0.00011411650376993233, 0.00018665223174025133], [0.9994842384782407, 0.00017127330170621817, 0.00013133747438238158, 0.000213150645670691]], "ideal": "D", "sampled": "D", "correct": true}}
{"type": "result", "data": {"idx": 11, "options": ["Establish control of European states by democracy in the tradition of the Enlightenment.", "Suppress all voices in government other than his own and control all aspects of his citizens' lives.", "Suppress all nationalist revolutions across the continent.", "Suppress all speech but that of monarchs and the churches that they approve of."], "probs": [[0.02157901526066272, 0.008995553946853738, 0.25480563774868487, 0.7146197929437986], [0.01148765825480472, 0.002059669953724492, 0.014983140087641332, 0.9714695316038294], [0.010257305103505057, 0.004411640838859679, 0.002436380720825447, 0.9828946732368098], [0.07527646998435443, 0.14063504022514303, 0.7254630164345648, 0.05862547325593771], [0.00767007221061834, 0.0015341337678260144, 0.0017658113128123027, 0.9890299826087433], [0.12200329178834426, 0.06843782807713716, 0.7243857221090816, 0.08517315792543703], [0.008720880551451753, 0.003635441337174236, 0.08404652047498226, 0.9035971575363918], [0.005408277036834637, 0.0013253779023160123, 0.009793359276946152, 0.9834729856839032], [0.005422261251589099, 0.40465093955118986, 0.010289908716359156, 0.5796368903808619], [0.03800984882289654, 0.6737514269378241, 0.25572696108079424, 0.032511763058485084], [0.004666926077965446, 0.001515153279750524, 0.0016383045139063044, 0.9921796160283777], [0.19546367192278244, 0.1407881930916928, 0.4991476609168735, 0.1646004739686512], [0.017640587856591335, 0.0018304952903218236, 0.002208029034417619, 0.9783208877186692], [0.11049511924682602, 0.026244895285678117, 0.8164732975397249, 0.046786687827771005], [0.007435647164082598, 0.0011403059122160014, 0.0021980247063905253, 0.9892260221173109], [0.2247326892844765, 0.02521436780145476, 0.6815128236296011, 0.06854011918446765], [0.7343254096518896, 0.24597119802615233, 0.006869599603560582, 0.012833792618397453], [0.8431408420165536, 0.133405715462274, 0.010449310783088799, 0.013004131638083566], [0.006781019247035531, 0.0010079257375626735, 0.0013993954762702484, 0.9908116594391315], [0.09578282349424819, 0.025779638340802286, 0.8146316377948998, 0.06380590027004973], [0.0062703456074330016, 0.0009175732616052496, 0.002167055095658997, 0.9906450259353028], [0.33834466794142226, 0.03679341548362383, 0.5079310157438555, 0.11693090073109845], [0.06165679462486215, 0.906057887081187, 0.011952990716723996, 0.02033232747722693], [0.08788682241217351, 0.8603324020805962, 0.018422504301794575, 0.03335827110543564]], "ideal": "C", "sampled": "C", "correct": true}}
{"type": "result", "data": {"idx": 12, "options": ["the International Workingman's Association", "Pierre-Joseph Proudhon", "the Congress of Vienna", "the Paris Commune"], "probs": [[0.01362963844892616, 0.014970207432024464, 0.8977138307213379, 0.07368632329771149], [0.1299876523250765, 0.5388908807271822, 0.05592024390706429, 0.27520122294067706], [0.00777962206010772, 0.8993171540519843, 0.05400588415680727, 0.03889733963110065], [0.01126334564803464, 0.8949031908250532, 0.03751672587351377, 0.05631673755339841], [0.1732812225645353, 0.3041584491425578, 0.10030183195064792, 0.42225849624225903], [0.024485470854188417, 0.01581034697286413, 0.7045352555622083, 0.2551689265107392], [0.03554046098894265, 0.015050036314118189, 0.8346752077706133, 0.11473429482632577], [0.4079114709042415, 0.16227806459194713, 0.0697986296389519, 0.36001183476485943], [0.0311069546026613, 0.9235591893549793, 0.020724687211683773, 0.024609168730675635], [0.023095087204029967, 0.9372001094842087, 0.015875213526706428, 0.023829589685054907], [0.39885101989845445, 0.163705282334219, 0.02590359449913099, 0.41154010316819556], [0.028379491824512344, 0.02794176277369025, 0.6984876833495647, 0.24519106195223267], [0.49719891334276134, 0.19779596189240733, 0.1162765784897157, 0.18872854617511559], [0.49910250864278416, 0.24327594351352136, 0.04294137820828477, 0.21468016953540972], [0.5050007104368657, 0.3417615592137944, 0.02554333209736022, 0.1276943981519797], [0.49410594333042646, 0.38486883685580836, 0.01744777552055802, 0.10357744419320715], [0.6301506909693182, 0.1165793268182733, 0.02856889994789272, 0.2247010821645158], [0.6025289206717547, 0.1523590959104663, 0.06975546374583863, 0.17535651957194034], [0.32524571861079987, 0.06712346868299943, 0.14892574255611907, 0.45870507005008165], [0.025603945761969542, 0.0067849958477349806, 0.784229920339479, 0.1833811379508164], [0.27380375601241913, 0.3201529860261856, 0.025874202651599364, 0.38016905520979594], [0.014039838499169125, 0.010765312809931964, 0.8419756143374402, 0.13321923425345872], [0.016807677050516393, 0.9036192609871316, 0.02445868648487321, 0.05511437537747871], [0.009215041105715324, 0.9111489695104873, 0.03702365251364455, 0.04261233677015288]], "ideal": "C", "sampled": "C", "correct": true}}
{"type": "result", "data": {"idx": 13, "options": ["Laissez-faire capitalism", "Mercantilism", "Industrialization", "Bullionism"], "probs": [[0.0029857220862777533, 0.007744387828208695, 0.967886338969446, 0.021383551016067544], [0.0009514227788472572, 0.0009366762146031472, 0.002467811775178089, 0.9956440891313715], [0.008509620210836259, 0.9533479941988876, 0.031617746195636, 0.006524639294640172], [0.002782112995236148, 0.9751597094739979, 0.01677859480240203, 0.005279582628363981], [0.0012982767556516887, 0.0014483408706209334, 0.0032639073353696283, 0.9939894749383578], [0.0023130484719348504, 0.007584205012551978, 0.9627903851107668, 0.02731236130474645], [0.007793798463753677, 0.01959368185530796, 0.9441029292205649, 0.028509590360373403], [0.0010565691977623122, 0.005282490107200157, 0.002534598848136719, 0.9911263417469008], [0.002534506075885901, 0.9756936168708319, 0.017593118820627023, 0.004178758132655186], [0.0006594649775087365, 0.988486413116092, 0.00803392942462657, 0.0028201923817727024], [0.0014296757707229317, 0.0033764448580858716, 0.01399502364432064, 0.9811988556268706], [0.0006215064036181778, 0.004052670011145377, 0.9762910658698707, 0.019034757615365713], [0.9926824834244444, 0.0023850276269755995, 0.003416441499716955, 0.001516047348863001], [0.9949685247974549, 0.0015924248216550212, 0.00207695187708494, 0.0013620984038051692], [0.991832218872973, 0.0027002680478816076, 0.0039289131274242535, 0.001538599851721158], [0.9971202501835563, 0.0008409808916120193, 0.0012236497728468352, 0.0008151190519847744], [0.9931479303606324, 0.002172597002849647, 0.002878297300554877, 0.0018011752359630396], [0.9962426936892433, 0.0010958649273730575, 0.001724083634147777, 0.0009373576492357633], [0.0011910887934094255, 0.009223322229592846, 0.003555980451456298, 0.9860296084255414], [0.005614420366545635, 0.014114679234297272, 0.9442267737403693, 0.03604412655878771], [0.0014836530379964722, 0.005098159646421255, 0.02180223447914558, 0.9716159527364366], [0.0009340374609031124, 0.004318910952732435, 0.9773960934843278, 0.017350958002036704], [0.001074621703368171, 0.976998165491796, 0.015546829680670117, 0.006380383024165712], [0.0005580434333389663, 0.9856016228755986, 0.010285694349259961, 0.003554639241802434]], "ideal": "B", "sampled": "C", "correct": false}}
{"type": "result", "data": {"idx": 14, "options": ["provoking fear to drive their readers to action", "attacking the extreme communists who threatened to sink the entire movement", "demonstrating the understanding of the others in point of fact", "explaining the reasons for debunking opponents of communism"], "probs": [[0.14037995274034454, 0.29258060816754217, 0.12782092738474374, 0.4392185116073696], [0.23933185456287778, 0.2628608922184337, 0.0644189039969182, 0.4333883491217703], [0.2912077144684912, 0.35680038719779406, 0.04680290183685763, 0.30518899639685715], [0.6151151220846697, 0.2816243840895999, 0.03636903782787543, 0.06689145589785496], [0.10489851352527622, 0.07555681550742027, 0.04441856269561997, 0.7751261081716835], [0.4960470053611555, 0.16104482162967795, 0.16877655664396315, 0.17413161626520343], [0.12038870154607423, 0.1894002556611442, 0.22143532333543856, 0.468775719357343], [0.3071014857946088, 0.22822415656382344, 0.0764480003902758, 0.38822635715129195], [0.10374884256979144, 0.3195740794530322, 0.04978145992282766, 0.5268956179543487], [0.20618807038462184, 0.39128468084686113, 0.1250643953517545, 0.2774628533167625], [0.19247612267866193, 0.204894198055668, 0.05429351629348551, 0.5483361628721846], [0.24819416175080178, 0.25607628009256395, 0.19634379737118118, 0.2993857606854531], [0.12347289173560422, 0.17686972020287883, 0.07258880882729388, 0.6270685791342231], [0.5178174761773998, 0.2523686775587465, 0.06687246760597176, 0.16294137855788188], [0.10752875236618255, 0.28776755604510246, 0.05000838953492205, 0.5546953019537929], [0.2958367190649067, 0.34587672607030306, 0.09309347787383197, 0.2651930768909582], [0.3408681673766706, 0.3462415855871742, 0.08224200272686898, 0.23064824420928626], [0.11231993221351802, 0.25312173552605804, 0.09025503016295766, 0.5443033019974662], [0.4212533909497581, 0.08039903220629452, 0.035677602512970016, 0.4626699742309774], [0.7103255774763514, 0.13139834607126577, 0.08222830794739067, 0.07604776840499215], [0.415732128629697, 0.1706197166654749, 0.023091508804477627, 0.3905566458003505], [0.37237413120920015, 0.2855130242089408, 0.07805570504986405, 0.264057139431995], [0.6121294164026401, 0.28025649195695884, 0.027319344928261335, 0.08029474661213976], [0.5122203730983597, 0.31068130745833245, 0.034857902023102266, 0.14224041732020556]], "ideal": "D", "sampled": "D", "correct": true}}
{"type": "result", "data": {"idx": 15, "options": ["the role of women in army regiments", "the running of a school for domestic servants", "the running of a school for girls", "the role of a woman in running her own domestic household"], "probs": [[0.00020011366923939028, 0.0002490441301020982, 0.0005525375052667799, 0.9989983045953917], [0.0012179230263257008, 0.0012565768680943912, 0.9925555361473201, 0.004969963858259899], [0.00020490988794596543, 0.00021642726341504975, 0.00033001919578554617, 0.9992486435528535], [0.0006288306441010964, 0.0009293387005045756, 0.987805862056294, 0.010635968499100373], [0.0007545059948265276, 0.9825742626269647, 0.0064169719680453865, 0.010254259310163383], [0.0005181272836344038, 0.9817399838170057, 0.006312146527700226, 0.011429742271659727], [0.00021636786554220757, 0.00027782109212764474, 0.0005355221844179256, 0.9989702887579123], [0.0006917917369831935, 0.0008744970946340668, 0.9894623017169308, 0.008971409351451893], [0.00013024675033520856, 0.00021306701624937373, 0.0004304145077202775, 0.9992262716256951], [0.0010125244127773398, 0.0008526249908592475, 0.9953391503587014, 0.002795700137662064], [0.0010305691761515843, 0.9818962011927546, 0.006826095140899007, 0.010247134390194883], [0.0013906972177750224, 0.9846758131915518, 0.006531907239828556, 0.007401582250844533], [0.00020330578619623266, 0.00021982571728146742, 0.0003739438027009051, 0.9992029245938214], [0.000449163922273577, 0.0005589858355928553, 0.9795920198602064, 0.01939983028192712], [0.000134384750708272, 0.00021812575827093864, 0.000391907849618632, 0.9992555815414021], [0.0014732862537377533, 0.0007068883588354968, 0.9953907568595578, 0.0024290684278689763], [0.000583397747235466, 0.9755241255119772, 0.007107326280863952, 0.016785150359923333], [0.0007919815123443168, 0.9841517304127442, 0.006132935044016266, 0.008923352930895277], [0.9927997888950431, 0.0026196672151111394, 0.001469554512192491, 0.0031109892776533215], [0.9939755313745448, 0.0025420836460474604, 0.0012389633479009086, 0.0022434215315068405], [0.9936317362908769, 0.0024630090146461185, 0.001403425027507322, 0.002501829566969722], [0.9935803129811289, 0.002621725982548168, 0.0015902106451779958, 0.0022077502911449277], [0.9933942328473664, 0.002747039509255398, 0.001318094527616093, 0.0025406330157621048], [0.9935142174423288, 0.00270477226834256, 0.0013182479218418841, 0.0024627622674867414]], "ideal": "D", "sampled": "D", "correct": true}}
