{"type": "result", "data": {"idx": 0, "options": ["It demonstrates the difference between the internal and the external aspect of a rule.", "It refutes the natural lawyer' view of the role of morality in law.", "It explains the nature of power-conferring rules.", "It illuminates the concept of a rule."], "probs": [[0.9237376192479263, 0.015894252361232226, 0.019780950066118998, 0.04058717822472252], [0.548853970559829, 0.01848977182924584, 0.38317504110509515, 0.04948121640582995], [0.8987889797833176, 0.020170154664939887, 0.02358161947712462, 0.05745924597461785], [0.8918984714206304, 0.015833530897868393, 0.07096178229296557, 0.021306215288535692], [0.903970778570494, 0.033973758684647255, 0.02860886975592679, 0.033446592888931925], [0.9314091199687982, 0.02443732938265857, 0.019331709789250345, 0.024821840759292942], [0.022913646633528507, 0.8334150561874681, 0.036049527255551966, 0.10762176982345137], [0.02300536666588456, 0.5750860060934226, 0.26743403472958976, 0.13447459241110307], [0.04529814625457888, 0.020739096373514555, 0.5605537085958409, 0.37340904867606567], [0.07747953528656755, 0.028061170650842012, 0.7584763905853844, 0.1359829033772061], [0.034165802194143266, 0.8149704063064964, 0.11029086636163891, 0.04057292503772137], [0.039250700203076846, 0.89338987254933, 0.028717223347522653, 0.03864220380007053], [0.07267476400975525, 0.38080056363110787, 0.06514702542526654, 0.48137764683387035], [0.09280778727754835, 0.344836723666747, 0.3969033749129566, 0.16545211404274807], [0.028064460742576628, 0.01116340580261572, 0.6590407926535005, 0.30173134070130714], [0.060960480528916415, 0.021399165635682324, 0.7905859651897781, 0.12705438854562315], [0.1294184942327437, 0.16618067272104997, 0.5039482191289407, 0.20045261381726562], [0.12560231982405629, 0.2459249645225648, 0.16902062295177164, 0.4594520926016073], [0.9286210329859405, 0.024364209524266232, 0.031284287164965285, 0.01573047022482805], [0.9432567393530196, 0.02116832092576304, 0.022533695790922792, 0.013041243830294593], [0.6832642478192822, 0.03455438053387886, 0.24363361024319818, 0.038547761303640744], [0.9197163087668287, 0.023025561379114524, 0.02375659372893002, 0.033501536025126684], [0.9059190575021138, 0.02001505624372858, 0.05526367086661016, 0.01880221528754746], [0.8984046500219245, 0.0239424961450174, 0.032218338916150474, 0.04543451481690763]], "ideal": "D", "sampled": "D", "correct": true}}
{"type": "result", "data": {"idx": 1, "options": ["It is misinterpreted as a prediction.", "His concept of status is misrepresented.", "It is taken literally.", "His idea is considered inapplicable to Western legal systems."], "probs": [[0.4014571190130297, 0.1956637738001085, 0.2551887447216167, 0.14769036236524513], [0.40779495235179863, 0.23236429688991053, 0.20505693552827664, 0.15478381513001416], [0.47472489733456796, 0.12003487555816521, 0.2924810814945988, 0.11275914551266804], [0.45465684880283924, 0.16990048422155327, 0.2471992262712627, 0.12824344060434478], [0.35250498173977185, 0.07505535613201116, 0.4597709647766045, 0.11266869725161249], [0.41754368434880934, 0.17680633502584894, 0.29149912047456655, 0.11415086005077521], [0.6499905464522512, 0.10611306677232017, 0.21102566621902208, 0.03287072045640659], [0.5309784490975009, 0.14745334009027178, 0.25082195176390876, 0.0707462589483185], [0.6047557298911427, 0.10674972314159593, 0.22954357046548954, 0.058950976401771805], [0.537976106127053, 0.14939566511640825, 0.25412587275518883, 0.05850235590134989], [0.47337440162916233, 0.21337533372274628, 0.2417811774036782, 0.0714690871444132], [0.5690286670200921, 0.16560373951919247, 0.22283890509107185, 0.04252868826964358], [0.5321979363565535, 0.08290371795946667, 0.3128728773020892, 0.07202546828189058], [0.5408934386091837, 0.1264869438669466, 0.2021216688125119, 0.13049794861135786], [0.5017197131608876, 0.2727948426927522, 0.15542922912473875, 0.0700562149216214], [0.5369331476121774, 0.24202471836305509, 0.15383680621835574, 0.06720532770641174], [0.5648667293063264, 0.1280285421515875, 0.22823144233703468, 0.07887328610505133], [0.48405865190596675, 0.06654394466914838, 0.39508751325148894, 0.05430989007339593], [0.2301323699799938, 0.10373154154762679, 0.5607734656234171, 0.10536262274896226], [0.3995222210413377, 0.26615456140590354, 0.23487383474853074, 0.099449382704228], [0.13680214974701085, 0.5496114409968283, 0.20536794950446263, 0.10821845965169814], [0.174746586553067, 0.6005102350669344, 0.138238622694507, 0.08650455558549165], [0.2087526470213992, 0.3441894352091876, 0.2990303337274975, 0.14802758394191567], [0.1794160143895142, 0.13756675914367178, 0.5791793421882916, 0.10383788417852244]], "ideal": "A", "sampled": "B", "correct": false}}
{"type": "result", "data": {"idx": 2, "options": ["Depression of the 1930", "The rise of Fascism", "The international recognition of human rights after World War II", "The Bolshevik Revolution"], "probs": [[0.005522588432790634, 0.0017930006330283974, 0.9434589229750282, 0.04922548785915282], [0.0014070345607382012, 0.0006857493338948428, 0.001619584837704203, 0.9962876311676627], [0.005725929975995997, 0.9481248850227645, 0.024874050156112895, 0.02127513474512662], [0.004851432487035465, 0.9539444110851797, 0.019797993738558704, 0.021406162589226122], [0.0013019724485267747, 0.0004941864970909965, 0.0014078430955086544, 0.9967959978588736], [0.006590139350266166, 0.0022422457054095983, 0.9333377082515046, 0.05782990659281959], [0.005939272243179853, 0.0020208204389352154, 0.9681784095255942, 0.023861497692290755], [0.0012811360251389521, 0.000555349147454304, 0.0018641595384567536, 0.99629935518895], [0.004231975502699553, 0.9430337304612819, 0.03599539078639374, 0.01673890314962475], [0.003306683559089133, 0.9609869706883049, 0.021564430412081396, 0.014141915240524649], [0.0009234121295229362, 0.00037310840246160043, 0.001698509717857959, 0.9970049696501575], [0.006657438513244096, 0.0024112649843413213, 0.9728334780682002, 0.018097818334214425], [0.9928238039866343, 0.002461349652112909, 0.0034177797755265446, 0.0012970664857262656], [0.9929558738225974, 0.002385914260965604, 0.0032110765975846586, 0.0014471352188523], [0.9949440345175123, 0.0015197172738213517, 0.002467006906899248, 0.0010692412017670732], [0.9946991758579842, 0.0016686179370731607, 0.0021937389298273473, 0.0014384671751153128], [0.9925359607691805, 0.00208838553399309, 0.0038115701673285276, 0.0015640834294979196], [0.9941249813995292, 0.0017206267782042405, 0.002624024256958719, 0.0015303674653077827], [0.0011671833600216757, 0.0003819128507985514, 0.001570698295541636, 0.9968802053936381], [0.0072351301630382385, 0.0024235336598762017, 0.962604922359665, 0.027736413717420545], [0.0007902171354549609, 0.0003046671272589502, 0.00143096676540642, 0.9974741488718797], [0.00445557640915849, 0.001613761327254443, 0.9773752755346868, 0.01655538662890022], [0.005097178570883596, 0.9126223614882705, 0.058339053665781355, 0.023941406175064565], [0.0035731159470380317, 0.9454664652553636, 0.03443759486213066, 0.016522823835467677]], "ideal": "C", "sampled": "C", "correct": true}}
{"type": "result", "data": {"idx": 3, "options": ["There is no distinction between the two forms of legal reasoning.", "Judges are appointed to interpret the law, not to make it.", "It is misleading to pigeon-hole judges in this way.", "Judicial reasoning is always formal."], "probs": [[0.5328543701764565, 0.12460811896795843, 0.243968897821912, 0.09856861293367299], [0.6149634488780327, 0.10686970393004455, 0.17619581078888197, 0.10197103630304082], [0.5850101578020874, 0.14337125098676942, 0.18993246128896912, 0.08168612982217399], [0.4375710458935541, 0.19724307972879596, 0.20670378156146296, 0.15848209271618696], [0.46953501593044383, 0.1283706258351787, 0.23982554314382395, 0.1622688149905535], [0.4368644323741799, 0.12131998596378926, 0.31467938185555533, 0.1271361997064755], [0.13097908701245248, 0.3790250903279517, 0.3191674554276942, 0.1708283671319016], [0.15949686820681552, 0.3886613779073544, 0.24704328159265587, 0.2047984721931742], [0.10105287056777686, 0.2790276941595366, 0.4059876410408914, 0.2139317941317951], [0.10700586596560123, 0.4648261139051127, 0.23740834349118356, 0.19075967653810247], [0.08069904087646182, 0.0770052591112345, 0.518092986009667, 0.3242027139026367], [0.07568586447780258, 0.11361868424429732, 0.5506162519809678, 0.2600791991969323], [0.6363933275418862, 0.15116334410477053, 0.15596002803554276, 0.05648330021780055], [0.606754912526317, 0.1510395441285626, 0.15341666682206748, 0.08878887642305289], [0.3279733061462493, 0.1000316142935857, 0.4146290123048048, 0.1573660671553602], [0.6198949997965985, 0.09506708665931506, 0.17214525257252541, 0.11289266087156105], [0.4789916276452771, 0.11923599241971702, 0.26453635093904626, 0.13723602889595962], [0.4975689053037892, 0.13184835015408963, 0.21401195225959704, 0.15657079218252407], [0.11233926479632365, 0.26532336869176865, 0.3570259782536484, 0.2653113881582593], [0.12497935442743742, 0.2524790914091767, 0.4228239609071362, 0.19971759315624968], [0.05705655620674444, 0.09705857620424597, 0.4852722205603131, 0.3606126469286965], [0.0684572029564675, 0.1361450441224665, 0.49802630033363626, 0.29737145248742974], [0.08575056109089932, 0.2946749793588747, 0.3554392893805626, 0.26413517006966336], [0.07845349959781775, 0.3516218521074334, 0.2738395753455314, 0.2960850728492174]], "ideal": "C", "sampled": "C", "correct": true}}
{"type": "result", "data": {"idx": 4, "options": ["The POP will choose wealth over a compassionate society.", "The POP will choose equality over power.", "The POP will be unselfish.", "The POP will choose to protect the disabled."], "probs": [[0.0778712790809377, 0.34359008582359984, 0.44812936254027513, 0.1304092724551873], [0.09431592725451103, 0.3141276655079587, 0.44997106674176396, 0.1415853403957663], [0.09000825813996546, 0.13511907952329055, 0.7079853958078637, 0.06688726642888031], [0.09103250096694147, 0.17275183544636175, 0.6726654421858403, 0.0635502213008564], [0.11877029513577987, 0.14326555278314837, 0.6624700676934272, 0.07549408428764452], [0.13144436085565642, 0.27396195307728, 0.37446369601129925, 0.2201299899557643], [0.1644494041473622, 0.049376993768227996, 0.6816440655650622, 0.10452953641934758], [0.1533604264105978, 0.045333698387380994, 0.6873387097625039, 0.11396716533951728], [0.3590437930035871, 0.24294639717353592, 0.2506581358655135, 0.14735167385736347], [0.1924453151199491, 0.10463204623576912, 0.6613039023998651, 0.041618736144416656], [0.4603062569634756, 0.1590811163027946, 0.07397978007053628, 0.3066328465631935], [0.38526821993763505, 0.16831541435932482, 0.35632596212771056, 0.09009040347532955], [0.07137645806916229, 0.0547262990968572, 0.791744413861972, 0.08215282887200846], [0.07200410860093594, 0.04872093039748999, 0.8240677854251338, 0.055207175476440246], [0.16402541465963968, 0.581537557667549, 0.11631389966145575, 0.13812312791135553], [0.13982336930519382, 0.41097722137089665, 0.4109740623249004, 0.0382253468990091], [0.24043258012482038, 0.42198646542569485, 0.09714652648052507, 0.2404344278689597], [0.09396742073324717, 0.10002837850579847, 0.7507645319225625, 0.05523966873839184], [0.2712124464592723, 0.03968751997755619, 0.5923965307896569, 0.09670350267351457], [0.37110361176666257, 0.049445457383177405, 0.4271496204072034, 0.1523013103429566], [0.6555364947104139, 0.15570810957697492, 0.05134701527932585, 0.1374083803332854], [0.5596090775430751, 0.15784959925141173, 0.22966994292950582, 0.05287138017600738], [0.7609777733286858, 0.07418098576299316, 0.06345042077005272, 0.10139082003826838], [0.16250270179703435, 0.05034162344879392, 0.7283019232836974, 0.058853751370474314]], "ideal": "A", "sampled": "B", "correct": false}}
{"type": "result", "data": {"idx": 5, "options": ["Law and Economics", "Critical Legal Studies", "Historical", "Natural Law"], "probs": [[0.9983841218539988, 0.0006257430300371148, 0.0004873365706186154, 0.0005027984453453968], [0.9989291774542249, 0.0004580528942315331, 0.00031237073505436624, 0.00030039881648917375], [0.9985394049641758, 0.0005833476533758951, 0.00044033983562006147, 0.000436907446828278], [0.9985854717441967, 0.0005972107003133674, 0.0003594182155382068, 0.0004578992399517409], [0.9991121932814041, 0.0004011572764023244, 0.00024522733402141886, 0.00024142200817219375], [0.9985478256968877, 0.0005788139380556015, 0.00040094390385114883, 0.00047241636120553637], [0.000512444125584588, 0.9940103935540634, 0.001414903097029669, 0.004062259123322356], [0.0003135909682944089, 0.9950840454479841, 0.0010691822428338712, 0.0035331812408875853], [0.0001946453628451349, 0.00032091650713682795, 0.9947317153996446, 0.004752722630373511], [0.00020177043249430696, 0.0002002004118602854, 0.00016990904425850484, 0.9994281200113869], [0.0001831203170949579, 0.00022612331220204685, 0.9884372833998525, 0.011153472870850516], [0.00018954491811012383, 0.00019403968513087376, 0.00019404108211490629, 0.9994223742146441], [0.0005778803146121104, 0.9969875614278246, 0.000888077355017452, 0.0015464808025457844], [0.0006859234542869661, 0.9965146365686152, 0.0011668039000091769, 0.0016326359770886766], [0.00040179675449741783, 0.00016108090188887217, 0.9929525516263928, 0.006484570617220852], [0.00022333889234547573, 0.00013759634025638568, 0.000211454488065154, 0.999427610179333], [0.0005236344100183511, 0.00028028759902025223, 0.9921899752926072, 0.007006102598354225], [0.00033264366927846623, 0.00018659838679849152, 0.00010549471747076442, 0.9993752631264523], [0.00042244816901073327, 0.9961839107416485, 0.0010374322701913535, 0.002356208719149411], [0.0009804336945519814, 0.9943763977352532, 0.001761527563604531, 0.0028816409065902204], [0.00039402908943091163, 0.00023713234270988288, 0.9813939639025621, 0.017974874565297182], [0.00027575766041068204, 0.00018513582598610678, 0.00021644677474310818, 0.9993226596388601], [0.0005451377640925558, 0.0004554850783206694, 0.9933631458658135, 0.0056362311917732295], [0.00037395581138269777, 0.0002452478380608254, 0.0001282327513951809, 0.9992525634991613]], "ideal": "A", "sampled": "A", "correct": true}}
{"type": "result", "data": {"idx": 6, "options": ["All commands include some sanction.", "The concept of a command contains the likelihood that a sanction will follow failure to obey the command.", "Without a sanction the mere expression of a wish is not a command.", "A command confers power to change one's legal status."], "probs": [[0.07985953211038095, 0.05663047336730869, 0.10579787154258094, 0.7577121228797294], [0.05651639159226565, 0.02932092235245673, 0.5889277801346839, 0.3252349058205937], [0.0572864604616622, 0.02074817130389615, 0.13113056024438435, 0.7908348078900573], [0.02897736288195199, 0.007799331182332399, 0.7243576887002625, 0.23886561713545312], [0.13151263993389598, 0.3106114817754036, 0.2272401566987464, 0.330635721491954], [0.08595414715009132, 0.30475170325425643, 0.23003154186188232, 0.3792626076337699], [0.06816659731480666, 0.08095215238883575, 0.1293588545215877, 0.7215223956747698], [0.04094084428103724, 0.02995367776216688, 0.640439343396593, 0.2886661344602028], [0.05587468214610843, 0.03389049125297791, 0.2707642755785271, 0.6394705509223866], [0.04541882821075072, 0.014977880880898525, 0.83064812332398, 0.10895516748437076], [0.05945845737055257, 0.3530399527274186, 0.17476180324268484, 0.41273978655934396], [0.052868201535597535, 0.25223075965160946, 0.3042427553790138, 0.39065828333377917], [0.07150682273486275, 0.06510933747912007, 0.17423904132299864, 0.6891447983630186], [0.026260711295079214, 0.01341294967082317, 0.7438554707363768, 0.21647086819772082], [0.07726629480590681, 0.04071740272995322, 0.18248053844954487, 0.699535763914595], [0.05678868192706015, 0.015525500013817532, 0.8215899321265274, 0.1060958858325949], [0.03255200961007943, 0.501328680544872, 0.17597780202175267, 0.29014150772329594], [0.04867243130031246, 0.5232998249149015, 0.18084328278975645, 0.24718446089502966], [0.16080938517645316, 0.20014232693313352, 0.26513940488338594, 0.37390888290702734], [0.09566812073722275, 0.1267449836791224, 0.3554615623079684, 0.42212533317568646], [0.1420307989858754, 0.19414428496754563, 0.14427157590116682, 0.5195533400454121], [0.10091269685128984, 0.09188538720370343, 0.325758931561327, 0.4814429842836797], [0.08957459643221316, 0.11502044475388029, 0.2551800570354977, 0.5402249016784089], [0.10856193545631106, 0.10040659680867312, 0.30447644672798163, 0.48655502090703423]], "ideal": "D", "sampled": "D", "correct": true}}
{"type": "result", "data": {"idx": 7, "options": ["By denying its existence.", "By explaining the difference between the common law and civil law.", "By distinguishing certain features of the English legal system that facilitated the development of capitalism.", "By recognizing the importance of legitimate domination."], "probs": [[0.012669286070741458, 0.006572879546764819, 0.9164158331105673, 0.06434200117192637], [0.003433988295174825, 0.0017539704488269113, 0.012366594169745913, 0.9824454469862524], [0.005588910630162688, 0.9697859823576979, 0.011831780095515321, 0.012793326816624154], [0.008623949764881863, 0.9364441178779639, 0.03519128092217702, 0.01974065133497724], [0.0026134963534798924, 0.005532888383293677, 0.0013141798976352506, 0.9905394352655912], [0.014515822209619689, 0.022134555117186917, 0.9412147042402393, 0.02213491833295411], [0.008512024515149416, 0.002896132560201754, 0.9388358314439241, 0.049756011380724725], [0.0024806602210802114, 0.0008984750781399836, 0.011292949743587553, 0.9853279148571923], [0.007962390868639327, 0.9496004686627938, 0.014645289791907138, 0.027791850576659737], [0.011062311110492148, 0.9210236753442721, 0.039220046613355396, 0.02869396683188032], [0.0034656528161132764, 0.0034120046758761716, 0.0016117387531841224, 0.9915106036548265], [0.017443241279166837, 0.01563642502826704, 0.9088214868371577, 0.05809884675540837], [0.9750009937634021, 0.00473202959137823, 0.009264818547081138, 0.011002157998138569], [0.9714660209280631, 0.0055122326452480275, 0.012229426216030882, 0.010792320110658015], [0.9690858915183908, 0.0062308620866924555, 0.009500923171815244, 0.015182323123101547], [0.9668760642629607, 0.006413956936188519, 0.014912955072555682, 0.011797023628295066], [0.9707383385269909, 0.007767668345712578, 0.009081378832938697, 0.012412614194357833], [0.9761408361904499, 0.005895938134480566, 0.007933921944941262, 0.010029303630128298], [0.016840154828817573, 0.0013398507560986419, 0.0030193690683922372, 0.9788006252466915], [0.01942803580229669, 0.0066102310301303846, 0.9508895831497842, 0.023072149917788665], [0.007556498649341166, 0.001114479894592606, 0.001559430123227509, 0.9897695912328387], [0.038112341874643324, 0.007274073922092983, 0.8811465986165298, 0.07346698548673394], [0.0204727404855037, 0.9561512344621278, 0.010958451633718816, 0.012417573318649686], [0.022866755475975487, 0.957308263633113, 0.009989912630921222, 0.009835068159990218]], "ideal": "C", "sampled": "C", "correct": true}}
{"type": "result", "data": {"idx": 8, "options": ["It is a sin for humans not to apply reason.", "The principles of natural law are discoverable by reason.", "Natural law does not apply without good reason.", "The law of nature is the basis of all positive law."], "probs": [[0.009231272238606142, 0.9715555995807387, 0.00998179344343594, 0.009231334637219216], [0.010989873976069243, 0.9588994867390738, 0.020856058710574825, 0.009254580474282181], [0.025449283120147968, 0.016431451852164703, 0.9113098942196014, 0.04680937070808592], [0.02956248134090715, 0.009748939006125574, 0.011760025711521594, 0.9489285538414457], [0.022741642948355123, 0.02238914106211748, 0.9227968304290908, 0.03207238546043662], [0.023694653127845158, 0.009135409282916524, 0.005717093140387359, 0.9614528443488509], [0.9808712173633252, 0.007607328370137834, 0.00660973752063739, 0.00491171664589957], [0.9746496507002799, 0.010827742989865411, 0.009407858775145562, 0.005114747434709163], [0.9781895943943486, 0.00900922869956711, 0.007586960264512762, 0.005214216541571482], [0.9746052001560853, 0.010659508100156164, 0.009118070428687513, 0.005617221215070963], [0.9635556564311325, 0.018495794097314763, 0.010705337839563317, 0.0072432115319893894], [0.9691158536997191, 0.014947616513190912, 0.008651564300426826, 0.007284965386663144], [0.014836776419787019, 0.008066774960913963, 0.947124622873095, 0.029971825646204056], [0.027431928387417592, 0.008498284848789539, 0.011984915689713736, 0.9520848709740791], [0.013085401767053877, 0.9318593184099961, 0.029032115022491048, 0.026023164700458984], [0.01851934335800686, 0.906430282011149, 0.04045166721931955, 0.03459870731152464], [0.026207731179814203, 0.010589168060796442, 0.009948074492392342, 0.953255026166997], [0.027865548566390397, 0.021365551952398063, 0.8944759055191066, 0.056292993862104956], [0.016449312621031983, 0.00729949775002768, 0.9560964724320149, 0.020154717096925387], [0.02241677717585658, 0.004483856579832331, 0.004848348283942065, 0.968251017860369], [0.01873354827773317, 0.9460430881335482, 0.023315523164854277, 0.011907840323864343], [0.01938798037659451, 0.9489592957982187, 0.01607397494062245, 0.015578748784564347], [0.019810980210714303, 0.004218187257496122, 0.006332455546819354, 0.9696383768849702], [0.021940854486662612, 0.008865134279401938, 0.933018847819212, 0.03617516331472346]], "ideal": "B", "sampled": "B", "correct": true}}
{"type": "result", "data": {"idx": 9, "options": ["Women can achieve equality through political pressure.", "Equality is impossible because men define women as different.", "The idea of 'woman' needs to be redefined.", "The world is phallocentric and oppressive."], "probs": [[0.17126857508206905, 0.511342309871247, 0.12928444723763657, 0.1881046677090474], [0.3643230984942447, 0.3878409746544852, 0.09356911200633412, 0.15426681474493598], [0.11475716041573314, 0.16960743447054827, 0.41327724780354524, 0.3023581572101734], [0.24873958154903583, 0.19678112569299785, 0.16313460224525064, 0.3913446904127157], [0.1732958231201948, 0.14593516071268148, 0.39054455767325374, 0.29022445839386996], [0.18753644449840848, 0.1530699522979941, 0.14156498857304345, 0.517828614530554], [0.079858736385745, 0.5457556328489352, 0.1468855462357374, 0.2275000844295823], [0.04984083434626628, 0.6565444410829012, 0.10551493733561124, 0.18809978713522127], [0.047010798575519354, 0.1381751951170615, 0.4674410506096233, 0.34737295559779585], [0.08471362228802867, 0.1332770724962213, 0.09450692612100112, 0.6875023789947489], [0.03158305890974302, 0.07576461124362835, 0.5686478568970403, 0.32400447284958833], [0.2063201753195384, 0.2820180272172593, 0.16068712886493489, 0.3509746684982674], [0.050473570595309616, 0.29046631564352743, 0.42928522442835104, 0.2297748892328119], [0.0647401581286707, 0.43558159141668773, 0.17598757014908167, 0.32369068020555986], [0.04689070156987452, 0.3926253274514696, 0.41146379245282516, 0.14902017842583073], [0.029197727225116717, 0.6341303361905347, 0.13713757207062768, 0.19953436441372085], [0.03500107191161023, 0.1061418582498578, 0.5920176350491525, 0.2668394346893794], [0.0521282886954859, 0.1439349347807517, 0.526496467960516, 0.2774403084632464], [0.03323947761767548, 0.5535051432259135, 0.23073283695107208, 0.18252254210533897], [0.09820350857283859, 0.29781236797852884, 0.12808523880027525, 0.4758988845483573], [0.02797667681891101, 0.20351859925142243, 0.5889010428793423, 0.17960368095032422], [0.06217368346060384, 0.3467865483474285, 0.13162387876259724, 0.4594158893293704], [0.036298994106518476, 0.1208970476599475, 0.5089973229741083, 0.3338066351594257], [0.05266549908337655, 0.147707807774, 0.5236730076533102, 0.2759536853893133]], "ideal": "A", "sampled": "A", "correct": true}}
{"type": "result", "data": {"idx": 10, "options": ["John Rawls", "Stammler", "Jerome Hall", "John Finns"], "probs": [[0.10295409039834338, 0.7146722130855921, 0.13220042087455136, 0.05017327554151312], [0.10210155086083121, 0.6869636363913911, 0.13739968015967616, 0.07353513248810148], [0.1707892081539339, 0.4500040906961849, 0.299781881992748, 0.07942481905713321], [0.16459037239253918, 0.5568382101929786, 0.1672025161277751, 0.1113689011867071], [0.19292647650760353, 0.26370881380455385, 0.47014003459118403, 0.07322467499665856], [0.20443402228695254, 0.21762306986063057, 0.4828706085199045, 0.09507229923251242], [0.7924819676435474, 0.03322542123043677, 0.14209072449228896, 0.03220188653372692], [0.8163709493643192, 0.04001591070825517, 0.10543197154314475, 0.038181168284280885], [0.8823435716539972, 0.05299065135777252, 0.03585648703293343, 0.028809289855296835], [0.7622154666629045, 0.11508175456080622, 0.07547541271225926, 0.04722736596403001], [0.8561033031611133, 0.07480761651491673, 0.03589502108442064, 0.03319405913954932], [0.7578936698431068, 0.11265330728919137, 0.09052260047366567, 0.03893042229403611], [0.3116567088105052, 0.08790903406591741, 0.5138899010816431, 0.08654435594193421], [0.3397037189770896, 0.1438421351718748, 0.39720292079061653, 0.11925122496041907], [0.4087771031141207, 0.36644630005443946, 0.16009776889041102, 0.06467882784102882], [0.30105852789179677, 0.3155297918775866, 0.3011038572281967, 0.08230782290241985], [0.4417230720454268, 0.24778949671231032, 0.22213583851996302, 0.08835159262229983], [0.402880355568162, 0.18736764088755092, 0.3340510303174055, 0.07570097312688152], [0.2005908354960274, 0.10406654404602786, 0.5896400256583543, 0.1057025946995905], [0.1843849081126638, 0.10671575872913308, 0.5860683190370274, 0.12283101402117572], [0.35077349132010693, 0.43657217401159515, 0.13315469322857937, 0.07949964133971854], [0.20308599304908717, 0.2488402147202091, 0.45062944918532377, 0.09744434294537994], [0.2830035324930474, 0.3360887094380182, 0.2700787722031679, 0.11082898576576651], [0.2936866944813601, 0.22170201437272435, 0.38311145562076815, 0.1014998354251474]], "ideal": "B", "sampled": "B", "correct": true}}
{"type": "result", "data": {"idx": 11, "options": ["Historical", "Analytical", "Command", "Sociological"], "probs": [[0.022319192446839324, 0.008211047282359983, 0.035113513272711214, 0.9343562468980895], [0.020199540473519326, 0.008824798861158233, 0.9143241651531689, 0.05665149541215344], [0.016314431398990015, 0.006801085596492715, 0.01373831938784373, 0.9631461635166735], [0.01445825980181536, 0.006316658677405939, 0.9229273349532203, 0.05629774646755833], [0.005719780942671901, 0.9470402036667551, 0.01052052904009119, 0.03671948625048177], [0.005366082650908156, 0.960675278046149, 0.011010713633211296, 0.022947925569731496], [0.007850245130363396, 0.0052295153493210796, 0.021008552429561723, 0.9659116869907538], [0.011728889987781784, 0.011547351938831637, 0.9317619600048547, 0.04496179796853188], [0.0069788672141018505, 0.0024498862808274634, 0.017545021161779244, 0.9730262252432914], [0.008094719327875435, 0.00556360194800673, 0.9653454166611048, 0.02099626196301297], [0.004969906190991154, 0.962034846501125, 0.009285150337021075, 0.02371009687086275], [0.0038686591927321735, 0.9767058902096974, 0.007693854487750925, 0.011731596009819384], [0.004425413028388465, 0.0029480564761983127, 0.006643385240482799, 0.9859831451549305], [0.005421524188010094, 0.004425072316805345, 0.9261369539493737, 0.06401644944581088], [0.0034999572591034663, 0.0018158125416305603, 0.00893749108334426, 0.9857467390159217], [0.006593820568639078, 0.0046758430426339795, 0.9634535637252211, 0.02527677256350592], [0.0025877476264412817, 0.935850060082347, 0.011965847101347866, 0.04959634508986386], [0.002395630717720047, 0.9515173977038565, 0.011429088841010352, 0.03465788263741317], [0.9153192484993226, 0.01929657314958957, 0.02516745360967098, 0.040216724641416894], [0.9349271681061168, 0.01559189537651016, 0.025706562768815614, 0.0237743736485574], [0.9137360333912647, 0.018670548153733108, 0.02551953480915999, 0.04207388354584215], [0.9440043084122253, 0.013893360490327128, 0.02220136372050377, 0.0199009672769438], [0.9372754639719688, 0.016381371673152626, 0.02497836746969052, 0.021364796785188087], [0.9491198538051739, 0.015103731094837217, 0.01969885677311332, 0.016077558226875465]], "ideal": "D", "sampled": "D", "correct": true}}
{"type": "result", "data": {"idx": 12, "options": ["Conflict.", "Love.", "War.", "Reciprocity."], "probs": [[0.012315709982208843, 0.06062156661275614, 0.007951776437025493, 0.9191109468680095], [0.027959908910510745, 0.05142665987069286, 0.8974338050226974, 0.02317962609609893], [0.012978845546023491, 0.006526385572435892, 0.260691726497221, 0.7198030422843196], [0.00850277537078202, 0.00593597644553698, 0.9675608977340534, 0.018000350349627558], [0.00849549410992849, 0.9517623989621776, 0.01770634464519215, 0.02203576218270171], [0.00594576092779652, 0.9691800753963342, 0.009209062237750846, 0.01566510133811842], [0.009919798998956952, 0.003220613368790258, 0.006111523642812229, 0.9807480638894406], [0.020891090852913293, 0.010181635617191676, 0.9456215499885983, 0.023305723441296784], [0.010893640528355153, 0.002978284958078558, 0.005477790466267738, 0.9806502839472986], [0.020054301936045155, 0.010084105070707495, 0.951314303182515, 0.01854728971073238], [0.011463223645776193, 0.9543615916939825, 0.017754757295554164, 0.01642042726468712], [0.006546862415890395, 0.9716631663886579, 0.010299768485745427, 0.011490202609706247], [0.01072814289260064, 0.0064062536028503675, 0.3086670531402805, 0.6741985502642684], [0.008930744344770312, 0.006847541363831238, 0.9697256818820319, 0.0144960323093665], [0.00794353133846181, 0.02408915523392764, 0.0057216299477690835, 0.9622456833798415], [0.02055230108227914, 0.03388542129040908, 0.9302890232277489, 0.015273254299562946], [0.005095716230184816, 0.9710927257321585, 0.009520126749557694, 0.014291431188098926], [0.0050055961090030125, 0.9689477785842052, 0.01200793828047262, 0.014038686926319108], [0.9829682316735757, 0.0042100833675589614, 0.007743439798612101, 0.005078245060253182], [0.9876224643670541, 0.0030947440140434604, 0.005431376066716499, 0.0038514154521858512], [0.9838526332704317, 0.0037187242731441784, 0.007872440919256566, 0.0045562014371674925], [0.9839587976202238, 0.0036614775353522844, 0.007751257757252067, 0.004628466987171826], [0.9875743168685064, 0.0031433273871143896, 0.0054311231465620086, 0.0038512324978171976], [0.9837770456978784, 0.0040839246772829685, 0.00751140807494171, 0.00462762144989698]], "ideal": "D", "sampled": "D", "correct": true}}
{"type": "result", "data": {"idx": 13, "options": ["That there is no distinction between law and morality.", "That there is a distinction between right and wrong.", "That facts about the world or human nature cannot normally ordain what ought to be", "That human rights are fundamentally unsound."], "probs": [[0.21380842446735668, 0.15643382595369665, 0.5722119403427365, 0.05754580913621019], [0.11789787735203919, 0.2784718316287255, 0.02321729843410089, 0.5804129924851344], [0.20324879579823055, 0.24905688687073768, 0.4876136408614224, 0.06008067636960937], [0.14280403989462, 0.054207775130575696, 0.04288049738931449, 0.7601076874854898], [0.08850227822982049, 0.017159164972923795, 0.7183162997431257, 0.17602225695412996], [0.05947689222600216, 0.015276022886450653, 0.41937126884998166, 0.5058758159375655], [0.6552212601818501, 0.10207399363650767, 0.21608000226855137, 0.02662474381309089], [0.6140165168248192, 0.05893305907356223, 0.045894278874650904, 0.28115614512696774], [0.6338268771488075, 0.2769319861272438, 0.07337411095986429, 0.015867025664084405], [0.4875176566631755, 0.41058916002350854, 0.07023767407369705, 0.031655509139618884], [0.5929277759543116, 0.08025335073612341, 0.09093433211334914, 0.23588454109621582], [0.25188256152041866, 0.05799063116445767, 0.576592405042998, 0.11353440217212571], [0.21910612425297835, 0.03256873283721654, 0.674933006914491, 0.07339213589531411], [0.12307585224429511, 0.013385101553125224, 0.022414668390237875, 0.8411243777123418], [0.42153215564536933, 0.4928732583084505, 0.05359422069208978, 0.03200036525409036], [0.35611269405071233, 0.5516291938413274, 0.04972725807716763, 0.04253085393079272], [0.1589309948006148, 0.029864383442086424, 0.07625911008313807, 0.7349455115741607], [0.08344736935376036, 0.014276915640618105, 0.869597221598161, 0.03267849330746053], [0.08675086626661853, 0.03142349468488418, 0.7495363465623005, 0.13228929238619677], [0.06974066126104406, 0.060597878620650525, 0.4076764628741365, 0.4619849971441689], [0.05993466957658216, 0.789633708881608, 0.04524416577164263, 0.10518745567016724], [0.045184529639962945, 0.7293606291077244, 0.16272401565587463, 0.06273082549643808], [0.10160623047546435, 0.11880220080624719, 0.11695622255098172, 0.6626353460673067], [0.0829210436847476, 0.08164353743810421, 0.7992098271695158, 0.03622559160763234]], "ideal": "C", "sampled": "B", "correct": false}}
{"type": "result", "data": {"idx": 14, "options": ["Individual stories are suspect.", "The law is static.", "Universal values are meaningless.", "Literature reproduces repression."], "probs": [[0.007595642983020737, 0.008473584893298006, 0.9642292922427305, 0.01970147978095083], [0.0013421475113317323, 0.0005094327786527448, 0.0022476672761372525, 0.9959007523338783], [0.007765278392166304, 0.9554445382225384, 0.019829343254475332, 0.016960840030819945], [0.00933622880416132, 0.9523318384164157, 0.018567301983288688, 0.019764630696134308], [0.0013629182060429057, 0.0008595960859662048, 0.0021441607251888035, 0.9956333248828021], [0.0068779218188345925, 0.006986278876766397, 0.9589332160422857, 0.027202583162113336], [0.009337017555193916, 0.008112207265822926, 0.9524105438638767, 0.030140231215106502], [0.0009231933079687443, 0.0006649653770167902, 0.001698007602402534, 0.9967138336126119], [0.005485571062321531, 0.9082476196089774, 0.053697677011917515, 0.03256913221678358], [0.004069531093456827, 0.9281880897435348, 0.027593817777030915, 0.0401485612859774], [0.0009359342886463598, 0.0007232481305387152, 0.0035321611331002242, 0.9948086563477146], [0.006074066341143659, 0.008837831304506417, 0.9300980074902135, 0.054990094764136355], [0.9772108059720236, 0.009431796947038093, 0.010198140373390984, 0.0031592566075473354], [0.9764359660213641, 0.009723450717300042, 0.009723416258362441, 0.004117166902973416], [0.9592607221383288, 0.017569577687819467, 0.019600218570698387, 0.0035694815031532792], [0.972651355075046, 0.013447352583498955, 0.009535574282232236, 0.004365717959222841], [0.9578551045764125, 0.014773385574535622, 0.02149507349018644, 0.005876436258865349], [0.974217575981992, 0.010822656760900731, 0.01065481565165827, 0.004304951505448975], [0.0017470414246598376, 0.0013820537412419314, 0.002925738765019949, 0.9939451659690782], [0.009251443827672252, 0.006259927167684303, 0.9585424229783118, 0.025946205926331557], [0.0016637483143868606, 0.0008108661957012953, 0.00554111366979582, 0.991984271720116], [0.009616931944352548, 0.010562270088264089, 0.9360422249213752, 0.04377857294600807], [0.005190846341363794, 0.9292843277111696, 0.03957264351609023, 0.025952182331376354], [0.004584449242314471, 0.9446518576390134, 0.029894246303241875, 0.020869446715430222]], "ideal": "C", "sampled": "C", "correct": true}}
{"type": "result", "data": {"idx": 15, "options": ["Law as medium' describes law as a body of formal, general rules that control the state and the economy; 'law as institution' inhabits the 'lifeworld' and expresses its shared values and norms in institutional form.", "Law as medium' consists of the manner in which law is presented by the media; 'law as institution' describes the courts.", "Law as medium' concerns the manner in which the law expresses its rules in simplified terms; 'law as institution' refers to the formal declaration of laws by legislative bodies.", "Law as medium' is defined as the intermediate stage of legal development; 'law as institution' is the advanced stage."], "probs": [[0.994084302330258, 0.001860026277110809, 0.002388356728102568, 0.0016673145645285455], [0.9929436250463418, 0.002276341057174295, 0.0028329855975980723, 0.0019470481988857816], [0.9940929352728491, 0.001616033676628583, 0.002749001221837339, 0.0015420297286848667], [0.9943896305456883, 0.0014265748270878716, 0.002665219694676448, 0.001518574832547398], [0.9914837699295552, 0.002699247247255407, 0.0033593068491790863, 0.0024576758740102104], [0.9931730036154427, 0.001887595627914217, 0.0028336531798198775, 0.0021057474768231463], [0.001880292113027013, 0.9893788228443422, 0.003300031525378142, 0.005440853417252597], [0.0030087819730726744, 0.9830220639564614, 0.00448160519599514, 0.009487548774470738], [0.007158345914459355, 0.0035436735022888258, 0.982573257888175, 0.006724722595076843], [0.001951020457483636, 0.000928845964352155, 0.0021095714817890394, 0.9950105619963752], [0.006913941462332966, 0.0027075792157446243, 0.9791559134987318, 0.011222565723190647], [0.0010429044378901838, 0.0005368488418704496, 0.0047475796920719935, 0.9936726669281674], [0.003956554263696139, 0.9834099526194713, 0.005241622425850488, 0.007391870590982118], [0.003605157089870024, 0.9841413926003106, 0.005412018437747242, 0.006841431772072065], [0.008001234814722693, 0.0018420168029791132, 0.9844829376017328, 0.005673810680565447], [0.0027065214416812262, 0.0008787026048274801, 0.002209022233130275, 0.994205753620361], [0.011215095347081303, 0.0023144024763663102, 0.9785177058246505, 0.007952796251901888], [0.0021113542347769338, 0.0006439455595173368, 0.0013846768426890865, 0.9958600232630166], [0.0022221371198104475, 0.9846131470501974, 0.0047783810999803035, 0.008386334630011793], [0.0016324487339127258, 0.9886639120807688, 0.003916057529498603, 0.005787581555819895], [0.004926606417023511, 0.002637064031215187, 0.9839238002586833, 0.008512529193077923], [0.0006582821425578681, 0.0004024056577042852, 0.004463521801298349, 0.9944757902984395], [0.005839137355746651, 0.004407658941142802, 0.9820174941127555, 0.007735709490354967], [0.0013859003278422646, 0.0007896796561856461, 0.0010709517087322533, 0.9967534682072399]], "ideal": "A", "sampled": "A", "correct": true}}
