{"type": "result", "data": {"idx": 0, "options": ["True, True", "False, False", "True, False", "False, True"], "probs": [[0.2632799783574512, 0.05103996471609833, 0.5573672734741396, 0.1283127833523108], [0.10337036898940254, 0.03802868468486835, 0.45609468138982556, 0.40250626483590357], [0.33249008652223194, 0.3948546349607434, 0.11312420665086562, 0.15953107176615902], [0.33595602473007924, 0.33075537019109924, 0.24966217386934392, 0.0836264311094776], [0.18906304319822792, 0.5823781055838049, 0.08131610740533113, 0.14724274371263613], [0.1979191840117189, 0.5638308356486935, 0.17195566974482962, 0.06629431049475797], [0.029338083944428217, 0.02320913992227363, 0.45892157878045337, 0.48853119725284483], [0.01878503074072452, 0.028200723935049136, 0.42091269552209065, 0.5321015497021357], [0.1103735648758125, 0.10208796039758443, 0.2526499051545478, 0.5348885694720552], [0.02606572430778421, 0.12830561565468265, 0.1837802255090232, 0.6618484344285099], [0.0365119664525224, 0.07375873899313601, 0.4518103171362541, 0.4379189773180875], [0.03963364302579215, 0.20767237321323792, 0.07176718141824266, 0.6809268022427273], [0.28860901815731654, 0.5739916966060801, 0.049376415291006955, 0.08802286984559642], [0.2874815474441816, 0.5717494508490029, 0.09935271030919898, 0.04141629129761655], [0.4000815510301127, 0.0396148017238817, 0.4751197114040357, 0.0851839357419699], [0.3048109068444899, 0.03528563625332066, 0.31449302559191655, 0.3454104312102729], [0.12016601382855475, 0.03497150245640522, 0.8212003294570671, 0.02366215415797289], [0.2741864898959804, 0.30114722024508456, 0.10906574792765376, 0.31560054183128133], [0.05122101879729285, 0.8397162274271733, 0.05538391135654635, 0.05367884231898743], [0.13627704265886265, 0.6301613716811875, 0.1384244339851369, 0.09513715157481305], [0.06089367972098028, 0.011264379607222583, 0.8406166785745789, 0.08722526199721829], [0.29119677379188164, 0.02012869227931742, 0.04261183889086774, 0.6460626949379332], [0.06741658015697476, 0.01626557709757099, 0.8085860804993816, 0.10773176214607265], [0.42664828455045745, 0.06646089651282988, 0.09976785478594732, 0.4071229640507653]], "ideal": "D", "sampled": "A", "correct": false}}
{"type": "result", "data": {"idx": 1, "options": ["True, True", "False, False", "True, False", "False, True"], "probs": [[0.2959841478469617, 0.05063816513122069, 0.561685917613046, 0.09169176930877156], [0.10568227266514986, 0.05569229481901217, 0.4811022460390179, 0.35752318637682], [0.31574851506583845, 0.3467911507348463, 0.08768113766986356, 0.24977919642945168], [0.4600014583306133, 0.3313351795192611, 0.13811911332449955, 0.07054424872562606], [0.31152111985074127, 0.4127094837471035, 0.08384587802300061, 0.1919235182791546], [0.25899354103213323, 0.45455578811681663, 0.23216255439289177, 0.05428811635815835], [0.03863827289888515, 0.02573998186580411, 0.5858165850317059, 0.34980516010360485], [0.03206085977000419, 0.020380174091218818, 0.5508195489582673, 0.3967394170805096], [0.2148848824784649, 0.15970125078893468, 0.3175889409348648, 0.3078249256977356], [0.23529856693482107, 0.29745637481050274, 0.10279705813103951, 0.3644480000236367], [0.06890403606992421, 0.04448895611334793, 0.3186139523406216, 0.5679930553761062], [0.14592435954542038, 0.13286915420157208, 0.13496059177956424, 0.5862458943734433], [0.24107571303036632, 0.4646977851030119, 0.07126326964475259, 0.2229632321218692], [0.2768310523700731, 0.47091548226786817, 0.18441198214796883, 0.06784148311408993], [0.3376609284045121, 0.08405276881650676, 0.4137217278745786, 0.16456457480440254], [0.339594185318366, 0.11198851465059009, 0.3291553854613166, 0.21926191446972726], [0.20587619024987813, 0.04182742309711713, 0.729908307629586, 0.02238807892341867], [0.5688014496056857, 0.06688229542082229, 0.17078794446867043, 0.19352831040482163], [0.11165105962676708, 0.6130983050121211, 0.09402088539790013, 0.18122974986321164], [0.12497276252707964, 0.2298656885076029, 0.47165123326310565, 0.17351031560221178], [0.12058077886143893, 0.01937947071201428, 0.5752657715616939, 0.28477397876485283], [0.23741270259019784, 0.02425379050764523, 0.05134470263906889, 0.686988804163088], [0.06178218675104141, 0.02457621056751347, 0.7765714279498791, 0.13707017463156607], [0.4590639427542621, 0.056569274019807575, 0.13783795103259727, 0.3465288320933331]], "ideal": "C", "sampled": "A", "correct": false}}
{"type": "result", "data": {"idx": 2, "options": ["True, True", "False, False", "True, False", "False, True"], "probs": [[0.06817436645176403, 0.02932162632306134, 0.8176602339643917, 0.08484377316078293], [0.02020486434597953, 0.01839701466703332, 0.669093543982532, 0.2923045769044552], [0.18856584321439188, 0.5206600829192356, 0.0836759103871686, 0.20709816337920398], [0.19149375514712913, 0.5045276240725721, 0.2346243262904687, 0.06935429438983007], [0.08548727630714036, 0.6316849588716155, 0.06452950834582671, 0.2182982563754175], [0.08429426573425598, 0.5327611485669546, 0.3333911249692965, 0.049553460629492875], [0.007497106606868587, 0.009330544179467378, 0.6643924466025407, 0.31877990251112337], [0.007901837864523382, 0.0062510695709400415, 0.8060048034073187, 0.17984228905721786], [0.06693670748391352, 0.1174859527197873, 0.2373105532294751, 0.5782667864668241], [0.029399940905387376, 0.23859439921187936, 0.2500379397285916, 0.4819677200541416], [0.04755154535534166, 0.056469990745686705, 0.43049650578186444, 0.4654819580171072], [0.03892031253603842, 0.17443082965014256, 0.10746198731387924, 0.6791868703999397], [0.16932797706364838, 0.6697254878816599, 0.03898236561737885, 0.12196416933731284], [0.23434390381197429, 0.5984358636761201, 0.14437663139275106, 0.02284360101915455], [0.23131029021790203, 0.043462688503082644, 0.6589551911044269, 0.0662718300745884], [0.18971500576202735, 0.050270086346646856, 0.6519173650204809, 0.10809754277084488], [0.10350363659174354, 0.03466974061650078, 0.8531967384663882, 0.008629884225367495], [0.3608431654430766, 0.18720690067295692, 0.1527919104784563, 0.2991580233055102], [0.08846825261496172, 0.7885317117468934, 0.04244816627918199, 0.08055186925896292], [0.09253086755943549, 0.3659746591980655, 0.4414437346993951, 0.10005073844310391], [0.09847303440035338, 0.011578719960821961, 0.7867503133558644, 0.1031979321829602], [0.17562752764077094, 0.01195186549359401, 0.025301703897922117, 0.7871189028677129], [0.055143596687853035, 0.014385356144140398, 0.8761826466777001, 0.054288400390306524], [0.5712669406071209, 0.05070371104711327, 0.08624888082105388, 0.291780467424712]], "ideal": "B", "sampled": "A", "correct": false}}
{"type": "result", "data": {"idx": 3, "options": ["12", "24", "48", "72"], "probs": [[0.040519083165300965, 0.07570051050847425, 0.5337424556093918, 0.350037950616833], [0.02360417866100116, 0.010152159328631517, 0.913875144663486, 0.05236851724688141], [0.05355742892429676, 0.6423532748982659, 0.12847932447575164, 0.1756099716016857], [0.027705483445423607, 0.4200578080449163, 0.49883261875475726, 0.053404089654902794], [0.03545343588849767, 0.8862318610277679, 0.048459776914446494, 0.029854926069287982], [0.027197226271355793, 0.9006561434711752, 0.04699319495551052, 0.025153435201958497], [0.10346259419697885, 0.026159907352995053, 0.25607650229383805, 0.614300996056188], [0.06549703635012795, 0.008327163196681186, 0.7979366839517662, 0.12823911640142469], [0.26343052791611987, 0.2553285880033574, 0.2051631150885961, 0.27607776889192664], [0.1650431541544874, 0.22209346954935613, 0.5245204371985631, 0.08834293899759342], [0.11553955106664608, 0.7302415859876061, 0.09140064434244513, 0.06281821850330259], [0.07564952167373246, 0.8007090627293587, 0.08439462568218, 0.03924678981472886], [0.2237820823066231, 0.037691762844797465, 0.07041748297624272, 0.6681086717723367], [0.20715028469922364, 0.025130713870914013, 0.6380847226542887, 0.12963427867557364], [0.4596421676959622, 0.04411142938020577, 0.10917679829419137, 0.3870696045296406], [0.21499564680926214, 0.013744495449288118, 0.7387998506746033, 0.03246000696684647], [0.511932365367295, 0.1912986905488003, 0.18253916228168962, 0.114229781702215], [0.4389919569123659, 0.30171848914012184, 0.18300292848471011, 0.07628662536280212], [0.6462270496469651, 0.05061741451007939, 0.16339578918604156, 0.13975974655691392], [0.7749804777236483, 0.04237707988042342, 0.11700746455413649, 0.06563497774179176], [0.7671082553860479, 0.047531731074654554, 0.10062512637272834, 0.08473488706656923], [0.7720985339918278, 0.031868837473811334, 0.1696124060877263, 0.026420222346634537], [0.9137961966001452, 0.01387562620800342, 0.0602729734943209, 0.012055203597530512], [0.9316826199830903, 0.018742060958926506, 0.04223590867738001, 0.007339410280603201]], "ideal": "D", "sampled": "D", "correct": true}}
{"type": "result", "data": {"idx": 4, "options": ["convolutional networks", "graph networks", "fully connected networks", "RBF networks"], "probs": [[0.9943669020863797, 0.0015545482794069685, 0.002950067396044157, 0.001128482138169193], [0.9928396151326342, 0.002105034614069858, 0.0033639030808935077, 0.0016914470724024395], [0.9944507250938597, 0.0014604849525877994, 0.0030202763752657713, 0.0010685134782867833], [0.9948131448220203, 0.0014840234355185317, 0.0027295852324065303, 0.0009732464100546422], [0.9934144714836297, 0.0018157067273958508, 0.0032878820399916695, 0.0014819396489827907], [0.9944317599020605, 0.0016420347989487202, 0.0028151498616641847, 0.0011110553373266602], [0.0029235505710779436, 0.9932045217564837, 0.002294770974313844, 0.001577156598124535], [0.0027250122762728377, 0.9931912685396337, 0.002404866426686939, 0.0016788526574064936], [0.0029664692574133014, 0.0014916334123933168, 0.992154096461149, 0.003387800769044311], [0.0008020164750831172, 0.0009088034358591324, 0.00165856188740601, 0.9966306181016518], [0.001577603911328999, 0.0009059395216954895, 0.9934879246222494, 0.004028531844726103], [0.0006241985649800476, 0.0006049945194215007, 0.0027974868784677773, 0.9959733199371307], [0.0014056464889321719, 0.9952580065924688, 0.002143377974748329, 0.0011929688438506991], [0.0013842922164407614, 0.995572974467273, 0.0020299529276282986, 0.0010127802886579107], [0.0016297281174665807, 0.0010688014974888698, 0.9947375606700414, 0.0025639096150031925], [0.00041985352419085715, 0.0004298103224181696, 0.0013136197124523988, 0.9978367163409386], [0.0013216800240978418, 0.0007954002911058543, 0.9961591326586731, 0.0017237869261232876], [0.00031957308071563006, 0.0003349099836808713, 0.0009920861999958646, 0.9983534306356077], [0.001451022334294802, 0.9957778218070644, 0.0018342889910996432, 0.0009368667675411219], [0.0017502607186801599, 0.9957753547355803, 0.001709739569006322, 0.0007646448767332154], [0.001155352582654237, 0.0008065626119228536, 0.9944793697898469, 0.003558714915576076], [0.0002999490471363574, 0.0004330254197956997, 0.0017808947203133891, 0.9974861307127545], [0.0011759068591665144, 0.000735862224630567, 0.9964809629733321, 0.0016072678428708236], [0.00021297015542006906, 0.0003324408590328677, 0.0006874845073989404, 0.9987671043781481]], "ideal": "A", "sampled": "A", "correct": true}}
{"type": "result", "data": {"idx": 5, "options": ["True, True", "False, False", "True, False", "False, True"], "probs": [[0.07276290220707786, 0.033313793935198475, 0.7701503174637309, 0.12377298629399282], [0.061766809788624644, 0.0325495372300152, 0.5091519875441664, 0.39653166533719386], [0.1211922751088255, 0.5347400308692701, 0.0914811817630372, 0.2525865121588671], [0.1377349274904047, 0.5280024729437826, 0.24940628000206178, 0.08485631946375102], [0.14886481012002536, 0.4307693072951998, 0.14655828911264304, 0.2738075933721318], [0.127839631060077, 0.2972407484656227, 0.5135818372025248, 0.061337783171775406], [0.027750295171518797, 0.019373600362327468, 0.6936705371873917, 0.2592055671787621], [0.013608725689448296, 0.010765822563116196, 0.46495842755794686, 0.5106670240894886], [0.1914948487981304, 0.3361064693655119, 0.16637509561157016, 0.3060235861247875], [0.05782701727076971, 0.3029983786152503, 0.07309990729516944, 0.5660746967188105], [0.08315852841221259, 0.06376163343339344, 0.21909403777797304, 0.6339858002764209], [0.1007786854536674, 0.06713503943397561, 0.32027665848648584, 0.5118096165258711], [0.1945371246695144, 0.48908156281807014, 0.07045785242116967, 0.2459234599912458], [0.2343058918823822, 0.346292351841456, 0.34091789034947795, 0.07848386582668378], [0.3224307226268965, 0.059645077737154245, 0.4916567095997256, 0.1262674899362236], [0.48756232778694236, 0.07247157826125569, 0.19093507174341295, 0.24903102210838898], [0.1862947613320642, 0.03844469659827286, 0.7602055560541869, 0.015054985915476], [0.2483113239321596, 0.02829902766431399, 0.5175296337586736, 0.20586001454485278], [0.07787215940984678, 0.4551970795890597, 0.09541234657443154, 0.371518414326662], [0.074226936521552, 0.03911587508117684, 0.7734749739557033, 0.11318221434156783], [0.10165823869083689, 0.014194938067851149, 0.4213640030373522, 0.46278282010395977], [0.23634631143669083, 0.026106835187054728, 0.14335266181444078, 0.5941941914618136], [0.05406995872362624, 0.02986130329431288, 0.7822427706480566, 0.13382596723400433], [0.14230471423917385, 0.18852944108360883, 0.1236375086291919, 0.5455283359480254]], "ideal": "B", "sampled": "C", "correct": false}}
{"type": "result", "data": {"idx": 6, "options": ["O(D)", "O(N)", "O(ND)", "O(ND^2)"], "probs": [[0.01989520192728156, 0.010161607699450376, 0.9291209481382375, 0.040822242135030565], [0.02788308143092723, 0.015641269533729303, 0.8148734815682503, 0.14160216736709316], [0.03764761407211711, 0.7924722190513979, 0.11065261559509143, 0.059227551181393626], [0.06452201690687889, 0.6415580747999519, 0.23235301862831242, 0.06156688956485682], [0.09312042731785039, 0.10718351016140303, 0.043987177963435424, 0.7557088844573111], [0.07646507683602041, 0.04785126021192119, 0.7967912464895753, 0.07889241636248305], [0.014257477958289176, 0.00751327186053365, 0.9244217519013787, 0.05380749817979851], [0.029221360822818048, 0.017449140504403177, 0.7536364983081507, 0.199693000264628], [0.014328404619077292, 0.529337084419078, 0.31607709899019515, 0.1402574118716495], [0.011465191346445847, 0.5029908014169099, 0.362283720462334, 0.12326028667431024], [0.06401184766811445, 0.022122309854212534, 0.05738020154874102, 0.856485640828932], [0.024059706419747036, 0.029478919966059926, 0.7967554656525044, 0.14970590786168855], [0.3205499970121137, 0.14448547613976725, 0.04618001705639054, 0.48878450969172854], [0.2787409507574335, 0.14236839538486856, 0.5126841220546913, 0.06620653170300661], [0.5453076768350436, 0.1855341334108348, 0.08362627651646996, 0.18553191313765172], [0.21826237736610088, 0.11147890407421962, 0.6026443736329642, 0.06761434482671536], [0.3565733988609467, 0.49506136216791985, 0.09015634554293323, 0.05820889332820023], [0.2787577190809016, 0.5901402786518558, 0.08112358985683014, 0.049978412310412446], [0.1959788417762101, 0.01822926165004826, 0.02268635929960106, 0.7631055371741405], [0.0955880101373344, 0.020672616746482308, 0.825762361783874, 0.05797701123230936], [0.17216758973450558, 0.015521681426158679, 0.028548368222619556, 0.7837623605167162], [0.025218286501131525, 0.011912472133815083, 0.9172046938163675, 0.04566454744868592], [0.20118279669344727, 0.6596617181949178, 0.09355882567447875, 0.04559665933715618], [0.2291723319568976, 0.6841915631462161, 0.04803731932964287, 0.03859878546724339]], "ideal": "A", "sampled": "C", "correct": false}}
{"type": "result", "data": {"idx": 7, "options": ["True, True", "False, False", "True, False", "False, True"], "probs": [[0.1620877217851051, 0.05870530315603402, 0.6824197692216267, 0.09678720573723418], [0.06600188610792009, 0.07136623720184603, 0.5526317480987157, 0.31000012849151815], [0.31858741389968037, 0.23309138487796457, 0.06998507402037339, 0.37833612710198167], [0.4213696043486275, 0.22554872614006563, 0.27634434350357484, 0.07673732590773202], [0.2836117126985022, 0.497771885212862, 0.08253719595339155, 0.13607920603524423], [0.3110808373847801, 0.3694246640166641, 0.2702743658474574, 0.049220132651098425], [0.02671088722388365, 0.02589040138410551, 0.4884893386410915, 0.45890937265091936], [0.019650753073085964, 0.032400011168160256, 0.5653784127055643, 0.38257082295318945], [0.11965296295258988, 0.10235483732156514, 0.24170939392389051, 0.5362828057019544], [0.10724571851509375, 0.23794966401873008, 0.2306199767071362, 0.42418464065904], [0.10635058850399447, 0.08154540143633714, 0.4995135143117201, 0.3125904956479483], [0.11313248677461611, 0.21469603956644623, 0.14079766288774634, 0.5313738106711913], [0.33105509956261253, 0.5208444386828969, 0.038927245056256485, 0.10917321659823409], [0.3064805922067759, 0.563728342963417, 0.0920244472386389, 0.03776661749116815], [0.35471473667255077, 0.07552601086790299, 0.5081177741179794, 0.06164147824156681], [0.3902887345417154, 0.13073368174417285, 0.18436392865179219, 0.2946136549623195], [0.1871166702235663, 0.04881395839803668, 0.7517275318458647, 0.012341839432532337], [0.3407038449900385, 0.20990800855444866, 0.12931856511730191, 0.32006958123821094], [0.07776284593652773, 0.8492333703385195, 0.0345078835177279, 0.03849590010722479], [0.11802057087716002, 0.5047317109144769, 0.18567557492727288, 0.1915721431810902], [0.08485012066004113, 0.011305431255127648, 0.8436771198242616, 0.06016732816056957], [0.2625560921621605, 0.03087254989358911, 0.036093032339834304, 0.6704783255044161], [0.06940074854244495, 0.018104895542877267, 0.8723282022126555, 0.04016615360202222], [0.42632172777924626, 0.06538079873208455, 0.10779245517941605, 0.40050501820925316]], "ideal": "B", "sampled": "A", "correct": false}}
{"type": "result", "data": {"idx": 8, "options": ["2", "4", "8", "16"], "probs": [[0.15463185078398037, 0.1281968484959429, 0.394876682795187, 0.3222946178248897], [0.09315342732789685, 0.05391513716382468, 0.3251482642906084, 0.52778317111767], [0.041450458425037986, 0.04344063138495937, 0.6689989987725343, 0.2461099113174683], [0.08484376613832292, 0.10395565532003735, 0.3152420049170031, 0.4959585735246366], [0.09838630111446142, 0.19263598033892007, 0.34341310939613406, 0.36556460905048443], [0.07060129273648817, 0.03606052364116005, 0.5056455787396558, 0.38769260478269596], [0.15691435101676904, 0.1428769358421003, 0.2669289072048629, 0.4332798058362678], [0.16696514809567312, 0.17773953740531287, 0.10780386282185014, 0.5474914515771638], [0.25199808916915495, 0.15047785189799154, 0.4708079554919086, 0.12671610334094488], [0.2896006616779446, 0.21860738935050625, 0.20217915764875535, 0.28961279122279376], [0.254519831565789, 0.2505795173355481, 0.2667422711616268, 0.22815837983703605], [0.1498472530256326, 0.11670301021434835, 0.5926776483607856, 0.14077208829923346], [0.20376845309390781, 0.2069827528681825, 0.27852631442522213, 0.31072247951268755], [0.16570567333705705, 0.2195313372779006, 0.13524878628311635, 0.479514203001926], [0.15409047670476794, 0.297025229051433, 0.3873939158023347, 0.16149037834146437], [0.15196093915373396, 0.1804632544337054, 0.27950853106564655, 0.3880672752469141], [0.16595315993390378, 0.024284746585908748, 0.5527226944934043, 0.25703939888678323], [0.1384660015747513, 0.06643762488324877, 0.5064993537940177, 0.28859701964798223], [0.19600571982101123, 0.17029658211996765, 0.34401089462194256, 0.2896868033370785], [0.15171246568188926, 0.11815693492356635, 0.33660048995378383, 0.39353010934076055], [0.19565095620951264, 0.2716411826499328, 0.3276624830784447, 0.2050453779621099], [0.16985039889005657, 0.2433052662781796, 0.132283158152992, 0.4545611765787718], [0.2324725195148209, 0.16485113640795815, 0.37735091342807386, 0.2253254305491471], [0.14299632181298322, 0.15705351061879114, 0.3172595406078074, 0.3826906268604182]], "ideal": "C", "sampled": "B", "correct": false}}
{"type": "result", "data": {"idx": 9, "options": ["Lower variance", "Higher variance", "Same variance", "None of the above"], "probs": [[0.03906215690559164, 0.016800736850303286, 0.9172900232752845, 0.02684708286882051], [0.6590907100394796, 0.04020549440743392, 0.29707918417919815, 0.0036246112738882587], [0.031108795020494302, 0.7776539397361124, 0.12113233022235037, 0.07010493492104289], [0.036724990214413174, 0.7262403733460239, 0.22148421028290471, 0.015550426056658191], [0.23159387619118885, 0.15427763701074199, 0.5555721500125316, 0.05855633668553756], [0.0862894760838838, 0.1975251062584996, 0.6376167176628533, 0.0785686998947633], [0.003930064108168097, 0.33757601819718813, 0.6406032156595801, 0.017890701935063584], [0.010316777396840603, 0.794367686149333, 0.18287104834625634, 0.012444488007570153], [0.004684425986989418, 0.740091265535747, 0.23287592483403113, 0.02234838354323241], [0.006356757940562005, 0.7700292912746813, 0.20403348998482226, 0.01958046069993441], [0.0052643011391980184, 0.06826937710944318, 0.9134369777156699, 0.013029343935688893], [0.006988296942230684, 0.14941986314192612, 0.7707705112686094, 0.07282132854723378], [0.016761798347488997, 0.846423205475717, 0.06733903263082112, 0.06947596344597286], [0.015458117745958242, 0.8053889427822235, 0.16108040520059377, 0.018072534171224473], [0.01437239412325015, 0.005991541579323716, 0.961467606543074, 0.01816845765435222], [0.19217923961782457, 0.01627695059103556, 0.4984939870324415, 0.29304982265869833], [0.01904526964697346, 0.09374796115082942, 0.8487336871874319, 0.03847308191476524], [0.08843798716602402, 0.0898351797273434, 0.09268604770484842, 0.7290407853017842], [0.17763587036580286, 0.6009533136055936, 0.12019632963246683, 0.1012144862961367], [0.12421496401014202, 0.45438165417024096, 0.3538675149682565, 0.0675358667513605], [0.022108578063933515, 0.009073590453242315, 0.9255308690249363, 0.04328696235788791], [0.11642711727712027, 0.009557341322400182, 0.7833379586530917, 0.09067758264738784], [0.07576565737171345, 0.17616773089985302, 0.6648520430345846, 0.08321456859384897], [0.14454800104466015, 0.3522308818976149, 0.09780989732076982, 0.40541121963695514]], "ideal": "A", "sampled": "A", "correct": true}}
{"type": "result", "data": {"idx": 10, "options": ["True, True", "False, False", "True, False", "False, True"], "probs": [[0.11542744417403708, 0.03155672408816299, 0.6048034754623592, 0.24821235617544066], [0.020893376688222165, 0.015526921761542859, 0.6706105588652141, 0.2929691425850209], [0.14369534115205979, 0.24829080975878023, 0.05715880233772867, 0.5508550466514313], [0.17628997037167843, 0.17629302510963182, 0.5101195421269172, 0.13729746229177248], [0.12324323952576496, 0.7204123836434765, 0.05731496024374079, 0.09902941648701775], [0.11143696639129656, 0.6412957501156306, 0.17531760557679346, 0.07194967781627937], [0.020277786343918195, 0.02446012158209588, 0.5148645349741421, 0.44039755699984384], [0.012585557990621513, 0.01889355060696771, 0.6064108459663987, 0.3621100453360121], [0.04986971448074348, 0.058306957184565675, 0.5116114825531574, 0.3802118456815335], [0.02212770746997512, 0.10393004418169946, 0.5277985703801679, 0.34614367786815753], [0.035009391341512805, 0.2178401930573285, 0.454012599139614, 0.2931378163615447], [0.022185086540593882, 0.3525041236374697, 0.13590085100064103, 0.4894099387212954], [0.10446572619703703, 0.620263312609693, 0.04708804369258698, 0.22818291740068297], [0.1356229751654772, 0.3203067707626566, 0.4884090909974084, 0.05566116297445774], [0.1614714335521195, 0.03179612228943739, 0.7350795508333806, 0.07165289322506253], [0.07811040852406682, 0.027851298090428838, 0.7411050003995322, 0.1529332928859721], [0.14478702787804, 0.17740140787451159, 0.6388419842124329, 0.03896957993501551], [0.13493827587230908, 0.6337917133736884, 0.09420410218805243, 0.13706590846595007], [0.057640023598716915, 0.8470421492216954, 0.042835549528322366, 0.052482277551265326], [0.14029793858013084, 0.5132102522697509, 0.22072490215254642, 0.12576690689757178], [0.1468515884036008, 0.0167358838955681, 0.7005967692869501, 0.1358157583138809], [0.27945474138502097, 0.017865265053543876, 0.07290093724009794, 0.6297790562213372], [0.09163379582932492, 0.02838743637602549, 0.7793373392177242, 0.10064142847692541], [0.3536793562887135, 0.2248181832743016, 0.08400776173818637, 0.33749469859879855]], "ideal": "A", "sampled": "D", "correct": false}}
{"type": "result", "data": {"idx": 11, "options": ["good fitting", "overfitting", "underfitting", "all of the above"], "probs": [[0.06566984852983726, 0.17851231724455516, 0.6950810447373144, 0.06073678938829322], [0.2280875525220368, 0.3644952069008872, 0.2794660842298324, 0.1279511562472436], [0.09832495449990261, 0.5399261712488028, 0.18369781969140805, 0.17805105445988653], [0.1889588888980403, 0.41923714929313727, 0.32649941222083156, 0.06530454948799085], [0.041369952230782575, 0.05148667184374496, 0.06308258143174869, 0.8440607943937237], [0.13477065671904165, 0.2187571241306896, 0.14572390508117658, 0.5007483139690921], [0.6715657522724183, 0.024082933808608074, 0.23574452931280362, 0.06860678450616996], [0.8044546587040312, 0.023180474722175742, 0.14650509786149096, 0.02585976861230209], [0.653777886332757, 0.2600595311177939, 0.025350136254891378, 0.06081244619455774], [0.4423021279511158, 0.2189607123896146, 0.32360203547566496, 0.015135124083604625], [0.6044577775452733, 0.18725405073516455, 0.0647136698683854, 0.14357450175117678], [0.14797512246586028, 0.11169826654338944, 0.6736282360486678, 0.06669837484208244], [0.7976039155207693, 0.021930525363118, 0.14754359615013746, 0.03292196286597523], [0.8846589556666661, 0.011311765122706846, 0.09179835259960695, 0.01223092651102008], [0.7512067631214755, 0.18699287057969474, 0.021986873921359958, 0.03981349227746978], [0.821438209237364, 0.0390249209212039, 0.12997333014157078, 0.009563539599861358], [0.706193516266966, 0.22571571061515244, 0.030074035479821383, 0.03801673753806011], [0.6324517231491825, 0.25157333429979856, 0.07916150367067548, 0.03681343878034347], [0.039631736562990766, 0.03608562891047722, 0.022231698613707395, 0.9020509358128246], [0.18027971133245754, 0.20111876282939292, 0.06328504862000006, 0.5553164771181495], [0.2717330794022904, 0.32269359112572715, 0.08287473145602, 0.3226985979159624], [0.07079149195122963, 0.18361966720517353, 0.5835424791484718, 0.162046361595125], [0.24861085681964712, 0.5963930909166464, 0.049726031510009525, 0.10527002065369699], [0.10005843340611188, 0.6731771530958093, 0.1133816814330839, 0.11338273196499493]], "ideal": "C", "sampled": "C", "correct": true}}
{"type": "result", "data": {"idx": 12, "options": ["True, True", "False, False", "True, False", "False, True"], "probs": [[0.603742578057264, 0.10824821828795204, 0.2291567321476082, 0.058852471407175824], [0.13886774929923482, 0.08827185739837126, 0.4344830337349169, 0.338377359467477], [0.7222861969770701, 0.14674860893578848, 0.04992692395218786, 0.08103827003495352], [0.7705069004581516, 0.13600783170810943, 0.06628295856930631, 0.027202309164432607], [0.453190673041836, 0.4062619673385327, 0.04702662496280116, 0.09352073455683012], [0.41413686572773534, 0.49181730057025075, 0.0645109010017333, 0.029534932600280596], [0.039139881726165664, 0.1673846095633015, 0.49970296020279154, 0.29377254840774125], [0.01837880420337236, 0.05487068394469265, 0.48145994470364173, 0.4452905670482933], [0.06685349940167523, 0.19960633962230317, 0.42918231119731576, 0.3043578496787058], [0.030473408355639074, 0.32763513970360814, 0.13445397008022478, 0.5074374817605279], [0.04954582467351978, 0.1188558134912758, 0.6325562494497791, 0.19904211228542537], [0.03447312219120209, 0.2886460495393152, 0.07529548710872819, 0.6015853410607545], [0.11492422752936887, 0.7378076176760962, 0.040978717781627164, 0.10628943691290776], [0.14373932134833065, 0.7414876486444625, 0.08063146855778226, 0.03414156134942466], [0.26103040087163826, 0.09163322128122349, 0.5975174791975808, 0.04981889854955744], [0.333918829708121, 0.1328290363170285, 0.281194648678953, 0.25205748519589755], [0.027936551290176644, 0.02142009149559958, 0.9397032681901124, 0.010940088924111325], [0.3283782947983531, 0.313355271685904, 0.08174120010722644, 0.27652523330851647], [0.021502261899115672, 0.9433595502053101, 0.018392112035729654, 0.01674607575984448], [0.09557449798899588, 0.8128620966216507, 0.06777288006355724, 0.023790525225796236], [0.10896286645532431, 0.027123463106721955, 0.780369248259089, 0.08354442207886471], [0.35398525919167173, 0.040977818093243, 0.0304517083329876, 0.5745852142820976], [0.02073291202497856, 0.015407824971977551, 0.9238957254131787, 0.0399635374898652], [0.5998577028019116, 0.06944103765977622, 0.03834815782311351, 0.2923531016151986]], "ideal": "A", "sampled": "A", "correct": true}}
{"type": "result", "data": {"idx": 13, "options": ["True, True", "False, False", "True, False", "False, True"], "probs": [[0.010559490077327522, 0.010559854224458569, 0.384049718222962, 0.5948309373752518], [0.004852710623595846, 0.011283187815858457, 0.6160217353712898, 0.36784236608925597], [0.014090730295880129, 0.17166474971439655, 0.02050178000131212, 0.7937427398884112], [0.015836452975199422, 0.3604417422773758, 0.2851261778349315, 0.3385956268124932], [0.010099403333412395, 0.6862473929825958, 0.04318958423921143, 0.2604636193447803], [0.014612181837901753, 0.548324815664675, 0.2048913062593251, 0.23217169613809818], [0.005434029726289435, 0.0036770737775410622, 0.1588031212754138, 0.8320857751207557], [0.007910856692663018, 0.005523022531318108, 0.48942647604693557, 0.49713964462908333], [0.029690540715698252, 0.08591697188150264, 0.03015769024686204, 0.8542347970559371], [0.01710643870576645, 0.2848528421675769, 0.0855254321274198, 0.6125152868992368], [0.027822500713870487, 0.44208649784569376, 0.02915781987519644, 0.5009331814652394], [0.018133078173964146, 0.680452957989469, 0.03495243642023344, 0.2664615273163333], [0.08692300140417815, 0.06459709677366607, 0.023763637673950788, 0.824716264048205], [0.19550516146340563, 0.09528396490643185, 0.5569491510344461, 0.1522617224957164], [0.10948906459831635, 0.11296721180406387, 0.04091325911552114, 0.7366304643820987], [0.07817184836933778, 0.05126726197012521, 0.7416779315287506, 0.12888295803178643], [0.21213358164393936, 0.09865280019281435, 0.623497114488037, 0.06571650357520921], [0.02491026937221744, 0.015588729684327134, 0.5758814827220604, 0.383619518121395], [0.09162233228711235, 0.21303508159701479, 0.12523398081974, 0.5701086051961328], [0.027662922518554366, 0.020881932849045538, 0.4129085663414918, 0.5385465781909083], [0.04405531929236521, 0.015465230319377663, 0.06930889027177892, 0.8711705600164782], [0.07965976506689015, 0.05143329719883565, 0.03882323461909581, 0.8300837030151784], [0.026348785736502244, 0.039555445203545, 0.4670443976085951, 0.46705137135135766], [0.03978857962855499, 0.06875028793479593, 0.21848210258186795, 0.6729790297547812]], "ideal": "B", "sampled": "D", "correct": false}}
{"type": "result", "data": {"idx": 14, "options": ["pure", "not pure", "useful", "useless"], "probs": [[0.05979979809931625, 0.8926415523145135, 0.029603675158129512, 0.017954974328040788], [0.08578037853189519, 0.8664057641238413, 0.030112351702674844, 0.01770150554158872], [0.14608254231740478, 0.029681227179585802, 0.7775458072208017, 0.04669042318220768], [0.06081018528318809, 0.04590590246412909, 0.8527758621379021, 0.04050805001478072], [0.3986506209233338, 0.034296812176829373, 0.5039762534904301, 0.06307631330940679], [0.4477332231729598, 0.06552607871134442, 0.4077082598593346, 0.07903243815636114], [0.9807136781743617, 0.005066818623236768, 0.011240992840534921, 0.00297851026186657], [0.9672103111855294, 0.006316796530798141, 0.02239461099420201, 0.004078281189470423], [0.9418195388641748, 0.01079535286882145, 0.03948732052128721, 0.007897787645716515], [0.941391103544955, 0.010136615121404315, 0.04542880014721987, 0.0030434810864207744], [0.9585048535468489, 0.007913260211362844, 0.025544224525527764, 0.008037661616260475], [0.9500051300136757, 0.0073679561133841364, 0.03983043323650435, 0.00279648053643579], [0.055276031913936506, 0.11166599266977799, 0.7751287730552497, 0.05792920226103577], [0.14568093661834905, 0.08045619860251682, 0.7515219575229112, 0.02234090715622296], [0.05118645564346383, 0.7405498330524906, 0.1435576586994553, 0.0647060525045903], [0.028925473791216384, 0.7941399638766177, 0.15883350322419876, 0.018101059007967147], [0.4762493109797628, 0.3887242460842529, 0.12041846744937877, 0.014607975386605535], [0.30240965675096904, 0.32699967280112163, 0.3321434047672448, 0.038447265580664566], [0.14796728612663607, 0.1207736518454808, 0.623002258171308, 0.1082568037565751], [0.2990105394159287, 0.07923494131005684, 0.5854795465502364, 0.03627497262377809], [0.3808096973277521, 0.369118872017895, 0.16899027054549845, 0.08108116000885447], [0.3948203681732829, 0.3595224970148471, 0.19546002438885443, 0.0501971103230155], [0.5628530340611374, 0.3108567572010383, 0.10412219088137377, 0.022168017756450536], [0.5035859848132433, 0.24544363754314644, 0.20032257956642557, 0.05064779797718467]], "ideal": "B", "sampled": "B", "correct": true}}
{"type": "result", "data": {"idx": 15, "options": ["True, True", "False, False", "True, False", "False, True"], "probs": [[0.14935450198738387, 0.037763852481627586, 0.5815550662682725, 0.2313265791627161], [0.030610084416598946, 0.01915601261082952, 0.47882598455369707, 0.47140791831887446], [0.12577555613102753, 0.2662758747150058, 0.10265575444575754, 0.5052928146082091], [0.23211660287095734, 0.3377374905684367, 0.2549327535692404, 0.17521315289136558], [0.11800358489489889, 0.41837248027128743, 0.10577842556376826, 0.35784550917004543], [0.14130111037271834, 0.44210296864856924, 0.2899335920520766, 0.12666232882663583], [0.03373908194627037, 0.01029055734506345, 0.44442614163515115, 0.511544218973515], [0.019902667964759934, 0.006667010333359388, 0.5133010389903441, 0.46012928261153657], [0.17597285876979454, 0.10508832021233624, 0.13283259769444733, 0.5861062232234219], [0.08264891925594615, 0.14966844243800692, 0.1473402551762979, 0.620342383029749], [0.049202365216224606, 0.04844165719222745, 0.15636484731121564, 0.7459911301803323], [0.028481329228431405, 0.1744752697869387, 0.07387501841999403, 0.7231683824646359], [0.05881177501958099, 0.10987846306629365, 0.04439400036798531, 0.7869157614461401], [0.15204567168758784, 0.2627196389984518, 0.4757172010577011, 0.10951748815625931], [0.09351944813975366, 0.018130831626459693, 0.16413433840238587, 0.7242153817314008], [0.09595896767411642, 0.02351692060041685, 0.4950083137371402, 0.3855157978883265], [0.10089935918448384, 0.02846103480805021, 0.8317392908743646, 0.0389003150331013], [0.1947546986186075, 0.09492020732348595, 0.2206900516240169, 0.4896350423338896], [0.04680831374806096, 0.6165936611594338, 0.06298832618183454, 0.2736096988106707], [0.14952873583304097, 0.2583714281283589, 0.35314579919298406, 0.2389540367456161], [0.11481198414137907, 0.011547351749556413, 0.44705580595560823, 0.4265848580534563], [0.26468027966498886, 0.022069140513766492, 0.05814328709011377, 0.6551072926311309], [0.07924240450711142, 0.020672864309906478, 0.6635043333321562, 0.23658039775082587], [0.20521949802285883, 0.1064703714828845, 0.1304472775426917, 0.557862852851565]], "ideal": "B", "sampled": "A", "correct": false}}
{"type": "result", "data": {"idx": 16, "options": ["This feature has a strong effect on the model (should be retained)", "This feature does not have a strong effect on the model (should be ignored)", "It is not possible to comment on the importance of this feature without additional information", "Nothing can be determined."], "probs": [[0.576746943777943, 0.032034155157176114, 0.37238741125384317, 0.018831489711037763], [0.8146923127109037, 0.025783182848131123, 0.12890713373212628, 0.030617370608838845], [0.2356113309086488, 0.0396845781810448, 0.6505659125010403, 0.0741381783092661], [0.8283980626819809, 0.028794391560561277, 0.0669480349848756, 0.07585951067258216], [0.6105393175392922, 0.03338565353705294, 0.26673254764748255, 0.08934248117617227], [0.8588524619907426, 0.031777371309823686, 0.06727296983658897, 0.04209719676284472], [0.013790065106826822, 0.8803375163234168, 0.08580811290759544, 0.02006430556216088], [0.01386259615203041, 0.8989170353485212, 0.07151204745629335, 0.015708320943154993], [0.0392782199424169, 0.018267087432400825, 0.9223931923808907, 0.020061500144291585], [0.024613152006436004, 0.0075073708897124055, 0.014929581647295033, 0.9529498953565566], [0.024222730279416543, 0.007273345792074664, 0.9526182493621995, 0.015885674466309296], [0.008492631019251124, 0.0012624400137104296, 0.023819139543774136, 0.9664257893232643], [0.11987182078400967, 0.07985395906251465, 0.6686192155961433, 0.13165500445733228], [0.04082606679294812, 0.6387218139917126, 0.16148362825371845, 0.15896849086162088], [0.031640689448541016, 0.00492896180400507, 0.9540772326026031, 0.009353116044850802], [0.010549006980126776, 0.0022113991428256994, 0.007480795027060953, 0.9797587987499866], [0.0565129083227822, 0.015210828271641011, 0.8176290448786422, 0.1106472184269346], [0.006799091909071578, 0.0012286852323727911, 0.02907726666881579, 0.9628949560897399], [0.033352990600890926, 0.006883218138361579, 0.1641755744288335, 0.7955882167319139], [0.018119818785471514, 0.30651088404157506, 0.38744877321687254, 0.2879205238560809], [0.04501362364588486, 0.006796465121288462, 0.9328746654798773, 0.015315245652949377], [0.011072830147705163, 0.0012819518860748905, 0.06574573279157811, 0.9218994850746418], [0.04417942844667949, 0.0205462295924186, 0.8601221457383497, 0.07515219612255225], [0.009658205776548062, 0.001843520348980534, 0.06298201219662158, 0.9255162615778498]], "ideal": "C", "sampled": "A", "correct": false}}
