{"type": "result", "data": {"idx": 0, "options": ["Bargaining", "Satisficing", "Accepting", "Compromising"], "probs": [[0.0007581406366996021, 0.98732634827948, 0.004943770514079095, 0.006971740469741402], [0.000991370809909587, 0.8735724515750646, 0.1182244551969073, 0.0072117223181185665], [0.0010481001550739814, 0.0018109440124052605, 0.9831176753758545, 0.014023280356666298], [0.0011608564974447816, 0.0020057613653158236, 0.7721312760965862, 0.22470210594065326], [0.0009113299806526572, 0.21613258027458612, 0.7783280039874304, 0.004628085657330763], [0.000622166787501589, 0.954692335625294, 0.01201783887230716, 0.03266765861489724], [0.9956011240019519, 0.0018628416702522622, 0.0011298840472361705, 0.0014061501805596678], [0.9311858455866086, 0.006274309502103619, 0.05952939416875383, 0.003010450642533969], [0.9961683930068471, 0.0015452313515973216, 0.0009227108842635405, 0.001363664657291992], [0.95935211009854, 0.005034230515345823, 0.03334454730721196, 0.0022691119789021693], [0.9411769360458597, 0.05652274459940962, 0.0010515646344500882, 0.0012487546202805788], [0.9173961731550688, 0.08016198521474134, 0.001316115673895725, 0.001125725856294078], [0.0007075097874915185, 0.0009595181008001233, 0.9884896545474583, 0.009843317464250044], [0.0008419100647029323, 0.0007970988976417858, 0.8809822065468866, 0.1173787843907686], [0.0017777873680495644, 0.9880170361983273, 0.0038529076212069934, 0.0063522687124162236], [0.0023885057572327604, 0.9636122691071407, 0.029098309898800506, 0.004900915136825992], [0.0008729398271782414, 0.7998458699813703, 0.003268843509782985, 0.19601234658166844], [0.0028242465411224566, 0.01930013969258579, 0.9745737532624464, 0.0033018604038453276], [0.0015643171834400788, 0.0009943339446005328, 0.9928436348451418, 0.004597713926817611], [0.005190139413714396, 0.0011580788374076353, 0.004580306569338903, 0.9890714750795391], [0.0024922562358771455, 0.9898737693353239, 0.003460220535419945, 0.004173753793378984], [0.0023071953773423286, 0.9908322786968491, 0.0038039845273740496, 0.0030565412984345144], [0.0057118150394432545, 0.001356677085588869, 0.0018543717704849075, 0.991077136004483], [0.0021366914232066824, 0.001316369507275619, 0.9921627892632257, 0.004384149706291975]], "ideal": "B", "sampled": "B", "correct": true}}
{"type": "result", "data": {"idx": 1, "options": ["Framing bias", "Hindsight bias", "Over-confidence bias", "Heuristics"], "probs": [[0.0010449078984963753, 0.0006437509215593998, 0.0027529638405614293, 0.9955583772393828], [0.004291794801004629, 0.002297228008208562, 0.9865527319709371, 0.006858245119849756], [0.0012215161888471254, 0.0007180940603469458, 0.0025859514988105263, 0.9954744381519954], [0.006813028265790113, 0.002752708698076941, 0.9800456624423, 0.010388600493832981], [0.004111232074351524, 0.9750490313504849, 0.00817629196600736, 0.012663444509156152], [0.0037449092917653955, 0.9754587382650302, 0.007928058034416622, 0.012868294308787838], [0.0016415228782766433, 0.0008000168121075442, 0.0034212325979324806, 0.9941372276116833], [0.007151289083033862, 0.002889381746154332, 0.9815986434767691, 0.008360685594042691], [0.0013216999043450968, 0.0007299140968948574, 0.0017785445827478397, 0.9961698413160122], [0.010204546019472788, 0.003754042970985464, 0.9778418412480683, 0.008199569661473486], [0.006081301879756272, 0.9759071727363087, 0.006999689805078854, 0.011011835478856157], [0.005465000429673346, 0.9783655095811963, 0.00701732438050861, 0.009152165508621697], [0.0015914860479448016, 0.0008128533405908948, 0.0031650548464645647, 0.9944306056649997], [0.007586631107317098, 0.0031135422231206053, 0.9782613668189919, 0.01103845975057042], [0.0010625515948025279, 0.0006444716497822238, 0.0016202002929665469, 0.9966727763624487], [0.007258592113580493, 0.003375554196631027, 0.9808797159343784, 0.00848613765541008], [0.007583196693933552, 0.9626625121006077, 0.011563184599948779, 0.01819110650550998], [0.007502641687803754, 0.9674349040552475, 0.011262989609342269, 0.01379946454760653], [0.9943449801827011, 0.0017477862373825896, 0.002075571630402469, 0.0018316618495138061], [0.9939833943277184, 0.0019188656129185322, 0.0022086261447735443, 0.0018891138145895252], [0.9952454459367448, 0.0015438139504570269, 0.0016179225465470623, 0.0015928174662511532], [0.9950088365813821, 0.0016951407481807462, 0.001776509005385428, 0.001519513565051715], [0.993669224781694, 0.0018885168555098707, 0.0024631132530917223, 0.001979145009704494], [0.9939501340234991, 0.0018309310711201318, 0.0023880047819985176, 0.0018309300233822923]], "ideal": "D", "sampled": "D", "correct": true}}
{"type": "result", "data": {"idx": 2, "options": ["The way things are.", "The way things are going to be.", "The way things should be.", "The way things were."], "probs": [[0.0077366941191817735, 0.003890280404860915, 0.9821564024455619, 0.006216622930395427], [0.002492808898543713, 0.0021322238244988636, 0.005277320619231523, 0.9900976465577259], [0.005143189426239006, 0.9801886556203883, 0.009760367900843833, 0.004907786952528874], [0.007080977555119472, 0.9720083715717796, 0.014758458778985916, 0.0061521919941150156], [0.0018534435753027052, 0.001741157853609936, 0.005798966187980516, 0.9906064322831069], [0.011353025492811492, 0.0068860064035013565, 0.9751903451244193, 0.0065706228792678355], [0.009012145165621654, 0.004823887814566198, 0.9785749506624418, 0.007589016257370335], [0.0024172616817932572, 0.0024940068593181904, 0.004516076674649483, 0.990572654684239], [0.004214555740120728, 0.9764593338499685, 0.012100566488848585, 0.007225543821062197], [0.0038653830528431856, 0.9759253136807547, 0.011361247475002568, 0.008848055691399452], [0.00226840334868587, 0.0015348945301410463, 0.006667268815788991, 0.9895294332053841], [0.008358468708578027, 0.0038870777824676103, 0.9813457707866334, 0.0064086826223209185], [0.9939192850694565, 0.003114460834046061, 0.0015179025260870492, 0.0014483514704104199], [0.9945337944828052, 0.0025435186770547667, 0.001415712349355326, 0.0015069743907847285], [0.9935424009161136, 0.002747457454347583, 0.002350059354379124, 0.0013600821751596848], [0.9949894375036091, 0.0022108582396635165, 0.001394403841396613, 0.001405300315330784], [0.992438867256657, 0.0030615928074010524, 0.0024600941195696614, 0.002039445716372258], [0.9939202868934022, 0.0026639302338663747, 0.0016412304583292867, 0.0017745523144021723], [0.0011695562004245654, 0.0016365008624786804, 0.006080373349709131, 0.9911135694873876], [0.007500141935140117, 0.004996211318692063, 0.9823488692756357, 0.0051547773705321], [0.001872386304451405, 0.00143561933026753, 0.011469842071768512, 0.9852221521935125], [0.005181186161245031, 0.002335360436825214, 0.987382582060808, 0.005100871241121735], [0.005411372252382551, 0.9688140270754984, 0.01802304297950446, 0.007751557592614675], [0.0034517832311565244, 0.9798408145739295, 0.009456728005041113, 0.007250674089872878]], "ideal": "C", "sampled": "C", "correct": true}}
{"type": "result", "data": {"idx": 3, "options": ["The potential for entry into the industry", "The threat of substitute products", "The power of customers", "The level of rivalry"], "probs": [[0.0060638318934974275, 0.004367634468616738, 0.016483186870412926, 0.9730853466674729], [0.004715875915244387, 0.008276659402329767, 0.8575389139723355, 0.12946855061009027], [0.005811929255461042, 0.003311560499700611, 0.02860732013085292, 0.9622691900139854], [0.0032476516945140086, 0.005699830520516595, 0.9004883051817069, 0.09056421250326258], [0.0036645169629385874, 0.9545253229382401, 0.009654786751494613, 0.03215537324732673], [0.002751106588518874, 0.9493430116641453, 0.0074783427467691906, 0.04042753890056665], [0.014192742069437589, 0.009021473904760807, 0.02735718109830326, 0.9494286028274983], [0.012199466456355607, 0.012391616935299679, 0.8824048884002483, 0.09300402810809633], [0.01609077736912608, 0.005306199390141504, 0.028684896551366752, 0.9499181265893657], [0.014016801951350725, 0.013585612652319671, 0.8671953982560442, 0.10520218704028546], [0.008463594926441383, 0.9190025597071102, 0.01819966904466264, 0.054334176221785796], [0.007922545192679433, 0.9301567215310714, 0.017036244525341932, 0.04488448865090719], [0.004678891846557049, 0.002465624774499232, 0.04370383863815359, 0.9491516446407902], [0.003587077783997121, 0.004193734393898303, 0.9640046273833721, 0.028214560338732493], [0.006287865539292771, 0.003016970923546588, 0.012701835875122452, 0.9779933275620382], [0.0046671009036835425, 0.0076947822905634655, 0.8893978788815972, 0.09824023782415583], [0.0023446981519828674, 0.9608310348228026, 0.009567880890680612, 0.027256386034533887], [0.0023530589107489393, 0.9642582003840576, 0.010711803172259034, 0.02267693743293442], [0.9899787365303517, 0.004584581239022908, 0.00282448589161102, 0.0026121962390143025], [0.9925258352427168, 0.0033627894115240003, 0.002071758756439761, 0.002039616489319519], [0.9914860978802241, 0.003412154385246253, 0.002828779532603379, 0.0022729681019262615], [0.9924195745184591, 0.0028314402820948017, 0.0025780599972441537, 0.0021709251022019095], [0.9920277289641711, 0.003308992963701423, 0.0024590354120245152, 0.0022042425601028993], [0.9912113857892842, 0.0034649359216629926, 0.002828000201975324, 0.0024956779870774232]], "ideal": "D", "sampled": "D", "correct": true}}
{"type": "result", "data": {"idx": 4, "options": ["Margaret Thatcher", "Mikhail Gorbachov", "Nelson Mandela", "Bill Clinton"], "probs": [[0.006094226928286835, 0.047192441992771846, 0.013520385734977236, 0.9331929452439641], [0.36609112121702675, 0.23270853658052157, 0.2555779738296404, 0.1456223682728113], [0.0008592295967216569, 0.004467021695312319, 0.05976493685259363, 0.9349088117553724], [0.0026969183434599705, 0.02088408746275146, 0.18040712310363158, 0.796011870990157], [0.33618474504245294, 0.2577706613546728, 0.27439204264507633, 0.13165255085779795], [0.019385590620760056, 0.03146651603760523, 0.029559144921789723, 0.9195887483198449], [0.00245098457202058, 0.8070355927688755, 0.018685412778698163, 0.17182800978040574], [0.005979445082274569, 0.9446739810785447, 0.01991470272759499, 0.02943187101158569], [0.001085448049891909, 0.004499086524632712, 0.38644339604756717, 0.6079720692779083], [0.00023105554289769138, 0.0006898171852601007, 0.004750687630445068, 0.9943284395413972], [0.006379436097079638, 0.05510996966740448, 0.8355514253083604, 0.1029591688271555], [0.0001697547872113389, 0.00029793425731340303, 0.0010398186411832617, 0.998492492214292], [0.0016122648021796723, 0.8684432598260777, 0.026224419814268166, 0.10372005545747437], [0.003156614351365889, 0.861677191600809, 0.02561669870583768, 0.10954949524198745], [0.001406760677250412, 0.006607335172476628, 0.32845989424653815, 0.6635260098037348], [0.00027838204872047604, 0.0015648836859572365, 0.004972905107941014, 0.9931838290573812], [0.002231414950353, 0.014103064660184931, 0.39327595604544985, 0.5903895642440122], [0.00021412168833717082, 0.0006966280341155314, 0.0027550373928865095, 0.9963342127846608], [0.005627123227790544, 0.9172298400964835, 0.04157903458188786, 0.03556400199383811], [0.003572704919538448, 0.6702726390599353, 0.02403620969772808, 0.30211844622279815], [0.005069286340101837, 0.03057163633392238, 0.8525319321448536, 0.11182714508112225], [0.00013016687595884005, 0.00031966101209265403, 0.0009845499381540414, 0.9985656220737944], [0.0015215381929997269, 0.006112582310809176, 0.5502345200469043, 0.44213135934928677], [0.00013730422352447477, 0.0003118531364149749, 0.002286150196796606, 0.997264692343264]], "ideal": "D", "sampled": "A", "correct": false}}
{"type": "result", "data": {"idx": 5, "options": ["Work flow design", "Work schedule design", "Work rate design", "Work output design"], "probs": [[0.005241382052919237, 0.983360459474835, 0.004772422900229787, 0.0066257354720159955], [0.004765002266970213, 0.9818507502210853, 0.0061184891010913145, 0.007265758310853264], [0.005383654364789789, 0.002927056694715265, 0.9789748201116071, 0.012714468728887816], [0.0025708134526616733, 0.0016087841801615194, 0.006167049912531615, 0.9896533523546451], [0.01060233816443388, 0.006136180323846434, 0.9694334795932814, 0.013828001818438261], [0.004043574984217087, 0.0027791217068889517, 0.0037396998244055278, 0.9894376033844884], [0.9964810307563692, 0.0019236810633889712, 0.0007416551729772062, 0.000853632907264596], [0.9959662316309755, 0.0021449123104973944, 0.0009518101943427646, 0.0009370457641842787], [0.9947770030790924, 0.0022451618684493713, 0.0017760839176284404, 0.0012017510348297678], [0.994640575173254, 0.002389631846387548, 0.0015428754536597302, 0.001426917426698715], [0.9938086017858563, 0.0029714581184054956, 0.001859504910031759, 0.0013604350857064843], [0.9952253737699672, 0.002505785795283069, 0.0010283824561724475, 0.0012404578785772927], [0.005300526551097258, 0.003530929825640505, 0.9790355644246534, 0.012132979098608757], [0.0025948200903439076, 0.006128146547943391, 0.007868663709366217, 0.9834083695523465], [0.006058622692995234, 0.9571784118673888, 0.01895581436344743, 0.017807150976168508], [0.006354144719364854, 0.9578958176736776, 0.016481449030051963, 0.019268588476905553], [0.0029587917379547616, 0.00319922196909117, 0.019597470375102812, 0.9742445158178512], [0.008593172645363701, 0.005724305206463467, 0.9626861079189375, 0.02299641412923538], [0.009077656162216353, 0.0075256531785108565, 0.970393606568262, 0.013003083991010769], [0.0036751977062470667, 0.020498609675464866, 0.0034525329289021426, 0.9723736595893859], [0.006844524625576809, 0.969310794752749, 0.011643050149365442, 0.012201630372308758], [0.00689185805373768, 0.9760133277687196, 0.00722269641678967, 0.00987211766075298], [0.0020389159454409227, 0.0017993425180037892, 0.01934457637681114, 0.9768171650597441], [0.005693806426233419, 0.00385263265673466, 0.9726392782047308, 0.01781428261230102]], "ideal": "B", "sampled": "B", "correct": true}}
{"type": "result", "data": {"idx": 6, "options": ["Workers enjoy responsibility.", "Workers view physical and mental effort as a natural part of work.", "Workers like to show initiative.", "Workers like to be directed."], "probs": [[0.0015101072225527016, 0.00040964611373752813, 0.001440974215084728, 0.996639272348625], [0.010578794426257093, 0.0026333080667951905, 0.9229888122111344, 0.06379908519581334], [0.0022459989891168096, 0.0004972716084241619, 0.002077233788951774, 0.9951794955135073], [0.006569627843963257, 0.0021328762845353568, 0.9750373713140861, 0.016260124457415245], [0.002846630273959193, 0.974676186262898, 0.00767782512410418, 0.014799358239038643], [0.002114285033450438, 0.9817998488297022, 0.004476006178822784, 0.011609859858024563], [0.001764730904278721, 0.0005298878196412399, 0.0014977301686822876, 0.9962076510073977], [0.009347600430520332, 0.0036038563784418142, 0.9241590072912148, 0.06288953579982302], [0.0020941406577678883, 0.0005172370950841512, 0.0019067623841623471, 0.9954818597629856], [0.008349710814084992, 0.002753471403813973, 0.9651104505780823, 0.023786367104018723], [0.01406740986113795, 0.9558879900860962, 0.012808703243552632, 0.017235896709213282], [0.011753595727626876, 0.9633772781070445, 0.009297985621146882, 0.015571140444181664], [0.0038129729106326764, 0.0007807554875843429, 0.0022068078148373025, 0.9931994636869457], [0.011526506355423087, 0.0034072571319609403, 0.9747338858281915, 0.010332350584424423], [0.002391151857461679, 0.0005294074152365464, 0.0017769769247015748, 0.9953024637026002], [0.024365075136286517, 0.003349404554007415, 0.9581839981951601, 0.014101522014545979], [0.0025370914816291125, 0.984379464978465, 0.005329330888375746, 0.0077541125515301354], [0.003641221037024559, 0.9785962870750617, 0.007708598062124578, 0.010053893725789131], [0.9972198311989192, 0.000686432913228551, 0.0008410361813540149, 0.0012526996064981955], [0.9972038684227731, 0.0007480228980448635, 0.0007250117207055354, 0.0013230968584764856], [0.9963527950356986, 0.000887531969787624, 0.001062238994508706, 0.0016974339000050064], [0.9960593483929954, 0.0009898223711367687, 0.0010871105440439217, 0.0018637185918239168], [0.9969109240775732, 0.0007362155693525752, 0.0010301457277037387, 0.0013227145253705034], [0.9964580459861399, 0.0008209259277662705, 0.0012914906548991887, 0.0014295373311946974]], "ideal": "D", "sampled": "D", "correct": true}}
{"type": "result", "data": {"idx": 7, "options": ["Referent", "Expert", "Reward", "Legitimate"], "probs": [[0.0027047105965579566, 0.0009059695728806793, 0.0028791449948462793, 0.9935101747357151], [0.0037308875506712564, 0.001629909851270391, 0.987102628689726, 0.007536573808332357], [0.0036346217969629585, 0.0013795525081450855, 0.0028306471198564958, 0.9921551784750354], [0.004932550295500224, 0.0034434777086477498, 0.9850894308068472, 0.006534541089004874], [0.009951980834516984, 0.9839081217589307, 0.004020989427048425, 0.0021189078795038883], [0.00866248123474295, 0.9857383928058744, 0.0037257200968687115, 0.001873405762513957], [0.003576865477684031, 0.0014007273357010692, 0.0032567726975715056, 0.9917656343890434], [0.005010315388266138, 0.002121504737173586, 0.9851080792326627, 0.00776010054189752], [0.004113850714490594, 0.001611014686668226, 0.003254327178729395, 0.9910208073201118], [0.006133929595692055, 0.0034950113797503944, 0.9843322415817651, 0.006038817342792453], [0.012173201821879857, 0.9822818893810806, 0.0033279906745340504, 0.0022169180225054424], [0.014197325927536227, 0.9798972420302781, 0.0037619433541628677, 0.002143488588022842], [0.0027495141296872685, 0.0008651783186903444, 0.002075442392719965, 0.9943098650589024], [0.00890861855801723, 0.00462173918028832, 0.9673131632757945, 0.019156478885899903], [0.0029266115353648397, 0.0009209073923115799, 0.0019193227017125023, 0.9942331582706111], [0.00808932094804669, 0.004196691903430133, 0.9798735639277691, 0.007840423120754026], [0.007895210429854126, 0.9867323227082025, 0.002686235709277986, 0.0026862310526653064], [0.009805106467778364, 0.9846608209036534, 0.0028534796375942048, 0.002680592890974058], [0.9973219690446746, 0.0008953460055549547, 0.0010632553557886062, 0.000719429493981776], [0.9973092927894786, 0.0009530794582596482, 0.0011318148167721595, 0.0006058128354895994], [0.9970694299960744, 0.0008675805393660672, 0.0013437415629033653, 0.0007192478016562032], [0.997114193258939, 0.0008951605519439838, 0.0014304698147670316, 0.0005601762743500052], [0.9969462547079996, 0.0011673117747472617, 0.0010965928442377706, 0.0007898405730153424], [0.9972401579301755, 0.0011317305693895109, 0.0009832712536241865, 0.0006448401468108502]], "ideal": "D", "sampled": "D", "correct": true}}
{"type": "result", "data": {"idx": 8, "options": ["Henry Fayol", "Max Weber", "Adam Smith", "Mary Parker Follett"], "probs": [[0.0010222265514977637, 0.989292758564533, 0.00465345260845629, 0.005031562175512885], [0.000748591641928656, 0.9902341984040008, 0.005361190829326779, 0.003656019024743723], [0.0006567674384218914, 0.0010014660369232105, 0.9767620879418537, 0.021579678482801203], [0.0008007731527693034, 0.0007464296073835627, 0.0033713716574000777, 0.995081425482447], [0.0006388585041205685, 0.0007469162587753654, 0.987976360154984, 0.010637864982120023], [0.0006545323708927478, 0.0006967712820578172, 0.0021128425382689517, 0.9965358537087805], [0.9982642429291164, 0.0008419442370100444, 0.00041033420292060474, 0.0004834785309529471], [0.9984007618852045, 0.0008034986208120252, 0.0003885526439602017, 0.00040718675002325436], [0.9980001551378306, 0.0009537865492612255, 0.0005434549327964566, 0.000502603280111698], [0.9981982463528427, 0.0008822837628428446, 0.00041676754042613317, 0.0005027022438882922], [0.9978847440995515, 0.0010072873512384165, 0.0006014816202415242, 0.0005064868289684961], [0.9982306896108305, 0.00083536444651572, 0.00039460466118066643, 0.0005393411814730851], [0.000672478563736549, 0.0014460772288416271, 0.9769614380463776, 0.020920006061044202], [0.0005865690977811676, 0.0010135354769114085, 0.002112313972402418, 0.996287581352905], [0.0005851736458674293, 0.9861787249508861, 0.008141363716590197, 0.005094737586656277], [0.000407103658965271, 0.9904682189409714, 0.004882609079564654, 0.004242068220498678], [0.000374746604470261, 0.0005759179020619103, 0.013210125558762692, 0.9858392098347051], [0.00029033769441587224, 0.00047869669972714957, 0.9806984877807089, 0.018532477725148086], [0.0011689724505125623, 0.002324810690422164, 0.9526409754871985, 0.04386524127186671], [0.0005394452236276251, 0.005983690792614505, 0.0027826463786263657, 0.9906942175051315], [0.0006986808131762594, 0.9915363535248973, 0.003958308264525056, 0.003806657297401339], [0.000683025831984901, 0.9922995941765826, 0.0028982126316322897, 0.004119167259800134], [0.0004044661109532755, 0.0005931252856671741, 0.007225483060848719, 0.9917769254425308], [0.00035796164588783026, 0.0005331952340932476, 0.9639950189281018, 0.03511382409191714]], "ideal": "B", "sampled": "B", "correct": true}}
{"type": "result", "data": {"idx": 9, "options": ["Frederick Taylor", "Seebohm Rowntree", "Henry Ford", "Max Weber"], "probs": [[0.005484027401386837, 0.9817654273454501, 0.009475816051034168, 0.0032747291021288467], [0.006189674429515328, 0.9778851729614675, 0.009438328887915402, 0.006486823621101747], [0.005779078204220711, 0.003560411906549816, 0.9872096533059312, 0.0034508564832981797], [0.005687847818020343, 0.003092434961024176, 0.004293487233719234, 0.9869262298872362], [0.0034009460403637767, 0.0030485945551816853, 0.9283690504059158, 0.06518140889853878], [0.003726791696808006, 0.0023321670679968994, 0.9408616096065102, 0.05307943152868483], [0.9972695682430616, 0.0014761372847705559, 0.000983357252898518, 0.0002709371192693163], [0.9953363299371683, 0.0026677181971454097, 0.001427961681122837, 0.000567990084563502], [0.9958475702101888, 0.002886006744806792, 0.0008665761388025914, 0.00039984680620188583], [0.9949781673997578, 0.0035885490325374765, 0.0009734650740401146, 0.00045981839366465753], [0.9929431314320196, 0.003872174394646558, 0.0023856251165296893, 0.0007990689568040718], [0.984912350507826, 0.00396278366747006, 0.010605057859052934, 0.0005198078656509518], [0.021201804033807618, 0.00265373519330759, 0.9747890716719609, 0.0013553890009238639], [0.12360129247737672, 0.00828083071734624, 0.01014609925094986, 0.8579717774543272], [0.13426666174540278, 0.8619681137321991, 0.0025572707350539755, 0.0012079536873442157], [0.21904593227084862, 0.7765992710027894, 0.002935363148404941, 0.0014194334779571108], [0.38399812658775623, 0.010394456011180735, 0.029152344572851322, 0.5764550727282117], [0.07121177889477162, 0.0037156121373033697, 0.9234993251971578, 0.0015732836707672366], [0.0028298727969660806, 0.004315034527113457, 0.9464641898867042, 0.04639090268921626], [0.007777143493533492, 0.006971371560696487, 0.7110982741859675, 0.27415321065980247], [0.004486553203133354, 0.9688375416370894, 0.017469902850160285, 0.009206002209616992], [0.004641727919727155, 0.9715072541097207, 0.01807416386485961, 0.005776854005692503], [0.011817426316340491, 0.3453509504906171, 0.01746528815141655, 0.6253663349416259], [0.010414509198653365, 0.11196684940498894, 0.8670400460970613, 0.010578595199296329]], "ideal": "B", "sampled": "B", "correct": true}}
{"type": "result", "data": {"idx": 10, "options": ["John Kenneth Galbraith", "John Maynard Keynes", "Milton Friedman", "Alfred Marshall"], "probs": [[0.00402767870797466, 0.0007567950086485009, 0.9855536410209013, 0.00966188516247559], [0.0050278217482386004, 0.0013116287338124544, 0.005107054023534484, 0.9885534953944144], [0.006761526796554533, 0.9879629684863797, 0.002668680714690892, 0.002606823902374914], [0.008523087554167978, 0.9851639891407258, 0.0033903312676874077, 0.002922591937418834], [0.006137814946218881, 0.001731290846698383, 0.007175879134551668, 0.984955014972531], [0.004308290528384264, 0.0010893255768345538, 0.9749900130167933, 0.01961237077798784], [0.004226555153200674, 0.0007697330505416787, 0.9868568267743087, 0.008146884921948856], [0.006929661418652247, 0.0016204858675705508, 0.010082709320295693, 0.9813671432934815], [0.007043100171371324, 0.9819757037961704, 0.00621557906105289, 0.004765616871405426], [0.005847849073772036, 0.9834822025361927, 0.005667994382717905, 0.005001953907317372], [0.017327538073087543, 0.00411574223992885, 0.01760054597754106, 0.9609561736094425], [0.0032049805314169136, 0.0008492543444033305, 0.9760037949458459, 0.019941970078333867], [0.9986126875228354, 0.00030742698721579036, 0.0005610295257824129, 0.0005188558641663692], [0.9982027752598799, 0.0003735840341601267, 0.0006979292778883753, 0.0007257113280716228], [0.9981441145592301, 0.0003945551731631601, 0.0008159076972737721, 0.0006454224703328969], [0.998329406192041, 0.00037363246761487997, 0.0006257015453605463, 0.0006712596949834978], [0.9979910614585533, 0.00048334598586331035, 0.0006504052474907312, 0.0008751872080926049], [0.9982274074042832, 0.00045417368070507357, 0.0005696517125078289, 0.0007487671025039203], [0.005422441212535977, 0.001706293760074658, 0.006854647674080238, 0.9860166172533091], [0.003778937985909343, 0.0007921244187375624, 0.984322075943924, 0.011106861551429117], [0.010008167475221798, 0.0028230038303856415, 0.013053187452179538, 0.974115641142213], [0.0031312719343440285, 0.0006563647454359227, 0.9838279890164274, 0.012384374203792584], [0.007506896855557703, 0.98323424300446, 0.005240719238684493, 0.004018140801297726], [0.0069572719276618416, 0.9852959315388856, 0.003964194016851649, 0.0037826024166009334]], "ideal": "C", "sampled": "C", "correct": true}}
{"type": "result", "data": {"idx": 11, "options": ["Mary Parker Follett", "Elton Mayo", "Lillian Gilbreth", "Frederick Taylor"], "probs": [[0.000677876466170132, 0.9925561557263932, 0.0037515554614850804, 0.003014412245951541], [0.0009695398935432297, 0.9910546267363559, 0.003925648875093546, 0.004050184395007359], [0.0008841280008427514, 0.0007445153600830802, 0.9925608836557269, 0.005810472883347285], [0.0009679290303276782, 0.0007421449598390333, 0.001131630093538399, 0.9971582958162949], [0.0011285454949233728, 0.0011110557226595634, 0.9944434151067932, 0.0033169835756238237], [0.0009454858382430334, 0.0006549268734710323, 0.0012623972737822197, 0.9971371899145037], [0.9980215936426602, 0.0010724076904635434, 0.0005145595013390056, 0.00039143906553726034], [0.9977430366609779, 0.0010975451073361774, 0.0006761901668719402, 0.0004832279648140163], [0.9980442573499879, 0.0010557979164901522, 0.0005145674247692424, 0.00038537720875265915], [0.9976992448529284, 0.0011412016383632242, 0.0006451866639549559, 0.0005143667447533934], [0.9978804733401976, 0.0010639106776650152, 0.0006762751243613522, 0.00037934075777608075], [0.9976342365651824, 0.0011411198217024848, 0.0006814017398550457, 0.0005432417732600658], [0.0007677999928765188, 0.0007383910950944275, 0.9921151132318942, 0.006378695580134906], [0.0006400235905056536, 0.0006813087730933915, 0.0011145393931319555, 0.997564128143269], [0.0006084907456496485, 0.9939356481285488, 0.003315343800062051, 0.0021405172257394265], [0.0007864596549645227, 0.9926930659198921, 0.0033112049545859536, 0.0032092693705573806], [0.0004748195151544977, 0.00047854986936231444, 0.003169644956131869, 0.9958769855593513], [0.0007291085652962645, 0.0007700959546460792, 0.9950763402632907, 0.0034244551167669558], [0.0009649031772593332, 0.0012389685247857865, 0.9940390203399853, 0.00375710785796965], [0.0007424164336569541, 0.0007309149498185505, 0.0009912631326340824, 0.9975354053838904], [0.0006419351301499644, 0.9927648810532244, 0.003932424555190119, 0.0026607591614355984], [0.0005033515979899299, 0.9917578842558887, 0.003990293764783179, 0.0037484702813381926], [0.0005060522782694663, 0.0004904886557924998, 0.001924808589703183, 0.9970786503762349], [0.000633377589845422, 0.0007177144961866114, 0.9949466711948635, 0.0037022366191044815]], "ideal": "B", "sampled": "B", "correct": true}}
{"type": "result", "data": {"idx": 12, "options": ["Strategic", "Operational", "Functional", "Developmental"], "probs": [[0.0024936708402462926, 0.0016353897793967998, 0.005446684948614918, 0.990424254331742], [0.008132988752513065, 0.0060439159990432895, 0.9698995630592125, 0.015923532089231054], [0.0022719401176416465, 0.0015614807277281187, 0.005119902752726856, 0.9910466763019034], [0.004539544283577031, 0.003219017467843058, 0.9802813835511439, 0.011960054597435987], [0.012986339857192766, 0.9541167188675796, 0.01542186112269708, 0.017475080052530532], [0.010686479726764469, 0.9619827466647405, 0.012493988753786517, 0.014836784754708574], [0.005052679942319979, 0.009892662561530456, 0.007014985089256383, 0.9780396723068931], [0.010733604719975986, 0.006930126995062051, 0.9662233255028063, 0.016112942682155615], [0.00654093180325273, 0.005507991684567673, 0.22001734517188484, 0.7679337312402947], [0.003987410683362771, 0.0025744590234020306, 0.9605697663073381, 0.03286836388589702], [0.010672105820104338, 0.9166886301868987, 0.04027645440712994, 0.03236280948586698], [0.006092338668976628, 0.9184313780662948, 0.013945705836609503, 0.06153057732811907], [0.0024176812629130187, 0.002614137724525243, 0.004243168439360399, 0.9907250124732013], [0.005988892306579973, 0.004313633541752831, 0.9762013617785662, 0.013496112273101041], [0.004863837525007523, 0.004714172131048424, 0.11969574026869956, 0.8707262499752445], [0.0037831552281757793, 0.0029006384356139335, 0.970141707597116, 0.023174498639094293], [0.00442764323671414, 0.9561138196087268, 0.016973041878872493, 0.022485495175686605], [0.0039750106357956715, 0.9427370209586492, 0.011867320639100431, 0.04142064766645463], [0.9116250492929231, 0.024294007597674347, 0.025861164825201538, 0.03821977818420097], [0.9095003191161645, 0.023491690083139657, 0.021726666015126173, 0.04528132468556969], [0.7168061919450824, 0.030525193411323984, 0.21861537368759215, 0.034053240856001435], [0.7405227515592818, 0.017689648798727867, 0.029625070243446208, 0.21216252929854407], [0.7903261139739144, 0.025404946734050738, 0.12701810824149556, 0.05725083095053933], [0.7470072592855451, 0.016763440930300626, 0.022208282886098257, 0.21402101679805602]], "ideal": "A", "sampled": "D", "correct": false}}
{"type": "result", "data": {"idx": 13, "options": ["Guiding, mentoring and motivating", "Guiding, commanding and motivating", "Guiding, demonstrating and motivating", "Guiding, mentoring and demonstrating"], "probs": [[0.02498956331760529, 0.8275804303017326, 0.054583302201523166, 0.092846704079139], [0.019864226387115932, 0.8852348011014348, 0.03275157242085486, 0.06214939999059435], [0.0317660835025034, 0.009995790327776014, 0.8998108622624871, 0.05842726380723353], [0.07312212866029717, 0.2473737190175633, 0.11325537720996612, 0.5662487750121734], [0.03439096217915638, 0.008832491540369095, 0.9009544093623765, 0.055822136818098014], [0.040010529454247164, 0.0166793237730749, 0.13965233794854906, 0.8036578087241288], [0.4972218424412536, 0.08640525976731814, 0.22764764045442643, 0.18872525723700184], [0.5702752767821613, 0.08345103698251544, 0.11586004353661282, 0.2304136425987105], [0.44627181011316003, 0.21749824477057778, 0.17205495105125837, 0.16417499396500385], [0.2918855162601196, 0.2457960621529574, 0.13156489634494917, 0.3307535251419738], [0.18392759885320104, 0.023021445086040787, 0.7274701716692435, 0.06558078429151462], [0.1537475611557696, 0.030275023115519117, 0.6999228117274651, 0.1160546039012462], [0.04577259060770426, 0.015332175391817436, 0.8773009228768187, 0.06159431102365956], [0.11378813449058403, 0.1846997872950227, 0.2298620176840784, 0.4716500604303148], [0.028727584858339775, 0.8265622088004648, 0.05894624693026139, 0.085763959310934], [0.03147571348684466, 0.8117995149157966, 0.05189572956017631, 0.10482904193718243], [0.10211606839508724, 0.07128947813194048, 0.6555804463063152, 0.17101400706665715], [0.06965899136913556, 0.017339744705596773, 0.7848774661755955, 0.12812379764967213], [0.029340762587420674, 0.021133867982274884, 0.8710046393465878, 0.07852072998371668], [0.04350291645867336, 0.2582952351321765, 0.38173327847676247, 0.31646856983238764], [0.024425611804706624, 0.6602003911516583, 0.19514875838793647, 0.12022523855569855], [0.028449437873585854, 0.5714403262586093, 0.22030436498023592, 0.17980587078756893], [0.18996568521626686, 0.09855490407938428, 0.6426783464299567, 0.06880106417439222], [0.031077765069950258, 0.010909552735627033, 0.866668943539529, 0.09134373855489375]], "ideal": "A", "sampled": "B", "correct": false}}
{"type": "result", "data": {"idx": 14, "options": ["Incomplete information", "An agreed goal", "A structured problem", "High level of certainty regarding the environment"], "probs": [[0.03383203741205914, 0.040810295433995086, 0.2968722084474979, 0.6284854586064479], [0.00735392894941698, 0.013739148361853219, 0.750131209881084, 0.22877571270764585], [0.05498664248234607, 0.04418395667141072, 0.47502000345680395, 0.4258093972894393], [0.005890672196682604, 0.01652105684220367, 0.7024902185726056, 0.27509805228850803], [0.08136655172411728, 0.10447774971001199, 0.6920087227441012, 0.1221469757217695], [0.015066388244037802, 0.6406499224339237, 0.2548297674259402, 0.08945392179609829], [0.06369928697078396, 0.1391380373416458, 0.22939483867194252, 0.5677678369156277], [0.008556681660386908, 0.015017762736728594, 0.8072242117409151, 0.16920134376196946], [0.038402889068785695, 0.04284294667756661, 0.5058742289973975, 0.4128799351562502], [0.08629851658824599, 0.10909624979155685, 0.3156742704243552, 0.48893096309584194], [0.14511420209670078, 0.050151785275773124, 0.6402948665055495, 0.16443914602197668], [0.1445376924963356, 0.10411246166818194, 0.2919840914623755, 0.45936575427310694], [0.07881697883099625, 0.030387541790763542, 0.6199571974667135, 0.27083828181152664], [0.016591137026213433, 0.02693078812790636, 0.5668732438880583, 0.38960483085782194], [0.009186242867495656, 0.009331273994579354, 0.6145335516203151, 0.36694893141760987], [0.04072553200480934, 0.0322183549621143, 0.26975297322214037, 0.657303139710936], [0.10524230527750975, 0.042523593023068094, 0.5429005662770113, 0.30933353532241087], [0.10498406856297239, 0.06570103372268309, 0.19614111206113205, 0.6331737855532125], [0.049467313252945, 0.5750581368263572, 0.26742376488298786, 0.10805078493770992], [0.018546226157588146, 0.8010530158448985, 0.11361173941292532, 0.06678901848458804], [0.05245481058430644, 0.030359406021181666, 0.6291453241672795, 0.2880404591272323], [0.03961403114318484, 0.04853869091607642, 0.2623943217250801, 0.6494529561156586], [0.05352422640685728, 0.06766354076235752, 0.4770741835450809, 0.40173804918570427], [0.04285869331852903, 0.10944842231051265, 0.0879426513281851, 0.7597502329427732]], "ideal": "A", "sampled": "A", "correct": true}}
{"type": "result", "data": {"idx": 15, "options": ["Making people's strengths effective and their weaknesses irrelevant.", "Enhancing the ability of people to contribute.", "To operate the organisation's status system.", "Integrating people in a common venture by thinking through, setting and exemplifying the organisational objectives, values and goals."], "probs": [[0.00013183963229121648, 0.0007766748197236511, 0.9957700969778045, 0.003321388470180617], [0.001475648203589801, 0.00017216244954555856, 0.0013754533655499087, 0.9969767358813147], [0.0009117359617241375, 0.9843573321587258, 0.004928811627221866, 0.009802120152328229], [0.0011847504109743048, 0.9884215740783792, 0.004872452246541003, 0.005521223164105496], [0.0009534553070957185, 0.00016439987840951846, 0.0011681952353408854, 0.9977139494791539], [0.0005695806008880165, 0.0006255671693735401, 0.9826714798240656, 0.016133372305672924], [0.00017474517822435286, 0.0007650111353448494, 0.9962619717064363, 0.0027982718799944937], [0.0012926085260756058, 0.0002045242417953489, 0.0011496684299225613, 0.9973531987022065], [0.000866836577385105, 0.9884868198725699, 0.005696830889806795, 0.004949512560238152], [0.0010389873716992787, 0.9899335616917145, 0.004443195897495309, 0.004584254939090878], [0.0013645180932090933, 0.0002193009350543696, 0.0016077908662738484, 0.9968083900054626], [0.0002210006784965855, 0.0005868255774022414, 0.9967215707368775, 0.00247060290722369], [0.8954038002205521, 0.007392067909916968, 0.0177325587289078, 0.07947157304062309], [0.9613693723286081, 0.006181061586103628, 0.010190813559144758, 0.022258752426143547], [0.8578436840335836, 0.01262500572741978, 0.09184033070216208, 0.037690979436834554], [0.8709295232873773, 0.011136099661837333, 0.027562030995051997, 0.09037234595573336], [0.7827495364909536, 0.00955027717833934, 0.13602189768988857, 0.07167828854081851], [0.369453453575672, 0.005188307169321204, 0.044124986211722596, 0.5812332529432842], [0.0007907025155382981, 0.00018346076534651485, 0.0009840441475804686, 0.9980417924715347], [0.0004006524511393128, 0.0008220873064141596, 0.9671973758924483, 0.031579884249998316], [0.0008955906221643472, 0.00016566993233820115, 0.0013339746574716474, 0.9976047646880258], [0.00018473530202342108, 0.0008676498060812824, 0.9893983644999387, 0.009549250291956638], [0.0007589450923686246, 0.9883690187171695, 0.005351075137361891, 0.005520960953099954], [0.0005303318143578559, 0.9893109413886043, 0.003798085346059433, 0.006360641350978354]], "ideal": "C", "sampled": "C", "correct": true}}
{"type": "result", "data": {"idx": 16, "options": ["A theoretical assumption", "An illustration", "A theoretical model", "An example serving as a model"], "probs": [[0.6662993082594396, 0.04064469935505072, 0.1533916351564183, 0.13966435712909134], [0.050506956155432436, 0.018008885114113762, 0.8025097728469005, 0.12897438578355327], [0.4459276090916256, 0.042794558110410774, 0.0215184888226993, 0.4897593438752643], [0.9666444907713629, 0.017983633378240407, 0.008105866319550003, 0.0072660094308466235], [0.8779407379832241, 0.058818882051326286, 0.012137956312575778, 0.051102423552873734], [0.27900757161591755, 0.06731373521408689, 0.6386590319820215, 0.015019661087974166], [0.006644506130532058, 0.6777617460884721, 0.10232610445053773, 0.2132676432304582], [0.023523126124269697, 0.040644456772621594, 0.8163713279798159, 0.11946108902329275], [0.0061738990171437596, 0.8881096889166166, 0.0372336074137911, 0.06848280455244855], [0.006887520900088112, 0.9163058714987055, 0.04780906230565332, 0.028997545195553063], [0.014203544969247472, 0.8517239847621196, 0.053603910902815445, 0.08046855926581746], [0.011688063513874108, 0.8587347020274199, 0.08113156024013664, 0.04844567411856939], [0.891955358968228, 0.011766952242141113, 0.007961957566352505, 0.08831573112327842], [0.9918404098149542, 0.0029196070609630235, 0.002497282779442947, 0.0027427002446397454], [0.958177600604533, 0.008161381600912941, 0.007315838048898692, 0.026345179645655293], [0.9579474519742618, 0.010154574711684827, 0.023610092380111296, 0.008287880833942093], [0.9930422797069394, 0.0024615360629217826, 0.0020728276357596005, 0.002423356494379261], [0.9938590103869528, 0.002074535755469081, 0.0016410978204485533, 0.0024253559371295846], [0.09432659859468608, 0.814869511932277, 0.03871180720012543, 0.05209208217291154], [0.09381333097413819, 0.5151388106181781, 0.35962438981689354, 0.03142346849079016], [0.07533339594047467, 0.025233609581926646, 0.7374401734449008, 0.16199282093269796], [0.03240893859337319, 0.018179832464757933, 0.9179993493197612, 0.03141187952210758], [0.22235347618262621, 0.6956873626121546, 0.056219947320448875, 0.025739213784770357], [0.0984194642637239, 0.8240653232151828, 0.04505994472604035, 0.032455267695052935]], "ideal": "D", "sampled": "C", "correct": false}}
