{"type": "result", "data": {"idx": 0, "options": ["ADD.", "AIDA.", "PESTLE.", "SWOT."], "probs": [[0.05461482665091444, 0.9382988832171966, 0.0029401182274899824, 0.0041461718043989395], [0.045681644739704944, 0.9466764856355979, 0.003257916545195025, 0.004383952979502107], [0.03819404294478214, 0.0019015850886600046, 0.9547353698244001, 0.005169002042157742], [0.025918375450482912, 0.00043904327142759873, 0.0010532066881219137, 0.9725893744899675], [0.053780099474912794, 0.0024763479334588725, 0.9385011538261543, 0.005242398665474029], [0.023304540521229104, 0.00040729678335745423, 0.0007092644184229793, 0.9755788981769905], [0.9962964799112576, 0.0009228240367354742, 0.0017512140585049859, 0.0010294818935019895], [0.996620085974221, 0.0007957803639699749, 0.001570285130081018, 0.0010138484317279218], [0.9939528447997629, 0.0013187756282167964, 0.0029258344858661177, 0.0018025449861542317], [0.9942669398806487, 0.0012786059870885718, 0.00270680986454606, 0.0017476441677166602], [0.9953516646117494, 0.0009364648047607328, 0.0021435915216308616, 0.0015682789618589904], [0.9947586291343897, 0.0010941860055308193, 0.00250461843112447, 0.0016425663289549852], [0.03057966496071304, 0.0230829449560939, 0.9365635295262086, 0.009773860456984517], [0.011102641083537153, 0.1967993111254659, 0.0014793174527577913, 0.7906187302382391], [0.033296996179546325, 0.9580067774396602, 0.0035095346614517175, 0.005186691619341706], [0.02732091734952671, 0.9631063220041356, 0.003755773370055283, 0.0058169871762824045], [0.027048076808132076, 0.0010406344422442468, 0.6156196451720894, 0.3562916434775342], [0.056631810074054066, 0.0019378566344574332, 0.9283929321446763, 0.013037401046812211], [0.035817402208561507, 0.0036022750447838167, 0.9530725772429229, 0.007507745403731725], [0.014933802404477375, 0.000882946261814049, 0.0006664859510688405, 0.9835167652826398], [0.06564083694755274, 0.9204242228541245, 0.00432954821692325, 0.009605391881399443], [0.06189688921390813, 0.923902136237177, 0.0037758065594272142, 0.010425167889487616], [0.03308366134751038, 0.0007084475141147406, 0.5094985205211844, 0.4567093705171905], [0.07878417888711912, 0.0017136055610240267, 0.9016462388431692, 0.0178559766086876]], "ideal": "B", "sampled": "B", "correct": true}}
{"type": "result", "data": {"idx": 1, "options": ["The realm of understanding.", "Personal selling.", "Noise.", "Feedback."], "probs": [[0.3165040818549591, 0.01266242433907951, 0.5468873819222391, 0.12394611178372235], [0.05285507780571163, 0.006513158285026556, 0.9080687705427872, 0.03256299326647456], [0.8564716999428693, 0.06302374911819732, 0.013418543813509883, 0.06708600702542353], [0.11266336630895392, 0.014323783159029789, 0.8589114577913851, 0.014101392640631129], [0.19392260329077876, 0.791382826752829, 0.0075194690180251265, 0.007175100838367056], [0.2847156308550513, 0.6938060721694411, 0.013526458682369279, 0.00795183819313828], [0.003010655392498067, 0.31685168654463863, 0.27960930248287136, 0.40052835547999194], [0.0020166155175868287, 0.0065098002135600035, 0.9661264677220214, 0.025347116446831734], [0.0015859930065671459, 0.0012645540239744825, 0.9236637996670372, 0.07348565320242116], [0.000792647755758222, 0.0007988682919518547, 0.9926873861440391, 0.0057210977082508], [0.002715826508289937, 0.2770284781083249, 0.04522182418192499, 0.6750338711014602], [0.0012176093223147837, 0.38859777287130653, 0.008320671854109325, 0.6018639458522693], [0.004434613459932142, 0.9880519837077084, 0.004165957140020445, 0.0033474455923390135], [0.007513064063982341, 0.9390053283276548, 0.046746969871395386, 0.006734637636967412], [0.003801121775288676, 0.002199912307001338, 0.9746964403484719, 0.019302525469238035], [0.001794146100964506, 0.0016854275805684227, 0.9739701530354874, 0.0225502731829797], [0.03917935455897368, 0.06163839355176384, 0.8917047646634026, 0.007477487125859872], [0.004183624645105242, 0.2213928230289005, 0.0016903560412923717, 0.7727331961847018], [0.5742123131757199, 0.4008942845816245, 0.010517628872197407, 0.014375773270458157], [0.602089745805281, 0.3484903178251084, 0.03730783506926061, 0.012112101200350035], [0.5308008237930136, 0.010031304405261425, 0.2669158898047946, 0.19225198189693032], [0.39183927046762557, 0.00323516112321555, 0.01668739651811046, 0.5882381717910484], [0.19466177198192494, 0.004234212574477355, 0.7943382495421576, 0.0067657658014401365], [0.5260246239995926, 0.0032274421743882513, 0.0065194068404928005, 0.46422852688552635]], "ideal": "A", "sampled": "A", "correct": true}}
{"type": "result", "data": {"idx": 2, "options": ["In the late 1800s.", "In the early 1900s.", "In the 1920s.", "After the end of the Second World War."], "probs": [[0.16044407308482375, 0.3092732567451041, 0.4033603252079199, 0.12692234486215223], [0.16461329344444378, 0.1698434222674782, 0.6310385535514964, 0.03450473063658164], [0.2338840023588453, 0.04751743659800768, 0.5972615964623518, 0.1213369644807952], [0.1954025851217242, 0.02686179328956083, 0.6610558978158829, 0.11667972367283205], [0.22885835720753187, 0.024501907564033934, 0.7049617477748436, 0.041677987353590705], [0.5981878704522033, 0.0875381241003593, 0.2825713188951043, 0.03170268645233306], [0.24918211989188563, 0.2694405775659401, 0.31011681613901415, 0.17126048630316013], [0.14290441252313932, 0.07074364853822163, 0.7144960749884472, 0.07185586385019176], [0.3195260560493165, 0.049002349993752886, 0.4436310546337196, 0.18784053922321098], [0.10427389584204233, 0.015258754097040953, 0.7585588904799121, 0.1219084594810046], [0.20129936191286904, 0.026820995910055892, 0.7363486563552929, 0.03553098572178215], [0.506101798351948, 0.15678933611708595, 0.254489755332869, 0.08261911009809698], [0.09378892392000525, 0.07654955408439958, 0.6115958230687586, 0.21806569882683655], [0.09290560871389669, 0.05130729709110762, 0.730772836490521, 0.12501425760447468], [0.09729700824530522, 0.27288413858319793, 0.517832294586144, 0.11198655848535281], [0.08271093290415012, 0.14516437701164112, 0.6608271893567865, 0.11129750062742229], [0.15949277697020844, 0.05959945215880515, 0.6928288391495485, 0.08807893162143794], [0.2169691061847221, 0.11613862354659177, 0.5627902452119785, 0.10410202495670759], [0.255557872495066, 0.13053012281930854, 0.5759268574116936, 0.0379851471739319], [0.4493787304957055, 0.32878816246972353, 0.19028200278123528, 0.031551104153335695], [0.21154367764008813, 0.045040983366627145, 0.7156671827638693, 0.02774815612941544], [0.5891502586781463, 0.19734911912716524, 0.16360511127870048, 0.049895510815987996], [0.3559844341362748, 0.03932231825400125, 0.5428329332045865, 0.0618603143051375], [0.46176771584871174, 0.06863777083076467, 0.38283099294235384, 0.0867635202781698]], "ideal": "C", "sampled": "D", "correct": false}}
{"type": "result", "data": {"idx": 3, "options": ["The level of tangibility associated with the type of product.", "Performance-value.", "Variations in supply and demand.", "The way in which the service is delivered."], "probs": [[0.004752215010809135, 0.010709554917159244, 0.7626103779356428, 0.22192785203638882], [0.004104563704834724, 0.001301817195031269, 0.005788454608117035, 0.9888051643920169], [0.005595063295798736, 0.87028008244933, 0.06206277725472188, 0.06206207690014943], [0.007261947013067602, 0.9291226543785642, 0.030813925883487806, 0.03280147262488035], [0.002612691745112928, 0.0009389739963618191, 0.0062675194442143025, 0.990180814714311], [0.017300695185570973, 0.024019674196562837, 0.776990437924361, 0.18168919259350524], [0.008215518463023118, 0.021987067615995722, 0.7511921592825991, 0.21860525453838206], [0.007854991855461681, 0.0024527544397141736, 0.007978803730641902, 0.9817134498741822], [0.018950566647541894, 0.7111634611372272, 0.2037415504251825, 0.06614442169004846], [0.02269337012709834, 0.8000380008622637, 0.09554506341461344, 0.08172356549602453], [0.010454614387408518, 0.0019190041417676115, 0.03170323948197283, 0.9559231418888511], [0.009556607351201098, 0.014235211548122314, 0.7076277142685342, 0.26858046673214236], [0.6575537151823674, 0.030279117775087717, 0.22725027204732556, 0.0849168948952193], [0.7100548570670833, 0.046108211340359126, 0.15356051345484745, 0.09027641803771015], [0.2621417949166334, 0.026781026371054832, 0.600078286915906, 0.11099889169640574], [0.5843100625944397, 0.041027941818404426, 0.20193591063690391, 0.17272608485025187], [0.34262735458514704, 0.018882403815136346, 0.5306763312379164, 0.1078139102618002], [0.544097701253062, 0.022110841342427034, 0.2779016092923434, 0.15588984801216751], [0.006243958961497622, 0.004750391032152263, 0.010214502916461499, 0.9787911469898887], [0.015306144723164104, 0.04128296611368639, 0.7668689970371817, 0.17654189202596776], [0.008580071635001142, 0.004247647602909643, 0.09819423904475943, 0.8889780416173297], [0.004215389760592272, 0.015062522178233326, 0.7487693909413083, 0.23195269701986607], [0.010464261581537656, 0.8248331321779722, 0.11516887554797545, 0.04953373059251477], [0.009048213140481789, 0.7772471809874572, 0.10518328717101673, 0.10852131860104433]], "ideal": "B", "sampled": "C", "correct": false}}
{"type": "result", "data": {"idx": 4, "options": ["found guilty under the Sherman Antitrust Act and face prison time", "found guilty under the Magnuson-Moss Warranty Act and face large fines", "found guilty under the Adamson Act and face prison time and fines", "found not guilty because retailers are allowed to set their own price levels"], "probs": [[0.9897592494549408, 0.003175294205276236, 0.00417433951363907, 0.0028911167261439267], [0.985904059964032, 0.0033670406728739995, 0.00513433148757848, 0.005594567775515602], [0.9924794940294985, 0.002854134456975438, 0.0022059509865672115, 0.0024604204269587974], [0.9880083469172525, 0.003944773333123755, 0.004102260916051538, 0.003944618733572209], [0.9887051273052336, 0.0027132754535400517, 0.004073347083157603, 0.004508250058068656], [0.9899591599727072, 0.0026744908568207453, 0.00458541409916108, 0.0027809349713109714], [0.007727161660460127, 0.9810170715304648, 0.007489809441253942, 0.0037659572678210847], [0.006750953650279578, 0.9788195281240437, 0.007186736729615033, 0.007242781396061668], [0.07125265356263291, 0.015172952291306423, 0.7426077341112335, 0.17096665993482718], [0.016198355167839646, 0.006443680791512155, 0.005821426875573112, 0.971536537065075], [0.0475640011976052, 0.007409574552795468, 0.9261058097964092, 0.01892061435319011], [0.012654831122223374, 0.0037704853235309165, 0.008974121792195386, 0.9746005616620503], [0.08625133754458247, 0.8989239591146432, 0.007961968590212393, 0.006862734650561927], [0.03817010489220374, 0.9394967108823267, 0.01229729537993439, 0.010035888745535237], [0.12545996096897083, 0.011311957815904447, 0.8442837052548026, 0.018944375860322202], [0.028571596246569828, 0.0042142850072897165, 0.005942949843249828, 0.9612711688028907], [0.08037918352164096, 0.010220344548575613, 0.8917430962270411, 0.01765737560274238], [0.02734453133332849, 0.004361066939800012, 0.004128974811626537, 0.964165426815245], [0.012700802695753877, 0.970424309783633, 0.009969556542488486, 0.00690533087812458], [0.014000841108594933, 0.9664239074897666, 0.013784288125661343, 0.005790963175977175], [0.034207029281688645, 0.005413131153950009, 0.9393040456977503, 0.021075793766611103], [0.018009306809931434, 0.004414407979959686, 0.024235897338832357, 0.9533403877712765], [0.06297257125349935, 0.023536467287237718, 0.8695254778490049, 0.043965483510257974], [0.027857733311487238, 0.013058398637090244, 0.006989515705253025, 0.9520943522461695]], "ideal": "A", "sampled": "A", "correct": true}}
{"type": "result", "data": {"idx": 5, "options": ["A composite analysis of all environmental factors inside and outside the firm.", "A series of business decisions that aid in selling a product.", "The relationship between a firm's marketing strengths and its business weaknesses.", "A blending of four strategic elements to satisfy specific target markets."], "probs": [[0.006875098083578163, 0.0029569375079207534, 0.001185432671601661, 0.9889825316368994], [0.012487817846079496, 0.005717344288651057, 0.9615248544261699, 0.020269983339099625], [0.014495499123336295, 0.00155189131148843, 0.029282083092466684, 0.9546705263727085], [0.010303104885420447, 0.002028808579364685, 0.9569084595396398, 0.0307596268955751], [0.002216688429327756, 0.982188256709955, 0.006827850116641838, 0.0087672046440754], [0.002745889525396292, 0.9776208989284765, 0.00590459851705353, 0.01372861292907371], [0.008295750871732887, 0.0013437104150160427, 0.001046495706478008, 0.989314042906773], [0.01606010345854387, 0.002350128595080623, 0.94811723951149, 0.03347252833488553], [0.008686774499442084, 0.001684015051977567, 0.0011218101832640216, 0.9885074001653164], [0.01620126707467403, 0.0026447932107988314, 0.9564497411302585, 0.024704198484268657], [0.005874141014239356, 0.9725916386457317, 0.007661405955283116, 0.013872814284745754], [0.00643164712506209, 0.9695978782324911, 0.007288097420183653, 0.016682377122263132], [0.008452903315710893, 0.0014016409513398053, 0.013092261065473981, 0.9770531945674753], [0.008256864694719299, 0.0017856806431709423, 0.925011511217449, 0.06494594334466082], [0.006656687059820847, 0.004037479760101885, 0.0013418855013079018, 0.9879639475787694], [0.010328761112033754, 0.006363350997250354, 0.9592925075570988, 0.02401538023361706], [0.0036803376696875174, 0.973743078750274, 0.007791289120877584, 0.014785294359160876], [0.003673727838619114, 0.9719962429186817, 0.010465477541026212, 0.013864551601672926], [0.9892889417411265, 0.003051879116486222, 0.004510429565090047, 0.003148749477297231], [0.9883537551641026, 0.0032456284024540228, 0.004233153347710159, 0.004167462985733213], [0.9896811854212471, 0.003405966306503921, 0.004044741640350453, 0.002868106531898557], [0.9883506782586513, 0.003794517782934388, 0.00450615866946969, 0.0033486451889446485], [0.9884319826834016, 0.003296996907582518, 0.004103233541113837, 0.0041677867679020325], [0.986375258625535, 0.0037282227488312867, 0.005865367979608507, 0.0040311505460251945]], "ideal": "D", "sampled": "D", "correct": true}}
{"type": "result", "data": {"idx": 6, "options": ["Gatekeepers.", "Buyers.", "Users.", "Initiators."], "probs": [[0.9976862963221784, 0.0009386960016646657, 0.0006553045624998882, 0.0007197030136569751], [0.9974454212088678, 0.0010147238087090604, 0.0007308680919211624, 0.0008089867905019406], [0.9974990147850402, 0.0007965117315926364, 0.0009384984392137837, 0.0007659749441533897], [0.9973431029788118, 0.000821663148494789, 0.0009606011236283359, 0.0008746326490651033], [0.9974863446004308, 0.0009384991035889472, 0.0008612013049821615, 0.0007139548909980521], [0.9978060257148318, 0.0007543502241571863, 0.0007141915942131612, 0.0007254323667978672], [0.0011525252908659784, 0.9920469386361477, 0.0026176292090081673, 0.004182906763978165], [0.0012279175701174064, 0.9929081777353165, 0.002499921625167303, 0.003363982969398827], [0.002008251106606501, 0.0007330633353342881, 0.9926618095035256, 0.004596875954533669], [0.0038150969428488255, 0.0004116574358200192, 0.0020420700895971405, 0.9937311754317341], [0.0016413067081254725, 0.0006580029971226405, 0.9940019926074045, 0.003698697587347405], [0.0032179520118700068, 0.0005253280846027052, 0.0008797407859494325, 0.9953769790175778], [0.0011524120605826342, 0.9919563945803398, 0.003257374954990646, 0.003633818304086902], [0.0015277850493138553, 0.992665085109068, 0.002744947020059265, 0.0030621827215588666], [0.001914936128847303, 0.0006722282716391196, 0.9919577901069715, 0.005455045392542104], [0.003476517548958075, 0.0004420051747772812, 0.001542688378757903, 0.9945387887975068], [0.0022376551114045187, 0.0006771541452809523, 0.9914597812629363, 0.005625409380378214], [0.004598133445906127, 0.0006223070911577591, 0.0018578104936152568, 0.9929217488693208], [0.0009341685075749989, 0.992933077137752, 0.0029227640542494214, 0.0032099902004235374], [0.0009721270288173686, 0.993690680774146, 0.0020741457194180042, 0.0032630463776186012], [0.0012015000664452142, 0.00047053096855074187, 0.9945688827391288, 0.0037590861258752504], [0.00453299103634597, 0.00043503393521359464, 0.0007634849852903251, 0.9942684899431501], [0.0017425654160858521, 0.0004953837801077455, 0.991388085585032, 0.006373965118774426], [0.004895295095049912, 0.00042112978502060404, 0.001639719147479921, 0.9930438558724496]], "ideal": "A", "sampled": "A", "correct": true}}
{"type": "result", "data": {"idx": 7, "options": ["Motive development.", "An attitude.", "A self-concept.", "Product evaluation."], "probs": [[0.9559723039918188, 0.022133776689089703, 0.012810328842802797, 0.009083590376288782], [0.9773742580290946, 0.011378721836448781, 0.0088619113550599, 0.002385108679396764], [0.9678633284186787, 0.017727118115791595, 0.009563260782025046, 0.004846292583504668], [0.9604742635625224, 0.01327892966684054, 0.023672569810829273, 0.00257423685980774], [0.9591322241446342, 0.033861707320934964, 0.005703324051313116, 0.001302744383117703], [0.9490643299065493, 0.03917284620030073, 0.01037984982362966, 0.001382973969520222], [0.03816370722513787, 0.6455099082168634, 0.05552828394108474, 0.26079810051691404], [0.023877674706011525, 0.8031861152929486, 0.10052884327693187, 0.07240736662410807], [0.09791470971921402, 0.015133628479241164, 0.2072894404687435, 0.6796622212328013], [0.019795495853446317, 0.002169618132321984, 0.009205798542556164, 0.9688290873716755], [0.04151555628606017, 0.011528495888501331, 0.5468673354083993, 0.40008861231703924], [0.019761361382206077, 0.002165876350916997, 0.010913302301312348, 0.9671594598655646], [0.10323204844157728, 0.7165988682983963, 0.08166447281020818, 0.09850461034981826], [0.08392250787141653, 0.6918021049940826, 0.10776029102202378, 0.11651509601247717], [0.1576326182459282, 0.02573302932347987, 0.32344785148704697, 0.49318650084354493], [0.029841917710156714, 0.00293186788154759, 0.00939026729549903, 0.9578359470127966], [0.15659637397608964, 0.06037414683451676, 0.13394701180131105, 0.6490824672880825], [0.024374263006804283, 0.004235753262314027, 0.012844431958656892, 0.9585455516722248], [0.015405287476783706, 0.8746093829808482, 0.06435286049274067, 0.045632468949627414], [0.019440634789778068, 0.6853205181912629, 0.04313109951263873, 0.25210774740632025], [0.01559229993554585, 0.011056427951447711, 0.7512796035023145, 0.22207166851069196], [0.01230210139904184, 0.001828611239982985, 0.008588254037468965, 0.9772810332235062], [0.04899336543169531, 0.017744340529584898, 0.07829181337443321, 0.8549704805642866], [0.01103470484905027, 0.002041290300622623, 0.009006264704602931, 0.9779177400457242]], "ideal": "A", "sampled": "A", "correct": true}}
{"type": "result", "data": {"idx": 8, "options": ["Promotion.", "Product.", "Target market.", "Pricing."], "probs": [[0.005810963604072744, 0.007231895882783059, 0.9621068310117767, 0.024850309401367437], [0.00018949850474499644, 0.0001441638606367461, 0.0004953717613666474, 0.9991709657732516], [0.009599530108758993, 0.9640107464618752, 0.016329457655103748, 0.010060265674261954], [0.00356991670343371, 0.9593935945570623, 0.015507091413089997, 0.021529397226414], [0.00027554901666865884, 0.0001632589867592615, 0.0010079031472564168, 0.9985532887493157], [0.0025429061372536236, 0.0029963002638317103, 0.898291026409146, 0.09616976708976857], [0.0036571642599002216, 0.008503203222005398, 0.9525951081806806, 0.03524452423741375], [0.00020169821392752136, 0.00016721434944545342, 0.0005701066407231483, 0.9990609806959039], [0.008360411036622694, 0.9366149450704813, 0.03465315311951635, 0.020371490673379736], [0.0027576990040637703, 0.9442076710679488, 0.02220549813451578, 0.03082913169347162], [0.00014644945268363498, 0.00011676023577482294, 0.0004617856645607717, 0.9992750045469808], [0.0019647284593782154, 0.005299151244274558, 0.8911750225964814, 0.10156109759986579], [0.9666763047957859, 0.0076150261614061, 0.01855506652731356, 0.007153602415494393], [0.8534037056671211, 0.033611359306238896, 0.041829963978706315, 0.07115497094793366], [0.9505343408186604, 0.005831573240689864, 0.033558135508138846, 0.010075950332510849], [0.9558341947282458, 0.005683672878493894, 0.013009970680905132, 0.025472161612355177], [0.8874886489627718, 0.011171953392455221, 0.03182580484729446, 0.06951359269747849], [0.9621821968037045, 0.0055453914234520445, 0.012302923433236489, 0.01996948823960695], [7.841177312801791e-05, 8.747474962045074e-05, 0.00027154828519030197, 0.9995625650920612], [0.0018392170318951644, 0.005158245425802813, 0.7135667062490293, 0.27943583119327275], [7.78025275713011e-05, 7.78027021942833e-05, 0.0002694384885056076, 0.9995749561817288], [0.0021211868843473724, 0.005209143337220011, 0.8624586393488028, 0.13021103032962972], [0.006207665370085093, 0.8520688930412949, 0.04308995936482554, 0.09863348212379448], [0.0033300903391664254, 0.9305930743786002, 0.025189869382399203, 0.04088696579983421]], "ideal": "C", "sampled": "C", "correct": true}}
{"type": "result", "data": {"idx": 9, "options": ["Classical conditioning.", "Operant conditioning.", "Social learning.", "Behavioural learning."], "probs": [[0.027225306748328862, 0.015035425486483246, 0.8738787925957825, 0.08386047506940542], [0.023438051165993276, 0.09868036881085608, 0.44922783631639723, 0.42865374360675335], [0.04220644646667653, 0.7599519888309251, 0.14279357715178978, 0.055047987450608626], [0.031794879345434734, 0.7014254278627052, 0.23130990390170744, 0.03546978879015255], [0.059388183529605336, 0.27036853555494744, 0.25798987185538635, 0.41225340896006085], [0.026602874844031912, 0.032595115913280605, 0.8673483534627675, 0.07345365567991997], [0.025578545356259155, 0.02402903879933229, 0.8339508159482419, 0.11644159979616663], [0.016234968781181348, 0.08506594851312908, 0.5461086314941075, 0.35259045111158205], [0.023431190302012583, 0.7176643924611033, 0.19619869416448116, 0.06270572297240297], [0.018761704476528862, 0.5151006780368462, 0.42703496095688626, 0.039102656429738696], [0.019151874598132973, 0.42916189238465835, 0.32904638082396626, 0.22263985209324239], [0.01641335674032296, 0.0412638811443338, 0.8822841446198951, 0.060038617395448114], [0.3583751565101717, 0.21400588429805556, 0.25020584088735365, 0.17741311820441905], [0.22380635067336338, 0.2576075359151252, 0.4738216401720376, 0.04476447313947382], [0.31591230156969496, 0.13169590931266986, 0.37517710957385775, 0.1772146794437774], [0.15211682416772251, 0.18064719907820664, 0.6305359169722557, 0.036700059681815125], [0.2377520380491713, 0.5977425423965056, 0.13130759679759732, 0.03319782265672574], [0.5102014949755241, 0.3973594029715681, 0.07703235616582571, 0.0154067457870821], [0.017146798328089366, 0.06471540213982882, 0.2223822983425025, 0.6957555010895793], [0.018213639017036824, 0.015099826253278966, 0.934217273225516, 0.03246926140416821], [0.010225327684452817, 0.01608714274901213, 0.2896440624901091, 0.6840434669764259], [0.01982468421814206, 0.010447005100816874, 0.9404294156580275, 0.029298894923013543], [0.018409699965084413, 0.8870886630668073, 0.07396394317817485, 0.020537693689933405], [0.026129329366599004, 0.8927930561956623, 0.06367163762714217, 0.017405976710596554]], "ideal": "A", "sampled": "C", "correct": false}}
{"type": "result", "data": {"idx": 10, "options": ["To break down large markets into smaller markets.", "To provide an opportunity to surpass competitors.", "By grouping together customers with similar needs, it provides a commercially viable method of serving these customers.", "To allow the achievement of greater market share."], "probs": [[0.024545626381338947, 0.008351230582814425, 0.9355857359094419, 0.03151740702640462], [0.0034725983302783463, 0.0014819212051221566, 0.0016149081339202744, 0.9934305722306792], [0.024825000776103102, 0.9462660896189984, 0.00987482541329829, 0.01903408409160018], [0.01693414033050625, 0.9539690994827446, 0.013188508866065905, 0.015908251220683258], [0.0029271560336670477, 0.001483408319854811, 0.0011643427826899555, 0.9944250927637882], [0.016021792052858287, 0.007450809798679605, 0.9607538705201764, 0.015773527528285716], [0.009934200157986326, 0.058982015748794345, 0.9083439279993492, 0.02273985599387013], [0.0024585087246536516, 0.01874258470261231, 0.002327668140414004, 0.97647123833232], [0.004764269666671975, 0.9664946987068834, 0.015379282952289325, 0.013361748574155279], [0.0048498949121488595, 0.9686072485830738, 0.009348449313727317, 0.017194407091050017], [0.0042756802098465625, 0.002324648519039943, 0.07009287434035834, 0.9233067968307551], [0.014047768907557236, 0.007519253101738961, 0.9545367999227317, 0.023896177967972103], [0.9951942143822116, 0.0012798280847355137, 0.0015437601182349628, 0.001982197314817933], [0.995670907827538, 0.001250787280311333, 0.001300614667526345, 0.0017776901246242863], [0.9852552586522655, 0.0017318099807790857, 0.010608576071736374, 0.002404355195219077], [0.9914254118790743, 0.0013785636054194385, 0.0023086539396770544, 0.004887370475829257], [0.9917476865788524, 0.0015384002033724613, 0.004738592586917288, 0.0019753205308579115], [0.9900794891846452, 0.001512000170510862, 0.0026124982690897158, 0.005796012275754213], [0.002122697497601608, 0.0030169433564589234, 0.0014589044825518377, 0.9934014545633876], [0.013618350362847814, 0.014956803336203348, 0.9547391114986943, 0.01668573470225451], [0.004010004663022409, 0.0011579015421212943, 0.04379058481634392, 0.9510415088785124], [0.014822028816963598, 0.005122371710214209, 0.9461274301559095, 0.03392816921691273], [0.005772988989995464, 0.9709034136154592, 0.011661821464674746, 0.011661775829870592], [0.008573291678689606, 0.9604808526190126, 0.008708372565279007, 0.02223748303701875]], "ideal": "C", "sampled": "C", "correct": true}}
{"type": "result", "data": {"idx": 11, "options": ["Repeat purchases.", "Buyphases.", "Buyclasses.", "Tenders."], "probs": [[0.005335511893655964, 0.8043374100041529, 0.12926646554125037, 0.06106061246094074], [0.006208861789808574, 0.7759732104766358, 0.018536262445383915, 0.1992816651881717], [0.006650928816056963, 0.01954818823196129, 0.8848135418283638, 0.08898734102361795], [0.005133741154440154, 0.013525613171397352, 0.003017975108230094, 0.9783226704659324], [0.001731125323196964, 0.01567223302330037, 0.9696040831094495, 0.01299255844405323], [0.0030124542659608986, 0.02727252734043439, 0.008317627368232012, 0.9613973909253727], [0.6727230798794795, 0.0133226742329788, 0.2513812873775695, 0.06257295840997214], [0.7596408419812825, 0.009268399887218715, 0.010021579980846495, 0.22106917805065235], [0.9440046410671253, 0.05325755362739795, 0.0007363214165416658, 0.0020014837889350276], [0.9714544529058963, 0.02671031707491941, 0.00046318962150243364, 0.0013720402976818463], [0.9167446960633038, 0.014817987391439956, 0.0030578946853907735, 0.06537942175986551], [0.0371145584383442, 0.007083468216480739, 0.9423600585012732, 0.013441914743901828], [0.9568596091257621, 0.0047169639021347005, 0.02889498565108155, 0.009528441221021675], [0.8656972436797937, 0.005311114019121226, 0.006209354193305854, 0.12278228800777921], [0.6125662346880686, 0.37739813451426607, 0.001566650700299899, 0.008468979997365459], [0.6173822357653755, 0.37446753273910643, 0.001707260100101953, 0.006442971295416093], [0.9692953252806187, 0.0060403128303236206, 0.0022221196031870605, 0.022442242185870605], [0.06936986502576707, 0.009536086342102667, 0.8996044453909178, 0.02148960314121248], [0.0032082513035959323, 0.007117811861533951, 0.9769852576634911, 0.012688679071378996], [0.0038604877460794457, 0.01017104406445255, 0.011346539904031224, 0.9746219281854368], [0.0014612319721491367, 0.9872482469745599, 0.004098135533381233, 0.0071923854199097415], [0.0020537446346582883, 0.9536537571492335, 0.037558648906425025, 0.006733849209683207], [0.0042539041043434265, 0.0464542049479023, 0.0015406740981266796, 0.9477512167496276], [0.004903839818392263, 0.01558446299080392, 0.9641691283708707, 0.015342568719933152]], "ideal": "C", "sampled": "B", "correct": false}}
{"type": "result", "data": {"idx": 12, "options": ["Winner's curse.", "Winner's price.", "Winner's reward.", "Loss-leader pricing."], "probs": [[0.9954891801414699, 0.0012311346790951645, 0.0018626702999288815, 0.0014170147795060431], [0.9944276475441722, 0.0014950824363738585, 0.002315649823712113, 0.0017616200957417652], [0.9953571439070007, 0.0012406258784460951, 0.0019518033144582396, 0.00145042680009498], [0.993410732788536, 0.0016403443148114553, 0.002970306281312178, 0.001978616515340394], [0.9936970485223906, 0.0017195628046940152, 0.002541374185624703, 0.002042014387290703], [0.9939531377316962, 0.0016157948882524575, 0.002542024785171337, 0.0018890424948799181], [0.002191141061124566, 0.9861440270476883, 0.005423065854974511, 0.0062417659362125864], [0.0022582279233432155, 0.985061432624202, 0.006043261739368003, 0.0066370776130868425], [0.0015887361798974117, 0.0013171143038951845, 0.9927076137567687, 0.004386535659438644], [0.0007482945836991924, 0.0007252630909469332, 0.0009533419709913284, 0.9975731002543625], [0.0033053933246618506, 0.001797123618576836, 0.9909723067450256, 0.003925176211735767], [0.0008952799005796071, 0.0009382352350868527, 0.0009382422782140865, 0.9972282424861194], [0.001734221658253202, 0.9866452622722021, 0.006443284716851549, 0.0051772312526931815], [0.0022022446398985585, 0.9834249310153784, 0.007746785638469805, 0.00662603860625322], [0.0012778341071845798, 0.0015174641128606443, 0.9936765794596732, 0.0035281222202814817], [0.0006011352331692902, 0.0009988564676555144, 0.0010550099784087511, 0.9973449982207664], [0.0040402267302756265, 0.002231248636965144, 0.9886212707155425, 0.005107253817216676], [0.0007956167195891827, 0.0008535601681430293, 0.001953819271245873, 0.9963970037410219], [0.003614368918555425, 0.9866287263941257, 0.005258851447790631, 0.004498053139528223], [0.003903112691923293, 0.9853802529303056, 0.005859242763421135, 0.004857391514349914], [0.0023246589060302307, 0.010749162148659036, 0.9828463768934381, 0.004079801951872585], [0.0009509352266216361, 0.00292902482738053, 0.0010775494021730708, 0.9950424904438248], [0.0028185512809487763, 0.003000364548243983, 0.9879279604910389, 0.006253123579768351], [0.000724673556998887, 0.0007714028996743486, 0.001752026133660859, 0.9967518973096658]], "ideal": "A", "sampled": "A", "correct": true}}
{"type": "result", "data": {"idx": 13, "options": ["Price bundling.", "Price elasticity.", "Price inelasticity.", "Price inflation."], "probs": [[0.004487732341292767, 0.9691132721618533, 0.008924960922955043, 0.017474034473898867], [0.0037390476976569623, 0.9739568574583439, 0.0065622570137979334, 0.015741837730201217], [0.0020855487134321346, 0.0018695100361260238, 0.9836627218196023, 0.012382219330839462], [0.0007957236501773142, 0.0006913388024689117, 0.0019848326070021267, 0.9965281048403516], [0.0022991705223311485, 0.0013729273621523614, 0.98737563715898, 0.008952264856536486], [0.0005063218851599997, 0.0005183246537441791, 0.0014089202339543506, 0.9975664331271414], [0.987259647897068, 0.002906143728627202, 0.004571971583133955, 0.00526223669117087], [0.9865830028615512, 0.003043541012169753, 0.004225492047734645, 0.006147963978544375], [0.9890905799608083, 0.0020971128635041444, 0.004509430926830568, 0.004302876148856977], [0.9894580460582132, 0.0020653699043341215, 0.004304536246410018, 0.004172047691042675], [0.9858194160138748, 0.003446108952650302, 0.004494528362101452, 0.006239946571373395], [0.9852526525647497, 0.003390729133317353, 0.005678344491221248, 0.0056782737107117145], [0.004805600241057203, 0.0033029080165330794, 0.9748544633004551, 0.017037028341954554], [0.001980955150561032, 0.0010197243657685598, 0.0024270891953700967, 0.9945722311883003], [0.006565428097907842, 0.9744391869818778, 0.008170880305051927, 0.010824504515162425], [0.005804491909483046, 0.9762063608950357, 0.0087136345398685, 0.009275512555612844], [0.002387846333585706, 0.0011368016613298297, 0.0025818564238404887, 0.993893495481244], [0.003767035712666194, 0.0024705321480583105, 0.9812165027584381, 0.012545929280837349], [0.0018775858114462765, 0.0013736944524626988, 0.9879302556590295, 0.008818463977061583], [0.00037355149274071635, 0.0004759109283431051, 0.0010153860853087766, 0.9981351513936074], [0.00382297181910946, 0.9803776109196198, 0.00490882398715835, 0.010890593174112324], [0.0038264852579997905, 0.9812759184882895, 0.006408181599155605, 0.008489414554555012], [0.0006299889345024247, 0.000629986897234202, 0.0013867834967840735, 0.9973532405714793], [0.0014846536988632178, 0.0016305989331130877, 0.9875016340231436, 0.009383113244880066]], "ideal": "B", "sampled": "B", "correct": true}}
{"type": "result", "data": {"idx": 14, "options": ["Relationship marketing.", "Service mix.", "Market exchanges.", "Service failure."], "probs": [[0.03508745679246981, 0.003936774291308904, 0.9336500031717124, 0.02732576564450888], [0.019013830014354298, 0.001648534131383224, 0.004112043057232776, 0.9752255926970297], [0.03255622069286556, 0.9514575439902413, 0.009474592379082632, 0.006511642837810524], [0.056352451885090325, 0.9238270608196558, 0.013595950863713622, 0.006224536331540238], [0.02023832194062255, 0.0019271539083306627, 0.002696513504552581, 0.9751380105464942], [0.08795045987003865, 0.009867862619557587, 0.8745071362850123, 0.02767454112539146], [0.01157177935113623, 0.005055389091559164, 0.9633789424909327, 0.019993888966371935], [0.009643092066188913, 0.002037198334749985, 0.0046996368362897945, 0.9836200726627713], [0.005309329394838984, 0.9806797553677474, 0.005393027820701321, 0.008617887316712217], [0.006692050558416175, 0.9778162340177096, 0.005905807543853067, 0.009585907780021156], [0.007082396727051647, 0.002335579312654885, 0.0031427929712194657, 0.987439230889074], [0.008894667326708293, 0.0038858374017038456, 0.9810101121766761, 0.00620938299491169], [0.9834629795450102, 0.007278028778611772, 0.006225136889705008, 0.0030338546866730998], [0.9794711623031893, 0.006809276532043841, 0.010881084579780351, 0.00283847648498649], [0.9856579820144028, 0.004783670555694561, 0.005592627533098098, 0.0039657197968045056], [0.982406855769987, 0.005751156603763242, 0.007500869220124933, 0.004341118306124809], [0.9859147304208077, 0.006143924087896291, 0.004494968635929837, 0.0034463767553661634], [0.9861353572809145, 0.00634038258019986, 0.003967690256230592, 0.0035565697826550062], [0.016333876674231723, 0.0017487349054620593, 0.0024660598305041607, 0.9794513284898021], [0.06287356336603929, 0.008643097997572085, 0.9096055439589638, 0.01887779457742491], [0.013998361663956767, 0.0010462679938538309, 0.003595094049655474, 0.981360276192534], [0.019832329032978466, 0.002010265983497052, 0.9706300109637402, 0.007527393919784261], [0.026711558326539903, 0.9564697003711523, 0.008672162370150085, 0.00814657883215769], [0.024112598239534665, 0.9631986474041911, 0.006096732623158363, 0.0065920216331158575]], "ideal": "C", "sampled": "C", "correct": true}}
{"type": "result", "data": {"idx": 15, "options": ["Search marketing.", "Internet advertising.", "Permission-based email marketing.", "Social web marketing."], "probs": [[0.003711501989599956, 0.0021480428533986132, 0.9819710643964007, 0.012169390660600765], [0.0010634245925294182, 0.0006012004249075487, 0.0008544794695455535, 0.9974808954130174], [0.005542137814377483, 0.976792362703838, 0.00972681705910722, 0.007938682322677281], [0.005047420591893902, 0.9770306516160808, 0.009729216973246864, 0.008192710718778393], [0.0009991797854470603, 0.0005183641916803321, 0.0008155006219346242, 0.997666955300938], [0.004981441731314172, 0.0024659760889807975, 0.9794284114863947, 0.013124170593310284], [0.0034104890005737893, 0.0023623581957016755, 0.9833037816328192, 0.010923371070905318], [0.0011859982410025837, 0.0007081840410632732, 0.0009093293892103048, 0.9971964882287239], [0.0042493010856295525, 0.9767830658014052, 0.010517059139493835, 0.008450573873471411], [0.004181495949322045, 0.9763362107109743, 0.010349266211954908, 0.0091330270277487], [0.001242613245016176, 0.0006599417846183922, 0.0011402750919620693, 0.9969571697784033], [0.004598821817944187, 0.0021723219363993743, 0.9776714697781421, 0.01555738636751431], [0.9910093431861389, 0.0035742176285312095, 0.0020848649779675, 0.0033315741073624157], [0.990295150078221, 0.003953435144065602, 0.002235113961583429, 0.0035163007161299184], [0.9916739719449555, 0.0033078364823775673, 0.002006340935874303, 0.0030118505367926303], [0.991285637080697, 0.003465235077245469, 0.002069218922348699, 0.0031799088197089352], [0.9907818702344974, 0.003863755018307107, 0.0021007260737869182, 0.003253648573408633], [0.9910305002234864, 0.003687763989109869, 0.0020525854559453067, 0.0032291502314584415], [0.0010470252336116637, 0.000547446443546446, 0.0008413013675340492, 0.9975642268553079], [0.003922079108686538, 0.002360328962464071, 0.9824571916340924, 0.011260400194756982], [0.0011494476700256745, 0.0006009987130852563, 0.0011054017032935558, 0.9971441518135955], [0.0037668541187834263, 0.0019239165442795439, 0.9811618489502761, 0.01314738028666086], [0.006321420585170225, 0.9755689867823959, 0.01018084313541298, 0.007928749397020873], [0.006183585553724879, 0.9769288200409022, 0.00942886238477202, 0.007458731920600937]], "ideal": "C", "sampled": "C", "correct": true}}
{"type": "result", "data": {"idx": 16, "options": ["Vehicle.", "Courier.", "Transportation.", "Distribution channel."], "probs": [[0.0016705580671512509, 0.000951854721805574, 0.0013215301347024077, 0.9960560569763408], [0.004633720657741765, 0.0030867379287982987, 0.969825241509266, 0.022454299804193972], [0.0018341335444253047, 0.0011124590779035411, 0.001331456105261345, 0.9957219511724098], [0.007260771675490876, 0.0037084569815889557, 0.965956179052064, 0.0230745921908562], [0.0028233745935602734, 0.9819160544052881, 0.005930561372556534, 0.00933000952859517], [0.003511066564524858, 0.9811690494422736, 0.005395721668749347, 0.009924162224452209], [0.0011398807919216552, 0.0008877321200892992, 0.0013431035360171597, 0.9966292834519719], [0.005590473736873366, 0.0032864960196891456, 0.970024818850869, 0.021098211292568485], [0.001496035142470552, 0.0011651086407336185, 0.002245806859778004, 0.9950930492570178], [0.004381621194821977, 0.0026163952056999676, 0.976205633256674, 0.01679635024280404], [0.0018507290059756067, 0.9814459770015127, 0.00693019807247513, 0.009773095820036538], [0.0021587574941027, 0.9791928953817051, 0.0067015778027715535, 0.011946769221420682], [0.0012520373274480094, 0.0009450852016181169, 0.0010793348362359793, 0.9967235425346979], [0.0051080409895233065, 0.003916488315604202, 0.9734231980496485, 0.01755227254522404], [0.0012410960535036808, 0.0010129492655777173, 0.0019832560647435626, 0.995762698516175], [0.0029220334921109883, 0.0024414566737268567, 0.977287755089261, 0.017348754644901154], [0.001972014083342859, 0.9824057811902017, 0.007384371473933499, 0.008237833152521917], [0.0019811938523805915, 0.9792970192220505, 0.008341133401413752, 0.010380653424155166], [0.9863531955107433, 0.002602675088640833, 0.003394563891297904, 0.007649565409317973], [0.986752717044851, 0.0025236283683503042, 0.002950461665550147, 0.007773192821248471], [0.9867654120151489, 0.003140727188193533, 0.00290474542232418, 0.007189115274333432], [0.9854052512254717, 0.0033386868688959656, 0.0029928386272029092, 0.008263223178429398], [0.9863134290900193, 0.0028140627764087008, 0.0033418232382606138, 0.007530684795311416], [0.984869415155846, 0.002944793768926748, 0.003664904719715269, 0.008520886255511995]], "ideal": "D", "sampled": "D", "correct": true}}
