{"type": "result", "data": {"idx": 0, "options": ["164%", "1.64%", "0.45%", "183%"], "probs": [[0.20724372795286786, 0.5546250404752308, 0.19469095982181536, 0.04344027165008606], [0.14551654429486224, 0.4081197969056097, 0.4210766843637767, 0.02528697433575139], [0.28498863480956765, 0.022321910985962968, 0.5757268527236614, 0.11696260138080791], [0.3079928973160017, 0.02031427568664686, 0.6221932605949987, 0.04949956630235274], [0.2178416460674042, 0.11660202858689306, 0.6206021053966794, 0.04495421984902341], [0.1600680065000028, 0.5764445108824044, 0.07924299745395344, 0.18424448506363927], [0.16130934173313957, 0.1316570898264987, 0.5457229451073978, 0.1613106232329639], [0.12791206894370827, 0.07175234494030777, 0.6598493351760283, 0.1404862508399556], [0.21319120326029195, 0.06301901254101924, 0.45845667795511563, 0.26533310614357314], [0.3070631507961741, 0.1473321108272629, 0.35344358401600146, 0.19216115426056155], [0.18219411235571295, 0.03818970144761894, 0.5974204495143973, 0.1821957365822708], [0.20965947755421824, 0.037589599423550654, 0.6768177327497152, 0.07593319017251586], [0.11667226955367563, 0.034488249438203736, 0.7490428061442458, 0.09979667476387481], [0.06615998743170483, 0.03326745405313264, 0.488887559325255, 0.4116849990899075], [0.036922629506293596, 0.47883498128742513, 0.2814922301022971, 0.20275015900398413], [0.04166395853150221, 0.5236986610621933, 0.2892140332940036, 0.14542334701230086], [0.06163889249444573, 0.026510643184466703, 0.5161242551825206, 0.3957262090385669], [0.10619566146760988, 0.02643418761441404, 0.8096321511615144, 0.05773799965646162], [0.3017281664808736, 0.2879157149566599, 0.352769437935731, 0.05758668052673548], [0.3717948579072537, 0.45554194867992154, 0.08296153878995124, 0.08970165452287353], [0.3027256591586987, 0.026868252742513, 0.6408971260936206, 0.029508961905167743], [0.5978957458575884, 0.09914176238932539, 0.18522673981443546, 0.11773575183865077], [0.4188329225965451, 0.01755953619047655, 0.41885566176661865, 0.14475187934635975], [0.3372327706658338, 0.02442910321766125, 0.5062716187850917, 0.13206650723141322]], "ideal": "A", "sampled": "B", "correct": false}}
{"type": "result", "data": {"idx": 1, "options": ["No effect No effect", "No effect Understated", "Understated No effect", "Understated Understated"], "probs": [[0.15333829709295757, 0.2910102003958175, 0.47974766252259654, 0.07590383988862841], [0.13536704291218843, 0.2911195012474743, 0.48747315560109417, 0.08604030013924306], [0.1195653282269921, 0.7676677326035628, 0.08885340590006459, 0.02391353316938047], [0.0968803559242709, 0.3544151581289436, 0.5403708508045936, 0.008333635042191898], [0.061071466278561325, 0.5704769109044298, 0.2959324816810766, 0.07251914103593227], [0.17876620139378838, 0.16278257555085404, 0.6437778310374109, 0.014673391917946631], [0.48739439607301877, 0.027073761647271988, 0.46509760960083585, 0.020434232578873404], [0.27986139082332284, 0.02859249899678156, 0.6819704180664796, 0.009575692013415982], [0.61710278178922, 0.31527279850092804, 0.059224434271572896, 0.00839998533827909], [0.42802912989144115, 0.3132009280811935, 0.25560230609272844, 0.003167635834636887], [0.2255485237335096, 0.7397926931251975, 0.026940610458434384, 0.0077181725828585], [0.3428452908649922, 0.5147757529697626, 0.1321866810189621, 0.010192275046283018], [0.36520938837271927, 0.03505228714491609, 0.4474865345679561, 0.15225178981440854], [0.23906242600143346, 0.03666390068154814, 0.7137709782196942, 0.01050269499732427], [0.5327523141793897, 0.40863384194066926, 0.026114881877201512, 0.03249896190273953], [0.30263775753167554, 0.09375928393796866, 0.5925801428890349, 0.011022815541320785], [0.19976378603212053, 0.6449944852207364, 0.09889666550927585, 0.05634506313786724], [0.23311949468664156, 0.5506692692286232, 0.18156102838968666, 0.03465020759504857], [0.17666632372363086, 0.055593308467472874, 0.6166292656860471, 0.15111110202284905], [0.4935674455416399, 0.03806197479838718, 0.46368066465566127, 0.004689914904311615], [0.4996629556937667, 0.45504336386733196, 0.03508352255898007, 0.01021015777992129], [0.5076827068014028, 0.35445840962224046, 0.13038695519053273, 0.007471928285823948], [0.5977844639849748, 0.2959767899811585, 0.05063012652062312, 0.05560861941324363], [0.5486128823541435, 0.21485703781227503, 0.2287042694178947, 0.007825810315686747]], "ideal": "B", "sampled": "D", "correct": false}}
{"type": "result", "data": {"idx": 2, "options": ["Nonsampling risk arises from the possibility that, when a substantive test is restricted to a sample, conclusions might be different than if the auditor had tested each item in the population.", "Nonsampling risk can arise because an auditor failed to recognize misstatements.", "Sampling risk is derived from the uncertainty in applying audit procedures to specific risks.", "Sampling risk includes the possibility of selecting audit procedures that are not appropriate to achieve the specific objective."], "probs": [[0.7919648288888516, 0.0359023772144178, 0.04682983830102876, 0.1253029554957018], [0.829658749062725, 0.03267682863250937, 0.028839632740961896, 0.10882478946380374], [0.9567705088919682, 0.011493028707805062, 0.009235715200187644, 0.022500747100039013], [0.9575259142018314, 0.010472713095798883, 0.008030420213304704, 0.023970952389065037], [0.9340620653404202, 0.014864214722190421, 0.013118737400350031, 0.037954982437039333], [0.9554634013047343, 0.00966477139335091, 0.010952503575416014, 0.023919323626498772], [0.08039067025947304, 0.762830254425322, 0.05355613239231501, 0.10322294282288993], [0.08573353747314502, 0.7642370205422937, 0.04661607958079853, 0.10341336230376273], [0.0819813466137723, 0.02276601659104568, 0.6758521844951887, 0.21940045219999335], [0.04463412584722032, 0.015667964982575514, 0.014719581436500657, 0.9249783276337035], [0.09697438391723001, 0.03404148049466688, 0.540920575688353, 0.32806355979975016], [0.02567658935158729, 0.0046036484072672626, 0.00619499707097849, 0.9635247650701669], [0.22823649982668207, 0.4985760226134976, 0.044948861668217405, 0.2282386157916029], [0.16449716195317737, 0.6713356174949334, 0.045683650796504625, 0.11848356965538458], [0.08250116648260085, 0.015502210878172882, 0.600206560583815, 0.30179006195541125], [0.03224058261281045, 0.005430499240766002, 0.0052633915752851165, 0.9570655264711384], [0.17656583819164706, 0.03701099697859028, 0.5525059021083458, 0.23391726262141682], [0.03183092342352054, 0.004806070741508638, 0.003571586683856633, 0.9597914190511142], [0.48844237040393174, 0.32540718323849455, 0.034838598866976066, 0.15131184739059764], [0.35968147064432343, 0.4916813258216336, 0.047184655333235674, 0.10145254810080727], [0.12322389654539342, 0.015913259651383942, 0.5787958653123458, 0.28206697839087685], [0.02461048555822174, 0.003129057079420631, 0.004412645881761939, 0.9678478113805957], [0.31582205955059434, 0.025522501708804175, 0.5047382031199675, 0.15391723552063388], [0.030452465656743886, 0.0039947405481404845, 0.003260419938802002, 0.9622923737563136]], "ideal": "B", "sampled": "A", "correct": false}}
{"type": "result", "data": {"idx": 3, "options": ["Inspect inventory items that were ordered before the year end but arrived after the year end.", "Test internal control activities that were previously reported to management as inadequate.", "Review the client's cutoff bank statements for several months after the year end.", "Compare the latest available interim financial statements with the statements being audited."], "probs": [[0.012010814934049888, 0.008787503694283359, 0.9541689405350734, 0.02503274073659337], [0.05048762045069448, 0.006319394063790639, 0.8674017414510095, 0.0757912439345054], [0.0233809573019845, 0.7865054526030921, 0.014631959458326316, 0.1754816305365971], [0.045570443292536095, 0.8465705919930767, 0.06228910991770506, 0.04556985469668215], [0.00939400208921201, 0.013247787870901551, 0.004040354372285182, 0.9733178555676012], [0.10245920258663296, 0.05570706848062502, 0.7934354784245626, 0.04839825040817937], [0.004887355734546441, 0.006892464000737994, 0.9609605551773751, 0.02725962498734049], [0.010274813141758429, 0.0033884023219910987, 0.10377229182214376, 0.8825644926141067], [0.003735223396166867, 0.32589490840324215, 0.012057574893467921, 0.658312293207123], [0.006764121252156578, 0.8859615789069657, 0.06518737128935997, 0.04208692845151769], [0.0011477487539396742, 0.0018923345713794633, 0.001280405303476878, 0.995679511271204], [0.01143461686546755, 0.027430722944778285, 0.8942967790343359, 0.06683788105541828], [0.01979366774598411, 0.0061319131982385785, 0.005327508511408227, 0.9687469104443691], [0.10806244852197883, 0.021614145968499317, 0.8238462989068137, 0.04647710650270816], [0.011363856355705934, 0.003255871084820553, 0.009275011605051302, 0.9761052608544222], [0.04940704839995055, 0.006686637463855884, 0.9035813598592963, 0.040324954176897215], [0.5998249753853273, 0.2579898622531357, 0.10262200884357492, 0.03956315341796208], [0.5144597389185311, 0.4069888793206368, 0.04566278983481867, 0.03288859182601335], [0.055703940533872884, 0.007778199222186804, 0.008952603482761272, 0.9275652566611791], [0.08602042399218222, 0.014716702935440463, 0.8553279397065995, 0.0439349332657778], [0.005697373617975003, 0.0018210362866922106, 0.00391575357916571, 0.988565836416167], [0.20441505463176549, 0.016011275468739688, 0.7477319891579158, 0.03184168064157895], [0.8149403935978922, 0.1174062067061423, 0.041863287435755486, 0.025790112160210057], [0.8690044959976676, 0.08877667866482815, 0.022098599205364635, 0.02012022603213961]], "ideal": "D", "sampled": "C", "correct": false}}
{"type": "result", "data": {"idx": 4, "options": ["Accounting Standards Updates.", "Emerging Issues Task Force Releases.", "Statements of Financial Accounting Standards.", "Staff Technical Bulletins."], "probs": [[0.9978307899124698, 0.00028636370028947564, 0.00044008259205835255, 0.0014427636951823775], [0.9980028756204642, 0.00021789215436273263, 0.0002669773209344655, 0.0015122548042386472], [0.9981763567134787, 0.0002887091362994091, 0.00031957887509128556, 0.0012153551751306066], [0.9983720305085606, 0.00026915653774656, 0.0002691622712019145, 0.0010896505824908637], [0.997708606418122, 0.00023187677732187798, 0.0003194346751999824, 0.0017400820293561811], [0.9975787701277741, 0.00033470858313209466, 0.000655328176139261, 0.0014311930129545978], [0.002169881219832416, 0.9767225850157704, 0.013293118038350465, 0.007814415626046723], [0.002395847980735934, 0.9819064472473769, 0.006513120897159384, 0.009184583774727797], [0.03025128903706874, 0.014515244522205217, 0.9411647993786506, 0.014068666962075411], [0.040921769041232826, 0.12028040444459251, 0.016795316302700335, 0.8220025101114743], [0.018622456985945893, 0.0015049818440113392, 0.9552014915057558, 0.024671069564286923], [0.0298288840670487, 0.0025263390162088254, 0.13579125018109756, 0.8318535266356449], [0.0016571264607295121, 0.9881880913938413, 0.0054338363672732995, 0.004720945678155859], [0.0013673501651890625, 0.9912240665239599, 0.00335802821572158, 0.00405055499512951], [0.009566370900522, 0.002272307770964913, 0.9758773604902463, 0.012283960738266729], [0.0068814207164066684, 0.0009914025071568568, 0.002234133810650706, 0.9898930428657857], [0.008345976242210213, 0.001669362909802633, 0.9799173106018538, 0.010067350146133263], [0.0059781314391565785, 0.0008680188187502117, 0.003353458758306185, 0.989800390883787], [0.001740726755917454, 0.9827485068678035, 0.0063181505436586205, 0.009192615732620424], [0.0012093507410586106, 0.985674692211369, 0.0070692990520961835, 0.006046657895476139], [0.014895819545722673, 0.00235694443904282, 0.936140921169655, 0.04660631474557957], [0.011623617979361137, 0.0017825798968090364, 0.018866814326227607, 0.9677269876976022], [0.013026390223392567, 0.018370758740256964, 0.957106709384575, 0.011496141551775496], [0.015284600950824886, 0.029461667487462914, 0.009565049028279204, 0.945688682433433]], "ideal": "A", "sampled": "A", "correct": true}}
{"type": "result", "data": {"idx": 5, "options": ["\u2212$3", "\u2212$27", "$3", "$500"], "probs": [[0.10344284925980353, 0.0571307101361053, 0.4783451329936834, 0.36108130751040773], [0.018149475884728535, 0.008054186212965258, 0.9309347316522261, 0.0428616061500801], [0.02009139742382163, 0.5101707510676518, 0.2730633878594196, 0.1966744635491071], [0.02045695742142185, 0.5194377486434395, 0.3460074189222694, 0.11409787491286925], [0.010675162195186792, 0.46108258281227443, 0.47570109894251, 0.052541155950028735], [0.04193343576244438, 0.35665294183083857, 0.5523885569552258, 0.04902506535149127], [0.09203986034025452, 0.05163327534142378, 0.47480847338832755, 0.38151839082999417], [0.05815115598676876, 0.02139357065858982, 0.8545630566272029, 0.06589221662743847], [0.14246122108921505, 0.10261826980714037, 0.43884069012490573, 0.31607981887873887], [0.16989825566560385, 0.17258030098726584, 0.6023635761284422, 0.05515786711868809], [0.15551067639330496, 0.486574058941442, 0.2772376227208572, 0.08067764184439581], [0.21547523821054176, 0.255892404050441, 0.5089007776677456, 0.01973157997127162], [0.05251417189480302, 0.37031467199373597, 0.19513016283112475, 0.38204099318033624], [0.04528893106772561, 0.2953431871013432, 0.5604490574583724, 0.09891882427255883], [0.02133641011301743, 0.3581092939983226, 0.2788777042688289, 0.3416765915198311], [0.04647009542297963, 0.08682114112575037, 0.849878856461959, 0.01682990688931091], [0.03775052557133263, 0.2746317561605827, 0.599844965285653, 0.08777275288243157], [0.004616660129981294, 0.0956711111821179, 0.866130960079808, 0.033581268508092746], [0.20215211898002036, 0.09699985397753534, 0.6628665845930747, 0.03798144234936957], [0.11688972306904193, 0.05436191355028244, 0.6832754040693263, 0.14547295921134928], [0.6141254695370252, 0.13704037205486747, 0.20895697963900134, 0.03987717866910602], [0.5580390375798466, 0.13049853503043643, 0.2940763680716489, 0.017386059218068035], [0.08563037343406256, 0.09405450662111219, 0.7170238004954448, 0.10329131934938048], [0.08431572772493591, 0.09406560255070988, 0.8125921782141957, 0.00902649141015853]], "ideal": "C", "sampled": "D", "correct": false}}
{"type": "result", "data": {"idx": 6, "options": ["Overstated Understated", "Understated Overstated", "Overstated No effect", "No effect No effect"], "probs": [[0.4594814557442736, 0.4184238657135258, 0.10252931808267812, 0.01956536035952242], [0.48334612077899414, 0.47591911357081185, 0.03188171344280095, 0.008853052107393077], [0.5813432009934809, 0.15405365050410957, 0.2500506457646222, 0.01455250263778732], [0.5821402267502075, 0.19811268813049848, 0.042173875042918245, 0.17757320997637582], [0.1776776735817612, 0.015284889162597674, 0.7963684685239228, 0.010668968631718213], [0.6166122165805022, 0.015927933688923125, 0.3199118184693858, 0.04754803116118879], [0.5388287792061784, 0.3425540041094245, 0.10777853656834496, 0.010838680016052133], [0.6554329776150961, 0.3194862789787239, 0.018022737581735403, 0.0070580057244445295], [0.4094552805346903, 0.046663333650646975, 0.5341015393766724, 0.009779846337990328], [0.7036075322933749, 0.0967405408868935, 0.0244587429056977, 0.17519318381403384], [0.39627159920423954, 0.011966899454815024, 0.5766362300262019, 0.015125271214743573], [0.27336030661136074, 0.0054152951442611764, 0.13323412573689358, 0.5879902724074845], [0.30639000325835447, 0.6386695808140691, 0.04848116042019568, 0.006459255407380804], [0.19164664979200258, 0.712165051043719, 0.05845223802132791, 0.03773606104295049], [0.23505723694473615, 0.6291321175571388, 0.11103817219646962, 0.02477247320165544], [0.1838581991770085, 0.7503865886624548, 0.036207500504364484, 0.029547711556172206], [0.2621912506557907, 0.030829684888244814, 0.680197736019925, 0.026781328336039575], [0.17978012191647066, 0.030757897831521597, 0.7337758390029361, 0.05568614114907164], [0.05538369714659939, 0.35007089372948874, 0.5337290763321252, 0.06081633269178671], [0.05986797764397031, 0.36675589999796143, 0.5252796967899063, 0.048096425468161966], [0.10104661622092363, 0.6590421917942164, 0.2009583450831372, 0.0389528468017228], [0.09213198016889862, 0.747828843628743, 0.13405411410440568, 0.025985061997952676], [0.04589766092520704, 0.1391795225607928, 0.7762810297919496, 0.038641786622050596], [0.03781456830181635, 0.09807781764542234, 0.7024241010616427, 0.1616835128911186]], "ideal": "D", "sampled": "B", "correct": false}}
{"type": "result", "data": {"idx": 7, "options": ["$100", "$104.29", "$96.71", "$97.33"], "probs": [[0.0014019724539418234, 0.35116826552338715, 0.6260095667946246, 0.021420195128046406], [0.001089531450861507, 0.3878741818459697, 0.5914220746002558, 0.019614212002913002], [0.0023915660248554705, 0.9424934536010985, 0.038900102839279846, 0.01621487743476615], [0.0021929273730962634, 0.9344376872771202, 0.046521496542183724, 0.016847888707599797], [0.0021639320038567954, 0.9220701045878401, 0.05041651901895726, 0.025349444289345796], [0.0021687499134233294, 0.895690853686562, 0.08074598717244998, 0.021394409127564674], [0.06639055956527204, 0.08524706277327906, 0.8215392888375579, 0.026823088723891043], [0.055172086681400896, 0.10802177519797646, 0.810745610395789, 0.026060527624833647], [0.17122563590464154, 0.35134181114988444, 0.3798744351791365, 0.09755811766633748], [0.36979913207314036, 0.23876629878351108, 0.31630708904950616, 0.07512747999384237], [0.18995959488758463, 0.3231421016387228, 0.36615495778967233, 0.12074334558402022], [0.3075978159596882, 0.25501197573972706, 0.3596192597983276, 0.07777094840225708], [0.2714806618186848, 0.13439478579584432, 0.548401082180783, 0.045723470104687886], [0.6545153332724292, 0.08452472184339621, 0.24457489224955223, 0.01638505253462242], [0.5271262427800106, 0.04259939784504284, 0.3566720716918457, 0.07360228758310085], [0.6364130614215397, 0.057375507698263654, 0.2531494890328477, 0.05306194174734893], [0.6551107798325515, 0.059991764346432046, 0.2335867979423454, 0.051310657778671054], [0.7345723131927102, 0.11265357918368508, 0.05490151955834927, 0.09787258796525544], [0.150107375522178, 0.1366763175891598, 0.6221735158912124, 0.09104279089744978], [0.33898110911655965, 0.10501381362618104, 0.533295373069982, 0.022709704087277315], [0.36397008728432984, 0.07995628266889923, 0.38143910532954994, 0.174634524617221], [0.5805167511976635, 0.08628839934284581, 0.2616617957862186, 0.07153305357327197], [0.637847101704802, 0.0948114434232581, 0.2070795816318893, 0.06026187314005057], [0.7011988397388417, 0.18292625859910971, 0.030808937834402247, 0.08506596372764633]], "ideal": "D", "sampled": "C", "correct": false}}
{"type": "result", "data": {"idx": 8, "options": ["It will be reclassified as an asset held for sale.", "It will be classified as a current asset.", "It will no longer be depreciated.", "It will be valued at historical cost."], "probs": [[0.05459710765595879, 0.6651814802317972, 0.24089763373737094, 0.039323778274872954], [0.04106312372493647, 0.5002910196107406, 0.4212587820312061, 0.03738707453311684], [0.08917602006061007, 0.03081902022415037, 0.833012944887069, 0.0469920147281705], [0.10622625836497086, 0.03342717525560361, 0.7490243342851023, 0.11132223199432324], [0.07227674494007753, 0.11194814156636944, 0.7770890783514569, 0.03868603504209608], [0.04692863217963216, 0.5717836064036098, 0.31084120239982255, 0.07044655891693545], [0.4591440004689058, 0.018952077429262745, 0.3632287416544613, 0.15867518034737016], [0.22834582071610746, 0.020267651854888376, 0.6817455125985805, 0.06964101473042367], [0.7949125573476036, 0.02438335992713878, 0.08120745968063033, 0.09949662294462736], [0.7570598456082158, 0.014085026141706723, 0.16372934698844235, 0.06512578116163507], [0.7403810757474263, 0.06077792980618087, 0.11178469864995329, 0.08705629569643951], [0.8055416048831957, 0.037093387432166024, 0.09621094524684105, 0.06115406233779725], [0.13363243663023802, 0.02322239991645451, 0.7453778399254394, 0.09776732342786804], [0.13881984623178012, 0.011395487224759209, 0.7743098886472795, 0.07547477779618118], [0.2691387473715204, 0.5437240478510418, 0.1037638387629076, 0.08337336591453019], [0.1890300838315714, 0.5059120729940676, 0.24272394539557476, 0.06233389767878625], [0.36306570329111465, 0.23812625696834333, 0.11604624672735994, 0.2827617929131821], [0.23203395629854676, 0.048638582304509716, 0.6714456009951741, 0.04788186030176933], [0.10669054199042684, 0.031049614781039514, 0.8134138694537549, 0.04884597367477872], [0.11118115835657473, 0.0087088777638662, 0.5825746839353683, 0.2975352798441908], [0.2581077092799218, 0.563828381356209, 0.13390817588418402, 0.04415573337968502], [0.219048947889987, 0.586277129391355, 0.15778076705912267, 0.03689315555953537], [0.24825512980072761, 0.10512435905140041, 0.087147746396935, 0.559472764650937], [0.17308682201561978, 0.029153659936850564, 0.7518970369540766, 0.045862480993453]], "ideal": "D", "sampled": "B", "correct": false}}
{"type": "result", "data": {"idx": 9, "options": ["$28,000", "$132,000", "$160,000", "$188,000"], "probs": [[0.15058145598670591, 0.24828506623490135, 0.43574659979813624, 0.1653868778802565], [0.21237411776484047, 0.18166778709162862, 0.27700480403209105, 0.3289532910114399], [0.15541672430775788, 0.03634379343034352, 0.7650817038348998, 0.04315777832699879], [0.2155281289039485, 0.08440870727940185, 0.33909582835698804, 0.3609673353596616], [0.1708089106701537, 0.05545603090172757, 0.6651592229194401, 0.10857583540867867], [0.13408710211016958, 0.05589938598199792, 0.4982326383938029, 0.3117808734140296], [0.20790320264079526, 0.18349070694780906, 0.40708922676343784, 0.20151686354795786], [0.17787481577592323, 0.16711282479413897, 0.3707520906144356, 0.2842602687155022], [0.26863838640498444, 0.09284506476424119, 0.4226541739173714, 0.21586237481340295], [0.41211826219190034, 0.18288792940468473, 0.24610197908357406, 0.15889182921984082], [0.2334629304560489, 0.0794367768903435, 0.46432384977253227, 0.2227764427810753], [0.29687084417634013, 0.08914074647396128, 0.5129817494394211, 0.10100665981027747], [0.15294520555397276, 0.12099602072221055, 0.6241739391656405, 0.10188483445817623], [0.11498070130650603, 0.15964748019929595, 0.3711873354051513, 0.3541844829890467], [0.06885773226139111, 0.40250352302242803, 0.4284561584751601, 0.10018258614102078], [0.1444394033675442, 0.5121189569826192, 0.1797685191027969, 0.1636731204470397], [0.13363314964577636, 0.11979463516773935, 0.4592133095518494, 0.2873589055346349], [0.2089666081241926, 0.18156207690296236, 0.5092071180458678, 0.10026419682697718], [0.17909246147592675, 0.08728816844281378, 0.5516999794974572, 0.18191939048380223], [0.1696850679879773, 0.10619511408078322, 0.4070874446903297, 0.31703237314090976], [0.2157931476615643, 0.20273345706819712, 0.37875095006016263, 0.20272244511007595], [0.25750593499525953, 0.2535290235114942, 0.37469510915235865, 0.11426993224088765], [0.22313675282154313, 0.11046862601129201, 0.35659080740223764, 0.3098038136649272], [0.3171881484249165, 0.20802794704782807, 0.32727426774916, 0.1475096366780954]], "ideal": "C", "sampled": "B", "correct": false}}
{"type": "result", "data": {"idx": 10, "options": ["$100", "$2", "$500", "$200"], "probs": [[0.7714391859806116, 0.048554073471704186, 0.09070869432925796, 0.08929804611842627], [0.5426909326964328, 0.07230927794448645, 0.3092252611804727, 0.075774528078608], [0.4833413072072999, 0.03138683562254038, 0.4134314321623608, 0.07184042490779896], [0.34123474221895955, 0.027576792328165206, 0.5804704493391964, 0.05071801601367874], [0.5793766618696323, 0.02709898372046402, 0.345967688717865, 0.047556665592038735], [0.6859889370266209, 0.03208561121777667, 0.1846368839914905, 0.09728856766411198], [0.3038670009120297, 0.09562111288764351, 0.17863711047483102, 0.4218747756254957], [0.23907615776374674, 0.09659850067272022, 0.43973703170798006, 0.22458830975555297], [0.25048977647337967, 0.015521029326874844, 0.5645005222022521, 0.16948867189749336], [0.10283231571392072, 0.013279863421634218, 0.7598495362335533, 0.12403828453089172], [0.11234977848559673, 0.016440616158730412, 0.817304367905629, 0.05390523735004389], [0.22561878926714007, 0.0636421534079311, 0.2477991210154045, 0.46293993620952434], [0.6882001013447469, 0.02930959555966763, 0.253184022943925, 0.029306280051660517], [0.7053191941873596, 0.035118626719839015, 0.21850893412540567, 0.04105324486739578], [0.3516760517236396, 0.053096950015919804, 0.5116979713142021, 0.0835290268462385], [0.22625170082857948, 0.04596766644869147, 0.6445487405089072, 0.08323189211382186], [0.6710850970754852, 0.03845959371276764, 0.2507793447187482, 0.0396759643929989], [0.5878591295993676, 0.03530696634454879, 0.3246596620232936, 0.05217424193278997], [0.5620558689850028, 0.15854587676889095, 0.2417440193130023, 0.03765423483310397], [0.46066880455960757, 0.2109230630828778, 0.2044269320505915, 0.12398120020692312], [0.12676748702953883, 0.027847385186789763, 0.8138310357887314, 0.03155409189493997], [0.38936367336966377, 0.0842098810870936, 0.3080175793755671, 0.2184088660676755], [0.5177931343333634, 0.030615740433723063, 0.3970184742118806, 0.05457265092103289], [0.3262198622034708, 0.03281037264656946, 0.5815618200345055, 0.05940794501545422]], "ideal": "D", "sampled": "A", "correct": false}}
{"type": "result", "data": {"idx": 11, "options": ["$0", "$15,000", "$20,000", "$40,000"], "probs": [[0.006006567213950766, 0.34910130155920227, 0.6031982839122881, 0.04169384721455887], [0.010722356577725214, 0.2517894442888436, 0.6738265582680063, 0.0636616407654249], [0.030438572270367482, 0.140748701299045, 0.7974077597959879, 0.031404966534599656], [0.013402807297491133, 0.34031007862098495, 0.5972616208504344, 0.04902549313108952], [0.018647621920152454, 0.0539591731312812, 0.8985111816758937, 0.028882023172672654], [0.009226959816506477, 0.1398947630612197, 0.7925621205748729, 0.05831615644740091], [0.10914866401535425, 0.24215942122646705, 0.6183822623725905, 0.030309652285588136], [0.11776077219735688, 0.08482087023508796, 0.7213858042806602, 0.07603255318689488], [0.3667921187010353, 0.29937091968630614, 0.30887628116328986, 0.024960680349368707], [0.1700812869718415, 0.3032067704523134, 0.4921573679694212, 0.03455457450642384], [0.26563061270555727, 0.5536356774028213, 0.14900838392259153, 0.0317253258690299], [0.1450473351812527, 0.5560343202835735, 0.27959242147847074, 0.019325922956703063], [0.5547875947438027, 0.04554037156939834, 0.3582072675758967, 0.041464766010902196], [0.33493431026761145, 0.04063278642277651, 0.5697558884225449, 0.054677014787067144], [0.7744233181941055, 0.11510931066813963, 0.09693276348575845, 0.01353460755199649], [0.4431464530452925, 0.1174237993075476, 0.4163076726486821, 0.023122074898477767], [0.43790468079794587, 0.3925472453676943, 0.12944753322073285, 0.040100540513627], [0.5380630632936877, 0.32130042553126115, 0.12387235039391101, 0.016764160681140106], [0.646406870836752, 0.04907328497854271, 0.28240086836521644, 0.022118975719488898], [0.5999455026720866, 0.06423049709907316, 0.2834008731237647, 0.05242312700507553], [0.5793293940551854, 0.32498080806275775, 0.0725135309973566, 0.02317626678470026], [0.3067675312576368, 0.5218398706572915, 0.12788327370490907, 0.043509324280162624], [0.4186211775492935, 0.4319200176713095, 0.10099951778829508, 0.04845928689110194], [0.38100818221567917, 0.4055879459003971, 0.16645407861059167, 0.04694979317333207]], "ideal": "B", "sampled": "D", "correct": false}}
{"type": "result", "data": {"idx": 12, "options": ["Engagement performance.", "Risk analysis.", "Safeguarding of assets.", "Information processing."], "probs": [[0.6696792366285546, 0.17746258014234623, 0.028974758270017085, 0.12388342485908217], [0.755800133538663, 0.14426228510086261, 0.009665802192211673, 0.09027177906826267], [0.7752081390063797, 0.10491671668635572, 0.02131888357155651, 0.09855626063570806], [0.7356475789597732, 0.09801731473251359, 0.009706535782645171, 0.1566285704250681], [0.6514429499396928, 0.10972554805960412, 0.020619034899466586, 0.2182124670012366], [0.7250192382569185, 0.09074859591977165, 0.017321973133934264, 0.16691019258937553], [0.7555120300142159, 0.08216636963793796, 0.03704239206936942, 0.12527920817847682], [0.8153755193195934, 0.08868208014610118, 0.008645308635255863, 0.0872970917990495], [0.9055782625856316, 0.039174302565458785, 0.009452728317818192, 0.045794706431091424], [0.9139450821631087, 0.04079298689848914, 0.005106467772161186, 0.04015546306624095], [0.9262418166396343, 0.02212885727060288, 0.01029143829791535, 0.04133788769184742], [0.8739604017444812, 0.021880776339988608, 0.04560719565910588, 0.05855162615642427], [0.6943848675617668, 0.1284554403056057, 0.040428310066123574, 0.13673138196650395], [0.6900403166353334, 0.10582554743390951, 0.015488572077237426, 0.18864556375351962], [0.8265047822532713, 0.08576720366825805, 0.01662946895771083, 0.07109854502075981], [0.8972524286640102, 0.05473630058375609, 0.00604663967592436, 0.0419646309763093], [0.8224487149265746, 0.048627044287816036, 0.01934621492586439, 0.10957802575974504], [0.8588925635305211, 0.033303739191184095, 0.01728013976340627, 0.09052355741488849], [0.07430114898527827, 0.30322880722656603, 0.1225324497975096, 0.49993759389064607], [0.10723264114854889, 0.3251994130733474, 0.10894726554901456, 0.4586206801290892], [0.11954705148752266, 0.35142400071778346, 0.08479428846000914, 0.44423465923468475], [0.11182341973460756, 0.2811580362893676, 0.15773600690879616, 0.44928253696722864], [0.12218565111683798, 0.3480900331414353, 0.06855836714292536, 0.4611659484988014], [0.15971475362030663, 0.31767307762089336, 0.08159458393250793, 0.44101758472629204]], "ideal": "A", "sampled": "B", "correct": false}}
{"type": "result", "data": {"idx": 13, "options": ["$18,000", "$22,500", "$25,000", "$40,500"], "probs": [[0.11566342239916881, 0.3453184612447641, 0.34531372267557553, 0.19370439358049152], [0.1051040487677873, 0.2295777006028955, 0.3041379885431071, 0.3611802619862101], [0.11672128202294928, 0.21136120201748892, 0.5656414494996074, 0.10627606635995446], [0.07992352842200492, 0.11998192666693973, 0.4187825775764293, 0.38131196723462607], [0.07447259594975014, 0.3235058961669244, 0.45621202672136346, 0.14580948106196204], [0.08738793533198728, 0.31470969384165154, 0.3566079186731326, 0.2412944520532286], [0.18863200577303918, 0.2618976455099455, 0.3110089805110528, 0.23846136810596252], [0.1545836352340317, 0.17517264446611822, 0.3429726412992327, 0.32727107890061735], [0.18377189336369526, 0.21152618525297154, 0.38302364941581446, 0.22167827186751876], [0.13851504232861822, 0.16194436193790393, 0.3824631926401932, 0.31707740299328463], [0.1460240737642631, 0.24455406530575, 0.39695148473133346, 0.21247037609865344], [0.12405198811244221, 0.27096173164519083, 0.4004554152088253, 0.20453086493354167], [0.1169658676535663, 0.27195882330126936, 0.4212180438163859, 0.18985726512877846], [0.07507636806766789, 0.13176498716802565, 0.38728140049512383, 0.40587724416918264], [0.10890125563323205, 0.3102373205577834, 0.33544269450709563, 0.24541872920188884], [0.09038740126220313, 0.25350391106741044, 0.2872555468017037, 0.36885314076868275], [0.07186290513954804, 0.31216588148086083, 0.39461305145530023, 0.22135816182429088], [0.06312715818467803, 0.32563888052905965, 0.43140141866061205, 0.17983254252565026], [0.15390193460832807, 0.3013399541076681, 0.3809263407803125, 0.1638317704036913], [0.1497286006577669, 0.2754058919692571, 0.312071362466342, 0.262794144806634], [0.21419266821653518, 0.3068316119676191, 0.33175970603604193, 0.14721601367980378], [0.18027788398847244, 0.3315979241993231, 0.321390300957012, 0.16673389075519246], [0.2260519794580196, 0.27268399972918705, 0.31385325447003926, 0.1874107662427541], [0.15474029575560155, 0.3029823438363336, 0.40138139130846484, 0.14089596899959997]], "ideal": "B", "sampled": "B", "correct": true}}
{"type": "result", "data": {"idx": 14, "options": ["$100 billion", "$80 billion", "$20 billion", "$10 billion"], "probs": [[0.20116719601526842, 0.32148391005162236, 0.3369066416880348, 0.14044225214507441], [0.25823410958100723, 0.3264607440136137, 0.27490090911469256, 0.14040423719068656], [0.15464120130099243, 0.059621779378487, 0.6310889931874732, 0.15464802603304734], [0.280165550977544, 0.11863664448090673, 0.2982495404612081, 0.3029482639803412], [0.08278963883638622, 0.028612131836260386, 0.7855631273221594, 0.10303510190519405], [0.147532890795829, 0.08810196553475896, 0.30273403812200295, 0.4616311054474091], [0.2905977026738544, 0.2646065016629957, 0.3344936022648461, 0.1103021932983038], [0.32627243043402787, 0.274766298167992, 0.28794902774754344, 0.11101224355043667], [0.21977946569397178, 0.05302585387120346, 0.5612850889241642, 0.16590959141066058], [0.31172423854949616, 0.09072168712777863, 0.2708449600922309, 0.3267091141304943], [0.150472746965956, 0.0392545652266963, 0.6045841641631846, 0.20568852354416312], [0.28229239123850935, 0.06705357733177357, 0.22684112726933447, 0.4238129040603826], [0.05623080120016984, 0.09127441789773359, 0.6435626217139766, 0.20893215908811993], [0.11189586423243093, 0.18739802481139403, 0.46381457728640924, 0.2368915335697658], [0.03891121034737583, 0.3157881345088682, 0.4316255240786144, 0.21367513096514157], [0.07869216933344567, 0.3112500657481958, 0.4059384620460012, 0.2041193027723573], [0.040683623008234845, 0.04068453942972328, 0.48797954143006655, 0.4306522960319753], [0.040805767305456195, 0.04276550837702666, 0.5903867350586933, 0.3260419891588239], [0.032039622630116865, 0.05536074005166911, 0.7524094924633101, 0.16019014475490387], [0.04738277408227834, 0.20582904839673413, 0.44259457774182454, 0.30419359967916293], [0.025211010783166895, 0.2976912933433353, 0.4264144412184306, 0.25068325455506724], [0.027935223599085613, 0.2865903371908208, 0.47250056174049576, 0.21297387736959789], [0.04646128632352217, 0.13655957120395495, 0.38298322462614753, 0.4339959177463753], [0.02790537274402701, 0.06799665799803936, 0.6351569258802189, 0.2689410432777148]], "ideal": "C", "sampled": "B", "correct": false}}
{"type": "result", "data": {"idx": 15, "options": ["Receivable confirmations received from the client\u2019s customers.", "Prenumbered receiving reports completed by the client\u2019s employees.", "Prior months\u2019 bank statements obtained from the client.", "Municipal property tax bills prepared in the client\u2019s name."], "probs": [[0.012282422108598203, 0.6011786605847014, 0.12799500237603365, 0.2585439148306668], [0.01901587604310541, 0.3760604752952294, 0.3424065017057949, 0.2625171468558703], [0.012394458746851123, 0.012590524511485894, 0.8555666685496777, 0.1194483480919853], [0.016416722876395864, 0.02351704980287773, 0.4650568356923305, 0.4950093915283959], [0.01557010091734287, 0.4143405695182933, 0.3226909149272593, 0.2473984145371045], [0.008484795815167655, 0.4705781708273318, 0.12468978947182015, 0.39624724378568044], [0.9624447019402218, 0.010860780951600401, 0.012307020570726199, 0.014387496437451557], [0.9147768615761553, 0.020852994171679882, 0.03717456012592503, 0.027195584026239717], [0.9642369782118255, 0.013754959268069742, 0.007136155877055958, 0.014871906543048813], [0.9261262848986731, 0.03169201799454122, 0.023551898007191818, 0.0186297989995939], [0.9102183299745071, 0.04191368689047907, 0.014713328809365926, 0.033154654225647874], [0.855170640675116, 0.0680395743292014, 0.042578778599314436, 0.03421100629636826], [0.18416212840328766, 0.031019587644432717, 0.6950646171594601, 0.08975366669281955], [0.4957081936123857, 0.0592069844901439, 0.27377095611806623, 0.17131386567940413], [0.46325402929560294, 0.2944864895516465, 0.057986821325432376, 0.18427265972731818], [0.17348333347654502, 0.4430470035172145, 0.2604504622426376, 0.12301920066360285], [0.1973449870944492, 0.4243916539096255, 0.07260323261039185, 0.3056601262855334], [0.10714397072787471, 0.26938200596370127, 0.5274309037269179, 0.09604311948150612], [0.04194221163272351, 0.011831037390474794, 0.6769680799657524, 0.26925867091104927], [0.14973172934391638, 0.02157170009025499, 0.25471234983261326, 0.5739842206332153], [0.26869675314200564, 0.30449813374441087, 0.05374602187821725, 0.3730590911353662], [0.24286228777814606, 0.30702496029383763, 0.21101455702779387, 0.23909819480022243], [0.16172035277836122, 0.3879744467939555, 0.06235176417132211, 0.3879534361563612], [0.0895957194954287, 0.05876087352969089, 0.7620487155595663, 0.0895946913153141]], "ideal": "B", "sampled": "B", "correct": true}}
{"type": "result", "data": {"idx": 16, "options": ["$10,000", "$25,000", "$44,000", "59000"], "probs": [[0.0427125912659923, 0.24583442323555085, 0.5044419131337671, 0.20701107226468973], [0.05106804557429717, 0.06160618410095066, 0.7990781723585213, 0.08824759786623089], [0.08923522035936733, 0.17749544279717172, 0.4750091049349246, 0.25826023180853636], [0.07791389466107161, 0.11516877176825299, 0.5849192098321776, 0.2219981236384978], [0.024259688646561257, 0.45788625475134925, 0.31469551135967205, 0.20315854514241743], [0.04151286589206233, 0.4752572980954567, 0.28822717685723703, 0.19500265905524394], [0.11327293499576495, 0.051062550691900355, 0.4921127823321516, 0.34355173188018306], [0.06060983635083047, 0.02030338043254833, 0.7985404863997803, 0.12054629671684097], [0.14660767117109563, 0.1942579601318621, 0.2962049620894699, 0.3629294065075724], [0.15431827415607485, 0.15923738544444835, 0.5221513638434964, 0.16429297645598037], [0.06936562060616158, 0.3750883638483707, 0.1976534724037881, 0.3578925430416796], [0.0975605681804525, 0.32499905933171375, 0.3740700725230513, 0.20337029986478247], [0.11190241740869661, 0.07003726168822123, 0.33940235282666475, 0.47865796797641735], [0.07225688546173412, 0.07573679833846896, 0.595777749955681, 0.25622856614411593], [0.12987852675861092, 0.2075801435313729, 0.26240725495607825, 0.40013407465393797], [0.11091885631972861, 0.2008801981540295, 0.5292896588415379, 0.15891128658470394], [0.062216613203709095, 0.35257646306588925, 0.30631723882801876, 0.2788896848023829], [0.08579127617501528, 0.2727004031966678, 0.422389066510714, 0.21911925401760293], [0.04664799362038031, 0.06788135760874127, 0.435818146014524, 0.44965250265635437], [0.08841987830141936, 0.06270893755984462, 0.3781857248492206, 0.47068545918951543], [0.07863133910610728, 0.3110448327038131, 0.25786935512022313, 0.35245447296985644], [0.0734494964035172, 0.2262732645235786, 0.49425111791747744, 0.20602612105542678], [0.1181291972915179, 0.2924332407549619, 0.2970245568760606, 0.2924130049774596], [0.08492277435224233, 0.274185921609015, 0.39893814322925547, 0.2419531607094872]], "ideal": "C", "sampled": "D", "correct": false}}
