{"type": "result", "data": {"idx": 0, "options": ["Aging is related to an increase in vaginal lubrication", "Aging is associated with an increase in the frequency and number of orgasmic contractions in both sexes", "There is no significant relationship between aging and sexual responses in either sex", "Aging is related to some loss of erectile rigidity in the male"], "probs": [[0.0052840433273820785, 0.0007855035808263344, 0.0025354599615158044, 0.9913949930302758], [0.021882539612846804, 0.007863754405785012, 0.5823563336743693, 0.3878973722069988], [0.0030133108489807285, 0.0004375851072719312, 0.00431654327991595, 0.9922325606638314], [0.020162703791299544, 0.003587127487634108, 0.9271201639373545, 0.049130004683711835], [0.007076339093776381, 0.9196790763432092, 0.02450843954739049, 0.04873614491562386], [0.012693674626729295, 0.9040052659287185, 0.02816398554231342, 0.05513707380223866], [0.005534147320303088, 0.0008356061914303044, 0.0028712178834115363, 0.9907590285048551], [0.020924891483618167, 0.010358586505623546, 0.6309949482204109, 0.33772157369034733], [0.004651181968574321, 0.0004293328188058347, 0.006066604651863101, 0.9888528804607567], [0.027108089604334813, 0.00283515216386944, 0.8839062919882533, 0.08615046614354238], [0.014595601978101627, 0.7724093937922745, 0.032384046022038634, 0.1806109581075853], [0.014236512844418278, 0.847125247124974, 0.02578103773954464, 0.1128572021910631], [0.002543991252681241, 0.00046697409915467106, 0.002210352181539215, 0.9947786823666249], [0.015975686889593912, 0.014775228772107931, 0.8455363497872848, 0.12371273445101343], [0.002465640974005269, 0.0003086601893015648, 0.0024657741531503795, 0.9947599245835428], [0.016562554428259, 0.0036385669912936767, 0.8630175674781884, 0.11678131100225897], [0.025206638247422888, 0.9026584463788361, 0.020414576083883786, 0.05172033918985729], [0.01132956398764296, 0.9581984833864683, 0.01089624005779336, 0.019575712468095353], [0.973006146181594, 0.005969761143233839, 0.004797060297823591, 0.016227032277348563], [0.9645320860672475, 0.005061820813886462, 0.007365076880047412, 0.023041016138818652], [0.9746700764858188, 0.004375038310390663, 0.004444124286335063, 0.016510760817455436], [0.9758087752347046, 0.0028503480009456216, 0.004810991872395253, 0.01652988479195451], [0.9521441217358496, 0.004375493316491989, 0.009335710082599882, 0.034144674765058544], [0.980742543967123, 0.001984416671401828, 0.004334438399431421, 0.012938600862043712]], "ideal": "D", "sampled": "D", "correct": true}}
{"type": "result", "data": {"idx": 1, "options": ["\u201cBlank slates\u201d", "Less intelligent than adults", "\u201cLittle scientists\u201d", "Shaped by culture"], "probs": [[0.0004294891578366324, 0.0003371234073622158, 0.9971194331570818, 0.002113954177719314], [0.00014749585473517165, 0.00011577746724846693, 0.0011332675302153385, 0.998603459047801], [0.0015043397859864274, 0.9851159136185975, 0.006637862605733866, 0.006741883889682176], [0.0011039232561841953, 0.9880770587871042, 0.006452981552392614, 0.004366036304318967], [0.00017658876918457574, 0.00012328681147852954, 0.0007434818983064265, 0.9989566424210304], [0.0013186163259420324, 0.0022082998953937677, 0.9938913857967671, 0.0025816978818970784], [0.0006854899345932877, 0.0009517266624539437, 0.9959325535391229, 0.0024302297638298742], [0.00016200286949092992, 0.00011578658888177691, 0.0010319251259006197, 0.9986902853157267], [0.0006272056573688394, 0.9929810896084332, 0.003812318719092334, 0.002579385915105555], [0.0005277100711592135, 0.9921200860080652, 0.004815003363477173, 0.0025372004572984013], [0.00022647628702730782, 0.00016570752228562533, 0.0018094413609963124, 0.9977983747296908], [0.00069116085746267, 0.0007415246873154111, 0.9963536360108058, 0.0022136783444160974], [0.9986871807713839, 0.0003917197358415213, 0.0004336235171147731, 0.0004874758756598694], [0.9987497062872859, 0.00036514353745001235, 0.0004235921509024114, 0.0004615579243616638], [0.9986579641491727, 0.0004041410133276084, 0.0004579869975761103, 0.0004799077399234826], [0.9986064724225616, 0.00041048355540238376, 0.0004761913587234182, 0.000506852563312572], [0.9985616587954894, 0.00044035826773596004, 0.0004990154872517291, 0.0004989673495229379], [0.9987231015996383, 0.00037379478899217497, 0.0004269049437380427, 0.00047619856763147405], [0.0002548101673060048, 0.00030260831765235337, 0.0009541914568313878, 0.9984883899582102], [0.001760703514853856, 0.007768607295346689, 0.9862470105415352, 0.004223678548264298], [0.0002262679831135311, 0.00022104109577185597, 0.002671725540527738, 0.9968809652805869], [0.00026483683023028834, 0.0003793739388373451, 0.9980108953920717, 0.0013448937388606894], [0.0033108768518840376, 0.9849507074057879, 0.007520256923873597, 0.00421815871845437], [0.0020311971873343713, 0.98850286203663, 0.006064375974540919, 0.003401564701494729]], "ideal": "C", "sampled": "C", "correct": true}}
{"type": "result", "data": {"idx": 2, "options": ["about 68% of the observed scores for the test population lie within 15 points of the mean score", "about 68% of the individuals with a given cure score will have observed scores within 15 points of the true score", "about 15% of the scores are in error (i.e., they are not measuring the trait reliably)", "differences of up to 30 points represent the same true score"], "probs": [[0.9759003232008074, 0.010843301534194463, 0.005804430876604657, 0.007451944288393445], [0.9682689213465985, 0.013599580950796749, 0.005941681039495735, 0.012189816563108987], [0.9667699018205039, 0.00738250999700515, 0.017989309664958604, 0.007858278417532298], [0.9212027242231409, 0.00946631444614729, 0.007606991555032626, 0.0617239696756792], [0.854175297302447, 0.06384593009884226, 0.06092499341485881, 0.021053779083851917], [0.8690473894894879, 0.04606567622342821, 0.010120001460307603, 0.07476693272677633], [0.9862830794052323, 0.004095200513655963, 0.0038471618341176447, 0.005774558146994049], [0.9819220817249903, 0.005234810944948921, 0.004077084793586715, 0.008766022436474034], [0.9862580597906021, 0.003907456882817192, 0.003969133725915435, 0.005865349500665245], [0.9854077242496558, 0.003040464589773614, 0.0032876487954545015, 0.008264162265116073], [0.9761912567739373, 0.008715237662372633, 0.004247722311301034, 0.010845783152389078], [0.9700795068015016, 0.007643174578611002, 0.00478318718580124, 0.01749413133408619], [0.07587446847079862, 0.3296517655746653, 0.5185971143636716, 0.0758766514908645], [0.04020565092621238, 0.47486795051567465, 0.08513196002135619, 0.39979443843675677], [0.03079121135669713, 0.8455808447806733, 0.06519779497306093, 0.05843014878956859], [0.022979405909993502, 0.8491224376844831, 0.07190638552183472, 0.05599177078368862], [0.13043443436196533, 0.03978453157168529, 0.5579050639977129, 0.27187596996863644], [0.03423763945168314, 0.010944102386457088, 0.9255316022531587, 0.029286655808701097], [0.07156294583558663, 0.18856874106428825, 0.5542343258303493, 0.18563398716977583], [0.0744320065745784, 0.3664826384102893, 0.050373013119335265, 0.508712341795797], [0.010596375950842842, 0.9392515454964291, 0.026642412043836845, 0.02350966640889117], [0.011832413885204042, 0.9401495210592314, 0.026254385022500694, 0.021763679933063784], [0.04572715309676871, 0.009737457301925144, 0.6934135665312186, 0.2511218229700876], [0.021308430622975112, 0.004537456106423523, 0.9349592361133835, 0.03919487705721784]], "ideal": "B", "sampled": "B", "correct": true}}
{"type": "result", "data": {"idx": 3, "options": ["An Apgar", "A teratogen", "Only a problem in the first 6 weeks", "A controlled substance"], "probs": [[0.0009378134918168562, 0.9968384548723552, 0.0005777821905615319, 0.0016459493452663505], [0.0015453869460827923, 0.9963363248561403, 0.0007650552310687174, 0.0013532328667081965], [0.0010150364145838841, 5.507928549029174e-05, 0.9978150598264112, 0.0011148243735146835], [0.0008691703878872318, 4.465856414878653e-05, 5.733869525365123e-05, 0.9990288322527103], [0.0012054966119362952, 8.940834272842582e-05, 0.9979082987697612, 0.0007967961755740461], [0.0009847826006507525, 4.034011423348891e-05, 8.148203173213418e-05, 0.9988933951533836], [0.999596658068959, 7.78200194246249e-05, 8.95670020927522e-05, 0.00023595480952353439], [0.9995826752368084, 8.956925787843827e-05, 0.00012435111770216353, 0.0002034042876109737], [0.9995181373567623, 9.534049835729416e-05, 0.00013339747852093362, 0.00025312456635947063], [0.9996072586116558, 8.41478753583194e-05, 0.00012338675072313368, 0.00018520666226276068], [0.999610465558599, 8.349172622978335e-05, 0.00010888954873058123, 0.00019715306644066145], [0.9996167243759039, 7.905087957010284e-05, 9.761001974218538e-05, 0.00020661462478378345], [0.0007311813620238745, 5.864279037230959e-05, 0.997926862948122, 0.0012833127994816976], [0.0007670833470545268, 6.009482949567505e-05, 9.830431805214378e-05, 0.9990745174053977], [0.00042652005011895695, 0.9979983197412102, 0.0007844914975699324, 0.0007906686111008205], [0.00046851376152996804, 0.9981603168544363, 0.0005026514180539916, 0.0008685178659797076], [0.0004653669169648321, 3.5892417868733506e-05, 0.0002250536567303794, 0.9992736869084361], [0.0009839891550437836, 6.85628367960167e-05, 0.9979937048524323, 0.0009537430557278454], [0.001132587163865497, 8.270316733980721e-05, 0.9980360943883626, 0.0007486151804320419], [0.0012839297709970597, 4.4290710240563e-05, 0.00012323443386106094, 0.9985485449849013], [0.0008352068465934216, 0.9981749312417884, 0.00048718975237142906, 0.0005026720592468117], [0.000655750368968696, 0.9984609091377086, 0.0003765777652828868, 0.0005067626280398466], [0.0007205277863675142, 3.644924608258646e-05, 0.0002650967686099152, 0.99897792609894], [0.0008961874398491082, 6.44301938438368e-05, 0.9982846910633076, 0.0007546912029994375]], "ideal": "B", "sampled": "B", "correct": true}}
{"type": "result", "data": {"idx": 4, "options": ["needs analysis.", "job evaluation.", "summative evaluation.", "formative evaluation."], "probs": [[0.9980320691010699, 0.00037062688190611854, 0.00041026009892133344, 0.0011870438181026365], [0.9984607034931524, 0.00033497666624378623, 0.000362209441991189, 0.0008421102986125702], [0.998303730926269, 0.00033492383154000845, 0.00032974297126765355, 0.0010316021709233438], [0.9981791432351291, 0.0004167608923810267, 0.00046493966174732744, 0.0009391561107425086], [0.9984832246960829, 0.00037662978266072775, 0.00027128841179326887, 0.0008688570094631408], [0.9984262017653106, 0.00035103524085999745, 0.0002979311110908581, 0.0009248317827384884], [0.0005344144528035792, 0.9969248598233357, 0.0010880282377120686, 0.0014526973861486987], [0.0003790631660007031, 0.997201024508299, 0.001054844172848398, 0.0013650680528519395], [0.0006973202054010696, 0.00025653256838035576, 0.9973733944718252, 0.001672752654393459], [0.0003192827945442542, 0.00010948345167408901, 0.0021480073685559635, 0.9974232262852257], [0.0009981650121725122, 0.00045700002534654853, 0.9966800406501786, 0.001864794212302354], [0.0006356089073354419, 0.00021124804102504318, 0.0007090735520679932, 0.9984440693995715], [0.00043618883289040807, 0.9969514061031806, 0.0012043696399787961, 0.001408035323950215], [0.0004289309510586814, 0.9958015853496968, 0.002046319458831768, 0.0017231641404127265], [0.0013206028917770235, 0.0004708828705245802, 0.9953687911360074, 0.002839723001690957], [0.0005021601616187091, 0.00016303029918329214, 0.0021812424241173895, 0.9971535670150806], [0.002346061419084253, 0.002420575607469687, 0.9919248887644424, 0.00330847410900361], [0.0009093227663876666, 0.001499181629887183, 0.00040351241923515914, 0.99718798308449], [0.0004503939108027588, 0.9977572666229579, 0.0008681771480111939, 0.0009241622182280767], [0.0004681724113712729, 0.9974087851557863, 0.0011319136184686088, 0.0009911287143737264], [0.0011481744028327516, 0.00027272294448680336, 0.9960712811235243, 0.0025078214291561684], [0.0010635867686786355, 0.00022645572052314896, 0.0010635904939688425, 0.9976463669168294], [0.001696908765964701, 0.00043242198630999364, 0.996092340551691, 0.0017783285960342498], [0.001263513212018154, 0.00030964231207720376, 0.00040385252456647154, 0.9980229918513381]], "ideal": "A", "sampled": "A", "correct": true}}
{"type": "result", "data": {"idx": 5, "options": ["a useful strategy for helping the client understand the present.", "a way for the client to avoid coming to terms with the present.", "\"the \"\"second layer\"\" of therapy.\"", "\"a way for achieving \"\"closure\"\" near the end of therapy.\""], "probs": [[0.7050423954823993, 0.03146572293526723, 0.2184197821093314, 0.04507209937300202], [0.8673476398226071, 0.03870958010128962, 0.023848777145860867, 0.07009400283024242], [0.6034524147917323, 0.3332668381131628, 0.037980897371578184, 0.0252998496235267], [0.7774807976545551, 0.1935334544912809, 0.0135884036413154, 0.015397344112848526], [0.7636822149765574, 0.025328219877937062, 0.0843565867889726, 0.12663297825653294], [0.7764697976949022, 0.01884076673942275, 0.17057336229714595, 0.03411607316852909], [0.004740053451850058, 0.9175440614746239, 0.055102441279495026, 0.022613443694031034], [0.004316127224760106, 0.946724539581651, 0.025626575475200034, 0.02333275761838884], [0.01156015207908661, 0.14759227370833902, 0.7978963709942023, 0.04295120311837205], [0.009634983581309872, 0.0618547974188641, 0.005238636318239686, 0.9232715825815864], [0.01067806118360985, 0.008447113367376722, 0.9612347393151752, 0.019640086033838152], [0.012207076083916135, 0.004780460099186488, 0.2735305070371668, 0.7094819566797306], [0.21368030564793056, 0.6685687699671949, 0.07501227184343423, 0.04273865244144024], [0.07703581366597041, 0.8545268313258089, 0.03873742703318958, 0.02969992787503112], [0.07521962275621354, 0.021890474195762434, 0.8344007620856131, 0.06848914086241095], [0.014860771619165956, 0.002464257417291266, 0.003937913110916054, 0.9787370577526268], [0.013170048598430312, 0.002804126858699444, 0.9676353250067997, 0.01639049943607056], [0.02489935963175202, 0.002583822877736339, 0.008472001759132795, 0.9640448156313788], [0.004882572372893987, 0.9451228678530973, 0.024411790843475323, 0.025582768830533335], [0.003607297934354027, 0.8965987346125496, 0.08739849549461827, 0.012395471858478165], [0.009647129551806138, 0.007751781853620663, 0.9537995900842976, 0.028801498410275562], [0.013633122285401901, 0.012220797717630742, 0.95580050649434, 0.01834557340262733], [0.011806120852937613, 0.02788252884856472, 0.9379071996224435, 0.022404150576054174], [0.008665010719550881, 0.8047860027694282, 0.059216799993112725, 0.1273321864179082]], "ideal": "B", "sampled": "A", "correct": false}}
{"type": "result", "data": {"idx": 6, "options": ["the efficiency of controlled memory processes", "metamemory skills, or knowledge about memory", "recognition memory", "the amount of factual memory knowledge available"], "probs": [[0.8870407938070174, 0.03439514338626233, 0.03958995639881963, 0.038974106307900686], [0.9326533390911085, 0.0334458772097345, 0.017083285947483023, 0.016817497651673993], [0.7994962363992266, 0.0804100128637674, 0.04801630260944859, 0.0720774480275574], [0.8474510816353139, 0.057671926622102805, 0.04154046499554942, 0.05333652664703386], [0.8715008095115822, 0.05930791554695166, 0.03432638647048502, 0.03486488837098119], [0.8455952620649639, 0.046967173154491434, 0.05665479690648794, 0.05078276777405668], [0.1511993453112842, 0.4881042685051698, 0.19720945347987795, 0.163486932603668], [0.1537848447269759, 0.6892649017132806, 0.09183365166508342, 0.0651166017946601], [0.10194251168116394, 0.0832046810425616, 0.6544722464280767, 0.16038056074819781], [0.2299814854329542, 0.2731228809250889, 0.2061637521502407, 0.2907318813917162], [0.059081759534350436, 0.03755508614697843, 0.7782859727302773, 0.1250771814883938], [0.2585709729319175, 0.13414825697612767, 0.2752589028091978, 0.33202186718275706], [0.4681311617045043, 0.17493249734876373, 0.19515298595791067, 0.1617833548888213], [0.4425255257577723, 0.1602769863569045, 0.26841397290588354, 0.12878351487943968], [0.29874770630875175, 0.1048722776589591, 0.4484881429514709, 0.14789187298081824], [0.5466497539927289, 0.18599192796277744, 0.09801293908569583, 0.16934537885879788], [0.20911404644181852, 0.052872971088911015, 0.6243199751968719, 0.11369300717239861], [0.39070587764191833, 0.08582743873591099, 0.3042971148142335, 0.21916956870793713], [0.6758724148250677, 0.22289069488394442, 0.06189601963604337, 0.03934087055494452], [0.6135009435174156, 0.1703716639948635, 0.1368997672525274, 0.07922762513519357], [0.667594544595349, 0.10399483956806377, 0.1883179543525797, 0.04009266138400756], [0.7314872958967934, 0.12129729601413876, 0.0759102724687922, 0.07130513552027569], [0.6566905925757844, 0.06502364526766256, 0.203445731057403, 0.07484003099915], [0.69915603833032, 0.09611388265973932, 0.0991706176875169, 0.10555946122242374]], "ideal": "A", "sampled": "A", "correct": true}}
{"type": "result", "data": {"idx": 7, "options": ["Parkinson's disease", "Vascular Dementia", "a right frontal lobe tumor", "Alzheimer's disease"], "probs": [[0.02144198618311258, 0.5530242764855653, 0.0848119011582214, 0.34072183607310075], [0.044647225240934126, 0.2569365558576668, 0.5190443512064707, 0.1793718675949284], [0.02893075549088243, 0.0716054368968532, 0.47429368160184027, 0.42517012591042413], [0.11844363503626325, 0.12413347228617422, 0.41997145186528934, 0.3374514407122732], [0.13139999401000402, 0.08223071254826993, 0.544676204890538, 0.241693088451188], [0.037472242812810246, 0.0627572436183158, 0.08578114604243905, 0.8139893674264349], [0.01476848063019657, 0.8450861875103045, 0.04077986943302308, 0.09936546232647586], [0.017679987835754973, 0.8519405300274633, 0.09410109562810517, 0.03627838640867652], [0.006243923576605414, 0.002995892844395892, 0.9267048683791986, 0.0640553150998001], [0.06333474470298935, 0.028548022674583104, 0.5140121904179801, 0.3941050421044474], [0.02017634786923539, 0.03378944931782453, 0.8059789747752901, 0.14005522793765], [0.06941310036023152, 0.12767651041876488, 0.044819305857808876, 0.7580910832631947], [0.008243582371836604, 0.8676243593235976, 0.06690602879770345, 0.057226029406862354], [0.006403752321690361, 0.9357436484839523, 0.03685451882321424, 0.020998080271143072], [0.012512540654172618, 0.012318724958144438, 0.8636421752573925, 0.11152655903029042], [0.05548673350402491, 0.2094139103907392, 0.3675491117585074, 0.3675502442467285], [0.009302173857201676, 0.01684435309360005, 0.864012165637765, 0.10984130731143336], [0.027792224553233727, 0.12652607855427303, 0.19293578091651603, 0.6527459158759772], [0.00683087508427123, 0.8947483633587711, 0.06583267694920147, 0.03258808450775618], [0.004138328659999878, 0.8937123545972443, 0.04590631714707125, 0.056242999495684586], [0.008173182428132251, 0.013060852225517828, 0.8468550031517772, 0.13191096209457276], [0.004806157362186916, 0.03721890722949459, 0.012862734926563996, 0.9451122003817545], [0.0040753990978432035, 0.005399032447607699, 0.936842969618178, 0.05368259873637109], [0.006959753870890944, 0.059193047403290726, 0.12929413269180823, 0.8045530659340101]], "ideal": "A", "sampled": "A", "correct": true}}
{"type": "result", "data": {"idx": 8, "options": ["unethical, because the client's needs were not addressed more directly", "unethical, because the psychologist should have delayed the trip and given the client an appointment for that afternoon", "unethical, because the psychologist should have called a physician directly", "ethical, because it was not possible to determine whether or not the client was being manipulative"], "probs": [[0.9872520249385214, 0.004501259081815446, 0.005429879915926893, 0.002816835963736327], [0.9771204958376126, 0.008067323198411957, 0.006089670347029134, 0.008722510516946301], [0.9911175581526788, 0.0025748026640564146, 0.003926326604451915, 0.002381312478812873], [0.9890091646199886, 0.0029573727612173467, 0.003797416196743312, 0.004236046322050788], [0.9849587985016766, 0.0034433797850867793, 0.007176672362875409, 0.004421149250361213], [0.9832625333823196, 0.0034374018914327927, 0.009343814253775064, 0.003956250372472507], [0.052384694261105494, 0.7819639050308488, 0.14240533885995024, 0.023246061748095452], [0.06942694374869353, 0.7823078936186475, 0.06835412723803468, 0.07991103529462423], [0.25635777946390453, 0.14837356847629488, 0.534374693937259, 0.06089395802254159], [0.04925357342496522, 0.619136711789707, 0.06946368002633925, 0.2621460346589885], [0.05606054652443624, 0.006801476403613409, 0.8238867723797777, 0.11325120459217268], [0.11298200907851477, 0.01034712084827369, 0.19522721300658413, 0.6814436569666275], [0.12710924350607936, 0.7315154616435342, 0.10873006202139399, 0.03264523272899248], [0.2794662065623965, 0.6010008341776685, 0.05418081107602097, 0.06535214808391399], [0.35173328135072757, 0.13350690303122015, 0.4516947067064733, 0.06306510881157891], [0.2524205568235046, 0.1068879268567033, 0.053746848170706144, 0.586944668049086], [0.18067793555645414, 0.009427911759662861, 0.6713586494776907, 0.1385355031061923], [0.3170557089481606, 0.01371562939948235, 0.06750789538690406, 0.601720766165453], [0.013604882590007328, 0.8550231122634888, 0.09011600442617387, 0.04125600062032993], [0.023472651154736807, 0.7534432789357721, 0.19049539628093792, 0.032588673528553165], [0.0515952263094688, 0.017554983625705275, 0.8199002206988313, 0.11094956926599464], [0.05081167439346431, 0.01065199541692087, 0.19177208821069128, 0.7467642418789235], [0.03931554249041732, 0.01358735786218632, 0.9089907042829297, 0.03810639526446663], [0.06013839996595111, 0.03822892116117119, 0.05829038405256021, 0.8433422947203175]], "ideal": "A", "sampled": "A", "correct": true}}
{"type": "result", "data": {"idx": 9, "options": ["clarify boundaries between family members in order to reduce enmeshment.", "work initially with the most differentiated family member.", "\"use a multiple-therapist team to prevent any one therapist from becoming \"\"triangulated\"\" into the family system.\"", "\"issue specific \"\"directives\"\" designed to counteract dysfunctional processes.\""], "probs": [[0.9796771115753717, 0.006298869112819227, 0.005141157351133175, 0.008882861860675814], [0.9767867844481306, 0.007939013588862438, 0.00745825510081277, 0.007815946762194131], [0.9621246312595778, 0.005902723220599557, 0.021931746141238394, 0.010040899278584198], [0.9628809053406376, 0.007704692405521538, 0.009739859591075671, 0.019674542562765164], [0.9656231136578114, 0.011599013762039116, 0.012541786106729232, 0.01023608637342025], [0.9685683552339014, 0.00920361438756278, 0.006325695937253223, 0.015902334341282614], [0.0034686132982276493, 0.976917370934091, 0.010036891783336173, 0.009577123884345158], [0.0024922320829985543, 0.9745210077614533, 0.012656758882898082, 0.010330001172650009], [0.012729960355479712, 0.006708232172514558, 0.9500238295175029, 0.030537977854502876], [0.006710733661403696, 0.0049097239303233335, 0.00784571737553428, 0.9805338249327387], [0.009619422569151003, 0.01399621649902149, 0.951040385548115, 0.025343975283712537], [0.006302885115761087, 0.009028526768463645, 0.0043319420928434795, 0.9803366459229318], [0.02441180279069912, 0.7959073677396746, 0.1361612659684588, 0.0435195634011675], [0.02356139681896439, 0.8569766606863368, 0.08353469255459586, 0.03592724984010295], [0.03211183192025853, 0.028784915144673753, 0.8544975962354568, 0.08460565659961088], [0.037901948020490316, 0.0867588281732403, 0.026049986411726008, 0.8492892372945433], [0.026815244126164282, 0.010178090700142303, 0.9306605776016904, 0.032346087472003016], [0.08132647176809764, 0.04781007445654, 0.22107738261920443, 0.6497860710561579], [0.003967140156000605, 0.9707632221409574, 0.016188708332469125, 0.009080929270572842], [0.004737655905616068, 0.9762419894664738, 0.01002986310466514, 0.00899049142324499], [0.011444174634206225, 0.016913425589118878, 0.9380059033657789, 0.033636496310895915], [0.007483998077147033, 0.008219649335710191, 0.004069030875192127, 0.9802273216119506], [0.017461585188790867, 0.007510239986670833, 0.9386344312314193, 0.03639374349311902], [0.0304530285513704, 0.015075572030096577, 0.06447062724797642, 0.8900007720705566]], "ideal": "A", "sampled": "A", "correct": true}}
{"type": "result", "data": {"idx": 10, "options": ["A true experiment", "A cross-sequential cohort design", "A natural experiment", "A cross-sectional cohort design"], "probs": [[0.0855893367092054, 0.774983538610712, 0.0883182681520914, 0.05110885642799122], [0.13229542575063302, 0.7380137818905668, 0.09237411342012675, 0.03731667883867345], [0.08404818764888834, 0.047149668496049915, 0.8101220575259743, 0.058680086229087366], [0.08334229388939625, 0.10870925433089505, 0.3976530493306994, 0.4102954023490093], [0.06310475617016123, 0.31065618988745247, 0.5714070200348698, 0.05483203380751652], [0.09637785630172925, 0.5130151471503025, 0.18008126182482934, 0.21052573462313887], [0.5912122505605492, 0.09354884573072329, 0.23888880612216634, 0.07635009748656123], [0.5068695620219114, 0.09674417370699248, 0.3222117769725539, 0.07417448719854222], [0.6826638742401787, 0.06450181790343537, 0.20181104750854845, 0.051023260247837494], [0.5132608298460293, 0.08379223754628484, 0.3065042426911998, 0.09644268981648609], [0.7168501721626441, 0.17027886463904593, 0.08834151309354102, 0.024529450004768902], [0.6045045671900228, 0.20568437259273126, 0.10671025195514225, 0.08310080816210365], [0.03736366400798912, 0.02691337516100863, 0.8913489149243295, 0.044374045806672695], [0.032684304547415916, 0.07964658914410151, 0.3920478013968574, 0.49562130481162514], [0.038737098603697374, 0.8154853368912344, 0.10048851852820405, 0.04528904587686419], [0.06634100624763667, 0.7359510173054358, 0.1201450544497188, 0.07756292189720877], [0.06322855077754262, 0.47460907490661913, 0.32619226768532034, 0.13597010653051794], [0.04241069017518631, 0.28535497079411554, 0.5587268450344911, 0.11350749389620707], [0.07883921096342865, 0.028555025474017965, 0.8476811875510911, 0.04492457591146223], [0.145588017043278, 0.03798125853670966, 0.5081907737428235, 0.30823995057718884], [0.15778503702037053, 0.7296742607859033, 0.057151853500841725, 0.05538884859288445], [0.1807061339365815, 0.6714745409091252, 0.06245756567983887, 0.08536175937445445], [0.24977673680734577, 0.04142030716057285, 0.4666856544247201, 0.2421173015073613], [0.07980247095643374, 0.025112077910365974, 0.8060522179249715, 0.08903323310822876]], "ideal": "B", "sampled": "B", "correct": true}}
{"type": "result", "data": {"idx": 11, "options": ["recall of words", "verbal comprehension", "verbal learning", "production of speech"], "probs": [[0.0005354039654963785, 0.00028884015092031564, 0.00037378898490971087, 0.9988019667986736], [0.002037239856329738, 0.0011976411891163976, 0.9913975690586785, 0.005367549795875407], [0.0006457193796204931, 0.0003026579326071924, 0.0003978398399538286, 0.9986537827478185], [0.0019041806048061976, 0.001210390081538294, 0.9412351799658187, 0.05565024924783678], [0.001328888655571441, 0.9938293649127107, 0.0014482024926809117, 0.0033935438390369334], [0.0013053449220299903, 0.9915933167049173, 0.0015623599060155054, 0.005538978367037177], [0.0004404393485616968, 0.00025691536935461176, 0.0004439096019442325, 0.9988587355801395], [0.0016410259893672198, 0.0009205411713198817, 0.993854039694293, 0.00358439304501987], [0.00046514586108887754, 0.0004169643851997062, 0.00036797513254220284, 0.9987499145211692], [0.0011941710156364517, 0.0008874361447013084, 0.9885253229234778, 0.009393069816184353], [0.000664916844016277, 0.9966782402647234, 0.0009981904351687501, 0.0016586523560916178], [0.0006102235868449062, 0.9967750090404026, 0.0008211707772878624, 0.0017935964954646042], [0.00044397025176242294, 0.00021303003691349506, 0.00030515195909012907, 0.9990378476522339], [0.0017817923290768662, 0.0009917323842560028, 0.9825385574508375, 0.01468791773582961], [0.000454375334373555, 0.00041050678257615686, 0.00037086623143506834, 0.9987642515516152], [0.0013707502367227933, 0.0009421113764018469, 0.985845341067908, 0.01184179721896738], [0.0007275800307330815, 0.99301260698645, 0.00207274093603686, 0.0041870719467800716], [0.0007228670685385398, 0.994319710929211, 0.0018173394016170515, 0.0031400825006333423], [0.9982606576314318, 0.0007145587023432224, 0.00041357442031708457, 0.0006112091459078689], [0.9980103847188063, 0.0007370531726903913, 0.0004367035848508136, 0.0008158584236524308], [0.9982311564357031, 0.0006608350373857522, 0.00044716081667006924, 0.0006608476102410571], [0.9984590811539015, 0.0005653721053170182, 0.0003737013830202645, 0.0006018452577611826], [0.9977436007363919, 0.0007662029900067317, 0.0004908616216234736, 0.0009993345519779125], [0.9982918551618305, 0.000655729734410614, 0.00042670435721774207, 0.0006257106465411655]], "ideal": "D", "sampled": "D", "correct": true}}
{"type": "result", "data": {"idx": 12, "options": ["the child\u2019s intelligence.", "the child\u2019s \u201cbasic personality.\u201d", "the strength of the parent-child attachment.", "the parents\u2019 childrearing behaviors"], "probs": [[0.00034566660909261815, 0.00022669813667299928, 0.0006768081945892797, 0.9987508269596451], [0.0008396491713256527, 0.0009078782702353265, 0.9956661410207844, 0.002586331437654631], [0.00040111729846755, 0.00022855582196325858, 0.0002800412854517987, 0.9990902854941174], [0.000737609750022099, 0.001444145340230667, 0.9911400686897789, 0.006678176119968335], [0.000438965877490924, 0.9955152673238673, 0.0022822082524721113, 0.0017635584461696452], [0.0004028773335471418, 0.9956587268028929, 0.002046092697971796, 0.0018923030655881648], [0.00037965258048503224, 0.00023208129552136856, 0.0006114637633696768, 0.9987768022606239], [0.0007416295515174604, 0.0010136848389400294, 0.9965203338710484, 0.0017243516384940413], [0.00037388175875531585, 0.0003051603184836377, 0.00023398610954778273, 0.9990869717132133], [0.0014674850966524837, 0.002741610645593993, 0.9915444060382312, 0.004246498119522302], [0.001146216137842113, 0.9944154086944864, 0.0025037125946215243, 0.0019346624730499167], [0.001574369209243447, 0.9915248407825605, 0.004115919439824808, 0.0027848704683712316], [0.0004652705918447781, 0.0002339600004881702, 0.0002844339903909742, 0.9990163353172761], [0.0007631685654651774, 0.0008513662692802376, 0.9939244480527959, 0.004461017012458628], [0.0005655465134246951, 0.0003298896278838135, 0.00022322799145062952, 0.9988813357672408], [0.0017991944196962414, 0.0019453950709015437, 0.9922007568504974, 0.00405465355890488], [0.001403176310143352, 0.9935784113359093, 0.002313647599291442, 0.0027047646546558848], [0.0025104216459160334, 0.9893871425015224, 0.004304192442058902, 0.0037982433105027335], [0.9952208120232358, 0.0023910556784008516, 0.000819987634412931, 0.0015681445639504775], [0.9954501238810363, 0.002318010164502487, 0.0007351988348868467, 0.0014966670195743978], [0.9949333934317078, 0.0028833116711546028, 0.0006638511727540029, 0.0015194436243835703], [0.9940332822669906, 0.0033678743543073004, 0.0008786549543910739, 0.0017201883243110549], [0.9944390726661737, 0.003265595981468138, 0.0006532423869954619, 0.001642088865362669], [0.9932036001088765, 0.003996101767043554, 0.0009418852431476037, 0.0018584127809322677]], "ideal": "D", "sampled": "D", "correct": true}}
{"type": "result", "data": {"idx": 13, "options": ["is nonresponsive to visual or auditory stimuli and seems to be in a state of deep sleep.", "is confused and incoherent, may exhibit bizarre behavior, and is unable to care for him/herself.", "is alert and oriented and can remember and integrate remote and recent events but may have some impairment in judgment, planning, and abstract reasoning.", "is functioning at an intellectual level that is superior for his/her age, education, and demographic background."], "probs": [[0.03935380966040628, 0.025808946773675862, 0.9098226887594401, 0.025014554706477753], [0.022014940237343242, 0.004543127508540354, 0.007608205107614301, 0.965833727046502], [0.20595334161318135, 0.2950194135755411, 0.40325021138852274, 0.09577703332275476], [0.4362330783046379, 0.09434305980986608, 0.0399472978665291, 0.4294765639189669], [0.014743434325570603, 0.005016281755673372, 0.02430772232522697, 0.955932561493529], [0.10880251308785521, 0.020443655700752628, 0.7435517961798013, 0.12720203493159085], [0.14929745294977162, 0.03491152985191708, 0.7946163189089808, 0.02117469818933056], [0.18890773245317435, 0.01479682992677381, 0.013263657914984342, 0.7830317796050675], [0.5014694128833579, 0.06375515959094069, 0.39670568823877894, 0.03806973918692245], [0.625158036522001, 0.019477779817992636, 0.020733981163925337, 0.33463020239608104], [0.07674873246130837, 0.01006743919330263, 0.020982063458128242, 0.8922017647872608], [0.19959103801940709, 0.025774791440369614, 0.7300997928643838, 0.04453437757583956], [0.9879583179165123, 0.004794882173325762, 0.0034537734669434664, 0.0037930263432184217], [0.9861907085070719, 0.005423585593595399, 0.0034475483646915555, 0.004938157434641142], [0.9909770907676334, 0.0028719113956797862, 0.003410623785869376, 0.0027403739508174074], [0.9915161981808321, 0.0023089056492289423, 0.0032561964720448215, 0.0029186995978940705], [0.9830754072360393, 0.006521426319779682, 0.004276960273935546, 0.006126206070245507], [0.9851076335889319, 0.0057670165152636284, 0.004491469701067648, 0.004633880094736738], [0.02235244660691154, 0.02572768796975013, 0.43515626383464523, 0.516763601488693], [0.030020291877375857, 0.02955503663289149, 0.9194671784753191, 0.02095749291441355], [0.034380001618106434, 0.49739100767426325, 0.042787617118294666, 0.42544137348933564], [0.011540922922502523, 0.8748697972951718, 0.08798493926882243, 0.02560434041350322], [0.002760663344692881, 0.9829160985367998, 0.007273595645619081, 0.007049642372888153], [0.0024391672594206463, 0.9840778340876308, 0.0076316880936855725, 0.0058513104592629725]], "ideal": "B", "sampled": "C", "correct": false}}
{"type": "result", "data": {"idx": 14, "options": ["decline the request to testify.", "agree to testify only if she obtains consent from both parents.", "agree to testify only if she can evaluate all of the involved parties.", "agree to testify only if her familiarity with the child won''t bias her testimony."], "probs": [[0.9638461752400382, 0.01311917641371991, 0.004533902408863513, 0.018500745837378308], [0.9903431425403159, 0.003303371799020734, 0.002306153273820018, 0.004047332286843347], [0.9474168502713851, 0.033448618197972284, 0.004971730100640655, 0.014162801330001926], [0.9721264448894016, 0.01499368097042831, 0.005101368092087485, 0.007778505948082575], [0.9891955354508366, 0.0031484528756773153, 0.002130374566347133, 0.0055256370071389595], [0.9849170793610383, 0.003962796307166328, 0.0025988875521563847, 0.008521236679638982], [0.07189754235254511, 0.7975240170711559, 0.058681546324251224, 0.07189689415204774], [0.06043556106843831, 0.8743415148299725, 0.03337592879438692, 0.03184699520720229], [0.011639392413254263, 0.0023280762955568382, 0.8822931252002665, 0.10373940599092243], [0.08716111872855081, 0.017433640101121067, 0.028743251095722663, 0.8666619899746054], [0.014019626477570109, 0.0027178572520132746, 0.9233089890325662, 0.05995352713785036], [0.0484918766578445, 0.0075537013023126215, 0.01456023475859042, 0.9293941871812524], [0.019012730017829587, 0.9451863491886617, 0.01100388044277036, 0.02479704025073833], [0.015902164137102093, 0.9535799507156145, 0.012777878880871157, 0.017740006166412206], [0.01585866603757548, 0.0028881292619202595, 0.8134013294772668, 0.16785187512323743], [0.0799783245373733, 0.013261938782438474, 0.019600007662080452, 0.8871597289181078], [0.01631747388621864, 0.0035289407591868154, 0.9336698743856504, 0.04648371086894417], [0.106026388748196, 0.014804865348693082, 0.018715377357191528, 0.8604533684459194], [0.003958017483817997, 0.9837587273229638, 0.005003450335363719, 0.007279804757854559], [0.0045187738488070145, 0.975794012219047, 0.008847378148128688, 0.010839835684017264], [0.004578973462334034, 0.001037817642684387, 0.9144785064750239, 0.07990470231995767], [0.004442129914083123, 0.0010717537144137486, 0.004803182307043268, 0.9896829339644598], [0.004248147561606223, 0.0009628391572443944, 0.9613751618614041, 0.03341385131974523], [0.00739666921106586, 0.0017296874476067487, 0.006840936847313908, 0.9840327063940134]], "ideal": "A", "sampled": "A", "correct": true}}
{"type": "result", "data": {"idx": 15, "options": ["goals serve 2 purposes: they are a basis for motivation and they direct behaviors", "goal attainment is maximized when goals are specific and highly difficult", "goal attainment is maximized when frequent feedback is given", "worker participation in goal-setting is also good"], "probs": [[0.004953816993953462, 0.8731225349181356, 0.03547809975594333, 0.08644554823196754], [0.005799500121407249, 0.7960766986804165, 0.08522337393501456, 0.1129004271631617], [0.009365386527312855, 0.016959945274091826, 0.5660072121719081, 0.40766745592668724], [0.026870602088495284, 0.3827378060740613, 0.2630394931256115, 0.3273520986118319], [0.02080518678246708, 0.04269382587788411, 0.5120309867363594, 0.4244700005032894], [0.04159422109270551, 0.3375668441115873, 0.15944888705890964, 0.46139004763679753], [0.5519888585548192, 0.02243247330669348, 0.07470453035211354, 0.35087413768637377], [0.6346577753091488, 0.019468956794788456, 0.09732913589265724, 0.24854413190340552], [0.584927092898391, 0.026518289491085718, 0.055264332424246415, 0.3332902850862769], [0.6790063925972591, 0.03543072167108756, 0.12174041477311859, 0.16382247085853474], [0.6010220937324824, 0.06335382469705894, 0.06044778147413778, 0.27517629999632087], [0.6921601268994058, 0.11299963252234108, 0.05421537512663488, 0.14062486535161833], [0.03161913895361744, 0.018882656432881183, 0.31439778147027475, 0.6351004230432266], [0.40136615175282075, 0.03507506278504625, 0.23595826497037733, 0.3276005203917557], [0.005974404468725684, 0.820084684855553, 0.05580496000830858, 0.11813595056741279], [0.003100713268843908, 0.8732792134414337, 0.07511950512590874, 0.04850056806381363], [0.35858849797448233, 0.21082182617051612, 0.06633551817209297, 0.3642541575829086], [0.02353719352098122, 0.0702722345684745, 0.49545739322846727, 0.410733178582077], [0.029468538264096136, 0.013493311602663694, 0.7252497083017385, 0.2317884417315017], [0.09150096432318593, 0.032629436525813287, 0.5024744084543278, 0.37339519059667303], [0.011987919616549254, 0.8604118606788048, 0.055867283125952495, 0.07173293647869346], [0.0055202094836511156, 0.9283981979992731, 0.032266814890525804, 0.033814777526549905], [0.04781645111520796, 0.49830022810409946, 0.08933708669867156, 0.36454623398202096], [0.009535535114547074, 0.01168424641900867, 0.7634512236268133, 0.21532899473963096]], "ideal": "B", "sampled": "B", "correct": true}}
