{"type": "result", "data": {"idx": 0, "options": ["Media release", "Media tour", "Press room", "Promotional days/weeks"], "probs": [[0.008047175731518018, 0.9747857618414515, 0.010495686152058866, 0.006671376174971579], [0.005012758667400333, 0.9779334909275169, 0.009587270447823103, 0.0074664798572596615], [0.008462775232452735, 0.00449453748697957, 0.9781738096388581, 0.008868877541709565], [0.00138363854074598, 0.001044420981318491, 0.0024859271268311625, 0.9950860132511044], [0.007486147937768132, 0.004986816639280003, 0.9804945164584704, 0.007032518864481475], [0.0014059471794069481, 0.0010126643143526285, 0.0021271110128601397, 0.9954542773933803], [0.9895243570667299, 0.004271294681297007, 0.003005288699853647, 0.003199059452119402], [0.9922735274221252, 0.0031336400272787795, 0.002055132209601237, 0.0025377002409948087], [0.9890639168406368, 0.004439373690918996, 0.0035394400025226132, 0.0029572693659216656], [0.9909194236130906, 0.003491053123001926, 0.0027402072594225023, 0.0028493159044849707], [0.9902750282660722, 0.003772277861698398, 0.0028253642459205005, 0.0031273295263089486], [0.9906033569437371, 0.0035173207160991275, 0.0028708016880226355, 0.003008520552141117], [0.007712484832232196, 0.005137611510179515, 0.9790673288055873, 0.008082574752000903], [0.001193635615777978, 0.0011659804606441145, 0.0018343363490001207, 0.9958060474745778], [0.008191264729530249, 0.9692623605001528, 0.012588324786060909, 0.00995804988425598], [0.005438617362033106, 0.9736506457692299, 0.01151365963982978, 0.009397077128907248], [0.000759334935826325, 0.0012617378633127964, 0.0013749549145045717, 0.9966039721863563], [0.0072331657587065895, 0.0061868298208717365, 0.9774364419064201, 0.009143562414001601], [0.004518205624218074, 0.0036589390384337553, 0.9833156158713103, 0.008507239366037794], [0.0013110621376785884, 0.0009369707557166029, 0.0018633754239853807, 0.9958885915826194], [0.0066671796881216504, 0.9741738002142464, 0.010326479098964675, 0.008832540898667323], [0.008840801650393026, 0.9750815536941659, 0.009709869081019559, 0.006367775474421498], [0.0008081411349606071, 0.0008403262461110224, 0.0019538002061692413, 0.9963977323127591], [0.004647461457486119, 0.0037931152133112655, 0.9803234218774711, 0.01123600135173147]], "ideal": "B", "sampled": "B", "correct": true}}
{"type": "result", "data": {"idx": 1, "options": ["Quickly investigate to make certain your product is definitely the cause of the illness.", "Stop all sales of the product throughout the nation and issue a recall for that product.", "Stop sales of the product in the Albany, New York, market and issue a recall for that product.", "Issue a press release to the Albany, New York, market explaining how to treat the symptoms."], "probs": [[0.046706255331097145, 0.8677067624528166, 0.05812941748845468, 0.02745756462763152], [0.02895056415369913, 0.8461634941417469, 0.01898781678015674, 0.10589812482439728], [0.03027588275363208, 0.6784500807584787, 0.25749812774570097, 0.03377590864218826], [0.02402855853304615, 0.7359910113081529, 0.01900996326398241, 0.22097046679481852], [0.050729940208652916, 0.005604004747791692, 0.6377049384794886, 0.30596111646406676], [0.030413901189543468, 0.007338198308681493, 0.38833087371428576, 0.5739170266874892], [0.9408172149011401, 0.027970421405263398, 0.014510859396001718, 0.016701504197594787], [0.9236083909682047, 0.02661383606064967, 0.009197580909852485, 0.04058019196129317], [0.9455838020340609, 0.014135673328171335, 0.021554234447641905, 0.018726290090125906], [0.9097175732793296, 0.01801622499369562, 0.01589926169503575, 0.056366939931939065], [0.903193913551502, 0.014372711410799472, 0.029033613129894772, 0.05339976180780374], [0.8984348126807459, 0.01620053304457784, 0.04268252825301311, 0.042682125921663164], [0.9151329975688481, 0.04280175726271949, 0.02477190104663676, 0.017293344021795665], [0.875251943855089, 0.05174869269500614, 0.01154685572672545, 0.06145250762317939], [0.946266230301308, 0.019639469608043646, 0.019948754383309744, 0.014145545607338614], [0.9213232118543541, 0.028259904163500358, 0.01355931488819302, 0.036857568993952594], [0.8461127579784339, 0.03034237320511806, 0.04484332511129914, 0.07870154360514893], [0.8355505060978766, 0.0178920282681411, 0.1029611552459789, 0.04359631028800341], [0.04778259848438945, 0.07878500861346677, 0.7475315120127788, 0.12590088078936498], [0.034973398108065074, 0.036085494127878266, 0.47535485378633996, 0.45358625387771667], [0.013520926890556142, 0.8497659974699737, 0.04574394074620046, 0.09096913479326971], [0.01309166946069137, 0.7609257072139092, 0.1594955592812216, 0.06648706394417782], [0.014153552301550118, 0.8621435230653318, 0.055114254687485605, 0.0685886698456324], [0.011732305322414371, 0.6713417127994106, 0.27124169289337824, 0.04568428888479682]], "ideal": "B", "sampled": "B", "correct": true}}
{"type": "result", "data": {"idx": 2, "options": ["community relations", "consumer relations", "employee relations", "public issues"], "probs": [[0.012218451526245924, 0.9481894810091315, 0.017639599798190537, 0.021952467566432037], [0.00817176069701428, 0.9445821301000733, 0.02086756062034389, 0.026378548482568497], [0.009086749750358633, 0.0032654612700137534, 0.9789771689674813, 0.008670619912146313], [0.0023288787592418065, 0.0010174232411368752, 0.004316996829324918, 0.9923367010702964], [0.005531673293899845, 0.002493420814089245, 0.9749362051974634, 0.01703870059454756], [0.0022276794304558873, 0.0009581290951315114, 0.002044229366605397, 0.9947699620078072], [0.9849840099342979, 0.005676917312714667, 0.005949288212174696, 0.0033897844408127624], [0.986856831980785, 0.004642229777342279, 0.005260231660435592, 0.003240706481437091], [0.9859484741432536, 0.005727049846347901, 0.005422196330066211, 0.002902279580332302], [0.9877344532182714, 0.004433573762159686, 0.005142941224141966, 0.0026890316954269818], [0.983883259564831, 0.004926742676782934, 0.007750672733350691, 0.0034393249250353353], [0.9859766175691886, 0.004566176517591407, 0.006439218563822862, 0.003017987249397094], [0.00957920653041157, 0.0040245986271469905, 0.9771117275836954, 0.009284467158746104], [0.002223286521757904, 0.0011267135749567381, 0.0038414449794348447, 0.9928085548238504], [0.008427728147183384, 0.9590468015103597, 0.017024618005136223, 0.0155008522373207], [0.006202881854135639, 0.9573067679819212, 0.0175329991595893, 0.018957350904353867], [0.0027885722208268273, 0.0013590694263791753, 0.0030626318276019597, 0.992789726425192], [0.004503687513886266, 0.0019985745332567737, 0.9801569280678933, 0.013340809784963596], [0.004303422506826687, 0.003404391634717215, 0.9738887441208788, 0.018403441637577296], [0.0022812497219940045, 0.0011118074123791007, 0.001507820553829487, 0.9950991222117974], [0.006935768076831149, 0.9520649100662631, 0.01716658835771006, 0.023832733399195616], [0.009099636996285833, 0.9502616355596067, 0.016095997479229934, 0.024542729864877533], [0.002622917963113157, 0.0012783309066323359, 0.002058749995023571, 0.9940400010352309], [0.003957275696459089, 0.002806192679685565, 0.9759121363543735, 0.017324395169481914]], "ideal": "B", "sampled": "B", "correct": true}}
{"type": "result", "data": {"idx": 3, "options": ["1917", "1922", "1925", "1927"], "probs": [[0.22626120018381157, 0.551323656320005, 0.17348280676569314, 0.04893233663049026], [0.18393697527957048, 0.42766819993109206, 0.3080389912132958, 0.08035583347604162], [0.12837532926559156, 0.5844033708228412, 0.24745248240454948, 0.03976881740701773], [0.10063299310766419, 0.561289178644113, 0.28667964887703434, 0.051398179271188435], [0.20633865323113268, 0.29556844956758355, 0.430049677003369, 0.06804322009791479], [0.2494196369821645, 0.3517388507890287, 0.315296838111844, 0.08354467401696278], [0.4555861940979114, 0.4774517407583357, 0.04582002004928894, 0.021142044994463958], [0.5033626509013822, 0.4044647476746919, 0.06399589716752015, 0.028176704156405764], [0.6917430422781841, 0.12020737094460944, 0.15195713199853234, 0.03609245467867419], [0.7471381898272537, 0.1278205445763398, 0.09063906795692102, 0.03440219753948555], [0.6884315737473887, 0.14657667550798037, 0.12734806773558954, 0.03764368290904136], [0.6517739599988481, 0.1345015554963456, 0.17270413757456227, 0.04102034683024401], [0.5440616041477317, 0.35127270414486395, 0.07961422248663085, 0.025051469120773426], [0.5162198754569942, 0.4083635675945778, 0.05273551709456399, 0.02268103975386395], [0.5277458651314005, 0.35709193798030753, 0.0888874616799957, 0.026274735108296296], [0.4635910589950262, 0.47830875772130194, 0.039262266645066914, 0.01883791653860496], [0.7109934369064613, 0.12163697383214216, 0.1335924505938012, 0.03377713856759533], [0.6072972853951789, 0.08886720007488165, 0.2611968150906669, 0.04263869933927257], [0.521853104171791, 0.3700510244030243, 0.08128959733306304, 0.026806273992121675], [0.4746795971815143, 0.432200677444418, 0.06324510381708012, 0.02987462145698762], [0.5628749706671218, 0.30603212001082636, 0.09781384430661978, 0.03327906491543206], [0.4667840341120242, 0.42501349146723527, 0.07385652376193057, 0.03434595055880999], [0.6185724369031179, 0.2619207300699369, 0.08773255674157483, 0.03177427618537034], [0.5978825091717791, 0.24537052211691954, 0.11410839109471785, 0.04263857751658346]], "ideal": "B", "sampled": "B", "correct": true}}
{"type": "result", "data": {"idx": 4, "options": ["Product-oriented", "Person-oriented", "Idea-oriented", "Message-oriented"], "probs": [[0.0034758534153853152, 0.0022094929213072284, 0.3573116599029826, 0.6370029936603249], [0.005615036599370416, 0.004108177252705715, 0.9742813124706814, 0.01599547357724252], [0.004471311972582827, 0.6432171622068455, 0.008033779834091153, 0.34427774588648047], [0.007314174794428017, 0.04844699420523879, 0.9285107719762223, 0.01572805892411085], [0.006477217704408329, 0.9688788028837462, 0.011457124918911774, 0.01318685439293377], [0.005442195488420695, 0.9667219602351143, 0.01467841407902928, 0.013157430097435792], [0.005008103123737312, 0.0017444874852556766, 0.5353368900615705, 0.45791051922943654], [0.0063563689363251704, 0.0030499634652482333, 0.9733156216377388, 0.01727804586068779], [0.009792403361513938, 0.017732402212417717, 0.004311667253156597, 0.9681635270729118], [0.009075150213526525, 0.0038428855798569414, 0.9701273979657599, 0.0169545661408567], [0.00858602075178874, 0.9544280178832116, 0.013828363212611423, 0.023157598052388186], [0.00979284396027058, 0.9531925443954276, 0.02009402427744005, 0.01692058726686182], [0.0025806538592854063, 0.001154202598849593, 0.002834266987424066, 0.993430876454441], [0.004075670083292825, 0.0023042705934531176, 0.9818268855643117, 0.011793173658942313], [0.0032868620283110495, 0.0011720276602501841, 0.0024047100311265766, 0.9931364001803121], [0.006384274377972719, 0.001858021691827068, 0.9775937079117766, 0.014163995918423595], [0.008305942329457461, 0.9751986496963937, 0.007925796026473057, 0.00856961184767575], [0.011120586106802915, 0.9702908730102499, 0.009512175201372356, 0.009076365581574812], [0.9807042014755373, 0.007908998193177875, 0.005227532477519389, 0.006159267753765432], [0.9527328727925415, 0.012374207844391633, 0.027027616954181603, 0.007865302308885278], [0.9620658629322584, 0.012495584936633065, 0.00914193843971327, 0.01629661359139529], [0.9837475051060864, 0.006178639972398591, 0.005410150284574224, 0.004663704536940765], [0.9902603183691687, 0.003953458802584499, 0.002825383373556471, 0.002960839354690296], [0.9902325205803332, 0.0037723360271232857, 0.002892297148701295, 0.0031028461438421975]], "ideal": "C", "sampled": "D", "correct": false}}
{"type": "result", "data": {"idx": 5, "options": ["to develop a vision statement", "to interpret trends for management", "to interpret the organization's business plan", "to consider the role public relations might play"], "probs": [[0.034307226279618665, 0.8711467319515417, 0.04838225954002413, 0.046163782128815486], [0.027361882592964185, 0.8851911342265475, 0.0491623501322211, 0.03828463294826717], [0.05200726969028171, 0.023811329419891565, 0.8796979286353274, 0.0444834721544993], [0.019953347596844823, 0.005852559619334854, 0.02770193532058461, 0.9464921573632357], [0.03786755450280826, 0.026436682730075094, 0.8892999836607961, 0.046395779006320546], [0.01349663429334285, 0.0035209957872288857, 0.021906777448148528, 0.9610755923712797], [0.9726729206328887, 0.012633058000044755, 0.007031468073930504, 0.007662553193136024], [0.9755069581654627, 0.011902258896703032, 0.00683500201222576, 0.005755780825608504], [0.9782892290777686, 0.009080624423653084, 0.006389022767023705, 0.006241123631554579], [0.9774863068058829, 0.008657665345861872, 0.007521884479911628, 0.006334143268343651], [0.9686134113824798, 0.01615357341657368, 0.00844616878604394, 0.006786846314902518], [0.9540542692653193, 0.021078248848569837, 0.01393205260908462, 0.01093542917702621], [0.06857502587524926, 0.02445187092424549, 0.8620011370139812, 0.04497196608652407], [0.018558350249241885, 0.00382993596122445, 0.025764894835629923, 0.9518468188539038], [0.08207111059798643, 0.8420338033787788, 0.032647527751042044, 0.04324755817219273], [0.07225725960583954, 0.8400461264615019, 0.04521964963564292, 0.04247696419701558], [0.022471170106334117, 0.004530063210210093, 0.017500342204569305, 0.9554984243788864], [0.08058767455204584, 0.02419765610328489, 0.8398284172824326, 0.05538625196223665], [0.05599885510851975, 0.032410662479656877, 0.8491198599538621, 0.06247062235796135], [0.012971532385927447, 0.0031297176341703904, 0.015892696179303875, 0.9680060537005983], [0.14438420333469323, 0.7565909703741733, 0.04990238396941743, 0.049122442221716016], [0.1740354707611027, 0.7102466078666105, 0.05650635793466588, 0.05921156333762083], [0.03475090637319753, 0.00906574764852502, 0.01693617438640959, 0.9392471714918679], [0.09165301207152277, 0.03217447560768872, 0.8169972330148001, 0.05917527920598836]], "ideal": "B", "sampled": "B", "correct": true}}
{"type": "result", "data": {"idx": 6, "options": ["When victims of abuse remain silent about the abuse", "When people hide their opinions if they do not agree with the majority", "When people hide their opinions if they are in disagreement with their close peers or family members", "When public relations uses opinion poll results to generate support for a particular issue"], "probs": [[0.017326998421188098, 0.7141536643891444, 0.23183828698234277, 0.03668105010732468], [0.025716299715449406, 0.8000717326213336, 0.055300840372853544, 0.11891112719036342], [0.020380891551305284, 0.7769021984399864, 0.1706530432917418, 0.03206386661696642], [0.02029940113222261, 0.8906328081194023, 0.04037202149225873, 0.04869576915611637], [0.03775669458352104, 0.03957050127135517, 0.820037228832053, 0.10263557521307078], [0.036470354607753136, 0.038823787951775164, 0.8699557728228414, 0.054750084517630276], [0.9353094713484783, 0.02199709233048583, 0.029141677594887363, 0.013551758626148484], [0.9295110078299437, 0.02363723543992361, 0.016501766452659807, 0.03034999017747296], [0.9314264890895522, 0.043564438985202875, 0.010187230051383599, 0.014821841773861392], [0.9252034209394562, 0.05219744396345619, 0.009807755941295066, 0.012791379055792522], [0.939378801413486, 0.02209286213479866, 0.014264589227295208, 0.024263747124420188], [0.930168942216006, 0.02120300790237029, 0.037798762951343434, 0.010829286830280328], [0.11388217444543587, 0.027476049445130667, 0.8284656846353137, 0.03017609137411978], [0.17415016531012684, 0.026707516433267797, 0.030739995949360922, 0.7684023222072445], [0.08387193640514076, 0.8210588509276762, 0.044198623797378725, 0.05087058876980439], [0.07520623616429471, 0.8213146450490191, 0.044908777544012665, 0.058570341142673524], [0.6386570357587681, 0.09200920942999183, 0.034381572281787724, 0.23495218242945237], [0.07484230872359207, 0.019524068874810174, 0.8565501516251256, 0.04908347067647214], [0.04392486699528535, 0.03699086454086328, 0.8033550859694052, 0.1157291823944462], [0.04544358767775626, 0.04474080420196881, 0.8575089104734996, 0.05230669754677524], [0.03299804588438907, 0.8379055132943777, 0.05356300920995816, 0.07553343151127505], [0.03091693746097078, 0.8227237171010668, 0.10137520370712241, 0.044984141630840004], [0.024901378047742985, 0.9057410808416464, 0.03738312109512559, 0.031974419915485046], [0.028468197785334146, 0.8719456942057046, 0.06415638131601581, 0.0354297265929455]], "ideal": "A", "sampled": "B", "correct": false}}
{"type": "result", "data": {"idx": 7, "options": ["Research and evaluation", "Strategy and evaluation", "Strategy and implementation", "Objectives and implementation"], "probs": [[0.81783815839077, 0.08620757255480656, 0.042011195930649024, 0.05394307302377437], [0.5171856399224354, 0.2089798496971627, 0.0805656704352474, 0.1932688398451545], [0.1818673254893935, 0.02923048753573077, 0.7421951654233707, 0.046707021451505036], [0.7268094040645592, 0.09837032340532118, 0.04036948618942325, 0.13445078624069637], [0.0625827670947591, 0.5000496394421126, 0.12446297425732436, 0.312904619105804], [0.18208889661398564, 0.587850034178123, 0.08601465820406028, 0.14404641090383113], [0.8246012697856129, 0.12067558409596849, 0.02650719999289085, 0.028215946025527777], [0.4664860685307561, 0.17986056624875532, 0.14007105587088728, 0.2135823092496013], [0.7512554822104357, 0.04044464865582274, 0.1624734356868591, 0.04582643334688242], [0.7900989562589454, 0.07012987057763284, 0.09004463153872262, 0.0497265415246991], [0.13879499458452382, 0.4921207051435046, 0.13664617253872008, 0.2324381276332515], [0.10435428268521546, 0.4000700324410243, 0.4462831252663729, 0.049292559507387305], [0.24265121688051763, 0.09503095312864113, 0.5383826333228008, 0.12393519656804043], [0.5978058469879679, 0.14650754339707334, 0.13979452502625797, 0.11589208448870071], [0.6812843388211876, 0.10949835669637083, 0.06641187069997087, 0.14280543368247076], [0.5882266715457908, 0.12139350829256457, 0.249079776909777, 0.041300043151867666], [0.5639861456629195, 0.3474860929437699, 0.034404018437566894, 0.05412374285574369], [0.4458788590413124, 0.4821528423686476, 0.04346443380345541, 0.02850386468658458], [0.5614865547189378, 0.03761942023302124, 0.043979913974921805, 0.3569141109731191], [0.5670112328632062, 0.052742324371261744, 0.3035085774393216, 0.07673786522621048], [0.5255643822763633, 0.08991813826254372, 0.050437969158723624, 0.33407951020236937], [0.1488529939824729, 0.047578380041986654, 0.7559928982400682, 0.04757572763547227], [0.6718409556694388, 0.24716750906666782, 0.024092759575628588, 0.05689877558826481], [0.8359806701175764, 0.11138904959399733, 0.024468115314451543, 0.028162164873974722]], "ideal": "A", "sampled": "D", "correct": false}}
{"type": "result", "data": {"idx": 8, "options": ["Defining the program", "Planning the program", "Taking action and implementing ideas", "Evaluation of the program"], "probs": [[0.25320522984321475, 0.6671234107661852, 0.05920925504234968, 0.020462104248250387], [0.29671473740797044, 0.6184220586921667, 0.049975169073813115, 0.03488803472604973], [0.043020346106882955, 0.03298510017016068, 0.891521334382461, 0.032473219240495406], [0.09377445675335151, 0.027290451252322327, 0.02997222058278782, 0.8489628713115384], [0.04589952480367893, 0.03574684142407184, 0.8797026302320348, 0.03865100344021445], [0.056751413884827365, 0.02222455284419068, 0.047048534799726614, 0.8739754983712553], [0.07893964995516727, 0.8894239215884423, 0.018749875003000252, 0.012886553353390132], [0.0972129678931317, 0.8664655474749019, 0.020697928461834263, 0.015623556070132159], [0.0667532538313963, 0.026971006964214207, 0.8793052499555306, 0.026970489148858915], [0.28793004581328896, 0.053263150943900765, 0.049259238674173735, 0.6095475644686366], [0.06583984756631318, 0.025783495254560057, 0.8809308162680699, 0.027445840811056832], [0.17733640335728565, 0.03437911885233852, 0.05324610207516705, 0.7350383756152088], [0.030447134867338653, 0.8359060831588424, 0.11137117425354552, 0.022275607620273447], [0.03947683732194411, 0.8708648169963958, 0.032220228298604076, 0.057438117283056006], [0.03558566879612059, 0.2933405112431907, 0.6507978596266969, 0.02027596023399183], [0.031581868855338, 0.8807134567278974, 0.04316738670875691, 0.04453728760800775], [0.030695398490065008, 0.021096779778052476, 0.9111824953249631, 0.03702532630691941], [0.02596355979250679, 0.02439064350553077, 0.9152501241604108, 0.03439567244155159], [0.03956212844738266, 0.8864843598412441, 0.05667013136070379, 0.01728338025066948], [0.0435199460522544, 0.8879093196133977, 0.03134636836385305, 0.0372243658704948], [0.052541380348242656, 0.14060914907900307, 0.7842518905581425, 0.022597579914611764], [0.034601729101939906, 0.8125613270441641, 0.05113797223698844, 0.10169897151690757], [0.031297212116508294, 0.028054842218607132, 0.9004620152780213, 0.0401859302868633], [0.028940993259653273, 0.03178567362497971, 0.900329494789501, 0.03894383822586598]], "ideal": "B", "sampled": "A", "correct": false}}
{"type": "result", "data": {"idx": 9, "options": ["ingratiation", "downplaying", "distancing", "nonexistence"], "probs": [[0.15172770448306194, 0.09720005730461566, 0.06035371429219376, 0.6907185238201287], [0.004289845272146203, 0.015569409567529776, 0.9119801696008616, 0.06816057545946243], [0.10239954233334585, 0.07261160502232514, 0.11971660759927824, 0.7052722449450508], [0.006358623943805192, 0.020365938830599468, 0.9075341714333911, 0.06574126569220427], [0.009929540538364277, 0.9514893861891389, 0.01913975732449965, 0.019441315847997142], [0.010870119748045788, 0.9633422067389487, 0.011938615912154133, 0.013849057500851398], [0.12961023616770653, 0.10015459433463428, 0.07501291352611215, 0.695222255871547], [0.00674801079458232, 0.010451479908125949, 0.9408132871510817, 0.04198722204621002], [0.08010256646765918, 0.04783108225804558, 0.6706875237191415, 0.20137882745515376], [0.004940261431584634, 0.0107904548758836, 0.9268417322497756, 0.057427551342756115], [0.12027734488699156, 0.45748245458095826, 0.30474813605766615, 0.117492064374384], [0.11051995219794097, 0.6930714065974132, 0.0867484114529414, 0.10966022965170445], [0.07141444618688121, 0.07542776049143028, 0.12053383759240169, 0.7326239556292868], [0.005704532797354229, 0.012655825252706721, 0.9371204897145305, 0.04451915213540848], [0.0628544878898186, 0.03637710023576061, 0.6298634676821667, 0.2709049440922541], [0.005353291986605004, 0.01399412192915981, 0.9073297980765264, 0.07332278790770883], [0.038655145512561884, 0.7236962644145294, 0.17189323260059003, 0.06575535737231865], [0.03347746779723474, 0.8368335081110578, 0.051851464499245464, 0.07783755949246197], [0.9459563300613986, 0.006891924218734153, 0.02812270930866511, 0.01902903631120212], [0.9569744797633882, 0.007137511616139508, 0.017803765693381397, 0.018084242827090875], [0.9694887633587712, 0.005127431633278896, 0.013829072420813346, 0.011554732487136517], [0.9844499492891862, 0.002989881234225193, 0.00455897248062692, 0.00800119689596173], [0.9730202305479594, 0.004722331063476241, 0.014098042259728603, 0.008159396028835792], [0.9774221572122085, 0.004285592029908688, 0.008931785633858089, 0.009360465024024682]], "ideal": "B", "sampled": "D", "correct": false}}
{"type": "result", "data": {"idx": 10, "options": ["It hasn't", "Doubled", "Tripled", "Quadrupled"], "probs": [[0.04742691805253743, 0.08860872897235515, 0.5688536781127997, 0.2951106747623077], [0.08113518296015143, 0.09941252245942642, 0.6090002013953473, 0.21045209308507493], [0.03438001974335575, 0.432155336861079, 0.2172965982218773, 0.31616804507368795], [0.05152134089904874, 0.374813874685174, 0.43140499654630043, 0.14225978776947681], [0.1148086602928074, 0.40706329320582235, 0.21117834115365333, 0.2669497052477169], [0.10813620665501415, 0.5079279882053629, 0.2514386047391049, 0.1324972003005181], [0.12519752931386874, 0.027076545999186574, 0.5699576713693986, 0.2777682532175461], [0.11624093027812504, 0.01755037668310501, 0.746277728613035, 0.11993096432573495], [0.12430369297049541, 0.3828984625449035, 0.1386752215481356, 0.35412262283646545], [0.17613979207124605, 0.3189741467804863, 0.2445554954926641, 0.2603305655556035], [0.10147537657068027, 0.5931892769492564, 0.10972693152645686, 0.19560841485360647], [0.08564797468938365, 0.5585555821636713, 0.15032638047896663, 0.20547006256797845], [0.13297311560004604, 0.01976523710155728, 0.6245692287525437, 0.22269241844585297], [0.16382280722810366, 0.02360147343048503, 0.7116462905729278, 0.10092942866848349], [0.28984957282663126, 0.28093948329546187, 0.09558405512545204, 0.3336268886524548], [0.24910058073298091, 0.2958295223315479, 0.26106368068609764, 0.19400621614937352], [0.29419656139185496, 0.4149066425768861, 0.1152133480082979, 0.17568344792296106], [0.3469897067344265, 0.1828617684149465, 0.3062345522142731, 0.1639139725363539], [0.19318837789101403, 0.03463758682728278, 0.4634558765181516, 0.30871815866355157], [0.348401891141654, 0.05777160730019249, 0.4073379832672305, 0.18648851819092305], [0.3222393417203003, 0.2630145867130493, 0.116710835063043, 0.2980352364036074], [0.3922105431164491, 0.2825201153472668, 0.1740495711390968, 0.15121977029718728], [0.462239374273105, 0.21835578487814905, 0.1205859827743737, 0.19881885797437224], [0.405909127044456, 0.19175143823719942, 0.21059312238067174, 0.19174631223767288]], "ideal": "C", "sampled": "D", "correct": false}}
{"type": "result", "data": {"idx": 11, "options": ["They both require research monitoring.", "They both deal with acute risks.", "New organizational practices are developed as a result of each.", "Both have the potential to damage an organisation's reputation."], "probs": [[0.01073115272746601, 0.008490512518344845, 0.9362987688793873, 0.04447956577480178], [0.10635913511199352, 0.04434273226329074, 0.12242130477912996, 0.7268768277455858], [0.04070761669512514, 0.7925510282052367, 0.1253914758670988, 0.04134987913253937], [0.020382583898599066, 0.7891711289827792, 0.10190755507476625, 0.08853873194385553], [0.02932185356575894, 0.008806030786366128, 0.4659128567709868, 0.4959592587768881], [0.018141516239584137, 0.0050386890296545694, 0.8341236765858169, 0.1426961180449444], [0.014842126586117756, 0.00669104515829755, 0.9327494544569348, 0.04571737369864993], [0.3866084178856521, 0.01986270530892726, 0.16890202103444357, 0.4246268556709771], [0.10022072270661532, 0.7761348889956409, 0.08439620278507973, 0.039248185412664095], [0.07619170865092753, 0.7939893209054998, 0.07984982488230548, 0.04996914546126715], [0.06751167364836876, 0.007939607354880323, 0.49113157393756585, 0.43341714495918504], [0.015328424656421376, 0.003090511708854714, 0.9049435661317466, 0.07663749740297723], [0.9609589059364192, 0.01414306002322811, 0.01732798228636578, 0.007570051653986863], [0.9353436561698347, 0.017675704015212915, 0.026951803845609183, 0.02002883586934319], [0.9634384193406326, 0.01968618417068075, 0.01087153573789928, 0.006003860650787398], [0.9215294418298765, 0.04660391140897081, 0.019125971931077023, 0.012740674730075665], [0.9241115809205545, 0.021733560049991628, 0.03874368993229187, 0.015411168997162019], [0.8963892300355766, 0.038775011207080774, 0.050571444475755546, 0.01426431418158711], [0.023235538798962528, 0.010640887463214196, 0.41187804626370833, 0.5542455273741149], [0.012331278050639351, 0.008609965434731493, 0.8379325262010984, 0.1411262302135308], [0.028538662514286776, 0.09070896374926839, 0.41288417246903114, 0.46786820116741373], [0.008396894427756466, 0.016187747471445874, 0.8837188226262367, 0.09169653537456092], [0.01214877398239732, 0.8255296741205019, 0.07799202192617151, 0.08432952987092927], [0.012289837829835571, 0.8221785952449887, 0.09369388888282207, 0.07183767794235366]], "ideal": "B", "sampled": "C", "correct": false}}
{"type": "result", "data": {"idx": 12, "options": ["1917", "1922", "1925", "1927"], "probs": [[0.22626120018381157, 0.551323656320005, 0.17348280676569314, 0.04893233663049026], [0.18393697527957048, 0.42766819993109206, 0.3080389912132958, 0.08035583347604162], [0.12837532926559156, 0.5844033708228412, 0.24745248240454948, 0.03976881740701773], [0.10063299310766419, 0.561289178644113, 0.28667964887703434, 0.051398179271188435], [0.20633865323113268, 0.29556844956758355, 0.430049677003369, 0.06804322009791479], [0.2494196369821645, 0.3517388507890287, 0.315296838111844, 0.08354467401696278], [0.4555861940979114, 0.4774517407583357, 0.04582002004928894, 0.021142044994463958], [0.5033626509013822, 0.4044647476746919, 0.06399589716752015, 0.028176704156405764], [0.6917430422781841, 0.12020737094460944, 0.15195713199853234, 0.03609245467867419], [0.7471381898272537, 0.1278205445763398, 0.09063906795692102, 0.03440219753948555], [0.6884315737473887, 0.14657667550798037, 0.12734806773558954, 0.03764368290904136], [0.6517739599988481, 0.1345015554963456, 0.17270413757456227, 0.04102034683024401], [0.5440616041477317, 0.35127270414486395, 0.07961422248663085, 0.025051469120773426], [0.5162198754569942, 0.4083635675945778, 0.05273551709456399, 0.02268103975386395], [0.5277458651314005, 0.35709193798030753, 0.0888874616799957, 0.026274735108296296], [0.4635910589950262, 0.47830875772130194, 0.039262266645066914, 0.01883791653860496], [0.7109934369064613, 0.12163697383214216, 0.1335924505938012, 0.03377713856759533], [0.6072972853951789, 0.08886720007488165, 0.2611968150906669, 0.04263869933927257], [0.521853104171791, 0.3700510244030243, 0.08128959733306304, 0.026806273992121675], [0.4746795971815143, 0.432200677444418, 0.06324510381708012, 0.02987462145698762], [0.5628749706671218, 0.30603212001082636, 0.09781384430661978, 0.03327906491543206], [0.4667840341120242, 0.42501349146723527, 0.07385652376193057, 0.03434595055880999], [0.6185724369031179, 0.2619207300699369, 0.08773255674157483, 0.03177427618537034], [0.5978825091717791, 0.24537052211691954, 0.11410839109471785, 0.04263857751658346]], "ideal": "B", "sampled": "B", "correct": true}}
{"type": "result", "data": {"idx": 13, "options": ["270", "600", "2,800", "5,200"], "probs": [[0.3914455981583097, 0.11753474657102105, 0.34010171126671207, 0.15091794390395716], [0.5615268526762336, 0.1442140531236221, 0.1608824609891777, 0.13337663311096667], [0.4371834634625474, 0.07961806001613084, 0.41070630756555654, 0.07249216885576523], [0.49032175593707683, 0.08929559800354175, 0.30208562001035, 0.11829702594903138], [0.39120520607323944, 0.027467333565859783, 0.4502878608550509, 0.13103959940584986], [0.2020202485849481, 0.02649954418847756, 0.7162507909449564, 0.055229416181617946], [0.09767103249632149, 0.6886530486191853, 0.13143017473792953, 0.08224574404656367], [0.056732440322209664, 0.759075675710822, 0.09353545738633745, 0.09065642648063087], [0.205124036985419, 0.16482313098468565, 0.5404414574294372, 0.08961137450045817], [0.2642665364636881, 0.1706259948217709, 0.3089649563101887, 0.2561425123043523], [0.260567457139424, 0.05293825421643005, 0.510183158072867, 0.176311130471279], [0.19967679005520292, 0.039938082688476255, 0.586900735051012, 0.17348439210530883], [0.4875261928406455, 0.345715264813758, 0.10380082140721451, 0.06295772083838194], [0.4627740382685419, 0.3718581497297362, 0.09549936651228538, 0.0698684453894365], [0.4274404771925874, 0.09244187450801405, 0.42744712311067723, 0.052670525088721276], [0.5928891189829743, 0.15957817021464896, 0.134376211823352, 0.1131564988790248], [0.561814692902532, 0.03120473032999424, 0.35711706599257587, 0.049863510674897846], [0.5074573338863131, 0.04720223307715281, 0.2434843876838963, 0.20185604525263784], [0.027443412234829788, 0.48644792867182096, 0.25633359028322245, 0.22977506871012682], [0.027831133970650224, 0.4154196458531428, 0.4154132979583566, 0.14133592211785037], [0.05424463505897023, 0.07892556879957964, 0.7606261627825653, 0.10620363325888484], [0.08045574336779032, 0.208688618286607, 0.4852117335699449, 0.22564390467565779], [0.06839181329240367, 0.3314221128917142, 0.4975189752933792, 0.10266709842250295], [0.07097002170992998, 0.285115780541964, 0.37185687100042325, 0.27205732664768273]], "ideal": "C", "sampled": "A", "correct": false}}
{"type": "result", "data": {"idx": 14, "options": ["Enabling", "Functional", "Normative", "Diffused"], "probs": [[0.058491039742961874, 0.8868329482810686, 0.011883486937085712, 0.04279252493888378], [0.07611385469098525, 0.8576029485323616, 0.018652928309884183, 0.047630268366768945], [0.032216678106231196, 0.023941781437934483, 0.8984092292975825, 0.045432311058251865], [0.012043659186407929, 0.009984785050085864, 0.006151380304476256, 0.97182017535903], [0.04014908237788711, 0.044790685727352765, 0.8584417688346012, 0.0566184629601589], [0.009272876233544457, 0.008848447388846352, 0.005987082166875724, 0.9758915941107335], [0.9689037051674236, 0.008514751546516685, 0.0036909391058426895, 0.018890604080216977], [0.9620415249320002, 0.007819097229822054, 0.005290721833343886, 0.024848655904833795], [0.9552900901464639, 0.007124861763474983, 0.004896908429244923, 0.03268813956081609], [0.957415103816612, 0.006867144256143501, 0.006351118906697309, 0.029366632920547184], [0.9781190824258402, 0.008074962100780231, 0.0027689480599837127, 0.01103700731339584], [0.972716517178546, 0.010638491977739018, 0.00440032484284732, 0.012244665900867603], [0.027824095909338237, 0.04176961652585262, 0.8792305446926917, 0.05117574277211744], [0.011405915962700932, 0.015590446082797306, 0.008476268507136158, 0.9645273693473656], [0.021711746693625016, 0.9377914271024133, 0.012179647832013779, 0.028317178271947956], [0.02512944992091036, 0.9284031778747562, 0.01754376252839896, 0.02892360957593445], [0.011048307095890325, 0.030506160464042725, 0.009450227486084432, 0.9489953048539825], [0.025946670029002406, 0.0255448695478897, 0.914667984309663, 0.03384047601344484], [0.023714993411706336, 0.03292577750196117, 0.8899172643045458, 0.053441964681786754], [0.003805437781540645, 0.0031059805852854646, 0.0018691922118299646, 0.9912193893213439], [0.021903412291992143, 0.9169702477750551, 0.013285640551577901, 0.047840699281374875], [0.02955754646933797, 0.9053011470816715, 0.014863012297799691, 0.050278294051190775], [0.005922699947348054, 0.009765124170293118, 0.003706372427202906, 0.9806058033551559], [0.020335507845574727, 0.01511230549723528, 0.9349645070506737, 0.02958767950651633]], "ideal": "C", "sampled": "B", "correct": false}}
{"type": "result", "data": {"idx": 15, "options": ["Audiences are more vulnerable and passive than ever before.", "Television viewing, in particular, creates increased activity in the right hemisphere of the brain.", "Active receivers are not uniformly affected by mass communication messages.", "Technology has led to increasingly passive recipients at the ends of message transmission systems."], "probs": [[0.06311816011735397, 0.02147529472275253, 0.8851214099821535, 0.030285135077740038], [0.008926029836016798, 0.0033879625442736544, 0.003207698549027087, 0.9844783089706824], [0.038403464617645815, 0.9160891652131723, 0.01651880976118115, 0.028988560308000774], [0.029297600664683968, 0.9258353467818344, 0.017771141138393325, 0.027095911315088237], [0.006452163635714593, 0.0030478026839149486, 0.0025070865407836266, 0.9879929470395868], [0.024941287514175077, 0.009466737349128578, 0.9506987769020177, 0.014893198134678685], [0.04295353394499365, 0.01630382306465656, 0.918458320492457, 0.02228432239789276], [0.009780753562332118, 0.003053732265822983, 0.00495670976695623, 0.9822088043048887], [0.022902444941223083, 0.9293074987733236, 0.019287229372716642, 0.02850282681273661], [0.03538111191465507, 0.9125363144806158, 0.02320497274907181, 0.02887760075565733], [0.017492794810134646, 0.005419121063926603, 0.006958283073636375, 0.9701298009523024], [0.05499401999094228, 0.015756347970321775, 0.9015964764021654, 0.02765315553657049], [0.9868943390174163, 0.004395287084381626, 0.003449970542692984, 0.005260403255509074], [0.9872474117755428, 0.003790292909532269, 0.0035329987645528475, 0.0054292964503720835], [0.9815128069860728, 0.006717673711342805, 0.004838656914509385, 0.006930862288074988], [0.9810415233686898, 0.006610287571284393, 0.005311594985417364, 0.007036593974608497], [0.9827560132812718, 0.005753173228029464, 0.004551198395095318, 0.0069396149956033855], [0.9866672887784492, 0.004569262604010996, 0.0031650972098907254, 0.005598351307648989], [0.01155190511562892, 0.004667434251380117, 0.006898050012686199, 0.9768826105203048], [0.03152011017827098, 0.01177838931095293, 0.9357044861446272, 0.020997014266148892], [0.016944763911517082, 0.006532889939025436, 0.006954240800469755, 0.9695681052489877], [0.0894278022637662, 0.02296724994589706, 0.8485361537729217, 0.03906879391741504], [0.017969580310196805, 0.9362281905600036, 0.017970412912662173, 0.027831816117137413], [0.029829408303733256, 0.9280104428791488, 0.015000071039784397, 0.027160077677333583]], "ideal": "C", "sampled": "C", "correct": true}}
{"type": "result", "data": {"idx": 16, "options": ["A politician", "A house of worship", "A government institution", "A publicly-traded company"], "probs": [[0.2144796502119478, 0.5651049487076732, 0.07529117743012255, 0.14512422355025636], [0.24144733078617844, 0.5192181815653653, 0.08344383351411326, 0.15589065403434305], [0.2337685972218395, 0.04062391817163494, 0.5435478090696382, 0.18205967543688742], [0.39486014103554135, 0.035046729534214636, 0.09378953102430218, 0.4763035983059419], [0.2246164030472157, 0.02855746756361534, 0.610588636269342, 0.136237493019827], [0.3770572314976327, 0.047938589894794326, 0.06760425245838808, 0.5073999260491848], [0.9085406571765297, 0.024980730839224127, 0.030132490959683438, 0.03634612092456279], [0.8062401848615718, 0.028912521594969365, 0.11083257795906529, 0.054014715484393495], [0.8150528596600822, 0.06285127481663526, 0.07821954889994202, 0.043876316523340494], [0.796460920255321, 0.053360555168455864, 0.09512510787583309, 0.05505341660039004], [0.8690807961282866, 0.02465425302899871, 0.07360384973723559, 0.03266110100547912], [0.7473429468545377, 0.04350127668057959, 0.13399331320224872, 0.0751624631626339], [0.2952501806535757, 0.05461700693661312, 0.4792546384964102, 0.17087817381340095], [0.4899853765474523, 0.08382920920010554, 0.14259792862896684, 0.28358748552347535], [0.4533944483071824, 0.3758906571619538, 0.09068634769172419, 0.08002854673913962], [0.5087855278686583, 0.294472092652624, 0.10832876853765912, 0.08841361084105857], [0.5071910136548105, 0.04363157697252272, 0.16466434666352683, 0.28451306260913994], [0.3132877740930484, 0.03515061840512373, 0.5498517318966012, 0.10170987550522667], [0.252254982361286, 0.03634153529728791, 0.5865275618897838, 0.12487592035164223], [0.3774789712006481, 0.06982810309680773, 0.07550247294082484, 0.47719045266171933], [0.1538123018284953, 0.7224513287638726, 0.04993641785256834, 0.07379995145506367], [0.24637077033701557, 0.46754463302484994, 0.16412149390831046, 0.12196310262982403], [0.34654473609467534, 0.060221935425973504, 0.08900182527527864, 0.5042315031040725], [0.24435895678937636, 0.0431327670769474, 0.6240071653695756, 0.08850111066410063]], "ideal": "C", "sampled": "B", "correct": false}}
