{"type": "result", "data": {"idx": 0, "options": ["0", "4", "2", "6"], "probs": [[0.26422971419444874, 0.3109093084718145, 0.20699259385748686, 0.21786838337625783], [0.29404763200297523, 0.3642075583419748, 0.15486218753575368, 0.18688262201930042], [0.30189744074586633, 0.37842762356785337, 0.17161639034621037, 0.14805854524006562], [0.30891374261359605, 0.3641601212267188, 0.13494010241432625, 0.19198603364536393]], "ideal": "B", "sampled": "C", "correct": false}}
{"type": "result", "data": {"idx": 1, "options": ["8", "2", "24", "120"], "probs": [[0.34989563008875985, 0.3560514504875746, 0.12248753090421594, 0.17156538841947042], [0.301869918669, 0.38153601312256447, 0.14731600027137096, 0.1692780678370645], [0.3329215394723549, 0.3405359697812405, 0.16675790151583564, 0.159784589130558], [0.31143168020295986, 0.3683921615763489, 0.1573483206944465, 0.1628278374262284]], "ideal": "C", "sampled": "A", "correct": false}}
{"type": "result", "data": {"idx": 2, "options": ["0", "1", "0,1", "0,4"], "probs": [[0.36141616649486585, 0.25278179567834763, 0.14998199158473816, 0.2358200461420547], [0.41592146592262813, 0.28162692015078017, 0.1291252355449717, 0.17332637828162611], [0.40181062850555926, 0.30511159499052526, 0.17336264609699958, 0.11971513030690502], [0.3807918399418024, 0.2902149729213053, 0.12255121020517422, 0.20644197683172508]], "ideal": "D", "sampled": "D", "correct": true}}
{"type": "result", "data": {"idx": 3, "options": ["True, True", "False, False", "True, False", "False, True"], "probs": [[0.41540972651850844, 0.27647281725103645, 0.17109675276317876, 0.13702070336726824], [0.40372758555230975, 0.26283052760899894, 0.16953614952998122, 0.16390573720869775], [0.42604567113063224, 0.27005608635420414, 0.1755800723163711, 0.12831817009881874], [0.4071458751347466, 0.27748388764652504, 0.17125013619458745, 0.1441201009241298]], "ideal": "B", "sampled": "A", "correct": false}}
{"type": "result", "data": {"idx": 4, "options": ["2x^2 + 5", "6x^2 + 4x + 6", "0", "x^2 + 1"], "probs": [[0.30574884212248554, 0.3221355227935189, 0.19943530912141819, 0.17268032586257373], [0.4089985865360918, 0.22588056442166082, 0.12016217293575047, 0.2449586760065083], [0.29032666605872776, 0.2610450050884201, 0.15557373865407698, 0.293054590098784], [0.363133593384387, 0.30015069774287295, 0.1857615279676771, 0.1509541808050673]], "ideal": "B", "sampled": "B", "correct": true}}
{"type": "result", "data": {"idx": 5, "options": ["True, True", "False, False", "True, False", "False, True"], "probs": [[0.40213097848163554, 0.28494891371470016, 0.1311274617040071, 0.18179264599966533], [0.38312803878133145, 0.2813220784805462, 0.13871677283111714, 0.19683310980700558], [0.4119952080130424, 0.2815984048979301, 0.1471620561298763, 0.15924433085914186], [0.38903436430501914, 0.28941499947867527, 0.15241495347327888, 0.16913568264301732]], "ideal": "A", "sampled": "A", "correct": true}}
{"type": "result", "data": {"idx": 6, "options": ["True, True", "False, False", "True, False", "False, True"], "probs": [[0.4702516480765112, 0.24197426878814546, 0.1515210392212539, 0.13625304381409786], [0.44686271915453185, 0.2462775084326813, 0.14311729175850094, 0.16374248055428578], [0.45638669413114763, 0.24932781817226374, 0.15997017967413865, 0.1343153079224536], [0.4564956468361869, 0.2535432578641, 0.1415670199767016, 0.14839407522298798]], "ideal": "A", "sampled": "A", "correct": true}}
{"type": "result", "data": {"idx": 7, "options": ["True, True", "False, False", "True, False", "False, True"], "probs": [[0.40486521136095033, 0.29475426944139016, 0.1644800217458944, 0.1359004973517674], [0.399686235160873, 0.2812896358706213, 0.16665946565350484, 0.15236466321501796], [0.41835081428260323, 0.27793619428511257, 0.1698728628649361, 0.1338401284673393], [0.4063768791793281, 0.2837995228984489, 0.16706818167548249, 0.14275541614673354]], "ideal": "D", "sampled": "A", "correct": false}}
{"type": "result", "data": {"idx": 8, "options": ["0", "4", "2", "6"], "probs": [[0.27644435763601777, 0.32507664241898404, 0.20174112288978666, 0.19673787695521566], [0.2984503749861365, 0.3678712020081208, 0.14631288672479056, 0.18736553618095256], [0.31729279221007645, 0.3769606436678904, 0.16966263681350816, 0.13608392720851697], [0.3211327792962892, 0.36757767589986207, 0.13274130037898055, 0.17854824432486754]], "ideal": "B", "sampled": "C", "correct": false}}
{"type": "result", "data": {"idx": 9, "options": ["1", "2", "2,3", "6"], "probs": [[0.38886868529299673, 0.2633443235120705, 0.14513485495269293, 0.202652136142219], [0.3533653751242604, 0.2852511245365898, 0.17221768398597267, 0.18916581625318474], [0.34946297027619894, 0.3143199830068798, 0.15010252651698167, 0.18611452009993612], [0.3682207053661727, 0.2717916939640691, 0.13921598087656484, 0.22077161969319942]], "ideal": "C", "sampled": "D", "correct": false}}
{"type": "result", "data": {"idx": 10, "options": ["True, True", "False, False", "True, False", "False, True"], "probs": [[0.42396747539820484, 0.29503210674124253, 0.13335762086159506, 0.14764279689893858], [0.3895265953981451, 0.2911249982570102, 0.1477699081871921, 0.17157849805763853], [0.4202496414781972, 0.294262410207577, 0.14628794241069057, 0.1392000058035345], [0.4026148538795507, 0.303262443694445, 0.14822452162335617, 0.14589818070265959]], "ideal": "C", "sampled": "A", "correct": false}}
{"type": "result", "data": {"idx": 11, "options": ["symmetric only", "anti-symmetric only", "both symmetric and anti-symmetric", "an equivalence relation"], "probs": [[0.29642724118342734, 0.368550640565143, 0.218387860512327, 0.1166342576391211], [0.33074824430626565, 0.46648869473685173, 0.12314241125414747, 0.07962064960272379], [0.46278227324721605, 0.36376839152920704, 0.0908539510347881, 0.08259538408879838], [0.4100656316995134, 0.30440059189864127, 0.16507468197301334, 0.12045909432882673]], "ideal": "C", "sampled": "C", "correct": true}}
{"type": "result", "data": {"idx": 12, "options": ["1", "2", "5", "11"], "probs": [[0.32363125594136083, 0.37304069626069913, 0.17420455456724038, 0.12912349313070218], [0.31044762273816684, 0.3864678196018999, 0.15466042947560918, 0.14842412808432429], [0.35095241644922426, 0.3429469353141957, 0.17760172175309297, 0.12849892638349777], [0.3695176932054905, 0.38817681259703, 0.11684351862437292, 0.12546197547312057]], "ideal": "A", "sampled": "A", "correct": true}}
{"type": "result", "data": {"idx": 13, "options": ["(x \u2212 2)(x + 2)(x \u2212 1)", "(x + 1)(x + 4)(x \u2212 2)", "(x + 1)(x \u2212 4)(x \u2212 2)", "(x - 1)(x \u2212 4)(x \u2212 2)"], "probs": [[0.4790156261683273, 0.3012410880344793, 0.09814616961767367, 0.12159711607952645], [0.48271875263039526, 0.29051410561896396, 0.0875705753222828, 0.13919656632835095], [0.49442903755554635, 0.29049884893876154, 0.06916756211895529, 0.14590455128672586], [0.48310945596864435, 0.29680921857121867, 0.08444577721998511, 0.1356355481401699]], "ideal": "C", "sampled": "C", "correct": true}}
{"type": "result", "data": {"idx": 14, "options": ["6", "12", "30", "105"], "probs": [[0.3145636513593822, 0.30264559281912395, 0.2155759230358984, 0.16721483268558598], [0.3204323480944999, 0.3199837762727119, 0.1752703338027657, 0.18431354173001205], [0.31009614822766124, 0.3186871679485698, 0.20502370671202297, 0.166192977011754], [0.2764282264742678, 0.38439854780031274, 0.11606715210367155, 0.22310607352173958]], "ideal": "C", "sampled": "A", "correct": false}}
{"type": "result", "data": {"idx": 15, "options": ["True, True", "False, False", "True, False", "False, True"], "probs": [[0.37287146856661213, 0.28962652512489284, 0.17132030435835216, 0.16618170185015277], [0.3809280547170389, 0.2727770509538068, 0.16839222609787993, 0.17790266813129021], [0.3953437754203793, 0.27545979067300014, 0.17791323946315155, 0.1512831943434786], [0.37559903900859715, 0.28380019609851725, 0.17562082958144778, 0.16497993521144194]], "ideal": "B", "sampled": "A", "correct": false}}
{"type": "result", "data": {"idx": 16, "options": ["1", "-1", "i", "-i"], "probs": [[0.3107069542036508, 0.3210241968053524, 0.21530289052552007, 0.15296595836546947], [0.3263405647368149, 0.30344779239611963, 0.218239661065481, 0.15197198170158005], [0.39587966682684367, 0.2882250865490147, 0.1831266719746937, 0.13276857454945412], [0.31954125044460696, 0.2853776390675523, 0.2363598171193617, 0.15872129326847412]], "ideal": "C", "sampled": "C", "correct": true}}
{"type": "result", "data": {"idx": 17, "options": ["(1,1)", "(3,1)", "(1,6)", "(3,6)"], "probs": [[0.4039920470030896, 0.31856040921984247, 0.16713904505510602, 0.11030849862196158], [0.3468861021020436, 0.32176598829658876, 0.19073624415109108, 0.14061166535026284], [0.303810588566702, 0.34635222851009906, 0.22049660417973224, 0.12934057864348067], [0.30926209450400577, 0.3747758924166483, 0.19587351211971335, 0.12008850085962187]], "ideal": "C", "sampled": "A", "correct": false}}
{"type": "result", "data": {"idx": 18, "options": ["multiplication is not a binary operation", "multiplication is not associative", "identity element does not exist", "zero has no inverse"], "probs": [[0.39879478570974325, 0.30876754620774594, 0.17695072448177135, 0.1154869435007388], [0.3892615961135072, 0.30851292103510636, 0.18011909676147278, 0.12210638598991208], [0.36133839166438453, 0.3099472056057474, 0.19639474524148096, 0.1323196573883981], [0.38050418609407394, 0.3349420727105185, 0.16584632161636917, 0.11870741947903035]], "ideal": "D", "sampled": "A", "correct": false}}
{"type": "result", "data": {"idx": 19, "options": ["True, True", "False, False", "True, False", "False, True"], "probs": [[0.4328051602174461, 0.26502544261439415, 0.15414033728975632, 0.14802905977838077], [0.4037310250221957, 0.25525522282713325, 0.16245042456082226, 0.17856332748983367], [0.42639765396440776, 0.2632806552771811, 0.1659733746871599, 0.1443483159712512], [0.4170615991870974, 0.26984374834337976, 0.1632693198637036, 0.14982533250583002]], "ideal": "A", "sampled": "A", "correct": true}}
{"type": "result", "data": {"idx": 20, "options": ["True, True", "False, False", "True, False", "False, True"], "probs": [[0.41844258055857214, 0.2575675011515163, 0.1409997774640447, 0.1829901407258857], [0.4014465212420514, 0.24920535085093395, 0.14396828411569962, 0.20537984369131504], [0.4372944741018183, 0.2568641023772002, 0.14211886549886654, 0.1637225579221268], [0.4082337534005855, 0.2585745146257219, 0.15140070985140622, 0.1817910220222999]], "ideal": "A", "sampled": "A", "correct": true}}
{"type": "result", "data": {"idx": 21, "options": ["2x^2 + 5", "6x^2 + 4x + 6", "0", "x^2 + 1"], "probs": [[0.330213105911626, 0.30776462612079986, 0.19518360985327116, 0.16683865801428435], [0.43735600031031285, 0.2263854587362803, 0.10826115034126998, 0.22799739051213785], [0.30990146680794806, 0.24935367861237515, 0.13690723275331754, 0.30383762172635487], [0.3794515676246138, 0.2886390539379033, 0.17218319344449073, 0.15972618489300755]], "ideal": "A", "sampled": "B", "correct": false}}
{"type": "result", "data": {"idx": 22, "options": ["True, True", "False, False", "True, False", "False, True"], "probs": [[0.40617754923667115, 0.28187253516800276, 0.16892355569027104, 0.1430263598050353], [0.4050938413130069, 0.28253916241642396, 0.17035249237908923, 0.1420145037914941], [0.4362200946261685, 0.28333915654929204, 0.15536884741786464, 0.12507190130665996], [0.40744394172013304, 0.2977877193318451, 0.16247382790571113, 0.13229451094228345]], "ideal": "D", "sampled": "C", "correct": false}}
{"type": "result", "data": {"idx": 23, "options": ["semi group with identity", "commutative semigroups with identity", "group", "abelian group"], "probs": [[0.34975377382129375, 0.3819253523916399, 0.16344514187645556, 0.10487573181061345], [0.351757783966816, 0.3457125404840099, 0.16176497934187783, 0.14076469610729783], [0.3154640713714249, 0.30139802128555215, 0.2038867915596746, 0.17925111568334104], [0.3096542444375843, 0.3544396160770076, 0.2179495476632614, 0.11795659172216398]], "ideal": "D", "sampled": "B", "correct": false}}
{"type": "result", "data": {"idx": 24, "options": ["True, True", "False, False", "True, False", "False, True"], "probs": [[0.4424102872113982, 0.2854415227810725, 0.1478600209468998, 0.12428816896064694], [0.41125197872166, 0.2847781100257506, 0.1519319680356446, 0.15203794311694663], [0.4310417503177996, 0.2930794750245447, 0.15119542190516114, 0.12468335265249533], [0.41789650581047816, 0.2955595478884472, 0.14621119397198762, 0.14033275222907596]], "ideal": "B", "sampled": "A", "correct": false}}
{"type": "result", "data": {"idx": 25, "options": ["subgroup", "finite abelian group", "infinite, non abelian group", "ininite, abelian"], "probs": [[0.31086811990169333, 0.3845285726111636, 0.19889209149622686, 0.10571121589091612], [0.2838974420799542, 0.46850298214451963, 0.17363196748629087, 0.07396760818923852], [0.2577529795650711, 0.4037319816701926, 0.17767679225736735, 0.16083824640737746], [0.2916227482101868, 0.3649728001420297, 0.18998306997861047, 0.15342138156917362]], "ideal": "C", "sampled": "C", "correct": true}}
{"type": "result", "data": {"idx": 26, "options": ["True, True", "False, False", "True, False", "False, True"], "probs": [[0.4006693232579886, 0.2710307578519005, 0.1534702297002242, 0.17482968908989224], [0.3972471328124915, 0.269079741338276, 0.14773485936491207, 0.18593826638433025], [0.40389202380879297, 0.2705748793891784, 0.17107519152422748, 0.1544579051777994], [0.39651357117428704, 0.27835652622104423, 0.1601906607803369, 0.16493924172434318]], "ideal": "C", "sampled": "A", "correct": false}}
{"type": "result", "data": {"idx": 27, "options": ["Yes, with p=2.", "Yes, with p=3.", "Yes, with p=5.", "No."], "probs": [[0.6761732335695532, 0.19459426366032662, 0.05091062276684412, 0.0783218799032675], [0.716144925151488, 0.1867602149838852, 0.03615335014818689, 0.06094150961644923], [0.6790963263978846, 0.1970472196214981, 0.040888695278620046, 0.0829677586019919], [0.5012339715967493, 0.24843761798574499, 0.08883755345522226, 0.16149085686227327]], "ideal": "B", "sampled": "B", "correct": true}}
{"type": "result", "data": {"idx": 28, "options": ["True, True", "False, False", "True, False", "False, True"], "probs": [[0.3633483475593456, 0.28938022221250337, 0.1668015424852416, 0.18046988764290914], [0.36504885703877066, 0.2752210090065383, 0.15825928121334765, 0.2014708526413531], [0.37198271410438966, 0.27772577132572546, 0.18248156426239487, 0.16780995020747463], [0.36065162639280535, 0.28987176502095346, 0.17108397141572707, 0.1783926370705255]], "ideal": "D", "sampled": "A", "correct": false}}
{"type": "result", "data": {"idx": 29, "options": ["True, True", "False, False", "True, False", "False, True"], "probs": [[0.4351940462029099, 0.2886867785069325, 0.1395904868849179, 0.1365286883052291], [0.40905625818975555, 0.2718359904744966, 0.14716725111235404, 0.17194050012338918], [0.42220052436103345, 0.2849869781013407, 0.15288413442610452, 0.13992836301152556], [0.4095443911837113, 0.29039722296559795, 0.15058721072720885, 0.14947117502347673]], "ideal": "A", "sampled": "A", "correct": true}}
{"type": "result", "data": {"idx": 30, "options": ["True, True", "False, False", "True, False", "False, True"], "probs": [[0.4496857710360176, 0.2775921784961775, 0.14100244333310633, 0.13171960703472155], [0.4141882898140513, 0.2850222994763875, 0.14826197742630814, 0.15252743318324538], [0.45375308764012184, 0.27964774155063976, 0.1458218488771883, 0.12077732183204477], [0.4331812046855413, 0.2984187119911529, 0.1427527310650906, 0.12564735215822193]], "ideal": "B", "sampled": "A", "correct": false}}
{"type": "result", "data": {"idx": 31, "options": ["commutative semi group", "abelian group", "non-abelian group", "None of these"], "probs": [[0.3514338223000456, 0.3817523544510687, 0.17795358280214502, 0.08886024034674563], [0.40173411037979034, 0.41497179378327476, 0.1062152168583804, 0.07707887887855744], [0.3742161549333836, 0.29927612977677726, 0.18147059189846762, 0.14503712329137536], [0.28305643394691393, 0.3189794309428755, 0.2192657445752641, 0.1786983904349601]], "ideal": "B", "sampled": "B", "correct": true}}
{"type": "result", "data": {"idx": 32, "options": ["True, True", "False, False", "True, False", "False, True"], "probs": [[0.4886478520033244, 0.25985086170964755, 0.12462396688559717, 0.1268773193014283], [0.4453880749878056, 0.26545158829742993, 0.14287576287379583, 0.14628457374098028], [0.4841220970269558, 0.26577579644991495, 0.1289948272097533, 0.12110727921335772], [0.46296850654630534, 0.2754634221914188, 0.13445333677492957, 0.1271147343873591]], "ideal": "A", "sampled": "A", "correct": true}}
{"type": "result", "data": {"idx": 33, "options": ["g = g^-1 for every g in G", "g = g^2 for every g in G", "(g o h)^2 = g^2 o h^2 for every g,h in G", "G is of finite order"], "probs": [[0.39385013057677554, 0.28984985397420776, 0.22167048000863812, 0.0946295353403614], [0.40304369423802533, 0.32917519763031416, 0.15904713972015092, 0.10873396831151441], [0.45225086457147373, 0.29236621834414966, 0.16023275801886086, 0.09515015896550978], [0.35442210095778803, 0.2770669797873827, 0.23969656831180772, 0.12881435084303372]], "ideal": "C", "sampled": "C", "correct": true}}
{"type": "result", "data": {"idx": 34, "options": ["True, True", "False, False", "True, False", "False, True"], "probs": [[0.4447526696835428, 0.26451730749456703, 0.12341391093905257, 0.16731611178281722], [0.42103347442635825, 0.2637690805780191, 0.12346891985680312, 0.19172852503880874], [0.4606003437054646, 0.2596151444267549, 0.12640036900193702, 0.15338414276583318], [0.4329439942759089, 0.2669106300912335, 0.1310280777769794, 0.16911729775588244]], "ideal": "A", "sampled": "A", "correct": true}}
{"type": "result", "data": {"idx": 35, "options": ["0", "4", "2", "6"], "probs": [[0.26499624112267506, 0.3624899590753682, 0.19004108387477817, 0.18247271582717378], [0.29349209790164665, 0.39439999695726125, 0.13638788113470843, 0.1757200239064092], [0.316970044284701, 0.3917670901212057, 0.1631501533714576, 0.12811271212265243], [0.3153465472244089, 0.3864790668679378, 0.12972098806044058, 0.16845339774718973]], "ideal": "B", "sampled": "C", "correct": false}}
{"type": "result", "data": {"idx": 36, "options": ["0", "1", "11", "22"], "probs": [[0.3181740889899571, 0.2984664376300906, 0.1842935394467903, 0.19906593383316815], [0.3380067843271535, 0.30759385230217734, 0.19130937163185444, 0.16308999163882643], [0.3339106778682477, 0.3369172494374003, 0.22245732257306644, 0.10671475002126589], [0.3807802468931593, 0.3579226679972437, 0.15208314143237808, 0.10921394357720152]], "ideal": "D", "sampled": "D", "correct": true}}
{"type": "result", "data": {"idx": 37, "options": ["Yes, with p=2.", "Yes, with p=3.", "Yes, with p=5.", "No."], "probs": [[0.6587100994124717, 0.21249788223215604, 0.0577176408561196, 0.0710743773992389], [0.6830710155496451, 0.21578870008152268, 0.04402683172853703, 0.057113452540298294], [0.6302904319832361, 0.23741272189144036, 0.05370952646471502, 0.0785873195606114], [0.4628266025288665, 0.28629222437259927, 0.10857448606243239, 0.14230668693611445]], "ideal": "B", "sampled": "B", "correct": true}}
{"type": "result", "data": {"idx": 38, "options": ["1", "2", "3", "4"], "probs": [[0.3389757807428282, 0.3663516281100999, 0.1673056072961791, 0.12736698375088829], [0.29986976563105017, 0.338458371317534, 0.2258960531754363, 0.1357758097759855], [0.35548621403940267, 0.3540221286495265, 0.18202388959785504, 0.10846776761323099], [0.3525532314333865, 0.4084719812277803, 0.11921391281307889, 0.11976087442577074]], "ideal": "C", "sampled": "A", "correct": false}}
{"type": "result", "data": {"idx": 39, "options": ["True, True", "False, False", "True, False", "False, True"], "probs": [[0.48105223682606907, 0.26398612222654444, 0.12784941231738886, 0.12711222852999848], [0.4356810099874168, 0.2825801425102835, 0.13043304880549803, 0.15130579859679744], [0.46591021580610015, 0.2835220228508871, 0.12931839025506447, 0.1212493709879566], [0.4464238816341836, 0.28795389558005674, 0.12542846599777704, 0.1401937566879796]], "ideal": "D", "sampled": "A", "correct": false}}
{"type": "result", "data": {"idx": 40, "options": ["0", "1", "-1", "12"], "probs": [[0.40206936972372015, 0.2721694791293687, 0.180740084733663, 0.14502106631323705], [0.39767075473276986, 0.2934174986468581, 0.15899768330335537, 0.14991406321701806], [0.3625082599174921, 0.28095306078215027, 0.1994299327707819, 0.1571087464295638], [0.4356768619887475, 0.291629837975586, 0.12283139029746928, 0.14986190963820278]], "ideal": "C", "sampled": "A", "correct": false}}
{"type": "result", "data": {"idx": 41, "options": ["0", "3", "12", "30"], "probs": [[0.42635105596427775, 0.2315505285912062, 0.14326091041607725, 0.19883750492844585], [0.3796003746897121, 0.26119289102078186, 0.19097580124266214, 0.16823093294683614], [0.42229720160813466, 0.27827479179478903, 0.17555580971228826, 0.12387219678479057], [0.43745525360287185, 0.28071589393625657, 0.14488292474725512, 0.13694592761360388]], "ideal": "A", "sampled": "D", "correct": false}}
{"type": "result", "data": {"idx": 42, "options": ["True, True", "False, False", "True, False", "False, True"], "probs": [[0.41834133548674635, 0.282086756306359, 0.14923801554397711, 0.15033389256290797], [0.4016276692654024, 0.2693221222479018, 0.14786261883207116, 0.1811875895546475], [0.4199441203905391, 0.2724931884326085, 0.15824213488470415, 0.14932055619217352], [0.4080753652188818, 0.2791544200880361, 0.15718416921231537, 0.15558604538076648]], "ideal": "B", "sampled": "A", "correct": false}}
{"type": "result", "data": {"idx": 43, "options": ["True, True", "False, False", "True, False", "False, True"], "probs": [[0.44072974409051857, 0.2893661939686416, 0.1246081246290995, 0.1452959372117524], [0.421127783627397, 0.27752005541371116, 0.13205607056305757, 0.16929609029580917], [0.4339776147224715, 0.28306552481323155, 0.13800361172305625, 0.14495324864123593], [0.41931532220694173, 0.2862432155351572, 0.1353216742641485, 0.1591197878937513]], "ideal": "C", "sampled": "A", "correct": false}}
{"type": "result", "data": {"idx": 44, "options": ["True, True", "False, False", "True, False", "False, True"], "probs": [[0.5084453442997857, 0.23554524015453954, 0.09836334527724559, 0.1576460701684105], [0.45023873085914246, 0.26370295479866374, 0.10976161955054031, 0.17629669469165626], [0.49083294144044554, 0.2517685428500033, 0.10733281224187938, 0.1500657033676609], [0.47563170957149464, 0.2605286128308468, 0.11098390509857586, 0.1528557723990855]], "ideal": "C", "sampled": "A", "correct": false}}
{"type": "result", "data": {"idx": 45, "options": ["True, True", "False, False", "True, False", "False, True"], "probs": [[0.45761209753452103, 0.2561675498639089, 0.14458065141480167, 0.1416397010867705], [0.4398371793341433, 0.2559548329821722, 0.13922869126427467, 0.16497929631940553], [0.4417957217641633, 0.264255155066247, 0.15278347345595608, 0.14116564961363112], [0.4385596780664626, 0.26911011411872543, 0.13909200092345908, 0.153238206791363]], "ideal": "C", "sampled": "A", "correct": false}}
{"type": "result", "data": {"idx": 46, "options": ["True, True", "False, False", "True, False", "False, True"], "probs": [[0.3640787849201427, 0.28596433611212985, 0.19635178230911993, 0.1536050965586142], [0.37920786894928493, 0.2752196817847112, 0.1774353373632505, 0.16813711180277238], [0.3868325039985316, 0.2759820207808473, 0.19601687536426626, 0.14116859975636117], [0.37583491008413983, 0.2825787565957005, 0.18295384221473734, 0.15863249100542878]], "ideal": "B", "sampled": "C", "correct": false}}
{"type": "result", "data": {"idx": 47, "options": ["0", "2", "1", "3"], "probs": [[0.20071899528195464, 0.4400388221021429, 0.1558153169101516, 0.2034268656057497], [0.2073365098906128, 0.4405767386591107, 0.160967634700956, 0.19111911664931394], [0.23872113295282174, 0.37219541354890323, 0.193329063882466, 0.19575438951579618], [0.1997210702425276, 0.4351001147657438, 0.13833686071606482, 0.2268419541756752]], "ideal": "B", "sampled": "C", "correct": false}}
{"type": "result", "data": {"idx": 48, "options": ["True, True", "False, False", "True, False", "False, True"], "probs": [[0.45127697010728735, 0.2759429706413934, 0.12600888923447076, 0.14677116991684125], [0.3839217650948617, 0.2969780934159776, 0.1527690844961464, 0.16633105689300373], [0.44718178413637455, 0.2928251284383197, 0.12687959244863659, 0.13311349487665622], [0.39999189379305583, 0.3003605455865246, 0.1467690070096745, 0.15287855351074586]], "ideal": "C", "sampled": "A", "correct": false}}
{"type": "result", "data": {"idx": 49, "options": ["8", "120", "240", "24"], "probs": [[0.35148624719944627, 0.2828847182012266, 0.15501673083611964, 0.21061230366319247], [0.30329752591626824, 0.328730525491141, 0.18624039126196096, 0.1817315572306328], [0.3223445939055303, 0.3358097805871918, 0.13274394407089912, 0.20910168133638307], [0.3543404406861765, 0.2796376755729009, 0.13018130463590344, 0.23584057900502317]], "ideal": "B", "sampled": "D", "correct": false}}
{"type": "result", "data": {"idx": 50, "options": ["True, True", "False, False", "True, False", "False, True"], "probs": [[0.47421991109181094, 0.24432293347519732, 0.1373745123804299, 0.14408264295255677], [0.4160467865925685, 0.25979875703941613, 0.13931379347546166, 0.18484066279256628], [0.4535199915612195, 0.26743119536831655, 0.13934661257238226, 0.13970220039806872], [0.4417371605484643, 0.2595862083175374, 0.1307850377986547, 0.16789159323534425]], "ideal": "D", "sampled": "A", "correct": false}}
{"type": "result", "data": {"idx": 51, "options": ["0", "2", "1", "3"], "probs": [[0.21365947489123968, 0.41415525689733024, 0.16875990297249677, 0.2034253651389328], [0.21624717012034705, 0.4286096112815762, 0.16451164308346308, 0.19063157541460912], [0.24784591956181656, 0.3650678521330892, 0.1951404544096331, 0.19194577379546335], [0.22037679324174583, 0.41268726858307503, 0.14275169467923174, 0.2241842433959483]], "ideal": "B", "sampled": "C", "correct": false}}
{"type": "result", "data": {"idx": 52, "options": ["6", "8", "4", "2"], "probs": [[0.2772050457984869, 0.3507400975050777, 0.2274475432870632, 0.14460731330938242], [0.33606478379194343, 0.3483075879636049, 0.20118390732230554, 0.11444372082215382], [0.33484853078004573, 0.35807982375491443, 0.17565248682684748, 0.1314191585381984], [0.2962586414280352, 0.3605190804574258, 0.20350277412671014, 0.1397195038878343]], "ideal": "A", "sampled": "C", "correct": false}}
{"type": "result", "data": {"idx": 53, "options": ["True, True", "False, False", "True, False", "False, True"], "probs": [[0.45376366491861747, 0.25253393591956924, 0.1292057243829344, 0.16449667467886034], [0.4299628792233814, 0.2576000479380977, 0.13503815592409288, 0.17739891681444042], [0.45804731141815935, 0.2475870461793727, 0.14040915379828098, 0.15395648850419774], [0.4405172670272155, 0.26056069549674804, 0.14519044501087863, 0.15373159236515668]], "ideal": "C", "sampled": "A", "correct": false}}
{"type": "result", "data": {"idx": 54, "options": ["0", "2", "1", "3"], "probs": [[0.2942865471619632, 0.38886637557172227, 0.2091930307740871, 0.10765404639223063], [0.27180230978871234, 0.43059461312005737, 0.17474816954765823, 0.12285490744358472], [0.34826400241471556, 0.343421006246216, 0.20041031144723975, 0.1079046797918274], [0.3326900986177035, 0.40847417277514236, 0.12972046473988164, 0.12911526376725685]], "ideal": "B", "sampled": "C", "correct": false}}
{"type": "result", "data": {"idx": 55, "options": ["True, True", "False, False", "True, False", "False, True"], "probs": [[0.42762717897133457, 0.25131398813885275, 0.14935986871888296, 0.17169896407091695], [0.404566221706344, 0.25320707320246594, 0.14786317781262273, 0.19436352717858496], [0.41848958555729093, 0.26272654360024905, 0.15946005086985043, 0.15932381987262811], [0.40906051183774206, 0.2676773905202501, 0.14558117168068205, 0.17768092586132073]], "ideal": "A", "sampled": "A", "correct": true}}
{"type": "result", "data": {"idx": 56, "options": ["True, True", "False, False", "True, False", "False, True"], "probs": [[0.41829605629535993, 0.26520242821836704, 0.15044079736001992, 0.1660607180262551], [0.39631366805711615, 0.27423978051176107, 0.1486125520872969, 0.18083399924383398], [0.42469661619375676, 0.2696306509844256, 0.16316098746397623, 0.14251174525783478], [0.40974149084266004, 0.27204122955093113, 0.1574075376263416, 0.16080974188007685]], "ideal": "D", "sampled": "A", "correct": false}}
{"type": "result", "data": {"idx": 57, "options": ["1", "2", "3", "4"], "probs": [[0.33695526123078823, 0.38973112514590147, 0.16324693025376003, 0.1100666832695735], [0.2886354751851528, 0.36043842240175217, 0.22357638368685415, 0.12734971862625133], [0.362896741471662, 0.36510051076276806, 0.17327685190500416, 0.09872589576056003], [0.3606941881622729, 0.42444845003032994, 0.10990281962564312, 0.10495454208175249]], "ideal": "B", "sampled": "A", "correct": false}}
{"type": "result", "data": {"idx": 58, "options": ["True, True", "False, False", "True, False", "False, True"], "probs": [[0.3526126129532491, 0.30769271115406777, 0.15361120654949847, 0.18608346924318098], [0.3449966026508525, 0.29056447627106463, 0.15249696516753655, 0.2119419558105595], [0.35741114914285393, 0.29199099384418387, 0.16810180975984548, 0.18249604715313938], [0.3447520565014188, 0.2998412937445998, 0.1615334370553107, 0.1938732125986839]], "ideal": "A", "sampled": "A", "correct": true}}
{"type": "result", "data": {"idx": 59, "options": ["True, True", "False, False", "True, False", "False, True"], "probs": [[0.4652363241335161, 0.24789549002446637, 0.13837101882381667, 0.1484971669181893], [0.4402712992274318, 0.23760882661398328, 0.13713466145257192, 0.1849852126060146], [0.4522925439144968, 0.24203089452084744, 0.1568150545061365, 0.14886150695851225], [0.43733949808719536, 0.2532363816261436, 0.1465395251519324, 0.1628845950347324]], "ideal": "A", "sampled": "A", "correct": true}}
{"type": "result", "data": {"idx": 60, "options": ["True, True", "False, False", "True, False", "False, True"], "probs": [[0.5074528914875822, 0.24336696525073737, 0.1133908257226692, 0.1357893174390082], [0.4574694920842935, 0.2611197895043958, 0.12275900450691211, 0.15865171380438353], [0.48016295728589914, 0.26696441949293875, 0.12183201935613706, 0.1310406037650144], [0.4727701326528354, 0.2644920513179567, 0.11766895064172068, 0.14506886528748997]], "ideal": "D", "sampled": "A", "correct": false}}
{"type": "result", "data": {"idx": 61, "options": ["True, True", "False, False", "True, False", "False, True"], "probs": [[0.4535448011883496, 0.2648630565398291, 0.11510467096200727, 0.16648747120983948], [0.4319474096716357, 0.2695848761592645, 0.1170339959295476, 0.18143371813955142], [0.4561509371153205, 0.2583658031223796, 0.13102328824458062, 0.15445997141771256], [0.43875568563717804, 0.2722539837267048, 0.1278346901200214, 0.16115564041610247]], "ideal": "D", "sampled": "A", "correct": false}}
{"type": "result", "data": {"idx": 62, "options": ["True, True", "False, False", "True, False", "False, True"], "probs": [[0.4249340443911603, 0.2552228123297199, 0.16804892348832778, 0.1517942196907852], [0.3963553619967262, 0.25620083474942096, 0.1687862084623017, 0.1786575946915497], [0.41657689502510187, 0.25860835940063764, 0.17633683001785236, 0.14847791545642244], [0.4071488289296737, 0.26990869552021113, 0.1671005910643454, 0.1558418843857577]], "ideal": "C", "sampled": "A", "correct": false}}
{"type": "result", "data": {"idx": 63, "options": ["not anti-symmetric", "transitive", "reflexive", "symmetric"], "probs": [[0.33095105750210996, 0.35059005188541187, 0.20028770400624357, 0.11817118650624141], [0.3744286799926275, 0.34835541611305015, 0.16179824456276382, 0.11541765923157248], [0.33141601385896424, 0.3851811089517298, 0.19361828808353923, 0.08978458900576379], [0.3070405562879515, 0.43072279600846747, 0.1582515188284292, 0.10398512877514798]], "ideal": "B", "sampled": "A", "correct": false}}
{"type": "result", "data": {"idx": 64, "options": ["1", "2", "infinitely many", "0"], "probs": [[0.1984009567790341, 0.4644837049793499, 0.21433107632247073, 0.12278426181915761], [0.24169810273400538, 0.458275231735912, 0.1698154026275879, 0.13021126280247855], [0.24666965509402372, 0.43941747949180937, 0.14780195895307083, 0.16611090636110026], [0.17166976671144285, 0.3846452438681426, 0.2520790499749225, 0.19160593934550094]], "ideal": "B", "sampled": "B", "correct": true}}
{"type": "result", "data": {"idx": 65, "options": ["True, True", "False, False", "True, False", "False, True"], "probs": [[0.4624399828258061, 0.269568168673286, 0.13296038011529662, 0.13503146828562534], [0.4190304716613972, 0.2825418368325758, 0.13236815506437408, 0.16605953634165993], [0.44350884931377005, 0.28404020661755996, 0.1337258195021144, 0.13872512446654914], [0.43959344830677993, 0.2840427726327651, 0.12591365604400223, 0.15045012291644794]], "ideal": "C", "sampled": "A", "correct": false}}
{"type": "result", "data": {"idx": 66, "options": ["True, True", "False, False", "True, False", "False, True"], "probs": [[0.5088098980395255, 0.24183712733835566, 0.1120101523898375, 0.13734282213229487], [0.47400837631188686, 0.25007652069882996, 0.12144284435689258, 0.1544722585323864], [0.5102773759318032, 0.24818203009439305, 0.11384212492401811, 0.12769846894980372], [0.4690959862203314, 0.26056158877793045, 0.1273577550625442, 0.14298466983919508]], "ideal": "D", "sampled": "A", "correct": false}}
{"type": "result", "data": {"idx": 67, "options": ["a,b in H=> a * b in H", "a in H => a^-1 in H", "a,b in H=> a * b^-1 in H", "H contains the identity element"], "probs": [[0.49133954314894707, 0.3397347849886699, 0.11535989551337598, 0.053565776248997894], [0.43428744755642823, 0.40023722689443003, 0.10211453424115402, 0.0633607912079674], [0.5185730221769872, 0.33402010388927544, 0.09163160599581523, 0.055775267837932824], [0.47585555706690114, 0.28463684780551524, 0.15311739287860204, 0.0863902021489856]], "ideal": "C", "sampled": "C", "correct": true}}
{"type": "result", "data": {"idx": 68, "options": ["(x \u2212 2)(x + 2)(x \u2212 1)(x + 1)", "(x+1)^4", "(x-1)(x+1)^3", "(x-1)^3(x+1)"], "probs": [[0.5217977261840305, 0.26607809239013613, 0.09992757255273992, 0.11219660877309907], [0.42359062510775797, 0.32861035620423895, 0.11006438601766641, 0.13773463257034788], [0.4718501548477608, 0.366384126683874, 0.09500617057326816, 0.06675954779508718], [0.43952728104746386, 0.37998424409555803, 0.09021911406115042, 0.09026936069582786]], "ideal": "A", "sampled": "A", "correct": true}}
{"type": "result", "data": {"idx": 69, "options": ["True, True", "False, False", "True, False", "False, True"], "probs": [[0.42068490333133013, 0.2571117231951556, 0.16018873687051685, 0.16201463650300882], [0.40393185300629775, 0.25302386380716135, 0.15510158825402315, 0.18794269483250933], [0.4250767343002446, 0.2568664021851544, 0.16861746839402655, 0.14943939502059472], [0.41809372345141144, 0.26718843227418876, 0.1531517247022481, 0.16156611947214666]], "ideal": "A", "sampled": "A", "correct": true}}
{"type": "result", "data": {"idx": 70, "options": ["0", "-2", "a-2", "(2+a)*-1"], "probs": [[0.32976429591562745, 0.2978036567394192, 0.1885608568648346, 0.18387119038011673], [0.2960296111328635, 0.3578535995608715, 0.21564673210132723, 0.13047005710494083], [0.37297383900282605, 0.3568966394539626, 0.15126510741555743, 0.11886441402765069], [0.35876519175548993, 0.4008229161628061, 0.1264436481856132, 0.11396824379609484]], "ideal": "D", "sampled": "D", "correct": true}}
{"type": "result", "data": {"idx": 71, "options": ["0", "4", "2", "6"], "probs": [[0.25715182655832286, 0.36342261542443777, 0.19367887017912697, 0.1857466877381147], [0.2930780490003606, 0.39303130019531035, 0.1430142976781866, 0.17087635302614057], [0.3134224044778449, 0.3970432737999603, 0.1650399390494696, 0.12449438257270333], [0.3186892664369839, 0.3812565941520784, 0.13152003395700443, 0.1685341053539324]], "ideal": "C", "sampled": "C", "correct": true}}
{"type": "result", "data": {"idx": 72, "options": ["1", "2", "3", "4"], "probs": [[0.32260773046209484, 0.30559037022454283, 0.20704027822087953, 0.16476162099249056], [0.3038558417844803, 0.3451900682909107, 0.1986310471012736, 0.15232304272331965], [0.32164420070017913, 0.3221878678863976, 0.20776920136723392, 0.1483987299461869], [0.30332920852488504, 0.37861576734372565, 0.1541474286145981, 0.1639075954167879]], "ideal": "D", "sampled": "A", "correct": false}}
{"type": "result", "data": {"idx": 73, "options": ["0", "3", "12", "30"], "probs": [[0.4393581746715232, 0.2175284134975161, 0.13509566248577035, 0.20801774924518254], [0.37668312681016275, 0.2550780838978063, 0.18205370504863327, 0.18618508414338464], [0.42280241904456306, 0.2758207013345016, 0.16321665422317438, 0.13816022529775618], [0.44395379827064735, 0.28015132442450136, 0.13043700071799985, 0.14545787648686073]], "ideal": "B", "sampled": "D", "correct": false}}
{"type": "result", "data": {"idx": 74, "options": ["True, True", "False, False", "True, False", "False, True"], "probs": [[0.4140416725520614, 0.2629409940617808, 0.1687148478162576, 0.15430248546992362], [0.4109636077578292, 0.2539723050126798, 0.1550834901068577, 0.17998059702263708], [0.42952604035686215, 0.25177076170499735, 0.17217843490352322, 0.14652476293462163], [0.40436939113177417, 0.26618030722698804, 0.16864045669204125, 0.16080984484920194]], "ideal": "D", "sampled": "A", "correct": false}}
{"type": "result", "data": {"idx": 75, "options": ["True, True", "False, False", "True, False", "False, True"], "probs": [[0.4969815612411347, 0.2698790228045174, 0.13141238658305673, 0.1017270292712872], [0.43841152832163155, 0.2726012659007809, 0.1518302380412093, 0.13715696763637195], [0.47139439410654066, 0.26673455509214616, 0.14852960478279223, 0.113341445918511], [0.4472316533806325, 0.2784779083044312, 0.15013212293443856, 0.12415831528048628]], "ideal": "B", "sampled": "A", "correct": false}}
{"type": "result", "data": {"idx": 76, "options": ["True, True", "False, False", "True, False", "False, True"], "probs": [[0.37536259456550974, 0.28330514359018655, 0.16755623128125366, 0.1737760304630405], [0.3690029593571572, 0.28257435988081353, 0.1685390740160385, 0.17988360664599198], [0.39054935472217006, 0.28407161926029706, 0.1711228668003786, 0.15425615911713894], [0.36851806988815505, 0.29307368614383794, 0.17476823233502836, 0.16364001153297567]], "ideal": "C", "sampled": "A", "correct": false}}
{"type": "result", "data": {"idx": 77, "options": ["0", "3", "12", "30"], "probs": [[0.5201965632789043, 0.18966489628216054, 0.09056422688346964, 0.19957431345545387], [0.4220408849401643, 0.24487787331221209, 0.1616024517261598, 0.17147878992146234], [0.4764514307041968, 0.250347628608289, 0.1461932623136665, 0.12700767827385212], [0.48524808100751465, 0.25523283867637037, 0.1169984793292237, 0.14252060088688961]], "ideal": "A", "sampled": "D", "correct": false}}
{"type": "result", "data": {"idx": 78, "options": ["True, True", "False, False", "True, False", "False, True"], "probs": [[0.3970052414760072, 0.29032459156447316, 0.14589886617121084, 0.1667713006883202], [0.37927291635863214, 0.2869767240565592, 0.14605787756889443, 0.18769248191590654], [0.39896111269451, 0.28079818977674637, 0.1601855749062327, 0.16005512252252788], [0.3828867791977244, 0.2969532943630791, 0.16301561409439685, 0.15714431224480566]], "ideal": "D", "sampled": "A", "correct": false}}
