{"type": "result", "data": {"idx": 0, "options": ["Cryptocurrencies, Expensive, Secure, Financial Crime", "Traditional currency, Cheap, Unsecure, Charitable giving", "Cryptocurrencies, Cheap, Secure, Financial crime", "Traditional currency, Expensive, Unsecure, Charitable giving"], "probs": [[0.34829221609819583, 0.3024338470654587, 0.249720717379664, 0.09955321935669033], [0.3434626265500292, 0.28976431472855474, 0.25364357003432186, 0.11312948858709258], [0.37278911674441984, 0.2880734433584098, 0.24573498018075818, 0.09340245961640181], [0.34046388629603025, 0.294844517482216, 0.26679402710293865, 0.09789756901882969]], "ideal": "C", "sampled": "C", "correct": true}}
{"type": "result", "data": {"idx": 1, "options": ["Unsafe practices, Wants, Fear, Trivial", "Unsafe practices, Distress, Fear, Serious", "Safe practices, Wants, Jealousy, Trivial", "Safe practices, Distress, Jealousy, Serious"], "probs": [[0.30016814558660526, 0.25473128196670186, 0.13755244752619047, 0.30754812482051247], [0.3974332556371854, 0.30825048374462866, 0.13049971402819519, 0.16381654648998883], [0.3196651786791407, 0.24652415226230534, 0.14094847556395926, 0.29286219339461306], [0.3956679967692398, 0.28354723003021376, 0.13182794474855078, 0.18895682835200425]], "ideal": "B", "sampled": "D", "correct": false}}
{"type": "result", "data": {"idx": 2, "options": ["Employee rights", "Employee rights", "Employer duties", "Employee duties"], "probs": [[0.5217499695898729, 0.2657803040726916, 0.1550565188173569, 0.05741320742006451], [0.5765568390874494, 0.24297861350461303, 0.13651086384958702, 0.04395368345832764], [0.4806217389045951, 0.2425300118335049, 0.19300488840011532, 0.0838433607617846], [0.4786507518851639, 0.28159805282468386, 0.19300607528008654, 0.04674511991007882]], "ideal": "D", "sampled": "B", "correct": false}}
{"type": "result", "data": {"idx": 3, "options": ["Presenteeism", "Absenteeism", "Work-play balance", "Work-life balance"], "probs": [[0.4052125057913751, 0.21410773752142306, 0.2290835941898441, 0.1515961623973521], [0.4238575493607115, 0.2518912834104723, 0.23316901694085954, 0.09108215018795045], [0.46435630051394555, 0.26188416862723546, 0.19123662084946347, 0.08252290990935629], [0.41425003335273125, 0.2533131444215492, 0.19231839611707124, 0.14011842600864632]], "ideal": "D", "sampled": "C", "correct": false}}
{"type": "result", "data": {"idx": 4, "options": ["Industrial supply loops", "Industrial ecosystems", "Ecological ecosystems", "Corporate ecosystems"], "probs": [[0.37077573557283494, 0.26893749838228126, 0.25976678817011845, 0.10051997777475757], [0.42769730755255325, 0.2887350818245894, 0.19989961674734624, 0.0836679937755021], [0.33922826569827297, 0.27036744814998065, 0.26413358723709196, 0.12627069881466127], [0.40006055768712456, 0.28187261655437834, 0.22286149563436605, 0.095205330024132]], "ideal": "B", "sampled": "B", "correct": true}}
{"type": "result", "data": {"idx": 5, "options": ["Power imbalance, Benefits, Hoodwinked", "Power imbalance, Resources, Co-opted", "Informational asymmetries, Benefits, Hoodwinked", "Informational asymmetries, Resources, Co-opted"], "probs": [[0.30431654788999235, 0.22251525059779528, 0.15903794412165295, 0.31413025729055527], [0.3397262301786213, 0.2251958229375631, 0.2484511572881491, 0.18662678949566835], [0.31649050613526175, 0.24312604522710354, 0.2005389712439521, 0.23984447729368885], [0.3582404207396034, 0.2290855039254993, 0.2384038863821983, 0.17427018885271145]], "ideal": "B", "sampled": "D", "correct": false}}
{"type": "result", "data": {"idx": 6, "options": ["hedonistic utilitarianism", "preference utilitarianism", "The Categorical Imperative", "ethics of care"], "probs": [[0.4674494618547967, 0.28995735325799443, 0.18142362946182533, 0.06116955532537749], [0.4581126131952606, 0.3280544864347688, 0.14377652923206322, 0.07005637103792016], [0.42187504000968407, 0.3437965476980047, 0.1692479200723434, 0.06508049211995534], [0.4479070646100122, 0.2994780439184547, 0.16491090851272092, 0.08770398285881145]], "ideal": "B", "sampled": "C", "correct": false}}
{"type": "result", "data": {"idx": 7, "options": ["The only social responsibility of business is to its shareholders", "Managers should act in ways that balance the interest of society and shareholders", "The primary responsibility organizations have is to its employees", "The primary responsibility organizations have is to its stakeholders"], "probs": [[0.4328203698395116, 0.295643841157393, 0.21023476201865066, 0.06130102688443858], [0.4704666044464574, 0.28640487219859373, 0.16823016458511075, 0.07489835866984204], [0.44060960598655247, 0.25872248808512904, 0.21949321884559375, 0.08117468698272383], [0.4831605129952245, 0.252159538281372, 0.20132896130321867, 0.06335098732017645]], "ideal": "A", "sampled": "B", "correct": false}}
{"type": "result", "data": {"idx": 8, "options": ["Legal, Interactions, Mechanics", "Civil, Relations, Outcomes", "Political, Interactions, Outcomes", "Environmental, Relations, Mechanics"], "probs": [[0.3458766578042591, 0.28433050821176636, 0.22395284473226798, 0.1458399891517068], [0.30731158615511456, 0.28705066330618373, 0.2007717050033358, 0.20486604543535775], [0.31527591334053834, 0.29549183715127747, 0.21814750738793418, 0.17108474202026214], [0.2916628018117352, 0.2821336317769665, 0.1667720998915903, 0.2594314664196961]], "ideal": "B", "sampled": "C", "correct": false}}
{"type": "result", "data": {"idx": 9, "options": ["Dynamic", "Fluid", "Flexible", "Modern"], "probs": [[0.36055667600645847, 0.3017273752001787, 0.2101840939069162, 0.12753185478644194], [0.2666910614796185, 0.23349294270649007, 0.3593746060683595, 0.14044138964554548], [0.34954073400963154, 0.28922848884506364, 0.22943941240659013, 0.13179136463869975], [0.3152824762086855, 0.2823259264707476, 0.3068372534290517, 0.09555434379152133]], "ideal": "C", "sampled": "D", "correct": false}}
{"type": "result", "data": {"idx": 10, "options": ["Breadth, Clarity, Accuracy", "Disclosure, Detail, Accuracy", "Disclosure, Clarity, Accuracy", "Disclosure, Clarity, Efficiency"], "probs": [[0.43489422893452173, 0.2889160473771082, 0.1653147994166708, 0.11087492417171882], [0.4258768322650818, 0.25546055305462634, 0.1470958481352806, 0.17156676644502178], [0.4620669989623473, 0.24865322618246918, 0.141623586143062, 0.14765618861212318], [0.42268107646841374, 0.2338388506678227, 0.18656166768982296, 0.1569184050739578]], "ideal": "C", "sampled": "B", "correct": false}}
{"type": "result", "data": {"idx": 11, "options": ["Indistinguishable, Perpetual, Does not own its own assets", "Independent, Limited, Owns its own assets", "Independent, Perpetual, Owns its own assets", "Indistinguishable, Perpetual, Owns its own assets"], "probs": [[0.41124038181363026, 0.2437485073031392, 0.20201262464384195, 0.142998486139392], [0.41470471270091636, 0.2877459971894606, 0.1926369270878865, 0.10491236292174021], [0.4811620718834652, 0.29998157608754783, 0.13219269770391798, 0.08666365422506847], [0.44525498318441237, 0.2508842724222032, 0.11906173623966014, 0.18479900805371835]], "ideal": "C", "sampled": "C", "correct": true}}
{"type": "result", "data": {"idx": 12, "options": ["Private services, social, economic and environmental", "Public services, social, cultural and environmental", "Private services, cultural, economic and environmental", "Public services, social, economic and environmental"], "probs": [[0.35291528490993623, 0.3145987692844474, 0.1917891247554289, 0.14069682095017946], [0.35608599271127744, 0.31900301696150807, 0.21377108795068706, 0.11113990227652], [0.36805507080064964, 0.31607615034575814, 0.1759080345259023, 0.13996074422768653], [0.36735622053745914, 0.32246337912067025, 0.1941425122918475, 0.11603788795001764]], "ideal": "D", "sampled": "D", "correct": true}}
{"type": "result", "data": {"idx": 13, "options": ["Predatory pricing", "Deceptive pricing", "Price fixing", "Skimming"], "probs": [[0.253481072497708, 0.2957364706248555, 0.39516301582156305, 0.05561944095587994], [0.23286028517649482, 0.2991596617319466, 0.4090924804380622, 0.05888757255349689], [0.2593560514269075, 0.296218942428725, 0.3592570330293718, 0.08516797301499258], [0.2576326996373403, 0.326981313144492, 0.35778431653661025, 0.05760167058156096]], "ideal": "B", "sampled": "D", "correct": false}}
{"type": "result", "data": {"idx": 14, "options": ["Normative, Descriptive and Economic", "Normative, Moral and Instrumental", "Political, Descriptive and Instrumental", "Normative, Descriptive and Instrumental"], "probs": [[0.3641586692138392, 0.36001223448537767, 0.19120230155849588, 0.08462679464229639], [0.3707106823204075, 0.36363923505350515, 0.20643052582289648, 0.05921955670320506], [0.3949766220296367, 0.3461331991900366, 0.171566340125138, 0.08732383855519595], [0.3846912910879165, 0.3429408303750539, 0.17753851196917503, 0.09482936646786362]], "ideal": "D", "sampled": "C", "correct": false}}
{"type": "result", "data": {"idx": 15, "options": ["Work-life balance", "Healthy and safe working conditions", "Employee privacy", "Free Speech"], "probs": [[0.4643303078528051, 0.22550049606995623, 0.24767381937490687, 0.06249537660232516], [0.5461024070360584, 0.2174223087082234, 0.15394990125674268, 0.08252538289897675], [0.4331777764724777, 0.15459637887735525, 0.2611401160596049, 0.15108572849058602], [0.42847360187204453, 0.22112389293751844, 0.26541594001936536, 0.08498656507105584]], "ideal": "B", "sampled": "B", "correct": true}}
{"type": "result", "data": {"idx": 16, "options": ["To make a profit", "To procure resources", "To communicate with shareholders", "To mediate between the organisation and the environment"], "probs": [[0.3950731477279307, 0.25792778778311726, 0.23549612359171349, 0.11150294079726175], [0.457754226260239, 0.2797731012071339, 0.22166549156122353, 0.04080718087139699], [0.4819344198512099, 0.2758904872450234, 0.20762746086028863, 0.03454763194347358], [0.44769542563882425, 0.24944987551422043, 0.24302796702240956, 0.05982673172454787]], "ideal": "A", "sampled": "C", "correct": false}}
{"type": "result", "data": {"idx": 17, "options": ["That it is in an organization's own best interest to put itself first rather than its ethics", "That it is in an organization's best interest to consider what a shareholder would want", "That it is in an organization's own best interest to act in an ethical way", "That it is in an organization's own best interest to follow the legislation and abide by the law"], "probs": [[0.4410324670835979, 0.301160520139036, 0.20171721083636704, 0.05608980184101705], [0.45164881218136765, 0.3019597947380739, 0.1701035785668159, 0.07628781441373159], [0.45525069696917164, 0.28238032437549665, 0.184868478204938, 0.07750050035039827], [0.4261470721723314, 0.2735439273727248, 0.21451634848482654, 0.08579265187011981]], "ideal": "C", "sampled": "B", "correct": false}}
{"type": "result", "data": {"idx": 18, "options": ["Consumer inclusion", "Consumer control", "Consumer privacy", "Consumer exclusion"], "probs": [[0.3990295588066551, 0.25888844459531213, 0.2606282204470231, 0.0814537760510213], [0.42103408484006627, 0.24888838870830374, 0.2478214517033515, 0.0822560746482772], [0.41311932442123744, 0.20951018633575483, 0.2857335941115391, 0.09163689503148667], [0.3255475320687773, 0.22787795535824276, 0.3368427715912221, 0.10973174088175118]], "ideal": "C", "sampled": "B", "correct": false}}
{"type": "result", "data": {"idx": 19, "options": ["1,2,3", "1,3,4", "2,3,4", "1,2,3,4"], "probs": [[0.39892580984624487, 0.28517294367389084, 0.1508345726094479, 0.16506667377042353], [0.47290562527153773, 0.28587692668121145, 0.1359102641836887, 0.10530718376356923], [0.39746856409146053, 0.27563332077175207, 0.17540443082951127, 0.1514936842072986], [0.3821385341665065, 0.29987342597644173, 0.1386156307596527, 0.17937240899739157]], "ideal": "A", "sampled": "B", "correct": false}}
{"type": "result", "data": {"idx": 20, "options": ["Gig, Flexibility, Risk, Social welfare structures", "Sharing, Risk, Flexibility, Autonomy", "Gig, Risk, Flexibility, Autonomy", "Sharing, Flexibility, Risk, Social welfare structures"], "probs": [[0.3536778460623341, 0.30855494321978477, 0.19131722634829598, 0.14644998426957873], [0.3157913872777185, 0.28408453948582263, 0.13535158078697523, 0.2647724923494835], [0.3497293768867639, 0.2779801542599303, 0.1710249882816561, 0.20126548047165513], [0.31610811416059137, 0.2836724733996815, 0.13465066607515785, 0.2655687462645495]], "ideal": "A", "sampled": "C", "correct": false}}
{"type": "result", "data": {"idx": 21, "options": ["Egoism", "Cognitive moral development", "Power distance", "Uncertainty avoidance"], "probs": [[0.43292470422837487, 0.25812108907817183, 0.22092409272155603, 0.08803011387189978], [0.5229386051948008, 0.2695519568283758, 0.12736647645583865, 0.08014296142100576], [0.44785604689218694, 0.2674156080104492, 0.18515185243229998, 0.09957649256505574], [0.4265895492322446, 0.29133291855740506, 0.20491179892971811, 0.07716573318062792]], "ideal": "B", "sampled": "B", "correct": true}}
{"type": "result", "data": {"idx": 22, "options": ["Descriptive, Normative", "Normative, Instrumental", "Normative, Descriptive", "Ethical, Descriptive"], "probs": [[0.4517948103690867, 0.29783586050927796, 0.18135427165735385, 0.06901505736427646], [0.4804931560356102, 0.26599705799804957, 0.16881650370308574, 0.0846932821632542], [0.4964001269959377, 0.27871746428645483, 0.14843018907958624, 0.07645221953802725], [0.3982181276232772, 0.23805239813352325, 0.2563186460041223, 0.1074108281390744]], "ideal": "C", "sampled": "B", "correct": false}}
{"type": "result", "data": {"idx": 23, "options": ["Social consensus, Temporal immediacy, Proximity", "Proximity, Social dissensus, Futility of effect", "Proximity, Temporal immediacy, Social dissensus", "Social dissensus, Cultural immediacy, Proximity"], "probs": [[0.3887667451946916, 0.25522202865026505, 0.2318141944443797, 0.12419703161066864], [0.41884997940289465, 0.2799254277706145, 0.163942253199229, 0.13728233952725907], [0.4398112058834942, 0.2918571932077157, 0.17332121209015483, 0.09501038871864162], [0.39634673879698507, 0.24593985894358647, 0.18699033470313683, 0.17072306745629073]], "ideal": "A", "sampled": "C", "correct": false}}
{"type": "result", "data": {"idx": 24, "options": ["Increase Revenue", "Increase Costs", "Decrease Revenue", "Decrease Costs"], "probs": [[0.38597788793372034, 0.3105412695895163, 0.2311444659833212, 0.07233637639345292], [0.44448722092292486, 0.3389719478176593, 0.15779840809763898, 0.05874242306179173], [0.4472313159293501, 0.30795898845160236, 0.18087882315579212, 0.06393087236323458], [0.42558691334503285, 0.32766451177130174, 0.19047397677881284, 0.05627459800486202]], "ideal": "A", "sampled": "C", "correct": false}}
{"type": "result", "data": {"idx": 25, "options": ["Enlightened self interest", "Social licence to operate", "Community approval", "Supply chain responsibility"], "probs": [[0.4074376436722205, 0.2488246651495367, 0.2609262386831099, 0.0828114523951286], [0.5060477497087335, 0.23402476695180416, 0.1757764354051487, 0.08415104783432115], [0.46875054388583665, 0.24271940842490583, 0.1902048954111803, 0.09832515217806978], [0.41547548707602067, 0.21203949678411663, 0.28729803471575455, 0.0851869813241048]], "ideal": "B", "sampled": "B", "correct": true}}
{"type": "result", "data": {"idx": 26, "options": ["Corporate Opaqueness", "Corporate Transparency", "Corporate Openness", "Corporate Visibility"], "probs": [[0.410514724226684, 0.2517956623709185, 0.24402578849200077, 0.09366382481039684], [0.4323352904635606, 0.2611383460413036, 0.2140593651495841, 0.09246699824554581], [0.42667763501684175, 0.21286914377344693, 0.23379773148645583, 0.12665548962324508], [0.4109597221662276, 0.22856738413185185, 0.20039426675105074, 0.16007862685087434]], "ideal": "B", "sampled": "C", "correct": false}}
{"type": "result", "data": {"idx": 27, "options": ["Environmental management systems, SA8000, EMAS", "Social accountability standards, ISO14001, SA8000", "Environmental management systems, ISO14001, EMAS", "Social accountability standards, EMAS, SA8000"], "probs": [[0.3619687694328307, 0.2855303577300552, 0.17712732081484517, 0.1753735519222847], [0.34293461900637695, 0.31025027784029097, 0.19157130637829217, 0.15524379667505261], [0.34934634247515445, 0.2863333313179607, 0.20613390231519824, 0.15818642379169068], [0.3745045012884924, 0.3308016851153609, 0.15983414083198977, 0.13485967266416793]], "ideal": "C", "sampled": "A", "correct": false}}
{"type": "result", "data": {"idx": 28, "options": ["Canada, Market, Relationship", "China, Market, Relationship", "Canada, Relationship, Market", "China, Relationship, Market"], "probs": [[0.3441035906950947, 0.2952654543737505, 0.22215260669692138, 0.1384783481342373], [0.3487918242022391, 0.30360371457593166, 0.24355112344024185, 0.1040533376815791], [0.3201697263779003, 0.2996630455809393, 0.23338859440196788, 0.14677863353920034], [0.3453450703728888, 0.29504055686876834, 0.23731239407187252, 0.12230197858646862]], "ideal": "D", "sampled": "B", "correct": false}}
{"type": "result", "data": {"idx": 29, "options": ["Generating Data About Stakeholder Groups", "Assessing The Firm's Effects On Stakeholder Groups", "Distributing Stakeholder Information Throughout The Firm", "Minimizing The Influence Of Stakeholder Information On The Firm"], "probs": [[0.4552047558624281, 0.2081636537932106, 0.2692714659260422, 0.06736012431832349], [0.44865226393242225, 0.2288504446328149, 0.27197041550753165, 0.05052687582722936], [0.4068097954539703, 0.20627553304669463, 0.318779760606251, 0.06813491079308147], [0.42879931602727506, 0.24822948695209993, 0.26995393877108337, 0.05301725814954825]], "ideal": "D", "sampled": "A", "correct": false}}
{"type": "result", "data": {"idx": 30, "options": ["Intrusive, Artificial, Consumerism, Insecurity, Social Stereotypes", "Intrusive, Artificial, De-materialism, Security, Happiness", "Intrusive, Real, Consumerism, Insecurity, Happiness", "Intrusive, Real, De-materialism, Security, Social stereotypes"], "probs": [[0.3990540102852986, 0.29606985803619107, 0.19471213581115768, 0.11016399576737113], [0.39237433363877294, 0.28029129762567045, 0.17522980236577768, 0.15210456626975183], [0.42926360397221763, 0.27522040181642743, 0.15304041638817578, 0.14247557772316757], [0.38746920655328876, 0.2587923130047951, 0.17451109967754289, 0.17922738066436306]], "ideal": "A", "sampled": "C", "correct": false}}
{"type": "result", "data": {"idx": 31, "options": ["Share options, Senior managers, Share Price", "Share options, All employees, Share Price", "Non-financial remunerations, Senior managers, Employee Satisfaction", "Non-financial remunerations, All employees, Employee Satisfaction"], "probs": [[0.38711853852332195, 0.2728711466765915, 0.10733468426310012, 0.23267563043699074], [0.3789249242652067, 0.2951628072411292, 0.18895808435166928, 0.1369541840419942], [0.3485909406659051, 0.2814527081755097, 0.14823629482757864, 0.22172005623101373], [0.40622995250703914, 0.2741434202363238, 0.20655845957214533, 0.11306816758450194]], "ideal": "A", "sampled": "D", "correct": false}}
{"type": "result", "data": {"idx": 32, "options": ["1,2,4", "1,2,3,4", "1,2", "1,4"], "probs": [[0.4501930729311122, 0.279476925240577, 0.18842265471148303, 0.08190734701682849], [0.4323767824958311, 0.30097109077017314, 0.1528603269345709, 0.11379179969942178], [0.45912429352895756, 0.2845458540959687, 0.1377980544023752, 0.11853179787270933], [0.47450008904411733, 0.26939582810442536, 0.16468505983577977, 0.09141902291569699]], "ideal": "D", "sampled": "C", "correct": false}}
{"type": "result", "data": {"idx": 33, "options": ["Government, Avenue of approach, Breadth of transmission, Content", "Consumers, Avenue of approach, Height of transmission, Content", "Government, Breath of transmission, Avenue of approach, Content", "Employees, Breadth of transmission, Content, Avenue of approach"], "probs": [[0.3023800309375888, 0.25624155926320785, 0.17126712927357457, 0.27011128042563376], [0.25647045118162887, 0.24659580836053574, 0.16063032479387784, 0.3363034155639521], [0.2941278461143935, 0.252109922970997, 0.18582974050971865, 0.267932490304894], [0.28701935121663025, 0.23685968634026677, 0.15713012835280035, 0.3189908339902977]], "ideal": "A", "sampled": "A", "correct": true}}
{"type": "result", "data": {"idx": 34, "options": ["A theory which states that an action is morally incorrect if it promotes the greatest good for the greatest number", "A theory which states that an action is morally right if it promotes the greatest good for the decision maker", "A theory which states that an action is morally right if it promotes the greatest good for the smallest number", "A theory which states that an action is morally right if it promotes the greatest good for the greatest number"], "probs": [[0.5870768376404968, 0.2480403143258699, 0.11144826388246373, 0.053434584051184585], [0.5427276747544133, 0.24772673894212824, 0.15277241637590144, 0.0567731698275518], [0.6037422966607386, 0.2472323860908361, 0.11555600743446673, 0.033469309713968505], [0.5911795231727454, 0.25680689993580574, 0.11539105188035957, 0.03662252491106601]], "ideal": "D", "sampled": "D", "correct": true}}
{"type": "result", "data": {"idx": 35, "options": ["Decision, Market equilibrium, Rationality", "Attitudinal, Planned Behaviour, Social pressures", "Decision, Planned behaviour, Rationality", "Attitudinal, Market equilibrium, Social pressures"], "probs": [[0.3367959095087255, 0.23815572977877572, 0.3007276672712707, 0.12432069334123025], [0.3256020905534972, 0.27165124021955783, 0.26973708327354434, 0.13300958585338743], [0.34003794882028365, 0.24517678166703497, 0.27956180575569384, 0.13522346365697555], [0.30899266972765616, 0.2582140469348863, 0.2577662274972545, 0.17502705574018754]], "ideal": "C", "sampled": "C", "correct": true}}
{"type": "result", "data": {"idx": 36, "options": ["Eco-strategy", "Green Marketing", "Superfund reauthorization", "Recycle and reprocess management"], "probs": [[0.3861626898509762, 0.29362298567216855, 0.21772008020681885, 0.10249424417002959], [0.3800645161410175, 0.3070732642856399, 0.206628689561285, 0.10623352991205187], [0.34954305172166994, 0.3290706926394404, 0.20991100910891025, 0.11147524642996744], [0.4199542014322776, 0.32524191065634805, 0.15020483180157848, 0.10459905600977092]], "ideal": "B", "sampled": "D", "correct": false}}
{"type": "result", "data": {"idx": 37, "options": ["The short-term maintenance of systems according to environmental, economic and social considerations", "The long-term maintenance of processes according to environmental, economic and cultural considerations.", "The short-term maintenance of systems according to environmental, political and social considerations.", "The long-term maintenance of systems according to environmental, economic and social considerations."], "probs": [[0.4116081733478576, 0.2868277072016628, 0.1532551573533736, 0.1483089619970947], [0.39414146695375357, 0.2899126416325805, 0.19449187766338624, 0.12145401365029812], [0.3877704686012151, 0.30357480302071416, 0.19557214635509326, 0.11308258192299625], [0.4530808548987699, 0.2846055215623761, 0.16166220302551193, 0.10065142041333906]], "ideal": "D", "sampled": "D", "correct": true}}
{"type": "result", "data": {"idx": 38, "options": ["Size and complexity, owner and family member influence on the organisation, shareholder and stakeholder power", "Lack of organisational resources, size and complexity, owner and family member influence", "Informal relationships, owner and family member influence on the organisation, lack of organisational resources", "Bureaucratic and formal organisational structure, lack of organisational resources, conflicts of interest"], "probs": [[0.47453745873875786, 0.24982461357513466, 0.2127226197196184, 0.06291530786649771], [0.463784929989254, 0.26047284206867816, 0.22372792862934718, 0.05201429921272855], [0.4541229824822088, 0.26985492242326603, 0.24314608281986327, 0.032876012174673494], [0.4451817509451138, 0.2540761373734346, 0.24690453113303185, 0.05383758044844174]], "ideal": "C", "sampled": "A", "correct": false}}
{"type": "result", "data": {"idx": 39, "options": ["International supply chain, Static, Disconnected", "Global production network, Dynamic, Relational", "International supply chain, Dynamic, Disconnected", "Global production network, Static, Relational"], "probs": [[0.25141340513637983, 0.3420769823616412, 0.28720895969065363, 0.11930065271132002], [0.29536257082666684, 0.3278608835297695, 0.2857084618533756, 0.09106808369019484], [0.25044515554517716, 0.3164260438280736, 0.30606391403416616, 0.12706488649259015], [0.2247417504208618, 0.2933998182384995, 0.32575067025824783, 0.15610776098239873]], "ideal": "B", "sampled": "B", "correct": true}}
{"type": "result", "data": {"idx": 40, "options": ["1,3,4", "2,3,4", "1,2,3", "1,2,4"], "probs": [[0.4761012938489596, 0.2513995843762869, 0.15802223144406274, 0.11447689023068806], [0.4527089082490029, 0.2753637605223263, 0.18773925143147957, 0.08418807969719343], [0.42300783647339335, 0.28015418430615613, 0.17335594199631243, 0.12348203712415104], [0.471310279570035, 0.27881244523478876, 0.16562463295645208, 0.08425264213870072]], "ideal": "D", "sampled": "D", "correct": true}}
{"type": "result", "data": {"idx": 41, "options": ["Russia, China, Britain", "Norway, China, Russia", "Britain, United States, Australia", "Canada, Russia, United States"], "probs": [[0.41878148213784777, 0.2876533738524111, 0.1873341198022396, 0.10623102410750355], [0.42390551547802163, 0.2717813336164034, 0.21713000256023507, 0.08718314824534475], [0.4019373406574564, 0.3005896943311485, 0.22164665493540997, 0.07582630997598884], [0.409999577365419, 0.2474816491917045, 0.2190766252542312, 0.12344214808864609]], "ideal": "A", "sampled": "D", "correct": false}}
{"type": "result", "data": {"idx": 42, "options": ["Moral imagination", "Ethical reflexivity", "Moral originality", "Moral reflexivity"], "probs": [[0.4962435184094416, 0.2075985778509321, 0.14106500099720976, 0.15509290264240416], [0.541118118174683, 0.2012228961582752, 0.15216179397115312, 0.10549719159588965], [0.4742015170623243, 0.19853988258140068, 0.14569256604278874, 0.18156603421348913], [0.5503174810352051, 0.20108226282615738, 0.1309043651999378, 0.11769589083871759]], "ideal": "A", "sampled": "B", "correct": false}}
{"type": "result", "data": {"idx": 43, "options": ["Rigid negotiations, Enhanced reputation, Greater opportunities", "Damaged relationships, Sullied reputation, Lost opportunities", "Rigid negotiations, Sullied Reputation, Lost opportunities", "Damaged relationships, Rigid negotiations, Lost opportunities"], "probs": [[0.35099939412696757, 0.2655683777607201, 0.26830084750252586, 0.11513138050978375], [0.36573607535135194, 0.2854482667943471, 0.2412863720371888, 0.10752928571711408], [0.3543910831438293, 0.26238186748706444, 0.2238291404149718, 0.1593979088541466], [0.3360945362562055, 0.25993378546713797, 0.26435945151620244, 0.13961222666044557]], "ideal": "B", "sampled": "B", "correct": true}}
{"type": "result", "data": {"idx": 44, "options": ["Ethical splicing", "Moral framing", "Ethical window dressing", "Moral splicing"], "probs": [[0.46839490729161476, 0.24789697617091144, 0.14985925403775252, 0.13384886239972651], [0.402492461662661, 0.2370585885505316, 0.19849461157373996, 0.16195433811306414], [0.39539606404250494, 0.2593883701675873, 0.2484302054490909, 0.09678536024082149], [0.4425516158779956, 0.2530604420745141, 0.20911951126678013, 0.09526843068071172]], "ideal": "B", "sampled": "A", "correct": false}}
{"type": "result", "data": {"idx": 45, "options": ["Moral imagination", "Personal integrity", "Cognitive moral development", "Locus of control"], "probs": [[0.568856891532154, 0.2160798072397308, 0.09335122046248094, 0.12171208066565095], [0.566023529400041, 0.19218417100422489, 0.1627934506082924, 0.07899884888744005], [0.5873791741794755, 0.19922028361862407, 0.10487982440851669, 0.10852071769340003], [0.5650222846181088, 0.21341819041241586, 0.10526568010045723, 0.11629384476901819]], "ideal": "D", "sampled": "D", "correct": true}}
{"type": "result", "data": {"idx": 46, "options": ["Boundaryless, Control information, Private spaces", "Public spaces, Maintain individual privacy, Private spaces", "Boundaryless, Control information, Public spaces", "Private spaces, Maintain individual privacy, Public spaces"], "probs": [[0.364481026083928, 0.3136986546044327, 0.2195672753413264, 0.10225304387029753], [0.37669524098272056, 0.29048929007297, 0.21956650092807997, 0.11324896791621039], [0.3917260154060167, 0.30651861154763815, 0.22218907296873588, 0.07956629997762188], [0.3945254238136287, 0.30905731413251075, 0.20393565706089697, 0.09248160489295514]], "ideal": "C", "sampled": "D", "correct": false}}
{"type": "result", "data": {"idx": 47, "options": ["Social Contract", "Duty Ethics", "Consequentialism", "Virtue Ethics"], "probs": [[0.5588413998784578, 0.24281795651945126, 0.11491203958626184, 0.08342860391582127], [0.5511000863187449, 0.26141055532776913, 0.12292370052841206, 0.06456565772505238], [0.5518456319194569, 0.24603204065730558, 0.1278757913190458, 0.07424653600421263], [0.5237598061993667, 0.2692441822140315, 0.12697125048164495, 0.08002476100494212]], "ideal": "A", "sampled": "A", "correct": true}}
{"type": "result", "data": {"idx": 48, "options": ["Little power, Small contribution, Business malpractice", "Little power, Major contribution, Corporate social responsibility", "Huge power, Small contribution, Corporate social responsibility", "Huge power, Major contribution, Business malpractice"], "probs": [[0.2996607677746908, 0.2908690641152367, 0.2825918200053061, 0.12687834800477565], [0.28695991884534133, 0.3279889646426632, 0.23448372039950316, 0.15056739601250205], [0.29554568720285834, 0.2965174579249581, 0.1656278340911692, 0.2423090206810045], [0.24785465071526555, 0.27935843350235684, 0.22590224938767306, 0.24688466629471292]], "ideal": "D", "sampled": "C", "correct": false}}
{"type": "result", "data": {"idx": 49, "options": ["Political, Legal, Ethical and Philanthropic", "Economic, Legal, Ethical and Philanthropic", "Economic, Legal, Cultural and Philanthropic", "Economic, Legal, Ethical and Environmental"], "probs": [[0.4118121675789479, 0.33563188487688234, 0.1594268173119134, 0.09312913013225127], [0.42302494333242086, 0.32095883534966463, 0.14866713409084314, 0.10734908712706719], [0.3929303092958836, 0.3231109661559273, 0.15402723508799654, 0.12993148936019883], [0.40917252442603447, 0.3146590953961508, 0.19060414653630056, 0.08556423354149711]], "ideal": "B", "sampled": "B", "correct": true}}
{"type": "result", "data": {"idx": 50, "options": ["Proactive, Groups, Under-represented, Increase", "Passive, Groups, Under-represented, Retain", "Proactive, Individuals, Represented, Increase", "Passive, Individuals, Represented, Retain"], "probs": [[0.4245313621143745, 0.2868092569568493, 0.1962435534866745, 0.09241582734209552], [0.3559402766474133, 0.2904991604121107, 0.23450691132883764, 0.1190536515116209], [0.39004586337020636, 0.29458867557616325, 0.21392517455990678, 0.10144028639372482], [0.3812476062686763, 0.28090291445765797, 0.21759998796284044, 0.12024949121083267]], "ideal": "A", "sampled": "A", "correct": true}}
{"type": "result", "data": {"idx": 51, "options": ["Caveat emptor, Company Responsibility, Informal codes, International", "Caveat emptor, Buyer beware, Regulation, National", "Cemptor Eaveat, Buyer beware, Regulation, National", "Cemptor Eaveat, Company Responsibility, Informal Codes, International"], "probs": [[0.3308039903106828, 0.27207390027905126, 0.1329483524385371, 0.26417375687172095], [0.29002027323929935, 0.30658317341891744, 0.2048136554312343, 0.19858289781054622], [0.4032293251045371, 0.2853714984900076, 0.12401372469099148, 0.18738545161446107], [0.34122958968353073, 0.28204038165696926, 0.09914434875303169, 0.27758567980649307]], "ideal": "B", "sampled": "C", "correct": false}}
{"type": "result", "data": {"idx": 52, "options": ["Consumer inclusion", "Consumer competence", "Consumer exclusion", "Consumer vulnerability"], "probs": [[0.33041088385459255, 0.24739968273932994, 0.3131424875129781, 0.10904694579310441], [0.3067273897544399, 0.2235883612289327, 0.307516768835559, 0.162167480081064], [0.35257117590438336, 0.24710946393814281, 0.3025845153551619, 0.09773484470233479], [0.33802520113395523, 0.2667269430531259, 0.29778980123926635, 0.09745805447364556]], "ideal": "D", "sampled": "A", "correct": false}}
{"type": "result", "data": {"idx": 53, "options": ["Power, Legitimacy, Salience Urgency", "Legitimacy, Urgency, Salience, Power", "Power, Legitimacy, Urgency, Salience", "Salience, Power, Urgency, Legitimacy"], "probs": [[0.39197453119793374, 0.20946584090800083, 0.1517269815604567, 0.2468326462336127], [0.38980991934080633, 0.20387897250842574, 0.1498015039182888, 0.25650960413248775], [0.3800643624654965, 0.18786874224900182, 0.13989217437303308, 0.292174720812459], [0.38908271198026584, 0.21327781487602698, 0.16299627895311297, 0.23464319409059659]], "ideal": "C", "sampled": "B", "correct": false}}
{"type": "result", "data": {"idx": 54, "options": ["Ethics of duty, Ethics of rights and justice, Principle", "Utilitarianism, Egoism, Principle", "Ethics of duty, Utilitarianism, Consequentialist", "Egoism, Ethics of rights and justice, Consequentialist"], "probs": [[0.443336062317235, 0.23902156287590387, 0.19458877453001963, 0.12305360017682948], [0.42438858219350056, 0.24176020900440473, 0.18500964652826254, 0.14884156217384936], [0.45304028169393096, 0.2657454294715001, 0.19005018317301092, 0.09116410556155631], [0.47869614842215613, 0.2498701453275745, 0.1560906508670263, 0.11534305528323849]], "ideal": "A", "sampled": "D", "correct": false}}
{"type": "result", "data": {"idx": 55, "options": ["1,2,3,4", "1,3,4", "1,2,3", "1,2,4"], "probs": [[0.4193513184686389, 0.27527008426901667, 0.1527137044618771, 0.15266489270047648], [0.467511136384862, 0.25064174478169904, 0.14797652344439763, 0.13387059528903952], [0.4127161182628025, 0.26010322170618555, 0.15011492753864372, 0.1770657323923778], [0.46482924084721, 0.26504900149069854, 0.1593393258353355, 0.11078243172676218]], "ideal": "C", "sampled": "B", "correct": false}}
{"type": "result", "data": {"idx": 56, "options": ["Private regulation, Lobbying, Environmental, Fundraising", "Private regulation, Consumer Marketing, Legal, Fundraising", "Corporate political activity, Lobbying, Legal, Campaigning", "Corporate political activity, Consumer marketing, Environmental, Campaigning"], "probs": [[0.35354893984325453, 0.24373692477558462, 0.18928545419086534, 0.21342868109031696], [0.3753725293475806, 0.2645530839208064, 0.24735021336009674, 0.11272417327151611], [0.41180951516176495, 0.29854946380938696, 0.16651935996795278, 0.12312166096088602], [0.39618566187301946, 0.25749613731340465, 0.19656392187560368, 0.14975427883795722]], "ideal": "C", "sampled": "D", "correct": false}}
{"type": "result", "data": {"idx": 57, "options": ["Legislation, Sarbanes-Oxley Act", "Internal company policy, Unethical corporate practices act", "Internal company policy, Sarbanes-Oxley Act", "Legislation, Unethical corporate practices act"], "probs": [[0.3320605212156481, 0.3125587874453267, 0.23978697067411534, 0.11559372056489309], [0.3523161142343741, 0.30594351754265237, 0.18781388678340522, 0.15392648133955839], [0.3585861779029644, 0.3234559485296817, 0.1979317749803004, 0.12002609848706715], [0.3435214096129108, 0.31204043500931783, 0.1456646870854745, 0.198773468192294]], "ideal": "A", "sampled": "C", "correct": false}}
{"type": "result", "data": {"idx": 58, "options": ["Appeal to higher loyalties, Denial of injury, Metaphor of the ledger", "Appeal to higher loyalties, Metaphor of the ledger, Denial of injury", "Denial of injury, Appeal to higher loyalties, Metaphor of the ledger", "Denial of injury, Metaphor of the ledger, Appeal to higher loyalties,"], "probs": [[0.4100528661713375, 0.27106872294919276, 0.13826750519047096, 0.1806109055889889], [0.37599063002893435, 0.2720148324430511, 0.18263790037101343, 0.16935663705702056], [0.3824258505465019, 0.27570782507075026, 0.17566495188003534, 0.16620137240269955], [0.37848983281494575, 0.27692624227561774, 0.186324843973375, 0.15825908083606416]], "ideal": "C", "sampled": "A", "correct": false}}
{"type": "result", "data": {"idx": 59, "options": ["Openness", "Integrity", "Availability", "Acceptability"], "probs": [[0.3421446221378209, 0.1635495724392164, 0.36520405395824845, 0.12910175136471141], [0.35559179699311505, 0.20008893464758187, 0.3202784155479891, 0.1240408527113089], [0.29702195587819935, 0.15503830770582003, 0.4004870823564199, 0.14745265395954252], [0.33306012448102695, 0.18673722456869232, 0.35636974547968, 0.12383290537061489]], "ideal": "D", "sampled": "A", "correct": false}}
{"type": "result", "data": {"idx": 60, "options": ["Tailored, Individual", "Situational, Individual", "Situational, Tailored", "Individual, Situational"], "probs": [[0.42397775216045797, 0.23105234519636692, 0.2591830695988236, 0.08578683294434937], [0.524063473090711, 0.20442911418651716, 0.18029090365477296, 0.091216508968008], [0.5055792362875183, 0.21495730304282196, 0.16527878179039998, 0.11418467877925757], [0.38905456103649305, 0.20589866892155836, 0.2921537068047457, 0.1128930631372022]], "ideal": "D", "sampled": "B", "correct": false}}
{"type": "result", "data": {"idx": 61, "options": ["Globalisation, Cultural, Legal, Accountability", "Nationalisation, Cultural, Environmental, Accountability", "Privatisation, Cultural, Legal, Accountability", "Globalisation, Technological, Financial, Accountability"], "probs": [[0.32309849209709374, 0.23316347442389188, 0.15357268054429069, 0.2901653528347345], [0.23565411789316207, 0.18342682469356386, 0.16525901652620809, 0.4156600407870761], [0.31748671774961124, 0.24939148369147693, 0.21219841055892366, 0.22092338789999102], [0.26937146954404617, 0.23949934563247263, 0.17603913435948118, 0.315090050364004]], "ideal": "A", "sampled": "A", "correct": true}}
{"type": "result", "data": {"idx": 62, "options": ["2,3", "1,3", "3,4", "1,2,3,4"], "probs": [[0.42455974187293194, 0.2682756776163482, 0.16533631580161443, 0.1418282646090938], [0.479160950206369, 0.24171538378618854, 0.17628390719781908, 0.10283975870963499], [0.4603990912837799, 0.2862929730947968, 0.1792260449512994, 0.07408189057013072], [0.39505562430582947, 0.3320744116829797, 0.18184388030829302, 0.09102608360288425]], "ideal": "B", "sampled": "A", "correct": false}}
{"type": "result", "data": {"idx": 63, "options": ["Bottom, Globalisation, Social, Environmental", "Top, Globalisation, Political, Environmental", "Bottom, Standardisation, Social, Economic", "Top, Standardisation, Political, Economic"], "probs": [[0.3144479664668464, 0.23787915559186543, 0.24440271554405957, 0.20327016229720557], [0.37052401036428717, 0.24085501164854425, 0.26436380379762053, 0.12425717408955868], [0.3300392973426484, 0.2335777779849166, 0.22275809369792668, 0.21362483087449607], [0.38427211408963685, 0.22929214008159124, 0.2710113596201921, 0.11542438610857227]], "ideal": "A", "sampled": "B", "correct": false}}
{"type": "result", "data": {"idx": 64, "options": ["Shareholders, Care and Skill, Diligence", "Stakeholder, Care and Skill, Diligence", "Shareholders, Self-interest, Diligence", "Stakeholders, Care and skill, Self-interest"], "probs": [[0.3741519901038934, 0.306555820933368, 0.14683459421583633, 0.17245759464690144], [0.37162344810060877, 0.26007506624399673, 0.14630765250172448, 0.2219938330536856], [0.3091973253308351, 0.2127545178943443, 0.10675714866733918, 0.3712910080074659], [0.37418873517549067, 0.2819171997420609, 0.1414780573199083, 0.20241600766252804]], "ideal": "A", "sampled": "B", "correct": false}}
