{"type": "result", "data": {"idx": 0, "options": ["p = 4", "p = 8", "p = 12", "p = 24"], "probs": [[0.5402585683601003, 0.21053442016728124, 0.1416814052794309, 0.10752560609317145], [0.5074628270782665, 0.2312653260002075, 0.1636517092860018, 0.09762013753552302], [0.5537333689367042, 0.274669775336838, 0.09108988192140352, 0.08050697370507869], [0.6150201958411323, 0.22716676758372104, 0.08319322971470754, 0.07461980676042991]], "ideal": "C", "sampled": "D", "correct": false}}
{"type": "result", "data": {"idx": 1, "options": ["5", "7", "8", "9"], "probs": [[0.5347753138497922, 0.16922481195521194, 0.16010438835679913, 0.1358954857382044], [0.47977211925018604, 0.19605991842620493, 0.19085282913332355, 0.13331513309030213], [0.5235775817353456, 0.20928663903545675, 0.16999849786931073, 0.0971372812598818], [0.5600740808469622, 0.2215662718804819, 0.10940132972911325, 0.10895831744346264]], "ideal": "C", "sampled": "D", "correct": false}}
{"type": "result", "data": {"idx": 2, "options": ["1 over 5", "\u22125", "\u22121 over 5", "5"], "probs": [[0.5673734110851837, 0.21618243088277317, 0.10455781088829702, 0.1118863470437677], [0.44595863379773065, 0.19732919569633298, 0.21029215600853396, 0.14642001439738841], [0.5551367018858445, 0.21543467488416304, 0.10882291632183301, 0.12060570680818354], [0.5005658323285032, 0.2297723492235372, 0.14688981128928782, 0.1227720070586761]], "ideal": "D", "sampled": "A", "correct": false}}
{"type": "result", "data": {"idx": 3, "options": ["4", "5", "6", "7"], "probs": [[0.3345040199730785, 0.24709550309621747, 0.19388532052328647, 0.2245151563074301], [0.34048445980891723, 0.2733226355197686, 0.19481450872540979, 0.1913783958458863], [0.32868403124412515, 0.2869253667645485, 0.23188802286832425, 0.15250257902300424], [0.3684460432684049, 0.28762633951894934, 0.17068577415001007, 0.17324184296264564]], "ideal": "B", "sampled": "D", "correct": false}}
{"type": "result", "data": {"idx": 4, "options": ["4t = 112; $448", "4t = 112; $28", "t over 4 = 112; $448", "t over 4 = 112; $28"], "probs": [[0.48677636978044614, 0.3182720976686008, 0.10548849617869024, 0.08946303627225662], [0.4924250746324242, 0.3300035973240876, 0.10636231494676857, 0.07120901299671356], [0.4982159141185758, 0.3307196699564967, 0.08587803490262523, 0.08518638092231065], [0.5168157010514765, 0.3128921537024232, 0.09884191739826008, 0.0714502277478469]], "ideal": "B", "sampled": "D", "correct": false}}
{"type": "result", "data": {"idx": 5, "options": ["9", "11", "26", "32"], "probs": [[0.3696395894291882, 0.17982665273895146, 0.15628803162276322, 0.2942457261091114], [0.39088283996571443, 0.21950314979401314, 0.1564154719966843, 0.23319853814360486], [0.39317501656936094, 0.2161363959257769, 0.22325978419744272, 0.16742880320741144], [0.41926190544369263, 0.21659779920008923, 0.11882062934895393, 0.24531966590727253]], "ideal": "C", "sampled": "D", "correct": false}}
{"type": "result", "data": {"idx": 6, "options": ["1.1 over 11", "11 over 11", "12 over 11", "11 over 12"], "probs": [[0.6595466978959948, 0.21924165589031214, 0.0663961055442658, 0.054815540569415566], [0.5815271931619368, 0.21355486291549855, 0.10326466979037192, 0.10165327403216412], [0.6091998890102712, 0.22375152041992508, 0.09113252771533559, 0.07591606275445331], [0.5528816869635907, 0.27718243176201596, 0.10258782900212042, 0.06734805217228262]], "ideal": "C", "sampled": "A", "correct": false}}
{"type": "result", "data": {"idx": 7, "options": ["3.6", "36", "0.01272", "12.72"], "probs": [[0.47053327273180423, 0.21611386862285176, 0.19465886847003486, 0.1186939900753155], [0.43147530926442434, 0.24370848048297364, 0.18512605627707762, 0.13969015387552253], [0.46639144482842915, 0.2106194135160812, 0.18354088411461503, 0.1394482574408763], [0.4649748171171703, 0.21918818878080878, 0.16195973128741076, 0.1538772627146106]], "ideal": "B", "sampled": "C", "correct": false}}
{"type": "result", "data": {"idx": 8, "options": ["159.26", "2.224", "14,111", "126.26"], "probs": [[0.3753422880329617, 0.30647802337339564, 0.20040248985929487, 0.11777719863434094], [0.38459377260405647, 0.2979129953847453, 0.17865650154554, 0.13883673036566554], [0.3917185447112849, 0.22870542795001106, 0.19541493941420343, 0.18416108782449828], [0.4042197208822644, 0.2584059401432624, 0.2017987180936138, 0.1355756207808479]], "ideal": "D", "sampled": "B", "correct": false}}
{"type": "result", "data": {"idx": 9, "options": ["0.72", "0.702", "10.0571", "7.2"], "probs": [[0.536418947921372, 0.19384152117095063, 0.18947855787146745, 0.08026097293618616], [0.5709719297590959, 0.17975110450191265, 0.16012003679734313, 0.08915692884164413], [0.5274351369241816, 0.19364775481406643, 0.14556711479659817, 0.1333499933651624], [0.5212748110622512, 0.1990936447269337, 0.16724453002356385, 0.11238701408723474]], "ideal": "D", "sampled": "B", "correct": false}}
{"type": "result", "data": {"idx": 10, "options": ["150 + 400 + 200", "200 + 400 + 200", "200 + 450 + 200", "200 + 500 + 200"], "probs": [[0.5246645653984334, 0.2748078911025856, 0.10934033941503316, 0.09118720398393305], [0.5168170784703758, 0.26306578363277994, 0.11916494965914183, 0.10095218813768884], [0.5054356813696326, 0.29472731598680224, 0.10770745445498793, 0.09212954808859028], [0.524148032139272, 0.2862691119636128, 0.11159272338570023, 0.07799013241140261]], "ideal": "C", "sampled": "D", "correct": false}}
{"type": "result", "data": {"idx": 11, "options": ["21", "7", "1", "None of these"], "probs": [[0.5528548881809096, 0.22187684760903126, 0.13299768031550788, 0.09227058379455745], [0.5069933156255497, 0.20173188082357094, 0.18856716145018446, 0.10270764200068476], [0.48727762326280527, 0.24717974174651636, 0.15207304976830444, 0.11346958512236055], [0.43909967275521905, 0.3250531491738234, 0.14522844427129947, 0.0906187336996614]], "ideal": "D", "sampled": "A", "correct": false}}
{"type": "result", "data": {"idx": 12, "options": ["8", "9", "49", "63"], "probs": [[0.46553441587739347, 0.22666488531819226, 0.17052140680347896, 0.13727929190091628], [0.5014989462569619, 0.22730967008633265, 0.12577991597206417, 0.14541146758466653], [0.45788245813170236, 0.2311301766149301, 0.19626758394754618, 0.11471978120582557], [0.4837116452780314, 0.27201160739449504, 0.12626849641026697, 0.11800825081721678]], "ideal": "A", "sampled": "A", "correct": true}}
{"type": "result", "data": {"idx": 13, "options": ["6", "11", "8", "5"], "probs": [[0.4453428260348851, 0.24990240522227783, 0.15445473705803392, 0.15030003158481114], [0.4998497903539803, 0.2136721370165154, 0.1449501739127188, 0.14152789861678156], [0.4522320165723172, 0.2283230554343041, 0.15312906966840092, 0.16631585822497344], [0.46712132399701406, 0.2245394580663409, 0.17938754231747692, 0.128951675519167]], "ideal": "A", "sampled": "B", "correct": false}}
{"type": "result", "data": {"idx": 14, "options": ["10 bars of soap for $23.20", "16 bars of soap for $36.48", "13 bars of soap for $29.51", "12 bars of soap for $27.60"], "probs": [[0.5206647783142229, 0.2627910854667172, 0.13948889297015238, 0.07705524314891468], [0.513342534900089, 0.2564364491812305, 0.14718039578279932, 0.0830406200358915], [0.5413179937914385, 0.24929547058031257, 0.13060145654195654, 0.07878507898627299], [0.5430420303712646, 0.2429651461668982, 0.1357907523404626, 0.07820207102138978]], "ideal": "C", "sampled": "D", "correct": false}}
{"type": "result", "data": {"idx": 15, "options": ["5 minutes", "14 minutes", "34 minutes", "70 minutes"], "probs": [[0.4076049784811494, 0.30942175421884865, 0.13520727986730283, 0.1477659873327095], [0.42615479417260144, 0.2881725447558538, 0.14681754410845352, 0.13885511686310295], [0.4478414907765612, 0.2786140183990759, 0.14826357204100096, 0.12528091868338243], [0.4286850051811673, 0.31363676977505506, 0.10243304318074155, 0.15524518176302485]], "ideal": "B", "sampled": "C", "correct": false}}
{"type": "result", "data": {"idx": 16, "options": ["18", "24", "25", "29"], "probs": [[0.2815428638689791, 0.2529793902244117, 0.3011261888305966, 0.16435155697600937], [0.21246113809146291, 0.29281299109987846, 0.29970281513393476, 0.19502305557471517], [0.24237309601777035, 0.3238304742035514, 0.2784609364034187, 0.1553354932752557], [0.3152009523675426, 0.2761471557821407, 0.22295195432729867, 0.18569993742303176]], "ideal": "B", "sampled": "D", "correct": false}}
{"type": "result", "data": {"idx": 17, "options": ["(60/6)\u201412=a", "(60\u201412)/6=a", "(60-6)-12=a", "(60+12)/6=a"], "probs": [[0.4927657432483594, 0.31787890014521125, 0.0944517399656841, 0.09490361654075538], [0.5013768958154554, 0.32354445137324406, 0.08725408858312864, 0.08782456412817198], [0.4688736135083642, 0.3257367012916848, 0.1060819627428714, 0.09930772235707881], [0.5053941831027147, 0.3209135962187775, 0.08591715182454637, 0.08777506875393999]], "ideal": "B", "sampled": "D", "correct": false}}
{"type": "result", "data": {"idx": 18, "options": ["5", "25", "50", "125"], "probs": [[0.4756870730552876, 0.30967125973764775, 0.10619571130633929, 0.10844595580073899], [0.4766474769170429, 0.2491994788549202, 0.15338950691395153, 0.12076353721410202], [0.45866869018747886, 0.2921052286175285, 0.18480357849944212, 0.06442250259554122], [0.45666450361163224, 0.36534110367997447, 0.09379491678151586, 0.08419947582687942]], "ideal": "D", "sampled": "A", "correct": false}}
{"type": "result", "data": {"idx": 19, "options": ["7", "16", "30", "33"], "probs": [[0.32620695714993725, 0.2883546389620832, 0.18521018318679008, 0.20022822060119194], [0.3716660659985406, 0.294978268176802, 0.17693413796641064, 0.15642152775824428], [0.3174137244537352, 0.2734532697190964, 0.2695808792786865, 0.13955212644849588], [0.35706166867438444, 0.32285587954356937, 0.1539968413385513, 0.16608561034348113]], "ideal": "A", "sampled": "A", "correct": true}}
{"type": "result", "data": {"idx": 20, "options": ["\u221212", "12", "8", "16"], "probs": [[0.3941221890823097, 0.27252061479877926, 0.15728281635892044, 0.17607437965998643], [0.3821523520842934, 0.3203753062445464, 0.1250506723073276, 0.17242166926383076], [0.4275991084577587, 0.2898736577160654, 0.12316350575829321, 0.15936372796787415], [0.4119503314438622, 0.28497289580734253, 0.12540960250343033, 0.1776671701453577]], "ideal": "C", "sampled": "C", "correct": true}}
{"type": "result", "data": {"idx": 21, "options": ["382", "397", "406", "447"], "probs": [[0.39705097310255966, 0.220268150549899, 0.2202863898147189, 0.16239448643282103], [0.42761881526689294, 0.24203396371062968, 0.16622370339936132, 0.16412351752310678], [0.4290746192534805, 0.2593768342131226, 0.16414980329921186, 0.14739874313417997], [0.44412131851263736, 0.2314753948844732, 0.1671549809380164, 0.1572483055648866]], "ideal": "B", "sampled": "C", "correct": false}}
{"type": "result", "data": {"idx": 22, "options": ["\u22127", "\u22121", "1", "7"], "probs": [[0.5245292717969907, 0.22612186559148637, 0.15459159258605515, 0.09475726992548124], [0.5168349655017671, 0.2068771123341594, 0.17381241223142413, 0.10247550983263867], [0.5260498507392838, 0.2028207568941088, 0.1701311629384645, 0.10099822932814706], [0.5290060246897911, 0.22823820976791984, 0.12763895410907106, 0.11511681133321965]], "ideal": "A", "sampled": "A", "correct": true}}
{"type": "result", "data": {"idx": 23, "options": ["53", "63", "73", "83"], "probs": [[0.2968900010997057, 0.23500583615988524, 0.2815550679454298, 0.18654909469498962], [0.3276602381591551, 0.25344106281295503, 0.2637257045570263, 0.1551729943708701], [0.32623626374457787, 0.24052845661501346, 0.28598143328160736, 0.1472538462587951], [0.35403453567731874, 0.24343210228047213, 0.21610542083303022, 0.18642794110918184]], "ideal": "C", "sampled": "C", "correct": true}}
{"type": "result", "data": {"idx": 24, "options": ["11.1", "5.7", "3.7", "22.68"], "probs": [[0.5368314974333094, 0.21908135169053136, 0.12165243874359, 0.12243471203255124], [0.5136519291452954, 0.2407155392588393, 0.12990421052361575, 0.11572832097227688], [0.5152031213456145, 0.23563084498989173, 0.13701472295831188, 0.11215131060619336], [0.5186253020077722, 0.2392960746789709, 0.12736438546398923, 0.11471423774927318]], "ideal": "B", "sampled": "A", "correct": false}}
{"type": "result", "data": {"idx": 25, "options": ["32", "3.2", "3,200", "320"], "probs": [[0.5455971487880489, 0.22152375857961581, 0.12008110227815041, 0.1127979902541797], [0.5655023621463025, 0.21328829242814676, 0.11283653269093803, 0.10837281263462235], [0.47256091794991445, 0.23628019072206155, 0.1523043966795344, 0.13885449454847767], [0.5020687693219739, 0.25666221691839797, 0.14680568204149536, 0.0944633316181409]], "ideal": "A", "sampled": "B", "correct": false}}
{"type": "result", "data": {"idx": 26, "options": ["46.4", "456", "4.56", "45.6"], "probs": [[0.47720512503645746, 0.28621912084088225, 0.14264963469765687, 0.09392611932499988], [0.4554760541175555, 0.3111348671780833, 0.12713587297242446, 0.1062532056319242], [0.49765337620443456, 0.2881430582268299, 0.12016089123715579, 0.09404267423158913], [0.4701223754421942, 0.28353177872856794, 0.14631417609446254, 0.10003166963476993]], "ideal": "D", "sampled": "C", "correct": false}}
{"type": "result", "data": {"idx": 27, "options": ["508", "508 r2", "578", "578 r2"], "probs": [[0.5092639800703518, 0.21667606411266985, 0.14820216737636022, 0.12585778834063083], [0.5279477516545472, 0.21978207819606443, 0.15812905710601657, 0.09414111294336028], [0.5123824205506475, 0.21406858131824694, 0.13396876217498993, 0.13958023585609125], [0.5438666327011105, 0.2133547685479616, 0.13597708657886318, 0.10680151207208785]], "ideal": "D", "sampled": "D", "correct": true}}
{"type": "result", "data": {"idx": 28, "options": ["100 \u2014 5d", "5d+ 100", "100 / 5d", "5d"], "probs": [[0.5545694538141546, 0.28634613847641216, 0.10697905527534506, 0.052105352334059746], [0.5340262786973563, 0.31983401259530875, 0.08700918104117211, 0.05913052756614817], [0.5741980540311155, 0.297417864165678, 0.0612976296268017, 0.06708645207637981], [0.5526087722436548, 0.29319603450872256, 0.07722961846778116, 0.07696557467982072]], "ideal": "A", "sampled": "C", "correct": false}}
{"type": "result", "data": {"idx": 29, "options": ["4t", "t over 4", "t \u2212 4", "t + 4"], "probs": [[0.572546142236377, 0.27110940668599715, 0.08172005524341312, 0.07462439573419895], [0.617855646396813, 0.24176625488544157, 0.07724240227510877, 0.06313569634262937], [0.5377978080939817, 0.2989216960450401, 0.08561272221076482, 0.07766777355019606], [0.5835361644108866, 0.2785654602635998, 0.06947161323849992, 0.06842676198703253]], "ideal": "A", "sampled": "B", "correct": false}}
{"type": "result", "data": {"idx": 30, "options": ["681,452", "462,017", "246,412", "125,655"], "probs": [[0.5295417958216094, 0.1852825618352267, 0.1633335229034081, 0.1218421193397327], [0.5507674428766101, 0.18641383990491403, 0.14824104656376172, 0.11457767055474131], [0.5514617770636127, 0.19466230816688157, 0.14132950260001173, 0.11254641206948245], [0.5538605304987839, 0.1914776638993145, 0.14645603715069427, 0.10820576835120681]], "ideal": "B", "sampled": "D", "correct": false}}
{"type": "result", "data": {"idx": 31, "options": ["15 remainder 7", "15 remainder 3", "16 remainder 5", "16 remainder 1"], "probs": [[0.5055974109244253, 0.2523161366294355, 0.15060642417730802, 0.09148002816881683], [0.48312075018480594, 0.2720997713116563, 0.1598921854768943, 0.08488729292663313], [0.49726218200910977, 0.2586522307470215, 0.14106781753718398, 0.10301776960667182], [0.4984781425927469, 0.2562064027427621, 0.1528012856597335, 0.09251416890475546]], "ideal": "B", "sampled": "C", "correct": false}}
{"type": "result", "data": {"idx": 32, "options": ["17 over 2", "34 over 4", "17 over 4", "19 over 2"], "probs": [[0.5220850299249614, 0.2998728660307505, 0.10825979661182183, 0.06978230733248256], [0.5153413413751298, 0.2725730204493814, 0.11096412153317342, 0.10112151654230782], [0.5270336097059062, 0.30137477152519754, 0.1012495847917126, 0.07034203387718918], [0.5044444573715544, 0.2820077746586772, 0.12069929036928155, 0.09284847750051016]], "ideal": "A", "sampled": "A", "correct": true}}
{"type": "result", "data": {"idx": 33, "options": ["200,000 + 7,000 + 200 + 4", "200,000 + 7,000 + 200 + 40", "200,000 + 70,000 + 200 + 40", "200,000 + 70,000 + 2,000 + 40"], "probs": [[0.4746497518102397, 0.4077158575866657, 0.06050035695238604, 0.057134033550704046], [0.49684721024117867, 0.39254900598845643, 0.05554903564484294, 0.05505474802552471], [0.4729510511646576, 0.41603736843582295, 0.0567768841738702, 0.05423469612564493], [0.4688609398948493, 0.4141271754910419, 0.06072488267990751, 0.056287001834182164]], "ideal": "C", "sampled": "B", "correct": false}}
{"type": "result", "data": {"idx": 34, "options": ["220 parts", "770 parts", "4 parts", "110 parts"], "probs": [[0.4937422911962531, 0.22478972112979798, 0.17975736522453764, 0.10171062234942559], [0.49918557494450577, 0.25937661659741584, 0.12872421291675237, 0.11271359544132394], [0.49966702187675766, 0.2111399866073117, 0.17208079137687202, 0.11711220003905963], [0.48452279697079415, 0.21333520875143314, 0.17672992895601974, 0.1254120652217594]], "ideal": "D", "sampled": "C", "correct": false}}
{"type": "result", "data": {"idx": 35, "options": ["the mean would increase.", "the mean would decrease.", "the median would increase.", "the median would decrease."], "probs": [[0.5538242789871787, 0.2023227722416593, 0.13347287763678092, 0.11038007103440257], [0.5319660176803526, 0.20957966087638177, 0.14035029369740076, 0.11810402764586776], [0.573914558724218, 0.19502052974961942, 0.13336924213972565, 0.0976956692864507], [0.5513702270075376, 0.2129463802425227, 0.13140453456633308, 0.10427885808363709]], "ideal": "A", "sampled": "C", "correct": false}}
{"type": "result", "data": {"idx": 36, "options": ["\u20137", "5", "7", "27"], "probs": [[0.48648920236951354, 0.20212479800995625, 0.15748118786040632, 0.15390481166012784], [0.511876997340886, 0.1730502255668253, 0.17215580396958038, 0.14291697302271558], [0.5226221525505103, 0.20271965663538377, 0.15942617157433495, 0.11523201913977311], [0.5153306400009621, 0.1829508300907076, 0.1715161200560945, 0.1302024097522246]], "ideal": "A", "sampled": "D", "correct": false}}
{"type": "result", "data": {"idx": 37, "options": ["3-p", "p+3", "3/p", "p-3"], "probs": [[0.5673327412835096, 0.2914811921138185, 0.08301907904816405, 0.058166987454541366], [0.5166674592053272, 0.2888711618525061, 0.11411941843944923, 0.0803419604027365], [0.5611390235277858, 0.3084112522422418, 0.08005022635092843, 0.050399497779051325], [0.5498477884990021, 0.28421432265031504, 0.09945839850777341, 0.06647949024292962]], "ideal": "D", "sampled": "D", "correct": true}}
{"type": "result", "data": {"idx": 38, "options": ["30 \u00d7 10^1", "30 \u00d7 10^3", "(6 \u00d7 5) \u00d7 10^2", "(6 \u00d7 5) \u00d7 10^3"], "probs": [[0.4672021189566305, 0.2789089759554261, 0.14194989762400884, 0.1119390073639465], [0.4723660729752264, 0.3045758293038523, 0.12295886188741921, 0.10009923573350207], [0.4635545205231791, 0.3209142361203907, 0.12050580593013682, 0.09502543732629744], [0.4931341646824489, 0.27795019844359875, 0.11305850757845938, 0.11585712919548846]], "ideal": "C", "sampled": "D", "correct": false}}
{"type": "result", "data": {"idx": 39, "options": ["0", "3", "9", "12"], "probs": [[0.40655499157797026, 0.16922496357993513, 0.2021037986903227, 0.22211624605178526], [0.4239444099689983, 0.1831675629441576, 0.20396010780807633, 0.18892791917877325], [0.462317920575833, 0.2186091546243936, 0.1551555009437934, 0.16391742375598292], [0.4002128961528224, 0.17533157745862277, 0.20271424763426568, 0.2217412786542946]], "ideal": "C", "sampled": "C", "correct": true}}
{"type": "result", "data": {"idx": 40, "options": ["1850x", "2000 \u2212150x", "150x", "2000 +150x"], "probs": [[0.4944101160056589, 0.2733904355946431, 0.13733925636016892, 0.09486019193951825], [0.5548351815516454, 0.23691075487548802, 0.13582736912287222, 0.07242669435000926], [0.5386785317127305, 0.26400391580935706, 0.10962927798834977, 0.08768827438958582], [0.5618644492092247, 0.252643631720978, 0.11756102552618633, 0.06793089344359958]], "ideal": "B", "sampled": "D", "correct": false}}
{"type": "result", "data": {"idx": 41, "options": ["w > 2.3", "w < 2.4", "w > 3.2", "w < 3.3"], "probs": [[0.5873730800545429, 0.2302382756779622, 0.12155635956797557, 0.060832284599549306], [0.5568365164128257, 0.23728880440782715, 0.1271578847599336, 0.07871679431940543], [0.5612638503573137, 0.24719546077742197, 0.12497089377620878, 0.06656979498904095], [0.5401264695398262, 0.2457928444661449, 0.12994389305802223, 0.08413679283601845]], "ideal": "D", "sampled": "A", "correct": false}}
{"type": "result", "data": {"idx": 42, "options": ["-6", "-5", "0", "5"], "probs": [[0.4442260259047674, 0.22137617835739962, 0.19676183783725446, 0.13763595780057825], [0.46070430386121014, 0.21911862516969463, 0.19644495873554685, 0.12373211213356598], [0.4906356846564105, 0.2208975276074382, 0.15242152528731315, 0.13604526234882758], [0.49965254749267246, 0.21295798889682224, 0.18968514112111373, 0.09770432238939525]], "ideal": "A", "sampled": "D", "correct": false}}
{"type": "result", "data": {"idx": 43, "options": ["156", "110", "94", "48"], "probs": [[0.3795012882456122, 0.3028326501883, 0.15401774829167275, 0.16364831317441128], [0.36533476848306357, 0.32798225801345526, 0.15866317881442216, 0.14801979458906553], [0.3595658067247803, 0.32708501839750154, 0.1284031753014022, 0.18494599947629242], [0.3740788464809201, 0.2915655943474316, 0.14691496575681842, 0.18744059331483698]], "ideal": "C", "sampled": "C", "correct": true}}
{"type": "result", "data": {"idx": 44, "options": ["15, 17", "15, 19", "17, 19", "17, 21"], "probs": [[0.5092583459941925, 0.2590346471777124, 0.16102508565988638, 0.07068192106822747], [0.5245241192153914, 0.26837804608223315, 0.1379851309951554, 0.06911270360721593], [0.524462794486975, 0.2517399647401501, 0.14517100808836308, 0.07862623258451867], [0.5351998999139546, 0.23916452332978327, 0.1461535215488208, 0.07948205510744921]], "ideal": "D", "sampled": "C", "correct": false}}
{"type": "result", "data": {"idx": 45, "options": ["3 cans", "12 cans", "36 cans", "13 cans"], "probs": [[0.49359942936831386, 0.20823053307231604, 0.17762259988749543, 0.12054743757185812], [0.47468984764067784, 0.2063461127465942, 0.18074409374927058, 0.13821994576346325], [0.4883595075254619, 0.22246239313159036, 0.18978422639500162, 0.09939387284795272], [0.5087235737019181, 0.281479565938198, 0.12361456779810374, 0.0861822924618147]], "ideal": "B", "sampled": "A", "correct": false}}
{"type": "result", "data": {"idx": 46, "options": ["3.18, 3 and 1 over 8, 3.8,3", "3,3 and 1 over 8, 3.18, 3", "3.8, 3 and 1 over 8, 3.18, 3", "3.8, 3.18, 3 and 1 over 8, 3"], "probs": [[0.5049677496712576, 0.2800605521229838, 0.1354236340988947, 0.07954806400687413], [0.5347531571302657, 0.284698091036592, 0.11583241495715364, 0.06471633677600414], [0.4923563993438928, 0.293297806800582, 0.13240163385940193, 0.08194415989611951], [0.5461207057885988, 0.2625447172674491, 0.12605498832408524, 0.0652795885198526]], "ideal": "D", "sampled": "D", "correct": true}}
{"type": "result", "data": {"idx": 47, "options": ["10", "11", "20", "2"], "probs": [[0.39123365771545804, 0.21992323737666578, 0.1758716236609918, 0.21297148114687484], [0.4070629037224133, 0.25127691113347006, 0.19648251959990942, 0.14517766544420596], [0.42606343372279737, 0.2812846051218234, 0.13931227280642672, 0.15333968824896055], [0.4276249931840556, 0.24801259006889678, 0.18539432770337194, 0.13896808894366677]], "ideal": "C", "sampled": "D", "correct": false}}
{"type": "result", "data": {"idx": 48, "options": ["800,000", "830,000", "836,000", "840,000"], "probs": [[0.3973253697525824, 0.2869535426177891, 0.23292296554381875, 0.08279812198581314], [0.40635743953007025, 0.29305895632552215, 0.2080127535749549, 0.09257085046945931], [0.3429009967484056, 0.30506342956361143, 0.23478567455953023, 0.1172498990284483], [0.38541393388222117, 0.2838122668629887, 0.21034795010136947, 0.12042584905341162]], "ideal": "D", "sampled": "B", "correct": false}}
{"type": "result", "data": {"idx": 49, "options": ["14", "\u22124", "45", "\u221245"], "probs": [[0.44999827145162263, 0.3103344832537434, 0.09498579050066043, 0.1446814546939753], [0.44095383948787775, 0.21950242090826771, 0.2014529455010747, 0.1380907940027897], [0.4544446223663905, 0.2742296861221408, 0.10501120746462135, 0.16631448394683923], [0.42454972997285845, 0.26317912969953544, 0.16809618551263308, 0.14417495471498756]], "ideal": "D", "sampled": "B", "correct": false}}
{"type": "result", "data": {"idx": 50, "options": ["21 birds", "40 birds", "42 birds", "84 birds"], "probs": [[0.44606913980173407, 0.20449666104212424, 0.2010021074302378, 0.14843209162589213], [0.4294568710577558, 0.1999623739735643, 0.23986376426601033, 0.1307169906026601], [0.4438842189299293, 0.20742029741688894, 0.21554004271890082, 0.13315544083426062], [0.47126371841748793, 0.22771375964401178, 0.17061478123002946, 0.1304077406084914]], "ideal": "A", "sampled": "D", "correct": false}}
{"type": "result", "data": {"idx": 51, "options": ["78", "83", "131", "153"], "probs": [[0.3306222177124561, 0.3196475666631733, 0.18818229117911162, 0.16154792434526494], [0.36753099998553906, 0.3104082159538712, 0.1622041543485663, 0.15985662961202363], [0.3736378963091841, 0.3353159476940177, 0.16415964927851293, 0.12688650661828504], [0.3980168488064922, 0.3333229432993094, 0.1296958159297786, 0.1389643918644302]], "ideal": "B", "sampled": "D", "correct": false}}
{"type": "result", "data": {"idx": 52, "options": ["Leslie spent 20 dollars and 8 cents at a store. How is the amount of money Leslie spent written as a fraction?", "Mr. Kramer\u2019s 8 grandchildren shared 20 crackers equally. How many crackers did each grandchild get?", "Mitch bought 20 containers of flowers at a plant store. Each container had 8 flowers in it. How many flowers did Mitch buy?", "Stamps are sold in booklets of 20 stamps. Donna used 8 stamps to send invitations for a party. How many booklets of stamps did Donna use to send her invitations?"], "probs": [[0.5855410874616467, 0.1462268303765043, 0.20127910801508936, 0.06695297404675189], [0.5590700908145406, 0.16668467095290393, 0.21191779924728069, 0.06232743888525416], [0.6187996966669943, 0.18556724507985847, 0.13886869286007927, 0.05676436529304344], [0.5512753037152949, 0.23243264024228566, 0.13947291317478602, 0.07681914276762267]], "ideal": "B", "sampled": "C", "correct": false}}
{"type": "result", "data": {"idx": 53, "options": ["120 miles", "80 miles", "26 miles", "12 miles"], "probs": [[0.47564632249795125, 0.25578798130865965, 0.14957238511753249, 0.11899331097584145], [0.4921083860491417, 0.24643470778442322, 0.1437842809536701, 0.11767262511278094], [0.5159693589029659, 0.2273422034215506, 0.14055551348453893, 0.11613292409093848], [0.4638447174557399, 0.24488318825399297, 0.1747389399844706, 0.11653315420580544]], "ideal": "A", "sampled": "B", "correct": false}}
{"type": "result", "data": {"idx": 54, "options": ["add 6 to both sides", "divide both sides by 6", "multiply both sides by 6", "subtract 6 from both sides"], "probs": [[0.6111126210379341, 0.23283119874342226, 0.07378959366440464, 0.08226658645423876], [0.5549857191354193, 0.26292304297896757, 0.08625643255401551, 0.095834805231603], [0.5655747879622638, 0.2616023565871101, 0.07951579270147843, 0.09330706264916228], [0.5652790728191129, 0.24065082406354765, 0.10806523166953326, 0.08600487134779168]], "ideal": "B", "sampled": "A", "correct": false}}
{"type": "result", "data": {"idx": 55, "options": ["7", "10", "21", "39"], "probs": [[0.34311730130337004, 0.20978450046800273, 0.3146019743619489, 0.1324962237666752], [0.3628075758349793, 0.1908116808068146, 0.28180807981499245, 0.16457266344323437], [0.36403082838353157, 0.18861180335908698, 0.32038947306252546, 0.1269678950948763], [0.37808446471774765, 0.2044350848993361, 0.2750731735859815, 0.14240727669692055]], "ideal": "A", "sampled": "A", "correct": true}}
{"type": "result", "data": {"idx": 56, "options": ["84 \u2212 11 = t; 73\u00b0F", "t \u2212 84 = 11; 95\u00b0F", "84 \u2212 t = 11; 73\u00b0F", "t \u2212 11 = 84; 95\u00b0F"], "probs": [[0.39502743981589755, 0.33497895356281704, 0.17988516586239, 0.09010844065887269], [0.4245455254966346, 0.33762467306355043, 0.14076842322854544, 0.09706137811125559], [0.43208353391791376, 0.35422262534318605, 0.14442900087525307, 0.06926483976364285], [0.43589018957696635, 0.3363081729305229, 0.1269234647435947, 0.10087817264893037]], "ideal": "D", "sampled": "C", "correct": false}}
{"type": "result", "data": {"idx": 57, "options": ["72 \u00f7 9 = 8", "72 \u2013 9 = 63", "9 + 72 = 81", "9 \u00f7 72 = 0.125"], "probs": [[0.5401706251448456, 0.23120792462533707, 0.10617178949804668, 0.12244966063179173], [0.5549729268877203, 0.2307648014624327, 0.11047528625021165, 0.10378698529963085], [0.5671990317897961, 0.24176139545220587, 0.09342365059694419, 0.09761592206103585], [0.5667294411292871, 0.22003549961245844, 0.09599702753981332, 0.11723803161843015]], "ideal": "A", "sampled": "D", "correct": false}}
{"type": "result", "data": {"idx": 58, "options": ["2 boxes", "4 boxes", "5 boxes", "6 boxes"], "probs": [[0.48322770640092827, 0.2383215487545701, 0.16423435755894078, 0.11421638718556318], [0.5024849225830423, 0.21755088206797069, 0.1642270194257413, 0.11573717582325505], [0.4996395014750601, 0.2236993175459099, 0.18184471740954397, 0.09481646346948336], [0.523058885327112, 0.22112091495407776, 0.16277824831788265, 0.09304195130092524]], "ideal": "D", "sampled": "D", "correct": true}}
{"type": "result", "data": {"idx": 59, "options": ["14", "20", "40", "60"], "probs": [[0.36189851108262766, 0.2327171778815859, 0.21551245584170994, 0.1898718550940725], [0.4114611847731458, 0.2485874534172201, 0.17437024696797349, 0.16558111474166862], [0.39119375228605396, 0.2590863886259369, 0.20074491285508766, 0.14897494613292817], [0.3855351273584031, 0.2878683914675368, 0.14955984778157272, 0.1770366332924971]], "ideal": "B", "sampled": "C", "correct": false}}
{"type": "result", "data": {"idx": 60, "options": ["6 over 14", "8 over 49", "14 over 28", "6 over 7"], "probs": [[0.46219557131139727, 0.25807570775321226, 0.15752063767900806, 0.1222080831564046], [0.46008326097860425, 0.28694345874293736, 0.15717744576645, 0.09579583441201066], [0.49036399182645857, 0.3150302630411494, 0.1164522606341907, 0.07815348439820821], [0.4696901665776445, 0.28406251174509606, 0.14682903413098658, 0.09941828744625938]], "ideal": "D", "sampled": "D", "correct": true}}
{"type": "result", "data": {"idx": 61, "options": ["5", "10", "15", "20"], "probs": [[0.4640320406238049, 0.22785811920632262, 0.1520453438401776, 0.15606449622968127], [0.4622636403593924, 0.2588363890110144, 0.1472729320660488, 0.13162703846355187], [0.47887042550939257, 0.2571275479537854, 0.16143551077179377, 0.1025665156650329], [0.5061339849606051, 0.2537908052156854, 0.11610379592709323, 0.12397141379658683]], "ideal": "B", "sampled": "D", "correct": false}}
{"type": "result", "data": {"idx": 62, "options": ["125 push-ups", "279 push-ups", "1,395 push-ups", "1,406 push-ups"], "probs": [[0.5071100179085417, 0.21545989520852504, 0.1770672290593654, 0.1003628577235458], [0.4952346076609686, 0.22809132133030618, 0.16736438929014724, 0.10930968161858354], [0.4892216783750882, 0.2315506613816389, 0.18437455570941946, 0.09485310443384642], [0.5061502224354353, 0.2110653273555758, 0.1558352045319132, 0.12694924557706103]], "ideal": "C", "sampled": "C", "correct": true}}
{"type": "result", "data": {"idx": 63, "options": ["6 and 10", "5 and 12", "10 and 12", "12 and 15"], "probs": [[0.7566889310492115, 0.14401619743256672, 0.0629831990395328, 0.03631167237871693], [0.6964281977306266, 0.1568924099292241, 0.08700182030835499, 0.05967757193178503], [0.667552761026963, 0.18544598544500038, 0.09193834674936999, 0.05506290667866523], [0.7311279550359903, 0.15006003973886187, 0.06545158818399226, 0.05336041694114078]], "ideal": "C", "sampled": "A", "correct": false}}
{"type": "result", "data": {"idx": 64, "options": ["\u22124", "\u22122", "10", "2"], "probs": [[0.5053263786793843, 0.25706506928950845, 0.15673923763501343, 0.080869314296113], [0.6588104755310831, 0.18363635765735342, 0.10648121903683436, 0.05107194767472609], [0.5424640064185634, 0.23388927002688095, 0.12769370373631844, 0.09595301971824861], [0.5733261815035517, 0.19009991717214347, 0.16569345061012367, 0.07088045061418095]], "ideal": "D", "sampled": "B", "correct": false}}
{"type": "result", "data": {"idx": 65, "options": ["232", "236", "345", "460"], "probs": [[0.38466386248989104, 0.20334655965697304, 0.2726153166190899, 0.13937426113404394], [0.4188873881182835, 0.21693101757688898, 0.19546156268055706, 0.16872003152426052], [0.417631323392353, 0.2199537837188858, 0.21009794323207037, 0.15231694955668565], [0.42560025045802, 0.24151254380764148, 0.17535368036883547, 0.15753352526551484]], "ideal": "C", "sampled": "C", "correct": true}}
{"type": "result", "data": {"idx": 66, "options": ["50 and 400", "450 and 700", "750 and 1,000", "1,050 and 1,300"], "probs": [[0.6063868776088699, 0.15343308275451506, 0.1455158878902767, 0.09466415164635675], [0.6054127283469789, 0.19578953727362283, 0.1140207260237828, 0.08477700825563296], [0.5910154655559864, 0.18536995448341398, 0.145579196845623, 0.07803538301495423], [0.6266761874841887, 0.1655882542682057, 0.1245093963319834, 0.08322616181559674]], "ideal": "D", "sampled": "D", "correct": true}}
{"type": "result", "data": {"idx": 67, "options": ["7", "12", "48", "56"], "probs": [[0.4563885913020803, 0.17789566168296878, 0.1737686713117938, 0.1919470756031522], [0.4812879237647002, 0.18705394375979958, 0.13750704613597414, 0.19415108623952412], [0.4703004885798876, 0.18155944800079932, 0.18061135346467483, 0.16752870985463583], [0.4673211370971653, 0.18007347130909196, 0.14322230105338263, 0.20938309044036627]], "ideal": "A", "sampled": "C", "correct": false}}
{"type": "result", "data": {"idx": 68, "options": ["18 and 28", "180 and 280", "1,800 and 2,800", "18,000 and 28,000"], "probs": [[0.5219216904078439, 0.28464667930715504, 0.1243401407793835, 0.06909148940563813], [0.488079371428956, 0.2961738727011031, 0.1398062990483419, 0.0759404567216007], [0.47708835575607395, 0.29983906435600416, 0.13773063080603204, 0.08534194898189165], [0.5425564317605456, 0.2505321990153007, 0.11570258080656562, 0.09120878831758446]], "ideal": "C", "sampled": "D", "correct": false}}
{"type": "result", "data": {"idx": 69, "options": ["7 \u2022 11^2 \u2022 13", "7^2 \u2022 11", "7 \u2022 11 \u2022 13", "7 \u2022 11"], "probs": [[0.552218952170069, 0.32983225675199473, 0.05865488148164354, 0.05929390949631037], [0.5561920251864901, 0.29837531358181135, 0.09339513531861268, 0.05203752581309241], [0.5825593427576001, 0.33109595790460944, 0.04761407249664363, 0.038730626741155835], [0.5411728052951533, 0.3042981568207661, 0.09158245821330553, 0.0629465795707586]], "ideal": "D", "sampled": "D", "correct": true}}
{"type": "result", "data": {"idx": 70, "options": ["$20.93 ", "$28.93 ", "$32.93 ", "$48.93 "], "probs": [[0.43803212581100337, 0.30130226208715716, 0.17252003491063034, 0.08814557709121724], [0.4288602418795288, 0.31773631374496564, 0.1629161340727792, 0.09048731020271049], [0.4176264131393068, 0.32652838460476097, 0.16670149101250198, 0.08914371114341497], [0.4324185746750613, 0.3205896260364306, 0.1498118976639372, 0.09717990152457937]], "ideal": "C", "sampled": "A", "correct": false}}
{"type": "result", "data": {"idx": 71, "options": ["160", "240", "320", "640"], "probs": [[0.33359591269268885, 0.19598921101913058, 0.27649824627738356, 0.19391662991079664], [0.30973350251465975, 0.20153060036361298, 0.2751134522909194, 0.2136224447307993], [0.30257468431539575, 0.21930759065976635, 0.298734045010641, 0.17938367991420584], [0.3025913061026168, 0.2064921891175659, 0.2505987653577354, 0.24031773932208075]], "ideal": "A", "sampled": "A", "correct": true}}
{"type": "result", "data": {"idx": 72, "options": ["0.021 repeating", "0.21 Repeating", "0.22 Repeating", "0.2121"], "probs": [[0.5251602703894946, 0.2408393112336703, 0.13656608644670162, 0.0974343318301346], [0.6028553904112526, 0.20371614577058011, 0.11329063891392618, 0.08013782480423093], [0.6051125337549471, 0.18753844017474391, 0.12461285658142207, 0.08273616938889936], [0.5524035509846883, 0.24176074827638963, 0.12022484585971153, 0.08561085477921561]], "ideal": "B", "sampled": "B", "correct": true}}
{"type": "result", "data": {"idx": 73, "options": ["(40 \u00d7 10) + (6 \u00d7 2) = 400 + 12", "(40 \u00d7 6) + (10 \u00d7 2) = 240 + 20", "(40 \u00d7 12) + (6 \u00d7 12) = 480 + 72", "(40 \u00d7 12) + (60 \u00d7 12) = 480 + 720"], "probs": [[0.4984913938020946, 0.33781917656171034, 0.09632429392573501, 0.06736513561045918], [0.5065828537172608, 0.3236730764906337, 0.10017490095881297, 0.069569168733284], [0.5093296419775188, 0.32697115558965933, 0.09470628263754555, 0.06899291969530343], [0.5040984666201286, 0.3405078801104608, 0.08979476255078898, 0.06559889061862471]], "ideal": "C", "sampled": "A", "correct": false}}
{"type": "result", "data": {"idx": 74, "options": ["$649 ", "$6,049 ", "$6,409 ", "$6,490 "], "probs": [[0.45487701251339496, 0.2788353591489891, 0.14285817298041037, 0.12342945525722218], [0.4527523762115171, 0.24749649054413167, 0.20127022569923536, 0.09848090744511843], [0.4317578519085228, 0.27374795374616134, 0.1917407102691326, 0.10275348397618693], [0.43271427722480804, 0.2727578855650051, 0.16632271350252162, 0.1282051236076726]], "ideal": "B", "sampled": "D", "correct": false}}
{"type": "result", "data": {"idx": 75, "options": ["SSSSS; AAA", "SSSSS; AAAA", "SSSSSSSS; AAAA", "SSSSSSSS; A"], "probs": [[0.5026408254983342, 0.18633677707489307, 0.13249763029024794, 0.17852476703650735], [0.5128346502410407, 0.20169807388073527, 0.14859779853318164, 0.1368694772450391], [0.5263472441753121, 0.1904089602119294, 0.1095541647120468, 0.17368963080073418], [0.5046284839063403, 0.17547741997844635, 0.10252635808763548, 0.2173677379275591]], "ideal": "D", "sampled": "C", "correct": false}}
{"type": "result", "data": {"idx": 76, "options": ["$2.82 ", "$2.97 ", "$6.47 ", "$12.77 "], "probs": [[0.45323902317843817, 0.20928617857550402, 0.2623151712281315, 0.07515962691792828], [0.46874009650466153, 0.23571345960493145, 0.2098631490759111, 0.08568329471447947], [0.4843392011937751, 0.22092186331448097, 0.2201131694320813, 0.07462576595965059], [0.47215759102248406, 0.24329165001629213, 0.20155279310385257, 0.08299796575734839]], "ideal": "A", "sampled": "C", "correct": false}}
{"type": "result", "data": {"idx": 77, "options": ["4 over 6", "10 over 12", "15 over 17", "5 over 6"], "probs": [[0.5657162237674256, 0.21227425258881746, 0.13473381774338158, 0.08727570580035231], [0.5273848207295445, 0.23330349989029717, 0.15103715477887236, 0.08827452450130824], [0.5513122763519739, 0.24343659187970332, 0.1191100111999532, 0.08614112046839416], [0.6144183998471158, 0.22504309883769502, 0.09904692008588821, 0.06149158112931078]], "ideal": "D", "sampled": "D", "correct": true}}
{"type": "result", "data": {"idx": 78, "options": ["3 over 2", "2 over 3", "2 over 12", "1 over 6"], "probs": [[0.5881207405992019, 0.2084732582972487, 0.14008364705195922, 0.06332235395156838], [0.6353400385043959, 0.16996943064039705, 0.13065087792656052, 0.06403965282865853], [0.6065167166733001, 0.2252675943092601, 0.11452672652298275, 0.053688962394466244], [0.6169120526551589, 0.22263943004761277, 0.10662232662379884, 0.05382619057342114]], "ideal": "D", "sampled": "D", "correct": true}}
