{"type": "result", "data": {"idx": 0, "options": ["(0, \u2013 3)", "(4, 1)", "(2, 2)", "(\u2013 4, \u20132)"], "probs": [[0.4656169201132402, 0.2500316458916399, 0.17398293240408993, 0.11036850149104309], [0.4669248868669516, 0.24665771900186784, 0.16619989199653715, 0.12021750203463688], [0.4460825324151669, 0.2358685234134478, 0.1745953040061822, 0.14345364006521602], [0.47248208862700436, 0.23576185935709693, 0.1747271059378321, 0.11702894597807419]], "ideal": "D", "sampled": "B", "correct": false}}
{"type": "result", "data": {"idx": 1, "options": ["2500", "2", "50", "25"], "probs": [[0.4184939153864995, 0.35965919601212964, 0.1203251421907514, 0.10152174631063451], [0.4588385545670686, 0.30721444928645547, 0.17389670303214416, 0.06005029301434157], [0.49337803787929635, 0.29628587935153783, 0.1393711045016617, 0.07096497816748917], [0.43155422476140853, 0.3140924216739137, 0.18821753675823427, 0.06613581670643913]], "ideal": "C", "sampled": "B", "correct": false}}
{"type": "result", "data": {"idx": 2, "options": ["392", "336", "300", "297"], "probs": [[0.3621000953966602, 0.2768860509767392, 0.17251157740288908, 0.18850227612370543], [0.4030213529190718, 0.25973175561578216, 0.17124851840898242, 0.16599837295618194], [0.38187575657318323, 0.2771312664311626, 0.15493171578015816, 0.18606126111549043], [0.35921285026740507, 0.2798521247395313, 0.16752637286874705, 0.19340865202429824]], "ideal": "A", "sampled": "B", "correct": false}}
{"type": "result", "data": {"idx": 3, "options": ["\\frac{7}{9}", "\\frac{8}{9}", "\\frac{5}{9}", "\\frac{9}{11}"], "probs": [[0.43224280411843685, 0.31113192185852084, 0.14764202187490133, 0.10898325204813071], [0.43846020856974566, 0.316163741685439, 0.13648724644878985, 0.1088888031960445], [0.45096707337624753, 0.28812246311843487, 0.1376027316459249, 0.12330773175940134], [0.4280160840943058, 0.2947135560358785, 0.15628286380566728, 0.12098749596415612]], "ideal": "B", "sampled": "C", "correct": false}}
{"type": "result", "data": {"idx": 4, "options": ["(-inf, 10)", "(-inf, 9)", "(-inf, 8)", "(-inf, 7)"], "probs": [[0.40676873435104366, 0.1516287267723493, 0.18593921292861038, 0.2556633258479987], [0.39499896776801974, 0.1695551369404488, 0.18750461862546164, 0.24794127656608533], [0.4070613888399824, 0.15653161629959375, 0.18828399229261983, 0.24812300246779437], [0.3926080570095243, 0.16774375584700818, 0.19216796307435385, 0.24748022396911706]], "ideal": "C", "sampled": "A", "correct": false}}
{"type": "result", "data": {"idx": 5, "options": ["396", "72", "66", "36"], "probs": [[0.41092587321315677, 0.31644834760926827, 0.16140222299708468, 0.11122355608049249], [0.4151712776157454, 0.31701750205570706, 0.17646414981308609, 0.09134707041544432], [0.4424139541465947, 0.29716404853945966, 0.1373528791425333, 0.12306911807141835], [0.39066117915223747, 0.30912258007589755, 0.16591902296643346, 0.13429721770543382]], "ideal": "B", "sampled": "C", "correct": false}}
{"type": "result", "data": {"idx": 6, "options": ["0.16", "0.24", "0.3", "0.5"], "probs": [[0.4460548216902183, 0.26481338866638837, 0.18237682790999177, 0.10675496163337649], [0.42990498202426003, 0.2816534833317842, 0.17955789526231092, 0.10888363928162938], [0.46928552736807916, 0.26116763620474065, 0.15283031420650592, 0.11671652212064607], [0.4562804187155191, 0.274327750455747, 0.1536642972293851, 0.11572753349932709]], "ideal": "C", "sampled": "C", "correct": true}}
{"type": "result", "data": {"idx": 7, "options": ["42", "12", "36", "39"], "probs": [[0.33743640313871853, 0.3303581651168723, 0.16140351963066887, 0.17080191201374353], [0.32376221338551425, 0.3147327762531207, 0.15908349512787107, 0.20242151513349477], [0.3244924654065204, 0.2903138634762522, 0.18228367172114765, 0.20290999929608572], [0.3367013530966157, 0.30667186305935373, 0.19290517751249336, 0.16372160623154314]], "ideal": "A", "sampled": "B", "correct": false}}
{"type": "result", "data": {"idx": 8, "options": ["\\frac{125}{648}", "\\frac{25}{648}", "\\frac{625}{648}", "\\frac{1}{648}"], "probs": [[0.41434691877290447, 0.29959630382276714, 0.15286023457312353, 0.1331965427312064], [0.4190341086484349, 0.3064714128498484, 0.15092673141215726, 0.12356774698955127], [0.41537147371398186, 0.30207694824324177, 0.14555352450869313, 0.13699805343407492], [0.3956381151639501, 0.29893718506601, 0.18660380099003043, 0.1188208986799888]], "ideal": "C", "sampled": "B", "correct": false}}
{"type": "result", "data": {"idx": 9, "options": ["8", "12", "10", "4"], "probs": [[0.3350353914697767, 0.2993877299736951, 0.19280397504114827, 0.17277290341536547], [0.35574911548855176, 0.311803770454222, 0.17849642527206527, 0.153950688685159], [0.3708864373211226, 0.30545669557684524, 0.1356431075598611, 0.18801375944216872], [0.3565703384604628, 0.305286249370198, 0.17560830801810368, 0.16253510405120816]], "ideal": "B", "sampled": "C", "correct": false}}
{"type": "result", "data": {"idx": 10, "options": ["13", "14", "1", "2"], "probs": [[0.39509724982274375, 0.32356396143057214, 0.13590691792430548, 0.1454318707223785], [0.42689240917005633, 0.31725787828290064, 0.09879638258055166, 0.15705332986647877], [0.4316744703309984, 0.2859250057106581, 0.12758638608756087, 0.15481413777079442], [0.37308204924863564, 0.3244983648964476, 0.12807301077385355, 0.17434657498107253]], "ideal": "D", "sampled": "C", "correct": false}}
{"type": "result", "data": {"idx": 11, "options": ["30", "64", "2048", "60"], "probs": [[0.3899350867824069, 0.21865109970433003, 0.1838674083281289, 0.20754640508513852], [0.3672289174930296, 0.2336667460154518, 0.17593122455960147, 0.22317311183191885], [0.3787053856627116, 0.21584335886529674, 0.18447467559899416, 0.22097657977299495], [0.4148901463638023, 0.21977681224208626, 0.1704607643763002, 0.1948722769178046]], "ideal": "D", "sampled": "A", "correct": false}}
{"type": "result", "data": {"idx": 12, "options": ["0", "1", "2", "4"], "probs": [[0.3997208826806429, 0.2737318679740193, 0.21159602712929598, 0.11495122211604156], [0.406826056560245, 0.24884008941207705, 0.19549251871602238, 0.14884133521165135], [0.4275863051041225, 0.2649562286696245, 0.17619827459473683, 0.13125919153151064], [0.4255540363274305, 0.27882598003604253, 0.17115988595039666, 0.12446009758613932]], "ideal": "D", "sampled": "C", "correct": false}}
{"type": "result", "data": {"idx": 13, "options": ["92", "93", "94.5", "95"], "probs": [[0.4282603259979765, 0.29398169984678557, 0.1954719038817094, 0.0822860701735366], [0.41043714900016665, 0.29202513147371556, 0.2299021733102371, 0.06763554611588625], [0.3725984564522147, 0.3149873384332035, 0.26763752341412417, 0.04477668160046462], [0.3821804705410378, 0.34067794788175176, 0.20650211729988857, 0.07063946417731407]], "ideal": "B", "sampled": "A", "correct": false}}
{"type": "result", "data": {"idx": 14, "options": ["R <= T <= M <= L", "L <= T <= M <= R", "R <= M <= T <= L", "L <= M <= T <= R"], "probs": [[0.43167273156833724, 0.2107116671893349, 0.1448116680422233, 0.2128039331001148], [0.43489800485393393, 0.21330111694952883, 0.13518313363948298, 0.21661774445705287], [0.42288298682140457, 0.20827031025139714, 0.14420065758487374, 0.22464604524233464], [0.4400254487930524, 0.20976020357925715, 0.13738229479353908, 0.2128320527341512]], "ideal": "D", "sampled": "B", "correct": false}}
{"type": "result", "data": {"idx": 15, "options": ["16", "2\\sqrt{2}", "5", "5+2\\sqrt{13}"], "probs": [[0.43255251766928227, 0.2923679916087467, 0.14354064560040347, 0.13153884502156515], [0.48210766706071306, 0.295280908383874, 0.12306989778146904, 0.09954152667394123], [0.452758128629109, 0.29379549165745944, 0.1421929257364862, 0.11125345387696839], [0.44819588303366653, 0.3006893323818825, 0.1513750230661205, 0.09973976141833327]], "ideal": "D", "sampled": "B", "correct": false}}
{"type": "result", "data": {"idx": 16, "options": ["8", "3", "6", "9"], "probs": [[0.45732052979325005, 0.2375779463551776, 0.13210200221013815, 0.1729995215414353], [0.43998123686564805, 0.22927638125165178, 0.15603339447062334, 0.17470898731207923], [0.43016542130908103, 0.23510574921056723, 0.1483224725734695, 0.186406356806897], [0.45175716563756074, 0.22991326951788638, 0.18670064207857723, 0.13162892266596632]], "ideal": "A", "sampled": "B", "correct": false}}
{"type": "result", "data": {"idx": 17, "options": ["-2", "-4", "-1", "1"], "probs": [[0.27078433996061635, 0.2795765126835921, 0.17665679391799827, 0.2729823533377891], [0.32209830082854385, 0.2774125090680362, 0.16752198515838643, 0.23296720484501585], [0.30126785863144717, 0.30102737606431174, 0.15234388850622715, 0.24536087669802314], [0.33101352413867385, 0.26095627273426714, 0.15244711627959662, 0.25558308674748226]], "ideal": "B", "sampled": "D", "correct": false}}
{"type": "result", "data": {"idx": 18, "options": ["1", "3", "0", "5"], "probs": [[0.4156432347152046, 0.2681631134816839, 0.1835625152603227, 0.13263113644278055], [0.3738462149720679, 0.29474603182157455, 0.18573146624225906, 0.1456762868640989], [0.41437273413314557, 0.2774082550895558, 0.18402790730985258, 0.12419110336745133], [0.42149735356079493, 0.26669778903549235, 0.15315383672991745, 0.1586510205737926]], "ideal": "A", "sampled": "C", "correct": false}}
{"type": "result", "data": {"idx": 19, "options": ["(-\\infty,-1)\\cup (1,\\infty)", "(-\\infty,0)\\cup (0,\\infty)", "[-1,1]", "(-1,1)"], "probs": [[0.4402472085294592, 0.23636916145728373, 0.12374502115709868, 0.19963860875615277], [0.4327067728801001, 0.24664148468243072, 0.10513144223570797, 0.21552030010174783], [0.4482226793093171, 0.1927493782547751, 0.12121804112248107, 0.23780990121344034], [0.4678410322447504, 0.18850883484535527, 0.10469773668966532, 0.23895239612022198]], "ideal": "B", "sampled": "C", "correct": false}}
{"type": "result", "data": {"idx": 20, "options": ["\\frac{5}{x-4}", "\\frac{x-4}{5}", "\\frac{x+4}{5}", "-\\frac{x-4}{5}"], "probs": [[0.41848996840629366, 0.318389773879658, 0.143832439820325, 0.11928781779373611], [0.44442820546309203, 0.30548611287697836, 0.14983232633869345, 0.10025335522123628], [0.45025757521497345, 0.303759824546787, 0.12699208608853657, 0.11899051404970884], [0.4725025304002218, 0.29864727517155, 0.14190412065628416, 0.08694607367195262]], "ideal": "D", "sampled": "D", "correct": true}}
{"type": "result", "data": {"idx": 21, "options": ["\u221216", "32", "\u221232", "64"], "probs": [[0.46586665943694006, 0.27664043940934707, 0.15481457227098377, 0.10267832878274576], [0.4754139422695271, 0.2952143403043615, 0.11154226718050582, 0.11782945014562037], [0.45127342625240746, 0.2932812918524401, 0.1520239535325389, 0.10342132826261306], [0.44864115714205355, 0.3160272903807165, 0.13006365397064945, 0.10526789840657241]], "ideal": "B", "sampled": "A", "correct": false}}
{"type": "result", "data": {"idx": 22, "options": ["7", "11", "16", "8"], "probs": [[0.29550426611928154, 0.3565730930918452, 0.20626698174121572, 0.14165565894764204], [0.32788853538491275, 0.34352048285679293, 0.2142626807965138, 0.11432830086179668], [0.3699277445691849, 0.33379921321387807, 0.17582491528153954, 0.12044812683539957], [0.3286841625706741, 0.33284149664990065, 0.21136678547674417, 0.12710755520267317]], "ideal": "D", "sampled": "C", "correct": false}}
{"type": "result", "data": {"idx": 23, "options": ["4", "8", "2", "1"], "probs": [[0.3469620187931697, 0.2947093863661623, 0.21951605921537326, 0.13881253552529502], [0.36946658112303804, 0.31257471548198945, 0.1912139503977334, 0.12674475289722767], [0.31940897582781114, 0.3169698128751949, 0.21197093270572373, 0.15165027849125715], [0.35241823134996514, 0.2999114403322335, 0.18610944404936114, 0.16156088416841438]], "ideal": "B", "sampled": "C", "correct": false}}
{"type": "result", "data": {"idx": 24, "options": ["Friday", "Thursday", "Wednesday", "Tuesday"], "probs": [[0.3747916448378383, 0.2825012091124083, 0.12844766006531003, 0.21425948588445068], [0.4448925434924392, 0.24540381039127854, 0.12363368666838308, 0.18606995934790116], [0.40681800146606445, 0.2571421060678635, 0.13359652641949132, 0.2024433659465767], [0.4307942982513691, 0.24765188891973117, 0.12970900851679118, 0.19184480421209896]], "ideal": "A", "sampled": "B", "correct": false}}
{"type": "result", "data": {"idx": 25, "options": ["5", "3", "15", "31"], "probs": [[0.2020454568011078, 0.24331222808376557, 0.1546846471014459, 0.39995766791367876], [0.1684739533403077, 0.257107207561525, 0.1656738376809154, 0.40874500131724945], [0.23918842531244153, 0.2879083360596556, 0.17643971215616425, 0.29646352637172446], [0.22533491074272685, 0.2763629382843968, 0.17676207005122258, 0.32154008082166546]], "ideal": "C", "sampled": "D", "correct": false}}
{"type": "result", "data": {"idx": 26, "options": ["145", "90", "60", "70"], "probs": [[0.329638781112309, 0.3804377660406731, 0.19450475270336276, 0.09541870004365526], [0.3096485823340618, 0.3912271482058615, 0.19062298971555908, 0.10850127964451266], [0.30008414613317375, 0.3889841890764342, 0.22405615971930476, 0.08687550497109876], [0.32599381073776584, 0.38851953809235945, 0.18768012131006462, 0.0978065297598081]], "ideal": "D", "sampled": "A", "correct": false}}
{"type": "result", "data": {"idx": 27, "options": ["2 min", "5 min", "18 min", "20 min"], "probs": [[0.3374928871256292, 0.367782769131408, 0.10801467667192029, 0.18670966697103522], [0.35729476571383667, 0.3428930241841861, 0.11443337168822196, 0.18537883831374277], [0.40394021096862937, 0.33703246107779233, 0.12786905297409798, 0.1311582748794695], [0.3672866870373911, 0.3548391288220124, 0.11106833229875346, 0.16680585174183712]], "ideal": "C", "sampled": "C", "correct": true}}
{"type": "result", "data": {"idx": 28, "options": ["(-4,4)", "[0,4]", "(-inf, -1) U (4, inf)", "(-inf, -1) U (-1, 4) U (4, inf)"], "probs": [[0.3774999147253512, 0.29326434188340783, 0.12411273156670266, 0.2051230117245356], [0.4760951230279408, 0.24647129406909524, 0.16029639322260258, 0.11713718958037635], [0.46537858059536624, 0.24502520665982114, 0.13002806092169752, 0.15956815172312264], [0.4150778243908664, 0.24282820213149853, 0.11732974134831035, 0.2247642320293303]], "ideal": "C", "sampled": "C", "correct": true}}
{"type": "result", "data": {"idx": 29, "options": ["1", "e", "2/e", "1/e"], "probs": [[0.43608486639516547, 0.23415668519052332, 0.17385573657359166, 0.155902711740718], [0.4410217017816689, 0.23076538814625208, 0.21991003425954625, 0.10830287571252256], [0.44097104811928206, 0.3093591982297481, 0.1831329741819061, 0.06653677936906616], [0.4399658014688935, 0.32765166411878355, 0.14930720944097, 0.08307532487136068]], "ideal": "D", "sampled": "D", "correct": true}}
{"type": "result", "data": {"idx": 30, "options": ["1", "2", "0", "5"], "probs": [[0.43173091040367745, 0.21819299882233642, 0.15348806102697124, 0.19658802964701563], [0.3843697420099483, 0.24664096133260466, 0.15653565358308644, 0.21245364297435207], [0.4424838007238251, 0.20427232946816498, 0.16777200730513836, 0.18547186240287047], [0.422459135728189, 0.21843533509958754, 0.1687504015418953, 0.190355127530335]], "ideal": "C", "sampled": "C", "correct": true}}
{"type": "result", "data": {"idx": 31, "options": ["10", "16", "24", "12"], "probs": [[0.3286747939844795, 0.3081742487624334, 0.20405060225925487, 0.15910035489383398], [0.3330790702664359, 0.3228245429767545, 0.1934207726168127, 0.15067561403999313], [0.40804285596360995, 0.30329071440469424, 0.16436280951565832, 0.12430362001603792], [0.32798586457515466, 0.32457332865504573, 0.18025915479736113, 0.16718165187242473]], "ideal": "A", "sampled": "C", "correct": false}}
{"type": "result", "data": {"idx": 32, "options": ["12", "22", "840", "240"], "probs": [[0.44559129991282354, 0.26297231429241325, 0.15322532774168596, 0.13821105795309088], [0.45126147826932067, 0.23345802700750937, 0.14689429002252832, 0.16838620460063622], [0.4329527563620928, 0.2661777880332434, 0.18425850147459769, 0.11661095403005693], [0.47446216316863, 0.24188132032769716, 0.11307224043276912, 0.1705842759708998]], "ideal": "D", "sampled": "A", "correct": false}}
{"type": "result", "data": {"idx": 33, "options": ["8788", "2", "2197", "21"], "probs": [[0.3692454285826669, 0.3465403117437481, 0.11142712152930385, 0.17278713804426019], [0.37767529144922046, 0.33227156022966986, 0.17981939843775332, 0.11023374978336983], [0.4014590894414653, 0.30842045056656464, 0.1317509669783199, 0.15836949291363522], [0.3983000482660329, 0.32187352133455505, 0.16693245922064348, 0.11289397107875153]], "ideal": "A", "sampled": "D", "correct": false}}
{"type": "result", "data": {"idx": 34, "options": ["-9", "-5", "-6", "-57"], "probs": [[0.41605377105429664, 0.25027525461830014, 0.14992401587515178, 0.1837469583522513], [0.3928582284833343, 0.23525865956363665, 0.16481799263658561, 0.20706511921644258], [0.38284795340291566, 0.24063005058371592, 0.16262069675042493, 0.21390129916294257], [0.3970079905847668, 0.23940992364250172, 0.15590619626036276, 0.20767588941236909]], "ideal": "A", "sampled": "A", "correct": true}}
{"type": "result", "data": {"idx": 35, "options": ["15", "5", "9", "17"], "probs": [[0.2896071777201109, 0.3914448903388809, 0.1559354302851455, 0.16301250155585711], [0.2817903613070055, 0.3702009192310685, 0.17913484365226737, 0.16887387570965368], [0.2556325836912815, 0.3664904948842724, 0.20475040877049122, 0.17312651255396036], [0.2697620489534512, 0.37669972246683764, 0.2019186783756154, 0.15161955010411293]], "ideal": "D", "sampled": "B", "correct": false}}
{"type": "result", "data": {"idx": 36, "options": ["252", "4680", "98770", "101170"], "probs": [[0.4694952025846963, 0.2773609962047231, 0.15053484281485688, 0.10260895829573186], [0.4573166882385655, 0.2619957285819276, 0.1793556028624257, 0.10133198021708109], [0.42633240570655784, 0.25150928133994366, 0.23174866338061323, 0.09040964947287917], [0.45310472274240976, 0.27539171816897634, 0.17323443733398972, 0.09826912165464029]], "ideal": "C", "sampled": "A", "correct": false}}
{"type": "result", "data": {"idx": 37, "options": ["4.5", "1", "5.5", "5"], "probs": [[0.31160984918193213, 0.3414143690004523, 0.08810393973008088, 0.25887184198751756], [0.2856709715252527, 0.35990498843296714, 0.14626684513442323, 0.20815719480736009], [0.2752392749416814, 0.3419201780912321, 0.14349218941108388, 0.23934835745598224], [0.32518270043740566, 0.3347168318186923, 0.1588228885740805, 0.18127757906983766]], "ideal": "C", "sampled": "D", "correct": false}}
{"type": "result", "data": {"idx": 38, "options": ["240", "120", "60", "111"], "probs": [[0.43534069977998874, 0.280063694091452, 0.14748451319616118, 0.1371110928324009], [0.4446738829487052, 0.278389324669776, 0.13834435149614155, 0.1385924407853713], [0.4366623973056744, 0.28306670713576654, 0.151795780961388, 0.12847511449715626], [0.43935546668001785, 0.2825744678386713, 0.151062680310627, 0.12700738507066353]], "ideal": "A", "sampled": "A", "correct": true}}
{"type": "result", "data": {"idx": 39, "options": ["24", "5", "3", "21"], "probs": [[0.41317094575347824, 0.26251051969616773, 0.10257503491441601, 0.2217434995359357], [0.39139444787911026, 0.2673620789961068, 0.11183773901297335, 0.22940573401181402], [0.3801610880327106, 0.2851854988385427, 0.12685693018536504, 0.2077964828433865], [0.40003659213512954, 0.2828131000419527, 0.1564407891591738, 0.16070951856372517]], "ideal": "A", "sampled": "A", "correct": true}}
{"type": "result", "data": {"idx": 40, "options": ["1", "-3", "-1", "3"], "probs": [[0.4339198310320943, 0.2578823480625883, 0.17680934791112526, 0.13138847289418634], [0.3806881429907507, 0.2703339763338782, 0.22345219317299803, 0.12552568740236802], [0.44170685212101757, 0.24565564175954685, 0.19487155887585428, 0.11776594714357991], [0.41756071463395766, 0.2600770696662227, 0.17986363545696046, 0.14249858014285496]], "ideal": "B", "sampled": "C", "correct": false}}
{"type": "result", "data": {"idx": 41, "options": ["4", "6", "10", "15"], "probs": [[0.44534696729179346, 0.2247644784566446, 0.18521122729208167, 0.1446773268594829], [0.42307553859996616, 0.227299241549129, 0.19629816932133995, 0.15332705042958125], [0.43953490696570013, 0.218199851220333, 0.20257604524561637, 0.13968919646834474], [0.4341667739693206, 0.233338851126694, 0.1803501665506826, 0.15214420825329536]], "ideal": "C", "sampled": "A", "correct": false}}
{"type": "result", "data": {"idx": 42, "options": ["Alice", "Devon", "Bob", "Gerald"], "probs": [[0.3404366176628717, 0.3050289875014511, 0.15817825554459686, 0.19635613919108652], [0.31726482327025446, 0.28772279586610466, 0.137557121464862, 0.25745525929877866], [0.3008289337313231, 0.32404154623713755, 0.1625555690936124, 0.21257395083794497], [0.3260231154865315, 0.3030754240221058, 0.11983884490458847, 0.25106261548678555]], "ideal": "B", "sampled": "A", "correct": false}}
{"type": "result", "data": {"idx": 43, "options": ["(6-3x)(6+3x)", "(-3x+6)(3x+6)", "9(2-x)(2+x)", "3(2+x)^2"], "probs": [[0.5055928603153964, 0.31288604514816304, 0.07567722387076907, 0.10584387056566551], [0.5270260596378976, 0.28744865742242454, 0.08354570286922446, 0.10197957997045651], [0.49549890788632345, 0.29327973823285003, 0.10131125167713208, 0.10991010210371191], [0.48215112600540583, 0.2635404222586557, 0.11457962253107332, 0.13972882910485437]], "ideal": "C", "sampled": "B", "correct": false}}
{"type": "result", "data": {"idx": 44, "options": ["100", "90950", "5200", "50"], "probs": [[0.42026594347293017, 0.3030751790001668, 0.10362278832887542, 0.17303608909802148], [0.4087123132801152, 0.3306089524547158, 0.1405404342189719, 0.12013829994621054], [0.42449845522958735, 0.33195440575031526, 0.08843498965918394, 0.1551121492608894], [0.40678487555338894, 0.30914393439041216, 0.10837197112156761, 0.17569921883463746]], "ideal": "C", "sampled": "D", "correct": false}}
{"type": "result", "data": {"idx": 45, "options": ["\\frac{1}{8}", "\\frac{1}{7}", "\\frac{1}{40}", "\\frac{1}{35}"], "probs": [[0.4416424567419038, 0.284424805272389, 0.16040640653044466, 0.11352633135527301], [0.44834128388303807, 0.2744817657645757, 0.1443303393649273, 0.1328466108874485], [0.44557612716032746, 0.27809323080958853, 0.15712091448737409, 0.11920972744271552], [0.4458750091650534, 0.28545319673738295, 0.1522550335770258, 0.11641676042052995]], "ideal": "D", "sampled": "A", "correct": false}}
{"type": "result", "data": {"idx": 46, "options": ["5", "11", "17", "199"], "probs": [[0.40779860209015856, 0.2800949914985635, 0.1343188364297828, 0.17778756988148425], [0.3979853024890698, 0.28738662957834743, 0.14260273458416287, 0.1720253332484204], [0.41697749809784834, 0.3066411505143189, 0.1286699563510385, 0.14771139493680763], [0.42552469718144226, 0.28515634844748045, 0.08667499484953642, 0.20264395942155244]], "ideal": "D", "sampled": "D", "correct": true}}
{"type": "result", "data": {"idx": 47, "options": ["7", "5", "2", "25"], "probs": [[0.37601214547007256, 0.30838281305775705, 0.2103630682133423, 0.10524197315882818], [0.3842203907963186, 0.3007395792071315, 0.1846778450626495, 0.13036218483392634], [0.3699093296151693, 0.3193700878131582, 0.1940021791206978, 0.11671840335097501], [0.37508312229202817, 0.29376878353065433, 0.2177115017837428, 0.11343659229356139]], "ideal": "A", "sampled": "B", "correct": false}}
{"type": "result", "data": {"idx": 48, "options": ["792", "66", "396", "72"], "probs": [[0.4650411801026986, 0.2892969393401999, 0.12841612049924106, 0.11724575995788093], [0.42437376623162776, 0.3069505653381745, 0.157995003001142, 0.110680665329054], [0.3977435665464808, 0.3113208030446801, 0.15431991327587885, 0.13661571703295952], [0.40069312363235265, 0.31256221384452054, 0.19096086475586296, 0.09578379766726139]], "ideal": "D", "sampled": "A", "correct": false}}
{"type": "result", "data": {"idx": 49, "options": ["5", "-75", "-64", "-24"], "probs": [[0.42922004642714673, 0.2710309342839011, 0.1746003062944772, 0.1251487128944854], [0.4132315232990344, 0.2801508668334345, 0.19370491832615747, 0.11291269144135287], [0.44799356518523364, 0.2754091799129492, 0.18606822477665516, 0.0905290300251791], [0.43261592720848535, 0.29567478827610616, 0.1574969108197674, 0.11421237359565536]], "ideal": "B", "sampled": "D", "correct": false}}
{"type": "result", "data": {"idx": 50, "options": ["\\frac{1}{27}", "\\frac{1}{68}", "\\frac{1}{3}", "\\frac{1}{243}"], "probs": [[0.4275333724560365, 0.31083143463587753, 0.13173380823312608, 0.12990138457495673], [0.43320259720736987, 0.32185983167553056, 0.11966074471215414, 0.12527682630492928], [0.43415030647502045, 0.3303869508092003, 0.12087524034865436, 0.11458750226711663], [0.4206734426665958, 0.2898151176028722, 0.11298471577800735, 0.17652672385252713]], "ideal": "D", "sampled": "C", "correct": false}}
{"type": "result", "data": {"idx": 51, "options": ["100", "4", "5", "20"], "probs": [[0.13589469408034913, 0.3850898851647183, 0.17302376326650654, 0.30599165738842077], [0.13758727624230865, 0.37527860334211927, 0.22244720152317857, 0.26468691879240014], [0.1593369436726685, 0.3489520052644607, 0.18376677722244794, 0.3079442737404179], [0.1424696780818662, 0.381381248360093, 0.22000631766215234, 0.2561427557958949]], "ideal": "A", "sampled": "B", "correct": false}}
{"type": "result", "data": {"idx": 52, "options": ["1", "9", "2", "10"], "probs": [[0.35243914263370846, 0.2747941794914576, 0.19652448374585177, 0.17624219402896998], [0.32742428398401197, 0.30301120078710697, 0.15615395332378987, 0.2134105618051016], [0.3581772111350865, 0.2737136558302843, 0.20084615211627932, 0.1672629808183733], [0.36071103174138974, 0.28672623363747246, 0.14471391362180278, 0.20784882089932352]], "ideal": "B", "sampled": "C", "correct": false}}
{"type": "result", "data": {"idx": 53, "options": ["43", "16", "42", "44"], "probs": [[0.3354805983534106, 0.3235219898610322, 0.22842920918683127, 0.11256820249873482], [0.30520462303232326, 0.3096047671703229, 0.25760752835879736, 0.12758308133856305], [0.3054668544039088, 0.3157227826736661, 0.29767587001186685, 0.08113449281056817], [0.32550996745279326, 0.33430370651807867, 0.24799586337192367, 0.09219046255720345]], "ideal": "C", "sampled": "A", "correct": false}}
{"type": "result", "data": {"idx": 54, "options": ["\\frac{1}{6}", "\\frac{1}{64}", "\\frac{1}{32}", "\\frac{1}{2}"], "probs": [[0.4065878210605878, 0.25470242260791526, 0.09133273868175909, 0.24737701754972005], [0.3825872137378483, 0.2496503318691652, 0.09210984483029819, 0.275652609462689], [0.411176835978122, 0.2433177546062707, 0.08057856780913072, 0.2649268415064712], [0.40119037246871414, 0.22819316046185148, 0.08540610385171016, 0.28521036311771253]], "ideal": "C", "sampled": "C", "correct": true}}
{"type": "result", "data": {"idx": 55, "options": ["5", "\\frac{25}{6}", "\\frac{\\sqrt{2465}{9}", "2"], "probs": [[0.4266005322188124, 0.28058156421172303, 0.14238247778589633, 0.15043542568356302], [0.3931421108580165, 0.288395882030989, 0.15068878699024554, 0.16777322002074962], [0.4089711568987163, 0.23989310424923127, 0.1461485986105155, 0.20498714014154515], [0.390726669743643, 0.24982563122208937, 0.11449557154077299, 0.24495212739349728]], "ideal": "A", "sampled": "C", "correct": false}}
{"type": "result", "data": {"idx": 56, "options": ["3", "\\frac{1}{49}", "\\frac{1}{7}", "7"], "probs": [[0.448263015145603, 0.31422283797780015, 0.14039723027951095, 0.09711691649709368], [0.4907441467553, 0.2790679253397533, 0.12623352370090463, 0.1039544041040489], [0.46049927253130685, 0.25417683165424604, 0.15334685640367218, 0.13197703931077795], [0.41928998283931546, 0.3416319461758658, 0.08767134621222158, 0.151406724672585]], "ideal": "B", "sampled": "A", "correct": false}}
{"type": "result", "data": {"idx": 57, "options": ["4, 7", "5, 5", "3, 9", "9, 8"], "probs": [[0.5621227720576539, 0.20574205685816427, 0.17327920123666374, 0.0588559697475138], [0.5278899907177909, 0.2113389873887668, 0.20195120175667058, 0.05881982003677564], [0.515237222935489, 0.2074509515028571, 0.20185074192472935, 0.07546108353692035], [0.5101996062104562, 0.23082443450589882, 0.1970264081837265, 0.06194955099994213]], "ideal": "B", "sampled": "A", "correct": false}}
{"type": "result", "data": {"idx": 58, "options": ["1", "120", "20", "12"], "probs": [[0.3818686877245183, 0.31278348127064687, 0.19277786447805423, 0.11256996642678661], [0.3567685324698742, 0.32966732824881834, 0.16862417155846754, 0.14493996762283332], [0.4190795462052178, 0.29796319111976505, 0.18879597155032546, 0.09416129102467716], [0.40627849167860786, 0.3162033274853182, 0.15676293660306745, 0.12075524413301714]], "ideal": "B", "sampled": "C", "correct": false}}
{"type": "result", "data": {"idx": 59, "options": ["1", "2", "-2", "0"], "probs": [[0.45863786374694954, 0.23751641198481158, 0.14545644427618434, 0.15838927989204626], [0.4339276122780657, 0.2647120900041459, 0.1505619820442188, 0.1507983155735691], [0.40872638724888144, 0.2783528048649119, 0.17776850908924943, 0.13515229869696282], [0.43685514735362085, 0.23626503480214628, 0.1784045931348815, 0.1484752246093489]], "ideal": "C", "sampled": "D", "correct": false}}
{"type": "result", "data": {"idx": 60, "options": ["1160", "1440", "2408", "2793"], "probs": [[0.32596949996624214, 0.367981966241345, 0.19353618785063162, 0.11251234584178531], [0.3348198964984257, 0.36780219036979883, 0.1801436454548422, 0.11723426757692365], [0.3152266379770008, 0.3762822064766022, 0.20196207999036142, 0.10652907545604028], [0.3415556718753163, 0.36573789067787027, 0.18484648175035343, 0.10785995559647786]], "ideal": "D", "sampled": "A", "correct": false}}
{"type": "result", "data": {"idx": 61, "options": ["0.615", "4.875", "15", "34.667"], "probs": [[0.415420266971497, 0.30359531423140546, 0.1943328950778148, 0.08665152361927306], [0.4522452270702323, 0.2872025719735763, 0.15705587034469815, 0.10349633051149551], [0.4133816257004487, 0.3003668415004458, 0.19259123732223773, 0.09366029537688277], [0.44470455703106493, 0.28917131105199817, 0.1795373241675841, 0.08658680764934588]], "ideal": "B", "sampled": "B", "correct": true}}
{"type": "result", "data": {"idx": 62, "options": ["f (x) = 0 has three real solutions.", "f (x) \u2265 \u201318 for all x \u2265 0.", "f (x) \u2264 \u201318 for all x \u2264 0.", "The function f (x) is decreasing for x \u2264 \u20133."], "probs": [[0.4740469816109144, 0.24719095495492185, 0.12034486442644583, 0.1584171989077175], [0.5089789046802596, 0.23852237212145944, 0.10727294172967161, 0.1452257813686096], [0.52396573504864, 0.23296091164159546, 0.09618108636442313, 0.14689226684536763], [0.4960934402374454, 0.23281500618311995, 0.11143158890367075, 0.1596599645757483]], "ideal": "A", "sampled": "C", "correct": false}}
{"type": "result", "data": {"idx": 63, "options": ["211", "2321", "11", "608"], "probs": [[0.38333788301750704, 0.3276792600273845, 0.162746534346846, 0.12623632250826464], [0.4195255546044665, 0.30647495726113655, 0.11490121701609338, 0.1590982710182931], [0.3832923097462942, 0.33227864637978305, 0.1413627327245526, 0.14306631104938305], [0.4112222291489919, 0.3230813452846379, 0.12283774976196693, 0.14285867570439212]], "ideal": "D", "sampled": "B", "correct": false}}
{"type": "result", "data": {"idx": 64, "options": ["-8", "128", "-128", "16"], "probs": [[0.45508002695048216, 0.27149918577284937, 0.18387022856845414, 0.08955055860823252], [0.45120533760545734, 0.2900738308431205, 0.15274243681712885, 0.10597839463430168], [0.43145739787057424, 0.29570900556908875, 0.15922068182488242, 0.11361291463545467], [0.4294472381085356, 0.29005588159423606, 0.16103492952950055, 0.11946195066774187]], "ideal": "C", "sampled": "C", "correct": true}}
{"type": "result", "data": {"idx": 65, "options": ["\u201312", "\u20139", "0", "8"], "probs": [[0.43711257704749645, 0.21347008977678888, 0.23498905161564487, 0.11442828146007357], [0.47030567204602064, 0.23933894765140076, 0.19296784977799375, 0.09738753042459154], [0.4920340471228113, 0.21504511575341256, 0.17281376808816754, 0.12010706893561754], [0.509876646829116, 0.22068096460163264, 0.13863558790684505, 0.1308068005624182]], "ideal": "B", "sampled": "C", "correct": false}}
{"type": "result", "data": {"idx": 66, "options": ["3", "4", "5", "6"], "probs": [[0.4272931039018855, 0.29812668285601523, 0.15810849606589744, 0.11647171707620707], [0.4394451999976837, 0.3046819306394467, 0.1427094751822724, 0.11316339408061352], [0.43510375719255484, 0.3012977752301636, 0.1853391905247758, 0.07825927695251424], [0.43600143296026317, 0.32467935582134444, 0.14453394360881427, 0.09478526750960381]], "ideal": "C", "sampled": "A", "correct": false}}
{"type": "result", "data": {"idx": 67, "options": ["72", "6", "18", "12"], "probs": [[0.331853067501649, 0.288155580599868, 0.13590426836894196, 0.24408708342953273], [0.3589991548974488, 0.2603501586288879, 0.14898897536787453, 0.23166171100576857], [0.35549532465533523, 0.2900737183772317, 0.13771976275940206, 0.21671119410803583], [0.34796834643445385, 0.30329560948361023, 0.15471218702066208, 0.19402385696126737]], "ideal": "B", "sampled": "D", "correct": false}}
{"type": "result", "data": {"idx": 68, "options": ["\\frac{1}{12}", "\\frac{1}{6}", "\\frac{2}{3}", "\\frac{1}{3}"], "probs": [[0.4856452927334877, 0.27176403535740806, 0.14894995749418505, 0.09364071431492209], [0.4807279489300182, 0.27467928484423576, 0.14698974791223796, 0.09760301821351956], [0.4948321717809842, 0.2791730186850996, 0.13727157225114317, 0.08872323718274679], [0.5009657957833183, 0.25952351209065966, 0.14417223321830627, 0.09533845880773194]], "ideal": "D", "sampled": "D", "correct": true}}
{"type": "result", "data": {"idx": 69, "options": ["5", "2", "13", "139"], "probs": [[0.3538092301800448, 0.3348050812247568, 0.17583991573382365, 0.13554577276138485], [0.3331076853191352, 0.3333755181065628, 0.19490984172965947, 0.13860695474463167], [0.33266051079234976, 0.33366151710467057, 0.2279101187917043, 0.10576785321125097], [0.335693836888171, 0.36135156750059044, 0.18996818452376912, 0.1129864109874854]], "ideal": "A", "sampled": "A", "correct": true}}
{"type": "result", "data": {"idx": 70, "options": ["100", "999", "625", "500"], "probs": [[0.3718429380785757, 0.333027041169219, 0.17177064147381507, 0.12335937917839548], [0.355838630520529, 0.3079720072618938, 0.205893361548695, 0.1302960005688567], [0.37313308357502173, 0.3030510066231681, 0.22235079987103162, 0.10146510983076529], [0.3694475927689798, 0.31890426049101606, 0.19584252952960982, 0.11580561711038656]], "ideal": "C", "sampled": "A", "correct": false}}
{"type": "result", "data": {"idx": 71, "options": ["\\frac{7}{15}", "\\frac{15}{7}", "\\frac{15}{8}", "\\frac{15}{11}"], "probs": [[0.425639213949855, 0.34775715514294625, 0.1297017048914034, 0.09690192591581373], [0.4325637712656531, 0.3348692147953289, 0.141696422841492, 0.09087059099752412], [0.4064272200045855, 0.34879098447555834, 0.14511553687467657, 0.09966625854517507], [0.4127513421930425, 0.352924270162237, 0.13643447204681933, 0.09788991549790357]], "ideal": "B", "sampled": "B", "correct": true}}
{"type": "result", "data": {"idx": 72, "options": ["29", "14", "27", "11"], "probs": [[0.37570386514448256, 0.3991534251403697, 0.13833774539377347, 0.08680496422140259], [0.3743091744025588, 0.38067186808727954, 0.15814053949893797, 0.08687841791122901], [0.3851456131688983, 0.391261776820299, 0.1242908370147796, 0.09930177289601021], [0.3757935182114046, 0.402669549481448, 0.13874198851240135, 0.08279494369474953]], "ideal": "A", "sampled": "D", "correct": false}}
{"type": "result", "data": {"idx": 73, "options": ["-5", "13", "64", "25"], "probs": [[0.3823916891279974, 0.2656889635628735, 0.1925643547050578, 0.15935499250407653], [0.38974395560174635, 0.27742835974381214, 0.22322904914344807, 0.109598635410989], [0.40603298449266556, 0.29471384990112126, 0.17154266047901431, 0.1277105050272132], [0.42000158064698784, 0.28522805608045315, 0.14091109195232557, 0.1538592712202351]], "ideal": "C", "sampled": "D", "correct": false}}
{"type": "result", "data": {"idx": 74, "options": ["2", "1", "9", "16"], "probs": [[0.31354322899785175, 0.2964562130503199, 0.15482984447364065, 0.23517071337818923], [0.338977135230228, 0.27793390755722736, 0.15363024005217177, 0.22945871706036308], [0.33084038300823854, 0.2771313285436114, 0.18643358178528704, 0.2055947065628747], [0.29034188367496, 0.2886424781362825, 0.16997118882186762, 0.25104444926689584]], "ideal": "B", "sampled": "A", "correct": false}}
{"type": "result", "data": {"idx": 75, "options": ["10240", "5001", "5002", "8192"], "probs": [[0.39603358772208985, 0.289096851319588, 0.15237361004333078, 0.16249595081499685], [0.3782566278130976, 0.29377214151124975, 0.17339255684260418, 0.15457867373304385], [0.38382890357402694, 0.30789637349560606, 0.17166021629399447, 0.13661450653637805], [0.3947687182564028, 0.269286516978677, 0.15930817965673147, 0.17663658500820273]], "ideal": "D", "sampled": "D", "correct": true}}
{"type": "result", "data": {"idx": 76, "options": ["If f(x) is continuous at x = c, then f\u2032(c) exists.", "If f\u2032(c) = 0, then f has a local maximum or minimum at (c, f (c)).", "If f\u2032\u2032(c) = 0, then the graph of f has an inflection point at (c, f (c)).", "If f is differentiable at x = c, then f is continuous at x = c."], "probs": [[0.5374173610458215, 0.278772719802461, 0.09809088545076915, 0.0857190336009492], [0.5516170968771723, 0.22540410729302196, 0.11275481150545945, 0.11022398422433159], [0.5154269191432054, 0.24396397616215929, 0.1097519459796511, 0.13085715861497638], [0.49351422995209343, 0.29129306353114154, 0.12163670755909317, 0.0935559988576483]], "ideal": "D", "sampled": "B", "correct": false}}
{"type": "result", "data": {"idx": 77, "options": ["5", "22", "11", "6"], "probs": [[0.4192631906106643, 0.31477027522550666, 0.08706323347630071, 0.17890330058752713], [0.3958695957881183, 0.33630272959253094, 0.11577283330301573, 0.15205484121631987], [0.3822184434273697, 0.3116534425440247, 0.11901521351106295, 0.1871129004175193], [0.36623209182640526, 0.335240729407516, 0.1390631822189295, 0.1594639964471572]], "ideal": "A", "sampled": "B", "correct": false}}
{"type": "result", "data": {"idx": 78, "options": ["Wednesday", "Thursday", "Friday", "Saturday"], "probs": [[0.4717159418916367, 0.22878884132981256, 0.18485589330096394, 0.11463932337759207], [0.4983303209735115, 0.22280715502104295, 0.14078157150283074, 0.13808095240262175], [0.46829047917326383, 0.2284223120282124, 0.16130146179660262, 0.1419857469019307], [0.45869868967925614, 0.2424261882067915, 0.15170702756255522, 0.14716809445136997]], "ideal": "C", "sampled": "C", "correct": true}}
{"type": "result", "data": {"idx": 79, "options": ["January 10th", "January 21st", "January 31st", "February 10th"], "probs": [[0.4265845395881366, 0.30302681938617154, 0.11387086826413885, 0.1565177726615688], [0.42133863700391844, 0.3048305271410162, 0.10822664238266158, 0.1656041933723916], [0.43135532989823194, 0.3043372517792902, 0.12154189578998471, 0.1427655224324843], [0.4000432480977965, 0.3023494240620421, 0.11236326336592971, 0.18524406437423396]], "ideal": "B", "sampled": "C", "correct": false}}
{"type": "result", "data": {"idx": 80, "options": ["75", "76", "22", "23"], "probs": [[0.35277031340264603, 0.2614724038063349, 0.21631939979121953, 0.16943788289982142], [0.38166757542383367, 0.2935268061745516, 0.17876669835132203, 0.14603891995029009], [0.324081769856089, 0.24630534997617012, 0.2282419211439029, 0.20137095892382112], [0.37927016037936906, 0.2811076771877459, 0.17683583573270087, 0.16278632660017245]], "ideal": "B", "sampled": "B", "correct": true}}
