{"type": "result", "data": {"idx": 0, "options": ["Wrong, Wrong", "Wrong, Not wrong", "Not wrong, Wrong", "Not wrong, Not wrong"], "probs": [[0.3389219352296782, 0.262269736868816, 0.22455969715951948, 0.17424863064198864], [0.3557566045557781, 0.25396660499031337, 0.20686155376465068, 0.18341523658926445], [0.32136886920130253, 0.26620922684842907, 0.21946201635322937, 0.1929598874970325], [0.32843299781895063, 0.2657167458571141, 0.2183806566063499, 0.1874695996175911]], "ideal": "D", "sampled": "B", "correct": false}}
{"type": "result", "data": {"idx": 1, "options": ["Wrong, Wrong", "Wrong, Not wrong", "Not wrong, Wrong", "Not wrong, Not wrong"], "probs": [[0.23077969090245723, 0.2898995634394708, 0.25938259624125803, 0.2199381493167964], [0.3072437478949419, 0.2706381185352135, 0.22315164388197115, 0.19896648958785138], [0.25244404684281685, 0.29300236089503695, 0.2391812124655327, 0.21537237969662673], [0.2605231908659975, 0.27105657327650334, 0.25399710200708947, 0.21442313375041824]], "ideal": "A", "sampled": "B", "correct": false}}
{"type": "result", "data": {"idx": 2, "options": ["Wrong, Wrong", "Wrong, Not wrong", "Not wrong, Wrong", "Not wrong, Not wrong"], "probs": [[0.29106643647598096, 0.2600739004378515, 0.2703399731022366, 0.17851968988392738], [0.3254851741414042, 0.2654445721022858, 0.23225341348106768, 0.17681684017524388], [0.2861398286179483, 0.27859794813867816, 0.23942328245308855, 0.19583894069029698], [0.2972221761575991, 0.2689263733228964, 0.2478294413594301, 0.1860220090600595]], "ideal": "D", "sampled": "B", "correct": false}}
{"type": "result", "data": {"idx": 3, "options": ["Wrong, Wrong", "Wrong, Not wrong", "Not wrong, Wrong", "Not wrong, Not wrong"], "probs": [[0.32277865747566004, 0.2536926017539277, 0.24478938685366722, 0.17873935381674894], [0.31132885605136545, 0.24920531686094985, 0.24116111919441427, 0.198304707793268], [0.2712835991579076, 0.2627581487858653, 0.2610627626408737, 0.20489548931535037], [0.29073784321962964, 0.2658666026352851, 0.25246349167429705, 0.19093206237081717]], "ideal": "B", "sampled": "A", "correct": false}}
{"type": "result", "data": {"idx": 4, "options": ["Wrong, Wrong", "Wrong, Not wrong", "Not wrong, Wrong", "Not wrong, Not wrong"], "probs": [[0.27933940458343504, 0.2467626684577009, 0.27107740268844704, 0.2028205241704218], [0.34310438380050495, 0.2492360610515614, 0.21164638544778336, 0.19601316960014234], [0.29492462715590567, 0.26760977015843246, 0.23320134474514573, 0.20426425784053265], [0.3116271189806673, 0.2475526099344773, 0.2328131301692947, 0.2080071408155512]], "ideal": "D", "sampled": "B", "correct": false}}
{"type": "result", "data": {"idx": 5, "options": ["Wrong, Wrong", "Wrong, Not wrong", "Not wrong, Wrong", "Not wrong, Not wrong"], "probs": [[0.3349830021532366, 0.24563304805605796, 0.23026555396992276, 0.1891183957207928], [0.3528361176645914, 0.23882440786362436, 0.20441270816333923, 0.20392676620844805], [0.3157232090797221, 0.24908001866469437, 0.21576477134163263, 0.21943200081395103], [0.32519876457395996, 0.25100101890162646, 0.24163259018434766, 0.18216762624008492]], "ideal": "C", "sampled": "B", "correct": false}}
{"type": "result", "data": {"idx": 6, "options": ["Wrong, Wrong", "Wrong, Not wrong", "Not wrong, Wrong", "Not wrong, Not wrong"], "probs": [[0.3270007954837902, 0.2471600895476366, 0.25181664787873825, 0.17402246698982332], [0.3361861632722102, 0.2595523032043767, 0.22832065646100028, 0.17594087696242977], [0.29590587523351575, 0.2744451210320169, 0.24370000103644504, 0.18594900259803654], [0.3122897705478364, 0.27325599271801954, 0.23666159133825868, 0.17779264529589775]], "ideal": "D", "sampled": "A", "correct": false}}
{"type": "result", "data": {"idx": 7, "options": ["Wrong, Wrong", "Wrong, Not wrong", "Not wrong, Wrong", "Not wrong, Not wrong"], "probs": [[0.33257512795040306, 0.25494367786569916, 0.2343254474537209, 0.1781557466301776], [0.34285034599266273, 0.2581480727092255, 0.1993156829904856, 0.19968589820762325], [0.29328260822055563, 0.26913647344047154, 0.2353368322381997, 0.20224408600076696], [0.3023756727749964, 0.27457363289280046, 0.23565491441685663, 0.18739577981532723]], "ideal": "D", "sampled": "A", "correct": false}}
{"type": "result", "data": {"idx": 8, "options": ["Wrong, Wrong", "Wrong, Not wrong", "Not wrong, Wrong", "Not wrong, Not wrong"], "probs": [[0.31007651125735775, 0.2720032383137678, 0.2109713342008909, 0.20694891612799393], [0.3040260887195083, 0.24556995523449965, 0.23521176542569344, 0.2151921905202948], [0.28431818370036965, 0.26553789065915534, 0.23856720361639605, 0.21157672192404908], [0.2867151462668082, 0.27283209419277277, 0.2434335699249609, 0.1970191895154491]], "ideal": "A", "sampled": "A", "correct": true}}
{"type": "result", "data": {"idx": 9, "options": ["Wrong, Wrong", "Wrong, Not wrong", "Not wrong, Wrong", "Not wrong, Not wrong"], "probs": [[0.26689141602617206, 0.27838620329483493, 0.25935629737068205, 0.19536608320830912], [0.29447483217231757, 0.27398893402093644, 0.2345734995077631, 0.19696273419898516], [0.24795961321856944, 0.298652624404209, 0.24714870957158677, 0.20623905270563697], [0.2671487135314306, 0.2864743390239934, 0.24743750536202921, 0.19893944198254673]], "ideal": "C", "sampled": "B", "correct": false}}
{"type": "result", "data": {"idx": 10, "options": ["Wrong, Wrong", "Wrong, Not wrong", "Not wrong, Wrong", "Not wrong, Not wrong"], "probs": [[0.23880201856935532, 0.24786398089812683, 0.2774285435920114, 0.23590545684051], [0.3424145356446467, 0.24939071693332543, 0.2143583505172067, 0.19383639680479844], [0.2900423418926251, 0.2656590256896831, 0.23674198672832805, 0.20755664558937786], [0.2998312728812441, 0.2488380382400699, 0.24643285328684994, 0.20489783549184762]], "ideal": "D", "sampled": "B", "correct": false}}
{"type": "result", "data": {"idx": 11, "options": ["Wrong, Wrong", "Wrong, Not wrong", "Not wrong, Wrong", "Not wrong, Not wrong"], "probs": [[0.3350621838621878, 0.2515564006543791, 0.24656424629493562, 0.16681716908848382], [0.3457909569048546, 0.25350931915510255, 0.22569263339057072, 0.17500709044946508], [0.30982182916574846, 0.27053835038270113, 0.24284801523808552, 0.17679180511347892], [0.3113466423704704, 0.26376346198994677, 0.2448765407534113, 0.18001335478617309]], "ideal": "B", "sampled": "B", "correct": true}}
{"type": "result", "data": {"idx": 12, "options": ["Wrong, Wrong", "Wrong, Not wrong", "Not wrong, Wrong", "Not wrong, Not wrong"], "probs": [[0.3459737610279787, 0.2646801167409649, 0.23502395937658327, 0.15432216275447752], [0.3389557895517277, 0.2586371801950591, 0.22849869334159473, 0.1739083368116084], [0.3025372290564904, 0.27447774787544016, 0.24311880969396704, 0.17986621327410113], [0.3040262926662298, 0.2696231684270462, 0.24902409140108503, 0.1773264474056357]], "ideal": "C", "sampled": "A", "correct": false}}
{"type": "result", "data": {"idx": 13, "options": ["Wrong, Wrong", "Wrong, Not wrong", "Not wrong, Wrong", "Not wrong, Not wrong"], "probs": [[0.30055204249510786, 0.26345630099253425, 0.26152268901282016, 0.17446896739954815], [0.3162430543048246, 0.25717131655585923, 0.24168623108733514, 0.18489939795197238], [0.27940583438607175, 0.2733220598363591, 0.2635749640951952, 0.1836971415823506], [0.2872068443524524, 0.2791817335052304, 0.2543079613604675, 0.17930346068183778]], "ideal": "A", "sampled": "A", "correct": true}}
{"type": "result", "data": {"idx": 14, "options": ["Wrong, Wrong", "Wrong, Not wrong", "Not wrong, Wrong", "Not wrong, Not wrong"], "probs": [[0.3435721999863726, 0.23480107560650637, 0.2569089758625213, 0.16471774844459486], [0.3538503842588155, 0.25009205211265184, 0.23387305261266983, 0.1621845109158545], [0.30225617625436835, 0.25417940045760135, 0.2505345178027691, 0.19302990538527268], [0.3286138090347217, 0.2617497203154234, 0.25298795435667043, 0.15664851619320277]], "ideal": "D", "sampled": "B", "correct": false}}
{"type": "result", "data": {"idx": 15, "options": ["Wrong, Wrong", "Wrong, Not wrong", "Not wrong, Wrong", "Not wrong, Not wrong"], "probs": [[0.31519448077928625, 0.27029427425041797, 0.22197210748576104, 0.19253913738455045], [0.31647164677898343, 0.26205533127747654, 0.2100630698498535, 0.21140995199368676], [0.2693116787172698, 0.2673930846311679, 0.24251542987176414, 0.2207798066798085], [0.2759907855747871, 0.2887417167720643, 0.23138339124096913, 0.20388410631216397]], "ideal": "A", "sampled": "A", "correct": true}}
{"type": "result", "data": {"idx": 16, "options": ["Wrong, Wrong", "Wrong, Not wrong", "Not wrong, Wrong", "Not wrong, Not wrong"], "probs": [[0.3020239316458944, 0.2712712963609998, 0.2537029681661765, 0.17300180372693652], [0.3212947366242932, 0.2617482665751472, 0.23503380738914847, 0.18192318931142626], [0.2822690047851887, 0.27594360368971954, 0.25007742613165806, 0.19170996529343404], [0.2917787805324155, 0.27545141360282166, 0.2554646658307482, 0.1773051399340256]], "ideal": "D", "sampled": "B", "correct": false}}
{"type": "result", "data": {"idx": 17, "options": ["Wrong, Wrong", "Wrong, Not wrong", "Not wrong, Wrong", "Not wrong, Not wrong"], "probs": [[0.31450934307928996, 0.27887846070387823, 0.24335635880867168, 0.1632558373081583], [0.33452251154342305, 0.27130531213901316, 0.21430325485482854, 0.1798689213627364], [0.28467635844873534, 0.2893411479233615, 0.2395458075805397, 0.186436685947376], [0.3084607970699378, 0.28382719113319527, 0.23024182688282455, 0.1774701848140278]], "ideal": "C", "sampled": "B", "correct": false}}
{"type": "result", "data": {"idx": 18, "options": ["Wrong, Wrong", "Wrong, Not wrong", "Not wrong, Wrong", "Not wrong, Not wrong"], "probs": [[0.31206134431898563, 0.2647148157627426, 0.2261457810215136, 0.19707805879676096], [0.3252380801916372, 0.2627595926632986, 0.21210791732300338, 0.19989440972206582], [0.2888895631003308, 0.27134082913667, 0.22544358090415678, 0.2143260267588356], [0.2952949030767661, 0.2616320339769298, 0.23028018178928533, 0.21279288105699962]], "ideal": "C", "sampled": "B", "correct": false}}
{"type": "result", "data": {"idx": 19, "options": ["Wrong, Wrong", "Wrong, Not wrong", "Not wrong, Wrong", "Not wrong, Not wrong"], "probs": [[0.3050253987125604, 0.2632795475814898, 0.2527888362716794, 0.1789062173342551], [0.35723018018615343, 0.24480961126848366, 0.21613667318611735, 0.18182353525924783], [0.3267083986559563, 0.259828148632902, 0.22944488111684747, 0.18401857149429607], [0.32376520686402066, 0.2634880664409186, 0.23397571995807975, 0.17877100663699244]], "ideal": "A", "sampled": "B", "correct": false}}
{"type": "result", "data": {"idx": 20, "options": ["Wrong, Wrong", "Wrong, Not wrong", "Not wrong, Wrong", "Not wrong, Not wrong"], "probs": [[0.3249291720565438, 0.24158065273798368, 0.2563578858313967, 0.17713228927409727], [0.3611751674320276, 0.2613277423128436, 0.20761490234049948, 0.1698821878146222], [0.3091624303444815, 0.27329360118585294, 0.23447717169179505, 0.18306679667786133], [0.3154644650669724, 0.2727703031190478, 0.23995329111171682, 0.17181194060227253]], "ideal": "D", "sampled": "B", "correct": false}}
{"type": "result", "data": {"idx": 21, "options": ["Wrong, Wrong", "Wrong, Not wrong", "Not wrong, Wrong", "Not wrong, Not wrong"], "probs": [[0.33111639735925624, 0.24346472400250455, 0.26082075802378846, 0.164598120514448], [0.3337896982811567, 0.24309940681843537, 0.24348790315459234, 0.17962299164581738], [0.29566501173024046, 0.2561311056915186, 0.2632337718978582, 0.18497011058039456], [0.30012138729629206, 0.26473947022647787, 0.25696054834818116, 0.17817859402904687]], "ideal": "A", "sampled": "A", "correct": true}}
{"type": "result", "data": {"idx": 22, "options": ["Wrong, Wrong", "Wrong, Not wrong", "Not wrong, Wrong", "Not wrong, Not wrong"], "probs": [[0.3496320344396883, 0.2761568781247142, 0.2093857283832075, 0.1648253589523975], [0.3431095986964875, 0.25863992354758225, 0.20944211977860183, 0.18880835787731717], [0.3103115145793419, 0.27493464678818585, 0.22416224167509632, 0.1905915968573878], [0.31717347742016233, 0.27203592868752074, 0.22395650933049144, 0.1868340844618348]], "ideal": "A", "sampled": "A", "correct": true}}
{"type": "result", "data": {"idx": 23, "options": ["Wrong, Wrong", "Wrong, Not wrong", "Not wrong, Wrong", "Not wrong, Not wrong"], "probs": [[0.29060331454766686, 0.23555393972760338, 0.24522671072427446, 0.22861603490044777], [0.35432875191826196, 0.23018218362601012, 0.22252464198810717, 0.19296442236761668], [0.3100956105233444, 0.2445605762136618, 0.2223657031959666, 0.22297810996703224], [0.3172389512686856, 0.22360878949610127, 0.25455925821578057, 0.2045930009194222]], "ideal": "B", "sampled": "B", "correct": true}}
{"type": "result", "data": {"idx": 24, "options": ["Wrong, Wrong", "Wrong, Not wrong", "Not wrong, Wrong", "Not wrong, Not wrong"], "probs": [[0.33086883346228885, 0.26202211806761594, 0.22480243866115368, 0.18230660970894366], [0.33720250370232546, 0.2503004747626845, 0.22346592763269532, 0.18903109380230199], [0.3000899631133549, 0.26446482059381765, 0.2421443770528392, 0.19330083913999282], [0.30943377440279507, 0.2674574840258592, 0.23830688496955302, 0.1848018565017823]], "ideal": "A", "sampled": "B", "correct": false}}
{"type": "result", "data": {"idx": 25, "options": ["Wrong, Wrong", "Wrong, Not wrong", "Not wrong, Wrong", "Not wrong, Not wrong"], "probs": [[0.33107087781599426, 0.24929809186969887, 0.2474797759034216, 0.17215125431089748], [0.377490407145869, 0.2275944708912504, 0.2057599214965385, 0.18915520036634786], [0.3271505890734967, 0.2505172896150184, 0.2360116663096421, 0.1863204549018609], [0.3380033492347741, 0.24303525778431062, 0.24380548345063735, 0.1751559094302683]], "ideal": "A", "sampled": "B", "correct": false}}
{"type": "result", "data": {"idx": 26, "options": ["Wrong, Wrong", "Wrong, Not wrong", "Not wrong, Wrong", "Not wrong, Not wrong"], "probs": [[0.3418620682119448, 0.2415110174389781, 0.2693666690736496, 0.14726024517542485], [0.3580028568883758, 0.24654704873833266, 0.2243484236025288, 0.171101670670756], [0.31397443089402954, 0.2583274645625002, 0.24919486894875895, 0.1785032354947253], [0.32624776897722346, 0.2564348836719996, 0.24609436650770125, 0.1712229807430762]], "ideal": "A", "sampled": "B", "correct": false}}
{"type": "result", "data": {"idx": 27, "options": ["Wrong, Wrong", "Wrong, Not wrong", "Not wrong, Wrong", "Not wrong, Not wrong"], "probs": [[0.27833157221645344, 0.26296957157315076, 0.268846126083782, 0.1898527300266267], [0.3112760917699452, 0.27029355349951256, 0.2184329767549569, 0.1999973778756044], [0.2605627505791854, 0.27060102813919973, 0.2518206787753276, 0.21701554240627938], [0.2831909901171599, 0.27004506414289076, 0.2534842722069361, 0.19327967343303945]], "ideal": "C", "sampled": "B", "correct": false}}
{"type": "result", "data": {"idx": 28, "options": ["Wrong, Wrong", "Wrong, Not wrong", "Not wrong, Wrong", "Not wrong, Not wrong"], "probs": [[0.296926383196205, 0.26300105231885534, 0.25666701334963665, 0.1834055510353006], [0.3152283815863713, 0.25079063654911976, 0.2301760320959605, 0.20380494966855084], [0.26346296134058333, 0.2693494065483898, 0.2605780602060439, 0.2066095718049858], [0.28598672297339334, 0.268192593642326, 0.2538137196187029, 0.19200696366556463]], "ideal": "C", "sampled": "B", "correct": false}}
{"type": "result", "data": {"idx": 29, "options": ["Wrong, Wrong", "Wrong, Not wrong", "Not wrong, Wrong", "Not wrong, Not wrong"], "probs": [[0.3073906754145154, 0.27371663253854317, 0.24173729682403666, 0.17715539512291364], [0.3279271776456881, 0.2620265838666222, 0.21246992193363584, 0.19757631645405616], [0.27940303249140375, 0.2860283072372422, 0.23535869722793293, 0.19920996294339985], [0.2937319008067303, 0.276676923452691, 0.24129461130461632, 0.18829656433597358]], "ideal": "B", "sampled": "B", "correct": true}}
{"type": "result", "data": {"idx": 30, "options": ["Wrong, Wrong", "Wrong, Not wrong", "Not wrong, Wrong", "Not wrong, Not wrong"], "probs": [[0.32427060478145986, 0.24822696174301973, 0.26351236291860347, 0.1639900704569206], [0.35091154685334364, 0.2520440348976466, 0.22325296033391717, 0.1737914578150905], [0.29911157435687913, 0.26617454517088446, 0.24825071145293712, 0.1864631689193046], [0.31248963903092825, 0.2739529091451899, 0.24530505756709545, 0.1682523941568136]], "ideal": "D", "sampled": "B", "correct": false}}
{"type": "result", "data": {"idx": 31, "options": ["Wrong, Wrong", "Wrong, Not wrong", "Not wrong, Wrong", "Not wrong, Not wrong"], "probs": [[0.2735047860092543, 0.2351869868877357, 0.2828432529959279, 0.20846497400707542], [0.3467153647575571, 0.22600370001619483, 0.2329980857093463, 0.19428284941691087], [0.30472089290615423, 0.24236329295492035, 0.25131031280736604, 0.20160550123156665], [0.3064123488537384, 0.22929314260047776, 0.26354117102619484, 0.2007533374196087]], "ideal": "B", "sampled": "B", "correct": true}}
{"type": "result", "data": {"idx": 32, "options": ["Wrong, Wrong", "Wrong, Not wrong", "Not wrong, Wrong", "Not wrong, Not wrong"], "probs": [[0.3145067191129848, 0.24297758566136385, 0.26033424295798946, 0.1821814521676614], [0.3491609774605297, 0.2382171173095219, 0.23006305741241898, 0.18255884771753714], [0.31303226249382776, 0.2532332558439369, 0.24067948646005116, 0.19305499510218685], [0.3184268066707873, 0.24373719830470797, 0.2518384786125476, 0.18599751631195938]], "ideal": "B", "sampled": "B", "correct": true}}
{"type": "result", "data": {"idx": 33, "options": ["Wrong, Wrong", "Wrong, Not wrong", "Not wrong, Wrong", "Not wrong, Not wrong"], "probs": [[0.33872194690785823, 0.2469169233911674, 0.23947976038267868, 0.17488136921829095], [0.3623490605247812, 0.24212592626991294, 0.19952798885242026, 0.1959970242528927], [0.32544158693867614, 0.2510069608757576, 0.23124586160282143, 0.19230559048276405], [0.3375570583187318, 0.25332728110452163, 0.229050028187322, 0.18006563228940572]], "ideal": "B", "sampled": "B", "correct": true}}
{"type": "result", "data": {"idx": 34, "options": ["Wrong, Wrong", "Wrong, Not wrong", "Not wrong, Wrong", "Not wrong, Not wrong"], "probs": [[0.28966620501506046, 0.25769560339870984, 0.2633273637507182, 0.18931082773548905], [0.34529025668066027, 0.2579056802956281, 0.2269220438997606, 0.16988201902395045], [0.30374732606040733, 0.2730140656694378, 0.243491771537995, 0.1797468366321665], [0.30673144143551745, 0.2581766282707423, 0.24870127827861316, 0.1863906519151239]], "ideal": "A", "sampled": "B", "correct": false}}
{"type": "result", "data": {"idx": 35, "options": ["Wrong, Wrong", "Wrong, Not wrong", "Not wrong, Wrong", "Not wrong, Not wrong"], "probs": [[0.29644577107714754, 0.264954740506097, 0.2549537086924547, 0.1836457796242951], [0.30986039566226803, 0.2720360272905883, 0.22688010976250014, 0.1912234671846452], [0.2610280763177482, 0.28571133096767926, 0.24555687466169684, 0.2077037179528746], [0.2624868066158209, 0.28106809680084627, 0.24935009914167613, 0.2070949973416633]], "ideal": "B", "sampled": "B", "correct": true}}
{"type": "result", "data": {"idx": 36, "options": ["Wrong, Wrong", "Wrong, Not wrong", "Not wrong, Wrong", "Not wrong, Not wrong"], "probs": [[0.24259256508410545, 0.2505467059733305, 0.29647108271138306, 0.21038964613118147], [0.3096058304720696, 0.24981228971360192, 0.238731394489041, 0.20185048522529528], [0.27305273254904994, 0.2694137726484401, 0.24635470577189902, 0.21117878893059033], [0.2783423176989563, 0.2429704029080831, 0.2652366488612707, 0.21345063043170556]], "ideal": "D", "sampled": "B", "correct": false}}
{"type": "result", "data": {"idx": 37, "options": ["Wrong, Wrong", "Wrong, Not wrong", "Not wrong, Wrong", "Not wrong, Not wrong"], "probs": [[0.3025835603492583, 0.2764664576351078, 0.24106752114658145, 0.17988246076903616], [0.31941825605726554, 0.2669407859959229, 0.22458998332508343, 0.18905097452172026], [0.28352122686854, 0.28403685299269493, 0.23594598405661063, 0.19649593598214554], [0.30018914092425186, 0.27824008587107774, 0.2373610767651009, 0.18420969633954556]], "ideal": "B", "sampled": "B", "correct": true}}
{"type": "result", "data": {"idx": 38, "options": ["Wrong, Wrong", "Wrong, Not wrong", "Not wrong, Wrong", "Not wrong, Not wrong"], "probs": [[0.3201662216032237, 0.2518029927487755, 0.23838027438242698, 0.18965051116555742], [0.3191360720485446, 0.24871811955483758, 0.22675759529911402, 0.20538821299750668], [0.29569787265605285, 0.2608069652689771, 0.23518009485558436, 0.20831506711938644], [0.2995910950676852, 0.2664219470892169, 0.23397267818481882, 0.2000142795582909]], "ideal": "A", "sampled": "A", "correct": true}}
{"type": "result", "data": {"idx": 39, "options": ["Wrong, Wrong", "Wrong, Not wrong", "Not wrong, Wrong", "Not wrong, Not wrong"], "probs": [[0.3092075256757018, 0.26380019922347503, 0.2601528893652643, 0.16683938563553313], [0.32939026274618016, 0.2691071596361262, 0.2226096742579436, 0.178892903259753], [0.2692886588465469, 0.2864101762187371, 0.2581075686672363, 0.1861935961674959], [0.2961713178537126, 0.27130129132214764, 0.2500937768274455, 0.18243361389670606]], "ideal": "C", "sampled": "B", "correct": false}}
{"type": "result", "data": {"idx": 40, "options": ["Wrong, Wrong", "Wrong, Not wrong", "Not wrong, Wrong", "Not wrong, Not wrong"], "probs": [[0.32667750248359523, 0.23635456540841737, 0.2727526021738766, 0.16421532983412068], [0.3506754541990052, 0.248013837985638, 0.2289883619184694, 0.17232234579687905], [0.3128267688881303, 0.26156726280026665, 0.24217377500681503, 0.18343219320477733], [0.3186729203265459, 0.2515508165846789, 0.25232382581314805, 0.17745243717562753]], "ideal": "C", "sampled": "B", "correct": false}}
{"type": "result", "data": {"idx": 41, "options": ["Wrong, Wrong", "Wrong, Not wrong", "Not wrong, Wrong", "Not wrong, Not wrong"], "probs": [[0.31446202701243425, 0.2685872105906575, 0.24284447183785396, 0.17410629045907522], [0.3299461452083024, 0.2645292384710958, 0.21790749111040683, 0.18761712511018694], [0.28302050751727004, 0.2918508620740015, 0.2352181038632418, 0.18991052644549086], [0.3055112641507029, 0.27112317094707683, 0.23965822897695668, 0.18370733582526694]], "ideal": "B", "sampled": "B", "correct": true}}
{"type": "result", "data": {"idx": 42, "options": ["Wrong, Wrong", "Wrong, Not wrong", "Not wrong, Wrong", "Not wrong, Not wrong"], "probs": [[0.33554792556114843, 0.2544856819351354, 0.23337647464026343, 0.17658991776344013], [0.34086538079885303, 0.2512802549387219, 0.21650446525495107, 0.1913498989074781], [0.30961235504571244, 0.266664286503752, 0.21992047680472995, 0.2038028815458088], [0.3148011121747991, 0.2584202175929504, 0.22707391925262177, 0.19970475087961945]], "ideal": "D", "sampled": "B", "correct": false}}
{"type": "result", "data": {"idx": 43, "options": ["Wrong, Wrong", "Wrong, Not wrong", "Not wrong, Wrong", "Not wrong, Not wrong"], "probs": [[0.2976628001239956, 0.259828856424695, 0.2537329873546083, 0.18877535599669654], [0.3382253425276317, 0.2588830753183156, 0.22385496508601135, 0.17903661696803044], [0.2920384739553651, 0.27057133813119016, 0.24519109463650554, 0.1921990931769376], [0.2950283437991887, 0.2681920964412131, 0.24758421251243162, 0.18919534714715064]], "ideal": "B", "sampled": "B", "correct": true}}
{"type": "result", "data": {"idx": 44, "options": ["Wrong, Wrong", "Wrong, Not wrong", "Not wrong, Wrong", "Not wrong, Not wrong"], "probs": [[0.3189035058591042, 0.24883950977432723, 0.24042982272932523, 0.1918271615372418], [0.34750504173153507, 0.24667263690240604, 0.21091116253978226, 0.19491115872626563], [0.32060544584802253, 0.2681314310892368, 0.21479075999142647, 0.19647236297131362], [0.3243712758419607, 0.2501492735321942, 0.22954299424928745, 0.19593645627653192]], "ideal": "D", "sampled": "B", "correct": false}}
{"type": "result", "data": {"idx": 45, "options": ["Wrong, Wrong", "Wrong, Not wrong", "Not wrong, Wrong", "Not wrong, Not wrong"], "probs": [[0.3291223107520817, 0.2615050544882292, 0.2330739624036726, 0.17629867225602744], [0.3300836854463292, 0.24648747921548753, 0.22477749066702174, 0.19865134457117797], [0.30696633041532095, 0.2669410319070123, 0.23447935671239806, 0.19161328086525956], [0.30772330532120884, 0.27356597074184746, 0.23317804695720964, 0.18553267687972358]], "ideal": "A", "sampled": "A", "correct": true}}
{"type": "result", "data": {"idx": 46, "options": ["Wrong, Wrong", "Wrong, Not wrong", "Not wrong, Wrong", "Not wrong, Not wrong"], "probs": [[0.2890805547251887, 0.27518059091002856, 0.26395752295152725, 0.17178133131326248], [0.2988323870015015, 0.26736526458103405, 0.2360082156159634, 0.19779413270151586], [0.252752301974816, 0.2874572022146298, 0.25914320313356415, 0.2006472925769793], [0.26132439178649625, 0.27772013395911316, 0.2643131585894783, 0.19664231556489595]], "ideal": "B", "sampled": "B", "correct": true}}
{"type": "result", "data": {"idx": 47, "options": ["Wrong, Wrong", "Wrong, Not wrong", "Not wrong, Wrong", "Not wrong, Not wrong"], "probs": [[0.32692462191124955, 0.26492550209336974, 0.24210499838327365, 0.16604487751211452], [0.3208790400145669, 0.2591272451034614, 0.2336274561815838, 0.18636625860038056], [0.27888060261448144, 0.2759775516990142, 0.25474981152955917, 0.19039203405693467], [0.28204190575004534, 0.26962547820365373, 0.2606247558555624, 0.18770786009073848]], "ideal": "C", "sampled": "A", "correct": false}}
{"type": "result", "data": {"idx": 48, "options": ["Wrong, Wrong", "Wrong, Not wrong", "Not wrong, Wrong", "Not wrong, Not wrong"], "probs": [[0.3166360685702228, 0.2653797660861387, 0.24891062365062042, 0.16907354159303745], [0.32329041018863447, 0.26593210829049513, 0.23103147727696768, 0.1797460041439045], [0.2858985439995426, 0.28494587862548115, 0.2429642965090594, 0.18619128076592883], [0.2954829656091787, 0.2857441911981708, 0.243889944862697, 0.17488289822995015]], "ideal": "B", "sampled": "A", "correct": false}}
{"type": "result", "data": {"idx": 49, "options": ["Wrong, Wrong", "Wrong, Not wrong", "Not wrong, Wrong", "Not wrong, Not wrong"], "probs": [[0.3137823907143048, 0.24969516132611375, 0.24787131538557386, 0.18865113247400084], [0.3181226931420488, 0.25515812461527065, 0.2235531612427784, 0.203166020899916], [0.28963134961766257, 0.26498984082502997, 0.23581659593083037, 0.20956221352646404], [0.298375419486527, 0.2683744307269123, 0.23616556306119832, 0.1970845866253703]], "ideal": "A", "sampled": "A", "correct": true}}
{"type": "result", "data": {"idx": 50, "options": ["Wrong, Wrong", "Wrong, Not wrong", "Not wrong, Wrong", "Not wrong, Not wrong"], "probs": [[0.3403081160893196, 0.21533333080895636, 0.2578273452727206, 0.18653120772902523], [0.3544549318642349, 0.20898461810664729, 0.22499277034907408, 0.21156767958007006], [0.33187593982405195, 0.22371395217144774, 0.23899661365845168, 0.20541349424603633], [0.347206312382543, 0.23089108918023904, 0.2403235142213673, 0.181579084115859]], "ideal": "B", "sampled": "A", "correct": false}}
{"type": "result", "data": {"idx": 51, "options": ["Wrong, Wrong", "Wrong, Not wrong", "Not wrong, Wrong", "Not wrong, Not wrong"], "probs": [[0.298398862470731, 0.2627549049452644, 0.23310113080009076, 0.2057451016839093], [0.3186486560108223, 0.2466387432648184, 0.21784472000605792, 0.2168678806183035], [0.2929781804970416, 0.26833821936628266, 0.21989158231343997, 0.21879201772324858], [0.28930705993772166, 0.2568581430424611, 0.23675206312966415, 0.21708273379017412]], "ideal": "B", "sampled": "B", "correct": true}}
{"type": "result", "data": {"idx": 52, "options": ["Wrong, Wrong", "Wrong, Not wrong", "Not wrong, Wrong", "Not wrong, Not wrong"], "probs": [[0.3189082802235676, 0.2774105266030304, 0.22797059892974936, 0.1757105941436462], [0.33277376789327634, 0.2536921989510622, 0.22343150488677452, 0.19010252816889808], [0.2810828752200017, 0.2750006989259024, 0.2442449010881214, 0.19967152466596177], [0.3086305504575292, 0.26910437348059385, 0.23983221144711486, 0.18243286451476973]], "ideal": "B", "sampled": "B", "correct": true}}
{"type": "result", "data": {"idx": 53, "options": ["Wrong, Wrong", "Wrong, Not wrong", "Not wrong, Wrong", "Not wrong, Not wrong"], "probs": [[0.325212429845614, 0.25588882455878786, 0.23857058747209442, 0.18032815802351754], [0.3236017729732053, 0.24828599622969222, 0.22633296579743828, 0.20177926489965042], [0.30252666732101624, 0.27179084528630265, 0.22713108902770962, 0.1985513982649801], [0.30038672772149133, 0.2647695667406856, 0.23721849281096555, 0.1976252126268542]], "ideal": "B", "sampled": "A", "correct": false}}
{"type": "result", "data": {"idx": 54, "options": ["Wrong, Wrong", "Wrong, Not wrong", "Not wrong, Wrong", "Not wrong, Not wrong"], "probs": [[0.31039583225283873, 0.26279211104843037, 0.25816203072831456, 0.16865002587040104], [0.32275994747764697, 0.25686658716726385, 0.23454393979949167, 0.1858295254556114], [0.291266809352902, 0.2663896987215854, 0.2474822578975068, 0.19486123392801835], [0.2998699419684357, 0.2657187492469927, 0.24767943024727487, 0.18673187843729624]], "ideal": "D", "sampled": "B", "correct": false}}
{"type": "result", "data": {"idx": 55, "options": ["Wrong, Wrong", "Wrong, Not wrong", "Not wrong, Wrong", "Not wrong, Not wrong"], "probs": [[0.2384876592170849, 0.258427881232269, 0.2814048123748866, 0.2216796470757447], [0.3230753163491389, 0.2696297652465646, 0.21396723116762748, 0.19332768713666146], [0.26907272935245824, 0.28742326919579325, 0.243243591161925, 0.20026041018982904], [0.28722720388346945, 0.2645618674361103, 0.24933724129290666, 0.1988736872874956]], "ideal": "D", "sampled": "B", "correct": false}}
{"type": "result", "data": {"idx": 56, "options": ["Wrong, Wrong", "Wrong, Not wrong", "Not wrong, Wrong", "Not wrong, Not wrong"], "probs": [[0.2851792419927197, 0.27347080284037406, 0.2651755097416222, 0.17617444532528911], [0.320642957142689, 0.2688959398105941, 0.22495268803557883, 0.18550841491112702], [0.2649664727567346, 0.28989990356580203, 0.25132554172656796, 0.19380808185088239], [0.2778688971316803, 0.28375779386739247, 0.24617526566740222, 0.19219804323353185]], "ideal": "A", "sampled": "B", "correct": false}}
{"type": "result", "data": {"idx": 57, "options": ["Wrong, Wrong", "Wrong, Not wrong", "Not wrong, Wrong", "Not wrong, Not wrong"], "probs": [[0.33945239766348706, 0.24545110315722102, 0.22409713848754523, 0.19099936059173578], [0.3501374421282471, 0.24200149305982865, 0.2039316051450643, 0.20392945956686873], [0.3174198376822528, 0.2561647548521382, 0.21650578838908516, 0.20990961897653168], [0.3222853302717326, 0.24846883823018878, 0.2239722764673237, 0.20527355493077484]], "ideal": "D", "sampled": "B", "correct": false}}
{"type": "result", "data": {"idx": 58, "options": ["Wrong, Wrong", "Wrong, Not wrong", "Not wrong, Wrong", "Not wrong, Not wrong"], "probs": [[0.3147593179082065, 0.274481846208968, 0.23102138504285905, 0.17973745073995956], [0.3076970443886262, 0.2715829714765468, 0.23337878219879046, 0.18734120183602704], [0.2719802340992603, 0.28592158287188285, 0.2527307730266168, 0.18936740990225198], [0.2818040837128471, 0.29209602141777036, 0.24278950706793842, 0.1833103877014406]], "ideal": "C", "sampled": "A", "correct": false}}
{"type": "result", "data": {"idx": 59, "options": ["Wrong, Wrong", "Wrong, Not wrong", "Not wrong, Wrong", "Not wrong, Not wrong"], "probs": [[0.302717312961012, 0.2512214493809007, 0.2741797996612016, 0.1718814378969051], [0.31917785285917766, 0.26083641334156227, 0.2272730307274599, 0.1927127029717884], [0.2656649852767531, 0.2791192696405882, 0.2554484767160062, 0.19976726826665275], [0.292516234813845, 0.2610461568788977, 0.24898839726014046, 0.19744921094712495]], "ideal": "D", "sampled": "B", "correct": false}}
{"type": "result", "data": {"idx": 60, "options": ["Wrong, Wrong", "Wrong, Not wrong", "Not wrong, Wrong", "Not wrong, Not wrong"], "probs": [[0.3181691878235645, 0.2793588551258993, 0.22578174728636657, 0.17669020966417306], [0.30110058813204227, 0.2686467024824411, 0.22935290001095626, 0.20089980927455706], [0.27274113783511555, 0.2876605758720579, 0.24446658384585507, 0.19513170234697919], [0.28378576692513946, 0.288459738733729, 0.2441741956121664, 0.18358029862895972]], "ideal": "A", "sampled": "A", "correct": true}}
{"type": "result", "data": {"idx": 61, "options": ["Wrong, Wrong", "Wrong, Not wrong", "Not wrong, Wrong", "Not wrong, Not wrong"], "probs": [[0.34328211607414283, 0.2554012611691967, 0.23917803309995336, 0.16213858955671498], [0.3457903997625549, 0.24337307122642957, 0.2248355118713204, 0.1860010170396869], [0.3090890951455444, 0.26443310007224075, 0.2421134461086708, 0.18436435857355699], [0.31525391599737096, 0.2613191116253951, 0.24365424502248384, 0.17977272725475]], "ideal": "B", "sampled": "A", "correct": false}}
{"type": "result", "data": {"idx": 62, "options": ["Wrong, Wrong", "Wrong, Not wrong", "Not wrong, Wrong", "Not wrong, Not wrong"], "probs": [[0.3086574660630941, 0.26080628155102303, 0.23810065984103115, 0.19243559244484093], [0.30030561374420267, 0.2585753694278102, 0.22745608207756765, 0.21366293465042827], [0.26350434331360484, 0.2745134286947805, 0.24436257637016245, 0.21761965152143548], [0.27225444441265034, 0.2705709659081481, 0.2472711346636269, 0.20990345491557785]], "ideal": "D", "sampled": "A", "correct": false}}
{"type": "result", "data": {"idx": 63, "options": ["Wrong, Wrong", "Wrong, Not wrong", "Not wrong, Wrong", "Not wrong, Not wrong"], "probs": [[0.28329089965778564, 0.27158317134215887, 0.2530325069761108, 0.19209342192393042], [0.30542143229570223, 0.2700500065848881, 0.23943103554074852, 0.18509752547868], [0.26074812698055866, 0.28689640348673096, 0.25786106547298043, 0.1944944039597447], [0.2774725611845099, 0.2821481456380608, 0.25238271420322034, 0.18799657887418691]], "ideal": "B", "sampled": "B", "correct": true}}
{"type": "result", "data": {"idx": 64, "options": ["Wrong, Wrong", "Wrong, Not wrong", "Not wrong, Wrong", "Not wrong, Not wrong"], "probs": [[0.3410429635465065, 0.23840470070946518, 0.24171064126549163, 0.17884169437855746], [0.34236897545507894, 0.24349709451250776, 0.22569170346967776, 0.18844222646272918], [0.30448599713135677, 0.25982766386060246, 0.24385198253112708, 0.19183435637691573], [0.3066683552144591, 0.2488361919724497, 0.2513143497132415, 0.19318110299986269]], "ideal": "D", "sampled": "B", "correct": false}}
{"type": "result", "data": {"idx": 65, "options": ["Wrong, Wrong", "Wrong, Not wrong", "Not wrong, Wrong", "Not wrong, Not wrong"], "probs": [[0.3164606622147833, 0.2671557978705415, 0.24164932120760704, 0.17473421860706823], [0.3323182260930012, 0.2637345077678217, 0.21760469464295296, 0.18634257139622998], [0.2809022186532702, 0.2809316131376218, 0.23722332662817153, 0.2009428414809045], [0.3015788057654711, 0.26351895709293127, 0.23644757577661102, 0.19845466126498937]], "ideal": "B", "sampled": "B", "correct": true}}
{"type": "result", "data": {"idx": 66, "options": ["Wrong, Wrong", "Wrong, Not wrong", "Not wrong, Wrong", "Not wrong, Not wrong"], "probs": [[0.2958821165730437, 0.2851540780885252, 0.2546501853025937, 0.164313619935857], [0.31164231517207075, 0.28431450105475675, 0.23060402552622397, 0.17343915814692942], [0.2615758527788377, 0.30556598033174387, 0.24769782009795488, 0.1851603466914417], [0.27203756425954273, 0.29160364801164956, 0.25305097171624236, 0.1833078159125628]], "ideal": "D", "sampled": "B", "correct": false}}
{"type": "result", "data": {"idx": 67, "options": ["Wrong, Wrong", "Wrong, Not wrong", "Not wrong, Wrong", "Not wrong, Not wrong"], "probs": [[0.33298845375223296, 0.26196255489839004, 0.24317667075143043, 0.16187232049796757], [0.3301274558430839, 0.25762927466460384, 0.22455969672222736, 0.18768357267008606], [0.301352003988163, 0.2750009746228833, 0.23350077844511197, 0.19014624284382997], [0.30516908977270013, 0.2751745404697998, 0.23443609924367115, 0.1852202704138536]], "ideal": "D", "sampled": "A", "correct": false}}
{"type": "result", "data": {"idx": 68, "options": ["Wrong, Wrong", "Wrong, Not wrong", "Not wrong, Wrong", "Not wrong, Not wrong"], "probs": [[0.30554414869479124, 0.286515588537549, 0.24073548774549403, 0.16720477492214403], [0.30866639928017503, 0.28623415772009503, 0.2195889931599951, 0.18551044973973152], [0.2500912857200251, 0.2967722373715583, 0.2457462332945719, 0.20739024351382704], [0.27275988552841, 0.28427631561988626, 0.24536592783053499, 0.1975978709211741]], "ideal": "D", "sampled": "B", "correct": false}}
{"type": "result", "data": {"idx": 69, "options": ["Wrong, Wrong", "Wrong, Not wrong", "Not wrong, Wrong", "Not wrong, Not wrong"], "probs": [[0.3386809181700954, 0.24127122047703903, 0.2374995015328538, 0.18254835972001188], [0.33480107486646143, 0.24056695181580537, 0.22825350454596255, 0.19637846867176273], [0.30709718997716656, 0.25537127260718046, 0.23158450603714537, 0.20594703127853428], [0.3171694932523403, 0.2510374871845428, 0.23763825338254588, 0.19415476608058316]], "ideal": "B", "sampled": "B", "correct": true}}
{"type": "result", "data": {"idx": 70, "options": ["Wrong, Wrong", "Wrong, Not wrong", "Not wrong, Wrong", "Not wrong, Not wrong"], "probs": [[0.36728988549578573, 0.2449628310979045, 0.23155156232390464, 0.15619572098239545], [0.373330613999426, 0.25225913884657875, 0.2060104956933799, 0.16839975136062504], [0.33182763865803755, 0.263245838398226, 0.22920630789751556, 0.175720214946226], [0.34084686615077936, 0.27374546049066073, 0.2222609991611368, 0.16314667409743805]], "ideal": "A", "sampled": "A", "correct": true}}
{"type": "result", "data": {"idx": 71, "options": ["Wrong, Wrong", "Wrong, Not wrong", "Not wrong, Wrong", "Not wrong, Not wrong"], "probs": [[0.2993727273630872, 0.2598286954336838, 0.2532457128011992, 0.18755286430202517], [0.31669466896752924, 0.25640834604230267, 0.23542790460430213, 0.19146908028586926], [0.2678611607590511, 0.2722816699423785, 0.25447166404279614, 0.2053855051557758], [0.2793237977002083, 0.26812682580287983, 0.2557075187007151, 0.1968418576962095]], "ideal": "A", "sampled": "B", "correct": false}}
{"type": "result", "data": {"idx": 72, "options": ["Wrong, Wrong", "Wrong, Not wrong", "Not wrong, Wrong", "Not wrong, Not wrong"], "probs": [[0.32297806625577563, 0.2587920091070495, 0.2517176523815669, 0.16651227215562814], [0.338465724892271, 0.26352525305586083, 0.2266647392501178, 0.17134428270174118], [0.3007512403129136, 0.2795412099761724, 0.2404939812160726, 0.17921356839486663], [0.30796757203898273, 0.2706392315592253, 0.2466080616998553, 0.174785134601923]], "ideal": "C", "sampled": "B", "correct": false}}
{"type": "result", "data": {"idx": 73, "options": ["Wrong, Wrong", "Wrong, Not wrong", "Not wrong, Wrong", "Not wrong, Not wrong"], "probs": [[0.343038238164182, 0.2685872292412409, 0.22208686125629484, 0.1662876712382929], [0.353158603777872, 0.26477774149859845, 0.205202134133942, 0.1768615204895697], [0.31966190963774394, 0.28013094902476804, 0.2214163813657808, 0.1787907598716999], [0.3160226965626603, 0.27600948476395126, 0.22683229860268309, 0.18113551997069757]], "ideal": "B", "sampled": "B", "correct": true}}
{"type": "result", "data": {"idx": 74, "options": ["Wrong, Wrong", "Wrong, Not wrong", "Not wrong, Wrong", "Not wrong, Not wrong"], "probs": [[0.30987365032399217, 0.25788015536500336, 0.2473835339230512, 0.18486266028794923], [0.335785071825935, 0.24740618488249624, 0.22458730036222327, 0.1922214428293358], [0.30794762384762564, 0.2652364389761533, 0.22812551897007421, 0.19869041810613527], [0.31546739435572724, 0.25445970539027146, 0.23885439429014127, 0.19121850586387043]], "ideal": "D", "sampled": "B", "correct": false}}
