{"type": "result", "data": {"idx": 0, "options": ["p = 4", "p = 8", "p = 12", "p = 24"], "probs": [[0.3649777172531669, 0.39461016397172083, 0.09521347248087726, 0.145198646194235], [0.3528754596813917, 0.4460635119412662, 0.08647967580107614, 0.1145813524762659], [0.5405795452818709, 0.2593779207645724, 0.10157846431360576, 0.098464069539951], [0.03671750507995264, 0.7148075858863352, 0.12423481323597571, 0.12424009569773647]], "ideal": "C", "sampled": "A", "correct": false}}
{"type": "result", "data": {"idx": 1, "options": ["5", "7", "8", "9"], "probs": [[0.20454559371540657, 0.37047667191699857, 0.275270341709928, 0.14970739255766688], [0.10613466956350821, 0.4037941157979414, 0.23732838385903388, 0.25274283067951653], [0.07078538834340821, 0.31983545419355663, 0.4801390766617334, 0.12924008070130175], [0.057780390243648366, 0.6718408639909754, 0.17799926266527438, 0.09237948300010185]], "ideal": "C", "sampled": "A", "correct": false}}
{"type": "result", "data": {"idx": 2, "options": ["1 over 5", "\u22125", "\u22121 over 5", "5"], "probs": [[0.0834449532672949, 0.6878456498286927, 0.18369044430091805, 0.045018952503094394], [0.048225586756217576, 0.8749845795397191, 0.04821807657134034, 0.028571757032722946], [0.28542742127294063, 0.2188507099522097, 0.4420912726472629, 0.05363059602758681], [0.060081119311152106, 0.8490261186528818, 0.05822705342968765, 0.03266570850627843]], "ideal": "D", "sampled": "A", "correct": false}}
{"type": "result", "data": {"idx": 3, "options": ["4", "5", "6", "7"], "probs": [[0.04488232108041787, 0.6805872536186942, 0.20762621194136663, 0.06690421325952133], [0.046140574945527583, 0.7624309232611924, 0.15254335444854691, 0.03888514724473308], [0.05658905516830751, 0.7874120385074129, 0.0792023605118202, 0.07679654571245935], [0.08328277306607614, 0.3507760036096867, 0.39757852261342985, 0.16836270061080733]], "ideal": "B", "sampled": "B", "correct": true}}
{"type": "result", "data": {"idx": 4, "options": ["4t = 112; $448", "4t = 112; $28", "t over 4 = 112; $448", "t over 4 = 112; $28"], "probs": [[0.20034814177458923, 0.4883219672001137, 0.17141182974370575, 0.13991806118159125], [0.21094027706628402, 0.44674469019126706, 0.22112907968653422, 0.12118595295591468], [0.06405707084832196, 0.3129584975500965, 0.4554589363750698, 0.1675254951265117], [0.10971680150481625, 0.6619350683363427, 0.18668430594821767, 0.04166382411062329]], "ideal": "B", "sampled": "A", "correct": false}}
{"type": "result", "data": {"idx": 5, "options": ["9", "11", "26", "32"], "probs": [[0.10130748972257796, 0.531107906430807, 0.23940646824384637, 0.12817813550276874], [0.07036432177542784, 0.7335004341259705, 0.13998747474124718, 0.05614776925735443], [0.12423828525201287, 0.548448303717355, 0.20491584370039737, 0.12239756723023483], [0.12256814067109928, 0.5411004544499429, 0.19291212093939736, 0.14341928383956037]], "ideal": "C", "sampled": "C", "correct": true}}
{"type": "result", "data": {"idx": 6, "options": ["1.1 over 11", "11 over 11", "12 over 11", "11 over 12"], "probs": [[0.8808465734491016, 0.09729726016051841, 0.01900807797125756, 0.002848088319122462], [0.11717109555579384, 0.1815083798809394, 0.06781481306790882, 0.6335057113953579], [0.06357108937139545, 0.05880614495484817, 0.8642946069929498, 0.013328158580806616], [0.0004721686624427909, 0.9977777439121871, 0.0014203926003284538, 0.0003296947250415967]], "ideal": "C", "sampled": "A", "correct": false}}
{"type": "result", "data": {"idx": 7, "options": ["3.6", "36", "0.01272", "12.72"], "probs": [[0.24629249248826396, 0.39056359262719736, 0.30903046168908443, 0.05411345309545425], [0.06039640349243905, 0.901483772425849, 0.030133214048495924, 0.00798660993321597], [0.6523782939577789, 0.2418862708156716, 0.08102386862590051, 0.024711566500649016], [0.2549375739475913, 0.6021107075738381, 0.09829648742309799, 0.04465523095547259]], "ideal": "B", "sampled": "C", "correct": false}}
{"type": "result", "data": {"idx": 8, "options": ["159.26", "2.224", "14,111", "126.26"], "probs": [[0.38581911262392377, 0.43714997379748444, 0.0373114659067374, 0.1397194475718544], [0.1872233813564989, 0.17047693561651023, 0.3782709071434847, 0.26402877578350614], [0.03814365711328079, 0.8817251581742819, 0.05549976021611674, 0.02463142439632058], [0.5954013202899587, 0.34998058244702973, 0.044843221721964234, 0.009774875441047323]], "ideal": "D", "sampled": "D", "correct": true}}
{"type": "result", "data": {"idx": 9, "options": ["0.72", "0.702", "10.0571", "7.2"], "probs": [[0.08646012146279534, 0.9009058941970759, 0.01134038532083533, 0.001293598919293372], [0.3600497325905911, 0.19887587870626428, 0.4080933423251114, 0.032981046278033214], [0.24508822538904365, 0.5879161734322329, 0.05300167750030932, 0.11399392357841419], [0.20760538184591426, 0.39400116559278664, 0.37598703218185486, 0.02240642027944425]], "ideal": "D", "sampled": "B", "correct": false}}
{"type": "result", "data": {"idx": 10, "options": ["150 + 400 + 200", "200 + 400 + 200", "200 + 450 + 200", "200 + 500 + 200"], "probs": [[0.1109429812995193, 0.399637398086479, 0.25808679862655115, 0.23133282188745052], [0.03781126642692765, 0.7655303731303139, 0.1461462164011684, 0.050512143941589996], [0.12421025334546625, 0.5149468183002509, 0.13226909934151704, 0.2285738289127658], [0.055945934526867004, 0.420043510753932, 0.3375912110942138, 0.1864193435249872]], "ideal": "C", "sampled": "C", "correct": true}}
{"type": "result", "data": {"idx": 11, "options": ["21", "7", "1", "None of these"], "probs": [[0.038079756709132724, 0.11369210700014565, 0.7770768726871696, 0.07115126350355201], [0.023224749490662236, 0.9133115137068288, 0.05485091551993528, 0.008612821182573597], [0.3486140434279635, 0.40126118349480416, 0.11142620441070664, 0.13869856856652574], [0.07682400024307433, 0.19317455156060756, 0.13484497065585277, 0.5951564774404653]], "ideal": "D", "sampled": "C", "correct": false}}
{"type": "result", "data": {"idx": 12, "options": ["8", "9", "49", "63"], "probs": [[0.09764280006164208, 0.5799034582931126, 0.139910780768159, 0.1825429607770863], [0.0725025411434771, 0.666966810735664, 0.17957821772534982, 0.08095243029550911], [0.08652429346265632, 0.7654472645757616, 0.080056429497763, 0.06797201236381908], [0.18426416812484597, 0.40262499447611017, 0.2258573770297214, 0.18725346026932244]], "ideal": "A", "sampled": "D", "correct": false}}
{"type": "result", "data": {"idx": 13, "options": ["6", "11", "8", "5"], "probs": [[0.11336182886243099, 0.5580388348590506, 0.17836922538262004, 0.1502301107958984], [0.09668008021013544, 0.37069599988264296, 0.293235653015653, 0.23938826679156858], [0.051149384430367394, 0.5854162885765493, 0.21538019625200286, 0.14805413064108044], [0.10670879323147381, 0.3667454366504159, 0.33920394865452785, 0.18734182136358243]], "ideal": "A", "sampled": "B", "correct": false}}
{"type": "result", "data": {"idx": 14, "options": ["10 bars of soap for $23.20", "16 bars of soap for $36.48", "13 bars of soap for $29.51", "12 bars of soap for $27.60"], "probs": [[0.16237864864505663, 0.2827693392214138, 0.2763423190044578, 0.27850969302907175], [0.1445020117540397, 0.5043151302978466, 0.20547008206175316, 0.14571277578636055], [0.14944999475213952, 0.5818681337053401, 0.19049381427401532, 0.07818805716850506], [0.14011608613338036, 0.5497887957432993, 0.08434075295777038, 0.22575436506555]], "ideal": "C", "sampled": "D", "correct": false}}
{"type": "result", "data": {"idx": 15, "options": ["5 minutes", "14 minutes", "34 minutes", "70 minutes"], "probs": [[0.05390918968248781, 0.6884196835929713, 0.16875271076063128, 0.08891841586390951], [0.18487609094576604, 0.5105939278720569, 0.14631819069480156, 0.15821179038737546], [0.23556982680497723, 0.33234656844232674, 0.15216972385821126, 0.27991388079448476], [0.17777626910028094, 0.31706886063017853, 0.3272664400339787, 0.17788843013556183]], "ideal": "B", "sampled": "B", "correct": true}}
{"type": "result", "data": {"idx": 16, "options": ["18", "24", "25", "29"], "probs": [[0.0633754818832564, 0.5142850990291884, 0.32714823616336136, 0.0951911828241938], [0.044746102231620524, 0.7685533990256358, 0.09042316198705888, 0.09627733665568482], [0.0764465492357839, 0.34264812380594983, 0.3220918822278136, 0.25881344463045264], [0.03420939681414923, 0.6404776000353877, 0.2358104893173296, 0.08950251373313348]], "ideal": "B", "sampled": "C", "correct": false}}
{"type": "result", "data": {"idx": 17, "options": ["(60/6)\u201412=a", "(60\u201412)/6=a", "(60-6)-12=a", "(60+12)/6=a"], "probs": [[0.7407142399349776, 0.2331607154792148, 0.0247651688447651, 0.0013598756410425018], [0.5207618157978869, 0.4525515459686697, 0.023983961374006477, 0.0027026767594368604], [0.5559622857711229, 0.3704766971477724, 0.06142908283290637, 0.012131934148198196], [0.31099581787744224, 0.6092103137239928, 0.07221195862887073, 0.007581909669694186]], "ideal": "B", "sampled": "A", "correct": false}}
{"type": "result", "data": {"idx": 18, "options": ["5", "25", "50", "125"], "probs": [[0.11932203472993011, 0.2566812538590179, 0.35076870204097443, 0.27322800927007757], [0.11556386343763682, 0.5779517587019544, 0.20603837486331147, 0.10044600289709729], [0.16109597201238512, 0.5041978804501984, 0.2167953187965523, 0.11791082864086413], [0.33097146437605146, 0.29216547123395986, 0.22048167377658776, 0.15638139051340094]], "ideal": "D", "sampled": "D", "correct": true}}
{"type": "result", "data": {"idx": 19, "options": ["7", "16", "30", "33"], "probs": [[0.1323002069363457, 0.5482809314665905, 0.2114139191797951, 0.10800494231726872], [0.1890168465570709, 0.4064393613673681, 0.31167816222399614, 0.09286562975156491], [0.15560239783761154, 0.36178300320141193, 0.34526384387831116, 0.13735075498266533], [0.24969042835122876, 0.2919191717809582, 0.3308342396882148, 0.1275561600795982]], "ideal": "A", "sampled": "B", "correct": false}}
{"type": "result", "data": {"idx": 20, "options": ["\u221212", "12", "8", "16"], "probs": [[0.1929802596376081, 0.4628828167452461, 0.1599846482116932, 0.18415227530545256], [0.1737334261462275, 0.5876585086338049, 0.13960524942114014, 0.09900281569882753], [0.1025866059804727, 0.6585044467682103, 0.12968663096998875, 0.10922231618132824], [0.15038299559043045, 0.5248253941011124, 0.19614256916468903, 0.1286490410437681]], "ideal": "C", "sampled": "D", "correct": false}}
{"type": "result", "data": {"idx": 21, "options": ["382", "397", "406", "447"], "probs": [[0.16672208904048325, 0.4532123016749673, 0.22096366173474652, 0.1591019474498029], [0.1991053983303387, 0.5328289309567021, 0.12463537695230953, 0.1434302936606497], [0.23380880945292232, 0.41036807797905206, 0.1765337726416091, 0.17928933982641654], [0.15904436766934849, 0.43236332483194967, 0.20111354883815052, 0.20747875856055134]], "ideal": "B", "sampled": "C", "correct": false}}
{"type": "result", "data": {"idx": 22, "options": ["\u22127", "\u22121", "1", "7"], "probs": [[0.2409955968432996, 0.5601481356540798, 0.14162633203731953, 0.05722993536530101], [0.2830018849312396, 0.42473468945292, 0.11793981621293965, 0.17432360930290075], [0.051806827490244484, 0.23580212013529642, 0.5398600837757023, 0.17253096849875688], [0.039767146699134615, 0.7984876750875878, 0.1243905145459733, 0.037354663567304325]], "ideal": "A", "sampled": "A", "correct": true}}
{"type": "result", "data": {"idx": 23, "options": ["53", "63", "73", "83"], "probs": [[0.09958546307814244, 0.5914277698146448, 0.2012410700674758, 0.10774569693973693], [0.10860778026139199, 0.6251790313296269, 0.20619092188308688, 0.06002226642589417], [0.12242186722110968, 0.6619780013645968, 0.11868795662909032, 0.09691217468520323], [0.12695467092452467, 0.39735488895511056, 0.3294629654118878, 0.146227474608477]], "ideal": "C", "sampled": "B", "correct": false}}
{"type": "result", "data": {"idx": 24, "options": ["11.1", "5.7", "3.7", "22.68"], "probs": [[0.08574027205475304, 0.7761109221447166, 0.11095506447733322, 0.027193741223197124], [0.15599879554578264, 0.7798384542953539, 0.03619136991246439, 0.027971380146399], [0.34767560203400244, 0.23896963114046402, 0.24654420452466427, 0.1668105622008693], [0.22400766608859166, 0.4704569875723543, 0.15156781671915717, 0.1539675295198968]], "ideal": "B", "sampled": "C", "correct": false}}
{"type": "result", "data": {"idx": 25, "options": ["32", "3.2", "3,200", "320"], "probs": [[0.005184049949308638, 0.965022726186991, 0.01431363326079909, 0.015479590502901222], [0.11038026541500957, 0.3427181941738195, 0.28411559114343693, 0.26278594916773396], [0.03279911030201613, 0.8009498237904122, 0.08246391388640564, 0.08378715192116597], [0.02085714352348064, 0.6096022542820054, 0.3162703419526944, 0.05327026014181955]], "ideal": "A", "sampled": "B", "correct": false}}
{"type": "result", "data": {"idx": 26, "options": ["46.4", "456", "4.56", "45.6"], "probs": [[0.33801267806832985, 0.4995414502248356, 0.0881835329512811, 0.07426233865555347], [0.22812230157471114, 0.5824997023748643, 0.12797213028488288, 0.06140586566554174], [0.26490681324663545, 0.6256139033073944, 0.09013612214904705, 0.01934316119692314], [0.37975276220057125, 0.5355103115110716, 0.06396632015002712, 0.020770606038330024]], "ideal": "D", "sampled": "D", "correct": true}}
{"type": "result", "data": {"idx": 27, "options": ["508", "508 r2", "578", "578 r2"], "probs": [[0.5695154326873468, 0.2337633976843603, 0.12708038823046722, 0.06964078129782562], [0.04214784114331291, 0.8335505692067517, 0.05370477566440999, 0.0705968138855253], [0.5040579325039748, 0.2254656800670684, 0.19133476483395437, 0.07914162249500238], [0.04041248589657306, 0.8441129984914028, 0.04725296085043804, 0.06822155466158614]], "ideal": "D", "sampled": "A", "correct": false}}
{"type": "result", "data": {"idx": 28, "options": ["100 \u2014 5d", "5d+ 100", "100 / 5d", "5d"], "probs": [[0.8235118150550033, 0.1263611280072826, 0.04132129877303065, 0.008805758064683516], [0.6175054449158036, 0.20376798963970721, 0.14218858200801404, 0.03653798333647509], [0.69848913727968, 0.1881240478132748, 0.09308433635813852, 0.02030247844890671], [0.260414625297995, 0.5601977601050343, 0.15552600926978544, 0.023861605227185202]], "ideal": "A", "sampled": "A", "correct": true}}
{"type": "result", "data": {"idx": 29, "options": ["4t", "t over 4", "t \u2212 4", "t + 4"], "probs": [[0.3080305961053319, 0.3715658672805835, 0.07667828867031401, 0.24372524784377056], [0.013632842117897554, 0.08821562391761957, 0.6831807253740398, 0.214970808490443], [0.002312605616763726, 0.9776699043508584, 0.017630626478074236, 0.0023868634543036467], [0.0032490224079944584, 0.9816677072097919, 0.008362262169489668, 0.006721008112723896]], "ideal": "A", "sampled": "D", "correct": false}}
{"type": "result", "data": {"idx": 30, "options": ["681,452", "462,017", "246,412", "125,655"], "probs": [[0.20085197685140527, 0.48172399396847493, 0.18871577082177327, 0.12870825825834653], [0.2154087137520013, 0.47778460958177876, 0.15039424227121373, 0.15641243429500618], [0.24416353568485938, 0.4088238057435873, 0.1843266432003635, 0.16268601527118984], [0.22257034478346044, 0.42892649765493757, 0.20588235555020493, 0.1426208019113971]], "ideal": "B", "sampled": "B", "correct": true}}
{"type": "result", "data": {"idx": 31, "options": ["15 remainder 7", "15 remainder 3", "16 remainder 5", "16 remainder 1"], "probs": [[0.49668072334227653, 0.38684735995248665, 0.05573381669859684, 0.060738099906640024], [0.4661542931879029, 0.31057750250042593, 0.16114283616293842, 0.06212536804873269], [0.45989728037044764, 0.43887391882897336, 0.051205385953686774, 0.050023414746892245], [0.4056423185168675, 0.3993864536068865, 0.13275189300783471, 0.06221933476841127]], "ideal": "B", "sampled": "D", "correct": false}}
{"type": "result", "data": {"idx": 32, "options": ["17 over 2", "34 over 4", "17 over 4", "19 over 2"], "probs": [[0.1913397113741179, 0.40513794742917986, 0.36893456114523243, 0.034587779951469826], [0.15522410972575956, 0.7405635479291174, 0.07805767407422672, 0.02615466817089631], [0.3906265133309919, 0.33417736920428026, 0.2522699194327501, 0.022926197931977692], [0.2084258089827142, 0.6420260332316208, 0.0984578900745011, 0.05109026761116389]], "ideal": "A", "sampled": "C", "correct": false}}
{"type": "result", "data": {"idx": 33, "options": ["200,000 + 7,000 + 200 + 4", "200,000 + 7,000 + 200 + 40", "200,000 + 70,000 + 200 + 40", "200,000 + 70,000 + 2,000 + 40"], "probs": [[0.1874049424411856, 0.40298163458656644, 0.36711659368547567, 0.0424968291867723], [0.12760553753642914, 0.7815110376967325, 0.07862769504002688, 0.012255729626811488], [0.2211452605547734, 0.5472056121521984, 0.10947483929063295, 0.1221742879023952], [0.2300161249693597, 0.2229553741772011, 0.260691653114442, 0.28633684763899725]], "ideal": "C", "sampled": "C", "correct": true}}
{"type": "result", "data": {"idx": 34, "options": ["220 parts", "770 parts", "4 parts", "110 parts"], "probs": [[0.124753232096026, 0.5770580896990681, 0.09871833246074634, 0.19947034564415955], [0.20291423493212507, 0.3144833398372858, 0.1631199246016949, 0.3194825005288942], [0.12373611045643534, 0.5635163397343331, 0.1829910346306794, 0.12975651507855215], [0.16747460391465732, 0.6224164001921421, 0.1284490126410205, 0.08165998315218012]], "ideal": "D", "sampled": "A", "correct": false}}
{"type": "result", "data": {"idx": 35, "options": ["the mean would increase.", "the mean would decrease.", "the median would increase.", "the median would decrease."], "probs": [[0.359747239011625, 0.39813361457777907, 0.15596647907649047, 0.08615266723410547], [0.07846861609218928, 0.6517904607722769, 0.16490205137856537, 0.10483887165696847], [0.19772718810953135, 0.5458592989285259, 0.15770010018263303, 0.09871341267930973], [0.11983377663835265, 0.6477445459872128, 0.11710032994023685, 0.11532134733419774]], "ideal": "A", "sampled": "A", "correct": true}}
{"type": "result", "data": {"idx": 36, "options": ["\u20137", "5", "7", "27"], "probs": [[0.20579732492451266, 0.5014092213589142, 0.1679602376659584, 0.12483321595061472], [0.1412870478872349, 0.4855641270856513, 0.21548779948844737, 0.15766102543866642], [0.12121079161002138, 0.697526457454273, 0.11934164954773373, 0.06192110128797188], [0.16158017394133756, 0.6193441105808556, 0.1298311193915182, 0.08924459598628866]], "ideal": "A", "sampled": "D", "correct": false}}
{"type": "result", "data": {"idx": 37, "options": ["3-p", "p+3", "3/p", "p-3"], "probs": [[0.7493952679494589, 0.1546739225234521, 0.05261210096724447, 0.04331870845984453], [0.020940169221896218, 0.03764854659549184, 0.9127644095529307, 0.02864687452968124], [0.02381093152344628, 0.8592934363676656, 0.11100561625541, 0.005890015753478052], [0.20401159381644982, 0.7818989927254164, 0.01324727415636574, 0.0008421392017680063]], "ideal": "D", "sampled": "D", "correct": true}}
{"type": "result", "data": {"idx": 38, "options": ["30 \u00d7 10^1", "30 \u00d7 10^3", "(6 \u00d7 5) \u00d7 10^2", "(6 \u00d7 5) \u00d7 10^3"], "probs": [[0.12187807533143763, 0.3313915803263104, 0.11451008425648007, 0.4322202599857719], [0.06271343768514802, 0.38130395603646966, 0.5132007063053701, 0.04278189987301225], [0.21364960709013694, 0.5808718973077183, 0.10913715090665065, 0.09634134459549418], [0.29069225677806776, 0.3974224448958875, 0.16565429422148212, 0.14623100400456263]], "ideal": "C", "sampled": "D", "correct": false}}
{"type": "result", "data": {"idx": 39, "options": ["0", "3", "9", "12"], "probs": [[0.1732625359186834, 0.45657162752011765, 0.21231212801787896, 0.15785370844331997], [0.17107374493996685, 0.3050981941572621, 0.32986091550037266, 0.19396714530239834], [0.10331922100434075, 0.21883526605291745, 0.5250491538494979, 0.15279635899324387], [0.062312867254072556, 0.546943662458563, 0.30210730317899237, 0.08863616700837211]], "ideal": "C", "sampled": "A", "correct": false}}
{"type": "result", "data": {"idx": 40, "options": ["1850x", "2000 \u2212150x", "150x", "2000 +150x"], "probs": [[0.10961960122284933, 0.8490140334439048, 0.030921203638151488, 0.010445161595094352], [0.944853581196325, 0.04286252231993297, 0.010414748203012908, 0.0018691481807291317], [0.09164722186078733, 0.8562469409795839, 0.0413155812991071, 0.010790255760521724], [0.7363804845509777, 0.21773096217599588, 0.03782578322211656, 0.008062769950909815]], "ideal": "B", "sampled": "B", "correct": true}}
{"type": "result", "data": {"idx": 41, "options": ["w > 2.3", "w < 2.4", "w > 3.2", "w < 3.3"], "probs": [[0.07800582355621156, 0.851963672499168, 0.046594733327604575, 0.023435770517015796], [0.2831589088737521, 0.5209389522500547, 0.10099520909503483, 0.09490692968115828], [0.0722802668646023, 0.8403763942402284, 0.05901479841395179, 0.0283285403812175], [0.17719762091502922, 0.6793862605882776, 0.062222589032919384, 0.08119352936377379]], "ideal": "D", "sampled": "B", "correct": false}}
{"type": "result", "data": {"idx": 42, "options": ["-6", "-5", "0", "5"], "probs": [[0.13582342181179213, 0.47404423196607337, 0.10252996399151965, 0.28760238213061484], [0.09984381347128966, 0.2589756807578558, 0.10966199471953625, 0.5315185109513183], [0.014881086717195317, 0.0817119363497772, 0.6632144116938204, 0.24019256513920706], [0.00481529680912882, 0.9175464054951397, 0.06752129002180997, 0.010117007573921531]], "ideal": "A", "sampled": "A", "correct": true}}
{"type": "result", "data": {"idx": 43, "options": ["156", "110", "94", "48"], "probs": [[0.14723827226760094, 0.610338280186706, 0.1427372576890467, 0.09968618975664637], [0.0721831928446707, 0.674237380470524, 0.13072909608262462, 0.1228503305021807], [0.1173497916137874, 0.5599052696895505, 0.1875918735528202, 0.13515306504384192], [0.09477141922232893, 0.6376210735527309, 0.17990004328627648, 0.08770746383866365]], "ideal": "C", "sampled": "A", "correct": false}}
{"type": "result", "data": {"idx": 44, "options": ["15, 17", "15, 19", "17, 19", "17, 21"], "probs": [[0.21630966822360762, 0.6161791131489641, 0.13327673175549448, 0.03423448677193373], [0.49746632771436616, 0.4458715070037492, 0.03660082239659566, 0.020061342785288917], [0.4196037053642286, 0.47543752188696553, 0.04354041069310614, 0.061418361955699746], [0.294221169342954, 0.46287975745220933, 0.14118729845931316, 0.10171177464552351]], "ideal": "D", "sampled": "B", "correct": false}}
{"type": "result", "data": {"idx": 45, "options": ["3 cans", "12 cans", "36 cans", "13 cans"], "probs": [[0.06498862081484533, 0.7795407204278375, 0.10071232206377702, 0.05475833659354012], [0.2531498447746162, 0.519490734271634, 0.14889297331551823, 0.07846644753823155], [0.22259117497311406, 0.4712997657364044, 0.15305216031046995, 0.15305689888001156], [0.24808274195590782, 0.49344661787860106, 0.1815892715027699, 0.0768813685627212]], "ideal": "B", "sampled": "B", "correct": true}}
{"type": "result", "data": {"idx": 46, "options": ["3.18, 3 and 1 over 8, 3.8,3", "3,3 and 1 over 8, 3.18, 3", "3.8, 3 and 1 over 8, 3.18, 3", "3.8, 3.18, 3 and 1 over 8, 3"], "probs": [[0.3414353658879967, 0.5120569214346974, 0.07552615313769641, 0.07098155943960947], [0.19967735704320758, 0.6535527401607082, 0.10427604335737743, 0.04249385933870683], [0.4322753910627133, 0.25383079427670485, 0.08979143335206588, 0.224102381208516], [0.37998257066798174, 0.2777936748071236, 0.21987307872825873, 0.12235067569663596]], "ideal": "D", "sampled": "C", "correct": false}}
{"type": "result", "data": {"idx": 47, "options": ["10", "11", "20", "2"], "probs": [[0.14220456452922203, 0.6081981560738133, 0.14221928687768667, 0.10737799241927798], [0.14302750092004674, 0.6718379438256538, 0.12821927655993295, 0.05691527859436657], [0.25559286423121896, 0.3605100077258152, 0.17845153114433623, 0.2054455967986296], [0.051814425673645755, 0.6616160741185594, 0.2359334546193568, 0.05063604548843806]], "ideal": "C", "sampled": "B", "correct": false}}
{"type": "result", "data": {"idx": 48, "options": ["800,000", "830,000", "836,000", "840,000"], "probs": [[0.12378394219089975, 0.4819277955343218, 0.2277019823295446, 0.16658627984523383], [0.19499372998179235, 0.5300063967918395, 0.2076052827715704, 0.06739459035479779], [0.2642957368338955, 0.43571271130975725, 0.11546872240151329, 0.184522829354834], [0.20534707257955526, 0.4083682231165491, 0.18408918223126985, 0.2021955219726258]], "ideal": "D", "sampled": "C", "correct": false}}
{"type": "result", "data": {"idx": 49, "options": ["14", "\u22124", "45", "\u221245"], "probs": [[0.05338571066338478, 0.7967236963755405, 0.08397518441629721, 0.06591540844477746], [0.12315434869522379, 0.5265996416384909, 0.2449125927075762, 0.10533341685870902], [0.05584021925665421, 0.8014506547571456, 0.07691629831997232, 0.06579282756622787], [0.2627513173480153, 0.43996061917072177, 0.14283947858221158, 0.15444858479905135]], "ideal": "D", "sampled": "D", "correct": true}}
{"type": "result", "data": {"idx": 50, "options": ["21 birds", "40 birds", "42 birds", "84 birds"], "probs": [[0.08865951132870506, 0.5430081567073478, 0.27319309519767354, 0.0951392366662736], [0.09030160917479377, 0.7156070363460572, 0.10723505008288187, 0.08685630429626723], [0.11450820756328052, 0.6796646320040243, 0.09129324826559183, 0.11453391206710338], [0.07679953941532267, 0.6230709366452213, 0.14126808518939907, 0.15886143865005703]], "ideal": "A", "sampled": "C", "correct": false}}
{"type": "result", "data": {"idx": 51, "options": ["78", "83", "131", "153"], "probs": [[0.195706149788185, 0.39538134318753076, 0.23613849983650895, 0.17277400708777527], [0.14278500526091856, 0.5560265488948769, 0.21109348922604565, 0.09009495651815884], [0.17543192467472882, 0.49203077686918995, 0.17274704831224325, 0.15979025004383796], [0.15863252393652508, 0.4736374827881742, 0.23820374478418643, 0.12952624839111432]], "ideal": "B", "sampled": "C", "correct": false}}
{"type": "result", "data": {"idx": 52, "options": ["Leslie spent 20 dollars and 8 cents at a store. How is the amount of money Leslie spent written as a fraction?", "Mr. Kramer\u2019s 8 grandchildren shared 20 crackers equally. How many crackers did each grandchild get?", "Mitch bought 20 containers of flowers at a plant store. Each container had 8 flowers in it. How many flowers did Mitch buy?", "Stamps are sold in booklets of 20 stamps. Donna used 8 stamps to send invitations for a party. How many booklets of stamps did Donna use to send her invitations?"], "probs": [[0.07522939088762474, 0.592045839130937, 0.27544143587992825, 0.05728333400151001], [0.44043430681592666, 0.4616925715938454, 0.08023541419895812, 0.01763770729126983], [0.722988459620928, 0.23475631205543773, 0.03685697032156604, 0.005398257902068253], [0.5745118909361131, 0.30759933874287193, 0.0888131716089281, 0.029075598612086865]], "ideal": "B", "sampled": "C", "correct": false}}
{"type": "result", "data": {"idx": 53, "options": ["120 miles", "80 miles", "26 miles", "12 miles"], "probs": [[0.4796923309142206, 0.43004139452520457, 0.060994691004563985, 0.029271583456010854], [0.5663901909743018, 0.22532770518220568, 0.07786890515492433, 0.1304131985885682], [0.29913119370125163, 0.22940748121254795, 0.2559406833375063, 0.2155206416486941], [0.0811508744873912, 0.6796142458236096, 0.19474820790727537, 0.044486671681723815]], "ideal": "A", "sampled": "A", "correct": true}}
{"type": "result", "data": {"idx": 54, "options": ["add 6 to both sides", "divide both sides by 6", "multiply both sides by 6", "subtract 6 from both sides"], "probs": [[0.379625269277249, 0.4369938768827647, 0.07957774577785405, 0.10380310796213225], [0.6050670697302509, 0.22610857912046195, 0.04966945908713258, 0.1191548919621545], [0.4730163427572648, 0.3006655707952228, 0.07030895665966026, 0.1560091296878521], [0.6146908906950533, 0.24838212334315793, 0.0668423399066013, 0.07008464595518746]], "ideal": "B", "sampled": "B", "correct": true}}
{"type": "result", "data": {"idx": 55, "options": ["7", "10", "21", "39"], "probs": [[0.0651889765640343, 0.7518878858487886, 0.12882742764359748, 0.054095709843579594], [0.08169025561781255, 0.739608791116032, 0.09562589544773965, 0.08307505771841585], [0.07603752263815776, 0.20691947225972324, 0.5813328926379064, 0.13571011236421254], [0.04789785366619254, 0.4916988087951999, 0.3837592956600179, 0.07664404177858967]], "ideal": "A", "sampled": "B", "correct": false}}
{"type": "result", "data": {"idx": 56, "options": ["84 \u2212 11 = t; 73\u00b0F", "t \u2212 84 = 11; 95\u00b0F", "84 \u2212 t = 11; 73\u00b0F", "t \u2212 11 = 84; 95\u00b0F"], "probs": [[0.48282958151406286, 0.18616049405919669, 0.2666649579734784, 0.06434496635326203], [0.31049764384575346, 0.3305500472047439, 0.27405014835575153, 0.08490216049375104], [0.27826025146316086, 0.10562709363743943, 0.5891940395587593, 0.02691861524064046], [0.1464430584297084, 0.6772119604033117, 0.1071518542406652, 0.06919312682631472]], "ideal": "D", "sampled": "A", "correct": false}}
{"type": "result", "data": {"idx": 57, "options": ["72 \u00f7 9 = 8", "72 \u2013 9 = 63", "9 + 72 = 81", "9 \u00f7 72 = 0.125"], "probs": [[0.57676792622449, 0.3609983056878884, 0.05158512337014749, 0.01064864461747409], [0.15249188172893086, 0.4772195365938475, 0.0423446299786831, 0.3279439515985385], [0.052396065700833654, 0.12188389714506498, 0.7584245091153053, 0.06729552793879598], [0.21599256385162546, 0.6154608382044288, 0.11560885335726304, 0.05293774448668268]], "ideal": "A", "sampled": "A", "correct": true}}
{"type": "result", "data": {"idx": 58, "options": ["2 boxes", "4 boxes", "5 boxes", "6 boxes"], "probs": [[0.09188118841944987, 0.3361443701571059, 0.4250745551196699, 0.14689988620377437], [0.15495141079890057, 0.4848603081942568, 0.1899133799767329, 0.1702749009301097], [0.1316048620454369, 0.4523014830168121, 0.18857900992346596, 0.227514644914285], [0.11196042262506188, 0.3729679174953881, 0.2334374566608446, 0.2816342031187054]], "ideal": "D", "sampled": "C", "correct": false}}
{"type": "result", "data": {"idx": 59, "options": ["14", "20", "40", "60"], "probs": [[0.10994079208632392, 0.5083959215757563, 0.20867039727576422, 0.17299288896215553], [0.09009208126543698, 0.14398902009526857, 0.11039014411104846, 0.655528754428246], [0.05818060879789279, 0.10373965235436591, 0.7667796350122537, 0.07130010373548769], [0.041271990793631176, 0.8034762499877134, 0.11397087978263788, 0.04128087933601752]], "ideal": "B", "sampled": "A", "correct": false}}
{"type": "result", "data": {"idx": 60, "options": ["6 over 14", "8 over 49", "14 over 28", "6 over 7"], "probs": [[0.30673161603023374, 0.3067502126796789, 0.25037423146805166, 0.13614393972203573], [0.044476698828359376, 0.4562945553536792, 0.43550183451274616, 0.06372691120521529], [0.11277266412751283, 0.8203170711258808, 0.045209395174358985, 0.0217008694722474], [0.07161038899866719, 0.8455316171536222, 0.04481402650581606, 0.03804396724189455]], "ideal": "D", "sampled": "D", "correct": true}}
{"type": "result", "data": {"idx": 61, "options": ["5", "10", "15", "20"], "probs": [[0.004762250812062072, 0.9889606588393018, 0.00518902192072361, 0.0010880683279124637], [0.4576317837984613, 0.19385545675959737, 0.2820606038459932, 0.06645215549594813], [0.03315681529539033, 0.2079723140394528, 0.12811080871525038, 0.6307600618499065], [0.02911280532069299, 0.06876835683178156, 0.8919760806162852, 0.0101427571312402]], "ideal": "B", "sampled": "B", "correct": true}}
{"type": "result", "data": {"idx": 62, "options": ["125 push-ups", "279 push-ups", "1,395 push-ups", "1,406 push-ups"], "probs": [[0.37065039680729234, 0.34285681159134357, 0.10293873014990039, 0.18355406135146374], [0.23697341898535748, 0.31896202674072366, 0.3970127938000391, 0.04705176037387971], [0.48665894863672754, 0.40991204440973505, 0.06587495834793017, 0.03755404850560725], [0.5823605395706032, 0.2505276686956842, 0.09360789833289553, 0.07350389330081707]], "ideal": "C", "sampled": "D", "correct": false}}
{"type": "result", "data": {"idx": 63, "options": ["6 and 10", "5 and 12", "10 and 12", "12 and 15"], "probs": [[0.5625049273390099, 0.3255377343910872, 0.07151976733265719, 0.04043757083724572], [0.33848807922798524, 0.4278131138081846, 0.1411368603100922, 0.09256194655373794], [0.1707019086116008, 0.5424444159687182, 0.15794651444087257, 0.1289071608788085], [0.12227117360107659, 0.5652722161835824, 0.14526157187902855, 0.16719503823631246]], "ideal": "C", "sampled": "A", "correct": false}}
{"type": "result", "data": {"idx": 64, "options": ["\u22124", "\u22122", "10", "2"], "probs": [[0.05323855028003871, 0.914473677422135, 0.022360940943969943, 0.009926831253856277], [0.08283766666856784, 0.3952912239071027, 0.3830928348773896, 0.13877827444693983], [0.10300932670085712, 0.2672308345284434, 0.31729977846996277, 0.31246006020073674], [0.0019455609493740362, 0.939122816320533, 0.05728047846200698, 0.0016511441680859915]], "ideal": "D", "sampled": "A", "correct": false}}
{"type": "result", "data": {"idx": 65, "options": ["232", "236", "345", "460"], "probs": [[0.09614156472143433, 0.7216990804456908, 0.07488031907764263, 0.10727903565523228], [0.16542254879675755, 0.5017838627129839, 0.20591539756132543, 0.12687819082893306], [0.07143259739584215, 0.7444218936978776, 0.06816521235495723, 0.11598029645132304], [0.11418401959219251, 0.5039003716158792, 0.2826784379204853, 0.09923717077144299]], "ideal": "C", "sampled": "B", "correct": false}}
{"type": "result", "data": {"idx": 66, "options": ["50 and 400", "450 and 700", "750 and 1,000", "1,050 and 1,300"], "probs": [[0.06362328298508971, 0.8379179335043593, 0.04693210589821071, 0.05152667751234025], [0.24993753430728163, 0.679288685253879, 0.05119499936187917, 0.019578780976960197], [0.26972893782079205, 0.5363820970544236, 0.030271601943790243, 0.16361736308099403], [0.19448430875350972, 0.23827844570590126, 0.3013908936235746, 0.26584635181701444]], "ideal": "D", "sampled": "B", "correct": false}}
{"type": "result", "data": {"idx": 67, "options": ["7", "12", "48", "56"], "probs": [[0.04325574861623102, 0.7374875929393974, 0.13647780532771991, 0.08277885301665167], [0.042496403796221334, 0.6246148091274135, 0.27742372803722304, 0.05546505893914205], [0.07123800288777661, 0.7659675189645798, 0.10369473242267876, 0.05909974562496483], [0.20785104045951627, 0.4006964027584698, 0.23201613471596094, 0.15943642196605298]], "ideal": "A", "sampled": "D", "correct": false}}
{"type": "result", "data": {"idx": 68, "options": ["18 and 28", "180 and 280", "1,800 and 2,800", "18,000 and 28,000"], "probs": [[0.11758651495218755, 0.7788156705399188, 0.040651081534754496, 0.06294673287313908], [0.809046847475297, 0.15931337736392662, 0.024245241146421768, 0.0073945339143546346], [0.3836960617058854, 0.5849828452552003, 0.020344822668395175, 0.010976270270519135], [0.7486008987039493, 0.13634084138337413, 0.029723415092901925, 0.08533484471977461]], "ideal": "C", "sampled": "B", "correct": false}}
{"type": "result", "data": {"idx": 69, "options": ["7 \u2022 11^2 \u2022 13", "7^2 \u2022 11", "7 \u2022 11 \u2022 13", "7 \u2022 11"], "probs": [[0.3545820229736471, 0.5000546909340139, 0.0842277512645368, 0.0611355347278022], [0.14513403963059773, 0.6206758913194845, 0.2047038575014281, 0.02948621144848964], [0.27745418204706424, 0.5517970610795419, 0.09893472262632234, 0.07181403414707159], [0.09366283821391322, 0.7253473022046196, 0.14284624903022503, 0.03814361045124212]], "ideal": "D", "sampled": "A", "correct": false}}
{"type": "result", "data": {"idx": 70, "options": ["$20.93 ", "$28.93 ", "$32.93 ", "$48.93 "], "probs": [[0.25181588246596126, 0.5008459034711786, 0.19925778879552278, 0.04808042516733734], [0.25713775134058303, 0.5978980197434813, 0.0809234771257959, 0.06404075169013973], [0.27940382301678485, 0.5139415033865942, 0.08260371910981086, 0.12405095438681013], [0.322749729083245, 0.3436076589537625, 0.20520029654238564, 0.12844231532060688]], "ideal": "C", "sampled": "C", "correct": true}}
{"type": "result", "data": {"idx": 71, "options": ["160", "240", "320", "640"], "probs": [[0.14080515271255356, 0.5569141408465423, 0.14760109610283437, 0.15467961023806964], [0.23868272552344016, 0.41893743699139263, 0.22783520268588972, 0.11454463469927752], [0.09033840148737653, 0.7105490564589438, 0.08488448708400652, 0.11422805486967308], [0.2065256741499455, 0.43722690173067325, 0.17395105178623615, 0.18229637223314513]], "ideal": "A", "sampled": "D", "correct": false}}
{"type": "result", "data": {"idx": 72, "options": ["0.021 repeating", "0.21 Repeating", "0.22 Repeating", "0.2121"], "probs": [[0.7018106631367736, 0.174771831724242, 0.06842852434150944, 0.05498898069747486], [0.5115988969664814, 0.3408698717843855, 0.12737377290515792, 0.020157458243975215], [0.25344478131182285, 0.6783323234540825, 0.03887517688711269, 0.029347718246982044], [0.10421849320300106, 0.7701683891464222, 0.10104113364515488, 0.02457198390542192]], "ideal": "B", "sampled": "A", "correct": false}}
{"type": "result", "data": {"idx": 73, "options": ["(40 \u00d7 10) + (6 \u00d7 2) = 400 + 12", "(40 \u00d7 6) + (10 \u00d7 2) = 240 + 20", "(40 \u00d7 12) + (6 \u00d7 12) = 480 + 72", "(40 \u00d7 12) + (60 \u00d7 12) = 480 + 720"], "probs": [[0.14738274670012946, 0.3121194150100138, 0.3482007280180128, 0.192297110171844], [0.039353189002956285, 0.736978308864261, 0.17505231889193837, 0.04861618314084436], [0.3363064452004942, 0.48180230370258126, 0.12567324654231596, 0.05621800445460857], [0.1992098272118541, 0.2766465677552996, 0.11530419495715837, 0.40883940997568796]], "ideal": "C", "sampled": "C", "correct": true}}
{"type": "result", "data": {"idx": 74, "options": ["$649 ", "$6,049 ", "$6,409 ", "$6,490 "], "probs": [[0.1944021081058895, 0.6892394230224292, 0.09182946126466249, 0.024529007507018738], [0.9014037561185206, 0.06329675236268285, 0.03361237537120356, 0.001687116047592965], [0.20160424118429096, 0.5834217927806095, 0.14635688719285245, 0.06861707874224715], [0.34587021756777203, 0.495484488153115, 0.10304215280688894, 0.05560314137222404]], "ideal": "B", "sampled": "B", "correct": true}}
{"type": "result", "data": {"idx": 75, "options": ["SSSSS; AAA", "SSSSS; AAAA", "SSSSSSSS; AAAA", "SSSSSSSS; A"], "probs": [[0.20853188787201807, 0.5581029694573003, 0.12259212971439008, 0.11077301285629156], [0.0859861967489984, 0.7664316802660597, 0.0846553592607339, 0.06292676362420803], [0.21314463017239585, 0.3921142518128241, 0.20660527048429095, 0.18813584743048908], [0.0852861653268335, 0.6302728840159786, 0.16963781920279888, 0.11480313135438908]], "ideal": "D", "sampled": "C", "correct": false}}
{"type": "result", "data": {"idx": 76, "options": ["$2.82 ", "$2.97 ", "$6.47 ", "$12.77 "], "probs": [[0.2591080185113134, 0.6024800807743828, 0.07780850280677296, 0.06060339780753092], [0.24154425924694437, 0.48798298395671913, 0.09914672145766262, 0.1713260352386739], [0.1599564724994156, 0.3035850271813229, 0.2556602396658738, 0.28079826055338764], [0.18629827815967046, 0.4198833044960932, 0.2319113130350762, 0.16190710420916013]], "ideal": "A", "sampled": "B", "correct": false}}
{"type": "result", "data": {"idx": 77, "options": ["4 over 6", "10 over 12", "15 over 17", "5 over 6"], "probs": [[0.3139752079089006, 0.4863620291232025, 0.10682929067372002, 0.09283347219417687], [0.23295004765147728, 0.24040094072793325, 0.23666566687448465, 0.2899833446461048], [0.0372876867109444, 0.5878946294028012, 0.3147490380901702, 0.0600686456960841], [0.3564957558437012, 0.48730607182221236, 0.11394488428323477, 0.042253287950851696]], "ideal": "D", "sampled": "A", "correct": false}}
{"type": "result", "data": {"idx": 78, "options": ["3 over 2", "2 over 3", "2 over 12", "1 over 6"], "probs": [[0.06491602163175263, 0.8959891728459676, 0.03474147219056067, 0.004353333231719116], [0.45166580236803777, 0.45166580236803777, 0.08354477639882026, 0.013123618765104185], [0.041718583865327036, 0.7689010052784759, 0.07856111243546034, 0.11081929832073664], [0.1348197159505304, 0.3234764629214202, 0.5252082337561899, 0.01649558727185952]], "ideal": "D", "sampled": "B", "correct": false}}
