{"type": "result", "data": {"idx": 0, "options": ["Offerings", "Prayers", "Apparitions", "Idols"], "probs": [[0.01961539028087886, 0.03134913212040512, 0.2012690800333941, 0.7477663974653219], [0.0008295033108492435, 0.028340681382791142, 0.968539390561322, 0.002290424645037633], [0.002229319063902031, 0.9954692172221792, 0.0019674227884643497, 0.0003340408254544892], [0.9924652481132086, 0.0046320816045047845, 0.0027230383339501363, 0.0001796318483365266]], "ideal": "D", "sampled": "D", "correct": true}}
{"type": "result", "data": {"idx": 1, "options": ["Daoism", "Yin-Yang School", "Mengzi", "Humanistic Buddhism"], "probs": [[0.21716578106888756, 0.6384039305050889, 0.07053053053690195, 0.07389975778912154], [0.32934430238291335, 0.30948305126910053, 0.10864007471905543, 0.2525325715289307], [0.05335679376628877, 0.1982826180237922, 0.4265471179831235, 0.3218134701267955], [0.03648265613918211, 0.6938851785212599, 0.22892231770203533, 0.040709847537522666]], "ideal": "B", "sampled": "A", "correct": false}}
{"type": "result", "data": {"idx": 2, "options": ["325 CE", "119 CE", "451 CE", "596 CE"], "probs": [[0.04124894173175454, 0.9098629526879234, 0.03114087361806314, 0.017747231862258923], [0.14254628200081354, 0.17195749377206077, 0.6595265901520321, 0.025969633975093564], [0.021513614800687707, 0.9584282401607029, 0.015255110878158997, 0.004803034060450373], [0.7984233490338983, 0.11867456870952886, 0.07784664622861392, 0.005055435927958918]], "ideal": "D", "sampled": "D", "correct": true}}
{"type": "result", "data": {"idx": 3, "options": ["Akitu", "Wag and Thoth", "Bast", "Nehebkau"], "probs": [[0.989476235229517, 0.007444733506519707, 0.002889859988455224, 0.00018917117550810547], [0.0030293389855573587, 0.002869679564200561, 0.0047636064230191, 0.989337374927223], [0.005097524861044579, 0.011583281050518271, 0.9791597978317531, 0.004159396156684011], [0.000841562716375793, 0.9966087005456739, 0.002413403073004944, 0.00013633356494537836]], "ideal": "A", "sampled": "A", "correct": true}}
{"type": "result", "data": {"idx": 4, "options": ["Zazen", "Tariki", "Kami", "Ikebana"], "probs": [[0.00019527314149471686, 0.0004834260003132428, 0.0013766547444405196, 0.9979446460137515], [0.00186736616877488, 0.007214132808416667, 0.9906321321778718, 0.000286368744936657], [0.0006069709344095794, 0.9989351871279678, 0.0004138612812143178, 4.398055640829828e-05], [0.9924784865209718, 0.006431467502555091, 0.0010097054681866406, 8.034040828644956e-05]], "ideal": "D", "sampled": "D", "correct": true}}
{"type": "result", "data": {"idx": 5, "options": ["Harmony and balance", "Devotion and piety", "Love and passion", "Goodwill and love"], "probs": [[0.597744009170198, 0.3799413794123092, 0.007466441471142541, 0.0148481698463503], [0.8815199327946278, 0.08459654460864588, 0.010756504751247805, 0.023127017745478505], [0.1714496808208629, 0.26155625212221917, 0.39276728669248573, 0.17422678026443217], [0.23586819053137403, 0.6718950579135522, 0.06449857077201852, 0.027738180683055263]], "ideal": "A", "sampled": "A", "correct": true}}
{"type": "result", "data": {"idx": 6, "options": ["Shabad", "Khalse", "Nam", "Guru"], "probs": [[0.9728587871793518, 0.023980086684026673, 0.0029779940396177274, 0.00018313199700372926], [0.015890227908305278, 0.09145958554372559, 0.011094895947403115, 0.881555290500566], [0.02527607388038859, 0.03735919721326087, 0.9342731032022812, 0.003091625604069311], [0.0002932576693496512, 0.9980825778607423, 0.001454396581255458, 0.00016976778865257568]], "ideal": "A", "sampled": "A", "correct": true}}
{"type": "result", "data": {"idx": 7, "options": ["Muhammad's miraculous ascent to heaven", "Muhammad's migration to Mecca", "Muhammad's first community in Mecca", "Muhammad's revelations of the Qur'an"], "probs": [[0.9785870798492222, 0.01765051650315882, 0.003316830340336022, 0.00044557320728293246], [0.006804496999534651, 0.017653830397004192, 0.03428937876521269, 0.9412522937382485], [0.0034155270602651247, 0.02772568170497466, 0.9627668276256561, 0.006091963509104043], [0.0005015336710068291, 0.9957713881762005, 0.00314517420417224, 0.0005819038486204458]], "ideal": "A", "sampled": "A", "correct": true}}
{"type": "result", "data": {"idx": 8, "options": ["Laws of Dharma", "Laws of Karma", "Laws of Vishnu", "Laws of Manu"], "probs": [[0.1450264444726835, 0.014592208239384749, 0.0057567901218658546, 0.8346245570660659], [0.008020935325349641, 0.0176616119198583, 0.9647165826485031, 0.0096008700062889], [0.00041382171385279787, 0.9987111560513676, 0.0006928183050167383, 0.00018220382976280206], [0.9834791167076135, 0.013390116738353232, 0.0025740633843506036, 0.0005567030696826942]], "ideal": "D", "sampled": "D", "correct": true}}
{"type": "result", "data": {"idx": 9, "options": ["The Holy Book", "The Narrative", "The Recitation", "The Pillars"], "probs": [[0.024842515307685706, 0.08020146845744067, 0.8898676533494511, 0.005088362785422511], [0.004164888911870273, 0.9877267980348857, 0.006867180614467481, 0.0012411323387765778], [0.47644801311264473, 0.05780904149550839, 0.45470977994868006, 0.011033165343166819], [0.003959847680155256, 0.6207440002884158, 0.021576881768244384, 0.35371927016318455]], "ideal": "C", "sampled": "C", "correct": true}}
{"type": "result", "data": {"idx": 10, "options": ["Mother of Light", "Father of Goodness", "Ineffable Lover", "Eternal Spirit"], "probs": [[0.6839244464230326, 0.18123728208619336, 0.10571371740007691, 0.02912455399069708], [0.6540537719539575, 0.20743601794835873, 0.09798793858755023, 0.040522271410133516], [0.28671810028070016, 0.2098189741163243, 0.44428938622800146, 0.05917353927497406], [0.34205907070108366, 0.5818475397564135, 0.04452327572074433, 0.03157011372175847]], "ideal": "B", "sampled": "A", "correct": false}}
{"type": "result", "data": {"idx": 11, "options": ["Bushido", "Shinto", "Nichiren", "Soto Zen"], "probs": [[0.040731027111346, 0.11973577558190661, 0.4590481152813325, 0.38048508192541486], [0.017145026521379263, 0.7290823479266487, 0.24429905480394676, 0.00947357064802525], [0.5741833495963343, 0.40086877678034455, 0.014264940402333417, 0.010682933120987682], [0.8106948981257034, 0.08680505677838508, 0.027099867118984728, 0.07540017787692675]], "ideal": "D", "sampled": "C", "correct": false}}
{"type": "result", "data": {"idx": 12, "options": ["Sangat", "Langar", "Gurdwara", "Panth"], "probs": [[0.00035102154570371374, 0.9980025450515406, 0.0015481557252030713, 9.827757755258577e-05], [0.9825397709160104, 0.014017303444696677, 0.003102772629797914, 0.00034015290949495665], [0.01150908539447634, 0.004950359601508125, 0.010156922325135282, 0.9733836325788803], [0.0022427429413971025, 0.0314421002344056, 0.9634792795446142, 0.0028358771795830274]], "ideal": "B", "sampled": "B", "correct": true}}
{"type": "result", "data": {"idx": 13, "options": ["Buddhism", "Daoism", "Confucianism", "Shamanism"], "probs": [[0.08847037570083006, 0.740786481711897, 0.11361554839643821, 0.05712759409083469], [0.49179621744287405, 0.1476752525871206, 0.11323465911960709, 0.24729387075039821], [0.11313178544163013, 0.12045990046235854, 0.3652901756619359, 0.40111813833407545], [0.03349655531194247, 0.4771278255379784, 0.4277587282351912, 0.06161689081488794]], "ideal": "B", "sampled": "B", "correct": true}}
{"type": "result", "data": {"idx": 14, "options": ["Worship", "Submission", "Obedience", "Faith"], "probs": [[0.0003182771270848704, 0.9940126400009534, 0.00546676942547015, 0.0002023133464916018], [0.918076109783714, 0.07419474781803566, 0.007520704604385576, 0.00020843769386476283], [0.015036118747441119, 0.00986096018334634, 0.01527337783831022, 0.9598295431309023], [0.00038075993757903426, 0.004937441580376644, 0.9938566396694168, 0.0008251587126274601]], "ideal": "B", "sampled": "B", "correct": true}}
{"type": "result", "data": {"idx": 15, "options": ["Suffering", "Soul", "Impermanence", "No-self"], "probs": [[0.00027604924171167845, 0.002702307109651115, 0.004386064933534956, 0.9926355786151022], [0.001122172162545147, 0.009395814922507285, 0.9889681995008455, 0.00051381331410206], [0.0001453260746588201, 0.99931939567396, 0.00045116054395074565, 8.411760743046108e-05], [0.9908937250862664, 0.006321699380888931, 0.0026766497270839847, 0.000107925705760714]], "ideal": "D", "sampled": "D", "correct": true}}
{"type": "result", "data": {"idx": 16, "options": ["Spiritual narratives", "Redemption narratives", "Birth narratives", "Theological narratives"], "probs": [[0.5172658792065943, 0.10509788990139549, 0.36126494827221467, 0.01637128251979563], [0.0012225993450252703, 0.996174219530052, 0.001878701393401254, 0.0007244796315213963], [0.9605006869323552, 0.03498721757681238, 0.00434488929171582, 0.00016720609911651435], [0.04503383688329598, 0.07310182927273079, 0.03193740689155299, 0.8499269268524202]], "ideal": "C", "sampled": "C", "correct": true}}
{"type": "result", "data": {"idx": 17, "options": ["Vajrayana", "Theravada", "Mahayana", "Mahavira"], "probs": [[0.007019396061878627, 0.04872762123906129, 0.9413491650942901, 0.0029038175047699207], [0.0015213482447625694, 0.9960721235874552, 0.0019838466765447083, 0.000422681391237472], [0.9831419771565693, 0.013176118270868082, 0.0024754279757492424, 0.0012064764968134506], [0.002319980990525292, 0.016878371180238674, 0.015127059216650383, 0.9656745885125857]], "ideal": "C", "sampled": "C", "correct": true}}
{"type": "result", "data": {"idx": 18, "options": ["Svetambara", "Jina", "Agama", "Digambara"], "probs": [[0.32469484206767396, 0.2267585396539904, 0.17934173343772378, 0.2692048847406119], [0.08435611731093355, 0.19315530840546158, 0.25192989582649905, 0.47055867835710585], [0.11783087691346471, 0.39257918266673986, 0.43810834128157433, 0.051481599038221096], [0.2801978274143553, 0.6216292941975196, 0.07425062316146089, 0.023922255126664262]], "ideal": "D", "sampled": "A", "correct": false}}
{"type": "result", "data": {"idx": 19, "options": ["The Shema", "The Sefirot", "Deuteronomy", "The Decalogue"], "probs": [[0.9855259433608171, 0.009220725274147782, 0.004783327872173419, 0.00047000339286167584], [0.0008160276184481926, 0.0018391788272198054, 0.006726452967991998, 0.99061834048634], [0.0026100288703202012, 0.013893069560821529, 0.9818371498536608, 0.0016597516151974359], [0.0017766083801976828, 0.9950568477543201, 0.002688221651625238, 0.00047832211385696156]], "ideal": "A", "sampled": "A", "correct": true}}
{"type": "result", "data": {"idx": 20, "options": ["Brahminic orthodoxy", "Legalistic asceticism", "Bhakti devotionals", "Unorthodox practices"], "probs": [[0.9616103568749572, 0.03558517766676036, 0.002517473754885221, 0.00028699160339723984], [0.4799728238094539, 0.1038139791329395, 0.16331109889635795, 0.25290209806124864], [0.00411692070022324, 0.5521247314391377, 0.31465115729821697, 0.12910719046242214], [0.13290552156008517, 0.8532137225135062, 0.012556439138461377, 0.0013243166879472457]], "ideal": "A", "sampled": "A", "correct": true}}
{"type": "result", "data": {"idx": 21, "options": ["The Battle of Uhud", "The Battle of Camel", "The Battle of the Trench", "The Battle of Badr"], "probs": [[0.012944859002162159, 0.8329665970329426, 0.11451280542483228, 0.039575738440062964], [0.3820070815261173, 0.46813897965994156, 0.12405246148361464, 0.025801477230326525], [0.029655355803645037, 0.9371563750197722, 0.024210974788292504, 0.00897729428829028], [0.8498439186444607, 0.10473468902420051, 0.03734512734949628, 0.008076264881842477]], "ideal": "C", "sampled": "D", "correct": false}}
{"type": "result", "data": {"idx": 22, "options": ["Remembering the Divine Name", "Meditating on the sacred hymns", "Remembering that death is inevitable", "Meditating on the goodness of the created world"], "probs": [[0.9771129098513203, 0.01804875510337922, 0.004632976652333155, 0.00020535829296732008], [0.002165576072998658, 0.007048314748367428, 0.00811033452336681, 0.9826757745552671], [0.008091014179188573, 0.009390693506802826, 0.980972743717561, 0.0015455484964474922], [0.00043594857359305437, 0.996391477495822, 0.0024129202691411133, 0.0007596535614438229]], "ideal": "A", "sampled": "A", "correct": true}}
{"type": "result", "data": {"idx": 23, "options": ["Confucianism", "Buddhism", "Christianity", "Daoism"], "probs": [[0.3246634413050706, 0.3798041768671658, 0.2671286255008986, 0.02840375622686501], [0.08264044049510136, 0.5224373417933482, 0.1280144919031173, 0.2669077257084331], [0.49069289099275926, 0.15205653236860184, 0.1290007997771366, 0.2282497767615023], [0.06286184020741195, 0.4434552159867874, 0.41658764949837446, 0.07709529420742618]], "ideal": "A", "sampled": "C", "correct": false}}
{"type": "result", "data": {"idx": 24, "options": ["Disciple", "Faithful", "Devotee", "Enlightened"], "probs": [[0.6867757124308398, 0.1763872278315002, 0.10369196212972746, 0.03314509750793256], [0.197631894962583, 0.545721368958064, 0.21710334507749204, 0.03954339090186099], [0.1162599248392478, 0.7011851058549626, 0.16656725075932263, 0.015987718446466972], [0.30776401807264947, 0.6515506425051437, 0.03618971544526515, 0.004495623876941684]], "ideal": "A", "sampled": "A", "correct": true}}
{"type": "result", "data": {"idx": 25, "options": ["The sages of the Zhuangzi", "The Songs of the South", "The Duke of Zhou", "The Confucian \"sage kings\""], "probs": [[0.5596416958753712, 0.3116532734164898, 0.08519845850963119, 0.04350657209850787], [0.3619573115940533, 0.2776912450512714, 0.21966275570580165, 0.14068868754887365], [0.3345261862790337, 0.3563184811448776, 0.1395348157853977, 0.169620516690691], [0.4355785748915228, 0.3670282877533806, 0.1155052680666291, 0.08188786918846751]], "ideal": "A", "sampled": "A", "correct": true}}
{"type": "result", "data": {"idx": 26, "options": ["Anointed one", "God", "Prophet", "The line of David"], "probs": [[0.9961502710973789, 0.0025284936473421284, 0.0012711517653516003, 5.008338992745777e-05], [0.00030849574410907936, 0.0010937786352977813, 0.004258160437611817, 0.9943395650829813], [0.0009221069260462002, 0.003047454898769371, 0.9956211708374827, 0.00040926723770170917], [0.0002471591901588752, 0.999143255672558, 0.0005526618986613621, 5.692313862173163e-05]], "ideal": "A", "sampled": "A", "correct": true}}
{"type": "result", "data": {"idx": 27, "options": ["Soul", "Sound", "Non-matter", "Non-soul"], "probs": [[0.0035748868243527334, 0.010757297506401425, 0.9837086154471822, 0.001959200122063629], [0.0003148007159554624, 0.9756439253035306, 0.02330913661536706, 0.0007321372651468499], [0.8664607145057621, 0.09276273567624309, 0.03989467649870221, 0.0008818732192926252], [0.8792132068726075, 0.07926696475382855, 0.034088272328106205, 0.00743155594545772]], "ideal": "D", "sampled": "C", "correct": false}}
{"type": "result", "data": {"idx": 28, "options": ["A collection of statues", "Veneration of ancestors", "Seated meditation", "Funeral rituals"], "probs": [[0.00055111615718859, 0.0022847113440206167, 0.9965492998157263, 0.0006148725830644921], [0.00013338629721214236, 0.9995243652700331, 0.0002632006523845702, 7.904768037022011e-05], [0.9962524660540797, 0.002670635293362993, 0.0010214737793465508, 5.542477321074993e-05], [0.00014156866545530803, 0.0005139779855820322, 0.0026711641629390513, 0.9966732890860236]], "ideal": "C", "sampled": "C", "correct": true}}
{"type": "result", "data": {"idx": 29, "options": ["Asceticism", "Bodily pleasure", "Music", "Sexual union"], "probs": [[0.0011228627486331232, 0.12004106951344508, 0.005614111180472737, 0.873221956457449], [0.010828856061582902, 0.03208514857455059, 0.930490188915274, 0.026595806348592495], [0.000653034712182193, 0.9942147377750243, 0.004532849914297622, 0.0005993774984958104], [0.9744688768639965, 0.01870675924617511, 0.006721441565104834, 0.000102922224723508]], "ideal": "D", "sampled": "D", "correct": true}}
{"type": "result", "data": {"idx": 30, "options": ["Loving and forgiving", "Wrathful and merciful", "Judging and vengeful", "Transcendent and immanent"], "probs": [[0.04593443908241948, 0.5057747815736308, 0.39414129200879805, 0.054149487235151714], [0.18808965331680563, 0.5529395484197404, 0.17678180376460725, 0.08218899439884678], [0.11357346239429518, 0.8135198399366513, 0.04735922839405966, 0.025547469174993852], [0.6249386900388126, 0.15558603983999758, 0.11745755065762449, 0.10201771936356528]], "ideal": "B", "sampled": "D", "correct": false}}
{"type": "result", "data": {"idx": 31, "options": ["Palestine and Babylonia", "Babylonia and Europe", "Palestine and Spain", "Spain and France"], "probs": [[0.9843613021770877, 0.013399287160058013, 0.0020707246475222822, 0.0001686859153319112], [0.06241535615649236, 0.9030178507954977, 0.013820657994319705, 0.020746134953690255], [0.6085749517306245, 0.08302789520873906, 0.2920518040833255, 0.016345348877311015], [0.001739453258592316, 0.9971606542650505, 0.0008953038317169465, 0.00020458854464023172]], "ideal": "A", "sampled": "A", "correct": true}}
{"type": "result", "data": {"idx": 32, "options": ["Buddhism", "Hinduism", "Judaism", "Islam"], "probs": [[0.9747458633671233, 0.024030697915564836, 0.0011236513415507643, 9.978727576108846e-05], [0.8350952582870638, 0.09518524684301641, 0.023324034323757854, 0.04639546044616191], [0.12272824128622709, 0.3496706721547168, 0.5168691781572878, 0.010731908301768277], [0.01898952815084918, 0.9737061904640067, 0.00703920047861979, 0.0002650808065242785]], "ideal": "A", "sampled": "A", "correct": true}}
{"type": "result", "data": {"idx": 33, "options": ["Kali yuga", "Maha yuga", "Krita yuga", "Satya yuga"], "probs": [[0.9826452679053828, 0.011624592293647072, 0.005238717859277771, 0.000491421841692433], [0.11731675750972845, 0.07576149052177374, 0.04183379574380715, 0.7650879561246907], [0.025234757599787914, 0.06807331905010806, 0.8165250617470386, 0.09016686150306538], [0.003105316712144089, 0.9832936179460962, 0.010923405994146264, 0.002677659247613513]], "ideal": "A", "sampled": "A", "correct": true}}
{"type": "result", "data": {"idx": 34, "options": ["Hymns", "Laws", "Ethics", "Myths"], "probs": [[0.975802181258415, 0.017872999227173992, 0.005986959296151267, 0.0003378601182597208], [0.0010991052045259172, 0.002496734678675114, 0.00488758915854406, 0.991516570858255], [0.004802908916110963, 0.01743374656772606, 0.9746617070216155, 0.003101637394547535], [0.0006349569242507736, 0.9974318370023748, 0.0014649598200032164, 0.0004682461533711393]], "ideal": "A", "sampled": "A", "correct": true}}
{"type": "result", "data": {"idx": 35, "options": ["Pure Land", "Tendai", "Shingon", "Soto Zen"], "probs": [[0.9811542186413847, 0.016111306212281035, 0.002375757735741361, 0.0003587173105928139], [0.0010565743181350962, 0.0037765469188363802, 0.004050145052613238, 0.9911167336104153], [0.003022461559478555, 0.014536346737848914, 0.980049695477755, 0.0023914961249175094], [0.0005093832188522606, 0.9957354792344113, 0.0030476028566721954, 0.0007075345900642273]], "ideal": "A", "sampled": "A", "correct": true}}
{"type": "result", "data": {"idx": 36, "options": ["Sita", "Rama", "Kali", "Durga"], "probs": [[0.6934855015882897, 0.24734966569597774, 0.04646315074276813, 0.012701681872964441], [0.10587747823498415, 0.09203775696913646, 0.23866567792098203, 0.5634190867748974], [0.11165927183019214, 0.2119982061770424, 0.6042414812997509, 0.07210104059301461], [0.12897302112948844, 0.6866269059788983, 0.10367989461815758, 0.0807201781734557]], "ideal": "A", "sampled": "A", "correct": true}}
{"type": "result", "data": {"idx": 37, "options": ["Rumi", "Rabi'a", "Fatimah", "Khadija"], "probs": [[0.0006352812179359816, 0.9976857504943341, 0.0014541574347374767, 0.00022481075299245461], [0.9717128774830338, 0.02395190381967327, 0.003142436621615118, 0.0011927819756777445], [0.000865286282605959, 0.0025439826700071936, 0.0021923136563181825, 0.9943984172910687], [0.0010967012192397907, 0.01562135530402203, 0.9819996086187383, 0.0012823347579999222]], "ideal": "B", "sampled": "B", "correct": true}}
{"type": "result", "data": {"idx": 38, "options": ["Andal", "Devi", "Ganga", "Kali"], "probs": [[0.985413878086985, 0.012404352969242848, 0.0018298556687740355, 0.0003519131749981315], [0.0009816892876316713, 0.0009973603029221206, 0.0022126144592836744, 0.9958083358501625], [0.003992073026047412, 0.00942871872678049, 0.9851556450633676, 0.0014235630838044658], [0.00042329390171232643, 0.9980609908026529, 0.0013562003817858517, 0.00015951481384894595]], "ideal": "A", "sampled": "A", "correct": true}}
{"type": "result", "data": {"idx": 39, "options": ["Paul of Tarsus", "Clare of Assisi", "Francis of Assisi", "John of the Cross"], "probs": [[0.003505351155611447, 0.42792846542710017, 0.558258636903701, 0.010307546413587367], [0.03665630706776068, 0.945387554102939, 0.016267203835575762, 0.001688934893724556], [0.9767455647988407, 0.020592014985245932, 0.0017715449721723718, 0.0008908751437409946], [0.09286346839116033, 0.030626343522963586, 0.022406035504844452, 0.8541041524810317]], "ideal": "C", "sampled": "C", "correct": true}}
{"type": "result", "data": {"idx": 40, "options": ["Epistemology", "Morality", "Religion", "Aesthetics"], "probs": [[0.009322673307162237, 0.8933426953209453, 0.07565865103062348, 0.021675980241268916], [0.7902518502765292, 0.15562067593722084, 0.029698372234293204, 0.024429101451956724], [0.6770229238038309, 0.17120867710772694, 0.0446557544923509, 0.10711264449609123], [0.09185164352443474, 0.11796651691533747, 0.4889974557194064, 0.3011843837408214]], "ideal": "B", "sampled": "B", "correct": true}}
{"type": "result", "data": {"idx": 41, "options": ["Greek Orthodox", "Roman Catholic", "Puritans", "Quakers"], "probs": [[0.011965065613884338, 0.05891029623368676, 0.37850536059316203, 0.5506192774592669], [0.009806191002259625, 0.39798499715713115, 0.5889660947216467, 0.0032427170189624744], [0.011498110889422389, 0.9797408826832774, 0.005873109935524803, 0.002887896391775345], [0.9441008348902351, 0.035477375166227836, 0.009255222414602332, 0.011166567428934758]], "ideal": "D", "sampled": "D", "correct": true}}
{"type": "result", "data": {"idx": 42, "options": ["Peter", "Paul", "Jesus", "Matthew"], "probs": [[0.984330877371306, 0.013933709519962586, 0.00162555307965137, 0.00010985992908004523], [0.03926776824079563, 0.16025025068763668, 0.023820087932427226, 0.7766618930391405], [0.008175895955420365, 0.04489915156993077, 0.9454116213910857, 0.0015133309835631734], [0.00044046798828880403, 0.9984542556309338, 0.0010237514884532917, 8.152479232403528e-05]], "ideal": "A", "sampled": "A", "correct": true}}
{"type": "result", "data": {"idx": 43, "options": ["1935", "2000", "1965", "1975"], "probs": [[0.8890331394813842, 0.04862615889154517, 0.05774610479718644, 0.004594596729884195], [0.004105254467117358, 0.893356008905577, 0.06678559509153463, 0.03575314143577104], [0.14428949139628108, 0.12540173342461453, 0.7107730997272876, 0.01953567535181676], [0.01658763015979994, 0.9565179489567707, 0.013865134884001129, 0.013029285899428245]], "ideal": "A", "sampled": "A", "correct": true}}
{"type": "result", "data": {"idx": 44, "options": ["Householders who supported renouncers", "Orthodox interpreters of the scriptures", "Women ascetics who lived in communities", "Temple-dwelling renouncers"], "probs": [[0.5105747865323579, 0.15095537252827887, 0.2820704140643941, 0.056399426774969105], [0.009376826494304614, 0.8309025585651618, 0.14219991556753717, 0.017520699272996418], [0.7316402397163471, 0.23753564709964803, 0.02881634314263984, 0.0020077699413650024], [0.9750014497017151, 0.020236511312416865, 0.004550794305251261, 0.00021124458061677208]], "ideal": "D", "sampled": "C", "correct": false}}
{"type": "result", "data": {"idx": 45, "options": ["Thoughtfulness", "Non-action", "Spontaneity", "Meditation"], "probs": [[0.0018263202254633689, 0.01349675041794691, 0.9840203637354519, 0.0006565655211378054], [0.0006408374984965935, 0.9987593649142884, 0.00045448493784485343, 0.00014531254937012332], [0.9952367815741513, 0.003243453656350771, 0.0013309726854749055, 0.0001887919840229609], [0.0016795148688744889, 0.0032897016250638613, 0.031940081448856385, 0.9630907019572053]], "ideal": "C", "sampled": "C", "correct": true}}
{"type": "result", "data": {"idx": 46, "options": ["hand gestures", "saints", "religious clothing", "temples"], "probs": [[0.9931584168284553, 0.005091636687706936, 0.0015770858637656703, 0.00017286052007204204], [0.00010764505595305217, 0.0005732979562153962, 0.0036474975820167516, 0.9956715593058147], [0.0003553642279027198, 0.0035066571175933984, 0.9950690561929277, 0.0010689223615761474], [0.00010971053360907085, 0.9991165812168905, 0.0006613920812764876, 0.00011231606822391129]], "ideal": "A", "sampled": "A", "correct": true}}
{"type": "result", "data": {"idx": 47, "options": ["Julius Caesar", "Alexander the Great", "Cyrus of Persia", "Antiochus IV Epiphanes"], "probs": [[0.0002468098910821541, 0.0009315794762449051, 0.008834740443090247, 0.9899868700895826], [0.001274167512472881, 0.004810356794936099, 0.9910211502543597, 0.002894325338231292], [0.0001233130279979938, 0.9989161207013024, 0.0008897188564788519, 7.084731422068291e-05], [0.993850678217057, 0.004462383088074599, 0.0015178843877707918, 0.0001690542070976514]], "ideal": "D", "sampled": "D", "correct": true}}
{"type": "result", "data": {"idx": 48, "options": ["30", "40", "33", "52"], "probs": [[0.05479010775762937, 0.14324000049469965, 0.7750470406518082, 0.02692285099586281], [0.025252376548824226, 0.9472447932740797, 0.02485983710974935, 0.0026429929673466566], [0.13899098335306714, 0.6838611959727211, 0.13269571958645424, 0.04445210098775755], [0.19671758714262044, 0.3791221621384262, 0.1792220446404102, 0.24493820597854318]], "ideal": "A", "sampled": "C", "correct": false}}
{"type": "result", "data": {"idx": 49, "options": ["Serpent", "Eagle", "Cheetah", "Cow"], "probs": [[0.18151864137147677, 0.2540715596709161, 0.19480941897456702, 0.3696003798830401], [0.11457935335379132, 0.23699665762733016, 0.5959610142571969, 0.05246297466168156], [0.010625159189888558, 0.9564246132762618, 0.02888476547021865, 0.004065461963630965], [0.9228993029104011, 0.05993284996686646, 0.01625766122484738, 0.0009101857978850845]], "ideal": "D", "sampled": "D", "correct": true}}
{"type": "result", "data": {"idx": 50, "options": ["Community", "Scripture", "Worship", "Apprenticeship"], "probs": [[0.2593184362964585, 0.44810523743720754, 0.05269700562618821, 0.23987932054014574], [0.05946585930090243, 0.08653863550802927, 0.8213995128845805, 0.0325959922064878], [0.002796340790527632, 0.9725392444517235, 0.022519138155076838, 0.002145276502672107], [0.4494625325335905, 0.3500617738928186, 0.18741883318168784, 0.013056860291903066]], "ideal": "A", "sampled": "D", "correct": false}}
{"type": "result", "data": {"idx": 51, "options": ["Construction of the Second Temple", "Destruction of the Second Temple", "The Christianization of the Roman Empire", "The emergence of Islam"], "probs": [[0.002805941313568187, 0.9910904910091318, 0.005451962897203642, 0.0006516046800962961], [0.991062244355233, 0.00774843634222799, 0.0011162325531624583, 7.308664937652884e-05], [0.008711186178307915, 0.05132227179889768, 0.05815234118995286, 0.8818142007328416], [0.0022938882570614264, 0.1583128567025663, 0.8046093399023957, 0.03478391503797652]], "ideal": "B", "sampled": "B", "correct": true}}
{"type": "result", "data": {"idx": 52, "options": ["Genshin", "Dogen", "Honen", "Shinran"], "probs": [[0.01969219228429214, 0.010963284544354893, 0.03510854137853162, 0.9342359816928213], [0.0011429860055903942, 0.06963584591647137, 0.9247325684786745, 0.00448859949926372], [0.0060305438668031225, 0.9907041285123, 0.002940139816815334, 0.0003251877040814978], [0.9583224106280824, 0.031295400270041435, 0.0027133640969471606, 0.007668824904929011]], "ideal": "C", "sampled": "D", "correct": false}}
{"type": "result", "data": {"idx": 53, "options": ["Pakistan", "Iraq", "Indonesia", "Turkey"], "probs": [[0.002419685043772623, 0.011819075940445496, 0.9845239642871181, 0.0012372746286637673], [0.0005802470464950998, 0.8362265282684965, 0.013211437575110055, 0.14998178700989837], [0.041593502899454564, 0.015547484514668782, 0.9399365467444754, 0.00292246574140132], [0.0005057213933993525, 0.18718588511178022, 0.011602302188126995, 0.8007060912066934]], "ideal": "C", "sampled": "C", "correct": true}}
{"type": "result", "data": {"idx": 54, "options": ["Gregory", "Augustine", "Athanasius", "Francis"], "probs": [[0.6893200637101273, 0.1612017387617272, 0.035141074996559836, 0.11433712243158557], [0.022576352398548345, 0.05675700356668425, 0.25043811277314876, 0.6702285311616186], [0.02919838471180438, 0.27702399633695035, 0.6647925386934422, 0.028985080157803003], [0.03774978213053856, 0.9362708311778745, 0.018543157690132622, 0.007436228901454325]], "ideal": "A", "sampled": "A", "correct": true}}
{"type": "result", "data": {"idx": 55, "options": ["Enlightened being", "Worthy ones", "Saintly ones", "Sages"], "probs": [[0.9280484116430401, 0.06120906305454353, 0.009098324963747127, 0.0016442002386692052], [0.029848009039322276, 0.0484501199942905, 0.04921659469215295, 0.8724852761742343], [0.032571071986022104, 0.09800949576509327, 0.8602305606599359, 0.009188871488948805], [0.002384762082711162, 0.9927242547508107, 0.0035525458467634565, 0.0013384372197146445]], "ideal": "A", "sampled": "A", "correct": true}}
{"type": "result", "data": {"idx": 56, "options": ["Guru Ram Das", "Guru Tegh Bahadur", "Guru Gobind Singh", "Guru Har Rai"], "probs": [[0.00027037147645599124, 0.9947558252262163, 0.004828957009903358, 0.00014484618742431849], [0.9718669738802084, 0.023585189342254745, 0.004229234103225269, 0.00031860257431155423], [0.018179454144612285, 0.02524568545699945, 0.023900440271980943, 0.9326744200264073], [0.002505632936393343, 0.03486667368617522, 0.9574039442863815, 0.0052237489910499325]], "ideal": "B", "sampled": "B", "correct": true}}
{"type": "result", "data": {"idx": 57, "options": ["Guru Nanak", "Guru Arjan", "Guru Hargobind", "Guru Ram Das"], "probs": [[0.0025430423141635634, 0.07200418875375081, 0.9199376937596493, 0.0055150750724362865], [0.0004682926769729166, 0.9885787859779323, 0.010652088737081039, 0.0003008325080137977], [0.9134979654948893, 0.07616003445049899, 0.008890418151714744, 0.001451581802897053], [0.0009410204493258417, 0.02926308137271221, 0.0301974457173031, 0.9395984523606589]], "ideal": "C", "sampled": "C", "correct": true}}
{"type": "result", "data": {"idx": 58, "options": ["In the community", "In faith in God", "In ascetic renunciation", "In the life of the householder"], "probs": [[0.0007756625653907507, 0.9944131676090007, 0.0029503419959196015, 0.0018608277296889588], [0.24875634913601322, 0.20305863300566024, 0.48721233081640375, 0.060972686941922774], [0.0039925619104078805, 0.8488057273868863, 0.022977868393201734, 0.12422384220950407], [0.06573151845372681, 0.0941735661991655, 0.7644240912360263, 0.07567082401108137]], "ideal": "D", "sampled": "B", "correct": false}}
{"type": "result", "data": {"idx": 59, "options": ["God is eternal and merciful to those who offer worship", "Humans can align themselves with life energy through worship of kami", "Justice will be the final outcome in the next world", "Power and force are the most divine attributes"], "probs": [[0.0012418113002003852, 0.9958366010294908, 0.0021968388143701594, 0.0007247487559386325], [0.9885573089327356, 0.007732379017837402, 0.002822109816051598, 0.0008882021333754057], [0.001444253015307381, 0.0023632671519421677, 0.013076712186949679, 0.9831157675458008], [0.00229115365078908, 0.00751543074869909, 0.9847395824986173, 0.005453833001894555]], "ideal": "A", "sampled": "B", "correct": false}}
{"type": "result", "data": {"idx": 60, "options": ["Durga", "Sri Lakshmi", "Kali", "Mahavira"], "probs": [[0.0006352368382674706, 0.9971865216646252, 0.0015719958733097148, 0.0006062455237976249], [0.8373054560961527, 0.12252534485386514, 0.005059412032989214, 0.03510978691699292], [0.03192123296787083, 0.023725693291778583, 0.6218851011145228, 0.32246797252582776], [0.002199553872893588, 0.28134828658682043, 0.6860923600474536, 0.030359799392832502]], "ideal": "B", "sampled": "B", "correct": true}}
{"type": "result", "data": {"idx": 61, "options": ["China", "Silla", "Goguryeo", "Joseon"], "probs": [[0.8968816172245048, 0.08743092777154476, 0.012695164941621866, 0.0029922899623285384], [0.31005669099056626, 0.19711298042223122, 0.13027356757818634, 0.3625567609090162], [0.036145443182955136, 0.11487846695875385, 0.8229312148333051, 0.026044874924985875], [0.01666529676709161, 0.931449778641606, 0.04710689226063338, 0.004778032230668937]], "ideal": "B", "sampled": "A", "correct": false}}
{"type": "result", "data": {"idx": 62, "options": ["Madhva", "Patanjali", "Ramanuja", "Aryabhatta"], "probs": [[0.0001324734790112616, 0.9996168192034819, 0.00020666666748191053, 4.40405500248936e-05], [0.9950075052551108, 0.0044661738593019355, 0.0004091107700055536, 0.00011721001558164818], [0.001742500445197939, 0.004020233204361813, 0.0029638001169047363, 0.9912734661335355], [0.0043161775082666675, 0.010272685018205052, 0.9846896126424485, 0.0007215247310797913]], "ideal": "B", "sampled": "B", "correct": true}}
{"type": "result", "data": {"idx": 63, "options": ["It was visited by Moses.", "It is a haram.", "It was built by Abraham.", "It is a square building."], "probs": [[0.11201961832074556, 0.4644398584995182, 0.16303816071672184, 0.26050236236301444], [0.038305140171724976, 0.06619433910048408, 0.1379613249321605, 0.7575391956956304], [0.02478258200713904, 0.13717604558991328, 0.7188669717099495, 0.11917440059299815], [0.02065658807679912, 0.734000171476238, 0.20704629426031285, 0.03829694608664998]], "ideal": "A", "sampled": "A", "correct": true}}
{"type": "result", "data": {"idx": 64, "options": ["Parvati", "Ganesha", "Vishnu", "Sita"], "probs": [[0.00033005941235215595, 0.9990196871921275, 0.0005614021237819279, 8.885117173840137e-05], [0.9930922212673571, 0.005293800423422857, 0.0013702085602870142, 0.00024376964893299896], [0.0007587116374656124, 0.0009082013634612754, 0.002648010784951401, 0.9956850761141217], [0.0011560359459845398, 0.00952869948644209, 0.9876592916449959, 0.0016559728225774245]], "ideal": "B", "sampled": "B", "correct": true}}
{"type": "result", "data": {"idx": 65, "options": ["Sri Lakshmi", "Mahavira", "Rsabha", "Nanak"], "probs": [[0.019169371191227275, 0.9678622634784813, 0.012091642247095935, 0.0008767229831955162], [0.9768506602822385, 0.020763171313301212, 0.0019617605254320003, 0.0004244077790281674], [0.2753512797523324, 0.17232465357119692, 0.037857613607637904, 0.5144664529688328], [0.04539222760694885, 0.07722873441326636, 0.8373151639056565, 0.0400638739741283]], "ideal": "C", "sampled": "B", "correct": false}}
{"type": "result", "data": {"idx": 66, "options": ["Ban Zhao", "Laozi", "Menicus", "Liu Xiang"], "probs": [[0.977674614241491, 0.020137038938879574, 0.002056847922229809, 0.000131498797399588], [0.02669816059285706, 0.17010484126232125, 0.029091702588425822, 0.7741052954563958], [0.010408186720292503, 0.10190904666191884, 0.880302956203068, 0.007379810314720665], [0.0010782947433602508, 0.9955745679434185, 0.003119353078677102, 0.00022778413454417796]], "ideal": "A", "sampled": "A", "correct": true}}
{"type": "result", "data": {"idx": 67, "options": ["36,000", "12,000", "24,000", "7,000"], "probs": [[0.1965712188966878, 0.542581447049085, 0.22122489243358787, 0.03962244152063936], [0.1753686349938258, 0.5192716508041841, 0.21004462314864292, 0.09531509095334717], [0.22124264809013458, 0.4983760603604782, 0.22489101829514177, 0.05549027315424545], [0.07929250419928313, 0.7461919617012805, 0.13496160204189844, 0.039553931957537834]], "ideal": "A", "sampled": "A", "correct": true}}
{"type": "result", "data": {"idx": 68, "options": ["Ultimate Reality", "The gurus", "The community", "Sikh worship"], "probs": [[0.8998704921518209, 0.054891353949941254, 0.03714248444248436, 0.008095669355753494], [0.0439118954965397, 0.06291012301273796, 0.03816004370099062, 0.8550179376897318], [0.03280177852468823, 0.05002190935701488, 0.8868373599882584, 0.030338952030038484], [0.001423204889847942, 0.9920843770511947, 0.005206349735189362, 0.0012860682237680594]], "ideal": "A", "sampled": "A", "correct": true}}
{"type": "result", "data": {"idx": 69, "options": ["Sansar", "Hukam", "Mantar", "Karam"], "probs": [[0.00916072007974522, 0.9792487907607024, 0.00952905910009722, 0.002061429959455225], [0.9798661136321538, 0.013235675524856645, 0.0065015602732339, 0.0003966504697556623], [0.01140452305855015, 0.014084905397627488, 0.009757070451234848, 0.9647535009925875], [0.02750930327276479, 0.03673708869649796, 0.9333856499396684, 0.0023679579910688073]], "ideal": "B", "sampled": "B", "correct": true}}
{"type": "result", "data": {"idx": 70, "options": ["30", "29", "27", "47"], "probs": [[0.012823986592672103, 0.49269034581815935, 0.47033392546060837, 0.024151742028560144], [0.01250798430920006, 0.869967935303516, 0.08888815930254293, 0.028635920984740958], [0.09512729409415353, 0.13007884016998583, 0.5393077851137883, 0.23548608052207232], [0.0024086826747522945, 0.4924269468282429, 0.4415709510576309, 0.06359341933937389]], "ideal": "C", "sampled": "C", "correct": true}}
{"type": "result", "data": {"idx": 71, "options": ["Zen Buddhism", "Chan Buddhism", "Humanistic Buddhism", "Pure Land Buddhism"], "probs": [[0.012776032865550142, 0.03137796706400555, 0.7724315429809044, 0.18341445698953987], [0.006171335629506258, 0.8876688641515299, 0.09506885986651938, 0.011090940252444479], [0.6960668381988425, 0.27688421466467855, 0.020062028692863595, 0.006986918343615308], [0.06986974793961535, 0.021647300165826115, 0.016340315035953346, 0.8921426367586052]], "ideal": "C", "sampled": "C", "correct": true}}
{"type": "result", "data": {"idx": 72, "options": ["They worshipped exclusively outside of the temple", "They believed that nakedness was an elemental expression of non-attachment", "They included women within the ranks of the leadership", "They believed that the omniscient Jina must eat and sleep"], "probs": [[0.0007411986803616486, 0.9958645207113825, 0.0017105023458963192, 0.0016837781623594973], [0.9907348499597013, 0.007052532683183648, 0.001811397448596472, 0.00040121980851858815], [0.0031804633664282308, 0.014481313680280175, 0.07240476536087728, 0.9099334574924143], [0.0027623682123212967, 0.016404055720679697, 0.9615048062229826, 0.019328769744016382]], "ideal": "B", "sampled": "B", "correct": true}}
{"type": "result", "data": {"idx": 73, "options": ["Namokar Mantra", "The Liberation Mantra", "Ahimsa", "Archaryas"], "probs": [[0.9656974294567638, 0.030565962859380586, 0.0034022392767859974, 0.0003343683070695294], [0.006449029564058852, 0.012827724718325346, 0.008281247411841434, 0.9724419982057744], [0.007835943963453456, 0.02510114688823966, 0.956999513495022, 0.010063395553284869], [0.0006399852333700966, 0.9972359761337936, 0.0019405815257762815, 0.0001834570070600958]], "ideal": "A", "sampled": "A", "correct": true}}
{"type": "result", "data": {"idx": 74, "options": ["Second century CE", "Fifth century CE", "Fifth century BCE", "Eighteenth century CE"], "probs": [[0.0417811846393774, 0.9506657672577754, 0.006822091883329676, 0.0007309561195174669], [0.9616796349399044, 0.02881554126506546, 0.00787851913123807, 0.001626304563792032], [0.3984443871493669, 0.20672008597214814, 0.2916838467464402, 0.10315168003204467], [0.026808950418076724, 0.36433081062315104, 0.5918142286328774, 0.01704601022589483]], "ideal": "B", "sampled": "B", "correct": true}}
