{"type": "result", "data": {"idx": 0, "options": ["the matrix, if stored directly, is large and can be clumsy to manage", "it is not capable of expressing complex protection requirements", "deciding whether a process has access to a resource is undecidable", "there is no way to express who has rights to change the access matrix itself"], "probs": [[0.4549495618297859, 0.11508105061401364, 0.21503618469443678, 0.21493320276176364], [0.44663721984088256, 0.1279986519685338, 0.18626483060441656, 0.2390992974861671], [0.5951276199249493, 0.11718757012851003, 0.11722162673114646, 0.17046318311539416], [0.4845906152250636, 0.10814402815369302, 0.22902112901265945, 0.17824422750858396], [0.43914343230932684, 0.14262928492279947, 0.18313962765112857, 0.23508765501674508], [0.4541014297120231, 0.16712095833773247, 0.18943142324486226, 0.18934618860538216], [0.2622097109810757, 0.49004404883116054, 0.12388714203802648, 0.12385909804973724], [0.3307759515032238, 0.3749883789202809, 0.13798818452854536, 0.15624748494794988], [0.275988412292497, 0.3128869077050831, 0.24371087148036208, 0.16741380842205777], [0.31277028189109735, 0.2760853212212405, 0.16749994704687407, 0.24364444974078803], [0.3498736671734706, 0.16531101113858265, 0.2726309935867995, 0.21218432800114725], [0.29176218990617164, 0.1769861201622174, 0.20055154557525343, 0.33070014425635746], [0.3362324262538522, 0.3811538843515376, 0.12374254407049491, 0.15887114522411536], [0.318204357511962, 0.31834004749184547, 0.17039514347973359, 0.1930604514164589], [0.29002158534510347, 0.15530300934685395, 0.3287764938393852, 0.22589891136865742], [0.3102506743098589, 0.16613546259731868, 0.21332215088442819, 0.3102917121083942], [0.3159687173651286, 0.24617445099612326, 0.1917801619609121, 0.24607666957783605], [0.31638925321546557, 0.21758661513576763, 0.14952389448804815, 0.31650023706071867], [0.4715647609759817, 0.19662786407119104, 0.1351795107816362, 0.19662786407119104], [0.4701292724495058, 0.22213032342344938, 0.13476801519691398, 0.17297238883013083], [0.42865181817165426, 0.13924392811252354, 0.2026331009632164, 0.2294711526526058], [0.3966713369984027, 0.12883477825866743, 0.16548160467214373, 0.3090122799707862], [0.4715586304193053, 0.13518249987204084, 0.19665800033033268, 0.19660086927832118], [0.45874455566587174, 0.1314684152471681, 0.1314684152471681, 0.27831861373979205]], "ideal": "A", "sampled": "A", "correct": true}}
{"type": "result", "data": {"idx": 1, "options": ["{-6,-2, -1, 1, 2, 6}", "{-6, -2, -1, 0, 1, 2, 6}", "{-6, -3, -2, -1, 1, 2, 3, 6}", "{-6, -3, -2, -1, 0, 1, 2, 3, 6}"], "probs": [[0.1537270729293375, 0.25356028572465417, 0.2238398474350363, 0.3688727938109721], [0.16522550075938094, 0.21228527795846, 0.3499992400057339, 0.27248998117642514], [0.1742602191470712, 0.32569862379448894, 0.17439131956714868, 0.3256498373912912], [0.19727936091120124, 0.25341885901809447, 0.3256247590808572, 0.2236770208898471], [0.20515816828754113, 0.2986296250504971, 0.263674062330316, 0.2325381442316457], [0.1973216384451955, 0.3254659771593785, 0.2535566091283919, 0.22365577516703414], [0.15989804742817637, 0.14118612231947125, 0.2639429647641575, 0.43497286538819485], [0.19292104582520045, 0.17033905263991153, 0.31850467210775407, 0.31823522932713394], [0.2710007469234182, 0.18642486907800723, 0.27143544360419913, 0.2711389402943754], [0.22562598988944144, 0.17589822589350398, 0.37267029485326375, 0.22580548926379082], [0.2409137754710671, 0.2731392477820926, 0.21286024055287714, 0.27308673609396317], [0.2728926498484015, 0.2410594039756488, 0.21289184370159303, 0.27315610237435667], [0.20467399633831482, 0.18069151724447083, 0.23211051973865587, 0.38252396657855847], [0.2035665360212506, 0.20366406411398819, 0.29643995338396517, 0.29632944638079606], [0.25737662566849995, 0.2273400886224805, 0.2577259088660299, 0.2575573767429896], [0.1987019181052824, 0.15485045312286638, 0.4211415350016023, 0.22530609367024892], [0.2574199918808417, 0.2576008025626669, 0.22742793435141376, 0.2575512711050777], [0.24980462712822799, 0.25000336391208905, 0.2501886449475939, 0.25000336391208905], [0.25327987608522023, 0.19740200923206336, 0.22378634914543097, 0.32553176543728546], [0.2664601544241901, 0.18327209624710944, 0.3426357558419759, 0.20763199338672456], [0.26334709711263926, 0.23262735402127463, 0.2053911597937936, 0.2986343889722925], [0.24705240110384916, 0.28015630124129515, 0.1926349963135605, 0.28015630124129515], [0.2324731980400249, 0.20526148682659864, 0.26366556081021025, 0.2985997542231662], [0.2633469143745247, 0.2053055197585782, 0.23269902514126015, 0.29864854062563695]], "ideal": "C", "sampled": "D", "correct": false}}
{"type": "result", "data": {"idx": 2, "options": ["1:4", "1:3.5", "1:1", "1.1:1"], "probs": [[0.21245498953125236, 0.27319139239440327, 0.2731150984490984, 0.24123851952524597], [0.21951819626999858, 0.24915341659150336, 0.24900059028459184, 0.28232779675390623], [0.19974144991674062, 0.20000476835186576, 0.37354700999977003, 0.22670677163162356], [0.19973358507942462, 0.1999968886173112, 0.22662615972176098, 0.37364336648150315], [0.21084677309212949, 0.21101307005599224, 0.3071134777689867, 0.27102667898289157], [0.18768461606069956, 0.18784215114152006, 0.27330870248054356, 0.3511645302172368], [0.24172873072207457, 0.27421208396160046, 0.2420678662395444, 0.24199131897678056], [0.24884499600097557, 0.2822007108764205, 0.21991303381586558, 0.2490412592067383], [0.2573253214101958, 0.22735309598556547, 0.2576248049478398, 0.2576967775563989], [0.2467517291322756, 0.21804469956100322, 0.21804469956100322, 0.31715887164571793], [0.3251194454440035, 0.19756036093525464, 0.2535922900659256, 0.22372790345481625], [0.23818057063282216, 0.1856415216247907, 0.2701068141754525, 0.3060710934669346], [0.12621043433163437, 0.3031381323162845, 0.3030534639196512, 0.2675979693324299], [0.10399186765095576, 0.28298625768850993, 0.24966030192352623, 0.363361572637008], [0.10205693541936736, 0.40390712018742303, 0.27766951915825294, 0.21636642513495669], [0.09919246734603339, 0.39279978292829393, 0.23811607840910365, 0.26989167121656904], [0.12732620915469448, 0.2101397129724801, 0.2698247214829725, 0.39270935628985293], [0.10090885686270824, 0.18862473175370678, 0.3109027560825714, 0.39956365520101356], [0.17821651695376647, 0.2290520667800733, 0.25946262476233806, 0.33326879140382215], [0.17293566665293447, 0.2518446853620778, 0.2518446853620778, 0.32337496252290987], [0.15061538961169807, 0.2818067585601704, 0.3191204571666942, 0.2484573945614374], [0.15646018643840057, 0.2926440064230572, 0.29255144041524767, 0.2583443666232946], [0.15642836222191903, 0.25829183282975804, 0.29249196370025266, 0.29278784114807027], [0.12032095728144981, 0.2250656865292525, 0.32725491141220936, 0.32735844467708836]], "ideal": "B", "sampled": "B", "correct": true}}
{"type": "result", "data": {"idx": 3, "options": ["C1: (3,3), C2: (4,4), C3: (6,6)", "C1: (3,3), C2: (6,6), C3: (12,12)", "C1: (6,6), C2: (12,12), C3: (12,12)", "C1: (0,0), C2: (48,48), C3: (35,35)"], "probs": [[0.3028992025877367, 0.2674538711204738, 0.26749651824253534, 0.1621504079492541], [0.28651326464956967, 0.28662710951938286, 0.17387418188093556, 0.25298544385011196], [0.31282490954884257, 0.24369079235278682, 0.3130460129819095, 0.13043828501646115], [0.31641977550769995, 0.2175351199657474, 0.14953338875566585, 0.31651171567088676], [0.2821119427398857, 0.2197728454846908, 0.24911725518596473, 0.24899795648945872], [0.2490733117168434, 0.19406582746556902, 0.19417114886659897, 0.3626897118509886], [0.22702180016022, 0.4243010611728295, 0.2271460311420063, 0.12153110742494422], [0.1999767809895921, 0.42346646290358236, 0.17655352545493463, 0.20000323055189093], [0.30744761683619576, 0.30765176274757305, 0.2396376466457466, 0.14526297367048457], [0.3286447973826544, 0.29011230361038715, 0.15533704359749584, 0.22590585530946264], [0.2491222098482214, 0.19407297090517964, 0.36276092040603924, 0.19404389874055974], [0.2555725238131338, 0.19910563229856182, 0.28974931997517056, 0.2555725238131338], [0.2528957984657145, 0.32490232099469446, 0.2868196921237632, 0.1353821883158278], [0.2258619944628223, 0.2901022217801518, 0.1553068939212454, 0.3287288897357805], [0.19208641348348454, 0.3167889713924239, 0.35908710952982614, 0.13203750549426543], [0.2616880975885905, 0.2966735185878721, 0.17991106628102618, 0.26172731744251115], [0.23244174273483278, 0.20525628898819806, 0.2636018873367509, 0.2987000808402183], [0.18118337334917256, 0.18127576055131853, 0.2988731651863549, 0.338667700813154], [0.22723052580559452, 0.25760180523209086, 0.2576455252403322, 0.2575221436219824], [0.1946724300978566, 0.22073832829818654, 0.2207807668008357, 0.36380847470312117], [0.16191067083716515, 0.2356846752762045, 0.44047119907569965, 0.16193345471093074], [0.21174389034300387, 0.2400114804257737, 0.30823314870544877, 0.2400114804257737], [0.2060276326616775, 0.2646265507391761, 0.2647192657599703, 0.2646265507391761], [0.1855478435569228, 0.23832659420968022, 0.3060173988036268, 0.27010816332977017]], "ideal": "A", "sampled": "A", "correct": true}}
{"type": "result", "data": {"idx": 4, "options": ["{AND, NOT}", "{NOT, OR}", "{AND, OR}", "{NAND}"], "probs": [[0.3111852658797265, 0.18878996089016037, 0.18883950725038665, 0.3111852658797265], [0.30357567377558475, 0.20874412977825704, 0.18417062412359267, 0.3035095722225655], [0.32869885879304356, 0.15526635249195944, 0.22602625668651452, 0.29000853192848247], [0.32566020928582096, 0.1743537530513841, 0.17439675780002195, 0.325589279762773], [0.28155307280865666, 0.15074167245658784, 0.3192930924994482, 0.24841216213530729], [0.30887514809969546, 0.1460173598682501, 0.2726486067595913, 0.27245888517246314], [0.3247171543298148, 0.15349232691504472, 0.19713979369994147, 0.324650724955199], [0.3613436085225029, 0.1708404348995509, 0.21936346078840285, 0.24845249568954333], [0.33757775515551564, 0.15956476091391472, 0.20488522639482934, 0.2979722574357403], [0.3306198368543597, 0.17705273362635204, 0.20067967173417792, 0.29164775768511036], [0.34473354134589546, 0.20913993131721642, 0.20924642991784514, 0.236880097319043], [0.3435230850829878, 0.1840510070139893, 0.23632617292425098, 0.23609973487877192], [0.3219045948376527, 0.17245839277482417, 0.22149908210358712, 0.28413793018393596], [0.3229187284272424, 0.19599649922095524, 0.1960479529282523, 0.2850368193235501], [0.31116550694027983, 0.18882171526418812, 0.18877514913615587, 0.31123762855937614], [0.310255889716354, 0.2133840354077822, 0.16610418505950986, 0.310255889716354], [0.2866128044048513, 0.17383946217587473, 0.25307198979302753, 0.2864757435262464], [0.267350679548111, 0.16219638326366573, 0.3031022575401123, 0.267350679548111], [0.2361999110432658, 0.18395269737576853, 0.3437536214136179, 0.23609377006734775], [0.2711155439481873, 0.1864645703206244, 0.27130434168300094, 0.2711155439481873], [0.29062348601296034, 0.2565896212798067, 0.22649540004849456, 0.22629149255873834], [0.2820336096287739, 0.24911806361338504, 0.21990362314601813, 0.24894470351182296], [0.26456095188827444, 0.20613290628917574, 0.2647451898342753, 0.26456095188827444], [0.2555396962253246, 0.19906064872981433, 0.2898599587195365, 0.2555396962253246]], "ideal": "C", "sampled": "B", "correct": false}}
{"type": "result", "data": {"idx": 5, "options": ["M = 10, m = 10", "M = 10, m = 1", "M = 7, m = 4", "M = 6, m = 4"], "probs": [[0.126706354205672, 0.18438797088281378, 0.3444820734822739, 0.3444236013292403], [0.16946882487814746, 0.19213128432907897, 0.35894844773109774, 0.27945144296167584], [0.17830013429974087, 0.3331994563067789, 0.2290752576475878, 0.25942515164589247], [0.16146791747976325, 0.3017441495171574, 0.3017893596381939, 0.2349985732648854], [0.165882348997694, 0.35126882788006475, 0.24145948884456742, 0.2413893341776738], [0.19733194436657603, 0.325482990137261, 0.2237366353324366, 0.2534484300637264], [0.1570262014708849, 0.17796239255079202, 0.33253392573845986, 0.3324774801398632], [0.1752694897258694, 0.19860637777864829, 0.3711085131723666, 0.2550156192231157], [0.2236461043134203, 0.3255037963064846, 0.19746154544763056, 0.2533885538324645], [0.22462682089009484, 0.2885563926325312, 0.2885563926325312, 0.19826039374484275], [0.18329619142511652, 0.38815081694045633, 0.16185859085280263, 0.2666944006816245], [0.30352328129127104, 0.303606161552293, 0.1842346693163061, 0.2086358877401299], [0.2699494756525907, 0.18564841256308662, 0.23842034945336343, 0.30598176223095924], [0.2840923199314506, 0.17244868440997568, 0.3221765266229481, 0.2212824689356256], [0.25559810182277576, 0.2556414940048145, 0.19912977811386348, 0.2896306259585462], [0.23051159308867197, 0.3355530452059711, 0.2034562232481799, 0.23047913835717695], [0.23338965025938746, 0.299765335003917, 0.2334225073183478, 0.2334225073183478], [0.24991365519904415, 0.2499862834565312, 0.2501137777878934, 0.2499862834565312], [0.26994792995447947, 0.1856473573470818, 0.23837591774607622, 0.3060287948523625], [0.28843718764281767, 0.19832903144760483, 0.28856703636144787, 0.22466674444812965], [0.26998884287723635, 0.23837848715718454, 0.18564935579974712, 0.305983314065832], [0.25171939640810725, 0.3234144803994477, 0.1731112917256625, 0.25175483136678256], [0.25748596360152914, 0.2575562672821299, 0.22736290772557272, 0.25759486129076825], [0.23252015957116223, 0.20522720803909802, 0.29869618563800004, 0.2635564466517397]], "ideal": "C", "sampled": "D", "correct": false}}
{"type": "result", "data": {"idx": 6, "options": ["I only", "III only", "I and II only", "I and III only"], "probs": [[0.1995287686737946, 0.13717142214212338, 0.29048172452512366, 0.3728180845589584], [0.21221855189626018, 0.12880804173790478, 0.3089944191717249, 0.3499789870941102], [0.18925515379369612, 0.24307904369424002, 0.16706562538460035, 0.4006001770274635], [0.1958816048218829, 0.19601167706762215, 0.28515257572903113, 0.3229541422814638], [0.21433396315913894, 0.24302276604393624, 0.18926632120405934, 0.35337694949286547], [0.17987191675294786, 0.2617835402226925, 0.2618227600789508, 0.29652178284540887], [0.17791063981268143, 0.1571313002133028, 0.3325304389385252, 0.3324276209354906], [0.18514788148935873, 0.16351532934461038, 0.30543503162190705, 0.3459017574441238], [0.20517583189343047, 0.26361429688678556, 0.23263879118023495, 0.298571079939549], [0.20907949153004474, 0.23700645641064125, 0.2092002654343101, 0.3447137865250039], [0.1924965708137266, 0.24724693962317248, 0.28021505889795073, 0.28004143056515013], [0.19734085192318815, 0.22373051115810264, 0.2535685972189236, 0.3253600395997856], [0.26501606096729174, 0.23394383043440461, 0.16084002675772757, 0.34020008174057603], [0.23996293184797024, 0.21179635505053854, 0.3083095206263877, 0.2399311923751035], [0.2914482587705811, 0.10728857425372507, 0.2270888784206318, 0.374174288455062], [0.3125683939698069, 0.08964700184129012, 0.24354514295746424, 0.3542394611314387], [0.27247895431648556, 0.16534123808526047, 0.3500274032020661, 0.21215240429618784], [0.298825067321872, 0.1813062470191462, 0.1813062470191462, 0.3385624385398357], [0.29530485241469223, 0.23016780494342132, 0.1792224901271942, 0.29530485241469223], [0.24690351237148972, 0.21799598766143607, 0.31723957634074873, 0.2178609235263255], [0.2772125386083832, 0.16821846865576567, 0.2773954652686322, 0.27717352736721895], [0.2772476457451986, 0.13104892166284307, 0.31437001566038025, 0.27733341683157803], [0.3069030505006203, 0.21102612265207557, 0.2711099562771729, 0.21096087047013126], [0.2841774226553881, 0.22140013350119106, 0.17246187912835886, 0.321960564615062]], "ideal": "C", "sampled": "D", "correct": false}}
{"type": "result", "data": {"idx": 7, "options": ["I only", "II only", "III only", "I and III"], "probs": [[0.202471295089351, 0.13922790313883673, 0.2296190215247291, 0.4286817801470832], [0.17156054800997722, 0.13367212709913492, 0.4118515962612826, 0.2829157285296052], [0.20915570921264479, 0.16295143684243613, 0.23709294473936587, 0.3907999091055532], [0.192983412932427, 0.17040046539985435, 0.3184007311025528, 0.31821539046516584], [0.17299108978826322, 0.3234248603597896, 0.2518835180097847, 0.25170053174216245], [0.17377797803201836, 0.2867016962898189, 0.25297544911807934, 0.28654487646008336], [0.19468517269841107, 0.2207536977758011, 0.2207536977758011, 0.36380743164998675], [0.15032341402800314, 0.19307177393867067, 0.4087942059468331, 0.24781060598649313], [0.18027888920833918, 0.14045376446390356, 0.29747446038693637, 0.3817928858408209], [0.23503014528838387, 0.1110735684497007, 0.26645164485639744, 0.387444641305518], [0.17690508065838828, 0.29186081883372894, 0.3307743966248663, 0.20045970378301647], [0.21629556567631766, 0.277937953628705, 0.19105827588391563, 0.3147082047110617], [0.20465935494399032, 0.18070409777169982, 0.23202864716287658, 0.38260790002143324], [0.1694819654277651, 0.19213469610877784, 0.3589548223696041, 0.27942851599385293], [0.21317073700680486, 0.1465901285263337, 0.24176584181752112, 0.3984732925493403], [0.20277326390623182, 0.12308667048683715, 0.37906516880185354, 0.2950748967050775], [0.18555260916355504, 0.2701555747990525, 0.3060710980277493, 0.2382207179096432], [0.2245899885668278, 0.28858307001089084, 0.1983737200300207, 0.28845322129226064], [0.22632542250277335, 0.2907570004172439, 0.25659215447720946, 0.22632542250277335], [0.21095403712436966, 0.3071266068639204, 0.21108482461420608, 0.27083453129750384], [0.24095138186931966, 0.27322667020131747, 0.2731830992072895, 0.21263884862207336], [0.2800417840200763, 0.24731066820532568, 0.19260576365452178, 0.2800417840200763], [0.21882866646886068, 0.28118014751811593, 0.2811353248245814, 0.21885586108844196], [0.26548806225816013, 0.234457988036939, 0.23449778903907686, 0.265556160565824]], "ideal": "B", "sampled": "D", "correct": false}}
{"type": "result", "data": {"idx": 8, "options": ["It is inherently nonassociative because some numbers have no exact representation.", "It is inherently nonassociative because there have to be upper and lower bounds on the size of numbers.", "Associativity can be achieved with appropriate roundoff conventions.", "Some rational numbers have no exact representation."], "probs": [[0.32482933026792776, 0.25309839087880703, 0.13547381353591714, 0.28659846521734805], [0.27733291519891007, 0.3144296517993702, 0.13103716783183744, 0.27720026506988227], [0.24593734005801174, 0.10254722526993404, 0.40568860152215164, 0.24582683304990258], [0.32564762231431327, 0.1743523776356867, 0.1743523776356867, 0.32564762231431327], [0.27605998513322166, 0.1674388497900417, 0.2437715977186572, 0.31272956725807943], [0.2973165258068035, 0.14044238834827982, 0.18037891654921195, 0.3818621691957047], [0.3880721388081883, 0.1618100279677531, 0.18340000781669066, 0.26671782530736793], [0.3190683722176964, 0.24862535295384383, 0.15079890190047035, 0.2815073728279894], [0.3403212085265247, 0.12528436818094657, 0.2341234560168699, 0.3002709671756588], [0.32072366714505346, 0.13376148641685845, 0.13369751572899993, 0.41181733060908815], [0.2841636920931994, 0.1724021336979761, 0.3221853471131406, 0.22124882699568388], [0.3037100822535455, 0.1626069594043893, 0.14350015351231835, 0.3901828047297468], [0.3582580280464845, 0.14937668592101602, 0.24628052869120512, 0.24608475724129436], [0.44296245442483456, 0.1846944187487915, 0.20938634246322732, 0.1629567842631466], [0.37112353354329614, 0.19864813083355362, 0.17530635519975796, 0.25492198032339225], [0.262969203653539, 0.2981552570210342, 0.14083856762546276, 0.29803697159996406], [0.21516386954801586, 0.21511082141100915, 0.40219684848320925, 0.1675284604577657], [0.21645603871899163, 0.14876789739837087, 0.35695838072058583, 0.2778176830620517], [0.19093196092126782, 0.2778869867046942, 0.3148871957940881, 0.2162938564799499], [0.26167348024612574, 0.2618152796960322, 0.17999634144890406, 0.296514898508938], [0.18916700214738424, 0.24296743441275662, 0.35362737313467413, 0.21423819020518498], [0.24596695599480486, 0.21706509587978276, 0.13165663181418877, 0.4053113162112236], [0.21587045488583026, 0.1904580145883837, 0.40329909320613005, 0.190372437219656], [0.1890705930460286, 0.11470368992052528, 0.45355676586361354, 0.24266895106983258]], "ideal": "C", "sampled": "B", "correct": false}}
{"type": "result", "data": {"idx": 9, "options": ["If the owner modifies the file, another user who does not share will see the changes.", "If the owner renames the file, other users will not be able to access it.", "If the owner is allowed to delete a file, dangling links may result.", "If any user who shares the file appends to it, others who share it will not be able to access the new disk blocks."], "probs": [[0.13630740546275172, 0.07298001755014445, 0.42003393794916777, 0.37067863893793607], [0.14755260112386337, 0.07901262099307206, 0.189513021219779, 0.5839217565632855], [0.1378850171147235, 0.33085926870883064, 0.15628686312830914, 0.3749688509481367], [0.16286643333196474, 0.39088497726837945, 0.20922566081653882, 0.23702292848311696], [0.12915731148695692, 0.1139809325064473, 0.10058782028231528, 0.6562739356242805], [0.19005143431448906, 0.13070181332397454, 0.4025899407529625, 0.27665681150857385], [0.18825382640920835, 0.06115051830020653, 0.39875144960090037, 0.35184420558968477], [0.18184506891339508, 0.07583442329602068, 0.18189170954792716, 0.5604287981426571], [0.15707014499524116, 0.4271015822460319, 0.1223523765680031, 0.29347589609072383], [0.16294098903275345, 0.4431486593295449, 0.18469000800521002, 0.2092203435324916], [0.17282629085027548, 0.11882332482448672, 0.10483594123570295, 0.6035144429895348], [0.23321863311525629, 0.12487157805888123, 0.4360073376455803, 0.20590245108028218], [0.37447759974506084, 0.0947253863975416, 0.15615085208823168, 0.37464616166916587], [0.4535119173563755, 0.08933727163196979, 0.21434108538561136, 0.24280972552604332], [0.41286752546624217, 0.10440395259716043, 0.1183229115112173, 0.3644056103253801], [0.4287687603517077, 0.10845557015728559, 0.2602128723035248, 0.20256279708748193], [0.5201957109006563, 0.13157219889400507, 0.10248208560927399, 0.24575000449606468], [0.4405462574681052, 0.14309797115975065, 0.20820630215131275, 0.20814946912083135], [0.2150069954032318, 0.06981937690601984, 0.13042356266898372, 0.5847500649217646], [0.28073640557273977, 0.06267101737259329, 0.40872388834528023, 0.24786868860938668], [0.2623923166496911, 0.08522497781315012, 0.09657254623815957, 0.5558101591989992], [0.21419217647819386, 0.08932193022022189, 0.45374598142792144, 0.2427399117736628], [0.2872825712496203, 0.36905740632450906, 0.11981539306863856, 0.22384462925723206], [0.2602247660890976, 0.33428683865123404, 0.20278203162471894, 0.20270636353494942]], "ideal": "C", "sampled": "C", "correct": true}}
{"type": "result", "data": {"idx": 10, "options": ["None", "III only", "I and II only", "I, II, and III"], "probs": [[0.11973508834431014, 0.11976579963661232, 0.22381699906086908, 0.5366821128582084], [0.11576916935054216, 0.1487026948429752, 0.5192428788079915, 0.21628525689849118], [0.13490708573026694, 0.1349544118196243, 0.1963834820903697, 0.533755020259739], [0.10480925091552556, 0.11883852880198935, 0.6035118665004795, 0.1728403536820056], [0.15065600119610068, 0.31921845797519405, 0.24857033054396346, 0.28155521018474183], [0.12976849077834396, 0.35298159714983673, 0.2425299882646264, 0.27471992370719295], [0.14991896299767252, 0.16994385926048822, 0.2182429497692182, 0.4618942278726211], [0.1475601660258881, 0.1476119177540822, 0.5153569117844109, 0.18947100433561884], [0.15900165314877426, 0.20426712046807152, 0.20429772745407276, 0.43243349882908144], [0.14840128463508015, 0.11563828900647524, 0.5875591416233644, 0.14840128463508015], [0.1501734591741101, 0.5243947114722026, 0.13260528946047506, 0.19282653979321218], [0.16763256729710402, 0.5166667910396867, 0.14804970113572402, 0.16765094042748527], [0.17850735249798524, 0.15758743410956233, 0.1786187237734178, 0.4852864895190346], [0.12871899432331627, 0.12876414483903795, 0.5772384060497968, 0.16527845468784894], [0.20245790497855623, 0.13919595919617514, 0.229592399990875, 0.4287537357343936], [0.15233274143154657, 0.09242897686396814, 0.6028877630872389, 0.1523505185172464], [0.14795902590403096, 0.5166620688616456, 0.16773560891464284, 0.16764329621968063], [0.15092835053675602, 0.5270461518095315, 0.1510012619195567, 0.17102423563415575], [0.3360366921099764, 0.14020377813975013, 0.26193512264061614, 0.2618244070096573], [0.3189968621860245, 0.15080755273350013, 0.28170068790029695, 0.24849489708017838], [0.2730108784026504, 0.2731709168905496, 0.2128075434002977, 0.24101066120650222], [0.24185308811630235, 0.27421507236599585, 0.24207875130139941, 0.24185308811630235], [0.326480453078292, 0.2245355132673484, 0.22457132075822722, 0.22441271279613234], [0.3169906248138877, 0.21798348615472307, 0.21805525014274799, 0.24697063878864128]], "ideal": "D", "sampled": "D", "correct": true}}
{"type": "result", "data": {"idx": 11, "options": ["n", "n + 1", "n + 2", "2n"], "probs": [[0.30347604008673795, 0.30370289536811085, 0.18413202737117318, 0.208689037073978], [0.3525636546343213, 0.31148636802130963, 0.14710371414000567, 0.18884626310436334], [0.29519125816254327, 0.23011712727629707, 0.2954762279691859, 0.17921538649197377], [0.3028487860853615, 0.2674379646510669, 0.1622093319730674, 0.26750391719050426], [0.2894722179857666, 0.19920469521669246, 0.25566154334877045, 0.25566154334877045], [0.31804191589092823, 0.19310037502055988, 0.17041048151919116, 0.31844722746932075], [0.3525969526148275, 0.3113710144728032, 0.14713963206997016, 0.18889240074239913], [0.38157962043136956, 0.29750882246310983, 0.14050262536926905, 0.18040893163625152], [0.3080946986423613, 0.24008299348832374, 0.2400338792581063, 0.2117884285112087], [0.31629015425962026, 0.2176205463916244, 0.14953137111053802, 0.3165579281382173], [0.3110848068879894, 0.18879145381946924, 0.3113322853730721, 0.18879145381946924], [0.34577203308718796, 0.1853000549086411, 0.16341980043535095, 0.30550811146882], [0.2771426191223325, 0.27732548615613556, 0.27732548615613556, 0.1682064084653964], [0.3027950389621088, 0.2674736558762796, 0.16219566035754296, 0.26753564470406865], [0.2699322281538223, 0.3061019045060884, 0.23834364538445424, 0.18562222185563512], [0.2568500484656709, 0.3301203649834266, 0.1558719780365534, 0.2571576084143491], [0.25275717312954804, 0.17386435747781825, 0.2866538890903885, 0.28672458020224517], [0.28645883288166085, 0.17389317632485257, 0.2866349348125045, 0.25301305588098205], [0.19816825087127635, 0.28851035664341146, 0.2885772330558393, 0.2247441593294729], [0.20855226178383296, 0.3036402923917983, 0.18416715333257042, 0.3036402923917983], [0.2162989559001833, 0.2779040973788368, 0.31483802665360544, 0.19095891996737444], [0.24085748911050872, 0.2731583795619551, 0.21268666422286647, 0.27329746700466967], [0.20756621403801295, 0.18329639333420236, 0.34244274150539744, 0.26669465102238726], [0.1920103401944205, 0.16955940171037173, 0.3588740771817797, 0.279556180813428]], "ideal": "A", "sampled": "B", "correct": false}}
{"type": "result", "data": {"idx": 12, "options": ["3", "8", "10", "13"], "probs": [[0.23428186771911028, 0.2656873464318663, 0.26574891802991313, 0.23428186771911028], [0.22720622811383165, 0.2576268421133888, 0.25775803192675195, 0.25740889774602754], [0.22631513395683403, 0.25655698009080163, 0.29085626328491526, 0.2262716225674491], [0.23433587395280267, 0.23442326925928897, 0.2657485783244797, 0.26549227836342865], [0.25746348497677135, 0.2576217651109566, 0.25774505731866215, 0.22716969249360994], [0.2655000169458731, 0.26565337970143543, 0.23454367321004496, 0.23430293004264652], [0.2961743175687255, 0.2963957190217215, 0.2038011848722743, 0.20362877843727872], [0.26341453977020585, 0.2986601679819235, 0.2327013531899612, 0.20522393895790939], [0.28206881457624217, 0.2491356246053048, 0.2491970769931464, 0.21959848372530663], [0.2499714568015867, 0.25001951304499986, 0.2501251324723836, 0.24988389758102986], [0.26452449355645924, 0.2646870950298132, 0.2648137549018356, 0.20597465641189194], [0.2905736223977263, 0.25663432093923444, 0.22653148728532024, 0.22626056927771898], [0.22728164830440858, 0.2575999536495094, 0.2577232160567293, 0.2573951818893527], [0.24991031733369104, 0.25005466488646333, 0.25016710905217193, 0.24986790862767372], [0.24182892563991196, 0.2742460749544459, 0.24213711146487696, 0.2417878878407652], [0.24187648654361488, 0.2742504518093167, 0.24208128810609442, 0.241791773440974], [0.23434387400964968, 0.26559438297434956, 0.26575764010853664, 0.23430410280746408], [0.25746348497677135, 0.2576217651109566, 0.25774505731866215, 0.22716969249360994], [0.23431705727865412, 0.2345282067264571, 0.2656897525018078, 0.26546498339308094], [0.26455943985440866, 0.26466446323536247, 0.20626443007717912, 0.2645116667330497], [0.26560764314822266, 0.26560764314822266, 0.23455128512936976, 0.23423342847418488], [0.28214934923068336, 0.2490947470629196, 0.21992417691616792, 0.24883172669022915], [0.2821054160312835, 0.24905000624550364, 0.21992966530507918, 0.2489149123181337], [0.24992309508667013, 0.2500163167455331, 0.25017990168335236, 0.24988068638444444]], "ideal": "A", "sampled": "B", "correct": false}}
{"type": "result", "data": {"idx": 13, "options": ["Routing packets through the network", "Reliable delivery of packets between directly connected machines", "Reliable delivery of large (multi-packet) messages between machines that are not necessarily directly connected", "Dealing with differences among operating system architectures"], "probs": [[0.008014049156306333, 0.19418674162919364, 0.7680234097659884, 0.02977579934851161], [0.014986468170479444, 0.7226666659337818, 0.028006545622692273, 0.23434032017304643], [0.011108433723191641, 0.9395532519589957, 0.03213765069392765, 0.017200663523884916], [0.01335376247527355, 0.9363702063779038, 0.02826717912269492, 0.022008851924127725], [0.017205800250481938, 0.01340990652235567, 0.2375187342509485, 0.7318655588762139], [0.0087929475533018, 0.013626236322674477, 0.9551298572826151, 0.022450958741408577], [0.07034406364806978, 0.029351139442036826, 0.857629304369092, 0.04267549244080136], [0.3026228738444499, 0.02817085004653128, 0.0281564927768132, 0.6410497832322056], [0.139174508128174, 0.7071184024568351, 0.09567351035820627, 0.05803357895678464], [0.24921170621967548, 0.5984349071847522, 0.08094191309173378, 0.07141147340383856], [0.41307290404610114, 0.02643477858209058, 0.029932155789116545, 0.5305601614826917], [0.13628723792125866, 0.03448901594930711, 0.7849664109320318, 0.04425733509740239], [0.8966631810151401, 0.03478528014659167, 0.044658894430898356, 0.023892644307369825], [0.9156657508502511, 0.024423057077014754, 0.02441501789998246, 0.03549617407275164], [0.9093615160940275, 0.03527918874127143, 0.031129906776982148, 0.02422938828771893], [0.9135375839716344, 0.03127904107828031, 0.027599771304658204, 0.02758360354542702], [0.9131485666566319, 0.024350743605308162, 0.03125789132523283, 0.031242798312827086], [0.9036014547508688, 0.024098277022094133, 0.04501386743409007, 0.027286400692946914], [0.022310206456577775, 0.017390966251700182, 0.3080843062010376, 0.6522145209906844], [0.009837338278466987, 0.0221770601137299, 0.9428678346116468, 0.025117766896156336], [0.03421309475289191, 0.6069584284763084, 0.034223678302273935, 0.3246047983685258], [0.01763459549137915, 0.13878763280100023, 0.7985403001488706, 0.04503747145875003], [0.02133627041463177, 0.90777307401545, 0.03985754012716018, 0.03103311534275802], [0.023479922484416726, 0.8815031925928386, 0.056319599886256386, 0.03869728493648823]], "ideal": "C", "sampled": "C", "correct": true}}
{"type": "result", "data": {"idx": 14, "options": ["I only", "II only", "III only", "I and II only"], "probs": [[0.2634022039357024, 0.23266851656281956, 0.20532925385200662, 0.2986000255494714], [0.2517022825779488, 0.25189164653720303, 0.3234352815339676, 0.1729707892508805], [0.238244292246993, 0.18563945696587725, 0.27015573751044764, 0.3059605131766821], [0.20355161719146925, 0.20373625747705237, 0.29649903925524934, 0.29621308597622903], [0.18463900683463974, 0.4431253373179769, 0.20935310421280645, 0.16288255153457692], [0.17960274217716912, 0.4312117695377199, 0.15860344467961238, 0.23058204350549863], [0.2470625563333497, 0.28029392002086073, 0.1926036087261837, 0.28003991481960583], [0.22999301207756298, 0.29553761634944475, 0.29547714743822723, 0.17899222403476506], [0.1969420731326382, 0.1534618712292353, 0.3249452661406109, 0.32465078939751557], [0.21554961682566087, 0.1154463205038555, 0.31374732299384267, 0.35525673957664095], [0.24842549117627535, 0.2817428623828818, 0.319195111982043, 0.15063653435879984], [0.2673049827054316, 0.30315437458174216, 0.16223565990739458, 0.2673049827054316], [0.16810517499523112, 0.27739478481649305, 0.2773414684649247, 0.27715857162335117], [0.15582980446195674, 0.25711197041551054, 0.33013830077533096, 0.2569199242472017], [0.1769142720386159, 0.20065195557477314, 0.3307514737103714, 0.29168229857623956], [0.23488883671795857, 0.16158302126699142, 0.3018768131431064, 0.3016513287719436], [0.2035819678227581, 0.2964180321272419, 0.2964180321272419, 0.2035819678227581], [0.1973340244492831, 0.3255634709531262, 0.2237562850635239, 0.25334621943406677], [0.2652251522555104, 0.38615495065799066, 0.20669385738884827, 0.14192603959765066], [0.2603230061722395, 0.3789865204765961, 0.15798509903229002, 0.20270537421887433], [0.25342289325240175, 0.3691178527893987, 0.2237924733123677, 0.15366678054583185], [0.2952981424914705, 0.29551885850091847, 0.17920457626001696, 0.22997842264759405], [0.3247772156867453, 0.13552638887003807, 0.28684288260452495, 0.2528535127386917], [0.3631425147417259, 0.13366517224070157, 0.22037662235117636, 0.2828156905663962]], "ideal": "A", "sampled": "D", "correct": false}}
{"type": "result", "data": {"idx": 15, "options": ["a^M = a", "(ax)^M = (xa)^M", "(xy)^M = y^Mx^M", "None of the above"], "probs": [[0.2961497593665757, 0.20369368154968714, 0.20373047251283347, 0.2964260864709036], [0.3421625145605396, 0.18332323156962554, 0.20778055177368307, 0.26673370199615176], [0.26340859733259225, 0.20527000417340474, 0.23260137089845043, 0.29872002749555254], [0.35319918212942225, 0.1892949471318719, 0.21454898582795667, 0.24295688481074923], [0.33293782169489794, 0.17844586870283002, 0.2290821475641295, 0.2595341619381425], [0.3304946868012272, 0.17710008517074222, 0.20059595406713612, 0.2918092738608945], [0.23327034361905166, 0.23341495938626855, 0.2335497999918889, 0.2997648969027909], [0.24176938059801273, 0.2420027774927244, 0.2742250643165385, 0.2420027774927244], [0.22986688865111024, 0.1791551831311364, 0.29554760012729486, 0.2954303279904585], [0.2212195049404858, 0.17239183134573863, 0.32222446895377, 0.28416419466000553], [0.21907956896021638, 0.17082363365372452, 0.3615498542424095, 0.24854694304364963], [0.23685136866355555, 0.2091975714415816, 0.2091975714415816, 0.34475348835328123], [0.20508579602148974, 0.23259070166719567, 0.2636711259865672, 0.29865237622474733], [0.21256912069235137, 0.24113576471086637, 0.273242626658215, 0.2730524878385672], [0.18770048951118268, 0.1878507826184897, 0.35101895474801126, 0.27342977302231636], [0.20848030718625035, 0.1842177008141329, 0.30372362420729543, 0.3035783676923213], [0.19845708599745385, 0.17527709193013624, 0.37123917208948987, 0.25502664988292], [0.18775845873637828, 0.18788130389826485, 0.273433094584442, 0.35092714268091485], [0.23243665000150865, 0.26360212968329694, 0.20526083690078323, 0.2987003833144112], [0.23423703267594018, 0.2656890351572956, 0.2344299580242717, 0.26564397404249257], [0.21875422026643435, 0.2190004321564845, 0.2811480504164293, 0.28109729706065184], [0.25487161819494425, 0.1986794262335444, 0.1753339696649501, 0.3711149858065612], [0.19727170465403993, 0.22371712324766307, 0.3255064785154993, 0.25350469348279775], [0.2532693407689183, 0.1974548518839486, 0.2236568894213762, 0.3256189178257568]], "ideal": "D", "sampled": "A", "correct": false}}
{"type": "result", "data": {"idx": 16, "options": ["The wait is expected to be short.", "A busy-wait loop is easier to code than an interrupt handler.", "There is no other work for the processor to do.", "The program executes on a time-sharing system."], "probs": [[0.23837695303032358, 0.14461643561417795, 0.2702457227959479, 0.3467608884595506], [0.2528283633460352, 0.17389501888644737, 0.2867845041283954, 0.286492113539122], [0.25343156572744036, 0.1974671455304615, 0.2237595864525565, 0.32534170218954167], [0.21515076388573431, 0.1675984188330175, 0.4021468876430478, 0.2151039295382004], [0.2777831380290574, 0.19095895546071773, 0.21648838591593994, 0.3147695204942849], [0.2672524252823647, 0.1622854499143909, 0.26756347209791914, 0.3028986526053253], [0.2701763711730947, 0.11268016044265954, 0.2703766129921168, 0.346766855292129], [0.2773968701113616, 0.13106741595749064, 0.314331873370501, 0.2772038404606467], [0.29942582393092004, 0.20587910139941681, 0.11022468402883927, 0.3844703905408238], [0.2801205050593335, 0.19252384049613225, 0.28025455589742987, 0.24710109844710437], [0.30313676140947526, 0.2674590011052208, 0.1263954769485637, 0.30300876043674024], [0.2801045733394575, 0.24730255828854178, 0.1925994277910599, 0.2799934404809409], [0.29797017127320446, 0.15952457248277777, 0.20492571284918568, 0.3375795432948321], [0.2570214645909978, 0.15589139328504528, 0.33016149190228145, 0.25692565012167545], [0.31132995812000325, 0.18883117551974277, 0.14712797059292862, 0.3527108956673254], [0.2966156248015828, 0.17990646600039215, 0.2618193910075401, 0.26165851809048496], [0.31829212195717527, 0.19309597054601121, 0.17044608767437644, 0.31816581972243707], [0.32303532954800346, 0.19597090778775306, 0.19597090778775306, 0.28502285477649036], [0.353661947280064, 0.1670580629925795, 0.16717439634587372, 0.3121055932814828], [0.32871903986269124, 0.15527587664732648, 0.22602664748474754, 0.28997843590523475], [0.404589843504359, 0.1488727115449726, 0.13144257075771976, 0.3150948740929486], [0.35007014717504137, 0.12881538609032658, 0.21238064355091565, 0.3087338230837164], [0.36718815561437373, 0.1734851598566139, 0.17352536318951087, 0.2858013212395015], [0.358879159619658, 0.1695572039183457, 0.19221987401172194, 0.2793437623502743]], "ideal": "D", "sampled": "D", "correct": true}}
