{"type": "result", "data": {"idx": 0, "options": ["Loop gain should be unity", "Loop gain should be less than unity", "The phase of a feedback signal with respect to input should be 0\u00b0 or 360\u00b0", "Both A and C"], "probs": [[0.21321753519973236, 0.18830066356264066, 0.14664868571934828, 0.4518331154182787], [0.2318525348647922, 0.2047885090621441, 0.1806945380491304, 0.3826644179239333], [0.2234275920210303, 0.4176693527156471, 0.10560334394111687, 0.25329971122220574], [0.17055182284312484, 0.4638796482805428, 0.24829688850763668, 0.1172716402686957], [0.18601504382154702, 0.3068783053496187, 0.11287833256363847, 0.3942283181651958], [0.1544844518908346, 0.2888121048389254, 0.4202782731579232, 0.1364251700123168], [0.17080446312487663, 0.1709286493967022, 0.1936346652775488, 0.4646322221008724], [0.22052379278904025, 0.1947579859711377, 0.2206522408004324, 0.36406598033938964], [0.20049998158446788, 0.33080888306700534, 0.13788225218152145, 0.33080888306700534], [0.17696547506470092, 0.37486815448827004, 0.29189807173670984, 0.1562682986103192], [0.18022045638692794, 0.2973433213127845, 0.14043264533421912, 0.38200357686606845], [0.1633318562145175, 0.30534670663839975, 0.3460583193569523, 0.1852631176901304], [0.3166644620081687, 0.19220638559634254, 0.1320849825620439, 0.35904416973344483], [0.3401569476406901, 0.2339232747607446, 0.26514682566177034, 0.16077295183679496], [0.31824256409096724, 0.1704748348933528, 0.15038736835349906, 0.3608952325621809], [0.3304997482714288, 0.2006090342979402, 0.29188440116956826, 0.1770068161610627], [0.29165377775414236, 0.33071276049417053, 0.17701779040387666, 0.2006156712478104], [0.2698979474410267, 0.3061199257872408, 0.18561370776125533, 0.2383684189104772], [0.3442221036838303, 0.18439761077106206, 0.126734511939943, 0.3446457735051646], [0.31116116971126456, 0.18890883589610347, 0.35284311627325926, 0.1470868780193727], [0.318171283029351, 0.17048888888773456, 0.15041484979034786, 0.3609249781925666], [0.2961490418748085, 0.20373137624593138, 0.29638820553332873, 0.20373137624593138], [0.3446178189263512, 0.23703675322899262, 0.209161239978039, 0.20918418776661718], [0.3080046864441393, 0.24006801066584812, 0.2118592921241644, 0.24006801066584812]], "ideal": "D", "sampled": "C", "correct": false}}
{"type": "result", "data": {"idx": 1, "options": ["It loads the circuit moderately.", "It loads the circuit to maximum extent.", "It uses centre zero galvanometer instead of voltmeter.", "It does not load the circuit at all."], "probs": [[0.5088011725154202, 0.11362564207122919, 0.1652925450278699, 0.21228064028548072], [0.38206661028369215, 0.10948368987451661, 0.43318826278577827, 0.07526143695601295], [0.5362996022254252, 0.1742593548796963, 0.13568725094890474, 0.1537537918459737], [0.36699859124474227, 0.15303814751699865, 0.4161559435939959, 0.06380731754426319], [0.5775059712842187, 0.2729636267768393, 0.08863432176214305, 0.06089608007679899], [0.57488618598242, 0.2716649078801487, 0.09995491056298862, 0.05349399547444262], [0.11384806035810677, 0.18776948748141378, 0.18776948748141378, 0.5106129645790657], [0.06729389232073917, 0.09796858197844027, 0.7237472803072812, 0.11099024529353932], [0.08355610256547932, 0.0947439383419821, 0.7000683075933835, 0.12163165139915515], [0.08087268470909108, 0.07142001389742954, 0.5276250242659326, 0.3200822770275468], [0.1005614324885306, 0.30995539498542174, 0.5111283278603589, 0.07835484456568877], [0.09827152664401001, 0.16209997799862005, 0.09827152664401001, 0.6413569686133599], [0.1005675479584568, 0.6562182208802994, 0.12919768497251397, 0.11401654608872983], [0.07609165394364717, 0.49648751282085785, 0.34117263622203836, 0.08624819691345662], [0.057600683093299375, 0.08382186636250635, 0.7019509960063476, 0.15662645443784665], [0.07924051050671829, 0.06174035700789185, 0.45628037964815266, 0.4027387527372372], [0.06860978769061407, 0.6513577089276175, 0.2114071736786412, 0.06862532960312726], [0.05168913503516564, 0.7138482688225931, 0.07522777960051076, 0.15923481644173051], [0.7329408311899636, 0.11246559609286252, 0.0773095081756184, 0.07728406444155546], [0.6401170944501252, 0.161915388048296, 0.11130045849535447, 0.08666705890622435], [0.5629378787324034, 0.07621377273017783, 0.30149300138775215, 0.05935534704966661], [0.30121933849832977, 0.05933313333146878, 0.07618525481607259, 0.5632622732541288], [0.2849201538507321, 0.11884602814584112, 0.5326309163884836, 0.0636029015149432], [0.25790629749052174, 0.12189243441690624, 0.07391728735412907, 0.546283980638443]], "ideal": "D", "sampled": "A", "correct": false}}
{"type": "result", "data": {"idx": 2, "options": ["NOR, NAND.", "XOR, NOR, NAND.", "OR, NOT, AND.", "NOR, NAND, XNOR."], "probs": [[0.24596638449332464, 0.3580629829801719, 0.07988341242231642, 0.316087220004187], [0.23694238495204972, 0.3908527914407649, 0.2092731352266101, 0.16293168828057525], [0.22483294379945187, 0.12037937700675282, 0.3273328043888348, 0.32745487470496054], [0.19252826470629533, 0.09099689259981086, 0.5238344317559848, 0.19264041083790903], [0.21300054670225527, 0.5112896103982796, 0.12925820385788886, 0.14645163894157628], [0.2149336917860919, 0.5159299930717447, 0.10159263683143116, 0.16754367821073227], [0.22975890336123278, 0.29518809911637045, 0.09581826626296304, 0.3792347311594337], [0.18058365581613964, 0.23205967245165518, 0.38260170813549166, 0.20475496349671352], [0.21264992493760537, 0.08869730614209338, 0.1877422616611265, 0.5109105071591747], [0.1876152944589239, 0.08867480803157576, 0.2731376351099231, 0.4505722622995772], [0.2533281516780113, 0.3254814154643899, 0.19745012840590126, 0.22374030435169753], [0.24337068520814467, 0.2759168949385409, 0.07906336180547213, 0.4016490579478423], [0.14335352816617278, 0.3441155943457529, 0.20874995236991783, 0.30378092501815646], [0.10488902229345624, 0.2517289685794605, 0.4703714005730076, 0.1730106084540757], [0.1438916410112297, 0.2094219531167855, 0.1439564163560372, 0.5027299894159476], [0.16283190491406854, 0.2091410787066453, 0.2370256667649003, 0.3910013495143858], [0.12158413773680442, 0.5452874546081274, 0.15617915194465748, 0.17694925561041058], [0.14633667249502658, 0.45092781701752627, 0.12919299110680832, 0.27354251928063883], [0.33052544772451625, 0.2918575579743327, 0.20062464179325398, 0.176992352407897], [0.36011505688824585, 0.3180250311904122, 0.10324761323173132, 0.21861229858961068], [0.42073642103948816, 0.2253733973891696, 0.1549246976336004, 0.19896548383774187], [0.320996065167041, 0.19476662245034326, 0.07166073152664332, 0.41257658075597237], [0.4240633420501273, 0.12153376275475138, 0.22717820918737372, 0.22722468590774758], [0.26633478799523264, 0.08651660675721277, 0.20754255760026355, 0.43960604754729105]], "ideal": "A", "sampled": "D", "correct": false}}
{"type": "result", "data": {"idx": 3, "options": ["30\u00b0 to 150\u00b0.", "30\u00b0 to 180\u00b0.", "60\u00b0 to 120\u00b0.", "60\u00b0 to 180\u00b0."], "probs": [[0.2964318019176973, 0.26173352162407554, 0.26183741252764914, 0.17999726383057799], [0.2729211490018607, 0.24107052742619411, 0.27316868709527675, 0.21283963637666842], [0.3329877058228965, 0.25952491935056743, 0.2290798195693241, 0.178407555157212], [0.2819406645918975, 0.2490747533627411, 0.249129008489834, 0.21985557345552745], [0.3230838170101452, 0.25184615715424463, 0.25190102323466035, 0.17316900250094977], [0.2923647884812775, 0.2925700966679485, 0.25836114532979704, 0.15670396942097692], [0.2964280457072647, 0.2617694359228674, 0.2618197720438751, 0.1799827462259928], [0.28198629653757135, 0.249077741127972, 0.249077741127972, 0.21985822110648465], [0.33296521003039387, 0.25954879487908755, 0.22910089322574748, 0.1783851017647711], [0.30580874363080063, 0.27012007620851847, 0.23838012697756297, 0.18569105308311792], [0.30576282280959544, 0.2700794894711381, 0.23845147728842947, 0.185706210330837], [0.252758238480419, 0.28662667102669404, 0.2866890770906976, 0.17392601330218935], [0.24702319500360273, 0.2801524996477355, 0.2801524996477355, 0.1926718056009263], [0.30580286555523256, 0.2701380969375584, 0.2383960293768084, 0.1856630080304006], [0.2527841925368248, 0.2866561114501399, 0.2866561114501399, 0.17390358446289528], [0.31257080562906814, 0.2760929721899956, 0.243760746040991, 0.16757547603994524], [0.27990671989502874, 0.2801606058794241, 0.24729470906168868, 0.19263796506385847], [0.2644332984486031, 0.26467317734505214, 0.26467317734505214, 0.20622034676129258], [0.27992178258131184, 0.2801756983793805, 0.24725418895636905, 0.1926483299829386], [0.31892712475476176, 0.28163789440983944, 0.24859238047234092, 0.15084260026305782], [0.24703689670962647, 0.2801260864416947, 0.28018339630593253, 0.1926536204427463], [0.3126155826916283, 0.2760643146973251, 0.24377568790190554, 0.16754441460914102], [0.3057893125171849, 0.27014335182160726, 0.23840069057939559, 0.18566664498181226], [0.2729625064910304, 0.27315419502575244, 0.24110705788843184, 0.21277624049478533]], "ideal": "A", "sampled": "A", "correct": true}}
{"type": "result", "data": {"idx": 4, "options": ["Data Box.", "Logical box.", "Decision box.", "State box."], "probs": [[0.12458791861006294, 0.14122926013016873, 0.2989823288689115, 0.4352004922908568], [0.08124415454582311, 0.1043195559826548, 0.6804873245201409, 0.13394896485138116], [0.12160847133411934, 0.156118340303113, 0.1769052673806043, 0.5453679208821633], [0.15848481344223758, 0.23059404121969215, 0.3803271040183781, 0.23059404121969215], [0.15376416649931082, 0.3689986302037209, 0.22376595925093373, 0.2534712439460345], [0.15259108400580507, 0.36624566808392855, 0.28523240340576533, 0.195930844404501], [0.11963252811153864, 0.1196555280540104, 0.28703868600119736, 0.4736732577332536], [0.08225301468474398, 0.09320486872743382, 0.6889528477482088, 0.1355892687396135], [0.13128985071985763, 0.13128985071985763, 0.14873849900848918, 0.5886817994517956], [0.11771155191010003, 0.1333846668238372, 0.6775218439901747, 0.07138193717588805], [0.11736093023136375, 0.6754801617080946, 0.10358824193975666, 0.10357066602078503], [0.11039623621815563, 0.7201261036783434, 0.11039623621815563, 0.05908142378534532], [0.18818188833392688, 0.14658618845583543, 0.21328164416097503, 0.45195027894926265], [0.23199772832457854, 0.18064527211767004, 0.3825778364752615, 0.2047791629824899], [0.19751743068858005, 0.15389171699808069, 0.17434418719289257, 0.4742466650204467], [0.15405732391724197, 0.15405732391724197, 0.6094412803040461, 0.08244407176146995], [0.3567465702868346, 0.2779950027483615, 0.14879999228419954, 0.21645843458060438], [0.332443192607752, 0.33250711858640947, 0.17801465786637946, 0.15703503083945905], [0.536469598323879, 0.1741347183012636, 0.13569458306754312, 0.1537011002073143], [0.49566926070057005, 0.16097662861595224, 0.16097662861595224, 0.1823774819675255], [0.5326353827683652, 0.1959456175973924, 0.11886986911792172, 0.1525491304163207], [0.5501090719713291, 0.20241273334348447, 0.1391748595344468, 0.10830333505073962], [0.5028413458732388, 0.18498499413987388, 0.12718866574701349, 0.18498499413987388], [0.5635119113707195, 0.18294554011320804, 0.14256042343745334, 0.11098212497861905]], "ideal": "C", "sampled": "D", "correct": false}}
{"type": "result", "data": {"idx": 5, "options": ["same as that produced by one plate.", "double the field produced by one plate.", "dependent on coordinates of field points.", "zero."], "probs": [[0.2776711458731166, 0.3148757972308921, 0.1909818265702257, 0.21647123022576564], [0.3035177127795855, 0.344240531778506, 0.14350079640059726, 0.20874095894131123], [0.2894143842307605, 0.25566799521363176, 0.25574399113005064, 0.19917362932555707], [0.27294363622198237, 0.27309154515899775, 0.24115036732157324, 0.21281445119744663], [0.34459081288706495, 0.23699849841608897, 0.20920534429842302, 0.20920534429842302], [0.3146490939927817, 0.21643647349317988, 0.19100451115870826, 0.2779099212553302], [0.2448788881057001, 0.4577752351303089, 0.14872801302376246, 0.14861786364022855], [0.2225578890483809, 0.4713540987882078, 0.15306173841246765, 0.15302627365094368], [0.18897917383726784, 0.16681466745105167, 0.5142566620819605, 0.12994949652971996], [0.2003470718505126, 0.1769636194098228, 0.3307228536249995, 0.2919664550146651], [0.27934456767741606, 0.1695490352975875, 0.35902953449551644, 0.19207686242948], [0.20544352207021005, 0.16004427550424835, 0.14123857878649873, 0.49327362353904286], [0.17935807466626463, 0.37989442404600565, 0.261247954901321, 0.17949954628640868], [0.224329204874899, 0.326654474305957, 0.22457288354935323, 0.22444343716979082], [0.13801732811273856, 0.2579737055516195, 0.48208479379435815, 0.12192417244128376], [0.17232432753540858, 0.2841992589695612, 0.22133459307532927, 0.3221418203197009], [0.2262617450545254, 0.2906832526638957, 0.22645166036241188, 0.256603341819167], [0.19396356613321647, 0.249119516397815, 0.19412637622768236, 0.36279054114128617], [0.21786493060794374, 0.3171341120879613, 0.24698430297289067, 0.2180166542312043], [0.22436258194587125, 0.32653129097534245, 0.22448417542120086, 0.2246219515575854], [0.2091076727401269, 0.23705013524381485, 0.3909201744886645, 0.16292201742739373], [0.17747082343326004, 0.20119698943262948, 0.1382805448119805, 0.48305164222213], [0.2059294822276604, 0.2646146534691477, 0.26468859303428954, 0.26476727116890236], [0.1348491906984902, 0.13488459585748322, 0.19631075857106717, 0.5339554547729595]], "ideal": "D", "sampled": "A", "correct": false}}
{"type": "result", "data": {"idx": 6, "options": ["Low.", "Very low.", "High.", "Almost zero."], "probs": [[0.22989101482931007, 0.2954536455981287, 0.17920169387443258, 0.2954536455981287], [0.22987974150207754, 0.2953920530057177, 0.29552485214832735, 0.1792033532438774], [0.25740333621898176, 0.2576227111075178, 0.22735124146598262, 0.2576227111075178], [0.2709957618592026, 0.2712415714105689, 0.18646202701757322, 0.2713006396126552], [0.27081243411630257, 0.30698515353940903, 0.21112566637933491, 0.21107674586495348], [0.24887435135736813, 0.28222239014664346, 0.21984288094229487, 0.2490603774536935], [0.2654406050940968, 0.234415032410574, 0.2656813780494673, 0.23446298434586194], [0.2984740391302546, 0.23253325769165512, 0.263656671860426, 0.20533603121766422], [0.30795395830105715, 0.21185778394991206, 0.24006630835615472, 0.24012194929287609], [0.34346636705140576, 0.23619711666405932, 0.18403319893674505, 0.23630331724778983], [0.3421766510587982, 0.26672915019004284, 0.18332009288802523, 0.2077741057631337], [0.3586953954169244, 0.2795610719181806, 0.16956235745249076, 0.19218117511240423], [0.17979874669307316, 0.2965989024164044, 0.2618011753952612, 0.2618011753952612], [0.20337843311981038, 0.3354393989453778, 0.23059108391740593, 0.23059108391740593], [0.20513121170343404, 0.23262900908560805, 0.2986365467417656, 0.2636032323691923], [0.22619303721620151, 0.25655772897184703, 0.2907853678951145, 0.22646386581683697], [0.22624466299634738, 0.2565079216473526, 0.2907843459501198, 0.22646306930618024], [0.2342390348009762, 0.26558091442370246, 0.2657003323259391, 0.23447971834938222], [0.23985022782443163, 0.30814093114354585, 0.24013741787413567, 0.21187142305788687], [0.21784501100157316, 0.31712425224477153, 0.24707463749373776, 0.21795609915991754], [0.28647487925891013, 0.2866209702410631, 0.1739134017366094, 0.25299074866341736], [0.2601496278979505, 0.3342733382844438, 0.20278851685880286, 0.20278851685880286], [0.22623231188873058, 0.22636299507628224, 0.256618179552469, 0.29078651338251815], [0.2740215185318236, 0.24191911107501152, 0.24208756870982176, 0.24197180158334314]], "ideal": "C", "sampled": "B", "correct": false}}
{"type": "result", "data": {"idx": 7, "options": ["Amplitude stability", "Frequency stability", "Power stability", "Both A and B"], "probs": [[0.12911967978977998, 0.10061201072834021, 0.11396545387050937, 0.6563028555113705], [0.11841388525939747, 0.11846469076734722, 0.6817172016627978, 0.08140422221045751], [0.14842722039567147, 0.07949836669809911, 0.3144221352385295, 0.45765227756769994], [0.15690789998312382, 0.08403738524641606, 0.4266804126470743, 0.3323743020233858], [0.2116289969581632, 0.4482586547803056, 0.12840093288326934, 0.21171141527826187], [0.18315596751199215, 0.3423410908789641, 0.08654212105467664, 0.38796082045436714], [0.17216565946756238, 0.09221932153644867, 0.13412458993457727, 0.6014904289614117], [0.14755683415321533, 0.10146819583263611, 0.6614632950824876, 0.08951167483166098], [0.2033633647642308, 0.08482887960887081, 0.15844749694457927, 0.5533602585823191], [0.20493708396190627, 0.09685381428782817, 0.5573012786747422, 0.14090782297552334], [0.2469438238774305, 0.5230108058826886, 0.08020025729927867, 0.14984511284060228], [0.23118784392503103, 0.4896406415226412, 0.07507638167123683, 0.20409513278109093], [0.1287973883680613, 0.08856816740108842, 0.2727810557284153, 0.509853388402435], [0.12514215053860334, 0.09751956400315588, 0.4370013247067138, 0.34033696065152697], [0.1376283178909205, 0.10723399449731949, 0.13766366344553213, 0.6174740240662279], [0.13519765032376949, 0.1532607479758559, 0.6062167105599988, 0.10532489104037575], [0.1632553572997177, 0.3458199979074185, 0.09905928143922552, 0.39186536325363824], [0.18604255968247366, 0.3940999175728093, 0.11290058504484549, 0.3069569375998715], [0.3567110736291547, 0.21651042027794962, 0.14877363372863375, 0.2780048722642619], [0.30674702611657967, 0.18617606577299076, 0.1128989259688666, 0.39417798204156296], [0.4158757514482194, 0.19661120457223324, 0.13508694476417127, 0.2524260991153761], [0.39390421203238757, 0.1862034215309042, 0.11292644673146884, 0.30696591960523945], [0.3111743032621107, 0.18885551391143518, 0.14706657825429817, 0.3529036044721559], [0.3385802112825017, 0.18136162644966555, 0.14123002535063509, 0.33882813681719764]], "ideal": "D", "sampled": "D", "correct": true}}
{"type": "result", "data": {"idx": 8, "options": ["1.5 KV.", "15 KV.", "33 KV.", "66 KV."], "probs": [[0.2644756019830455, 0.2646625519430075, 0.2647074640408335, 0.20615438193311356], [0.27294278142107, 0.24104140696499346, 0.27318206426749686, 0.21283374724643972], [0.25328327693294195, 0.2237302676376328, 0.3254668220273933, 0.19751963330203198], [0.2799854665725487, 0.24724933150550843, 0.1925949906666959, 0.280170211155247], [0.29782134291531676, 0.15953992305590728, 0.3377460240980003, 0.20489270983077568], [0.24888912589179696, 0.24905335158440364, 0.2197888278804327, 0.28226869454336667], [0.29055814200367824, 0.22641872007855252, 0.2565660025479526, 0.22645713526981667], [0.29953938273266617, 0.23344640083591592, 0.23348602302293597, 0.23352819330848196], [0.33304288483742034, 0.22899983479773064, 0.2595817407768404, 0.17837553948800866], [0.3624572509530908, 0.24930577349115476, 0.19415952552641247, 0.19407744992934195], [0.33843402538339395, 0.18131972036993538, 0.29889167996226446, 0.1813545741844062], [0.27595250049241804, 0.3128902455653394, 0.24367916180792723, 0.16747809203431532], [0.28831044695803637, 0.2885273482668165, 0.2247459061143334, 0.19841629856081378], [0.25932652528453976, 0.3332484761515343, 0.17834285431338653, 0.2290821441505394], [0.21741103151899405, 0.316504315262482, 0.3165547705920238, 0.14952988252650015], [0.286501714074146, 0.2866685772647457, 0.17384556128986978, 0.2529841472712385], [0.25281072413809397, 0.1738427034991796, 0.2866732861313632, 0.2866732861313632], [0.25283877532106824, 0.1738271311450741, 0.2866411634014805, 0.28669293003237717], [0.263373158447239, 0.2987193673932045, 0.23260086079295456, 0.20530661326660193], [0.2777026254003308, 0.3148733926268448, 0.19101486813579877, 0.2164091137370257], [0.18511959080992507, 0.34605036615619955, 0.30533968034285097, 0.16349036259102445], [0.2699303707189749, 0.30604935601420474, 0.18562833026067807, 0.23839194290614224], [0.23606516066716063, 0.1839949461038453, 0.343685711234925, 0.23625418189406905], [0.23818449248306525, 0.18562939100924783, 0.30605111891179504, 0.27013499749589187]], "ideal": "A", "sampled": "B", "correct": false}}
{"type": "result", "data": {"idx": 9, "options": ["1MHz to 500 MHz", "100 KHz to 500 MHz", "1 KHz to 1 MHz", "1MHz to 100 GHz"], "probs": [[0.37404249144108775, 0.22700038856231072, 0.10726496761817887, 0.2916921522784226], [0.2792907779812521, 0.1920653667287107, 0.35902007035390837, 0.16962378483612878], [0.3393453702478981, 0.16040796334868226, 0.16044079060434321, 0.3398058756990764], [0.30148071781654967, 0.16151738451911737, 0.30188984406776476, 0.23511205349656825], [0.3111534509095369, 0.3527417883741314, 0.18895020152080624, 0.14715455909552544], [0.31751820678455045, 0.31787556643492815, 0.11693989571459856, 0.24766633096592283], [0.36304065856874557, 0.282949068894324, 0.10410995004700987, 0.24990032238992058], [0.15103685629292657, 0.11770054521425932, 0.597840657802631, 0.13342194059018314], [0.30861802966435015, 0.12870220455127784, 0.21239755412607664, 0.35028221155829536], [0.291061745954476, 0.12146527520997874, 0.3302635104506181, 0.2572094682849272], [0.35886827107655517, 0.3591382503150383, 0.1497975736706663, 0.13219590483774019], [0.32156994935634703, 0.3647170364492003, 0.11840628086336537, 0.1953067332310873], [0.20323555448195177, 0.23050494605948513, 0.2305551331673896, 0.3357043661911735], [0.21487461348522624, 0.21506952067652663, 0.35483658838950577, 0.21521927734874136], [0.1278051863809992, 0.23890111982070866, 0.23905743299928725, 0.3942362606990049], [0.1837429106051761, 0.2362130582096398, 0.34377270933528215, 0.23627132174990192], [0.21868051260489146, 0.28107985432496446, 0.21901666789522076, 0.28122296507492334], [0.20503371989418032, 0.23253034295277641, 0.29881035524675986, 0.2636255818062834], [0.29782191803522684, 0.2981368689875748, 0.26315543837167127, 0.14088577450552703], [0.3872851027012654, 0.2664412577915659, 0.1110919597984963, 0.23518167960867234], [0.2724170725135343, 0.308936153454526, 0.2726876180001742, 0.14595915593176545], [0.31773550735524647, 0.3603483599219743, 0.10330908461263713, 0.2186070480101421], [0.32981164242938094, 0.15588197575089105, 0.25718490053182635, 0.2571214811879016], [0.21212727912981455, 0.12877063790726673, 0.3089808843141967, 0.35012119854872203]], "ideal": "A", "sampled": "D", "correct": false}}
{"type": "result", "data": {"idx": 10, "options": ["High resistance when forward or reverse biased", "Low resistance when forward biased, while high resistance when reverse bias", "High resistance when forward biased, while low resistance when reverse bias", "Low resistance when forward or reverse biased"], "probs": [[0.061495868054742185, 0.5837758561468528, 0.2757561997884353, 0.07897207590996977], [0.06549077835079112, 0.6217956171727885, 0.08409183715385676, 0.22862176722256358], [0.02689944599969989, 0.13662473957829918, 0.7862210331534486, 0.05025478116855229], [0.04127996587102243, 0.18506487305905242, 0.041286548458660366, 0.7323686125112647], [0.04366706221796192, 0.030031537018792305, 0.3227946691809757, 0.6035067314822701], [0.03297800838500888, 0.02569349587304734, 0.0896607608924684, 0.8516677347494754], [0.31431198585335424, 0.07952632127691253, 0.45764235339419795, 0.1485193393755353], [0.41789667370821876, 0.09329921353790036, 0.11979856787163712, 0.3690055447822438], [0.48775768565589633, 0.23046737962300431, 0.12340091250055994, 0.1583740221205394], [0.5400707084885283, 0.19877609460470064, 0.10639717349540284, 0.1547560233113682], [0.3260036633730938, 0.09343433915408647, 0.10587496817822803, 0.4746870291945917], [0.21164959666996663, 0.06875225900916176, 0.5079103111712854, 0.21168783304958622], [0.15839992107953302, 0.07487220149024187, 0.6268972017682666, 0.13983067556195852], [0.1709615698815933, 0.07129236150656675, 0.08077023742053813, 0.6769758310913018], [0.31106288827544193, 0.45279757139934024, 0.08916112381098089, 0.14697841641423695], [0.30505196847967386, 0.44412314223424404, 0.08746882983377444, 0.16335605935230768], [0.3132095862639503, 0.11531501749535811, 0.11528991648989063, 0.456185479650801], [0.15689538972624442, 0.06542968359354398, 0.6207795368539671, 0.15689538972624442], [0.05406280908543951, 0.0328109096410978, 0.3996317013492733, 0.5134945798241894], [0.03392679616156517, 0.02643147378996763, 0.0633943607217246, 0.8762473692267426], [0.07060822808938765, 0.46059517720232074, 0.06232279792816408, 0.4064737966801275], [0.04227789879271019, 0.31244677418492584, 0.5150502342776375, 0.13022509264472645], [0.07270009083170823, 0.2539042200986388, 0.06416993511853976, 0.6092257538511132], [0.06211697591838629, 0.21684636047948846, 0.5895559943953691, 0.13148066910675618]], "ideal": "B", "sampled": "B", "correct": true}}
{"type": "result", "data": {"idx": 11, "options": ["Zinc silicate.", "Calcium silicate.", "Zinc sulphide.", "Magnesium silicate."], "probs": [[0.1919988462734334, 0.11647294562212822, 0.5220898362961057, 0.16943837170833267], [0.16562003645343235, 0.10048670616545567, 0.07825912184562454, 0.6556341354354874], [0.2034253836495519, 0.553289608700069, 0.0848361874983169, 0.1584488200520621], [0.21083087745813758, 0.5733254423165964, 0.08793548297146932, 0.12790819715379664], [0.19139738870895942, 0.1161514012916478, 0.10246503562755502, 0.5899861742718377], [0.20897506731260404, 0.12679419843504583, 0.5014807953267132, 0.1627499388256369], [0.044015092665841304, 0.08223101128272896, 0.7805599816602737, 0.09319391429115598], [0.08770303976322524, 0.09938055798802124, 0.0774100032950268, 0.7355063988537267], [0.14339402097293036, 0.5674258985636366, 0.12660983184384825, 0.16257024851958485], [0.13808181880523784, 0.5463411807467575, 0.13817942141104778, 0.1773975789369569], [0.0738339079277277, 0.07384497203921234, 0.05751969672970892, 0.794801423203351], [0.08166815948177474, 0.0816811830976272, 0.6840242060352955, 0.1526264512853026], [0.4441896478004776, 0.18528059784941092, 0.18528059784941092, 0.18524915640070058], [0.36140566522134815, 0.2192714330443302, 0.24855415150192126, 0.1707687501324004], [0.412325357614927, 0.17196512685694476, 0.2208474891651863, 0.1948620262629419], [0.41800435750470255, 0.1743896428412206, 0.25373544908406975, 0.15387055047000708], [0.4515266081591966, 0.21341828899795307, 0.18837499703259544, 0.1466801057102549], [0.48262464172594377, 0.20134898428165499, 0.17768985825593947, 0.13833651563646177], [0.1271722716274244, 0.1271925521070517, 0.09907447176648591, 0.646560704399038], [0.06064636350034733, 0.09998894630846279, 0.739342819666582, 0.10002187042460792], [0.10988072640539388, 0.0969839208854638, 0.07554319963805435, 0.7175921529710879], [0.1306898425285982, 0.11535176461747472, 0.5861225636295085, 0.16783582912441855], [0.19586212024703373, 0.5326997795972924, 0.11886139567084798, 0.15257670438482587], [0.1890339533169224, 0.5141287581887423, 0.12997262506622104, 0.1668646633281143]], "ideal": "D", "sampled": "C", "correct": false}}
{"type": "result", "data": {"idx": 12, "options": ["1", "2", "3", "4"], "probs": [[0.12877557064126346, 0.30899272286760554, 0.35013462152957214, 0.21209708486155882], [0.1041119530080164, 0.2496860585903872, 0.2830846863242323, 0.3631173019773641], [0.13503030242978453, 0.41592262120683077, 0.3672260425742664, 0.0818210336891183], [0.10467230605533286, 0.32231757281714307, 0.2510211784217658, 0.32198894260575833], [0.1240609502365733, 0.43291490943189415, 0.26270180742272936, 0.1803223328088032], [0.09571082215328673, 0.2602934856474391, 0.48629218697373033, 0.15770350512554382], [0.28652492589655654, 0.2529783584368326, 0.28681734628815275, 0.17367936927845815], [0.27306371924530715, 0.21276400981205948, 0.24122385678263267, 0.2729484140600007], [0.22888021932158745, 0.4847712940831981, 0.17833739280119754, 0.10801109369401694], [0.19655433320863963, 0.4161055373650771, 0.25238073969487257, 0.13495938963141077], [0.2402519660872782, 0.4490645095535719, 0.14572017949196292, 0.16496334476718694], [0.153624392468984, 0.25340502130064146, 0.47342289000515336, 0.11954769612522113], [0.42092462115475504, 0.22542681615998675, 0.19893845320922196, 0.15471010937603621], [0.40320704584879, 0.21593815729658572, 0.19056474238411525, 0.190290054370509], [0.45780986112174965, 0.2778085858984698, 0.14870021127910962, 0.11568134160067092], [0.4349205091870252, 0.2639188586173273, 0.1600748669974559, 0.14108576509819157], [0.3590484100646561, 0.3592201906432024, 0.13214973513281275, 0.14958166405932877], [0.32484835458889383, 0.3682775167802487, 0.15352091309196145, 0.153353215438896], [0.4715408139607253, 0.19674457583431226, 0.13522044830314506, 0.1964941618018174], [0.4406466125037781, 0.2082595216632959, 0.14313454281827825, 0.20795932291464775], [0.46177975026787516, 0.21832585657925452, 0.17003235472576747, 0.14986203832710282], [0.4701567221684472, 0.2221801247645743, 0.1730340544254293, 0.13462909854154917], [0.4116994019424666, 0.2830919836747085, 0.13372318046772835, 0.1714854338150965], [0.4559450413132859, 0.3134985244445039, 0.11535638483684754, 0.11520004930536272]], "ideal": "D", "sampled": "C", "correct": false}}
{"type": "result", "data": {"idx": 13, "options": ["collecting of current", "reduce losses", "increase efficiency", "convert AC armature current in to DC"], "probs": [[0.36696461933056385, 0.1734357378737266, 0.13515480264131124, 0.3244448400543983], [0.2723259410682966, 0.16526353850093503, 0.35007766928979767, 0.2123328510409707], [0.3214943086668154, 0.1183704203370276, 0.19515985103116004, 0.364975419864997], [0.1950081826549017, 0.11830761674926903, 0.36471899253300466, 0.3219652079628246], [0.26998890814531595, 0.30593751034433914, 0.23846438593480213, 0.18560919547554278], [0.2616513112171799, 0.29663163862587477, 0.17987181512511843, 0.26184523493182693], [0.09607057344005358, 0.7102109246006506, 0.0848226031935523, 0.10889589866574349], [0.10250000941473403, 0.6684974132481448, 0.14916194307078662, 0.07984063416633451], [0.03511043121234614, 0.02733807898516685, 0.7987723618450095, 0.13877912785747748], [0.09510517049591287, 0.0449459998497199, 0.3763282274244308, 0.48362060212993646], [0.11339382979811166, 0.16498706372735006, 0.5759868320849643, 0.145632274289574], [0.1587857078804304, 0.33622725317515995, 0.12369110241894767, 0.381295936425462], [0.04580495437812289, 0.8120196339865177, 0.07552959656661053, 0.06664581496874887], [0.05568200948258884, 0.7687619207811195, 0.10404061301124042, 0.07151545662505127], [0.04898723798348242, 0.03367529465520928, 0.7664461452726369, 0.15089132198867145], [0.0905794772242483, 0.0428071903303019, 0.4061432657389028, 0.460470066606547], [0.07609897049426768, 0.12546598816551294, 0.6372770618957992, 0.16115797934442008], [0.13504765523967743, 0.367172707068779, 0.17344010847741137, 0.32433952911413216], [0.17579886757768337, 0.6139313212060137, 0.13696025984346621, 0.07330955127283667], [0.13095827009088715, 0.6650609175177666, 0.10199040614567312, 0.10199040614567312], [0.13522939080370075, 0.10529234023921019, 0.606205509403699, 0.15327275945339], [0.2899450080605099, 0.1370300666747238, 0.09415457974915759, 0.47887034541560874], [0.0859766443809947, 0.05215814278321513, 0.7200209417216825, 0.1418442710141077], [0.25523327067103146, 0.08290431091747044, 0.12059339071095665, 0.5412690276005414]], "ideal": "D", "sampled": "A", "correct": false}}
{"type": "result", "data": {"idx": 14, "options": ["1 ohm of resistance", "ratio of 1 V to 1 C", "ratio of 1 C to 1 V", "none of these"], "probs": [[0.16729319343224924, 0.2760861258839569, 0.31291905508665874, 0.2437016254971351], [0.12290777735134234, 0.20283501884916824, 0.29520564608589467, 0.3790515576135947], [0.19080175388944626, 0.2163683188019629, 0.3148825998947003, 0.2779473273138905], [0.15938992624284132, 0.15957543077917533, 0.29812615977400825, 0.3829084831039751], [0.1197281408352249, 0.17432471068995123, 0.2874128646913133, 0.41853428368351053], [0.1792752402409593, 0.2611119604512386, 0.1795037048579781, 0.38010909434982404], [0.334490415805095, 0.09588846379639937, 0.4300415098941956, 0.13957961040431008], [0.259191352437236, 0.0743146058404068, 0.33324702081117863, 0.33324702081117863], [0.45330981150510685, 0.24277095993773745, 0.1147253234717156, 0.18919390498544006], [0.38646975832473357, 0.16124973228453013, 0.34145529019664783, 0.11082521909408849], [0.2722779830442632, 0.3499268915148843, 0.06890469095095894, 0.30889043438989355], [0.31154584222493265, 0.31186594899351666, 0.2752886023312149, 0.1012996063503358], [0.26627517343404916, 0.11106823880739809, 0.4394935870183868, 0.18316300064016594], [0.21866240117766525, 0.09121168741215507, 0.281021075771017, 0.4091048355391627], [0.37404324485962614, 0.2915229114144713, 0.10729349828799023, 0.22714034533791239], [0.3540966186013131, 0.18977582311389632, 0.35454788536350024, 0.1015796728212904], [0.2380430620087481, 0.3467064602834912, 0.06827055120591739, 0.3469799264018433], [0.26998596210964, 0.3469623559564676, 0.2703521432693354, 0.11269953856455699], [0.2263284820243074, 0.19990331529004166, 0.20000510511759628, 0.3737630974680547], [0.2723329798704458, 0.21229788883602227, 0.1652679493698345, 0.3501011818236974], [0.2853503269469049, 0.2857373399111597, 0.10503904676935288, 0.32387328627258255], [0.35649217233943886, 0.27811036339930234, 0.2165357236805305, 0.14886174048072826], [0.3359345147283534, 0.2312176788930691, 0.09633977566679863, 0.3365080306117788], [0.3585382944204747, 0.2795857447167931, 0.19220673749600925, 0.16966922326672296]], "ideal": "C", "sampled": "B", "correct": false}}
{"type": "result", "data": {"idx": 15, "options": ["3", "6", "8", "9"], "probs": [[0.16699833170899697, 0.4008252977432149, 0.24311283269401143, 0.18906353775377668], [0.18058216694416307, 0.38268265565526177, 0.23210876272760214, 0.20462641457297298], [0.18231194122923552, 0.49581235667203716, 0.16105393103813323, 0.1608217709605941], [0.17191561077054612, 0.41262761983999824, 0.19491148573927497, 0.2205452835501807], [0.1851568547474487, 0.4443807667702224, 0.18534583127650614, 0.18511654710582273], [0.16294386981288347, 0.44316738839486175, 0.18485303221284557, 0.20903570947940922], [0.428720763695215, 0.22960206301282032, 0.1393461549727311, 0.2023310182192336], [0.4173773588922081, 0.22366425726060973, 0.13565923474354805, 0.22329914900363407], [0.43089103282500013, 0.23090597871056692, 0.1798297422843002, 0.1583732460801327], [0.3983528553059417, 0.24172882684011895, 0.1466953990727237, 0.21322291868121565], [0.4122490934764902, 0.22088626198429778, 0.19505107728372104, 0.17181356715549095], [0.3545682165738858, 0.21517303470806515, 0.21530510368987313, 0.2149536449281759], [0.4595703917154172, 0.21720331062300494, 0.13182133827742992, 0.19140495928414794], [0.4227019375945206, 0.19990108010859262, 0.12124613287566001, 0.2561508493212268], [0.39074308909697086, 0.23712610136017753, 0.2093914951446699, 0.16273931429818173], [0.430303556587091, 0.23055998175699563, 0.10890882040689537, 0.23022764114901798], [0.42326977671400606, 0.20014256235873779, 0.17673359982886852, 0.1998540609983876], [0.36147506944274965, 0.2193645322292865, 0.17084127153710962, 0.2483191266908542], [0.3788230064307862, 0.2605020960830108, 0.15800250829662613, 0.20267238908957688], [0.37562819010561366, 0.2583051141080541, 0.13834563514751916, 0.22772106053881305], [0.31264583670853646, 0.276190591256593, 0.24388695851004388, 0.16727661342482664], [0.3499537497436479, 0.30900047364718375, 0.12888961260879914, 0.21215616390036923], [0.35081929854107646, 0.2735341922048863, 0.1879971362166081, 0.18764937293742917], [0.3127654902165995, 0.2761641575916121, 0.16760483873569768, 0.24346551335609073]], "ideal": "C", "sampled": "C", "correct": true}}
{"type": "result", "data": {"idx": 16, "options": ["First digit from left to right", "First digit from right to left", "Middle digit", "Mean of all digits"], "probs": [[0.7321517871889619, 0.12729796434006513, 0.0530765452498176, 0.0874737031211554], [0.729501491004183, 0.11192973613143223, 0.04665925005660392, 0.11190952270778082], [0.7567280135508424, 0.07040200014592021, 0.07043568421903877, 0.10243430198419866], [0.7015938010374507, 0.05762359119226869, 0.0396127018047593, 0.2011699058655213], [0.7027191519034525, 0.05094055830922937, 0.1384991258244298, 0.10784116386288836], [0.5725382309934954, 0.060370569206523186, 0.060357426382939054, 0.3067337733170424], [0.5612267025241291, 0.3004644985751248, 0.05222427257944315, 0.08608452622130289], [0.5677491962333564, 0.3040075844809571, 0.0411603291441683, 0.08708289004151819], [0.5589401804683983, 0.05201149808857523, 0.2643319109463395, 0.12471641039668697], [0.2917474984487369, 0.05070915982439379, 0.039483731853287914, 0.6180596097735814], [0.2382189876001009, 0.03654486603941698, 0.6478977653951254, 0.07733838086535662], [0.2865173593086391, 0.056430162465186236, 0.049789254915670544, 0.6072632232105042], [0.17222133484091712, 0.6013500837864576, 0.13420856487835225, 0.09222001639427305], [0.10514277102066812, 0.47142904108727823, 0.05627886489165667, 0.367149322900397], [0.12861047108926618, 0.4492072559798308, 0.30865921187327783, 0.11352306095762515], [0.07885703403671092, 0.13004158108497846, 0.04220912982481, 0.7488922549535006], [0.11513671808401395, 0.05440832200086816, 0.6628290290685824, 0.16762593074653548], [0.07716829470319428, 0.04680493479907497, 0.30520654314186335, 0.5708202272558673], [0.053588653175785594, 0.8383931865575854, 0.06073299928970162, 0.04728516087692736], [0.07327456081130419, 0.7882032452346694, 0.04445080491791812, 0.09407138893610824], [0.04533089712781382, 0.7093589912959005, 0.17935404226306256, 0.06595606921322307], [0.07414946787229913, 0.5482530654595872, 0.04498313044660496, 0.3326143361215087], [0.09068156169838337, 0.07063825699171124, 0.5219500310379581, 0.3167301501719472], [0.0700682565068797, 0.04818020720244164, 0.21587544317942092, 0.6658760930112577]], "ideal": "A", "sampled": "A", "correct": true}}
