{"type": "result", "data": {"idx": 0, "options": ["p = 4", "p = 8", "p = 12", "p = 24"], "probs": [[0.4181101321755962, 0.1743313073937607, 0.1538468599165611, 0.253711700414082], [0.4466030134291787, 0.1862114276166739, 0.12799607597489931, 0.23918948287924816], [0.4515870376496818, 0.14665424385230738, 0.21338065820644364, 0.1883780601915672], [0.4422055680103468, 0.16271517406483826, 0.1267384496236566, 0.26834080820115835], [0.5325283964902027, 0.11886230183100573, 0.19594792173954312, 0.1526613798392485], [0.4776663588478263, 0.12081805885458427, 0.1757659802208755, 0.22574960197671387], [0.3645438443639434, 0.32182987219459996, 0.11838239302551634, 0.19524389031594033], [0.3088338832769662, 0.35002909522598546, 0.12875438649762846, 0.21238263489941983], [0.3303828758672741, 0.09469663985817701, 0.3744476986304189, 0.20047278554412998], [0.3590225385969239, 0.14968145338234917, 0.13207701240878808, 0.3592189955119388], [0.37419462844362716, 0.10724616343349733, 0.2914890630948955, 0.22707014492798], [0.3574354057268286, 0.11607205660380039, 0.1688615094144417, 0.3576310281549293], [0.3341367294176575, 0.2603369095711383, 0.20275058152362624, 0.202775779387578], [0.29259087106538423, 0.2926935102583242, 0.12198339510320873, 0.29273222347308286], [0.29030880761683847, 0.13716136122108827, 0.372886722838645, 0.1996431082234282], [0.3623351563423181, 0.17121503352520434, 0.10383427345578705, 0.36261553657669054], [0.374122042197663, 0.10723641194116361, 0.22701948202308317, 0.29162206373809024], [0.39390247130416656, 0.11290617129823415, 0.18615079895076989, 0.3070405583468294], [0.18553406658996197, 0.3060417038175624, 0.27004514914829003, 0.2383790803441856], [0.173017350791777, 0.32336738131443893, 0.2517387458235672, 0.25187652197021687], [0.15455818174723948, 0.2888180911252167, 0.42017877097696404, 0.13644495605057974], [0.1951112212740923, 0.32176153410309694, 0.11836945480253207, 0.3647577897202787], [0.16287796163819304, 0.23706916601693706, 0.3908124021031218, 0.20924047014174807], [0.1892022909153699, 0.24300288789520186, 0.16697042929990666, 0.4008243917895216]], "ideal": "C", "sampled": "A", "correct": false}}
{"type": "result", "data": {"idx": 1, "options": ["5", "7", "8", "9"], "probs": [[0.13164502577128367, 0.24591067797333596, 0.40555599932125747, 0.2168882968341229], [0.1298481841232894, 0.24254967631283333, 0.352907692649057, 0.27469444681482025], [0.18337778198739602, 0.3023388593389589, 0.38832359344880013, 0.12595976512484502], [0.1453195639506759, 0.30759244695817434, 0.30769371524812855, 0.23939427374302116], [0.13350776530911004, 0.24935285748414981, 0.4659878333348256, 0.15115154377191461], [0.14260926416254696, 0.2350854654349601, 0.4393420386071138, 0.18296323169537917], [0.19317557203589666, 0.46334657758827674, 0.1931290357087995, 0.1503488145670271], [0.17095864072160954, 0.4645291933627693, 0.19369425166240917, 0.17081791415321193], [0.2132977928515225, 0.24169806413325465, 0.3984927415898484, 0.1465114013253745], [0.18335204495062546, 0.26665561196571097, 0.20776507817671414, 0.3422272648069494], [0.16664110122444764, 0.21394127605206167, 0.45291370148897986, 0.1665039211345108], [0.20478272400367417, 0.2320185428611969, 0.38258448369071035, 0.18061424934441853], [0.2253764305094474, 0.4209505977947361, 0.19889398213564197, 0.15477898946017452], [0.22599159515611814, 0.42214844255619427, 0.17600243054064063, 0.17585753164704698], [0.24362744388528235, 0.27606606480698814, 0.31295612451284804, 0.16735036669488149], [0.2700831374280718, 0.30604428961924834, 0.1856482978172709, 0.23822427503540894], [0.25354013222215555, 0.22374837431679404, 0.3690058941622009, 0.15370559919884946], [0.2700772744193172, 0.23834237384453424, 0.30607815418032647, 0.18550219745582203], [0.20922285939815116, 0.39087973205948345, 0.23708053637400348, 0.16281687206836193], [0.2377611845493974, 0.3920019268597561, 0.18519467113550275, 0.18504221735534374], [0.22371192764286565, 0.253498811093008, 0.32549892397700014, 0.1972903371871262], [0.2700609403542264, 0.3060191090981648, 0.2383890754706248, 0.185530874976984], [0.21104866181821177, 0.2709918714049764, 0.3070739874626595, 0.21088547921415232], [0.2334625213989337, 0.2997717887067427, 0.2334625213989337, 0.2333031683953899]], "ideal": "C", "sampled": "A", "correct": false}}
{"type": "result", "data": {"idx": 2, "options": ["1 over 5", "\u22125", "\u22121 over 5", "5"], "probs": [[0.15339261749022953, 0.3247321642530723, 0.32482654821087753, 0.1970486699458207], [0.14456616556042431, 0.34679621971352265, 0.23842305297885868, 0.2702145616471944], [0.17089839494766512, 0.46454998365242095, 0.17089839494766512, 0.19365322635224883], [0.17438837884112746, 0.47403672332791674, 0.1539162993277175, 0.1976585984032383], [0.11183380089329033, 0.20890540816358155, 0.44243981427476226, 0.23682097656836584], [0.15848718418964924, 0.23056699908500458, 0.3802445133885239, 0.23070130323682228], [0.26108085328468994, 0.1794577485305098, 0.38000364955429045, 0.1794577485305098], [0.25176623815218746, 0.17303624432660733, 0.32336252531844784, 0.2518349921027574], [0.20912076151180334, 0.23690409328022008, 0.3448820401488735, 0.20909310495910302], [0.22129310836408278, 0.17234324379966331, 0.32206217511877383, 0.28430147261748007], [0.23385818300292796, 0.3402616381304941, 0.1607721000749033, 0.26510807869167463], [0.25944757458953377, 0.3331372737551384, 0.17839094994668422, 0.2290242016086436], [0.20911284412178927, 0.3448204500574894, 0.20914416636354907, 0.23692253935717222], [0.18575850127269916, 0.39320188756825425, 0.21051980552952326, 0.21051980552952326], [0.16819658609472438, 0.2772235282894207, 0.27735635722643426, 0.2772235282894207], [0.1354495456001246, 0.2529747821580931, 0.32487473372659886, 0.28670093841518346], [0.17383196625127895, 0.28655752527973455, 0.2866461573772616, 0.2529643509917249], [0.13820446408479115, 0.2581294361334952, 0.3757349680404899, 0.2279311316412238], [0.14388739846865817, 0.14387060486024464, 0.44331812193552883, 0.2689238746355684], [0.1346703787709269, 0.17294167238147676, 0.4702325532894861, 0.22215539545811022], [0.17294850629865852, 0.4701712236649717, 0.13473682188895408, 0.22214344804741568], [0.1698966745877738, 0.4618809749933987, 0.14998925997323065, 0.21823309034559685], [0.19738885464201109, 0.25345229722331186, 0.3254879664231497, 0.22367088161152732], [0.190896710463052, 0.27782891025831313, 0.21640580045222232, 0.3148685787264125]], "ideal": "D", "sampled": "B", "correct": false}}
{"type": "result", "data": {"idx": 3, "options": ["4", "5", "6", "7"], "probs": [[0.18125163827148907, 0.33866743763878276, 0.2988729610236463, 0.18120796296608183], [0.15592291949620274, 0.3300361930993969, 0.2571170925836938, 0.25692379472070653], [0.2194887334041233, 0.4101780828370329, 0.21951962351035448, 0.1508135601484893], [0.1579881812183117, 0.3788692128953427, 0.2604342543559557, 0.2027083514303899], [0.1618430686659082, 0.38817943873902094, 0.1833629838952187, 0.26661450859985214], [0.205411431092174, 0.38381653448354774, 0.2054422019895777, 0.20532983233470056], [0.2027051956065008, 0.3342900971522452, 0.26034540711259346, 0.20265930002866053], [0.15529553822060477, 0.32876062879792384, 0.2259536717003185, 0.2899901611811529], [0.20002945361389612, 0.4235257912662684, 0.20002945361389612, 0.17641530140593936], [0.16864215087161083, 0.40449455979138677, 0.27812990957891065, 0.14873337965809177], [0.16200706361104233, 0.4403808116472461, 0.16200706361104233, 0.23560506103066922], [0.1797010073019717, 0.43101964449954844, 0.23077525654622202, 0.15850409155225786], [0.2988641083618689, 0.33865738873329393, 0.18129577150345233, 0.18118273130138485], [0.2954174113909859, 0.2954174113909859, 0.17920494878906343, 0.22996022832896482], [0.232031095482021, 0.3825545963643091, 0.20479555731149313, 0.18061875074217676], [0.2611533999181901, 0.37997591491714156, 0.17948791382902082, 0.17938277123564753], [0.23706059861973391, 0.39089853732546864, 0.16295075900566539, 0.20909010494913205], [0.2550256144019458, 0.37110915561102786, 0.19866837549222463, 0.17519685439480165], [0.2674579103756091, 0.3030695409194412, 0.16222143655053115, 0.2672511120544185], [0.29537666180368943, 0.2954625222868033, 0.17920708542398883, 0.22995373038551845], [0.22449489270133277, 0.32663810736605636, 0.22449489270133277, 0.2243721071312781], [0.27956092771418134, 0.3588590675063551, 0.16958931339459446, 0.19199069128486906], [0.23073586590248688, 0.431071338679648, 0.15858228811657923, 0.17961050720128593], [0.2158524884829874, 0.4032655122412265, 0.19046394737818095, 0.1904180517976051]], "ideal": "B", "sampled": "C", "correct": false}}
{"type": "result", "data": {"idx": 4, "options": ["4t = 112; $448", "4t = 112; $28", "t over 4 = 112; $448", "t over 4 = 112; $28"], "probs": [[0.14526864884831187, 0.3076177239110412, 0.2395392060040307, 0.3075744211366162], [0.1236756323275111, 0.3361852043461932, 0.3362325304323771, 0.2039066327939186], [0.1674737519807252, 0.10156610671089472, 0.5159195911124284, 0.21504055009595174], [0.06288270445396829, 0.048959732520429775, 0.36172124858900473, 0.5264363143365972], [0.11955892261018372, 0.1535560878097095, 0.6073260668699231, 0.11955892261018372], [0.1470339021987792, 0.1888235686355292, 0.3528251104124984, 0.3113174186531932], [0.536689440605723, 0.11976559606230627, 0.11976559606230627, 0.22377936716966446], [0.46188816423565626, 0.1499695777743097, 0.2182044535657116, 0.16993780432432243], [0.5062418541831037, 0.07763469905647118, 0.2710668126143142, 0.14505663404611088], [0.3403687946020639, 0.04607433653630255, 0.5613700537801918, 0.052186814981441836], [0.6078651909139968, 0.13564703675624482, 0.17421368801125323, 0.0822740842185051], [0.5089797187467664, 0.11358118378050343, 0.21219757896783975, 0.1652415184048904], [0.11316730910277667, 0.30769956338085, 0.3076588534081692, 0.2714742740082041], [0.15790730948519127, 0.3788856920055007, 0.26040408400679443, 0.2028029144025136], [0.11691033664800363, 0.31779524207222565, 0.31779524207222565, 0.24749917910754504], [0.13358892698127667, 0.3632859045393457, 0.2828451436899156, 0.22028002468946203], [0.08042282876028085, 0.1929243240804674, 0.40853232686413943, 0.31812052019511233], [0.06900895231997163, 0.16554386542101585, 0.5778862108184778, 0.18756097134053473], [0.3411217858308376, 0.07611456277973556, 0.4965145622340363, 0.08624908905539055], [0.4422781002758164, 0.16268602496803228, 0.12674731392628016, 0.26828856072987123], [0.17696184049983843, 0.6177888558022457, 0.12164983987820956, 0.08359946371970632], [0.16207739788912837, 0.6412853623040209, 0.09832337704959682, 0.09831386265725395], [0.35533031552955896, 0.11538667144674536, 0.2155438943323726, 0.3137391185913231], [0.20117373753758158, 0.09506321734258465, 0.5470510313074834, 0.15671201371235036]], "ideal": "B", "sampled": "B", "correct": true}}
{"type": "result", "data": {"idx": 5, "options": ["9", "11", "26", "32"], "probs": [[0.2555837104437134, 0.28972226768317966, 0.25567901826217854, 0.19901500351092832], [0.28417773322203926, 0.32215158588130527, 0.17243533605558894, 0.22123534474106651], [0.2535401658025213, 0.3688987305063281, 0.22383183905723048, 0.15372926453392013], [0.22908164341828885, 0.33317107456786565, 0.17837011973488898, 0.25937716217895657], [0.27778665470325603, 0.3148909351611079, 0.21646543812667787, 0.1908569719089582], [0.27093447617357796, 0.3070089633748508, 0.2110931300254294, 0.21096343032614182], [0.28854967421091915, 0.28854967421091915, 0.22472271471621175, 0.19817793676195], [0.3286955654292429, 0.2901809811301921, 0.1553227007233746, 0.22580075261719043], [0.2917700322643205, 0.3307420512481976, 0.20060519274239802, 0.17688272364508378], [0.27603911015844307, 0.3129099495640381, 0.16748862965152445, 0.24356231052599434], [0.27099632406515967, 0.30707906758459047, 0.21105215812443698, 0.21087245012581288], [0.30597401118160267, 0.27012181681855113, 0.18568980968659618, 0.23821436221324999], [0.2334717283454039, 0.29978362616234183, 0.2334717283454039, 0.2332729170468504], [0.23267418837229797, 0.2986334352979478, 0.20524755729910316, 0.2634448189306511], [0.24697984402542303, 0.31712839621647904, 0.21805102986516856, 0.2178407297929294], [0.24617660799614668, 0.3160970116508705, 0.19172253631455152, 0.24600384393843128], [0.19913163772704956, 0.2897348321486977, 0.2556900572290179, 0.25544347279523477], [0.21975374399885955, 0.28228859408127094, 0.24911880495925207, 0.24883885686061744], [0.246991570879775, 0.31714345439228486, 0.21801390726236486, 0.21785106736557525], [0.22644511678204118, 0.2907612832863058, 0.22644511678204118, 0.2563484830496119], [0.23062609133798323, 0.33541730042918105, 0.23062609133798323, 0.2033305167948525], [0.24196266765018623, 0.27417960351676357, 0.2420648747132816, 0.24179285401976855], [0.24906948206318205, 0.24906948206318205, 0.2822327017501886, 0.2196283340234473], [0.2420027774927244, 0.2420027774927244, 0.2742250643165385, 0.24176938059801273]], "ideal": "C", "sampled": "B", "correct": false}}
{"type": "result", "data": {"idx": 6, "options": ["1.1 over 11", "11 over 11", "12 over 11", "11 over 12"], "probs": [[0.21268810012764594, 0.2731353897606079, 0.2731353897606079, 0.24104112025113822], [0.17913571954557897, 0.23004717436972008, 0.2953864247686393, 0.29543068121606164], [0.11506143870498413, 0.21493086056548644, 0.455076840064043, 0.21493086056548644], [0.14568141940203444, 0.24022636231346103, 0.16513303672511428, 0.44895918145939023], [0.08951623603527294, 0.10143518295711423, 0.6614404817539553, 0.14760809915365755], [0.153431149607919, 0.15347860980702388, 0.36817604848303287, 0.3249141920020242], [0.298576231292189, 0.20526429702875312, 0.23259491869575027, 0.26356455288330755], [0.2849987148953588, 0.19595941899247377, 0.19595941899247377, 0.3230824470196937], [0.2963332952958071, 0.20366670465419287, 0.2963332952958071, 0.20366670465419287], [0.2851116443918636, 0.19595419452478532, 0.19595419452478532, 0.32297996645856575], [0.25650386470948416, 0.22639779884948544, 0.22639779884948544, 0.29070053749154495], [0.23832167682648675, 0.18560509381822385, 0.306059867113025, 0.2700133621422644], [0.19854421319930501, 0.17526556027371723, 0.37109636150772707, 0.2550938649192507], [0.1462075790307377, 0.1462075790307377, 0.1290277348288411, 0.5785571070096835], [0.17428089744621225, 0.41827846328711155, 0.15382541599750804, 0.2536152231691682], [0.16179058436297492, 0.3881773467920673, 0.18336198278506763, 0.26667008595989017], [0.1640146323287166, 0.1858529261077116, 0.14476548996702515, 0.5053669514965466], [0.12127768833633777, 0.10701303130711155, 0.6159856455912882, 0.15572363466526246], [0.12595511783956903, 0.12599408437550638, 0.5646662627390672, 0.1833845349458574], [0.11882492116842068, 0.15257422043789884, 0.19587793621714755, 0.5327229220765329], [0.11456901555762544, 0.6595611129335873, 0.07874205924767709, 0.14712781216111015], [0.11420827166867356, 0.657402699885866, 0.11420827166867356, 0.1141807566767869], [0.1506491944236666, 0.2815423989474088, 0.10353958914256596, 0.46426881738635867], [0.11539394464567045, 0.1678484131020298, 0.5860187657474314, 0.13073887640486836]], "ideal": "C", "sampled": "B", "correct": false}}
{"type": "result", "data": {"idx": 7, "options": ["3.6", "36", "0.01272", "12.72"], "probs": [[0.15256000826382904, 0.118830574756443, 0.532561651823884, 0.1960477650558439], [0.21638339755755479, 0.1487669348567969, 0.356812775099359, 0.2780368923862893], [0.19297483849048325, 0.4087005318098931, 0.15030883475095225, 0.2480157948486714], [0.26032625462523423, 0.3788896331308546, 0.15794468708494291, 0.20283942505896826], [0.31475694557453493, 0.1909401778265549, 0.2778634900531891, 0.21643938644572108], [0.36150556799134576, 0.17076313493928355, 0.24850668010610788, 0.21922461686326278], [0.1146478291223907, 0.4535902480022199, 0.24270947593329226, 0.1890524468420971], [0.13289799690863707, 0.5257844093310579, 0.17069720457140888, 0.1706203890888962], [0.07949285445291164, 0.4575182931418156, 0.14849128270128453, 0.3144975696039883], [0.12232209011749551, 0.42701852752358044, 0.1570646818084602, 0.2935947004504639], [0.11258079436112191, 0.23833354417334066, 0.5045521070843002, 0.1445335542812372], [0.16950086767771794, 0.35889815439558165, 0.19203705738275484, 0.2795639204439455], [0.15257689582635417, 0.19591261736449406, 0.2851340216878134, 0.36637646502133836], [0.20903272301751016, 0.209062152809988, 0.3448503510353721, 0.23705477303712974], [0.11986339925419257, 0.13578356902272337, 0.41836437890491773, 0.3259886527181663], [0.1486291829858662, 0.11573407366705146, 0.4578101463973868, 0.2778265968496955], [0.10538350240067429, 0.1532749453560871, 0.4167998811364668, 0.3245416710067718], [0.13745724539020365, 0.15575946169609325, 0.22662868080426868, 0.48015461200943443], [0.18324019957020724, 0.34239586163923885, 0.26661290921248454, 0.20775102947806937], [0.17191385452605398, 0.4124699050161577, 0.1948369952169282, 0.2207792451408601], [0.1020110056301568, 0.1019813672196619, 0.6650020081630538, 0.13100561888712756], [0.31020747018666034, 0.1660934760744243, 0.3103560943750369, 0.21334295926387842], [0.2616637270885192, 0.179869199381091, 0.2966077537058889, 0.26185931972450094], [0.2858034542396042, 0.17342659372899724, 0.17342659372899724, 0.36734335820240127]], "ideal": "B", "sampled": "A", "correct": false}}
{"type": "result", "data": {"idx": 8, "options": ["159.26", "2.224", "14,111", "126.26"], "probs": [[0.5041537692581454, 0.0773247078980403, 0.11250678774681702, 0.3060147349969973], [0.7385455259158936, 0.06871953503518248, 0.14549849709160745, 0.04723644185731649], [0.6035427461999929, 0.08170157623874343, 0.09256777759921898, 0.22218789986204465], [0.30620350175925304, 0.053224721599740246, 0.5722196463131289, 0.06835213022787777], [0.7511490146102752, 0.11522198881171916, 0.07920198193314466, 0.05442701454486094], [0.6638630627921952, 0.13079391418579603, 0.08987978844935934, 0.11546323447264939], [0.046539172610000144, 0.1264887800080337, 0.0984965336655408, 0.7284755136164254], [0.05698607757325168, 0.07318125319028433, 0.7868833560628556, 0.08294931307360837], [0.025844549709498756, 0.029277201684473064, 0.5880483377359454, 0.3568299107700827], [0.030427385280923702, 0.030427385280923702, 0.7846222080648125, 0.15452302127334006], [0.08090050961383896, 0.3200127660903411, 0.4656855588057777, 0.13340116539004215], [0.0464244754272557, 0.3429816428784332, 0.11131943968537819, 0.4992744419089329], [0.012707542295404108, 0.786187747402421, 0.06451867351918435, 0.13658603668299052], [0.012618705085536785, 0.536475436432367, 0.36865858372873517, 0.08224727465336101], [0.019679600041037536, 0.07779466229616007, 0.3950738542212638, 0.5074518833415386], [0.021719112223184983, 0.11024913346001389, 0.6345292753009705, 0.2335024789158307], [0.015312684090688837, 0.8360442011450605, 0.0605473083645682, 0.08809580629968246], [0.015616586633916381, 0.8526367059399957, 0.06175802355444163, 0.0699886837716462], [0.853346198315869, 0.05458064573553555, 0.054565744572788885, 0.03750741127580659], [0.7587252489588211, 0.08000287144539807, 0.07060228883336099, 0.09066959066241989], [0.8292933865175821, 0.04680812859322765, 0.08744909902425546, 0.03644938576493475], [0.694171850888663, 0.05699571379781841, 0.07319424982328508, 0.17563818539023357], [0.626382951572357, 0.0582786057702929, 0.2305308746355529, 0.08480756792179718], [0.7702314738124548, 0.05580969816171779, 0.05580969816171779, 0.11814912976410963]], "ideal": "D", "sampled": "D", "correct": true}}
{"type": "result", "data": {"idx": 9, "options": ["0.72", "0.702", "10.0571", "7.2"], "probs": [[0.2584149731746416, 0.2582351459479741, 0.1076968243384567, 0.3756530564389276], [0.24304063574271687, 0.3533908040999122, 0.21448260331885582, 0.18908595673851508], [0.21225235405293907, 0.11353621868236982, 0.5090489755486981, 0.16516245161599305], [0.1973705753290766, 0.10561881292016224, 0.47346741309100865, 0.2235431985597525], [0.26464537397551163, 0.26464537397551163, 0.26478878273800516, 0.20592046921097154], [0.2093374791334587, 0.23702349472725914, 0.162943889570151, 0.3906951364691311], [0.1998047187768229, 0.2564316632394734, 0.12115781482234897, 0.4226058030613547], [0.3234037362191409, 0.25174661718036717, 0.2519331797129355, 0.17291646678755646], [0.355576965506806, 0.11538372073035046, 0.3136454884658414, 0.21539382519700215], [0.1734044156319668, 0.0927694616454297, 0.3670008291533404, 0.36682529346926307], [0.36161895757986673, 0.24841797339923366, 0.21933297627955656, 0.17063009264134305], [0.30771826090052307, 0.2395214247250091, 0.14535581223803715, 0.30740450203643066], [0.07622274528507869, 0.2658695797097179, 0.4967097491509786, 0.16119792575422476], [0.08068301143508523, 0.3189548694301268, 0.2814766890189217, 0.3188854300158662], [0.08935332696825773, 0.4535820388451543, 0.24288753758419487, 0.21417709650239306], [0.0702986200850836, 0.35664183163534896, 0.2164177165442184, 0.35664183163534896], [0.056903984603943226, 0.28882575139802935, 0.32728245973027137, 0.326987804167756], [0.052082298628775545, 0.299407353984952, 0.38444663924763717, 0.26406370803863527], [0.41817089911093863, 0.25369223949756475, 0.17444874344511768, 0.15368811784637892], [0.33020486412351563, 0.2914047712633535, 0.121507473069645, 0.2568828914434858], [0.43508355770008084, 0.26382644161148094, 0.14128803346925872, 0.1598019671191795], [0.39875082960093794, 0.27390874653887853, 0.11421213063403855, 0.213128293126145], [0.35827619144640405, 0.1493517347013808, 0.24630403171221796, 0.24606804203999721], [0.29556165023356407, 0.13954666671390611, 0.3349152604875407, 0.22997642246498912]], "ideal": "D", "sampled": "B", "correct": false}}
{"type": "result", "data": {"idx": 10, "options": ["150 + 400 + 200", "200 + 400 + 200", "200 + 450 + 200", "200 + 500 + 200"], "probs": [[0.15340680915351043, 0.3247917495405206, 0.3248231909896995, 0.1969782502162695], [0.15341042895037227, 0.3248033418809421, 0.3248033418809421, 0.19698288718774346], [0.14350981367390575, 0.30377696583614483, 0.39014564196683243, 0.16256757842311698], [0.17235394077296992, 0.28422406736488154, 0.3220680701718734, 0.22135392159027517], [0.16342876849924398, 0.3053251206569522, 0.34605705734607056, 0.18518905339773323], [0.13958499874157093, 0.23010817392165422, 0.33480539428860145, 0.2955014329481734], [0.16344691295461025, 0.34601711305597976, 0.30535902409831983, 0.18517694979109015], [0.15949434753377278, 0.3376802356656577, 0.2980306281461095, 0.20479478855445998], [0.15389032087517593, 0.47409921725415055, 0.17441136682741362, 0.19759909494325986], [0.13778365067605153, 0.33052576569964603, 0.42440350124178644, 0.10728708228251596], [0.15390808878790052, 0.47407031054524434, 0.17441658673926458, 0.19760501382759058], [0.17435097822555065, 0.41827985951800495, 0.2875299772893698, 0.11983918486707457], [0.15704420761420226, 0.25897718909909245, 0.42693439557250307, 0.15704420761420226], [0.15075180239979535, 0.24849803725356842, 0.2816414572483539, 0.3191087029982823], [0.18574821010604328, 0.39326949095576696, 0.21050199001418538, 0.21048030882400434], [0.16540266818244262, 0.3089864895777839, 0.3968164681517106, 0.12879437398806287], [0.15956027566446265, 0.3827651979724483, 0.15957671164501291, 0.29809781461807616], [0.20810937569281499, 0.44068794781498083, 0.20814609215344582, 0.14305658423875836], [0.1470628590995318, 0.3112999909030041, 0.3528241602530419, 0.18881298964442222], [0.12489127273434747, 0.2058883144806944, 0.23335486474270448, 0.4358655479422537], [0.1707502007313686, 0.3615154623623775, 0.21929424998951466, 0.24844008681673924], [0.16259525956964643, 0.3037679538388461, 0.3901592252782123, 0.14347756121329516], [0.13642547956202658, 0.28878107696070615, 0.15457338215375468, 0.4202200612235126], [0.14711715060316866, 0.35287936992574476, 0.35291572875851235, 0.14708775061257423]], "ideal": "C", "sampled": "B", "correct": false}}
{"type": "result", "data": {"idx": 11, "options": ["21", "7", "1", "None of these"], "probs": [[0.05707740889435591, 0.03924081919770961, 0.6139339322343077, 0.2897478395736267], [0.0771838784665194, 0.04682980017585278, 0.30548256063605456, 0.5705037606215733], [0.11076159774149495, 0.34116974469587874, 0.2069980352909991, 0.3410706221716272], [0.10845359997180969, 0.3341172883457018, 0.37874566940535026, 0.17868344217713822], [0.0949087366366845, 0.13813154398013675, 0.06523894517961426, 0.7017207741035645], [0.09945252614909735, 0.16399257273872028, 0.5726645800347075, 0.16389032097747483], [0.08222745174328988, 0.05650503061508023, 0.5362813352343302, 0.3249861823072997], [0.10989606845992911, 0.05884249332308071, 0.33874144972253867, 0.49251998839445155], [0.177044318036404, 0.3748589790856576, 0.15631590689489877, 0.2917807958830396], [0.16883059579693094, 0.3575320381671865, 0.35766537375157514, 0.1159719921843074], [0.13491783532202234, 0.19641862075977481, 0.06374806672635715, 0.6049154770918457], [0.17575837981563502, 0.19925655576599108, 0.5419712298734838, 0.08301383444489015], [0.45089035549884693, 0.12922479018431898, 0.14648547548847612, 0.273399378728358], [0.4869847260898283, 0.1086967579263772, 0.2957034684742068, 0.10861504740958769], [0.4181482964887807, 0.17433793321481603, 0.15396768884407525, 0.25354608135232803], [0.4605022921323502, 0.13200340180243747, 0.3168543638825686, 0.09063994208264374], [0.48894972332817965, 0.2617919781809318, 0.10920778078548461, 0.14005051760540388], [0.45774930962817156, 0.24505464759672993, 0.1486852229276493, 0.14851081974744917], [0.22657608675205376, 0.08340768205176514, 0.07359372462457653, 0.6164225064716046], [0.18302807755511813, 0.14258933490845216, 0.43936987036155434, 0.2350127170748754], [0.2553721589973853, 0.12069078173948071, 0.0829345037575726, 0.5410025554055614], [0.1769128301782867, 0.12164172126403457, 0.545339811867165, 0.15610563659051377], [0.33071427055653635, 0.33082313843534095, 0.13795904197092423, 0.20050354893719846], [0.31825901971608817, 0.3183638046878385, 0.1930974091752437, 0.17027976632082964]], "ideal": "D", "sampled": "C", "correct": false}}
{"type": "result", "data": {"idx": 12, "options": ["8", "9", "49", "63"], "probs": [[0.24105576809237203, 0.2731519598516069, 0.2731519598516069, 0.21264031210441414], [0.2778501675953872, 0.31484546150667897, 0.21645280516682014, 0.19085156563111363], [0.21332322058928627, 0.31031319495912674, 0.31031319495912674, 0.1660503893924602], [0.21893798279998644, 0.28112193472452507, 0.21893798279998644, 0.28100209957550204], [0.28016940231775345, 0.19253195589059896, 0.28016940231775345, 0.24712923937389414], [0.22047051937688952, 0.11800936742506757, 0.2498258240141357, 0.4116942890839072], [0.22655025122284364, 0.3736028074844598, 0.19997517762568576, 0.1998717635670108], [0.19997078476293093, 0.37359458761047476, 0.19997078476293093, 0.22646384276366338], [0.23259629653446925, 0.26356614026125336, 0.29865953768276077, 0.20517802542151659], [0.2410354536839328, 0.27312896466888475, 0.21276121473453363, 0.2730743668126488], [0.29539204521181806, 0.17918660278872706, 0.295467832519901, 0.22995351937955388], [0.18324471462191397, 0.11112883354718327, 0.2076434579986276, 0.49798299373227517], [0.2052706059446935, 0.23260207575605407, 0.29866696601104464, 0.2634603521882078], [0.14403014515210463, 0.20953655482005484, 0.1439954403497562, 0.5024378595780843], [0.19747927488677894, 0.22366530857732445, 0.32550477493272423, 0.2533506415031724], [0.12104960733709973, 0.19952896833530184, 0.13710495215304266, 0.5423164720745557], [0.14132693619100015, 0.1601006710384228, 0.20560051805109913, 0.49297187461947795], [0.1539755750122687, 0.17441208728107904, 0.19765785611600692, 0.47395448149064534], [0.10780570713140165, 0.22822469680893262, 0.3320649513318584, 0.3319046446278073], [0.07364364328612438, 0.22669695623277597, 0.15584167023760553, 0.5438177301434941], [0.11106719406823301, 0.23501572625165462, 0.38766257506969576, 0.2662545045104166], [0.06264807794927628, 0.19292318100329284, 0.15024871562972528, 0.5941800253177056], [0.07277961183028216, 0.13590035043639448, 0.253990057889902, 0.5373299797434213], [0.07766367378555437, 0.14504396697852998, 0.2710391838422701, 0.5062531752936456]], "ideal": "A", "sampled": "A", "correct": true}}
{"type": "result", "data": {"idx": 13, "options": ["6", "11", "8", "5"], "probs": [[0.24898278333660148, 0.21981374409744273, 0.28230790562971203, 0.24889556683624373], [0.24906950815407952, 0.21980306176426806, 0.2822327273469156, 0.2488947026347368], [0.25558616946805196, 0.19908666015402424, 0.28978436318764933, 0.2555428070902745], [0.28103779019754166, 0.21890960120051692, 0.281247836975099, 0.2188047715268424], [0.2565250839617573, 0.22641872007855252, 0.22649805385601196, 0.29055814200367824], [0.28217147516596247, 0.24905771391325385, 0.2198323657963817, 0.24893844502440196], [0.24104088901614087, 0.21275626437855483, 0.27323696421687754, 0.2729658822884267], [0.21643974729877716, 0.1910073998079206, 0.31486107957608767, 0.27769177321721455], [0.2556162476283996, 0.19910794494545175, 0.2557549774391004, 0.2895208298870483], [0.27002947149136286, 0.18565338464629114, 0.30609067115647415, 0.23822647260587185], [0.23835087175296732, 0.1856635389390226, 0.27013883394488636, 0.3058467552631237], [0.2472256456981469, 0.19257654192433282, 0.28019722400763253, 0.2800005882698877], [0.27311670370475116, 0.21274193802223168, 0.24111453827123894, 0.27302681990177824], [0.2896281735364819, 0.19912387131958947, 0.25572627399202547, 0.2555216810519031], [0.28281060310063466, 0.15145976975895392, 0.28296411484951334, 0.28276551219089807], [0.2760840910980573, 0.1674534802350813, 0.3129044128208715, 0.2435580157459899], [0.28215473887483017, 0.2197820245999853, 0.24914450940978555, 0.24891872701539897], [0.27314054149219247, 0.2127605016984222, 0.24108921760624114, 0.2730097391031442], [0.2213844789801824, 0.1724144240732614, 0.2842632916089279, 0.3219378052376283], [0.24718971916334118, 0.19257900403867106, 0.28025466618499023, 0.2799766105129975], [0.24718292055042362, 0.192573711256797, 0.28019309041082346, 0.2800502776819559], [0.23834764530425387, 0.18562532299206047, 0.2701973737594315, 0.30582965784425414], [0.2556215112122896, 0.19911420943321495, 0.2897651661747682, 0.2554991130797272], [0.22595726144716044, 0.15533181690598533, 0.29013483894954817, 0.32857608259730603]], "ideal": "A", "sampled": "C", "correct": false}}
{"type": "result", "data": {"idx": 14, "options": ["10 bars of soap for $23.20", "16 bars of soap for $36.48", "13 bars of soap for $29.51", "12 bars of soap for $27.60"], "probs": [[0.34411820253092734, 0.1434803136521102, 0.20871823713006196, 0.3036832465869005], [0.42871102686409607, 0.13922257720031878, 0.22953923044293506, 0.20252716539265012], [0.40247595306186423, 0.13070282338742714, 0.19015187023168673, 0.2766693532190219], [0.4595622649394522, 0.13170510332898852, 0.21712261112660622, 0.19161002050495307], [0.45164534829848707, 0.14666784900955818, 0.18830701619791052, 0.21337978639404423], [0.5140053935732266, 0.1299838501075371, 0.16690256694689695, 0.18910818927233924], [0.3306197274983075, 0.20057367085259623, 0.17700565123286524, 0.29180095031623104], [0.35343577054046754, 0.18923910806249622, 0.21441249015627165, 0.24291263114076456], [0.2980732454690248, 0.14079984160445083, 0.29810212392070656, 0.2630247889058178], [0.29545219510534454, 0.13957441683651506, 0.334854056494967, 0.23011933146317334], [0.2953931688966997, 0.17918348310586094, 0.2953931688966997, 0.23003017900073966], [0.3788122929505093, 0.202839932121609, 0.1579718903413877, 0.260375884486494], [0.4405971002316088, 0.2082066895815153, 0.14305395312827657, 0.2081422569585993], [0.41365219391179703, 0.1954787729627745, 0.19543451651271423, 0.19543451651271423], [0.32629814920944306, 0.10595467966786576, 0.36981815697753745, 0.19792901404515373], [0.35895854765995766, 0.13206549184291386, 0.3168392824338825, 0.19213667796324596], [0.3036794590407511, 0.143476690596649, 0.3441472011570107, 0.2086966491055892], [0.3817668868393238, 0.18038635100212236, 0.14047056878662817, 0.29737619327192566], [0.4595696857176154, 0.21714464994368132, 0.13169215422010533, 0.19159351001859795], [0.46380627496228494, 0.24830424968132053, 0.11727925476212173, 0.17061022049427277], [0.3785641789057776, 0.10847032069075209, 0.3341444432401299, 0.17882105706334042], [0.3907884831688242, 0.1629336101965219, 0.20921089688284247, 0.2370670096518114], [0.27348432553397367, 0.06914765541639091, 0.5109824055886933, 0.14638561336094205], [0.3340714101930948, 0.10846760526956765, 0.17883283564272467, 0.37862814879461293]], "ideal": "C", "sampled": "A", "correct": false}}
{"type": "result", "data": {"idx": 15, "options": ["5 minutes", "14 minutes", "34 minutes", "70 minutes"], "probs": [[0.12334089633080103, 0.48782270778439824, 0.23046356265577084, 0.1583728331290299], [0.14010414270990543, 0.48893352609552887, 0.14010414270990543, 0.23085818838466032], [0.15706318818179416, 0.2934739646900255, 0.42706608248160116, 0.12239676454657919], [0.1707633853481759, 0.3615060667251275, 0.24849887577951285, 0.21923167204718377], [0.2026192085508508, 0.10847049932761958, 0.4862910834706788, 0.2026192085508508], [0.14868673237604968, 0.11581469725956599, 0.5191282474735334, 0.21637032279085097], [0.4032694877252306, 0.21582228907970352, 0.19052139774390497, 0.19038682535116094], [0.39847999807187684, 0.213290974476466, 0.1466408669801937, 0.24158816037146344], [0.3799539279585251, 0.26113827457568695, 0.17950614215092042, 0.1794016552148675], [0.35103290223447164, 0.27329473870361554, 0.18789438341483913, 0.18777797554707368], [0.4466820162101755, 0.12799694787148705, 0.2391703789445345, 0.18615065687380292], [0.31652696974310107, 0.09071285751410606, 0.46082954220843825, 0.13193063043435466], [0.3150972676692627, 0.13137055736404404, 0.4047104655589695, 0.1488217093077237], [0.3060136230286006, 0.18560664907049704, 0.23840212039953992, 0.26997760740136245], [0.20813778040711897, 0.44069370622996323, 0.20813778040711897, 0.14303073285579884], [0.21708932065974496, 0.45971165953047527, 0.13168986453081752, 0.19150915517896225], [0.2761306721272505, 0.243684452096823, 0.16748171793512004, 0.3127031577408064], [0.2779670191744941, 0.14878504580052698, 0.40472367969735307, 0.16852425522762585], [0.15127356123493998, 0.1334771791939001, 0.46588107244659144, 0.24936818702456848], [0.15584022617928633, 0.10712440124476708, 0.48009827251914244, 0.25693709995680414], [0.12079754290568528, 0.4777635562275384, 0.22575381059544058, 0.17568509017133574], [0.15033245981217883, 0.40878053951828003, 0.2479379175616471, 0.19294908300789404], [0.10250609156613669, 0.5898818084691122, 0.11615462460758813, 0.19145747525716295], [0.07622735655900646, 0.4387161694753245, 0.3871656588623585, 0.09789081500331052]], "ideal": "B", "sampled": "B", "correct": true}}
{"type": "result", "data": {"idx": 16, "options": ["18", "24", "25", "29"], "probs": [[0.21310655135447926, 0.12922452003782614, 0.511283680409215, 0.14638524809847964], [0.2903832196898948, 0.13716731964170167, 0.3729747533425243, 0.19947470722587926], [0.3879706320966334, 0.3880219516965446, 0.09812112297807102, 0.125886293128751], [0.3647828724971923, 0.36473754316450746, 0.15210564546334832, 0.11837393877495192], [0.41820120319721565, 0.25365184266723906, 0.17435673916722638, 0.1537902148683189], [0.3878684130191755, 0.1831946711773069, 0.3424286620519309, 0.08650825365158667], [0.05412613599951216, 0.5818384885206125, 0.2748751938068173, 0.08916018157305801], [0.06242902669325579, 0.6712535719089041, 0.14975944383076467, 0.11655795746707544], [0.07116350371803602, 0.4639253214150469, 0.3614489653021233, 0.10346220946479384], [0.08629846148441754, 0.49649368581030223, 0.23461455978396428, 0.18259329282131595], [0.07526442688190901, 0.38217376102312917, 0.43311686932870114, 0.10944494266626066], [0.0735793803872066, 0.29089651321716997, 0.4798697173212627, 0.15565438897436076], [0.44269217387286885, 0.39067445726233846, 0.0678974886208866, 0.0987358801439061], [0.45967101601600824, 0.35794765066891315, 0.0798894032838472, 0.10249192993123142], [0.4889936867096939, 0.14008051288927498, 0.2618572756077411, 0.10906852469329004], [0.4619482961706043, 0.14995282067138174, 0.21823964496335913, 0.1698592380946548], [0.4134736625922977, 0.17231725026197692, 0.3220136141304999, 0.09219547291522548], [0.4800278603571339, 0.2266909350742903, 0.13753027747166807, 0.1557509269969077], [0.20242694470706513, 0.5501850965855333, 0.10835132988989146, 0.13903662871751016], [0.20206406710511401, 0.4847265183440902, 0.229027330852494, 0.08418208359830176], [0.21515423057311958, 0.21515423057311958, 0.40221017595083736, 0.1674813628029235], [0.13566526289903938, 0.1536894555004818, 0.5365665358190513, 0.1740787456814275], [0.2564272716011792, 0.4227771085036199, 0.199730585481475, 0.12106503431372592], [0.22676113184732266, 0.47994467135186647, 0.1375375950521029, 0.155756601648708]], "ideal": "B", "sampled": "C", "correct": false}}
{"type": "result", "data": {"idx": 17, "options": ["(60/6)\u201412=a", "(60\u201412)/6=a", "(60-6)-12=a", "(60+12)/6=a"], "probs": [[0.13578836922006746, 0.6086857454321354, 0.11978813527343152, 0.1357377499743656], [0.17104900861910122, 0.5972422778831038, 0.1509246035983854, 0.08078410979940961], [0.12420442379997733, 0.05176551568509478, 0.7144635302877429, 0.10956653012718504], [0.14854735632590454, 0.0482262649861791, 0.5871769982160295, 0.21604938037188684], [0.42544992486007516, 0.06525741322408972, 0.42553173223258317, 0.08376092958325193], [0.4343351125282828, 0.08550816028455145, 0.09685731678232552, 0.3832994103048402], [0.6633608735947573, 0.08977613387259928, 0.07920991355639824, 0.16765307887624523], [0.72675865881328, 0.09833596645802377, 0.09833596645802377, 0.07656940817067252], [0.7041718572917297, 0.06549819008345648, 0.10798825644331896, 0.12234169608149485], [0.7271339621735421, 0.05969978645965301, 0.12635693972199682, 0.08680931154480806], [0.7288221283009969, 0.06779102386879322, 0.12660004480258327, 0.07678680292762662], [0.7352636127065851, 0.07748131851905697, 0.09948798568350659, 0.08776708299085134], [0.048789984474107886, 0.0709890166779222, 0.7632038422955965, 0.11701715645237339], [0.071620481353407, 0.10416318785588963, 0.41197339923951165, 0.41224293145119173], [0.02256350577602604, 0.846689348423494, 0.06944858067419997, 0.06129856502627996], [0.020289350450165805, 0.8621950808958925, 0.06242537171831364, 0.05509019683562807], [0.05525144892936184, 0.5940090373010807, 0.10316730212754019, 0.24757221154201725], [0.05116625808850892, 0.5500891332819446, 0.2597405985705326, 0.1390040099590138], [0.1541267885373845, 0.07280432960246144, 0.6906155141314019, 0.08245336762875213], [0.3832013904665169, 0.08552128075698132, 0.0968698561094689, 0.4344074725670329], [0.441528476054777, 0.11163588029928868, 0.3035198887533471, 0.1433157547925872], [0.45170819754851815, 0.1466199904533632, 0.21337182817709574, 0.1882999837210229], [0.37225199019354366, 0.07331576252230805, 0.22578224705719835, 0.32865000012694995], [0.2233284728253708, 0.06398467766587354, 0.607193951301607, 0.10549289810714868]], "ideal": "B", "sampled": "B", "correct": true}}
