{"type": "result", "data": {"idx": 0, "options": ["It is hard not to verify in our peers the same weakened intelligence due to emotions that we observe in our everyday patients.", "The arrogance of our consciousness, which in general, belongs to the strongest defense mechanisms, blocks the unconscious complexes.", "Because of this, it is difficult to convince people of the unconscious, and in turn to teach them what their conscious knowledge contradicts.", "It is difficult to convince people of the unconscious, and in turn to teach them what their conscious knowledge contradicts."], "probs": [[0.023371015351152966, 0.04362809398854347, 0.056010072643186894, 0.8769908179171166], [0.03166847456559567, 0.06701716359490212, 0.265105915960895, 0.6362084457786072], [0.023890102985454225, 0.47948718724323597, 0.07354422301780772, 0.42307848665350206], [0.030031625066556853, 0.5325217822685221, 0.28498360405626305, 0.15246298850865797], [0.03787582923236884, 0.522770906917709, 0.08016951769609636, 0.3591837460538258], [0.028872183288984596, 0.6571278730544877, 0.10075775031827644, 0.2132421932382512], [0.025705771374521066, 0.06160546431667393, 0.06161592120648223, 0.8510728430023228], [0.03358207292407936, 0.08046286458104805, 0.3608790855321971, 0.5250759768626755], [0.04684880521039644, 0.3053268940096882, 0.07719872517266976, 0.5706255755072456], [0.0568648963159311, 0.2887282550939869, 0.32723488059502903, 0.32717196789505293], [0.05522970086866004, 0.5239101383552281, 0.10314652230859571, 0.31771363836751615], [0.0587370917197046, 0.43394246925163815, 0.12436753467624427, 0.38295290425241296], [0.13771883628932674, 0.1376939662522232, 0.10725553678186801, 0.6173316605765821], [0.09842192392393771, 0.06764433773345288, 0.5664949590522576, 0.26743877919035186], [0.11957626310828226, 0.11953168628357896, 0.15350944145372478, 0.607382609054414], [0.17342787462443704, 0.13504424287386607, 0.324181785426451, 0.3673460969752459], [0.10548742114442715, 0.5358002185285733, 0.13549597560004445, 0.2232163846269551], [0.12975746971967253, 0.5132776727734278, 0.11454599116547806, 0.2424188662414216], [0.11878151408328007, 0.10480653373185977, 0.0924766863776169, 0.6839352657072433], [0.18613827365368582, 0.11286141806354089, 0.306945564618899, 0.39405474356387427], [0.14627065817232546, 0.12899827571418518, 0.14621942798167292, 0.5785116380318165], [0.18047132951845546, 0.12401623185216822, 0.26258423726179764, 0.4329282012675787], [0.2550151049835775, 0.1985722780029089, 0.17530080674325788, 0.37111181017025574], [0.2625487124335625, 0.18041988107157333, 0.12401923339519433, 0.4330121729996698]], "ideal": "D", "sampled": "D", "correct": true}}
{"type": "result", "data": {"idx": 1, "options": ["Tdc", "Tcd", "Tcc", "dTc"], "probs": [[0.29017367091335855, 0.4786053752836195, 0.09424298719885307, 0.13697796650416885], [0.2779981195648668, 0.40465575452572705, 0.1686488836835059, 0.14869724212590024], [0.17914547157839703, 0.06591828960950337, 0.5520550053167749, 0.2028812333953247], [0.23254722978280973, 0.08554934390712572, 0.2986701913374689, 0.38323323487259564], [0.2549604513235307, 0.17526974043389448, 0.37132102800651096, 0.19844878013606387], [0.27020303781888705, 0.2703323500880067, 0.11266350073501356, 0.3468011112580927], [0.338350559614333, 0.3836370992006503, 0.09699865407261735, 0.18101368701239934], [0.3182503438459818, 0.3183847821162493, 0.1931101444270257, 0.1702547295107432], [0.2738296985352391, 0.10073632000869467, 0.35176235433875563, 0.27367162701731057], [0.27713219863440847, 0.08997164941572305, 0.27725680213780035, 0.3556393497120682], [0.21822286950688077, 0.1499822377998, 0.46197783715741436, 0.16981705543590483], [0.3757395277956109, 0.2584215882867723, 0.10769958311585323, 0.25813930070176355], [0.0958131378099768, 0.29524235474119936, 0.37918125576659667, 0.22976325158222713], [0.09720116180104427, 0.2642852981443563, 0.2994006298138361, 0.33911291014076334], [0.10076132115425408, 0.3516915633418666, 0.273897669469812, 0.2736494459340673], [0.08959476648865253, 0.31278893348426984, 0.24354381856867083, 0.35407248135840685], [0.09346741994086549, 0.3263089552975595, 0.3263089552975595, 0.2539146693640155], [0.0904082872187304, 0.31570690239095445, 0.3156290587190858, 0.27825575157122934], [0.3907723906015275, 0.23711555487182193, 0.20930225521312484, 0.1628097992135257], [0.41967040149616647, 0.28856466047823687, 0.09364112513014614, 0.19812381279545052], [0.43098375839131287, 0.15858251091120068, 0.23083994134203792, 0.17959378925544853], [0.5106437015528064, 0.1878553260728867, 0.08875589486233341, 0.21274507741197346], [0.3126520560764355, 0.08959707750373783, 0.35445073771584124, 0.24330012860398545], [0.33413620044437276, 0.08452084229491497, 0.3787961146898304, 0.2025468424708819]], "ideal": "A", "sampled": "B", "correct": false}}
{"type": "result", "data": {"idx": 2, "options": ["Some large houses are bigger than some apartments.", "Some houses are bigger than all large apartments.", "Some large apartments are bigger than some houses.", "Some houses are bigger thatn some large apartments."], "probs": [[0.4088875085368716, 0.09126400269597082, 0.2811129113833597, 0.21873557728379783], [0.3199835085566054, 0.08090450515040044, 0.465859006879637, 0.13325297931335717], [0.43512826829427137, 0.12470578308120701, 0.1413577337320521, 0.2988082147924695], [0.5166384942325565, 0.14801942638975946, 0.16777481877132694, 0.16756726050635715], [0.5158824285655731, 0.10158327890227209, 0.2151683403696397, 0.16736595206251517], [0.47295453082612543, 0.08222903126634096, 0.32531299456726565, 0.11950344324026795], [0.25645851322057706, 0.2907953473397763, 0.22655277766844742, 0.2261933616711992], [0.2368789314986815, 0.3448818921697965, 0.20925639567666804, 0.20898278055485398], [0.2655078172418208, 0.23438870904485948, 0.2657936513158126, 0.23430982229750713], [0.28004837867941534, 0.2802313053396644, 0.24730325479726323, 0.19241706108365705], [0.19847513130446448, 0.37125651704189316, 0.2551606411303516, 0.1751077104232908], [0.17592364547877604, 0.4222622811372019, 0.22602070865755083, 0.17579336462647127], [0.4047182084834368, 0.13139275302434708, 0.14888750680779447, 0.3150015315844216], [0.5673718794297694, 0.12663101582612316, 0.16264285908609546, 0.14335424555801196], [0.40153841526458794, 0.05435950863278052, 0.3545878350055669, 0.18951424099706463], [0.356365808429498, 0.05465046735154655, 0.4580177391298911, 0.13096598498906437], [0.5408859969332691, 0.0829475615004404, 0.2555678245669104, 0.12059861689938012], [0.6205930251885177, 0.08398812451092232, 0.15704219392701088, 0.13837665627354911], [0.2666515330211441, 0.3883013311146422, 0.1618680607553959, 0.18317907500881786], [0.25453323881862067, 0.370544384995134, 0.25474689167416403, 0.12017548441208131], [0.33054712903989647, 0.17698174976995654, 0.2919841451946597, 0.20048697589548722], [0.32557886350506865, 0.17437031603544212, 0.3258697043648872, 0.17418111599460206], [0.3385931500663547, 0.33886020867326466, 0.1814327361784829, 0.14111390498189771], [0.3459774799898372, 0.34626787381482665, 0.16356535010541948, 0.1441892959899167]], "ideal": "C", "sampled": "C", "correct": true}}
{"type": "result", "data": {"idx": 3, "options": ["Valid", "Invalid. Counterexample when G and H are true", "Invalid. Counterexample when G is true and H is false", "Invalid. Counterexample when H is true and G is false"], "probs": [[0.21173834886060344, 0.30830773024960806, 0.24006119666539072, 0.23989272412439774], [0.21097347999568614, 0.30707906758459047, 0.21105215812443698, 0.2708952941952864], [0.1846485855298081, 0.4432047837051886, 0.16298123949654417, 0.2091653911684591], [0.21330913044790578, 0.4518205359668874, 0.18831059895988506, 0.14655973452532178], [0.198576316217592, 0.37120366092784546, 0.17524297533667035, 0.2549770474178922], [0.22575747291699083, 0.3725704737359103, 0.2258799902606631, 0.1757920629864358], [0.24290218542630176, 0.3536378600975924, 0.18920878419811418, 0.2142511701779916], [0.21928653118801703, 0.36161634322364977, 0.17074769733628828, 0.24834942815204494], [0.23050184545596136, 0.33550328012926095, 0.20349302885881634, 0.23050184545596136], [0.22588249221815337, 0.3287796475790872, 0.1552466051198746, 0.29009125498288485], [0.20367624139678756, 0.2964041354118932, 0.20367624139678756, 0.2962433816945317], [0.22131167679766534, 0.2843240243556493, 0.17235771076680775, 0.3220065879798776], [0.40275581487364465, 0.31391607135000166, 0.11543451764477618, 0.1678935960315775], [0.43126952001208485, 0.33612408729821774, 0.12358176522834437, 0.10902462736135304], [0.38248374614910363, 0.18074422947051627, 0.2320802004033526, 0.20469182387702753], [0.3500189184792498, 0.21238148210309046, 0.12876477836274913, 0.3088348209549106], [0.381775963811368, 0.18040544745293893, 0.2974383146036758, 0.14038027403201722], [0.3689218296223688, 0.22387649605971727, 0.11979047417379435, 0.2874112000441196], [0.32722895602823154, 0.32748927930844335, 0.12038080869050212, 0.22490095587282302], [0.3646923736255686, 0.36490304623308834, 0.1520263931587426, 0.11837818688260043], [0.32199384218187127, 0.1724568533333126, 0.2213907638592506, 0.28415854052556555], [0.31027206313082184, 0.21328764833928648, 0.16610859085286667, 0.310331697577025], [0.3190737271265876, 0.24864763768071052, 0.28163569323478027, 0.1506429418579216], [0.30304518609784814, 0.26758158792130293, 0.12632803978300078, 0.30304518609784814]], "ideal": "A", "sampled": "C", "correct": false}}
{"type": "result", "data": {"idx": 4, "options": ["If it's not the case that both Izzy plays Minecraft and Ashleigh stops by then Russell makes dinner.", "If it's both not the case that Izzy plays Minecraft and Ashleigh stops by then Russell makes dinner.", "Izzy playing Minecraft and Ashleigh stopping by entails that Russell makes dinner.", "Russell's making dinner is a sufficient condition for Izzy not playing Minecraft and Ashleigh stopping by."], "probs": [[0.4541794020839787, 0.1893830307098317, 0.18943934219378208, 0.16699822491240754], [0.4943832305885659, 0.18202609364436018, 0.1417620820190432, 0.1818285936480307], [0.474029831927851, 0.19771898986330838, 0.17443455494038515, 0.1538166231684555], [0.4596250217805127, 0.1916571798235096, 0.13172392153245469, 0.216993876763523], [0.47772798558822466, 0.12082228948208695, 0.2257928595697624, 0.175656865259926], [0.44901129902812154, 0.11362924493432741, 0.12875881022364905, 0.308600645713902], [0.3206530606620648, 0.4119363251493602, 0.13377350966109752, 0.1336371044274775], [0.34844883369590246, 0.3951192137274929, 0.12824479508576608, 0.12818715739083855], [0.38172135322033857, 0.18042306869048283, 0.29746735536264013, 0.14038822262653847], [0.29903776564579615, 0.14130299318297526, 0.12469945566224747, 0.4349597854089811], [0.2708671885879974, 0.07764950849645036, 0.5064985562913799, 0.1449847465241724], [0.2140740432569317, 0.08926427150455182, 0.11458557780941338, 0.5820761073291031], [0.4180675682295386, 0.25379731870441846, 0.1743770066567178, 0.1537581063093251], [0.35269158376443444, 0.31151047076785854, 0.14706230118240377, 0.18873564418530325], [0.14492624672707985, 0.3942810804535807, 0.3479518216213167, 0.11284085109802278], [0.15203682170558588, 0.3649412473706295, 0.1184063930150839, 0.3646155378087007], [0.3112644320963171, 0.14712113534520582, 0.35292527426787, 0.18868915819060708], [0.16143193719090043, 0.09794638231947275, 0.30180418263483844, 0.43881749775478834], [0.1740859079523303, 0.5366453171720293, 0.15375145465467208, 0.1355173201209682], [0.18044184829985396, 0.4910245913808199, 0.1241135541621808, 0.20442000605714533], [0.08951051065493401, 0.4548508883263087, 0.35423822340054756, 0.1014003775182097], [0.1235368839391318, 0.4315712460135395, 0.10908379418240305, 0.3358080757649256], [0.2491840012973509, 0.19413004278819138, 0.3626826324878283, 0.19400332332662942], [0.1182795065907684, 0.09211617501389319, 0.32163219921876884, 0.4679721190765696]], "ideal": "B", "sampled": "A", "correct": false}}
{"type": "result", "data": {"idx": 5, "options": ["Some houses are smaller than all apartments.", "Every house is bigger than every apartment.", "Some apartment is smaller than every house.", "Some houses are bigger than every apartment."], "probs": [[0.28504453812470265, 0.19596277789468441, 0.15266133160876502, 0.36633135227184793], [0.35890911401605696, 0.1321394235297286, 0.35929898798006504, 0.14965247437414939], [0.3075129183078133, 0.14525881841097507, 0.2396294247754026, 0.30759883840580904], [0.3498699470965856, 0.12878419841385097, 0.30913899267022893, 0.21220686171933453], [0.2978705078700186, 0.2982148438925896, 0.26317366170714124, 0.14074098643025057], [0.34408988615945574, 0.30374308247765813, 0.14352072139262756, 0.20864630987025853], [0.2815036156380035, 0.10355939637907335, 0.15067802255823917, 0.4642589653246839], [0.24427130235789685, 0.08988749569826594, 0.5177585674959689, 0.14808263434786825], [0.23451118693043296, 0.08627184672398581, 0.18275678564472078, 0.49646018060086045], [0.2730781950356217, 0.08868187400759932, 0.45065786087006277, 0.18758206998671617], [0.44873687925995975, 0.24032171125859594, 0.14590104543293556, 0.16504036394850877], [0.4268972746035545, 0.2589986246863699, 0.15713729984567865, 0.15696680076439695], [0.23983922955736064, 0.24004054424806923, 0.21190207020163565, 0.3082181558929345], [0.21439402761672896, 0.18926193664246344, 0.3534759738751618, 0.24286806176564582], [0.19041965899947458, 0.21591469643341035, 0.19041965899947458, 0.4032459854676405], [0.2731824733585381, 0.1879231128527618, 0.3510865762154869, 0.1878078374732132], [0.2730506780344191, 0.2732081833152634, 0.21277474815989042, 0.240966390390427], [0.261688917849121, 0.2966152429284073, 0.2618398368096772, 0.17985600231279442], [0.4234759070850591, 0.06495917829814571, 0.3741481741198833, 0.13741674039691185], [0.5323460023326645, 0.08163790115013685, 0.13466667912050329, 0.25134941729669535], [0.617202135089809, 0.1377483246599229, 0.1073631149111711, 0.13768642523909697], [0.6273552669677941, 0.12359268325903205, 0.10912926764485446, 0.13992278202831937], [0.527711164772888, 0.0809470954668137, 0.17145786070877547, 0.21988387895152275], [0.4700131012771449, 0.07209662186162524, 0.3232897745504346, 0.13460050221079525]], "ideal": "D", "sampled": "D", "correct": true}}
{"type": "result", "data": {"idx": 6, "options": ["Valid", "Invalid. Counterexample when K and L are true", "Invalid. Counterexample when K is true and L is false", "Invalid. Counterexample when L is true and K is false"], "probs": [[0.2178935473311668, 0.31727019894735864, 0.21796990088339196, 0.2468663527380826], [0.21095023185737133, 0.3071601780095553, 0.2110241416190881, 0.2708654484139852], [0.22069596738527472, 0.4126039033389505, 0.1719055848503577, 0.19479454432541712], [0.22525136023005551, 0.42112046005808934, 0.19881532779227323, 0.15481285181958193], [0.22576925156242977, 0.37256819006055203, 0.17585730550914766, 0.22580525276787053], [0.21511446786414765, 0.40216894735341063, 0.21518529308118417, 0.16753129160125751], [0.266612299255064, 0.342449705043454, 0.1833001131619531, 0.20763788243952885], [0.2461090422340845, 0.31618178358763344, 0.1916393666022017, 0.24606980747608037], [0.24000832078428583, 0.3082916988378672, 0.21177065054786473, 0.23992932972998218], [0.239520713662991, 0.30765193697713883, 0.14527665077187218, 0.307550698487998], [0.23828485960790152, 0.2701586524895675, 0.18564145541780647, 0.3059150323847245], [0.22591090536705916, 0.2901245696571108, 0.15526612332797274, 0.3286984015478573], [0.38822814152102486, 0.3024070144831931, 0.12603921448157762, 0.18332562941420436], [0.41837094476721065, 0.3259348966133964, 0.13584682748886948, 0.11984733103052349], [0.4031989456249925, 0.1905287142143775, 0.1904921020596912, 0.21578023800093885], [0.36892923709041114, 0.22384057936814175, 0.11981321870082538, 0.2874169647406217], [0.38600189640243915, 0.20667994636256826, 0.2653372664584798, 0.14198089067651276], [0.35535305137491224, 0.21563577605655618, 0.11536623564919607, 0.31364493681933553], [0.3788907301708219, 0.29524056340838106, 0.12302868823795937, 0.20284001808283764], [0.39003825109561907, 0.30392693754427236, 0.162592125115834, 0.14344268614427452], [0.3509940786910064, 0.1878735999986172, 0.1878735999986172, 0.2732587212117592], [0.34407742782735945, 0.20876663299002834, 0.14345714020912342, 0.30369879887348883], [0.3756242412233058, 0.22798761514621863, 0.2582036958224884, 0.13818444770798716], [0.31776935471625195, 0.24756048262918348, 0.11690080783831258, 0.31776935471625195]], "ideal": "D", "sampled": "C", "correct": false}}
{"type": "result", "data": {"idx": 7, "options": ["The university increases financial aid.", "The university does not increase financial aid.", "The board of trustees prevents it.", "The president fails to approve it."], "probs": [[0.061055228335471036, 0.8431366712618764, 0.04194371789998486, 0.053864382402667665], [0.054287262659956745, 0.8491957250073404, 0.042257417303996146, 0.054259594928706696], [0.07964216053222671, 0.062025382184362, 0.7560883647030237, 0.10224409248038767], [0.09694137278807259, 0.07551551496949359, 0.10982505812403438, 0.7177180540183994], [0.09608460789462356, 0.08476275709989958, 0.7102745001961503, 0.10887813470932647], [0.09726607871026244, 0.08583701465044118, 0.09724490416005034, 0.719652002379246], [0.7560045746554089, 0.07965438096790081, 0.06204542912684347, 0.10229561514984681], [0.7517819495787635, 0.07920947884061603, 0.07923723225147579, 0.08977133922914457], [0.7676937665137413, 0.09160988134283762, 0.049042579329800835, 0.09165377271362024], [0.8363120461576219, 0.06861580085870142, 0.05345456614420336, 0.04161758673947333], [0.7434931036629963, 0.11393320007551472, 0.053827368836102216, 0.08874632732538684], [0.8184938917828015, 0.07609533971355396, 0.059263109961967646, 0.04614765844167683], [0.047198738194771356, 0.04719021473069634, 0.8369496935223584, 0.06866135345217389], [0.07640547703067095, 0.08657875362701144, 0.11114512217435309, 0.7258706470679646], [0.12390324762161657, 0.7132638001292745, 0.06632063639865507, 0.09651231575045384], [0.1159456315994054, 0.7560605039854277, 0.07967548430740808, 0.04831838000775882], [0.0696683494825276, 0.10131836228616502, 0.07888964210155092, 0.7501236460297565], [0.08345512919506487, 0.0736488921040819, 0.7922870285611429, 0.05060895003971039], [0.06687936233573621, 0.059009489961528244, 0.8151016576412073, 0.059009489961528244], [0.07743456329278511, 0.08770542721624443, 0.0993832662510323, 0.7354767431399382], [0.18584049438467742, 0.6488889696876378, 0.07746984352401969, 0.08780069230366513], [0.17308873781735565, 0.6846954566786654, 0.09263295334273527, 0.04958285206124373], [0.0711441838329165, 0.09133104706890871, 0.0711441838329165, 0.7663805851652583], [0.11514954353573942, 0.07912674604404513, 0.7513309176359082, 0.05439279268430729]], "ideal": "B", "sampled": "B", "correct": true}}
{"type": "result", "data": {"idx": 8, "options": ["E \u2283 F", "F \u2283 G", "H \u2283 ~E", "~H"], "probs": [[0.09061105278387388, 0.09061105278387388, 0.46029768997901105, 0.3584802043532412], [0.1002471148683381, 0.1002471148683381, 0.4492763541728733, 0.35022941599045054], [0.11287345327421167, 0.34787521799528426, 0.14493237866300543, 0.3943189499674986], [0.11214450494990727, 0.3050161829654693, 0.3454293829133777, 0.23740992907124572], [0.12815065871612213, 0.34844106951509, 0.12822011302947464, 0.3951881586393132], [0.12137116085607494, 0.2913221679028567, 0.33021572201070626, 0.25709094913036207], [0.10021648852047313, 0.10024627594036506, 0.44941479934364004, 0.35012243609552174], [0.10022034866774918, 0.10024834049800625, 0.44941545834310914, 0.3501158523911354], [0.10967485696918601, 0.3830236265858272, 0.12427788975915947, 0.3830236265858272], [0.10842136552942246, 0.33414228253559414, 0.37863282653034563, 0.17880352530463775], [0.13441309331503465, 0.36547476049583166, 0.13441309331503465, 0.36569905277409903], [0.13152160651315084, 0.24599875897694906, 0.4054551240937958, 0.2170245103161043], [0.3712279442888616, 0.12055820045818011, 0.13661034200300098, 0.3716035131499573], [0.31360119110784335, 0.11540172821020818, 0.3554623371683388, 0.21553474341360968], [0.3827250811955922, 0.12432890106249289, 0.10971987001126822, 0.3832261476306467], [0.3783117077237437, 0.1084791089664367, 0.3343573932893522, 0.17885178992046744], [0.4024740337185707, 0.2766933954470806, 0.13066419568352008, 0.19016837505082862], [0.4465434880678258, 0.2391470527918175, 0.12800619732016585, 0.18630326172019085], [0.34594370880411557, 0.1634525458812415, 0.14428422913645605, 0.3463195160781869], [0.2617434326973986, 0.14017708835000928, 0.3362673518082386, 0.2618121270443536], [0.3246917869433223, 0.15345665006846368, 0.15350226252491253, 0.3683493003633015], [0.24964407641873929, 0.11798741931005312, 0.41193897448694683, 0.22042952968426074], [0.3231980156098759, 0.25183504442088184, 0.17313189544836038, 0.25183504442088184], [0.3231753062405571, 0.25181731203932717, 0.17311970629868667, 0.25188767532142897]], "ideal": "D", "sampled": "C", "correct": false}}
{"type": "result", "data": {"idx": 9, "options": ["L", "~L", "L \u2022 ~L", "L \u2228 ~L"], "probs": [[0.030081527710455077, 0.03408684043569886, 0.05618000875469974, 0.8796516229991463], [0.037709281406644264, 0.0332843368211533, 0.8585793503048647, 0.07042703136733776], [0.0421098697300604, 0.0694274385906428, 0.0421098697300604, 0.8463528218492364], [0.04987407269898004, 0.11966330213009392, 0.7806124352088478, 0.04985018986207825], [0.04616782022993742, 0.81847470823321, 0.05927177937542179, 0.07608569206143073], [0.0532550554911813, 0.8331821622103407, 0.0603368510270642, 0.053225931171413846], [0.03015124301436156, 0.07232907117321584, 0.11925048636288771, 0.7782691993495349], [0.02255059898971279, 0.06129888131986588, 0.8467251903396665, 0.06942532925075479], [0.036428000367202396, 0.14404783980544555, 0.08736944100091745, 0.7321547187264346], [0.03839318754897808, 0.11828208493223215, 0.771621928070401, 0.07170279934838879], [0.020239676222582267, 0.8606129435014609, 0.07063141841167266, 0.0485159617642842], [0.025883460945130256, 0.8572879608425168, 0.06207199521262102, 0.05475658289973194], [0.03418806385957907, 0.0497236056049143, 0.0341745000768458, 0.8819138303586608], [0.043899404925571976, 0.10530920129502983, 0.7784643027439033, 0.07232709093549486], [0.0422547048204058, 0.05423588657493975, 0.054245684088387223, 0.8492637244162672], [0.04569554394578031, 0.05867423840719716, 0.8103370718366667, 0.08529314571035582], [0.06869755403132297, 0.7386789018463467, 0.14543271957463083, 0.047190824447699495], [0.08662868096643125, 0.7257029251243994, 0.11125117290581236, 0.076417220903357], [0.6929177537922883, 0.12045884696741055, 0.050204447648802934, 0.1364189514914983], [0.7166293751979084, 0.1411687114519465, 0.06668337334497455, 0.07551853990517056], [0.6888375723678012, 0.0932610312027125, 0.082285737633991, 0.1356156586954953], [0.7069671275303296, 0.09571801228264856, 0.07452903187452556, 0.12278582821249621], [0.775206009122538, 0.0636834038514893, 0.10497332834589797, 0.056137258580074706], [0.780911428084854, 0.07268360093961398, 0.06412819628979785, 0.08227677458573412]], "ideal": "D", "sampled": "D", "correct": true}}
{"type": "result", "data": {"idx": 10, "options": ["(\u2200x)[Kx \u2283 (\u2200y)(Py \u2283 Lxy)]", "(\u2200x)[Kx \u2283 (\u2200y)(Lxy \u2283 Py)]", "(\u2200x)(\u2200y)[(Kx \u2022 Py) \u2283 Lyx]", "(\u2200x)[(Kx \u2022 (\u2200y)(Py)) \u2283 Lxy]"], "probs": [[0.34240371495643085, 0.18331542882450252, 0.26672238506276075, 0.2075584710563059], [0.3190473913827376, 0.24857299027341387, 0.15076713262480823, 0.2816124856190403], [0.2825647104764364, 0.4661079630164231, 0.11787320626943615, 0.13345412013770436], [0.26883892423976397, 0.4434057671910771, 0.1439251069845178, 0.14383020148464107], [0.4181561220373111, 0.1539256182799421, 0.17438258679657268, 0.2535356727861741], [0.30233230733333194, 0.12603086044078113, 0.388356471196373, 0.18328036092951394], [0.2841275505082399, 0.2214148243407851, 0.32215665327561027, 0.17230097177536477], [0.23839073591204968, 0.3469231529760084, 0.14464866054544748, 0.2700374504664944], [0.2899913061869142, 0.3288052232768797, 0.22603668749888287, 0.15516678293732322], [0.24138008363962984, 0.24148205229326639, 0.16593189282038678, 0.351205971146717], [0.20894790249696474, 0.11184176301545133, 0.44252959891321414, 0.23668073547436977], [0.22135409881320778, 0.1343113252796732, 0.32226629121262046, 0.32206828459449854], [0.29408071669494495, 0.42805475421113304, 0.13899928991600918, 0.1388652390779128], [0.3089481020057708, 0.3969263550016397, 0.12883674950886723, 0.1652887933837223], [0.27603476926489784, 0.24370934141710046, 0.31292899689775694, 0.16732689232024475], [0.19514496040941004, 0.32180969944925564, 0.11838717404650403, 0.36465816599483025], [0.3255630239183171, 0.17436846049660432, 0.3258386655816238, 0.17422984990345483], [0.3528250963826867, 0.2425953443162642, 0.12985193011963814, 0.2747276290814109], [0.22528170046937704, 0.4210486709650515, 0.15489514170528226, 0.19877448676028917], [0.2534616887315966, 0.3689976334202841, 0.22380837795880507, 0.15373229978931427], [0.21432637314817946, 0.18925864066551906, 0.3535046980475942, 0.24291028803870726], [0.24139954917998457, 0.24145212047510448, 0.16598590712121536, 0.3511624231236956], [0.2429882996586119, 0.40077897305088406, 0.18931458606444218, 0.16691814112606182], [0.20247539894309946, 0.4289039692527282, 0.13918593071394553, 0.22943470099022678]], "ideal": "A", "sampled": "A", "correct": true}}
{"type": "result", "data": {"idx": 11, "options": ["Logically equivalent", "Contradictory", "Neither logically equivalent nor contradictory, but consistent", "Inconsistent"], "probs": [[0.2369132645540989, 0.209110709460882, 0.344827541982766, 0.2091484839022531], [0.21424280637255044, 0.18910979377331621, 0.2428780536314236, 0.35376934612270977], [0.1965390472891941, 0.47174502117304795, 0.1351035853355664, 0.19661234610219155], [0.15524655578968163, 0.32865697142175465, 0.2901059686847498, 0.2259905040038139], [0.20649738300020748, 0.2652829249640821, 0.14189055349167043, 0.38632913844404], [0.20758185969330492, 0.26663976507739495, 0.3424422987589182, 0.18333607637038196], [0.2304777835150223, 0.2304777835150223, 0.3355625917510788, 0.2034818411188766], [0.23681183862737507, 0.2090341510871872, 0.20914059008475633, 0.3450134201006814], [0.23896651745532882, 0.4467819199478307, 0.12800515805379534, 0.18624640444304516], [0.225210951634398, 0.42102471146431725, 0.15488634665894968, 0.19887799014233504], [0.22059799903821342, 0.22064912491921707, 0.19467705816008615, 0.3640758177824834], [0.19044302685804643, 0.19040406032094778, 0.4032556772313934, 0.21589723548961243], [0.4286934179417702, 0.22951625407330284, 0.13924296859046342, 0.20254735929446355], [0.41232470288213546, 0.22075267462836545, 0.17200988785707277, 0.19491273453242625], [0.4086532883940806, 0.24786075590599857, 0.1504070795618778, 0.19307887603804305], [0.4209179862228831, 0.2253641020009979, 0.15489033199114932, 0.19882757968496967], [0.28095890135335577, 0.4087928089386025, 0.11714824724323228, 0.1931000423648094], [0.26816245511230735, 0.44233667186938014, 0.12673158753541008, 0.16276928538290245], [0.2601837813594034, 0.2028256654536554, 0.15784379838318718, 0.37914675470375403], [0.23692547135554987, 0.2091237635570818, 0.3447867980967905, 0.20916396689057784], [0.23758160283519064, 0.18514979435588522, 0.1851068939115339, 0.3921617087973902], [0.23191072843405927, 0.18068853970483453, 0.3826063160929045, 0.2047944156682017], [0.2047736166991617, 0.4336674148354276, 0.18077948418270537, 0.18077948418270537], [0.2132856356926985, 0.451716442207544, 0.14665085254774582, 0.18834706945201168]], "ideal": "B", "sampled": "C", "correct": false}}
{"type": "result", "data": {"idx": 12, "options": ["E \u2283 F", "F \u2283 G", "G \u2283 E", "~~F"], "probs": [[0.10804631640461194, 0.17813825738241768, 0.2289514856478464, 0.484863940465124], [0.09901455124870008, 0.16329904294101039, 0.3458204633219116, 0.39186594238837796], [0.13466786248135543, 0.22217477027861104, 0.1729716560957211, 0.4701857110443124], [0.11708512552148109, 0.19304072279666484, 0.4089180406841593, 0.28095611089769473], [0.13353626428699275, 0.22029103336515504, 0.28285929557832723, 0.363313406669525], [0.1303995607841549, 0.3129052957388165, 0.243690874121148, 0.3130042692558806], [0.24775082622223674, 0.15036661473300572, 0.19314371961975688, 0.40873883932500066], [0.25288688380314617, 0.13544898820211054, 0.2868482384738105, 0.3248158894209328], [0.2666118442745626, 0.1832939386184504, 0.16180750726035428, 0.38828670974663276], [0.27704248332807274, 0.1681848613882387, 0.2774826933926595, 0.2772899617910291], [0.26658281880812734, 0.183273981747809, 0.2077423266233441, 0.34240087272071956], [0.264900970511427, 0.1607183295006521, 0.23391776228959735, 0.3404629375983235], [0.24292491054155238, 0.16695967561127506, 0.18932159322681305, 0.4007938205203595], [0.25806315288723675, 0.15661928989628116, 0.2928067321965387, 0.2925108249199434], [0.2601970925813811, 0.20283435304180633, 0.158024129108491, 0.3789444251683216], [0.26165008542305374, 0.17994675038445587, 0.26191478965047477, 0.2964883744420156], [0.2710806727138282, 0.2712470590797021, 0.18642520902676762, 0.2712470590797021], [0.2952062487307028, 0.23011222479426477, 0.17921158669586973, 0.29546993967916274], [0.15992868183337774, 0.14117600232703367, 0.2639133671245318, 0.4349819486150568], [0.20902534694293975, 0.16292574514530797, 0.2372103858588239, 0.39083852195292834], [0.19868037990790335, 0.154811225286048, 0.22531194499766516, 0.4211964497083835], [0.18020163743186482, 0.14042732327408985, 0.2973847135214358, 0.3819863256726095], [0.23598630640449447, 0.18393128714696774, 0.23624265109576592, 0.34383975525277183], [0.21426589465582654, 0.18914182200415236, 0.24301196270223277, 0.3535803205377883]], "ideal": "D", "sampled": "D", "correct": true}}
{"type": "result", "data": {"idx": 13, "options": ["Valid", "Invalid. Counterexample when E, F, and G are true", "Invalid. Counterexample when E and F are true and G is false", "Invalid. Counterexample when E, F, and G are false"], "probs": [[0.4431715807020134, 0.26907334303489655, 0.14390273594286843, 0.14385234022022161], [0.439217266454788, 0.26665593184427683, 0.111090428289806, 0.18303637331112918], [0.37479113970240474, 0.3310713122294382, 0.1379262784294503, 0.15621126953870676], [0.3844055842666682, 0.2996829822596006, 0.11015393508212408, 0.2057574982916071], [0.388027052783748, 0.2668989876881508, 0.16181406574864007, 0.18325989367946116], [0.35879514152388736, 0.2796665173439638, 0.1920861332237283, 0.16945220780842055], [0.27825670187715507, 0.45896152585797584, 0.1314139009248673, 0.1313678712400018], [0.27230792829192646, 0.44913806837570397, 0.1134750677013906, 0.16507893553097902], [0.2866169511985264, 0.25310406086298, 0.32491675016015054, 0.13536223767834304], [0.29929322001325304, 0.26432278749683735, 0.0971827804945084, 0.33920121189540114], [0.2979386239331635, 0.1595794009877426, 0.3377513091748358, 0.2047306658042581], [0.2738969366559214, 0.21335216182351677, 0.11415660550282171, 0.3985942959177401], [0.36465097820162673, 0.3649597302477301, 0.1184076017734792, 0.15198168967716394], [0.3383708520259403, 0.3835674140166462, 0.09694487383860503, 0.18111686001880847], [0.33240254224183646, 0.17803867853714775, 0.33254294097631454, 0.15701583814470127], [0.33406698942765106, 0.17887985728621994, 0.10843726847868135, 0.37861588470744767], [0.3089304888314042, 0.12881123871824493, 0.3500641055121943, 0.21219416683815653], [0.31835762611894, 0.1704721948474701, 0.1503543451383662, 0.36081583379522375], [0.27801953500621973, 0.4046869096640268, 0.14878452647697843, 0.16850902875277501], [0.2934288382236784, 0.4271830617954317, 0.15708951650479122, 0.1222985833760987], [0.26352363198061757, 0.23260945668959207, 0.29867645785293523, 0.2051904533768551], [0.29547832293769305, 0.2608559507125814, 0.10872003759012322, 0.33494568865960234], [0.2979912757575544, 0.2631380557750778, 0.29810956117509935, 0.1407611071922685], [0.29127265047011336, 0.25725169242383533, 0.12142050195921811, 0.33005515504683314]], "ideal": "C", "sampled": "A", "correct": false}}
{"type": "result", "data": {"idx": 14, "options": ["Valid", "Invalid. Counterexample when H, I, and J are false", "Invalid. Counterexample when H and I are true and J is false", "Invalid. Counterexample when I is true and H and J are false"], "probs": [[0.28845944138087776, 0.2886260661603649, 0.22469303830125978, 0.19822145405749753], [0.2708879830069251, 0.3071335989138433, 0.21104645180289516, 0.2109319661763364], [0.32923503725708225, 0.3734554834750714, 0.12114067013421205, 0.17616880903363427], [0.32486713413427754, 0.3683490211647313, 0.1534286611139628, 0.1533551834870284], [0.2978885636379601, 0.337898775697292, 0.15947704792765713, 0.20473561263709075], [0.30526622217027766, 0.3462048367450682, 0.18518894357054427, 0.16333999741410984], [0.3052461904617094, 0.3461821222175724, 0.1852146751152429, 0.16335701210547526], [0.2987931459483672, 0.33878515176917245, 0.18122721256670699, 0.18119448961575335], [0.2800588136657625, 0.28029595075557856, 0.2471985629191513, 0.19244667255950765], [0.28794490024219804, 0.28804578110948326, 0.1360155424944965, 0.2879937760538222], [0.27309339421958495, 0.27320875900609803, 0.24105338031464155, 0.21264446635967543], [0.2879382457426812, 0.2880391564092832, 0.13603547619518688, 0.2879871215528487], [0.41091913062092694, 0.3202335476729078, 0.11770767849308952, 0.1511396431130757], [0.3883356162267304, 0.34285906379526543, 0.14280400104852994, 0.12600131882947424], [0.3860209515913317, 0.14207302879301725, 0.2653658547950175, 0.2065401647206335], [0.3646298132016917, 0.19520754056425832, 0.11837796385247297, 0.32178468228157703], [0.37492291439645276, 0.15635714724480007, 0.3308683187540565, 0.1378516195046907], [0.3844870964769694, 0.20586888599706368, 0.11015740042257971, 0.29948661700338725], [0.35896189086906355, 0.3169165645794025, 0.1320547053698183, 0.19206683908171562], [0.38105699700074297, 0.33643281707106004, 0.15884818253454683, 0.12366200329365015], [0.3331616868216675, 0.17836745347336605, 0.25958323862912064, 0.22888762097584578], [0.3440636046771321, 0.20879839047492127, 0.14345139049866681, 0.3036866142492798], [0.36318422983758747, 0.22032743185019052, 0.2829060084643882, 0.1335823297478338], [0.3602573489935957, 0.21858368624549887, 0.10323298591731725, 0.3179259787435882]], "ideal": "D", "sampled": "A", "correct": false}}
{"type": "result", "data": {"idx": 15, "options": ["(\u2203x){Fx \u2022 (\u2200y)[Dy \u2283 (\u2203z)(Vz \u2022 Rxyz)]}", "(\u2203x){Fx \u2022 (\u2203y)[Vy \u2022 (\u2203z)(Dz \u2022 Rxyz)]}", "(\u2203x){Fx \u2022 (\u2203y)(\u2203z)[(Vy \u2022 Dz) \u2022 Rxzy]}", "(\u2200x){Fx \u2283 (\u2203y)[Vy . (\u2203z)(Dz \u2022 Rxyz)]}"], "probs": [[0.29727381464846475, 0.18038673697098262, 0.38197293873781896, 0.14036650954273366], [0.3171461882016171, 0.2179237292545869, 0.2470509374601749, 0.21787914498362113], [0.29257537239436326, 0.29270691985125, 0.29277910107929256, 0.12193860657509421], [0.2247064679286445, 0.28852880457481966, 0.19830276943879377, 0.28846195795774204], [0.2776228578392061, 0.1021317465403061, 0.40403249825725096, 0.21621289726323684], [0.31773830543331016, 0.11691648560091025, 0.317890356873054, 0.2474548519927256], [0.31666605245883367, 0.19215405616534215, 0.3591738182316448, 0.1320060730441794], [0.3625856583562653, 0.1941204041924607, 0.24925550444531097, 0.194038432905963], [0.24364237446985307, 0.3129111118546804, 0.31306083873126567, 0.13038567484420086], [0.35743565428961216, 0.3575775431507144, 0.16894443834953174, 0.11604236411014171], [0.39851567156236245, 0.11417665225789714, 0.21341213481883914, 0.27389554126090127], [0.3340684100487156, 0.10845613981169393, 0.37874188168861694, 0.17873356835097354], [0.27247566794041966, 0.272721209281865, 0.3089574071145272, 0.14584571556318815], [0.29629043072862987, 0.203684445865846, 0.20373469257689422, 0.29629043072862987], [0.24246230402680252, 0.35293916214906657, 0.2748693022699486, 0.12972923145418233], [0.22946216163724817, 0.42887282367232266, 0.2025410681760426, 0.13912394641438655], [0.24589476744175395, 0.13158551955142475, 0.21700137204737938, 0.40551834085944194], [0.23479542483716814, 0.12567694671204005, 0.49717713138223635, 0.14235049696855542], [0.2460786959020001, 0.19169070681610265, 0.3162054858579403, 0.24602511132395696], [0.2821822250257545, 0.21982511040829122, 0.2490944936352572, 0.24889817083069704], [0.2842426895811033, 0.32208916541693355, 0.17244444785777843, 0.2212236970441847], [0.2569651228836967, 0.3301177820198097, 0.257095984877388, 0.1558211101191056], [0.192112994292345, 0.3589143103163996, 0.1695836160969485, 0.2793890791943069], [0.24251594052947584, 0.352858616993668, 0.27487434705394964, 0.12975109532290652]], "ideal": "B", "sampled": "B", "correct": true}}
{"type": "result", "data": {"idx": 16, "options": ["The university raises tuition.", "The governor approves of it.", "The board of trustees recommends it.", "None of the above"], "probs": [[0.08115340526623395, 0.1946769000491462, 0.5294104656223395, 0.19475922896228037], [0.07612794523479297, 0.1612042015450295, 0.26590042907469186, 0.49676742404548563], [0.14658827820882256, 0.21333608466207457, 0.45175579760852363, 0.18831983942057925], [0.11348852175863605, 0.1651466737478729, 0.27231915970942644, 0.4490456446840646], [0.07709882351868659, 0.26913275738046205, 0.20965455854714488, 0.44411386045370643], [0.10477221720570028, 0.28483808895793616, 0.19576616614841527, 0.4146235275879483], [0.21812571582997117, 0.16990038750856842, 0.4620584249034401, 0.14991547165802024], [0.15453368193550795, 0.13639353011088295, 0.28882902427364404, 0.42024376357996507], [0.22361022879522705, 0.32543980657662996, 0.25353116130203684, 0.1974188032261062], [0.2163183644509036, 0.31482210917703224, 0.2779102672736849, 0.19094925899837922], [0.20048990836375133, 0.29174734772099015, 0.17697713120342812, 0.33078561261183037], [0.16948048541344796, 0.27946542792695284, 0.3589517145208968, 0.19210237203870242], [0.24292157141597243, 0.18923916404551544, 0.4008112669436495, 0.16702799749486263], [0.19853743317116457, 0.17523183894694389, 0.255034945729652, 0.3711957820522395], [0.23825777354665892, 0.306050589469745, 0.27008869436398264, 0.18560294251961343], [0.23252157622324962, 0.29867506779164504, 0.26357982576388145, 0.20522353012122388], [0.18121421885275724, 0.29881377978132184, 0.1812668944505079, 0.33870510681541305], [0.17692493599709672, 0.29180877093397667, 0.3307092339642785, 0.20055705900464812], [0.18061462312046497, 0.23194085404849538, 0.2047684222965575, 0.38267610043448214], [0.21431437984009089, 0.24291231501914878, 0.1892352792659328, 0.3535380257748275], [0.19989345965770688, 0.37356564398844605, 0.19992341099170352, 0.22661748526214354], [0.21174389034300387, 0.30823314870544877, 0.2400114804257737, 0.2400114804257737], [0.18781143795689742, 0.3508779495080337, 0.1879072226153327, 0.2734033898197362], [0.2033962430390716, 0.33542974799078645, 0.2306042748819223, 0.23056973398821962]], "ideal": "D", "sampled": "C", "correct": false}}
