{"type": "result", "data": {"idx": 0, "options": ["temporary dipoles created by the position of electrons around the nuclei in a molecule", "the three-dimensional intermolecular bonding present in all covalent substances", "the uneven electron-to-proton ratio found on individual atoms of a molecule", "the electronegativity differences between the different atoms in a molecule"], "probs": [[0.9201649645473245, 0.031495543765662486, 0.016856997512729933, 0.03148249407428303], [0.9235886041995305, 0.03160808507532926, 0.016918589754916103, 0.027884720870224193], [0.9279853078978031, 0.028026828399637077, 0.019261085678975574, 0.024726777923584287], [0.9331632290337749, 0.024875247941194133, 0.017095120685682547, 0.024866402239348367], [0.9270251452497882, 0.028000077349133224, 0.01698290676705296, 0.027991870534025652], [0.9300865228502774, 0.024793232642400784, 0.017037470431481124, 0.028082773975840723], [0.011546015824310838, 0.9173396893220198, 0.03555991526754676, 0.035554379486122556], [0.011642434135495936, 0.9250699625382851, 0.03164741514483326, 0.03164018808138574], [0.020817366580979227, 0.04994310326078086, 0.8851769431260076, 0.044062586932232306], [0.024937177864076978, 0.019424519183438235, 0.019422753395781027, 0.9362155494567037], [0.020562009232755616, 0.049325695557175246, 0.8742342313585486, 0.05587806375152056], [0.024735456994828105, 0.021831079258061745, 0.0247310946801003, 0.9287023689670099], [0.011770167485933687, 0.935086451282466, 0.028233284736887774, 0.02491009639471244], [0.013265885505493808, 0.9301382425256085, 0.03181759141147481, 0.024778280457422818], [0.013390975965549449, 0.019485762286419465, 0.9387798878204633, 0.028343373827567818], [0.017459261566351848, 0.013597285430066535, 0.01540502551937279, 0.9535384273842088], [0.017141756264483447, 0.0249435210960209, 0.9359081536804915, 0.022006568859004105], [0.01969806132219346, 0.013539497928357382, 0.01738059917357076, 0.9493818414758783], [0.009294082487606254, 0.9480853755315473, 0.025260873348112677, 0.017359668532733838], [0.010493106865385845, 0.9447368732149966, 0.02517026596938252, 0.01959975385023503], [0.013273335073001796, 0.028099652403111082, 0.930532635031843, 0.028094377392044075], [0.022073120739963824, 0.019477688536021408, 0.01947602519383825, 0.9389731654301765], [0.015158077742358219, 0.02499386521308012, 0.9377970740367557, 0.02205098290780594], [0.01969440896847472, 0.013535756075899161, 0.017378859721942443, 0.9493909751336836]], "ideal": "A", "sampled": "A", "correct": true}}
{"type": "result", "data": {"idx": 1, "options": ["70 pm, 1402 kJ/mol", "86 pm, 898 kJ/mol", "135 pm, 523 kJ/mol", "40 pm, 995 kJ/mol"], "probs": [[0.3306014239457454, 0.2918578982061353, 0.17702077327388574, 0.2005199044742336], [0.33761863387939894, 0.2980527446246381, 0.1595361310291436, 0.20479249036681935], [0.29856184566852795, 0.20525804465831193, 0.2636162379659286, 0.23256387160723152], [0.31822829487037385, 0.1930878551681116, 0.17039943721976272, 0.31828441264175183], [0.3254083644212463, 0.2534975371480177, 0.1974444210712694, 0.22364967725946658], [0.2988140582739516, 0.1812926232633496, 0.1812926232633496, 0.33860069509934915], [0.3286370928528474, 0.2901622018072898, 0.1553126414244408, 0.22588806381542195], [0.29533589663115967, 0.2954542118422118, 0.17920205150227453, 0.230007839924354], [0.2821100013851641, 0.21982115177368602, 0.24906091018419965, 0.2490079365569502], [0.26350734652124197, 0.23261642210717243, 0.20528326887199316, 0.2985929623995925], [0.2821550754805075, 0.2490477227135011, 0.2490733974123226, 0.21972380429366883], [0.27310084073043955, 0.24106191508764796, 0.21273640335147292, 0.27310084073043955], [0.2634854873231991, 0.2986549988290781, 0.23261826881499076, 0.20524124493273205], [0.25559373230725035, 0.28968726332195094, 0.19909895651131415, 0.25562004775948455], [0.26454836915912305, 0.2647078413909563, 0.2646769661840456, 0.20606682316587502], [0.2555728630636723, 0.2896862116072829, 0.19912008042490317, 0.2556208448041416], [0.2711419164863288, 0.18643239138646234, 0.2712575196948591, 0.27116817233234974], [0.2634751419914002, 0.2052543101923755, 0.29871090353389945, 0.23255964418232486], [0.270898000624389, 0.3070762042141566, 0.21105019513941475, 0.2109755999220396], [0.25700178739838736, 0.2570765614252506, 0.155924797042513, 0.32999685403384904], [0.3059376295536215, 0.2700971799760861, 0.23838774926735773, 0.1855774411029346], [0.28959086534465234, 0.25570377704924346, 0.199117571095582, 0.25558778641052216], [0.2575142902619134, 0.227352463361164, 0.25759401147191663, 0.257539234805006], [0.25554020352521106, 0.1991349100480729, 0.2897395918857212, 0.25558529444099487]], "ideal": "A", "sampled": "A", "correct": true}}
{"type": "result", "data": {"idx": 2, "options": ["ionic bonding", "nonpolar covalent bonding", "covalent network bonding", "metallic bonding"], "probs": [[0.0481159700945049, 0.5172953950661191, 0.19030234784245897, 0.2442862868969171], [0.05464231615206421, 0.6657971763906062, 0.1310801063759679, 0.14848040098136164], [0.0625003138494623, 0.3596992843938676, 0.21816864932633256, 0.3596317523303375], [0.08677538030898316, 0.26723356638683593, 0.3432032882643535, 0.30278776493982745], [0.052942542858009596, 0.05294706536063365, 0.7310489742195746, 0.16306141746178218], [0.07524742818247668, 0.10948436543018963, 0.3822097422961189, 0.4330584639912148], [0.21975811151092262, 0.24901855360489217, 0.28222477853791117, 0.24899855624627404], [0.35368890620774396, 0.3121544215413036, 0.16709848244600872, 0.16705818970494377], [0.15907397153542277, 0.4324448212945975, 0.2042724696667752, 0.20420873740320453], [0.363091254747988, 0.41150888183309925, 0.13361030616600886, 0.09178955715290388], [0.34984677244547097, 0.3964582294620882, 0.08846179197301947, 0.16523320601942137], [0.3731718659027768, 0.3293711840777044, 0.1763138472857591, 0.12114310263375971], [0.18114529002894267, 0.08557475803699152, 0.4346713351969815, 0.2986086166370843], [0.3723728039766113, 0.1759114843365088, 0.22589536201895552, 0.22582034956792432], [0.09368861069668522, 0.1202876090990273, 0.6110485423135859, 0.17497523779070162], [0.2773400801539231, 0.31433030491412073, 0.27736693204599155, 0.13096268278596462], [0.24104320641367405, 0.2127017197887728, 0.2731625992805397, 0.2730924744170134], [0.21645982561331037, 0.14877052603664426, 0.35688191648729156, 0.27788773176275383], [0.07470644570799737, 0.05818611248763396, 0.7089770130057472, 0.15813042869862146], [0.12181395291063965, 0.12181395291063965, 0.42524746056118923, 0.33112463351753146], [0.06497123140170576, 0.42366564585253075, 0.3738836077516185, 0.13747951489414495], [0.08627919428227805, 0.49659009632680834, 0.23453117288282543, 0.18259953640808815], [0.10953810309726085, 0.433303425417055, 0.29780477948052636, 0.15935369190515777], [0.1132684856009419, 0.575224846741955, 0.09995154811679803, 0.21155511944030517]], "ideal": "C", "sampled": "B", "correct": false}}
{"type": "result", "data": {"idx": 3, "options": ["Ag+(aq) + Br-(aq) \u2192 AgBr(s)", "NH4+(aq) + Ag+(aq) \u2192 Ag(NH4)3+2(aq)", "Br-(aq) + NO3-(aq) \u2192 NO3Br(aq)", "NH4Br(aq) + NO3-(aq) \u2192 NH4NO3(aq) + Br-(aq)"], "probs": [[0.3322382146210095, 0.15698111874432016, 0.0840177952274449, 0.4267628713072254], [0.4349240958255719, 0.14123776553648962, 0.16004335878679107, 0.2637947797511474], [0.10229332456281029, 0.07966611889695714, 0.0620383945956655, 0.756002161844567], [0.31098937058350806, 0.10099282558763917, 0.3993932187338662, 0.18862458499498652], [0.4733812459358208, 0.2236705538831042, 0.10564426882633528, 0.1973039312547397], [0.48612909334987964, 0.20271606006368614, 0.10850609497036137, 0.20264875151607284], [0.03555712356802601, 0.7142413018370253, 0.04565280522368576, 0.20454876927126298], [0.04632150771125434, 0.7246449615999793, 0.06739740098114393, 0.1616361296076225], [0.05496604039917838, 0.03778560606545211, 0.5909406189959018, 0.31630773443946775], [0.0720142003827128, 0.08159487252592455, 0.07200067757842699, 0.7743902494129357], [0.10360129203366046, 0.08071708534723138, 0.5963576879767529, 0.21932393454235516], [0.060281923193183276, 0.060287075269838265, 0.046951615889758595, 0.8324793855472199], [0.058027512887072974, 0.6239646030043117, 0.058022856274235056, 0.2599850277343803], [0.0659958412283848, 0.7096828711860557, 0.06600549718069355, 0.15831579030486598], [0.06308348570257634, 0.03826925215143608, 0.6784830789853611, 0.2201641830606265], [0.08159426720509973, 0.07202108310964343, 0.07200013952727548, 0.7743845100579814], [0.12138015009024787, 0.1071418662048645, 0.480236201252371, 0.29124178235251663], [0.059437316751924804, 0.0673639518114192, 0.05245324342213498, 0.820745487914521], [0.0779708039380245, 0.7399054279169441, 0.05359165449786197, 0.1285321135471694], [0.08382341389746792, 0.7019852503728018, 0.05761453594606953, 0.15657679968366073], [0.08997735145592402, 0.05458427450226561, 0.6649725859140667, 0.19046578802774364], [0.04879584117611977, 0.04306585630040382, 0.04305872236900461, 0.8650795800544718], [0.1125636837327891, 0.0773717829703521, 0.5717672066432138, 0.238297326553645], [0.053251424281125705, 0.06034761396873254, 0.053242029099413925, 0.8331589325507278]], "ideal": "A", "sampled": "A", "correct": true}}
{"type": "result", "data": {"idx": 4, "options": ["W", "Sb", "Fe", "An"], "probs": [[0.019699928921907122, 0.9493740329022822, 0.017387236863268988, 0.013538801212541742], [0.017389852276542495, 0.9497321692785028, 0.02233049982970933, 0.010547478515245335], [0.011793027371648447, 0.015145573028947616, 0.9367509564990707, 0.036310443000333266], [0.009277469038795283, 0.0119125076362247, 0.03236480601254739, 0.9464452172124326], [0.01112789190914841, 0.028421746977808398, 0.940925315784799, 0.019525045228244182], [0.008366533959434755, 0.012176356866828287, 0.012169223866884578, 0.9672878852068524], [0.9545764237192822, 0.025454602895975863, 0.009362466545188844, 0.010606506739553127], [0.9574412649055458, 0.022530440112946713, 0.010640498190200418, 0.009387796691307064], [0.950530346279358, 0.025344257796152424, 0.01056409689076598, 0.013561298933723662], [0.9548961812918993, 0.022469728471354176, 0.01202389373434387, 0.010610196402402652], [0.9501733191759784, 0.02871005053224725, 0.010558766321674946, 0.010557863870099394], [0.951354199311109, 0.028744682479371116, 0.009330279132059045, 0.010570838977460835], [0.014794774848058185, 0.02439955330990631, 0.9152421065144636, 0.04556356522757187], [0.011838498188189932, 0.015206263232515617, 0.03217705500694549, 0.940778183472349], [0.02196250425902351, 0.9341110342597511, 0.021965169704162287, 0.021961291677063104], [0.021974350600001684, 0.9347055274891294, 0.028217387473223526, 0.01510273433764545], [0.012016085601980404, 0.01981363734922951, 0.013614417762444873, 0.9545558591863452], [0.017212088537118184, 0.11225935141013531, 0.8292495017800677, 0.04127905817267879], [0.015282157709213576, 0.01962659920713949, 0.9454736012380636, 0.01961764174558329], [0.013596447791130829, 0.015408592985903824, 0.017454472217653418, 0.9535404869053119], [0.028423812148481078, 0.9415819039427544, 0.01953774812345512, 0.01045653568530933], [0.02854237667968684, 0.9454382533788204, 0.017313925321908646, 0.008705444519584101], [0.015305113601736777, 0.01530880257058845, 0.02226407161532734, 0.9471220121123474], [0.01732156284446257, 0.017328501197823695, 0.9457252867322057, 0.01962464912550803]], "ideal": "B", "sampled": "B", "correct": true}}
{"type": "result", "data": {"idx": 5, "options": ["0.33 atm", "0.40 atm", "0.50 atm", "2.0 atm"], "probs": [[0.3859982260080681, 0.20665675657966917, 0.2653854926925459, 0.1419595246197168], [0.42340715453541655, 0.20008284745352822, 0.17657251128062634, 0.19993748663042887], [0.4087929433766209, 0.28095900122686507, 0.1931768352476923, 0.1170712200488217], [0.41266256566689413, 0.2836913168146637, 0.1518703996983292, 0.15177571772011295], [0.4086770773818268, 0.15038247629066223, 0.24793877074532034, 0.1930016754821906], [0.39669186488643865, 0.1288492006620542, 0.30909315886427574, 0.16536577548723141], [0.28282558463596547, 0.36326766278100203, 0.22033297003089175, 0.1335737824521407], [0.26528325674265196, 0.3861289620013346, 0.1420489102459956, 0.2065388709100178], [0.2766016505859354, 0.19016799895554487, 0.40258563760622695, 0.1306447127522928], [0.23778815492327288, 0.18518961577885862, 0.1851651182683982, 0.3918571109294703], [0.2563839795247237, 0.12113640185419418, 0.4228075945817112, 0.19967202393937092], [0.1979244306949542, 0.10594131559695402, 0.32636275154748096, 0.3697715020606108], [0.30897515088284316, 0.39682181483050205, 0.1654404799343465, 0.12876255425230831], [0.2887617988411181, 0.42030275490108354, 0.13643428885219536, 0.154501157305603], [0.2402279078720191, 0.1651411950423085, 0.4489526748208274, 0.14567822216484502], [0.26109530095203254, 0.17949401910262575, 0.1795192914735143, 0.3798913883718274], [0.28292026691408584, 0.13368895449361018, 0.4117909608102673, 0.1715998176820367], [0.20892818581351774, 0.11187042461513988, 0.23680027179734606, 0.4424011176739963], [0.11354561487330851, 0.5090336950816411, 0.21219680343522992, 0.16522388650982042], [0.13746495599780673, 0.4800176119305994, 0.2267160923997445, 0.15580133957184938], [0.12669166354946487, 0.3444971287875881, 0.3444569254564883, 0.18435428210645874], [0.10872669030860478, 0.2955497668887272, 0.2608217778173733, 0.3349017648852947], [0.13789973483493193, 0.33092026891500215, 0.37493523206151697, 0.15624476408854895], [0.08931876172689698, 0.21428958058351721, 0.2427935654306559, 0.4535980921589299]], "ideal": "C", "sampled": "A", "correct": false}}
{"type": "result", "data": {"idx": 6, "options": ["very soluble", "very electronegative", "isoelectronic with a noble gas", "highly colored"], "probs": [[0.38182498294059436, 0.1240135971773709, 0.2625368119869785, 0.23162460779505625], [0.4183517898569227, 0.13585844330937571, 0.11988230525511541, 0.3259074614785862], [0.34120749223137525, 0.4382849861838843, 0.05931035737973788, 0.16119716410500257], [0.31798748737429916, 0.4084904606906665, 0.10327192678289374, 0.1702501250521406], [0.49050222669487986, 0.18050564006049555, 0.06640430786557701, 0.26258782527904756], [0.3836797418258403, 0.2054688005619097, 0.2054462551053616, 0.2054052024068884], [0.17483257203543828, 0.17489064185714365, 0.47540205858947926, 0.1748747274179388], [0.2237363044775755, 0.287431740447069, 0.11980538305827389, 0.3690265719170816], [0.17101614430350773, 0.5972163169564079, 0.08081185937329441, 0.15095567926679004], [0.16147890444751722, 0.563830128794701, 0.0673341591986115, 0.2073568074591703], [0.18824432420304432, 0.14665313937706329, 0.2133790530574955, 0.45172348326239686], [0.18029899624721762, 0.14047324446714007, 0.3818458857475458, 0.2973818734380965], [0.7795064972729454, 0.09312286174176049, 0.0342605717893212, 0.09311006909597296], [0.7295423692884441, 0.11191386817124932, 0.04665688027398724, 0.11188688216631935], [0.7603275690175869, 0.08016142903776428, 0.042910988890063576, 0.11660001295458526], [0.7714619865677771, 0.07179084633439649, 0.03842337543649817, 0.11832379156132826], [0.7144457154337808, 0.10960795810920615, 0.05178548433699035, 0.12416084202002274], [0.7070725253180319, 0.10846692022019805, 0.04521985164360891, 0.1392407027181611], [0.378937211436467, 0.22996722606016662, 0.09584420856533775, 0.2952513538380286], [0.27775692440088917, 0.21639872039765262, 0.314892826784309, 0.1909515283171492], [0.20039747653387718, 0.09467883407122822, 0.3304616212514387, 0.3744620680434559], [0.2661524156386598, 0.1257718671102498, 0.2662298420733691, 0.3418458750777213], [0.27181858776633316, 0.39571768073374003, 0.14556043254168327, 0.1869032988582435], [0.2783952209912009, 0.3156071736403836, 0.09042297576237866, 0.3155746295060368]], "ideal": "C", "sampled": "C", "correct": true}}
{"type": "result", "data": {"idx": 7, "options": ["no two electrons can have the same four quantum numbers", "no two electrons with the same spin can occupy an orbital", "no two electrons can occupy separate orbitals", "no two electrons can pair up if there is an empty orbital at the same energy level available"], "probs": [[0.13381875850682257, 0.5998399167676959, 0.07163618397538474, 0.19470514065009675], [0.14344481908667892, 0.6429580949653251, 0.08701491225363524, 0.12658217359436078], [0.17828697628559137, 0.10813651635670064, 0.48463423860569704, 0.22894226865201095], [0.33315637704378703, 0.17834101615552864, 0.2595082223155867, 0.2289943843850977], [0.41006692628832403, 0.15087868046922667, 0.21952719657122466, 0.21952719657122466], [0.5112977699617521, 0.14651070752035814, 0.100687639415442, 0.24150388300244774], [0.7244672747555578, 0.08654504236255504, 0.04632421937745912, 0.142663463404428], [0.7380607805936418, 0.08816641666789558, 0.060587507412344734, 0.11318529522611794], [0.7487154731396739, 0.0789230169723923, 0.04224709085110687, 0.13011441893682688], [0.727109464652074, 0.08685277789794615, 0.05969298152146268, 0.1263447758285171], [0.7524452320843288, 0.07932766644351642, 0.037471734541956576, 0.1307553668301982], [0.7891656887906104, 0.07342284295123765, 0.030609502035830512, 0.10680196612232143], [0.10550453748626674, 0.10552202399931683, 0.5358392715478383, 0.2531341668665781], [0.1465782523008634, 0.21329073605788693, 0.3984409570295529, 0.24169005451169678], [0.07038886949295547, 0.6679172018682195, 0.07038886949295547, 0.19130505904586959], [0.07357410888935323, 0.6981043738996531, 0.10703498921478757, 0.12128652789620607], [0.18619110900997196, 0.5061939282776275, 0.0685058970903511, 0.23910906552204939], [0.17945300996139185, 0.3799690788613545, 0.2611249011158618, 0.17945300996139185], [0.2505863122653556, 0.13414066138150962, 0.36466528611702664, 0.2506077401361081], [0.44149862708945625, 0.1433660898973965, 0.1116536309452593, 0.30348165196788796], [0.18352431740729783, 0.5654150457641955, 0.06752410036857581, 0.18353653635993075], [0.1912940264854166, 0.5893525392814336, 0.07038281752384977, 0.14897061660930005], [0.5011381803763538, 0.16274343949458137, 0.06784155559805781, 0.26827682443100703], [0.360767879404238, 0.15041535194708663, 0.3184020925202201, 0.17041467602845523]], "ideal": "D", "sampled": "B", "correct": false}}
{"type": "result", "data": {"idx": 8, "options": ["Rb+", "Se2-", "As5+", "Sr2+"], "probs": [[0.2263514345939811, 0.2565796443641224, 0.2264742797558677, 0.2905946411860288], [0.25168786180293234, 0.2518539203284132, 0.17312978148548985, 0.32332843628316466], [0.24892724306099104, 0.2490914985559192, 0.2198224747014023, 0.28215878358168744], [0.2435854636844972, 0.276103850037504, 0.16749389218363278, 0.31281679399436607], [0.23609684674292528, 0.18398640928711496, 0.2362432208602235, 0.34367352300973625], [0.2382460860853134, 0.18566127012760042, 0.2700897060131429, 0.3060029376739433], [0.2730283005577466, 0.21278400495213345, 0.24111585263677401, 0.2730718417533459], [0.2899451169098016, 0.22595850447664573, 0.15532870126217907, 0.32876767725137357], [0.2730745158242652, 0.24111030221883267, 0.21274066603263697, 0.2730745158242652], [0.27113051027717433, 0.27121976823537663, 0.1864759679392057, 0.2711737534482433], [0.272480146409452, 0.2123229331950375, 0.16532547265577927, 0.3498714476397312], [0.2634495198463204, 0.20531879363390995, 0.2326566725736658, 0.2985750138461038], [0.27109062264993966, 0.18644852656573413, 0.2712809998824964, 0.2711798508018299], [0.29789539724745545, 0.2048672257923772, 0.1595795726679192, 0.33765780419224817], [0.28002482649863936, 0.2802214920240561, 0.192593231777959, 0.24716044959934555], [0.27110309770358004, 0.27129347492762623, 0.18645711620033148, 0.2711463110684622], [0.29791441873482194, 0.20488848938486098, 0.15951141777427538, 0.33768567400604166], [0.23995663580814472, 0.21179694250785705, 0.24013600108808988, 0.30811042049590837], [0.2257976748061187, 0.17590928600189187, 0.22595625296825378, 0.37233678612373566], [0.23824496989944957, 0.18560276093998787, 0.27014504652845783, 0.3060072225321047], [0.23009782222884123, 0.29555494471082766, 0.13961027977293208, 0.334736953187399], [0.25550154164097555, 0.2557716102582555, 0.19911610491351814, 0.28961074308725077], [0.26737410225838104, 0.30315104575628987, 0.12637214549666756, 0.30310270638866155], [0.23825667016080657, 0.2701178273323614, 0.18564910247999927, 0.30597639992683273]], "ideal": "C", "sampled": "C", "correct": true}}
{"type": "result", "data": {"idx": 9, "options": ["the O\u2013H bonds in sulfuric acid are much weaker than in sulfurous acid due to the electron withdrawing of the oxygen atoms on sulfuric acid", "sulfuric acid has more oxygen atoms in its formula", "the sulfur in sulfuric acid is more electronegative than the sulfur in sulfurous acid", "sulfuric acid has the hydrogen atoms bound directly to the sulfur atom"], "probs": [[0.34024926129401356, 0.18218670308516377, 0.040640245059234484, 0.4369237904615882], [0.3059704555865558, 0.18565959949932187, 0.27010157299169607, 0.23826837182242627], [0.2909194317443153, 0.07358195106193575, 0.15573044583821002, 0.47976817125553894], [0.19578725931293905, 0.04952387717722248, 0.4697631141525576, 0.2849257492572808], [0.2263952411900635, 0.47945912116319905, 0.09438364488085943, 0.19976199266587802], [0.21633347786165538, 0.5190902928522806, 0.04827440139066332, 0.21630182779540072], [0.21025523695988946, 0.2383405901445243, 0.046920731604381816, 0.5044834411912044], [0.18917511401668888, 0.3535284399632739, 0.24295127389385673, 0.21434517202618053], [0.1694693143417243, 0.09074452653729245, 0.21764129722387687, 0.5221448617971064], [0.11752373240847547, 0.05552609367523207, 0.4649142722805899, 0.36203590153570253], [0.15387016533266595, 0.47415682668712716, 0.17439980803176197, 0.19757319984844487], [0.17565845540244432, 0.4776477973386959, 0.057036830156297985, 0.2896569170025618], [0.1306526919874224, 0.1901746931429859, 0.2766169226901205, 0.40255569207947123], [0.1086908282363692, 0.10871543750242821, 0.4871718854376251, 0.2954218487235775], [0.09902244281573797, 0.3456913309725687, 0.20963050891517038, 0.34565571719652294], [0.07627360061067548, 0.18300976539099598, 0.4390176101714049, 0.30169902372692364], [0.07934071241033473, 0.5864131537449032, 0.08989758922598208, 0.24434854451877994], [0.07497284448927673, 0.5542315757579959, 0.10909361228606511, 0.26170196736666235], [0.46047781971608465, 0.2794137423689084, 0.09069532560523347, 0.16941311220977343], [0.46038900600715904, 0.2793272064522334, 0.042825887721289646, 0.21745789971931787], [0.3254535350420373, 0.197419202423357, 0.2534912413034607, 0.22363602113114506], [0.44146268568699604, 0.2085689855478233, 0.04652982100684959, 0.303438507658331], [0.3785509921771602, 0.10850012642177272, 0.17884840893266718, 0.3341004723683999], [0.3586175170079189, 0.09070078350218697, 0.19199250779610594, 0.35868919159378815]], "ideal": "A", "sampled": "D", "correct": false}}
{"type": "result", "data": {"idx": 10, "options": ["0.0641 M", "1.64 M", "0.115 M", "0.400 mol/L"], "probs": [[0.31477736016445584, 0.21646149976794202, 0.2778613144837523, 0.1908998254838499], [0.27604365757392585, 0.24366639915155144, 0.1674914682860293, 0.31279847488849344], [0.29652662407740826, 0.2618183610394306, 0.26178152536731647, 0.17987348941584463], [0.31821546903692827, 0.3183429335735664, 0.1704165986134045, 0.1930249986761008], [0.3147974013967429, 0.21638213095885342, 0.19098030028817584, 0.27784016725622784], [0.3546088635566869, 0.21515202520126311, 0.2151787727856034, 0.21506033835644653], [0.2800503331135255, 0.28017741021428033, 0.2472557090384511, 0.19251654753374303], [0.2616805965949218, 0.2966206934710379, 0.17993189511275096, 0.26176681472128926], [0.25555296653583415, 0.25566895718319743, 0.28971087107971516, 0.19906720510125323], [0.26169783264311564, 0.2617896237974284, 0.17990286914550604, 0.29660967431394997], [0.2821216369025407, 0.21982268151894446, 0.2490278407392574, 0.2490278407392574], [0.2708532350475996, 0.21106435588488204, 0.21106435588488204, 0.30701805308263636], [0.2319807811734907, 0.38255827345114224, 0.2047941329033382, 0.18066681237202886], [0.2535694610607856, 0.4182562453695485, 0.1743371628643135, 0.15383713060535242], [0.2246408957923915, 0.28855230111489677, 0.2885141243416286, 0.1982926786510832], [0.2163864438432566, 0.2779799186303369, 0.14879191363729985, 0.35684172378910667], [0.2962330667745791, 0.20370992133099985, 0.29639617488985165, 0.2036608369045694], [0.2361077568778576, 0.18396973179246898, 0.2362218103537272, 0.34370070087594623], [0.19162349972070808, 0.24620293812086635, 0.24616829292006162, 0.31600526913836396], [0.1990317582019399, 0.2896791359205665, 0.25570254821329264, 0.25558655756420096], [0.20517509867918482, 0.23257539817487918, 0.2986722245711598, 0.2635772784747762], [0.1723600923842685, 0.2213422357814699, 0.2842466234876581, 0.32205104824660347], [0.1973482936818499, 0.2534837386729592, 0.3255200039192359, 0.223647963625955], [0.1694631998151474, 0.19213205287722604, 0.2795085865052888, 0.35889616070233776]], "ideal": "C", "sampled": "A", "correct": false}}
{"type": "result", "data": {"idx": 11, "options": ["SF4", "PCl5", "BF3", "CO2"], "probs": [[0.19407584682920404, 0.24924812465654425, 0.19409463719290762, 0.3625813912213441], [0.23498310496518254, 0.30178457945226633, 0.30178457945226633, 0.16144773603028473], [0.17417811634191066, 0.15372653991204469, 0.1356377215087848, 0.5364576221372599], [0.2383856922149691, 0.14461712537749843, 0.34691846367227835, 0.27007871863525407], [0.28512280751710783, 0.1960121661822858, 0.36627211617335487, 0.15259291002725148], [0.3081388954890921, 0.24006912050642676, 0.2400443845773731, 0.21174759932710802], [0.16512389451829504, 0.240328235660881, 0.14573542397986464, 0.44881244574095935], [0.1890333733543498, 0.24276924449528792, 0.45355263746856816, 0.11464474458179406], [0.11457393829454365, 0.11460524563560835, 0.18891661711755475, 0.5819041988522933], [0.19208139465439852, 0.16954304528840275, 0.3589226656632718, 0.2794528942939269], [0.2370177103185098, 0.20920667605066315, 0.3908898059235121, 0.16288580760731503], [0.25175750274018205, 0.2518648507182087, 0.32336313403748, 0.17301451240412918], [0.11341145310949596, 0.1650550426770738, 0.06878751771907761, 0.6527459863943527], [0.1455376744124787, 0.2719545364107928, 0.3956507145962839, 0.18685707448044453], [0.08976817531439814, 0.07923502083381005, 0.1676947102242522, 0.6633020935275395], [0.1423980189420922, 0.12571614042782234, 0.4971112238035772, 0.2347746167265083], [0.1743473261420425, 0.15391887722860378, 0.4741555153849422, 0.19757828114441148], [0.184655560416392, 0.16300249130861702, 0.44313236084926166, 0.20920958732572933], [0.1508506432278297, 0.410131526254277, 0.21955021377842204, 0.21946761663947123], [0.13505389278865165, 0.4160733806616198, 0.25238726640298853, 0.19648546004674], [0.14200358735073626, 0.38607827504122216, 0.26532177533108525, 0.20659636217695634], [0.15032751632725674, 0.40878632051453534, 0.24789188430375667, 0.19299427875445124], [0.14551934815261935, 0.1869208393345242, 0.3956706582459116, 0.27188915416694487], [0.15791540865763173, 0.20280318845857134, 0.37892289816754005, 0.26035850461625687]], "ideal": "A", "sampled": "D", "correct": false}}
{"type": "result", "data": {"idx": 12, "options": ["Fluorine has a very high electronegativity; therefore the H-F bond is stronger than any other H-X bond.", "HF is smaller than any other H-X molecule; therefore it exhibits stronger London dispersion forces.", "The dipoles in a HF molecule exhibit a particularly strong attraction force to the dipoles in other HF molecules.", "The H-F bond is the most ionic in character compared to all other hydrogen halides."], "probs": [[0.4026044994772213, 0.11537266034312155, 0.07928569046253649, 0.40273714961712065], [0.5028317123992588, 0.1271480806684924, 0.1850387359982088, 0.18498147083403993], [0.3729818920052384, 0.12111525530217694, 0.08321545707289738, 0.4226873955196873], [0.3444261303859163, 0.12673425862019896, 0.3444994142977523, 0.18434019659613238], [0.4950092210127007, 0.23384705532010994, 0.11045149132177627, 0.16069223224541312], [0.434388224177539, 0.20523147549773474, 0.0969344915689754, 0.2634458086557509], [0.25271331696561117, 0.36786257394757055, 0.09296803712731669, 0.28645607185950156], [0.23772683383044316, 0.39198827155502347, 0.18516213914148896, 0.1851227553730444], [0.18772201749255, 0.08869634850274845, 0.4503776493766277, 0.2732039845280739], [0.15688276523098263, 0.08398309474318465, 0.1384191086514323, 0.6207150312744004], [0.16253652924854617, 0.126596612819341, 0.5674288783783193, 0.14343797945379352], [0.1345105676919186, 0.1187051603947604, 0.06351863166302281, 0.6832656401502982], [0.25643789574593495, 0.422910150672597, 0.09434629160454433, 0.2263056618769237], [0.208102634769808, 0.44071908114076475, 0.20813935123208022, 0.14303893275734703], [0.24260070692709695, 0.11463422924951472, 0.4001127391712289, 0.24265232455215938], [0.18534306213342347, 0.09922945725963983, 0.14433043440989993, 0.5710970460970367], [0.13772991244770733, 0.1377432489883656, 0.6172626661762042, 0.10726417228772295], [0.17583475612205057, 0.1992674127185586, 0.08304286561725155, 0.5418549654421393], [0.20498071340541915, 0.5573215816251368, 0.09682603756568375, 0.14087166730376027], [0.22888972159251453, 0.4847309038071165, 0.1081198620923594, 0.17825951240800958], [0.21307235954061293, 0.1292349248995292, 0.5112361907447748, 0.14645652471508305], [0.1977827848458108, 0.11997368781755016, 0.0727531781158726, 0.6094903491207664], [0.14851482543014843, 0.07017383135542003, 0.6656577735248135, 0.11565356958961809], [0.16349551080022454, 0.1123687103278325, 0.07722278683605442, 0.6469129919358886]], "ideal": "C", "sampled": "A", "correct": false}}
{"type": "result", "data": {"idx": 13, "options": ["3.8 \u00d7 10^-3 mol/L", "5.77 \u00d7 10^-3 mol/L", "1.97 \u00d7 10^-3 M", "9.9 \u00d7 10^-4 M"], "probs": [[0.2708882906497347, 0.30708645856032163, 0.21105723942025215, 0.2109680112696915], [0.26343984819162924, 0.29869033103040155, 0.2052866544943411, 0.2325831661836281], [0.32535549923702434, 0.22370221228468468, 0.2535257863916954, 0.19741650198659558], [0.26455163164617657, 0.26471563382137203, 0.26467072172287676, 0.20606201270957464], [0.2895489887670857, 0.19913609027158513, 0.25565746043066456, 0.25565746043066456], [0.24181834172411104, 0.24195918751019502, 0.274222215552193, 0.24200025511350093], [0.35456962446510454, 0.21517503900686, 0.21514280779424036, 0.2151125286337951], [0.31705789337603124, 0.21797381854974845, 0.21800858295725614, 0.24695970501696418], [0.33539563414080736, 0.23057676849443653, 0.20348328349939654, 0.23054431376535958], [0.28209335449775474, 0.24909152830409156, 0.24909152830409156, 0.2197235887940621], [0.32534422982443006, 0.22372056208220234, 0.1974622875632728, 0.2534729204300948], [0.2654973943414251, 0.2344662169718587, 0.26564268066738045, 0.23439370791933575], [0.2257739555210877, 0.17593533585407325, 0.3724551068971428, 0.22583560162769628], [0.35343726065665343, 0.18923632154522868, 0.24298424612465647, 0.21434217157346142], [0.27306644346366543, 0.2127662544976311, 0.27315090324907937, 0.2410163986896241], [0.38368717525417234, 0.2054545458674883, 0.20548533166467672, 0.2053729471136626], [0.3035749359017303, 0.20870835144034516, 0.18418448338226243, 0.30353222917566214], [0.3533771931771714, 0.21445894239188418, 0.18925936518207045, 0.2429044991488739], [0.16527990995184816, 0.16538967190519108, 0.396689772566227, 0.2726406454767337], [0.32533359452811317, 0.22370629520321642, 0.253566108937487, 0.1973940012311834], [0.21883180921083997, 0.21895927373608193, 0.28110445847653903, 0.28110445847653903], [0.33537698788200765, 0.23058705716768907, 0.23061952679889489, 0.20341642805140842], [0.18324462100220734, 0.26670181152066424, 0.20770757092890083, 0.34234599644822755], [0.2126778503534718, 0.27316824543961243, 0.24107011844264886, 0.2730837856642669]], "ideal": "A", "sampled": "B", "correct": false}}
{"type": "result", "data": {"idx": 14, "options": ["The N-H bonds within the NH3 molecules break apart.", "The overall temperature of the solution rises as the NH3 molecules speed up.", "The amount of energy within the system remains constant.", "The hydrogen bonds holding separate NH3 molecules together break apart."], "probs": [[0.1830613126012198, 0.23510539440577943, 0.1425986225819219, 0.4392346703110788], [0.10718720405221997, 0.22695533928985787, 0.5443880557469528, 0.12146940081096937], [0.17483420147237635, 0.17485337926625938, 0.17483420147237635, 0.4754782176889879], [0.12235828396677562, 0.15709392607806322, 0.42702552353771805, 0.29352226631744316], [0.06900636696856254, 0.7419903111761081, 0.08861183176171167, 0.10039148999361767], [0.07829123047918396, 0.6556265402348851, 0.07829713878964076, 0.18778509039629013], [0.1782601462255961, 0.22896142131064467, 0.10812025435588196, 0.48465817800787725], [0.12100557146497308, 0.19952149538547226, 0.5423556525287403, 0.13711728052081437], [0.11124192011373561, 0.16185603793051487, 0.16185603793051487, 0.5650460039252346], [0.09609617721503438, 0.08482503524282357, 0.7101705987117577, 0.10890818873038434], [0.08481026566387882, 0.7101885781500128, 0.10889853698265152, 0.09610261910345681], [0.084806323042972, 0.7102080582862179, 0.09609815477363909, 0.10888746379717094], [0.1846439214664244, 0.2092492251000781, 0.1629802709210811, 0.4431265824124164], [0.10547110594456346, 0.13546459577315312, 0.5357209523338942, 0.2233433458483892], [0.13504273986892407, 0.25236197927511406, 0.19652068320155872, 0.4160745975544031], [0.09124588560316522, 0.11719029087110276, 0.6743835461353236, 0.11718027729040846], [0.11062233066479057, 0.6367148708905227, 0.11062925225411287, 0.1420335460905739], [0.10502007561751549, 0.6849455695995461, 0.10502007561751549, 0.10501427906542296], [0.7438759803028097, 0.08886107801502441, 0.07841962575128279, 0.08884331583088312], [0.7213619565648278, 0.08617273974071717, 0.06711139729279902, 0.12535390630165602], [0.7457848953257868, 0.11438458667411294, 0.06122999029508349, 0.0786005276050167], [0.7497301920418297, 0.10149289224005754, 0.07903678204928573, 0.06974013356882705], [0.7131830411570618, 0.09653294712535285, 0.06635138543615357, 0.12393262618143179], [0.7669440711060408, 0.08086406537154, 0.07135655729498022, 0.08083530612743893]], "ideal": "D", "sampled": "D", "correct": true}}
{"type": "result", "data": {"idx": 15, "options": ["a strong acid", "a weak acid", "a weak base", "a strong base"], "probs": [[0.117699220764788, 0.5977875589726614, 0.1333990543947335, 0.15111416576781705], [0.13493694062067632, 0.604959176309428, 0.06375605469849792, 0.1963478282713978], [0.14396693335745714, 0.5695140575373887, 0.07706740726052935, 0.20945160174462477], [0.13810218406235125, 0.5463138635028535, 0.05757512331112612, 0.2580088290236692], [0.07596505781430758, 0.09755051371333825, 0.5613644425788105, 0.26511998579354373], [0.11354202707717032, 0.12867323329790564, 0.3086710457893122, 0.4491136937356118], [0.5052506923170287, 0.18592213092375245, 0.14479629693967533, 0.16403087971954355], [0.5485747578618037, 0.15721503249954427, 0.06553021964215582, 0.22867998989649624], [0.5625058924215912, 0.2657868822280981, 0.04618683388088959, 0.1255203913694211], [0.43228353997989916, 0.2972156538017449, 0.06630452272994229, 0.20419628338841367], [0.5632978374922604, 0.14248105135153988, 0.05938230018972669, 0.23483881086647304], [0.5941720692840912, 0.1502739213297583, 0.06263703200543944, 0.19291697728071114], [0.48889913603730056, 0.20390252539075523, 0.045487131410530096, 0.26171120706141415], [0.505165815302877, 0.164069026692196, 0.06034478544585456, 0.27042037245907247], [0.4465019885433323, 0.30693016710874715, 0.06043813252149926, 0.1861297117264213], [0.4243160910276271, 0.29168269904565736, 0.08356848607325783, 0.20043272375345775], [0.3824117097827213, 0.20477224426668034, 0.075308179654663, 0.33750786619593537], [0.3983993887264397, 0.24171172440185584, 0.14662166156824977, 0.21326722520345467], [0.08788173423613865, 0.09960424002630304, 0.5057766142444647, 0.3067374113930936], [0.11066130962870635, 0.11068342295125679, 0.43776144268422346, 0.3408938246358134], [0.11656329909921037, 0.6709587648319654, 0.04289295944395467, 0.1695849765248696], [0.17332247414412796, 0.5341648022047413, 0.11917347069900008, 0.17333925285213062], [0.09108509833540714, 0.673086938667465, 0.04302900640597918, 0.19279895649114862], [0.14761040883360796, 0.5152640265416815, 0.14762562291895864, 0.1894999416057519]], "ideal": "C", "sampled": "B", "correct": false}}
{"type": "result", "data": {"idx": 16, "options": ["at equilibrium there are more products than reactants", "the value of \u0394G\u00b0 is greater than zero", "the value of \u0394S\u00b0 is greater than zero", "the value of Keq is less than one"], "probs": [[0.160064853416687, 0.49314706736999375, 0.14128016565579746, 0.20550791345752178], [0.1826373880132968, 0.49656637018225874, 0.08628523091749084, 0.23451101078695358], [0.14798619733678803, 0.5166195938439876, 0.16772183283808484, 0.16767237588113953], [0.12102009444978677, 0.19957086590597237, 0.06477738219431009, 0.6146316573499307], [0.11259055462133931, 0.11260509070354094, 0.5046967675517666, 0.27010758702335314], [0.09787631163896669, 0.07624341483337921, 0.38716492534266905, 0.438715348084985], [0.42093009850956337, 0.15489160320588544, 0.198857402832706, 0.22532089535184519], [0.34784194823601355, 0.14502935110072382, 0.1129489689952435, 0.39417973156801916], [0.428807810979215, 0.2601744927270745, 0.10844285443990512, 0.20257484175380538], [0.41169320832309014, 0.28299925178446345, 0.13369663353149558, 0.17161090626095088], [0.389549469753135, 0.20854761015099393, 0.0985047533786848, 0.3033981666171863], [0.39662457124650496, 0.16538049783361194, 0.27266634862877087, 0.16532858219111218], [0.4541860953766733, 0.16713174183878127, 0.1893708017091566, 0.1893113609753888], [0.2655200243243285, 0.08620747537611492, 0.08620173842931232, 0.5620707617702443], [0.5808312805782382, 0.18861135557477018, 0.10095639375397711, 0.12960096999301451], [0.5646486541273608, 0.1833469460216432, 0.12602078162239733, 0.1259836181285987], [0.4196523019096355, 0.19826934625919873, 0.09365581393746925, 0.28842253779369653], [0.33084679161825425, 0.1563024255251727, 0.3749500531365497, 0.1379007296200233], [0.11010367340161309, 0.09717303441109308, 0.49345039948766395, 0.29927289259962986], [0.0907104428339389, 0.07065103518186472, 0.3166359804240321, 0.5220025414601642], [0.1099983453640612, 0.6330604552589596, 0.07560068368155737, 0.18134051559542186], [0.12176179683906228, 0.6184820212616846, 0.1379943849601908, 0.12176179683906228], [0.11883261798623991, 0.6035883426062671, 0.08167688547748142, 0.19590215383001153], [0.1309387634958979, 0.665095900487853, 0.10199012971431362, 0.10197520620193541]], "ideal": "A", "sampled": "B", "correct": false}}
