{"type": "result", "data": {"idx": 0, "options": ["ADD.", "AIDA.", "PESTLE.", "SWOT."], "probs": [[0.09040119258162081, 0.857800412341877, 0.02590180705425072, 0.025896587922251458], [0.09095533309840449, 0.8630526177492618, 0.02299711137962552, 0.022994937672708243], [0.057315486714937226, 0.011288986403523974, 0.8966370115498483, 0.0347585152316905], [0.04126122543729147, 0.010432471404976603, 0.009205189321420624, 0.9391011137363113], [0.05105937062567587, 0.008874170117623785, 0.9049849138441419, 0.03508154531255844], [0.03254411060356714, 0.008227780621405638, 0.008226028803608698, 0.9510020798714185], [0.9493648739691046, 0.019706146239023357, 0.013543823354161384, 0.01738515633771065], [0.9493658163023346, 0.01970600132908319, 0.013542822789853018, 0.017385359478729157], [0.9440786828794997, 0.025163570393002137, 0.01346819194507382, 0.017289554682424286], [0.9346852862843291, 0.028226708885340342, 0.015108667256257544, 0.021979337474072946], [0.9503233234048908, 0.022352010946199728, 0.011964916751847165, 0.015359748797062277], [0.9405564972225597, 0.022122625041044758, 0.015203630051390162, 0.022117247585005287], [0.055888341953542746, 0.020561628807575782, 0.8742407289107873, 0.04930930022809418], [0.04087782955340775, 0.017037920058895064, 0.011709201089552437, 0.9303750491981447], [0.09009566459224558, 0.8548454928050278, 0.025812840952063577, 0.029246001550663068], [0.08934613482777888, 0.8478166022014789, 0.025598098066834163, 0.037239164803907994], [0.041019066514700164, 0.010371244347258696, 0.015086168182934892, 0.9335235208551063], [0.07181274756419864, 0.009721647765974692, 0.8749166563225197, 0.043548948247306984], [0.056143381702262726, 0.016088771784358052, 0.878230231104166, 0.04953761530921323], [0.03242024699345498, 0.011925843689149535, 0.008195377694509611, 0.9474585315228858], [0.09067890334254702, 0.860413936117373, 0.022929253780406545, 0.025977906659673405], [0.08978334008957582, 0.851921146517675, 0.029148383426515066, 0.029147129866234026], [0.032351951651229394, 0.01050150567884821, 0.0118981291018862, 0.9452484134680362], [0.05745617370526567, 0.00881507702949809, 0.8988818662654312, 0.034846882899805066]], "ideal": "B", "sampled": "B", "correct": true}}
{"type": "result", "data": {"idx": 1, "options": ["The realm of understanding.", "Personal selling.", "Noise.", "Feedback."], "probs": [[0.0074267480791635355, 0.008407763235949236, 0.012231702960667612, 0.9719337856242196], [0.01188716704646278, 0.01188716704646278, 0.9439395981658909, 0.0322860676411835], [0.007486405534137745, 0.005827024851473929, 0.00660206355612525, 0.980084505958263], [0.06972601567501589, 0.032941488322281956, 0.8494367656736563, 0.0478957302290458], [0.02743454256800739, 0.9085072806425314, 0.018853522694806973, 0.045204653994654266], [0.044818900740146585, 0.9004032502597634, 0.023987507431277758, 0.03079034146881218], [0.0056661473800415285, 0.0287446748547819, 0.013578021726793402, 0.9520111559383831], [0.014142589826581729, 0.46833825717349364, 0.41309467492529167, 0.10442447797463295], [0.01655621591184801, 0.008863504778500845, 0.5478544092739159, 0.4267258699357352], [0.010780801084268859, 0.01221624857105388, 0.45800981006290875, 0.5189931401817686], [0.005612633857395268, 0.9437111953567255, 0.022190044496147032, 0.028486126189732165], [0.007188626530118363, 0.23794750856181301, 0.022121881099377523, 0.732741983708691], [0.008929902054990328, 0.06594964280115985, 0.014713740140249641, 0.9104067149036001], [0.025693460343026258, 0.8510555925301566, 0.06162229770331706, 0.06162864932350009], [0.011438928085284164, 0.008908646754894061, 0.5506757276708403, 0.4289766973889815], [0.0062051168550048535, 0.009026762084561043, 0.49241280482011696, 0.49235531614031713], [0.011988171140627177, 0.6544398536779854, 0.2727411335736055, 0.06083084150778192], [0.0073359025848892855, 0.022581176609241412, 0.009413233865192445, 0.9606696868406769], [0.6939814892903827, 0.22532910777846063, 0.023746740778298973, 0.0569426620528577], [0.6887463317704887, 0.2534070904049803, 0.023570531932942635, 0.0342760457915883], [0.2896707806053336, 0.0237883298777751, 0.6133194256712649, 0.07322146374562649], [0.03200281422978565, 0.013337116115518742, 0.019400713639734793, 0.9352593559149608], [0.18738321870841437, 0.01058044745210716, 0.7412260735540475, 0.06081026018543099], [0.03624534899773307, 0.007136128220273881, 0.021970208251235142, 0.9346483144307579]], "ideal": "A", "sampled": "D", "correct": false}}
{"type": "result", "data": {"idx": 2, "options": ["In the late 1800s.", "In the early 1900s.", "In the 1920s.", "After the end of the Second World War."], "probs": [[0.3190185237196834, 0.2485840917228969, 0.15074372881670983, 0.2816536556407099], [0.31274021134736313, 0.2761350612980418, 0.24365988734401337, 0.16746483991058175], [0.29855383774128486, 0.20530585370272064, 0.2325859322577259, 0.2635543761982686], [0.2924933811362118, 0.25829012255096484, 0.29261053405677756, 0.1566059621560458], [0.3606727880179574, 0.3184968673192442, 0.1504110164973685, 0.17041932806542992], [0.3816896847264108, 0.2974763943319448, 0.14046863347982214, 0.18036528736182228], [0.3361059775032164, 0.26190784961209024, 0.14015935568837468, 0.2618268170963187], [0.3305628149132442, 0.29189650526241406, 0.20057193339422025, 0.1769687463301215], [0.3232295013113297, 0.17311659969495882, 0.2518537417354781, 0.2518001571582334], [0.3265094312769255, 0.22452253587433169, 0.22449632473296607, 0.22447170801577676], [0.3614076917792401, 0.24854139610813067, 0.2192873474842465, 0.17076356452838273], [0.3755952399291936, 0.25826804771433814, 0.13824094370420276, 0.22789576855226545], [0.25747506746124404, 0.22733849488447355, 0.2576082540499045, 0.2575781835043779], [0.28000384149129814, 0.28020748075711843, 0.24725149200989652, 0.1925371856416869], [0.2399473029072309, 0.2118324591701938, 0.3081826338677539, 0.24003760395482132], [0.27303890743869597, 0.24110126545990906, 0.21274629455189564, 0.2731135324494993], [0.2810140806004415, 0.2811266439704112, 0.21894164054973522, 0.21891763477941206], [0.28958547975462057, 0.2556825058109932, 0.19910389776336598, 0.2556281165710202], [0.30694786625855924, 0.270996042194567, 0.2110519322855401, 0.21100415916133364], [0.37094504959397734, 0.25511016298767175, 0.1753126751316409, 0.19863211218671004], [0.30351814172334945, 0.20870615228851502, 0.3036323442210259, 0.18414336166710962], [0.35336888886043966, 0.24298470443991968, 0.18923669125442857, 0.21440971534521208], [0.29003151816162637, 0.1553048915215265, 0.3287443767346361, 0.22591921348221106], [0.32197884681518274, 0.17241190886000962, 0.22138126852030862, 0.28422797570449904]], "ideal": "C", "sampled": "A", "correct": false}}
{"type": "result", "data": {"idx": 3, "options": ["The level of tangibility associated with the type of product.", "Performance-value.", "Variations in supply and demand.", "The way in which the service is delivered."], "probs": [[0.06515027079639525, 0.17706855299298607, 0.7003197334125574, 0.05746144269806131], [0.18317958574266596, 0.4394249584874301, 0.1110839611845098, 0.26631149448539415], [0.06141209464475108, 0.7480535339251101, 0.08934225686471237, 0.1011921144654265], [0.0628165132185394, 0.6752333984879417, 0.09135635600978177, 0.17059373218373708], [0.12601938654683398, 0.12597241808745557, 0.5647797499810171, 0.18322844528469337], [0.05151041615801936, 0.0583372900514726, 0.8053214579213551, 0.08483083576915292], [0.1369605562311748, 0.15516861359596573, 0.6138146151664451, 0.0940562149064144], [0.32628790270152946, 0.254159187965589, 0.09346718549092904, 0.3260857237419525], [0.14493517360228572, 0.6496457956134454, 0.07758912327721991, 0.12782990740704894], [0.14509097496933823, 0.5064172412315284, 0.0776492174156184, 0.27084256628351494], [0.2518141752908763, 0.17303589701251812, 0.32347236614543373, 0.25167756145117187], [0.11000104418781609, 0.09704158693109767, 0.6330123212964655, 0.15994504748462082], [0.36152578221962917, 0.24847280985774528, 0.21932134212915289, 0.17068006569347266], [0.37583117373245, 0.2583047266778458, 0.10769947353565189, 0.25816462595405226], [0.3590916012817112, 0.35916062346446825, 0.13215484511453665, 0.14959293003928392], [0.28569472471810614, 0.3237345290695019, 0.10506440187829029, 0.2855063442341017], [0.27333438801020493, 0.1878189025306474, 0.35113624258011294, 0.18771046677903477], [0.27121357086467834, 0.18640217284468133, 0.27126569512264564, 0.27111856106799465], [0.12400349985271436, 0.38195766421817856, 0.23171948112084131, 0.2623193547082658], [0.04634004120318648, 0.14268417761302815, 0.7244870715943215, 0.08648870948946384], [0.08871769489644263, 0.4504590201843466, 0.27316785873601507, 0.18765542608319566], [0.03464723427924919, 0.17585773616595549, 0.6954199619436019, 0.09407506751119347], [0.05177127928728122, 0.7145733300199796, 0.10958337711315919, 0.12407201347957998], [0.049610784286858244, 0.6847530943680102, 0.09264595460539128, 0.17299016663974026]], "ideal": "B", "sampled": "C", "correct": false}}
{"type": "result", "data": {"idx": 4, "options": ["found guilty under the Sherman Antitrust Act and face prison time", "found guilty under the Magnuson-Moss Warranty Act and face large fines", "found guilty under the Adamson Act and face prison time and fines", "found not guilty because retailers are allowed to set their own price levels"], "probs": [[0.9480832200516331, 0.02526555950451271, 0.01736105602552533, 0.00929016431832886], [0.9411610363992329, 0.028423719230408047, 0.015210883626422445, 0.01520436064393669], [0.9532624890540901, 0.025400797990811352, 0.011997251352840445, 0.009339461502258119], [0.9500403527156963, 0.028691688923726696, 0.01195808515523486, 0.009309873105342112], [0.9392866061493664, 0.032140620618332845, 0.015182154520257157, 0.01339061861204351], [0.9231734988505723, 0.03580005743313652, 0.02786765090191994, 0.013158792714371235], [0.009426698588123205, 0.9612123879472695, 0.019941820888354028, 0.009419092476253308], [0.009327733417384618, 0.9512106648758331, 0.019733333069596255, 0.019728268537186018], [0.01202244150739899, 0.017489928614398898, 0.9550607550273567, 0.015426874750845391], [0.017287773913160987, 0.02218018273314212, 0.017273941910361475, 0.9432581013433354], [0.007381117345147723, 0.010737639972100236, 0.9662726387643847, 0.015608603818367355], [0.019348626630052157, 0.017062350819861172, 0.03185811212578159, 0.9317309103243051], [0.032136784541014644, 0.939174528549813, 0.019487249269465334, 0.009201437539706996], [0.024875718393470077, 0.9331832365681995, 0.024859209768745352, 0.017081835169585058], [0.019708320413531617, 0.015348854820591694, 0.949600066282256, 0.015342758383620711], [0.019678109301836597, 0.01531306766166934, 0.01734752868867091, 0.9476612942478232], [0.015202901927111045, 0.019517386575096222, 0.9402408415615628, 0.025038869836229882], [0.025014761644261054, 0.017181041754540227, 0.019460937686704906, 0.9383432588144938], [0.01066473106440181, 0.9596922813943664, 0.017569839625355473, 0.01207314781587636], [0.01358373750005279, 0.952064042547864, 0.022376038256896307, 0.011976181595186848], [0.006509784951668118, 0.012158346194154514, 0.9657293876824481, 0.015602481071729244], [0.03054496267403507, 0.026942098460367804, 0.050313185801702826, 0.8921997529638943], [0.014404875834226859, 0.0645252749737958, 0.8906104960755626, 0.03045935301641466], [0.03136765356171405, 0.02766940168926091, 0.024411898193183106, 0.916551046455842]], "ideal": "A", "sampled": "A", "correct": true}}
{"type": "result", "data": {"idx": 5, "options": ["A composite analysis of all environmental factors inside and outside the firm.", "A series of business decisions that aid in selling a product.", "The relationship between a firm's marketing strengths and its business weaknesses.", "A blending of four strategic elements to satisfy specific target markets."], "probs": [[0.022226900853686636, 0.01730763244340938, 0.015272848989308665, 0.9451926176135953], [0.024018150267921458, 0.034949187836825026, 0.9014334249607081, 0.039599236834545436], [0.024809853085970997, 0.019318728845474867, 0.02480387026999743, 0.9310675476985567], [0.019242341987213578, 0.021810028299670856, 0.9272223735791176, 0.031725256033997944], [0.021022666970666522, 0.8939065449474732, 0.03465631044117063, 0.0504144775406896], [0.023644932461710882, 0.8873287058319927, 0.03898146581153103, 0.050044895794765336], [0.028234528690374162, 0.01712510753764072, 0.019401157489726976, 0.9352392061822581], [0.02159692539925304, 0.02447711522427839, 0.9183245525328002, 0.03560140674366837], [0.025112003810494894, 0.01522997717419079, 0.017256523047666353, 0.942401495867648], [0.02767469453934343, 0.024425052922851673, 0.9165433951626989, 0.03135685727510596], [0.03366594895513079, 0.8683757166473236, 0.04898060511072609, 0.04897772918681953], [0.03386088694118446, 0.8733964799687031, 0.04347823381637155, 0.04926439917374096], [0.024880300593436443, 0.019375241402706724, 0.02195336966135049, 0.9337910882425063], [0.01904392653789516, 0.02771111820514234, 0.9176662155335052, 0.03557873962345722], [0.022223249054963666, 0.015273800452918027, 0.017303799780253506, 0.9451991506118648], [0.021616789947841903, 0.027761720013633435, 0.9191692456647881, 0.031452244273736565], [0.02116098936700839, 0.8997881739494991, 0.03952650980177108, 0.03952432678172146], [0.021259666597330876, 0.9039839781369495, 0.03504507864315442, 0.03971127652256519], [0.8950215047822053, 0.0505015220479943, 0.02385523001503237, 0.030621743054768034], [0.8885672522087076, 0.05014240275301779, 0.02683685297181956, 0.03445349196645501], [0.9007388721553555, 0.04485530589597035, 0.02720393724185623, 0.02720188460681787], [0.8885777393157817, 0.05013390517924278, 0.026836901300617288, 0.034451454104358244], [0.8974942664369601, 0.04469101552990593, 0.027106469797312377, 0.03070824813582162], [0.9084317463293974, 0.03992333538616685, 0.02421265595394292, 0.027432262230492815]], "ideal": "D", "sampled": "D", "correct": true}}
{"type": "result", "data": {"idx": 6, "options": ["Gatekeepers.", "Buyers.", "Users.", "Initiators."], "probs": [[0.9336041463299424, 0.028199204071191187, 0.013320359759833823, 0.024876289739032584], [0.9409211803124842, 0.028421686810348228, 0.017237241089454704, 0.013419891687712895], [0.9104924932775241, 0.03530912153530368, 0.0188996124084708, 0.03529877267870138], [0.909118318668953, 0.04527325005611621, 0.0242309542183747, 0.02137747695655616], [0.9222744637037048, 0.04592405674878189, 0.0149105562365485, 0.016890923210964782], [0.9105288470233988, 0.051380910452727344, 0.016680939276719736, 0.021409303147154137], [0.015241392418181074, 0.94301840735519, 0.019571722812980086, 0.022168477313648842], [0.015376531746096937, 0.9513123156075842, 0.01974517069499819, 0.013565981851320614], [0.011806650552235218, 0.009195027715753923, 0.937815495577394, 0.04118282605461694], [0.005812773951504968, 0.006581950472551602, 0.010851801382085866, 0.9767534740938576], [0.0073413989005106884, 0.013715537283881411, 0.961341328468831, 0.017601735246776887], [0.0051345963555417245, 0.009584448919715431, 0.007468005193606475, 0.9778129494311364], [0.015315384209007115, 0.9476679279543846, 0.017357144305410008, 0.019659543431198266], [0.019568994347746376, 0.9430165149369092, 0.022177623252176423, 0.015236867363167997], [0.013251860612374947, 0.011694725590804185, 0.9288295497851802, 0.046223863911640725], [0.007416546192631597, 0.009518713161423229, 0.012223530146161215, 0.970841210399784], [0.009412550015828884, 0.010665815856514622, 0.9600072740545766, 0.019914359973079818], [0.005809519266217566, 0.009570869330972915, 0.008447848939114952, 0.9761717623636945], [0.013696318950128603, 0.9601222001587104, 0.015518929396770081, 0.010662551394390844], [0.01738938083277976, 0.9493686124158678, 0.019703516450139475, 0.013538490201212906], [0.010650511977696758, 0.008293717488558765, 0.9585246929653254, 0.0225310774684191], [0.007458916079100541, 0.006579483987263122, 0.009574080072369122, 0.9763875197612673], [0.008377820571364391, 0.0057579866120403556, 0.9681383854683336, 0.017725807248261605], [0.00659573198438271, 0.0058159211801122905, 0.00958976121329966, 0.9779985855222053]], "ideal": "A", "sampled": "A", "correct": true}}
{"type": "result", "data": {"idx": 7, "options": ["Motive development.", "An attitude.", "A self-concept.", "Product evaluation."], "probs": [[0.5200545176404544, 0.10240481447203281, 0.06211166032285434, 0.3154290074646584], [0.4596084016628135, 0.07986155597783466, 0.05489239775356822, 0.4056376445057836], [0.5089170412048959, 0.11353472043235305, 0.06887443465608695, 0.3086738036066641], [0.5511489119257567, 0.09577532468431554, 0.058090666604590814, 0.29498509668533696], [0.3273621237773404, 0.0827554995046744, 0.05020260493926778, 0.5396797716787174], [0.579395962733115, 0.10067583844569525, 0.07841941143725593, 0.2415087872839338], [0.4086155860565608, 0.15032127386079094, 0.080461181092701, 0.3606019588899473], [0.40643738182155775, 0.11645622116443399, 0.07063426558584449, 0.4064721313281638], [0.36691567844827994, 0.09277978676791716, 0.17335333186671104, 0.36695120281709187], [0.039914968153398483, 0.024199956695547892, 0.027424638962308644, 0.9084604360887449], [0.2415110188593679, 0.1006767831692511, 0.1464838545360996, 0.5113283433352814], [0.06316177652229558, 0.03830235887815223, 0.02632719508471214, 0.87220866941484], [0.3918115265100097, 0.1633462014767164, 0.0530307454032641, 0.3918115265100097], [0.46569757608068574, 0.1512027795937825, 0.06303069599018937, 0.3200689482353424], [0.37876180374950136, 0.08452087765863042, 0.15792106325717678, 0.37879625523469146], [0.07903454275306752, 0.029066185745681247, 0.04229104796468642, 0.8496082234365648], [0.2848901876587776, 0.1047950920479948, 0.19580196165260894, 0.4145127585406187], [0.09771819249118856, 0.05228956727396488, 0.03171811069040874, 0.8182741294444378], [0.13861967621847598, 0.48387420172620976, 0.04500322043445689, 0.3325029015208574], [0.18502038922196093, 0.5699547592348034, 0.06006218932037907, 0.18496266212285659], [0.287122773180974, 0.11970146209139094, 0.11970146209139094, 0.4734743025362441], [0.04482755076076961, 0.030799959628180756, 0.023987032663292638, 0.900385456847757], [0.2809556952621171, 0.11711976145763264, 0.1931364247345063, 0.4087881184457439], [0.06264222669371573, 0.04303106468985455, 0.029577479975515287, 0.8647492285409144]], "ideal": "A", "sampled": "A", "correct": true}}
{"type": "result", "data": {"idx": 8, "options": ["Promotion.", "Product.", "Target market.", "Pricing."], "probs": [[0.015284659168629824, 0.017317497907514287, 0.9451718223806946, 0.022226020443161253], [0.02738294122625669, 0.03512549445375705, 0.03099154764555166, 0.9065000165744346], [0.03515350739708286, 0.9064610396955205, 0.027370552849180847, 0.031014899958215842], [0.030426111579316694, 0.8890143781032428, 0.030413063749828904, 0.05014644646761157], [0.03292621096906685, 0.029035437927156165, 0.08938621924343683, 0.8486521317603402], [0.015190318383298318, 0.013400708353534017, 0.9392744379334877, 0.032134535229679934], [0.010666181086396075, 0.012084768929101028, 0.9596754928255125, 0.01757355705899046], [0.015285422989484284, 0.017306798220118495, 0.022214074988943996, 0.9451937037014532], [0.01695428769544521, 0.9254035845359718, 0.021763406448534032, 0.03587872122004898], [0.014920940259340614, 0.9228401515331558, 0.021699292903015102, 0.04053961520448843], [0.017261160487647274, 0.01522146999156214, 0.025089915769208448, 0.9424274536515821], [0.013255643201731155, 0.011696419056631512, 0.928814807706659, 0.046233129934978266], [0.6614931225115179, 0.1475847810359236, 0.10141554473816472, 0.08950655161439376], [0.575979926529301, 0.16502101102978042, 0.11339587294681863, 0.1456031893941], [0.6324096462781793, 0.06665548085474825, 0.15986623225698626, 0.1410686405100862], [0.5846593553631771, 0.0698348006487034, 0.1304425039888862, 0.21506333989923318], [0.5695364175670649, 0.07706991984289158, 0.20943685966169093, 0.14395680282835263], [0.6595326563126042, 0.07876182229384207, 0.1471188344343583, 0.11458668685919546], [0.020719473369007355, 0.026581029296612976, 0.07223092481358481, 0.8804685724207949], [0.015132692117226208, 0.01714345405510382, 0.9357112280950839, 0.032012625632586056], [0.021433365129269837, 0.027493670208436117, 0.040003051604345856, 0.9110699129579481], [0.016827761592389308, 0.0190631461793614, 0.9183997220134335, 0.0457093701148158], [0.029244002060811927, 0.8542707593416389, 0.05460206811553372, 0.061883170382015434], [0.02700037357689229, 0.8938528434960856, 0.03465232164197, 0.044494461185052084]], "ideal": "C", "sampled": "C", "correct": true}}
{"type": "result", "data": {"idx": 9, "options": ["Classical conditioning.", "Operant conditioning.", "Social learning.", "Behavioural learning."], "probs": [[0.5052920209241674, 0.14478177477976248, 0.18592145378167427, 0.16400475041439583], [0.27801711192978146, 0.14882715488457005, 0.16864325607053587, 0.40451247701511256], [0.5553662469991276, 0.1803348754340687, 0.1404185666221775, 0.12388031084462614], [0.5477097466722859, 0.15693574674539756, 0.13847086909605563, 0.15688363738626088], [0.3017548963387289, 0.2350327258326925, 0.16151777148893243, 0.30169460623964617], [0.31213208564778017, 0.16708844649479154, 0.353762680945743, 0.1670167868116853], [0.11097205262865817, 0.7238144655301153, 0.06730796002039557, 0.09790552172083099], [0.09494776277784729, 0.701698124338552, 0.06524642556253282, 0.13810768722106778], [0.03786608485991223, 0.02949317391616023, 0.8619169042080684, 0.07072383691585905], [0.049273295112464525, 0.033865005909934624, 0.043471650742284665, 0.8733900481353162], [0.0331149153280633, 0.022764680059869126, 0.8541385912401043, 0.08998181327196333], [0.09057069026303628, 0.04847899932255092, 0.19171840379075714, 0.6692319065236556], [0.3829494530458596, 0.3830170149127192, 0.10973621485733989, 0.1242973170840813], [0.3096648223638201, 0.3977580667814666, 0.1463128517188706, 0.14626425903584275], [0.01689089967300721, 0.014907702330069075, 0.9223068659589948, 0.0458945319379289], [0.03423505827177996, 0.03879340567464503, 0.04394667824385245, 0.8830248577097225], [0.1959168151129308, 0.11886634587897552, 0.5326635797335739, 0.1525532591745198], [0.02442286349588783, 0.03135654329940036, 0.02766495011470234, 0.9165556429900095], [0.14625284910589406, 0.5784972646925743, 0.12905595618435817, 0.14619392991717337], [0.13997677905792202, 0.6274934235142077, 0.12353897921884582, 0.10899081810902442], [0.019163880923646907, 0.016913921017309638, 0.9233675208517115, 0.040554677107332016], [0.0424765004345655, 0.042480877650959266, 0.06179134588906738, 0.8532512759254078], [0.1032222678963743, 0.5941218423334728, 0.17016927008726548, 0.13248661958288743], [0.01501834004482783, 0.04081592294074807, 0.015013973073320634, 0.9291517638411034]], "ideal": "A", "sampled": "A", "correct": true}}
{"type": "result", "data": {"idx": 10, "options": ["To break down large markets into smaller markets.", "To provide an opportunity to surpass competitors.", "By grouping together customers with similar needs, it provides a commercially viable method of serving these customers.", "To allow the achievement of greater market share."], "probs": [[0.019546839640381664, 0.013440429101459967, 0.9419165218076854, 0.025096209350472982], [0.040810094951896206, 0.015020447465858311, 0.015010195466537861, 0.9291592620157076], [0.04792074700356499, 0.8498676202282235, 0.05429747197818803, 0.047914160690023536], [0.04335347148620488, 0.8711866804806188, 0.05566347442420952, 0.029796373508966776], [0.03626476305555147, 0.015119280988462309, 0.013335374468268582, 0.9352805813877176], [0.030617959166986234, 0.023857628435427772, 0.895048242260547, 0.05047617003703902], [0.014213950022950386, 0.07220970389384172, 0.8794823648434043, 0.034093981139803636], [0.031131658584001128, 0.03997384368983327, 0.018874745743790975, 0.9100197518823746], [0.02348278385737701, 0.8814776949391112, 0.056328276926992125, 0.03871124417651968], [0.02502968087453644, 0.8292247405050052, 0.04675828525676787, 0.09898729326369049], [0.03450619120495447, 0.018479330673813868, 0.05687348780598345, 0.8901409902152482], [0.03336902999209449, 0.026001190134489163, 0.8605986624323099, 0.08003111734110645], [0.8563920109216108, 0.06206984396022424, 0.03322016993236032, 0.0483179750858047], [0.8574795083934237, 0.06214397860882828, 0.042698467284435944, 0.03767804561331209], [0.837931378885545, 0.04729583025817298, 0.07795350852660801, 0.03681928222967397], [0.6520863174740065, 0.060694918030391384, 0.04724480211262324, 0.23997396228297893], [0.867692472079971, 0.04322285212744464, 0.06287631403561805, 0.026208361656966266], [0.7078805842017536, 0.05814607295756384, 0.031110088623392675, 0.20286325411728992], [0.036045825827548464, 0.01929888826230745, 0.01502118460370072, 0.9296341012064433], [0.030414182979811178, 0.030430931886176883, 0.8890103730087463, 0.05014451202526567], [0.03534316161988116, 0.013008707239571754, 0.04002959206520507, 0.911618538975342], [0.030478224279548157, 0.014406454755836122, 0.8906066401366486, 0.06450868072796714], [0.06402631872261921, 0.7805225877447821, 0.10558402576576835, 0.04986706766683034], [0.07035253196251202, 0.6680065392779869, 0.07036220281612586, 0.19127872584337519]], "ideal": "C", "sampled": "C", "correct": true}}
{"type": "result", "data": {"idx": 11, "options": ["Repeat purchases.", "Buyphases.", "Buyclasses.", "Tenders."], "probs": [[0.030176128169562395, 0.11934890930322212, 0.7781153537890977, 0.07235960863811775], [0.01188479777282234, 0.032287937767046325, 0.011878068966989548, 0.9439491953931418], [0.08473397361138901, 0.7095864678800734, 0.13970271271942933, 0.06597684568910823], [0.058025904260679745, 0.6239406690008957, 0.05801741804988652, 0.26001600858853796], [0.011865749365244205, 0.03223832789429147, 0.013438934846933918, 0.9424569877935304], [0.04905425939420537, 0.10384786514822769, 0.527283986131421, 0.31981388922614584], [0.07666885535409587, 0.14323628747723752, 0.7274138737160032, 0.05268098335266339], [0.024288158288055195, 0.051393895339158974, 0.012994410227319337, 0.9113235360454665], [0.05556744305475506, 0.8691632102166257, 0.04902888434060128, 0.026240462288018015], [0.05326156734326178, 0.8331511075564046, 0.06034042412612273, 0.05324690087421083], [0.030789358423591203, 0.050747230454871554, 0.018666451725484708, 0.8997969592960525], [0.040969502634587665, 0.07653497244250196, 0.8228945227212986, 0.05960100210161173], [0.40057616228102827, 0.35356958643329234, 0.1669992456567406, 0.0788550055289388], [0.2993903714341739, 0.26421108122826553, 0.05200655085874584, 0.3843919963788147], [0.26172250019148713, 0.6278869392116018, 0.07497943797368592, 0.0354111225232252], [0.21144186430787792, 0.6512867953264636, 0.06864512119452673, 0.06862621907113173], [0.354273118511322, 0.2435076737944388, 0.08957427194357344, 0.31264493565066576], [0.14107932359177702, 0.14109137863136129, 0.6322736833696152, 0.08555561430724651], [0.014818216713949624, 0.05170226856093418, 0.016782486856491727, 0.9166970277686245], [0.06215904488326175, 0.21697875092545255, 0.4052517847582238, 0.31561041933306183], [0.023317496536249125, 0.08135903941609865, 0.020565464046743483, 0.8747579999009087], [0.03230622386937319, 0.14475925339062698, 0.7351481515897901, 0.08778637105020978], [0.03929078315090835, 0.7891765302927723, 0.06476278913219025, 0.10676989732412906], [0.045025785356463024, 0.6216713901298832, 0.25908467653568323, 0.07421814787797057]], "ideal": "C", "sampled": "C", "correct": true}}
{"type": "result", "data": {"idx": 12, "options": ["Winner's curse.", "Winner's price.", "Winner's reward.", "Loss-leader pricing."], "probs": [[0.9593346579996611, 0.017574129378889736, 0.013686745234978589, 0.009404467286470526], [0.967105660739001, 0.015633378722307346, 0.010744654016355822, 0.006516306422335848], [0.9593387155827178, 0.017573034225388213, 0.013684231659107236, 0.009404018432786751], [0.9628901126744631, 0.017636862093863573, 0.012121626479534773, 0.0073513986521385735], [0.9715151863857785, 0.013860077626153424, 0.009526443396412896, 0.005098292491655206], [0.9657261971190283, 0.015610372653351199, 0.01215737034079926, 0.006506059786821201], [0.005688565989251499, 0.9563711632003875, 0.015456304513976227, 0.022483966196384732], [0.004510868604947227, 0.9738540623786293, 0.010818014555027095, 0.010817054361396424], [0.003533617147079002, 0.00311785612103749, 0.9793793612822109, 0.013969165349672609], [0.0066016473133567, 0.006598634019239799, 0.007475639977334691, 0.9793240785900688], [0.0035452546114205785, 0.004016496138758223, 0.9828042733604607, 0.009633975789360441], [0.005158590328058143, 0.005841458010680436, 0.006617830025749024, 0.9823821215355124], [0.005738686203102652, 0.9649055838737657, 0.013762070368735911, 0.015593659454395753], [0.0045164333678891265, 0.9750948352094376, 0.010831164909495941, 0.009557566413177258], [0.003531908973183267, 0.0035312859184000603, 0.9789752658351321, 0.013961539173284637], [0.0045590866352529, 0.005849545355301266, 0.005849130916755604, 0.9837422369926903], [0.003127308228944179, 0.0035431526236543442, 0.9824180422299864, 0.010911496817415108], [0.003557090680290914, 0.005171360029986435, 0.0058590616639345, 0.9854124875257881], [0.004490602907434969, 0.9694789367054271, 0.01382819980615955, 0.01220226048097844], [0.004475484309021427, 0.9661322012457518, 0.01561378747811137, 0.013778526867115318], [0.0014802293755863598, 0.0035489967137368006, 0.9840384107988941, 0.010932363011782712], [0.004027839526451251, 0.005856712954953983, 0.005167820669673178, 0.9849476267489216], [0.001304341508248716, 0.0021495733407761635, 0.9825310322813205, 0.014015052769654543], [0.0035588385275198272, 0.005173787504230291, 0.005173787504230291, 0.9860935863640196]], "ideal": "A", "sampled": "A", "correct": true}}
{"type": "result", "data": {"idx": 13, "options": ["Price bundling.", "Price elasticity.", "Price inelasticity.", "Price inflation."], "probs": [[0.021264606093391217, 0.9039891731724689, 0.035044880153808564, 0.03970134048033141], [0.014190376094230073, 0.877715843930379, 0.02649786563600214, 0.08159591423938872], [0.007295398489551774, 0.012025674775843105, 0.9552308297803214, 0.025448096854283744], [0.007397895105684439, 0.01218702626395274, 0.012185917990105058, 0.9682291605402578], [0.010391811546630924, 0.008090645571345353, 0.9349865891120597, 0.04653095366996408], [0.006571253135667251, 0.006566767885939491, 0.012267221335362535, 0.9745947575430307], [0.8966874462648705, 0.044650386931286125, 0.03477375575035688, 0.023888410953486504], [0.9014133650586089, 0.039618496252299594, 0.024025592799407355, 0.03494254578968412], [0.9036881107902865, 0.05098259697573098, 0.021255628620340816, 0.024073663513641673], [0.9117267504502843, 0.045395223416868184, 0.02144318720437381, 0.021434838828473687], [0.8943961757898431, 0.03930650234604391, 0.027012630992520572, 0.039284690771592364], [0.8972444839735924, 0.03942912799890969, 0.03942554054470678, 0.023900847382791194], [0.02793851886776734, 0.019198239566060968, 0.9249439283313914, 0.02791931313478029], [0.01746650505225671, 0.011998744385913083, 0.01745458226002475, 0.9530801682018054], [0.12296048138311122, 0.8019065587271562, 0.03522876904158076, 0.03990419074815181], [0.09935772862145911, 0.8318567050991598, 0.032252566464860084, 0.03653299971452102], [0.012166409160649327, 0.00835662824083265, 0.013774997938210945, 0.9657019645603071], [0.01963533066685445, 0.009275073962063299, 0.9458942013130649, 0.025195393958017342], [0.013272245717979478, 0.010333430983343678, 0.9301062495547864, 0.04628807364389041], [0.0065655171013198205, 0.007433951225688209, 0.012256513884980343, 0.9737440176880117], [0.027204837811613387, 0.9007686450749378, 0.027197346252265765, 0.044829170761183056], [0.0353952414791227, 0.9127298984643806, 0.027560330308594557, 0.024314529647902153], [0.005826890714930249, 0.007475838381189792, 0.007477077505927702, 0.9792201932979523], [0.005770062408348234, 0.0065364360930488695, 0.9699323514967991, 0.017761149901803712]], "ideal": "B", "sampled": "B", "correct": true}}
{"type": "result", "data": {"idx": 14, "options": ["Relationship marketing.", "Service mix.", "Market exchanges.", "Service failure."], "probs": [[0.05270091938959832, 0.011759165015738917, 0.8240297627749522, 0.11151015271971049], [0.01995106624180603, 0.008313069219866107, 0.010671275795978276, 0.9610645886423496], [0.20529926012358513, 0.3835123812723388, 0.02777441430349079, 0.3834139442005853], [0.25933087545765476, 0.4845407433017284, 0.027328450942656263, 0.22879993019796055], [0.017707076597203688, 0.007378976296560275, 0.008359191377871352, 0.9665547556283647], [0.04388689168155445, 0.011095048642957843, 0.8812014740817418, 0.06381658549374598], [0.09765559579432369, 0.03170412825780161, 0.6365056132113054, 0.23413466263656932], [0.025293862799626657, 0.015334964745599476, 0.010538597893340664, 0.9488325744614332], [0.19697503280774858, 0.47256722525975026, 0.04393906375008602, 0.28651867808241516], [0.18564281211506856, 0.34689576076405826, 0.022167962455171143, 0.445293464565702], [0.028695107198312576, 0.009312868342860244, 0.01195571414154473, 0.9500363102172824], [0.14906191083913461, 0.015716875760838113, 0.5894866285556762, 0.245734584744351], [0.48408592373619286, 0.10800304403570096, 0.03094338851970147, 0.37696764360840473], [0.5987643442771459, 0.11790369887467159, 0.03377670333779004, 0.24955525341039256], [0.37346221404000035, 0.07353907351723568, 0.07351631199266642, 0.47948240035009754], [0.27517750959020393, 0.04219521224894577, 0.02258314200482119, 0.6600441360560291], [0.6008979408930781, 0.07176702148046069, 0.043520202773024624, 0.28381483475343655], [0.21160791268056126, 0.03244377817382824, 0.01736411529743399, 0.7385841937481765], [0.017607676503070418, 0.012093307888452427, 0.009416615000215251, 0.9608824005082619], [0.06866937181165596, 0.028621867509467238, 0.7380759770286806, 0.16463278355019628], [0.028571075198149793, 0.011906272730648967, 0.013489040668710173, 0.9460336113024911], [0.07226164247939894, 0.016123750305819518, 0.7766986665018647, 0.13491594061291678], [0.15009513495851648, 0.5936377643945242, 0.037939622994443645, 0.2183274775525157], [0.12945753527564943, 0.3988420724297388, 0.01984922617250711, 0.4518511660221047]], "ideal": "C", "sampled": "C", "correct": true}}
{"type": "result", "data": {"idx": 15, "options": ["Search marketing.", "Internet advertising.", "Permission-based email marketing.", "Social web marketing."], "probs": [[0.009180501102483134, 0.008100818841839379, 0.936128079797592, 0.046590600158085464], [0.009548260151501911, 0.009541742755952414, 0.007431117548596989, 0.9734788794439487], [0.014918154910782726, 0.9228641928762472, 0.02169811571819092, 0.040519536394779086], [0.015148679597336153, 0.9371249000218258, 0.019445976077484172, 0.02828044420335387], [0.008453826950607445, 0.008446867176570519, 0.00657906378002873, 0.9765202419927933], [0.010510991776713182, 0.0072213963897981145, 0.9456150935932618, 0.03665251814022688], [0.008156237503075942, 0.008154271481046055, 0.9423052431394678, 0.04138424777641013], [0.010781524762074921, 0.010774166382372502, 0.00839092866465878, 0.9700533800908938], [0.014560024781411137, 0.9007096616839653, 0.027190043644506664, 0.057540269790116866], [0.014795617287314508, 0.9152838621593341, 0.024385228568584258, 0.045535291884767154], [0.009538838736622595, 0.009531460799111645, 0.008411484855807533, 0.9725182155084582], [0.010255933423017128, 0.007986336700239556, 0.9227909757278989, 0.05896675404884443], [0.9371214075283518, 0.028296040798274136, 0.015145778950356415, 0.019436772623017625], [0.9460119011134207, 0.025210363521797376, 0.013495362285744009, 0.015282372979037864], [0.9503262396073053, 0.022353234600023576, 0.01196591321132304, 0.01535461248134804], [0.9545577630206371, 0.019814708922665358, 0.012017135339279323, 0.013610392617418157], [0.9520500842228807, 0.022390074435053788, 0.013580264362448786, 0.011979576879616727], [0.948823274854354, 0.02231418531595953, 0.013534236723198784, 0.015328303006487657], [0.00843696566491293, 0.009551595793227716, 0.0074387904383755995, 0.9745726480034838], [0.009327632858069018, 0.0072616572726936415, 0.9508870979093142, 0.032523611859923036], [0.008446103578537924, 0.008440338691380167, 0.007448572743603193, 0.9756649848864787], [0.009061758835964558, 0.007995047054150084, 0.923905237596448, 0.05903795641343726], [0.01695160757039929, 0.9254367788816295, 0.021756960645782895, 0.035854652802188386], [0.016777571070299042, 0.9161130069531975, 0.021537298053656964, 0.04557212382284645]], "ideal": "C", "sampled": "C", "correct": true}}
{"type": "result", "data": {"idx": 16, "options": ["Vehicle.", "Courier.", "Transportation.", "Distribution channel."], "probs": [[0.022145278708386805, 0.01952705528479925, 0.017234580557495625, 0.9410930853493183], [0.026822530429950732, 0.020881612396280284, 0.8880123726734862, 0.06428348440028278], [0.02224053889198493, 0.017309454328781813, 0.015275539060570944, 0.9451744676186623], [0.02420559337573089, 0.016630038024743537, 0.9079692460186647, 0.051195122480860916], [0.042141167149992484, 0.846287758798004, 0.0421341859557138, 0.06943688799628968], [0.038150722882785336, 0.8682322838561062, 0.03814440106533788, 0.05547259209577062], [0.01366421198974909, 0.015470019318850128, 0.013650650071429337, 0.9572151185199714], [0.01686769480905666, 0.01685902605882365, 0.9204716372901445, 0.045801641741975194], [0.015331600637316829, 0.019665370232723942, 0.01735463056637406, 0.9476483984635852], [0.014825078637211919, 0.016791914688854805, 0.9166934456707334, 0.05168956090319985], [0.02135119824934619, 0.9077255348706595, 0.03105611429002541, 0.03986715248996882], [0.02385642303742473, 0.8950477554204607, 0.030624390538299878, 0.05047143090381475], [0.015478241653780542, 0.01546468532285293, 0.012045406320157088, 0.9570116666032095], [0.034087688870259245, 0.02341820005377819, 0.8788776691492901, 0.06361644182667242], [0.010755124590745858, 0.012177124596959004, 0.009485839123065564, 0.9675819115892296], [0.014941356128438811, 0.014937276935820738, 0.9241366396280751, 0.04598472720766531], [0.024026803966186814, 0.9014401443324969, 0.03494718442665847, 0.039585867174657806], [0.02123871124342643, 0.9029336193383879, 0.03089187927532184, 0.044935790042863785], [0.8742131270741843, 0.05588657212829467, 0.026398948295721484, 0.04350135240179958], [0.9029223800284193, 0.04495385602658534, 0.021238445956615074, 0.030885317888380275], [0.8786973333120941, 0.05617323883445483, 0.026536773754958807, 0.03859265399849222], [0.8661471025405246, 0.05537629146375895, 0.02963792369635762, 0.04883868219935879], [0.869139772934788, 0.06295418298510636, 0.029740327543861873, 0.03816571643624384], [0.8838953635005375, 0.05650039936413509, 0.02078924156711334, 0.038814995468213966]], "ideal": "D", "sampled": "D", "correct": true}}
